NAME :TPP_input_26_3_2
NUM_VERTICES
76
NUM_CLUSTERS
26
Full Matrix
 10000.0 0.01364637351335596 0.07576830669212002 0.029010400773686155 0.019518963646206214 0.044465469338847034 0.07577756770220527 0.06923364685136019 0.09829560182175676 0.06696797398461277 0.02093232665523374 0.09616836915319002 0.04247409916744086 0.04085463820149803 0.05379652606269838 0.008911491412029035 0.053870145070929874 0.018084853431775346 0.07620834668830426 0.029684758868733677 0.08725077523114576 0.04002404230850329 0.02790545584448438 0.08920743788036567 0.045127628935699916 0.0731840015601857 0.027008348512498552 0.009295734861660335 0.02573045805014503 0.043582171935562464 0.06638640987557487 0.05648179445681046 0.08074301648672441 0.06734102971665962 0.05377180279127561 0.06656055291426403 0.07355974012331454 0.050667308441841044 0.060579315804845095 0.01922484242080604 0.0351134724021017 0.07395270777233377 0.03853013987835485 0.03402746248686471 0.06678904225117359 0.04779828206534514 0.016947571675509195 0.07659912365543678 0.06603935162145304 0.06538649151914934 0.057264406223722884 0.023549850810347585 0.09270017734879903 0.10109668802865879 0.019632295780882013 0.03641760965638074 0.08556636767079559 0.03963654453344347 0.03515276091849639 0.03886198780031421 0.0588952517318909 0.05364054074470914 0.04330426900186592 0.009830001752450884 0.02064914563332553 0.07626762496842517 0.07219829401690869 0.07217698236902126 0.06118582231859478 0.02802971672804123 0.011289042822601219 0.00440159250293639 0.04107805885234362 0.03697157458267452 0.07812160994606612 0.03852427572471327
 0.01364637351335596 10000.0 0.06237239880814099 0.03021283225249695 0.03198103054884669 0.03130514505536127 0.06290681330136759 0.06420279996136655 0.09459226112449405 0.055470879545328707 0.023039122611340907 0.09149184138793758 0.05070786645585425 0.03213943856216504 0.05774966216906194 0.014825388737695691 0.05993881300939603 0.02939625604163513 0.06285134644897987 0.030565003142273808 0.07971228339707477 0.031244205115644942 0.034929192541216215 0.08812550130699051 0.031518707571148816 0.059631762311647005 0.03382791013668657 0.014143802966799481 0.03469044317857937 0.03952611985836261 0.07665057602958288 0.06224889359744217 0.07719609156512104 0.060586404145061175 0.04885622753030142 0.052932077693670525 0.06560931325751145 0.05320304486616284 0.06954923387795241 0.005854924371922518 0.021467156165220127 0.07549501927941671 0.02519453762288196 0.04049487754512597 0.05446993017375754 0.03890513236049869 0.003970572313679902 0.06616101587339097 0.05735782401444924 0.0661190501694614 0.04361804125398975 0.010049330761294457 0.08863064266843924 0.09657428249635808 0.033252653428592197 0.03049234931326438 0.08148383294942245 0.026720658305690922 0.03673836558744877 0.030660134731717425 0.05285159593366716 0.03999827530522898 0.03942620782735217 0.005034434499304654 0.007440375205277432 0.07529844386333992 0.0718619952409392 0.08059921404413702 0.07041842814220362 0.038854788565076535 0.021826889155441676 0.016089655476656563 0.05284124350127529 0.030307374088172998 0.06488041228859089 0.02623004100271542
 0.07576830669212002 0.06237239880814099 10000.0 0.07211806752440837 0.0942252138910719 0.03143525470035495 0.010113851542371696 0.06501813058323395 0.08972585797433627 0.025494397833662853 0.0715951970239976 0.08286633866926178 0.098785829429791 0.04679121222039484 0.09294606121115244 0.0761510191726893 0.10037361808885478 0.08748190779330317 0.0010953989545103519 0.07159633913533464 0.06028232201680559 0.046911150674137626 0.092757477707947 0.09654483658982013 0.03358667500782747 0.005673768562572418 0.09161778805407331 0.07208875960969348 0.08810841645438358 0.06125704899660691 0.1262076200982345 0.10127174147001661 0.07865604644434557 0.05552612967820763 0.06009418271536445 0.012944514885557321 0.05106159274756678 0.08604505570621272 0.11617678582630515 0.056596277000036756 0.04165510316500493 0.09753790546745536 0.04162891592967975 0.08758058656969953 0.018299694332140973 0.044036741981101586 0.05882970900005397 0.03522883929323842 0.044553555865536706 0.08838925195169486 0.02178788608075988 0.052324064172925455 0.08377379887427985 0.08726720656897326 0.09489791554330927 0.05574213447134883 0.078943893731807 0.04337516724765635 0.07525016537738809 0.04899312475100294 0.05651904966497709 0.02417039827617133 0.061787874187252886 0.06600724907947393 0.056574858875242176 0.08810352658017372 0.08826564128244928 0.12409289440392582 0.11767431921575407 0.09457757178311844 0.0806657831472508 0.07712423840363819 0.10878434256201025 0.05370186341069739 0.00439864150674859 0.038638639012885126
 0.029010400773686155 0.03021283225249695 0.07211806752440837 10000.0 0.04409166266240065 0.04344527596034348 0.06825450111832276 0.042761464005405495 0.07007319795726705 0.054339324839187915 0.008091315561405103 0.0686633086951278 0.026743019890074424 0.02594177121489815 0.02780201905892008 0.037540088024419986 0.03153795951154309 0.02338369290537546 0.0721427517635772 0.0008819664344941869 0.06345698719697039 0.025608233854307504 0.05664345822761186 0.06019925018267994 0.05156330360083393 0.07169059661287121 0.05581765902094679 0.019856493861822876 0.018413836332772795 0.018239914966882938 0.054327270913937256 0.033430406829353915 0.05262544714107576 0.04335636389697902 0.028216372155027508 0.06735776430570126 0.05121061100384714 0.02299046625857723 0.04489005806580544 0.030482664988460303 0.042227835539144186 0.045607153652058856 0.048840240748313654 0.015463748366836587 0.0574094353349505 0.031090214971957447 0.029098514041143025 0.059699118236433826 0.04581017210451415 0.03661235772924425 0.06034402858223248 0.0327126632396803 0.06477473783840589 0.07340492881685647 0.03607553001194753 0.017154045636945954 0.05775116924986429 0.051885929161691796 0.006540860486183916 0.0235469379895645 0.034496198879506335 0.05658348317158634 0.01774217673504327 0.026464243207975247 0.035678294401889896 0.04726245645367114 0.043204786803172066 0.05435484140616458 0.04622098227224283 0.025475650307610426 0.02165717334293167 0.025514013779596768 0.03821879764356753 0.019037056907100454 0.07289810154838526 0.03512640362222957
 0.019518963646206214 0.03198103054884669 0.0942252138910719 0.04409166266240065 10000.0 0.06328615625245035 0.09485999091530892 0.0864382679570306 0.11409717342845666 0.08647844237617137 0.036762328892226546 0.11273670318453641 0.047096364405996904 0.06011896867050529 0.0635258638614838 0.01842257024673441 0.06074411930502828 0.023157846350209097 0.09473792248651472 0.04491759195255789 0.1056618891396623 0.05931160587918146 0.017765346296508427 0.10288170983954521 0.0621663838497154 0.09123092959853965 0.01764079223683509 0.02713714875170304 0.032523887982323835 0.06092996899185599 0.06457108668170826 0.06358391790963355 0.09669902060300725 0.08554978932850298 0.07125509788810235 0.08421723653141698 0.09226102063994615 0.062269071305195434 0.06194836624151411 0.03783066491439091 0.052769000554808876 0.08539272056965505 0.054764811471676 0.04277627731730737 0.08614624246105825 0.06703493960332414 0.03574432828674306 0.09604720802616706 0.08507459118374947 0.07802404805725452 0.07463775403577143 0.041994210717879836 0.10886186162094257 0.11749555898899848 0.012042902520525115 0.054926897579919184 0.10184260927471181 0.05491903232105791 0.04913613089384154 0.05803222236734829 0.07687398403516729 0.07121542698415334 0.06056401792742149 0.029127624557679425 0.037770346058673535 0.09015872300185511 0.08562224263210189 0.07386299414084907 0.061979557279595046 0.030202438008938296 0.022434980721719452 0.020372055099451933 0.03770124228515345 0.055729379457979 0.0968309711339883 0.05783276847379931
 0.044465469338847034 0.03130514505536127 0.03143525470035495 0.04344527596034348 0.06328615625245035 10000.0 0.0316884716798894 0.05319380709284677 0.083381297884701 0.027411350743401952 0.04136296720523571 0.07818065911203032 0.07001943338411848 0.022122111100890293 0.06808915195671673 0.04564493757175457 0.07405677926960173 0.05628720210103758 0.031813749790785766 0.043103590082801006 0.060263895667526025 0.021712272990791003 0.06391263821450822 0.0836450493794901 0.012760567920171011 0.02948957709450214 0.0627640646469911 0.04071063080703043 0.057706519815888646 0.037977061782070665 0.09763483163611097 0.075482587582589 0.06802401427342022 0.04566515612527481 0.04169726765126863 0.0241159480023176 0.04659785714139463 0.06158090885630547 0.08833298109958562 0.025458446565601797 0.012912464005321131 0.078289581234048 0.017324321206341083 0.058641386999276006 0.024269667405060154 0.024084316544961033 0.027601755231569994 0.040198334124159775 0.037552134120276845 0.06840718628681423 0.017077092408844818 0.021323418746022255 0.07702528676642044 0.08325655884771388 0.06347045728270151 0.02950253313400329 0.07052796703444351 0.020975912408507113 0.047878347615612556 0.02338664482664337 0.04157020954313806 0.013472640611886511 0.03834299181396453 0.03465886253175228 0.026339819446840936 0.07246586895265947 0.07092899465813052 0.09748409557691642 0.08966426342642167 0.0638642341453717 0.049322879185994165 0.04569534945474525 0.07822322656588641 0.027587897008012723 0.03365623541278677 0.008325525784842382
 0.07577756770220527 0.06290681330136759 0.010113851542371696 0.06825450111832276 0.09485999091530892 0.0316884716798894 10000.0 0.05628009308758332 0.07994541756904397 0.016968257307403912 0.06883312931055807 0.07299317044032227 0.09452832879433169 0.042349104125782265 0.08691673113641687 0.07733313540123483 0.09483268748854841 0.08569012844132579 0.009152144973314182 0.06764270410156319 0.050268161349489096 0.04264803210494334 0.09527380998879055 0.08750579573388251 0.03742558414795878 0.015197184637669447 0.09412489073057796 0.07096442519484146 0.08523984422785477 0.05546987682984242 0.12158257051742981 0.0954958117324855 0.0694751126929984 0.04672863052499088 0.05293423098983868 0.020703305771623087 0.04159667576152574 0.07998473248356527 0.11120989755843749 0.05705197028467305 0.0436666237860463 0.0897468565369873 0.045237934846119425 0.0835817669696599 0.01107778607285021 0.0383544956969646 0.059116006911708235 0.025262282293730075 0.03575067662723928 0.08091184087176029 0.027427577852701373 0.05298897659667471 0.07407078874897828 0.07732498655446668 0.09424458244930434 0.05129737941362214 0.06946613131002899 0.047669252008773616 0.07062536652048412 0.04471669755367109 0.04868756476197442 0.028650907954253898 0.05603371810573066 0.06595055401725856 0.05797227436115458 0.07964284606893676 0.08015603223906055 0.11845041900372442 0.11278564718186485 0.09197815210501645 0.07931821971589477 0.07656800103322406 0.10588205217296995 0.04931689776389909 0.006964886944461237 0.03738088621932494
 0.06923364685136019 0.06420279996136655 0.06501813058323395 0.042761464005405495 0.0864382679570306 0.05319380709284677 0.05628009308758332 10000.0 0.03093848786330675 0.03955244873354196 0.04967989398543341 0.027289041702565422 0.05831026796786713 0.03412870113810966 0.0416738197722942 0.07646575860449908 0.051120375162189674 0.0660200380447352 0.0643959376877308 0.04189191946670563 0.02284334418638731 0.03495889330092946 0.09697246704467354 0.031736462712894986 0.06590874640869329 0.06797455773141048 0.09600683560920409 0.06011283489962324 0.05944866526021538 0.025665595205329263 0.07977008145084015 0.050364394732864866 0.014845522495140774 0.00955402536824626 0.01550510403200322 0.0683403757243045 0.016837153665472455 0.03600229435996206 0.0685934845171824 0.060845084031714715 0.06188364640471711 0.035236157520856334 0.06861046942559246 0.05149851890366368 0.04677838411952685 0.029449542716379208 0.06102614418851996 0.03396681419999463 0.020533710504854117 0.028356623655494136 0.06694016108719222 0.0599879024290431 0.024721744601485542 0.032378642466200785 0.07882804495166174 0.033728742248330994 0.017743931129676566 0.07249481568135066 0.039212308502110674 0.034650726301860425 0.011974466381040624 0.06450138370377036 0.02597348841358313 0.06290204704517405 0.0657052299736222 0.023534892996582762 0.024912204615168236 0.07176455222719222 0.07042132284246394 0.06601189084189865 0.06413032215937803 0.06669765466646223 0.07542972923056158 0.033945958674856065 0.06311716921906109 0.04817535900557378
 0.09829560182175676 0.09459226112449405 0.08972585797433627 0.07007319795726705 0.11409717342845666 0.083381297884701 0.07994541756904397 0.03093848786330675 10000.0 0.06499005563335386 0.07778132233201339 0.0075934222155380916 0.07787598894383585 0.06506576493365004 0.057972753377093164 0.10607200638270396 0.06643329669381019 0.09209690892743248 0.08890189871724626 0.06927347004563039 0.03062234830006391 0.06589729719752117 0.12620105127208192 0.019657277779137932 0.09614154664978769 0.09370780265083244 0.1252962661414865 0.08901383292775283 0.08409620033128193 0.05521244283457345 0.09209194109737016 0.0644985117753323 0.017554928982258838 0.037731842779587514 0.045797829102194175 0.09561207156183535 0.03904851440595083 0.05520525564514631 0.08169290916019413 0.09154446348209627 0.09269576978456723 0.03932562244426049 0.099320418337003 0.07457669383315964 0.07253477397788996 0.060156008401487104 0.09158876777440322 0.054776186545857496 0.047131857943646625 0.04033494697246405 0.09577367438137765 0.09085715055472811 0.006356495430743593 0.006595606744285932 0.10510403437275774 0.06415472494155576 0.01321192770148647 0.10320546820838421 0.06505253496974861 0.06556348416963953 0.04289560063634782 0.09375403611660754 0.05538502043641617 0.09287180534247591 0.09649918647379946 0.0270517564637185 0.03213063434117622 0.08029103727227196 0.08347752014280277 0.08975836893244468 0.09169442606287129 0.0952873128286199 0.09596402243119766 0.06458623474870355 0.08688149073503058 0.07891302559223173
 0.06696797398461277 0.055470879545328707 0.025494397833662853 0.054339324839187915 0.08647844237617137 0.027411350743401952 0.016968257307403912 0.03955244873354196 0.06499005563335386 10000.0 0.05629272732367228 0.058462593025657296 0.0797883023150798 0.028740137486912194 0.0706841652249335 0.07029626609205727 0.078923181682966 0.0740237510351948 0.0248485351660325 0.053634458258220385 0.03698700085960126 0.02927226173638713 0.08988114047967255 0.07105183175321413 0.03799140153863033 0.028860785287956735 0.08874495729317139 0.06063538406189696 0.07219197289562249 0.03973950923724339 0.10631511095449528 0.07940446183157547 0.053199855057155715 0.03004017154839549 0.03619988435726381 0.03081507613435778 0.025971657854420974 0.06376713547035252 0.09569045300775733 0.049842123641785675 0.04026896652545616 0.07278071250505927 0.044366602950655656 0.06923856552838235 0.007547692648796092 0.02332772314856133 0.05150272210513332 0.01334237799484436 0.019060137190970928 0.06399244507768821 0.03284861936520554 0.046415318075332015 0.058879243108809355 0.06312657345662141 0.08397891876485343 0.03719530508939747 0.05370467163004921 0.04772761703705729 0.055800676485955845 0.031179690251204654 0.031736220006590675 0.031994468115400465 0.040324273777582874 0.0574326029472071 0.0522343895344695 0.06277930877201568 0.06320108170129535 0.10237203751517884 0.09732619458514236 0.07915392265575125 0.06841299381898978 0.06688435468512863 0.09251744672104444 0.03537967722239773 0.0236413776736436 0.029403189054297653
 0.02093232665523374 0.023039122611340907 0.0715951970239976 0.008091315561405103 0.036762328892226546 0.04136296720523571 0.06883312931055807 0.04967989398543341 0.07778132233201339 0.05629272732367228 10000.0 0.07608150270143177 0.029500724230279243 0.027589996831897622 0.03475885555735432 0.0294532971308412 0.03711013001539099 0.018112077373305793 0.07174257193223076 0.008752444690864095 0.06945155141812812 0.027023949938762674 0.04865053395093202 0.06827612981898246 0.047760722429310426 0.07053450018742385 0.04780657640155016 0.011767595666467246 0.016514130944360474 0.024284196568934293 0.056832077244742304 0.03932305705127393 0.06027052948525662 0.04926270292798245 0.03459204199410232 0.06547500292118487 0.056568178869595 0.03058547677055009 0.0483800916073601 0.024283579550462425 0.03786293021990563 0.0535242063938824 0.04399046704364835 0.0183901173027872 0.05836498956458231 0.03378218438244922 0.022563432455158756 0.06319930298067303 0.050293938718878474 0.04465412751181405 0.05767992926811828 0.02719449415842793 0.07235591194956158 0.08090313656648494 0.029877614310196875 0.01998827661410178 0.06527695332547713 0.046689632423280815 0.01442465032806082 0.025165353002650548 0.04045888359726453 0.05385869581094561 0.02388589684900694 0.0188722063617571 0.02918714166912357 0.05533550954570512 0.05129603423633324 0.058752685959087426 0.04949732139506565 0.023145067192463432 0.014512702890666534 0.01754987589308416 0.03719835938052437 0.021411558047312883 0.07285334047622653 0.033289206662464745
 0.09616836915319002 0.09149184138793758 0.08286633866926178 0.0686633086951278 0.11273670318453641 0.07818065911203032 0.07299317044032227 0.027289041702565422 0.0075934222155380916 0.058462593025657296 0.07608150270143177 10000.0 0.07905374121294126 0.06097088030699293 0.05961893197370544 0.10361293089087831 0.06851392678943827 0.09132884943493405 0.08201580919586245 0.0678280946686051 0.023225296586191543 0.06183286132871986 0.12401177112852675 0.025126059710271764 0.09090944134573424 0.08700148296815821 0.12306723581619361 0.08695567720225417 0.08379630652477785 0.052644393289609695 0.09522632624957494 0.06681959973123963 0.016670999131862225 0.03265741384792973 0.04271748233251213 0.08922391917412384 0.03272484941291002 0.05604443485640917 0.08453542977002494 0.0880783873246197 0.08807943030620703 0.04293980489304806 0.09452479633192526 0.07469524276997155 0.06598163267483102 0.055580321744693434 0.08830140805411926 0.047749506366861504 0.04121942873193908 0.04224548463723692 0.08985142047490188 0.08707358770753706 0.005367758818049984 0.005147778941593282 0.10431713047369055 0.06101395762979885 0.011104346040805365 0.09839877242985018 0.06414345245592652 0.061709974745462304 0.038906989802798705 0.08800655961647712 0.05289090194476328 0.09013558229665276 0.092872469820265 0.029602528444925686 0.034443723126763685 0.08411518847552094 0.08635184675515464 0.08980599033792655 0.09030617222872872 0.09341444978490263 0.09704841048897778 0.06122428129071682 0.07990031437231004 0.07423920779097702
 0.04247409916744086 0.05070786645585425 0.098785829429791 0.026743019890074424 0.047096364405996904 0.07001943338411848 0.09452832879433169 0.05831026796786713 0.07787598894383585 0.0797883023150798 0.029500724230279243 0.07905374121294126 10000.0 0.05223046232631446 0.020154988086576 0.05097359109989464 0.014127530218799512 0.025470340813848514 0.09878225300885343 0.027214454821419834 0.08107164086598813 0.052004275433727855 0.0641683100072059 0.06224075107656813 0.07722358496024548 0.0984328020874704 0.06375111688834804 0.03672802140993356 0.016744533417481482 0.04053255440576427 0.02761843778998511 0.01696442221088673 0.062477748680020796 0.06257161639117277 0.04780591581858101 0.09403152132957045 0.07137519322002438 0.023069381474120982 0.018947885995389813 0.05321989301790352 0.06736362503151415 0.042061573753912576 0.07341858348384604 0.011379043501288596 0.08354991807090988 0.056525572080311434 0.05123464515265511 0.08319987368680389 0.06818498048219698 0.03767404083159017 0.08674958367676695 0.05649981328731637 0.07413296391658311 0.08289362415094301 0.03521929638841735 0.04324972124885712 0.06812535984590383 0.0759805931997421 0.023995216879829896 0.04991855134236217 0.05442359306947795 0.08295258964957794 0.03993666334298744 0.045821487101246505 0.05767523575366819 0.051053236396670906 0.04597108725637952 0.029938852787603994 0.020002483063463524 0.016894126486901334 0.031192684386095765 0.038083028885860924 0.01809055177944821 0.04525359216495332 0.09942827039967284 0.06173244285550153
 0.04085463820149803 0.03213943856216504 0.04679121222039484 0.02594177121489815 0.06011896867050529 0.022122111100890293 0.042349104125782265 0.03412870113810966 0.06506576493365004 0.028740137486912194 0.027589996831897622 0.06097088030699293 0.05223046232631446 10000.0 0.04692789165207639 0.046154040881451405 0.05378551283672501 0.04548604084992035 0.0467145226961473 0.025308445992591137 0.04758725434334269 0.0008998383689349512 0.06679782662567232 0.06268650834156787 0.03384246929263399 0.047032389613701125 0.0657282639915347 0.03322275402592953 0.043479971753076295 0.015919664752848447 0.07948663846723823 0.05487160855336431 0.048460912406843026 0.028904921182193784 0.020432742690375007 0.04387158854339755 0.033469914882542265 0.04019030436706518 0.06938586201625528 0.027764222368371148 0.028113751429719943 0.05618030028743293 0.03507821187780415 0.04123277249972875 0.031468411882331904 0.006947902139558427 0.028468171433026053 0.03618776370373148 0.025359684231356268 0.04628883604698503 0.03873543687400199 0.026218394927777767 0.05882361396964851 0.06611666776717832 0.05609652487893748 0.008988660389793356 0.05187120093492531 0.038921074915466855 0.02848063822135296 0.002441211609478612 0.02217742541838463 0.035381441919922374 0.016320427199625773 0.032325330988224266 0.03217471334927839 0.05095293258308244 0.04907214288531056 0.07749424564108376 0.07088858993118466 0.050421453516759716 0.0403357568902364 0.03985521958031039 0.06391560620614316 0.0069772686882795905 0.047223047258483274 0.015042007103596263
 0.05379652606269838 0.05774966216906194 0.09294606121115244 0.02780201905892008 0.0635258638614838 0.06808915195671673 0.08691673113641687 0.0416738197722942 0.057972753377093164 0.0706841652249335 0.03475885555735432 0.05961893197370544 0.020154988086576 0.04692789165207639 10000.0 0.06270712795116713 0.009453982343455717 0.04041417840400857 0.09272340207601582 0.0276351529472959 0.06438990725298831 0.04705557792581391 0.07927412740696195 0.04210402573223672 0.07789213788123867 0.09374265503461311 0.07866262521508509 0.04567612381320388 0.03100222256717716 0.0316908255365769 0.0381219858921403 0.008943998046130393 0.04329084766143884 0.04787142848396466 0.035080091367922964 0.09079389945413242 0.056792845575198155 0.00693200017240532 0.02694304244536419 0.05828466643108773 0.06921635999283876 0.022328084457061383 0.07607248883249457 0.02077908807823158 0.07587982659728564 0.04891526091336745 0.05687245636928275 0.07112175880973137 0.05569719793619654 0.01764338369646189 0.0851360407552193 0.06040760120562216 0.05454870456847451 0.0632141208393206 0.05241309627131533 0.038634392204674295 0.04891431777509369 0.07930471541615138 0.021562057729803696 0.0451123945855042 0.04103133966060934 0.0815599358766908 0.031165485498972658 0.05361447623327043 0.0634692996601598 0.031006212990372223 0.02591092398121945 0.03174364369164963 0.028763573121173735 0.034635815114627426 0.04352571996941177 0.04958811121024067 0.038179405526164875 0.040609123749975676 0.09271117870385864 0.059954725396430056
 0.008911491412029035 0.014825388737695691 0.0761510191726893 0.037540088024419986 0.01842257024673441 0.04564493757175457 0.07733313540123483 0.07646575860449908 0.10607200638270396 0.07029626609205727 0.0294532971308412 0.10361293089087831 0.05097359109989464 0.046154040881451405 0.06270712795116713 10000.0 0.06268318150761695 0.025929011536828934 0.07670501798077718 0.03816703233516636 0.09342486711396392 0.04527741536341707 0.020719679097970217 0.09763882686951718 0.04376903950829909 0.07298217739446348 0.019687299700321112 0.017686054633127866 0.03425962850649009 0.050984793094826106 0.0739293026683452 0.06531828812387785 0.08852521527305031 0.07383906027342288 0.06096097566790637 0.06587513051318143 0.07947624116583311 0.05951102367945451 0.06872811385153772 0.020535119136337168 0.03454000857194005 0.08275255801102555 0.03634363157203326 0.04287516363409785 0.06918827562365545 0.053053050214158876 0.018794127529912046 0.08088018327971346 0.07151173578511838 0.07407281515209593 0.05626067856869765 0.024380978066164752 0.1003465814614437 0.10860618679518384 0.023625900594860527 0.043015620030873426 0.0931907009221034 0.03658683847543548 0.04381540080837901 0.04442272185287448 0.06566800175563488 0.052881427554605315 0.050763506597437696 0.013879155423652381 0.019576247953397703 0.08469299933547957 0.08073320088020666 0.0804501077987044 0.06923391714618773 0.0357798732712756 0.019866375362126133 0.013206005243663865 0.047876153569710665 0.04325898787957019 0.07891589464154644 0.04102489542321715
 0.053870145070929874 0.05993881300939603 0.10037361808885478 0.03153795951154309 0.06074411930502828 0.07405677926960173 0.09483268748854841 0.051120375162189674 0.06643329669381019 0.078923181682966 0.03711013001539099 0.06851392678943827 0.014127530218799512 0.05378551283672501 0.009453982343455717 0.06268318150761695 10000.0 0.03829567476856495 0.10021588146948293 0.031628029302616524 0.07384386215767076 0.05379598251150579 0.07743441666734331 0.04953515536559373 0.08298202138224012 0.10081736847320086 0.07694275719770449 0.04674728149054692 0.028924627784230588 0.039362821743327045 0.028724328163209783 0.002855033773394076 0.052384778197863045 0.05715682067127404 0.04390339986727017 0.09737880444912039 0.0660908904596803 0.01565548013140131 0.017557900855321846 0.06135740724669604 0.07376301864501328 0.028788730175184993 0.08036246586055612 0.019874173756614048 0.08375831872461423 0.05654249924030353 0.05967355581782423 0.08005047022136524 0.06464098736508209 0.0262752973555212 0.09112448500210946 0.06400502749962902 0.06335571585951083 0.07191015455115285 0.04903549626802424 0.04507409612089974 0.05797259105094428 0.0833471544026839 0.026232897293577303 0.05176785903158181 0.050058697872757005 0.08744537969105744 0.03879961054525485 0.055391520631074484 0.06629639537450249 0.039383810195111356 0.03432097581772743 0.023722511685456072 0.01936322691582457 0.030690298158647537 0.042882819080859357 0.04949714545704012 0.031013840372877605 0.04710994958926174 0.10039739338506294 0.06577617825475048
 0.018084853431775346 0.02939625604163513 0.08748190779330317 0.02338369290537546 0.023157846350209097 0.05628720210103758 0.08569012844132579 0.0660200380447352 0.09209690892743248 0.0740237510351948 0.018112077373305793 0.09132884943493405 0.025470340813848514 0.04548604084992035 0.04041417840400857 0.025929011536828934 0.03829567476856495 10000.0 0.08774591176734294 0.024265058249746268 0.08681271050511068 0.044863085484555545 0.03917109359604751 0.07999526841472797 0.0599384971207319 0.08577259843167001 0.03865656434961623 0.015976507220629696 0.009478594240104672 0.041518194117378976 0.04830183015361477 0.041084422658783856 0.07494612012333182 0.06667406159886295 0.05159571193684395 0.0799348031719053 0.07432340987055538 0.03917336802430007 0.042804285094148395 0.03368018271947201 0.049646978760412866 0.06223678167030095 0.05436557833869721 0.01963982376222 0.0755720663897581 0.05184038096230144 0.0313534927041869 0.0812975107619282 0.068331804934428 0.055007060826385165 0.07127404842175847 0.03778154412171048 0.08715263283324703 0.09590867358760354 0.013009664350504414 0.03810019722702318 0.08028521698081233 0.0561030920518788 0.027185601650171042 0.04309125564615843 0.05781381448117207 0.06748533319240552 0.04104678006406855 0.02441493114936375 0.03683542714835502 0.06739686444264122 0.06274576320909378 0.05456117201665756 0.04330693447301573 0.009947979267977367 0.007571543889249477 0.013995788751911669 0.02345190926740092 0.039502653257283714 0.08916983219762581 0.0488580670625659
 0.07620834668830426 0.06285134644897987 0.0010953989545103519 0.0721427517635772 0.09473792248651472 0.031813749790785766 0.009152144973314182 0.0643959376877308 0.08890189871724626 0.0248485351660325 0.07174257193223076 0.08201580919586245 0.09878225300885343 0.0467145226961473 0.09272340207601582 0.07670501798077718 0.10021588146948293 0.08774591176734294 10000.0 0.07161024724283443 0.059382032391192954 0.046855254410459096 0.09344303152234604 0.09587974041745084 0.034323713820388305 0.0067646008956979255 0.09230202334196336 0.07241086497280022 0.0882566211403574 0.06104243489617315 0.12617045265907736 0.10108485090162712 0.077960752495101 0.05488870652414792 0.05970138860207213 0.01394049663406006 0.05030147297414904 0.0858150362873979 0.11609543558853665 0.05706014913504685 0.042242610780525706 0.09707592818184388 0.042364209485031994 0.08760111668122415 0.01775907301385879 0.043808176394873 0.059279878766200174 0.03434132114490652 0.04390612031635691 0.08796968976361251 0.022644020942788445 0.05280206386973601 0.08296899379253726 0.08639517701148529 0.09528391260247875 0.055681015460842385 0.07818954665148481 0.04417345169729604 0.07518912387052878 0.04893994825277148 0.0560297295370233 0.02493079525932603 0.06157792263236976 0.06643178200944297 0.05713002833990768 0.08753545164446953 0.08775275242861735 0.12393023145743184 0.11760292524284 0.09475897755210899 0.08097176223080366 0.07750871993499678 0.10893908075742904 0.053644520256202935 0.003316176176092191 0.03888882702520352
 0.029684758868733677 0.030565003142273808 0.07159633913533464 0.0008819664344941869 0.04491759195255789 0.043103590082801006 0.06764270410156319 0.04189191946670563 0.06927347004563039 0.053634458258220385 0.008752444690864095 0.0678280946686051 0.027214454821419834 0.025308445992591137 0.0276351529472959 0.03816703233516636 0.031628029302616524 0.024265058249746268 0.07161024724283443 10000.0 0.06257519270050409 0.024995495285634835 0.057366524968667586 0.059524571357492014 0.05139638297771271 0.07122661714437797 0.05653355464455108 0.020494375975777083 0.0192435887928702 0.01736313572164157 0.05476630999662577 0.0334619164131447 0.051814489734137416 0.042475789288687026 0.027334466107934528 0.06696691460934717 0.05033821615713745 0.022658574897451395 0.04523483234665059 0.030673835274393286 0.04214370147140661 0.045124934312737404 0.048805981284343936 0.015995108942993774 0.05677554141622853 0.030363022446185134 0.029345056996021218 0.05889673659566498 0.04496745998519716 0.0360575272771021 0.06003973825697217 0.03280067604892814 0.0639566832623254 0.07257805353291759 0.03694953964368713 0.016470838859650942 0.05692585226674842 0.05189347700968282 0.006189134291393752 0.022926425951489422 0.033615849061858154 0.056289636885720154 0.016863771072609328 0.02691059504317403 0.03590113455956254 0.04658334074120051 0.04256629303284097 0.05457578624337697 0.04658801192957425 0.02630184416442952 0.02248273112212164 0.026240902005238077 0.03895965817580663 0.018378802509608407 0.07233467942247734 0.03477958327057451
 0.08725077523114576 0.07971228339707477 0.06028232201680559 0.06345698719697039 0.1056618891396623 0.060263895667526025 0.050268161349489096 0.02284334418638731 0.03062234830006391 0.03698700085960126 0.06945155141812812 0.023225296586191543 0.08107164086598813 0.04758725434334269 0.06438990725298831 0.09342486711396392 0.07384386215767076 0.08681271050511068 0.059382032391192954 0.06257519270050409 10000.0 0.04848544866705514 0.11414129373691029 0.04336027758663667 0.07257776026244882 0.06472291841162192 0.11309600466442772 0.07862574847666352 0.0810771509085296 0.045312125895552786 0.10239851977718992 0.07296036784382402 0.026432375448684358 0.020189137214299234 0.03526521720902006 0.06768611018623909 0.014211717834426405 0.058839994857147825 0.091238115120348 0.07527796544502662 0.07168608713401878 0.05475382430291359 0.0774219572096757 0.0737811898794765 0.04428449279319789 0.0409816020724394 0.07605429986553304 0.02506460208785785 0.023087963940405052 0.04981136330731468 0.06954520280023714 0.0733119003098149 0.02551410017848937 0.027184133844743837 0.0992540322016077 0.050853587566008066 0.02340947025539903 0.0811801478590131 0.06087705742292351 0.04908951274248109 0.029021697218312287 0.06822169833928304 0.04577172853924893 0.07954690836179379 0.07940427085079817 0.041163804897220005 0.04440270019743917 0.09374332138059822 0.09307307443603377 0.08786161309329878 0.08391591617782422 0.08539059742211087 0.09796313188025284 0.050304615507779225 0.05709330789288868 0.05814350493251211
 0.04002404230850329 0.031244205115644942 0.046911150674137626 0.025608233854307504 0.05931160587918146 0.021712272990791003 0.04264803210494334 0.03495889330092946 0.06589729719752117 0.02927226173638713 0.027023949938762674 0.06183286132871986 0.052004275433727855 0.0008998383689349512 0.04705557792581391 0.04527741536341707 0.05379598251150579 0.044863085484555545 0.046855254410459096 0.024995495285634835 0.04848544866705514 10000.0 0.0659150108434931 0.06337652541236888 0.033287027112607157 0.047043923243032124 0.06484435684929514 0.03245179040765867 0.043006328690225415 0.016269021732104396 0.07931876328282622 0.05492562159870287 0.04925405884739898 0.029795512389889593 0.021141535661993463 0.04374163375770737 0.034365198402178374 0.040352672489915954 0.06927611472104094 0.02686481799667884 0.02738474856539397 0.05664151049412908 0.034373959068787034 0.040953986683083546 0.03181780454057413 0.00779853830762334 0.027569484263602742 0.03693110435099426 0.026234393297701903 0.04673743085548501 0.038431122373655334 0.02533374905959341 0.059661707187170086 0.06697802566430992 0.055382745835674006 0.008832249594081548 0.052698934934355485 0.03820766727461185 0.028339020637808025 0.002086871799764781 0.023017407499299956 0.03503606794763483 0.01664667255922699 0.03145565051611508 0.031282940068357586 0.05158495594891551 0.04964129500378024 0.07749114570829334 0.07076516447895 0.049925491776639484 0.039633987559702925 0.03906655164337951 0.06348749813424827 0.006790717097370339 0.04742520466441967 0.01445624922596347
 0.02790545584448438 0.034929192541216215 0.092757477707947 0.05664345822761186 0.017765346296508427 0.06391263821450822 0.09527380998879055 0.09697246704467354 0.12620105127208192 0.08988114047967255 0.04865053395093202 0.12401177112852675 0.0641683100072059 0.06679782662567232 0.07927412740696195 0.020719679097970217 0.07743441666734331 0.03917109359604751 0.09344303152234604 0.057366524968667586 0.11414129373691029 0.0659150108434931 10000.0 0.11674710067593186 0.05924873513902327 0.08889525180298641 0.0011492561480150646 0.03719198020883954 0.04862931097812454 0.07137714358107261 0.0823098141573559 0.08023750347559842 0.10864830751580483 0.09454617954226166 0.08147494509052981 0.0813132442246349 0.1001744022361154 0.07715775779114069 0.07962989788392427 0.04020375497858583 0.05161308274502853 0.10052561133027801 0.0512408636214463 0.058568362067642925 0.08805170167702005 0.0736660844905824 0.0388378415362484 0.10100110928295862 0.09213677373970823 0.09246503649802093 0.07159265287888178 0.043465863019013076 0.1205944007803686 0.1289618930360571 0.02968549945832752 0.06368326392090827 0.11345552965529816 0.05013204728562707 0.06250787251922378 0.06511252756437323 0.08632579522762147 0.06869015223784182 0.07112173293176226 0.03459465783327868 0.03774421556432954 0.1038393994182573 0.09960777567721535 0.09155591997565556 0.07970017936473803 0.04737388245116658 0.03603834007823739 0.031129570706131943 0.0554566905187714 0.06396793048134582 0.09597664503319438 0.0604815380383884
 0.08920743788036567 0.08812550130699051 0.09654483658982013 0.06019925018267994 0.10288170983954521 0.0836450493794901 0.08750579573388251 0.031736462712894986 0.019657277779137932 0.07105183175321413 0.06827612981898246 0.025126059710271764 0.06224075107656813 0.06268650834156787 0.04210402573223672 0.09763882686951718 0.04953515536559373 0.07999526841472797 0.09587974041745084 0.059524571357492014 0.04336027758663667 0.06337652541236888 0.11674710067593186 10000.0 0.09611788337399192 0.09966183813992187 0.11595241919743354 0.08000500815431652 0.07119141648157064 0.04927572999854155 0.07346902372111046 0.047266973308408546 0.018162545397625133 0.04106951148517053 0.04226272570262403 0.10005221458777867 0.04622653691620674 0.041076153750273355 0.06347547107155932 0.08617867441241855 0.09073087325609384 0.02099629738941688 0.09774878518624223 0.0610812473546455 0.07839318995957921 0.05956221859329856 0.08572268749198454 0.06369342284328264 0.052000219069369254 0.02514630380991461 0.09828768346565318 0.08642054566344584 0.020091416858489804 0.026187252695587585 0.09277752661126668 0.059099270468054736 0.0199509814274052 0.10157358875440387 0.05424250554710186 0.06244194801945653 0.04229392619195735 0.09565113689410411 0.04923605146274179 0.0854809163850042 0.09144503315775994 0.012945878546428194 0.017260116637905505 0.06110338436880071 0.06520548517136653 0.07600104666053724 0.08100088170572971 0.08565113244854208 0.08016779101396322 0.060119140880010434 0.09442232311069884 0.07761393029653366
 0.045127628935699916 0.031518707571148816 0.03358667500782747 0.05156330360083393 0.0621663838497154 0.012760567920171011 0.03742558414795878 0.06590874640869329 0.09614154664978769 0.03799140153863033 0.047760722429310426 0.09090944134573424 0.07722358496024548 0.03384246929263399 0.07789213788123867 0.04376903950829909 0.08298202138224012 0.0599384971207319 0.034323713820388305 0.05139638297771271 0.07257776026244882 0.033287027112607157 0.05924873513902327 0.09611788337399192 10000.0 0.029666306418364558 0.05811429089164464 0.043966695444168535 0.06320369028036112 0.04926662281220272 0.10457901228139518 0.08467890213297888 0.08072494200953041 0.05842254894922105 0.05397329936152839 0.02222838750933331 0.0591203345832205 0.07169972992811935 0.09600311048710043 0.026390840872828687 0.010291669046622686 0.08980244084385662 0.008042242560317494 0.06595921000643365 0.03311956859756482 0.03664522967925015 0.028754210470084494 0.05124921052589133 0.05011370557016099 0.07987405636744829 0.012525680288405028 0.022176052222860326 0.08978545234223859 0.0959754982126801 0.06475758575282095 0.04005360339307346 0.08328290711860997 0.010274661297694205 0.056829073748889354 0.03467261306829186 0.05421302019705294 0.009443243441544793 0.04956405948625394 0.03603622051704177 0.02462533872728817 0.0847003596110544 0.08291457478696285 0.10588947462225577 0.09718573426023035 0.06861895653779049 0.05248460704381488 0.047473780717166354 0.08298939099498752 0.03833284477271805 0.037030097802674314 0.01884287623954632
 0.0731840015601857 0.059631762311647005 0.005673768562572418 0.07169059661287121 0.09123092959853965 0.02948957709450214 0.015197184637669447 0.06797455773141048 0.09370780265083244 0.028860785287956735 0.07053450018742385 0.08700148296815821 0.0984328020874704 0.047032389613701125 0.09374265503461311 0.07298217739446348 0.10081736847320086 0.08577259843167001 0.0067646008956979255 0.07122661714437797 0.06472291841162192 0.047043923243032124 0.08889525180298641 0.09966183813992187 0.029666306418364558 10000.0 0.08776359343689413 0.07012303100420808 0.08699432477697917 0.06211528771557375 0.12598631480562852 0.10186551289527424 0.08196336839975243 0.05859626653385476 0.06187901150751067 0.007849327563142466 0.05478610518357641 0.08689601552460031 0.1161977440647511 0.053959345987126754 0.03846394891834133 0.09957748930368131 0.037654515104140925 0.08712763771703469 0.021354424953504945 0.04508378985098129 0.056253343568944916 0.039681643293827645 0.0477310112381589 0.09022379516939034 0.017360232872466724 0.04963618959552526 0.08765919555843035 0.09151530015398052 0.09254766978853665 0.05583723588445157 0.08256535357601327 0.039060313641877495 0.07525566038243824 0.04909450115286261 0.05881935382161535 0.02025313164831994 0.06261940378892314 0.06353399755162134 0.05346365127661467 0.09071924578334578 0.09059024970063624 0.12452610876449942 0.11764150929046648 0.09327787045190393 0.07875749801987693 0.0748217067051846 0.10759635867840274 0.053790494028239655 0.010071008532933199 0.037265341004817
