NAME :TPP_input_17_4_2
NUM_VERTICES
65
NUM_CLUSTERS
17
Full Matrix
 10000.0 0.02947057646590874 0.03406431582080175 0.015466497983748686 0.07039226422330529 0.03184517908859366 0.049333247553901276 0.01915808509017015 0.05377791475926624 0.045972484644768684 0.015769330072895812 0.053661241739675604 0.061059667220664166 0.04931497355724758 0.014939213480868794 0.040151536780214665 0.043629559500142454 0.03825579242586061 0.05047774615995457 0.01774923369399179 0.06607613442429645 0.03605665386558357 0.07783349515166861 0.04033591568197323 0.010559001513887124 0.04707374348086424 0.05511463015519924 0.026158013437056957 0.006232108078791907 0.06693409511902106 0.04956731559592375 0.025391036689145358 0.07602557197760758 0.03114462329948833 0.06456310634967019 0.05133905904677145 0.05190457055717411 0.020568000591539102 0.053832080343266586 0.062065264865780186 0.04472189691771758 0.0154033794385226 0.07091160440452784 0.04942631030187721 0.022354174680637544 0.056840124637192735 0.04804223782898594 0.04477814891142183 0.04571648274217029 0.07520690348628337 0.03184638351220099 0.08698827115658624 0.0530808691680058 0.03127315768756804 0.07255426419165872 0.04939620269980682 0.04815288100363205 0.06417833217972171 0.07429637889217561 0.03908340891355182 0.01721539469270088 0.04850651154404957 0.017469948342847413 0.06983033144456509 0.06861590263832947
 0.02947057646590874 10000.0 0.010026882771395556 0.030390722779970757 0.04834184957958873 0.008091048575120429 0.05407341445510463 0.010541273495416456 0.0334709515434259 0.03699167013890206 0.045190876376578704 0.049533297836223254 0.04596144865204526 0.04902372038776392 0.04302915674497291 0.04862920140835395 0.05117490153357502 0.048125773895352435 0.031148183900994154 0.023100735123869943 0.0394406808824429 0.06208427863268359 0.05172845863011737 0.05313523598813668 0.020967679432390002 0.050971892620902126 0.049761573134476045 0.04828775656596149 0.023491281168284184 0.04125672418444156 0.02176636730994792 0.013531674842933477 0.06037676537650288 0.025186154842112434 0.05341470948419507 0.02818815841690228 0.0271699241579624 0.047298635282988034 0.02438691619199796 0.03298002486621563 0.03650699041907439 0.017189519584462964 0.05609614328868055 0.026104164040793285 0.05101300709550398 0.05426835154264636 0.03392617358948106 0.03342005768488061 0.018097118234830404 0.051743555652596106 0.010022339344242544 0.07051018249779456 0.06035257338665673 0.026355089455160314 0.04322446094273591 0.0366474397550223 0.019077403665427286 0.03471410769487599 0.05092082047199313 0.021800460089199506 0.025818377559189826 0.03256711060648834 0.040879353583498784 0.04406487069086344 0.039311493806612745
 0.03406431582080175 0.010026882771395556 10000.0 0.03012917661233291 0.05448580709451812 0.002416926910023649 0.04739240347409168 0.015676475785930188 0.04106038707827231 0.04672542984542593 0.049058888902177446 0.059429004447387274 0.03595070917131423 0.04130813357026672 0.04868583908285756 0.043393373851066834 0.06099353738432798 0.0433630809552648 0.03921401441029438 0.03190339358881171 0.03210695480223005 0.06890981544537028 0.044091355372320354 0.06252473681544424 0.023928888181031092 0.060957151427928784 0.059578159518737524 0.04776035567229745 0.028884128853723563 0.045574212247964235 0.015717926832021972 0.010375244822874762 0.06838919241869569 0.0352080013447853 0.06251151600281836 0.03495137820977988 0.01845300037529544 0.053641275722766744 0.023786123635570984 0.03343007763699719 0.027673458979786954 0.019138225721747115 0.06441179020423435 0.016741304676390352 0.056379881265486036 0.045796678495498344 0.04308959608740017 0.04300404396323353 0.011927467207144292 0.04285643629168874 0.002529768331772104 0.07809568227964454 0.05405956632225972 0.036370375496102746 0.04235831897467389 0.026962358461901523 0.02093795064150782 0.032584337167433156 0.056301338019740445 0.031063622110238012 0.024880190551069062 0.022623056025557378 0.04156366775640958 0.04818023667036823 0.03589963507320106
 0.015466497983748686 0.030390722779970757 0.03012917661233291 10000.0 0.07733433418408914 0.02861932125640723 0.033926530116120464 0.02082676840461668 0.06126084742107151 0.05745011577404495 0.023223537092055633 0.06681926232394496 0.048639015153903904 0.03398536467776386 0.02777882194003848 0.02498253996366948 0.05870214840034825 0.023282671457670476 0.058294758278319286 0.030111933800510034 0.059652981560178106 0.04881712163006774 0.07042572890728743 0.05577876971485295 0.011606840853773037 0.061706080011963815 0.06800381904168636 0.017948161591371605 0.016966558075380077 0.07146131571786578 0.0454679878012807 0.01975704588299436 0.08608276317960233 0.042352427863581316 0.07601293031372797 0.05727156398128713 0.045051214670739546 0.033947325141370284 0.05335226004510864 0.0626643887930264 0.03122998420924856 0.013420315336623665 0.08120246580694244 0.041944940921791025 0.033271077016288994 0.0416063796619293 0.057875730210636224 0.05541212401168659 0.04184772037246048 0.06599757038400349 0.027599619476915735 0.09686083849844586 0.03800278837135325 0.042833987168527564 0.07222796076302043 0.03697062551160239 0.0490715303151199 0.06266933858461674 0.08049514651596495 0.04708274006792258 0.0053322833239816715 0.037426598909496095 0.011563997839718973 0.07430551501863457 0.06597916525743297
 0.07039226422330529 0.04834184957958873 0.05448580709451812 0.07733433418408914 10000.0 0.05413249642477693 0.10179383502719955 0.056562722274625346 0.016635104206049828 0.03180181958687157 0.08472251066034907 0.038730350283086946 0.08407055772977834 0.09573755374644934 0.07827679974079262 0.09692739754414742 0.05681283941007327 0.09646659978170047 0.020009269000698326 0.05389072217746859 0.05992355732948403 0.0892400660376899 0.06866422240739482 0.06474206513167295 0.06619421139354921 0.0515585609317804 0.03668893037887153 0.09447470910964341 0.06450321802412888 0.01289873108868643 0.05010409777212413 0.061789962263054506 0.020029745466841695 0.04140237512815614 0.02655707940126601 0.020196976135998662 0.05917770901551823 0.07933477703946945 0.03703809345612209 0.030972030735305092 0.0815230006605261 0.06400016496960759 0.019709518411094123 0.06116375941084999 0.08564112942185469 0.09970384618034282 0.02520875502749148 0.029730226130331907 0.05017292913395531 0.0757606662708986 0.05616384712500451 0.025984067799187858 0.10832907437362854 0.04192652088675284 0.035251406480666846 0.07893504206809017 0.03507858837298438 0.03945478747289985 0.0053543945748539545 0.03131516395557833 0.07345486408875619 0.07344790836745012 0.08617397719918335 0.012648144364931774 0.04462673805834813
 0.03184517908859366 0.008091048575120429 0.002416926910023649 0.02861932125640723 0.05413249642477693 10000.0 0.04766346877025739 0.013295923427488577 0.04023405729076141 0.045040957832653425 0.04696753583466055 0.057623379585995976 0.037930403300506156 0.041943695650193034 0.046396096712213834 0.043189411816489755 0.058754975946467794 0.04301993107461268 0.03822630373618855 0.029514999788674567 0.03443260150558478 0.06654355800527041 0.046457963438965126 0.06017782063607918 0.021834581281927754 0.058826817391788466 0.05783839977568671 0.04640197366110332 0.026571596523376765 0.0456834247017929 0.01777346622250411 0.009038454699265498 0.06747247005035525 0.03315696347327117 0.06116727504528872 0.03434711097886228 0.020864286817690893 0.05130011310062854 0.02485950080075885 0.03437803367306332 0.02876979754798065 0.017113495687939698 0.06338217248658455 0.019146728529157116 0.05412735635009957 0.04675686691819964 0.04169729221058852 0.04140710401845521 0.013937271936426982 0.04527213770377102 0.0021020626204691886 0.07733424250723248 0.05421582559541946 0.03430018541561051 0.04363954998551958 0.028576907088662104 0.02139989708315691 0.03406679844872342 0.05616542636610782 0.02960466068403309 0.023451554799167728 0.02449160624151345 0.03994571653081126 0.048351017692493 0.037645739533624316
 0.049333247553901276 0.05407341445510463 0.04739240347409168 0.033926530116120464 0.10179383502719955 0.04766346877025739 10000.0 0.048823991601368334 0.08753157870165455 0.08836729963805659 0.05228214365922455 0.0991013472631049 0.03604291788260549 0.00902795038567645 0.05967442131292134 0.009872025885060264 0.09254481234503009 0.012305391507326964 0.08520269208134053 0.0629913610942641 0.06227029107693164 0.07904920154578077 0.06857168978973653 0.0896684786939044 0.04376165134151519 0.09527646409172405 0.10000617230694331 0.03285292134237723 0.05048316275732585 0.09283659219555683 0.056702938989335185 0.04062305971908959 0.11436633709012187 0.07376428200610415 0.1062970688603497 0.08194486277381618 0.050609641870618186 0.06574119516940514 0.06919515337582627 0.07878432643122883 0.02331424486476971 0.04260142985020598 0.10994069003798575 0.047162603908228094 0.06299450706901981 0.013894740097013036 0.08709079021760736 0.08558891364854647 0.05463445677901043 0.05997638929223577 0.04563086159081691 0.12458142431917488 0.007040234998093072 0.07449329012558537 0.08546184407078596 0.029675206563338975 0.06796973308000916 0.07505281023243622 0.10369261026298253 0.07519098295800183 0.03397825644327297 0.03476546238300039 0.03675451391109973 0.09536203134703403 0.07566573895872805
 0.01915808509017015 0.010541273495416456 0.015676475785930188 0.02082676840461668 0.056562722274625346 0.013295923427488577 0.048823991601368334 10000.0 0.04067764094951695 0.03957168270614439 0.03477194675468567 0.05080221915272142 0.04828757233664355 0.04531227140044725 0.033296024843588796 0.04198898017964982 0.048214608839284696 0.04105638279779924 0.03784911563747343 0.01761541097946079 0.047699938982604724 0.05325096313772216 0.0597533398652293 0.048443904284949296 0.010502378285464374 0.04930746512083548 0.0515087156368193 0.03841984615423814 0.013463047223506518 0.05075977561818149 0.030660576950303293 0.010477047192205562 0.06634378858341977 0.025303043828392276 0.05751384464368848 0.03645699550611276 0.03409727708763229 0.038045718781504395 0.03488688819185467 0.04350923183588593 0.03528491566076673 0.007437868844842755 0.061669184877126595 0.0321355607297864 0.04114805115709572 0.051603291823340496 0.038496607140658626 0.03677685413311552 0.026817328392394993 0.05832036214000316 0.013869287016795108 0.07692492594808009 0.054494056250206986 0.026177537884201667 0.053758648154568475 0.037503272755848326 0.029588845280753482 0.04510044399596919 0.05966915823339573 0.026964681034076832 0.016972789544940046 0.03477671374102342 0.030665893279583335 0.053622940244869556 0.04945961868108824
 0.05377791475926624 0.0334709515434259 0.04106038707827231 0.06126084742107151 0.016635104206049828 0.04023405729076141 0.08753157870165455 0.04067764094951695 10000.0 0.018838731254591068 0.06810530261860433 0.02983502596603959 0.07398209092418967 0.08217035352747837 0.061812904314629345 0.08194384526322337 0.04439402210795024 0.0812898176074166 0.003447361793718551 0.03730261081769035 0.0543719154398173 0.07381109736262839 0.06504818021155 0.051378860929254325 0.049939710677475636 0.04013287310085817 0.028478175607354977 0.07812659166441394 0.04792929718565957 0.017584830936594596 0.04069253552788086 0.04698537600883951 0.027371102964967624 0.025153840810234262 0.02438034196204582 0.007002986706008257 0.04980135317216491 0.06313816648604614 0.029656327078844854 0.02808445935430723 0.0687083605255558 0.048074394948498606 0.02371427761852027 0.05101437486108802 0.06929351384391108 0.08685642002339704 0.011104503576188578 0.015431553009585134 0.03962922317208117 0.07016955537035525 0.04233138329686831 0.037109790080090035 0.09381897058782272 0.025810286258302204 0.036732054250207515 0.06718140294017153 0.02501937512744866 0.03633403946509298 0.02091549652668868 0.014694670703617744 0.05765003052707843 0.06205593914317526 0.06973998042528652 0.0199632332291102 0.04243031898103277
 0.045972484644768684 0.03699167013890206 0.04672542984542593 0.05745011577404495 0.03180181958687157 0.045040957832653425 0.08836729963805659 0.03957168270614439 0.018838731254591068 10000.0 0.057750122376446555 0.01319085287972104 0.08244475467682859 0.08471606749527251 0.04984778331482579 0.08111850143583457 0.02564660286998786 0.0799240799289864 0.01633635331225519 0.02823844636122372 0.0682885295725591 0.057948124272218716 0.07990744969313864 0.03307682499013424 0.04593411621990153 0.021316307522812456 0.012936637151741344 0.07203286674706512 0.04130677172157631 0.036322812684852164 0.052129012758703935 0.04880795217062954 0.030589947850642566 0.01511551106542401 0.018647326537529006 0.023324046530519744 0.06047478239004516 0.049640917317941576 0.04420346440493843 0.045308728821984924 0.07329123917923697 0.04594764532040063 0.025356613401707556 0.06069129624149734 0.05640215613238484 0.09062809481062692 0.0077559733070432435 0.0042710713808360124 0.04988604829681724 0.08339786737705988 0.047012432203760814 0.04153782771771141 0.09386645041983337 0.014766727338356466 0.05488738589282586 0.07361672778689951 0.038017210971211524 0.05283149272944336 0.03701910210644703 0.016216135855035264 0.05526905954813673 0.06932044096429628 0.06332929223945816 0.038529699604655944 0.059020540860884055
 0.015769330072895812 0.045190876376578704 0.049058888902177446 0.023223537092055633 0.08472251066034907 0.04696753583466055 0.05228214365922455 0.03477194675468567 0.06810530261860433 0.057750122376446555 10000.0 0.06299375252624789 0.07186113167356381 0.05490060662069259 0.009510791803079316 0.04241607956702511 0.048659951251936256 0.04003691505334806 0.06471334844560217 0.030864230088156697 0.08066732459657149 0.026805324918712677 0.09208861549468023 0.04270818424466053 0.025135793265623218 0.053536805341111576 0.06480777560504945 0.021181053849123 0.021946717801400572 0.0821545401967423 0.06473821746093938 0.03957144125750662 0.08832557350118365 0.04395733135268136 0.07578055815494444 0.06631490412543192 0.06622288758326092 0.01441354092909178 0.06957173044661089 0.07783210809815103 0.054357629631630364 0.029934456664907513 0.0831023458205986 0.06345720520662722 0.010736453819209622 0.06268948724138083 0.061145059521198045 0.05737666566484677 0.060904802142562775 0.08853568615325992 0.04670366028533673 0.0992852378352995 0.0540942922090529 0.043763537124757154 0.08832036864411749 0.060193078409281654 0.0639220706452024 0.07986690900379241 0.08890387085487574 0.05352988562149754 0.027645226313223435 0.06045254427852443 0.015553725764351678 0.08504339125409964 0.08418232186536852
 0.053661241739675604 0.049533297836223254 0.059429004447387274 0.06681926232394496 0.038730350283086946 0.057623379585995976 0.0991013472631049 0.05080221915272142 0.02983502596603959 0.01319085287972104 0.06299375252624789 10000.0 0.09530157307900479 0.09610485060044012 0.05412622606878406 0.0912816105054406 0.020104858644519625 0.08987296914156875 0.028127931377505477 0.03671858153085978 0.08140516065156202 0.0573252556710497 0.09293232822381153 0.02896216603968193 0.05568929475799116 0.013958916945692098 0.002357342803982646 0.07971676861874638 0.04999901570287343 0.04626850648066461 0.06531951186566248 0.060602030615616524 0.0299334355719435 0.02549945655321061 0.015586851150651422 0.035469167367786054 0.07363408546404096 0.05241115152413255 0.057153138320087685 0.0575425357346542 0.08540615677174884 0.05650876634304 0.025092793669003095 0.07378376435008055 0.059432087786436064 0.10234868150914073 0.019766160915380693 0.017408751187779754 0.06305163380630859 0.09657518127478668 0.05953187265590331 0.03981004819178425 0.10422017970080295 0.024665711102379414 0.06656262223808959 0.086158250089438 0.05110187363924205 0.06538834567548295 0.04407108946930502 0.029373651800526198 0.06536853519128086 0.08205168636445415 0.0710863703734916 0.04802980298691223 0.07157157017290973
 0.061059667220664166 0.04596144865204526 0.03595070917131423 0.048639015153903904 0.08407055772977834 0.037930403300506156 0.03604291788260549 0.04828757233664355 0.07398209092418967 0.08244475467682859 0.07186113167356381 0.09530157307900479 10000.0 0.027066270519596855 0.07553307912752365 0.04038989028689396 0.09623318709935823 0.04229607257183171 0.07291066268977152 0.06589941672062738 0.03028176154250929 0.09684680470732973 0.03346990281502571 0.09671630955514358 0.05103010068084869 0.09666197823971892 0.09535912105303396 0.05943104364943267 0.05828537434184763 0.07245727991186084 0.03397698965972527 0.037978079323168594 0.10098906271377137 0.07108509893418526 0.09718610950236688 0.06714028494754327 0.024908839509222794 0.08149214540128993 0.04714712031658102 0.05502641635080542 0.017897203768957304 0.046827172169630824 0.09767980267289714 0.023053615804072378 0.0817612055239845 0.024362807772845916 0.07813772829418192 0.07857233007738541 0.03439598617249516 0.024106950561898866 0.03620094009943224 0.10958120441612688 0.042353955709031554 0.07222122131961092 0.05810692632522739 0.011719463278169136 0.04944428201406704 0.0484872619512133 0.08422550933094575 0.06644602911352515 0.044575085851334774 0.013573963646894841 0.05825248853124769 0.07432781784614888 0.046737704038809134
 0.04931497355724758 0.04902372038776392 0.04130813357026672 0.03398536467776386 0.09573755374644934 0.041943695650193034 0.00902795038567645 0.04531227140044725 0.08217035352747837 0.08471606749527251 0.05490060662069259 0.09610485060044012 0.027066270519596855 10000.0 0.0612851533023907 0.014899651923711297 0.09133562596796088 0.01727406475894255 0.08007335864049774 0.06096045584676658 0.05351609373129866 0.08162344411571534 0.059566593031642356 0.08930967236748778 0.042105951355031306 0.09351230269528533 0.09681805549452449 0.03742676305993704 0.049338340728141375 0.08616944205226074 0.049040362443757625 0.03602592728166139 0.10933645315177999 0.07060715084505502 0.10214118170022557 0.07623737932099964 0.04237938163788517 0.06746016479965733 0.061909841743281104 0.07135038695301996 0.015130132589882167 0.039986827769132996 0.10511629444982867 0.0390165926538523 0.06560239309798005 0.007788927945052317 0.08272411175567398 0.08163858236991468 0.0472961719065708 0.05095330793401769 0.03985176186477524 0.11927607383113223 0.015739603918423467 0.07145215838410106 0.07750069608564288 0.020929324749365794 0.06127850565016631 0.06712210603630712 0.09730366307674278 0.07065127464082231 0.03262020835017464 0.02624775842503304 0.03948474436442326 0.08859495160515102 0.06739109631792595
 0.014939213480868794 0.04302915674497291 0.04868583908285756 0.02777882194003848 0.07827679974079262 0.046396096712213834 0.05967442131292134 0.033296024843588796 0.061812904314629345 0.04984778331482579 0.009510791803079316 0.05412622606878406 0.07553307912752365 0.0612851533023907 10000.0 0.049915519814511325 0.03919306726132277 0.04765809621654612 0.05837324780168637 0.024748293824245562 0.08078286439852186 0.021314995604982626 0.09264251359599503 0.03321914741623352 0.0254978619492526 0.04418193456521251 0.05602697525028522 0.030125655274736166 0.01984576911388406 0.07689422785771742 0.06395476240284145 0.04031670260608727 0.08040292617713135 0.03694499272476251 0.06744194509538466 0.0608198354596688 0.06673756638118539 0.006184544838668064 0.06697554092321167 0.07452809109268911 0.05868434813765098 0.03032806987742588 0.07515541075353331 0.06432386617055066 0.008051717163789496 0.06902610696950912 0.05394770034388557 0.04992061987492857 0.06010908354816062 0.09014549724101222 0.04656029563051975 0.09130626924480023 0.06213926926294317 0.036557113265249644 0.0852646649083157 0.06382136133156283 0.06084721348034905 0.07753253694703219 0.08272746328914368 0.047592830343929596 0.031047711523400974 0.0632523267907434 0.023276080109637474 0.0797483547827741 0.08232743034302249
 0.040151536780214665 0.04862920140835395 0.043393373851066834 0.02498253996366948 0.09692739754414742 0.043189411816489755 0.009872025885060264 0.04198898017964982 0.08194384526322337 0.08111850143583457 0.04241607956702511 0.0912816105054406 0.04038989028689396 0.014899651923711297 0.049915519814511325 10000.0 0.083657871242472 0.0025083178529958054 0.07938073117150606 0.054766887425894084 0.06319756557085396 0.06917763568422411 0.0709833979839925 0.08040711869755297 0.035600898072980676 0.08667657785522655 0.09232370936146583 0.023189560863124268 0.0418691127941464 0.08887033602768343 0.05490384481328284 0.03513802125774612 0.10824760454591999 0.06623658355688769 0.09937680813354806 0.07681213009143949 0.05017960330152746 0.05595169034993441 0.06647650667881849 0.07619718374051007 0.024381925933305522 0.03518702311650763 0.10363401447982203 0.04663364555445126 0.053124544986867646 0.022048070609752647 0.08048429958804101 0.07861575361199168 0.0522956721673892 0.06336560245761358 0.04130326618596385 0.11871057237449122 0.013030018925819661 0.06686927774498085 0.0838462279249176 0.03159339455551013 0.06432736997127493 0.07348554151631677 0.09925280846937276 0.06886303693983549 0.02593166398767615 0.035682506476487914 0.026900620182937908 0.09152304828223637 0.07489900871160901
 0.043629559500142454 0.05117490153357502 0.06099353738432798 0.05870214840034825 0.05681283941007327 0.058754975946467794 0.09254481234503009 0.048214608839284696 0.04439402210795024 0.02564660286998786 0.048659951251936256 0.020104858644519625 0.09623318709935823 0.09133562596796088 0.03919306726132277 0.083657871242472 10000.0 0.08184005843745851 0.04163323555175257 0.03081795193544556 0.08850743521763312 0.037947284980991695 0.1006810828914184 0.008920624242025395 0.04923091016423986 0.006304407546292316 0.0224598814199137 0.0679909079360017 0.0421243575153782 0.06194428569536997 0.07104744490242322 0.05869128917579129 0.05003581318284676 0.026827669070853735 0.03569018865243487 0.0480589286829428 0.0780126663965089 0.03590076411234212 0.06626246888368147 0.06928883983604031 0.08327139319872302 0.0517155701346431 0.04514766784626854 0.07724096189957776 0.042778775540053396 0.09838918122834905 0.03329840937273955 0.029031406834407088 0.06798104633356421 0.10234468798490806 0.06025764693197353 0.05982085690593277 0.09664565026015787 0.02556150723598212 0.07947047394893368 0.08569970590591271 0.05952961751871462 0.07598817772925401 0.06213688939455591 0.03717886575678481 0.05884071911473184 0.08265963206564324 0.05987476149914868 0.0641758506374187 0.08207121568468378
 0.03825579242586061 0.048125773895352435 0.0433630809552648 0.023282671457670476 0.09646659978170047 0.04301993107461268 0.012305391507326964 0.04105638279779924 0.0812898176074166 0.0799240799289864 0.04003691505334806 0.08987296914156875 0.04229607257183171 0.01727406475894255 0.04765809621654612 0.0025083178529958054 0.08184005843745851 10000.0 0.07865862389396058 0.05326104069625302 0.06432027360520673 0.06677387976411533 0.07240703267963462 0.07842258505052926 0.034194128654363144 0.08497543422035346 0.09096333301749958 0.020682383431968532 0.04023727861061877 0.08868281835640726 0.05540480925565033 0.034721587501554484 0.10739205153744388 0.06496929923939304 0.09827136331079371 0.07630764855299743 0.05104492036192987 0.053665314881604476 0.06668876600115813 0.0764162895153718 0.025856745301440356 0.034085016775700146 0.10272375875209329 0.047496879778666935 0.05073095344367107 0.02451855069153928 0.07950784989654397 0.07751972519051159 0.05266931742152023 0.06500774430771505 0.04119220335542244 0.11792249178712047 0.014828328027377297 0.06556576183232486 0.08430105323258415 0.03312559308732451 0.0642927917169151 0.07397771934481827 0.0989132679005777 0.06800153561273654 0.024656070186521713 0.03696409036837179 0.024554834308984523 0.09136682693320179 0.07558764396044336
 0.05047774615995457 0.031148183900994154 0.03921401441029438 0.058294758278319286 0.020009269000698326 0.03822630373618855 0.08520269208134053 0.03784911563747343 0.003447361793718551 0.01633635331225519 0.06471334844560217 0.028127931377505477 0.07291066268977152 0.08007335864049774 0.05837324780168637 0.07938073117150606 0.04163323555175257 0.07865862389396058 10000.0 0.033890460130944496 0.05457592816486977 0.07043335123202399 0.06558762006835821 0.04838566084881442 0.0468987590239927 0.03763084886278265 0.026986354021355734 0.07500903745608345 0.044677455809469024 0.020611343034707918 0.04010132772700872 0.04458910265118142 0.029263451230431343 0.02171175966213282 0.02455182993000065 0.007381932561799535 0.049097164884369666 0.059692642765042915 0.029877973133786935 0.029416071795302392 0.0668851185567156 0.045202863409205686 0.025200835932900338 0.05008422074070125 0.06584683964989296 0.08496628314951055 0.008624925846488643 0.012604482278120431 0.03872892282830334 0.0702322700068867 0.04032835963281146 0.03939024388776285 0.09139912089951169 0.022380478737086967 0.03863392876063149 0.06568032122128373 0.024643385266871647 0.037368980956603196 0.02435853940356325 0.011431179173997184 0.054811542157660834 0.06068708320729753 0.0665780932767915 0.02310814587537348 0.04353293273011542
 0.01774923369399179 0.023100735123869943 0.03190339358881171 0.030111933800510034 0.05389072217746859 0.029514999788674567 0.0629913610942641 0.01761541097946079 0.03730261081769035 0.02823844636122372 0.030864230088156697 0.03671858153085978 0.06589941672062738 0.06096045584676658 0.024748293824245562 0.054766887425894084 0.03081795193544556 0.05326104069625302 0.033890460130944496 10000.0 0.06251145816110575 0.040437212921981554 0.07481334067963208 0.030876500659679982 0.019237391114144426 0.03255473248464329 0.037960720584568404 0.043802679055581974 0.013313392523114474 0.052156137539540896 0.04477515217320112 0.028032540539597927 0.05832390886070279 0.013437383897473495 0.04685659151518301 0.03607217380399201 0.050072379048806334 0.027089426438130327 0.044546681053522635 0.05104217408193353 0.05245524166810279 0.021033068230910158 0.05318946339041403 0.048634313826861925 0.03253705973213406 0.06781090940275765 0.030518123022011387 0.02707828723186342 0.041173613879410105 0.07463858877603333 0.030665575994316335 0.06929587734946499 0.06776958904327311 0.013524385380310085 0.06190034128909476 0.055076060624914776 0.037950675915027994 0.055190679900177925 0.05817275815654998 0.022884321345714685 0.029019607684035914 0.052374174095903454 0.03509770745462507 0.05500544595226181 0.06056421220022825
 0.06607613442429645 0.0394406808824429 0.03210695480223005 0.059652981560178106 0.05992355732948403 0.03443260150558478 0.06227029107693164 0.047699938982604724 0.0543719154398173 0.0682885295725591 0.08066732459657149 0.08140516065156202 0.03028176154250929 0.05351609373129866 0.08078286439852186 0.06319756557085396 0.08850743521763312 0.06432027360520673 0.05457592816486977 0.06251145816110575 10000.0 0.10093904945637212 0.012319545567813216 0.09175879706143336 0.055730786111717064 0.08695682505725463 0.08075218216098917 0.07563926481032858 0.06099100540415237 0.04722768630605604 0.01777343914951439 0.04109715591488843 0.07894421937894208 0.06168416567600118 0.07875186700018204 0.047473062828354805 0.014602595911956257 0.08573185190989738 0.02473021595442458 0.02897273479094589 0.03920837598180587 0.050851506484052275 0.07671344659609242 0.017801672983777557 0.08842566598652286 0.05327725309193605 0.061964402348051284 0.06402730162976218 0.02134397865038551 0.01593625367562827 0.034236777225057996 0.08589344427188746 0.06920844447130166 0.06295139791508078 0.028904421451137353 0.0326052033115927 0.030313584209023522 0.020774057552819008 0.05876975050570893 0.052544852555157444 0.05437639560094909 0.027661728461978285 0.07114425416142188 0.04842811996744629 0.017243737920743622
 0.03605665386558357 0.06208427863268359 0.06890981544537028 0.04881712163006774 0.0892400660376899 0.06654355800527041 0.07904920154578077 0.05325096313772216 0.07381109736262839 0.057948124272218716 0.026805324918712677 0.0573252556710497 0.09684680470732973 0.08162344411571534 0.021314995604982626 0.06917763568422411 0.037947284980991695 0.06677387976411533 0.07043335123202399 0.040437212921981554 0.10093904945637212 10000.0 0.11300022656618462 0.029235533131689258 0.046540718590869314 0.04419372271595182 0.05960346924580042 0.047111611890843084 0.04018857886877966 0.09054164341733538 0.0836532993635995 0.06121048954276813 0.08670035714927343 0.049056907915986714 0.07256937070757925 0.07457983778599678 0.08724206408982664 0.015499688858690562 0.0849128151669458 0.0914239526175208 0.0799163548163138 0.05127209684203626 0.08156668043102393 0.08502344511552312 0.016069420545402738 0.08940965098835991 0.06403131250985097 0.05952118383871663 0.07985643649298928 0.11104223317352256 0.06695374382443607 0.09701907685887248 0.08056360794146748 0.04820904834138398 0.10228830328501366 0.08513362357082298 0.07837334904270538 0.09556595757473899 0.09421610443768877 0.06119148806426999 0.05233108789145561 0.0845267841239769 0.042357601930571566 0.09324670298989807 0.10080897504545298
 0.07783349515166861 0.05172845863011737 0.044091355372320354 0.07042572890728743 0.06866422240739482 0.046457963438965126 0.06857168978973653 0.0597533398652293 0.06504818021155 0.07990744969313864 0.09208861549468023 0.09293232822381153 0.03346990281502571 0.059566593031642356 0.09264251359599503 0.0709833979839925 0.1006810828914184 0.07240703267963462 0.06558762006835821 0.07481334067963208 0.012319545567813216 0.11300022656618462 10000.0 0.10405005946536973 0.06738315036392807 0.09898170398042855 0.09216270081568023 0.08559669006055474 0.07292941723087154 0.0557693324661672 0.030092929663964103 0.05259657313626925 0.08827713396249125 0.07387599463259917 0.0893208435727652 0.058317761204795746 0.025935007456022292 0.09771739402226438 0.0358118640565229 0.038029954547536673 0.04660151550586238 0.062495116475992075 0.08650333968590272 0.028641682114625592 0.10018099365044336 0.05779300786454593 0.07331306922448495 0.07563661775590977 0.03363973577663138 0.010593553046409698 0.04610583588324899 0.09435991541232372 0.07524121472166768 0.0751436228746634 0.03474074777417373 0.03942894310574318 0.041911187625523864 0.029389713612150366 0.06677932676259422 0.06440875406478058 0.06524559730924184 0.03554557343252424 0.0817610821707145 0.05649001067351395 0.024059578041989535
 0.04033591568197323 0.05313523598813668 0.06252473681544424 0.05577876971485295 0.06474206513167295 0.06017782063607918 0.0896684786939044 0.048443904284949296 0.051378860929254325 0.03307682499013424 0.04270818424466053 0.02896216603968193 0.09671630955514358 0.08930967236748778 0.03321914741623352 0.08040711869755297 0.008920624242025395 0.07842258505052926 0.04838566084881442 0.030876500659679982 0.09175879706143336 0.029235533131689258 0.10405005946536973 10000.0 0.047529347266397286 0.015221559136440741 0.031310513726178095 0.06299122336072135 0.04009556895621814 0.0689520512064302 0.07404907380036092 0.05875911167116997 0.058865190273589926 0.030756565364874956 0.04452917314226333 0.05429643616372692 0.08029885421152562 0.029037159972310756 0.07073422697464217 0.07471888602328391 0.08258977914897545 0.05071785184599464 0.053925843764113184 0.07915070366579967 0.035610589400649414 0.09663938681392177 0.04043503181163717 0.03596480381795259 0.07072739213819676 0.10485317924144337 0.06144926792970332 0.0687254258617447 0.0932395401056807 0.029524567219240253 0.08520139217769904 0.08573032592026142 0.06391076716120618 0.0808580524131548 0.0700175611150777 0.04234442127044954 0.05670669522821879 0.08322049310509826 0.055321842291074855 0.07132679833252815 0.08680930701164843
 0.010559001513887124 0.020967679432390002 0.023928888181031092 0.011606840853773037 0.06619421139354921 0.021834581281927754 0.04376165134151519 0.010502378285464374 0.049939710677475636 0.04593411621990153 0.025135793265623218 0.05568929475799116 0.05103010068084869 0.042105951355031306 0.0254978619492526 0.035600898072980676 0.04923091016423986 0.034194128654363144 0.0468987590239927 0.019237391114144426 0.055730786111717064 0.046540718590869314 0.06738315036392807 0.047529347266397286 10000.0 0.05159176249269124 0.05676956961947821 0.02831150660791233 0.007494210936933354 0.06103202582619686 0.03960284792442516 0.01484872798729306 0.0744874015855465 0.030873585325456136 0.06445557248823047 0.046300132124545805 0.04144835568678253 0.031041083835213566 0.04514953724487666 0.05394198474053427 0.03539717875621343 0.0048881862211170544 0.06959786039828669 0.03890458621510376 0.03282000311120907 0.0492357046827161 0.04627257373247984 0.04382036762263696 0.0357713595858828 0.0646479050780147 0.021599827796666353 0.08528120915277124 0.048573694019253835 0.03141568821279527 0.06408058164994113 0.03947456172073829 0.04004468652991764 0.05516761916065682 0.06956263053392082 0.03560258835699913 0.009784045241718154 0.03820201039934218 0.020277165763571987 0.06390973836562992 0.05922746251380079
 0.04707374348086424 0.050971892620902126 0.060957151427928784 0.061706080011963815 0.0515585609317804 0.058826817391788466 0.09527646409172405 0.04930746512083548 0.04013287310085817 0.021316307522812456 0.053536805341111576 0.013958916945692098 0.09666197823971892 0.09351230269528533 0.04418193456521251 0.08667657785522655 0.006304407546292316 0.08497543422035346 0.03763084886278265 0.03255473248464329 0.08695682505725463 0.04419372271595182 0.09898170398042855 0.015221559136440741 0.05159176249269124 10000.0 0.01631488142608147 0.07218481932397518 0.04483213839907628 0.057510427468331425 0.06980999311050087 0.05972419391915219 0.04387312671897286 0.025881913063529487 0.0295300902932644 0.044438008771754904 0.07725359458542537 0.04136086621229915 0.06392520017660852 0.06615077086772361 0.08458728762532992 0.05357521534610934 0.03905118979084838 0.07676524334632398 0.048325618153599176 0.10034700498115737 0.029072044774914048 0.025132528479472126 0.06696550953870893 0.10128020572544681 0.06047637378723702 0.05355725311158836 0.09970396092746807 0.02466764322351291 0.07602370070570012 0.08650694490735951 0.05733386942067351 0.07325768226271481 0.056907592417258776 0.03472420818403677 0.061341928303059304 0.08311459655044728 0.06386097918056279 0.05960210841057504 0.07940843177084149
 0.05511463015519924 0.049761573134476045 0.059578159518737524 0.06800381904168636 0.03668893037887153 0.05783839977568671 0.10000617230694331 0.0515087156368193 0.028478175607354977 0.012936637151741344 0.06480777560504945 0.002357342803982646 0.09535912105303396 0.09681805549452449 0.05602697525028522 0.09232370936146583 0.0224598814199137 0.09096333301749958 0.026986354021355734 0.037960720584568404 0.08075218216098917 0.05960346924580042 0.09216270081568023 0.031310513726178095 0.05676956961947821 0.01631488142608147 10000.0 0.08122427926874234 0.051270117312694465 0.04458292284889395 0.06491351433974273 0.06114953702724022 0.027576997012224446 0.026261257926736267 0.013230619110365917 0.03436289363687522 0.0733545866824686 0.05445345219423476 0.05635343519498483 0.056376592369011505 0.08585383784733466 0.05740629845025057 0.02273841609179354 0.07361721728625202 0.06146729932720702 0.10295437500774955 0.018854229836532583 0.016999126291167732 0.06276052179495714 0.09604319133781669 0.059780581947113665 0.03748696225719724 0.10522587355670322 0.025513620686047477 0.06519548733714332 0.08640900117531239 0.05043988665750326 0.0643418687197834 0.04201635309289033 0.02912745140334508 0.06639350803631784 0.08219240504030498 0.07256907344339796 0.04626339540892858 0.07051304814238205
 0.026158013437056957 0.04828775656596149 0.04776035567229745 0.017948161591371605 0.09447470910964341 0.04640197366110332 0.03285292134237723 0.03841984615423814 0.07812659166441394 0.07203286674706512 0.021181053849123 0.07971676861874638 0.05943104364943267 0.03742676305993704 0.030125655274736166 0.023189560863124268 0.0679909079360017 0.020682383431968532 0.07500903745608345 0.043802679055581974 0.07563926481032858 0.047111611890843084 0.08559669006055474 0.06299122336072135 0.02831150660791233 0.07218481932397518 0.08122427926874234 10000.0 0.030875415974012096 0.08917939081434734 0.06271661344258614 0.037416381424248156 0.10177609048504681 0.057057367267284095 0.09065920819487386 0.07461120456673864 0.06119106366202996 0.03555746592685009 0.07122042600277013 0.08058699887800547 0.041617392786595785 0.031164239354788372 0.09673047405741039 0.05785230880339361 0.03136966691023115 0.044983948184653046 0.07359563113915828 0.07061068639388675 0.059231527455046326 0.07986791928330038 0.045238336409784995 0.11269474237514979 0.0335430561039892 0.057280656490129436 0.09004098267613304 0.04858328484890128 0.06701952479902418 0.08034294635276538 0.09787384164083289 0.06361787274462105 0.022956492095255323 0.0507152253592792 0.008705145324064582 0.09204088657686668 0.08337636289533652
 0.006232108078791907 0.023491281168284184 0.028884128853723563 0.016966558075380077 0.06450321802412888 0.026571596523376765 0.05048316275732585 0.013463047223506518 0.04792929718565957 0.04130677172157631 0.021946717801400572 0.04999901570287343 0.05828537434184763 0.049338340728141375 0.01984576911388406 0.0418691127941464 0.0421243575153782 0.04023727861061877 0.044677455809469024 0.013313392523114474 0.06099100540415237 0.04018857886877966 0.07292941723087154 0.04009556895621814 0.007494210936933354 0.04483213839907628 0.051270117312694465 0.030875415974012096 10000.0 0.06076658779284133 0.04411247101673851 0.02116142088927473 0.07090249935820311 0.026242374838279292 0.05995406202325652 0.045258168998972545 0.04708935213714885 0.024800353920833604 0.047779432112794146 0.05589774935470578 0.04287808356216842 0.01149113503474195 0.06585577101296698 0.04483491398442548 0.0276871073277589 0.05657489008831294 0.04274407933138215 0.03974410629269203 0.04026549373538917 0.07088486857457835 0.02682526513784568 0.08182765271149998 0.054899083536981336 0.02654301044436205 0.066430885751929 0.04680626581143247 0.04200293455256957 0.05819497415462748 0.0683064471878629 0.033250213291380816 0.01674061275919676 0.045266755978284064 0.0222217457810506 0.06366331586843364 0.06276283871869096
 0.06693409511902106 0.04125672418444156 0.045574212247964235 0.07146131571786578 0.01289873108868643 0.0456834247017929 0.09283659219555683 0.05075977561818149 0.017584830936594596 0.036322812684852164 0.0821545401967423 0.04626850648066461 0.07245727991186084 0.08616944205226074 0.07689422785771742 0.08887033602768343 0.06194428569536997 0.08868281835640726 0.020611343034707918 0.052156137539540896 0.04722768630605604 0.09054164341733538 0.0557693324661672 0.0689520512064302 0.06103202582619686 0.057510427468331425 0.04458292284889395 0.08917939081434734 0.06076658779284133 10000.0 0.03874500006818036 0.054102957799961306 0.03275545203504677 0.04148815552669914 0.036916586434985375 0.016122211625503247 0.047581702550894896 0.07893524444565146 0.025354615273341295 0.018263759000350186 0.07150542897306081 0.058062944952296996 0.03173442694884551 0.04987841777356364 0.08467943218089904 0.08952059102860987 0.028649098539257904 0.03301636185788979 0.039385567993439154 0.06299519328252673 0.04757491117773401 0.03871571625751538 0.09958758105748924 0.042339276657366476 0.022649725009990455 0.06823354585861298 0.02490061871592293 0.026624264564016967 0.011786171036906478 0.029547766370062234 0.06705688262056887 0.06260732418961341 0.08130848240309108 0.0028967714130809963 0.031728110090517
