NAME :TPP_input_15_4_3
NUM_VERTICES
57
NUM_CLUSTERS
15
Full Matrix
 10000.0 0.10005359119073745 0.04705181924917252 0.06570012855451068 0.01591765229474431 0.09193611011560146 0.03506371408991951 0.07026042522073572 0.013584060496119528 0.03133234645067645 0.050167589287144286 0.05050032371873488 0.0492134887699321 0.02591972860200073 0.07993687073282943 0.04523258435438594 0.03676553342493351 0.05902649484975906 0.07321633945474017 0.08477232662624758 0.08765713371898881 0.04474072054919603 0.027768393709751996 0.017152224127673265 0.05629513993865129 0.0662550626017539 0.027755918432038017 0.08057736513953712 0.08488090651883863 0.05979026443243097 0.0646038872193014 0.03690228472359736 0.06798133033604832 0.02518422703299202 0.07311934036692627 0.060852203160740075 0.07873963566194153 0.01247569865611056 0.029021400012902786 0.04255096821313552 0.08884891707900607 0.041661940782734094 0.1091509693256937 0.021088232492754648 0.04431540731992182 0.10866019147016791 0.10495931994325464 0.08347193237647452 0.041560820172696265 0.09300602625898573 0.07370841513173781 0.06376681727527309 0.0934241973252141 0.02931622052605908 0.030812313714715298 0.0702603532544675 0.022913361889529246
 0.10005359119073745 10000.0 0.05383596192630587 0.05053962639059472 0.09133278659147748 0.008117706156924333 0.10547399522661642 0.08099406871420228 0.10029108451034975 0.07370913086425988 0.06166608578176182 0.05160229315134463 0.06233548296669075 0.07414057149316658 0.0525933893258791 0.06612483098663005 0.06841116707347486 0.06106042148819644 0.03472009460919549 0.07750490672044813 0.026699732993024857 0.05913798824934969 0.08559644366185562 0.08314927098423783 0.05225490517092699 0.03611880087142196 0.0874013591052176 0.023386350346427286 0.03938890546437624 0.0407783971434765 0.03760083425151274 0.0631533291897636 0.05351181874519603 0.0807584564048326 0.07598955138359982 0.04370059244797405 0.024738403146491506 0.08835851591127637 0.07439163741070208 0.06256947988794877 0.027167421192568576 0.05894846749792666 0.016143090085343748 0.09538909519290542 0.07329365112888328 0.020952360458602888 0.020364678310561584 0.022690444998834575 0.05976021426366968 0.007395820553386867 0.045066895965806104 0.059067776413851907 0.020541747216864775 0.10172066016443139 0.070797224565401 0.03122779466422042 0.08003845318616941
 0.04705181924917252 0.05383596192630587 10000.0 0.025857702659748582 0.04166168835484135 0.04579565559930924 0.06198737361445025 0.06302306363467554 0.046468961523800645 0.02046482652877886 0.03141742076574004 0.01687794471789354 0.031149927814387912 0.02153043686926973 0.05284459263470794 0.019278783540394064 0.02552485411880617 0.0397171420661728 0.034888672698110273 0.07078635688034651 0.04765479443351815 0.02067922959240251 0.03308507710425045 0.029903648806419887 0.015617313637974344 0.01923220239872442 0.04261761566970287 0.037729098958078744 0.041208557460415025 0.013058057435581508 0.017581288200857387 0.011830803969732998 0.0423527591397413 0.03338572578754953 0.06172738092523337 0.024727680979562683 0.03168870678658336 0.03637732450657963 0.02700028385733417 0.011727126412949146 0.04257711855869003 0.012799967357517174 0.062103288489830696 0.04779877011839984 0.038526110780203106 0.06169521411760192 0.05803853472154809 0.03647524344578683 0.005960435795766034 0.04657304182632998 0.03166879320467076 0.029805284019764063 0.05148932134420457 0.05662892084857593 0.016964450165472864 0.023256817039242917 0.030722753137050016
 0.06570012855451068 0.05053962639059472 0.025857702659748582 10000.0 0.06466641502726174 0.0442077970160136 0.08676721757211545 0.08728793649753952 0.06022492896785806 0.03437902338454591 0.05616278277454142 0.04051655536908502 0.05605794752290651 0.04369607849300314 0.07165067880745793 0.02111888900882391 0.0513654820494835 0.06324045370168194 0.049399196924533886 0.09300085413123434 0.05743647649406433 0.046037124964797733 0.04223763696263579 0.04961619248901899 0.010543389766041142 0.020032271814378052 0.06765990951449925 0.045871632190353714 0.01977146319577373 0.02426432301084079 0.019837171033380098 0.03679971727221925 0.06334023962351099 0.058080051143845186 0.08520429598413157 0.044188983024426656 0.026347961445701867 0.05765075766802378 0.05208249424461332 0.023541491236049032 0.02764114503509869 0.038637820194171585 0.05175532357062844 0.07163500420725677 0.06425021699622871 0.04891850327474746 0.04510002520068861 0.027907615745891293 0.02796833335063068 0.043582311158873274 0.008316204928992649 0.008680393510080911 0.05802740641257677 0.08109330711418244 0.035966782758849306 0.02406988042382658 0.05473202908369277
 0.01591765229474431 0.09133278659147748 0.04166168835484135 0.06466641502726174 10000.0 0.08329287302605395 0.024121339960242745 0.054343559247739336 0.027733016397134214 0.03269574737264305 0.03609073751192371 0.03993693670348481 0.03513021181832039 0.02098015074796245 0.06536862389473734 0.04656494385289065 0.023938351818573258 0.04423886305273702 0.061477525127984683 0.06890603021732865 0.07582390643341248 0.032965325268503286 0.035280896762519554 0.017005601018674803 0.05434222672252734 0.06039826590321828 0.011878750925550529 0.07014158829607936 0.08238483019315145 0.05301055572652817 0.05878554763076918 0.029972455010673957 0.053659348273603594 0.011141922762239513 0.05724618294269077 0.04943273443304805 0.07237143984179312 0.008883026922534797 0.0170049387651303 0.04130064679660514 0.08417875086166282 0.03259965707121427 0.10217634670609076 0.0078080004523616246 0.028850311167119065 0.10252252721241158 0.09900568595065636 0.0774465427980337 0.037361745925471146 0.08468680609709792 0.07195003350286194 0.06485620295548988 0.08214766224256462 0.0179278694879418 0.028943960965932998 0.06361625083272307 0.011363921348953957
 0.09193611011560146 0.008117706156924333 0.04579565559930924 0.0442077970160136 0.08329287302605395 10000.0 0.09783451409714712 0.0753359028767708 0.09226327442857563 0.06578210056101683 0.05430666553120628 0.043660063500126266 0.054934830170028134 0.0660237567596624 0.04805142925111464 0.05865341192060217 0.060514301713272906 0.05439139363950053 0.028180575949753393 0.07313699713890674 0.023013099272735395 0.05126474858284953 0.07778889731236492 0.07503840369302088 0.04497006228404777 0.028456662277761717 0.07957887180078754 0.016783373817506674 0.03560423155558254 0.03274586196857289 0.02987655799960744 0.05503564719610664 0.04749631743682018 0.07277558339838464 0.07061868190657838 0.03615537103499237 0.01789823470183161 0.08024762901137401 0.06637634217092259 0.054770001541320855 0.023980044914737656 0.050861836525900324 0.021479645671846816 0.08745476303992855 0.06592221473175097 0.024845865214703274 0.02304132354799731 0.017138263055550138 0.051732974971294664 0.0024536907592868935 0.03955114120400654 0.0528551647920061 0.018638593069077163 0.09395569878205609 0.06274770975906795 0.023477313733651264 0.07198310297627071
 0.03506371408991951 0.10547399522661642 0.06198737361445025 0.08676721757211545 0.024121339960242745 0.09783451409714712 10000.0 0.04651583151766149 0.04862589900685338 0.05652363554014913 0.04422664026695309 0.05485609433426157 0.04345100039792603 0.043669146159843956 0.06789509080593842 0.07005164565799753 0.03826484313094291 0.04826531687334822 0.07209804128413509 0.062321123253321536 0.08529806669271807 0.047043736223531224 0.05920762811372662 0.041107428446074026 0.07624394217252786 0.07917211040200686 0.019414518107506558 0.08256930596407759 0.10317641561376124 0.07131269586722874 0.07767658910396975 0.05027076939309705 0.05824296042846352 0.02871456581327734 0.05144177802868709 0.06177729118129483 0.0901035841604789 0.032944821525572564 0.03498712842383145 0.06404690913461149 0.10317846114557201 0.0505221035678647 0.11829270669692842 0.016314312424657484 0.03287782362237381 0.11959630795051378 0.11636118868557693 0.0953442634448679 0.05882552112229706 0.09961892732713437 0.0934621391278757 0.08792091265784077 0.09241909806515756 0.006203539116149886 0.05209464969931015 0.08145139147372268 0.0321328185671251
 0.07026042522073572 0.08099406871420228 0.06302306363467554 0.08728793649753952 0.054343559247739336 0.0753359028767708 0.04651583151766149 10000.0 0.08120183371340463 0.07227146509907688 0.03161983450098752 0.046826722175602006 0.03195255491575234 0.05910370213307733 0.030007429906575702 0.08037008537408 0.04188471210896838 0.02419449409589434 0.047491031698085634 0.015805460360610927 0.05504741487517333 0.042574839850551834 0.08193259648272662 0.06410025942475847 0.07810502357918622 0.07075012775648688 0.042537409108761734 0.058634784641448764 0.09633872735260848 0.06387188041704318 0.06995013066988748 0.056306128207393114 0.02797302923636746 0.047014607666918416 0.006081160441578343 0.04482323053288514 0.07651966452129923 0.06036272843005191 0.04729328822268805 0.07222485543731837 0.09081195638271866 0.051187077708645896 0.09665816247994106 0.050605700822285674 0.028251008895231328 0.10011742566100217 0.09793170736486569 0.08122286191839376 0.06425368994756346 0.07769281187914824 0.09060363065299165 0.09263405911951315 0.06231681151365176 0.047788720161518 0.06565008368370855 0.07002030231383312 0.05107524992073099
 0.013584060496119528 0.10029108451034975 0.046468961523800645 0.06022492896785806 0.027733016397134214 0.09226327442857563 0.04862589900685338 0.08120183371340463 10000.0 0.027113368136889252 0.057575600580805825 0.0542513348177972 0.056668927207374827 0.028409773945125488 0.08726620784768149 0.03910701370727025 0.043678966726206234 0.06710158405226097 0.07717068604966977 0.09498990160095397 0.09136694643913143 0.05002987216691465 0.01849000658915797 0.019587418472917718 0.052072092035862355 0.06484069179560965 0.039426436007198806 0.08296089198269872 0.07994724509037562 0.059518504755865766 0.06323253894861566 0.03878307427583972 0.07517097748534184 0.03440212956326672 0.08345478250179562 0.0649023384916638 0.07730614360964534 0.020850981752574906 0.036145834242638696 0.0388901961984754 0.0856381464029079 0.044776298733624 0.10757841289161436 0.03408519396180517 0.05390655246123785 0.10633642528047269 0.10253424586544192 0.08159040511312068 0.04053197854864989 0.09299846269094367 0.06851050050964486 0.056680188190511786 0.09640803075759431 0.04280977227258633 0.02954568738194335 0.06937628336053046 0.030845922651017675
 0.03133234645067645 0.07370913086425988 0.02046482652877886 0.03437902338454591 0.03269574737264305 0.06578210056101683 0.05652363554014913 0.07227146509907688 0.027113368136889252 10000.0 0.04236558835749719 0.032838487596399735 0.04169825925528409 0.014103440286358375 0.06925908519432109 0.014192498941152648 0.030389971700678406 0.052113562467931834 0.05431680552325614 0.08310764865113077 0.06772252398522442 0.03192849164906539 0.012779270960806192 0.016048607654283627 0.025297880400154325 0.0378906348548958 0.03927802323401635 0.05813331041387305 0.053721815344852514 0.03318735735318438 0.03630953620550776 0.017378497660873266 0.057647838451398585 0.029844459508659115 0.07258271453835005 0.04289648197300611 0.05028277374443015 0.024505745306891206 0.026165515459320787 0.011801301238757845 0.05864482385765706 0.023905876733246817 0.08048228166255095 0.040353330444136325 0.044377252939062306 0.07923437109664508 0.07543779715063534 0.054492332935234984 0.014620501267609264 0.0663534344647306 0.04244853035736064 0.032814475054481713 0.07187003033943334 0.050417589205605164 0.00665735171218401 0.04256484125450089 0.025466763324799687
 0.050167589287144286 0.06166608578176182 0.03141742076574004 0.05616278277454142 0.03609073751192371 0.05430666553120628 0.04422664026695309 0.03161983450098752 0.057575600580805825 0.04236558835749719 10000.0 0.01576986618972788 0.0009617524047438804 0.030887083571380574 0.029841946064432617 0.048995214062950196 0.013899099551154556 0.00986764888146045 0.02787265277838012 0.04080196237934058 0.04136081173973435 0.011045044621698223 0.05349378841604888 0.03827103033895691 0.04665035299946662 0.041382416252142104 0.027964980178174784 0.03848373157312101 0.06726490141647665 0.03381892550652628 0.04029615582669142 0.025407004308515602 0.017819859522053144 0.025211388132713376 0.030741219675308237 0.018280394008842252 0.0497066449182651 0.03797167798110327 0.021517121098738438 0.040815514237769315 0.06385576719813296 0.019739420065080032 0.07536560774150891 0.03713994312771859 0.011627910279448017 0.07740412426566287 0.07450433930436626 0.05486010953436012 0.032788264161184966 0.05626866656573105 0.06022207343957614 0.06111746623819553 0.04832391447413383 0.04122056845099518 0.035737924048646334 0.04187082192992347 0.027351188077799335
 0.05050032371873488 0.05160229315134463 0.01687794471789354 0.04051655536908502 0.03993693670348481 0.043660063500126266 0.05485609433426157 0.046826722175602006 0.0542513348177972 0.032838487596399735 0.01576986618972788 10000.0 0.015788209480466005 0.025859683595309636 0.036726273726794954 0.035830373665113456 0.016892573118212774 0.023031394840039143 0.02296261651401072 0.05392457637211932 0.037307177092360394 0.007813298308520886 0.04534149660934997 0.0349553913519644 0.03132961247154178 0.025999129979185652 0.03607612806793315 0.030308204479263145 0.05175957066648883 0.018230603886468678 0.02479525730158745 0.01597599566830272 0.025683112923036315 0.029179825176068538 0.045107437634721956 0.010651580313393139 0.03556254052372841 0.03816494645413844 0.022932046214658313 0.02781313627226679 0.049274995504063564 0.009527967748827457 0.06353598384019057 0.043795458960174116 0.025453518045833182 0.06474200491557765 0.06153382409155385 0.04081091130783124 0.019999056484109868 0.045231574557467985 0.04445588579161619 0.04589461313726659 0.04292398860273814 0.05056563307113266 0.026914665705088922 0.027177192689973727 0.028828469555283044
 0.0492134887699321 0.06233548296669075 0.031149927814387912 0.05605794752290651 0.03513021181832039 0.054934830170028134 0.04345100039792603 0.03195255491575234 0.056668927207374827 0.04169825925528409 0.0009617524047438804 0.015788209480466005 10000.0 0.030081181154793368 0.03078260503457368 0.0485425396453724 0.013001143829953847 0.010663652563818916 0.028664068252632232 0.04142743819446355 0.04222410230223583 0.010628650264343151 0.05273951009524213 0.03739014869716358 0.04646259960058707 0.04154995754539231 0.02705481966763594 0.03919723884216543 0.06741460147179217 0.03392822582846976 0.040435121389807656 0.02482954892214418 0.01877059548677008 0.024250082726108787 0.031240338705552685 0.018846406584148673 0.050062968142213005 0.0370267994619202 0.020590721018471005 0.04036942780228598 0.06417323607539926 0.019290412351174308 0.07594304391527561 0.036211756689372036 0.010990538436473182 0.07792225772526062 0.07499553993356504 0.055232849370947606 0.03235750582387322 0.05687713386299242 0.060236625781710296 0.060896521997321415 0.04916112734362936 0.040378701976734904 0.03506045296991716 0.04215073802792488 0.026405870446101896
 0.02591972860200073 0.07414057149316658 0.02153043686926973 0.04369607849300314 0.02098015074796245 0.0660237567596624 0.043669146159843956 0.05910370213307733 0.028409773945125488 0.014103440286358375 0.030887083571380574 0.025859683595309636 0.030081181154793368 10000.0 0.05977209452183498 0.026519278607772187 0.017560396092351264 0.04074384181647092 0.048809347420567264 0.07088398727776953 0.06308334860139937 0.021956674006859633 0.02293354848907504 0.009220239091350267 0.033364120208471425 0.04073236838264721 0.02552693155411797 0.055167307740871134 0.06153181156013062 0.03396399761924737 0.039084678102207664 0.01101640781628524 0.04774643831802188 0.015902098986403237 0.05993623365287671 0.03650568175407329 0.05310640548252476 0.014851981597541895 0.012176800690341322 0.020458813543321283 0.06400111254478304 0.016445039941498676 0.08342945499347419 0.028026977730434246 0.030912549691587198 0.08319529999181484 0.07955518191788268 0.057973376213231904 0.01661031382849401 0.06708653891996444 0.050986701103764506 0.04426671489550496 0.06837154554406442 0.037754972449643036 0.00851100635181432 0.044514213941000906 0.011720209645487239
 0.07993687073282943 0.0525933893258791 0.05284459263470794 0.07165067880745793 0.06536862389473734 0.04805142925111464 0.06789509080593842 0.030007429906575702 0.08726620784768149 0.06925908519432109 0.029841946064432617 0.036726273726794954 0.03078260503457368 0.05977209452183498 10000.0 0.07212053658617074 0.04364746864033519 0.021158346546286757 0.023266168440959915 0.025086323586838488 0.025953168089916014 0.0379142393717087 0.08140196083585492 0.067795124789761 0.0648189266749368 0.05220367504134221 0.055741131240568835 0.03236528129618564 0.07530976427124796 0.047566965564645486 0.05202312552539071 0.05193673055058022 0.012095301823602342 0.05482403977412546 0.02431059835263252 0.028370808289366476 0.053816467939351846 0.06780710543256882 0.051341671719455674 0.06431797514692626 0.06727874733355449 0.04535993642695822 0.06864953878785288 0.06512650190996042 0.03720439215910647 0.07276946803944914 0.07109051005097097 0.05765764141840064 0.05667757562969774 0.0504979623032771 0.07247384385458633 0.07887408461459863 0.03288672081703752 0.06672318833791623 0.0629886686716682 0.04965814058038398 0.05718615039681743
 0.04523258435438594 0.06612483098663005 0.019278783540394064 0.02111888900882391 0.04656494385289065 0.05865341192060217 0.07005164565799753 0.08037008537408 0.03910701370727025 0.014192498941152648 0.048995214062950196 0.035830373665113456 0.0485425396453724 0.026519278607772187 0.07212053658617074 10000.0 0.039601978825373974 0.05804173122613658 0.05350845420649365 0.08935057751702993 0.0652835069617939 0.03795108582173456 0.02124415424978267 0.03020030853120072 0.01411307717063637 0.03025786352799946 0.052006014995635515 0.054484628920003414 0.04086274698065685 0.028396630752641174 0.028952013388422057 0.02425709279626892 0.06148781826236813 0.042310021359502605 0.07972577873585332 0.0439675563903969 0.04156802582768325 0.038617266526068374 0.037468168977343536 0.008184042300304614 0.047393915470279956 0.02925703729033324 0.07057433087555269 0.05408152105397965 0.05375923257286435 0.06855752978036414 0.06471559697394316 0.04495536753474266 0.016229162250064377 0.05875129594858039 0.02941412339451192 0.01863107528797897 0.06810071016401392 0.06403613204672556 0.018012589287141476 0.035295769171153984 0.038237321415772484
 0.03676553342493351 0.06841116707347486 0.02552485411880617 0.0513654820494835 0.023938351818573258 0.060514301713272906 0.03826484313094291 0.04188471210896838 0.043678966726206234 0.030389971700678406 0.013899099551154556 0.016892573118212774 0.013001143829953847 0.017560396092351264 0.04364746864033519 0.039601978825373974 10000.0 0.023558282448729907 0.0375435138038168 0.05332368731491478 0.051887283500597695 0.009291227025487677 0.040479832779988206 0.024404036738892795 0.040991327010893225 0.041090351211574706 0.019218426258305648 0.046500974144491294 0.06586439917843731 0.033177766345277346 0.039648301860020475 0.015476155854312793 0.03156577998828643 0.012821198255466485 0.0424276066064368 0.02559813449682118 0.05183889460049427 0.024380960539109108 0.007767683559473972 0.03177023476537199 0.06501903955745518 0.012907183616664247 0.08039060080563215 0.027008322619055024 0.014208191391064702 0.08144442657437667 0.07815613673440622 0.05707949222152776 0.024390600570006953 0.06211575645522581 0.05702021022529458 0.05457892006809096 0.058235587148571674 0.033739637612973175 0.023784258646047492 0.04319399305448326 0.013861932666165429
 0.05902649484975906 0.06106042148819644 0.0397171420661728 0.06324045370168194 0.04423886305273702 0.05439139363950053 0.04826531687334822 0.02419449409589434 0.06710158405226097 0.052113562467931834 0.00986764888146045 0.023031394840039143 0.010663652563818916 0.04074384181647092 0.021158346546286757 0.05804173122613658 0.023558282448729907 10000.0 0.026342023921987114 0.03133306500099582 0.037767914888554494 0.02036208771516409 0.06335444319205064 0.047958143615504885 0.054337570011325255 0.04660186133414992 0.0346724460299624 0.03773435076134794 0.07229962986471315 0.03967883092424432 0.045771863154192016 0.03497896851647643 0.010045985675222214 0.033847425082966835 0.02207699713002545 0.020899764891046852 0.053036180120222536 0.047095945617735814 0.030955792558789403 0.04986698690480133 0.06737494256380164 0.028971683682412964 0.07585005218209892 0.04406073259019506 0.01621870498652682 0.0786054351474725 0.07605021607368982 0.057937491356821295 0.041823476915162534 0.056583719379123536 0.06641019979225736 0.06890936886752456 0.045123909864477105 0.046364971001373226 0.04551047874797924 0.04609572199517832 0.036519013278064005
 0.07321633945474017 0.03472009460919549 0.034888672698110273 0.049399196924533886 0.061477525127984683 0.028180575949753393 0.07209804128413509 0.047491031698085634 0.07717068604966977 0.05431680552325614 0.02787265277838012 0.02296261651401072 0.028664068252632232 0.048809347420567264 0.023266168440959915 0.05350845420649365 0.0375435138038168 0.026342023921987114 10000.0 0.047417499199724794 0.014446137222920393 0.028654916304104692 0.0670817047730367 0.05791789219280145 0.04384771307670187 0.02950854581500407 0.05524913831295135 0.01142269213675671 0.05205081471192127 0.026196740177340496 0.02956353231783293 0.03855373039537792 0.01951885392307142 0.05036316081013488 0.043148665796104935 0.012381923691092112 0.030647788356656016 0.06078307640967795 0.04476780634742404 0.04655671035123873 0.04441598241680246 0.03239449581461219 0.04965887372637316 0.0640260990247075 0.03933521512195308 0.052748114587949195 0.05045914565558178 0.03473599633942632 0.04004054807910216 0.030447790598129368 0.0494945317541833 0.0571457828893894 0.02074373317722853 0.06898314718329558 0.04904223464238709 0.0265330003677013 0.050908661192277355
 0.08477232662624758 0.07750490672044813 0.07078635688034651 0.09300085413123434 0.06890603021732865 0.07313699713890674 0.062321123253321536 0.015805460360610927 0.09498990160095397 0.08310764865113077 0.04080196237934058 0.05392457637211932 0.04142743819446355 0.07088398727776953 0.025086323586838488 0.08935057751702993 0.05332368731491478 0.03133306500099582 0.047417499199724794 10000.0 0.05080518036320117 0.05165254424754607 0.09379552730717375 0.07695922075669784 0.08482589546345767 0.07465526808572467 0.0573077470034627 0.05730934074354362 0.09909004189403087 0.06879993289211718 0.07417638877891906 0.0661965181678733 0.02975580830927567 0.06058801913724705 0.01166342594983208 0.04886291632031317 0.07800087083008066 0.07418524182015802 0.059759857766331866 0.08118344909116024 0.0918260816890611 0.06029715389478366 0.09361301717753812 0.06579068953302987 0.04111398365234592 0.09783043086132011 0.09617667962174167 0.08215029335863709 0.07314446820588749 0.07558400648892005 0.09502772370863213 0.09934732342105095 0.05740407412008867 0.06350362646455718 0.07645916020535773 0.07287887010925163 0.06430057497846733
 0.08765713371898881 0.026699732993024857 0.04765479443351815 0.05743647649406433 0.07582390643341248 0.023013099272735395 0.08529806669271807 0.05504741487517333 0.09136694643913143 0.06772252398522442 0.04136081173973435 0.037307177092360394 0.04222410230223583 0.06308334860139937 0.025953168089916014 0.0652835069617939 0.051887283500597695 0.037767914888554494 0.014446137222920393 0.05080518036320117 10000.0 0.04308510748685713 0.08049480138770777 0.07223591617542785 0.053979226796753085 0.03767899558217501 0.06916671363621137 0.011565797614053791 0.05517375552194044 0.03694958046183399 0.03829892091304963 0.05262166695015379 0.028740781390204518 0.06469183231289237 0.04975848503973674 0.026807453525318808 0.03378395363250108 0.07522801205834115 0.05918680450861089 0.05900880970272378 0.04508704949642353 0.04663926720313563 0.0428168939070868 0.07810976684902458 0.05242484711727353 0.04720709387647079 0.045849410522128806 0.036146287100491725 0.05319032177961982 0.025448806071685877 0.05556145824842863 0.06582153459019323 0.007428413942954276 0.08256692158037543 0.0628083377649473 0.03336689539664457 0.06533716370216659
 0.04474072054919603 0.05913798824934969 0.02067922959240251 0.046037124964797733 0.032965325268503286 0.05126474858284953 0.047043736223531224 0.042574839850551834 0.05002987216691465 0.03192849164906539 0.011045044621698223 0.007813298308520886 0.010628650264343151 0.021956674006859633 0.0379142393717087 0.03795108582173456 0.009291227025487677 0.02036208771516409 0.028654916304104692 0.05165254424754607 0.04308510748685713 10000.0 0.04364016354537652 0.030444777240551266 0.036167643061762435 0.033276939910204036 0.02834064735044922 0.037253788297677615 0.05875162232023681 0.02537275824869286 0.03196269651153696 0.01464694036207277 0.02599121959797374 0.021958786356506135 0.041778064924500355 0.016473835729954308 0.043297394485596774 0.03226821978285421 0.016119487471083074 0.0297706884495467 0.056866777680903306 0.008699394184727885 0.07131687935964919 0.03629953686743883 0.01843468519611323 0.07255526334050305 0.06934397234323308 0.04854877253706133 0.02174402599385264 0.052899818407333876 0.05077178024983129 0.05048298021302215 0.04922395687375492 0.04279798674828048 0.025414331732533216 0.034817683592428414 0.022253833007922805
 0.027768393709751996 0.08559644366185562 0.03308507710425045 0.04223763696263579 0.035280896762519554 0.07778889731236492 0.05920762811372662 0.08193259648272662 0.01849000658915797 0.012779270960806192 0.05349378841604888 0.04534149660934997 0.05273951009524213 0.02293354848907504 0.08140196083585492 0.02124415424978267 0.040479832779988206 0.06335444319205064 0.0670817047730367 0.09379552730717375 0.08049480138770777 0.04364016354537652 10000.0 0.01910201043269046 0.03495975908503682 0.04951215651286433 0.044662628238244316 0.07081121022105674 0.062009010052013716 0.045513038911274006 0.04800169114716615 0.029528750310417615 0.06960417928501984 0.03638281553340957 0.08286871895872322 0.05556231302890038 0.06161041272022645 0.026402998749938927 0.034673221800511786 0.02302729360148109 0.06853567069767003 0.036136279905109085 0.09133400879932202 0.04301522396500968 0.05368684027977173 0.08959117146151281 0.08575598018829979 0.06545577926270273 0.027339057380662193 0.07820703227937928 0.05055368790068883 0.03823836848870499 0.08456536637471926 0.0530123527593774 0.018464451160958066 0.054368951500488885 0.03188349001014581
 0.017152224127673265 0.08314927098423783 0.029903648806419887 0.04961619248901899 0.017005601018674803 0.07503840369302088 0.041107428446074026 0.06410025942475847 0.019587418472917718 0.016048607654283627 0.03827103033895691 0.0349553913519644 0.03739014869716358 0.009220239091350267 0.067795124789761 0.03020030853120072 0.024404036738892795 0.047958143615504885 0.05791789219280145 0.07695922075669784 0.07223591617542785 0.030444777240551266 0.01910201043269046 10000.0 0.03977549349520454 0.04910286678131271 0.025566202914543097 0.06438684909690058 0.06835222303392592 0.042699406856129586 0.04745167586252953 0.02017217598725767 0.05570424961410169 0.01751615739911846 0.06565252072556926 0.04557486035428926 0.06158938883934037 0.008478279114385786 0.01724179597905832 0.026114750698857107 0.07182093603295936 0.025622413319621482 0.0920063477877588 0.024798337811730235 0.03600613392985963 0.09151620135772925 0.08782200544199585 0.06632202720933425 0.024426583502701604 0.07603593361901086 0.05738420605795928 0.04877054349363928 0.07758150316379091 0.03492441135279161 0.013898732635275326 0.05312947568110125 0.013134552332879378
 0.05629513993865129 0.05225490517092699 0.015617313637974344 0.010543389766041142 0.05434222672252734 0.04497006228404777 0.07624394217252786 0.07810502357918622 0.052072092035862355 0.025297880400154325 0.04665035299946662 0.03132961247154178 0.04646259960058707 0.033364120208471425 0.0648189266749368 0.01411307717063637 0.040991327010893225 0.054337570011325255 0.04384771307670187 0.08482589546345767 0.053979226796753085 0.036167643061762435 0.03495975908503682 0.03977549349520454 10000.0 0.01701206829571461 0.05711757602070573 0.04267915290006308 0.028602458706458136 0.01765171712656073 0.015979739501691854 0.026267971087769112 0.055522966876957444 0.04754708894645034 0.0764110265195039 0.03660993688362005 0.02757901253457469 0.04759418488832968 0.04153981754907204 0.013744757010125631 0.03363434086289126 0.02840591015085595 0.056495837468628345 0.061204432190688184 0.05414319131917183 0.05463144206397362 0.05079631842688275 0.030844624879371577 0.017429028519449823 0.044918511624258695 0.017665262135353025 0.014573140350670788 0.05589161329871903 0.07059659342997816 0.025938264254249332 0.022006277989998494 0.0442465360941336
 0.0662550626017539 0.03611880087142196 0.01923220239872442 0.020032271814378052 0.06039826590321828 0.028456662277761717 0.07917211040200686 0.07075012775648688 0.06484069179560965 0.0378906348548958 0.041382416252142104 0.025999129979185652 0.04154995754539231 0.04073236838264721 0.05220367504134221 0.03025786352799946 0.041090351211574706 0.04660186133414992 0.02950854581500407 0.07465526808572467 0.03767899558217501 0.033276939910204036 0.04951215651286433 0.04910286678131271 0.01701206829571461 10000.0 0.05981534726077522 0.02616999096986531 0.025893687770623213 0.007932024098522563 0.0016515234100138918 0.030461939935565042 0.044922606893202544 0.051248417227852554 0.06789744174818481 0.02609017340267522 0.012531451423575445 0.055557329266916276 0.04465121843627684 0.02650274020743196 0.024028836099748093 0.02868256004364958 0.04296624827377715 0.06602987807858655 0.05144143203442814 0.042466381241795886 0.0388242446729801 0.01724438239380152 0.024756881053224593 0.028723179912432534 0.020392656149872897 0.028195174016618748 0.0390280273529689 0.0742325306163955 0.035789474761393075 0.0050443303408394865 0.04918727893880338
 0.027755918432038017 0.0874013591052176 0.04261761566970287 0.06765990951449925 0.011878750925550529 0.07957887180078754 0.019414518107506558 0.042537409108761734 0.039426436007198806 0.03927802323401635 0.027964980178174784 0.03607612806793315 0.02705481966763594 0.02552693155411797 0.055741131240568835 0.052006014995635515 0.019218426258305648 0.0346724460299624 0.05524913831295135 0.0573077470034627 0.06916671363621137 0.02834064735044922 0.044662628238244316 0.025566202914543097 0.05711757602070573 0.05981534726077522 10000.0 0.06502698274292867 0.08378144755979476 0.051986202075710676 0.05830573927915174 0.030972045627435715 0.04454331022729994 0.009730798326043514 0.04564676173098618 0.04400855516537726 0.07092939791726403 0.019209211034983915 0.015639183703726713 0.045422457189981516 0.08383763123280558 0.031140115835482485 0.09960273322333252 0.009389022552922427 0.01854422908557701 0.10064662158188165 0.09733609722062313 0.07615435604658732 0.03969349330264944 0.081237211079424 0.07417559104828057 0.06931127447249841 0.0759489320166823 0.014530770126411326 0.03402918483630871 0.06222942282202841 0.013840083903138588
 0.08057736513953712 0.023386350346427286 0.037729098958078744 0.045871632190353714 0.07014158829607936 0.016783373817506674 0.08256930596407759 0.058634784641448764 0.08296089198269872 0.05813331041387305 0.03848373157312101 0.030308204479263145 0.03919723884216543 0.055167307740871134 0.03236528129618564 0.054484628920003414 0.046500974144491294 0.03773435076134794 0.01142269213675671 0.05730934074354362 0.011565797614053791 0.037253788297677615 0.07081121022105674 0.06438684909690058 0.04267915290006308 0.02616999096986531 0.06502698274292867 10000.0 0.044434078526697056 0.02609924261981064 0.026857746297868967 0.04429917299829426 0.0307355139522051 0.059206443229370506 0.05405016791447123 0.02102156684004797 0.0227704297531665 0.06836384153536745 0.05315987106920334 0.04866426812406062 0.0352311616571569 0.03893103831756358 0.03825126999859802 0.07344153316531317 0.050088707224821186 0.041484007771074985 0.039352259359383884 0.025808620599244932 0.04351312710681581 0.01908879822604114 0.044122678747471125 0.054271887785284155 0.013769722784766182 0.07911118074385588 0.053758570365144746 0.021801772650964932 0.05912542714455506
 0.08488090651883863 0.03938890546437624 0.041208557460415025 0.01977146319577373 0.08238483019315145 0.03560423155558254 0.10317641561376124 0.09633872735260848 0.07994724509037562 0.053721815344852514 0.06726490141647665 0.05175957066648883 0.06741460147179217 0.06153181156013062 0.07530976427124796 0.04086274698065685 0.06586439917843731 0.07229962986471315 0.05205081471192127 0.09909004189403087 0.05517375552194044 0.05875162232023681 0.062009010052013716 0.06835222303392592 0.028602458706458136 0.025893687770623213 0.08378144755979476 0.044434078526697056 10000.0 0.03352902750308189 0.02698165484564692 0.05300583163947334 0.06969358898483087 0.0745918570857876 0.09317336195884136 0.051516085635875904 0.021712384360803593 0.07604344292186692 0.06819514386642278 0.042341871245960436 0.012268852879787595 0.0530179102922705 0.03545561732357979 0.08887744272484895 0.07710362216887544 0.031377439679521446 0.02778725680493087 0.01914743226232122 0.0450233976111417 0.03400329286668292 0.011456021958687041 0.025517253152111133 0.05319314360626648 0.0978354456887925 0.054477687871072926 0.02638566281518663 0.07178149219502493
 0.05979026443243097 0.0407783971434765 0.013058057435581508 0.02426432301084079 0.05301055572652817 0.03274586196857289 0.07131269586722874 0.06387188041704318 0.059518504755865766 0.03318735735318438 0.03381892550652628 0.018230603886468678 0.03392822582846976 0.03396399761924737 0.047566965564645486 0.028396630752641174 0.033177766345277346 0.03967883092424432 0.026196740177340496 0.06879993289211718 0.03694958046183399 0.02537275824869286 0.045513038911274006 0.042699406856129586 0.01765171712656073 0.007932024098522563 0.051986202075710676 0.02609924261981064 0.03352902750308189 10000.0 0.0065936958260843686 0.02329100365797811 0.03909503553173424 0.04357051603713453 0.06136994484318294 0.01994476087877689 0.019363274514309105 0.048645522577479304 0.03695992358778956 0.022794717539095233 0.03186663971657755 0.02090165722602288 0.049489307770713434 0.05840530138397142 0.04361344669145717 0.04952846711559559 0.04599534810784515 0.024450442950115073 0.018987179412391513 0.03351872856639645 0.02673178749104897 0.03131790995087862 0.03977280385615669 0.06643978658255405 0.03002171354373306 0.010627210662849733 0.0417146225925859
 0.0646038872193014 0.03760083425151274 0.017581288200857387 0.019837171033380098 0.05878554763076918 0.02987655799960744 0.07767658910396975 0.06995013066988748 0.06323253894861566 0.03630953620550776 0.04029615582669142 0.02479525730158745 0.040435121389807656 0.039084678102207664 0.05202312552539071 0.028952013388422057 0.039648301860020475 0.045771863154192016 0.02956353231783293 0.07417638877891906 0.03829892091304963 0.03196269651153696 0.04800169114716615 0.04745167586252953 0.015979739501691854 0.0016515234100138918 0.05830573927915174 0.026857746297868967 0.02698165484564692 0.0065936958260843686 10000.0 0.028838595651970805 0.044422754237829 0.049688105530213085 0.06721300472707192 0.02545076435691708 0.014173397329337591 0.053912034045295994 0.04309657086524358 0.024979460192562603 0.025567395197793583 0.027166076231625067 0.04461078786901741 0.06445391844780723 0.050202016020464625 0.04411603270474539 0.0404708582603845 0.01889450300194537 0.02311054593956327 0.03020820405722535 0.020869842306203947 0.027778083653278357 0.03992343609639605 0.07270438213918155 0.03414937907948769 0.006399533503567805 0.04758814899758473
 0.03690228472359736 0.0631533291897636 0.011830803969732998 0.03679971727221925 0.029972455010673957 0.05503564719610664 0.05027076939309705 0.056306128207393114 0.03878307427583972 0.017378497660873266 0.025407004308515602 0.01597599566830272 0.02482954892214418 0.01101640781628524 0.05193673055058022 0.02425709279626892 0.015476155854312793 0.03497896851647643 0.03855373039537792 0.0661965181678733 0.05262166695015379 0.01464694036207277 0.029528750310417615 0.02017217598725767 0.026267971087769112 0.030461939935565042 0.030972045627435715 0.04429917299829426 0.05300583163947334 0.02329100365797811 0.028838595651970805 10000.0 0.04027251926414533 0.021598742064946365 0.05603621731081889 0.02649797731281101 0.042609275700564095 0.025393647155492263 0.015336575636199126 0.016312404094023385 0.05421051759609205 0.0066077141724613046 0.07276175748232958 0.03597209939600754 0.02953548586632642 0.07277523627530268 0.069198816834875 0.04760335326205158 0.009050275646443477 0.05613421273326239 0.04320637813721994 0.03930491190548725 0.05764465290471731 0.044837247357670036 0.011068525369964796 0.03391210981582671 0.01891148080261378
 0.06798133033604832 0.05351181874519603 0.0423527591397413 0.06334023962351099 0.053659348273603594 0.04749631743682018 0.05824296042846352 0.02797302923636746 0.07517097748534184 0.057647838451398585 0.017819859522053144 0.025683112923036315 0.01877059548677008 0.04774643831802188 0.012095301823602342 0.06148781826236813 0.03156577998828643 0.010045985675222214 0.01951885392307142 0.02975580830927567 0.028740781390204518 0.02599121959797374 0.06960417928501984 0.05570424961410169 0.055522966876957444 0.044922606893202544 0.04454331022729994 0.0307355139522051 0.06969358898483087 0.03909503553173424 0.044422754237829 0.04027251926414533 10000.0 0.04294890088656963 0.023811647642987755 0.019152336951226784 0.0490944249980769 0.05578618893719121 0.03927761118389754 0.05349596698685316 0.06325821789022165 0.03376614124795579 0.06891384987411607 0.05391760307097297 0.026208133371367234 0.072207295090443 0.06997093280297259 0.053601026020508445 0.04565060591065824 0.049822498041885134 0.06528042383116395 0.06993611893459506 0.036168136803549814 0.056410910453830676 0.051267396061971705 0.04334738155252987 0.04516730273248929
 0.02518422703299202 0.0807584564048326 0.03338572578754953 0.058080051143845186 0.011141922762239513 0.07277558339838464 0.02871456581327734 0.047014607666918416 0.03440212956326672 0.029844459508659115 0.025211388132713376 0.029179825176068538 0.024250082726108787 0.015902098986403237 0.05482403977412546 0.042310021359502605 0.012821198255466485 0.033847425082966835 0.05036316081013488 0.06058801913724705 0.06469183231289237 0.021958786356506135 0.03638281553340957 0.01751615739911846 0.04754708894645034 0.051248417227852554 0.009730798326043514 0.059206443229370506 0.0745918570857876 0.04357051603713453 0.049688105530213085 0.021598742064946365 0.04294890088656963 10000.0 0.04906047573006507 0.03838689713972455 0.06279950112896703 0.013633518676700205 0.006612301496202572 0.03569515953743718 0.07525185635699061 0.02271181590838063 0.09213831774893093 0.01487526319118016 0.01953459534289562 0.09280568862707426 0.08938424846780234 0.06796875148726805 0.03012071701236844 0.07426577675067808 0.06475509380312491 0.05958896969663152 0.0710558597118819 0.023243602441802406 0.02437086469198086 0.054038944151137726 0.004524675888687708
