NAME :TPP_input_28_4_1
NUM_VERTICES
109
NUM_CLUSTERS
28
Full Matrix
 10000.0 0.0532723110471961 0.09484383756818253 0.04173420883983299 0.048940376717571274 0.06201180166829247 0.05447691621092424 0.058802875178216675 0.05425791816754741 0.02902002548677372 0.05332070025661988 0.04694704166899948 0.04487576186202216 0.08750194255857434 0.07674997218840361 0.04519537471171688 0.07543906613714596 0.055547267980128996 0.05985995553560079 0.05452804912958947 0.04694651744723495 0.05505723431638567 0.026283460084222176 0.10100779503015704 0.05037074481022182 0.04519499610857847 0.05877804558320949 0.05146866647052757 0.03847693095075462 0.0835736777096746 0.04559954745530308 0.08546410426511984 0.018912920817114643 0.09687497220225914 0.05698510282990633 0.02212496088170516 0.05050765818006366 0.015671815764082508 0.07818675031640766 0.02344890112454134 0.01200544001568387 0.0963747845727845 0.027253883994044176 0.015457258860468054 0.06250707526646222 0.01834214642651256 0.03245021991945991 0.023345457728246404 0.03744969587151524 0.014974054905389948 0.07646933822709352 0.046384044328827166 0.05821306549541064 0.08322147040595572 0.09667587532958354 0.0634057589838932 0.036777279447418806 0.04792812180139612 0.02569530378450472 0.06784102885769054 0.07235319784520543 0.014782997841895405 0.07595639137687278 0.041643075484295515 0.06071634974392669 0.01652548238721705 0.04833438911807556 0.04084665706574741 0.09002219518016014 0.0518337216483644 0.047113174977621436 0.09822828887872727 0.05728829573365547 0.08944250968599426 0.08160070913194474 0.08975333139332325 0.02820354046817532 0.052206614391026314 0.05902990565415886 0.09384155153544695 0.08627844279154005 0.05380536080146754 0.04968126816869437 0.029071401463562976 0.06189663178390779 0.022410195488550416 0.07151683947071015 0.05596394783313515 0.03411849657464409 0.06736064208867919 0.08993676945231367 0.028728944980078275 0.05756773130589111 0.019744092091634642 0.05601652194704727 0.023993838550639357 0.04228933019395288 0.09572457809010977 0.06659726352452836 0.032275505503893784 0.07653796589921685 0.085455575841037 0.06078732302905617 0.07607695367305277 0.03277307000933936 0.05603159917529327 0.0919370715615025 0.1100007158924477 0.024416389937705032
 0.0532723110471961 10000.0 0.0826924594896034 0.02059274862030803 0.03215723059574141 0.051725731700583685 0.018796513430968703 0.015553860199175608 0.022962831562908997 0.02585056456729162 0.0041257824623802215 0.027951432655086577 0.026486960567763902 0.03474639844922326 0.07008563946239026 0.07802250015832556 0.07195356329157611 0.005301778414469356 0.028466312040404014 0.05740453940049455 0.04882910718318632 0.05105805397389108 0.028480694673946663 0.0863227854943214 0.07434146562500898 0.01429004534283694 0.0058496513272234 0.07211950541265064 0.01629412409435848 0.03044629543538444 0.03794827040999906 0.047012727605848834 0.06153818984071477 0.04404986433250416 0.06549840235838197 0.037263223270407 0.05416340525022426 0.05821444620380508 0.025112623445928618 0.06517484634703755 0.05306320801607763 0.04426269169748673 0.03312077317967263 0.04712303416030783 0.02625957048975233 0.051061495787499925 0.030280188234101967 0.06376910693664953 0.042865413216831974 0.062093320625388436 0.07269494973360495 0.04022540350637821 0.011246503240586483 0.055657586511198 0.04425743234917445 0.01672390450207074 0.057937996980972434 0.006912514738121369 0.03843361096207662 0.03383013766738737 0.07161640314834627 0.04173134924956287 0.03353295079051624 0.07735696460057194 0.013644597269595568 0.05500764062990397 0.03795516473729093 0.014510605309820663 0.0495475498478469 0.0682354830941876 0.07362181304215117 0.07750667625125858 0.046308134632007655 0.03660339198195527 0.031548640053648824 0.06526042621476431 0.053962657137480934 0.04589151715891796 0.01272313988727507 0.06573802566521905 0.07721302409889433 0.05939745158995269 0.07263542654604477 0.054657688601561165 0.02578703651520792 0.03341633274328158 0.018371479275184985 0.06385030652441494 0.0698807965428192 0.02377048534256012 0.06869104786371825 0.034183802095868764 0.031012809521651415 0.04470549970072494 0.04819524802762763 0.038910392065661256 0.048670659315355386 0.06683469390387081 0.013468574293811398 0.02698492074006704 0.05195641004977345 0.0553779039934923 0.007612925456002668 0.04483269130736395 0.027129935800704507 0.015247666188815134 0.04780921134907687 0.058336479850110964 0.04210442191712058
 0.09484383756818253 0.0826924594896034 10000.0 0.09761202153853923 0.05394914084643662 0.03441693207591883 0.10121538831452093 0.06803070500956868 0.0598750311927883 0.07813353641527898 0.08679687477650305 0.10726091212136528 0.10502777174692632 0.08495842908299421 0.018292178262678774 0.06989839623582406 0.020750207790474155 0.07801872860607659 0.05429385826524113 0.04062140540827561 0.04798357270483871 0.0401314490141464 0.07904847985051842 0.006785951897278474 0.05799607197906933 0.09327259291917538 0.08123983374990121 0.05401599892841861 0.07716913485401519 0.09361495491097695 0.05256644845587722 0.048964941007872916 0.08301916976062135 0.08910662820102826 0.041067618931428754 0.09926414476756212 0.044437214592087194 0.08348152474086971 0.0845990803369479 0.0816812351770646 0.08384687460422359 0.0843113412578147 0.09939974448458583 0.07939473303029883 0.057299375832275595 0.07706092807191378 0.10079460383811154 0.08025402400476139 0.05790796347182072 0.0881802119844312 0.019793777934929754 0.05086740035997809 0.07267147423550102 0.03171668179736661 0.08616290568866002 0.0696304065164766 0.06073563026972815 0.08660434975515517 0.07084417634866827 0.05061357579749285 0.024764359607494874 0.09694504453528786 0.05838873387688626 0.07390970577423214 0.07142038473899984 0.08044727488874424 0.11634008550058254 0.07618776171122647 0.05210413159937116 0.04977077383133324 0.061529471558175695 0.014906804882109497 0.04013247461691767 0.0862413151691356 0.07317202016492856 0.02353516596725042 0.06812780427569352 0.12418304187262721 0.09495932423308821 0.028658391139838375 0.008927527770056707 0.04195652176838868 0.05696581890813106 0.06750661379859497 0.05762638620252059 0.09427237716499556 0.08364358019667449 0.04136139035067077 0.07400727783047459 0.06352028491923876 0.01799447029389519 0.06985965076631012 0.051801709646263315 0.07524214976168742 0.04017375768997387 0.10269774802857479 0.05255678492694324 0.029820473791967762 0.08689555973819271 0.09691806912050603 0.03198780714358596 0.0346571902775853 0.08488930374726684 0.04138486092513576 0.07091190734004246 0.09793234147833485 0.059630574645188145 0.08794018567816368 0.07093149349018692
 0.04173420883983299 0.02059274862030803 0.09761202153853923 10000.0 0.04386626461868262 0.06416265467569103 0.012759594486698328 0.03488445524056555 0.03886164229001174 0.023950507703079858 0.01776036546538793 0.009795468505101431 0.007434655542929942 0.05315693297799474 0.08278736888279713 0.0772484557996144 0.08375575765952334 0.025612971589670675 0.045410478019822884 0.0658219230502514 0.05640019822982567 0.06118291129281773 0.0251235985004895 0.10205744159499086 0.07671439419762723 0.00635922253887339 0.02599974563102071 0.07555067702103335 0.02065528251183603 0.04585921648827508 0.04712692250532324 0.06697006253058582 0.05540116094817379 0.06203824401147083 0.07274099912245063 0.02092840312416446 0.061885209331590425 0.05165729021149242 0.04331616728156641 0.059791429916348456 0.04601690815954072 0.06314484726498341 0.01570889622586474 0.04178317096635929 0.044585911619220986 0.04673572666676622 0.011219309866111646 0.05876900192326046 0.04767272146845715 0.054153997641593205 0.08463347076184609 0.04931561666041267 0.03124958150941945 0.0735978009529388 0.06282384058093958 0.03706367883212392 0.05959072119863215 0.0138133031243842 0.03790766350046894 0.05219435141987523 0.0825045763215272 0.02749323809294198 0.05377318985395617 0.07537934243111132 0.03388712978033936 0.04942298148646293 0.018863098027454665 0.021429412159122994 0.06983815494276373 0.0728878373738276 0.07498189222002208 0.09453730783636098 0.058343560805371224 0.054804193455010704 0.051804128322521195 0.08282065540582477 0.053122883435306543 0.026859642349467455 0.01905043114842824 0.08416694707385873 0.09101831814038125 0.06706215091560613 0.07525378416522632 0.05402630288164819 0.044014202352073435 0.019326086005267015 0.03681238799969568 0.07115925305576348 0.06733523377302905 0.04386423339166991 0.08555425501657506 0.035140601887943664 0.04654806458556078 0.04132110664728163 0.059333835952371156 0.021208667735729155 0.054443805057088845 0.08546721786173973 0.030324396277418543 0.009620938114915841 0.06891826738955362 0.07391144223375722 0.02564128886292123 0.06317503431388813 0.02991601794880949 0.014922361477924228 0.06838150478457533 0.07729613916569392 0.04098200238168011
 0.048940376717571274 0.03215723059574141 0.05394914084643662 0.04386626461868262 10000.0 0.0203624876627369 0.04912468131598071 0.022259759872463192 0.011792701100978105 0.025067050030894 0.03587987374101882 0.053613210131762484 0.0513009009767611 0.052320659477126 0.039027267508877986 0.0528355971021033 0.04034245369493864 0.02891001520098523 0.013262566376248347 0.02559062727461071 0.01802691204215653 0.018909375177954216 0.026597628178166587 0.058768710751640356 0.04607028871209609 0.04004689413512362 0.03315840640860491 0.04301149840027973 0.023272031292789458 0.05490389890930159 0.0073423338993928 0.03735505332797165 0.046271623376708655 0.060692480721952866 0.03398885476516835 0.04669611516557926 0.022837300832559488 0.04441335958463936 0.046168671018515184 0.04799555069892602 0.04153822884007804 0.058119824183446286 0.04604160686902538 0.03513355671731476 0.017680893972142966 0.035964093014410205 0.04699242830806133 0.04629497225738202 0.016880105264275847 0.04952221141916971 0.04115948859544313 0.009183969069651986 0.025702434565703747 0.03471114575232771 0.05917325978819648 0.02668086818119315 0.032334891866751495 0.03420263809862029 0.023545132200921026 0.020146852623763905 0.03964311390447305 0.04596848466299001 0.030821406600812718 0.053692684572035715 0.02622480591534388 0.04058736518721575 0.06245978764724276 0.022493769195134336 0.04226934496850199 0.038323631680870836 0.04643370445110987 0.05266774636431578 0.014606184698085892 0.05428244839386991 0.04210446042604353 0.042325348019342346 0.03268091653753686 0.07025799954937961 0.044851206235353706 0.045563962810675075 0.04715454627997352 0.027869742007812535 0.044248307660035055 0.03288908666159187 0.017283203319202925 0.041549414477174806 0.04160809231623544 0.032356484922066435 0.047857222015415105 0.025709781738432365 0.04376372901100935 0.02022106176305284 0.009449800689891902 0.030753719054978073 0.016118014095423246 0.049973348412915786 0.01973705125220603 0.04733215519602141 0.04136620442330339 0.04306882853076878 0.028405719160924388 0.03663808142846093 0.0370869150675493 0.027160369640362593 0.018145123494551954 0.046568470823141174 0.04567106118038072 0.06951194428340143 0.025921056667562753
 0.06201180166829247 0.051725731700583685 0.03441693207591883 0.06416265467569103 0.0203624876627369 10000.0 0.06931750588150462 0.03918351620254403 0.02913304741399276 0.04374821679851696 0.055639352133279044 0.07393146750014055 0.07159461494125141 0.06473360275927378 0.018665102724597257 0.04925807575471101 0.020227857500665254 0.04781697082554254 0.02570317665160895 0.0140032492713127 0.015855056603775293 0.007842796128662856 0.04463159221911093 0.039882730046300545 0.03905275525378184 0.06040553481404718 0.051733684139116914 0.034997777011288644 0.04351694269777425 0.07010751438944605 0.018149686667098132 0.03755106828409617 0.05327283748370103 0.0716799182481154 0.021393405104397606 0.06485831722867341 0.015208973915281332 0.05279711602760438 0.06088823995602591 0.05321466345891982 0.05194658708067751 0.06799009237690089 0.06501182757552622 0.0466678002094223 0.030190307417786454 0.0452852943060708 0.06655863543936977 0.051574449252687914 0.024563524852106406 0.05787079125202098 0.02097709430063311 0.016503761959526863 0.043470725015867434 0.025564228602692845 0.06945666105771899 0.042412245542342596 0.03265207369891808 0.054405901903606814 0.03700827253044975 0.026764190228918027 0.020208503332604655 0.06275179248425115 0.038454839506208 0.05180893722261187 0.04311365978948727 0.04930425274290501 0.08263022600015146 0.04284403899004122 0.04267948926213255 0.029524753218167762 0.041084700081769704 0.03623755493179489 0.005836546461855174 0.06649729172958674 0.05306707040202227 0.029035998878694704 0.03784153324921437 0.09034349917036524 0.0644315962073154 0.03436563309701269 0.027016950541087638 0.01692601702494671 0.037334554278482056 0.03749962552246951 0.030209796215717864 0.059856753115441384 0.057764050831904626 0.020203722505892266 0.04866371063110332 0.038451725899126474 0.028204079627025914 0.03560833446390585 0.021679171511391464 0.042278855393625484 0.006009041050989454 0.0682860319488335 0.020765647299836033 0.03642923484186157 0.059070089770181695 0.06273191735516252 0.018841266383544882 0.029126894162790986 0.055646709274427324 0.025052745805360068 0.0365239640090059 0.06656124684450092 0.04869682921820031 0.07668703662141968 0.03762910191576468
 0.05447691621092424 0.018796513430968703 0.10121538831452093 0.012759594486698328 0.04912468131598071 0.06931750588150462 10000.0 0.03429090485246228 0.04134057908377001 0.03408504598056236 0.014689734897590416 0.012652426973782164 0.012741801800120484 0.04459161244948272 0.0879083913277441 0.0883419245113222 0.08944629248763969 0.02392836366045289 0.04716229707864354 0.07321400464225782 0.06406658257089826 0.06763586379596498 0.03584550693218841 0.10500582193405236 0.08678416293812317 0.010745267926166787 0.02209094017920516 0.08521991030249328 0.02776692916352627 0.03561276888443557 0.05381942724813583 0.06496487069572932 0.06759367744401114 0.052822427774275586 0.0807725321112242 0.033535053339456604 0.0695642436666616 0.06389277652624636 0.03507934799001907 0.0718760483365957 0.058281576441042794 0.054717333296784874 0.028233560282980786 0.05364101612041993 0.04505285835223595 0.058439262024877814 0.023358080986794656 0.07076680255792313 0.0563804158131613 0.0666292171881822 0.09024544624799986 0.05610388013155764 0.029823218952995265 0.0744321409295801 0.05409067706925067 0.0347450268868901 0.06972740443155039 0.014923140710653324 0.04831197209050461 0.05260415335717468 0.08872848135752791 0.04023798986629489 0.05127981119465949 0.08679351554335962 0.031926828070740335 0.06144614774346466 0.021765658557573345 0.027456828182459134 0.06697545202326255 0.0820511621967393 0.08538824388646285 0.09630162616454116 0.06367720259146535 0.04599130516319396 0.04580775954667274 0.08405181806457286 0.06397648444729116 0.02905473046971815 0.009507164112053138 0.08441949304964895 0.09542987084240467 0.07483398483471668 0.08522242949014835 0.0648302576896568 0.04458320805638741 0.032076804510282435 0.029334192492400414 0.07914385105172113 0.07883522301119945 0.04191615954900457 0.087476306578501 0.04492690279468734 0.04941633318724444 0.05268173270447505 0.06520215498491508 0.03344804628013391 0.06288702351296821 0.08546146315510628 0.02255082560308445 0.02235162575452942 0.07073288729643372 0.07406064300651061 0.019853774538280602 0.06358001557507316 0.03872612817327451 0.004405984065337964 0.0642031697906453 0.06866235652243186 0.05167130424251311
 0.058802875178216675 0.015553860199175608 0.06803070500956868 0.03488445524056555 0.022259759872463192 0.03918351620254403 0.03429090485246228 10000.0 0.010590426643733114 0.029812882739592796 0.01961251881940939 0.04315471879946243 0.04147238716976062 0.03126099638260394 0.05676114965330729 0.07390892850463754 0.05913735794600651 0.010365940211286943 0.013949729798708647 0.047528486206196825 0.04028106887270724 0.04029442397983505 0.03252609308472733 0.07130853835303476 0.06805554658907319 0.02896829950941124 0.01320913033192314 0.06515573604879403 0.020982726838196936 0.03266591204408507 0.029390733104925154 0.03210272694829223 0.06243830828699092 0.040250824349556825 0.056049584960989364 0.047543857937065795 0.045041838699219745 0.05968610460989751 0.024103504760610375 0.0652536502575779 0.05535280951577883 0.038638730344228545 0.044486893308655906 0.048821038632148886 0.010872708841114687 0.05155302025874509 0.04289420694102153 0.06365522098295488 0.0373064953806604 0.0643022129577061 0.059776924293378185 0.0314042601719914 0.004646799760723138 0.04014561083019586 0.03931105341570669 0.004978183542218942 0.05322343125912239 0.021324519197183388 0.03791356489116416 0.0183233116479505 0.05939187718636178 0.05020206555876424 0.01923274033854427 0.07417712311356621 0.004014357981271814 0.05603632075433606 0.0531050480478987 0.018607965791465918 0.035206230045325096 0.060561413053452494 0.0681242562379252 0.062123422782886364 0.034393821710611186 0.03327259351801402 0.023053929587541808 0.04979236015481589 0.051522098695135986 0.06110912651070082 0.027044574247290686 0.050184704317473565 0.06314584117016767 0.049967896172770414 0.06624957450850315 0.05199002426105339 0.010468652488386913 0.042846125388635706 0.019356272527757266 0.054436322287099805 0.06752254051379095 0.009366607036314567 0.05338480844193479 0.03343792045695259 0.017519745504720713 0.045291038483500266 0.03684691780152848 0.04993696724917311 0.041591670063916425 0.05129252131135961 0.01988657392153474 0.03910714017779042 0.036729090732333096 0.039824947953479906 0.01691272509865618 0.029291047706356346 0.027053383299821303 0.030515832963891792 0.0347840335694431 0.05162621673063458 0.0413874726520717
 0.05425791816754741 0.022962831562908997 0.0598750311927883 0.03886164229001174 0.011792701100978105 0.02913304741399276 0.04134057908377001 0.010590426643733114 10000.0 0.02647532909915128 0.027018767268868767 0.04812628054562411 0.046083148192094324 0.04070430226114276 0.04722809304560427 0.06422266660720277 0.0492964270588231 0.018726440055190183 0.006729453513415006 0.036939322226842985 0.02980409741183268 0.029749034997954893 0.028843230361788166 0.06377636777327737 0.05782340866990792 0.03383709463559305 0.02260241838453207 0.054801069168803326 0.020263818159015276 0.04314330182825114 0.019063749624321114 0.031718073234339256 0.05505537303651822 0.04927493766217631 0.04545946328590667 0.04698642374801016 0.03447692970521975 0.052680244765083796 0.03437610553323576 0.057392649320162255 0.04894412949666527 0.046997136878502425 0.04501180262874429 0.04234143361432447 0.00824926996998928 0.04428620273286545 0.0446346931222264 0.05573390008595454 0.027735922990342936 0.05757568709852212 0.04999352556296201 0.02097637530170684 0.014472642701793692 0.03487076781429199 0.047931356664782244 0.014888497446834811 0.043577321897192 0.02682051128493951 0.03080608538435439 0.014496181793864759 0.049277693863295405 0.04809590258834536 0.021844719080875485 0.06480204415468277 0.014599623553519714 0.048902107329537765 0.0577040754588728 0.01842560328657399 0.035967145877452006 0.05010774373935992 0.05808120999297726 0.05571798880599483 0.024060448297505907 0.042684393607734905 0.030970570634487125 0.04396855010233353 0.04281236031208499 0.0657173797005191 0.035534278924762325 0.04561173939906738 0.05425111241789066 0.039380424628923105 0.05600545059475024 0.043168252027490174 0.007641543109713984 0.04191813237213832 0.029929106778280125 0.04384699584842682 0.05853573874996334 0.014666138932852858 0.04675393544862501 0.026582825462891115 0.008078783858910669 0.03835281410263604 0.026379890187529335 0.04987388883259717 0.03141156486708431 0.04704592114013122 0.030215918057085133 0.040649415361181614 0.030066948054428506 0.03555054539982425 0.026521364644640208 0.024868668246893225 0.02148493416914959 0.03813248715888255 0.037722026958973955 0.059030162512115215 0.03394219173491171
 0.02902002548677372 0.02585056456729162 0.07813353641527898 0.023950507703079858 0.025067050030894 0.04374821679851696 0.03408504598056236 0.029812882739592796 0.02647532909915128 10000.0 0.027089313530712377 0.033287508089976624 0.03075961659271154 0.058908907665778505 0.061779620846288116 0.054323514125101696 0.062087260914536924 0.027115467084508883 0.032780352541096125 0.042841274415228905 0.033375756666643074 0.03926624486041379 0.0027703704321240304 0.0833440180353707 0.052905401704221304 0.02334026777198679 0.030801440952708717 0.05162383499853303 0.009802022995919436 0.05617081923545754 0.025659304201066428 0.05819324680853009 0.03572609707462889 0.06826433448470395 0.049218320397857285 0.021632300698618687 0.0387360315925896 0.03236680522044292 0.04990100445229865 0.03948946169546596 0.02723591451115352 0.06751328617068819 0.021266444917754014 0.02129387729629155 0.03456248224769797 0.025442352930562566 0.023112549880693174 0.03814851549621708 0.024024411801623187 0.036289311337591834 0.06303253410853868 0.027560564470907507 0.029255291497912107 0.05924994932857644 0.06789461440349384 0.03438578091349974 0.03578736670223696 0.022232551313562304 0.01422999594008189 0.04082118182801026 0.06031058582813765 0.021672828832731812 0.0475519897971518 0.05298569602122688 0.031716104140364056 0.029213475401521086 0.04042391221080986 0.012051133560056842 0.06238782669098135 0.04895103674004916 0.051356893544758454 0.07771973069660729 0.03800106444741375 0.06088230276929783 0.05258725722941916 0.0672972632674591 0.029924622566889682 0.047641820671768295 0.034836326053688534 0.07017227157421532 0.07067017389003068 0.04376488853155887 0.05140371537012194 0.030763703532617703 0.033930952126712814 0.01648248518487553 0.04339550832032515 0.04767753005026212 0.04516075176532035 0.038559825607121 0.06882894858547192 0.01119109636489411 0.031614897525167204 0.01922126317947574 0.03821292886719707 0.024911274257233402 0.030859789854527205 0.07183770829136012 0.039280778859535945 0.019521095332773613 0.05326826197348795 0.060704733868235314 0.0334422296646256 0.05042275008695275 0.007224253683550769 0.03366161758712372 0.06357229154203581 0.08103024840840843 0.017611904517018533
 0.05332070025661988 0.0041257824623802215 0.08679687477650305 0.01776036546538793 0.03587987374101882 0.055639352133279044 0.014689734897590416 0.01961251881940939 0.027018767268868767 0.027089313530712377 10000.0 0.024340981901560508 0.023056307081022392 0.03598524161964455 0.07406098094414139 0.08031837942125364 0.07586210541354421 0.009267501324573654 0.032587866591440716 0.060918889183270326 0.052182882233498866 0.05473880350859825 0.029568620891557092 0.09044595229900068 0.07711559668024978 0.011411624968363818 0.008341351953341503 0.07503961539962616 0.018078820400951382 0.03033284185886716 0.041414814381248936 0.050775617022410804 0.06276947655236184 0.045128888906257235 0.06890558169558705 0.0359716947354039 0.05757332805112291 0.05933406253236743 0.02616581173569903 0.06657868220991942 0.054031436755875836 0.045793208961439014 0.031478165045849084 0.04833672505290781 0.030364140594376064 0.052520526942629694 0.028138359095111653 0.06523327620928071 0.045762745320767156 0.06297807015941125 0.07661594130382952 0.043703989113059075 0.015203573764158486 0.05974536864542144 0.045620315395782755 0.02043367340324771 0.06049897413283192 0.005413338512130895 0.04036700957850725 0.03791684394674896 0.07544398140914188 0.04101575997415046 0.03720042353473497 0.07944773542517018 0.017457641021654893 0.05627902200342052 0.03433595731636045 0.016692758595087707 0.05313933961895801 0.0713111977964563 0.07623760286069724 0.08162273539217624 0.050164570166256764 0.037746267136228744 0.03404724448659246 0.06936217628068586 0.056075566422511644 0.04220287511636243 0.00905010248246686 0.06977818342832452 0.08126638983857963 0.06282913485674581 0.07543817714399072 0.056813259698137025 0.029897518122883757 0.0325437400991374 0.019472781972383117 0.0672585759585116 0.07183086862257548 0.02756319472899105 0.07281275020578722 0.03627959307594626 0.03508323808040911 0.04624363944993147 0.05197085671467402 0.037292126640702125 0.05177445498311212 0.07085173252511093 0.013538640773705337 0.025167424651641172 0.05608036027132841 0.05941748028554061 0.00811949340263195 0.04890331050185366 0.02932873758995737 0.011135548718103313 0.051070568557033194 0.05994170322639789 0.044004493523582114
 0.04694704166899948 0.027951432655086577 0.10726091212136528 0.009795468505101431 0.053613210131762484 0.07393146750014055 0.012652426973782164 0.04315471879946243 0.04812628054562411 0.033287508089976624 0.024340981901560508 10000.0 0.0025331341343430044 0.057140480154160074 0.09256579975201219 0.08546780992532256 0.09355073138945322 0.03323259921658713 0.05454592784016653 0.0755395966250917 0.06610049709020945 0.07097271411321107 0.0341583656176898 0.11161107230397374 0.08562470021691714 0.014354805585073474 0.03260178346345616 0.08465654766050697 0.030441010861843153 0.04825218670511052 0.05691751013304726 0.07495729066234672 0.06240933418942868 0.06546073695092672 0.08234902733465309 0.024882111732427353 0.0715725916846395 0.05862356648276944 0.04752779678425917 0.06695024933440027 0.05299785277987305 0.06726558500691583 0.01969466366932257 0.049493651605745495 0.05334042241329452 0.05457236176215538 0.01451069243639295 0.06607756668178098 0.05721205176374838 0.06052136705798196 0.09442766399809277 0.05910127971858384 0.039126818281086446 0.08261445554410259 0.06668284204692598 0.044668546916053244 0.0685443769678786 0.021861900096479987 0.046900992421117324 0.06098823963504719 0.09229390941199396 0.03217475328458174 0.061475008348792715 0.08330632263596245 0.04159378497861589 0.056789635475775646 0.01000551985859345 0.031136427091815296 0.07745964263730068 0.08219841039767467 0.08370890067032327 0.10384216744318091 0.06811738799752959 0.05858037696510291 0.05763423465419959 0.0919706586649357 0.0616815864746975 0.01796112408031921 0.021899124309350558 0.09303881239932792 0.10075248503479718 0.0767259345603782 0.08422110898179111 0.06261321130824504 0.05279602314195905 0.025208026885619645 0.041535077236631315 0.08077909744012676 0.07521838105133619 0.051715853288409656 0.09488014436108998 0.04444564486299183 0.0559540126552312 0.049591027786602536 0.06912740707176122 0.02374781423227538 0.0640154543510285 0.09426042033451965 0.03475396342397738 0.01564525168596132 0.07817939400356327 0.08272184221258183 0.03121802601385665 0.07202557818854237 0.03954660357598667 0.01678360188530656 0.07534587083685015 0.08125853102947475 0.04977227821511657
 0.04487576186202216 0.026486960567763902 0.10502777174692632 0.007434655542929942 0.0513009009767611 0.07159461494125141 0.012741801800120484 0.04147238716976062 0.046083148192094324 0.03075961659271154 0.023056307081022392 0.0025331341343430044 10000.0 0.05674734665897225 0.09021503076552145 0.08299891923059888 0.0911582812822042 0.03172335086853618 0.05256153076185739 0.07306035451784737 0.06361577500178654 0.06854863694438329 0.03162558871390922 0.10943769604050724 0.08310057801341043 0.012518363820759472 0.03138311429062961 0.08212498406605362 0.028082110852767503 0.04825336644067924 0.054496579642764366 0.07340813119688669 0.06008036618153751 0.06523839263250453 0.07984032398572173 0.022909202949626464 0.06908313469006144 0.056297139565011235 0.04704264723208338 0.06460371556734373 0.05066356013618975 0.06685731477188202 0.01764348891756805 0.04706445773475319 0.051503442344981346 0.052133018432404005 0.012439649397086895 0.0637102185754193 0.05469552227748935 0.05828509783513337 0.09204008082231449 0.056671106672772725 0.03756095772204039 0.08069096196487419 0.06634491736302153 0.043202683106139346 0.06601710165980054 0.020148650532064823 0.04437033950867077 0.059142715107666555 0.0898675340082905 0.030136858824392293 0.060007528550432974 0.08086894348616727 0.04008822739087929 0.054408005945270475 0.011681965536655741 0.028855834833825273 0.07603371114914095 0.07966602668001585 0.08119558335714233 0.10179656543722466 0.06577398698697716 0.05824710644945878 0.05672717456722106 0.08999309655312673 0.05917694617888672 0.019716548395052477 0.021545436567092187 0.09117672851870187 0.09845262102707537 0.07422944501986652 0.08169423249399226 0.06010668466536131 0.05094840749959206 0.022940758291511373 0.040885640473338224 0.0782726511981014 0.07278362012377675 0.050186137000932024 0.09282346642583843 0.04191461015700857 0.05385050556217625 0.04710560076860568 0.06674383258360199 0.02202182899072725 0.06150243535859042 0.09242963733976606 0.03414392770652733 0.013252126532487089 0.07614966692790262 0.08088074998172327 0.030272187974276204 0.07016455317397015 0.0370485939293816 0.016544749448761973 0.07412680828516767 0.08091515270836239 0.04725008873815316
 0.08750194255857434 0.03474639844922326 0.08495842908299421 0.05315693297799474 0.052320659477126 0.06473360275927378 0.04459161244948272 0.03126099638260394 0.04070430226114276 0.058908907665778505 0.03598524161964455 0.057140480154160074 0.05674734665897225 10000.0 0.07914918725827343 0.10490556213131781 0.0825537853016042 0.031954701014766065 0.040297944460339574 0.07590580663882168 0.07002807388196339 0.0681932641734644 0.061674364951914806 0.08599176087988615 0.09834584814803922 0.04703504992464585 0.02896635352106754 0.0951433218973009 0.04916297429743237 0.01193990728258543 0.05966097286100027 0.03661127911707341 0.09330275654860863 0.009373068597860084 0.08446422696405517 0.0718744326483001 0.07418213018703257 0.09036765009768298 0.009849223597186527 0.09631709449286853 0.08571181425906725 0.010126516664396675 0.06746255565890813 0.07932556205835894 0.03546227713415939 0.0824423774667111 0.06400199594519557 0.09474643679001911 0.06833810182151119 0.0947651690573307 0.08292728745591049 0.061426130910408376 0.03005004518175565 0.05325531353568177 0.00966745130888985 0.026310141129580987 0.08423546454281813 0.0411476472451879 0.06888313720711702 0.038050076040384205 0.08397655219115195 0.07647154838558855 0.02719916964737163 0.10534512873209405 0.02804203874576463 0.08682126384495076 0.06627741499958603 0.046860838238253884 0.03510697048510466 0.09021904502947156 0.09874767397546552 0.07432339334209255 0.06139268776769523 0.0020144573589922013 0.011984899272243877 0.06219306813965384 0.08278303362420543 0.07314434552425031 0.035248353101977076 0.059195694958397875 0.08287025139445792 0.07864150117127938 0.09651815568802291 0.08324907089204642 0.035664907652828766 0.06815737846549516 0.016516508695696763 0.08294394357141016 0.09877580333525034 0.02693704896707385 0.06737749586626451 0.06438457954937224 0.044823411096149374 0.07609324586644657 0.06434214349606555 0.07327685730598225 0.07205268073134505 0.05920619307234337 0.02283398372019236 0.06114852342615517 0.05394212361903125 0.05061605913428252 0.027868307828423967 0.044128161430713256 0.057668904707831016 0.0403576126952102 0.028667027434384065 0.024184687476611996 0.07243716841754157
 0.07674997218840361 0.07008563946239026 0.018292178262678774 0.08278736888279713 0.039027267508877986 0.018665102724597257 0.0879083913277441 0.05676114965330729 0.04722809304560427 0.061779620846288116 0.07406098094414139 0.09256579975201219 0.09021503076552145 0.07914918725827343 10000.0 0.052962678224791636 0.004416789147945623 0.06594529859718332 0.042865211609119803 0.022355248040936842 0.03013770518579449 0.022723772055427634 0.06239416212024658 0.024835323681932933 0.041160967288268326 0.07907021659008073 0.06968031242209659 0.03701012415117884 0.06213301859868318 0.08601226777977754 0.03617187355828472 0.046507399595230356 0.06474060085193183 0.08494904007851173 0.023250227120800177 0.0823688502736144 0.026252575395933474 0.06519078862881134 0.07675468749581202 0.06348114673916551 0.06562662869958338 0.08067577445839551 0.08294565210595709 0.06132894479255978 0.0468401096482757 0.0588452073227759 0.08479554842944863 0.06203164901411245 0.04023186305134255 0.06989038998653133 0.004219688918400149 0.034219057175364734 0.06123438219457314 0.02973745337873775 0.08235156866895556 0.059412991927992875 0.042474866208708266 0.07301356065981067 0.05328046644056046 0.0416578690146269 0.00825085309422323 0.07955856200298934 0.05197369135552533 0.05669898831338594 0.06054958138040152 0.062173611344012294 0.10117160339267565 0.06150195910679156 0.05093572938038238 0.03231213207159006 0.04443886149925471 0.02665425288312803 0.024452661306682458 0.08072849699203896 0.0671772982092648 0.026648497097371774 0.0498406132725756 0.10882636646574209 0.08273884103897762 0.03314832259508498 0.009533128513918045 0.0236741364039916 0.03992502270472914 0.049215404416554386 0.046998301208646044 0.0775005136626711 0.0744694605437882 0.023350278686333745 0.056157110814996435 0.05443857562260938 0.02245581219859362 0.052712864046599535 0.03937298392447447 0.057259723360793977 0.0236300293752389 0.08584134995420138 0.03453296495412068 0.0350552522368109 0.07651757938601232 0.08103409477836412 0.02597973176742771 0.033658138771698626 0.07354079994399908 0.03553140430505156 0.05459020662832228 0.08506009390526666 0.05809816760681039 0.0871289443028162 0.05309338480294476
 0.04519537471171688 0.07802250015832556 0.06989839623582406 0.0772484557996144 0.0528355971021033 0.04925807575471101 0.0883419245113222 0.07390892850463754 0.06422266660720277 0.054323514125101696 0.08031837942125364 0.08546780992532256 0.08299891923059888 0.10490556213131781 0.052962678224791636 10000.0 0.04946114695036452 0.07716374284727723 0.0657918756929989 0.03535663440815712 0.03648978072764125 0.04199522299892911 0.05250089385069611 0.07668299963051148 0.011902330708705467 0.07760699845270254 0.08152744304119745 0.015960651741758064 0.0622794979963775 0.10603726045782269 0.04554769102260115 0.08579286866840109 0.02631459974469367 0.11347146934133069 0.030135093253027278 0.06360470746992841 0.03439344683424234 0.029581296666429377 0.09793567677151108 0.021979311767289962 0.0343585936667828 0.11095324012889769 0.06744646837423182 0.036169697613561466 0.07043317071303092 0.03104311936320059 0.07194510345208013 0.021865055846303546 0.03660554475583066 0.03100551533262504 0.05032656680705976 0.044082302355012 0.07621162837982604 0.07472587737776198 0.11200550461415335 0.07874044021880924 0.020686917156659643 0.07605963747418425 0.04019857205489001 0.07118720752180678 0.04530164680110762 0.05703352591137739 0.08289658323269804 0.004688026814365515 0.07755029601574291 0.0298237252576651 0.08992138467646199 0.06365685491624803 0.09100273048687145 0.020851449872109053 0.00856078353125631 0.0794932960568316 0.04864141354158737 0.10689346308657521 0.09493981798472402 0.07650512763015027 0.024406623964444037 0.09529944789990213 0.08875195456615528 0.08255200063182316 0.06116431084845384 0.032564190486739926 0.01303766342085366 0.02359598456919169 0.07007306724519853 0.06109230868026593 0.0925096279852301 0.030550719046731883 0.011081865730960344 0.07854034784795172 0.07386779253018748 0.04406673271612339 0.061449379310569395 0.03594091726856213 0.04561755051056438 0.0665381018939015 0.033294090355328834 0.08462992810891391 0.09043087516615353 0.0698900964472393 0.06809543138810463 0.07836858328022445 0.08501984154196948 0.07342136348794347 0.05099251753644325 0.08795937470825407 0.09614138041892528 0.12203264099746021 0.03671391791724662
 0.07543906613714596 0.07195356329157611 0.020750207790474155 0.08375575765952334 0.04034245369493864 0.020227857500665254 0.08944629248763969 0.05913735794600651 0.0492964270588231 0.062087260914536924 0.07586210541354421 0.09355073138945322 0.0911582812822042 0.0825537853016042 0.004416789147945623 0.04946114695036452 10000.0 0.0680098566255892 0.04536737770924832 0.020941983678901908 0.02952313634583002 0.02282488344088823 0.0625087492501352 0.027496158782768444 0.037588938127703087 0.08031446435110903 0.07187158271278263 0.03350844437543734 0.06312643637307415 0.08906301243055172 0.03673930382767188 0.05054866381065381 0.06259792058636693 0.0885848540619315 0.020324107715156248 0.08222680948009542 0.025076550113914627 0.06327790176196975 0.0797992649899422 0.06107032894928278 0.06406691906219109 0.08439828896266353 0.0830863148113589 0.06011376126205398 0.04954343989852883 0.05731934123316349 0.08518886661547768 0.059678380163754347 0.039682362073678805 0.06784012397841853 0.001030894821353855 0.03465251760133013 0.06352342407488602 0.033986738443318565 0.08604448173013556 0.0620425285669036 0.040290998046667074 0.07452395007870456 0.052734527717403244 0.04478332703344176 0.004186075199394484 0.07905037255725665 0.05544998985900044 0.05334071532560554 0.06300060714417692 0.06041757420033931 0.10192066071368606 0.0626560245359035 0.05506531299568799 0.029071679359190056 0.04099829477838476 0.03058230030716233 0.025769959476574237 0.08417487963474946 0.0706112157263044 0.031063003897224738 0.04802012553023505 0.10946768337575206 0.08465874532244355 0.03756255971591014 0.011841388321907776 0.021750570734178583 0.03644886290669187 0.04733477220304099 0.04965644829062748 0.07746076935197081 0.0772423963952294 0.020679224332568323 0.053257181322563976 0.05738030016168214 0.026809721865975536 0.052540552339359455 0.04163535566380388 0.05619390011579693 0.02443340038351855 0.08571421895585102 0.03357772144190314 0.03946482747864489 0.07898880443977557 0.08150401331506212 0.02991735081767107 0.03792807640810004 0.07576812991468986 0.03929618767952817 0.05497192273048264 0.0867593813502601 0.0621566985637681 0.09115793388695498 0.052245222194861815
 0.055547267980128996 0.005301778414469356 0.07801872860607659 0.025612971589670675 0.02891001520098523 0.04781697082554254 0.02392836366045289 0.010365940211286943 0.018726440055190183 0.027115467084508883 0.009267501324573654 0.03323259921658713 0.03172335086853618 0.031954701014766065 0.06594529859718332 0.07716374284727723 0.0680098566255892 10000.0 0.02372518512642864 0.05445494200602355 0.04626545827071705 0.04776263061938377 0.02986081410599769 0.081484369986841 0.0727194041756529 0.019397961416887644 0.004418044148221083 0.07025336611033434 0.01731579357674978 0.029443252606095982 0.03524239687697755 0.04172484034568588 0.062295381231455955 0.04132775499235445 0.06273997435977732 0.04103768233731612 0.05145066317501734 0.05914175572699294 0.02278689583830885 0.06567693437020433 0.05422662525293639 0.04100820890007169 0.03723527685491277 0.048021087973544804 0.021184794095488423 0.05158882383473823 0.034801520020901235 0.06419633389076371 0.04123087715615117 0.06329996738331332 0.06871443657170913 0.03746894039708679 0.00595159053986188 0.05051155051010465 0.041197780782844265 0.011489689360270196 0.05675408961053166 0.011800174027584473 0.038434466836924065 0.02868797216163765 0.06789173286045531 0.04491913484838568 0.02828530243959246 0.07681489449321263 0.008366561270215298 0.055756890552585064 0.04323275434833596 0.015103487768476325 0.044323973741592394 0.06610530576750175 0.0722677355021396 0.07246121112234552 0.04258587914037176 0.033898531703738355 0.027334973118861298 0.060153264484707016 0.05351754573770381 0.05118100309452488 0.016951138339563136 0.06051138446085025 0.07278925197583147 0.05661354912489335 0.07097100911252573 0.0541418188350277 0.020742133691952457 0.03685151597722953 0.016316824934169354 0.06109594173916673 0.06958121806307521 0.018483321264438073 0.06369153224111632 0.034014627141587594 0.026626256552440865 0.04518919097699158 0.04467977599214087 0.042953652434901096 0.04659955744718427 0.061585260420819216 0.01327389799754031 0.03130636796606642 0.046993443105900055 0.05015075300768847 0.008238148416160052 0.03965173271593832 0.026976324810340485 0.020168615110618095 0.04279652149248575 0.05490438673093915 0.04210140146639009
