NAME :TPP_input_29_3_3
NUM_VERTICES
85
NUM_CLUSTERS
29
Full Matrix
 10000.0 0.07785986167031195 0.10013093918687237 0.04920240035706161 0.06098172627954404 0.04481982795000472 0.060432924202720485 0.061140351741521805 0.045687449384480314 0.07029534296406718 0.09955912260950606 0.05676429429267658 0.07902775029555063 0.0651863582020823 0.08800124311196669 0.02325196618544527 0.0836575424646453 0.020803425320914837 0.08241432303687841 0.05580083034866812 0.05958050261966484 0.0768908497475468 0.04422372786787144 0.03585361938866006 0.10944483392348588 0.04649858406608839 0.021745470179441107 0.03560649700116436 0.051695135601654216 0.028483767984023446 0.008950101304607095 0.026589124468736017 0.011219728095867163 0.019205028184322508 0.09335309030102795 0.0440836922348872 0.10130541908386118 0.05982446519614251 0.027862764685227175 0.05837167324102473 0.0272250241603631 0.025910333084004165 0.08607196968340232 0.07503638659262392 0.009105471062065199 0.08216516067152367 0.08075539848862331 0.04899623706061569 0.03934575489796088 0.09862772342103987 0.0917297814260804 0.04268816222520499 0.06093163045763272 0.040147084311284435 0.024196121319660226 0.057850873250355296 0.059999465313655624 0.04288491159104865 0.007171501107505092 0.06185435760222286 0.03632186681021419 0.10016377321907449 0.031987600309145596 0.03003041657787123 0.08473789865592682 0.07637417609960988 0.08644109137705128 0.05340619363774336 0.08410374284605425 0.05828194292254931 0.017759262443655062 0.027831407175283148 0.08122369323961076 0.057967919094768644 0.08172765946047884 0.046614522917651856 0.016533441878263746 0.010168240861602366 0.03171084140053142 0.011627481029546636 0.0158950333171054 0.05085412258439278 0.05881269906811613 0.0558956871936649 0.07572655850309734
 0.07785986167031195 10000.0 0.06023234520812081 0.029537223459338863 0.0765606298588909 0.03390219277960875 0.06649991860485473 0.09942203500755015 0.08794836021488488 0.04652196577746616 0.07066264339123354 0.10371098043702497 0.008113169781767203 0.0796374233806027 0.035840146030640736 0.06112331266417152 0.08444116783806091 0.05818645371952035 0.07536914074519657 0.06271739744184338 0.07586656639576857 0.08468475762824056 0.03845722316029164 0.08943028214233825 0.08046486033524897 0.05971331064117038 0.07104125216056081 0.07425655402849998 0.035563283615579484 0.07175584847387241 0.08402535014809633 0.05225413935471704 0.07944154893110854 0.059702001226721035 0.043236352485203154 0.03610882738911537 0.06374232752135671 0.10689560725845092 0.06358636841692301 0.10859201331218135 0.08035225181245156 0.09432740901425107 0.06214079170268623 0.061720957280729724 0.08656892133062749 0.08417749705547954 0.03527456985344654 0.060431597080882915 0.047176906099013066 0.05711549626242052 0.05829448142085717 0.04799303642169825 0.022391500966476692 0.09330395899521421 0.05499808019477898 0.07903933345014123 0.11159477822312909 0.09979169036558923 0.0779107371763587 0.01642434517579786 0.0563777716019647 0.06703445515985267 0.045971507254142854 0.04883482279760191 0.06558023877583545 0.06226177927041544 0.010713654335490012 0.03827688819382759 0.01527058886985386 0.0890546409132026 0.06040567476110709 0.07060734474619897 0.0497185230977988 0.021200109258294526 0.046267930980462696 0.04382253421020922 0.06277162789757129 0.08673626519983085 0.04660756966512463 0.06824559734194724 0.06216142004863565 0.0902689548218972 0.1104636199835976 0.022808381117694915 0.08106332201210306
 0.10013093918687237 0.06023234520812081 10000.0 0.06278449832120733 0.05504535910361366 0.0650311499126564 0.04715500764780939 0.08056609333914111 0.07871864571102712 0.02985890572015375 0.01385648570798834 0.0895683109228837 0.06828616649698807 0.05452863057384585 0.024447736947720535 0.07688122394383234 0.04430305977847684 0.08925512155613817 0.034912586239499804 0.048936854512618096 0.05557939070046708 0.050230239222167926 0.05993089219821314 0.0877091130665162 0.020992757896534483 0.05581398041443816 0.08135191804440318 0.07333205508778669 0.08568266547926073 0.1105640540155934 0.10890583977595945 0.08537008201250383 0.10782291100146824 0.08240269097884685 0.017488236707113268 0.07894184720844391 0.0037650573627203364 0.09149665422585061 0.07324171677719912 0.0950093749937008 0.1169507309198272 0.10143522686999026 0.018311843781221093 0.029784859362319095 0.10563300375627613 0.045231310660757695 0.026286369444606262 0.05389317199875606 0.06148561212771003 0.0031662028411247253 0.009165999335364 0.09436260626009259 0.07589725730598056 0.08905808231215752 0.08768521987733102 0.06001769010997057 0.0979874056881123 0.09522451229478149 0.10438211631115335 0.05976488116708478 0.09976029334118726 0.008722905590664057 0.07856496491158217 0.08339761902007299 0.02269456929563765 0.02877490591820279 0.053793848817791416 0.04862266601349069 0.07467756773822751 0.0702580279660083 0.08479265019535545 0.0766072077902101 0.018931337550893837 0.0583461546309191 0.019151130013925453 0.0920705877703035 0.08430917631308142 0.11024893852744602 0.07416613675159688 0.08855790943252083 0.08960014729507337 0.07738662844158194 0.09731640749530736 0.0697886128901683 0.047094244013167356
 0.04920240035706161 0.029537223459338863 0.06278449832120733 10000.0 0.05521380405597476 0.004425036757767179 0.04672891902753494 0.07428108105801395 0.06107361770314602 0.03664510595573479 0.0681309804188007 0.07701391557392345 0.03276769188597777 0.05913698144418376 0.043577077019234085 0.031634236298451426 0.06964849898884046 0.031116580399285866 0.06272030600783093 0.04169504206698472 0.05417242817531049 0.06721867825068686 0.01070023305678523 0.060910070537470544 0.07890600430858724 0.03541840435348602 0.04168652869734037 0.046548117260098755 0.024964382264660426 0.04947420100744681 0.056157818977272164 0.025676865422716452 0.05245019834473583 0.03046520927210061 0.05045518639504511 0.016308807552372313 0.06529077880545398 0.0803356864699139 0.03464924865808281 0.08151854125644212 0.05703067603390457 0.06482544399819463 0.055821626780478265 0.04973893686459453 0.05760920209066017 0.0688649321548966 0.03778874092666937 0.03701090262306905 0.019385405047772506 0.060305042615802176 0.05677694782616721 0.03167302620661743 0.021421915493241635 0.06504279542078942 0.028420681100712674 0.05628288210654465 0.08439581021512457 0.07132954282754665 0.05026313384539572 0.013114014062968915 0.03712050371433577 0.06641541053541111 0.018576120206740983 0.022748304053344257 0.05727770775144858 0.05079281342999611 0.03731873309147279 0.01809532642661547 0.03948661549015262 0.0648531014635292 0.03147455811085911 0.04180380598426425 0.04557008648575202 0.008772349043362297 0.043959265356228384 0.029851066546310225 0.03349411640971431 0.05861654318911217 0.017502516828806255 0.038987190533675005 0.03406517478703535 0.06416290418736022 0.08321123649704379 0.01282092737072669 0.06406523694363075
 0.06098172627954404 0.0765606298588909 0.05504535910361366 0.05521380405597476 10000.0 0.05339528898873894 0.010428994981812972 0.026313070654845068 0.02460252313722201 0.034590409437784464 0.047681819811672264 0.034622673636594076 0.08309150885342131 0.004462370490087636 0.05868303627061734 0.04189074740642526 0.0229247848543645 0.06160438288284163 0.024502480260993074 0.013933950817956764 0.0014143360467071527 0.01593292590987622 0.04494030283895914 0.03547573705123336 0.05502850141624496 0.02050556385238812 0.03925101724267705 0.025732922773363177 0.0782116918063999 0.08299329778464835 0.06959706622804462 0.06140991439627202 0.07160798457568635 0.050527926425314534 0.05907997445946214 0.06750277304779585 0.054196140885292614 0.03677288655994117 0.03498814401711807 0.04009605649024505 0.0858028820438139 0.05157931804009658 0.03680901517860578 0.02545482756446642 0.06266225620097879 0.021359471705079347 0.051924365964464904 0.018428023114859988 0.037957465875092467 0.055299513744302135 0.04603334530346814 0.07945385520173129 0.07658863688351758 0.03557057187232599 0.06222196638912355 0.005056336859634339 0.043128807846516605 0.041115072112665386 0.06747011815600065 0.06380151459819464 0.0798718913113998 0.05063295073205467 0.057875503584280764 0.06178109557897966 0.032956211351303916 0.02633850150263501 0.07811859332497514 0.03905308591927572 0.09068796844485245 0.015473362358501996 0.05321127297295305 0.03315679813392954 0.04092845789738786 0.05896297644721576 0.04413131820512107 0.08002635940653659 0.050441090668191524 0.06958704811672907 0.051772861742881725 0.05173700555926047 0.05853637641445378 0.02247671533659537 0.04239280139193766 0.06796784616417574 0.014920809909191746
 0.04481982795000472 0.03390219277960875 0.0650311499126564 0.004425036757767179 0.05339528898873894 10000.0 0.045441240440516756 0.07135705250082425 0.0577475380843628 0.03777569958162674 0.06959477786182895 0.07366970565531947 0.03685773221988109 0.05746178129658413 0.046831669480053836 0.027376654778892427 0.06902824158179759 0.027087403659321226 0.0626049479090525 0.04022157297615304 0.05228533261877659 0.06609732399921268 0.008483738846028103 0.05705957899680795 0.08037103721110342 0.033194811625021775 0.03751533175786779 0.043045460187888504 0.025267972182604195 0.046233077138400344 0.05186970485549269 0.021854109596695287 0.04830761113801683 0.02604159150005834 0.05348672547191986 0.015367143986150276 0.0673664483347161 0.07701728770132095 0.03072815016065009 0.0780571437543346 0.05351767120665658 0.060531671606533805 0.05693161564474158 0.05001719201252812 0.053194783303790245 0.06815406363613916 0.040683606667167 0.03500758473793776 0.016338768841275542 0.06267473857732753 0.05858816749186934 0.030194059346292896 0.023993821610048368 0.06127035235590853 0.024546329812130438 0.05410544412185706 0.08089224021156907 0.06747553096939739 0.046020100419020826 0.017492949895099467 0.03476038296988457 0.0681788166974738 0.01469125807302249 0.01914507998318445 0.05803136300173507 0.05113920198470302 0.0417396879767758 0.018308388812501616 0.04338711474185957 0.0622274623559706 0.02707811004772637 0.037907802284352754 0.04729063187091496 0.01318562066537196 0.046001138898632346 0.02900416953709891 0.029069147164917788 0.05429053012886299 0.013109368389733879 0.034562226359490536 0.02979883398036054 0.06103897412016069 0.07969581681602997 0.01566994163945132 0.06308127130161406
 0.060432924202720485 0.06649991860485473 0.04715500764780939 0.04672891902753494 0.010428994981812972 0.045441240440516756 10000.0 0.0362874293810107 0.03162439669754746 0.02431660499988765 0.04179815089254037 0.04384744734133645 0.07322277078978641 0.013139192532854366 0.048557967299205765 0.03901230342105881 0.024854694106078302 0.05754444738215721 0.02198326904187706 0.005480055736136537 0.010139509241335418 0.020701623986164694 0.03697722017281942 0.0407728244843135 0.050478636094608655 0.014939800912367832 0.039028836178870395 0.027657820791468737 0.07063960369909615 0.0795832516677819 0.06932522212567944 0.05640913338928174 0.0703579184436147 0.04714739555769619 0.04940785451596842 0.060206388475439625 0.04682726241394855 0.04628425691943356 0.03284204968061655 0.04932620497313068 0.08338935659815291 0.05552078108479492 0.029482533649260474 0.01749825812764149 0.06359162844509299 0.02366707829528538 0.04165184410950602 0.012336486659938648 0.0312052030061327 0.04700097449373919 0.0379954785020712 0.07318430158331413 0.06786449306627729 0.041914176427449885 0.05762537303624308 0.01431082627671672 0.05241868394556141 0.04807789217417668 0.06633839367429122 0.054329157602889824 0.07460642347986182 0.043930345190868 0.051946859278303344 0.056249038006204136 0.026489746011619287 0.01865349484123048 0.06776336674900665 0.02966149332538387 0.08084603827720724 0.025300931577107385 0.049880317437169856 0.03322096223573706 0.0314910860557113 0.049644035440942626 0.034421293247742624 0.07325587414668364 0.047687238159036645 0.06979327668574187 0.04588951034954622 0.05003918272428224 0.05529550690918751 0.030784692497991876 0.05158385322772342 0.05927766624683394 0.01791893960175814
 0.061140351741521805 0.09942203500755015 0.08056609333914111 0.07428108105801395 0.026313070654845068 0.07135705250082425 0.0362874293810107 10000.0 0.01585537300269571 0.060589517206892006 0.07164545437748172 0.010297687967317115 0.10515007506467047 0.026057321688285826 0.08484289427223603 0.0506164663214546 0.04086764367427568 0.0700469103189924 0.04716326801977619 0.03803906251660699 0.02624277283926417 0.032732896380742435 0.06358618578087459 0.02578542596291348 0.07725110443147186 0.039750460947488166 0.042813154673177936 0.030081972807641574 0.09390819420597112 0.08814936182482139 0.06808302657989206 0.07204017722818133 0.07233029501026011 0.05880395251259918 0.08539303957657546 0.08304173861621769 0.07932797196362312 0.011189558875684234 0.04391201785921309 0.015124620543810996 0.08831513359066619 0.04147915129971041 0.0622600018488282 0.05148838810318145 0.058898821851120095 0.03930820385406924 0.07790760766494893 0.03901632503218634 0.05503021292842465 0.081093440026159 0.07175740476544344 0.09184077830662711 0.09535085737354075 0.022383708926174924 0.0718447986315694 0.02197925739185424 0.017810370092930784 0.02396101756716966 0.06830894569959645 0.08502685570654776 0.08977041710360777 0.07526830875045826 0.07094005219098647 0.07359743264668976 0.05797725152694146 0.05225125573364653 0.10236148965113313 0.06114660975975696 0.11254277764528466 0.010993287240463284 0.06098880215555926 0.03806103671284896 0.06723322930238114 0.0799282032548048 0.07044042495504824 0.09362712693134874 0.05733099450169984 0.06687247983826931 0.06534514049030142 0.05600177316987027 0.06542251750171083 0.011042193664648075 0.017380910060857936 0.08694298425715509 0.03475999783448429
 0.045687449384480314 0.08794836021488488 0.07871864571102712 0.06107361770314602 0.02460252313722201 0.0577475380843628 0.03162439669754746 0.01585537300269571 10000.0 0.0542603844101315 0.07220071400296975 0.015940453387539966 0.09301077637923603 0.026982649553154353 0.07837321710598114 0.03513316115069366 0.04570050794103827 0.05428122829768695 0.048995618197546435 0.031023158152307707 0.023708820324899352 0.037554918758015324 0.0505379099147129 0.012114144363543206 0.07960748336402311 0.029035381001325973 0.02697285605741102 0.014973263575670262 0.07913317476898177 0.0723431550651108 0.05303904288797414 0.056486906410004374 0.05690651742684201 0.043116596906633387 0.08027171709687586 0.06835719107189439 0.07821028133574069 0.019271152169737786 0.028709210870750467 0.02064402697555889 0.07274484980124651 0.028946942918415146 0.06077443965630002 0.04894786208574363 0.0442810515680232 0.044050032694807326 0.07096711018961167 0.02923179170926801 0.041700110103840254 0.07862378842450699 0.06957515334396579 0.07638099126435424 0.08160219233088704 0.011064287397812357 0.05617215823532652 0.01960876303126744 0.0236549631322694 0.016585587302871626 0.05282963929572618 0.07269706976617905 0.07402758626286673 0.07494159936723013 0.05582989585351772 0.058207904297469845 0.05725188724911603 0.050010410146390925 0.09211123728286895 0.05018871794670399 0.10017925768139538 0.013832124966608668 0.0452344509534625 0.02243102229513789 0.06281061828508426 0.06756163304043053 0.06541521485457119 0.07836695344358782 0.04154209642503338 0.05210082458376773 0.050464589177072514 0.04014928825414374 0.0495912180086427 0.005171961539391989 0.02254173937464011 0.07341652923278186 0.03808756209860862
 0.07029534296406718 0.04652196577746616 0.02985890572015375 0.03664510595573479 0.034590409437784464 0.03777569958162674 0.02431660499988765 0.060589517206892006 0.0542603844101315 10000.0 0.03192998399623496 0.0677854072566997 0.05414632572282339 0.036352521819706975 0.02432938035054963 0.04705534759452395 0.03793958268261654 0.05993006699929096 0.0289223721984088 0.023297243807857478 0.034437762481466724 0.038873603057476135 0.03129762808467725 0.06121976005873435 0.04267767238543711 0.02748128337914923 0.05205304083432641 0.045775677825554265 0.06136698252255927 0.08168040144387316 0.07905235222791786 0.056479891380825535 0.07800677547964732 0.052598187397690316 0.026167443286384272 0.05282873909072712 0.031290992575811624 0.07037768432782782 0.04373422645202124 0.07322721316207471 0.08763500144110015 0.073328872419116 0.019188453163474645 0.01521650430180791 0.07599722806049067 0.0377352168487662 0.017339797293883588 0.026097204387877188 0.03173493031744563 0.02835628836538986 0.021842049834318908 0.06795427744542694 0.054427582293152046 0.06341691529027726 0.05862531014213457 0.03861140752754808 0.076341240494094 0.06997764187925765 0.07453465486434303 0.038506640108697164 0.07219523758742112 0.0310508404902705 0.050001933672762344 0.05486241289353146 0.020860950301614882 0.01584194286268166 0.04549645030010258 0.019841300058203944 0.06168428542285737 0.04959710699279603 0.05502825403221258 0.04774374272942069 0.010931500805071843 0.03515766206032994 0.011920086671637612 0.06646087495355388 0.05445872623057618 0.0804273753720158 0.04509470468524731 0.058709096995600424 0.059933107840365984 0.054354019261604145 0.07544211535243357 0.04668068792212228 0.03516679381283283
 0.09955912260950606 0.07066264339123354 0.01385648570798834 0.0681309804188007 0.047681819811672264 0.06959477786182895 0.04179815089254037 0.07164545437748172 0.07220071400296975 0.03192998399623496 10000.0 0.08123791589386369 0.07877537028158549 0.04618699175592445 0.03592088236392183 0.07654949032221325 0.03270509017738984 0.09137554990588993 0.024526203777322977 0.044973449570084686 0.04850012481741329 0.03967488065430028 0.06321070833651668 0.08234692724788097 0.010779949429700678 0.053398373753916165 0.07931899631821888 0.06932763252997347 0.09234474718002106 0.11335808297034704 0.10849022667760322 0.08823202710279401 0.10826989138922233 0.08315913979685811 0.03000675134025884 0.0844277774095155 0.010511148958694616 0.08279558647830146 0.07184267705458473 0.08654896196452187 0.11896631005773022 0.09731239687255645 0.013535145739859599 0.02485100210335538 0.10403365743619639 0.03388797089776591 0.03544244648851435 0.05108981477718941 0.06280644580416622 0.01653721997405382 0.012389769459336168 0.09969419910092331 0.08389197898088135 0.0830209822363977 0.09028115363655519 0.05273469365713739 0.08939602534382442 0.08876630228327108 0.10455290310565162 0.06756540704803202 0.10412069718381663 0.005192170067995898 0.08187789690587825 0.08673296215364873 0.015326953126037312 0.02354671013283135 0.06542820385144714 0.05176849663887064 0.08560405271353341 0.0620447512227916 0.08573420248127576 0.07397803473601552 0.022721197380717904 0.06525013705752596 0.02517701689390753 0.09796481560901413 0.08463936889205012 0.10945565519827899 0.07681155223122203 0.08827705911569275 0.09087336051109998 0.07008323712528551 0.08885205708374695 0.07693326397500563 0.03703849880683074
 0.05676429429267658 0.10371098043702497 0.0895683109228837 0.07701391557392345 0.034622673636594076 0.07366970565531947 0.04384744734133645 0.010297687967317115 0.015940453387539966 0.0677854072566997 0.08123791589386369 10000.0 0.10889323610891409 0.035171440254218915 0.09211068227014411 0.050207667990607836 0.05101273347696561 0.06845455629160753 0.056879008378671415 0.04461602263659997 0.03426093533815557 0.0428100288690733 0.06647337753179668 0.02103465020190621 0.08720989359129058 0.04432744171071773 0.04109846213746237 0.03072983988261395 0.09464855449985894 0.08473804695066439 0.06280710672673585 0.07124156589513918 0.06772014808784875 0.057675490357885946 0.09325495312928425 0.08395276249417674 0.08853471708249243 0.0034043136624590806 0.04418473797000483 0.005485616912419531 0.08392230895644093 0.0343931029516376 0.07127208055711133 0.060077227914312595 0.05317616235155879 0.0494325521848646 0.08492179657184287 0.04415473589730171 0.05764014730576221 0.08990543390807139 0.08061600390822556 0.0912016623261394 0.09748659633608361 0.016617360619339525 0.07065079576758931 0.029808498801864803 0.008571886328469148 0.015631451359253472 0.06388344369608916 0.08858896530007135 0.08816192399348141 0.08466651908390266 0.07117169923303061 0.07322304583215083 0.06717361689548866 0.060946075056449577 0.10755024703600498 0.06573099350189268 0.11609065757466544 0.01932093144371011 0.05954574243124672 0.03747658372966161 0.07528135922161683 0.08345330737231804 0.07826872739167166 0.0934614687474121 0.055745598847766815 0.06120928084983827 0.06600792476901451 0.053475385689090764 0.0634156583063312 0.01369386050522822 0.007771613125988208 0.08933588812280897 0.044626604576427135
 0.07902775029555063 0.008113169781767203 0.06828616649698807 0.03276769188597777 0.08309150885342131 0.03685773221988109 0.07322277078978641 0.10515007506467047 0.09301077637923603 0.05414632572282339 0.07877537028158549 0.10889323610891409 10000.0 0.08634936750803653 0.04386407470060164 0.06419500824439145 0.09197564879909674 0.05868938685705341 0.08305609191898976 0.06917297912942483 0.08232329612981883 0.091903017802598 0.04269643204377674 0.09360882942838059 0.08856937464686301 0.06541329542618128 0.07437239283927059 0.07888734908734922 0.03262393931857206 0.06993891206330373 0.08451967506667486 0.05272513695456035 0.07946419991238782 0.06171058301468767 0.051199707027580754 0.03560741750270708 0.07181438630447096 0.11214187484487212 0.06740675291031671 0.11362082890494758 0.07872722911911909 0.09723755080454406 0.07015057170604923 0.069362830024552 0.08795302446109864 0.09165512083429471 0.0433793821606427 0.06635524505314473 0.05157553407609311 0.06516070213844063 0.066405859952893 0.045363787612502204 0.01966016832819315 0.09766562607057201 0.055367270520293256 0.0852937292141872 0.11657074620514946 0.10402255022570055 0.078339729596348 0.02031997967484926 0.05411368671695838 0.07514095366206441 0.0470872712822707 0.04924760771465644 0.07351305632360917 0.0699526561139275 0.016648581477754137 0.04426993599716919 0.0076385733046788595 0.0950122272647038 0.06206672662290671 0.07454699150522827 0.05774277254958858 0.025452684143253024 0.054331440411761925 0.0408788609075432 0.06479399872353178 0.08737855103016387 0.048735888393986314 0.07017543743170646 0.06314718372888507 0.09563910824202727 0.11541211649807553 0.023140090325746692 0.08832134841763449
 0.0651863582020823 0.0796374233806027 0.05452863057384585 0.05913698144418376 0.004462370490087636 0.05746178129658413 0.013139192532854366 0.026057321688285826 0.026982649553154353 0.036352521819706975 0.04618699175592445 0.035171440254218915 0.08634936750803653 10000.0 0.06003685483548579 0.04633671948831624 0.01919828306597225 0.06606641912640471 0.022204261371249128 0.017519501585214856 0.0058510238455936414 0.011730333267379966 0.04898697132186912 0.038401917143601444 0.052872131572298 0.024797669735250077 0.043487141726907264 0.029761094102354817 0.08239142083189063 0.08743502208851268 0.07374257357991022 0.06585749451269292 0.07588364033688699 0.05498233557134969 0.0598794218910491 0.07172547450594648 0.05338430703896194 0.036978621720772785 0.039413984105651646 0.04056340525469917 0.09018167016598823 0.05481937374091704 0.03621740345196106 0.025553044595186595 0.06661577245858868 0.017581455316617988 0.05356472294789897 0.022622139163009296 0.04221364439796737 0.055036931684917724 0.045700113257720346 0.08382633769259856 0.08045435823731084 0.038046349678648575 0.06668079299382676 0.007799417705318764 0.04350135681065784 0.04319977871350682 0.07173784369758382 0.06732239836795505 0.08431533227244013 0.04950218491116315 0.06226410570504598 0.06620244062424344 0.03201708537605034 0.026251007817457022 0.08073199908931075 0.04258651199343723 0.09396885331559227 0.015881599841404505 0.057662879535348696 0.037393037946433706 0.041655640411465814 0.06256166024461553 0.045076405518413375 0.08434073811859996 0.05487227292191383 0.07365471032369374 0.05615871194258903 0.05609300677901248 0.0629819827648426 0.024121576603562747 0.04287282328307543 0.07183849505064067 0.011283432156247395
 0.08800124311196669 0.035840146030640736 0.024447736947720535 0.043577077019234085 0.05868303627061734 0.046831669480053836 0.048557967299205765 0.08484289427223603 0.07837321710598114 0.02432938035054963 0.03592088236392183 0.09211068227014411 0.04386407470060164 0.06003685483548579 10000.0 0.06563995067582283 0.057378472702452506 0.07337073104859157 0.04734386825557821 0.04755930293887134 0.05862467609740235 0.06049958078799113 0.04421296017780855 0.0845879614133496 0.04505608875231781 0.050496491766508715 0.07268806893535704 0.06878344908551651 0.0638718658570141 0.09300919631939635 0.09619725711802171 0.06855006504068646 0.0937936751740178 0.06900137806684299 0.00760817486523931 0.05872800295301299 0.02803686245387825 0.09470606142751992 0.06410942281019466 0.09754768479156589 0.10033536414604226 0.09532669221935192 0.030630546756368605 0.03567928557582384 0.09497449990180129 0.0576793512041707 0.0076401251033391725 0.04957121882700066 0.04887714385027926 0.021307732072644393 0.024018245237232325 0.07389420933803391 0.05292575645440282 0.08712306241899852 0.0711572673416241 0.06286879199529853 0.10066302029558566 0.09375925664668731 0.09090147107112795 0.03743874488560525 0.08037746000233312 0.0317562355672725 0.06140610888193627 0.06597132025875245 0.03513192986372424 0.035537366395668284 0.029562971245764888 0.03471689419347589 0.05023852908463496 0.07385883484719781 0.0709583082981075 0.06933653530321167 0.01944728808655985 0.03722427575821878 0.015553668724697569 0.07098660414336648 0.07148650304455782 0.09810144358300038 0.05828265026001303 0.0764966104286626 0.07499955055290582 0.0786474866674275 0.09975675391343458 0.04785562952455843 0.05681793721018835
 0.02325196618544527 0.06112331266417152 0.07688122394383234 0.031634236298451426 0.04189074740642526 0.027376654778892427 0.03901230342105881 0.0506164663214546 0.03513316115069366 0.04705534759452395 0.07654949032221325 0.050207667990607836 0.06419500824439145 0.04633671948831624 0.06563995067582283 10000.0 0.06341207642668129 0.020103008500428853 0.06078939331589541 0.033921946277311175 0.04048851384459906 0.05758852570655664 0.023584347134296805 0.031117506461037045 0.08660639572834926 0.024291484915573175 0.010333417399006943 0.020577195323666978 0.044656674720101666 0.04110566235631976 0.03207984102242161 0.02142838605787781 0.031835942958673015 0.00873188973635685 0.07059485476704153 0.03421583009716613 0.07806166276377129 0.05360868034166782 0.007121227365259561 0.05379618146699449 0.04439168847286825 0.033204123632124834 0.06302746465767652 0.052285876659417356 0.029376308981630152 0.06205155632380463 0.05821681597594981 0.026898098100104153 0.016802145836719476 0.0754003757139221 0.06848838766406043 0.04125556534343878 0.04926325414574109 0.03565900534374047 0.021408914920516855 0.04001235084354755 0.05633851647684055 0.04131803043268347 0.028024321968582594 0.04471136294857097 0.03945385987082624 0.07699673984354978 0.021052272908539137 0.023081789764299646 0.06194129660957342 0.05362311318615749 0.06817544166540265 0.030935864785310154 0.07052143822340891 0.04409231974814492 0.011351955244062984 0.012753808139212156 0.05798017863285817 0.03999823641524346 0.058557014668850195 0.04328434191704584 0.008685511059311101 0.033372167375499216 0.016454094514472484 0.011747630543705782 0.01664563379320215 0.039583982603335906 0.05510029246342623 0.04199627348931193 0.05577828539290725
 0.0836575424646453 0.08444116783806091 0.04430305977847684 0.06964849898884046 0.0229247848543645 0.06902824158179759 0.024854694106078302 0.04086764367427568 0.04570050794103827 0.03793958268261654 0.03270509017738984 0.05101273347696561 0.09197564879909674 0.01919828306597225 0.057378472702452506 0.06341207642668129 10000.0 0.08234309134873896 0.010078493011889504 0.030308822144001657 0.024276491918017836 0.00829791085931007 0.060739962284072274 0.05742132038321689 0.03666634719992968 0.03973798161881565 0.06191663298070836 0.048644997454542635 0.09427540874896174 0.10428696506720009 0.09236309469299671 0.08125945460889171 0.09408442349139622 0.07176437303956135 0.054795482844843896 0.08418207076138984 0.04205624564322866 0.05199966085146939 0.056860166778068294 0.05599077291178563 0.1077603600568431 0.07396491253363788 0.027708778272820218 0.022848238435633012 0.08558043013105321 0.0016509449558809403 0.0526552218493826 0.0371596161281812 0.05582398517239738 0.045809678947522144 0.03698311212305514 0.09770079366486199 0.089976930728622 0.056711536686587245 0.08247608578335527 0.026997303582516775 0.058598580227175366 0.061366917628202816 0.08997932718602666 0.07503782562437095 0.09941304944680009 0.03718882710015319 0.07666791760890788 0.08104261873643837 0.02285053764369256 0.02251237973690623 0.08307008925627486 0.05167095417234324 0.09955232243199615 0.033006684185304676 0.0744937346181548 0.055846518576942256 0.037968637949594465 0.0709141808110493 0.041904109626588526 0.09750644121116862 0.07209128094072434 0.09244234807089358 0.07064639481188932 0.07395550682697088 0.0799009420644651 0.04218404691618112 0.058235190514217126 0.08160334169682099 0.00800402334860601
 0.020803425320914837 0.05818645371952035 0.08925512155613817 0.031116580399285866 0.06160438288284163 0.027087403659321226 0.05754444738215721 0.0700469103189924 0.05428122829768695 0.05993006699929096 0.09137554990588993 0.06845455629160753 0.05868938685705341 0.06606641912640471 0.07337073104859157 0.020103008500428853 0.08234309134873896 10000.0 0.07863360218283194 0.05217085321731927 0.06022071017943538 0.07704443414625693 0.02955697146333056 0.0479672160896915 0.1019003759479549 0.04261354698416583 0.02742482404234708 0.04034596878534422 0.031056502131779507 0.02225690275238878 0.0258778129484488 0.0059682420885615005 0.021435584865765696 0.011417500877405324 0.07961745167982931 0.02336623981784679 0.09107882820672704 0.07180076177420602 0.027223788771448924 0.07137765949419202 0.02771554084988179 0.04375504474874068 0.07795948670368891 0.06847216077236745 0.029906366129029104 0.08107494574427425 0.06673812597155424 0.045208361366561485 0.028622117313540918 0.08725760581660347 0.08174573698186435 0.02351556042700008 0.04020840904668188 0.05264568985729688 0.0033955332059474206 0.06001103607788719 0.07360190146825954 0.05723559944990119 0.019732417371734534 0.04278396187009113 0.019757360709824257 0.09095205730377551 0.012583162409558238 0.009442528036635244 0.07776809568703272 0.06977191370037254 0.06739661514935694 0.04064401547516976 0.06347350547649946 0.0640981675879358 0.009061116957039223 0.03203855117437693 0.07056666200660915 0.03956906676184901 0.07015499887662012 0.026792361028121783 0.012754740978070243 0.028691956268175344 0.015212489359140066 0.015636580169034478 0.005561879352049205 0.05902079652510315 0.07236042865443776 0.03569148521591176 0.07496687826165888
 0.08241432303687841 0.07536914074519657 0.034912586239499804 0.06272030600783093 0.024502480260993074 0.0626049479090525 0.02198326904187706 0.04716326801977619 0.048995618197546435 0.0289223721984088 0.024526203777322977 0.056879008378671415 0.08305609191898976 0.022204261371249128 0.04734386825557821 0.06078939331589541 0.010078493011889504 0.07863360218283194 10000.0 0.02686877896610837 0.02557307900715698 0.015369380755096081 0.054616354778446605 0.05996185949622934 0.030670117428428904 0.036506931451186775 0.06094961921368581 0.048861667281256974 0.08762617382110786 0.10084474194099896 0.09130051136946256 0.07687909747952355 0.09230577669406738 0.06868033709124474 0.04472837028383176 0.07794508499445815 0.03299685606558688 0.058333715388012235 0.054791234092091155 0.06213577488047579 0.10505478051749727 0.07586340607870688 0.01771965806022062 0.013727316287986915 0.08538359742565449 0.010614193719627891 0.0428101089107631 0.03389385061664823 0.05087802705936496 0.03618288988430562 0.027156599425097662 0.09209459093495839 0.08233968061561404 0.06002151969441954 0.07837445472198495 0.029402071850190743 0.06494521471914573 0.06536234120471278 0.08830180953067876 0.06691970549877439 0.09458597899256285 0.028466565258633038 0.07167873032898055 0.07626886328665133 0.01285241501581738 0.013107960281576625 0.07349212534758619 0.044626980718155615 0.09057359634260337 0.03785377486630106 0.07140396610685872 0.05506398877504256 0.02797388716080954 0.06308630896442532 0.031915855969510604 0.09149156973087431 0.06942358187640245 0.09172776325235697 0.06582937900161422 0.07197408873752807 0.07680485799654661 0.04632544903892498 0.0644324390475571 0.07416143781024277 0.012520091771583784
 0.05580083034866812 0.06271739744184338 0.048936854512618096 0.04169504206698472 0.013933950817956764 0.04022157297615304 0.005480055736136537 0.03803906251660699 0.031023158152307707 0.023297243807857478 0.044973449570084686 0.04461602263659997 0.06917297912942483 0.017519501585214856 0.04755930293887134 0.033921946277311175 0.030308822144001657 0.05217085321731927 0.02686877896610837 10000.0 0.013157383678154 0.02608581861156947 0.031740545652820105 0.03887134312691124 0.05419016399616077 0.00966162616560228 0.03470817909813396 0.024537464163658238 0.06535512170691447 0.07426314466199896 0.06473127873563454 0.050950976108369884 0.06548947034092278 0.04190554522515362 0.04924871866141577 0.05485753011310949 0.04900981044267275 0.047317578976069564 0.028014306814113578 0.050026290122768255 0.07822987925036436 0.05267407361705146 0.032042169430795436 0.02015127153870041 0.059419033102564286 0.029139070773972695 0.04030994530850339 0.007040839780517254 0.02574496141745624 0.048438257376665114 0.03980187993018372 0.06772491466758106 0.06296102471993958 0.04058839141427293 0.05219554076005181 0.01649401024950382 0.053144992780038744 0.04702197814274936 0.06151542193900577 0.04988546836354004 0.06913013179483624 0.04659942826101228 0.04646786587537246 0.05077062742022975 0.029693910512836468 0.021436425715563676 0.06467072632249846 0.025133534769296566 0.07676336486981095 0.027139962850860438 0.04463620511784426 0.029122882742009894 0.03196392551687365 0.04507745754031013 0.03441826683107466 0.06784050963427739 0.042565361767155335 0.06534433642436689 0.04040947687017064 0.045152405007897224 0.05004857856053302 0.031091021824167307 0.052218968195703985 0.054350557152135416 0.023384859051755184
 0.05958050261966484 0.07586656639576857 0.05557939070046708 0.05417242817531049 0.0014143360467071527 0.05228533261877659 0.010139509241335418 0.02624277283926417 0.023708820324899352 0.034437762481466724 0.04850012481741329 0.03426093533815557 0.08232329612981883 0.0058510238455936414 0.05862467609740235 0.04048851384459906 0.024276491918017836 0.06022071017943538 0.02557307900715698 0.013157383678154 10000.0 0.017343773649563344 0.04384451788425941 0.03439051458343096 0.0560113434016276 0.01929426896907097 0.03784693726691387 0.02436955264022563 0.07703775631634988 0.08158932795556913 0.06820400799838632 0.060061593621294165 0.070198285500483 0.049131385731106356 0.05920388811471182 0.0663076951337691 0.05481664701346797 0.03651200489117364 0.033578875607101884 0.039744102417191444 0.08438883636431567 0.05039326443419647 0.03739812463407168 0.025887472616411923 0.061304081360300904 0.02272063295438754 0.051777098984291614 0.017284862784460585 0.03675252468650022 0.055758061995446064 0.04652686322287141 0.07816780188128718 0.07556614132200828 0.03461592845358875 0.060856310273821115 0.00446057539492915 0.04279943791060611 0.040266185415198504 0.06606125352650358 0.06293399320152226 0.07852773319053442 0.051347918745849236 0.056579947199100256 0.06045917074590825 0.03365431406948714 0.026821473362738567 0.0776000432163319 0.038201412230776055 0.08990807170283717 0.015301434481276544 0.05181251371664751 0.031753321960285595 0.04110605829592819 0.05806500962906201 0.0442311339801596 0.07877734446037214 0.0490333826829837 0.06820683111304299 0.050480131645968124 0.05032272913263314 0.05713407176262783 0.02182676281836514 0.042031514616694625 0.06694568156358408 0.016274964901069198
 0.0768908497475468 0.08468475762824056 0.050230239222167926 0.06721867825068686 0.01593292590987622 0.06609732399921268 0.020701623986164694 0.032732896380742435 0.037554918758015324 0.038873603057476135 0.03967488065430028 0.0428100288690733 0.091903017802598 0.011730333267379966 0.06049958078799113 0.05758852570655664 0.00829791085931007 0.07704443414625693 0.015369380755096081 0.02608581861156947 0.017343773649563344 10000.0 0.057650003065836376 0.04938596590466503 0.0445553094709597 0.03484948210077227 0.055172460152826244 0.04149105803721147 0.09132358397762609 0.09867667649931149 0.08546697617058804 0.07645144125063376 0.08754060045305853 0.0661414632948227 0.058861112865850926 0.08090799701386252 0.04836619140200288 0.04390219345011587 0.05078753117809411 0.04785336398604697 0.10167722965282469 0.06603325846112912 0.032578837674851036 0.0248536392233052 0.07832539037865906 0.006670165691110058 0.05498837783544914 0.032405014679947816 0.05179630210381955 0.051377504172427466 0.042201697546925605 0.09375592046323258 0.08813297673913578 0.04852621000027305 0.07745303443944222 0.019379333558513172 0.050516273474738534 0.05309309273897935 0.08340182286745261 0.07392854319989776 0.09481803808676334 0.04379712027598712 0.0723761899671843 0.0765377614346533 0.027792525164441556 0.024966247902108493 0.08436244015816138 0.04968641849049289 0.099535287430901 0.024714495571992914 0.06884838338014974 0.04907730772631557 0.04114410322363507 0.06948480211728003 0.04496645048273683 0.09392589887975542 0.06620173438295 0.08538462096693505 0.06628331376751909 0.06764479878241364 0.07421360240205169 0.03392548023758512 0.05011378273903703 0.07960229770925369 0.003722349855041131
 0.04422372786787144 0.03845722316029164 0.05993089219821314 0.01070023305678523 0.04494030283895914 0.008483738846028103 0.03697722017281942 0.06358618578087459 0.0505379099147129 0.03129762808467725 0.06321070833651668 0.06647337753179668 0.04269643204377674 0.04898697132186912 0.04421296017780855 0.023584347134296805 0.060739962284072274 0.02955697146333056 0.054616354778446605 0.031740545652820105 0.04384451788425941 0.057650003065836376 10000.0 0.05102836465656246 0.07393253845497161 0.024854889247754416 0.032925320121244474 0.03620485298151646 0.03367635694845869 0.050646135171255435 0.05213231555148394 0.025439356430325615 0.0495824959709267 0.025034135803050986 0.050177278140760936 0.023445420381086643 0.06194434073361756 0.06977598821646153 0.025165347499339616 0.07106364541549852 0.05711972792325597 0.0564585243770528 0.050169113666572805 0.04240253247941476 0.05185097875710366 0.05982861733411928 0.03732289030572003 0.026583950781298216 0.00888626779889825 0.05782595276500588 0.05280870221806145 0.037567878966767825 0.03201076830187412 0.055003306898791536 0.027780358063023623 0.04576433371795236 0.07397622637360085 0.06141949585186237 0.04671745803195428 0.022431652342964264 0.04101942578157071 0.06224282348009071 0.018737578674187353 0.023598646116523087 0.05084094991856391 0.043580194298520156 0.04475490568273481 0.01147312686199508 0.04970857698686923 0.05417035823425801 0.026821634181236776 0.03215102467032092 0.041510424601961395 0.017361148094853354 0.04078255381133626 0.03688921366987954 0.027732231753725745 0.054189605274671725 0.014347293947082224 0.03302642046507515 0.030796147571587596 0.053518477636829764 0.07280416451931972 0.023462829649298703 0.05466836918116672
