NAME :TPP_input_22_3_1
NUM_VERTICES
64
NUM_CLUSTERS
22
Full Matrix
 10000.0 0.019616300301800466 0.04094268319458453 0.02969295169406479 0.034387170949836954 0.06598397977053647 0.06376931268369251 0.06830102256485646 0.0233462837594521 0.027231007855048412 0.07334233429231193 0.03942754485479007 0.03301539555941087 0.05640554386844725 0.06596345394753489 0.04552260162367691 0.06595152966463219 0.019240717838320535 0.03430660248954784 0.02557280237367993 0.06586700351067401 0.034164999214043854 0.049915729828117636 0.0630303760222148 0.07517131314532421 0.017698385654715935 0.05949944831626361 0.01861308205310732 0.05740521807732808 0.049860542813242 0.04174942486953425 0.028038709736136615 0.05454740639879406 0.059937330486932415 0.03792536684189017 0.07026122381927666 0.062898887408056 0.031292366325538654 0.001941861888499899 0.033447773879858624 0.022473482374822565 0.03514632319689629 0.026377798525232195 0.02740804320162587 0.059985113782483494 0.05915918336161344 0.05849250618981708 0.056204050241254 0.022560803212593218 0.040263700701244506 0.07893348600585823 0.0393264203560773 0.06705904700362901 0.06043957720473666 0.06765713501181049 0.07502521260733808 0.04483341503533627 0.056328124149533434 0.028841636155737985 0.020923271159586344 0.050321207508916874 0.04777672799956817 0.04329852936102287 0.05913613284918087
 0.019616300301800466 10000.0 0.060480921259839504 0.010178807056790815 0.045018683141380966 0.0828458640169038 0.07967322523294193 0.08025664573077278 0.030550651721225106 0.0424188745185938 0.08408308501019852 0.05892408839675385 0.05210311138172423 0.06333409357640524 0.07096503145510517 0.04285965618110941 0.07064434214527025 0.029505670718353107 0.04935064648526737 0.031596216888464194 0.0786117678918599 0.024407090934554756 0.04875992509036912 0.06524177290246001 0.08686781206421705 0.03421965581257965 0.07145814284129196 0.03820105597436881 0.07658442047929609 0.06335540857179663 0.04936919543029518 0.02343837366366764 0.0741287134206022 0.07859010732068383 0.023253271085830585 0.08560044503315506 0.06187919142241363 0.022798070782036484 0.01870776711469292 0.028522993290863705 0.022910703476979575 0.035921411531048164 0.03256976920870363 0.04334250241762882 0.07952765153684457 0.07589264903922854 0.07053798349780105 0.05867015582634756 0.02985587790416481 0.05803402965982147 0.09102286914063826 0.05867636281070346 0.08332546311726116 0.0767350334794988 0.0770026323686867 0.08310151489352781 0.03538948129585807 0.07584750225840804 0.04532984100904161 0.02898675956783811 0.051366218107141794 0.06599054207185642 0.025286465961123782 0.06796345569905121
 0.04094268319458453 0.060480921259839504 10000.0 0.07061505324839071 0.04682201448700777 0.044224789510078154 0.04665443491125978 0.06302548834374051 0.04920517794451826 0.028875615664378892 0.07017848602897607 0.00988686800672126 0.016682336367481773 0.06652032620112824 0.07736889236747452 0.07357970708700542 0.07795062778119481 0.04444454318251345 0.03566148735494184 0.04677161089499572 0.058949872989461465 0.07099408955720138 0.07504014781755695 0.0801093447349166 0.06903258122734278 0.03351306210459055 0.05675005119068891 0.022907866869397542 0.023693010220297184 0.04636316247011423 0.05604210168632462 0.06290793985452953 0.01372812175112664 0.029900917999922796 0.07711084762420829 0.05364771825718185 0.08509217588433744 0.06485204295051433 0.042130657956181525 0.0669256156351704 0.05250881840569284 0.06243676775916919 0.0514495949167438 0.0325966818395701 0.01904719936992417 0.03993365944730143 0.05583505315062568 0.07445628581971821 0.04889158623704824 0.025541585251897404 0.07093324820622035 0.012509424603913825 0.04759735489182229 0.04271702556585574 0.06932458151107417 0.07802406117703067 0.07585785649476229 0.018759430198419223 0.030673989836700326 0.04757081353174537 0.07230679997580568 0.01653321520669863 0.08383407152162355 0.0643517825046783
 0.02969295169406479 0.010178807056790815 0.07061505324839071 10000.0 0.0514190524331042 0.09117398413393685 0.08755944278020714 0.0862695229512275 0.03673420032838858 0.05210541236578832 0.08945961364455163 0.06879918290614571 0.06173668993435402 0.06737873657813222 0.07385413525561686 0.04319589939932655 0.07339096459232884 0.0368679694081969 0.05732814837274477 0.039559169238972965 0.08502049863488056 0.022785853442016328 0.04948449472820532 0.06692432042994258 0.09266241958856819 0.04317047946980575 0.07762221195494443 0.04819928465011036 0.08619376068251776 0.07036840482049027 0.054289016864829155 0.025431140101598297 0.08423938866409446 0.08787452812996499 0.01772655887266708 0.09316047972135337 0.06202067696839614 0.025798963050246176 0.02865675762142889 0.029277801611995884 0.03012739541264894 0.03870394502506191 0.038134471939764505 0.05181471359131259 0.08966193288676468 0.08421034816229131 0.076759364565937 0.06073343595972161 0.036155102624020614 0.06699725735002496 0.09695436633175807 0.06844188303068084 0.09135628799531244 0.08483543201291499 0.08183860380548914 0.08721088970747098 0.035862544315738626 0.08572337192297892 0.05395749058686764 0.035666707211317004 0.0530732893598163 0.07607537036550127 0.016196679660400913 0.07276128362013713
 0.034387170949836954 0.045018683141380966 0.04682201448700777 0.0514190524331042 10000.0 0.04278533111563277 0.037782078686723765 0.0352469272534034 0.014689701200506193 0.05375642903391848 0.039446475958307546 0.03844837254083322 0.03024654315258622 0.022925265733562402 0.0334341729055679 0.029401897552649815 0.033695756502105496 0.015942926822263684 0.012265247793951177 0.05926960132772716 0.033664364926425695 0.037049250010468916 0.029164506328842092 0.03381261653058151 0.041911984763119 0.019377169550067318 0.026439459806039338 0.03164955037183043 0.04768526941583873 0.019228662980663436 0.009470279939938483 0.029049076607239405 0.05593752058303865 0.04571354610341994 0.046289771515968324 0.04249115280976334 0.038283534217431844 0.06430188711734793 0.03318155934270162 0.029552959088703576 0.056817941502605426 0.020193810746617604 0.013590499380653697 0.014441906589199435 0.061398680391309905 0.03617306038179989 0.02552212844561 0.02777481391650865 0.015298455592865447 0.025917938886592162 0.0460179330300646 0.036288808801592 0.04188704868168739 0.03587591326384082 0.033292614039712724 0.04068750451447944 0.07796698186086835 0.05123811220517267 0.016157242510646434 0.01603293730908353 0.025681650233559936 0.06167041011212934 0.05641614437071802 0.02477290044407588
 0.06598397977053647 0.0828458640169038 0.044224789510078154 0.09117398413393685 0.04278533111563277 10000.0 0.007002502385826093 0.027877190953232076 0.05594000974383892 0.06950935117093442 0.03464703478788025 0.03572114272690502 0.036066351233444566 0.04628069498584015 0.05419748164046712 0.0701431685817428 0.0552143596528829 0.054512256456655 0.03393091483513903 0.08393938947754186 0.02386249678913008 0.07972950830888771 0.067704030343494 0.06211459004880003 0.031098358181082673 0.04883133555020809 0.02763958478121694 0.05081585202181884 0.02383094698577685 0.025175751595409173 0.04638667190250954 0.07150041249448956 0.04149085918896793 0.016577558829970314 0.08878608345984618 0.010924003834805159 0.07131078447765586 0.09683319523752719 0.06586329832026075 0.07233796852543173 0.0860743826354203 0.0626635479586954 0.0558224170357568 0.03950368453782136 0.04402576921757609 0.00696430589918729 0.027432536112744425 0.059669441238213536 0.05629165502550231 0.026023345625906608 0.031028517260898714 0.033658096027195626 0.004288261619179568 0.006990487836465816 0.03887670773566572 0.04614534128212383 0.10994506056453943 0.03125648302255588 0.037563135629665324 0.05626680979440311 0.062445692596513135 0.05955249697920461 0.09859264466008423 0.039858412797884005
 0.06376931268369251 0.07967322523294193 0.04665443491125978 0.08755944278020714 0.037782078686723765 0.007002502385826093 10000.0 0.02115339567408353 0.051584910375475496 0.07006160755882038 0.028126061616760453 0.03744047732009437 0.036148888495863306 0.039443942063834274 0.04720544989182549 0.06415644778069907 0.04822616046116462 0.05069825623477912 0.03032666186614466 0.08334035673851417 0.017029682850825564 0.07482793790762758 0.0614191929028572 0.05522701262462247 0.0249908307950666 0.04622140632568629 0.020663225212559474 0.049996664434703464 0.02863865444574123 0.019238127667152903 0.040455266799683184 0.06678540559520448 0.04579181810244124 0.02177761133209812 0.0840557429153073 0.0071652333137272655 0.06454800271524033 0.09495249296802327 0.06345170616944479 0.06722376935168979 0.08469146292027865 0.05723276212261739 0.051160154357889204 0.03659125564337351 0.04890854208634702 0.006748246272881883 0.020488409262025706 0.05296593860044469 0.05200804986783695 0.02519601243243581 0.025545552306492806 0.03510501037792074 0.004204316656654058 0.003976747751395336 0.0319344098380592 0.039363011045856204 0.1082932153796985 0.035917977012187366 0.03494568418222576 0.05216120871402467 0.056046566636126026 0.06262382031078952 0.09408077538422306 0.03290811202612404
 0.06830102256485646 0.08025664573077278 0.06302548834374051 0.0862695229512275 0.0352469272534034 0.027877190953232076 0.02115339567408353 10000.0 0.04978145501783947 0.08160127698588018 0.007308997993967226 0.05317882906279653 0.048976221487809786 0.024325532095482397 0.028717814390309414 0.0536150446202802 0.029827675465690307 0.05105382972332375 0.03486975017506092 0.09151621205529388 0.004300638864019435 0.06903949139622406 0.04922613897024232 0.038318445371243105 0.0068954622405248914 0.05109265908750964 0.008855674496019459 0.05939729785829173 0.04884723416567765 0.01899533701629855 0.03259199469986568 0.06224381308197198 0.06499404682874962 0.04247304492326899 0.07859090346109136 0.018686423248498132 0.04861672561806691 0.09911010993875728 0.06740247352566343 0.060906942805049 0.09065450113468076 0.05012181307743612 0.04814214444618256 0.04194668939359104 0.06876437976977205 0.026546384701879252 0.009834086349890397 0.03811539052827215 0.050443133723180635 0.037984541907669915 0.010772629284636156 0.050581241493326094 0.023892619930893887 0.023678108848545196 0.011762982998407473 0.018274829625376222 0.11278389724747967 0.05578374245441263 0.04146751063531735 0.05127142418486904 0.04341373568903005 0.07953761278330476 0.08915891326516562 0.01683170213661244
 0.0233462837594521 0.030550651721225106 0.04920517794451826 0.03673420032838858 0.014689701200506193 0.05594000974383892 0.051584910375475496 0.04978145501783947 10000.0 0.047654643491908975 0.05354249881056285 0.042946247124617865 0.03440302249775504 0.033832977235691654 0.04284455882063146 0.025037534928466804 0.042769163211687417 0.005189490526691504 0.022351491890640306 0.048910952173926825 0.0483374917649245 0.02447239573294759 0.028019685391353417 0.03972115730542569 0.056341088149104025 0.01584615650191595 0.041032848571062853 0.02865862956105112 0.056399386052858394 0.033714035053730114 0.01929773853933248 0.01593473841944507 0.06072920391163478 0.05600456271850165 0.033033858380672375 0.05676692809506705 0.040381596678300366 0.05088095799807359 0.021698325735100776 0.01839856988463542 0.04479939183651434 0.013724290864736583 0.003084530017723498 0.019164975406599605 0.06642303625602695 0.0490758837413669 0.04013978712723075 0.032907368591680135 0.000799709527092705 0.034752006178052505 0.060531967605327405 0.041431821136693525 0.055561711099800994 0.049244972963687954 0.046650091989260484 0.05321206009584396 0.06443599688524841 0.05835205491661924 0.021641944231443663 0.0024543459452143557 0.027430462214446758 0.061574941701010424 0.04265526598896075 0.03769173391427291
 0.027231007855048412 0.0424188745185938 0.028875615664378892 0.05210541236578832 0.05375642903391848 0.06950935117093442 0.07006160755882038 0.08160127698588018 0.047654643491908975 10000.0 0.08799172235911588 0.034358775142759014 0.03392771225321934 0.07662330258984425 0.08718634939242308 0.07184560173562306 0.08742326899395482 0.04260119681439896 0.04751916690004328 0.018711578181317672 0.07814980508463416 0.061299405826292716 0.07557080699611594 0.08640889866975657 0.08832919081254259 0.03448502965011979 0.07361528522556225 0.022623683152558288 0.05210055207806161 0.06276460458936695 0.06283223318631173 0.05522441637641601 0.041102282680231146 0.057519966646626515 0.06414661961107687 0.07721467815961848 0.08802299626634502 0.03870617559055839 0.029152407961786433 0.06055613146070465 0.02646633702760885 0.06089792026902276 0.05069612519870736 0.04100929682103132 0.04515350940201201 0.06384473675253957 0.0725868552381787 0.07977388272056746 0.046977177535615276 0.04510281983435773 0.09123199524455339 0.03605134730457467 0.07209716129806934 0.06614015971894348 0.08448763682556544 0.09281124601244431 0.048049789196113545 0.047634943258975056 0.04074193013734494 0.045261894735889936 0.07499618163416676 0.02585583335586527 0.06770256120707893 0.07723702875365368
 0.07334233429231193 0.08408308501019852 0.07017848602897607 0.08945961364455163 0.039446475958307546 0.03464703478788025 0.028126061616760453 0.007308997993967226 0.05354249881056285 0.08799172235911588 10000.0 0.06031250681563983 0.05582811797819427 0.024163230847079782 0.02564270603397716 0.05407513758343905 0.026761011372487167 0.05538934747549647 0.04077397493845427 0.09716709216915109 0.011597352258856317 0.07099640112019732 0.04907470368462596 0.035946780649249575 0.005269875624687769 0.05653361260932289 0.014389162457462603 0.06559535843789473 0.05610641918096764 0.025233489834909216 0.03519049363720056 0.06478151648787558 0.07230293063552982 0.04965214931523285 0.08049937411119439 0.024754997927097056 0.04649895965586263 0.10373268965078959 0.07231541321970147 0.06285071138540575 0.0957988784734352 0.052090599796318915 0.05158920048716822 0.04774050210560311 0.07606219392331877 0.03376132800095905 0.01542244415523983 0.03704028538116 0.054253324017101416 0.04497844169311058 0.009340636279594373 0.05770513438129526 0.030523313504854394 0.030857909744749033 0.008952140588787853 0.01220568945096541 0.11740338973690095 0.06307489579961197 0.04749747488804376 0.0552522985431101 0.043274114273727696 0.08670389049910145 0.09111693458028779 0.01721628794755605
 0.03942754485479007 0.05892408839675385 0.00988686800672126 0.06879918290614571 0.03844837254083322 0.03572114272690502 0.03744047732009437 0.05317882906279653 0.042946247124617865 0.034358775142759014 0.06031250681563983 10000.0 0.008579806141774825 0.057119984635714875 0.06790767027411831 0.06639279358696477 0.0685275986321767 0.03863124952852299 0.026718368977296875 0.050603842629986455 0.04912885303169231 0.06612010195016564 0.06727822923873793 0.07112762146055306 0.05924935410748179 0.02807236743922076 0.046865995184907375 0.020874140636880468 0.018716968849135065 0.03652279282789618 0.04738371057807459 0.057729677841501695 0.017849270733876692 0.023272280507651618 0.07309180668458885 0.04453825915604644 0.07665707384416368 0.06675868706730982 0.04021632861352858 0.06119591510067324 0.054808382396897476 0.05552997073433267 0.044825461322132804 0.024820531818213608 0.02351202518696257 0.03080969321812313 0.04595369950207659 0.06571603695643644 0.04276028458682947 0.015694737520556997 0.061257809313386695 0.0026243003417228926 0.03876755197341025 0.0334690378001069 0.059464031267084626 0.068161969841293 0.07875446440808809 0.01692632330580479 0.022607304016585904 0.04165016404030275 0.06412302250834451 0.02641797638533699 0.08073151791403811 0.05465622912016532
 0.03301539555941087 0.05210311138172423 0.016682336367481773 0.06173668993435402 0.03024654315258622 0.036066351233444566 0.036148888495863306 0.048976221487809786 0.03440302249775504 0.03392771225321934 0.05582811797819427 0.008579806141774825 10000.0 0.04999682151130891 0.06088084088194575 0.05784609624666649 0.06142846768964555 0.030180758150176488 0.018996887427138474 0.047928545524125024 0.045196501030538405 0.05780022361328423 0.05885111065679193 0.0634273940673943 0.05544470717489833 0.019844175037077673 0.04179615583171721 0.015365285913838447 0.024481528416105475 0.0310121672789727 0.039387925219553935 0.04935466730329311 0.026427926547056092 0.02709400303525509 0.06501688283356108 0.04329440398957477 0.0685283094641114 0.06215558628773348 0.033525859592349126 0.05269796457139054 0.05073234514850752 0.04695460287639755 0.03624949268784305 0.01631738613687052 0.032091166599819115 0.030049638605652088 0.040818128674691666 0.0577944315127952 0.03423492035915362 0.011284205417481341 0.05797072800820449 0.007120812775121807 0.03834030057523733 0.03224603257406334 0.05390777240830889 0.0625763806883604 0.07477754967625684 0.024540395001300834 0.014192874024068386 0.03316413822319517 0.05585306273804737 0.032426471915588805 0.07298281350660726 0.04825546739629902
 0.05640554386844725 0.06333409357640524 0.06652032620112824 0.06737873657813222 0.022925265733562402 0.04628069498584015 0.039443942063834274 0.024325532095482397 0.033832977235691654 0.07662330258984425 0.024163230847079782 0.057119984635714875 0.04999682151130891 10000.0 0.010907390600245223 0.02991194433774374 0.011432930054591428 0.037199390007821354 0.031141376781081833 0.08174745569701836 0.02580180081731182 0.0474993407607053 0.025046991888061265 0.01591558955584671 0.02871368115466089 0.042302421706776824 0.019179785483171955 0.054304128272607374 0.06063489999417075 0.023141126001860336 0.014668242197963952 0.04207926069680217 0.07309313905065068 0.056191286058598806 0.056884846477359044 0.040414975909349754 0.025183820567837314 0.08461301459505402 0.054978488925859575 0.039434779388669634 0.07847516014084314 0.02891585455450033 0.0312150379502287 0.03623491487294132 0.07802301432912968 0.041770566261092226 0.019115408439691308 0.013953836585371766 0.034623977589610125 0.04197160020939059 0.03317991736681124 0.05461824321023825 0.04338792563219098 0.03985932802540309 0.015405454442775107 0.019845365959753843 0.09807721365210235 0.06609515284227141 0.03725266848046222 0.036020856426686086 0.019222431583235302 0.08239023500061762 0.0674872430913037 0.0074958436646377965
 0.06596345394753489 0.07096503145510517 0.07736889236747452 0.07385413525561686 0.0334341729055679 0.05419748164046712 0.04720544989182549 0.028717814390309414 0.04284455882063146 0.08718634939242308 0.02564270603397716 0.06790767027411831 0.06088084088194575 0.010907390600245223 10000.0 0.032730654237073484 0.0011227143309763066 0.046741841073599966 0.04204801904415346 0.0914832093372422 0.03150246233094827 0.052483004218422946 0.026687292510617633 0.010537082801737945 0.03086749758680211 0.052745071124427514 0.026573689383096538 0.06500832068054554 0.07050950221915354 0.03300707730331421 0.02452243938888262 0.048460746321860204 0.08361640650272638 0.06561246913225408 0.061395863260213235 0.04680836271480175 0.021080256366182836 0.0929329108968894 0.06442511853918835 0.044842507540776746 0.08763141204082597 0.03525795627552497 0.039985573044571024 0.047066987592062765 0.08843351073260733 0.05051099586793279 0.02686648147794899 0.013879474224127893 0.04364421057255993 0.05261844727690536 0.03492815607682121 0.06538507015607055 0.05083804667193102 0.048276911657149264 0.017187239569664538 0.016235130983950307 0.10617746903868427 0.0762749975743649 0.048137819172943484 0.04517729037141685 0.021540868739508286 0.0932858494661665 0.07177872729221133 0.014606958614526757
 0.04552260162367691 0.04285965618110941 0.07357970708700542 0.04319589939932655 0.029401897552649815 0.0701431685817428 0.06415644778069907 0.0536150446202802 0.025037534928466804 0.07184560173562306 0.05407513758343905 0.06639279358696477 0.05784609624666649 0.02991194433774374 0.032730654237073484 10000.0 0.03201726249933031 0.030203397679558396 0.041537107371687955 0.0698234669832997 0.054214439232318626 0.020616740548052483 0.006378564823559615 0.024219805523121182 0.058547439598506376 0.04074685202852079 0.04672056173457661 0.05369513383634925 0.07707500396534353 0.04499714845010183 0.0237564966891131 0.01955723314793194 0.08421495505926174 0.0749980028410282 0.028900586383507322 0.06716361703572625 0.01904039627062494 0.06565750827119606 0.043612251406982945 0.01435015362916757 0.06348203608077845 0.011319689775972482 0.02236996050332682 0.041585968289203315 0.08982390611177614 0.06408086726546608 0.046249882303519715 0.018862280338195963 0.025556093781006088 0.055223018588057025 0.0630302359831411 0.0645267775143779 0.06835832352880815 0.06316548663991892 0.04527265088390657 0.04812339718968311 0.07792527090502406 0.08037455760572464 0.04387733760349799 0.027171581719503943 0.011252907984935171 0.08655063004039709 0.03911908813641492 0.03709422217045062
 0.06595152966463219 0.07064434214527025 0.07795062778119481 0.07339096459232884 0.033695756502105496 0.0552143596528829 0.04822616046116462 0.029827675465690307 0.042769163211687417 0.08742326899395482 0.026761011372487167 0.0685275986321767 0.06142846768964555 0.011432930054591428 0.0011227143309763066 0.03201726249933031 10000.0 0.04675117714731996 0.04255062751820204 0.09149241291328149 0.032587765719963205 0.05189610431436242 0.02591750260458115 0.009486287740695275 0.0319878446121748 0.052958387850725736 0.02758097436979258 0.0653121069169154 0.0713544455854517 0.03382602800931129 0.02466749324743322 0.0480252723059846 0.08433603443464562 0.06651372208390437 0.06075065037215479 0.047887703680498266 0.020006134189852795 0.09269198814973621 0.06439301431055666 0.04431456556701106 0.08752916238564003 0.034861745351402844 0.03987988971312001 0.047452231038038334 0.0891829836846739 0.05146856190118918 0.02785494102190314 0.013155435536303165 0.043568296994213176 0.053294216875568116 0.03604245699472021 0.06601532165879916 0.051877673950106694 0.04925724707044943 0.01830865743549843 0.017241656768290564 0.10589817759363308 0.07707098865429894 0.048571644381889614 0.04512058709435735 0.020874083361700914 0.09381536504388352 0.07110196301129931 0.015542787154245674
 0.019240717838320535 0.029505670718353107 0.04444454318251345 0.0368679694081969 0.015942926822263684 0.054512256456655 0.05069825623477912 0.05105382972332375 0.005189490526691504 0.04260119681439896 0.05538934747549647 0.03863124952852299 0.030180758150176488 0.037199390007821354 0.046741841073599966 0.030203397679558396 0.04675117714731996 10000.0 0.020581377627498336 0.04474295100561035 0.049203114275124735 0.027762452561549283 0.03318346201526281 0.04430947056559864 0.057783162119533465 0.010938439907893956 0.0422073192678041 0.02351264271095042 0.052993965872721434 0.03385128924170341 0.022532313294819622 0.01923643998748464 0.05629720130310254 0.053153421641972384 0.035634250905177384 0.05632962438111027 0.04542612131772316 0.04837501883208884 0.01777923131779298 0.02259796773312922 0.041328403518048576 0.018900413313426786 0.008127960330396937 0.016001884146558107 0.062002337852438166 0.04756671296711418 0.04125658647836624 0.037540659880104424 0.004650373017165726 0.03179963603211331 0.06182267803352806 0.037281694160933465 0.05452569863351651 0.04804317522671502 0.049055651308170134 0.05609096963738094 0.062033588748778096 0.05446677348839617 0.018421282752072457 0.0031397825209909087 0.03240064935717736 0.0564854795146795 0.044647055112299217 0.040302600360058075
 0.03430660248954784 0.04935064648526737 0.03566148735494184 0.05732814837274477 0.012265247793951177 0.03393091483513903 0.03032666186614466 0.03486975017506092 0.022351491890640306 0.04751916690004328 0.04077397493845427 0.026718368977296875 0.018996887427138474 0.031141376781081833 0.04204801904415346 0.041537107371687955 0.04255062751820204 0.020581377627498336 10000.0 0.05666033024114997 0.03197252314767348 0.0466968581482166 0.04142113827177496 0.044472327622462206 0.041751798993490546 0.016641702005937644 0.026413454956358166 0.024940759993994005 0.035574086483020476 0.0159231094983504 0.02071031518182618 0.03823005127764343 0.04389475906323094 0.03413181014877493 0.05538533366705882 0.03634674278917444 0.05003284224784859 0.06557701200970852 0.033721545025151865 0.03992762243813584 0.056249807424287084 0.03170903854690463 0.022777186196599384 0.007107499712530314 0.04928414844052088 0.026987737567171665 0.025377619078538687 0.03899868272409598 0.022610381952100946 0.013687664576383866 0.04519163952625091 0.024411151806952636 0.03404264828196716 0.027507291764979146 0.03698812834999371 0.045402332073997236 0.07914001575567904 0.038973049600206096 0.006779977410627857 0.022426616371599702 0.037754407600942466 0.05128099927559161 0.06489883862448512 0.030178272518942208
 0.02557280237367993 0.031596216888464194 0.04677161089499572 0.039559169238972965 0.05926960132772716 0.08393938947754186 0.08334035673851417 0.09151621205529388 0.048910952173926825 0.018711578181317672 0.09716709216915109 0.050603842629986455 0.047928545524125024 0.08174745569701836 0.0914832093372422 0.0698234669832997 0.09149241291328149 0.04474295100561035 0.05666033024114997 10000.0 0.08859682651012353 0.05472025374113869 0.07474005447045366 0.0885431641232936 0.09840486744099035 0.04067258098628437 0.08293863790587676 0.03334473058497928 0.06910236476407912 0.07258047345407291 0.06714444257055617 0.050888608822975044 0.05956153474617435 0.07380179198544314 0.05484267449871642 0.09032571606018416 0.08790765723775966 0.02068339742776111 0.027226372782080063 0.05648367700073889 0.009714276841541454 0.060132504336045736 0.05192765182591565 0.04957048122439663 0.06379232480822544 0.0776790876231942 0.08190694319087247 0.08171130272284569 0.048122496803062534 0.05821533184561659 0.10182995517225978 0.051796905542245524 0.08595666703295368 0.07959530208278154 0.0922072144823928 0.09991658063981415 0.029357095817323854 0.06537430473339594 0.05020010658833953 0.04649403509750471 0.07561380350895595 0.044294491468118306 0.055755697887250946 0.08399575414400892
 0.06586700351067401 0.0786117678918599 0.058949872989461465 0.08502049863488056 0.033664364926425695 0.02386249678913008 0.017029682850825564 0.004300638864019435 0.0483374917649245 0.07814980508463416 0.011597352258856317 0.04912885303169231 0.045196501030538405 0.02580180081731182 0.03150246233094827 0.054214439232318626 0.032587765719963205 0.049203114275124735 0.03197252314767348 0.08859682651012353 10000.0 0.0686356089055055 0.05021766486462662 0.040618409054087645 0.010248816238446793 0.04844148666962972 0.0076659508780877045 0.0561346950971606 0.04454871211252827 0.016071734872816275 0.03216558229960886 0.061513563080318995 0.06071695043171763 0.03820082450525868 0.07817439745018188 0.015322828006097803 0.05068028699208812 0.09688972763713735 0.0650621124102153 0.06055791606948434 0.08809278832051727 0.0498425451732496 0.046925152864551456 0.03907989819969597 0.06446689403807684 0.02226471420307515 0.008378427520066225 0.039751286671374425 0.04896019610837534 0.03409644722276237 0.013235893932128063 0.04654336181335374 0.02000051304159767 0.019415234257360546 0.015151878787479641 0.022335102362813435 0.11054453268615273 0.05148412555726153 0.03841378133765171 0.049665098917035355 0.04446301692809585 0.07544252252222879 0.08867547935067462 0.018412177882876878
 0.034164999214043854 0.024407090934554756 0.07099408955720138 0.022785853442016328 0.037049250010468916 0.07972950830888771 0.07482793790762758 0.06903949139622406 0.02447239573294759 0.061299405826292716 0.07099640112019732 0.06612010195016564 0.05780022361328423 0.0474993407607053 0.052483004218422946 0.020616740548052483 0.05189610431436242 0.027762452561549283 0.0466968581482166 0.05472025374113869 0.0686356089055055 10000.0 0.02698070274186872 0.04471264624283947 0.07485917814239336 0.03805008626488757 0.06097850920762656 0.04847540495289807 0.08069531073179563 0.05600427283959552 0.036497142526109805 0.00856986368672185 0.0835301694006597 0.08047536532686825 0.009551611754695813 0.07930604815190585 0.039260330897988416 0.046744344696003665 0.03229401797614922 0.008151722937920795 0.046885504540986396 0.018944852302414113 0.02399536199712387 0.04349871533517199 0.08922872963210252 0.07299262145818787 0.06026842958465813 0.03888419516723029 0.024353594435410644 0.05919787150397838 0.07931082103205894 0.06492025603492216 0.078936156820544 0.07287281771390951 0.06268943296966184 0.06694672343260614 0.05822172932053013 0.08220270801765882 0.04596689125429749 0.025009052623997035 0.031116303993597764 0.08088724930171456 0.02013977558713142 0.05381265909444683
 0.049915729828117636 0.04875992509036912 0.07504014781755695 0.04948449472820532 0.029164506328842092 0.067704030343494 0.0614191929028572 0.04922613897024232 0.028019685391353417 0.07557080699611594 0.04907470368462596 0.06727822923873793 0.05885111065679193 0.025046991888061265 0.026687292510617633 0.006378564823559615 0.02591750260458115 0.03318346201526281 0.04142113827177496 0.07474005447045366 0.05021766486462662 0.02698070274186872 10000.0 0.017863514449200833 0.053745560582172947 0.04313287305156693 0.04293331764421226 0.056317824331224994 0.07655183411062101 0.0425718218543858 0.021849670158895655 0.025330243712935914 0.08495462236330702 0.07389526215099448 0.03524299549285483 0.06384609461486893 0.013265121546548974 0.07153147200627198 0.04804895197797327 0.020408430878554575 0.06881160943150427 0.01478481950902531 0.025070644559912647 0.04254916431491326 0.09047250572482836 0.06197621175570306 0.04257269099828652 0.012829452880380262 0.02865368297834464 0.05501449338797201 0.05819918203272096 0.06524371462773289 0.06559181631518282 0.06079305417668653 0.040167320539584425 0.04238802091150694 0.08397659968656743 0.08037987967588851 0.044678642271755484 0.03035418273915049 0.005825254057292155 0.08874948937211699 0.04538425286477818 0.032456257170856415
 0.0630303760222148 0.06524177290246001 0.0801093447349166 0.06692432042994258 0.03381261653058151 0.06211459004880003 0.05522701262462247 0.038318445371243105 0.03972115730542569 0.08640889866975657 0.035946780649249575 0.07112762146055306 0.0634273940673943 0.01591558955584671 0.010537082801737945 0.024219805523121182 0.009486287740695275 0.04430947056559864 0.044472327622462206 0.0885431641232936 0.040618409054087645 0.04471264624283947 0.017863514449200833 10000.0 0.0411094306264524 0.05211619553629073 0.03470471464013309 0.06507351365185168 0.0761774709322743 0.03889238060951371 0.024345229386058632 0.04199526130325094 0.08778937782484458 0.07197866893594874 0.0531065046571737 0.05570736620840993 0.010572919791383587 0.08776448992059113 0.06132404557676908 0.0376481852513186 0.08370601541523262 0.029433287308637993 0.03666333382510175 0.048216170709923616 0.09291093339989234 0.057686093829637096 0.034768552669715486 0.006833176546870568 0.040495174669281334 0.056604009509818996 0.04527644643752552 0.06873798245685075 0.05909767020058134 0.0557588533826688 0.02722882063560159 0.026715351092740054 0.10063058522867968 0.08134414476936756 0.04974237465035946 0.04216804469162056 0.013914914176071519 0.09538233942477692 0.06320898833594633 0.02245540357491855
 0.07517131314532421 0.08686781206421705 0.06903258122734278 0.09266241958856819 0.041911984763119 0.031098358181082673 0.0249908307950666 0.0068954622405248914 0.056341088149104025 0.08832919081254259 0.005269875624687769 0.05924935410748179 0.05544470717489833 0.02871368115466089 0.03086749758680211 0.058547439598506376 0.0319878446121748 0.057783162119533465 0.041751798993490546 0.09840486744099035 0.010248816238446793 0.07485917814239336 0.053745560582172947 0.0411094306264524 10000.0 0.0579869482099017 0.015679090339524922 0.06620607620197784 0.05348933191054426 0.025856410285009065 0.03863216339687424 0.0683364477206754 0.07018753285882873 0.04675788378176699 0.08439637211016811 0.020678451983093142 0.05164134002681181 0.10592698016814868 0.07425656959072081 0.06670822541689259 0.0975383542546251 0.05591475502099516 0.05458869009272304 0.048834434427028256 0.07365905531420054 0.031118699752240853 0.016679991118652253 0.041941845787788166 0.05701993804155208 0.044329222931938146 0.004489541468151575 0.05667841950114772 0.026859860563899163 0.028140640234933175 0.01393724305799969 0.017214833258526893 0.11960298833048133 0.0606400159240443 0.04832765828519381 0.0579029084988355 0.04792525099620836 0.08548792021890604 0.09499895274531424 0.02146287028998429
 0.017698385654715935 0.03421965581257965 0.03351306210459055 0.04317047946980575 0.019377169550067318 0.04883133555020809 0.04622140632568629 0.05109265908750964 0.01584615650191595 0.03448502965011979 0.05653361260932289 0.02807236743922076 0.019844175037077673 0.042302421706776824 0.052745071124427514 0.04074685202852079 0.052958387850725736 0.010938439907893956 0.016641702005937644 0.04067258098628437 0.04844148666962972 0.03805008626488757 0.04313287305156693 0.05211619553629073 0.0579869482099017 10000.0 0.042396987610745715 0.01323360310396592 0.043649204679132886 0.032376446110600865 0.028347210234046002 0.029696850159104414 0.0455530318611942 0.04476825796930687 0.045180364260599216 0.05261382269884707 0.054676976800453254 0.04899029642683987 0.017243181895650724 0.033446869695537354 0.03965796443023803 0.029439751375470564 0.01837689511147732 0.009713858686811343 0.05125892996732912 0.041918664945184134 0.04137213291901659 0.0456013008823743 0.01546051461672777 0.023849996747444955 0.0616017608657772 0.02695450048364917 0.049633589144990733 0.043006670642513435 0.051609273628225705 0.05950478438655525 0.06252039610213526 0.04437213665860662 0.011306773076609478 0.014073061623843685 0.04153983201676367 0.04580506890461352 0.05335130569778555 0.04363663808592804
 0.05949944831626361 0.07145814284129196 0.05675005119068891 0.07762221195494443 0.026439459806039338 0.02763958478121694 0.020663225212559474 0.008855674496019459 0.041032848571062853 0.07361528522556225 0.014389162457462603 0.046865995184907375 0.04179615583171721 0.019179785483171955 0.026573689383096538 0.04672056173457661 0.02758097436979258 0.0422073192678041 0.026413454956358166 0.08293863790587676 0.0076659508780877045 0.06097850920762656 0.04293331764421226 0.03470471464013309 0.015679090339524922 0.042396987610745715 10000.0 0.05120631827577238 0.04531855927471506 0.010899422665842387 0.024500818469136154 0.053909166433151995 0.06023621363012701 0.039732892153685015 0.0705199569851204 0.021252692967291778 0.04435249527974444 0.09026094542261234 0.058577644879869696 0.052895478259754526 0.0818850241549029 0.04217668096118028 0.03949072843832626 0.033421664779763785 0.06448476952168194 0.024155124843676302 0.0010358520423774896 0.033051267700094304 0.04168113698076791 0.031263768933731804 0.019616219204405396 0.044241997793252684 0.024422024836016035 0.02177136523744863 0.012899946060172186 0.02147908935935443 0.10393569119458411 0.05174536005695869 0.033118184794148936 0.04247200089442525 0.03723954238286138 0.07326865869719514 0.08103065482316454 0.012277932259765699
 0.01861308205310732 0.03820105597436881 0.022907866869397542 0.04819928465011036 0.03164955037183043 0.05081585202181884 0.049996664434703464 0.05939729785829173 0.02865862956105112 0.022623683152558288 0.06559535843789473 0.020874140636880468 0.015365285913838447 0.054304128272607374 0.06500832068054554 0.05369513383634925 0.0653121069169154 0.02351264271095042 0.024940759993994005 0.03334473058497928 0.0561346950971606 0.04847540495289807 0.056317824331224994 0.06507351365185168 0.06620607620197784 0.01323360310396592 0.05120631827577238 10000.0 0.039176944198561 0.040438297770603523 0.04097832684438308 0.04067463257069831 0.03623643932727216 0.042398883785685966 0.05424866430965208 0.056984968236334636 0.06790343905016383 0.04679146950063626 0.01954300651077275 0.04512724777422983 0.035431189088142606 0.042377859899198095 0.03139141873832986 0.018394545000160828 0.04179126059631174 0.04441254065004509 0.05017293010457322 0.058656210639085604 0.028162004841306862 0.024913698371681045 0.06933080653967273 0.020986562651528037 0.05266705416668214 0.04626513951569913 0.06187503733785034 0.0701876114814303 0.05945509993226237 0.037735562268781817 0.01816186241862832 0.026601004310131706 0.05476748750568348 0.03305091773970702 0.06096449653159161 0.05464008485490407
 0.05740521807732808 0.07658442047929609 0.023693010220297184 0.08619376068251776 0.04768526941583873 0.02383094698577685 0.02863865444574123 0.04884723416567765 0.056399386052858394 0.05210055207806161 0.05610641918096764 0.018716968849135065 0.024481528416105475 0.06063489999417075 0.07050950221915354 0.07707500396534353 0.0713544455854517 0.052993965872721434 0.035574086483020476 0.06910236476407912 0.04454871211252827 0.08069531073179563 0.07655183411062101 0.0761774709322743 0.05348933191054426 0.043649204679132886 0.04531855927471506 0.039176944198561 10000.0 0.037554088946755666 0.0549445845359322 0.07212988453334199 0.017754776863168214 0.007321404958539647 0.08854135815729612 0.03458002629884821 0.08362614214183278 0.08546165719727783 0.05798365725923841 0.0747093049734963 0.07352427190962392 0.06720993160752155 0.0575633382156756 0.03723851779162041 0.02029247610056476 0.02239200311859719 0.04467850974657346 0.07197396246731635 0.05642219140080581 0.021957314822000924 0.054177468240895595 0.018193465765245154 0.027932415394000955 0.02535463982742644 0.058085351997092693 0.06634375738601103 0.09745482093531861 0.007428015021361867 0.034762181948704785 0.05568648213915975 0.07233412032118565 0.03696303036888504 0.09699419601175065 0.05603013364378092
 0.049860542813242 0.06335540857179663 0.04636316247011423 0.07036840482049027 0.019228662980663436 0.025175751595409173 0.019238127667152903 0.01899533701629855 0.033714035053730114 0.06276460458936695 0.025233489834909216 0.03652279282789618 0.0310121672789727 0.023141126001860336 0.03300707730331421 0.04499714845010183 0.03382602800931129 0.03385128924170341 0.0159231094983504 0.07258047345407291 0.016071734872816275 0.05600427283959552 0.0425718218543858 0.03889238060951371 0.025856410285009065 0.032376446110600865 0.010899422665842387 0.040438297770603523 0.037554088946755666 10000.0 0.021252602213176566 0.04820210448074926 0.05097023357990672 0.0330863754448018 0.06536640790223336 0.023313860175346545 0.04715391405413968 0.08097973323029722 0.049108695154963675 0.048241441749385654 0.0720329023995279 0.03806990065909751 0.03281796907250708 0.023025835823575258 0.05559349875644549 0.019480970144058352 0.009887805931178934 0.035386577284359 0.03424781597701861 0.020828477014627502 0.029273448078887442 0.033905092755080385 0.02343959770870193 0.018230109187270402 0.022985352323200387 0.031683518170447934 0.09461290684783506 0.04328337693524753 0.022473105751712793 0.03471033522451694 0.037422578159244664 0.0628197329261184 0.07559041219220415 0.01872627853872108
 0.04174942486953425 0.04936919543029518 0.05604210168632462 0.054289016864829155 0.009470279939938483 0.04638667190250954 0.040455266799683184 0.03259199469986568 0.01929773853933248 0.06283223318631173 0.03519049363720056 0.04738371057807459 0.039387925219553935 0.014668242197963952 0.02452243938888262 0.0237564966891131 0.02466749324743322 0.022532313294819622 0.02071031518182618 0.06714444257055617 0.03216558229960886 0.036497142526109805 0.021849670158895655 0.024345229386058632 0.03863216339687424 0.028347210234046002 0.024500818469136154 0.04097832684438308 0.0549445845359322 0.021252602213176566 10000.0 0.029705269047350918 0.06458450967171177 0.05206502925066197 0.046045587203717396 0.04383605194317378 0.0293271480620918 0.07017514712235769 0.04031153033651811 0.02839807327677698 0.0638143900662557 0.017682433818088632 0.016861882456209218 0.023878811039998026 0.06992949897733777 0.04037363981582854 0.023822016052224664 0.018417072505754417 0.020077808699575383 0.033824385275261874 0.04302787971483019 0.045113014835015224 0.044659561811836355 0.039409752916380075 0.027665289979595657 0.03392281336090913 0.08371179361457999 0.059169259928797575 0.025476460200341645 0.021412632280772278 0.017391319501145946 0.07108453180867748 0.056587896750944076 0.01860259595316034
