NAME :TPP_input_20_5_5
NUM_VERTICES
96
NUM_CLUSTERS
20
Full Matrix
 10000.0 0.01929663457041154 0.038500380284634615 0.013283356008929078 0.02612539289811977 0.07106917199059022 0.06950419670559904 0.07531079418599228 0.023387212723245784 0.060760157847934995 0.0033887976592015035 0.03556003840976916 0.044612150912413794 0.06181560894796273 0.02327728178352731 0.09326296337495132 0.044017556763520496 0.07235504992298658 0.035085862510152784 0.06472286666360698 0.037515433041849566 0.026229911385773984 0.01606737069247457 0.005507089939317599 0.07054381923154905 0.05339906853232188 0.05464789733061124 0.03418995562813755 0.04592829974032065 0.08923828438484638 0.0999577957179846 0.04911924989866662 0.0467800677338748 0.06506659250661649 0.020985180907297462 0.07379542929116495 0.08336456316717529 0.03401881611284271 0.04695538850242975 0.039979215378920026 0.09901399917596512 0.039800848029056105 0.03740652335134772 0.019667155788030435 0.07368835946128098 0.0642170947019416 0.006546879215713124 0.012789232686733492 0.08763811769070255 0.045863579773362216 0.05596219359345246 0.06916608192796979 0.0657874559405085 0.027002831331374964 0.0004707602728336768 0.08802453087449431 0.05861523711467339 0.06925234764279381 0.029453430731694402 0.07661992048385846 0.07195428604091712 0.05804462755482265 0.04668389177890015 0.050733270741643216 0.10163563023293805 0.08149345253960304 0.020771668375304274 0.04404249311684412 0.020883733137118513 0.06452767041925343 0.08790091520335343 0.07067389007325127 0.0730131893132474 0.008936757077148694 0.068931136061004 0.052445325702096195 0.05825208169789413 0.06415789220181135 0.03376959301540241 0.05290061543992992 0.035413290400883854 0.06763979253564183 0.06116978136285473 0.05508301308729568 0.06806495834336748 0.08059610018430069 0.07791562091528914 0.029481985286491878 0.04935697301912366 0.08386218653097743 0.08483438915001783 0.0897066078590121 0.0475434642683953 0.02146753185872212 0.06483730853136654 0.07879413343034909
 0.01929663457041154 10000.0 0.01926947851030562 0.013680007195313773 0.0071540649212854385 0.05190344562168309 0.05024261836747983 0.056414003259671296 0.03677533941792523 0.05212586314795894 0.020408285509687634 0.0397497542037939 0.02792861424671771 0.05708348190060288 0.01965710369804692 0.0785496456429829 0.030936074723404254 0.0531884695910795 0.017943031292560634 0.046743449422135715 0.03993181061364326 0.0245462006790711 0.033303644927389256 0.018071860319988156 0.060796725391278374 0.05276373864617285 0.0355920954233941 0.0311914568228668 0.03665840977431015 0.07461481141002467 0.08349253207126904 0.05397973367702136 0.0494145263719507 0.05476943195255615 0.026057064491095846 0.0723005802840743 0.06662877264725242 0.014734284882976212 0.03547747367973157 0.028025538892261944 0.08277071045332061 0.039013378585247595 0.02096512958332201 0.021015661856972397 0.056307117157533185 0.045658160479097445 0.02033332283098782 0.017262864311633402 0.07009612450484702 0.02868189326519783 0.036690347189783964 0.06172786859237798 0.060592923194184765 0.024900624142596334 0.018832292794628096 0.07687053266359148 0.053809355459984706 0.06404113879442663 0.010374488852574274 0.05762134344385696 0.07278847013562115 0.03881241732233776 0.044582689695616726 0.05388202185429203 0.08703283542402308 0.06668112756476008 0.024935721345403592 0.02838599886101699 0.024516407095301954 0.046238383618546076 0.07086990050699304 0.06279208643464022 0.0696870414374246 0.025551761013381174 0.06672373688726577 0.033268809221774276 0.05356516387365249 0.044980298429256216 0.03879548042141164 0.03779474899982341 0.019640803295267475 0.06578299438504043 0.04448730250418471 0.048837473375411854 0.07046616350716776 0.07015205065823833 0.05964415319613368 0.03284916010491411 0.030871097658917594 0.06471855409290983 0.07290048416382297 0.07298434416865207 0.030493827675657524 0.019341776961920725 0.062377360560236295 0.061170693508259995
 0.038500380284634615 0.01926947851030562 10000.0 0.031315200373626506 0.01329495111050297 0.032639903052766636 0.031005995752388577 0.0389058524598126 0.05291266820310454 0.052099630585839524 0.03966786040114771 0.05285021468158552 0.01998043354046114 0.060798816741175446 0.029803971010403957 0.0682019266250639 0.02460999699833724 0.033924325310501824 0.014556163524119236 0.032053553731621685 0.05184452343237001 0.033960110788722506 0.05145735305010292 0.03720390945491418 0.05847162725699828 0.06076186725439071 0.018251258965190868 0.04071418712731322 0.03851368229206813 0.06457496180025783 0.07021012118465597 0.06611725694231574 0.0603603112546661 0.05235508177202797 0.03953831404900938 0.07794595407992239 0.05344734014376446 0.004657575848159319 0.03472072168818024 0.028892095467674614 0.06987248459685211 0.04870871826184908 0.01711935231498262 0.03628917958785414 0.0393039098925845 0.02948505164917619 0.03938272401760473 0.0334909185372942 0.0552836013943473 0.01481128744761091 0.017480298917862562 0.062076925562524074 0.06349098551192872 0.036877950942384684 0.03804127777819166 0.07159331098838186 0.05780177762085675 0.06661903416048515 0.009104511960675327 0.03979452034910861 0.08050042918367427 0.02041904275351205 0.052317640857145506 0.06479476035063245 0.07653972840189752 0.05675925293740793 0.04052175840122333 0.02265701331915163 0.03761141275940983 0.030781426702259702 0.05698849772929646 0.06253644304390182 0.07374867147183128 0.04392255762281573 0.07207772419207535 0.015430979520986123 0.05770580206531939 0.026735128925567536 0.052526747631198925 0.030562828793219775 0.014087871916320856 0.07153575267806384 0.032997105128851636 0.05195131154883161 0.07963433010605488 0.06620199548075158 0.04363034537787167 0.046463705907299056 0.013136963127513196 0.046364380378961706 0.06681600959438776 0.05958276665492147 0.016474031969636014 0.033300592617862244 0.0678321974112336 0.046506328558903166
 0.013283356008929078 0.013680007195313773 0.031315200373626506 10000.0 0.018024095318360727 0.06352018129834011 0.06142760311013024 0.06488499134479708 0.03633291156866919 0.0477245927757052 0.011916557862819819 0.02728360269440104 0.032669950303984584 0.04972686913066423 0.028576631671748252 0.08016247339912007 0.04425203576988158 0.06478939160150272 0.02390968268021442 0.05325496022040266 0.02816646749984188 0.03290248358847867 0.029315369004367847 0.008544237245913537 0.057400156961272084 0.04280253999479237 0.04490211319639595 0.02209989235487193 0.03271397638931444 0.07613145259851113 0.0873193699726916 0.04158085702042844 0.037791201867378464 0.05184928272850724 0.03068478086265127 0.06305618498479988 0.07091610576022289 0.026668947837634252 0.033681338525751045 0.026781516986354347 0.08629459635655885 0.028823365305717923 0.025637753707208572 0.008526727818405678 0.06967052124718068 0.05338799880985713 0.009756068929881807 0.020867443139787743 0.07561916187396457 0.042256635803670936 0.04799438543026072 0.05641026152305671 0.05359446190704635 0.014861726586511973 0.012904353736598444 0.07478419042424848 0.046466534021575245 0.05708469438391869 0.02330718570463263 0.06639796846975439 0.06230932433478497 0.048859003644616504 0.035314029093565395 0.042124227821007325 0.08850108866990392 0.06844325979319725 0.011773894753559572 0.031630350090174154 0.02986305349986754 0.05336834727127862 0.07557437493843636 0.057833418679974255 0.06152139377129028 0.02214992318597382 0.057843664430665596 0.04313113881967723 0.04613647804253694 0.054619131776612984 0.026024881746441044 0.04012012139577932 0.03328167404616334 0.0566863455454031 0.04888614257421066 0.042485042905810205 0.05923328166385221 0.06740338048773165 0.06658434470357835 0.020428296682959705 0.043837813225593464 0.0739786133655985 0.0715553606233224 0.07721895616021991 0.044082062119434766 0.008824675867279213 0.053604102217304904 0.06689284991423891
 0.02612539289811977 0.0071540649212854385 0.01329495111050297 0.018024095318360727 10000.0 0.045716467842038554 0.04382352069997086 0.04931664653689194 0.043760133482454375 0.0480858082182672 0.02686563097972114 0.04116201451841743 0.02127663967293088 0.05442046280387926 0.024625368863608495 0.07209548533986931 0.03047467575475179 0.04699469648319402 0.011413555956731923 0.039621109955962644 0.04069215742919494 0.02948625913903089 0.04045250367294794 0.024182879803474777 0.05615842724966605 0.0517938177856946 0.028548680894639883 0.030535835742563286 0.03291948599848121 0.06820252258516314 0.0765858283443057 0.05500737502954801 0.04979149337287956 0.050032789195899124 0.032330071725577864 0.07052806275491448 0.059695211654849895 0.008644990538592587 0.030831559184216407 0.02359041076607519 0.07591364106398116 0.038624808034252084 0.01466168552392613 0.023512834709227767 0.05199800213859132 0.03850642926254483 0.026278234679790683 0.02410378656281494 0.06300935143388366 0.025281148544254003 0.03028629049221936 0.057933506358520154 0.05766887258844506 0.025378080350720717 0.0256557495649508 0.07154623922226615 0.05120868199266656 0.06103762837031649 0.006081017003974985 0.05055965295565349 0.07187193830933503 0.03193814518434599 0.04337969748623975 0.05428677750953405 0.08057993311257586 0.06025237263740024 0.027719518741517492 0.02215670150531621 0.0306453097243388 0.03908858551681898 0.06386835567014361 0.05881218206395592 0.06728046220945769 0.03269388103448945 0.06479148876518512 0.02632093585144657 0.05101767790826163 0.038032591641341706 0.04056092262688288 0.03155899172208334 0.018387117886441918 0.06400147251734803 0.03764819357577846 0.04583188744800264 0.07017436022866935 0.06513689257749236 0.05249208598071566 0.034468447888637045 0.025947787733153566 0.05774140591030003 0.06734657679843649 0.06604107331878892 0.027122204891113912 0.020881094452523712 0.060445268073728894 0.05408070742314085
 0.07106917199059022 0.05190344562168309 0.032639903052766636 0.06352018129834011 0.045716467842038554 10000.0 0.003736201158204449 0.020543651841043717 0.08303752432107853 0.06714452217694825 0.07230714544224487 0.08129472116710905 0.03859215978564938 0.07904796407511896 0.05824446529542735 0.06244943307317835 0.040675276146217874 0.0012858779341241445 0.041783437298470325 0.028499643430922202 0.07940350440124022 0.06107812589792627 0.0831787888906854 0.0698204860424266 0.06901305711952396 0.08382872790603581 0.021650539903229963 0.06761998635596266 0.0590534704854374 0.0601515315814976 0.05727061039630004 0.09288411032796642 0.0863859842945278 0.06406233324641385 0.06861986169595655 0.09670132758253912 0.04426337794043749 0.03723931450179006 0.05365167029341141 0.05164224729088439 0.057946532410327496 0.07471290901117913 0.042095061872125146 0.06727815802455149 0.021010368308433437 0.023370246961953483 0.07196965023608419 0.0646856283245118 0.04107242971729978 0.029400082411331827 0.015550585712579975 0.07579992265845563 0.0803600012288595 0.06598266262390531 0.07061468336923998 0.07508520146539412 0.0768071331041223 0.08266314636141894 0.041618682232979966 0.019351869211756887 0.10157818819278244 0.016837372017380472 0.07608521306602943 0.09046321906250841 0.06917811965700729 0.05430316055623681 0.07142039318595576 0.041932861059092934 0.06664650961704169 0.025912300584890618 0.045015134440497026 0.07534631322407646 0.09089083788040897 0.07591731350847639 0.09100693180049658 0.021878491932481783 0.07689825234446022 0.014703996027863061 0.08148656581726887 0.04304919469572291 0.0393484993641584 0.09100198438567127 0.03656549440509884 0.0708803406266895 0.10246585279257804 0.07279972108582915 0.029245378119570085 0.07574073380993276 0.023009958861973608 0.02063680551963267 0.06966538957964753 0.04829624896706903 0.028645329485604464 0.06388679912229675 0.08731495156136018 0.035407985677019305
 0.06950419670559904 0.05024261836747983 0.031005995752388577 0.06142760311013024 0.04382352069997086 0.003736201158204449 10000.0 0.017410191451622304 0.08239922012926006 0.06349184620154126 0.07059139232487209 0.07838302610874535 0.03540245280386208 0.0754558648658655 0.05779272409345823 0.059070146775208394 0.041380610461312264 0.004454898636770019 0.03915483547109175 0.02476540138817925 0.07639971170763465 0.060871189589421594 0.08208467078911018 0.06800033852039575 0.06528383826007096 0.0804468982344374 0.01848164052393044 0.06461304501903671 0.05565676802671946 0.05668943569435947 0.05437134738978023 0.08975308491083683 0.08320900372957442 0.0603522264489795 0.0681370462521112 0.09308923805518331 0.04092544269132502 0.03551137853811742 0.050220476317259684 0.0484544758944058 0.05496335604280868 0.07158269881369056 0.0392567101106105 0.064828519059464 0.02438982558481371 0.01963406968372436 0.07009933045888456 0.06370857262220397 0.03808974483376778 0.029510709814359302 0.01355696050783864 0.07209991277617586 0.07672129405586425 0.06323433073716607 0.06904430229611956 0.0714104658199674 0.07324955911603141 0.07899836064947421 0.040086612673567064 0.016451831200443266 0.09804787926202986 0.013692276597859971 0.07277812649863 0.08724305183665797 0.06593572959879059 0.050722178489263685 0.06893140862130588 0.0386954417627829 0.0661595864635846 0.022176912632615658 0.04189211348410508 0.07163330483364229 0.08723995467622407 0.0747045717230686 0.08741090521378501 0.019036737751723282 0.07334776122826982 0.011008002082772167 0.07863924096699966 0.039471223378007785 0.03893825752601604 0.08742554228095423 0.03284193336071391 0.06734107509446993 0.0990222159082194 0.06907443129003063 0.026019918301229204 0.07296114937081252 0.022651704348767805 0.018934858419001742 0.06599243306302219 0.045159720172194495 0.028976938330520213 0.06137947514757888 0.08374722341684217 0.03206211632533217
 0.07531079418599228 0.056414003259671296 0.0389058524598126 0.06488499134479708 0.04931664653689194 0.020543651841043717 0.017410191451622304 10000.0 0.09178404012795868 0.05362034655513868 0.07564441527479286 0.07602816784496887 0.033426419779678446 0.0663285191027673 0.0684296147596765 0.04204836224450742 0.05579863208534424 0.02049634279536368 0.040984692896606306 0.014261363260228999 0.07338659898094715 0.07223421762475898 0.08965764307057522 0.07262203632791896 0.05309386218283615 0.07386869418076654 0.02089802096912942 0.06198699937747857 0.04979418168909917 0.03996023263546585 0.037027271127408196 0.08535773194336696 0.07855762185165459 0.049126391820348884 0.07838535280674372 0.08332203749265257 0.023835271904205077 0.04250373303982865 0.04427404372125132 0.04516992361511548 0.03756812491859411 0.06766959898202807 0.039649278705866486 0.06608437405204036 0.041542405526119805 0.01177185841829549 0.07439750372973906 0.07222734342075761 0.02070956098295475 0.04307446794672878 0.023923025008116352 0.060890605106009 0.0667781461426522 0.06260104071868557 0.07484007275270246 0.056204391888833985 0.06469415406857346 0.06850023755905137 0.04751360949671633 0.002228082402758397 0.0893943799898578 0.018716119562942918 0.06718258776854716 0.0821102031838905 0.048639177266403474 0.03473287578413456 0.06978479338985416 0.035847401948406445 0.07644155860598495 0.012717935096392907 0.02449269728906753 0.06002659467064478 0.07687969844389127 0.0819416459036781 0.07798603280491205 0.023513935837350185 0.06489087642653676 0.012560157619265336 0.07675655781440212 0.032366740124850316 0.050501993648789364 0.07829653035097862 0.022827259833689724 0.05921494693531844 0.0914112252490293 0.05503031122568963 0.008729745115338977 0.07173961251831953 0.03568056427180755 0.010010213148751597 0.05081023569808584 0.02776733231495671 0.043083419762181635 0.06242521103859824 0.07481192979428637 0.015049260610075216
 0.023387212723245784 0.03677533941792523 0.05291266820310454 0.03633291156866919 0.043760133482454375 0.08303752432107853 0.08239922012926006 0.09178404012795868 10000.0 0.08404252548914332 0.02596380366032734 0.05746807505147427 0.06464189589273636 0.08512177633522895 0.024954752755581646 0.11488337235728478 0.04667740798783526 0.08428006067551207 0.054667247283955694 0.0832830993635949 0.059908116484473244 0.023264104844385444 0.010370195125504385 0.02885412799561457 0.09372885544051074 0.07612548174995319 0.07095663001922807 0.0575560655657325 0.06901634397077498 0.11090005513716063 0.12026528470945436 0.06997049583825093 0.06870285242140374 0.08813179535138685 0.014689420515459324 0.09643036232198882 0.10340402231518502 0.04934610445933722 0.06957349798825871 0.062329661504997844 0.11952720337913281 0.06285193128066942 0.05755549081799756 0.04302900978885234 0.07976070478657704 0.0817378487049534 0.029317558135250592 0.019724326583092484 0.10673086011815855 0.05421577879378889 0.06956649547807188 0.09254643552326593 0.08911488828809114 0.05038748196712256 0.023680150836322234 0.11101106134523804 0.08194179150064064 0.09256906511224376 0.044337954166919574 0.09270704708007155 0.09386907412671737 0.07331458915384852 0.06981325209349301 0.07229993328057449 0.12334078921077081 0.10302012812131794 0.04375432891093446 0.064807893852621 0.01660064795967301 0.08257809941012942 0.10762402470041181 0.0940400552626811 0.09606351977716972 0.014554919811093863 0.09179461000077634 0.06827039901655249 0.08157123282277716 0.0796330147149443 0.055476131630725706 0.07409595931898358 0.04373892467931797 0.09043814554615119 0.08125019654751885 0.07847022165494816 0.08941927680750933 0.10370360244479802 0.09588981646584799 0.052039547798866964 0.06003197295002205 0.0991487867018339 0.10760752591808631 0.10975911193614 0.05541712658229933 0.04481253019854719 0.08779765267512543 0.09780152677153317
 0.060760157847934995 0.05212586314795894 0.052099630585839524 0.0477245927757052 0.0480858082182672 0.06714452217694825 0.06349184620154126 0.05362034655513868 0.08404252548914332 10000.0 0.058616897769217996 0.03632387875167052 0.03273957361828525 0.012841626052986586 0.07178155182287774 0.04061999964437684 0.07635670535600088 0.06794268597238778 0.03843390544486646 0.03999505753359856 0.03260702101798472 0.07667195724427472 0.07636646878787456 0.05543474913234355 0.010133762618829797 0.02363350730381796 0.04694414417702546 0.02763134277498073 0.015498515293274147 0.03698229817428188 0.053055297317037065 0.038246825608082645 0.03196832948982474 0.00672401521120718 0.07712925933561103 0.02980431825422403 0.04176955621394855 0.05053517374687867 0.017538319109728875 0.024500385618803848 0.05126350254939384 0.026321044406257578 0.03531727293241418 0.0415620244502244 0.08448920363257179 0.044501693152564845 0.05549997491288036 0.06737656614591318 0.04949603580501206 0.0665962227084161 0.056112742367243014 0.009995030438672312 0.013279257547872316 0.0341754765219024 0.06043161568353672 0.028171188653480304 0.011911693885438727 0.01555631611760985 0.052638970887070494 0.055847541085818 0.03586511631981311 0.05130927815605735 0.020992393038071308 0.03380523073385192 0.04757040246530347 0.03172611647901554 0.04221176590737536 0.029619628429480755 0.07589480255995701 0.04228444276958431 0.04657117308716372 0.010726385899327812 0.023748161352247565 0.06969659781854258 0.024369085029844202 0.04830050866173794 0.012244007992815999 0.05249922438891816 0.03820160531699034 0.02441611423840649 0.06464592650198575 0.024694501213106394 0.031228407194066183 0.008557706686474532 0.03851247271480335 0.020340124001649394 0.048624383174002785 0.03694048626817644 0.062310665636300167 0.06312987214828471 0.026303140459356146 0.046209665989243774 0.0680678315627965 0.03930266745207122 0.021292553422784414 0.04423635093976487
 0.0033887976592015035 0.020408285509687634 0.03966786040114771 0.011916557862819819 0.02686563097972114 0.07230714544224487 0.07059139232487209 0.07564441527479286 0.02596380366032734 0.058616897769217996 10000.0 0.03233131649044372 0.044224623750736276 0.059164310001904266 0.026459019268728387 0.09205519735369899 0.046723310763641106 0.07359180296682298 0.03498966470516107 0.06460586025456728 0.034392214028728135 0.029548253768905693 0.017768083384894853 0.0033766683688495 0.06850142238814426 0.050396900916492085 0.055172857691505296 0.031667966507897195 0.04404179730797339 0.08802257397607635 0.09919496238609807 0.04579210488693851 0.043574373020842605 0.06314545647114515 0.02436308801431086 0.07077690796417432 0.08273178449470937 0.03509299154624323 0.04541697858598101 0.03864985396074912 0.09818782296679397 0.03693363783227356 0.03707433469468127 0.017174490915614217 0.07576339870569451 0.06437276948494791 0.0033849374298505993 0.016094119752552732 0.08726706401559389 0.04790605929528604 0.05703454516076798 0.06680155064494989 0.06316536993510885 0.02458816491122356 0.003462557457735375 0.08612934091574134 0.05599336316723726 0.0666141554861991 0.030753195229333157 0.07703198884534923 0.06877242732914432 0.05876425732465139 0.04387058058923309 0.04748002415249033 0.10037841220390117 0.08035080553079184 0.017837197337714054 0.04339775131012232 0.0242724385134927 0.06454709712832564 0.08734882172686234 0.06836059298449575 0.07016072612640144 0.011412859012375333 0.06599025648673727 0.05310240117709475 0.05561922745842329 0.06478214286472551 0.03050542603201485 0.05201355718241225 0.037649218379434995 0.06467306796928829 0.0606260572095349 0.05266272614889711 0.06480284531003988 0.0786132338673425 0.0778789093838889 0.026387311039217362 0.05101220056825456 0.08440757461257467 0.08308749164940858 0.08904968422075676 0.04962595039008344 0.019369819813892557 0.06193670127658651 0.07848055126009952
 0.03556003840976916 0.0397497542037939 0.05285021468158552 0.02728360269440104 0.04116201451841743 0.08129472116710905 0.07838302610874535 0.07602816784496887 0.05746807505147427 0.03632387875167052 0.03233131649044372 10000.0 0.04342300635090857 0.031196011177390542 0.05571858712448453 0.07626613991783823 0.07064385760547874 0.08245345768815339 0.039900582301059834 0.062095080517712016 0.0037257059359801555 0.05983241193525513 0.04780307902776559 0.030391621338774773 0.04616429229158173 0.01937371878753608 0.05998313333361003 0.014055553693008193 0.028014337782557058 0.07242085497367405 0.08727615568030692 0.014308540832359655 0.011264448838446274 0.04268181240724433 0.05626181869445828 0.03918436105234067 0.0732348335403662 0.048764340609905185 0.03285973451096896 0.0308806240023192 0.08571787292893532 0.01013542387957012 0.039210705331300146 0.018912840605842297 0.0920737881315933 0.0644348158154071 0.02901790287823515 0.04696985159269401 0.07992467557733124 0.06638005294408117 0.06629286994237867 0.0412482905123973 0.03521664077065816 0.015974749309157106 0.035467329038598255 0.06400118117476587 0.02862679694282599 0.038303035385782204 0.047233791785120265 0.07801085296646225 0.036479601428113295 0.06471309505540138 0.015822270871158683 0.015195785940061775 0.0836461236069301 0.06606341711989708 0.015640593083422274 0.04048978193466336 0.05584623676948316 0.06332128606307487 0.07825514171207301 0.04321707681511327 0.039780514187525436 0.043314962951354646 0.03500462381456173 0.05941896519944024 0.02816706670747281 0.06906035863014001 0.0021732783033757493 0.04439408752735537 0.0589860015749584 0.033518528858692984 0.05466609900803437 0.028070549102322907 0.03253066750371827 0.056080464366304934 0.07455763530477491 0.006914639249199373 0.06597422751435165 0.08598871734224128 0.06259730501027391 0.07881374437212735 0.06821375719227192 0.02050630575721179 0.03138419001250729 0.07245838525688406
 0.044612150912413794 0.02792861424671771 0.01998043354046114 0.032669950303984584 0.02127663967293088 0.03859215978564938 0.03540245280386208 0.033426419779678446 0.06464189589273636 0.03273957361828525 0.044224623750736276 0.04342300635090857 10000.0 0.042733548231748776 0.045522960757193094 0.05083468221767726 0.04459001311284725 0.03966528337446146 0.009985918770541445 0.02070537277586928 0.04119066159912298 0.05027202252968554 0.06020349952023375 0.040965629088802163 0.038535467917554474 0.045540938307564074 0.016944701199261863 0.02944667266033041 0.021073867913727094 0.04696084781143233 0.055679263361724636 0.05435622100071661 0.04780887011349483 0.032449634051506304 0.053605953871135474 0.060365578168591484 0.03889940798170266 0.019649763219873714 0.016162825800680514 0.013054471453013847 0.05489465791156062 0.03619044226366041 0.007215107530933797 0.032781590968401234 0.0529938630526677 0.02165495036938476 0.04241805202082321 0.04518785691843234 0.04305099699630189 0.034005701630487994 0.024836624856620484 0.042604119973288765 0.044927926478228006 0.029235989156555894 0.044155192720596925 0.0518743129996156 0.04002452375321803 0.047829431487503724 0.023309555683071383 0.035229396822408075 0.06414860506062847 0.021758041155159228 0.03758886534751246 0.05187107476588046 0.05931687593385594 0.03900901957098765 0.03638775321810052 0.003455685650213316 0.051909922676143846 0.021133860153904872 0.043330236263563235 0.04290007031313862 0.05544675670397057 0.05245895056373797 0.054502490303184235 0.017117113803902795 0.04001819657898123 0.025652492646381368 0.043906643605496794 0.01082548294413217 0.03361004780552703 0.05421200660109427 0.016664787909667918 0.03400544167972759 0.06439956107665011 0.04626219884669462 0.03404389942836582 0.03858540805632668 0.029593515834787285 0.04315056022484553 0.047267537612420134 0.045260421907708855 0.03541228059979627 0.02911248680603026 0.0504644780642359 0.03425742005212586
 0.06181560894796273 0.05708348190060288 0.060798816741175446 0.04972686913066423 0.05442046280387926 0.07904796407511896 0.0754558648658655 0.0663285191027673 0.08512177633522895 0.012841626052986586 0.059164310001904266 0.031196011177390542 0.042733548231748776 10000.0 0.07643822632922913 0.05094946058117841 0.08419129659864615 0.07990962564745116 0.04640824802487677 0.05252980318421819 0.027641932186525754 0.08121049148764925 0.07643424017103381 0.05631255879197125 0.018610008670812316 0.013665325489656191 0.058236689249247686 0.027695054623885353 0.02228522939374479 0.04765795661745756 0.06436358119791759 0.02866323702922783 0.023473275053627937 0.01869777619857969 0.08029744086528019 0.017727896941338177 0.05422748998696768 0.05848678875320374 0.026585408190323376 0.03193991145683075 0.062456293111387326 0.022753329008671427 0.04367974832305039 0.04216045433263475 0.09551134087958067 0.05685658268201215 0.055831654506941414 0.07043100570556385 0.06205453830920802 0.07558430085360936 0.06711740380019698 0.011025998003749489 0.00407806429372239 0.03495652867484505 0.06156443113624611 0.034541129261739766 0.003288410804846203 0.007454858891040272 0.05969862281247144 0.06855275117503899 0.02307038531420374 0.06279644249508437 0.015793773039732784 0.023918156281793865 0.05698471136078027 0.04340997379479209 0.04151178225613323 0.039356650702549324 0.07932315417199426 0.05473627790740189 0.05892103000932053 0.013127123507005144 0.01296852685295783 0.07056693167063857 0.011961493637461424 0.0592569552691613 0.0035912770762379343 0.06453366378980285 0.03333234500162184 0.036001248496617906 0.07215885474204006 0.01202542862412162 0.043741374351861935 0.008849550336478643 0.02575456355068933 0.026891589083814726 0.06146391973460852 0.03416778955802992 0.07209693382339401 0.0759106065902961 0.03450974722460751 0.05831603321658181 0.07718463456282229 0.04090312881713535 0.008484294142036854 0.057044879610348764
 0.02327728178352731 0.01965710369804692 0.029803971010403957 0.028576631671748252 0.024625368863608495 0.05824446529542735 0.05779272409345823 0.0684296147596765 0.024954752755581646 0.07178155182287774 0.026459019268728387 0.05571858712448453 0.045522960757193094 0.07643822632922913 10000.0 0.09625502473206615 0.022752293002203855 0.059472949735695266 0.03594207863558787 0.0616245369482073 0.056742105830062124 0.004904452760720486 0.02746505795316208 0.026682260250640993 0.0803683805473216 0.07104178471338805 0.048032858606492757 0.04970253632120794 0.05631506678847187 0.09242831787103832 0.09960295511403272 0.06994253537420618 0.06636575202708722 0.07430464610329145 0.0103777879723424 0.09104136283157534 0.08272429025625848 0.02718523419906244 0.05500634240421378 0.04758578482811936 0.09913170401058961 0.057063525210629955 0.03924594623693683 0.037102456090045595 0.05527014472024788 0.059283821956498284 0.02881086063065243 0.010707277660347344 0.08500588536146857 0.029262816014929218 0.04536242464882223 0.08137591885336194 0.08004030893152812 0.04280129588797403 0.023070155044410186 0.09612447744957622 0.07315236460186662 0.08350774219878922 0.02255239524844837 0.06913159318760317 0.09077711327494666 0.049728473751959136 0.06317977767202393 0.07068275495369647 0.10471930242823986 0.08448217432169096 0.040079526725987434 0.046719216749862694 0.008408856806316197 0.06050757071783195 0.08650868751079388 0.08244894270425811 0.08885873415961898 0.022137970955456405 0.08561466205836421 0.045152999586399366 0.07288567510359026 0.055993212044611274 0.05430431745543575 0.05607261307964035 0.01889705739436899 0.08457384098220767 0.061269147438973035 0.06835202927599675 0.08780896819157342 0.08958740553273528 0.07343418262228407 0.048940263309187076 0.03524558958136148 0.07512473860382944 0.09196745225681008 0.08896954844285553 0.03046869978653787 0.03674943194716537 0.08129718630274682 0.07617011999426117
 0.09326296337495132 0.0785496456429829 0.0682019266250639 0.08016247339912007 0.07209548533986931 0.06244943307317835 0.059070146775208394 0.04204836224450742 0.11488337235728478 0.04061999964437684 0.09205519735369899 0.07626613991783823 0.05083468221767726 0.05094946058117841 0.09625502473206615 10000.0 0.09114566497093157 0.062499337405793096 0.060713118196894816 0.03781754879276553 0.07262305342957479 0.1009306227667535 0.10930939860724019 0.08867898081138924 0.03234131428125296 0.06382773071327379 0.0526354992095528 0.06515366870368798 0.04985938796512817 0.004035681915180471 0.01488873081638364 0.07873279857066019 0.07257403376151887 0.03393179942947229 0.10442038336786556 0.062199962675235886 0.018213116038965218 0.06950662771216566 0.0470074722194994 0.053413706382530415 0.012753999169184797 0.06613076449771672 0.05759104222557726 0.07664870216556226 0.08344066675559754 0.04235705359938954 0.08950285043273074 0.09577441013709123 0.02345072364446624 0.07857092886382777 0.060657176074213906 0.04052478494522214 0.04873981399210085 0.07004792173357666 0.09284359810693492 0.021276039520402343 0.05152686501848563 0.0482168851532757 0.07378520597966876 0.04360495230239978 0.07056922325306672 0.054170786464873354 0.06150544412944126 0.07417449881215586 0.008485484971318005 0.011872218122448985 0.07865109990741166 0.050174681808485506 0.10273940522051517 0.04001446945806791 0.018748453660794452 0.038575417883585456 0.05511923640541825 0.1017949938493166 0.05887041135347927 0.055526124398127825 0.05195393798251624 0.050546273601137226 0.07796398041065312 0.04080689588498849 0.08222438048518929 0.06000375067767868 0.035236068936360034 0.049174153711175554 0.07522271290445305 0.025857384886204718 0.0333313746031872 0.07557216449538717 0.07170570377118694 0.04669847157564393 0.01786685544911535 0.015736545847983226 0.0792617035983377 0.0734635841401203 0.0578341295109149 0.027045058211912474
 0.044017556763520496 0.030936074723404254 0.02460999699833724 0.04425203576988158 0.03047467575475179 0.040675276146217874 0.041380610461312264 0.05579863208534424 0.04667740798783526 0.07635670535600088 0.046723310763641106 0.07064385760547874 0.04459001311284725 0.08419129659864615 0.022752293002203855 0.09114566497093157 10000.0 0.04174198280311935 0.03800539236181958 0.05357987877116185 0.07063672129985477 0.023414517559668748 0.05021175620088562 0.045863038533422135 0.08304754429149129 0.08226621363511186 0.03864310710110971 0.060965375918837494 0.06208641940463057 0.0877387624559896 0.09109406724300632 0.08481394824353267 0.07997002031950876 0.07691561165489004 0.03213922673292315 0.10076635925703718 0.07497919479484952 0.02585041933717491 0.058840559542858745 0.052397733233968145 0.09109676102294248 0.06902981563127865 0.041044953138466296 0.05194915416791974 0.03316532453353231 0.049690929784764665 0.04822604506055924 0.03274578515544338 0.07517630587395022 0.012856685865009706 0.032045709489386134 0.08635173288372537 0.08717129699952164 0.055381851148562866 0.043695269188862344 0.0960511681784841 0.08106165939047641 0.09042040740441198 0.024683835023515163 0.0558378494659083 0.10233891431352994 0.038113866609517634 0.07384295179309962 0.08446287996533079 0.09925799455446799 0.08013662877303082 0.05581580839833948 0.047193729305518656 0.030370534006022666 0.051678975853361606 0.0777688744306445 0.08691418770973836 0.09714699202792945 0.04466476482910694 0.09497294598216902 0.03568410021203313 0.08091173987051353 0.04350090818451204 0.06972820168269286 0.055125141385635915 0.012122924334604683 0.09425784820143415 0.05648680457413179 0.07542106890708232 0.1006075170438801 0.09079414321019076 0.06270707976657655 0.06375910299967479 0.02020942299783443 0.06016458940453845 0.0911783889973092 0.08069871561602968 0.012717789954129761 0.05015822703315617 0.09064607355308665 0.06702140214149013
 0.07235504992298658 0.0531884695910795 0.033924325310501824 0.06478939160150272 0.04699469648319402 0.0012858779341241445 0.004454898636770019 0.02049634279536368 0.08428006067551207 0.06794268597238778 0.07359180296682298 0.08245345768815339 0.03966528337446146 0.07990962564745116 0.059472949735695266 0.062499337405793096 0.04174198280311935 10000.0 0.04299084190019893 0.029054690089952977 0.08053926717465969 0.06227859773152103 0.0844527127099303 0.07110270872869394 0.0696561888326425 0.08482839474789118 0.02272079842470538 0.06875381779685848 0.060044051417438085 0.06027133873807158 0.05702222584717789 0.0939837745449171 0.08747006065850607 0.06476637422467471 0.069849483549719 0.09754413225268276 0.0442944615494993 0.03852218624823944 0.05462358106841246 0.05271906246061506 0.057742696327002185 0.07581160412784615 0.04326407988113242 0.06851489703312286 0.021076366824905362 0.023968294036257762 0.07325034092610812 0.0659546517763017 0.040884562064594177 0.030577499673436447 0.016809882991900917 0.07652500582241248 0.08117457767883803 0.06717391784298336 0.07190055952175867 0.07544965491098271 0.07769786027892406 0.08344522804426703 0.04290452413714724 0.01918577888161217 0.10248995218459436 0.017908319189060985 0.07711883523740191 0.09153217602401909 0.06912559913865697 0.05454423253312967 0.07265259991785272 0.04298983774229093 0.06787687016941468 0.02648209939583766 0.04490292155427062 0.07604248642817707 0.0916908457644519 0.0771965800109991 0.09186508457227387 0.023034849130759958 0.07779450032790187 0.015449415135630874 0.08265961604194459 0.04392237067799908 0.04057912914755364 0.09187746070559673 0.03723667849180525 0.07178490720367517 0.1034332770723455 0.07328853832012344 0.029222750338145014 0.07692705144021315 0.024248699420400366 0.01998442986366321 0.07002793461833487 0.04818895182700939 0.029791637004601496 0.06511586102240675 0.08819766854180452 0.035455906792848
 0.035085862510152784 0.017943031292560634 0.014556163524119236 0.02390968268021442 0.011413555956731923 0.041783437298470325 0.03915483547109175 0.040984692896606306 0.054667247283955694 0.03843390544486646 0.03498966470516107 0.039900582301059834 0.009985918770541445 0.04640824802487677 0.03594207863558787 0.060713118196894816 0.03800539236181958 0.04299084190019893 10000.0 0.029646814216864215 0.03841868250501806 0.040763898261567184 0.05044182486605732 0.03184032180522757 0.045745573835092035 0.04628931767183162 0.021457064409836826 0.026874530534396618 0.024163621838302528 0.05680797578096314 0.06561869596349701 0.052478347544528084 0.04643524745787078 0.03958010930080317 0.04370994518808494 0.06342919237030692 0.04879597704026643 0.012157753565306843 0.020895656741418182 0.01447325671097291 0.06486059003774466 0.03466878754480506 0.0033489544199820616 0.02581493733145701 0.05258850041263098 0.02948759688612359 0.033501699654796414 0.035203688673018575 0.05263200636438558 0.029351497005480853 0.026489870950998674 0.048420159843861985 0.049242608623691245 0.024262135832163113 0.03462164220993106 0.060487355983234244 0.04336078214862029 0.052451330676104156 0.014473385465580708 0.042529854459488 0.0659584987248814 0.025814291463581482 0.03787243675216232 0.05080156307768915 0.06919854983519924 0.04886028975243681 0.02984185796512202 0.010777176635694392 0.042045604704067666 0.029562921261519697 0.05314167076930732 0.0490740446149586 0.059375152240602996 0.04267305940964717 0.0575682583283809 0.0201754481275596 0.043248632850206394 0.031145894403011805 0.03990571867542509 0.020153758842151523 0.026212145047078177 0.057002078380976914 0.026592943639601168 0.03757909209156679 0.06520901101968152 0.054328188431687845 0.04289186351572685 0.03404309286200196 0.02697673376000783 0.05018944707449135 0.056154552901365756 0.05515752165934707 0.03102931891699018 0.02228588946290425 0.053307037122877515 0.04375244658923173
 0.06472286666360698 0.046743449422135715 0.032053553731621685 0.05325496022040266 0.039621109955962644 0.028499643430922202 0.02476540138817925 0.014261363260228999 0.0832830993635949 0.03999505753359856 0.06460586025456728 0.062095080517712016 0.02070537277586928 0.05252980318421819 0.0616245369482073 0.03781754879276553 0.05357987877116185 0.029054690089952977 0.029646814216864215 10000.0 0.059347482086824783 0.06594406394487864 0.07988592834539748 0.061413026885366505 0.04070794058598642 0.05964312700718377 0.014936801464173052 0.0481052805670872 0.03554440854127093 0.03467008799387863 0.03817442328908909 0.07112634102028742 0.06431962743969699 0.036097086721221076 0.07090601210700162 0.06979803119349749 0.02154278276414163 0.03448932840160811 0.030037048748204332 0.03138043312203848 0.03790768986370231 0.05352542374932571 0.02761734115669508 0.053390349875381195 0.048307792380724045 0.005201592987092082 0.06297022585717167 0.06356184293605531 0.023484308343031453 0.04087059103039582 0.022938479397656746 0.047924164835683535 0.05325627028435533 0.04926541092110791 0.06425741400717383 0.047077705159812966 0.05073767689381121 0.05521663078646709 0.03933864294934615 0.016410742178649018 0.07554358910173824 0.01647030404901394 0.05292215486742121 0.06785147578659817 0.04575426314951163 0.027592572268847336 0.056861137493162815 0.022550901746131446 0.06904875804077867 0.002604201519171513 0.024935364518584382 0.04728592808373497 0.06356900958536585 0.0721042294184907 0.06432615738749636 0.017908457061134638 0.050912680927742704 0.014164761736488625 0.06291884334561555 0.018118311149110264 0.04556414238842938 0.06454524079322853 0.008788438142493861 0.04514397287680744 0.07734340270159011 0.04434594102829814 0.013343121401579219 0.05810746770707343 0.033904248637571646 0.024248830242699537 0.041697349223218445 0.02756317426722405 0.041488683401705466 0.04972371887248942 0.06099279921590703 0.014578537301482395
