NAME :TPP_input_19_5_2
NUM_VERTICES
91
NUM_CLUSTERS
19
Full Matrix
 10000.0 0.008095649461779594 0.027677632184261475 0.03465740176221226 0.03699646703308983 0.02811810150859996 0.03682097948686404 0.04317513816907432 0.040848770081917514 0.04502320729366948 0.05817625139905015 0.054751407965110375 0.04833354489723969 0.03532127110019918 0.07245535663845248 0.04594633626403341 0.07084434219383616 0.055664938804621 0.044147690109522277 0.04108415727941925 0.03827967527246626 0.0340952564221385 0.02952859289827921 0.022401354972871542 0.04660152547077193 0.03866077338842589 0.03827902131327109 0.022228043427061018 0.0199481867435138 0.033951110325014966 0.01935316842832275 0.05305187141851168 0.034748493583360955 0.049878874641138056 0.011052412670998399 0.021165627549064966 0.03390403253128003 0.03332599699615581 0.03594753869577258 0.023667206795655597 0.014303341133639494 0.02781101633899365 0.01673825238013441 0.03697582071048273 0.04484564679663919 0.03521423151290776 0.01850145543783653 0.050965148287510476 0.022074400301758355 0.0018969969680008815 0.03325192123668914 0.05980589016979028 0.012079153336616227 0.03731381872547387 0.040044568463431685 0.04976806248889763 0.0768319381168761 0.04243574136063556 0.016496341396723607 0.02595146622685541 0.05374065722498716 0.013987488639440547 0.05081120260403015 0.0701749321801007 0.0688077541592033 0.044105475864606336 0.06703767859928764 0.03939917720535123 0.0703598950363478 4.240528442596122e-05 0.03950815206000272 0.025802359007973404 0.014343027596424411 0.08059184305287333 0.055274525625920216 0.04970544116391779 0.025792575764813374 0.057381703920082454 0.05938980499902406 0.02883136580394315 0.04985585758361769 0.052948518235558316 0.02941101900234153 0.01922131465924156 0.04056766772029005 0.0679428106652282 0.03441959855616102 0.025672089275683176 0.0419807138523012 0.048879335065045174 0.0043846677126116946
 0.008095649461779594 10000.0 0.03573244449566054 0.041819668397129965 0.03221330856441096 0.036184287924561805 0.043945553202488274 0.048582797483296566 0.046656504534752584 0.03781574838825125 0.0577997962906695 0.06258902790439334 0.047202336358574175 0.04136768693487783 0.07897841725277883 0.05367139820623578 0.07295791587368096 0.054195515408772994 0.038443239245595985 0.03835570843894958 0.038801081274834996 0.042101333629638985 0.03601122919485395 0.017328675646858912 0.05075392904508823 0.04300056506903129 0.04581368254863229 0.027326606216310386 0.012406074166238398 0.025976275686020747 0.014270421598112737 0.05051192410994771 0.03529183158863785 0.057887960763185316 0.00556212493625937 0.027186547650730645 0.041399781600577924 0.031015696490388277 0.043841463331890776 0.020749017409771302 0.017571321566475152 0.019843547046478498 0.02123398158354138 0.04156118152947202 0.050490954408838704 0.03723808664580069 0.018175651328856218 0.051235380506969935 0.02047196215054776 0.009545403209533777 0.036184772401117296 0.05332098659412352 0.009677407223970575 0.03309268249556427 0.043059580531181085 0.05785349826236134 0.08075230993265595 0.046234990986417576 0.00843262396330264 0.030194984961190927 0.060090516097571434 0.021750426599236542 0.048547249551248575 0.07428351061812652 0.07444968466603435 0.051936509708132406 0.07512710091793874 0.037881140988131695 0.07649102323605818 0.008055557139655577 0.04745966578355852 0.01834693247270942 0.020791302405820285 0.08484862854213988 0.0548575859726434 0.05644963318657277 0.02045792383487468 0.06546951554421598 0.0536390339660497 0.030046967104647247 0.05068984506911877 0.06104414031808081 0.02267894992861437 0.026967849883990872 0.03412460066198353 0.07421900447685424 0.03985138987066979 0.022260801588175363 0.040207634865387185 0.05565304706664213 0.011975865994597457
 0.027677632184261475 0.03573244449566054 10000.0 0.021003862378831038 0.057505352890096284 0.005893503158885403 0.022591067249246 0.03086801753790622 0.027196492607400032 0.07018016496055716 0.06447380349189986 0.027752220642036737 0.05826253928438807 0.022390353491687737 0.05099776616357653 0.02407438810998241 0.06736504517401873 0.06554147946999755 0.06598438527810928 0.05637427937541239 0.05058446066002469 0.010704353093863904 0.017164283367513175 0.04765121031194127 0.039045574706507484 0.032606940444821625 0.01996075102563601 0.02246752317631799 0.04744813424811132 0.061092943834544895 0.043168848061822494 0.06623719479869512 0.047810303526173194 0.024380149610326994 0.037242577704141536 0.023416802746289572 0.017611048083370738 0.052888118537200664 0.014040001805292884 0.046016757045225856 0.03046992319881817 0.05547966352393477 0.028041376142287962 0.030489634382870705 0.03093504131248766 0.03886834969069457 0.03852665380069593 0.05631254640345225 0.042856287389750454 0.026203899066434253 0.04006764977509583 0.08272906588460861 0.037052430933793554 0.05658763849335986 0.04453450848095214 0.02295544299711621 0.06602353202671318 0.037406551704585546 0.04416065477109673 0.026525945395656295 0.034633420978594176 0.014520502654487117 0.06351809934464625 0.05920502347653027 0.05152029718666429 0.01740192980021989 0.03992654973772158 0.05197385014424141 0.05078389136596835 0.02771904692667511 0.012224487787002317 0.05214443178281716 0.018964866827508736 0.06817861344021094 0.06207968313981345 0.0290326993309455 0.05099014971286548 0.02982455058144222 0.08045661470882381 0.03734871584284075 0.05361897480996583 0.025628005332894648 0.05435614399407241 0.013582464405080666 0.0642429636221566 0.04787026738809065 0.031237881666036603 0.04547461968726607 0.05471992579406748 0.028156782650494504 0.02452815463285194
 0.03465740176221226 0.041819668397129965 0.021003862378831038 10000.0 0.07079354454727313 0.015113108929818703 0.0021819133917718504 0.05183203338849942 0.048137255278738474 0.07956902180725205 0.08387934289626643 0.039703576678582035 0.07646336345301288 0.043391782084387646 0.06815796173095631 0.01399771287512516 0.08831538073835622 0.08393087995717083 0.0784742204872358 0.0724312391954029 0.037468161427432874 0.01270162994500881 0.03796948667555176 0.046348319037150865 0.06002463518468324 0.05337630468303186 0.0058276883594364 0.040987293573182794 0.05035951265942053 0.06733638146459002 0.05381181406561061 0.08343891533946439 0.03576806690919095 0.02184373105060653 0.045705112272802974 0.015950458837594186 0.0037289717372945004 0.04489295039845157 0.010260543233024817 0.0419184988924189 0.02763476335333878 0.0588636946765417 0.023399494828173217 0.05124228358685979 0.05177114189809553 0.05812477564804048 0.0345681828095716 0.07578170485634021 0.0381396454457777 0.03421793510808584 0.02567951192974303 0.09441942395087634 0.03792824685126721 0.07060939039426645 0.02763188159276663 0.024948691425501796 0.08667900149197907 0.058187372976786 0.049160905817984824 0.045583695276413164 0.054033624484762004 0.0281486047947158 0.08085015806332627 0.07991319611710766 0.07086247878351885 0.03241671440842369 0.04008663466522569 0.06902305408253943 0.0691209347053889 0.03468483226459393 0.02734036757793869 0.06015565215300544 0.03436440281711573 0.0885315701498723 0.08130581707893626 0.048134609097014086 0.0490719523661002 0.034282229166803395 0.09363261879704927 0.055065060971408834 0.07339126541825085 0.029259306162666022 0.06406151059015999 0.016163818640445783 0.07520129230989214 0.06606945019752447 0.013134782789980355 0.05884083390179459 0.0717997299730755 0.04730995673518096 0.03028224705339954
 0.03699646703308983 0.03221330856441096 0.057505352890096284 0.07079354454727313 10000.0 0.06067203753271888 0.07297471109232585 0.051476207140891614 0.05189964753575288 0.01871178728238072 0.03490602117317731 0.07834345792332281 0.023792213174586328 0.049141340443189345 0.08322022858532448 0.08020728826958279 0.05714942394971163 0.02816412174394404 0.008770427389004914 0.011814650072121345 0.06984550241321459 0.06700926375154753 0.04740944844226196 0.04362383266655706 0.04749722527485478 0.04284046553374175 0.07349571754734058 0.03709444689677142 0.03384890404698411 0.02436861814206398 0.017989819007474695 0.021699705378209838 0.06646588776089428 0.08187964609092752 0.02685106175591794 0.058161923331755044 0.06936797134792133 0.05939347532595037 0.06968892185561767 0.04967841200331127 0.049721896765898596 0.03203049817458409 0.053127972528362426 0.04291986894852636 0.05405619051168664 0.030351000023086713 0.049675680775966506 0.032065175979648364 0.050859486774113345 0.03695044671941263 0.06837070703544486 0.02558813603905029 0.04114591361016431 0.0029719573020212863 0.07523573852107887 0.08018372805853649 0.07158815611976077 0.04276089352525923 0.029873017202785773 0.03539559571257442 0.06551701393381794 0.04395017300153265 0.020866711048298053 0.06666925702957233 0.07420376762589641 0.06869035992863415 0.09642746121882322 0.016571478382118386 0.07867702175030894 0.03698026396092476 0.06612505790935735 0.019269895457331827 0.038580459741913375 0.07680467395100425 0.032332949352290995 0.06468113792507436 0.045154559392738505 0.08555534244584899 0.023039617401754624 0.02489045263893911 0.03384847703972172 0.08220619755802261 0.013491730142426031 0.054669300898063156 0.010658806706402835 0.07746199964113823 0.07136964757477846 0.012116392733981213 0.016709381340911454 0.06418239447255866 0.04126023134104393
 0.02811810150859996 0.036184287924561805 0.005893503158885403 0.015113108929818703 0.06067203753271888 10000.0 0.016733220478577532 0.03675432153834983 0.033075530756788284 0.0721828521627475 0.06976242309054298 0.030254864737892795 0.06311247060218529 0.028278681174558423 0.05563839032621657 0.019677625258145103 0.07322714737912223 0.07047524843417656 0.06894543573031572 0.06047040849824756 0.046212824474773026 0.006344640108824544 0.022940857833514107 0.04618777423761191 0.04492006987313959 0.038382559241008786 0.01445259724250043 0.027223088885087603 0.04719896004108707 0.062046585466314925 0.04529451679821574 0.07076413213526274 0.04363921561557738 0.021880018470000227 0.03851854621538062 0.01929084967021945 0.0117675137833283 0.04975310598103627 0.009175193432793088 0.04375679144554092 0.02801785759546792 0.05550296981674513 0.024966714658383578 0.03625621419882296 0.03678151359018962 0.04404383558000307 0.036105855644534765 0.061611623201345334 0.04035904672656629 0.026934363462681882 0.035272229936462854 0.08551995727659732 0.03593480580241433 0.05999301111159594 0.03931795979725565 0.021708720022844952 0.07182626627263779 0.043190073209343816 0.04448096339329926 0.031554064420235034 0.039975030597076126 0.016751927083989187 0.06808140806424166 0.06502164611102378 0.05689011493587638 0.020699169901452125 0.038993581716661466 0.05639398009955747 0.05581676963121907 0.028156690915757843 0.01522283969389795 0.05354261258155561 0.022269307282424794 0.07389059234046094 0.06730093574961848 0.03423544527018288 0.04941932609332564 0.02982762136495867 0.08370848280233685 0.04192580872119934 0.05902489268969262 0.025126005596445677 0.056322017264370874 0.01066856315107709 0.0666994063593331 0.05284628164475752 0.025660258497466275 0.048559165743872715 0.05916338589172698 0.033373254327757784 0.024364910214408897
 0.03682097948686404 0.043945553202488274 0.022591067249246 0.0021819133917718504 0.07297471109232585 0.016733220478577532 10000.0 0.053315132613028456 0.049605243935939215 0.08171105532824463 0.08584960587529693 0.039880123547674555 0.07852237069106212 0.04496870781353981 0.06875210863262134 0.012714660349320265 0.08995467546990768 0.08598290270487503 0.08065516271177811 0.0745749673495712 0.0382117971072383 0.013629659603437627 0.039664596148439625 0.048146717925176115 0.061636127974609996 0.0550971856164637 0.005210280103688891 0.042971952095666774 0.05235129497155693 0.06940783131406873 0.05598864009109581 0.08555122652667935 0.036683586379694565 0.021026997627484743 0.04786610687007868 0.017838822160208708 0.004985508942934804 0.046176851451997264 0.010811759906914764 0.043563531447181496 0.029528415887890704 0.060846598215098774 0.025261487757346546 0.052967105492794944 0.05317344918719717 0.06008778179086444 0.036297441975687884 0.07774052278295646 0.03977437294581628 0.0363932632976558 0.02641526317405889 0.09659198092613566 0.039898922330778595 0.0727863366314557 0.027839199972858816 0.024492411069643966 0.08796585495289112 0.05990701970400899 0.051233702310322024 0.04754165373248026 0.05505449627367913 0.03025959541887941 0.08295572863110948 0.0812268129690851 0.07182199154855039 0.03306699523387118 0.039051823482421054 0.071132300570922 0.0698992830570295 0.03684815280876005 0.028142880571979063 0.062286669399957494 0.03646355973606706 0.08971180234037165 0.08329196288969869 0.04912890435209865 0.05081534447106191 0.03378267233310804 0.09581441028880891 0.057128950259950496 0.07531419781220634 0.028812042235155787 0.06622057854830456 0.018338282064505256 0.07737118214074663 0.06683428620389725 0.01347575598818798 0.0610192918747009 0.07390986617320594 0.04831767310105307 0.03244347991728443
 0.04317513816907432 0.048582797483296566 0.03086801753790622 0.05183203338849942 0.051476207140891614 0.03675432153834983 0.053315132613028456 10000.0 0.003733329864709082 0.06921902165317005 0.040950479106721255 0.0325342147226165 0.03955939026069334 0.008883801715330576 0.032216624452005634 0.05169238284439447 0.03723225582863907 0.04521224836934269 0.05994031716197649 0.04414804126849074 0.07755171683555091 0.04024795685607095 0.01518388008830781 0.06537845278004886 0.00951309551957385 0.008762712816174058 0.05004221239463465 0.021257829470102345 0.06054945951824213 0.06674342964028812 0.046385184191368604 0.04923498173453021 0.074314043015182 0.047587965418243845 0.046245529953121166 0.05152365369622286 0.048335041142934396 0.07588796046191419 0.043602541555428136 0.06671445674617617 0.053861316710314695 0.0662072962947279 0.053366717651412196 0.008598892724090527 0.002594746508601281 0.021606139908331115 0.060634968190375636 0.03351423170427834 0.06467712272693636 0.04129582621939074 0.06857192417936 0.07595551813945066 0.05525286993901443 0.04917814351385242 0.07396154373690714 0.043366482287101334 0.035637101945277846 0.011026591644286857 0.05552607797099704 0.01899848335946425 0.014048093581444368 0.03205751111956861 0.046548128506249724 0.02876409160622003 0.025883660693290258 0.026987988774198248 0.05462943059076418 0.03807512565276269 0.02855475736256042 0.04321070448885641 0.0285500431407765 0.05702022556251331 0.028944399204793428 0.038477171953979615 0.03943502252861684 0.014373008750321988 0.06870360517177458 0.043866170650645145 0.07101739869113888 0.026732150476913057 0.02998775586976478 0.042906210364919616 0.05589765023751626 0.04150403768315641 0.0614597446502753 0.026744635208984707 0.06164816986817957 0.04264448372275501 0.04008155252115406 0.014183853992478153 0.0431116531626255
 0.040848770081917514 0.046656504534752584 0.027196492607400032 0.048137255278738474 0.05189964753575288 0.033075530756788284 0.049605243935939215 0.003733329864709082 10000.0 0.06923792690288597 0.043753024521140084 0.0298665108797702 0.04159644161077211 0.005701754286870757 0.03294864295638096 0.04799439824169169 0.04093929428584628 0.0475782549060821 0.06049747154161978 0.04529545291427134 0.0744394668296458 0.03651585726947543 0.012028753597364251 0.06318568821282478 0.012989056526434355 0.010287514432556114 0.046310652852624194 0.019447990862555914 0.05880034408149579 0.06592729931128898 0.04550516563274039 0.05116070043560031 0.07124357918098531 0.04403079831093989 0.04468283758143936 0.0481865999998356 0.04462737459800192 0.07320726776113205 0.0398693990931386 0.06421979937457979 0.05097871152133226 0.06479412994764792 0.05029921671994124 0.009329230653541477 0.0041312306765700696 0.022781418333254623 0.05794349488680726 0.03610768271496436 0.062049247346239116 0.038955856696564026 0.06525944350395496 0.07677333794441775 0.05289273562223638 0.04974556140179212 0.07054808743592317 0.03989648455888282 0.039086134252609255 0.013658088401084543 0.05389292136919415 0.017965672087462806 0.014119146651021772 0.029136460450925755 0.04843296525653063 0.03222163455951011 0.0279596175833652 0.023638079464494286 0.051663906062286165 0.03933467248190735 0.02989558240551219 0.04088585469130564 0.02493569547477576 0.05615956437153918 0.02651767050059996 0.04172250674859714 0.04208563496008433 0.012874225303682702 0.06654327339555736 0.04078550347174414 0.07213809404904997 0.027010141973183237 0.03266275858498833 0.03959789701077047 0.05542373269866722 0.03810509318676101 0.061615176057550465 0.027786132528637698 0.05808409676048529 0.04243626707427682 0.04150192016699267 0.012476414185200053 0.04049313070135913
 0.04502320729366948 0.03781574838825125 0.07018016496055716 0.07956902180725205 0.01871178728238072 0.0721828521627475 0.08171105532824463 0.06921902165317005 0.06923792690288597 10000.0 0.05186635837502921 0.0937657402203723 0.041427098692312696 0.065843626391032 0.10128024964593481 0.0908535671842302 0.07516238829380523 0.04422454572575195 0.012977497096778624 0.029855575521179078 0.0692838962755358 0.07844081696144568 0.06311990320181242 0.04180791115792651 0.06593622928086784 0.06077974394871892 0.08329862390242465 0.05248022604999538 0.03277069793828402 0.015517843868723444 0.027011433361169353 0.036610226698448885 0.06632240301405101 0.09402605943717099 0.03401007017818218 0.06491220890741721 0.07892723952688012 0.05659859617764214 0.08063764309661282 0.04863572404417288 0.05437290531875916 0.026574472031233736 0.05846431865636165 0.060620505340662156 0.07175933120020614 0.04866628781498448 0.051465220910529505 0.050213775829132314 0.05105889821487326 0.045738633480069346 0.07097569319919739 0.017209353165793674 0.0440406359980687 0.02157519202265608 0.07750387662283141 0.09312606143001892 0.09020562830915704 0.0611211305669064 0.03148088023727768 0.05182129686388712 0.08315929537803272 0.05575336277355448 0.036819857042932586 0.0853673535801206 0.09268452322182215 0.0835906239352333 0.1100348613072037 0.03518422434371205 0.09695428651306875 0.044992510008189594 0.0802929004200351 0.019497785254207464 0.051562536027298905 0.09545806955273871 0.049597084303710695 0.08176966419241923 0.04191438055062016 0.09954797479600638 0.021157403842354785 0.04250265434987978 0.05228729342539409 0.09570109772439292 0.01586340036271031 0.06420217726059484 0.008056078700445883 0.09559964576041308 0.07711967293505903 0.026907316912717163 0.03497807263865035 0.08119628224246926 0.04935135827855861
 0.05817625139905015 0.0577997962906695 0.06447380349189986 0.08387934289626643 0.03490602117317731 0.06976242309054298 0.08584960587529693 0.040950479106721255 0.043753024521140084 0.05186635837502921 10000.0 0.0734819062345074 0.011373237681269998 0.04509427543549219 0.06501903491707417 0.08830640347530119 0.02436058394063006 0.008259520756164247 0.038939920635992206 0.02319314546682459 0.09617117884687668 0.07516665955723896 0.04800694320171019 0.07358977234933371 0.03202918017291537 0.033999405851616135 0.08421466671071376 0.04289625136202505 0.06467101976888441 0.059108941431779964 0.045763366152341715 0.016138647080604175 0.09262859770658961 0.08626970492779637 0.05253495638468519 0.07656218604266762 0.08114120163497102 0.08860957790102121 0.07851339003641253 0.07833222595351243 0.07246444025572207 0.06532993130078911 0.07439803077759333 0.035734583098107967 0.0430707557688705 0.025764508800928176 0.07568109420721322 0.008161706202643644 0.07826996073136423 0.05703705405893735 0.09121125870774908 0.04891197453882642 0.06742864350076593 0.03203226705759219 0.09786533978920121 0.08272275887900987 0.04232337124927462 0.03009539585226274 0.059627414632582774 0.03831154077888131 0.05244276979546608 0.0564441577822345 0.015176542942261392 0.039593327425442665 0.0530147863103336 0.06707787739611172 0.09541286736698155 0.020547932531818493 0.05914016453431363 0.058185303296052454 0.06728228803911174 0.052382916469567255 0.05029771454999997 0.04785152435842745 0.0029431059422096524 0.054896199179883545 0.075952575419858 0.0844906102875726 0.04159726451614233 0.029816857936200578 0.01118399009951596 0.08297671254723143 0.04744731482015015 0.06899815686107531 0.04446199420646169 0.05923713819748239 0.08952088723022648 0.03710719223625595 0.018961086432724615 0.05487199986537445 0.061139411104703945
 0.054751407965110375 0.06258902790439334 0.027752220642036737 0.039703576678582035 0.07834345792332281 0.030254864737892795 0.039880123547674555 0.0325342147226165 0.0298665108797702 0.0937657402203723 0.0734819062345074 10000.0 0.07129758462046022 0.03012459121933425 0.030412921324776368 0.03092993818086428 0.06656941062145674 0.07743283334703319 0.08711384006468056 0.07371801013210602 0.07582615904041014 0.0278738180423236 0.030937203712820684 0.0753938637539489 0.04172978731122174 0.040057044020596295 0.03478765249859027 0.04142246360735219 0.07469714323665484 0.08684341089416094 0.06738379105653687 0.08072306515149799 0.07349716917712967 0.022765426863685892 0.0631270609365412 0.049425717563826584 0.03620473094101106 0.08000515845253292 0.029512148925042538 0.07366599297126873 0.058000791168161536 0.08242782520646633 0.05518013238228489 0.03875075796099399 0.03050889989699259 0.051840109519139525 0.06609788195635842 0.06595153309720371 0.07040251131831152 0.053096681546811055 0.06438759720697439 0.10388307748335598 0.0647602452009776 0.07667331786383738 0.06723769620017975 0.017621202250400887 0.05730474524469909 0.04344378483185683 0.07097503701505158 0.04303623651685634 0.023883017073038817 0.040839507510147866 0.07796502402638333 0.05157538574280599 0.037268546982471944 0.010652573849941577 0.022509059680945017 0.06807970514092117 0.033237728100565044 0.05479373725822398 0.015528427373685493 0.07737809198737526 0.043025602183879644 0.057187476972692115 0.07191172947372312 0.019286681348134698 0.07873932301965972 0.01280473099800636 0.10012098122844316 0.05426251044851185 0.06247114438937983 0.014512892188552519 0.07845924383444729 0.04069861163236887 0.08687544221846565 0.03021338938901723 0.05275634557874718 0.06724005175743802 0.07047603243655569 0.01906269137647157 0.05203025242236305
 0.04833354489723969 0.047202336358574175 0.05826253928438807 0.07646336345301288 0.023792213174586328 0.06311247060218529 0.07852237069106212 0.03955939026069334 0.04159644161077211 0.041427098692312696 0.011373237681269998 0.07129758462046022 10000.0 0.04148628399550018 0.06772419738148015 0.08233597650035224 0.033748202524477015 0.007504161243754642 0.02873439516484325 0.011983816787661502 0.08586647708256437 0.0689165435105956 0.04298808356529658 0.06255303517506472 0.03211455166141007 0.031312034389195685 0.077438397896809 0.0358930400880647 0.05348443995794387 0.04782642146276084 0.0346467540902473 0.009755904246121088 0.08233233847880227 0.08135753016923095 0.04181092587515581 0.06771072393759361 0.07402274316630804 0.07775759434448776 0.07215040414057854 0.06751043261961885 0.06261949924949615 0.05396468120885174 0.06488198457763919 0.032547313625591184 0.042005396028038794 0.01995211943456729 0.06527147638240317 0.009194280674775627 0.06764538801376235 0.04737004070228521 0.08157290246947496 0.04087819996410231 0.05687631677934659 0.02086514875692254 0.08833088228869111 0.07831142199120115 0.04981346472878386 0.02866199838176999 0.04851605832860836 0.031755914576483156 0.05268129534672716 0.048445358868484036 0.007229786905717632 0.04585714900585197 0.05674586764718142 0.06361635573637835 0.09235192122066971 0.009400604001172288 0.062286865380655136 0.04833810240824915 0.06292444621588945 0.041011107734909895 0.04220056525548306 0.055252763305919425 0.008617223659189235 0.053932367535540024 0.06482326487928172 0.08126388193424547 0.034290525569677086 0.02140091136561396 0.012160274330598582 0.07912782327420657 0.03609570006318342 0.0609529975372632 0.03374687291443238 0.06182341719288368 0.08092214298572278 0.02593361581135454 0.007592671957270464 0.05372567654391723 0.05163206491585167
 0.03532127110019918 0.04136768693487783 0.022390353491687737 0.043391782084387646 0.049141340443189345 0.028278681174558423 0.04496870781353981 0.008883801715330576 0.005701754286870757 0.065843626391032 0.04509427543549219 0.03012459121933425 0.04148628399550018 10000.0 0.03775112976280193 0.04442043461518567 0.04503618147854348 0.047997596856285074 0.05786180776522572 0.04366277814678967 0.0687712876918151 0.0322667779965909 0.006347116106676361 0.057699917073849714 0.016695243728322047 0.011204899390673645 0.04199560925296958 0.01450624613060575 0.05361398798930266 0.061578202446270186 0.041185886253793304 0.05073947658480817 0.06556333166457863 0.04135513109385149 0.039693224825216235 0.04264209324254514 0.039984083581677626 0.06752742281096141 0.03566813024342811 0.05859517864920046 0.045277182711760434 0.05987047393166647 0.04461594892389866 0.00936119078547557 0.009831245915378003 0.02176526985678465 0.05226432193150754 0.0371278414346123 0.056383990875777744 0.03342501876668948 0.059695768463972655 0.07442531333747741 0.04733156731845269 0.04720717940252549 0.06508004201649079 0.03764345624597081 0.04452003743918898 0.015720924836382315 0.048810286082285624 0.014026327845599002 0.01879754547270131 0.02343493389068966 0.047968739738755636 0.0376468648934105 0.033545589909329813 0.022183492351327657 0.05087845136503493 0.03796292451353693 0.03513563603103281 0.03535908817096954 0.022239544428070097 0.051800845102344055 0.020978433968520043 0.047315277839757676 0.04313039134775676 0.016064265180782807 0.061072402911509435 0.03980617074431583 0.07025842822018326 0.024465833422919553 0.03391154352031814 0.03794177100171497 0.05149931991733569 0.032622613170220846 0.05843186437861688 0.03285728363302666 0.0528585196811821 0.03893635958606771 0.0403517324050928 0.01542500586906953 0.034841163390543196
 0.07245535663845248 0.07897841725277883 0.05099776616357653 0.06815796173095631 0.08322022858532448 0.05563839032621657 0.06875210863262134 0.032216624452005634 0.03294864295638096 0.10128024964593481 0.06501903491707417 0.030412921324776368 0.06772419738148015 0.03775112976280193 10000.0 0.06113268836762522 0.048837445067433954 0.07155890571202526 0.09145050819472698 0.07478045845953625 0.10158203183941379 0.05553815414739326 0.04299966737270387 0.0948061188805588 0.03617744315991195 0.04050065065265737 0.06394596596406266 0.05221861505262662 0.09129920559440863 0.09883585696634024 0.07842493005010524 0.07737107509779359 0.09878742929800485 0.053176840985777137 0.07744303078271213 0.07441454062286153 0.0644621444648227 0.10298968556455537 0.05796610298416291 0.09490617292272074 0.08028478811973326 0.09761441887825577 0.0785591089816831 0.04076023105635044 0.02977186133513223 0.052891774939458014 0.08796522552514441 0.05961921337494668 0.09225667621535937 0.0705695440716175 0.0908962037137101 0.10688635362227432 0.08419062015807278 0.08075797494434755 0.0948092472628606 0.0480270694370709 0.033188319322114634 0.04061769501953666 0.08655116376460745 0.05088455399409225 0.018956166929103496 0.059264578433860675 0.07495241063286215 0.029905699283170772 0.012858321037599763 0.035744488478981144 0.04860648258432444 0.06861578555673561 0.006225472384168359 0.0724954019773265 0.04096109970956907 0.08907920944389262 0.05828318250548524 0.03093325560232757 0.06463320126399658 0.02285473704887779 0.09821381310229532 0.0420848554056812 0.10128271215388045 0.058793458145321095 0.05605897911928661 0.04481191067205397 0.08811032567235316 0.0644545891944494 0.09343189090733546 0.005903134976984917 0.0806755605764457 0.07484549149526729 0.07017884658877051 0.023713155816885868 0.07125668197243752
 0.04594633626403341 0.05367139820623578 0.02407438810998241 0.01399771287512516 0.08020728826958279 0.019677625258145103 0.012714660349320265 0.05169238284439447 0.04799439824169169 0.0908535671842302 0.08830640347530119 0.03092993818086428 0.08233597650035224 0.04442043461518567 0.06113268836762522 10000.0 0.0889239257594034 0.08960171572620948 0.08836570654578094 0.08012404288892601 0.050761483630852214 0.013499213679613455 0.0403919882675872 0.05997688889584754 0.06082892264816173 0.05543337283469728 0.008408634586701729 0.04651905537377182 0.06326590266305462 0.07958840628930744 0.06428580237328833 0.09025519302820771 0.049350406658793096 0.009086020687446916 0.05686363843377828 0.029568415177364558 0.012686672612836944 0.05885335742780182 0.010534409228763609 0.05580768901883316 0.04110212499362979 0.07177877272148162 0.03698983453413422 0.05340448850833399 0.05093638831769057 0.06285434695193408 0.04836144014502629 0.08015030105568044 0.05204424827194778 0.04512189816037997 0.038994468751895994 0.10479954154522612 0.0510223370257636 0.07960994673087873 0.039763928633704884 0.01365018145564218 0.08421770301549845 0.06010208264969861 0.06151259104087218 0.05059086332547129 0.050147454278604224 0.03626725865390689 0.08754840731401758 0.07775056059001176 0.06617852581547308 0.027003655798310915 0.026415319062909257 0.07593663368899894 0.0632421325129742 0.04597984287286643 0.02348145137441242 0.07174849719589267 0.04193946543977574 0.08522136557097199 0.08598632097828376 0.04424810486295404 0.06280857330349203 0.02234470896769286 0.10324505493345663 0.061367973750555 0.07732055730130682 0.01773450788505564 0.07507252971638127 0.026732806520703936 0.08579675133912025 0.06015261486061439 0.025849110954111163 0.0680919760679287 0.07869604778456879 0.04355147299353687 0.04173607838028996
 0.07084434219383616 0.07295791587368096 0.06736504517401873 0.08831538073835622 0.05714942394971163 0.07322714737912223 0.08995467546990768 0.03723225582863907 0.04093929428584628 0.07516238829380523 0.02436058394063006 0.06656941062145674 0.033748202524477015 0.04503618147854348 0.048837445067433954 0.0889239257594034 10000.0 0.032620099549544805 0.06246947552779 0.04543464358212202 0.10877170241885818 0.07726561771609702 0.05037563210231076 0.0900397256125036 0.02834094625933988 0.035137361105515894 0.08702087941072842 0.05040940656448306 0.08227239295629751 0.08032291738385271 0.06374380284660236 0.04046658247816787 0.10529281151437395 0.08451237439503109 0.0684638408048823 0.08523437053079819 0.08497608132964482 0.10372286351654607 0.08065421318365058 0.0935783505677499 0.08430811071946452 0.08472858017093038 0.08512246673657271 0.03726927766308129 0.038107942523473895 0.0357852166007779 0.08932574359592095 0.025085717545305374 0.09266398238979506 0.06927391972861906 0.1016256282298488 0.07326902111074253 0.08194796575720352 0.05417835741139013 0.10772738403006982 0.08003641740857077 0.019389252073348795 0.030379182881511594 0.07694689696191774 0.0458196497560887 0.04278802245177881 0.06437995826477833 0.039248108418408804 0.01926462774677223 0.0359793166496434 0.06351246410096606 0.0890296608114095 0.0408948189489422 0.04261207829959309 0.07086616488129653 0.06568157817439975 0.07232082703777072 0.05915506604442982 0.024743069184143016 0.025995839972763595 0.04742571732739848 0.0928745009422003 0.07905686034732605 0.06594439117355366 0.04293776603374476 0.023732541410858097 0.07901123503364142 0.06826674708336412 0.07597531635756218 0.06740676606235749 0.04380710262099826 0.09686442463796839 0.055906136546461746 0.04044007786426714 0.047795212650560005 0.07262096242774588
 0.055664938804621 0.054195515408772994 0.06554147946999755 0.08393087995717083 0.02816412174394404 0.07047524843417656 0.08598290270487503 0.04521224836934269 0.0475782549060821 0.04422454572575195 0.008259520756164247 0.07743283334703319 0.007504161243754642 0.047997596856285074 0.07155890571202526 0.08960171572620948 0.032620099549544805 10000.0 0.031248243249105703 0.017016009647209163 0.09295643587713984 0.07621924877315622 0.04994065079708277 0.06907228791094226 0.03701628232006433 0.03739012465684237 0.08483405710653844 0.043254109206242106 0.059781025795544 0.052532739217871265 0.04117467310551184 0.007934033854322536 0.08943070936544359 0.08838464725481353 0.04873304526593161 0.07519218869137592 0.08145918920190623 0.0844626423720767 0.0794768822729745 0.07426507598099681 0.06992522865279881 0.05957778084225793 0.07226993230614942 0.038828686047750305 0.04754264340263599 0.026899228449226553 0.07233428422730542 0.01204525392774069 0.07456502517632836 0.05474898931420268 0.088916615320911 0.04065435594576833 0.06387043708263453 0.025451844950880237 0.0956953949509504 0.08519986618480906 0.050401976261132436 0.03418698227649132 0.054971385279916914 0.039015574955176976 0.05771051154182925 0.055938177333923415 0.0074488927043284475 0.047354206893562976 0.059944670041377004 0.07018104685609584 0.09884501507921174 0.016353597847073312 0.06585149185265438 0.055668190655404806 0.06976462965707254 0.046579497398539525 0.04969433937909204 0.05592620727223985 0.007200348333219387 0.05950780816629456 0.07119203591226461 0.0877935934692275 0.033347334398378135 0.02888240408719557 0.015675544105799362 0.08585259813219105 0.04127027716274421 0.06845259940305472 0.03708939317720702 0.06570177572766063 0.08841643051802284 0.03244857405395102 0.014003112825710715 0.05937747201771266 0.05903818596625692
 0.044147690109522277 0.038443239245595985 0.06598438527810928 0.0784742204872358 0.008770427389004914 0.06894543573031572 0.08065516271177811 0.05994031716197649 0.06049747154161978 0.012977497096778624 0.038939920635992206 0.08711384006468056 0.02873439516484325 0.05786180776522572 0.09145050819472698 0.08836570654578094 0.06246947552779 0.031248243249105703 10000.0 0.017649260835387582 0.07443956098478124 0.07528997789047132 0.05617945359583773 0.04734270069307417 0.0554876859821286 0.05124414837632878 0.08144282857880382 0.04584564271059869 0.03756991960716761 0.02405471360109123 0.02479508107585146 0.02365218953802373 0.07119083255978034 0.09032970930782121 0.033442989960965466 0.0651910658173709 0.07723973693034915 0.06298134193866511 0.07787934684913662 0.05383352761278779 0.055984525814284966 0.03379819568583183 0.05966154921289568 0.051428972800930915 0.06252931394153617 0.038577085744036 0.054921560754671306 0.03770873392361428 0.05552251748109372 0.04433174602505565 0.07412552031028391 0.016854505534905664 0.04663710011294094 0.010764266665667162 0.08092272344902769 0.08875474827126043 0.07808953226934995 0.05086250390929986 0.034507724037411765 0.04415759751233516 0.07398826694048521 0.052193904446345474 0.02385229134357396 0.07356082308345134 0.08205617762195852 0.0774444585651286 0.1050980325657918 0.02347840090769883 0.0867486082735496 0.04412669716136854 0.07482328189462206 0.022483770431192436 0.04702326304455728 0.08342881282066479 0.03673311756846826 0.0733151529531841 0.048317403575020804 0.094255790986939 0.015250804446589767 0.03352017123675117 0.04003322867020827 0.09085142421810596 0.016628078811589217 0.06245253508839146 0.006711400277807754 0.08564852383543453 0.07818896302784874 0.020514771347742072 0.022787673366473395 0.07283241376569619 0.048502163699765365
 0.04108415727941925 0.03835570843894958 0.05637427937541239 0.0724312391954029 0.011814650072121345 0.06047040849824756 0.0745749673495712 0.04414804126849074 0.04529545291427134 0.029855575521179078 0.02319314546682459 0.07371801013210602 0.011983816787661502 0.04366277814678967 0.07478045845953625 0.08012404288892601 0.04543464358212202 0.017016009647209163 0.017649260835387582 10000.0 0.07709983537113264 0.0666417446781461 0.043409993090383826 0.05236677013713136 0.03861056144480022 0.035393797638139254 0.07426653605311528 0.034237891770991576 0.04292656218830517 0.0359170402337048 0.024664087994364235 0.01215654948494788 0.07361031133372317 0.08047664337880785 0.03279965219872364 0.061702395369079614 0.07045571173134704 0.06791978643368692 0.06964553176550287 0.057820533583814455 0.05499982318546706 0.04256987093563451 0.05781303071634581 0.035978999235427314 0.046733869933646616 0.02256515400824899 0.056507022056511945 0.02038972990062258 0.05839813611109772 0.04049977147788504 0.0740423991725275 0.032106231514691254 0.04793299901334066 0.008881333541551925 0.0809041088034599 0.07809010529601068 0.060481411742240664 0.03423960869237529 0.03825979923168961 0.03119534815482193 0.058062620135542926 0.044412371852758814 0.010349481294908142 0.05591233204618134 0.06485350149943445 0.06487658275678491 0.0934052446229454 0.0061652477955204165 0.06981527399985861 0.04107963736472296 0.06318033970176481 0.02957004090711025 0.03835860305681953 0.06579960805787603 0.020556851457621816 0.058146331717545824 0.05435888134238716 0.08233212611159535 0.026872638998708856 0.019677177547439556 0.02246090179958155 0.07954059818493757 0.024358532414154248 0.05637564998168454 0.02199133704838274 0.06891550592061743 0.07507878141258358 0.01611771344085898 0.0051507786787152 0.05777169149663988 0.04491362548588569
 0.03827967527246626 0.038801081274834996 0.05058446066002469 0.037468161427432874 0.06984550241321459 0.046212824474773026 0.0382117971072383 0.07755171683555091 0.0744394668296458 0.0692838962755358 0.09617117884687668 0.07582615904041014 0.08586647708256437 0.0687712876918151 0.10158203183941379 0.050761483630852214 0.10877170241885818 0.09295643587713984 0.07443956098478124 0.07709983537113264 10000.0 0.047992084586740015 0.06242419850946914 0.02749676280770566 0.08299374903914164 0.07509676746044572 0.04323764052810067 0.05872024586411726 0.03698623538895054 0.05388695063809738 0.05258970063117301 0.0892516143989394 0.003543091243034811 0.059228600905262704 0.044328178272546974 0.027168390317438642 0.04036768420977367 0.01395333170635636 0.04683134756736897 0.02072832712708296 0.02446582177894533 0.04282897116104083 0.024203122512422424 0.07315667202824334 0.07856211359669987 0.07339888552714563 0.020628791224941732 0.08916233145483812 0.018994582752583245 0.039680703529685224 0.01179951569629126 0.08643498349263763 0.02916932334103105 0.0712047900226144 0.012993428124023945 0.06238334368281749 0.11287910656258573 0.07937808212233276 0.040073635908455536 0.06310241084925496 0.08470161838977278 0.04560389282453932 0.08733504064322381 0.10604365887656997 0.1013247071056295 0.06686994355378943 0.07717660714848636 0.07661366202737029 0.10119072801718342 0.03826428768800979 0.06139586877317619 0.051978394841753865 0.04992823110094986 0.11601639944634758 0.09324363295153378 0.0793801029123658 0.02757082238664866 0.071719816634898 0.08882046234345951 0.06710460092973425 0.08813193840503104 0.06667819653637258 0.057818590730748826 0.03722983021536905 0.06873752096160435 0.09833796020788263 0.024931134984392134 0.0609821576310181 0.07898817475710332 0.07849686680431926 0.03615181830112149
