NAME :TPP_input_25_3_1
NUM_VERTICES
73
NUM_CLUSTERS
25
Full Matrix
 10000.0 0.07510612713429866 0.034364534612090936 0.09728504688268529 0.045857182073657785 0.06464162815342618 0.02504766845072658 0.06069659029204531 0.04127728725585137 0.08525797833412353 0.07895220619036089 0.0772536850326783 0.049480793171133124 0.021417472793438756 0.05799500341220638 0.02845546838043606 0.07187435006226764 0.0627114986404181 0.034056043131127534 0.0871669953601326 0.026571127078736323 0.015866832408946784 0.05176929722711603 0.07880345253141055 0.06683793911038505 0.020305168867766753 0.08002525341657267 0.04378558052677018 0.02627361530154375 0.01733761740996538 0.08389023553883314 0.07343156614399551 0.06804926125030235 0.07052427197249858 0.08503302106511394 0.04494310920950813 0.03239691854476435 0.09155979199300035 0.056934955892476165 0.0787124704229347 0.07872618674321942 0.055526609687032755 0.06007343510464766 0.028642326384286047 0.03566995931394567 0.08141674297997444 0.05952296226118394 0.02866503559512722 0.03138473953602479 0.04441753062914282 0.031436828344960026 0.06318966757129803 0.07907297995751077 0.02660125509814256 0.08263873513327712 0.08311925276141295 0.07196257455458296 0.05587161616614897 0.07817952357501201 0.02939961984682947 0.053351850962679505 0.08080806182469737 0.05363986418195898 0.09317181256517437 0.05818011026081459 0.05393827632734891 0.02202912072502992 0.040048632534427704 0.07945041879320537 0.08535795822529967 0.05418601647301504 0.04538835119005289 0.07996284830539596
 0.07510612713429866 10000.0 0.04075920172713151 0.0326943190915671 0.03439878241680587 0.029773741878896157 0.07048144323746659 0.06698812600786488 0.09529769938535379 0.010730839338100732 0.024140550645078338 0.07542971256971907 0.026283067792473778 0.05965098613506767 0.034531217200410275 0.050066816656752215 0.08942827292214627 0.08917943639275917 0.04337249494048579 0.01751308238050001 0.07151803733349556 0.06873903585939627 0.05174005654983659 0.005554126339496572 0.009561023079859225 0.06003415553320314 0.01451529605426955 0.03380792844011177 0.04883529101959743 0.06967826542954124 0.02574149379028706 0.009826590527879707 0.007814663591331268 0.0363903587217163 0.04092439191044888 0.06321543499562368 0.042946613403596276 0.03053909177894899 0.04111919355466219 0.03495226602395922 0.0045879486987056625 0.021092227491288706 0.060650976699245115 0.06113253798673949 0.10529452847561634 0.008487840036141253 0.02849614991987969 0.0914286074675458 0.09923157545914915 0.049397216945335554 0.08008102264431766 0.015718164924273092 0.07267212764760198 0.05719940225529448 0.026963067956162403 0.08680549392379289 0.07048685027741515 0.05615065039148332 0.09099280548328903 0.048398347766657544 0.02217853147105529 0.013472376679717516 0.050154394997351685 0.035765935442394634 0.025127297386955204 0.0489637384682367 0.077767730231163 0.09185289245467088 0.0618000083595981 0.0896319273132504 0.045458158512156066 0.030084760429424366 0.08855719037542428
 0.034364534612090936 0.04075920172713151 10000.0 0.0653349213949428 0.016131852054567984 0.03625463906453239 0.034282081693904974 0.05230260995377341 0.06118369560269009 0.05102259031146742 0.04783819158112992 0.06744686077774596 0.015407365346382818 0.022325488807377003 0.031821426677299446 0.012992897142498102 0.07193203863350497 0.06687623999873718 0.008677345559850618 0.053717986562875325 0.036936506905445726 0.030347929546516328 0.03495158570791401 0.04462127713883484 0.03254239203450725 0.021291534651780693 0.046845414102216446 0.012167279485581202 0.008160180699941027 0.030967891112534535 0.052565748167842 0.039824684998231275 0.03385694976785211 0.04427112477939233 0.05793313052167318 0.03982090954477289 0.0029996077035787565 0.060177204740577625 0.03290808418671026 0.050767009780614 0.044366865272778326 0.022089509115965585 0.04814504738514328 0.026819937472575207 0.0663221611490602 0.047326261029850665 0.03046821297433738 0.053961470140111926 0.06063330179582896 0.028856739197099492 0.04605624691526405 0.029922321786862775 0.06719634505999154 0.022553782431613423 0.05178785334374929 0.07693725349942088 0.06149118470986782 0.04085634626871239 0.07632327866461606 0.012529471474429064 0.019083239680426953 0.04740414258213547 0.03541777751914512 0.06285443562811291 0.027427706372396502 0.03491374701194492 0.0408170902000529 0.058255747355204654 0.0621838730811011 0.0797282706172434 0.03452054789157366 0.011761279881476775 0.07601731756348296
 0.09728504688268529 0.0326943190915671 0.0653349213949428 10000.0 0.06451045780737623 0.03401862229900829 0.09872117644583508 0.06591346425532318 0.10575488581025404 0.024782884054305062 0.018505613911186342 0.06686339290638407 0.05444555793374659 0.0777834103954189 0.04146133718005652 0.07720789377167175 0.08589556513202073 0.0896462634940857 0.07077427482438009 0.015309722885577795 0.08526003929937974 0.08668683108979502 0.08396673046550722 0.0271775123899114 0.04140336880905122 0.08651436981714092 0.01961092664583952 0.0626336877221316 0.07230581488880075 0.09626132899526976 0.013570185092982136 0.02706628446252792 0.03490865417531334 0.03232365372135778 0.023436624535466726 0.06986817042676777 0.06815296215129452 0.006368646454823379 0.07366366955555444 0.024012532053507445 0.0333966053890075 0.04338750150423654 0.059862209043353674 0.08997603694151479 0.12131986494074713 0.024447174917086693 0.03821133426264103 0.1060780689367886 0.11496147015125924 0.05900882963888883 0.09210632985301233 0.035652810786780474 0.06272383624540145 0.07365583354081452 0.015269683647649844 0.07754681032699233 0.06393440647328448 0.08863637151783522 0.08492472976497509 0.06795720508892328 0.05059708404630472 0.019858926824161804 0.08252486191088919 0.009431667876664326 0.03910493704099295 0.08135376192895181 0.09305867425277731 0.10210989271275905 0.05009367051302302 0.07994697198398029 0.0503967734802497 0.05359368913433747 0.08115201773581668
 0.045857182073657785 0.03439878241680587 0.016131852054567984 0.06451045780737623 10000.0 0.04236822753219277 0.036288766132927246 0.066423306510942 0.07697027513451066 0.04511179558861011 0.04944658432598091 0.08053763630092169 0.010793448616448362 0.03809008412379148 0.040510183950166395 0.017676896139686198 0.08703500505908049 0.08258392700349844 0.011868595737374218 0.05061533856628459 0.052904824715750955 0.045412830903105286 0.02248000658581479 0.03947143551744347 0.02487470407471435 0.02743479128385622 0.04491861464241457 0.004426362025096263 0.022515556621776088 0.03648567185729433 0.053475135406416734 0.03744880566323972 0.029754369672835387 0.05120033681614078 0.06297920692759156 0.05519874575928574 0.015864519081827566 0.060478919274438006 0.017350984955055916 0.055632699184634406 0.03671388506549088 0.023659871772848555 0.06158762084629913 0.02682168702884262 0.08017204324960998 0.04246922193603338 0.036901517041869815 0.068897388557491 0.07484361778924042 0.043025825228894435 0.061994345068119454 0.02998947673218724 0.07966557592083301 0.03867546515516905 0.053405447764118874 0.09068412545480341 0.07463571163311304 0.028296836449100426 0.09101033076266636 0.028649763918694213 0.014077835218217333 0.04487444055671971 0.022118127958342268 0.06437371166086867 0.0325379134166459 0.021289770324560975 0.05619806423017762 0.07414417316580263 0.07287282723390788 0.09353653378542948 0.04649826149749356 0.017685821623881805 0.09029744882542154
 0.06464162815342618 0.029773741878896157 0.03625463906453239 0.03401862229900829 0.04236822753219277 10000.0 0.07047730315568772 0.037750803167645966 0.0724548568377109 0.03359923504519158 0.015747436118363354 0.04574421396662764 0.03176185894293893 0.044266072900849086 0.007470390887587793 0.049206864211768606 0.06002722585293855 0.0608075442273569 0.0437747173787569 0.029081498123690746 0.051266624113975895 0.052960605125060435 0.0647639964390462 0.028536341515541987 0.030722726890929558 0.05713914983314901 0.022374865518002166 0.03880234398126024 0.0415752831399197 0.0664630115189746 0.020523608456397047 0.02066427139020044 0.023719661111517663 0.008877050022136583 0.021678570290625476 0.03720310840940109 0.039254174593736695 0.02781796839883915 0.05733289588922876 0.014576091712752043 0.03413635062448215 0.01910733290968164 0.03132679217633608 0.0629712909238097 0.0873047311806102 0.029152865389579088 0.00580130639940626 0.07209621586870373 0.08094812899891965 0.025172370682600444 0.05834590380762546 0.016244798219141956 0.043207229902291595 0.039873354868134106 0.018763622223670527 0.05709191294460127 0.04071842883066601 0.0704577092550342 0.06128628331262384 0.03534685683397249 0.02963814139299827 0.023993039335427267 0.06415617039455564 0.028635601522586988 0.009830800607894088 0.06320114097609583 0.059040351312323394 0.06882725470964708 0.033230096178499764 0.05993446906959233 0.017653701667677428 0.025946296478417088 0.05878531305541615
 0.02504766845072658 0.07048144323746659 0.034282081693904974 0.09872117644583508 0.036288766132927246 0.07047730315568772 10000.0 0.07856299603876156 0.0662877935863049 0.08121156317215586 0.08181560939236157 0.09506066451994609 0.04472230001621138 0.03755552446898315 0.06554912439816377 0.021604092788270822 0.09344299291150977 0.08530635771041277 0.02794767186712896 0.08588113027791479 0.048778858823769644 0.03734620542562056 0.03134783491806416 0.07532682024586769 0.06104984195625094 0.01372731659434572 0.0795431386408567 0.036755496278186146 0.029617563653070642 0.007876674022234496 0.08641569194613019 0.07216513676061014 0.06504675250510444 0.07824961219208007 0.09214482654684861 0.06323809196333582 0.03129169160130443 0.09391694429858646 0.03989333923911209 0.08502310984480316 0.07298708581971275 0.05543031765982843 0.07625812107549756 0.009569596474897446 0.05858639624507792 0.07827795749993728 0.06471118806322239 0.053641629191079385 0.055326349383465825 0.0576384153927917 0.05537980290030464 0.06307798006464899 0.095944530020196 0.04216785228143135 0.08580145915320139 0.1026462921700827 0.0893070034154532 0.03389430189450416 0.09924486474085822 0.03838112070957201 0.04879618618683558 0.07980230003088738 0.03362439026533235 0.0969177729412452 0.06168655665285302 0.03431822406758526 0.04624776979462157 0.06491486653188976 0.0934606236250569 0.10515698732348536 0.065890430175412 0.0455525896519577 0.10030181097542513
 0.06069659029204531 0.06698812600786488 0.05230260995377341 0.06591346425532318 0.066423306510942 0.037750803167645966 0.07856299603876156 10000.0 0.04533697220375207 0.07131332100569895 0.050909567452748876 0.016638438856448546 0.05871493195085331 0.04125229483020616 0.032507662730588124 0.06270101509868382 0.022461298943153553 0.023776188810526195 0.06078862853513333 0.06583010559580921 0.035513923302979485 0.04485379796279785 0.08722685347013102 0.06624954524651402 0.06574182234455685 0.06550937539865734 0.059739507916091734 0.062002163123200144 0.05148301777662807 0.07169464737100874 0.05448639363881379 0.05834098777203115 0.06006530078962553 0.03445319378552595 0.04362373980573219 0.0157716753028728 0.0544067282077066 0.0597176077869034 0.08373956534517556 0.04196176143943379 0.0714941156183324 0.050244418781927466 0.006435568415235226 0.0749503436307752 0.06666681767540707 0.06689400833074272 0.03856016923974959 0.05168180189636408 0.060762634432874274 0.02350856452361198 0.03671909446494754 0.051839121747656904 0.018502250262921807 0.03641366431986758 0.052168179741557824 0.024700814749402025 0.011297064851823174 0.09314711517981865 0.024946010619821178 0.04187575252672122 0.058959961538352236 0.06143506952015431 0.08757379297222719 0.05740664645619029 0.042477215154629364 0.08698332618868629 0.043239639375674314 0.041952563265343225 0.022942567436165556 0.027452453493596214 0.021962064845015804 0.04955492555655154 0.023874608030382875
 0.04127728725585137 0.09529769938535379 0.06118369560269009 0.10575488581025404 0.07697027513451066 0.0724548568377109 0.0662877935863049 0.04533697220375207 10000.0 0.10319411779129552 0.08810539169106923 0.0575968037405607 0.07527698216838434 0.038897769273715944 0.06508335652489144 0.06316715193768895 0.0424559363754402 0.03146948073900743 0.06603831278743545 0.10105509109791516 0.024426153549057767 0.032235569626816174 0.08986172058454275 0.09693935914344218 0.08984427383946886 0.05875598474653406 0.09389896747381174 0.07330783247127945 0.0545642745544278 0.058484139051686104 0.09267361153669765 0.08956904125696244 0.08748328779217258 0.07363483322174098 0.08611221908666729 0.03600838764379028 0.061105821801464774 0.0993910927654607 0.0921652177420555 0.0823783569237406 0.0997480858135662 0.07435161340442296 0.049246959535053744 0.068560402794847 0.023684201417654212 0.09870329784906094 0.06985357164571919 0.013930650500101248 0.01940983131230851 0.047440612933883415 0.015383342460865958 0.07999309890000952 0.0613893972021365 0.039243421603665035 0.09065311274718264 0.057897527604002956 0.05466230700360159 0.09477584247556058 0.04931629071616534 0.04930820555945864 0.07790620886865768 0.09528529599766446 0.09132829443695538 0.09856440909626812 0.07140458411653786 0.09133203220693872 0.021350975647836855 0.0036455572936812024 0.06827170220933161 0.05908036983036107 0.05536354263991291 0.06724441668892865 0.0529615829275884
 0.08525797833412353 0.010730839338100732 0.05102259031146742 0.024782884054305062 0.04511179558861011 0.03359923504519158 0.08121156317215586 0.07131332100569895 0.10319411779129552 10000.0 0.02275484491118442 0.07766367674767712 0.036902370282102706 0.0689069005559571 0.039783419689977964 0.06072130156643614 0.09345904627571737 0.09437168433470856 0.05402452775114743 0.009975893662799584 0.07993986462553365 0.07806412555179323 0.06174150830080841 0.006510827745561592 0.02024178489109871 0.07066347230166256 0.012155294923146893 0.04452276035819223 0.05900347366591732 0.08033733022734574 0.02218397068101282 0.013683655474094178 0.017210787957269033 0.03814995058084995 0.03870714674525135 0.06966469203073393 0.05333371646742303 0.024438605206584578 0.050819789345721775 0.03419686177353623 0.009258546261090756 0.03021258082283561 0.0648798460531393 0.07186178121990844 0.11449410552989807 0.004544431631801088 0.034096715578380156 0.10025402343542031 0.10833766018889082 0.05627203586346071 0.08820054081005947 0.02338541994552387 0.07440408830002448 0.0660412923632771 0.024122070530642324 0.08903301417136607 0.07323623346579972 0.06585212653441218 0.09427995587571354 0.057788176367892796 0.032782107677801875 0.010405794954185046 0.06002985206365479 0.030131734924456633 0.03184078732888512 0.05882465558104625 0.08661501185902322 0.09966954922394827 0.06265637386673244 0.09176757558781563 0.050798609864503574 0.03993529232113334 0.0913951484737418
 0.07895220619036089 0.024140550645078338 0.04783819158112992 0.018505613911186342 0.04944658432598091 0.015747436118363354 0.08181560939236157 0.050909567452748876 0.08810539169106923 0.02275484491118442 10000.0 0.05539780351629594 0.03880259902023198 0.059283296161335444 0.023215254720004568 0.06021162334959709 0.07236640178909036 0.07457526283328662 0.05403971242521018 0.015152913010755874 0.06697808316096363 0.06818158099523867 0.0705983132619608 0.020205193439604585 0.029896763649923712 0.06912894038340853 0.010725495111386214 0.04686421001134116 0.05439776485673666 0.07878704203349228 0.0049529163767496895 0.014776794262551313 0.022147819320479257 0.016508796834275443 0.01679188804508704 0.052565840851602645 0.050750223042532114 0.012607755737143567 0.06135727330393025 0.011451930742964894 0.027251675637604673 0.026556055671467134 0.044549177142716403 0.07346923779769181 0.1029714100226081 0.019206019945825457 0.01970591823980594 0.08781150690370565 0.09662161887897369 0.04091491210785982 0.07408843815525158 0.01946292885183929 0.05192870087444556 0.05515585397875257 0.004005117262758575 0.06669478658376699 0.05132677149117672 0.07580883917281452 0.07254995353920275 0.04957311333886573 0.03539875809842949 0.012419626191021842 0.06950077830994152 0.01513331907254661 0.020863998843252043 0.06840314769242653 0.07467921235628093 0.08447050518989217 0.03997176606629081 0.06937506295990752 0.032912824391425115 0.03627738655513677 0.06937878622985794
 0.0772536850326783 0.07542971256971907 0.06744686077774596 0.06686339290638407 0.08053763630092169 0.04574421396662764 0.09506066451994609 0.016638438856448546 0.0575968037405607 0.07766367674767712 0.05539780351629594 10000.0 0.07186210810716455 0.05786329087327732 0.04268204577139243 0.07852619478386803 0.02091320136051242 0.028996355239404976 0.076076906524093 0.07048739384222817 0.0516623287042097 0.06139228231369714 0.10207696577418027 0.07356845583429364 0.07603492623767846 0.08187629883704135 0.06555034362100774 0.07617675803005111 0.06743067594673186 0.08827610448824236 0.057814038605810934 0.06597283898655579 0.06940439714330618 0.03954255044471781 0.043426893381372664 0.03239010106464146 0.06977253212589923 0.06126240358762346 0.09762706712140806 0.044575467917782066 0.07967942550572661 0.061747176475094256 0.019329530243600016 0.09113418370646371 0.08036003794934081 0.07356673915806307 0.04838648518154794 0.06606771445462441 0.07481670147891557 0.03872029750169876 0.051667798839625294 0.06156295932576608 0.004674329169098706 0.05297004953483515 0.055461240691893794 0.011396019466384836 0.005955682621450289 0.10802385836239481 0.018248281613147267 0.0578278111583406 0.07143342145245292 0.06730539593805769 0.10223010804110066 0.057578341821054924 0.052895726852153185 0.1015523918269473 0.05903864773879711 0.054597028235619564 0.016923304365953837 0.014202688664540532 0.03415490566865042 0.06307869060909355 0.014288847336037533
 0.049480793171133124 0.026283067792473778 0.015407365346382818 0.05444555793374659 0.010793448616448362 0.03176185894293893 0.04472230001621138 0.05871493195085331 0.07527698216838434 0.036902370282102706 0.03880259902023198 0.07186210810716455 10000.0 0.036944142054066084 0.03052851157184711 0.02382723901838674 0.08018351234591654 0.07683459342860247 0.017132040626453158 0.04116824960772973 0.05085091606804244 0.04544715202160461 0.033011605636793444 0.030775231381746402 0.01743225991975447 0.033762144142207635 0.034995445581341905 0.00818966161352237 0.02352900554744442 0.043441540630292035 0.042959701898220876 0.02755038519165486 0.020331725557916312 0.04062797484707628 0.05219200586374435 0.04922034872307181 0.017084797625980443 0.05012198882416265 0.026110906836820522 0.04484821529267125 0.029478031842714015 0.012881033538393996 0.053398374162986886 0.03566851300848661 0.081667911383246 0.03367492806079645 0.02644189615471441 0.06897536936419325 0.0759127693629545 0.035973772489839344 0.0599362564307355 0.019348964852656057 0.07061895345532107 0.03604265926986451 0.04278277211248862 0.08240083464742019 0.06605417246595703 0.03869772086567575 0.08360762048979352 0.02599463012536879 0.004123863905882016 0.03514865460597819 0.03240506874067393 0.05381690462676039 0.021946004300522712 0.0314684782056122 0.055595666492872266 0.07215219053506268 0.06306626883549399 0.08528230241265514 0.03772289913705796 0.00928706732211716 0.08247974098560944
 0.021417472793438756 0.05965098613506767 0.022325488807377003 0.0777834103954189 0.03809008412379148 0.044266072900849086 0.03755552446898315 0.04125229483020616 0.038897769273715944 0.0689069005559571 0.059283296161335444 0.05786329087327732 0.036944142054066084 10000.0 0.037258963794906196 0.02584800841017201 0.05629392713049284 0.04902843445441018 0.02748791412077603 0.06917668588657545 0.014945545832746418 0.00917223317601671 0.052941291270937926 0.0624066400537598 0.0528060209973033 0.02524232049040102 0.0618716675601524 0.034415976823507194 0.01587284291846658 0.0304699424484168 0.06423178337111983 0.05600314008566655 0.05201376061251072 0.0494923317176953 0.06397120367455714 0.02572346543393117 0.02223349857148552 0.07180385989195003 0.053754420088862276 0.0579017159991553 0.06379811570239598 0.03873087236516806 0.03963982915204178 0.035323312053337476 0.04564784747166951 0.06468845882350373 0.03958419149379056 0.03212006566954939 0.03958976292555402 0.02301129992893826 0.02394668928874479 0.045726160535061997 0.05913080346921566 0.005239357665462553 0.06276137160613718 0.06510446898647758 0.05224932022498422 0.05837972972915934 0.061861178506678785 0.01129313965244549 0.03999440741120548 0.0628995352305701 0.05406993946619275 0.07289807465943855 0.03908459961986667 0.05388665530674193 0.018651925259945582 0.03605718413864343 0.058410127034307084 0.06760318722767868 0.03277329568471107 0.02987228009954613 0.06277084137184305
 0.05799500341220638 0.034531217200410275 0.031821426677299446 0.04146133718005652 0.040510183950166395 0.007470390887587793 0.06554912439816377 0.032507662730588124 0.06508335652489144 0.039783419689977964 0.023215254720004568 0.04268204577139243 0.03052851157184711 0.037258963794906196 10000.0 0.04478098441383877 0.05496829176383855 0.054796992446249304 0.03995139578877292 0.036147791176652753 0.04380525374193066 0.045788660857750046 0.06295700829067179 0.03421887234939454 0.03357230324470173 0.05197223946662211 0.02919227402342176 0.0365284984284752 0.036129203483920604 0.06099647846753251 0.027989375417284083 0.026312063316888307 0.027567938566403768 0.012824716553347505 0.027210745886498855 0.03013609817671287 0.03477449252498749 0.035228767496861484 0.056629497386135756 0.020718081338046215 0.0390687623528261 0.01918893565329386 0.026242251598906176 0.05861386063169442 0.07985930186366214 0.035254970037452066 0.006052692409880371 0.0646320556474334 0.07350030759861294 0.017723481053693934 0.05089091823838487 0.01937338941893492 0.04080971040893619 0.03270007876751217 0.026194541407237877 0.05378114010079254 0.037206844795694145 0.06880417412619116 0.05689227366143881 0.029007875996941854 0.029328962322924163 0.030717551379836172 0.06261774796351259 0.035757481284617094 0.010246040927328906 0.06175609369518038 0.05161296731241874 0.06146304036678042 0.03254242427126643 0.056667073774652084 0.011045971068153136 0.02304308534425868 0.054842936119472975
 0.02845546838043606 0.050066816656752215 0.012992897142498102 0.07720789377167175 0.017676896139686198 0.049206864211768606 0.021604092788270822 0.06270101509868382 0.06316715193768895 0.06072130156643614 0.06021162334959709 0.07852619478386803 0.02382723901838674 0.02584800841017201 0.04478098441383877 10000.0 0.08072237902561927 0.07437240847514082 0.006696790356127422 0.06469993006042614 0.04049081187608092 0.03093164784757625 0.02711784061075534 0.05459581695023325 0.04093885454312695 0.010015637010519787 0.05817865858335779 0.01650343503742324 0.011278175412664333 0.019616072795484663 0.06481687399977498 0.050875091668203434 0.04405740095796238 0.05726397745519165 0.07087964848941894 0.048750754421606673 0.010012541338082647 0.07233274447273226 0.029345790175273164 0.06368046583329323 0.05303722813713847 0.033857363992944936 0.05922625239272207 0.013834022483826133 0.06349695569507359 0.05747957188235314 0.043411176953689616 0.053469884361863465 0.05851089894535441 0.03986607299988772 0.0491059852127658 0.0415556403853681 0.07868866961181994 0.028532964666978314 0.0641981526750792 0.08738199543402529 0.07259768767825621 0.03253514014312356 0.08570924219652792 0.020835028448458272 0.027951049467221732 0.058526039806130345 0.02834523348028058 0.075316249742962 0.04018860506340699 0.02825195380323292 0.04184226715396545 0.0607585367867338 0.0745259036012342 0.09008994364664773 0.046725974917420456 0.02395624365449165 0.08591940375156283
 0.07187435006226764 0.08942827292214627 0.07193203863350497 0.08589556513202073 0.08703500505908049 0.06002722585293855 0.09344299291150977 0.022461298943153553 0.0424559363754402 0.09345904627571737 0.07236640178909036 0.02091320136051242 0.08018351234591654 0.05629392713049284 0.05496829176383855 0.08072237902561927 10000.0 0.01098728611561776 0.07997963751804088 0.08746839477380726 0.04535710052215952 0.05663066619172188 0.10669359906346604 0.08856300830513149 0.08813103349956326 0.08153577474808366 0.08169470291866551 0.08262023999838135 0.06950343206475124 0.08592414865173678 0.07552090646672681 0.08067598414419076 0.08252619805993935 0.05587824006046181 0.06267918690408145 0.032160909442676806 0.07361616981091153 0.07996293155351374 0.10437041910993321 0.06250016041216902 0.09392190218604234 0.07247792065434712 0.028779650950455708 0.09156976007225522 0.06612852273338839 0.08909213277151683 0.06102054862519026 0.053740356098963556 0.06141793742068922 0.04424619585073458 0.04173254077160657 0.07429696815149826 0.02558663527173318 0.052455618701342445 0.07316253881588843 0.01614603599957973 0.022114726515562965 0.11251045025810498 0.006888249161295195 0.06026165551576529 0.08078388582642734 0.08341656948421697 0.10730655556458343 0.07687002619526989 0.06491741841291893 0.10683590573180476 0.050744226406257587 0.04022821998377613 0.03719262565416991 0.016812242832762645 0.04435242371431765 0.07091275291231793 0.010743748354202996
 0.0627114986404181 0.08917943639275917 0.06687623999873718 0.0896462634940857 0.08258392700349844 0.0608075442273569 0.08530635771041277 0.023776188810526195 0.03146948073900743 0.09437168433470856 0.07457526283328662 0.028996355239404976 0.07683459342860247 0.04902843445441018 0.054796992446249304 0.07437240847514082 0.01098728611561776 10000.0 0.07442829151293993 0.08937599093149574 0.03659456935677826 0.0480388296436731 0.1010056725242257 0.088996430380218 0.08671989668501928 0.07408420310841504 0.08307728233824167 0.07824089073249399 0.063388110175135 0.07761478259565924 0.07824043502052835 0.08107665772164688 0.08186541121293606 0.05817808772548694 0.06707493368338006 0.027616026150544124 0.06820316571724436 0.08347502090544767 0.0997400888776401 0.06572699392976018 0.09375157365811856 0.07067421560131569 0.03004126158056749 0.08426693935880093 0.05514521762453037 0.08988592683316426 0.060753703651211334 0.042980088071856395 0.05048694738391294 0.041197256673744576 0.03177908072328665 0.07361273750187614 0.033459268066873125 0.04584021089730202 0.07592927199467639 0.02676265885897395 0.02819170009310259 0.10669117568335201 0.01785101802663663 0.05464897960433123 0.07797356216244292 0.08473982442859154 0.10182610774108404 0.08102582362883072 0.06412706386270219 0.10145973068408022 0.041057978115155706 0.029289753681069546 0.043513421848836845 0.027707916820529185 0.04376845313409891 0.06757937872257341 0.021593231609405458
 0.034056043131127534 0.04337249494048579 0.008677345559850618 0.07077427482438009 0.011868595737374218 0.0437747173787569 0.02794767186712896 0.06078862853513333 0.06603831278743545 0.05402452775114743 0.05403971242521018 0.076076906524093 0.017132040626453158 0.02748791412077603 0.03995139578877292 0.006696790356127422 0.07997963751804088 0.07442829151293993 10000.0 0.058080388138674124 0.04243307904275663 0.03406973804877839 0.02671420759860612 0.04790403570452504 0.034273116566623574 0.016677007431212577 0.0516298503786696 0.009961457284306908 0.011620089338183688 0.02631286285703012 0.0585640559515964 0.04428813381514586 0.03738658587958042 0.05210812760937986 0.06536215482583149 0.04781878101595646 0.006398213458064831 0.06601840085223376 0.026266506042616312 0.05808791395602841 0.046373646790033744 0.027540703088734814 0.05676115293486817 0.019449134097639546 0.06833650831437425 0.05079295486129912 0.03797961208243045 0.05735104064340569 0.06306633547585852 0.03742265817353083 0.051383841087283146 0.03513737040923237 0.0758670358192464 0.029030388558730393 0.058039401365349415 0.08546122701745226 0.07012163022173556 0.0325449154568297 0.08456986511899219 0.019803469765156498 0.0212558996610496 0.051936537249606576 0.027408933718422665 0.06916981532429156 0.03444533237532193 0.027032252989216177 0.044969048536530866 0.0633771855302432 0.07078875192467377 0.08823632900624735 0.04317709855004434 0.018012146421574872 0.08441034064329127
 0.0871669953601326 0.01751308238050001 0.053717986562875325 0.015309722885577795 0.05061533856628459 0.029081498123690746 0.08588113027791479 0.06583010559580921 0.10105509109791516 0.009975893662799584 0.015152913010755874 0.07048739384222817 0.04116824960772973 0.06917668588657545 0.036147791176652753 0.06469993006042614 0.08746839477380726 0.08937599093149574 0.058080388138674124 10000.0 0.07875530283079771 0.07832058792590026 0.06913671435815921 0.011961100488171561 0.026582827523574805 0.07438452547027946 0.007321014436975995 0.049245060600284184 0.061288795497416844 0.08416083769496066 0.013138237850281426 0.013899583652239915 0.020913331916496133 0.03159068760993351 0.029628561731212665 0.06623994829092529 0.05633222294036166 0.014463735555484084 0.05861953131774134 0.026083115800549787 0.018112552505656528 0.031736965692167995 0.05942831924108304 0.07681477067589601 0.11421282533878986 0.009148926178544174 0.031216011865321112 0.09945794260315932 0.10793602623239683 0.05362266168103818 0.08649823431474121 0.023985008274893273 0.06692858996710209 0.06569535373069024 0.015349338495478088 0.08174685106040665 0.06647694346663137 0.0736401943158653 0.0877027164473047 0.05850540089815052 0.03712893189647377 0.006358970126424336 0.06760487350113496 0.02016612034380247 0.030316529112985314 0.06642043408743153 0.08598154382249235 0.09745683842428551 0.05477867910056422 0.08439942458632121 0.046735062287456344 0.042057152306645494 0.08451247805329061
 0.026571127078736323 0.07151803733349556 0.036936506905445726 0.08526003929937974 0.052904824715750955 0.051266624113975895 0.048778858823769644 0.035513923302979485 0.024426153549057767 0.07993986462553365 0.06697808316096363 0.0516623287042097 0.05085091606804244 0.014945545832746418 0.04380525374193066 0.04049081187608092 0.04535710052215952 0.03659456935677826 0.04243307904275663 0.07875530283079771 10000.0 0.011449076842272659 0.06760053197138129 0.07355670816387995 0.06563662824812494 0.03824364850062743 0.07146920787606277 0.049099632177840614 0.030818173590739177 0.04104168538731096 0.07179009487953626 0.06648973572208615 0.0637191271860602 0.0543330428994207 0.06815728037722896 0.020439788141341706 0.037092815185045355 0.07899996133640223 0.06869950047178308 0.06316629270597869 0.07588827909779099 0.0504455569690828 0.03630019428215973 0.04847170677169954 0.036104730074312974 0.07552515654365531 0.047732053201921955 0.020833640675217032 0.029738844177317918 0.02638655744364459 0.009128067073384568 0.05656761787471267 0.054001239311644314 0.014822484465613373 0.0699904242692229 0.05674084191206035 0.0467663897138185 0.07290807440643299 0.0516121056339838 0.024892951662596193 0.053507508719191695 0.07272249683178 0.06882096160555763 0.07908594940143092 0.0485402887038393 0.06868224878242501 0.008340152931709739 0.02135257853460391 0.056491878005159285 0.05890317240529624 0.035879541781251995 0.04289508978477015 0.05342803603349762
 0.015866832408946784 0.06873903585939627 0.030347929546516328 0.08668683108979502 0.045412830903105286 0.052960605125060435 0.03734620542562056 0.04485379796279785 0.032235569626816174 0.07806412555179323 0.06818158099523867 0.06139228231369714 0.04544715202160461 0.00917223317601671 0.045788660857750046 0.03093164784757625 0.05663066619172188 0.0480388296436731 0.03406973804877839 0.07832058792590026 0.011449076842272659 10000.0 0.05773145037480184 0.07156116599148955 0.061705633459279825 0.027301735995703836 0.07101080039326034 0.042097268725455696 0.022915103291930982 0.029594138026770214 0.07312008631443404 0.06517476558660412 0.06113367377784413 0.05767474640896099 0.07205204874769619 0.029123088248195636 0.029691972475530928 0.08064546492992893 0.060011891193490076 0.06625476305389982 0.07284435069109682 0.04787330726814175 0.044459224508854076 0.03746359845453317 0.03656847405545217 0.07385560614684468 0.04847819217473983 0.023617584491134103 0.03059599086500426 0.03022110983566956 0.018678161923003884 0.05489826099168763 0.06326712043619323 0.013091956772180367 0.07158546081677722 0.06734776329138598 0.056132345939250435 0.06278914017583388 0.0627556498839862 0.02034089167502869 0.04869578630039802 0.07205313044757176 0.059140656341851845 0.08153570278240571 0.048168272705051536 0.05911976898863854 0.010939276458312384 0.029884281957572947 0.06413964244303257 0.06963215217676715 0.04017970972685516 0.03883085216102212 0.06433416193871476
 0.05176929722711603 0.05174005654983659 0.03495158570791401 0.08396673046550722 0.02248000658581479 0.0647639964390462 0.03134783491806416 0.08722685347013102 0.08986172058454275 0.06174150830080841 0.0705983132619608 0.10207696577418027 0.033011605636793444 0.052941291270937926 0.06295700829067179 0.02711784061075534 0.10669359906346604 0.1010056725242257 0.02671420759860612 0.06913671435815921 0.06760053197138129 0.05773145037480184 10000.0 0.05726359525520264 0.04258945409072922 0.03170384517529937 0.06452854052817156 0.026458115064428946 0.03765738160025726 0.03626043698632348 0.07420656794233635 0.0572846890607525 0.04929785181547716 0.0736199208916925 0.08499373434726032 0.07453269022336337 0.033083995255143626 0.08070191078518524 0.01136774216428962 0.07768380687340477 0.052539029679290174 0.04583563549502879 0.08287188508593862 0.02363405450301577 0.0873702968912368 0.06022750256136738 0.059358022744852246 0.07926874028789886 0.08311886792659437 0.06373662374926314 0.07613773473356601 0.051428238296768555 0.10150574057186003 0.0552936571630825 0.07444815602211913 0.11181276190977034 0.09613207406007984 0.005948063886478831 0.11123794689473271 0.0464851041826474 0.035603118547319644 0.064118189870712 0.0023941634798522525 0.08510562298866842 0.05493786962593978 0.003427304010579268 0.06851823170295387 0.08761451404871325 0.09520633047588707 0.11462055511637236 0.06837694677095175 0.039994443438336344 0.11096825847810801
 0.07880345253141055 0.005554126339496572 0.04462127713883484 0.0271775123899114 0.03947143551744347 0.028536341515541987 0.07532682024586769 0.06624954524651402 0.09693935914344218 0.006510827745561592 0.020205193439604585 0.07356845583429364 0.030775231381746402 0.0624066400537598 0.03421887234939454 0.05459581695023325 0.08856300830513149 0.088996430380218 0.04790403570452504 0.011961100488171561 0.07355670816387995 0.07156116599148955 0.05726359525520264 10000.0 0.014867089501376005 0.0644906063479927 0.009798255669825439 0.03857421275087217 0.052564836064665846 0.07420259719272547 0.02106989659683269 0.007924068832450034 0.010766118425939464 0.03409497376450819 0.03691057217981479 0.0637969343181635 0.0469829028733006 0.02527779370258628 0.046672071127310664 0.031465240910347726 0.007129146991138185 0.02370300249806601 0.05983903232540857 0.06606404400520205 0.10800574637639034 0.0030130553879603567 0.02836053490067669 0.09380986611827986 0.10185822912968083 0.05024212468191915 0.08188503496694917 0.016992226811962264 0.07055006193198708 0.059581744781946826 0.022549595452349604 0.08496427858633082 0.06888201841355807 0.061701424340422355 0.08971714155671426 0.05127927107591068 0.026652972372235597 0.008453788320720482 0.05569436296236463 0.030647068220012213 0.02574129013724531 0.0545054539218958 0.08016363082243845 0.0934328386884226 0.05921813630673086 0.08774874047697333 0.045264623784567276 0.03345231793206723 0.08703677348646373
 0.06683793911038505 0.009561023079859225 0.03254239203450725 0.04140336880905122 0.02487470407471435 0.030722726890929558 0.06104984195625094 0.06574182234455685 0.08984427383946886 0.02024178489109871 0.029896763649923712 0.07603492623767846 0.01743225991975447 0.0528060209973033 0.03357230324470173 0.04093885454312695 0.08813103349956326 0.08671989668501928 0.034273116566623574 0.026582827523574805 0.06563662824812494 0.061705633459279825 0.04258945409072922 0.014867089501376005 10000.0 0.050946430072367654 0.022162327639061324 0.02452036812920474 0.040700840182160726 0.06050304602601124 0.0326365283387299 0.01535410727812316 0.007828018999667345 0.0387190178458002 0.04612078651256127 0.05979290865077989 0.03445863496951602 0.03848391898382255 0.03232083429706414 0.039397329007233514 0.012100633260814465 0.0161417671222833 0.05964425550501326 0.051655785943201575 0.09822333834255949 0.01787742001427019 0.027682855255057863 0.08488746826388047 0.09230162047044464 0.045831223839617845 0.0744841932719823 0.014520953273133168 0.0737815294716446 0.05095886296505149 0.03335634251616645 0.08725236416355237 0.07070112769158493 0.04724480120136702 0.0903970311209732 0.04152598495823417 0.013486113706751554 0.021599065173142144 0.0411217167487124 0.04328929618743197 0.023356752798687753 0.03995049489469606 0.07129069526661685 0.0865160673147865 0.06390633762110148 0.09012868824630015 0.04378650870221003 0.0229443485717139 0.08841518126611624
 0.020305168867766753 0.06003415553320314 0.021291534651780693 0.08651436981714092 0.02743479128385622 0.05713914983314901 0.01372731659434572 0.06550937539865734 0.05875598474653406 0.07066347230166256 0.06912894038340853 0.08187629883704135 0.033762144142207635 0.02524232049040102 0.05197223946662211 0.010015637010519787 0.08153577474808366 0.07408420310841504 0.016677007431212577 0.07438452547027946 0.03824364850062743 0.027301735995703836 0.03170384517529937 0.0644906063479927 0.050946430072367654 10000.0 0.06772858293820609 0.026515530206437626 0.01591746209352405 0.009780105765070284 0.07384529137325443 0.06051092198339819 0.05388652008543239 0.06472591959480682 0.07875736053381695 0.050500004369264946 0.018391165060841964 0.08144174764293031 0.036699894441310416 0.07171299350422634 0.06304621147273562 0.043140910964910274 0.06289293760421348 0.010232611921525556 0.055965148933168944 0.06734997392327312 0.051416921605470914 0.04762978212276088 0.0514901262837737 0.044055805698718836 0.04597550292126559 0.050935483374091525 0.08257934050735724 0.029373783141387284 0.07307931938055977 0.08986094538415278 0.07606113404692738 0.036197929075 0.08705157491999854 0.02470790888937941 0.03788136639540929 0.0681545073562755 0.03347179719220895 0.08414141446688442 0.048647812644800045 0.033712466858090366 0.037598112694070936 0.05679014016907304 0.07978782523901023 0.09244329277883068 0.05217458032001116 0.03294204654945064 0.08780618711584723
 0.08002525341657267 0.01451529605426955 0.046845414102216446 0.01961092664583952 0.04491861464241457 0.022374865518002166 0.0795431386408567 0.059739507916091734 0.09389896747381174 0.012155294923146893 0.010725495111386214 0.06555034362100774 0.034995445581341905 0.0618716675601524 0.02919227402342176 0.05817865858335779 0.08169470291866551 0.08307728233824167 0.0516298503786696 0.007321014436975995 0.07146920787606277 0.07101080039326034 0.06452854052817156 0.009798255669825439 0.022162327639061324 0.06772858293820609 10000.0 0.04316483566398369 0.05427807750000472 0.0775079293946621 0.01129661118299016 0.007473701344072122 0.015313566484025785 0.026091007846161716 0.02721179937272263 0.05932831426409462 0.04953100874768415 0.016328866041487068 0.05447069383694125 0.022167205033024627 0.016927288437580512 0.02476984912152986 0.053307769008922055 0.07063648557757782 0.10689358401114474 0.008487584281412325 0.024048208131757398 0.09215450313433234 0.10061875059921384 0.04649974688940637 0.07926894952406305 0.016948425466754454 0.06225635568577733 0.0583744202759145 0.012760422178914512 0.0769092700007825 0.06120223136844594 0.06934257119124271 0.082312881172805 0.051245156887007134 0.031074541143169186 0.001755258533337688 0.06316262843843994 0.02132436215954948 0.022999528178475715 0.06200667087031377 0.07866774036079018 0.09031080029491968 0.05051076384447585 0.07963466303553426 0.03996872304196508 0.03511762762243328 0.07934614185450369
