NAME :TPP_input_23_4_1
NUM_VERTICES
89
NUM_CLUSTERS
23
Full Matrix
 10000.0 0.02472587867858903 0.06651208820985105 0.015383246930550409 0.02770092073186921 0.0710626421122754 0.033741880813198635 0.030081409013324026 0.06279368306082762 0.07102805551546149 0.022524304641484128 0.09227816275225999 0.06119870107957694 0.06771510838653501 0.07420831041851438 0.09642240154032784 0.0510501660846722 0.053102213937851785 0.06804142472765279 0.04843046792165715 0.06312231498706618 0.06517047659814013 0.04452165333516486 0.07332256769250033 0.0722527952255658 0.05632309825762263 0.08600989361097452 0.07352168112175093 0.03193863319017533 0.055110204891345965 0.015327291848369283 0.02324370372893993 0.04941600480515455 0.016774158495162318 0.016201438011275743 0.06275004755158033 0.07298512107753223 0.10153239086251854 0.009746587613224654 0.08274022222798717 0.07064364421289425 0.01907074988985561 0.07405568403788043 0.04258826449956289 0.03758727844168946 0.05912432628790613 0.07943876756977072 0.10545321062334212 0.06740508321862045 0.04670037474761985 0.07353487777624931 0.04963214725813058 0.08684837831848138 0.015116907218098385 0.08000599661264007 0.0357217578348323 0.06160912319225446 0.09369470561112946 0.043323158576293964 0.03475983461903377 0.07636405600894464 0.04475691213415749 0.02198182207994249 0.05049579964670934 0.05913916570570209 0.02558700655128576 0.08726918761402001 0.03383202942035002 0.04395556831358264 0.06373512893430792 0.07047508889499969 0.04479832477408942 0.05005270417924803 0.040272508446009055 0.013519587368501462 0.03224842339274954 0.0203714959941493 0.06465368257179777 0.03060936266293224 0.07923746119652587 0.07015586174710724 0.038313422149451895 0.04768089484581666 0.06822101970042273 0.026966898110623645 0.027778823470039883 0.029768864439398055 0.04705639500411331 0.00545196087172122
 0.02472587867858903 10000.0 0.04191769997955377 0.017274306500997372 0.04115929815249988 0.0656934835097073 0.009018519395593932 0.03241212832478384 0.046440222544502176 0.04749835974949736 0.010494250591500142 0.0811675502695908 0.03771215867001588 0.04571421108069648 0.07797589658411627 0.08260210416862367 0.026329351251607853 0.034620650220764486 0.04587507719322573 0.02370575912547837 0.06411459030187022 0.07634617893274438 0.02462625415776433 0.06601397937370372 0.0742553164682817 0.03159722985531648 0.062345848991744716 0.06662498088731443 0.04151579057091761 0.04309434045985303 0.027178353669150834 0.03451337048058574 0.03459344247184732 0.033442541665236386 0.028994001428652365 0.07823374409551465 0.07980772528401942 0.09213830206999354 0.0337230004293607 0.058126198275623736 0.05853187271322383 0.03750149627203703 0.06504178172877313 0.03527660525678434 0.01913412951816418 0.038548336535953125 0.07038509887820688 0.09487050346586093 0.07637257670902793 0.038836144661541824 0.08048389389120782 0.02491264940560044 0.06291079593851556 0.03391075933754647 0.06917280090274336 0.011781729100983828 0.03946851306441663 0.08566123101601333 0.041038150077521 0.028845664538078936 0.0745404479667221 0.037635692415112734 0.03998524644937965 0.025979399862132355 0.034835162726833485 0.019656589424089266 0.0637243019604131 0.04095863143466039 0.04779479418849027 0.06268025125783695 0.04575073148169898 0.042298127908895124 0.025613764306958782 0.028758483438087287 0.031452821912616384 0.02464419758887045 0.008978216812632132 0.04276217491605407 0.04207167687193331 0.07191599011921661 0.06786836295990126 0.018691450147477882 0.026973522666621782 0.05019051438157028 0.02044775544500775 0.0037963740490272423 0.0050433719509653955 0.040875319331688156 0.02728314199817643
 0.06651208820985105 0.04191769997955377 10000.0 0.05541984378647837 0.07578661215331632 0.07177986380236193 0.032959390598476156 0.06139656696892014 0.038791811658493304 0.012616614733542843 0.04607898346019411 0.07279954969337767 0.011797840642450565 0.02012364458774296 0.0949842300292817 0.0681875715717993 0.01644922985327262 0.030888692762028602 0.019411092778415153 0.01857599973203581 0.08018537434931747 0.10293847904070527 0.029499551146120292 0.06869220199914343 0.08949474781925576 0.011334471067488094 0.023234460749424486 0.06984783972934824 0.07310408342740538 0.046976069642365066 0.06484794144844865 0.07295685731005311 0.0392289983673936 0.07406575964744627 0.0664929694853984 0.10948276771800056 0.10059067314965216 0.0851466957463767 0.07564070011911025 0.016228898103318467 0.054588202719818645 0.07589103917812767 0.06492017889252466 0.05185318218919438 0.03473788661354942 0.02464985885855893 0.06863749080967357 0.08511650173324883 0.10033590051322615 0.052347092385443404 0.10133306392991007 0.017297170711674893 0.022700679912246915 0.07303456968900937 0.06429702218490625 0.0326663071799762 0.01853263223427475 0.0823845322564428 0.06089549552754299 0.0517220408338533 0.08409136950484887 0.052969416266265085 0.07776373811576327 0.016029866975279333 0.008267036703692662 0.0502012451646064 0.024944083566774602 0.07064634181026688 0.07201892142511956 0.07626306476244628 0.006371850542660615 0.06128762328712046 0.019784775860500196 0.04433590938629314 0.07259740027821171 0.04898806352534673 0.04878109608805381 0.01990948819713715 0.07500662080041313 0.07295257714253231 0.07826293493737362 0.03292411505738112 0.026541793865271758 0.03583510168984686 0.04971054725077162 0.03939879582743157 0.03691315990168025 0.055657452694768676 0.06917531138201713
 0.015383246930550409 0.017274306500997372 0.05541984378647837 10000.0 0.023923397083623416 0.057317363798970386 0.02489705918960935 0.01801346199944166 0.04746742309771111 0.05808963847564014 0.00934346933950591 0.07732857947923348 0.048419791365124705 0.053741210427906354 0.06440485352706754 0.08113724828372773 0.04152002710004253 0.03818726485598298 0.05415184120936594 0.03871235330857334 0.051735979965679565 0.05998286512353957 0.03029567779094161 0.059051012602313116 0.061508858090693334 0.04643443683697179 0.07301006915218622 0.059362050642804066 0.024897667421216407 0.03981348498016703 0.010022825802092369 0.03590020005478489 0.03406718630905664 0.031029140035397893 0.01182668131736928 0.0610710621251087 0.06492945895606489 0.08696594069910958 0.024864203728916432 0.07147813104807706 0.05543903165978765 0.020819350535831636 0.05938716462930772 0.027740192774328494 0.023297643148981632 0.04468641663647571 0.06480845705687825 0.09065557518900572 0.06067104740774079 0.03185451732575797 0.06556366656859537 0.03974811547348654 0.07415924387560219 0.01766152664310773 0.06503736285249856 0.02888947546722513 0.047828327897651804 0.0794103304778084 0.02996513718439534 0.01989470548842316 0.0639579438283833 0.030013029024594542 0.023070824899523817 0.03960977443108679 0.047489919846944874 0.010232530829238931 0.07413484040655774 0.025042991421291416 0.03352495651754007 0.05144608833881297 0.06019561846057387 0.031419247421620604 0.04185025826772109 0.024896095107150365 0.027967776516313006 0.01699362913196209 0.01938536302565951 0.05067644861754444 0.025082883832917416 0.06502392074565204 0.05747784530337995 0.024383973602406465 0.033630669410848746 0.053042220150111646 0.011620766292110549 0.021070201156034342 0.021439832896775937 0.03260124538396819 0.02049186854096968
 0.02770092073186921 0.04115929815249988 0.07578661215331632 0.023923397083623416 10000.0 0.05123553489539145 0.04819544946044477 0.015877118270185075 0.05637003456798846 0.07569140265397346 0.03192904609072987 0.07617795804841243 0.06680123377572615 0.06922548509715519 0.047784876316531076 0.08304891264791164 0.06375370719247311 0.051534704916421245 0.06984116258720524 0.06093271629621247 0.038924157251784934 0.03759930353683374 0.047206368916153096 0.055069104179222374 0.046796085248958216 0.0682345795330826 0.08991701928779752 0.05485169542535314 0.006683034552215859 0.04502654843821449 0.014562031947601261 0.05049578117037287 0.04422497221624238 0.04313648751871213 0.012871071982102628 0.03718117267994209 0.04556599100098365 0.08314669016112611 0.031411660278376254 0.09115974022792511 0.057787903778452485 0.010268379657796707 0.05741682165229281 0.0313735235234588 0.041132336552852256 0.059385100737932225 0.06227892701885779 0.08802867649119112 0.039721929784127606 0.03444892655134984 0.04608167593589307 0.06181100473637957 0.09162391304074288 0.013201825237010426 0.0646371227056925 0.0526105307484511 0.0642012620979688 0.074474579603936 0.02620516892151035 0.0263896340037291 0.053155272901168525 0.03241371456677839 0.00840141561447283 0.06086909284396927 0.06754275059232742 0.025639112524937554 0.09072910698286289 0.010495516544301876 0.020331321313520685 0.04102073962223937 0.0812341805963107 0.027356556519032876 0.0648081637171475 0.03484814655325887 0.03996177673313266 0.027609559646740136 0.04248038427005738 0.06634502173108087 0.0038242699477207334 0.06041176716501136 0.047786053108296936 0.04288330323510006 0.05059203812736869 0.06319602536592514 0.026076114484600024 0.044953748519859935 0.04505035033701145 0.032818104621792 0.03227911375500586
 0.0710626421122754 0.0656934835097073 0.07177986380236193 0.057317363798970386 0.05123553489539145 10000.0 0.06572275665480255 0.041125779677338166 0.03339787209155618 0.0633612362439616 0.05650001318060709 0.026525937790106282 0.0600027790229136 0.05384756690017687 0.027792941939695018 0.03605258707109368 0.07053697738610396 0.04174060134248091 0.05471176739808747 0.06867683736756619 0.017709675048898775 0.046960289839441706 0.04825123014629786 0.0057466462678631945 0.021720559748691387 0.0717768754730692 0.07160542544390912 0.004734128004076226 0.04455525531096171 0.025744156961852033 0.05634183704749047 0.09318585973888582 0.03507196900251781 0.08774327826120623 0.056129655796493955 0.060109134420757236 0.03656902025509094 0.03192910696694969 0.07869278446173218 0.08088435666937659 0.019738866991410926 0.06051091840531652 0.010679267895899004 0.030562655412614607 0.049065969098566156 0.04713078028053782 0.012959735112167326 0.03701523318923097 0.04092199282308824 0.026858997680971924 0.037214121318516695 0.06861223513995265 0.07446948608590435 0.06175471433054455 0.01783821419846107 0.07118676652369427 0.05334547146125403 0.023261953751495305 0.02774320130639712 0.0378938906159759 0.012643305627860452 0.02817246647862134 0.05942449888822392 0.06516505126002307 0.06531667056236423 0.04818492318124617 0.07137650887319125 0.040880711085510404 0.031095416423937965 0.012706994821832265 0.07809411152747475 0.02626961342394576 0.07456813314079754 0.03714844810587436 0.0845290655765666 0.04171711762880128 0.07311191732672351 0.05271820688169916 0.047491014582535324 0.009365877164697634 0.008687057568256914 0.050620091337763955 0.04921673465234558 0.03846683868032439 0.04692792908658247 0.06803762840371673 0.06562783892319926 0.0250924381375123 0.07651460292143636
 0.033741880813198635 0.009018519395593932 0.032959390598476156 0.02489705918960935 0.04819544946044477 0.06572275665480255 10000.0 0.03733188847998004 0.04230561112564551 0.03917442620120785 0.016272226140841856 0.07843226150449846 0.029529627511630685 0.03836111238181211 0.08097278333325707 0.07866807946260551 0.017332156393911863 0.029963324175830655 0.03841666153306713 0.014688605238669664 0.06655758641207292 0.08172316728051325 0.019988932919776523 0.06525478527375114 0.07674135664181723 0.022583102814127134 0.05385800916013706 0.06601325726668983 0.04762793127718006 0.04135762780419968 0.03491436700162784 0.041764770953054156 0.03210820505899669 0.041663664183253624 0.03671012682988621 0.0848158596993454 0.08377062481442803 0.08992297118220827 0.042704312707504466 0.04914709778478552 0.05596671487310409 0.04563241830059429 0.0636066570943001 0.03638059535772017 0.016741372939883446 0.0323176233274062 0.06877144102289637 0.09212486877294072 0.08108172925094556 0.03934340530121722 0.08447371723216912 0.015894271018331574 0.05427476564424604 0.042228924938682334 0.0668354317369448 0.005562065854037091 0.03217444864708297 0.0841126243582237 0.043567156808310754 0.03138464255493839 0.07565204386697785 0.03857495365445084 0.04795958390661394 0.017124241523051427 0.02609302052052343 0.024158607869268368 0.05529468809654618 0.04646891083336012 0.05191616211318118 0.0644484609650389 0.036733286951812764 0.044646349768943404 0.016993669530652268 0.028762818045189126 0.03992502563209916 0.027234271931417576 0.016322443275720265 0.03554419731748181 0.048610074187089514 0.07097328339310058 0.06900424122395668 0.015427482062641374 0.021414799608891255 0.04500192959765599 0.024493623196410286 0.006614159755406177 0.003976272302978222 0.04191097515022719 0.03621708311102997
 0.030081409013324026 0.03241212832478384 0.06139656696892014 0.01801346199944166 0.015877118270185075 0.041125779677338166 0.03733188847998004 10000.0 0.04067892657876195 0.06030921535361279 0.021952181410545963 0.06381032556163417 0.051741083734434416 0.053512071593185016 0.04644748549553975 0.06947331371530047 0.05091139997423901 0.035735245711620386 0.054150628653813454 0.048160121808880664 0.033788424298899576 0.04439139377319273 0.032168290088535466 0.043793316221931784 0.04349956762423134 0.05490113378936198 0.07430371883575385 0.04387106445071606 0.011757303449341195 0.02977684636717118 0.01522889547182145 0.052797180526701126 0.028350842942024796 0.04684565463911222 0.015159198318593666 0.04847097430386348 0.047492107582976124 0.07219180965753438 0.037597531173493556 0.07629503952283737 0.04368954814563558 0.021536338943927764 0.045135674524682375 0.01593382790063942 0.02674800253754411 0.04364963519621673 0.050372967772350376 0.07649907538854364 0.043995846263701704 0.019463910565050136 0.04815579107433085 0.0488660945556803 0.0761068395292156 0.021576382682857973 0.0517625763589964 0.04248244341803931 0.048670925890346245 0.06404798408725983 0.013456519097074161 0.010552940587692317 0.046446872529844724 0.017363270344726366 0.021620627989618557 0.047320178052750135 0.05313319379051645 0.013177899370063055 0.07506263914418725 0.009416005484057707 0.015641157843900168 0.03383490604510177 0.06714378480414783 0.014910090815039453 0.05275731032624965 0.019018188574059954 0.04359868844290826 0.012422323718258065 0.0368863942402789 0.050677022315110024 0.014005960752069023 0.04959820250069674 0.04013482959110965 0.028654040594122816 0.03545365989041125 0.04742476469598624 0.012906776823598727 0.035941813174440986 0.035020932874472735 0.018576592337925923 0.03552050099940602
 0.06279368306082762 0.046440222544502176 0.038791811658493304 0.04746742309771111 0.05637003456798846 0.03339787209155618 0.04230561112564551 0.04067892657876195 10000.0 0.029984605138271028 0.041349344803330926 0.03689123559040738 0.027191617779099952 0.020494936037118078 0.05876766846345974 0.03637538978925503 0.040724119172328245 0.012403342790149758 0.02135977754208794 0.039572162733632774 0.044721534152365315 0.07164585682685268 0.022331421488199006 0.029940067961096183 0.052884993424480914 0.040626326730432274 0.03956614481553908 0.031118418840734727 0.050983152756485794 0.012369130255464518 0.05249891910532075 0.08009163735779957 0.013420759999288302 0.0771691606067951 0.05337230656275127 0.0815135157302174 0.06582111389507694 0.04894401376104859 0.07232939061405586 0.047594327502585417 0.016006726304616376 0.06163654078217768 0.026149781972008387 0.02504319935054088 0.027362683587194524 0.014427875115956005 0.030133040271959326 0.05038386229084417 0.0674477811665003 0.022546542411965975 0.0665499944102655 0.039119547004292134 0.04219928132689726 0.060678073707248786 0.026445191096987678 0.04685049402889684 0.02026100176570158 0.044651207472251465 0.03222606456905308 0.030729438237273594 0.04595897132553325 0.02436423411729339 0.062136821657676346 0.03524718178110029 0.0331286467763662 0.03748342126996246 0.03967063492421693 0.04729728045397506 0.043407698130721734 0.040032420941388445 0.0450074616957954 0.03176209083255723 0.04535107160552191 0.023056524442359144 0.07443387359206893 0.03147016020591476 0.055348339439940136 0.01934128185172515 0.053836633951742326 0.03419706010589867 0.04064266069164069 0.02777866247861704 0.021219390711878585 0.007056266721353195 0.036167334308415615 0.04713405902543086 0.044011634064849044 0.025150337964413575 0.06765492518263302
 0.07102805551546149 0.04749835974949736 0.012616614733542843 0.05808963847564014 0.07569140265397346 0.0633612362439616 0.03917442620120785 0.06030921535361279 0.029984605138271028 10000.0 0.04906244101675546 0.061398963336141685 0.00983817433834614 0.00952392405272758 0.08833539106650952 0.05606608392445249 0.025650391755603488 0.025699567384194336 0.008662948475806662 0.02681111846522457 0.07388760288155032 0.09887625852649465 0.02860909687776689 0.05963381096457886 0.08257038341169093 0.02168995226067674 0.014985686783674236 0.06085402164577481 0.0720107960818754 0.0402646945606401 0.06663482658131918 0.0807626521585593 0.03434409864984467 0.08080115254741803 0.06810700119808064 0.10689098236502954 0.09481333971691107 0.07368801060207253 0.08058388438011065 0.017723110933174045 0.04490075937152839 0.07748540753234559 0.05542950175096895 0.04815893660801215 0.03523988132474756 0.01785083200371805 0.05860352872892423 0.07328193819298401 0.09551466433538477 0.047671590327799176 0.09555245612113444 0.025601589994554197 0.01611092247319657 0.07513829717753903 0.05381976017157039 0.04048557297240502 0.01183985442577184 0.07158702584538935 0.05705625453490418 0.04993637369566348 0.07594150438054756 0.0487442561335612 0.078973482136076 0.022659520196512732 0.013926908583592945 0.050973754286439445 0.01626100222702359 0.0690503230488654 0.06857143761058077 0.06950054019006859 0.017264532321135468 0.05715342368875929 0.030020115601528785 0.04172126821532278 0.07893653325035607 0.04809839364250077 0.05549679957081451 0.010969692958861181 0.07429672672153792 0.06331969367411917 0.07057431821342525 0.03384766863642973 0.02517656735751248 0.025506120052982622 0.0501745216649043 0.04578018796159145 0.042836660113999975 0.050917935962902054 0.07443980481483353
 0.022524304641484128 0.010494250591500142 0.04607898346019411 0.00934346933950591 0.03192904609072987 0.05650001318060709 0.016272226140841856 0.021952181410545963 0.041349344803330926 0.04906244101675546 10000.0 0.07391011667390514 0.0393183145990632 0.04524369342131438 0.06755904932901334 0.0765118704989703 0.03233418964399717 0.030840313770060666 0.04559443011821094 0.029514230452468124 0.05384703960123592 0.06608066130804585 0.021998428429535505 0.057332705855010095 0.06395048332041563 0.037167814879990546 0.06402778346787592 0.057835147479352436 0.031525162704690454 0.03567680888695913 0.0190638344062515 0.03904275303735077 0.028347253025865753 0.03582528566514667 0.020807883169519484 0.06860622621436226 0.06931377237014033 0.08433677672194638 0.032268520435993854 0.06215326085604086 0.05144363677960677 0.030042696101393356 0.056874097109509636 0.025941816758540234 0.015089442546472388 0.036607882250900545 0.06229165782069893 0.08750626588820741 0.06594152197393464 0.02978285235571534 0.06999035329670826 0.03051489819014367 0.06507698081637928 0.026993229383171728 0.06169968034776289 0.020928793346137915 0.03918810542653884 0.0773774946930749 0.03087464703641766 0.018896612805472064 0.06471781083949454 0.02833372816181927 0.032158648969820396 0.030273759572348017 0.03817261838780073 0.009209302314882638 0.06520505388448458 0.030679236085858506 0.03730074233282947 0.052642470599668034 0.05086680977455722 0.03218864805543587 0.03296716182139955 0.020593605671186562 0.033140523403959184 0.014835924072923916 0.01662458313285123 0.042177907070252076 0.032377257907354025 0.06330314597449718 0.05806887332699103 0.015798147842396342 0.02516765511788894 0.04624506533858608 0.01011197848883476 0.013992002828310287 0.013339150598545896 0.031432756435600236 0.026805550511406873
 0.09227816275225999 0.0811675502695908 0.07279954969337767 0.07732857947923348 0.07617795804841243 0.026525937790106282 0.07843226150449846 0.06381032556163417 0.03689123559040738 0.061398963336141685 0.07391011667390514 10000.0 0.06223028087027776 0.05269199808533673 0.050624243886089285 0.011508222210031801 0.07742549019686876 0.04911778789462442 0.053434223919509576 0.07640857514591169 0.04392457646721068 0.0724243368116789 0.05858232287674281 0.021512030051029352 0.045148892125441834 0.07680689950901351 0.06405817433213161 0.022054648663723954 0.06954572130749645 0.03826002860702025 0.07873926127371723 0.11269555888460023 0.04663676913235794 0.10835440992328156 0.07890626168645998 0.086123650334947 0.06019721728143354 0.012351784704559646 0.10086953003199607 0.07670299930591962 0.022635946762793457 0.08469550407344364 0.018791339795011998 0.04969098068369957 0.06229236717056082 0.05051159999137086 0.01400104336152604 0.013715152084142349 0.06591355680223437 0.04557779295566893 0.06072697540134401 0.07590342327635151 0.06715019906034592 0.08531028134100792 0.012291927539946691 0.0833009986529608 0.055226730519568085 0.012258065958467516 0.050638161085373085 0.05753195381220123 0.033494182487898 0.04753515810299051 0.08401606387066063 0.07199071059521989 0.06872476237426065 0.06725342378306651 0.06319343118127725 0.06568245773530826 0.056711441460383025 0.039157739151972785 0.07842469361764474 0.04929136095032858 0.08212965648294047 0.05333002607286954 0.10529153313417523 0.06040807196867456 0.08968265279445559 0.05308357588235413 0.07258580584640661 0.01746819807072142 0.03382550173594574 0.0632078908434613 0.05795101564856521 0.03730033408533115 0.0658705557998345 0.08253538308462562 0.07959120422191503 0.04546016577367593 0.09763071893686831
 0.06119870107957694 0.03771215867001588 0.011797840642450565 0.048419791365124705 0.06680123377572615 0.0600027790229136 0.029529627511630685 0.051741083734434416 0.027191617779099952 0.00983817433834614 0.0393183145990632 0.06223028087027776 10000.0 0.010865110821728639 0.08330224639711788 0.05862250615628829 0.017767105802897577 0.019236683522808787 0.010493184219662829 0.01825856825951213 0.06854598939590878 0.09197878579955591 0.0196123347976391 0.05700234906130957 0.07776852948756673 0.015233254170060162 0.024811605081493195 0.05814414962393064 0.0634964947234878 0.03521103885175436 0.05716336318405413 0.07124560620227643 0.027740880514374053 0.07107389578748828 0.05868070979538339 0.09916904599358262 0.08909041521853345 0.07457006447842114 0.07074679911595158 0.024609471269027714 0.04311767532805809 0.06809020775684431 0.05334011929678543 0.04086107997720596 0.025889555197548604 0.012893573026776812 0.05722529348104621 0.07497439205195452 0.08910563214624749 0.04101777818194286 0.08983290529360946 0.017180904890550183 0.025758669149628922 0.06562049520981722 0.053112067853246014 0.03125263091260158 0.007058337593729048 0.0713007997015965 0.04990060421489186 0.04161375214514596 0.07229555782778599 0.04179014645117987 0.0696820162628956 0.013697084091941312 0.006678908677959192 0.04169146167828219 0.026098440142244828 0.060745312860901755 0.06122795784669083 0.06454445825782444 0.01815433789266301 0.0501852941848869 0.02253991759120308 0.033743138481621665 0.06916292424270999 0.03936871142066397 0.0458327962568445 0.009345413989957332 0.06563355809758996 0.06138860855901229 0.06646874636095938 0.02436643986546862 0.01628742459827147 0.024941961242678896 0.04097855272651585 0.036110178808060694 0.03311322235342006 0.04432681899125166 0.06460371668036241
 0.06771510838653501 0.04571421108069648 0.02012364458774296 0.053741210427906354 0.06922548509715519 0.05384756690017687 0.03836111238181211 0.053512071593185016 0.020494936037118078 0.00952392405272758 0.04524369342131438 0.05269199808533673 0.010865110821728639 10000.0 0.07903679882987633 0.048254639377713515 0.02854709797005488 0.017884044554485747 0.0008648992370139777 0.02878946402335093 0.06470618990470235 0.09032160112600704 0.023449011854569813 0.05011445344027128 0.07322613080572837 0.026046876141918637 0.020925052508211098 0.05133280515857922 0.0650282018909611 0.031184190127999303 0.06148398279636471 0.07999778618545929 0.02620043526881048 0.07909222947502277 0.06281444097784127 0.09890749596513683 0.08571267445829482 0.06503469033194409 0.07743277235357247 0.027106904826635123 0.035423926921523186 0.07202871716358254 0.04594048900976966 0.04021630066350951 0.030443574410071846 0.009869184191843164 0.04921639909510864 0.06501680504799508 0.0867022477622994 0.039275212754327896 0.08644923704854773 0.027796410385114025 0.02304222366454365 0.07004818716507677 0.044564016328016334 0.040920949810285386 0.006245703018918008 0.062494664008580815 0.04889054459440782 0.04297599289049413 0.06643780427153753 0.04053380408238026 0.07325292689998247 0.024088128170029092 0.017454588745404422 0.045559221628236696 0.021573894157977627 0.061834350386759995 0.06044999604214176 0.06022003484841627 0.02578953745019826 0.048853986737440847 0.03335880040591125 0.034545517897826034 0.0769234099839858 0.04172519157346825 0.054329609310175206 0.0030678382867329332 0.06749770830882566 0.053857728924369276 0.06112331493450194 0.029464738149456986 0.020123021014085377 0.016104891833946228 0.04458566453822465 0.04472279188798253 0.04156298904368184 0.042441378712225 0.07163732925146096
 0.07420831041851438 0.07797589658411627 0.0949842300292817 0.06440485352706754 0.047784876316531076 0.027792941939695018 0.08097278333325707 0.04644748549553975 0.05876766846345974 0.08833539106650952 0.06755904932901334 0.050624243886089285 0.08330224639711788 0.07903679882987633 10000.0 0.06163038460335064 0.09024771487626022 0.06409677951640239 0.07989335556937328 0.08791493246463686 0.01490451559357002 0.023685569240593854 0.06769105404044268 0.03334379111759759 0.00608807426590727 0.09266548466631691 0.09813080075348334 0.03214294041319706 0.042401780931160815 0.04821455802507803 0.059049150518020586 0.09744689756560602 0.05588002410360574 0.09050304730209374 0.05801689353461068 0.038253117059546975 0.009644135403781158 0.050550495641436544 0.0791422608156213 0.10605815609255531 0.04719793140161732 0.05802607452241783 0.038404346057173924 0.0452780922485566 0.06593058077674553 0.07094314460433684 0.03940318663781913 0.056661576012178874 0.01664282333755174 0.04344201026415274 0.010126776842047276 0.08817826379418046 0.10086443241651499 0.060857281108590754 0.04500617323086 0.08649483414425246 0.07730747601740554 0.04189302282891937 0.037407646177186976 0.04961925916206121 0.017159323762293427 0.04344933376396649 0.05581825818920682 0.0853340466346563 0.08761774930569687 0.05835007139806299 0.09807189067701369 0.040417678424201096 0.030887550329159068 0.01883837835050697 0.10134999956144286 0.03636935085267716 0.09349737869361473 0.05341063927808968 0.08726270756775634 0.05381939617997724 0.0832697343055307 0.07738787613827203 0.04423801091561955 0.03410441779227438 0.019152146276580954 0.06783756504786971 0.06969131460702492 0.0647735158079156 0.05752919649644659 0.08118272604662383 0.07960617329517067 0.0402796750759057 0.0792919159295711
 0.09642240154032784 0.08260210416862367 0.0681875715717993 0.08113724828372773 0.08304891264791164 0.03605258707109368 0.07866807946260551 0.06947331371530047 0.03637538978925503 0.05606608392445249 0.0765118704989703 0.011508222210031801 0.05862250615628829 0.048254639377713515 0.06163038460335064 10000.0 0.07511729530886051 0.04871235308335577 0.048888534309812326 0.0745039228837794 0.053755779659978846 0.08279744204624268 0.05870591582330494 0.030510452916982247 0.055986167924208644 0.07372490446365897 0.056352375861331815 0.031343001212788824 0.07656367392545979 0.04132387604040388 0.08384466635614128 0.11555394517448919 0.04827044481872917 0.11189872271953578 0.08423772871995575 0.09615363276735944 0.0711198285988075 0.020255661055314865 0.10545981833549051 0.06987306826404788 0.025908586979384845 0.09086171124507185 0.026545749667250783 0.054282043250164946 0.06346823091173581 0.048237047443773017 0.02309781189371593 0.01782168753694836 0.07647472311439404 0.05030849767206938 0.07167715582084405 0.07382680844547168 0.059421844902283735 0.09102637451970098 0.01886058108064069 0.0831056384045919 0.05191802540856588 0.0233808452128997 0.05693021581543429 0.06189086940166543 0.044472979674739385 0.052384611320091846 0.09049752172757038 0.06987177010500313 0.06528812777750657 0.07090880980630232 0.055275938148605375 0.07263201966396533 0.06449010059140205 0.048731868215511336 0.07332925455134619 0.05571422845231854 0.07994960458478409 0.05637160319663027 0.1089662735257196 0.06417637240085894 0.09141856123804544 0.04927758250139889 0.07963605687833196 0.027748639941511756 0.04404549991740746 0.06404938932605693 0.05742086449060106 0.034579396417416315 0.06951851472098557 0.08346618653321182 0.08036511193359686 0.05090124683702356 0.10162704404242419
 0.0510501660846722 0.026329351251607853 0.01644922985327262 0.04152002710004253 0.06375370719247311 0.07053697738610396 0.017332156393911863 0.05091139997423901 0.040724119172328245 0.025650391755603488 0.03233418964399717 0.07742549019686876 0.017767105802897577 0.02854709797005488 0.09024771487626022 0.07511729530886051 10000.0 0.02929772522156938 0.028236009259404005 0.0028264204689003266 0.07537631395955897 0.09459594490407912 0.02268333537717964 0.06866634470421555 0.08530486775480316 0.005335689500921379 0.03905867320090832 0.06965878083333407 0.062158455340815925 0.04479626439595884 0.05139416353578588 0.05651136051837567 0.03553751555449328 0.057700978675502376 0.0531420728096888 0.09933977449085575 0.09450078079048055 0.08960308140870754 0.05986773346458434 0.032276096134663215 0.05645031905687026 0.06233269940462898 0.06583619250016587 0.04510832487954536 0.024923745819398383 0.027012055824973374 0.07040048155787008 0.09067057516007945 0.0929897063110117 0.046838226433263935 0.09523196637267042 0.0020946407248406264 0.03890213177973821 0.05911959446664892 0.0671325732333532 0.016271796302186767 0.023495182839923398 0.08528075509748123 0.05368912706369051 0.04263651925458585 0.08196034326073309 0.046816043441500706 0.06449189491934676 0.00549593438264966 0.011779349982216893 0.03836749913947836 0.04067376781512215 0.06032489033892348 0.06378118045926656 0.07226865713065733 0.01947587207034533 0.054433261790331165 0.0048631645474360745 0.0369773903111023 0.05632535863940174 0.03907691471014378 0.03253083966983652 0.026564183049529715 0.06360594011053075 0.07378083248920825 0.07559333120983812 0.02293332858779713 0.02132203028636621 0.04061156101959884 0.03823663467463354 0.02342693198447688 0.021291417737214068 0.04996873231499138 0.053306453813576425
 0.053102213937851785 0.034620650220764486 0.030888692762028602 0.03818726485598298 0.051534704916421245 0.04174060134248091 0.029963324175830655 0.035735245711620386 0.012403342790149758 0.025699567384194336 0.030840313770060666 0.04911778789462442 0.019236683522808787 0.017884044554485747 0.06409677951640239 0.04871235308335577 0.02929772522156938 10000.0 0.018576796393139076 0.027820778415126247 0.049315906472291345 0.07323732550857212 0.01009067943304373 0.039472798732843914 0.05861663995100946 0.03007140708438149 0.038799859493131014 0.04050532308736674 0.04717409621510596 0.016245465711713366 0.044832398074321905 0.06878328336425267 0.008674558225264766 0.06645124848216884 0.046006778496428924 0.08125108839631856 0.06987296570735009 0.06101669761429592 0.06281565744202675 0.043013063597820256 0.027335102610750717 0.05498009242535669 0.03653850361863617 0.022492983972970615 0.015977320973393144 0.008049365456847455 0.04114731260932575 0.06269220210418082 0.07007987609762471 0.022042870360586546 0.07061533960392108 0.027524100684120242 0.04081830909869442 0.05334225751268727 0.0381658173577087 0.03444825695435848 0.013900119059954889 0.05616540650922929 0.031356965582695365 0.025182569465289167 0.053685826771006306 0.023049234054796183 0.05599060680830541 0.023814969807494375 0.023758097617195627 0.028982457364496655 0.039452167310368866 0.043952384692249886 0.042879779188970464 0.04538212760635966 0.03725677658552678 0.03146550853386747 0.03370437321378969 0.016721315141052313 0.06388988710445118 0.02430109589144676 0.04359235143122346 0.015213115278493665 0.049685508468008274 0.04449295601662411 0.0476335516794164 0.015980063271777 0.008841493902463903 0.015620224516110316 0.027844976079488822 0.035016024897555925 0.031846931996418304 0.025323537147308256 0.057617049338842756
 0.06804142472765279 0.04587507719322573 0.019411092778415153 0.05415184120936594 0.06984116258720524 0.05471176739808747 0.03841666153306713 0.054150628653813454 0.02135977754208794 0.008662948475806662 0.04559443011821094 0.053434223919509576 0.010493184219662829 0.0008648992370139777 0.07989335556937328 0.048888534309812326 0.028236009259404005 0.018576796393139076 10000.0 0.028559331627764566 0.06555457122473765 0.09112316741368134 0.02387616006072798 0.050972755660688755 0.07408529712750585 0.025601544754650964 0.020223475239351807 0.05219190589519743 0.06568902384054183 0.03202109290573974 0.06197532918143366 0.08009909443959086 0.026944978674001255 0.07927900547240804 0.06331969962831424 0.09966255538338603 0.08655611265926974 0.06577296255187473 0.07775019448167707 0.02624302083560306 0.03627150043181816 0.07255386431515823 0.04679090549151338 0.040953418646448664 0.030858615243029266 0.010538972253628244 0.05004907632022494 0.06570940724903077 0.08752408018310898 0.040053865348059 0.08729288075297316 0.02754266698057628 0.02229128382413411 0.07053891669783853 0.04537664908842976 0.04086810502148766 0.006456015653252992 0.06328711938698947 0.049652125276679865 0.043622458892978055 0.0673025121338379 0.04129597183976315 0.07380260808296983 0.02388083171488441 0.017011036424221315 0.046061483714174005 0.02091442886695507 0.06251506728714824 0.061211001828174794 0.0610749939259597 0.025018391697561603 0.049627506427077424 0.03302760818597938 0.0352042169031595 0.0771366696835809 0.04231451626811529 0.05444599745968924 0.003527027083680996 0.06814285821952765 0.05470308847431479 0.06198745360942516 0.029835767588327858 0.020521462025041803 0.01693466326981993 0.04510337075468685 0.04481458944741327 0.04166858786940629 0.04322856112058494 0.07191946100195573
 0.04843046792165715 0.02370575912547837 0.01857599973203581 0.03871235330857334 0.06093271629621247 0.06867683736756619 0.014688605238669664 0.048160121808880664 0.039572162733632774 0.02681111846522457 0.029514230452468124 0.07640857514591169 0.01825856825951213 0.02878946402335093 0.08791493246463686 0.0745039228837794 0.0028264204689003266 0.027820778415126247 0.028559331627764566 10000.0 0.07306614418953034 0.09193462183962481 0.020567629440025836 0.06698115993153168 0.08304046035866819 0.00789910592739055 0.04068844165876229 0.06794625761483014 0.059371629375404696 0.04297181845958549 0.04857593213226147 0.05457587658595394 0.03361298035794633 0.05549338970304616 0.05032188219971824 0.09656908818591399 0.09202661420672861 0.0885145469742776 0.05733515777222895 0.03461858683675945 0.055115780615678206 0.059521332848804516 0.06430013722628329 0.04270202867021264 0.022350831511730916 0.02627061841100821 0.06896684211331117 0.08976046026132838 0.0904064686267129 0.04456283970511363 0.09275583821709522 0.001285082325427641 0.04070610318752626 0.056322662292308055 0.06587930242412403 0.014141943820334112 0.023367758127882308 0.08395981935977669 0.05119487966257823 0.0400093807459408 0.07994739793896485 0.04446589320364276 0.06167271400241173 0.004744798878661467 0.01290475835965754 0.035568117962456486 0.04225785307072077 0.05757037066284089 0.06116625141324908 0.07005856598534235 0.022044972814123015 0.051971576849269376 0.005912162578158057 0.034559289471366786 0.05402784724770443 0.03639482573301699 0.030211314142319465 0.026577761157298443 0.060801008360295714 0.07219495390729325 0.0735318084769123 0.02036725823509253 0.019518225872325067 0.03992849682463189 0.0354538905752153 0.020930871067781926 0.018662387513620496 0.047653703688070835 0.0508019408453074
 0.06312231498706618 0.06411459030187022 0.08018537434931747 0.051735979965679565 0.038924157251784934 0.017709675048898775 0.06655758641207292 0.033788424298899576 0.044721534152365315 0.07388760288155032 0.05384703960123592 0.04392457646721068 0.06854598939590878 0.06470618990470235 0.01490451559357002 0.053755779659978846 0.07537631395955897 0.049315906472291345 0.06555457122473765 0.07306614418953034 10000.0 0.029429294361501056 0.05279530729465837 0.023358440234706738 0.010187650902630711 0.07776167332642514 0.08427569725823197 0.022436643756365657 0.032630325912166545 0.033635828641920426 0.047796883914450625 0.08624039731505351 0.04102041562254298 0.07980195071401945 0.04706359700789111 0.042399949461897485 0.021104645377896147 0.04742807727796191 0.06924663613901692 0.09160013232674602 0.034917874531682803 0.049032602790334806 0.027941190506162627 0.03052310713198108 0.05119279656782446 0.05632856632121168 0.030658015811989205 0.05308634398091783 0.023799440975069502 0.028549883531036775 0.021831236555962363 0.07331109789448084 0.08692043711364048 0.05119092478052701 0.0354338131272239 0.07210617829832124 0.06268242052483794 0.03837768100857684 0.023118076606720227 0.03539406857328589 0.014384103287629322 0.028619946711845957 0.04731917584878346 0.07043928414248973 0.07275508202111958 0.04468177504370918 0.08432708963968608 0.029721282599583246 0.01926319302840498 0.005266870585906413 0.08654459199910473 0.021944696704290674 0.0786819490258047 0.03862479738208918 0.07653267434481775 0.03962358610702332 0.06999488945995247 0.06291920830267309 0.03511673883266308 0.0264591784737937 0.010365132278687761 0.053077588424825566 0.054787842424920574 0.05106685464935312 0.04373773931606051 0.0671647479209025 0.06540654451464849 0.025412964387643282 0.06843377087454255
 0.06517047659814013 0.07634617893274438 0.10293847904070527 0.05998286512353957 0.03759930353683374 0.046960289839441706 0.08172316728051325 0.04439139377319273 0.07164585682685268 0.09887625852649465 0.06608066130804585 0.0724243368116789 0.09197878579955591 0.09032160112600704 0.023685569240593854 0.08279744204624268 0.09459594490407912 0.07323732550857212 0.09112316741368134 0.09193462183962481 0.029429294361501056 10000.0 0.07364176033678452 0.05268122260015447 0.027837936511619976 0.09810541635147074 0.1108152991950725 0.05168895127431364 0.035087470557338796 0.059527296352693285 0.05178533189631408 0.08742685128448907 0.06456408957799471 0.07972339518630263 0.05023941534266728 0.014578864284184008 0.01500833004132614 0.0737711234039229 0.06740340427202633 0.11623458418724457 0.06399037897339334 0.04648317638589508 0.05735772864606299 0.051130653248148354 0.06974196673732752 0.0810318528712023 0.05977766309832025 0.079806697875024 0.007052125046917579 0.05120811966340343 0.01495060746073348 0.092511840114998 0.11322525403142525 0.050199385766315184 0.06478365637120921 0.08683968483085691 0.0871328209553332 0.0649083360204781 0.04208313018427716 0.051987553243174105 0.03944264028609841 0.05023440807432818 0.04370142321986891 0.09047401490889329 0.09489744560898103 0.057566202214980176 0.11109551257517893 0.035404059655185845 0.030990167075425283 0.03467893636332159 0.10909073193549709 0.04181430680374822 0.09684996214119602 0.05865273841562571 0.07669674888571094 0.055547159207528146 0.07927650915342807 0.08807995076050693 0.03527961452261172 0.05511142270550807 0.038752410771911924 0.07173165035120542 0.07642015728356219 0.07845891433458738 0.05726613439644959 0.08001121661146408 0.07932788838729361 0.047959447112939285 0.06943292487590051
