NAME :TPP_input_18_4_4
NUM_VERTICES
69
NUM_CLUSTERS
18
Full Matrix
 10000.0 0.0256501659483511 0.048007892489676976 0.07360435052701254 0.050381484261606255 0.03674404739048123 0.04375315762227653 0.03976038640328561 0.06249331271235098 0.02834689122447993 0.043202400888553906 0.05940843907371328 0.02893404746579869 0.07610756302201173 0.07330671557291898 0.03796436034022622 0.012018268672114349 0.09255437217911655 0.07458873607572346 0.0811298855129319 0.04303178103694862 0.04333377240550273 0.03402279339449194 0.03594852589708445 0.07120656678748849 0.041002033583105536 0.051851752661322054 0.047854868527474684 0.032540522849118333 0.015280926084856204 0.031006842576368817 0.07936061077748122 0.07723298817363242 0.05397167790997333 0.041407799956825274 0.03291346350877243 0.0760960920515144 0.07380963515236984 0.052129925886202876 0.07947837119815175 0.01572885675820983 0.07796362627349085 0.04543271425249747 0.05624122041064267 0.05230035137788571 0.028897630490104163 0.07628290345226775 0.0406992066339736 0.10085005101133403 0.022115571117448572 0.03711366378289683 0.07278340375827999 0.009370304853462515 0.0529217064229314 0.037646179416691294 0.06531037086923372 0.05779920084406466 0.050259006472191864 0.0966916736417309 0.0514781158268591 0.01842813724865269 0.05545044400093297 0.04234764667673885 0.04365466229167369 0.074683031080737 0.014528651668619986 0.03689039996880297 0.04625449198310781 0.05576235837865481
 0.0256501659483511 10000.0 0.04989604767423132 0.05079863776161902 0.05577954680860783 0.013848616939169039 0.04510950082070014 0.024359347969655047 0.04018917691189954 0.0038260410209704516 0.02150840251236095 0.051645780079622935 0.05282887055842884 0.07929235675140633 0.07220842181546035 0.02006006157042874 0.023256755269237074 0.08623385381623062 0.057378790626011915 0.08199227650982269 0.04149688413942157 0.018186535362757113 0.044054734896399016 0.04292297913329642 0.06633452065838306 0.04845052610911179 0.033243928486781045 0.061829255959071454 0.01945477939641254 0.04092747169008904 0.022644200215950736 0.08012175332105553 0.07569504122074738 0.02892382056445921 0.02411804129134078 0.043126709375654645 0.050841948061400355 0.07413469323454489 0.05638661190377902 0.06842704620467151 0.03432410949969291 0.06302853426781094 0.06497571362690785 0.06932007200875168 0.044619050349682055 0.02703800405106493 0.06768011788181892 0.02757130447943232 0.09433337745083911 0.006829808928504697 0.011492380316770339 0.05200033076504572 0.01742735365519224 0.0570129946312486 0.020468720845919806 0.04150274512257885 0.07149654267035677 0.051118970949008885 0.0906238286509218 0.05256686938553862 0.024367040180226982 0.06425258836044699 0.0565769404247888 0.019607039491653454 0.07570509077471399 0.01847424139103374 0.028041283002688072 0.026277587008637228 0.06942699577277332
 0.048007892489676976 0.04989604767423132 10000.0 0.06197453422729216 0.008231929957273272 0.04555899946754656 0.004800001620234234 0.03286372630480786 0.05326255226430885 0.048162570447851015 0.04400592499463772 0.020872320124640346 0.04772788550036728 0.029551965793166653 0.025345480051470626 0.06994245057748688 0.05814411980896257 0.046357797561029306 0.047883254294890217 0.033398103173343116 0.009242266481063566 0.06252185199513559 0.08188397292687451 0.08330567383683249 0.02543948019724716 0.01119946352896821 0.039451957526334666 0.02638433179430627 0.0686673838169662 0.05347501565283787 0.07047800326089342 0.03157876257473058 0.02929869616942154 0.058605362062260434 0.035736224175949856 0.08077385027159673 0.075372874627941 0.025869887084870594 0.007276145136194197 0.04005267567694247 0.03543197480081001 0.045597236926024555 0.04038736839262615 0.028984767469651212 0.018290745391659716 0.023024617155515563 0.0339777003517047 0.029010190429017885 0.05444889724527734 0.05390466891796511 0.053903972928819065 0.05532857326118939 0.043435540088550696 0.0076558933565996495 0.036082634870093354 0.06001129802443706 0.03158619877126781 0.0026885877095578887 0.050149524760797044 0.003543743253250173 0.030481106745696027 0.018644123899417605 0.024948236555394583 0.0661433571415266 0.026926378426723473 0.03686946351895939 0.02418097229264586 0.04100991533475256 0.03011725363784803
 0.07360435052701254 0.05079863776161902 0.06197453422729216 10000.0 0.07017792185630659 0.03736130976009111 0.05947864369630692 0.0363169220601181 0.011161137478447082 0.04711120735717256 0.03041015035433542 0.04517485800831302 0.09439357808321049 0.08087195587015877 0.06806501308910687 0.058226109808348456 0.07398576290268011 0.06676656473758799 0.02296014369645539 0.07836199010870015 0.05419842721369941 0.041782041117096644 0.09380180115991153 0.09177652755369867 0.05713788124998784 0.06954502216504226 0.024437614626389662 0.0868336398008523 0.06328863870153972 0.08806742164236953 0.06841656296547857 0.07686040769948348 0.06941156573020232 0.024392303864324574 0.03368625379461826 0.09298067200172286 0.01843526289280565 0.07202076847463824 0.06868663417955397 0.04453587903283028 0.07459812485860186 0.03186604229708174 0.09760962283799117 0.09082623469866873 0.044088932640905194 0.05336440891439689 0.04981852832158199 0.03783921922650186 0.0724502042970187 0.05730667280327469 0.04105119146327629 0.009242341328622818 0.06423537570473616 0.06874243773374443 0.03683716260791571 0.01030571027850183 0.09343414779776539 0.06080177364752298 0.07055568311273622 0.061761386695900054 0.06128914968104968 0.08052302232793235 0.08359232235200652 0.04577816712147681 0.07437102711175039 0.06045985912024701 0.044103448543702746 0.027847530233939637 0.0918388034691594
 0.050381484261606255 0.05577954680860783 0.008231929957273272 0.07017792185630659 10000.0 0.05273791351270623 0.01182416864453345 0.04057979566693783 0.06149063492823016 0.05442011176925469 0.051726240339077065 0.02799838963759182 0.045141352436684726 0.025732010855724984 0.025562883034352377 0.07580797046650993 0.06133479143293608 0.048522069152585945 0.055492698489732005 0.03130266596619074 0.017053156286559068 0.06948915526327548 0.0843888086946688 0.0862424844960492 0.029027583239943384 0.009527510314816925 0.04764747779582742 0.019539569420922706 0.07395695550308112 0.053522448429851203 0.0753094014908656 0.02965143669046148 0.029458243491326516 0.0664813162200769 0.0435272944589559 0.08328094435157252 0.08356999219983005 0.024710298759432932 0.0027144655089076037 0.04569600790609851 0.036229016215664364 0.052561770786288736 0.03459518283707765 0.020991646574554122 0.026322256915034824 0.028771683368242193 0.03892366899677346 0.03684442029688347 0.056224131569397484 0.059150548961778966 0.06078103093466437 0.0634197907992787 0.04718814847578626 0.0034046493629728085 0.04357305323122036 0.0682215342255568 0.023572252297266446 0.00956596103788781 0.05190122540807585 0.008962619841602439 0.03426028648936587 0.010417525361604717 0.019421288890234954 0.07291496478260251 0.02505042537083204 0.041013265748915555 0.03162985821192235 0.04897988269574725 0.022225679977585663
 0.03674404739048123 0.013848616939169039 0.04555899946754656 0.03736130976009111 0.05273791351270623 10000.0 0.04107922939259214 0.014066485814466656 0.026524000910893082 0.010029433257836689 0.00768958977958822 0.04206036218959196 0.06081436776979786 0.07363743887999132 0.06471869018434859 0.028560257213124853 0.036709772264585924 0.07591316157222024 0.04389793954754282 0.07507019064008823 0.036390972658792715 0.017109133205072433 0.057860661705240624 0.056560758514394384 0.05729975782649503 0.04729388621320702 0.01989986847696592 0.06299729441585146 0.03072657471883765 0.05170604847103302 0.03495766842708868 0.07321877155020924 0.06784489370347317 0.017944930536661456 0.012449531263673678 0.05694502767339307 0.03992332392016934 0.0672609978908591 0.05267789218544339 0.056660837320450214 0.041025147568037955 0.05005786404011048 0.06928679759557015 0.0695152904881407 0.03568094804047712 0.02541911699832795 0.056918482092320595 0.018083579000578977 0.08377001463598656 0.02064597391868506 0.009011907866788132 0.038160364312855154 0.027484707236503928 0.053161189623256194 0.010031203260290599 0.02860179643920236 0.07193043656615775 0.04609436721063357 0.08031307256301673 0.04751860679250503 0.02836895453902871 0.0623818242187386 0.05828222303837128 0.021110994797703515 0.06910983859391204 0.025121575052911876 0.02143392537150277 0.012772657361981306 0.06995190672433586
 0.04375315762227653 0.04510950082070014 0.004800001620234234 0.05947864369630692 0.01182416864453345 0.04107922939259214 10000.0 0.028755872785563054 0.05029764028600189 0.0434152908112608 0.03990209051245039 0.021167993604795012 0.04562521101654431 0.03434494195837399 0.02958119721255529 0.06516050181323821 0.05363469239927815 0.049656314354492095 0.046946072464018905 0.03802233351269684 0.00538558059141067 0.05796302309071046 0.07749987961679167 0.07881365921898832 0.028399227382826284 0.01074079636610043 0.036265839727407 0.027619259776779818 0.0638680549940609 0.05003573242920356 0.06569801184146892 0.03618783014176258 0.03349029530350661 0.054673390650186705 0.03170921815909821 0.07639081214334435 0.07212900577097055 0.030398269660694466 0.011606448636068445 0.041361536012962316 0.03186711277553023 0.04556115303710357 0.040451269486038624 0.03142798260106872 0.016992480604497942 0.018225516447533376 0.03591225296358315 0.02504060297694815 0.057853284534766 0.04910798185717326 0.04930768392715211 0.05332444862220805 0.03884253820516645 0.01212349414512383 0.031780601211644076 0.056861642972809705 0.034031126769855195 0.006563797566022645 0.05359233579382188 0.007892073171162837 0.025948920736515203 0.022031159479717562 0.025238049047602948 0.06152045246124745 0.031559466126926145 0.032221319226961594 0.01983574401421858 0.03722319012540122 0.032381500868623125
 0.03976038640328561 0.024359347969655047 0.03286372630480786 0.0363169220601181 0.04057979566693783 0.014066485814466656 0.028755872785563054 10000.0 0.02541611057868501 0.02100711184173789 0.011151050050604055 0.0281019322788868 0.05809623262103591 0.059966184452562486 0.050691888766864104 0.042143718654010946 0.04370134731136396 0.062306485372821956 0.035017438661629985 0.06109906171031775 0.023633582219610535 0.030989309358804687 0.06700672586053737 0.06651911973536516 0.04328172736404317 0.036683495678967455 0.01243113394075986 0.05351343359013307 0.04336197567858138 0.05304743136665519 0.04696039740922713 0.05925488852369023 0.0537861006014989 0.025993678237914007 0.0030887486508793427 0.06599620409148958 0.04504246420410606 0.053318434827121425 0.04012631125111193 0.044071974144666626 0.03839017591997106 0.03943247715970855 0.06233900114057218 0.05907892071360955 0.021615847742683544 0.017270303362761093 0.043506334056796846 0.004087650319493044 0.07029310644218997 0.030774641171318836 0.023071618100180977 0.03362928362357395 0.030706685272885424 0.04051707165794393 0.00413840954444056 0.030610431014279658 0.061611232921437144 0.03301346457773454 0.06670864974917318 0.034390035088298736 0.02515021283894707 0.05069493182113788 0.04943540222884294 0.03513293187055071 0.05521609387014064 0.02549376985443638 0.009220303605270914 0.009264863344771846 0.059750786982345906
 0.06249331271235098 0.04018917691189954 0.05326255226430885 0.011161137478447082 0.06149063492823016 0.026524000910893082 0.05029764028600189 0.02541611057868501 10000.0 0.036433709408971185 0.019346078427049117 0.038741155247414005 0.08338348069716767 0.07482523847754372 0.06271999677741047 0.0495984418244103 0.06323280814531686 0.06523640169228716 0.023446377953153748 0.07332026839047079 0.044928082057678835 0.03336880570236624 0.0837259595196857 0.08196453699019164 0.052375947695097305 0.05993380999708956 0.014184305841650579 0.0772015847593579 0.054044459681528344 0.07691061913543959 0.05900164381927623 0.07168456262473961 0.06461166921483186 0.016592034753605312 0.022674662860879238 0.0828656962190334 0.02247937132433583 0.06640854190339826 0.06025793113100327 0.04311300821512535 0.0635391858383728 0.03200904265506948 0.08730520351269903 0.08171822086331808 0.03618552388462892 0.042616855761348466 0.04689561384930823 0.027299861928582702 0.07181791256494956 0.046835351086594604 0.031152367081672173 0.012694478035009026 0.05312300800864257 0.060405872720601134 0.02571317864822092 0.007203943086530719 0.08431804489171243 0.052402874436237604 0.06933943426997166 0.05349597751324074 0.05022145341139459 0.07190643155670967 0.07366703365850127 0.03771695278080389 0.0686885350885489 0.049298928187623194 0.03362018534401754 0.016722479155400555 0.0826295221616164
 0.02834689122447993 0.0038260410209704516 0.048162570447851015 0.04711120735717256 0.05442011176925469 0.010029433257836689 0.0434152908112608 0.02100711184173789 0.036433709408971185 10000.0 0.017682683033146362 0.04866356890465901 0.05463561253688821 0.07735177114992078 0.06978886551047066 0.022030183367476443 0.02687921106662031 0.0831581078557248 0.0535990979473223 0.07973754144289968 0.03949812702833501 0.016978988741361674 0.047878087396567355 0.04670961814649671 0.06352674196611327 0.047541826480802796 0.029470982490773488 0.061650002363691586 0.02239952120476729 0.04360122287292984 0.025984026557551596 0.07786758860009489 0.07319577630209029 0.025722536966625343 0.020545543206916903 0.046951644145236456 0.04779051977326527 0.07187284227328278 0.05485669984967237 0.06500084437154446 0.035588663169561066 0.05934591825586705 0.06571562432391481 0.06890253209266683 0.04174656370765293 0.025681770764745596 0.06447605368116012 0.024417358931764038 0.0912087273652903 0.010650148161286007 0.009091869422235074 0.048187904149638666 0.019604667646339998 0.05544958362591599 0.017010996561347688 0.03794106006323187 0.07115368452038151 0.04922018036607041 0.08755533773806363 0.05067152739752982 0.024580763402384114 0.06324911197198137 0.05652139495101694 0.019247628838963485 0.07351706602165665 0.019388487648715348 0.025489304044843474 0.022475488567442817 0.06910146804643337
 0.043202400888553906 0.02150840251236095 0.04400592499463772 0.03041015035433542 0.051726240339077065 0.00768958977958822 0.03990209051245039 0.011151050050604055 0.019346078427049117 0.017682683033146362 10000.0 0.037174501115377505 0.06547185357122697 0.07066106954209735 0.06075282722774495 0.03521039869978759 0.04411535344661928 0.07009557230431276 0.036319738688344275 0.07131810388300422 0.034781417311672246 0.021540434656737148 0.06554446148059502 0.06424433504175914 0.052471690261217376 0.04755006166549445 0.012570787551001373 0.06410874974833496 0.038011818046558905 0.05780218474436245 0.042426906482816724 0.06949955693559758 0.06361456261720871 0.015033346827458865 0.00831333784467648 0.06462536994789397 0.035473741295623536 0.06363691779585048 0.051272351792845984 0.05007854065597647 0.04552019530874199 0.04275596530554733 0.07195930995322548 0.06997073410335791 0.03148119804310672 0.026868054187146453 0.05097996314860024 0.015040574185629868 0.07776417428257881 0.028321647480487287 0.015187478715981594 0.030580276675285255 0.03383687452164505 0.05165651545700128 0.008651767036102202 0.022470799052491927 0.07247801742256862 0.04409666101246108 0.07447528524219588 0.04545710747172596 0.03232956676668992 0.061811087527292835 0.05978743617214508 0.026010183820995895 0.06562922810209282 0.03042125865070465 0.020218586339958818 0.005499302701498279 0.07058207722895202
 0.05940843907371328 0.051645780079622935 0.020872320124640346 0.04517485800831302 0.02799838963759182 0.04206036218959196 0.021167993604795012 0.0281019322788868 0.038741155247414005 0.04866356890465901 0.037174501115377505 10000.0 0.06640729020522852 0.03608816687379894 0.02428603348771399 0.07021182025037129 0.06702685012853252 0.0346451702301808 0.02768908670518512 0.034979629048600226 0.018202137869835752 0.058544671920762806 0.09124949408600459 0.0916127014417829 0.015306330584159877 0.03158546393178109 0.02744547678340085 0.0471724595677082 0.07103043227696111 0.06863912704114919 0.07420486601502087 0.033257498359700176 0.026711896407136677 0.04908534920032042 0.029695449097359775 0.09017177814909162 0.061125955338808824 0.027762576873304582 0.025813532764184074 0.020720179646754447 0.05067019086359635 0.02472591752129881 0.06119214622223674 0.0488352971377359 0.007275717470154873 0.030519588191091622 0.01690984028160177 0.024324244541854684 0.04283053119105241 0.05746289154204314 0.05106239440966263 0.03722438473602045 0.0522237547475588 0.025603670662647716 0.03223794784330683 0.045937873635777664 0.05136896695822877 0.018669393511737877 0.039018659820028515 0.019045662265143135 0.04106749062541911 0.03749941099839037 0.045776106462123226 0.0628791905289096 0.030002867646455954 0.04554400430414924 0.024157065697759016 0.03230778254353411 0.050151883925243196
 0.02893404746579869 0.05282887055842884 0.04772788550036728 0.09439357808321049 0.045141352436684726 0.06081436776979786 0.04562521101654431 0.05809623262103591 0.08338348069716767 0.05463561253688821 0.06547185357122697 0.06640729020522852 10000.0 0.06814487748289125 0.07068716365540897 0.06689830486486609 0.03932334877229529 0.09350950637276281 0.08905254731070326 0.07520889025654953 0.04826902070033728 0.07100597230439602 0.053189791067844945 0.05699669577541327 0.07309565066674642 0.036780450264118414 0.07031930446188034 0.03168127907670211 0.06134296885351075 0.017631904683489543 0.05930438246589291 0.07377764537436557 0.07455022107005778 0.07875917519875214 0.06071835419331001 0.05225245989958931 0.10062480698023457 0.06949401963984496 0.047752098434832614 0.08692705952749555 0.019952586369277155 0.08970091219361433 0.02104297250982972 0.03922719109690206 0.060786360839225936 0.04150774237569186 0.08148793941600413 0.05706979712001286 0.1013271789169254 0.05061499537021946 0.06372748111676844 0.09124804996613899 0.0354444936663536 0.048512805363455196 0.057782102056379056 0.08780696760204816 0.039619530532944855 0.05041594371006379 0.09700126559380522 0.051007151043959434 0.03322746503726298 0.04441090832284463 0.027755554417544785 0.07192235554212707 0.06943769366765509 0.035753711060270414 0.05120179804809224 0.06671440060428759 0.03803229844911231
 0.07610756302201173 0.07929235675140633 0.029551965793166653 0.08087195587015877 0.025732010855724984 0.07363743887999132 0.03434494195837399 0.059966184452562486 0.07482523847754372 0.07735177114992078 0.07066106954209735 0.03608816687379894 0.06814487748289125 10000.0 0.013529079683999159 0.09928489649948048 0.08694615598193102 0.03312726202427323 0.06077758252813551 0.008220179144009944 0.03785378694824598 0.09074633532557991 0.11011969921559059 0.11193336851831415 0.02469747825911714 0.03519836335484394 0.06290264481771674 0.03729248271487224 0.09820096222683622 0.0786564811928037 0.10002069741437893 0.007740678509973434 0.014254352952801372 0.08411438808674572 0.06243594270232135 0.10901163902143678 0.09720891492438695 0.009277565122083905 0.024060081906069217 0.04277240541176308 0.06182514255431147 0.05438203055312579 0.052472342406409515 0.032205202283513416 0.03966146969200374 0.052565652546375435 0.03504942795298956 0.055884587257470295 0.03864601149729271 0.08345164463593563 0.08237143733965614 0.07241952513619679 0.0725627309941109 0.023291900489181526 0.06371442772367844 0.08201780156299 0.03352042648340682 0.028173426154422608 0.03478916370142268 0.026726047754286192 0.05956364154787781 0.023771673957682076 0.04042111644512828 0.0946469918253767 0.0069476761411847495 0.06616441137497404 0.05237510026597437 0.06659466938759602 0.033865705818049784
 0.07330671557291898 0.07220842181546035 0.025345480051470626 0.06806501308910687 0.025562883034352377 0.06471869018434859 0.02958119721255529 0.050691888766864104 0.06271999677741047 0.06978886551047066 0.06075282722774495 0.02428603348771399 0.07068716365540897 0.013529079683999159 10000.0 0.09180102254183738 0.08314644139737862 0.023643242263456297 0.047422044518957394 0.010694965894341412 0.031358798590315325 0.08166889872599593 0.10707748028315524 0.10832713565384636 0.01123286435813009 0.034535120746106276 0.05170762275755547 0.04253157090052836 0.09156650278587743 0.07845056160673508 0.09399515070717591 0.008982333054406459 0.003974143349734102 0.07329711680232728 0.05280721516933356 0.10596870792630916 0.08489008664193488 0.004254169438244592 0.02301286132671639 0.029331677822103167 0.06060109031813932 0.04086227898755041 0.05825208185013902 0.03978730735303834 0.029274879363731084 0.046776776618230466 0.021573041464813408 0.04663966939074988 0.030899473750692758 0.07713510906527198 0.07367728025619992 0.05941038249282996 0.06826408614326637 0.022229291509728424 0.05468818324683806 0.0699211551321574 0.041712026765443375 0.02304899798378666 0.02661038058445616 0.02183996331290589 0.055479889896716796 0.028921417917856268 0.0441045899678455 0.08581921559682729 0.006595855988187072 0.06155299261459863 0.044302445880490635 0.056205391284642706 0.041444758722788896
 0.03796436034022622 0.02006006157042874 0.06994245057748688 0.058226109808348456 0.07580797046650993 0.028560257213124853 0.06516050181323821 0.042143718654010946 0.0495984418244103 0.022030183367476443 0.03521039869978759 0.07021182025037129 0.06689830486486609 0.09928489649948048 0.09180102254183738 10000.0 0.0290326865142125 0.10439145356192685 0.07082669913071478 0.10176739099886818 0.061445390983608586 0.016444071485842638 0.03867449647237265 0.03545444176923318 0.08527257985531843 0.06827417208150259 0.0477524291297891 0.08078335286034895 0.007035407640965871 0.05166843393371762 0.01206694774612797 0.09989736728389462 0.0951783021049395 0.03383497318124687 0.040945900425571724 0.03813121110875231 0.051528851722622254 0.09390272524276036 0.07644419238966048 0.0851557761219486 0.05091344109340312 0.07782202603007865 0.08207030640014104 0.08856607243130767 0.06348204472940565 0.047092320112372424 0.08545083797279458 0.045896352906801365 0.11229784739319786 0.017627234842020528 0.020022946314479432 0.06228838158798732 0.0331112321266105 0.07707242640568066 0.038006971641273715 0.04794004861566282 0.0906310755798473 0.07111925331902982 0.10879380621396036 0.07256921139385446 0.04337321042151544 0.08410027789785932 0.07538362670402134 0.012726296417045759 0.09553983506493738 0.03680030502650247 0.04749934482681076 0.040705349156068354 0.08854747834866196
 0.012018268672114349 0.023256755269237074 0.05814411980896257 0.07398576290268011 0.06133479143293608 0.036709772264585924 0.05363469239927815 0.04370134731136396 0.06323280814531686 0.02687921106662031 0.04411535344661928 0.06702685012853252 0.03932334877229529 0.08694615598193102 0.08314644139737862 0.0290326865142125 10000.0 0.10110300500083505 0.07855286466256697 0.09152055225536689 0.052102618357632434 0.03826412130838693 0.024253182183024462 0.025181986502822423 0.07996768455869877 0.0521514325168137 0.05473058029041684 0.059847099283429336 0.022671381876593847 0.022902489945857127 0.02002777746633957 0.0897125326996746 0.08700453479792841 0.05195038190013129 0.04458609278864385 0.023165663980187073 0.073512595249196 0.0840046993065933 0.06288643455335435 0.08623433944746853 0.027717608503264685 0.08306812390579797 0.05712808684952125 0.06821951913260554 0.05976309684417376 0.03698213475497726 0.08389961555558119 0.04564636257944686 0.10940049300737749 0.01725213718067115 0.03413142588934546 0.07466404201024819 0.014985386422729933 0.06365818036101074 0.040670008068235924 0.06475940961292871 0.06980340117521644 0.060198485393790184 0.10535309683990333 0.0615033388883854 0.027685771946488153 0.06703067511148778 0.05433157785129629 0.03739151442504955 0.08504890955180296 0.02177112456024118 0.04324087925989285 0.04825340538130602 0.06776215437694205
 0.09255437217911655 0.08623385381623062 0.046357797561029306 0.06676656473758799 0.048522069152585945 0.07591316157222024 0.049656314354492095 0.062306485372821956 0.06523640169228716 0.0831581078557248 0.07009557230431276 0.0346451702301808 0.09350950637276281 0.03312726202427323 0.023643242263456297 0.10439145356192685 0.10110300500083505 10000.0 0.04381379882354356 0.025318292357672443 0.049540722446289015 0.0916121941466559 0.12535322077788197 0.12596060578521073 0.021378064899120135 0.056813240372392576 0.05849032344769041 0.06616310881352142 0.10555576819205877 0.09968265655288018 0.10882867837436257 0.025398759806904 0.020357656041432685 0.07942226773307379 0.06347151103876358 0.12426185130839457 0.08509549247068672 0.02633804693910434 0.04584937315364376 0.022301451013820583 0.08152314506460967 0.03500251532156658 0.0818821353354117 0.06325300816566323 0.04183491759803051 0.06415031888299907 0.01913127341838886 0.058741320293470636 0.008303902904641986 0.09210727916598517 0.08479182480004482 0.05752598215005407 0.0861510759063158 0.045119086016778186 0.0664272877858764 0.07192898608881858 0.06505982724147687 0.043726677826497785 0.004402659850375877 0.04287679635643224 0.07416127841395816 0.05255858550496449 0.06754643760246232 0.09610440718232424 0.02762747876339459 0.07937860405539444 0.05875348736982701 0.06476269390400023 0.06492273781857814
 0.07458873607572346 0.057378790626011915 0.047883254294890217 0.02296014369645539 0.055492698489732005 0.04389793954754282 0.046946072464018905 0.035017438661629985 0.023446377953153748 0.0535990979473223 0.036319738688344275 0.02768908670518512 0.08905254731070326 0.06077758252813551 0.047422044518957394 0.07082669913071478 0.07855286466256697 0.04381379882354356 10000.0 0.05715766130784094 0.042464182905419874 0.055333996329279135 0.1012787560438179 0.10030176433969933 0.036199108286089354 0.05768504806786228 0.024136480899816723 0.07422260130590586 0.07423090599154454 0.08707260914082719 0.07873791482567881 0.05582125023529511 0.048142307589515175 0.039685150019362306 0.03397088682961679 0.10031180674568664 0.0413434370756692 0.05158959059250346 0.05342558805621456 0.021642411048793896 0.07069151712535104 0.008963044173813911 0.08733801621030796 0.07643866296029159 0.029954167483571957 0.04819815197600785 0.027498088022050754 0.033935911565460296 0.049564380685695984 0.06418791190250166 0.05109039113567737 0.01372934667494334 0.06568004195947263 0.053253420398194945 0.037886062587746364 0.02918465939140397 0.07899126572865245 0.04598242300550448 0.04759804315534745 0.04654063544185801 0.05835113106223319 0.06517853396546386 0.07218343328457233 0.059865905656412824 0.05396574300475002 0.060125328023969436 0.03864847268488149 0.031154844617664455 0.07771351396768551
 0.0811298855129319 0.08199227650982269 0.033398103173343116 0.07836199010870015 0.03130266596619074 0.07507019064008823 0.03802233351269684 0.06109906171031775 0.07332026839047079 0.07973754144289968 0.07131810388300422 0.034979629048600226 0.07520889025654953 0.008220179144009944 0.010694965894341412 0.10176739099886818 0.09152055225536689 0.025318292357672443 0.05715766130784094 10000.0 0.040644858245053 0.0920876247629587 0.11511935759302239 0.11666119044724006 0.021224601464061126 0.04080638709036483 0.06240182879725415 0.04491242031284538 0.1012240940460436 0.08480120314534689 0.10341469920475903 0.0018706460195527651 0.009016957119458331 0.08398272942011971 0.06330241475475844 0.1140088931607491 0.09540489947345085 0.007864721940916128 0.029190762613692602 0.03762696289432488 0.06747933265980718 0.05000430312262997 0.06030431109952764 0.04025296068279609 0.03984346067514463 0.055916215101531754 0.03020698217431807 0.05702615369851935 0.030480739729199766 0.08663530787004775 0.08398592564957728 0.06956875845959921 0.07683231666234897 0.02838190438397035 0.06504344307802683 0.08051591478062026 0.04165495631988803 0.03150603493056541 0.026699550236986763 0.030134229474135833 0.0638764705913909 0.031169595088070476 0.04765372010943649 0.09618114161624651 0.006472452375293275 0.07024136703049284 0.0543263507411757 0.06683986055003013 0.04192286852656418
 0.04303178103694862 0.04149688413942157 0.009242266481063566 0.05419842721369941 0.017053156286559068 0.036390972658792715 0.00538558059141067 0.023633582219610535 0.044928082057678835 0.03949812702833501 0.034781417311672246 0.018202137869835752 0.04826902070033728 0.03785378694824598 0.031358798590315325 0.061445390983608586 0.052102618357632434 0.049540722446289015 0.042464182905419874 0.040644858245053 10000.0 0.05340964203130099 0.07624063771002934 0.07723172625195561 0.028177628385398706 0.015537777059615046 0.030882132230495362 0.03272027560657239 0.060607247850083416 0.050873313426340716 0.06278159853080179 0.038779333779590856 0.03510609736237085 0.049449642774320346 0.026530453973536126 0.07513804983009227 0.06674417766231878 0.03283026792436387 0.016493378465236148 0.038884824340686505 0.03274651778519959 0.04176973577939998 0.04491796915601763 0.03679032012072318 0.01276095612183949 0.015418966471949179 0.0342175951369811 0.019819856979177042 0.05782964702466858 0.04599053882826904 0.044845469954185486 0.0482263570224765 0.03713313543850774 0.01689770228862276 0.026846775560392246 0.05147696314968375 0.03939088714941999 0.009774767463457484 0.05366099132904118 0.011221094353674481 0.024697584143627327 0.027359949006677212 0.029971453779672596 0.05711202780615894 0.03428230792329409 0.030365291031007734 0.014971905911240833 0.03192679564140115 0.03771932909920665
 0.04333377240550273 0.018186535362757113 0.06252185199513559 0.041782041117096644 0.06948915526327548 0.017109133205072433 0.05796302309071046 0.030989309358804687 0.03336880570236624 0.016978988741361674 0.021540434656737148 0.058544671920762806 0.07100597230439602 0.09074633532557991 0.08166889872599593 0.016444071485842638 0.03826412130838693 0.0916121941466559 0.055333996329279135 0.0920876247629587 0.05340964203130099 10000.0 0.05358612652509563 0.050930961022113364 0.07384927331565024 0.06344111280198073 0.03343963589955731 0.07827235277683715 0.021903049795876765 0.05847913742415486 0.02719341779513842 0.0902422793985678 0.08470683031527407 0.017391452881958567 0.028928560351294427 0.05289824299494504 0.03624910430519537 0.08429971934802893 0.06956834824793026 0.07125532422909299 0.052397323566128653 0.06281757861147097 0.08269424140696406 0.08528052063077422 0.05248270851103076 0.04134276961339432 0.07248670505841717 0.03506214905454926 0.09922542255114326 0.021532645509064755 0.008757562123023 0.046057616388994076 0.03557385607249919 0.07007947100417919 0.027076159468023234 0.03149764534019956 0.08760167982987405 0.06314611102041623 0.09598567097304357 0.06457685352165499 0.04152599888269215 0.07887155791978274 0.07324864779731033 0.004578136273437904 0.08617539646169937 0.03629949997639091 0.038494697790906855 0.02685537474415466 0.08557246959652054
 0.03402279339449194 0.044054734896399016 0.08188397292687451 0.09380180115991153 0.0843888086946688 0.057860661705240624 0.07749987961679167 0.06700672586053737 0.0837259595196857 0.047878087396567355 0.06554446148059502 0.09124949408600459 0.053189791067844945 0.11011969921559059 0.10707748028315524 0.03867449647237265 0.024253182183024462 0.12535322077788197 0.1012787560438179 0.11511935759302239 0.07624063771002934 0.05358612652509563 10000.0 0.004946888092324241 0.10419459004155243 0.07497135221883182 0.07716709950354027 0.07999370950505204 0.031997729549372474 0.035887337505520596 0.02669575065086798 0.11334011460515012 0.11097044328071332 0.07005158448624382 0.06748477994491914 0.0011105004061251614 0.08974773023235791 0.10773836540928088 0.08615269651915662 0.11024295375199111 0.0488222178219624 0.10641459674833184 0.07375043102321976 0.08840235088690948 0.08397966483875897 0.06121758870966435 0.10810200306261959 0.06932909099886056 0.13365164182326658 0.0372283507518308 0.052751637773059225 0.09588251386352906 0.03920959370190013 0.08694425384393457 0.06361414568999568 0.08388920397955303 0.08960029627603876 0.08404957483946587 0.1295982454297524 0.08531194432546854 0.05163821563483433 0.08900244494848467 0.07467953441122682 0.05087327949451131 0.10866358988119128 0.04599164117149662 0.06734845392376149 0.07029819545242855 0.08766817405811414
 0.03594852589708445 0.04292297913329642 0.08330567383683249 0.09177652755369867 0.0862424844960492 0.056560758514394384 0.07881365921898832 0.06651911973536516 0.08196453699019164 0.04670961814649671 0.06424433504175914 0.0916127014417829 0.05699669577541327 0.11193336851831415 0.10832713565384636 0.03545444176923318 0.025181986502822423 0.12596060578521073 0.10030176433969933 0.11666119044724006 0.07723172625195561 0.050930961022113364 0.004946888092324241 10000.0 0.10495185780549739 0.07692207243545954 0.076166440098498 0.08284524356778389 0.02907751304041509 0.03949521365090523 0.023756066674700475 0.11485981257227684 0.11218145739673507 0.06775380707850687 0.06677221160199026 0.005369536539600481 0.08687465270137926 0.10917247845725195 0.08789352275340148 0.11017533199061076 0.05122979018400442 0.10577848595773555 0.07730084207728588 0.09127180749464447 0.08433791725493262 0.06200073340919836 0.10837544053373958 0.06907934099222471 0.13424166576457203 0.03612024423402463 0.05083330697503473 0.0942960695997806 0.04010218192214501 0.08867449163768343 0.06295720339124052 0.08173274616567953 0.09257082879599242 0.08537729761573778 0.13024732958555188 0.08667762869936324 0.05286540992114056 0.09132734869324285 0.07745841083962896 0.04793101211624495 0.1101916608870116 0.046867005577116434 0.0675384187913169 0.06918301982788003 0.09060592666699231
 0.07120656678748849 0.06633452065838306 0.02543948019724716 0.05713788124998784 0.029027583239943384 0.05729975782649503 0.028399227382826284 0.04328172736404317 0.052375947695097305 0.06352674196611327 0.052471690261217376 0.015306330584159877 0.07309565066674642 0.02469747825911714 0.01123286435813009 0.08527257985531843 0.07996768455869877 0.021378064899120135 0.036199108286089354 0.021224601464061126 0.028177628385398706 0.07384927331565024 0.10419459004155243 0.10495185780549739 10000.0 0.03633665071697425 0.042336850726455856 0.048076701643111855 0.08578418034950462 0.07842507405019108 0.08871291801285887 0.019752946178025744 0.012299568207884545 0.06400968606249244 0.04497826781208316 0.10309812903710787 0.07428376787167093 0.015440249019218739 0.02631917729686732 0.018809810543195797 0.060243549463168046 0.029710025523887577 0.06351680485068595 0.04704259479229328 0.02179519763164444 0.04298608459903969 0.011086366322750582 0.03940432767474874 0.029656038714169292 0.07185674035373024 0.06630970104770059 0.048360513167192046 0.06498851099610607 0.02570291339799459 0.04740389595629861 0.05954447965195909 0.04926639234295968 0.022758806388091884 0.02548559804120128 0.02209068789844944 0.05283791896334848 0.03548967585974355 0.048448718933139574 0.07817508981044449 0.01780895024208839 0.058204012226960096 0.03838509985870211 0.04754549523973641 0.04861654463358234
 0.041002033583105536 0.04845052610911179 0.01119946352896821 0.06954502216504226 0.009527510314816925 0.04729388621320702 0.01074079636610043 0.036683495678967455 0.05993380999708956 0.047541826480802796 0.04755006166549445 0.03158546393178109 0.036780450264118414 0.03519836335484394 0.034535120746106276 0.06827417208150259 0.0521514325168137 0.056813240372392576 0.05768504806786228 0.04080638709036483 0.015537777059615046 0.06344111280198073 0.07497135221883182 0.07692207243545954 0.03633665071697425 10000.0 0.04576293703636374 0.01729335853076405 0.06590527258319381 0.044092522310348325 0.0669039679600392 0.03913568017735111 0.03848911096029814 0.06257137292221593 0.03976098170043561 0.07386507725699915 0.0812653879743727 0.034048154440442575 0.011687866284412339 0.051213468716956506 0.026701525759564932 0.05617450764280351 0.02973138061254895 0.022420673163093457 0.027732647031358013 0.022098354128872195 0.04517106478031251 0.033449132440864185 0.06473804061997569 0.051175001364415 0.05468422671874173 0.06375474449117431 0.038337874733439546 0.012498369188047566 0.03900027671133724 0.06621726594046855 0.02493483657348447 0.01384187489714175 0.06041418218375407 0.014282685092364742 0.025630560720368095 0.015826903322487804 0.01450542381993734 0.0665257880898616 0.03450984863024774 0.032469356425042964 0.027464089653765393 0.04570745574035614 0.02306773168878447
 0.051851752661322054 0.033243928486781045 0.039451957526334666 0.024437614626389662 0.04764747779582742 0.01989986847696592 0.036265839727407 0.01243113394075986 0.014184305841650579 0.029470982490773488 0.012570787551001373 0.02744547678340085 0.07031930446188034 0.06290264481771674 0.05170762275755547 0.0477524291297891 0.05473058029041684 0.05849032344769041 0.024136480899816723 0.06240182879725415 0.030882132230495362 0.03343963589955731 0.07716709950354027 0.076166440098498 0.042336850726455856 0.04576293703636374 10000.0 0.06302236878915649 0.05053741613168299 0.06542442334481903 0.05485428803210179 0.06065905280449474 0.05413070376796315 0.021677382214722273 0.01044402181516291 0.07620750413759482 0.03592268773926357 0.055041585724740716 0.04657115124242615 0.03781592257075206 0.05073508945692581 0.03020200729878402 0.07324796201834075 0.06764489482973608 0.0233487741264013 0.029008344285147473 0.03938289284168429 0.013416297362774707 0.06592849051267625 0.04005143107877644 0.027737667267382433 0.021199151245380774 0.04263607258211451 0.04677619853170767 0.01426089289335367 0.02059821140516102 0.07023926820677802 0.03879797259113127 0.06282623091892908 0.039973189373759016 0.03754853939574252 0.05805901414592578 0.05949186893139233 0.03800192141617963 0.05720890647664809 0.03778673516636041 0.019665839218274018 0.007143289752078981 0.06852511842510867
 0.047854868527474684 0.061829255959071454 0.02638433179430627 0.0868336398008523 0.019539569420922706 0.06299729441585146 0.027619259776779818 0.05351343359013307 0.0772015847593579 0.061650002363691586 0.06410874974833496 0.0471724595677082 0.03168127907670211 0.03729248271487224 0.04253157090052836 0.08078335286034895 0.059847099283429336 0.06616310881352142 0.07422260130590586 0.04491242031284538 0.03272027560657239 0.07827235277683715 0.07999370950505204 0.08284524356778389 0.048076701643111855 0.01729335853076405 0.06302236878915649 10000.0 0.07731804479202055 0.045168407400653164 0.0773245394536552 0.043702038849281845 0.04604233266398133 0.07913006908168808 0.056602181211165795 0.0789337254335981 0.09836862291193603 0.04036124017059271 0.022105981263105322 0.0652183318902356 0.032130446831696184 0.07187487144864459 0.01572052089887136 0.008428506078371832 0.04439044846336878 0.037616331267746834 0.058333469143717856 0.050491973915774827 0.07332226674025208 0.06318520785257549 0.06960823945617427 0.08092532599140935 0.04839880747967381 0.022594551186685307 0.05546884903346652 0.08341571868591065 0.010002353942876482 0.028504924262366078 0.06907490858431323 0.02824275259501594 0.03752385697803986 0.013828541804805996 0.005533761560198534 0.08089669231904385 0.03977841130396661 0.0439831363512721 0.04435082732581361 0.06266990304927222 0.007933828417212905
