NAME :TPP_input_30_3_3
NUM_VERTICES
88
NUM_CLUSTERS
30
Full Matrix
 10000.0 0.035077264416862125 0.026273263674178544 0.0363827601044639 0.03449620158063789 0.06287828657722754 0.025159273527817036 0.06553364919548925 0.04467904958150638 0.05986481137082867 0.05815256915522162 0.06529477317254212 0.03518033491412951 0.007039483387007455 0.014791546578153342 0.028069852852901794 0.01787586554323036 0.047144832694364265 0.03716593353463555 0.0441287006329916 0.053385572695529494 0.024636180959279188 0.05751655017514143 0.05866791034656925 0.011376674953506619 0.009206437996240447 0.05752624644424408 0.03727840483754108 0.046179683485502554 0.019159549573619372 0.024062997182899164 0.04364304725733304 0.04914205619656008 0.02717102832138676 0.04110458328416087 0.04886411450596735 0.05222930098604161 0.04999765388214191 0.03578982130325739 0.05096154022715512 0.05035441896187304 0.04025042164297452 0.04745181647826621 0.04958093716896823 0.0604148119367424 0.008106627176584181 0.05193665309100869 0.051386476159697374 0.049414584613662695 0.04401525528068164 0.04464604026730268 0.034137994149393475 0.05384609076127353 0.03756810478937112 0.046058399058266405 0.0598327104322977 0.03468665883738793 0.045732413186293105 0.024776588075593017 0.036065993008205684 0.03153343238756073 0.01768150243471746 0.04830827763115261 0.019291295676031862 0.03328386472282722 0.06112860940973894 0.0113922105041984 0.0494331500283062 0.05830489513930655 0.04769271718791857 0.027551375581865944 0.04430033639697361 0.034310587123397546 0.04014540064273869 0.052910487637369656 0.05671674041058264 0.02286991805412543 0.008505702293772822 0.05754422414832988 0.05352241712950015 0.046752650098090154 0.04111857400064301 0.02295105250123511 0.023269210077957625 0.06352764247596737 0.06519447260722339 0.018766688331402853 0.006747426171626579
 0.035077264416862125 10000.0 0.05848905902595611 0.06830096885166209 0.06481318842692158 0.07472431333265393 0.014564383215954126 0.03963292774577223 0.043248477144855274 0.05999659680578212 0.025003877071823992 0.08144895786503353 0.038787279987110054 0.03593564793139765 0.021903030834856254 0.03403943720258535 0.03505470418346769 0.019762993099897097 0.0691603990587317 0.028330691088258548 0.07939559156654077 0.01769993992540556 0.09221095717087692 0.0772898363872145 0.04426251911967435 0.03416841304932491 0.09256754148181909 0.07188022238913867 0.011175377076767268 0.04379881485529407 0.011362668113136009 0.07155795922073534 0.04593388873159943 0.055279169580954 0.020975799856838877 0.018837201797942908 0.04461947753034839 0.0847949765418926 0.05951206221919471 0.08549562716122687 0.022854498361912074 0.02001963305123094 0.04895462932757673 0.04326434600212065 0.05125847955478611 0.04310049060469682 0.03926540746401773 0.05692117021486601 0.03020631298075692 0.03594029591731069 0.063519128505327 0.06920909418251037 0.046031557910857834 0.06889391825346956 0.06448036801518145 0.06168647567327631 0.05674591322143224 0.01306972199358422 0.058459796364064696 0.011012678057126508 0.038798214090237995 0.04686179231052276 0.01327193424869814 0.041045516112502345 0.038495974014698814 0.032322971641919045 0.03795723533423722 0.08374485727857411 0.03639137738038514 0.042533019556582244 0.05249573089918303 0.031455151081308176 0.0656122646823999 0.03971326896976569 0.027824934683673846 0.03877832377597213 0.031402734380816345 0.04135285231133355 0.051763288475711745 0.06424663952059959 0.026877259497360854 0.07236802092898112 0.05159790586403967 0.056655254817202495 0.07172759375494611 0.07332134371045543 0.02028048386484374 0.037278040593357244
 0.026273263674178544 0.05848905902595611 10000.0 0.010134175369289428 0.009033190479632277 0.07944709994017299 0.05100244165088002 0.09173990443262074 0.04778844267471479 0.08224301262063817 0.08293976564926459 0.07867059436961737 0.05919537395106587 0.02276090526944763 0.04075712777159997 0.05266111954103735 0.04163042228910141 0.07296239221977557 0.010942082083991797 0.056759466698416805 0.059129859464344035 0.04326344723111792 0.03541486895238194 0.0709775472280623 0.01499945094668706 0.024320726438237242 0.03797818857602386 0.02803998840464479 0.06893718844159112 0.017141117735733652 0.0486236321017739 0.048976965474397956 0.05194430881697921 0.03804064235351975 0.06732079256460716 0.07432598580123771 0.07721825592146907 0.03648398798969376 0.048366412461042306 0.0389532397095531 0.06778300119603038 0.05650474606683351 0.07052017505902361 0.054457519905346405 0.08529857783081912 0.0193500145989123 0.07772099375575621 0.046595374736484736 0.07568007330618648 0.05200184042424328 0.05920724839632517 0.020589427815426452 0.07878518684886514 0.011324498493776727 0.06067826959594431 0.08158638781358908 0.04915224940823539 0.06663469234308705 0.004841568176283432 0.0559000657707879 0.05507747370493991 0.03261488286577241 0.07160156637521288 0.040001763120245726 0.057143500714666534 0.08702125236203759 0.033420668639258785 0.03880223427564464 0.08457726155674403 0.07248316070346444 0.041884118327521834 0.05515934696583452 0.03681402292555775 0.06456026855822508 0.07905979189701601 0.08286458592573696 0.04789810235528845 0.01801568766670536 0.08182608936490882 0.0718945867167811 0.07302453916103863 0.041440953688918224 0.03527873012484393 0.026293128572207024 0.08208853699474605 0.08363034970457417 0.03866513545723495 0.021599722713096216
 0.0363827601044639 0.06830096885166209 0.010134175369289428 10000.0 0.005539412624614863 0.08658026070408814 0.06112826081574151 0.10187191043372061 0.05324980902698533 0.09106930465042054 0.09289628782569856 0.08482958154482356 0.06865012892103019 0.032796254605924946 0.05089093023935059 0.06230637929870948 0.05124038326967559 0.08307640307414137 0.000871230297869032 0.06442516371604523 0.06343555201325164 0.052561584596557916 0.028153345782269038 0.07698105496635275 0.025133542885349136 0.03418375460690848 0.03227529033001339 0.029593357429328136 0.0785752808460729 0.025582890900592455 0.058639713423755374 0.05370650494800879 0.05706039657812683 0.045193430156039195 0.07745082321715567 0.0843972269316103 0.08684279805175564 0.034512433819936524 0.055279831532209785 0.0375064802507606 0.07632686335744418 0.06500976764191077 0.07963381133293347 0.06009150878757817 0.09486583442857259 0.029243172390231973 0.08759856162894858 0.04935502721220468 0.08576794812138729 0.058653394040735704 0.06622185666752112 0.02174248698600713 0.08838947687717062 0.002162666128812596 0.06766315472530908 0.0902342415335915 0.05652385048986518 0.0759354689804798 0.012534661472205964 0.06513185249025222 0.06445948844261219 0.041123955651798084 0.08132392718274965 0.04912293812674355 0.06657869889868664 0.09713887384059855 0.042988732715295665 0.038065904518721466 0.0946755928793332 0.08206606237566788 0.049599548454435635 0.06243758281619537 0.04167806462447601 0.07407882682878159 0.08919393404047062 0.09287902769748951 0.05767624252594283 0.028149425600196266 0.0912197440559299 0.07968535793044855 0.08313437128397155 0.045061676762604926 0.04301667923903094 0.03289807410607967 0.08978462575847737 0.0912690199558107 0.048271186747738906 0.03168217168655007
 0.03449620158063789 0.06481318842692158 0.009033190479632277 0.005539412624614863 10000.0 0.08820935503816738 0.05859095496366641 0.09953764684993226 0.0478016874712995 0.09127200318180244 0.08962289745643057 0.08708551358355665 0.06810548242746967 0.030040168304800694 0.048545588861003 0.06148177366777577 0.05049143934239762 0.08037612595716212 0.006235075599483029 0.05943867816269546 0.06662778914319377 0.048544792817121235 0.03359962456250142 0.07931838540857716 0.02312394225063679 0.031028414508818727 0.03781460221520216 0.03366809158104056 0.07481226209261396 0.021341921359706775 0.05561151954465367 0.05666485081841222 0.0515713940023679 0.04674156955344681 0.0751928298571832 0.08147402342494409 0.08602531133689544 0.03962272536584219 0.05701468075676824 0.04252152574135957 0.07169500235359637 0.06038931779963544 0.07951934662886513 0.054652735753706 0.09413438018636745 0.028095986204936297 0.08630139789651287 0.0438488275883722 0.0838207182763917 0.053393268019810376 0.06790999252104298 0.02580535350058237 0.08760365142452413 0.00468267273405758 0.06937342319937857 0.09061948828117909 0.057949091898253174 0.07182679469873504 0.013166761857644038 0.06099765465518193 0.064018533469807 0.04162631762971093 0.07766523257419179 0.04901586552802955 0.06606335526124828 0.09444222520726377 0.042322107139140565 0.04291372741648626 0.09265949112500924 0.08131914006800428 0.05076099736772798 0.05733022867947276 0.0445106920292205 0.07343698403091486 0.0867902965531506 0.09121254724111126 0.0566282894994847 0.026022531721947413 0.09074460661711806 0.08082197387031394 0.08106245827159393 0.04848439462596493 0.04414610229656063 0.03472591413263309 0.09100110421659208 0.09253072570955621 0.04459970598124294 0.0291060385872353
 0.06287828657722754 0.07472431333265393 0.07944709994017299 0.08658026070408814 0.08820935503816738 10000.0 0.06117146024084269 0.06858374912790373 0.1059000745659808 0.023615355998431373 0.0802429790794789 0.010573213308110707 0.03593823550126889 0.06987680305411811 0.060574383907382394 0.041453597361682915 0.04648930667008751 0.06666126712746724 0.08694225234424163 0.0991541901682349 0.03259006383899564 0.07914051084834443 0.08922489412194325 0.014617975439386406 0.0701905591493938 0.07200611728661806 0.08379969903301976 0.06219047686701966 0.08243344709646168 0.0812332357708035 0.06720335878890019 0.03708220669300044 0.11012900601182152 0.041474937688825535 0.058474243448938916 0.07068866488409914 0.038507398640923535 0.0697421375068756 0.03130123310975089 0.06736240888209398 0.09753942651413568 0.09208024304913845 0.027634040244246424 0.10955388764906858 0.039505062953887095 0.0639468997900493 0.04607402699593767 0.11416211552064234 0.05566395636139607 0.10283042272502968 0.020358975110594438 0.06794241710115448 0.03835236174945351 0.08863092058677659 0.018924922861254502 0.0205295503797383 0.0303009327578664 0.08737474635639775 0.07504260267431445 0.08379745244050359 0.03647384572697295 0.04772318613304965 0.08175887673587959 0.04359948596012939 0.036366279062459345 0.07233415128009593 0.0514868062179578 0.06467936497843725 0.05990836500374216 0.03680841796635976 0.03769035831091233 0.10092864486668346 0.04667482353430469 0.03575742994600426 0.0640244707667212 0.053562379423422554 0.04567162245414392 0.06883597333987844 0.03425346573828009 0.010496357840159504 0.056891703234062695 0.04688557977523552 0.04422986301263453 0.05368498754356973 0.0074783366803430965 0.007630462639372722 0.07462757353734442 0.0692895432029523
 0.025159273527817036 0.014564383215954126 0.05100244165088002 0.06112826081574151 0.05859095496366641 0.06117146024084269 10000.0 0.040988786655846716 0.04934596694762332 0.048818918639912695 0.03347049996199274 0.06736122816196692 0.0254642554075649 0.028552886185119173 0.010367969586911368 0.019880710449829066 0.020735249987491836 0.02200420964505419 0.06194370322643393 0.03859511863666904 0.0648947458970038 0.020584585755752803 0.08241281774262312 0.06292070905640818 0.03602923531256581 0.027891292152010097 0.08188151402779405 0.05984005615903102 0.024873713529447904 0.039319562224191786 0.006589127176223147 0.05726709388733202 0.05291095843389616 0.04128044732732878 0.016901655312305905 0.023768746852753833 0.035463107664867356 0.07286078093275233 0.04500293394295998 0.07321999837581378 0.03669396160633824 0.03106498821720262 0.03686489589593214 0.051219880945995756 0.04314758992117811 0.03314133630359279 0.03212047847888802 0.06123162784994613 0.026295142797804483 0.0439632540436664 0.049031264470929696 0.05821246072963739 0.03705289561621511 0.062116751216178163 0.05002479959194603 0.05006043992328159 0.04219671925619 0.027620733378695993 0.04989772043323459 0.02262599220159018 0.02479141242631255 0.0334158022658866 0.025914254965270955 0.026796728047365413 0.024817284859580745 0.03603445546570036 0.0248071303027321 0.07127462824560596 0.03469896904010554 0.03223214566354248 0.03816755892925349 0.04089138995627273 0.052039799593014 0.02753880287930605 0.02821683923199353 0.03458911850192156 0.01685769463531891 0.03300177776163868 0.04227651216018142 0.05067862239290702 0.023176678102664577 0.058669881767525016 0.03781282615055323 0.04408608715151001 0.058811021052522595 0.060454153338081455 0.018748107916116828 0.029516501276782403
 0.06553364919548925 0.03963292774577223 0.09173990443262074 0.10187191043372061 0.09953764684993226 0.06858374912790373 0.040988786655846716 10000.0 0.0824909226753441 0.04577285238300873 0.021107446548802068 0.07849755148381171 0.04264273090210505 0.06952029703159841 0.05101889406979026 0.04486332519057516 0.05424802250556599 0.020143002780592376 0.10266837642925411 0.06571030840898319 0.088570454296777 0.05682775752943068 0.12120241273166804 0.07814384764007044 0.07674290966130826 0.0688572871585159 0.1195789086753318 0.0959664287342544 0.03635561271626721 0.08013288895520929 0.04493461198749124 0.08466643528868359 0.08475911606490226 0.0727154406186391 0.024429067332260614 0.020926494338729323 0.030251320009838482 0.10865414493912251 0.0710570612332361 0.10823198446089241 0.054328150764451015 0.05759140478238233 0.042459008865941845 0.08161003985979819 0.03004911172756016 0.07313435591331757 0.023099584400829 0.09645730830798654 0.01738809340682637 0.07453073627019027 0.06861393225940583 0.09615709257146439 0.030249985131740462 0.10295571427526758 0.06876719915747649 0.04873807825733398 0.06757959631647528 0.043565151359088734 0.0902271221156386 0.04957490016957665 0.046251303549654774 0.06820138412961549 0.033204402473422455 0.05925709584196231 0.0442286148525331 0.008728325780806661 0.06161231703147893 0.10588464972288689 0.009292429585575067 0.03309497603974575 0.06777895096485496 0.0693189469664196 0.08431522552511773 0.038412570948538186 0.01278385169791667 0.01516650787705707 0.04734775081323299 0.07373673297015637 0.034639100067618674 0.06027645720906839 0.01919624835259074 0.08982185034835605 0.07075928226258484 0.08006417101013512 0.062366312052867426 0.06339507211889127 0.05777206878161738 0.07043317902485757
 0.04467904958150638 0.043248477144855274 0.04778844267471479 0.05324980902698533 0.0478016874712995 0.1059000745659808 0.04934596694762332 0.0824909226753441 10000.0 0.09760774281365463 0.06460503427533093 0.10946513435904937 0.07288357216458906 0.038537011175917305 0.04588776583866736 0.06591546939718203 0.05942105795475036 0.06297206983190366 0.054007682837864134 0.018824780273667022 0.09763474034398191 0.028761526128778307 0.08139559135204241 0.10314649310501287 0.043019589362984896 0.03574290272997801 0.08520459761555603 0.07397721319510252 0.047184638614292354 0.03226810305252683 0.04284014607809343 0.0875878089342053 0.004511836789355216 0.07163550361696346 0.06331436783069348 0.06157284112410988 0.0847908139165586 0.08404668482452365 0.08046285670798389 0.08627547476104973 0.03372464303425791 0.02556339953743093 0.0852257863016052 0.006864181961545728 0.09234203792244493 0.04762178810891042 0.08087472948763877 0.014602212656725516 0.07298051121935673 0.009122064367730467 0.08894095510831207 0.06748661707303016 0.08636863167977649 0.05239893101302493 0.09030492652400936 0.09849946443088047 0.07922902890352276 0.04071825317355179 0.05126872087668714 0.03291787171903229 0.07068461382639024 0.06228818095110688 0.05060827611206337 0.06296751089482393 0.07160086817700655 0.07458023165398577 0.05552913997484922 0.0857635845329719 0.07962746210629537 0.0815361837626535 0.07221692950601043 0.01508604547718543 0.07694153314595104 0.07616000289437888 0.07105490933738676 0.08164119517460433 0.060946087923499655 0.042335018625958225 0.09162020657484096 0.09586685980157074 0.06961369022544363 0.08329554277213566 0.06746062937209259 0.06494260681003956 0.10526654784484939 0.10695588439367493 0.03182055421480164 0.03970833502097399
 0.05986481137082867 0.05999659680578212 0.08224301262063817 0.09106930465042054 0.09127200318180244 0.023615355998431373 0.048818918639912695 0.04577285238300873 0.09760774281365463 10000.0 0.05987243720440184 0.03408530770457415 0.025173996694476248 0.06667517943421135 0.05214866205838485 0.032449443890367 0.04200406325853946 0.04747771370772682 0.09162350404837317 0.08719442133303947 0.05106021472760379 0.0690660579266552 0.10038789856223528 0.035901542194350336 0.06978638558297988 0.06799173351701379 0.09623085118183944 0.07251518381404116 0.06546552363951169 0.07900445038178706 0.05539579922727167 0.05158135278461784 0.10140884342207733 0.04796431932320345 0.04056348688459239 0.05143356817918966 0.017046155824205857 0.08277051740633413 0.04040537378668549 0.08108487198627452 0.08248846580236346 0.07930444004055176 0.012583715507101356 0.09995529986141792 0.016021070147771634 0.06382794776153274 0.02459324159781476 0.10822007154885009 0.03515683685579152 0.0927473098881662 0.032169015294420206 0.07633108768807165 0.016318259120159093 0.09287528035180916 0.03147863878811671 0.0030874337664459238 0.037590048118366394 0.07145643086250505 0.07862305845033991 0.07038839020772958 0.028379062419946158 0.04995706014298486 0.06407176768604358 0.04230306265364337 0.026832111368092187 0.05051724859563501 0.04954080536547303 0.0783950196457758 0.03762572520625987 0.01758807653671753 0.04268652761778374 0.08966204917881487 0.0572505556986293 0.0214499772958859 0.04316981918696499 0.031204949291913905 0.037763762305284984 0.06759904042481606 0.01114962935468092 0.01817638922899585 0.03719011490618831 0.06006740454007605 0.048804423126884204 0.05977045469680099 0.016771158765294277 0.017670581945479536 0.06587854914842403 0.06660441100321277
 0.05815256915522162 0.025003877071823992 0.08293976564926459 0.09289628782569856 0.08962289745643057 0.0802429790794789 0.03347049996199274 0.021107446548802068 0.06460503427533093 0.05987243720440184 10000.0 0.08906778503749153 0.04753537567507287 0.06019356600453616 0.04358629851458838 0.04641352459968772 0.05248753413002527 0.014270658389213669 0.0937462697350348 0.046677956774086836 0.09367214562990063 0.04249573454043636 0.11565929448022025 0.08694716155644545 0.06831835523401587 0.05872112197714792 0.11532642571641435 0.09321117460920196 0.017438970430260436 0.06875571463567358 0.03437129267200433 0.08765832014876747 0.06628603108175209 0.07301359251303415 0.023154924575309314 0.010647537243434334 0.04284528526254283 0.10623070251302315 0.07434571447205918 0.10646705440598118 0.03396773751360229 0.03906977238252242 0.05261797437924257 0.06275967105938395 0.04604192130622072 0.06624868499975937 0.03529276256730801 0.07904071995222721 0.024797202391278063 0.05604929903309483 0.07500466297194025 0.0916703759884875 0.04358040140763085 0.09359718998953696 0.07555872652223213 0.06245702970280881 0.07106234701171293 0.024084984602453362 0.08248793837261058 0.03238821399274297 0.04975147890474102 0.06619387474091723 0.014008445076423742 0.058414343494398016 0.04836057116765113 0.012420065450808796 0.05798761700108071 0.10443290790154335 0.024061380343206106 0.043531130474323186 0.0689834482745962 0.05044261443508701 0.08433485772730878 0.04538315330043899 0.016729609024034003 0.02981129052183441 0.04654429867240968 0.0653239530224049 0.04916304163368335 0.07056595940280938 0.023355535195045275 0.09066600623900449 0.07005014775548922 0.07733885145454575 0.07520091302570829 0.07652056188512944 0.04524912019600324 0.061424495695510666
 0.06529477317254212 0.08144895786503353 0.07867059436961737 0.08482958154482356 0.08708551358355665 0.010573213308110707 0.06736122816196692 0.07849755148381171 0.10946513435904937 0.03408530770457415 0.08906778503749153 10000.0 0.04302400466210399 0.07209574047805682 0.06530052332176735 0.04749183175186268 0.05045965910327997 0.07518566918587928 0.0850929172998491 0.1043603797245923 0.025486436629878133 0.0839402504068808 0.08420943786708088 0.007922823630719817 0.07117177563169091 0.07449946159005587 0.07825497585021136 0.05831424068506349 0.08989538624208207 0.08267471039514569 0.07299848194950412 0.032344672778881665 0.1138188636342332 0.04092788844337887 0.06670233106421326 0.07918327974294533 0.048269001396948605 0.06420571519050772 0.030642517710331465 0.061524966592923704 0.1040406203475139 0.09772653014046981 0.036665569349767925 0.11362634288442565 0.04984795577734985 0.06505047042369629 0.05569410258033364 0.11659907166139977 0.06481935160463947 0.1071994066488905 0.020656330648477095 0.06484114136319538 0.048261594955773916 0.08694788715359242 0.0192363972483892 0.03100934701058666 0.030829918907430188 0.0943552961228987 0.07403232988503952 0.0898361148207744 0.042656429666069945 0.04870416139598717 0.08951082650390099 0.04649764826208533 0.04302887731855144 0.08180196449201768 0.054058480446145675 0.05892211593988552 0.06964767886525453 0.046085899528483694 0.038318732308305146 0.10582120490671737 0.0434873780594118 0.04386854881041002 0.07319152875973862 0.0633799384325592 0.051005879318645815 0.07023726003620208 0.04449802672394614 0.018539322788750902 0.06575638426489279 0.04219811114992208 0.04438566635654069 0.052397065380730426 0.017982802467903417 0.01784949778471883 0.07900688564913537 0.07130693271299898
 0.03518033491412951 0.038787279987110054 0.05919537395106587 0.06865012892103019 0.06810548242746967 0.03593823550126889 0.0254642554075649 0.04264273090210505 0.07288357216458906 0.025173996694476248 0.04753537567507287 0.04302400466210399 10000.0 0.04180364045657625 0.027113121117039493 0.007286382262730978 0.017667229723953126 0.0332824580340307 0.06929594156851215 0.063940492016707 0.046640486291793785 0.044725858607445976 0.08241844415852015 0.039797798126436905 0.04569945435245011 0.04295506075992711 0.07961554020108084 0.05545460094642223 0.04687198873000851 0.05418104947291151 0.03176580688948014 0.042044484765747875 0.07682086233472817 0.030917104454703085 0.024443713277253684 0.03712172226126238 0.018466270336092945 0.0675337926753741 0.028423736715480517 0.06670459935494605 0.061603932787818595 0.056526434300971644 0.012590496856133915 0.07565161009549201 0.026279690800257615 0.040081495986714386 0.021405788220214522 0.08311672361195455 0.025723355915647714 0.06859274622231311 0.02747953100448404 0.05728450195927745 0.019923665660237247 0.07027087322663413 0.028025418624100972 0.025710664312093942 0.024950712427726285 0.05150256254764799 0.05612462170344218 0.048026531921979 0.0043255901476921465 0.02884756355142734 0.04653516277364592 0.019866392853923776 0.0020893803733149836 0.04286701924113979 0.0257836468889896 0.0642203012290173 0.033439502307240423 0.013604228238054326 0.02565909138222595 0.06603760381134509 0.04231062466965186 0.005528089893729904 0.03340815091474425 0.02880580519149991 0.012617346669184288 0.04326837801138827 0.022640029166420026 0.025459984947722156 0.02531689581525835 0.04740676793776443 0.029822003779368857 0.040356700870798616 0.03335198551249692 0.035000420706348706 0.04106405673505477 0.041856721464163076
 0.007039483387007455 0.03593564793139765 0.02276090526944763 0.032796254605924946 0.030040168304800694 0.06987680305411811 0.028552886185119173 0.06952029703159841 0.038537011175917305 0.06667517943421135 0.06019356600453616 0.07209574047805682 0.04180364045657625 10000.0 0.01863019436832991 0.0345963823540176 0.02477511905020319 0.05036856587755454 0.03363368166699933 0.04011872112406768 0.05910983453090231 0.022361220552186874 0.05646592552915524 0.06533641079288344 0.008393912113110448 0.0029745609932143057 0.0573903784796571 0.03932942105430907 0.046653340463675946 0.012380478442313514 0.02586272685050229 0.049119214630478025 0.04303850500764522 0.033119905429667404 0.04523102646694942 0.05160462542406497 0.058367350277177696 0.051466249663045846 0.04225009689703676 0.05285063615543615 0.04816032474416573 0.03740627617510808 0.05420005441033318 0.04383092599197941 0.0665598218936717 0.009725016064455699 0.05753686801256329 0.04450771438430793 0.05408373708859467 0.03877519352831078 0.05143964785002304 0.03488107980204674 0.05999881842309005 0.0336580916843671 0.05286765935077597 0.06672196951739032 0.04136534130176669 0.04510556744997495 0.022535970255016614 0.03473913667914648 0.03830086461277617 0.023890630697986578 0.04915426902614755 0.026312657397619718 0.039964700885829166 0.06443823178419085 0.018398227367719656 0.051629327793608785 0.06283070732880837 0.05395059150301594 0.03407482838301663 0.039781480818870556 0.03892500179514965 0.04660392600981882 0.05676143361762146 0.06178298263921875 0.02930601131832458 0.005702657446539448 0.0639385371551116 0.06055876235218165 0.05121767062851686 0.04554769793964742 0.028970167865122957 0.02719171636821243 0.07056707163594951 0.07223395587591118 0.016928020182644374 0.0015377298173102477
 0.014791546578153342 0.021903030834856254 0.04075712777159997 0.05089093023935059 0.048545588861003 0.060574383907382394 0.010367969586911368 0.05101889406979026 0.04588776583866736 0.05214866205838485 0.04358629851458838 0.06530052332176735 0.027113121117039493 0.01863019436832991 10000.0 0.02004014437720104 0.015149905878377347 0.03235880148443349 0.05169723817873081 0.03910305445314663 0.059088136204449665 0.01865183855261642 0.07212380311372626 0.05988488613974027 0.025760289583501787 0.018436915957329995 0.07176484592057715 0.05022225953117393 0.0330320331765564 0.03014244440840151 0.010557855397760413 0.05054858709393972 0.04993030414977801 0.03390955465706423 0.026647250408882477 0.03410274544016269 0.04131286264761961 0.0632066990436891 0.03951313330841792 0.06376272893271329 0.04107216346972965 0.0329393897425336 0.03961754351210894 0.049064669081027835 0.04940949472475147 0.022787822680083312 0.03952335951657764 0.05607633253899578 0.03546625213832548 0.04225974272877321 0.045569685208111804 0.04814296433079073 0.042954311490838615 0.051940888619857406 0.04676643713204596 0.05281929111141985 0.03722231694932467 0.03405337545007401 0.03954243499673251 0.02619321338188577 0.024801389702131974 0.025101111849000404 0.034711312930731014 0.020497864016659748 0.025740563221493637 0.046362972863206155 0.016147122680828442 0.06194425402567316 0.04420063873926102 0.037303005863690536 0.03182624154721506 0.040531659953547176 0.04382608650701004 0.03088198655627895 0.038309033336449604 0.04328230048564952 0.015087532113938436 0.022741506515751537 0.047516431839805175 0.050315194039605056 0.03258767239688544 0.05062906490274174 0.03003149786771616 0.034792574322082145 0.05947077431706329 0.06115735899057164 0.014140015791059614 0.019447794730796067
 0.028069852852901794 0.03403943720258535 0.05266111954103735 0.06230637929870948 0.06148177366777577 0.041453597361682915 0.019880710449829066 0.04486332519057516 0.06591546939718203 0.032449443890367 0.04641352459968772 0.04749183175186268 0.007286382262730978 0.0345963823540176 0.02004014437720104 10000.0 0.011068464884320669 0.032271040591004455 0.06298333668835111 0.05775071705388854 0.047377775425439264 0.038069408745000664 0.07760516779073107 0.04328139433839691 0.038809553226365805 0.03568976861026452 0.07530956599441896 0.05137005547833629 0.043164612142579585 0.04697682484183752 0.025754210534230194 0.04132980342733025 0.06991988971375535 0.0279043030207418 0.023490347122362636 0.03577295944985197 0.024557389493935752 0.06389020995287019 0.02793408361147695 0.06338430792533209 0.0565487992485227 0.05062968155681466 0.019866719700036863 0.06889804425019613 0.032652857892496744 0.03338743476807301 0.025871165166969436 0.07591729837659533 0.02748144730568076 0.06193278111577255 0.029772683926080228 0.05237963976694489 0.026125720794751353 0.06384885477478067 0.030627325733922458 0.03290335196663408 0.024656005127302334 0.04704412998824071 0.049834300728558795 0.04244805309248989 0.004983273019759845 0.023861114372033268 0.04331695787476931 0.014703948069247914 0.005711246332238796 0.04365981270328973 0.019322828254739237 0.0610235444554255 0.03602932160020601 0.019838850250595664 0.023176824240438643 0.05965382219406508 0.03951628989107487 0.012084744720609311 0.034154395196007534 0.032386940379005594 0.0053340125019117985 0.036283768412673896 0.02949542378779759 0.030995687896081214 0.026183379634239376 0.045272225188539315 0.025926638568495072 0.035711871627735835 0.039671496603879405 0.04134821544312485 0.0341136245066235 0.0346985197108911
 0.01787586554323036 0.03505470418346769 0.04163042228910141 0.05124038326967559 0.05049143934239762 0.04648930667008751 0.020735249987491836 0.05424802250556599 0.05942105795475036 0.04200406325853946 0.05248753413002527 0.05045965910327997 0.017667229723953126 0.02477511905020319 0.015149905878377347 0.011068464884320669 10000.0 0.039079342812773143 0.05191559790643638 0.05417687393039183 0.04444021150358217 0.03360261490823702 0.06719847262408304 0.04480815132701559 0.028050589698054497 0.02635855270469662 0.06533579805617046 0.041814619786600574 0.045608104658577266 0.03703392796285627 0.02448401030992874 0.03653983049687478 0.06367666784493921 0.020696209512474046 0.030994265524955846 0.04200183146723602 0.0356082420105239 0.054655908461400754 0.024636857476590602 0.054511931160912 0.05586710038450183 0.04808133213413091 0.029652674125342345 0.06326045282133963 0.043668997603118126 0.022426940094025124 0.03672995523620137 0.06801666885390474 0.036982761807902095 0.05674760060707547 0.03046823055505344 0.04202233376555111 0.037164626455174224 0.052792873881203864 0.03169597640097803 0.041960590142524665 0.022156949018516753 0.04792842480878095 0.038765913175292106 0.04105591036661931 0.013764965039415282 0.014065709346124368 0.0465713138434925 0.006078740462939464 0.015667672540353277 0.051868134822642784 0.008254363457860901 0.05232250542848229 0.045834562984653576 0.03085467699441648 0.017449578994595306 0.055445307855328856 0.03185410289371589 0.02294613364838262 0.042613651925033594 0.04281723874524085 0.00695116920625438 0.02568799502758841 0.04029142922912809 0.03658955455097262 0.03510086090901183 0.03827965321914834 0.01756265532087981 0.025845047750195124 0.04631189215069981 0.04799676028989186 0.028548741332860176 0.024622635953754045
 0.047144832694364265 0.019762993099897097 0.07296239221977557 0.08307640307414137 0.08037612595716212 0.06666126712746724 0.02200420964505419 0.020143002780592376 0.06297206983190366 0.04747771370772682 0.014270658389213669 0.07518566918587928 0.0332824580340307 0.05036856587755454 0.03235880148443349 0.032271040591004455 0.039079342812773143 10000.0 0.0838981837920599 0.047139055099696875 0.07943255963348968 0.03669650381372814 0.1041450182318801 0.07281551327546694 0.0580126335774025 0.049424203445645694 0.10326507884691201 0.08049604376469291 0.01942983255754377 0.060428125819927944 0.0250649286878644 0.07358714901825686 0.06552542511110138 0.05932113542517284 0.008886623283457126 0.0040310678847913185 0.030545798825574393 0.09346741698107049 0.06019617358325609 0.09349558871735712 0.03783880231429272 0.03881964254324379 0.03906346289977196 0.06265310944240027 0.03530644793898795 0.05507210509694372 0.023513406867097873 0.07667875838855287 0.012845161885218307 0.055409464725928614 0.06074149427963636 0.07959269233286453 0.031563538036979054 0.08401454291734928 0.061307826452534124 0.049829790896337295 0.05688323310508778 0.026438928007186956 0.0718995690647727 0.03025926541726614 0.035492854253762834 0.05303345286989669 0.01722003867048421 0.04484793136092627 0.034089941454582405 0.014069701283233033 0.045266433842103625 0.09135915676449437 0.016895491104150076 0.03037464948788863 0.05508774062741747 0.05055105277032281 0.070775746026488 0.03134972590976182 0.00809151352882623 0.020428538756904476 0.03279507489992179 0.054983813978927105 0.03739294207889437 0.05676197270537492 0.010306137752192218 0.07695871360707271 0.056568115052156316 0.064508467022384 0.06201602926325897 0.06341636099074517 0.03771338138843136 0.051409318141178995
 0.03716593353463555 0.0691603990587317 0.010942082083991797 0.000871230297869032 0.006235075599483029 0.08694225234424163 0.06194370322643393 0.10266837642925411 0.054007682837864134 0.09162350404837317 0.0937462697350348 0.0850929172998491 0.06929594156851215 0.03363368166699933 0.05169723817873081 0.06298333668835111 0.05191559790643638 0.0838981837920599 10000.0 0.06526739069144674 0.063539747888404 0.05343241432078678 0.027388197775118684 0.07723367637691478 0.02593738326325813 0.0350372751676923 0.03161306638337798 0.02954245614605942 0.07944169336049947 0.026452285134301506 0.059482005069300514 0.05386213643547249 0.0577987223041405 0.045592391385080915 0.07824499440479639 0.08523125194023005 0.08751146786554877 0.03414034887774906 0.05564130310668429 0.03716794081924376 0.07719063880546412 0.06587356041995977 0.08022858654432159 0.06085334548835962 0.09552404960098833 0.02997736032700028 0.08831328572217892 0.04996886866148289 0.08653795685181319 0.0594606996459079 0.06658336594657495 0.021717756788603323 0.0890545923931245 0.002252163935543184 0.06802053294170103 0.09076619523670504 0.05693051961625072 0.07680655377097047 0.013171405645987259 0.06600305847831003 0.06509600405014004 0.041669283558970524 0.08218771705109791 0.0497319714566652 0.06722223089221327 0.09795912438402327 0.0436620395721932 0.03778461264786432 0.09544965447579272 0.08272869689419649 0.0500493907628304 0.06326732978025934 0.041869553954096174 0.07473291274782262 0.08999642058182607 0.0936252785508606 0.058376806819610744 0.02895649496773896 0.09185162879863307 0.08012124469394262 0.08391425105539657 0.04513392644928961 0.04347790538683689 0.03327396852118046 0.09020599138058194 0.09168352706667421 0.04913720276298989 0.032511391789558655
 0.0441287006329916 0.028330691088258548 0.056759466698416805 0.06442516371604523 0.05943867816269546 0.0991541901682349 0.03859511863666904 0.06571030840898319 0.018824780273667022 0.08719442133303947 0.046677956774086836 0.1043603797245923 0.063940492016707 0.04011872112406768 0.03910305445314663 0.05775071705388854 0.05417687393039183 0.047139055099696875 0.06526739069144674 10000.0 0.0968255477430513 0.020629671420961344 0.0920579798979375 0.09897500416288721 0.047222029060271814 0.037177900214111013 0.09464854370631243 0.07921547868266057 0.029526072318284774 0.03963387166368422 0.032176377884264536 0.08745889885294793 0.01973800719186671 0.07069872346986218 0.04930103393698182 0.04508510337944308 0.07259900832434346 0.09083551523294804 0.07791208749863443 0.09251748888516877 0.014937959016748437 0.00835328751288702 0.07543636089019276 0.016081767861247598 0.07949617224137716 0.04982221114156315 0.06755546148533308 0.03339015824561464 0.058466213238831014 0.009742193718770003 0.08464352096250907 0.07399346644715613 0.07406912633691995 0.06410812099550067 0.08585732965603934 0.08857574178407292 0.07594608617748773 0.022593177789640248 0.059019879603321536 0.01732271398427953 0.06273203556360572 0.06116562825991087 0.032866976522759786 0.059066411910853045 0.0630997614845525 0.05742222180495137 0.052881830133313004 0.09148454937042846 0.06403449622325533 0.07008807755215161 0.06984179204870984 0.003821769114868167 0.07842846849440693 0.06609534662093669 0.05516489567220775 0.06695942807411459 0.05354215849764321 0.045397278213402614 0.07969567865078882 0.0887307380327782 0.055162978965043644 0.08521195351146336 0.06649984252918632 0.06708371619578733 0.09726707643780978 0.09892522344485925 0.026152072790695192 0.04161539785157795
 0.053385572695529494 0.07939559156654077 0.059129859464344035 0.06343555201325164 0.06662778914319377 0.03259006383899564 0.0648947458970038 0.088570454296777 0.09763474034398191 0.05106021472760379 0.09367214562990063 0.025486436629878133 0.046640486291793785 0.05910983453090231 0.059088136204449665 0.047377775425439264 0.04444021150358217 0.07943255963348968 0.063539747888404 0.0968255477430513 10000.0 0.0763687414077731 0.059144539053738746 0.018271637982530044 0.05552966524375126 0.061954054375910485 0.05294438220587072 0.034788093520480116 0.08963088097626165 0.06727506118110159 0.06891050285790305 0.01031175241355651 0.10214073103606527 0.026237257410747665 0.07055490441900336 0.08306565914214614 0.059744577754469334 0.03897242150887184 0.019892540396865 0.03616801031773989 0.10014905350807314 0.0916701976263391 0.04720197523566714 0.10287158194188178 0.0643303994447433 0.050188554630370544 0.06580660342172773 0.10201868664044783 0.0722194945027021 0.09739716029716229 0.020130920046327057 0.042121296904266775 0.06041131196714874 0.06559793882819064 0.02026904160449195 0.048441427548812595 0.02285078634949059 0.0923445875295637 0.05429280641153379 0.0852770616283331 0.04395675198977634 0.03579101131171682 0.09021943100478746 0.038644687791624145 0.04550607354323119 0.08948101588851597 0.04396754021827062 0.03361614052888335 0.07927850040105851 0.055895562159543964 0.02726637245917384 0.09740434458308418 0.022336967165358296 0.05022440455145666 0.08004534705963172 0.07380318136294316 0.048378742125953646 0.055574397704646165 0.0587959966370443 0.03296292323708419 0.07195737508952763 0.01849589696645077 0.030464372339380784 0.03385107486879747 0.039228342260820705 0.03993288685362803 0.0706874276115294 0.05792759707085756
 0.024636180959279188 0.01769993992540556 0.04326344723111792 0.052561584596557916 0.048544792817121235 0.07914051084834443 0.020584585755752803 0.05682775752943068 0.028761526128778307 0.0690660579266552 0.04249573454043636 0.0839402504068808 0.044725858607445976 0.022361220552186874 0.01865183855261642 0.038069408745000664 0.03360261490823702 0.03669650381372814 0.05343241432078678 0.020629671420961344 0.0763687414077731 10000.0 0.07823756604409254 0.0784103185169888 0.030544561417577935 0.01979816422538836 0.07959126594498754 0.061407845585481 0.02645880875255241 0.027210096236504857 0.014105436003834819 0.06718108198639036 0.03238102939671852 0.05036978582213495 0.03532634211385864 0.03635078328069868 0.056037683403028775 0.07375809691651476 0.057309549043258946 0.07502749738873746 0.025887135036458786 0.01564174670106403 0.056821478327011135 0.030943684576733715 0.06364497611167733 0.03147306914599931 0.05233233120223045 0.04100118615774038 0.04510433416258278 0.023874929820368006 0.06406673849984346 0.057238511338448365 0.0576205498891397 0.052879678611661915 0.0652984618697984 0.07010178905242218 0.05531703949468291 0.02338657702694149 0.04416330185860962 0.012642440520019763 0.042995548685130475 0.04090620116360151 0.029508616841447673 0.03843733946422428 0.04363446158149115 0.049886773427638975 0.03240350469929537 0.07368020856038585 0.0525088184962671 0.05278730499689405 0.0492784500613609 0.02188200070179293 0.05873544420095875 0.047630523511944196 0.04450433993014295 0.053736058172838795 0.03348829695384909 0.02805521028552065 0.06285909902761407 0.06881436014421259 0.04176284308363011 0.06558701556550282 0.0462099159353115 0.04790536669316167 0.07773807165178233 0.07941622863219744 0.005880762489609811 0.02388920495302968
