NAME :TPP_input_15_5_3
NUM_VERTICES
71
NUM_CLUSTERS
15
Full Matrix
 10000.0 0.047603156701420755 0.01581065706064604 0.05482115387611604 0.02474862348769769 0.025068233584531537 0.03545011739394855 0.026358997930666282 0.03035526128803564 0.011265540150475862 0.06161970650406163 0.08141715002150819 0.06151367577392461 0.03533010159768149 0.07601713475470484 0.0425096495480369 0.03332712111889808 0.05365188011117248 0.01292395420239435 0.04000278854466405 0.04723192708991249 0.0647334228234878 0.07357070308704035 0.05250098869788883 0.04182966485389308 0.027710355002286358 0.016510753758348026 0.015775844197094952 0.07543724017049647 0.021486857495338012 0.021424093011304518 0.04312598719788234 0.032386898266193107 0.03645815952911819 0.07754625399766829 0.05445312887405648 0.07346160622242272 0.06134659433078792 0.06400585527873548 0.021615126507346358 0.028169595799087396 0.043828222397525915 0.02979171130658524 0.021716496672241344 0.00757923491132574 0.042501030737587285 0.039736709515275026 0.0340800470755041 0.03950270776070353 0.056102907327937726 0.053508905308709526 0.057149257445021834 0.054535360820718665 0.01821445607712523 0.017746873297978614 0.042032256098616494 0.027395951620796104 0.04103212269533742 0.015135614886429557 0.04265827486279649 0.05156081390774618 0.02565445967075869 0.056620965966767155 0.028447591109176027 0.02609704859911239 0.02095491673098042 0.025737045692895845 0.03083902183108702 0.03215228810141836 0.03609017370751435 0.031898645123442246
 0.047603156701420755 10000.0 0.05928404868945533 0.07401493604670585 0.0676608198900347 0.05891843477199457 0.05688750471475353 0.05253418421478902 0.018618752552182045 0.05269640774767586 0.036786215818044254 0.056064601957717015 0.015586697135778718 0.05887312210325245 0.06318201589709234 0.04609167352392389 0.07590339142591727 0.08436548385986034 0.0571510973154516 0.08118857534496467 0.07826596413319115 0.02062100897486123 0.035787113969776504 0.08898598693392755 0.025399485711522774 0.020496563705479007 0.06351239252136348 0.04671269481467236 0.04961793860066362 0.03642350974285753 0.026316094486799307 0.08164122028069662 0.04307042440400959 0.0484456027337426 0.06190482643932383 0.050134539364537864 0.048591330182128085 0.04574824049020712 0.03828256692501925 0.05883018703960138 0.01998715980012086 0.03142001527324837 0.06734254579492746 0.05212357239499031 0.04623981881754344 0.08017108894634736 0.046942403003695746 0.01822402158251228 0.011598426871387069 0.09219725156274093 0.08017476909491611 0.02994191710084578 0.08797721606540865 0.06248915860900554 0.06478973788678595 0.06355272095860118 0.03401202460727016 0.034918408896765535 0.05417169223529078 0.016381694398798045 0.0353805754257563 0.027390956666352995 0.036353213931613025 0.05012956076624558 0.06979160275452691 0.03634041725518458 0.05339265680827991 0.06496667299372322 0.05522045832607716 0.06659899198661222 0.04266714830810793
 0.01581065706064604 0.05928404868945533 10000.0 0.043744980170739405 0.029894206981879994 0.036426012366119476 0.04904707641603725 0.040134294702052924 0.043923436967135444 0.02326360679250492 0.06492588998198813 0.08279169500057476 0.07417619333629845 0.048422193111219945 0.0736971187211309 0.04006018236498933 0.01774983293083364 0.039023316901361724 0.00289882185477607 0.024260025351263818 0.032867532976491656 0.07385257234099238 0.08820894029550735 0.036820278111613994 0.04706607751374544 0.04102054235158915 0.017713044732510067 0.014428808091440289 0.07747279912298467 0.02549321342385851 0.03463133340950848 0.02735802522194925 0.03074987997369186 0.0515670327777016 0.07601733739793426 0.052121880868281206 0.07537193137173889 0.06171226592671602 0.06726409750129458 0.00885693341242056 0.0393032269887827 0.0470133263951338 0.038063451611307905 0.03521351976424713 0.013226802682275423 0.02682639265168871 0.05511603529349473 0.043031166166859376 0.04945496903146782 0.040423102988523155 0.040034320179372994 0.0724250255016529 0.039272140816924914 0.024020721260399357 0.018186582242840883 0.05486242115063351 0.04318309500440139 0.056829309489489555 0.006416139932845889 0.05065836796785268 0.06728438656929829 0.03332273768362272 0.059291134662377454 0.022906177857967402 0.010788033271765451 0.02524185958612063 0.03921947394039791 0.017150783116332495 0.04579493012383799 0.046774109017549664 0.0474476415540469
 0.05482115387611604 0.07401493604670585 0.043744980170739405 10000.0 0.07360979131080324 0.0791984290500233 0.09024910172173081 0.08116551353412993 0.06831731667477045 0.06532363087372613 0.0547017278778045 0.06258402039727837 0.08903990722356199 0.09014438451570023 0.04548534872467511 0.028627643694280266 0.03998202976163633 0.01929033496861975 0.045743332880275406 0.03768136478664579 0.018402766435783834 0.07753864265124248 0.10950095789714473 0.030685484091433183 0.04968090716171342 0.06560715881197757 0.06138502583060489 0.03980025144901411 0.06020796590850849 0.04261137834077435 0.0612702218874848 0.03219687457130632 0.03155316574373628 0.09010273357129356 0.04939984383820635 0.031847390529411795 0.05826258931914902 0.04453596191038754 0.056147719217533816 0.034990018831993874 0.059391565638499046 0.044612878895508266 0.08173417054598724 0.07653085016358364 0.047631720340145386 0.03029598996920792 0.0926365757745083 0.05646865976276482 0.06252713864006901 0.03155768037017147 0.011864521644394528 0.09879813027441513 0.025075866518848713 0.06774142340696719 0.0617377761230682 0.09683324378438274 0.07710464170558669 0.08960227216360712 0.04043728656061041 0.058344450594439184 0.09787423337179514 0.0498148519418765 0.04941902557636735 0.02813528537060722 0.04229942102973283 0.04306678958570134 0.08055764978085267 0.027120054482346053 0.08695530792407855 0.08996837871093001 0.0845697500100624
 0.02474862348769769 0.0676608198900347 0.029894206981879994 0.07360979131080324 10000.0 0.013805734911776557 0.027670102115388426 0.021950907994002216 0.049071606892289475 0.015322881351015729 0.08622733812872327 0.10615697856422215 0.07937539972101565 0.025838226628798932 0.10034983435112703 0.06654070858494654 0.03978483922864459 0.06669284995011404 0.028163381472991723 0.04635558739058189 0.061172475223978104 0.08672360620179287 0.08600927194990292 0.06123706386018759 0.06625655008967297 0.047239781566703734 0.01223556222181414 0.03890524220811839 0.1001458208557332 0.04622043504725528 0.0420950509518262 0.05178827968841463 0.05645250846076154 0.0352620445418036 0.10205755395444836 0.07865477277844067 0.09818258466630882 0.08605682095101141 0.08860881389013325 0.03873026557809896 0.05026379549448956 0.06853998490451796 0.009484498485372807 0.01863810190362473 0.03147362017036115 0.05216041776308004 0.039743497358639614 0.05731433800001945 0.06176920661232399 0.06459397369241793 0.06901205421796498 0.06775591198325169 0.06548292474924403 0.006613518948700082 0.012016910678023832 0.030590805497580725 0.03744121994529878 0.04810234907165562 0.034220201935301904 0.06605206782678615 0.05895181770122062 0.04986747665570918 0.08132355631964751 0.05085970339211889 0.03374076353965732 0.0456950922720683 0.020544014039685057 0.046699842090715614 0.02532885389633324 0.019814196575873997 0.03493236910731328
 0.025068233584531537 0.05891843477199457 0.036426012366119476 0.0791984290500233 0.013805734911776557 10000.0 0.01425474657165524 0.008400241386223207 0.04049974020575971 0.013953821145663388 0.08253643590894781 0.10317312247114349 0.06901810651970679 0.012812089625860501 0.09993451703175414 0.06705304962824152 0.05005179907114556 0.07525547950393094 0.03394210578109428 0.056931147108815486 0.06923707499420913 0.07895777468718933 0.07347602214887776 0.0713993502431491 0.062377952059266425 0.039320842020575765 0.02151149479722361 0.040842010277636336 0.09686013358512012 0.04505686221065048 0.035477798754504845 0.0617551027570778 0.05701736710869822 0.021482496781929757 0.10109046516040025 0.0787111838864483 0.09503104793133464 0.08424755319636508 0.08486233510394589 0.044571552303667 0.043988929381345805 0.06576636698005495 0.008618398655793108 0.006798714406654763 0.03264675263031593 0.0617767928823404 0.025973823348222003 0.05177779888153417 0.05500031324454979 0.07490341052294773 0.07644265797777992 0.05503474132198731 0.07489784651895684 0.014541465934690816 0.0220607211160395 0.018694546908003047 0.0261002011825716 0.03509924706653342 0.038766471188747285 0.060352623578152347 0.045718173190067796 0.04617595920269732 0.07823334229717607 0.05350767041860686 0.04322125441129132 0.04447193594462578 0.0070163808024229935 0.05349451119584484 0.01162432407045148 0.011026819294777565 0.021732149948148902
 0.03545011739394855 0.05688750471475353 0.04904707641603725 0.09024910172173081 0.027670102115388426 0.01425474657165524 10000.0 0.009092316897165581 0.040057923131313664 0.025783594833913126 0.08573951123170011 0.10666612043155567 0.06410900332216703 0.0025035253881525435 0.1059636303496133 0.07464978757910944 0.06380727043558015 0.08806842937019932 0.04634948930811752 0.0707339138039831 0.08185767558852033 0.0775007513470593 0.06441612747055506 0.08496528046453979 0.06608401558371431 0.039921761027192575 0.03555004955606407 0.05070797243431396 0.10015823416696401 0.05230511926185004 0.03821232050228031 0.07530714944447836 0.06502733008323162 0.010184911726558216 0.1065911661453792 0.08559120878796113 0.09850362799455611 0.0892898837544608 0.08794670767376095 0.05655318794760968 0.046210174390829514 0.07044576183328989 0.019836353193490346 0.013890118086055786 0.04266017209376626 0.07518984391723892 0.014239210290233499 0.054260466171742364 0.05581630369636164 0.08850968226406626 0.08864101920481605 0.04599776751665216 0.08812243221006036 0.02873152463725547 0.03618787572218424 0.007381149201900708 0.023080403543923322 0.026355228488507153 0.0503179866986651 0.0621583754132965 0.035584456724446864 0.0510247933909103 0.0821746649376676 0.06321610608763616 0.05679921227105481 0.05171160362192165 0.009845596875441754 0.06571603807366336 0.003299467051866153 0.012121824202531186 0.014388024125694843
 0.026358997930666282 0.05253418421478902 0.040134294702052924 0.08116551353412993 0.021950907994002216 0.008400241386223207 0.009092316897165581 10000.0 0.03460130835403639 0.016910903421667265 0.07882550800662398 0.09968272775646358 0.06166054233459287 0.009193316552291556 0.09799598840208813 0.0661307048971249 0.05537676266799642 0.07912879776603131 0.037396998876847574 0.0623239220296863 0.07287903541758416 0.07292038100523303 0.06519330546313101 0.07634256288219016 0.05887010524260702 0.03389987698330378 0.027674748088875326 0.041680865586452995 0.093244203833658 0.04378417889454964 0.03113152395917779 0.06669389713057754 0.056373708898631594 0.013452837427314566 0.09881113106112979 0.07730548841502365 0.09151012270479958 0.08163961179547903 0.08109198064079327 0.04750519491752324 0.039481547326260615 0.06286533326214713 0.016623000211584037 0.004936263040825271 0.033599540145425245 0.06649609802893648 0.017879605329703407 0.04749571242168258 0.04987026979016819 0.07990772139700322 0.07958966564942255 0.04672108263145998 0.079319065088999 0.021342853450776314 0.028468377939902322 0.015907473864355988 0.018801221333537975 0.02674432894651976 0.04124132421672625 0.05577043876150466 0.03731929341871279 0.04325557114793637 0.0749353165911329 0.0542348811444081 0.048260284260520266 0.043189177506060286 0.0014074593706916946 0.056685952976206995 0.005793513729767345 0.014163518517956615 0.013362123598975624
 0.03035526128803564 0.018618752552182045 0.043923436967135444 0.06831731667477045 0.049071606892289475 0.04049974020575971 0.040057923131313664 0.03460130835403639 10000.0 0.03423037087871992 0.046646264691837934 0.06748045752636987 0.031247891283086696 0.04177915622184351 0.06972818934430339 0.04384618214300616 0.06141668856861512 0.07475630486870369 0.04143386691960888 0.0673909926022955 0.06829421177954198 0.03846813130694586 0.044606819634036336 0.07726769139554258 0.028403877007833773 0.0029977253211013162 0.04554574590607674 0.03366327110734517 0.060906167376511104 0.02606690576928416 0.009292840099555963 0.06892698831042292 0.0370587152690686 0.03299755792369357 0.06955166949859708 0.05196278780149642 0.05940711066750181 0.05217912571125188 0.048715654136215605 0.0455001546360242 0.00935644993093459 0.03391700168747551 0.048833860118606805 0.033732192929257436 0.03073048575218931 0.06774472756545753 0.032746084246633875 0.01601724603182816 0.01586202927389168 0.08071173646528114 0.07194223838504571 0.0307915723885278 0.07743061319136467 0.04403441711066724 0.04682168941991319 0.047152110484855916 0.017088975525123933 0.023798347363432455 0.03983352996055068 0.0225981663818783 0.02993804880588075 0.01863634728758965 0.043916775199230415 0.04109157666429958 0.05470392604185709 0.025708413746193943 0.03533121641470798 0.05314809669847636 0.03795844689008671 0.04876360838521692 0.02664876462480334
 0.011265540150475862 0.05269640774767586 0.02326360679250492 0.06532363087372613 0.015322881351015729 0.013953821145663388 0.025783594833913126 0.016910903421667265 0.03423037087871992 10000.0 0.07138491416625846 0.09160351778814105 0.06507675028304767 0.02521933703633703 0.08702780230699278 0.05369257386243063 0.038705822196302406 0.06228509922303067 0.02057764260459246 0.04565228224626631 0.05608922808273611 0.07147296269443425 0.07383500807541603 0.05948237614737273 0.051291918111460603 0.0322044255827224 0.012869728047638149 0.026974576601816427 0.0854701340501391 0.03219730784350444 0.02683781685046226 0.04984565154350065 0.04358493015093724 0.029088925906906125 0.0884268372000452 0.06555796328137252 0.08355039479429366 0.07195287424989888 0.07375548070273635 0.030948925504573354 0.03494620981969825 0.05395109315811719 0.018709156718565562 0.011976284678836054 0.01881919906219869 0.04960691254081409 0.03304215077859247 0.042018255752773896 0.046459648702438724 0.0630571821292637 0.06299698565717361 0.05617961270334146 0.062408559143068 0.009804096791753434 0.014014525012455401 0.031761999666548794 0.02511773055716761 0.03774228306924863 0.024940541921395637 0.05075784247517521 0.048753065398913956 0.03486050331183427 0.06666772669620116 0.03961383667404476 0.03150326300491259 0.0316341080610115 0.01595944495673044 0.040033200567026264 0.02253339880018389 0.024925306270771868 0.026082762750634213
 0.06161970650406163 0.036786215818044254 0.06492588998198813 0.0547017278778045 0.08622733812872327 0.08253643590894781 0.08573951123170011 0.07882550800662398 0.046646264691837934 0.07138491416625846 10000.0 0.02093089118971896 0.046176395766937314 0.08712512601895386 0.027134698727112865 0.02900623097727131 0.07596235017112961 0.07134101482875033 0.06427319702650255 0.07858862432707668 0.06697368303907919 0.027227296571777065 0.06899986419129495 0.08011764956693908 0.020173544019598248 0.04609498438177434 0.07744592895175827 0.05069126734576764 0.01442662572332641 0.04064821920005946 0.04770599522908484 0.07619534465495953 0.03510939170934285 0.07955246253689938 0.025310258118940387 0.023034611183793467 0.012787703493728207 0.011814286108661975 0.002387747772876984 0.05945452630942895 0.03952973507543374 0.01804606313326703 0.08962122799510625 0.07643674312408572 0.055888886627770744 0.07423740694352451 0.07937734868537126 0.031479403332112646 0.031106554695522284 0.08238946887202389 0.06486943543876675 0.06666558562675598 0.0765299006143375 0.07979108468854382 0.07855552585732242 0.09305131203913734 0.06345229340097759 0.0692777752106165 0.058511280889304323 0.02407771519743527 0.07177999835955794 0.036560674206721884 0.005906810031801425 0.04446506736548257 0.0725512926073122 0.04109375406423378 0.0791757869329361 0.06050986585507197 0.08321630244208043 0.09255476155335325 0.07312969135402698
 0.08141715002150819 0.056064601957717015 0.08279169500057476 0.06258402039727837 0.10615697856422215 0.10317312247114349 0.10666612043155567 0.09968272775646358 0.06748045752636987 0.09160351778814105 0.02093089118971896 10000.0 0.06256086374296915 0.10803762573632944 0.019722047114240828 0.043538756410845605 0.09146347624297613 0.08129430281936323 0.08255258623417967 0.09293648209096204 0.07823367917867091 0.04137142659462286 0.08479789681228354 0.09159294719912944 0.04085278488384663 0.06700629284927728 0.09672225414274348 0.06910773042717008 0.006582773147185938 0.06002733339302086 0.06858998911322114 0.08950890121105752 0.05206584447411118 0.10043621496971385 0.015531055468767287 0.03290677282580719 0.008172889769619975 0.021195374608805453 0.018775078068011385 0.07623881268087616 0.06045605145001968 0.03765679077708503 0.1100445091549007 0.09718279849545086 0.07517529208887913 0.08746954983797077 0.1001640300985302 0.05240808070819017 0.051789276218441364 0.0932489795236465 0.07410737365429469 0.08531318326774234 0.08693366697059655 0.09962928269296416 0.09776701908419792 0.11398111981975935 0.08435598935356134 0.08972622385053136 0.07643255334153623 0.044882306554455575 0.09143699540658586 0.05702123371159551 0.024964903768415352 0.06071725629667326 0.08915304673209494 0.06052940301473534 0.1000035331153362 0.07542973984960229 0.10412814360989635 0.11332987557369253 0.09402624520179835
 0.06151367577392461 0.015586697135778718 0.07417619333629845 0.08903990722356199 0.07937539972101565 0.06901810651970679 0.06410900332216703 0.06166054233459287 0.031247891283086696 0.06507675028304767 0.046176395766937314 0.06256086374296915 10000.0 0.06638374085154541 0.07331088557371172 0.06073289089231522 0.09110832994470146 0.09989934322934257 0.0719041678471447 0.09654984693402931 0.09382910291821202 0.021420985066055755 0.02282755392494069 0.10456429907884951 0.03962576558838254 0.033804239734670755 0.07675279518912768 0.062062205939839084 0.05664773589266659 0.0519631278886796 0.04012437695535874 0.09714998500979115 0.058457858501731776 0.05450693662043592 0.07131940825458304 0.0632973897708987 0.05614244277335705 0.056800779512626735 0.04704696188514821 0.07420318851268912 0.03501797800925516 0.0453181527293728 0.07762999594276838 0.06230948155386252 0.06099747631761156 0.09570318113738245 0.05185146141210132 0.03379661487999512 0.027090183984005672 0.10778190403357009 0.09558561020691772 0.02515997894716615 0.10355477052542872 0.0748298137020177 0.07802629297154512 0.06991449891548775 0.04295460098625803 0.03874201923960438 0.06932538925615413 0.030734857807399204 0.03450698537605566 0.04293179614357333 0.04741583345463201 0.06570061678028534 0.08481377023863107 0.0518622397518872 0.06274097861088765 0.08051821061102046 0.06313084821326706 0.07510025179694006 0.049808195162049186
 0.03533010159768149 0.05887312210325245 0.048422193111219945 0.09014438451570023 0.025838226628798932 0.012812089625860501 0.0025035253881525435 0.009193316552291556 0.04177915622184351 0.02521933703633703 0.08712512601895386 0.10803762573632944 0.06638374085154541 10000.0 0.1069274776398867 0.07527886096796292 0.0627507582051141 0.08743126820991488 0.0457826021648513 0.06965420980248313 0.08128294463085392 0.07946811245388621 0.06691158628431881 0.08401588671282285 0.06735031526149489 0.041505226129335965 0.03430209898725554 0.050798072876356286 0.10155091158099513 0.052925915035144516 0.039478652294739104 0.07436006473666582 0.06555217547130766 0.012672357474488197 0.10764577602127123 0.08637532130099561 0.09986844488012787 0.09039698794501984 0.0893533231467928 0.056139769702813015 0.04761108646634816 0.07157259994801426 0.017666569576134637 0.01361412095580751 0.04267562957993724 0.07430657711039562 0.016741400011874533 0.05566493007188933 0.05745606005309736 0.08754161371546185 0.08820933438102505 0.048485356876647366 0.08732707225722518 0.02735251765445234 0.03487116057442932 0.006730044978809602 0.024936933915860958 0.02880003622466441 0.0500042129547266 0.06368721051949341 0.0380869637192345 0.05205255427450064 0.08344324502278815 0.06338454161818279 0.055826763198533975 0.05233108624224026 0.00960734024856703 0.06525011836221593 0.003909834761517457 0.009620198054177896 0.01658982073665298
 0.07601713475470484 0.06318201589709234 0.0736971187211309 0.04548534872467511 0.10034983435112703 0.09993451703175414 0.1059636303496133 0.09799598840208813 0.06972818934430339 0.08702780230699278 0.027134698727112865 0.019722047114240828 0.07331088557371172 0.1069274776398867 10000.0 0.03391285092776155 0.07907107224818967 0.06471269933193625 0.07411283746250145 0.07934771453578983 0.0626123826193153 0.05383871359794691 0.09613449158759686 0.07572784175411724 0.04132875414452022 0.06842976971161319 0.08961138321588695 0.06157992647572789 0.020903512518999808 0.05491201835062748 0.06816546162096024 0.07510349156174503 0.04391758828589425 0.10137389934140897 0.004283502324555396 0.021737038262801562 0.019976568040245363 0.01770454809188462 0.02642452680709003 0.06595290600329859 0.06116932992530787 0.0359828204138081 0.10573034103894904 0.09469386146157727 0.06890300385297092 0.0730576923790272 0.10197744982207146 0.05371356077230388 0.05558321507775081 0.07693519507821156 0.05732158976729062 0.09310472790006409 0.07047921688713611 0.09373883322696726 0.09049228079686558 0.11333711692415749 0.08535568020605824 0.09336540989768288 0.06771207926061143 0.048483538341101716 0.0972728059999854 0.05495214196046278 0.026869163313409272 0.05079153697992601 0.07809968260920017 0.05549073139663397 0.0980397824268115 0.06305924728985675 0.1030763145887211 0.11070325045828619 0.09491465687667869
 0.0425096495480369 0.04609167352392389 0.04006018236498933 0.028627643694280266 0.06654070858494654 0.06705304962824152 0.07464978757910944 0.0661307048971249 0.04384618214300616 0.05369257386243063 0.02900623097727131 0.043538756410845605 0.06073289089231522 0.07527886096796292 0.03391285092776155 10000.0 0.04800816164750412 0.04296839503267041 0.04029475943481438 0.0499690739548728 0.03817915322744221 0.049112650736776356 0.0818536645821526 0.05118708599269596 0.02115330002152028 0.041607233702894424 0.0556986225858263 0.027686050365890665 0.038929466661591305 0.022353999534121056 0.03906523156089563 0.04726065938518842 0.010128420525815758 0.07165522463726433 0.035998783229470366 0.012178079751099139 0.036793937333590335 0.02238166617872675 0.030981468487452226 0.03287238315681312 0.03449045956397069 0.015998882713213012 0.07230100907709593 0.06235270946870877 0.03519933206395463 0.0452842179661216 0.07313028920171817 0.029601737222650443 0.034916941352629446 0.05357283417882422 0.03705682926036781 0.07286695540609538 0.04789916922135507 0.0599400115376456 0.056581372287740406 0.08190528223939102 0.05647345895914447 0.06710737281787924 0.0339261331151639 0.030007155521828175 0.0737261460248017 0.02567255880705105 0.023153490911155813 0.017348149735114775 0.04565760097899219 0.022948632972436895 0.06597653113437778 0.03209437875986134 0.07156056932507028 0.07800367824783805 0.065409550012362
 0.03332712111889808 0.07590339142591727 0.01774983293083364 0.03998202976163633 0.03978483922864459 0.05005179907114556 0.06380727043558015 0.05537676266799642 0.06141668856861512 0.038705822196302406 0.07596235017112961 0.09146347624297613 0.09110832994470146 0.0627507582051141 0.07907107224818967 0.04800816164750412 10000.0 0.02784010796824531 0.020522499708061092 0.006949651324543006 0.023425939919570028 0.08881985137245008 0.10585989401682727 0.021487233085362583 0.06045063359809758 0.05847308349474649 0.028648547990667513 0.029296192480853214 0.08692876444170947 0.040263136345256384 0.05213579804804989 0.012013248974582783 0.04090680368034175 0.06776835387491746 0.08211127395998602 0.058879091028204954 0.08479279896194652 0.07037457410283654 0.07816165820206569 0.017492250308898265 0.056090408094419335 0.058976029259588024 0.04914814542265621 0.050478822677014576 0.030717997851632747 0.012579158922992533 0.07160738197969499 0.0587496704952573 0.06544250629761605 0.02491687648777995 0.03186591927991951 0.09017465394543557 0.02584081282242075 0.035792519599911615 0.028316060579665008 0.06871963220255789 0.060699021711872636 0.0743054797723463 0.021788546456470874 0.06556453045809527 0.0848876768867171 0.04897394840090942 0.07008288755385422 0.03149942405911443 0.007304132036052701 0.040185457482736095 0.05426876116564042 0.016104240087076272 0.0607069445893172 0.05909917845860797 0.06424298294731137
 0.05365188011117248 0.08436548385986034 0.039023316901361724 0.01929033496861975 0.06669284995011404 0.07525547950393094 0.08806842937019932 0.07912879776603131 0.07475630486870369 0.06228509922303067 0.07134101482875033 0.08129430281936323 0.09989934322934257 0.08743126820991488 0.06471269933193625 0.04296839503267041 0.02784010796824531 10000.0 0.04173193751831404 0.02294857808063605 0.0065515341537090545 0.09152399092997932 0.11849098214090469 0.01178455438684659 0.062374570002650356 0.07180734563093832 0.054815183180694324 0.04182935468319955 0.07844387836186886 0.04899520161342755 0.06633440652407784 0.016695679934305232 0.041707277765972564 0.0901011049028414 0.06856728760232425 0.04936710565220851 0.07642396115635196 0.06221050311309385 0.07305589890221326 0.032059067060186915 0.06689619857125263 0.05837837809663849 0.07576296432060632 0.07421926235167227 0.047871546229405225 0.015457029583685212 0.09335743709538956 0.0661531365042269 0.07280939831214513 0.012270432907964765 0.007431321325668394 0.10547105506129886 0.005786300853946258 0.061855169281787456 0.054773459294092955 0.0938229479524058 0.07962303126833324 0.09303384206146108 0.03859534047723116 0.07013509256294148 0.10257621312770311 0.05766793274931554 0.06568930367961676 0.034326613543317 0.03297659556022167 0.049265461458683914 0.07823565585772442 0.022895284048156637 0.08481156109381473 0.08520672369677398 0.08543793942398396
 0.01292395420239435 0.0571510973154516 0.00289882185477607 0.045743332880275406 0.028163381472991723 0.03394210578109428 0.04634948930811752 0.037396998876847574 0.04143386691960888 0.02057764260459246 0.06427319702650255 0.08255258623417967 0.0719041678471447 0.0457826021648513 0.07411283746250145 0.04029475943481438 0.020522499708061092 0.04173193751831404 10000.0 0.027106250522637113 0.03551183238509258 0.07220066497485532 0.08558854347333596 0.03971239293521753 0.04596354728103141 0.03856032245596273 0.01617763484363077 0.013582739504704185 0.07709731065693283 0.02425871004814866 0.03215369157412589 0.030256725082279584 0.030687488376998934 0.04871107180431382 0.07629323794147595 0.05243825145840353 0.07501248452902767 0.06158016121598778 0.06663003699298195 0.010765297160991246 0.03716662417455057 0.04627189145868243 0.035993531315959365 0.03248847963214525 0.010919231100340794 0.02971626157138459 0.052237576246994 0.04126963682309803 0.04757139893774731 0.043315464467544806 0.04251271452218608 0.06967342556343223 0.04210014118347063 0.022049804643121125 0.016818752912362348 0.05226936819648986 0.04030894275495416 0.05395163573382722 0.006415271524708455 0.049107835770501575 0.06443157877811473 0.03166056801131153 0.05872569793116745 0.023460009040225698 0.013427310796187475 0.02395192157524101 0.03651021463074602 0.019553341231618813 0.04308552867354483 0.044434512091330966 0.04455560802086252
 0.04000278854466405 0.08118857534496467 0.024260025351263818 0.03768136478664579 0.04635558739058189 0.056931147108815486 0.0707339138039831 0.0623239220296863 0.0673909926022955 0.04565228224626631 0.07858862432707668 0.09293648209096204 0.09654984693402931 0.06965420980248313 0.07934771453578983 0.0499690739548728 0.006949651324543006 0.02294857808063605 0.027106250522637113 10000.0 0.01978167867296861 0.09313051437132285 0.11195366636163437 0.01495537201625034 0.06427896959660548 0.06441991380615487 0.035476494517956876 0.03448956464808752 0.08877210313403025 0.04504935309407303 0.05815406208193973 0.006257924311001565 0.043963262638585146 0.07470772995235762 0.08263564937323957 0.06006751373412733 0.08664320916005434 0.07209795602172718 0.080703973239452 0.022358418553717972 0.06158670615036429 0.062234155108415075 0.05577831070775267 0.05742761199971436 0.03687528832345237 0.007676330883383536 0.07853095651565074 0.06365561166952784 0.07042824663055053 0.01824246285316102 0.02812209600794953 0.09657129930536201 0.019995908959486164 0.042602612442697245 0.03508881823243666 0.07557939121229762 0.06739863243847807 0.08102929544268175 0.027558758459705675 0.0700125256971645 0.0915377911964463 0.05396371955948754 0.07268208172542248 0.034532086546206396 0.014193939171402303 0.04504145828813878 0.061212383484327566 0.018114078706661624 0.06764236505862907 0.06582670507290873 0.0711317829069243
 0.04723192708991249 0.07826596413319115 0.032867532976491656 0.018402766435783834 0.061172475223978104 0.06923707499420913 0.08185767558852033 0.07287903541758416 0.06829421177954198 0.05608922808273611 0.06697368303907919 0.07823367917867091 0.09382910291821202 0.08128294463085392 0.0626123826193153 0.03817915322744221 0.023425939919570028 0.0065515341537090545 0.03551183238509258 0.01978167867296861 10000.0 0.08611769023274987 0.11215714206374133 0.01336975856498674 0.05683535869297135 0.0653374670156127 0.04914199002342215 0.03528198490124085 0.07496046919730588 0.04263192760589014 0.05982083797383816 0.013937654196671118 0.035952759231912115 0.08369000947335063 0.06627401766169179 0.04571243227068972 0.0728951831229879 0.05846851000627585 0.06880131946094395 0.02561847475951581 0.06053535010564393 0.05314736983243994 0.0700928985551986 0.06798520104046607 0.04135169898944022 0.01215626111829104 0.08690266479764737 0.060042003531894074 0.06674802757413428 0.015415973285912075 0.008458084430500895 0.09898172006439264 0.009897799644945403 0.056097271607788095 0.04918266755365701 0.08772857432416914 0.07308216601483286 0.08648450384915546 0.032137343159810074 0.06434547539758176 0.09602818494865274 0.0513861694886414 0.06121175469237189 0.02814194580645959 0.027683635017589327 0.04288443644914167 0.07201518061235523 0.016413945594955674 0.07858869032947681 0.07935242339122635 0.0789646084889767
 0.0647334228234878 0.02062100897486123 0.07385257234099238 0.07753864265124248 0.08672360620179287 0.07895777468718933 0.0775007513470593 0.07292038100523303 0.03846813130694586 0.07147296269443425 0.027227296571777065 0.04137142659462286 0.021420985066055755 0.07946811245388621 0.05383871359794691 0.049112650736776356 0.08881985137245008 0.09152399092997932 0.07220066497485532 0.09313051437132285 0.08611769023274987 10000.0 0.043429807146976585 0.09829204076683097 0.029347839274926842 0.03974882710255922 0.08116939610687876 0.05988879280385203 0.03570881665603799 0.048689418054556274 0.04463688852337273 0.09234268900043559 0.05036715164394919 0.06902422462139794 0.05135328392594447 0.04800007067416488 0.035438398424465854 0.03883688471959722 0.02748955814936295 0.0713277290467187 0.036721043274505746 0.033226966363231164 0.08723078092100356 0.07219846071221729 0.061693569059135915 0.09061119367117504 0.06736737216832606 0.03099198857086981 0.025242805589999463 0.10112586060175342 0.08604704761578448 0.045654604805809566 0.0960123820859937 0.0811194504557567 0.08242676407341469 0.0841703884288389 0.054566520209623985 0.05497233590531293 0.06797367087972278 0.023286225180185725 0.053593466989846426 0.04054760197886288 0.030180497676728556 0.05924754216807959 0.08361668867514695 0.04883888259839809 0.07371880986114238 0.07553282843390381 0.07578996714114208 0.08704312364272583 0.06328708328741191
 0.07357070308704035 0.035787113969776504 0.08820894029550735 0.10950095789714473 0.08600927194990292 0.07347602214887776 0.06441612747055506 0.06519330546313101 0.044606819634036336 0.07383500807541603 0.06899986419129495 0.08479789681228354 0.02282755392494069 0.06691158628431881 0.09613449158759686 0.0818536645821526 0.10585989401682727 0.11849098214090469 0.08558854347333596 0.11195366636163437 0.11215714206374133 0.043429807146976585 10000.0 0.12173755545285941 0.061140801545426386 0.04759704599514246 0.08654904224338575 0.07818508609451533 0.07909114664525808 0.06952736750534139 0.05380222676255465 0.11352021532155473 0.07816009670856697 0.054243302199272765 0.09409994165887993 0.08554663592726847 0.07870543018878146 0.07957905083154715 0.06983596138405204 0.09010004170156201 0.05163030432611368 0.0670908609971428 0.08180517986153885 0.06748636795534846 0.07514687296670643 0.11230908411944715 0.05030229725822059 0.053067899123734504 0.047030796308632404 0.1251389306639559 0.1149256351179093 0.018511511823468715 0.12156593804439751 0.08290195188057266 0.08775554692952325 0.06834379647484687 0.04886110645039858 0.03852720503703048 0.08441168443892945 0.05210861848356361 0.028940301518351384 0.06084556604551349 0.07016578431969346 0.08422925784136859 0.09898760775689441 0.06928731223672543 0.06651939168911626 0.09755029315617657 0.06460404131349182 0.07646871707565794 0.05187189520918558
 0.05250098869788883 0.08898598693392755 0.036820278111613994 0.030685484091433183 0.06123706386018759 0.0713993502431491 0.08496528046453979 0.07634256288219016 0.07726769139554258 0.05948237614737273 0.08011764956693908 0.09159294719912944 0.10456429907884951 0.08401588671282285 0.07572784175411724 0.05118708599269596 0.021487233085362583 0.01178455438684659 0.03971239293521753 0.01495537201625034 0.01336975856498674 0.09829204076683097 0.12173755545285941 10000.0 0.06894490529631465 0.07427096754848034 0.050097050933367714 0.04360496716396043 0.08832451668968352 0.05266368567557075 0.06832278062281545 0.009658326707302172 0.04792514940175119 0.08828704596708584 0.07946265891033144 0.0590734373668886 0.08625630540941455 0.07181133942029465 0.08199230800310225 0.0320658811378116 0.07030507042971708 0.06568445896051647 0.07062532945671023 0.07141203870260594 0.048014520654460525 0.010001099513027014 0.0919141817559153 0.07086200877531346 0.07766520858662189 0.0036033132784369652 0.019015949066015638 0.10744937789400114 0.006511653095378086 0.057247802100768234 0.049795331953782836 0.09009039731306345 0.0796189214383439 0.09325332013131213 0.038353807627512206 0.0759563758085089 0.10339033167962829 0.06166747860371077 0.07431221945427051 0.03928679635844979 0.028189947513357093 0.05281126022712524 0.07529864461906258 0.024203903779458486 0.08180839628290383 0.08058313541938286 0.08426772472351284
 0.04182966485389308 0.025399485711522774 0.04706607751374544 0.04968090716171342 0.06625655008967297 0.062377952059266425 0.06608401558371431 0.05887010524260702 0.028403877007833773 0.051291918111460603 0.020173544019598248 0.04085278488384663 0.03962576558838254 0.06735031526149489 0.04132875414452022 0.02115330002152028 0.06045063359809758 0.062374570002650356 0.04596354728103141 0.06427896959660548 0.05683535869297135 0.029347839274926842 0.061140801545426386 0.06894490529631465 10000.0 0.02722332312498976 0.05797758310263167 0.0326437438926863 0.03448833019854835 0.021721319802461555 0.027877952316560952 0.06315247303277519 0.021019756841477222 0.06054984741453259 0.04120271251429595 0.02505027890110546 0.03268893369796812 0.023795035583146815 0.022519640282180797 0.04309642077942295 0.02012649667183888 0.00612244872411708 0.06945485673418043 0.05633298113350244 0.036645963485023955 0.06138102285654233 0.06085296914886709 0.012402582076083586 0.015132078243291918 0.0717836654495857 0.05721418792089851 0.05386440078340743 0.06673314817967174 0.059890974413701774 0.05913404479525103 0.07344252524989808 0.044417668362212316 0.052059653365878776 0.04078430225540545 0.009032184969562887 0.05657688224442051 0.01643186367727634 0.0160936785078011 0.030014472044120416 0.05590748475285509 0.02206559369588466 0.059165042086254525 0.04643103018662284 0.06344233324873293 0.07247717078063677 0.05407921964793826
 0.027710355002286358 0.020496563705479007 0.04102054235158915 0.06560715881197757 0.047239781566703734 0.039320842020575765 0.039921761027192575 0.03389987698330378 0.0029977253211013162 0.0322044255827224 0.04609498438177434 0.06700629284927728 0.033804239734670755 0.041505226129335965 0.06842976971161319 0.041607233702894424 0.05847308349474649 0.07180734563093832 0.03856032245596273 0.06441991380615487 0.0653374670156127 0.03974882710255922 0.04759704599514246 0.07427096754848034 0.02722332312498976 10000.0 0.04317935517481636 0.030666275591740157 0.06045455576775048 0.02322084607500994 0.0064129370806393525 0.06593194836823603 0.03448563439889296 0.03348714491141194 0.06842329089941436 0.05014197974219105 0.05888222567681015 0.05100615433022809 0.0482345174667552 0.04250616762090785 0.007361299367071267 0.03247868487563028 0.047502654163073414 0.032622398943361997 0.027811124016676965 0.06474744962973564 0.033630770660716555 0.014863127403637754 0.015988225599241446 0.07771634933028315 0.06905841780987583 0.03369670341040359 0.07445157153385683 0.04199364839674329 0.04445721431781705 0.04713963423830192 0.017361007232549023 0.025615940276040618 0.03686120273219121 0.022258163074966357 0.03241885993129156 0.016129105557856103 0.043031870255736876 0.03823619472222745 0.051793527333774333 0.022844830454255265 0.03452634760320461 0.05015550200584159 0.037632952681925326 0.048039236801041 0.027044925684882103
 0.016510753758348026 0.06351239252136348 0.017713044732510067 0.06138502583060489 0.01223556222181414 0.02151149479722361 0.03555004955606407 0.027674748088875326 0.04554574590607674 0.012869728047638149 0.07744592895175827 0.09672225414274348 0.07675279518912768 0.03430209898725554 0.08961138321588695 0.0556986225858263 0.028648547990667513 0.054815183180694324 0.01617763484363077 0.035476494517956876 0.04914199002342215 0.08116939610687876 0.08654904224338575 0.050097050933367714 0.05797758310263167 0.04317935517481636 10000.0 0.028073224104161673 0.09094683013176756 0.03682525572647225 0.037199516387182406 0.040498770409208774 0.04575948458448061 0.0408269843525406 0.09156502005063116 0.06787501531685045 0.08891919313516457 0.07613570142153438 0.07983257681715021 0.026567648968943043 0.04450013346969656 0.05946327837850772 0.02095687714813578 0.023015606189518305 0.021584116149673874 0.04067331513070641 0.04503551841122364 0.05059031567270725 0.0559267070380005 0.05355874346505311 0.05687505833268552 0.06901392410966825 0.05393739274034625 0.007151792330166345 0.0012780258024940605 0.04011014854745017 0.0379590873191614 0.05057542122089506 0.02244237603471508 0.05916193934468609 0.06159601591223649 0.0420375136182886 0.07222246133337211 0.03938339688083754 0.02207628732672712 0.036363007770974246 0.026427442800495162 0.03446730703522134 0.032594200833983296 0.03054736043186234 0.03857295539760144
 0.015775844197094952 0.04671269481467236 0.014428808091440289 0.03980025144901411 0.03890524220811839 0.040842010277636336 0.05070797243431396 0.041680865586452995 0.03366327110734517 0.026974576601816427 0.05069126734576764 0.06910773042717008 0.062062205939839084 0.050798072876356286 0.06157992647572789 0.027686050365890665 0.029296192480853214 0.04182935468319955 0.013582739504704185 0.03448956464808752 0.03528198490124085 0.05988879280385203 0.07818508609451533 0.04360496716396043 0.0326437438926863 0.030666275591740157 0.028073224104161673 10000.0 0.06357297275969753 0.011223279840012843 0.02477702608521089 0.03539179654694556 0.017688422690717822 0.05032951301832181 0.06349199414367929 0.0398460742677262 0.061497318884268286 0.048258056476285095 0.053047423663233714 0.012143809023955133 0.02714207021054433 0.032699611619189564 0.045148939138120354 0.0372434666818703 0.008206240284035897 0.034129604691183285 0.05299841899573725 0.0294726642807638 0.036146860488563186 0.047057508093834875 0.04019387862353223 0.06399276287635854 0.04399961852166831 0.032325391719668035 0.029004155557694655 0.057526088912903846 0.03812876193730329 0.05133085339261024 0.008169371193521461 0.03660942138254505 0.06074690051900471 0.01968662023325954 0.04514776449753793 0.012675376823871563 0.023729371968086894 0.01105031442435351 0.04119495103224119 0.019543508811742796 0.047435860241787677 0.05186054762674966 0.04493294961674838
