NAME :TPP_input_30_5_3
NUM_VERTICES
146
NUM_CLUSTERS
30
Full Matrix
 10000.0 0.0659267256117468 0.03554036638275071 0.07366501960311353 0.07054097811495035 0.07669409097269918 0.04503929108584289 0.08090928353743909 0.006040634497674763 0.07129040333814844 0.07992965930207235 0.0618229670346927 0.015277878303457842 0.06007851568078287 0.0851005579703026 0.07341465315388601 0.022741009552333456 0.10139577975910107 0.01678490855211781 0.06668239706562985 0.06125255071892046 0.009746588655348845 0.054824672367250284 0.052603994698978654 0.023861981127888288 0.0207862744886696 0.10059374079356101 0.01317199971110903 0.07369921373180431 0.023550543051667813 0.04984995347190284 0.04650616166681078 0.031540642675217063 0.07507983334562336 0.03859827208804694 0.04464216774926069 0.05859806277728043 0.019994595302322775 0.09034129402774681 0.03219340256507852 0.03936952142873426 0.08532149235242617 0.052405772424192386 0.05757773027312289 0.038375934221553866 0.07078022690361167 0.03262349780005225 0.08639195460627504 0.06344236182799966 0.0889945542221834 0.07674038450421464 0.06999321712803838 0.04666529830291889 0.07961392520383193 0.04187678735018504 0.020485667921476915 0.09032466181877369 0.01039580947562398 0.020024353224718783 0.10546181806983417 0.06927629934635446 0.07557763765820437 0.06919102147723587 0.054257237712817735 0.04171641142923951 0.058999775605560766 0.04645160187726741 0.04034508422639962 0.06751662828133487 0.01807588438251972 0.07629839089839528 0.017498615276423504 0.05812140655340479 0.06827029147959697 0.03987507799559701 0.024224270294388995 0.0639420812820132 0.09271820815058571 0.03773015730958199 0.031766989281006415 0.038203796713400746 0.06196244508634234 0.06151918684362571 0.025084051586564377 0.07461562411358821 0.046232273818899675 0.03957158155155842 0.0642114784236429 0.022668838395679226 0.03513351507245667 0.034522020366798835 0.03592682300991019 0.016933478037394336 0.08620228645849659 0.05093804059928314 0.013698526652011685 0.04979008614487316 0.06538920578492888 0.09391841695929705 0.05373207675495641 0.08938624192338589 0.07629219700071661 0.07388634055752187 0.09139964848216355 0.06513089713058848 0.06279612591731201 0.03469939993805254 0.03029237861083275 0.04246733285071232 0.01430028853823033 0.04413749535183429 0.03342726176144545 0.07158937489574523 0.07062419850702428 0.05209171043559455 0.057981188216621966 0.02936551118254738 0.05841683415631278 0.020026258699731615 0.01734290608054874 0.08284863261502787 0.037468633979711424 0.05553231378050253 0.047434259274042816 0.07099647783399848 0.025677544640686282 0.016519799482829264 0.05722294184830025 0.048031826425769295 0.07721004462517268 0.009972204321118122 0.06945581049254476 0.020560814441314263 0.03908655503207532 0.08580946914760544 0.11434085640897886 0.02540386883183974 0.09039259598569471 0.08003696819823373 0.04634105175210722 0.031796695043151385 0.02069517271931817 0.06889008655300094 0.0855672894640446 0.10303402299321113 0.030280758061950918
 0.0659267256117468 10000.0 0.07469772518462653 0.022107040958177903 0.005557676403917778 0.024784820452501247 0.03492556453656216 0.01704087297243177 0.06255708969937746 0.007180486609467679 0.016147500970413398 0.034714555106549264 0.055635643176420946 0.012396034671444645 0.042501873431654784 0.04583654709413282 0.051860724285250535 0.040717236449106534 0.0532958268807474 0.00553301344696491 0.038176082885318784 0.0646194957290226 0.07080123661017466 0.02713906930720225 0.04298477617539612 0.045271951303073085 0.03522524273139567 0.06511772419495662 0.04919090807014627 0.04266850744842613 0.016367205138467202 0.031746447669928214 0.05565040440826267 0.03601177746594484 0.03491882520334505 0.06135900175039307 0.0374788050373526 0.05524257416847877 0.02488945765473046 0.07788987003158049 0.02769986240271478 0.051953222125431936 0.06478177653037329 0.0426276892008071 0.04061004575547408 0.03098528902390951 0.04078123066775052 0.02213869200843149 0.03545497572503769 0.0232802309433631 0.02427659274104096 0.024438451488014202 0.020820916493102828 0.016783108835400996 0.061086598586142474 0.07066189609488814 0.033597015282541776 0.05916163737059224 0.04862491897486671 0.05189862566265867 0.009431624667324964 0.03881591152219236 0.02620233624836862 0.073318583022662 0.049218566813389084 0.0142364942119083 0.036279557398449805 0.02617875500888216 0.04231493896468814 0.04855896865630206 0.04300408179675752 0.049316472021522166 0.04585565952450859 0.024248390893437992 0.06337915548121341 0.04657728278837231 0.03495151529161347 0.038468846365823414 0.04483629090865739 0.04224623998648994 0.031127534439669327 0.04740793502917421 0.056931424939659685 0.05004194377291427 0.016982176539574224 0.021414328328040123 0.03462197630216099 0.05402308618731403 0.06471134425303707 0.04855495198269716 0.07846879165298852 0.03876266172060399 0.06364690636988299 0.043022621817660915 0.05017493824860364 0.06093414245525097 0.0341422740902785 0.062474551050041405 0.0373990606048458 0.03125887818959412 0.033550118887502915 0.014081961764038087 0.022997509550267907 0.04230781351538861 0.06503608066166344 0.060052878819681445 0.037190140554779406 0.049173537530981394 0.024204198355451005 0.05262160064384442 0.032016292248967154 0.03305580935552422 0.03772528537835586 0.013954827465593645 0.07354158956086189 0.07522895753925486 0.037756403648427056 0.04500341083407819 0.052821030068476764 0.05146279661471069 0.028998177260370368 0.03182252115133417 0.050703933845646434 0.05324833797078047 0.007399840923528545 0.04222142820108588 0.05078267841639865 0.07280360651053207 0.043496901460291226 0.01984081763243139 0.05820713584285446 0.04633505328845001 0.06531278861826591 0.027265151935882196 0.04304678849902685 0.056081528702997194 0.061458242511881485 0.03430248404544796 0.01534604836655281 0.02071283005866246 0.06330722003918299 0.05617804438110536 0.02761026036574952 0.020716679185288037 0.0381550273725165 0.06149306716096295
 0.03554036638275071 0.07469772518462653 10000.0 0.07154906420938281 0.07732847927249668 0.0736344466454746 0.06973780994097727 0.09171429301490089 0.030840563895030995 0.08164586311991029 0.08359251924058511 0.08570882483536442 0.027519988324356575 0.06408639220603626 0.10693538286152317 0.05847208609923804 0.053722593502756294 0.11510571713788015 0.04735100867025559 0.07791797286531219 0.050144314013083086 0.026065072583163425 0.0891520593575236 0.07402133097013734 0.04688220105771879 0.03934963183674853 0.1090186027335625 0.048576906786942466 0.0569903909231847 0.04492902957389056 0.0625729276282382 0.04412437342243619 0.019047589881695373 0.09710875085015064 0.03978368479974146 0.019841114912644852 0.08383312790955155 0.05240158051676669 0.09892657511630436 0.006595176707953752 0.05680450503873367 0.06943871441012593 0.08591630566710799 0.08467842066067434 0.03429888064774139 0.09187422325679757 0.03429642686582193 0.08945415965346679 0.05377386130473972 0.09696467340360085 0.07397297405114744 0.06630020523453546 0.054298809680948384 0.09122987676997496 0.01788440398351943 0.01525139906782311 0.10622070445451484 0.028939549136267985 0.03229588227271987 0.12370215140541795 0.07341888467192194 0.09850806329009609 0.0645284231673255 0.08897369738925837 0.07212722991169115 0.07449965298032032 0.0405968357244863 0.056404339459455555 0.053967153983864154 0.0434425899963525 0.10052947566671253 0.043586044475963 0.0861955098900679 0.0646370044718858 0.014419278940339274 0.05199686350706394 0.05453631981503023 0.11005018356346312 0.06655936705734233 0.03285906268511333 0.0588589010016769 0.09003938908428968 0.092303536959081 0.055396831103114434 0.07550072008608702 0.05367412015752943 0.040084413458203544 0.09388032096309375 0.014308821802305843 0.06542307742772037 0.005100526865516605 0.03596319525649303 0.019643912799254013 0.0753338964306083 0.08103794022744625 0.024097399461032384 0.04392575274826703 0.0970183713187182 0.08925080789726272 0.07694809048732067 0.08517038983710905 0.07951326247378478 0.0713201642580138 0.08258544986449566 0.0973607374359665 0.094187815047906 0.03787947323376439 0.06067772490730807 0.05204053895831271 0.033600819077994754 0.04314611003747372 0.045393144024110654 0.06084220260510301 0.07250823480932657 0.0869772105859795 0.09267391512899252 0.05056722173165373 0.04339786417468434 0.026495955108082718 0.04643257766104974 0.07898836489430439 0.05836157414886137 0.03711677314283719 0.028396767810352008 0.07664491970380297 0.03677681928053666 0.03343622409265452 0.09165092279037836 0.03609408813670922 0.09185731243237517 0.030624627763009716 0.09608012867175457 0.05585862029957032 0.05011185869076175 0.10764487178244805 0.13000911981304344 0.059892606957119336 0.10663910621553697 0.0846226132758767 0.05467175354390968 0.06640277641753742 0.022397091818907935 0.06346458059174503 0.09528701006375989 0.1123427993771811 0.06460324605518432
 0.07366501960311353 0.022107040958177903 0.07154906420938281 10000.0 0.018443647207862093 0.0032872312597302757 0.05401183590498485 0.03221752134288444 0.06892297337507969 0.02661777682145604 0.015668189950761375 0.05659537606200888 0.06022770748835698 0.015904884334429197 0.06345070752382576 0.02660519143086069 0.06557366600767085 0.05404782072275085 0.06501872874733253 0.02744185200851899 0.024010374322575908 0.06946184536281931 0.09044181974492865 0.047734540109885065 0.0542964047006911 0.05348212842219149 0.04189233770654976 0.07657896902858277 0.03025151363274423 0.05310335121341278 0.031890557052959484 0.02871087497725957 0.053617394243593644 0.05783677710716317 0.03580810471909077 0.054146615324996615 0.0590272732443892 0.06840940272238726 0.03370267386719227 0.07627588615926494 0.04196582484215396 0.030396660806485076 0.08449738567626788 0.06395831456946302 0.03878769602202768 0.052980518446515176 0.042366765287936065 0.01955160656747064 0.020207181017909442 0.03133995448382565 0.0031413247023273647 0.005571812432828968 0.028496414480685697 0.03339258534277051 0.05488945574508162 0.07214560045600973 0.05091367423371304 0.06474783084025268 0.05393616230702911 0.06861251660780775 0.012745763128867714 0.06070304763928321 0.0077746651951126925 0.09267624283964307 0.06782592826178804 0.03565021944424892 0.031215620156137932 0.039920904955770435 0.025090201644456363 0.05887795444087862 0.06497158464653861 0.059725308458382295 0.06716071578971171 0.0070247004261215 0.05795954016930788 0.05989454080492583 0.019438973151561283 0.0563484972718226 0.06248554918794475 0.043623825693304905 0.046710279558355716 0.0690371720530112 0.07819058147600134 0.06432708794968543 0.006726496694009546 0.028719922794824226 0.03497834115595536 0.07563128721717653 0.06531259692859051 0.0656583416275456 0.07615103197098298 0.03927152494372648 0.06620993061391256 0.02092060811441233 0.07040027351616623 0.06487719303791005 0.027721087185554105 0.08385377097670585 0.02031025256297844 0.052184266789525036 0.01577121757807801 0.012540879423518262 0.0009216433579644006 0.02114346555972735 0.08627233643836085 0.08130124141875548 0.039492352558824446 0.0649984221756506 0.032874718437087856 0.05937559995603046 0.030587465455823668 0.04110567303854451 0.018337162287124023 0.008183785770386745 0.09254889742343318 0.09496645492135901 0.050190499339863574 0.032039727468109874 0.05617045581465813 0.06290805708748443 0.009339297731229235 0.04722850449699416 0.03901238093741264 0.044931388781782274 0.016061869648075506 0.04799078778375496 0.05718275872199613 0.09262844821818539 0.03573576805753045 0.03948285224293005 0.06434145625867725 0.06840288296894093 0.07865369475381631 0.03626024131900059 0.06392670905275638 0.06961548841316058 0.07615552066975073 0.05185770962789803 0.017678845160022286 0.029195406227977273 0.07936951567735548 0.05834991973161872 0.009290892670427703 0.03270134835965137 0.045791896045850794 0.07731824725678456
 0.07054097811495035 0.005557676403917778 0.07732847927249668 0.018443647207862093 10000.0 0.02072071821068575 0.04046773630933016 0.0157248628774112 0.06692893165032134 0.008190658456578806 0.010595011412855952 0.039510153725027766 0.059637164531185685 0.013390288223676411 0.04504858065056254 0.04376737758675174 0.057182391717993115 0.0393935870458221 0.05839863813586814 0.00959150058609259 0.0375005733891793 0.06874574244223874 0.07624785467542795 0.03254998229831169 0.04795753889601059 0.049788280935120804 0.03176340128549804 0.07024282125057259 0.0472666260293345 0.04750955391049262 0.021506809465111836 0.03356999040421517 0.058326103066559686 0.03948283988313226 0.037774617974379546 0.06292903938774753 0.04251200781447377 0.06052160593130029 0.02159870294369858 0.08087077117009096 0.03290177838476948 0.048797642567583975 0.07022631396334943 0.04774588728024528 0.04303883823380788 0.034776559847623074 0.04395496460790531 0.016679423780453898 0.03439264395606831 0.01968153936667024 0.020151443756813717 0.021785943824076767 0.024518252923682135 0.016216341095391714 0.06289469635705333 0.07421357882734818 0.033853569445894814 0.06337383815067281 0.052675212085220406 0.052057648751738114 0.006081943998364894 0.042377843513185486 0.023809757214518994 0.0787932454897348 0.05476402414317064 0.01954866298299843 0.037819664300651305 0.031281382065411124 0.040867225220620876 0.05343885928731215 0.04670064863265109 0.05421551424227363 0.050973152158745365 0.021975411133154498 0.06539525655225807 0.05183208580908088 0.03379817533551117 0.03906854022501078 0.050391642969091294 0.04541001108453727 0.03652079119862606 0.05235280330405783 0.06203658388658701 0.055411727462790675 0.012494411410282867 0.025064541642440107 0.037349057884418016 0.05896143021529975 0.0680397052462518 0.054101166170931095 0.08130544402290774 0.04165426509304175 0.06734820574798822 0.03908712488088291 0.055570544383057675 0.06486857882375313 0.03526839609036691 0.06751532768620405 0.03209994213865917 0.03657018394513106 0.028395501806822803 0.008703412812040656 0.019363773044024098 0.03767417235262065 0.07013337953053517 0.06515536086902618 0.04042231803388573 0.05466139436708589 0.028313713811508455 0.05697380354637403 0.03423028437636485 0.03733339201701338 0.03547969452128035 0.01039795612568982 0.07904594047104484 0.08065894285819725 0.04283345792259789 0.044834222818211714 0.05655793431535941 0.056519197419060196 0.02427557899024963 0.03720339774077214 0.05098713655011878 0.05443503289609001 0.0024055960999415224 0.04625950916821799 0.05505424226591721 0.07822454685920531 0.04461795733868084 0.02127967713298772 0.06250558989825022 0.050777823941252645 0.07064156106801375 0.03155975050763044 0.04553768842765161 0.05501927309636549 0.06689418862762814 0.03468904068273681 0.009908454680691535 0.024592629336083884 0.06882888830996782 0.05972785822904159 0.025341384897909904 0.01824070377240674 0.035015802544878315 0.0670012550574634
 0.07669409097269918 0.024784820452501247 0.0736344466454746 0.0032872312597302757 0.02072071821068575 10000.0 0.05720530870541281 0.033605993066794904 0.07188323573172793 0.028796801959847816 0.016301678968582166 0.0594247236156693 0.06310664326740374 0.01918336573222239 0.06548288806999271 0.02609760788265852 0.06884508580966596 0.05467527653072966 0.06824400333922642 0.02999113290415316 0.025125092201253394 0.07231631013528277 0.09363555004631612 0.050796304441609014 0.05752973849559311 0.05660371259183137 0.04173042033294675 0.07977856204397639 0.02976707014825488 0.05631340192706939 0.035139077457294644 0.03135897171663329 0.055963097281460754 0.060203534612267795 0.03864195915955197 0.05584269412291195 0.061958779637617166 0.07166811516996721 0.03412189168757518 0.07851067616132905 0.04525268849511893 0.02862181035088519 0.08768273737204563 0.0669405510311444 0.04133987398240264 0.05545758809748169 0.04516500430546373 0.019156682690687807 0.02124806181543758 0.03175293270201994 0.0006516110582540505 0.007354815119852777 0.03175011281483643 0.03494476422537463 0.05671948833238886 0.07471280580142078 0.05224871226212631 0.06767341225703767 0.05689775072104984 0.06968457969391618 0.015354144990063951 0.0630971071674354 0.009158115896922017 0.0958885648152404 0.07105936597934928 0.03856114604402722 0.03358110185266521 0.043208121205832235 0.025335816966367847 0.06206869431589468 0.06740968294799284 0.06291721877512939 0.07015068389465635 0.009069910012326283 0.0598632222402486 0.06316415847009037 0.02045528032682601 0.05773211818172812 0.06574639991058864 0.04639141438713282 0.04999231144520451 0.0719563235416273 0.08119712690139909 0.06760715390435883 0.008341246963878168 0.03196387134213894 0.03778479070993117 0.07855982239830911 0.06783410586112991 0.06893305706792793 0.07830758893203706 0.04202404310419967 0.06890135289328331 0.01836698871538168 0.0735339012280031 0.06768536280061889 0.030025488911219155 0.08684004498940683 0.017224662674526006 0.05521541102915124 0.012692779524492903 0.013812756086543481 0.002831504344859469 0.017969499416683587 0.08928757295889764 0.08431161338049632 0.04237768199041086 0.06828529788700091 0.036120428853397175 0.062396654454298824 0.03333431449309917 0.04428256997336386 0.01807631108187772 0.010856260914377273 0.09577943211323442 0.09815570525884548 0.0534568662952683 0.03313694494092037 0.058982761305910035 0.06612832709041164 0.006166170615450987 0.05051241235773818 0.04019771872274137 0.04658248809002903 0.01831525864619036 0.05101685882989503 0.06019321645260815 0.09581032195060278 0.0376396317435792 0.04138759694488029 0.06730429992344435 0.07111920739737407 0.08190792561037503 0.039494532034092485 0.06593702822730872 0.07012043977786603 0.07943538743530112 0.053224985819258094 0.01845425706360744 0.03245939194636746 0.08265671554345284 0.06105476527090701 0.010416244771570604 0.03361995718381532 0.04568426698082671 0.08060541072510519
 0.04503929108584289 0.03492556453656216 0.06973780994097727 0.05401183590498485 0.04046773630933016 0.05720530870541281 10000.0 0.04342494221378312 0.04477571644404102 0.03644205360898998 0.0509995334165496 0.016845036986049593 0.04293599456694269 0.03841692693403785 0.04006397639547709 0.07006097668101162 0.023580477886388118 0.059309099366223084 0.028418575733906843 0.03213138334939617 0.058319088936478684 0.04891261042161688 0.036430660448586234 0.009416365658903162 0.02328017219315885 0.030475964950000076 0.06292978585791349 0.03814324509154483 0.07245122556707823 0.02496791715770849 0.02240199896046529 0.0429831301463259 0.05366526862089327 0.030061400919332456 0.038816471104200286 0.06549899211056295 0.014179945713791543 0.027174722797143176 0.05372746397337194 0.06993925069817067 0.01629456166472659 0.07960055415527903 0.030490166105517094 0.01530946860306952 0.04472702642343499 0.026022891740779416 0.039832324863960746 0.05666241708399841 0.05767926374429096 0.053221961579195606 0.05686398547694051 0.05377442785879508 0.029849892900976102 0.04148849307857968 0.06379125619853847 0.05912488024991789 0.04738357632317418 0.0436393549718292 0.0374429211819746 0.060926227257696954 0.04312964770751866 0.030559814510418636 0.05454581405649401 0.038718420875784566 0.014299591014481387 0.02154687611295123 0.04705177276423324 0.018045608106806103 0.06467619683821198 0.028111346043918805 0.031589726818380556 0.0283775833630742 0.017502054672490386 0.052696169276751706 0.06434579441713166 0.0208158456339347 0.05761650709180047 0.04884777424562054 0.010841127046809925 0.040776416435345984 0.011938526592133257 0.021052244515192012 0.026800748761938775 0.021134073064178433 0.05077594449099018 0.03011272139385653 0.0394713585623003 0.0262967086246723 0.05595752597870456 0.01493183820100458 0.07153323829001515 0.04063871673334784 0.05197221994438273 0.07382864023473339 0.0169064404088722 0.04769637999506544 0.04774387446941211 0.03253381362071731 0.07195451947431292 0.008826199751384652 0.06785063396975018 0.04893713858794037 0.054731379985140945 0.0751551606099258 0.03429462810304031 0.02964235494499935 0.037440062908591094 0.01754785132127134 0.027310886265497297 0.03722316232128517 0.041103604192273574 0.027306495681512003 0.06366748378227295 0.04692238092006197 0.038749141272152565 0.04095498126359103 0.019174712167943947 0.06152469573580961 0.04324283553933154 0.027698473194539566 0.0625178751908971 0.012154178268675455 0.06394007652276296 0.06118030365116178 0.04224598026770538 0.03358779152510378 0.03674314163849357 0.03862556841987912 0.05411281852302213 0.03641267733121895 0.042019592276786775 0.026347548753115627 0.03534558869840601 0.026048576112328723 0.04077204416863948 0.07065422920991472 0.029914388355783497 0.04722683985545765 0.049946578504208805 0.02883737637368037 0.029882697643131974 0.04734953539357727 0.055344763643361175 0.048474529458985643 0.06433461257605949 0.028447170079504567
 0.08090928353743909 0.01704087297243177 0.09171429301490089 0.03221752134288444 0.0157248628774112 0.033605993066794904 0.04342494221378312 10000.0 0.07808898836972172 0.01012370599930372 0.01784700980691821 0.03602939798615275 0.07179627258420372 0.028746783848053768 0.033297171292789814 0.058602514601614475 0.06427006110665351 0.02380553235771216 0.0668580087544778 0.014380373269527454 0.053147552792453125 0.08055167764298166 0.07594219977130647 0.034117729572836944 0.057259968487013695 0.06070251739750812 0.01992898008931317 0.0783926188331372 0.06219231723042206 0.05736268134439244 0.03127445302355002 0.048664754226084794 0.07266962088592255 0.03068901232187145 0.051930613517133045 0.0782331634675386 0.04011935853781371 0.06785559088190322 0.010303425596515791 0.09480368121648912 0.041612192840625985 0.062214279948282804 0.07004206812934899 0.04553223170411463 0.05765033968321455 0.0275788204781092 0.05768434218744489 0.019409377858943443 0.04993583788591147 0.010044754329830938 0.03296257508709011 0.0365553325039979 0.03761263772643658 0.002251321582097596 0.07804280814356537 0.08723302967883108 0.018696239276805752 0.07499645682323247 0.06477469113088105 0.03659191613716407 0.021479824948315667 0.03363275273440392 0.0387337006496754 0.0788420449638634 0.057085189436710884 0.022746922503815763 0.05310356392122103 0.04056465689620685 0.056183909248944335 0.06302562526959118 0.03809550531188 0.06370955109661637 0.048562495648371 0.03704550508590553 0.08038644025125086 0.05953307118101344 0.04931026770608125 0.02414294566786775 0.054227133279270506 0.059148652728098154 0.043757715386865445 0.04877157320145937 0.05903734912227503 0.06214391364291578 0.02551785737356132 0.03822369904737191 0.051652387301418246 0.055029514523474675 0.08146452185246793 0.05827759461949335 0.09543390842464904 0.05576015238000398 0.08010390434567198 0.051230518383296876 0.05529320965268931 0.07714748901148935 0.05074951339850569 0.06390226743039347 0.039223315178205 0.03674064995016617 0.03685511120452346 0.019803106605783577 0.03311047689740274 0.04785839187259195 0.066815092069894 0.062027511652520566 0.05408211317655796 0.06009231867830434 0.040611482156847095 0.06827598199932271 0.049029895624697055 0.04908687609297444 0.050269470262715596 0.025102448658518368 0.07960780538877531 0.08003769380444879 0.05178933279480829 0.06055043344741273 0.06929273163166294 0.06525330977717282 0.035086052307022025 0.04450930477179418 0.06670443912880118 0.06992755803216759 0.01746631827948308 0.058445074537586274 0.06659209747745462 0.07754133819680688 0.06012320046055109 0.010030350050398526 0.07390598008226662 0.04476015014586801 0.07741001475685694 0.04338783973718308 0.03363070890550004 0.039352873462497315 0.07269846711280326 0.019644465599941874 0.015635738426444577 0.037389744954872156 0.07328457572890303 0.07279839990152429 0.04032174856880075 0.005050155926306007 0.02212694832697106 0.07176931854409635
 0.006040634497674763 0.06255708969937746 0.030840563895030995 0.06892297337507969 0.06692893165032134 0.07188323573172793 0.04477571644404102 0.07808898836972172 10000.0 0.06827033254209333 0.07598229387800488 0.061613503447387474 0.00943073495522441 0.05588497569338731 0.08460042720430179 0.06762711054685794 0.02427149313799578 0.09928447427253077 0.01783998654308387 0.06374633564175086 0.05558332811956964 0.004905946980301986 0.05849954646560093 0.051587065445861065 0.022176914463354402 0.01738722045581683 0.09755339777574783 0.0179381503418609 0.06782973555685635 0.02130245240871527 0.046830550586980636 0.041251974734498674 0.02551358492777849 0.07453752535024756 0.03344364271732785 0.03871132396641605 0.058728260393048536 0.022232314732128555 0.08724266006990873 0.028279863317721525 0.036995576881045975 0.07954496072301265 0.05559536062006527 0.058264329840234524 0.03273909048246181 0.06996090256106172 0.027241429753470367 0.08242914349855622 0.057892288544015506 0.0857842343025396 0.07196161089042408 0.06503858504242775 0.0426670673568408 0.07692205715578913 0.03595897854917716 0.016406914123700978 0.08855269664411304 0.004493649740326657 0.014987239801356153 0.10428471515118902 0.06525785276756291 0.07526849461755934 0.06412976218905976 0.058199419607559755 0.043388142279457975 0.05674478686586902 0.04090347034110344 0.03769602354164629 0.06176302996255944 0.01673697662766877 0.07633813141070271 0.016407097449675872 0.059131343826913506 0.06329979636271274 0.03406671072220853 0.024342940004951834 0.05841632305025728 0.09126119030186897 0.038706350053986226 0.02628169195414266 0.03659130242706246 0.06301193305368938 0.06353030142923816 0.026361708824796038 0.07023885556390742 0.042190153110199975 0.034383622761686786 0.065825804931991 0.01727629397658888 0.03664816511931211 0.030461491635573244 0.03054190897338125 0.011499646864297606 0.08075535260572315 0.0525964315282175 0.007792039682621265 0.04431313569697411 0.06776064730401003 0.08908601742699315 0.05321502088835348 0.08456803701875873 0.07224128583820964 0.06909746726243642 0.08615279574652221 0.06775579902514442 0.06505648755278125 0.029592222399048285 0.03174697775600417 0.03863797490542431 0.009955261111256873 0.03895117958566272 0.029596246454050887 0.0660439939418938 0.06632184714013464 0.05616352170823691 0.06191008363413371 0.0274874182370701 0.05252303435829272 0.01416497283394124 0.01765126439577644 0.07801314672322762 0.035892146298941996 0.049522477432017716 0.0413943900317966 0.06721959849546581 0.02109569508435879 0.011948357614363539 0.060967730903513984 0.04215818795796094 0.07505818281159131 0.004582133190846177 0.0701165127669594 0.0250846096409079 0.035371988241166996 0.08531511939206596 0.11268707169990387 0.029108752711139163 0.08869220516864314 0.07622099617885077 0.04244310130409501 0.035615341962043315 0.014654633056894007 0.06375235261254769 0.0826106304822014 0.10015633252720779 0.033879424003889845
 0.07129040333814844 0.007180486609467679 0.08164586311991029 0.02661777682145604 0.008190658456578806 0.028796801959847816 0.03644205360898998 0.01012370599930372 0.06827033254209333 10000.0 0.016116410552312478 0.03277032575938448 0.0617811988366954 0.019454568609594082 0.03685797729073681 0.05180368708044846 0.055668138821410945 0.03359299168300901 0.057771031099244335 0.004694924432233102 0.044904745586113244 0.07060718367695085 0.07106254015856316 0.027660716320608212 0.047850144266003355 0.05089075274370426 0.02930945487691404 0.06946438816864363 0.05526335835857469 0.04779689050566011 0.021461912979979913 0.03891673523788774 0.06260786447545841 0.03148911501209679 0.041868334499919925 0.06853159635409053 0.03619676515432247 0.05918043391704665 0.01905902935311355 0.08468736802641276 0.03223718277715113 0.05698649740880892 0.06505779175745027 0.0415727593916434 0.047671255730301135 0.026988049052655193 0.04757043078115526 0.02075070450504939 0.0420005061671121 0.017850959418768547 0.02820991945134082 0.029912761427073265 0.02749167126442792 0.00963821857651203 0.06823811325645526 0.07713316812670164 0.02652900820143914 0.06507685615972501 0.0547568489498204 0.044836384902303746 0.014189826634230868 0.03441407757814236 0.03188715012149625 0.07377072709844355 0.05060864022598429 0.01490508902115279 0.04345943673978884 0.031013046309607797 0.04867354495025537 0.053563587646159955 0.038789089670943355 0.05427788601659479 0.04476774451861675 0.030013381374938693 0.07049916666328988 0.05066880317867047 0.04145001002900808 0.03152033826466754 0.0469583166381657 0.04903429256971609 0.03490297372517858 0.04575668433109051 0.055723624381268724 0.05366735276763384 0.02048664122179572 0.028103860469371154 0.041616349058562006 0.05230990202080372 0.07134247685576885 0.05088609420714561 0.08533148105480898 0.04568356638608767 0.07002352366561418 0.047138750477727934 0.05024828323683413 0.0671221723895027 0.041308739319574746 0.06102854299682397 0.038705987494093284 0.031150006491235803 0.03539251792076454 0.01584047141057972 0.027538864105847872 0.04530023817143039 0.06376246623675422 0.05881955006192134 0.04396704784117336 0.05214446856950801 0.030514263072793327 0.05840503028463293 0.039141208265115655 0.03907809708404538 0.04355089238924286 0.018586297116398746 0.07424686693284682 0.07536438624091879 0.04244538454195107 0.05193188597429704 0.059205715904284674 0.05606629536104185 0.03192234334405701 0.035640025386480645 0.05776218532333968 0.06042612669872898 0.010556207927127284 0.04840342592061613 0.05667101199524554 0.0728928535603935 0.0506688090045168 0.013226867648262102 0.06402781985198251 0.04344705562670909 0.06900470114029557 0.033346658534500195 0.03734813719970974 0.04891034701627682 0.06467267509990096 0.027272552988030618 0.014468789126400606 0.027266330454626054 0.06586971505514674 0.06268839400037303 0.033392441464640724 0.014346860218093165 0.03191151517168762 0.0642005134638842
 0.07992965930207235 0.016147500970413398 0.08359251924058511 0.015668189950761375 0.010595011412855952 0.016301678968582166 0.0509995334165496 0.01784700980691821 0.07598229387800488 0.016116410552312478 10000.0 0.04887315070061346 0.06819737650827007 0.020326245059159573 0.05080359956210403 0.0421969073968298 0.06755217785637728 0.03843432505025462 0.0684940089371217 0.01935132618866968 0.03901733857977981 0.0774276582388134 0.08656187606140493 0.04286864641195137 0.05792047496565149 0.05914776053885485 0.02662699200908054 0.08034488570537074 0.045857211709434215 0.057308318580977034 0.031815288595054114 0.03949011587707601 0.06488383148495733 0.04685699837928244 0.04503664379206571 0.06760089501307823 0.052207672187790474 0.070835832128685 0.01803666178197643 0.08767950230926343 0.043193773379323994 0.04465221365081699 0.0805406131396285 0.057544779874756716 0.0495233896831184 0.04275533062740928 0.05151949653314082 0.006462956621160009 0.03537319976336257 0.0156767015681253 0.015650366680302726 0.020857944995564346 0.03332112011405766 0.019497152399657335 0.06796842527247993 0.08198261068194009 0.036223266843429656 0.07221478406583313 0.061367126270388914 0.05342192410296901 0.010754011454833288 0.049823282535355604 0.02314118098611267 0.08916242365713584 0.0652991233805862 0.029821561200431806 0.0431130781173158 0.04147930143790827 0.04070880795142065 0.06325999840178892 0.05427235232534535 0.06405862186394144 0.06075622898234848 0.021854522816689342 0.07077823201438611 0.06212985025556757 0.03464528491075512 0.04174310049934315 0.06098368052678588 0.05293096379037488 0.04699531471741885 0.06184874560588595 0.0717582554373696 0.06583939901956531 0.009218853324484631 0.03379223099196399 0.04444054441512117 0.06841358211546437 0.07550883413790985 0.0646959282156864 0.08787484433612078 0.04886207754902507 0.07539884073606225 0.033412296808562864 0.06581028028790631 0.07328967297059771 0.04002486397876349 0.07710933159696952 0.02263120838392285 0.04672261486310451 0.019558614225239208 0.004080354327235194 0.016459979625412884 0.03016246820128223 0.07981830011877065 0.07486297063548042 0.0481470957890377 0.06521460107833424 0.03746247901719742 0.06605706132502848 0.04069621755769585 0.04651160651462861 0.033980052410178666 0.011161061473424902 0.08947785735096926 0.09093708058724677 0.05294465561524072 0.046934629149823555 0.06475827755311953 0.06655943974860291 0.01723933523613391 0.047664777664091856 0.05369222777075243 0.0586245980300829 0.009253080721574892 0.05500399173966149 0.06403785939606013 0.08848668233791644 0.04897471467554172 0.02672600415138155 0.07147694757620068 0.0594799875735778 0.08100757858136298 0.040853303441667065 0.05118729213015516 0.05396274601293236 0.07738981268433133 0.037234355880407674 0.0022217414961993947 0.033595498497187855 0.07940957536924617 0.06761691502272396 0.024732368729604014 0.01733933431537048 0.030428228469654338 0.07757084386501496
 0.0618229670346927 0.034714555106549264 0.08570882483536442 0.05659537606200888 0.039510153725027766 0.0594247236156693 0.016845036986049593 0.03602939798615275 0.061613503447387474 0.03277032575938448 0.04887315070061346 10000.0 0.05941637406899741 0.04300893881272974 0.023413642278399777 0.07743856584682565 0.03988668333383724 0.04617039725543598 0.04511879825555575 0.029924956802069223 0.06704652806727363 0.06570603649888922 0.04024024067898426 0.012284385909408026 0.03992287236038525 0.04682424672824168 0.05340317479432779 0.05418462664101654 0.08033579289959661 0.04144855568843179 0.029628819307248762 0.05383870485897393 0.06874708846033614 0.013629736685054204 0.051552011697548264 0.07958361219539126 0.00456123815263349 0.0433574372136762 0.04578662060361322 0.08630714395089809 0.029554088546555463 0.08537333202285817 0.03449519784197955 0.009656090699525787 0.057895774817953 0.01093670234667166 0.05398071674051554 0.053275195474592786 0.06552432353331036 0.0459991831550672 0.05893955012089843 0.05800266925522698 0.039337330446355796 0.03380052985341826 0.07816807805170246 0.07573563445642201 0.03390197784924709 0.06037726537315467 0.05355855844620361 0.04509158203117129 0.0441158470520103 0.013764460426903206 0.0593542829198229 0.043262599336880765 0.02504275855695232 0.021040595553445045 0.05840618126754563 0.030562604488223476 0.07273691701872663 0.04492408506856003 0.014885975380607068 0.04520960169842893 0.012557274243274892 0.05737355127162297 0.07912581060496854 0.03760799866473033 0.06527085039600364 0.03412764710546693 0.025408803786263378 0.05512122181610929 0.026855181078224082 0.01299730670593264 0.023116926510200992 0.037416212782466776 0.051686563186846717 0.03980352915422191 0.05199036199237276 0.019540541606388528 0.07222857027676341 0.02919493377229303 0.08779778349582555 0.054111305302065545 0.06850820416523701 0.07746547531375265 0.020232081405001743 0.06431488329167562 0.05821762221677039 0.028279638595403264 0.07137833489672755 0.008760752501492584 0.06785932496841293 0.04811335292933953 0.05745293710850439 0.07701800641097983 0.03106622293246876 0.02617036777175777 0.05107481953042888 0.03307038020969491 0.03841122641396836 0.05385143328515548 0.052473102412109986 0.041399091958419953 0.07003381090511109 0.048568799281390594 0.044297831202377305 0.04417976919423057 0.03538227069398636 0.0717584775328539 0.059323651085291924 0.04449875756764368 0.06367779001415456 0.02734769696315432 0.0753905560512078 0.07413281562168633 0.04178954823511895 0.04904144378050707 0.053219431865385726 0.04168408419637232 0.0659610631292843 0.02671819435478271 0.05877976257505444 0.012439055565258641 0.05042722927030911 0.03843097726116403 0.0241102601387087 0.05564688257219591 0.044413902730749515 0.033478733775835746 0.047227796670189816 0.038391165005682175 0.042624414426173075 0.06344096062877881 0.06050853337314587 0.0407269134574816 0.05390741473436109 0.04176656777445724
 0.015277878303457842 0.055635643176420946 0.027519988324356575 0.06022770748835698 0.059637164531185685 0.06310664326740374 0.04293599456694269 0.07179627258420372 0.00943073495522441 0.0617811988366954 0.06819737650827007 0.05941637406899741 10000.0 0.04791443520686247 0.08164707017398073 0.05819892452162787 0.026511346174896314 0.09385167474153787 0.02035398562682216 0.05742315153189167 0.046164713201018275 0.00927724798936597 0.06253972457344122 0.048363141316737794 0.019701016404949586 0.012630711511910048 0.09084846047027945 0.025054297046644046 0.0584303389537182 0.017984730703627196 0.04065370598684025 0.032131820078537474 0.01721886262187664 0.07163025144566465 0.024481679120174914 0.03094284848311018 0.057115768239968806 0.02569570931042956 0.08050938289339313 0.02702500390276007 0.03213744635237337 0.07011575194917158 0.05889032048846596 0.05752968676188246 0.023345527684645793 0.06669200908156325 0.01808145011304471 0.07459618813434347 0.0485192988813568 0.07890872405889053 0.06321842673222433 0.05613279398742965 0.03512779402843109 0.07081853464028418 0.028306128923900668 0.016437873539861918 0.08367469858135158 0.004937141991094473 0.007024445667239428 0.10017187137430439 0.05744353974511666 0.07270855371588383 0.05512207349692225 0.06269112845531778 0.04461647302250488 0.05151874530050438 0.031547115677086415 0.032368207686298694 0.05233229650936264 0.015922766538118145 0.07430142947794438 0.016083164178655806 0.05888491966051099 0.05438277185990714 0.02699715757030174 0.02447703247947527 0.049055616638237404 0.08682258941452006 0.03905580865629309 0.017022856279217957 0.03297430652840909 0.06275168449036805 0.06478360647709326 0.02801686644844476 0.061953994569449326 0.03459636481648042 0.025374870267317776 0.06640864106689541 0.013273480152964885 0.03792938625357324 0.028713604889433798 0.021351922351313335 0.009113945185063458 0.07142662448691733 0.0535205999967706 0.005368904615084513 0.034997364826135594 0.0695249241940061 0.08025334715297128 0.05072449379610674 0.07575692069100783 0.06434506272496895 0.06035158583207644 0.0769564819319381 0.06993077730653481 0.06668351308033281 0.02073572128009248 0.033227826069434446 0.031434446908613585 0.006083494967678655 0.02991163831612582 0.022709569544183662 0.05666922172035749 0.05814514702856718 0.060904658444397186 0.06632667703009082 0.02406021541411355 0.04314024097734748 0.004749736569563422 0.019155386584443164 0.06919712896535445 0.03236929270192574 0.040365505855090224 0.03253169610413115 0.05970634006215107 0.013414247514518729 0.0061993845293415225 0.06508716396362421 0.032759549120380003 0.06974404197397752 0.00546517759092075 0.0691290510082138 0.03142502301067085 0.02844002480853694 0.08236371329023462 0.10783895540045951 0.03406453410960699 0.08391718545232943 0.06860186176309056 0.03505334002875277 0.04044526519388713 0.006414199550125434 0.0546746058868243 0.0760977649754956 0.09365856269853375 0.038445937153050544
