NAME :TPP_input_19_5_5
NUM_VERTICES
91
NUM_CLUSTERS
19
Full Matrix
 10000.0 0.0682925702403677 0.08620291131538624 0.040549481515968766 0.07435883732400289 0.009129833352150354 0.09564716316447262 0.08224850540567853 0.015220061351898635 0.012492779959397163 0.05662379986866897 0.03175386277687176 0.10820954294101581 0.019592976370996214 0.03896838846321467 0.08822464902281223 0.08492595383103413 0.034781082206336744 0.0862197988431182 0.11671725500376583 0.04510993573967532 0.02128187196624744 0.08513227076210744 0.08665765282548436 0.04980873794661083 0.09520295344571579 0.043890879724487526 0.048377915104903545 0.08265351863092746 0.02813139966749667 0.103904543710026 0.07291383503400756 0.04673954250931085 0.02553982393743606 0.047886490178756756 0.03812685257344686 0.0736155570229693 0.05514504461043182 0.07696760729062248 0.11748449470409036 0.047159699456516886 0.04995404086742232 0.03556609976030735 0.09174079264477376 0.08165917204819986 0.004736851271754488 0.009397429760375678 0.0823676504237904 0.03220815868766637 0.076750904148279 0.01628069130745977 0.0397127882671283 0.0697873165974885 0.05352715676759107 0.06742795602796645 0.0517413822610106 0.0807953351811295 0.08265440414722534 0.015567571162510223 0.054540597904336116 0.028130849297476498 0.05257708069512181 0.05180845981289163 0.04080196000713584 0.05483555739355115 0.08037616580319196 0.0554280940432002 0.05678357171009647 0.03533560977941919 0.03634548601544166 0.039085478437900285 0.09421359985228595 0.012013463385046311 0.06665584829931516 0.08623791783992774 0.03574713222673097 0.035234838319891305 0.0741015197087466 0.05747552100602151 0.08128219097455423 0.08572286757005622 0.045331984531746965 0.06423894211524923 0.026897535319694597 0.048644837617144304 0.07240570068317297 0.07192048936744831 0.08156829687236551 0.07084728174232124 0.04324532728010687 0.05122207119273976
 0.0682925702403677 10000.0 0.051561496005925904 0.05076026151149239 0.030705683491357848 0.07687973067435001 0.0848092363860396 0.104500215153043 0.062862116712543 0.06125945761748656 0.09411790464298063 0.08720544281348294 0.07903636913296554 0.060589708356448495 0.059995350016799884 0.05119134605446772 0.04699765688710054 0.039622965891384275 0.030451831769902103 0.08386709780821423 0.029943530570700993 0.06713625996627245 0.02142412539400757 0.04942822659105264 0.030174037817792515 0.08254476002764206 0.0425123104061255 0.05085315282679295 0.09761094899738693 0.04317418410134429 0.07254218724398098 0.06491871601175579 0.06677957013007976 0.08222250451703822 0.02337097913486235 0.03282538565005069 0.0056724200175127925 0.09588287183875159 0.00956737473755847 0.08364847092055468 0.02693357886461841 0.056615698076209024 0.06085936519753361 0.07765795875395996 0.037458364827470246 0.07086066398773332 0.06406865459504195 0.03534328335501165 0.03849041757098644 0.07964408459522543 0.0520387213423701 0.02888197339123862 0.014477799087269795 0.01806555163603311 0.043840467200755164 0.030084920443654933 0.018397676311066636 0.0256361705630372 0.06469075992947466 0.014004325371290302 0.07058687690707548 0.0958661571584257 0.056205754592005414 0.027650206740373214 0.029301441902940005 0.07028212218446986 0.07067181542202736 0.035457317084933236 0.061547692046933875 0.04251646637616073 0.05978352212585013 0.08043414282981999 0.07275584465686441 0.04574204476166894 0.06893166915914004 0.0834315805178785 0.04995026815446228 0.0594802079643982 0.05118575915321193 0.07130820314176141 0.05312951730408323 0.07588345783582605 0.06832706006084259 0.05619570844783274 0.05507447578233014 0.07181930108296566 0.06285771179683035 0.06882378231982035 0.0910955731349395 0.04460331470962424 0.07252757059808917
 0.08620291131538624 0.051561496005925904 10000.0 0.047017208076295 0.020899328291443687 0.09138895600456962 0.03715209010720703 0.07217639837865926 0.07286613995643137 0.07417740373596333 0.07645950908500262 0.08638976167685254 0.027728722951611627 0.06848161678709944 0.05313445574995187 0.0029028015111544473 0.004923926164028843 0.05261501246351394 0.02737726172236857 0.03384246615816245 0.04507000736822543 0.07156570571329482 0.039672099358649564 0.0030888999955209014 0.03936012388174298 0.03444440763303744 0.04231363263511664 0.03990691195716651 0.06229007861336883 0.07497120693398826 0.02144398766679039 0.028008181831136247 0.052245632159677355 0.08454184094150091 0.04753872513203213 0.06910220297663078 0.053778939454446985 0.08002514771057272 0.04790672506173363 0.034037922851040577 0.0447842868411816 0.04157736597770702 0.056436511598048036 0.029922581353640367 0.014802859894819848 0.09060949056046853 0.07763785195188826 0.017697321137131194 0.07168193187118646 0.042592467767011304 0.07324722719741264 0.06217511827801644 0.03708661526828007 0.06289938812236384 0.018817705840493113 0.03732893194941854 0.03836547277145716 0.030224672653063927 0.07371280157391566 0.051311011102517935 0.06975327382283229 0.08198996163745034 0.0396481280246835 0.056837952995211966 0.03459084445674289 0.028059655746533716 0.049014138042447454 0.03017264937630834 0.05708704226285882 0.05001228800206532 0.05289824965424308 0.032215287681996344 0.082962657096513 0.01991280229548734 0.022006312673132352 0.07832634505852396 0.05156560573015544 0.021128986910949242 0.031400493686668335 0.02864320927171081 0.0023895075955770863 0.0624225223366798 0.03924814700759334 0.060784068392187786 0.04179824583126218 0.036344812253467015 0.02668739247471225 0.02530981869176555 0.06180161145453711 0.043073861601717264 0.05430285296004074
 0.040549481515968766 0.05076026151149239 0.047017208076295 10000.0 0.04041184028637713 0.04467503232706237 0.05659326864402763 0.05728598025942925 0.026184602951474963 0.02809313909674929 0.043361108716536916 0.04149813417448987 0.0676678939419041 0.021691346265610915 0.009358757804149546 0.04936211181249643 0.04665465209498955 0.015801281904294258 0.05452846250592732 0.07622898705600165 0.021177790504651278 0.024623141175748722 0.05854422114876519 0.048003549204156545 0.020887756675186848 0.055766527382143646 0.008458374515621331 0.007834355952441993 0.053020937112149426 0.03998018457053447 0.06348459873387159 0.033034371924471784 0.01660189605008258 0.03848581019442931 0.028352899377647345 0.040701104650501516 0.05625491929820283 0.045179487223970576 0.055791178993512464 0.07703552223855353 0.024093510698914525 0.010869241051884226 0.011153263854089594 0.05191511029896961 0.04594725416548057 0.04520575260256147 0.03142117699062997 0.04759482176360899 0.03923232273811471 0.040473445510613666 0.031176431270041063 0.035336565899820066 0.04377951990336799 0.04667149149550307 0.02836970541464165 0.02158347018227235 0.05435263727291427 0.05247985331962206 0.026840673276704318 0.03872871595383911 0.023946924662649017 0.04537588998507882 0.012257549590235315 0.03075361084805636 0.023668776745238755 0.04062877607758279 0.02287957044475051 0.021234683126434836 0.011898291677612324 0.010829558776877997 0.009129218861897407 0.05453885634692222 0.03598521675314239 0.027104759057039744 0.045852248727560135 0.03513832507759523 0.005619290147024097 0.03358394725473226 0.016933030336963396 0.0416111815739111 0.04618456882164425 0.025123199194662077 0.026896783405041085 0.013952178873181986 0.009103546556267878 0.03436512882546536 0.03180382212338976 0.04148077539218305 0.04367508335053178 0.00639631249928589 0.022780725020889764
 0.07435883732400289 0.030705683491357848 0.020899328291443687 0.04041184028637713 10000.0 0.08101996977386379 0.05522585766659297 0.08212747571025338 0.06318389060700888 0.06346992871728785 0.07916484239688945 0.08190634059284067 0.0485450051082465 0.05929813329860612 0.04893057655125904 0.020793386982791148 0.016516296066494657 0.03958219685805962 0.014463537019093317 0.05400247320815501 0.029636070295335618 0.06403144743011001 0.022692294309238293 0.018968244179389488 0.02456439403306148 0.052779129335630746 0.032980720976568845 0.03576802696180286 0.07356817930217127 0.05808068630860551 0.04213643483097486 0.038436644942075875 0.05180136525500757 0.07865417208978151 0.02969785040450185 0.05073221602580301 0.03325608748819301 0.08202048866085565 0.027949721818441308 0.0539689524837002 0.02827092206691023 0.04004807590641598 0.05144356103670317 0.04793429459884521 0.008180479033830419 0.07831128319592973 0.06691257509306546 0.008047693099554712 0.054230629839729365 0.05411056972891076 0.05951260925297798 0.04403856496028646 0.016231772895520566 0.04260607589577398 0.01780353920047482 0.022617460066766105 0.019908397191423094 0.013876108871199385 0.06447533046602724 0.03127478868316639 0.0643246306321859 0.08313519036335305 0.038670450473508124 0.03918387326550616 0.019524224084805995 0.04217584128974853 0.052060658482661 0.019217264564858953 0.052182060692259336 0.038754433273588164 0.04867801521120836 0.050600290269588274 0.07382475933809261 0.020173238985414694 0.03924308711962377 0.07530712494657434 0.043153656391064575 0.031865014274032995 0.030757569230893702 0.0430963216810023 0.022423845729914536 0.06230501359179279 0.04567502305079118 0.05224130150687522 0.03931714118774963 0.0465084753888962 0.036464348262188626 0.0401917757332563 0.06978507289120026 0.03458956637881263 0.05596704817930927
 0.009129833352150354 0.07687973067435001 0.09138895600456962 0.04467503232706237 0.08101996977386379 10000.0 0.09754398943153221 0.0798189918532684 0.01853398359735329 0.017561144307815947 0.05288622280558971 0.025761291716386775 0.11196886396706095 0.022986811485375125 0.0412295364973323 0.09357651316537123 0.09051340148886203 0.04162804494690862 0.0934381102532998 0.120688822589849 0.052364209401283515 0.0218036337266144 0.0930708069178646 0.0920966342621257 0.056662048282869706 0.09735896960400495 0.049317226535741304 0.05232722351301553 0.08139371681817874 0.0372611457404103 0.10805506410226912 0.07568195475299606 0.04775706674268712 0.0200643332171804 0.055798875921066846 0.04720867603708256 0.08227663358767907 0.05082393632458062 0.08537096293892607 0.12155575081234822 0.05464091402302638 0.052953254412494155 0.03765361893123033 0.09423340517878198 0.08800631048383599 0.009522814203091309 0.014107527943299388 0.08894403544828529 0.04131410629319816 0.07769750138911909 0.02490016236764777 0.04853483346752318 0.07759669823671432 0.06250720812282456 0.07257869398387681 0.058502543734437314 0.0887050352412693 0.09008120165993296 0.01786966462876859 0.06301286710293652 0.027386185611294505 0.047881709428614375 0.05491071873844978 0.04926438837725045 0.06156238650897915 0.08293440319224227 0.056193099707380866 0.06277691951244774 0.03725813718583722 0.0423804608545961 0.0413928066288101 0.09655816308020254 0.009574555021087587 0.0715654907942488 0.08940655816913742 0.03168822689679589 0.039832259695089224 0.07765785203082055 0.06145601568832838 0.08377095221981996 0.09071026926970568 0.04431182332455962 0.06596205756778234 0.030728200495696016 0.051889492649651155 0.0741640641720348 0.07490706686086994 0.0844062974059947 0.06938395310758623 0.04835854387868032 0.051355481029049514
 0.09564716316447262 0.0848092363860396 0.03715209010720703 0.05659326864402763 0.05522585766659297 0.09754398943153221 10000.0 0.044744136674768925 0.08045973827860943 0.08330368748914718 0.061595951477076576 0.08270467184376343 0.02593135259995203 0.07605517769282827 0.05669877643134525 0.03920772683076258 0.04195393585219554 0.06982094034045185 0.06444051596622317 0.03392424145053726 0.06754782086207516 0.07574301425790454 0.0764128059932765 0.04019348917777048 0.06258468365146919 0.0028253214520662317 0.057591040013070124 0.04920114956111416 0.034076648248906764 0.09508286090043502 0.028110832547381844 0.02384245675403043 0.049894452420333864 0.08361666155559962 0.07298248683182224 0.09277580409232397 0.08814953218051086 0.0658089496561782 0.08317035381837987 0.03550848951742878 0.06881556098450042 0.046084710369823555 0.060168493333543765 0.0073241553232015 0.05133737917872359 0.10038364727270446 0.0862497714573763 0.054422011923611575 0.09323439364748155 0.02142631024392623 0.08776556874589372 0.08609329088424504 0.07080701808690106 0.0917394382624512 0.04152905576121853 0.06109998411254428 0.07458547706949809 0.06688985471984461 0.08039711091738466 0.08032063220764128 0.07071219246142234 0.06897402354680397 0.04442381019365313 0.08053853428783136 0.05968570434809668 0.016364007507220134 0.04188507257947729 0.05300742067472363 0.06047134181823842 0.06531635151405979 0.05657352146693953 0.004988774675318881 0.08800235003076542 0.04007219831923555 0.015985475105120103 0.07337548441308361 0.06220646000243897 0.02638752631284778 0.041439857557476235 0.015296519301615238 0.03485398547660066 0.05600120723810301 0.03158286975114963 0.06902138410506321 0.04764179654954419 0.023380000760664606 0.02544966501500126 0.016642316385657763 0.040264435136749425 0.056900883529689444 0.04741669049669606
 0.08224850540567853 0.104500215153043 0.07217639837865926 0.05728598025942925 0.08212747571025338 0.0798189918532684 0.044744136674768925 10000.0 0.06867751887843553 0.07253205853752848 0.028218207116616704 0.05663104440968139 0.07049725660138231 0.06567091132633526 0.050433675690902624 0.07498046920024505 0.07575019178346044 0.072936143624111 0.09541289071992436 0.07866837751288204 0.07739180309376634 0.061359958782616256 0.10472480690490982 0.07507339470848166 0.075030404120295 0.04692214301296549 0.06389388701170405 0.05434243620052158 0.010711465412543848 0.09489024888078594 0.07162713990749166 0.0446940960742062 0.04118994124223073 0.06062651267696475 0.08454954449232611 0.09757150821719635 0.10941044757080454 0.031682661742712816 0.10683235691911824 0.08025044376958994 0.07998490102746904 0.04852565755063996 0.05208693064506736 0.04830528546266299 0.08233494659004591 0.0864378070554286 0.07405671066294897 0.08532793639796209 0.09522791597416297 0.029599588186997226 0.08230906547330621 0.09256886492779975 0.09352942293486621 0.10366345631472282 0.0643470637256248 0.07469186999240125 0.10148292766314786 0.09594433089831032 0.0675378321961205 0.09457951034271563 0.05424772842496662 0.035347300316134506 0.04856921534420302 0.08803235574882992 0.07520254491801544 0.04444482924156321 0.03460483833604312 0.0691955891804142 0.05180483869398337 0.06805163064539653 0.05051707274943362 0.04816695647689402 0.07106137325202684 0.06199176056584693 0.052218021647777016 0.04851112223105445 0.06111534594367714 0.05177892887310926 0.05349682088890041 0.04407904648305531 0.06988028310330165 0.03752740234389468 0.03671385339387509 0.06207755044367465 0.050277177351114 0.03621520447247672 0.046410796806460985 0.04736642177929141 0.013648559625652949 0.06203143371291418 0.03495601773061954
 0.015220061351898635 0.062862116712543 0.07286613995643137 0.026184602951474963 0.06318389060700888 0.01853398359735329 0.08045973827860943 0.06867751887843553 10000.0 0.003918578693875857 0.04488591996042412 0.025778529570892078 0.09369388297140745 0.004532440327170003 0.023763968451201444 0.07507332157438225 0.07206209465153855 0.024625832176063088 0.07612317125773999 0.10234068640436941 0.03560635279317371 0.007650228222240811 0.07694631159191177 0.07360980369029081 0.03925505888249186 0.08005505736418116 0.030926281440641325 0.03390213097029298 0.06824055359129245 0.030510832027029335 0.08964396302783827 0.05789850037575901 0.03160619845775195 0.019989469924305402 0.040231864492742436 0.03788779546130766 0.06847649040765819 0.04423970073760245 0.07055075060947769 0.10317558300136107 0.038208132751557926 0.03496869498436068 0.02034630381922044 0.07666574841064366 0.06990181643543113 0.0199473357977582 0.0058628976868514695 0.07100144376227932 0.032999292620889985 0.06156263439641338 0.015806726130338705 0.036711743538620625 0.06136534472687151 0.05115632858156355 0.05406220237742926 0.04096185333434967 0.07255885855272994 0.07307120551307589 0.0019568219197802213 0.0488783433102518 0.01476500044070749 0.04233119501325531 0.03687017940276449 0.03565455297583575 0.04394491904771355 0.06530748234440373 0.040314254743266886 0.04456739974725642 0.020118767471401268 0.024440376116855782 0.023886498666290414 0.07910398983993452 0.010668662834888256 0.05303224853083299 0.0713944170438228 0.025777261796174955 0.021302232844157037 0.05943367236102451 0.04304324283966377 0.06619597372193892 0.072176681995598 0.03122261136229117 0.049022022359222296 0.012235422040933797 0.03375827487352299 0.057194038341858655 0.0569816516448328 0.06658852455800149 0.05664934758467338 0.0298787566959491 0.036339906265546215
 0.012492779959397163 0.06125945761748656 0.07417740373596333 0.02809313909674929 0.06346992871728785 0.017561144307815947 0.08330368748914718 0.07253205853752848 0.003918578693875857 10000.0 0.048790538625838265 0.02883224428825892 0.09576091868665274 0.007408899056760586 0.026736320264725416 0.0762881254641629 0.07312618883479047 0.024212900980049155 0.07602397260952126 0.10430589873925215 0.035089167333303466 0.011557560654771088 0.0761975230702105 0.07476921234163016 0.03917896720903983 0.08280527135624106 0.03192797225021873 0.03591217664188263 0.07194344802052488 0.027047376259706896 0.0915243011562325 0.06044662092713097 0.03496181088160979 0.02281203644324983 0.03912342490326266 0.034929918393624734 0.066820831094922 0.048098929678699075 0.06925087215626613 0.10509314396737367 0.037516141683551996 0.037488867392604215 0.023453824136687736 0.07929219058919765 0.07044909696746357 0.0171999125615185 0.003480680404176864 0.07138532672572992 0.029801666219862827 0.06476648274533238 0.012293291660507858 0.03429958020090038 0.06064020085902906 0.04874555700480049 0.05536346365206127 0.04099011320805263 0.07181351416326935 0.0727796411082175 0.005512826680634968 0.047256014677505585 0.018683562581738866 0.046134104487913295 0.03933034267241714 0.03375751620693447 0.04403743521574926 0.06792750442676926 0.04367400763468975 0.04525033201406641 0.023303668571528054 0.024824974479685322 0.026835782389152678 0.08178438189730351 0.01149676852470551 0.0544805476969833 0.07374516519983057 0.029478346379559574 0.02286268750932283 0.06161894562536428 0.04502598160110026 0.06884233356049767 0.07360352954508223 0.035044176454539396 0.052014865537396766 0.014411269244666156 0.03615973738696149 0.060142771199153795 0.059436092802931384 0.06908968481590239 0.06041515361006097 0.03110835693953135 0.03990074992600483
 0.05662379986866897 0.09411790464298063 0.07645950908500262 0.043361108716536916 0.07916484239688945 0.05288622280558971 0.061595951477076576 0.028218207116616704 0.04488591996042412 0.048790538625838265 10000.0 0.028581938836666373 0.084470144055899 0.042997668111584446 0.03422613722629709 0.07934510308752822 0.07855795470067603 0.0567234890919011 0.0935787441059656 0.09346260852816377 0.06442903019445888 0.03723581348438825 0.10006099740712776 0.07876933466070603 0.06409459707402215 0.06281571393856746 0.051646353268469954 0.04443255839701544 0.03323782348829959 0.07417221690071736 0.08346351144431084 0.049557750203386375 0.027848820191619196 0.0330813158957747 0.07149992926917807 0.07919140386074083 0.09959277279944426 0.004225548116035319 0.09879876697569465 0.09484170148657947 0.06739053867245066 0.0393425972477797 0.03399646469872131 0.06205174667397208 0.08214651514282495 0.060402164005190835 0.04951487092420932 0.08465523048961801 0.07558595964150673 0.04060361986148647 0.06012441042794251 0.07558247601546868 0.08624439267179577 0.08868807292939135 0.062410293892854615 0.06453260775383622 0.09613399949214056 0.09267358307944086 0.043360787498936675 0.08187604951039272 0.030199823785624632 0.007684626448718245 0.040547475477847136 0.07213179005469887 0.06614397289997243 0.05350494087696838 0.027674056321723695 0.061846804248925066 0.033408865304804275 0.05257348472300476 0.03442407343361069 0.06316508920255383 0.044835011414030165 0.060163753896550605 0.062066165261885346 0.021201238202839038 0.04490688246039555 0.055680104640831916 0.04847405809824743 0.053732406488895844 0.0745766023151281 0.018247370088299703 0.037416443399220976 0.042007296782193684 0.040391011881838156 0.04263832963164616 0.05034325765390036 0.05624863625362378 0.0222855323019756 0.04954901042338664 0.02320139182612669
 0.03175386277687176 0.08720544281348294 0.08638976167685254 0.04149813417448987 0.08190634059284067 0.025761291716386775 0.08270467184376343 0.05663104440968139 0.025778529570892078 0.02883224428825892 0.028581938836666373 10000.0 0.10165855454225045 0.026873222431137787 0.03353898210725644 0.08902193738730477 0.08692213329216984 0.04766887628954499 0.09593960845162848 0.11073563245984043 0.05815917273118678 0.020110839717749057 0.09894978128242504 0.08791278461243447 0.06039323005525358 0.08318769143048739 0.04920716507349666 0.04710571021945121 0.06016888483805601 0.05578920585539228 0.09903989769024453 0.06433772173449274 0.03497986934204666 0.00629316684167575 0.06395292565854808 0.06365227795959773 0.09287462557338054 0.02583536961080035 0.09414681030317947 0.11187396129642524 0.061064125899109915 0.04481444475423294 0.030605982680906377 0.08107480206397695 0.08728567451221383 0.03452203373509219 0.027738200532439 0.08904765509676378 0.05863101442728752 0.061445572902683356 0.04107479053280954 0.06233910654343634 0.08359064101642272 0.07673173740451493 0.06871249992668339 0.06167448392787846 0.09462401031052331 0.09365231922629494 0.023822525277049037 0.07342027417292665 0.01761778235961958 0.022577144430214077 0.04675820905926355 0.060791622495537614 0.06427255137921253 0.07052977971703009 0.04136664793998494 0.06270650956441905 0.02988575972834659 0.04558796049157843 0.033786901155009895 0.0829094513108671 0.019990733612445338 0.06699879568535297 0.07833534346474687 0.00934923242252852 0.03928028558491414 0.06842816926110801 0.05502037763315489 0.07112880239770442 0.08509171037956878 0.026761998299103706 0.0525816134420084 0.03127635881400992 0.044648796663698836 0.06019731633076861 0.06423680032513715 0.07268435148378881 0.04824992054840548 0.04742912201947064 0.03556412251626412
 0.10820954294101581 0.07903636913296554 0.027728722951611627 0.0676678939419041 0.0485450051082465 0.11196886396706095 0.02593135259995203 0.07049725660138231 0.09369388297140745 0.09576091868665274 0.084470144055899 0.10165855454225045 10000.0 0.08916307448610018 0.0710816355516615 0.02784551478185078 0.03206450606150882 0.07697490800841893 0.05208333467454297 0.009104851388754116 0.07108279411829009 0.09066552571393112 0.06481915101945249 0.029621808398854345 0.06541471843264367 0.023590409595786167 0.06536106307664206 0.059853610960022466 0.05978974657424065 0.10088973656303842 0.006578404415381649 0.0373418390927113 0.06684106914745536 0.10131583128357705 0.07447357236966036 0.0959356280561674 0.0808565530553528 0.08857126243441167 0.07458735879481633 0.010386272265575404 0.07127133119258508 0.05911470951229018 0.07466467750017225 0.0227231564878873 0.041646022558205674 0.11284599220858937 0.09907381566535556 0.044060296701368316 0.09798415381939765 0.04413955986592382 0.09713240230534291 0.0889784762081501 0.06460928042365356 0.09056693550506578 0.04295941464822973 0.06348305767435498 0.064420596256683 0.055935603783744924 0.09412770496124542 0.07894013501934107 0.08710119043285637 0.09138811463875059 0.05712699232724719 0.08349979078102616 0.061058268584554945 0.03141552683760813 0.06050296618412478 0.055606917878725175 0.07516639428147609 0.0734823421753129 0.07088994851860182 0.02237460169762608 0.10281675846004824 0.04288180750995513 0.02332387604448863 0.0926416377249785 0.07300271030277743 0.03431712201893614 0.050735852313339255 0.030993739605502238 0.026599534134761307 0.07524552353177508 0.04920886478165518 0.08150054136208931 0.06009007097173906 0.042245051066548786 0.0376182117417962 0.029034254044333664 0.06459011741346868 0.0655068995782388 0.06636199658534557
 0.019592976370996214 0.060589708356448495 0.06848161678709944 0.021691346265610915 0.05929813329860612 0.022986811485375125 0.07605517769282827 0.06567091132633526 0.004532440327170003 0.007408899056760586 0.042997668111584446 0.026873222431137787 0.08916307448610018 10000.0 0.019397687744904177 0.0707201630645465 0.06776755930473596 0.021529716474270516 0.07246899091560605 0.09781549520966167 0.032441892525385874 0.006899378240935758 0.0737979582876158 0.06927753038971149 0.03570312523675072 0.07561504607020324 0.026744145559218335 0.029384181216596066 0.06473151184389889 0.03132670893809279 0.0851278563923775 0.05340044219886234 0.02755722681747161 0.02163648990722282 0.037574921569151286 0.03763064884262967 0.06624298848578782 0.0427558228577527 0.06793308852210567 0.09865452065662098 0.03517412878253132 0.030458390646209338 0.0160637741240097 0.07218852560555784 0.0658537633532708 0.024329800285301087 0.010196776393039238 0.06704412321971165 0.03323291140404759 0.057369163955521225 0.01713939999896613 0.03563305519896695 0.058236398804941227 0.049945394277867435 0.04969530945000307 0.03732244493037223 0.06941696929651146 0.06956198222710722 0.005260563073039705 0.04669799938914122 0.012936455463240256 0.041176908456065094 0.032351834942610236 0.033918614098759674 0.04024437422471262 0.060826904226952666 0.036268177165285215 0.040496097288840995 0.015898969013269745 0.020699487764124475 0.01950778036644781 0.07464179030764052 0.014634859757900534 0.04861877668460111 0.06686995634882803 0.02524633827893225 0.016930710014271162 0.054901232249896924 0.03852409576481391 0.0617223219468508 0.06775717903280044 0.02814676160983674 0.04468301706968781 0.007741440830283432 0.02923248196618258 0.05283368196760963 0.0524674873714068 0.06208320232885673 0.0533163755838814 0.025594355155717213 0.032572891138935516
 0.03896838846321467 0.059995350016799884 0.05313445574995187 0.009358757804149546 0.04893057655125904 0.0412295364973323 0.05669877643134525 0.050433675690902624 0.023763968451201444 0.026736320264725416 0.03422613722629709 0.03353898210725644 0.0710816355516615 0.019397687744904177 10000.0 0.055690577161265443 0.05343942595124209 0.023084170471882076 0.06323610809577065 0.0799473670219169 0.03020819402207433 0.019613159009205534 0.06775583519201774 0.054510529392281286 0.030239590482953417 0.05633031858424763 0.01781549201450849 0.013570681203537336 0.04753041370447503 0.044688562771699455 0.06757657393976227 0.034454522434711095 0.009379670898822454 0.03141008720605157 0.03727685027417679 0.04722566809843015 0.06552267941221329 0.03588953109280136 0.06514763021869026 0.080907388943098 0.03317876625824174 0.01203441008384317 0.003591879881572714 0.053050846955583576 0.05387410001560504 0.04370228261641821 0.02957394568581591 0.05576575107134386 0.044808926890160014 0.038125155564494556 0.03336184105313955 0.04260040699123963 0.05310507911821848 0.054907388390959266 0.03518430862226483 0.03093561005205139 0.06359866510093203 0.06142464337087232 0.02373201880291204 0.04765688408226853 0.01663097834697915 0.03602139703599847 0.014045754913564237 0.03855339318012478 0.03295569160212085 0.041724679889809525 0.017632042856980234 0.029995622266520087 0.004094670637332719 0.0185628216994098 0.00025277502642951407 0.05543176092832124 0.03186194984903854 0.03352004057678208 0.048249350858061174 0.026387236983479785 0.011024541949281574 0.03682786715256689 0.02176563726563621 0.042578747202116816 0.05198498061105215 0.015994415382180622 0.025285978974180084 0.012954474591617148 0.011405473237201365 0.033438767576499044 0.033725008643587365 0.043179796600785476 0.03709803342297661 0.01574298979484981 0.015495789692629892
 0.08822464902281223 0.05119134605446772 0.0029028015111544473 0.04936211181249643 0.020793386982791148 0.09357651316537123 0.03920772683076258 0.07498046920024505 0.07507332157438225 0.0762881254641629 0.07934510308752822 0.08902193738730477 0.02784551478185078 0.0707201630645465 0.055690577161265443 10000.0 0.004290705776178345 0.0543627224624025 0.02571596956688896 0.033293046957364174 0.046432215005214085 0.07395508307209472 0.0382286277338937 0.0018602352352132645 0.04074892157351487 0.036458943573048956 0.04437271400139048 0.0423762107245623 0.06504466648966041 0.07624315491535777 0.02137438679721924 0.030893749418402432 0.05500067820709179 0.08708309030051375 0.0485124784692325 0.07005123683646153 0.05312096568899869 0.08290054887997686 0.04703520709789496 0.03334864126247369 0.04597552661780471 0.0442266175711414 0.058956042643941796 0.03205905138331993 0.013882014879686346 0.09258911855275866 0.07975710155902768 0.01652435069974628 0.0728368106224046 0.04538622308613732 0.0750039347932233 0.06315689692106524 0.03676738330920824 0.06323149989414341 0.021030107792998496 0.03869986964857067 0.03720810836230655 0.02889818075588798 0.07596380466014677 0.05173093226579091 0.07229097759184731 0.08484826449674196 0.04231409808704782 0.05790008973660443 0.03586638529071114 0.030767732200139692 0.05187788839148774 0.03185027546916481 0.05961535039975341 0.05194560946940627 0.0554521626467018 0.03423757468030186 0.08524743534153789 0.022302645943940266 0.02440862461372564 0.08102427001598518 0.05379047926131047 0.02402929996446639 0.034004430230167124 0.031317235717330895 0.005100592056194206 0.06521725232545326 0.042148834488696385 0.06304858890385724 0.044393393251809486 0.0392115196397339 0.02958599946509296 0.02797732626425702 0.0646796164759219 0.045221552475030354 0.05714047963809162
 0.08492595383103413 0.04699765688710054 0.004923926164028843 0.04665465209498955 0.016516296066494657 0.09051340148886203 0.04195393585219554 0.07575019178346044 0.07206209465153855 0.07312618883479047 0.07855795470067603 0.08692213329216984 0.03206450606150882 0.06776755930473596 0.05343942595124209 0.004290705776178345 10000.0 0.05078683360479888 0.02250485873796049 0.03758014722961889 0.04253538216477014 0.07127717372245225 0.03475073356318424 0.0024519547299814864 0.036884738816870426 0.03926919676869848 0.04120683690445788 0.03996413120320917 0.06607085996574695 0.07225383286875643 0.02562593581913897 0.03118844835054412 0.053410242102031866 0.08473244949748465 0.04438725624030832 0.06590077261383068 0.04904709104556255 0.08198957206334452 0.04307972954490568 0.037622754752379986 0.04196694355995702 0.04229157109521066 0.05660166751647353 0.034690067754550316 0.009919392959682258 0.08923218674362078 0.07660349898516976 0.0127764539166778 0.06878192144164669 0.04627215128017187 0.07140803373932311 0.05902369682871095 0.032550998422587275 0.05894334288256028 0.018331112284364966 0.03482803765204899 0.03345838181665748 0.025300806417627497 0.07302456426568976 0.04745128606384582 0.06995305049052046 0.0837785668587554 0.04044389165152618 0.05380761792669197 0.03193484751190258 0.03208673085988982 0.05092785044919593 0.028280592366559675 0.05728116432256416 0.04858732046728839 0.05319591742003933 0.037039278070260195 0.08235552174169128 0.019924688518447583 0.02658417841527208 0.07915201200391493 0.050850965187530434 0.02413179705822701 0.03199996631003718 0.0327517737073756 0.007109063391795715 0.06378360491746042 0.041762271257579746 0.06015476078505282 0.04229410275309849 0.039648491884123 0.029669042004954495 0.029454019446205952 0.06492283085131886 0.042185214795146836 0.05597629419834508
 0.034781082206336744 0.039622965891384275 0.05261501246351394 0.015801281904294258 0.03958219685805962 0.04162804494690862 0.06982094034045185 0.072936143624111 0.024625832176063088 0.024212900980049155 0.0567234890919011 0.04766887628954499 0.07697490800841893 0.021529716474270516 0.023084170471882076 0.0543627224624025 0.05078683360479888 10000.0 0.05182289450527894 0.08488460245638305 0.010980685016585013 0.027721207155151924 0.05233926700818961 0.05269278697452382 0.01506487710641138 0.06861714148378296 0.012245186160024572 0.02126080078398161 0.06881921148708138 0.025274942220947186 0.07191864521071428 0.04598569861978643 0.0318643448477592 0.042937296139022765 0.016291788445702206 0.02491197074225643 0.0452949037820905 0.057837601685128345 0.04652770427975633 0.0854415267191137 0.013646592290231246 0.026108433322506622 0.02273345541828701 0.06433857482014005 0.0469167103521318 0.03880809503902585 0.02757379171842517 0.047586641844101135 0.023841036059127626 0.055560813691986594 0.020641651222043537 0.019641123294788464 0.036761212166317114 0.03197143020632181 0.03434150087017805 0.01696721443502125 0.0479531254773884 0.04857575435944177 0.026227653779570596 0.02609545600209578 0.030993859948768944 0.05732067953058247 0.02704036218649428 0.01548655695074152 0.020058035208360348 0.05348303039147111 0.03866720880916202 0.022519661327743083 0.02331469018486134 0.004996233698080024 0.02294130141005934 0.06711935101601972 0.035211673585781485 0.03412789441409175 0.05719036288417751 0.043908606968785874 0.01205983863489057 0.04467802673589684 0.028398685401798122 0.0545372102489822 0.05247418044378253 0.038760296819010456 0.042001589912199426 0.01657869468574138 0.024233892625675556 0.048893541217935904 0.04439236682862457 0.053741673237895964 0.059369068848061014 0.013015528688485434 0.03813081417008256
 0.0862197988431182 0.030451831769902103 0.02737726172236857 0.05452846250592732 0.014463537019093317 0.0934381102532998 0.06444051596622317 0.09541289071992436 0.07612317125773999 0.07602397260952126 0.0935787441059656 0.09593960845162848 0.05208333467454297 0.07246899091560605 0.06323610809577065 0.02571596956688896 0.02250485873796049 0.05182289450527894 10000.0 0.05537693350299863 0.0411306282915599 0.07759302147603932 0.01273704775467246 0.024432228057355627 0.03688169258977587 0.061768336743745725 0.046772718857809314 0.050190451157451174 0.08640209509414279 0.0668632728597708 0.045522292443520795 0.05098383910552159 0.06626441778443241 0.092447363006146 0.03913378462985726 0.05810022919238717 0.030458697165624077 0.09646774718180245 0.023541831034650646 0.054909022667593246 0.039097680789784706 0.05451036265780264 0.06563566513756927 0.057157008712347794 0.013438519851969316 0.08988135888590126 0.07939661486567529 0.010307910264770903 0.06257013585417767 0.06666032047937104 0.07067344030026433 0.05205203259266386 0.018629517308810184 0.04663446500549437 0.03164720558287035 0.03516614121037454 0.012891796731544355 0.004829117369813087 0.07754213558815629 0.036969787610821404 0.07832502020917044 0.09759822943085064 0.05311941207710462 0.048064399755347736 0.03222532979960673 0.053496597214423965 0.06634676995132893 0.033304408177977016 0.06637800717029195 0.05177041163120857 0.0629841315521057 0.05953856059915087 0.08679075733504889 0.0340083011250358 0.04888816659173492 0.08957286494396421 0.056867276812725874 0.04403594973328967 0.045122442317284246 0.05429117812362078 0.029613882969293022 0.07676804253927982 0.05939653252733952 0.06572841920121875 0.05377644380219005 0.05934711224248004 0.049135882369330974 0.051117096074791604 0.08346451561377914 0.048511750963763416 0.07037736468946422
 0.11671725500376583 0.08386709780821423 0.03384246615816245 0.07622898705600165 0.05400247320815501 0.120688822589849 0.03392424145053726 0.07866837751288204 0.10234068640436941 0.10430589873925215 0.09346260852816377 0.11073563245984043 0.009104851388754116 0.09781549520966167 0.0799473670219169 0.033293046957364174 0.03758014722961889 0.08488460245638305 0.05537693350299863 10000.0 0.07841276094518147 0.09949787160786237 0.06795792045791973 0.03514882544497422 0.07270477954724196 0.03183529848721159 0.07351187520408951 0.06844785383002114 0.06799554126947174 0.10833134418950746 0.012966097985325605 0.04640383950382864 0.07588595300076308 0.11033481134694145 0.08131675051312616 0.10287096653114171 0.08516488448331601 0.0975786808035434 0.07858791560758177 0.0016632757441807356 0.07837773662628632 0.06794674492818559 0.08352227295567821 0.031524938598092064 0.046497003246884806 0.12132404867738276 0.10764983381343435 0.04852868447207997 0.10523783403481726 0.053023073680487656 0.10523198905346119 0.09592801847060334 0.06964258129894622 0.09652339457546892 0.05060673264647028 0.07072181784546876 0.06811753964551916 0.059623733300360006 0.10282813453671702 0.08501753961868123 0.09606214661400053 0.10042581012253664 0.06594900560653834 0.09053222563587097 0.06814118709857085 0.04051700009686634 0.06960464247847277 0.063069608582383 0.08403825572616984 0.08159249235967808 0.07975119592463721 0.030877686198333858 0.11160216259283583 0.05077063867128595 0.0324103526829021 0.10173345095219344 0.08148279830840012 0.04312548463239701 0.05930838887698955 0.04008459196593141 0.03319190770218218 0.0843461410195448 0.058310504936829426 0.09012142932927175 0.06886298462512372 0.05133342399990774 0.04662609389315968 0.03813654736083155 0.07333301634131222 0.07377605037623193 0.07546359005773959
 0.04510993573967532 0.029943530570700993 0.04507000736822543 0.021177790504651278 0.029636070295335618 0.052364209401283515 0.06754782086207516 0.07739180309376634 0.03560635279317371 0.035089167333303466 0.06442903019445888 0.05815917273118678 0.07108279411829009 0.032441892525385874 0.03020819402207433 0.046432215005214085 0.04253538216477014 0.010980685016585013 0.0411306282915599 0.07841276094518147 10000.0 0.03843256729945037 0.041370139050393565 0.04465694659818476 0.005716495257387538 0.06595781376313363 0.013527189203767657 0.023132783346046733 0.07191776451960173 0.029933714360821394 0.06553134715071854 0.04427449233338071 0.03765430562017128 0.05366553089609955 0.007222701670046095 0.025390734822310693 0.035551424782258555 0.0660382265980349 0.036053862620442155 0.07879799565430153 0.003011300704512844 0.028898061510642715 0.03092223315826248 0.06135203776355525 0.03738796720574236 0.04887425238549894 0.038395461337263986 0.037682204122476276 0.026903991123376145 0.056325524264166135 0.029895308520940037 0.018578868849265958 0.025798308585248918 0.026428154446454723 0.02822465686400817 0.007741666007779899 0.03698568075702113 0.03772002843008992 0.03720285310863502 0.01756055192089737 0.041046541302339146 0.06594099827728904 0.029085121161232127 0.013002104685783309 0.010613573944160294 0.051307543727840264 0.04281981749906504 0.01551114547652571 0.031607122123370995 0.01270593395137846 0.030007019464144562 0.06421594504593414 0.04618119898798831 0.02872045469937472 0.053430114709928554 0.05371698273438796 0.020010911063712212 0.041327490082875826 0.027108145784466683 0.05239437809325394 0.04532917640492811 0.046185022678431956 0.0433156372123184 0.026883032272840134 0.027119631998898264 0.04894826736996747 0.042411181640728705 0.05096192899175941 0.06375344216343294 0.01548231105585643 0.04369748493180873
