NAME :TPP_input_23_3_1
NUM_VERTICES
67
NUM_CLUSTERS
23
Full Matrix
 10000.0 0.0694119131370894 0.054516046228570265 0.03260539519126517 0.0503688836025261 0.040806409840855484 0.03208064838776132 0.04478199252059298 0.0647682204698059 0.04680819063374495 0.06367108730018023 0.03406578530458574 0.0430373983956625 0.01382539538882716 0.06639260794963406 0.034316667399608314 0.04852016688127649 0.07420830340463255 0.01372909609173393 0.029366767020490552 0.04873696417983107 0.06443007129832735 0.05606742517567486 0.015652385345875257 0.045043958921323714 0.034644265111963564 0.0231676284312412 0.06670748641697147 0.048169712815843535 0.051747253572922 0.0029489405596269413 0.06284162137312045 0.038202944423992365 0.042325282768696654 0.07029171123866643 0.06191414932581588 0.02363670543435332 0.007390975685998542 0.020800230124093464 0.060913769221854965 0.04207568835420488 0.053112558088398834 0.028336697926249266 0.05682277790382721 0.032121091096542535 0.06445240171780328 0.024000319734508963 0.03233206529262053 0.04660563971167973 0.023794262947214997 0.07013109066445469 0.07880552574091894 0.08031853427126318 0.014229245943536813 0.06545306432715478 0.026251314189131073 0.02958759154296947 0.06895582821798331 0.013802074042164835 0.07708287443328442 0.012861737779882244 0.06367288749652536 0.017153273988397034 0.05753803396936907 0.06192084590418913 0.03163571645086485 0.0663148248581519
 0.0694119131370894 10000.0 0.07980803490383336 0.039157538517065375 0.09650354334942678 0.03712539387546816 0.09521141299442827 0.09429143905713372 0.06351797138028949 0.11200028283141136 0.0687973097830917 0.09583666963444601 0.026794236328149333 0.05587455411772041 0.0050935502785651645 0.09822496619509427 0.06510531453589592 0.08851409115117972 0.05568627183459686 0.06301835811216827 0.11096233379475715 0.11067451260741407 0.08469908108164981 0.07765922467884026 0.048800239886497086 0.09634302830575514 0.046431348714668176 0.06555518485381945 0.09917343344006216 0.08632086464787628 0.06724263211751416 0.05906278094034269 0.03872820365273557 0.10043056181507817 0.1258441226558961 0.02338759608704518 0.04934771447254563 0.06589464547841994 0.07365094710621725 0.03759639445299206 0.034553126250009454 0.11378511177580447 0.08605908358368496 0.10734784201441949 0.07613692818887269 0.05069559421862244 0.07671387571747519 0.08004949090029922 0.04561664442231113 0.05286297206047002 0.08774473298950591 0.09198777945052733 0.07211801591488061 0.08026900896848514 0.049752074342541905 0.050596329335085954 0.08107055287373037 0.0510510518753552 0.06443676730036745 0.0619594103072668 0.06425114182556443 0.006433340904569391 0.08637592827058115 0.01769719602805694 0.014542789302141463 0.04454619130318444 0.07452737690101512
 0.054516046228570265 0.07980803490383336 10000.0 0.06607015381765327 0.024885048928496096 0.04460913635996065 0.04583218491157043 0.02755594379653317 0.025630462993356768 0.05790467169655848 0.019767624071730147 0.08536385773112927 0.06591379798665946 0.056165663393544306 0.07479373628478195 0.08395005820293927 0.014702722407313023 0.02000377515587235 0.053385404597561255 0.026965498154109924 0.051859940052286196 0.03445675313302856 0.005077390737528939 0.06971713176771792 0.031075960749511904 0.043912278888544286 0.05272424101514882 0.02571619294183282 0.03113619503633109 0.010075419200563545 0.05220313301370713 0.028011842342668406 0.07418415113445219 0.04027408548232101 0.054033811162182456 0.05832693706569723 0.04444309417788741 0.04765399648703349 0.07519181885526381 0.045912768258969915 0.07533377592355756 0.051260735641491854 0.036523382065533606 0.03536924216878648 0.02358455257817926 0.03688058161699072 0.032835658309997906 0.02570332075776559 0.03419426365661257 0.03967986727149664 0.015674015914773413 0.024492092200488882 0.03622336968321744 0.06664414128756903 0.038512590986148135 0.0698592022160915 0.08409673658890007 0.040436817395142995 0.06601878916921265 0.0399650567270928 0.06496506400475416 0.07760394285141567 0.06257813389823802 0.06211084438241567 0.06562473771972781 0.07112855168695412 0.017713387750548877
 0.03260539519126517 0.039157538517065375 0.06607015381765327 10000.0 0.07321570856331083 0.027309053399794884 0.06282111196477555 0.06904601646350482 0.06316611236471384 0.07871656827159917 0.06534507042453998 0.05671022614071965 0.012736826103508327 0.018896416876449454 0.037319231662581685 0.05906925238779106 0.05372028446619125 0.08217311852531169 0.01992023035524044 0.040471237883785066 0.07953747814702525 0.08821162140678156 0.06973488232073456 0.03860939213986784 0.040609190902362986 0.06478783883501191 0.014144674509986488 0.06550694575090027 0.07348324412953072 0.06825927555731826 0.03114136444891634 0.05947987078637576 0.008129697252997534 0.07100804613594089 0.0987104829506544 0.040171543985494045 0.022012981698612027 0.031513445205150245 0.034606531973136484 0.04647946646618511 0.010334577257715992 0.08335276296437182 0.0559422427785092 0.08237560993226782 0.05151235781179566 0.056082246649006386 0.04786651109703348 0.054187149800001486 0.03963231048111895 0.026994428462688902 0.07941077504326861 0.08663010081822835 0.07744906819064887 0.041574414817888844 0.05629706381550123 0.011933697157238214 0.04255522938722425 0.059433443695914454 0.02536260307987392 0.07034541264803876 0.025256314151952702 0.03289895993256053 0.04863762141990488 0.03260211023086329 0.0360746921818544 0.007352802573625991 0.0700877357571872
 0.0503688836025261 0.09650354334942678 0.024885048928496096 0.07321570856331083 10000.0 0.059402040771587256 0.027706141309886696 0.006171565040919736 0.05027538245227555 0.035099152527375964 0.044623669068500765 0.07394450517492537 0.0771884380678212 0.05792357952862707 0.09179596476373428 0.07143657236636823 0.035543754927815106 0.039826068692192726 0.055551891697343043 0.03418051344250004 0.02811548308425575 0.014998044337162297 0.02112514955756581 0.06277405880366932 0.04923328496222962 0.024763970071008036 0.05908817505366509 0.05053345474170695 0.0068287385015843895 0.014817520445668083 0.04916907018418427 0.052154705853722755 0.08106285816776802 0.017953515092526087 0.0304106497532873 0.07760664377638758 0.0517721714223297 0.0456907785894627 0.07030125004189085 0.06715330778431614 0.08345069760370323 0.026728561424280803 0.023136698030611667 0.011257477166462467 0.021757625189409324 0.0603119282010799 0.0267878993681631 0.019185034996242304 0.052638591301766624 0.046913940217245376 0.035174277960314665 0.04313215461639855 0.06086509304615 0.05835355940176338 0.06194222127339938 0.07292664913971515 0.07764615807885078 0.06429605723235013 0.06399651627919736 0.06480272811428968 0.06299276032613159 0.09303099381693425 0.05126560845621234 0.07928712889166271 0.08338365579509464 0.07621386458975446 0.042360810156901574
 0.040806409840855484 0.03712539387546816 0.04460913635996065 0.027309053399794884 0.059402040771587256 10000.0 0.060120701363625934 0.057197903714511125 0.036255021689486126 0.07694718279086782 0.03919134234422707 0.07355392390826883 0.022260156964985466 0.030750980670105565 0.03251683966877959 0.07454724480236516 0.030330505467514514 0.05749015396183844 0.028885846238231795 0.026054195089667564 0.07500057563954977 0.07370883518268738 0.04917224059064602 0.05402560636404812 0.014587480332612653 0.06077917177478555 0.020548360665721653 0.03860638786799997 0.06208671536905138 0.04988513863821415 0.03798221748554665 0.03236592432742304 0.03435709810160781 0.06396346458388576 0.08877068228106011 0.021804535900400098 0.01717294104646285 0.0348553799753512 0.05407852408895739 0.02101406449277759 0.03389157821702507 0.07742026472663054 0.050204244112632426 0.07022251600620227 0.03914688897549018 0.02888875527056359 0.04076031725274034 0.04316845318941129 0.012744616217493326 0.018351643082092386 0.05547862350759985 0.06168767667586073 0.050174350304091446 0.05450304303776959 0.02922549691775692 0.03659667570955832 0.06347317796036435 0.03249747691313902 0.042881180658270804 0.04313220007132801 0.04215421287926457 0.03375737931945302 0.057479299484891985 0.020370617884915433 0.024759908284543632 0.034355539962537485 0.0443891919532858
 0.03208064838776132 0.09521141299442827 0.04583218491157043 0.06282111196477555 0.027706141309886696 0.060120701363625934 10000.0 0.02170114073859134 0.06704076920398772 0.016854169976271184 0.06300854305917868 0.04721885438200365 0.07095095960061217 0.04429721354990432 0.09127820951731486 0.044319572146887705 0.0492523124372459 0.06460492188018065 0.042916105852744704 0.03577420949697871 0.016776231106653113 0.03776824141931335 0.04429109431829851 0.03965445241480651 0.056132418130667217 0.003285610173581644 0.05027575143318067 0.06813591738572143 0.02222027495708558 0.03777093293100415 0.03244333371272547 0.06724546680118001 0.06942473393045097 0.012087531977336566 0.03874546299941874 0.08157451396303922 0.045886680147798564 0.03131094595105207 0.04821494617646839 0.07520401255561496 0.0729163207293951 0.021032510054716916 0.010769307966820463 0.028889149153010146 0.025573608049895582 0.07296712460276558 0.01970584289734275 0.021661144158077492 0.059112340200432205 0.04248569610969857 0.0598844512052243 0.06854780625453012 0.08073416216627015 0.03456014369166775 0.07443186052511423 0.05820157990765526 0.053786410482386804 0.07754409187920402 0.04531332823592042 0.08169795910683605 0.04450817651533065 0.09031064888823 0.025783609490536437 0.08014216485022693 0.08463084307304378 0.0632032286855558 0.0628557410767761
 0.04478199252059298 0.09429143905713372 0.02755594379653317 0.06904601646350482 0.006171565040919736 0.057197903714511125 0.02170114073859134 10000.0 0.05208513972090751 0.030620618073311696 0.046855536468779664 0.06777307374359383 0.07381481589282633 0.05304874687430312 0.08971385818738405 0.06527140183679296 0.036052660448374595 0.04432079065249907 0.050788321262493934 0.03134524887265814 0.024305993061629002 0.019745158222599504 0.02462666608525442 0.05680166434620178 0.04826063845937828 0.01886963879885104 0.055005331196509626 0.052607636543400935 0.004896165555038992 0.017942581288941106 0.04374397490147526 0.05348839480911522 0.07675195007244986 0.012996095356957268 0.03158050745617462 0.07639220538025436 0.048066965226216375 0.04049105572876869 0.06445557548994141 0.06679706820402226 0.07934859827339635 0.02395324284769952 0.017103582981815878 0.013417116821352 0.018319165623568192 0.061073011925164594 0.02170282807051044 0.014938467598176111 0.051639667865480625 0.043354132816249294 0.03960199070086477 0.047914100152021195 0.06377171423242997 0.05231173390074545 0.06268001487136503 0.06805268701486168 0.0716485923960619 0.06527262689216329 0.05850253247116232 0.06682951211094992 0.05751519445610838 0.090495729092448 0.04511287176864566 0.0773896910572012 0.0816128691276336 0.07163609030950968 0.04526931852377222
 0.0647682204698059 0.06351797138028949 0.025630462993356768 0.06316611236471384 0.05027538245227555 0.036255021689486126 0.06704076920398772 0.05208513972090751 10000.0 0.08124329789559179 0.006478524984545034 0.09855483590821636 0.058075676339836596 0.06068514464076394 0.0584566105610705 0.09816381522794822 0.017949489606985617 0.02545432957269171 0.05804452666934775 0.03603323759357396 0.07601187129767015 0.05978818473455599 0.030244029097190053 0.08032203189268065 0.022704846020365217 0.06585216902305611 0.05310226375436353 0.0023513666790401107 0.05616066082092453 0.035608029247326436 0.061918556619742667 0.004461264211700465 0.07053452451951359 0.06404832657674389 0.07964903979981289 0.04020900404858302 0.04586900325313749 0.0573850863006351 0.08340851654952774 0.026047653406201014 0.07013496135379374 0.07603838050114092 0.05653699229476733 0.06097574281480242 0.0416501034301064 0.013583797138121951 0.049638666446370334 0.04538479854725606 0.023582395412746933 0.042776612147483344 0.025754923465983456 0.02856315806674813 0.01557177521692218 0.07872266589468778 0.014992184261426122 0.0709018467380324 0.09296290233686932 0.01578791574164614 0.07262760805292674 0.014811031724956403 0.07166845884689797 0.06314279545401326 0.07751289456668145 0.04675403094358317 0.04903123093177667 0.06984566312447549 0.011737288756337026
 0.04680819063374495 0.11200028283141136 0.05790467169655848 0.07871656827159917 0.035099152527375964 0.07694718279086782 0.016854169976271184 0.030620618073311696 0.08124329789559179 10000.0 0.07657240690285501 0.05232539583419307 0.08743312696202757 0.05991385512552611 0.108106082871806 0.048488336043120105 0.06393900987910564 0.07481140066808445 0.05882627255306499 0.05222618437302537 0.007931003574681048 0.03896937678888952 0.05523923806505005 0.05066833711091676 0.07237800818735238 0.016387144026048184 0.06668887784977705 0.08207051783458325 0.028291037952788946 0.048544201098588646 0.047734280723171575 0.08196620013415684 0.08490107742611704 0.01766169481509866 0.030720654314035853 0.09832735726516557 0.06265462676006267 0.04732989120141421 0.05951543185523713 0.09150925860817467 0.088608176804072 0.012449924531961655 0.02702148114857496 0.030352305861457807 0.04096304667569845 0.08839857034311781 0.03634264773035758 0.036737152523224445 0.07545990764411925 0.059332194350989576 0.070116168800427 0.07822127199854072 0.09393064170055809 0.04539226176082108 0.08991885316315434 0.07300905382458789 0.06307919175188345 0.09288884098921618 0.05898269464019442 0.0960460707712522 0.058321524979792094 0.10702482046035156 0.03571003752356049 0.09699552924218811 0.10148328507674716 0.07842716202081923 0.0755496993609855
 0.06367108730018023 0.0687973097830917 0.019767624071730147 0.06534507042453998 0.044623669068500765 0.03919134234422707 0.06300854305917868 0.046855536468779664 0.006478524984545034 0.07657240690285501 10000.0 0.09700146329040163 0.0613815261966036 0.06097447387650998 0.06371093352737985 0.0963300801061474 0.015287659821802354 0.019725059748522105 0.05824922617226266 0.0343858166542893 0.07101216488407713 0.05356539872398784 0.02414554679371722 0.07931934552089574 0.02483904386633651 0.061586813923782756 0.054281101866319154 0.005989436474254415 0.05072643550680134 0.029837148402337046 0.06091332159736441 0.010304237332982575 0.07298998969678752 0.05915837848654135 0.07360602125491231 0.04567245916542015 0.04658959185659992 0.05629326774542456 0.08305105563954117 0.03169082546631184 0.07295877631203686 0.07076066055812488 0.05275010153578725 0.05510945956777694 0.03806658545716563 0.0197974822237241 0.046582377210367155 0.04149917711250895 0.026489914460673773 0.04296320819264443 0.019518297607347725 0.023286979318922832 0.017799937223689073 0.0773195795897051 0.021281547713256268 0.07221294768925256 0.09251495364548525 0.022256081285081056 0.07256636949427252 0.020198146661490796 0.07157137089008223 0.06803199375266991 0.07533868515888803 0.05167799299258632 0.05425832853742069 0.0717166024779151 0.005732512242563905
 0.03406578530458574 0.09583666963444601 0.08536385773112927 0.05671022614071965 0.07394450517492537 0.07355392390826883 0.04721885438200365 0.06777307374359383 0.09855483590821636 0.05232539583419307 0.09700146329040163 10000.0 0.06933302374851272 0.0430513893751045 0.09397026920803601 0.0044040292253315575 0.08172048069881621 0.10536736245381707 0.04468565904635638 0.06266459934178276 0.05855219981909966 0.0849860603322384 0.08578888405331223 0.019533639148033695 0.07908513142949451 0.05048955066401759 0.05368320464218061 0.10041461500131114 0.06921706210814577 0.08027881824202336 0.03700220361743202 0.0968074971288251 0.058128516315976465 0.05919378097268289 0.08266411110110139 0.09339808671177224 0.05676728298873153 0.041333624574697 0.022258549137893224 0.09427120429985522 0.06259029176685983 0.06373014508740237 0.051323611025150796 0.07607273284852875 0.061793830284563644 0.0984876231209926 0.052554926664371615 0.06026600896813409 0.08053805561018562 0.05768949815640028 0.10095215778447021 0.10982464667082226 0.11404087814447808 0.01987913801097125 0.09946025197386898 0.04535247371968457 0.01720232616733731 0.10296563716808452 0.03189931233720684 0.1111281473354915 0.03232648597652453 0.0895185582750284 0.023050711836814734 0.0875594741092098 0.09159749108833636 0.05162032183841154 0.09911441123343763
 0.0430373983956625 0.026794236328149333 0.06591379798665946 0.012736826103508327 0.0771884380678212 0.022260156964985466 0.07095095960061217 0.07381481589282633 0.058075676339836596 0.08743312696202757 0.0613815261966036 0.06933302374851272 10000.0 0.029307016205052057 0.02463761055274223 0.07157019752804941 0.05214387498707859 0.07972515103210351 0.029422414418744734 0.043093509091253764 0.08733059247144372 0.09205885143908218 0.07016998606180122 0.05090156595091116 0.036839323373259236 0.07250950497811022 0.020756199730213438 0.06041649895553558 0.07852481540237331 0.06990790497759129 0.041073567650616614 0.05396712940271704 0.015401952108836747 0.07774924371422877 0.10467195172128017 0.028855853761736973 0.025918315544843792 0.04032549502261706 0.047306512594567016 0.03758120742787451 0.013054337766931837 0.09069748208713137 0.06281398086161276 0.08722250799584615 0.055587785571564574 0.04885018923418406 0.05392550665463911 0.0589278186555321 0.03489188465702214 0.030471073457556556 0.07760070206801464 0.08394345394374202 0.07110404105819727 0.053479822874044854 0.048740887204119274 0.024618725596072116 0.055279226108648515 0.05152857082448555 0.037708479859332164 0.0628957895072068 0.03748919325116604 0.020756322299239488 0.059800655678357566 0.02057813092736968 0.023655426589375944 0.019230087938762217 0.06663668668457311
 0.01382539538882716 0.05587455411772041 0.056165663393544306 0.018896416876449454 0.05792357952862707 0.030750980670105565 0.04429721354990432 0.05304874687430312 0.06068514464076394 0.05991385512552611 0.06097447387650998 0.0430513893751045 0.029307016205052057 10000.0 0.05308024426741901 0.04442012251727896 0.04680595929532647 0.07465239884510065 0.0027971364133346326 0.029207886950135733 0.061069846125705735 0.07270878240010234 0.05883337018380198 0.023561214561391392 0.03878591075877842 0.04646198731848323 0.01065301115226371 0.06285742058353724 0.05711095623737179 0.0558642572774778 0.012246567563093735 0.057951498194907705 0.025127584698033365 0.05324793549180708 0.08123636713558759 0.05040969409549829 0.015050075699779642 0.01318048290612058 0.02352153187251909 0.05171042125089043 0.02870096250641655 0.06509469053127787 0.03835237529982441 0.06601331787601625 0.037071516267271384 0.05760373631342734 0.031350749624226945 0.03879153786308863 0.03942914230494042 0.01801432883941589 0.07110489317054725 0.07927552779231428 0.07611277711345303 0.02495020207943772 0.058334643114045834 0.015010397747176746 0.033062901349464845 0.0618046287563599 0.012317906010435602 0.07122907212626974 0.011498253012184708 0.050018581134564116 0.030513272261863022 0.045066389021744445 0.04930788464382882 0.01906071612702884 0.0646387435813986
 0.06639260794963406 0.0050935502785651645 0.07479373628478195 0.037319231662581685 0.09179596476373428 0.03251683966877959 0.09127820951731486 0.08971385818738405 0.0584566105610705 0.108106082871806 0.06371093352737985 0.09397026920803601 0.02463761055274223 0.05308024426741901 10000.0 0.09617460520177451 0.0600923447271888 0.08342571374712779 0.05267759355215981 0.05852155406356256 0.1068429177915294 0.10587572027912552 0.07970047220483596 0.07542890190293382 0.04382434526049953 0.09230487749565568 0.043258534042843216 0.06050545952037213 0.09460331534018479 0.081414055676879 0.06410596462653498 0.0539993931251586 0.037934436469846525 0.0961524833376135 0.12128751817003086 0.018391115226603545 0.04554377682322471 0.06249267473063912 0.0719241627502844 0.03257827009378768 0.03402023172087215 0.10954996104891977 0.08193192655231214 0.10269924923779056 0.07163510989133817 0.04570058068355594 0.07254226455535137 0.07560324080016338 0.04061387387527356 0.048817635933139605 0.0826514137043687 0.08691049749745082 0.06726878518668854 0.0777681698809618 0.044787269468668185 0.04906263908509367 0.07971470223362329 0.04617454360165946 0.06228831313114717 0.05718862050496597 0.06202758051541641 0.007295806693919012 0.0834699797648882 0.012706613156503952 0.009452945646952043 0.0432610779266893 0.06944031920436314
 0.034316667399608314 0.09822496619509427 0.08395005820293927 0.05906925238779106 0.07143657236636823 0.07454724480236516 0.044319572146887705 0.06527140183679296 0.09816381522794822 0.048488336043120105 0.0963300801061474 0.0044040292253315575 0.07157019752804941 0.04442012251727896 0.09617460520177451 10000.0 0.0810453321475301 0.10392935651695454 0.04583191270241586 0.06215043200416536 0.05492338520930361 0.08201856997173125 0.08412844085982694 0.020934264849421777 0.07930091478646444 0.04756052022268321 0.05507038496710302 0.09995826044145277 0.06646728542010416 0.07843729760920834 0.037264165446257054 0.09660313771998663 0.060968918177972266 0.05616607033453176 0.07898077283358808 0.09482405420579453 0.05755751917908135 0.041377720043913324 0.025090490942277832 0.09505578380250618 0.06543469255400519 0.06009092435285771 0.0491587309632139 0.07304889985584705 0.0603716870560713 0.0987038738252114 0.05112277014351834 0.058572471799348845 0.08092082432156057 0.058105657079926674 0.09944865071623808 0.10833440089363906 0.1135689871733916 0.020146188308321065 0.09973398266079003 0.04799439689785933 0.021126868072115394 0.1032331429576628 0.033892658687362964 0.11105527174826949 0.03420138031494602 0.09195929767528142 0.021372233863016715 0.08929882942656606 0.09342196032953341 0.05433474380730391 0.09820459644986586
 0.04852016688127649 0.06510531453589592 0.014702722407313023 0.05372028446619125 0.035543754927815106 0.030330505467514514 0.0492523124372459 0.036052660448374595 0.017949489606985617 0.06393900987910564 0.015287659821802354 0.08172048069881621 0.05214387498707859 0.04680595929532647 0.0600923447271888 0.0810453321475301 10000.0 0.028510270583654664 0.044028283046555594 0.019165468831740872 0.05919799744218759 0.047619561164863884 0.019631899117574413 0.06417182643119573 0.016409915873609193 0.04822029059046224 0.04131897328680199 0.019345314158857135 0.040560967595426 0.022320345031449012 0.0458069424569701 0.018048919616674756 0.06170923138321374 0.04715493709780557 0.0658908218799128 0.0438057271685736 0.033201882299579474 0.041166702544011634 0.06821622987375105 0.03198412601386646 0.062385364099274 0.05975709390960541 0.03866369210252809 0.046753362737988184 0.02375176751018962 0.025021777605970758 0.031718476348924135 0.02760208834429227 0.01949266261147449 0.02901206042278413 0.02572488004995984 0.03303511703456505 0.032738315781128416 0.06206550183620873 0.026627370440063195 0.059118585676606474 0.07760118632397311 0.029276580437934373 0.05798717483711692 0.03245609275908871 0.05696954147706684 0.06295403269455026 0.06009158453520437 0.04740812635046634 0.05094109422974822 0.059455994429913166 0.017950346394588416
 0.07420830340463255 0.08851409115117972 0.02000377515587235 0.08217311852531169 0.039826068692192726 0.05749015396183844 0.06460492188018065 0.04432079065249907 0.02545432957269171 0.07481140066808445 0.019725059748522105 0.10536736245381707 0.07972515103210351 0.07465239884510065 0.08342571374712779 0.10392935651695454 0.028510270583654664 10000.0 0.07185543619024518 0.045693921084720056 0.06794084617583095 0.04327739267696449 0.020340940616650288 0.08955549592279628 0.04290421599506751 0.06233673091714596 0.06979252739967395 0.023799582942116395 0.04664998022216662 0.02684927397659543 0.07178849680287788 0.02977254473432533 0.090112649214719 0.0572973076559168 0.06402067819804468 0.06539152078784324 0.06161848952596112 0.06718123476672573 0.09473415995824812 0.05135895251644383 0.09059330814626418 0.06626142509888303 0.05598795951914925 0.04783808359667593 0.04358145503975368 0.03901364042084139 0.05283072467482149 0.04550856965942053 0.04514906398760132 0.05724145488622462 0.0047331819467404945 0.004631226510898658 0.026184851161186393 0.08659500476450989 0.04036322556292903 0.08751126282225037 0.10378732375881772 0.04062908647536763 0.08517138751111118 0.034544052141302316 0.08412654426506684 0.08763523238681345 0.08256024612925277 0.07131965908292372 0.07397277240930536 0.08796618474529191 0.01399257203297268
 0.01372909609173393 0.05568627183459686 0.053385404597561255 0.01992023035524044 0.055551891697343043 0.028885846238231795 0.042916105852744704 0.050788321262493934 0.05804452666934775 0.05882627255306499 0.05824922617226266 0.04468565904635638 0.029422414418744734 0.0027971364133346326 0.05267759355215981 0.04583191270241586 0.044028283046555594 0.07185543619024518 10000.0 0.026423606096240004 0.05965363777861282 0.0703931679642131 0.056084883923555685 0.0251521222176598 0.03629033124802597 0.04494535226928431 0.00955600706497319 0.06020311672843773 0.0549348209604885 0.05318757161031208 0.011651526968685131 0.05537227024238847 0.0266893950772929 0.05146501215379595 0.07937864663626953 0.04906948912741201 0.012637800748302305 0.011606463949279725 0.025825595682883347 0.04973738667506701 0.030016510457595517 0.06355138675964854 0.036476687066749586 0.0638490624991699 0.03452625518738414 0.05524252207257576 0.029129040450494654 0.03638446475087778 0.03705426871177355 0.015309831074203828 0.06830925441487257 0.07647869592419088 0.0735010749282612 0.026033308648810934 0.05601263125143601 0.017416470562991813 0.035407370335178705 0.05949474450147463 0.014711889251198427 0.06876931948991258 0.013820938784203561 0.04997941886224518 0.030801246998835363 0.04412526809970714 0.0484463424026501 0.020965284362171856 0.06187519476401114
 0.029366767020490552 0.06301835811216827 0.026965498154109924 0.040471237883785066 0.03418051344250004 0.026054195089667564 0.03577420949697871 0.03134524887265814 0.03603323759357396 0.05222618437302537 0.0343858166542893 0.06266459934178276 0.043093509091253764 0.029207886950135733 0.05852155406356256 0.06215043200416536 0.019165468831740872 0.045693921084720056 0.026423606096240004 10000.0 0.04946234835991745 0.04897958681713553 0.029865054975923507 0.04501483201894208 0.02044399044542328 0.03584189493964003 0.026526914235265247 0.03780782849948244 0.03620370520578507 0.027803273032563053 0.02668617260445901 0.03474684809354372 0.048568296764607506 0.0380937100492874 0.06284075248402807 0.046461908504128714 0.018461015946214736 0.022036305518251417 0.04932549341147094 0.039440432046212726 0.050363060184676525 0.051566831638812934 0.025210186183822817 0.04458795345728145 0.01311890124934612 0.03847156483307776 0.016115469900403356 0.017118493239423146 0.023345951109362884 0.013476822757230765 0.041983565101542795 0.05032510915116637 0.0514211966946778 0.042937258367586065 0.03978978290959502 0.043037220060661116 0.058607926971098796 0.043126811389882946 0.03948881910031469 0.04941375264615433 0.03844709498053795 0.05915049450450105 0.04152500873012921 0.046402550562018294 0.050740121206808764 0.04478350565320169 0.03696270142248242
 0.04873696417983107 0.11096233379475715 0.051859940052286196 0.07953747814702525 0.02811548308425575 0.07500057563954977 0.016776231106653113 0.024305993061629002 0.07601187129767015 0.007931003574681048 0.07101216488407713 0.05855219981909966 0.08733059247144372 0.061069846125705735 0.1068429177915294 0.05492338520930361 0.05919799744218759 0.06794084617583095 0.05965363777861282 0.04946234835991745 10000.0 0.031047522803196285 0.04880975629853466 0.054764538247473626 0.06904401706462868 0.01482813045400054 0.06677128305916383 0.07667280529004335 0.021297991313447024 0.04217653001200916 0.04920169613076931 0.07707233961683288 0.0861972990315966 0.01204425795202773 0.024135478940523866 0.09591679599851805 0.06187995832461651 0.048047852338934646 0.06355177180844132 0.08813488120256048 0.08966597351916476 0.005179813116260126 0.024911396182464445 0.022502520984976567 0.03725873359202298 0.0840300898794239 0.03431601232493013 0.03295470641395532 0.07225518931161888 0.058102664865065504 0.06328820817961281 0.07118245757730356 0.08806675280215405 0.04950873329495816 0.08559231349901683 0.07492841490284265 0.06801251954601213 0.0884163772308929 0.06170610373561515 0.09081320427780114 0.06094769544793698 0.10629445335064075 0.040030487568309854 0.09529278131474263 0.09973394599773378 0.07997639971448894 0.06957303257250914
 0.06443007129832735 0.11067451260741407 0.03445675313302856 0.08821162140678156 0.014998044337162297 0.07370883518268738 0.03776824141931335 0.019745158222599504 0.05978818473455599 0.03896937678888952 0.05356539872398784 0.0849860603322384 0.09205885143908218 0.07270878240010234 0.10587572027912552 0.08201856997173125 0.047619561164863884 0.04327739267696449 0.0703931679642131 0.04897958681713553 0.031047522803196285 10000.0 0.029592124174534672 0.0758078136706848 0.06260832994091366 0.03449675581548714 0.07408584404884738 0.05954045622094547 0.01641021326892622 0.02530874857921152 0.06346727853952086 0.06243994439661673 0.09604746352909314 0.02586181771578832 0.020755483570718294 0.0909432049587486 0.06674764063822108 0.06023288975447752 0.08374876854913775 0.07960338955698269 0.09844874169881392 0.027315734768955765 0.03632366439755035 0.009048746974916404 0.03674830446432162 0.07131813094737821 0.041403692208773185 0.03411376130745914 0.06599090587237111 0.06187073625273313 0.03926076330891598 0.04528912725228715 0.06774458395213939 0.07108460696996147 0.07295261001707423 0.08771909337577256 0.09051212418293161 0.07488440839484424 0.07818819701617478 0.07348642622382744 0.07720934675946113 0.1074465434502282 0.0631342088238951 0.09325894625426794 0.097227362172753 0.09113830530497471 0.05000632140756541
 0.05606742517567486 0.08469908108164981 0.005077390737528939 0.06973488232073456 0.02112514955756581 0.04917224059064602 0.04429109431829851 0.02462666608525442 0.030244029097190053 0.05523923806505005 0.02414554679371722 0.08578888405331223 0.07016998606180122 0.05883337018380198 0.07970047220483596 0.08412844085982694 0.019631899117574413 0.020340940616650288 0.056084883923555685 0.029865054975923507 0.04880975629853466 0.029592124174534672 10000.0 0.07092969724421634 0.03591429870970595 0.04209274602046225 0.05613226645183565 0.030134398490179078 0.027694835501626276 0.006702497383755261 0.05392579807639142 0.03285717884552005 0.07786385678543477 0.037586959367161644 0.04946060118526373 0.06335562296560497 0.047887541641573904 0.04948802923527069 0.07685481601966279 0.05098990036671979 0.07920347773320606 0.04781089751568196 0.03571381963471509 0.031086421034538427 0.024245431949437905 0.04184813381706493 0.03333884336415048 0.0255564399102207 0.039086648244250254 0.04301423039315452 0.015647271540449786 0.024453073395544908 0.03976739799424158 0.06755456540022475 0.04347605144917214 0.07290018526342386 0.08552854731033549 0.045312296099770236 0.06812807395831816 0.044282123940128905 0.06707174340679152 0.08238032340699357 0.06281674765332984 0.06700522233248238 0.07057163173592759 0.07450915293203644 0.021311017555951748
 0.015652385345875257 0.07765922467884026 0.06971713176771792 0.03860939213986784 0.06277405880366932 0.05402560636404812 0.03965445241480651 0.05680166434620178 0.08032203189268065 0.05066833711091676 0.07931934552089574 0.019533639148033695 0.05090156595091116 0.023561214561391392 0.07542890190293382 0.020934264849421777 0.06417182643119573 0.08955549592279628 0.0251521222176598 0.04501483201894208 0.054764538247473626 0.0758078136706848 0.07092969724421634 10000.0 0.060052233062842374 0.042785094761979996 0.03421101887355845 0.08229019331308368 0.059412034334019856 0.06616306861237889 0.018424026351204686 0.07827246755079974 0.04146717951153609 0.05141463384679512 0.07820928459789023 0.0739622873171707 0.037319657556731355 0.02302659298763671 0.008847141902986817 0.07478530554315482 0.04587992309424056 0.05971541386157796 0.03970334113968517 0.06748442976700532 0.04671491211133798 0.07939878615682272 0.03790793752099588 0.04620763438486794 0.06132732043824747 0.03853939986850343 0.08538195211558984 0.09412854589042205 0.09588619711514783 0.005280228736113574 0.08031116185909112 0.028238063327308507 0.014902306383643439 0.08381626344485027 0.013246840589872862 0.09235652598437101 0.013412377939078178 0.0714722278353554 0.014962708365279628 0.06836473127343437 0.07249509307711187 0.03462231042808323 0.08194964993943386
 0.045043958921323714 0.048800239886497086 0.031075960749511904 0.040609190902362986 0.04923328496222962 0.014587480332612653 0.056132418130667217 0.04826063845937828 0.022704846020365217 0.07237800818735238 0.02483904386633651 0.07908513142949451 0.036839323373259236 0.03878591075877842 0.04382434526049953 0.07930091478646444 0.016409915873609193 0.04290421599506751 0.03629033124802597 0.02044399044542328 0.06904401706462868 0.06260832994091366 0.03591429870970595 0.060052233062842374 10000.0 0.056008283719443205 0.030525128153455237 0.025018678353868576 0.053098018001155725 0.03772002184414253 0.04209831456891666 0.0194055169145982 0.048169947148395634 0.05727032377560237 0.07948844574976886 0.028392167599297014 0.02374661001541728 0.03793108605114625 0.06206055123504464 0.019135761784489023 0.048136042575836764 0.07060453302114128 0.0454620601601832 0.060434455772048055 0.03179075616785526 0.019408740586499787 0.036544231777437784 0.036093655874255656 0.0034053263962717916 0.02152937531957927 0.04096842904408534 0.0471041317702991 0.037663692801353524 0.05927279483393551 0.02044387719178548 0.04822992486992947 0.07165476295634038 0.023937053322275418 0.05100200248571286 0.032494489843839465 0.050100564039276894 0.046544224370565386 0.059919047358544954 0.031118769323905976 0.034820571391118875 0.04717515718529285 0.029879630263555293
 0.034644265111963564 0.09634302830575514 0.043912278888544286 0.06478783883501191 0.024763970071008036 0.06077917177478555 0.003285610173581644 0.01886963879885104 0.06585216902305611 0.016387144026048184 0.061586813923782756 0.05048955066401759 0.07250950497811022 0.04646198731848323 0.09230487749565568 0.04756052022268321 0.04822029059046224 0.06233673091714596 0.04494535226928431 0.03584189493964003 0.01482813045400054 0.03449675581548714 0.04209274602046225 0.042785094761979996 0.056008283719443205 10000.0 0.05194397116163828 0.06685162547920936 0.019073936061319456 0.03549066347510252 0.03481696176135976 0.0662641043554548 0.07156781637690489 0.008808613470692263 0.035831396945835564 0.08203093525252 0.047139259097839635 0.03335546575476404 0.05128997962423542 0.07513465869745856 0.07495959096239303 0.018633944853438004 0.010652387434802674 0.02560591875462699 0.02480564960498787 0.07232729969962778 0.020046047214180445 0.0206845127643032 0.05907736141401253 0.04349485055196458 0.05760635639570561 0.06619041849093793 0.07922933453139103 0.037726073175052534 0.07382278730346466 0.06060874429538257 0.05699852550791715 0.07686345882318615 0.04805352648848596 0.08058570848937557 0.04722191897361329 0.09158143988809245 0.029038626469032235 0.08095186130383777 0.0854215976050782 0.0654579017882835 0.061167460602098184
 0.0231676284312412 0.046431348714668176 0.05272424101514882 0.014144674509986488 0.05908817505366509 0.020548360665721653 0.05027575143318067 0.055005331196509626 0.05310226375436353 0.06668887784977705 0.054281101866319154 0.05368320464218061 0.020756199730213438 0.01065301115226371 0.043258534042843216 0.05507038496710302 0.04131897328680199 0.06979252739967395 0.00955600706497319 0.026526914235265247 0.06677128305916383 0.07408584404884738 0.05613226645183565 0.03421101887355845 0.030525128153455237 0.05194397116163828 10000.0 0.05537303745268675 0.05950315661282957 0.05432431323521159 0.020849288311660892 0.04993058843511778 0.02213282995803878 0.05760603494210414 0.08503592950647375 0.03975675219538883 0.008283046249203872 0.019617559045342667 0.033568403032401294 0.04155822338654057 0.024368563694693982 0.07030437900769981 0.04255607871771917 0.06837162756179702 0.03737128372757365 0.04846872155811612 0.034083702639774824 0.040108397467341336 0.030549236632091394 0.013123977745852401 0.06670321394363624 0.07434359195525708 0.06818828520379572 0.03548114404864804 0.049048625212562445 0.017935665741719658 0.04292814006870511 0.052456534386299686 0.022410950889003675 0.06243826230968217 0.02173697943116805 0.04089937354646562 0.04030189040003212 0.03457990645579516 0.03889151491622368 0.018404556567762593 0.05853725106222434
 0.06670748641697147 0.06555518485381945 0.02571619294183282 0.06550694575090027 0.05053345474170695 0.03860638786799997 0.06813591738572143 0.052607636543400935 0.0023513666790401107 0.08207051783458325 0.005989436474254415 0.10041461500131114 0.06041649895553558 0.06285742058353724 0.06050545952037213 0.09995826044145277 0.019345314158857135 0.023799582942116395 0.06020311672843773 0.03780782849948244 0.07667280529004335 0.05954045622094547 0.030134398490179078 0.08229019331308368 0.025018678353868576 0.06685162547920936 0.05537303745268675 10000.0 0.05656435232219367 0.03577232024268194 0.06387397179876234 0.006635097714831711 0.07288359097789796 0.06476005572684304 0.07959499291705016 0.0422077637234221 0.04808452710067429 0.05931873420443392 0.08549511328584654 0.028010261005740868 0.07248594766973142 0.07654472817374328 0.0577166038571074 0.06107643489730341 0.042880534536363375 0.015267819894692457 0.05105835217437107 0.046512518283344156 0.025931540090553304 0.04491667773980712 0.024445045171871446 0.026698240899017147 0.013626625545049202 0.08060680596923545 0.016573722203273918 0.07319204586146352 0.09503798101368226 0.01696064208861577 0.07475621028773327 0.01427127437633784 0.07379107359390034 0.06528692220239206 0.07921233580775212 0.04890311687006594 0.051097181359878605 0.0721739006388691 0.010474406347190296
 0.048169712815843535 0.09917343344006216 0.03113619503633109 0.07348324412953072 0.0068287385015843895 0.06208671536905138 0.02222027495708558 0.004896165555038992 0.05616066082092453 0.028291037952788946 0.05072643550680134 0.06921706210814577 0.07852481540237331 0.05711095623737179 0.09460331534018479 0.06646728542010416 0.040560967595426 0.04664998022216662 0.0549348209604885 0.03620370520578507 0.021297991313447024 0.01641021326892622 0.027694835501626276 0.059412034334019856 0.053098018001155725 0.019073936061319456 0.05950315661282957 0.05656435232219367 10000.0 0.021184791895467993 0.04734039073807941 0.05775970192857527 0.08111175293444202 0.011433266031016078 0.026686871260388864 0.08126558824560642 0.05271496250040677 0.044336671356325394 0.06733998235540659 0.07155523064352322 0.08380395400605688 0.02014459267740456 0.01994018967363847 0.008918499425788238 0.02313931152826425 0.06555120823763529 0.02581148793415843 0.01959717282361164 0.05648267235850535 0.04805389110127617 0.04199128932538171 0.049956732197557197 0.06730201255388112 0.05472556368563856 0.06716710900481429 0.07208053331176179 0.07414601604980053 0.06968570216150032 0.061959309990779365 0.0708260691527631 0.06099534596532268 0.0953500667458716 0.04697950432534207 0.08228522001289573 0.08650901136394915 0.0758556146352824 0.04877412365656071
