NAME :TPP_input_21_3_3
NUM_VERTICES
61
NUM_CLUSTERS
21
Full Matrix
 10000.0 0.06349987148009227 0.0828541627434451 0.04118713883920748 0.08485471268259888 0.057372775186330764 0.008284732934906443 0.01542876602228308 0.05561381370411397 0.0411488175830285 0.0934001727001999 0.038635002837408935 0.006047027022262247 0.011264908898045673 0.053356405835249913 0.04146267941826778 0.06634168405054779 0.08949282214973321 0.02370491082265305 0.056321410563150306 0.08606568826986037 0.03788135925219699 0.027099605612892094 0.07701973104330194 0.018357018645228634 0.05849983025508591 0.02260869971131486 0.03694813538513439 0.018740815403280722 0.030864879718538574 0.02757077383457082 0.0327342724544939 0.08519044120673304 0.0462722944491421 0.058992250727291036 0.06707184922880066 0.04160397097177315 0.08782186656063441 0.08960915603660596 0.03397975488641737 0.024395338071313336 0.07188382958900359 0.08856049325620771 0.0790827423602879 0.10681228229660766 0.06424667302822924 0.03277792962667164 0.058141912821151095 0.010419682123104733 0.08810224630855638 0.047777166221489906 0.03995738732377383 0.05881366432366851 0.03639650486420125 0.03523832657167404 0.06549131775646894 0.03390679720819341 0.022619309434699163 0.06785540648721361 0.04747963376662923 0.06428348673451566
 0.06349987148009227 10000.0 0.05806917561649824 0.02569943783275778 0.02332498254812637 0.06905820580865793 0.07061006771114108 0.068184133630878 0.0909757970710434 0.06660136693153948 0.08512896298523773 0.048902937057529156 0.059590719619887225 0.07422391686510635 0.08862891312594857 0.08412736419914858 0.08252422352702163 0.09364540360983134 0.0575548903078684 0.05263341463221359 0.022674964821947485 0.07826497934845862 0.06308531131688241 0.05447790108475958 0.07679628318653368 0.038709344791080624 0.053770952129886196 0.03740997802558502 0.05023192564234603 0.0351837533385396 0.05132116016132763 0.08641575680459404 0.08543347727720009 0.07077411668669764 0.046023335693838346 0.10208345159668115 0.02194048107297306 0.05846886183502487 0.07499651645282096 0.03876763219605309 0.0401152636179625 0.09350240366624045 0.06443631414508459 0.05248286848034269 0.09127145255228876 0.055576211545743694 0.030777038576104872 0.06142564054951694 0.058806503484093456 0.026249672545123864 0.01604527360404665 0.0268337468793239 0.008561491909600687 0.08103780798224708 0.029672436549284587 0.039419819936537 0.039989378115115104 0.05273399555228035 0.07249430629164837 0.0459359113900577 0.02029633682620962
 0.0828541627434451 0.05806917561649824 10000.0 0.05149589180767989 0.053272476622711847 0.03935832922056792 0.09098504302803063 0.09596705974426552 0.0683866714309081 0.05230550503422197 0.02944826599056094 0.04460961920674317 0.08328006535378116 0.08842927630265583 0.06713187175488043 0.07192739584786918 0.04702325247788914 0.043519600616056246 0.06120797185446974 0.027938820138709013 0.0614649618078918 0.06758343911925012 0.061719015706984175 0.005834451824406062 0.0838002796440707 0.02605958710777471 0.08930966518233818 0.04752799416359563 0.06423509978923887 0.07328734671061235 0.05564485954825891 0.08380479558817946 0.03502624553488881 0.05163440306652183 0.023866882108593664 0.07451244552038074 0.05946612049526163 0.0063306782730019415 0.01813017186702181 0.050319961595537775 0.0726770139306435 0.057359930401397884 0.006652173095708707 0.005598827694160741 0.03320898565755532 0.020756442514779386 0.06248907243885209 0.031458592755497124 0.07281840184778417 0.05493737597853993 0.05633598652948849 0.05203464005424911 0.05103678935701538 0.07245754166760199 0.05683663937080634 0.020717174435428205 0.04992641004477329 0.08831697255563367 0.03293776398483063 0.035430372890965574 0.0378088352605989
 0.04118713883920748 0.02569943783275778 0.05149589180767989 10000.0 0.044259339001914234 0.04782716288156677 0.04911699134289524 0.04980941458495169 0.06629267516865182 0.0420289884980302 0.07260985850419781 0.0247780142650031 0.038711544301533014 0.05094869497874365 0.06387956817930704 0.05857589621324984 0.06124398588971101 0.07682846713430093 0.03187089422432346 0.034369110159521106 0.04674247306271697 0.052728345838427 0.03739811504927413 0.046201417415687014 0.052071516400740606 0.02574630666410066 0.03932075806767151 0.012443005888655871 0.025304048540702253 0.021884751180047787 0.02564345077397371 0.060866864689151104 0.06951320315930329 0.04670596387928465 0.030857019166742602 0.07778240377324872 0.009212963387042526 0.05464015231058671 0.06461083818352781 0.01323495329175872 0.02251776191589219 0.07150856902167455 0.05808329549021951 0.046377655880347306 0.08235782028782289 0.04014127582585603 0.011394375947780958 0.04193548218761341 0.03455508935130702 0.04753928189742474 0.010753955549743769 0.0012563277380976303 0.01879562633961092 0.05536943775975015 0.006353479939504702 0.030928281581768954 0.014529766831654101 0.0382621885175742 0.053887592457811676 0.025061185028456997 0.023365911769191804
 0.08485471268259888 0.02332498254812637 0.053272476622711847 0.044259339001914234 10000.0 0.07708909090309532 0.09240574352411476 0.09092911493488989 0.10310958183377646 0.07950462133496827 0.08265575561764937 0.062421529459838705 0.08153131927916049 0.09505723730533491 0.1009839821828279 0.09903711290279246 0.08967151442603828 0.09496176739426637 0.07482864680293785 0.0594889260636749 0.008445299020585089 0.09324884720495959 0.07950299501536405 0.05190636221554463 0.09624465665061752 0.0444021077210771 0.07695539570068548 0.05336670789682164 0.06951968973115441 0.058163600415203055 0.06804171393748167 0.10402911993428238 0.0863386726486161 0.08256148202338955 0.05142809477420639 0.11308598129402435 0.04366231015113623 0.05111338215732221 0.07140245630752791 0.05558092403466497 0.06256643361136895 0.10103479040299357 0.0584252699709037 0.048366763069455455 0.08494614471414594 0.059306237303662517 0.05228094685797569 0.06827774396842994 0.07880962916514352 0.0032816585601103533 0.03734266322247343 0.045515011166692085 0.026051789846535722 0.09679150682638592 0.04973776135790856 0.04118043213794256 0.056518043038050164 0.07590717893890125 0.07728039912917897 0.056372961071589414 0.024926390934624756
 0.057372775186330764 0.06905820580865793 0.03935832922056792 0.04782716288156677 0.07708909090309532 10000.0 0.06420457549471181 0.07263879550540567 0.029205750851130884 0.017063854367994055 0.037165018829442724 0.024427899308699187 0.060366516219826485 0.05870004423257675 0.027817013355299364 0.03344930618224406 0.01352979664680304 0.03246884771453932 0.033801656892406724 0.017603777811209347 0.08342536049749567 0.030044354624560305 0.030687714660035465 0.03497340899350093 0.05121801203265488 0.03269929733473408 0.07257073764489279 0.03621471979076119 0.042393861819045864 0.06349256877589711 0.032173155901147624 0.04710049851878242 0.027851171065684355 0.013784646784532286 0.02575730477409682 0.036894149829046465 0.056812666332539716 0.045687379834695625 0.03662344226038147 0.03711356318734805 0.05935286947512997 0.024478418250995487 0.04206599012414448 0.039214832384774426 0.051701255234099824 0.020103095835052383 0.05390951004513714 0.0091010991454043 0.04716689840028276 0.07986970748819261 0.057939865310064995 0.047376100698162935 0.06050554369764668 0.03499949078900499 0.049204390265759596 0.03667941276471293 0.035845802756987316 0.07185986211898511 0.01085115487236157 0.02329448599060547 0.0529425056646734
 0.008284732934906443 0.07061006771114108 0.09098504302803063 0.04911699134289524 0.09240574352411476 0.06420457549471181 10000.0 0.011376765877781116 0.05938864379134469 0.04754800384594321 0.1006883824659875 0.04660066832345209 0.011044580889867215 0.008989073245349833 0.057286379292145695 0.044743290426469635 0.07232901455720818 0.09594178931541349 0.031039545363908898 0.06421387609851448 0.09326287708271487 0.04204487536933195 0.03355357951847611 0.08515194443939962 0.019030153572352992 0.06676723805170134 0.024399231023603724 0.04523143661587169 0.026995657276921044 0.036758428564983896 0.035499668874064784 0.03349835694027041 0.09205278900006145 0.052383873115712104 0.06713857027373098 0.07032834584543876 0.04887977413419855 0.09601417750054853 0.09729945532596043 0.04226260528180658 0.03074989107024403 0.07700373625903606 0.0966236640615195 0.08728180811251847 0.11433760413214587 0.0721378602998693 0.040140889831996 0.06558919550843666 0.018224171622361063 0.09563296533796588 0.055143937492655705 0.047902743958462425 0.06635781470926043 0.039691448855922434 0.043041476208821046 0.07376729195744343 0.04219062475491668 0.02477189325550592 0.07485626982246177 0.05557164248770748 0.07233457862246004
 0.01542876602228308 0.068184133630878 0.09596705974426552 0.04980941458495169 0.09092911493488989 0.07263879550540567 0.011376765877781116 10000.0 0.07027136204737713 0.056560718997009964 0.10828053728069924 0.05270681054134964 0.01279520371254811 0.020356257959865984 0.0681003592175395 0.055765252970873626 0.08177044723527174 0.10485912771856765 0.0388531296072251 0.07040182090618348 0.0907570361694392 0.052708827855144996 0.042521955401912066 0.09015701229545561 0.030379134158759293 0.07070166124267746 0.016339005114012938 0.048750950478973494 0.03210271085013226 0.033049278947178 0.041914528590418824 0.0448750891378467 0.10040027308889388 0.061700920558218235 0.07218703432939391 0.08141193057841702 0.047447658167046276 0.10055292813668273 0.10395869143559189 0.045842157852612135 0.028427386047176883 0.08718014395689992 0.10194563338969166 0.09181376156469719 0.12138704643233345 0.07827942287796485 0.039342623797467294 0.07294565674915243 0.02547411864084114 0.0940609019908671 0.05375182321942039 0.04870229842346465 0.06522218235484005 0.05068917868636782 0.04346406334382806 0.07744504074972414 0.04610306106524193 0.017082576506860157 0.08301109297138692 0.0610358913812463 0.07310630154856193
 0.05561381370411397 0.0909757970710434 0.0683866714309081 0.06629267516865182 0.10310958183377646 0.029205750851130884 0.05938864379134469 0.07027136204737713 10000.0 0.0243781935305154 0.0593783900898187 0.04207481101102642 0.06077419641782632 0.0511663679437684 0.0024886818891016954 0.014807205278817449 0.024123900492321253 0.046516809940317864 0.038521814572575995 0.045257733443146854 0.10851859783296913 0.01777418528558615 0.03231882565306154 0.06416530454294647 0.04111573897825153 0.05939798353192862 0.07661056181194831 0.05390779069921934 0.0492623480876672 0.07466776227507586 0.04217726575218395 0.029528566876558388 0.047229132404637546 0.02056819647419074 0.05338986115715003 0.012029625030895842 0.07384960171293824 0.07471326902828905 0.06271154710627319 0.05321109995711497 0.06872893185236012 0.021137430674155213 0.0705232669433791 0.06842051158765787 0.07439700892135699 0.049206883793270186 0.06794171125503391 0.03796722731690126 0.048159591278363056 0.10611162524625416 0.07704456903772104 0.06541149816644957 0.08279902749967442 0.01974823155990146 0.06500958219598557 0.06457610432484658 0.05186416948499573 0.07626297350191698 0.036478795417684444 0.04674691275693365 0.0782384393428318
 0.0411488175830285 0.06660136693153948 0.05230550503422197 0.0420289884980302 0.07950462133496827 0.017063854367994055 0.04754800384594321 0.056560718997009964 0.0243781935305154 10000.0 0.05421253510606646 0.017710758717842185 0.04475685843089843 0.041698593412333215 0.02202939913903146 0.020597964354168375 0.025359170124359766 0.048413145355952196 0.01842643661825547 0.02513238314333744 0.08453980860849185 0.015516878976159474 0.014063081358112949 0.047050098173486814 0.034193219056355306 0.03706914275015915 0.058437133159874956 0.029601901201013858 0.028540943780185977 0.05262641577624399 0.019412466368453958 0.031548688432448846 0.044692171757081955 0.005567055108450646 0.032336107867349 0.03575451955134987 0.04989182745888671 0.05843119610482163 0.05291760396976702 0.029108313472215968 0.047382907262803704 0.03258458374096202 0.056272551941474465 0.050700453531372924 0.06863324536248648 0.03155731069143469 0.04468747412981783 0.021380339509902292 0.031316586300869136 0.08258965383853344 0.05278055857810163 0.04119287041045346 0.05845468115120444 0.02024909961897207 0.04120266314916265 0.0431692746731082 0.02774462988598614 0.05785467995819887 0.027913729051719256 0.02341676175304324 0.05457979817924258
 0.0934001727001999 0.08512896298523773 0.02944826599056094 0.07260985850419781 0.08265575561764937 0.037165018829442724 0.1006883824659875 0.10828053728069924 0.0593783900898187 0.05421253510606646 10000.0 0.056190089701491336 0.09563124066400094 0.0956875353598269 0.059180162880519194 0.06863175019968436 0.03530572385473204 0.01786703671333251 0.06972495146247534 0.039441080957157364 0.09077317605807479 0.06633469719284739 0.06749848184098384 0.0311756055038034 0.08838296808255805 0.04787763084786654 0.1056659750524 0.06447929472214964 0.07661627207925567 0.09282358337053496 0.06646713365931264 0.08339845528351847 0.012464971099354275 0.05065695446737682 0.04178659095677736 0.06077943080869362 0.08160464374603485 0.03289166842397842 0.011458677035966668 0.06658811291378547 0.09038036498840096 0.04125244565877121 0.02530227160672187 0.03432170906320026 0.015068250679887905 0.032568506978743944 0.08208489850046877 0.03533921003827102 0.08300089198990263 0.08437671765561766 0.08005755458752764 0.0727396544018452 0.07730826188834293 0.07116058052163428 0.07651802368053859 0.045729295051705594 0.06568123198688543 0.10481080301163605 0.026322315825837037 0.04959189933695509 0.06501573227884866
 0.038635002837408935 0.048902937057529156 0.04460961920674317 0.0247780142650031 0.062421529459838705 0.024427899308699187 0.04660066832345209 0.05270681054134964 0.04207481101102642 0.017710758717842185 0.056190089701491336 10000.0 0.03992029332596715 0.04384615938691405 0.0397387375222213 0.036620154541644905 0.03731339396676923 0.05598431606602203 0.016768766551643288 0.01772198670683231 0.06709070363403144 0.030855627025428913 0.01877777264314078 0.0388039660766333 0.03999117070257285 0.02283441557183875 0.049613018133235834 0.012418451568262526 0.020638636762758154 0.039095165111162115 0.011103109072120951 0.04337676296643598 0.04991088882394827 0.022010981271601043 0.021036245987680783 0.05326266882419897 0.03322782697357143 0.04995694094123439 0.051257071132663236 0.012790600692997771 0.035252999585336085 0.047047360391321555 0.05006657867771835 0.041346440350401074 0.0687747356523859 0.02563512374132591 0.029535113437881105 0.021234785868700513 0.02837657679146157 0.06557417230696486 0.03544997565351262 0.024074950581605574 0.04074525025057582 0.03462458436134634 0.025073624748546654 0.029805845524707292 0.011479600403441922 0.04879754229875229 0.03274153171414662 0.009372709997721863 0.03761361053705142
 0.006047027022262247 0.059590719619887225 0.08328006535378116 0.038711544301533014 0.08153131927916049 0.060366516219826485 0.011044580889867215 0.01279520371254811 0.06077419641782632 0.04475685843089843 0.09563124066400094 0.03992029332596715 10000.0 0.016835474239977468 0.05846158823572717 0.0468964347462783 0.0701074804406194 0.09274171660013063 0.026604616486980766 0.057608624098292975 0.08225299430355237 0.04300007862695884 0.030920686093539786 0.07746102091833708 0.024402641045993465 0.05821308132451605 0.016627798154502223 0.03630224544136282 0.0193076062660219 0.025839518234206556 0.02918982562127716 0.03873482259509131 0.0880060085294763 0.05008055666599739 0.0594645090682802 0.07239282945034427 0.03792717641592048 0.08795810703468906 0.09117630652499159 0.03335801698004286 0.019715783504201216 0.07626145215608399 0.08921187890278044 0.07921104332671795 0.10863435767124219 0.06548435490307175 0.029252907085030554 0.060293069140478765 0.013455360672667862 0.08474505854286322 0.044216770114557276 0.037529987893448934 0.055505499899657355 0.041865652004629175 0.03249802519749308 0.06504838562750372 0.033529700302548204 0.01659806024912466 0.07057871038566002 0.04825616211963813 0.06205777564397699
 0.011264908898045673 0.07422391686510635 0.08842927630265583 0.05094869497874365 0.09505723730533491 0.05870004423257675 0.008989073245349833 0.020356257959865984 0.0511663679437684 0.041698593412333215 0.0956875353598269 0.04384615938691405 0.016835474239977468 10000.0 0.04916115419908488 0.0363996864175104 0.06568537796149786 0.08969216435861296 0.027266663904236224 0.06092493422927629 0.09666393524248994 0.034234136874530516 0.02821964784464917 0.08263748465866529 0.010230916119096538 0.0654640643331515 0.03244176563870891 0.044912562512894626 0.02650245028804766 0.042123462629419954 0.032963140476218455 0.024534891629306062 0.08638354533719281 0.04609607328496797 0.06484461057999176 0.06181887313763926 0.05228346431400765 0.09379701049276844 0.0931855451959135 0.04202754936525978 0.03561415463027372 0.06953750196818852 0.09371685838285083 0.0851580053337989 0.1097636222493987 0.06876255606182344 0.04344826496867431 0.061151975759025645 0.016828472865804422 0.09832491651371167 0.05833464259101982 0.0496964967802115 0.06911194089767253 0.03141895861156714 0.04532297913134885 0.07256106209887318 0.04166687421136046 0.03266188964669713 0.06951269611583054 0.053151535524765495 0.07353185342884556
 0.053356405835249913 0.08862891312594857 0.06713187175488043 0.06387956817930704 0.1009839821828279 0.027817013355299364 0.057286379292145695 0.0681003592175395 0.0024886818891016954 0.02202939913903146 0.059180162880519194 0.0397387375222213 0.05846158823572717 0.04916115419908488 10000.0 0.01296993865159997 0.023876920028335257 0.04691878338517211 0.03603932690056967 0.043459160717809524 0.10631657833041998 0.015478514727070989 0.029842797770525703 0.06278310073228482 0.03918107193773904 0.0574216272837314 0.07423401800654848 0.051508432201899296 0.04678347369112131 0.07218179641950545 0.039696490476343604 0.02808656952447191 0.04717526520755791 0.018424315625438545 0.051541688654946856 0.014511017008118958 0.07139678582204646 0.07346245234638948 0.062068565304725015 0.05077898952756556 0.06625087206605332 0.022091494179081805 0.06946896736284046 0.06699249690359461 0.07423397032298565 0.047679023512427844 0.06546014616702242 0.03641023507985205 0.04577607016150511 0.10400252833180382 0.0746292530609289 0.0629902259715511 0.08047814727113034 0.017769153400710776 0.06254903724276366 0.06272472166008397 0.049434657813533796 0.07387664031800621 0.035629674310868775 0.04461102320187811 0.07609155064040082
 0.04146267941826778 0.08412736419914858 0.07192739584786918 0.05857589621324984 0.09903711290279246 0.03344930618224406 0.044743290426469635 0.055765252970873626 0.014807205278817449 0.020597964354168375 0.06863175019968436 0.036620154541644905 0.0468964347462783 0.0363996864175104 0.01296993865159997 10000.0 0.03410125621390889 0.058206748853036304 0.027756178301003142 0.04553712274384085 0.10351475277725031 0.005866897369206228 0.02158020003768249 0.06694770782655986 0.026313490941510247 0.05757082894112005 0.06313435868688645 0.046789340375231414 0.03792126514112612 0.06336684424346924 0.033045744794199416 0.015524568674216645 0.05725443411705509 0.020294604485339287 0.05292129830587887 0.02566061916503359 0.06502084142395517 0.07817627889921425 0.06983716139907786 0.045378997522555344 0.05703308169160698 0.03463938692554222 0.07526826752742116 0.07080427661263292 0.08364949800563395 0.051394810651999745 0.058063369445574727 0.04047498676848654 0.034979833874772416 0.10219395026469183 0.0691019599951403 0.05753162203951848 0.0764557527643788 0.005082067581153654 0.056082843811077795 0.0637611315946121 0.04414012088037911 0.06287983193625366 0.043249634189528874 0.04372369725472774 0.07422530492242671
 0.06634168405054779 0.08252422352702163 0.04702325247788914 0.06124398588971101 0.08967151442603828 0.01352979664680304 0.07232901455720818 0.08177044723527174 0.024123900492321253 0.025359170124359766 0.03530572385473204 0.03731339396676923 0.0701074804406194 0.06568537796149786 0.023876920028335257 0.03410125621390889 10000.0 0.02435358275442465 0.0437319790239486 0.030444486334071513 0.09629479678921365 0.03290897854855686 0.03927308794406873 0.043785267638920586 0.05693093801883953 0.04551709100091261 0.08359059706728933 0.04942775344867913 0.05344066943942744 0.07602532849216681 0.043594240196063005 0.04942380334782214 0.02336455392706652 0.020071780188178612 0.03827955182422053 0.027666020334320945 0.07015480939488701 0.05319975481819914 0.0389153455681635 0.05010181059373066 0.07145836341608898 0.011365334214447891 0.04803658131640639 0.048249321412436375 0.0503570749235916 0.030905910504371907 0.06683007979638601 0.021509088128612082 0.05665858026408362 0.09234171377263388 0.07143721298265064 0.060752087379837526 0.0739657479989087 0.03736389779322886 0.06233597857806238 0.048693596028534285 0.04879246089481409 0.08296468679639145 0.014100142789461213 0.03682406693046656 0.06595460339086924
 0.08949282214973321 0.09364540360983134 0.043519600616056246 0.07682846713430093 0.09496176739426637 0.03246884771453932 0.09594178931541349 0.10485912771856765 0.046516809940317864 0.048413145355952196 0.01786703671333251 0.05598431606602203 0.09274171660013063 0.08969216435861296 0.04691878338517211 0.058206748853036304 0.02435358275442465 10000.0 0.06613828312418642 0.042507544800413646 0.10266680159214883 0.057260930528843935 0.062466240177778125 0.043318307770683934 0.08117927433943034 0.054962799577575286 0.10497372277598538 0.06660622519232184 0.07484378878320541 0.09484306037736813 0.06459335533287482 0.07364765571037367 0.008636220350844546 0.04362852162267488 0.04778289426833422 0.04543464389994262 0.08604142007966788 0.048247281147816456 0.02758402409924129 0.0680847536537529 0.09123688761373133 0.026168498281513578 0.04102777249940907 0.04732962680846039 0.030681241940413936 0.03810589622769423 0.08467143767720013 0.03523563580672839 0.07943885035805144 0.0970626818349386 0.08578100048025161 0.07666563906034907 0.08531475642408577 0.06167293479342682 0.07949284132798547 0.05501211555632858 0.0669392516704273 0.10424239274033334 0.023306294061283626 0.05194835627235916 0.07444903770639484
 0.02370491082265305 0.0575548903078684 0.06120797185446974 0.03187089422432346 0.07482864680293785 0.033801656892406724 0.031039545363908898 0.0388531296072251 0.038521814572575995 0.01842643661825547 0.06972495146247534 0.016768766551643288 0.026604616486980766 0.027266663904236224 0.03603932690056967 0.027756178301003142 0.0437319790239486 0.06613828312418642 10000.0 0.03366707951395106 0.07824329606499236 0.02217454196569836 0.006284969565923471 0.055435083244492735 0.02339146000026989 0.03921099249795682 0.04004750153813912 0.021491606622575987 0.010770029772749209 0.03616575348968989 0.0069098271607660015 0.02922276705058828 0.061548517141429795 0.023923017948904356 0.03779538779368214 0.0505502886071874 0.037482134599283734 0.06666846608538227 0.06632238663396146 0.019284655132377752 0.030229265190904093 0.0507612453125703 0.06645044939396613 0.05809277722991253 0.08329809127489941 0.04152706444101153 0.030308204670151245 0.034551381810230465 0.013381958650789987 0.07808643590094538 0.04198659394255759 0.030721830092337667 0.050465902742425794 0.02391705595734968 0.028598059252150733 0.04628417469116198 0.01831066039184701 0.03949055274640352 0.044174821230579045 0.026140906861948917 0.050970036323216915
 0.056321410563150306 0.05263341463221359 0.027938820138709013 0.034369110159521106 0.0594889260636749 0.017603777811209347 0.06421387609851448 0.07040182090618348 0.045257733443146854 0.02513238314333744 0.039441080957157364 0.01772198670683231 0.057608624098292975 0.06092493422927629 0.043459160717809524 0.04553712274384085 0.030444486334071513 0.042507544800413646 0.03366707951395106 10000.0 0.06590675965882532 0.04064722959517361 0.03379360300110887 0.02235689524329762 0.05589533744202596 0.01512393400895498 0.06640276134548116 0.025085962953087796 0.03830407235706157 0.05353269329891669 0.02875115570820224 0.05624358203516359 0.03516276784937164 0.02577168133303159 0.008230707321398118 0.05412422805487963 0.04357688693610793 0.03379366760455956 0.03362994206379631 0.02714710770051954 0.05093949863642178 0.04174314705193871 0.03283610860513048 0.025708543012357962 0.051297132545327494 0.007926227976070965 0.04292637842496823 0.008945270736192692 0.046004003274813264 0.06226614961768216 0.04334619718104662 0.034268120932263064 0.044091942704892584 0.045358471643528596 0.0374913394244857 0.01936555178359254 0.026253999049438103 0.06552005921808418 0.020017730181620928 0.010151737561615026 0.03551149827293542
 0.08606568826986037 0.022674964821947485 0.0614649618078918 0.04674247306271697 0.008445299020585089 0.08342536049749567 0.09326287708271487 0.0907570361694392 0.10851859783296913 0.08453980860849185 0.09077317605807479 0.06709070363403144 0.08225299430355237 0.09666393524248994 0.10631657833041998 0.10351475277725031 0.09629479678921365 0.10266680159214883 0.07824329606499236 0.06590675965882532 10000.0 0.09767206330766272 0.08330182895691003 0.05985336952785965 0.09870792752820248 0.050790071985984044 0.0759997870917683 0.05706332737134396 0.07195773122076475 0.057711342732358104 0.0716301136387388 0.10743397076455971 0.09406672615911722 0.0879564132051113 0.05803277847280085 0.11886253655765228 0.0444620469241122 0.05947750712038129 0.07958326711070912 0.05898768779121501 0.062786238602255 0.10763032046700852 0.06673983046291257 0.05645262999309123 0.09334037537685669 0.06636549269413712 0.05329056162075681 0.07480167096055748 0.08090078785714813 0.00829549229234242 0.03833079338249089 0.04797179659144997 0.027949678095808488 0.10094447732933667 0.051596637935514014 0.04828286858985331 0.06004916947397719 0.07498601553045435 0.08430958950280881 0.06185777555120666 0.030536527431594653
 0.03788135925219699 0.07826497934845862 0.06758343911925012 0.052728345838427 0.09324884720495959 0.030044354624560305 0.04204487536933195 0.052708827855144996 0.01777418528558615 0.015516878976159474 0.06633469719284739 0.030855627025428913 0.04300007862695884 0.034234136874530516 0.015478514727070989 0.005866897369206228 0.03290897854855686 0.057260930528843935 0.02217454196569836 0.04064722959517361 0.09767206330766272 10000.0 0.01592608530521635 0.06243771798436266 0.024636074485067654 0.05214334533932781 0.058896283062847096 0.0409224455152268 0.032567436386328544 0.05808389948761775 0.027240644464382482 0.017108851779791216 0.05545614686566421 0.016347854769351505 0.04777854167829474 0.029514296566216253 0.05926245378485389 0.07376885003997423 0.06666632373430117 0.0395232770666587 0.05186525349068093 0.03537536641240686 0.07124968704174928 0.06616284717065153 0.08122478416782714 0.046895216023886695 0.05243683316930714 0.03627465735407821 0.030485155524266252 0.09641455087097628 0.06327498919964002 0.051690630853926785 0.07058914598525962 0.004964274421493775 0.05032060804592272 0.05847198478147053 0.038279955085524946 0.058573075296696114 0.040386705688011434 0.038208808637598284 0.06846919406162191
 0.027099605612892094 0.06308531131688241 0.061719015706984175 0.03739811504927413 0.07950299501536405 0.030687714660035465 0.03355357951847611 0.042521955401912066 0.03231882565306154 0.014063081358112949 0.06749848184098384 0.01877777264314078 0.030920686093539786 0.02821964784464917 0.029842797770525703 0.02158020003768249 0.03927308794406873 0.062466240177778125 0.006284969565923471 0.03379360300110887 0.08330182895691003 0.01592608530521635 10000.0 0.05606937841426068 0.02211626069818521 0.0415981977790626 0.04538746069072793 0.02624485751199301 0.016948595151304587 0.04242293836416554 0.011768014430101458 0.024815352910229068 0.058518530063620636 0.0192045157977981 0.039090012104274874 0.04434772912736556 0.04347678231342993 0.06746512536052648 0.06509324033124204 0.02440875377928753 0.03641127555466047 0.04548625417098488 0.06653457509351546 0.05910361833789623 0.08154736879029065 0.04137125940622297 0.03651265398568098 0.03302305529424514 0.017474684017242566 0.0827349690856617 0.0477447678112608 0.03629741163051972 0.05573540431748494 0.0179930102442963 0.03455010159972393 0.04852087844828127 0.02328056907823809 0.04490305569631905 0.04142015699648112 0.027824426462158408 0.0552020713592437
 0.07701973104330194 0.05447790108475958 0.005834451824406062 0.046201417415687014 0.05190636221554463 0.03497340899350093 0.08515194443939962 0.09015701229545561 0.06416530454294647 0.047050098173486814 0.0311756055038034 0.0388039660766333 0.07746102091833708 0.08263748465866529 0.06278310073228482 0.06694770782655986 0.043785267638920586 0.043318307770683934 0.055435083244492735 0.02235689524329762 0.05985336952785965 0.06243771798436266 0.05606937841426068 10000.0 0.0781209408987198 0.020558988544455464 0.0836690804359095 0.0417895526372062 0.058402935792461294 0.06789501490285055 0.04982550427755199 0.0784584142982712 0.034686559936967676 0.04669631527642114 0.018033263210266257 0.07092421482732429 0.054395682814413135 0.011440368780076584 0.020546244338445683 0.04455903919343128 0.06709648371559905 0.054538258921425796 0.012006662285879748 0.0044782016934325755 0.03714790893637671 0.015557137125822785 0.057057440923144395 0.02662916198270847 0.066988677528029 0.05386303112762142 0.05158199365609735 0.046684236924281065 0.04705830836178083 0.06726997629082167 0.051385080737486245 0.01585391675452196 0.04414210240009834 0.08268392965099727 0.029734370520347483 0.029602998904475136 0.034199954197534556
 0.018357018645228634 0.07679628318653368 0.0838002796440707 0.052071516400740606 0.09624465665061752 0.05121801203265488 0.019030153572352992 0.030379134158759293 0.04111573897825153 0.034193219056355306 0.08838296808255805 0.03999117070257285 0.024402641045993465 0.010230916119096538 0.03918107193773904 0.026313490941510247 0.05693093801883953 0.08117927433943034 0.02339146000026989 0.05589533744202596 0.09870792752820248 0.024636074485067654 0.02211626069818521 0.0781209408987198 10000.0 0.06259903146995623 0.040913097464114694 0.0438587151678307 0.026770561246552037 0.04744550816739814 0.030073305207518 0.014628402790347245 0.07845757550714276 0.03796620430938559 0.06086431854636654 0.05161702573534729 0.05511397305833445 0.08948652388518838 0.08682362378258163 0.04122134938982226 0.04070502192997017 0.06000443209691883 0.08865053086766746 0.08104479821178572 0.10281931370387634 0.06348577489171847 0.046508559128435226 0.054816352497598565 0.01809580205202092 0.0995260721385737 0.06075160056805653 0.05082408827712828 0.07078924797213647 0.021412779631565248 0.047175899944183704 0.06966499887976012 0.040548964227387 0.04096142622650455 0.06206348381070676 0.049329854033504233 0.07334963421854973
 0.05849983025508591 0.038709344791080624 0.02605958710777471 0.02574630666410066 0.0444021077210771 0.03269929733473408 0.06676723805170134 0.07070166124267746 0.05939798353192862 0.03706914275015915 0.04787763084786654 0.02283441557183875 0.05821308132451605 0.0654640643331515 0.0574216272837314 0.05757082894112005 0.04551709100091261 0.054962799577575286 0.03921099249795682 0.01512393400895498 0.050790071985984044 0.05214334533932781 0.0415981977790626 0.020558988544455464 0.06259903146995623 10000.0 0.06329670852910607 0.02195101422806028 0.03977394911635693 0.04734413027792849 0.032709935983918303 0.0660033718477371 0.0468445036553712 0.03913323865318261 0.007431602679285914 0.06886939708745252 0.034251096231866965 0.02998140512612193 0.03911004649678154 0.024867078548094314 0.04662277006253402 0.056842665759461376 0.03253701502536249 0.021327473677353236 0.05672663061442 0.016868654916324017 0.03649937132609039 0.024013913161158026 0.049014032892418034 0.047221653191366675 0.03220286078391422 0.026171137774843718 0.030352278548009873 0.056427403796731314 0.030826095394350606 0.007103502517823739 0.02470440356946948 0.06229581617734879 0.03412241674112835 0.01403125520642662 0.0204888509240898
 0.02260869971131486 0.053770952129886196 0.08930966518233818 0.03932075806767151 0.07695539570068548 0.07257073764489279 0.024399231023603724 0.016339005114012938 0.07661056181194831 0.058437133159874956 0.1056659750524 0.049613018133235834 0.016627798154502223 0.03244176563870891 0.07423401800654848 0.06313435868688645 0.08359059706728933 0.10497372277598538 0.04004750153813912 0.06640276134548116 0.0759997870917683 0.058896283062847096 0.04538746069072793 0.0836690804359095 0.040913097464114694 0.06329670852910607 10000.0 0.042103765496781125 0.03022667240870949 0.01899904981238227 0.04039760849324168 0.055342519585441154 0.09939540160584306 0.06396169954775659 0.06633449162108603 0.08840628334734167 0.034668145360219595 0.09316181380769765 0.09977470980396479 0.03956758057119226 0.016858509905792192 0.09077441818500434 0.09567094191163414 0.08459923566022699 0.11758988502291548 0.07390061722777755 0.02797069061607461 0.07083031897223364 0.0284607174025563 0.07997577404679838 0.04068835304388186 0.038429118001538004 0.052011043390469164 0.058162453346721474 0.03317804627140189 0.06944050811211144 0.0402805850523672 0.0010786027667886696 0.08204335338521229 0.0563599774721737 0.06164762257467485
 0.03694813538513439 0.03740997802558502 0.04752799416359563 0.012443005888655871 0.05336670789682164 0.03621471979076119 0.04523143661587169 0.048750950478973494 0.05390779069921934 0.029601901201013858 0.06447929472214964 0.012418451568262526 0.03630224544136282 0.044912562512894626 0.051508432201899296 0.046789340375231414 0.04942775344867913 0.06660622519232184 0.021491606622575987 0.025085962953087796 0.05706332737134396 0.0409224455152268 0.02624485751199301 0.0417895526372062 0.0438587151678307 0.02195101422806028 0.042103765496781125 10000.0 0.018490553377485272 0.028477474639417064 0.014675018611194699 0.05066374297565589 0.05983887809958683 0.03426856671310195 0.0242328844076819 0.06534982980021753 0.020830345732698465 0.05186010687225069 0.05783359225796308 0.0029705525671069404 0.026024432721997563 0.05940014209103053 0.053746138601369106 0.04314378107722818 0.07569544172278649 0.03211824571260305 0.018066920188550786 0.03137108780577132 0.02810675477175629 0.05661760753448441 0.02318437855375645 0.011676389565973142 0.02967296852090298 0.04394080049859103 0.0130184331055978 0.028746405807065015 0.0033121520848445056 0.04115498318983917 0.043342890012093176 0.014968916641674304 0.029576056470646258
 0.018740815403280722 0.05023192564234603 0.06423509978923887 0.025304048540702253 0.06951968973115441 0.042393861819045864 0.026995657276921044 0.03210271085013226 0.0492623480876672 0.028540943780185977 0.07661627207925567 0.020638636762758154 0.0193076062660219 0.02650245028804766 0.04678347369112131 0.03792126514112612 0.05344066943942744 0.07484378878320541 0.010770029772749209 0.03830407235706157 0.07195773122076475 0.032567436386328544 0.016948595151304587 0.058402935792461294 0.026770561246552037 0.03977394911635693 0.03022667240870949 0.018490553377485272 10000.0 0.025524447498089357 0.010289783665737167 0.03658457114032009 0.06954613945122091 0.034107051642457885 0.04037095906312792 0.061291944369918756 0.028936680118725244 0.0691162261992039 0.07189105278681629 0.015565668084027333 0.019468117767650416 0.06111039174098827 0.07005278486278887 0.060371682845729975 0.08940395255745211 0.046176748658507544 0.020862856257906355 0.04134404057978057 0.00967579936635965 0.07280127761673705 0.034230522776555604 0.02405520184871672 0.04402532308760938 0.033671220262569836 0.020561257135209163 0.04678765443498938 0.015318389331273276 0.029559221194835866 0.05211820298295936 0.029007182419699604 0.0471617240069642
 0.030864879718538574 0.0351837533385396 0.07328734671061235 0.021884751180047787 0.058163600415203055 0.06349256877589711 0.036758428564983896 0.033049278947178 0.07466776227507586 0.05262641577624399 0.09282358337053496 0.039095165111162115 0.025839518234206556 0.042123462629419954 0.07218179641950545 0.06336684424346924 0.07602532849216681 0.09484306037736813 0.03616575348968989 0.05353269329891669 0.057711342732358104 0.05808389948761775 0.04242293836416554 0.06789501490285055 0.04744550816739814 0.04734413027792849 0.01899904981238227 0.028477474639417064 0.025524447498089357 10000.0 0.03321806228313063 0.06008890782988757 0.08826858411308411 0.05809474891621012 0.05165886075580226 0.08668984395683227 0.01581134516152659 0.07652456165886229 0.08562127456206425 0.02676646344469204 0.006750393631512107 0.08490715243182125 0.0798395666661601 0.06823214744644213 0.10347347471544957 0.060303599651656076 0.01088257124643273 0.05965882730686668 0.030097898817277667 0.061236745112392105 0.021706199111252173 0.021263431325386578 0.033013353228413235 0.05896142775859545 0.01657006401664704 0.05279828732621766 0.027904747423141987 0.017927094143358895 0.07153686185991834 0.04344341612192879 0.042990170130985446
 0.02757077383457082 0.05132116016132763 0.05564485954825891 0.02564345077397371 0.06804171393748167 0.032173155901147624 0.035499668874064784 0.041914528590418824 0.04217726575218395 0.019412466368453958 0.06646713365931264 0.011103109072120951 0.02918982562127716 0.032963140476218455 0.039696490476343604 0.033045744794199416 0.043594240196063005 0.06459335533287482 0.0069098271607660015 0.02875115570820224 0.0716301136387388 0.027240644464382482 0.011768014430101458 0.04982550427755199 0.030073305207518 0.032709935983918303 0.04039760849324168 0.014675018611194699 0.010289783665737167 0.03321806228313063 10000.0 0.03599011382255536 0.059257426502074766 0.02490802413428216 0.03192072302081147 0.05408503192983755 0.03206576536322805 0.06088692727614539 0.06211730541470936 0.012663296484133434 0.028048147749482645 0.05184629118802495 0.06116125408617756 0.05221937520006208 0.07947601224066562 0.03667690083904366 0.025764980146119998 0.031145282954869274 0.017275666643111472 0.07129208544119267 0.03606903248749414 0.024556561932092116 0.043986745078847575 0.029726028124372254 0.023126779734667424 0.03980985335895031 0.011583011640235187 0.039689778915584825 0.041828434713454495 0.02024038810091128 0.04407610133258803
 0.0327342724544939 0.08641575680459404 0.08380479558817946 0.060866864689151104 0.10402911993428238 0.04710049851878242 0.03349835694027041 0.0448750891378467 0.029528566876558388 0.031548688432448846 0.08339845528351847 0.04337676296643598 0.03873482259509131 0.024534891629306062 0.02808656952447191 0.015524568674216645 0.04942380334782214 0.07364765571037367 0.02922276705058828 0.05624358203516359 0.10743397076455971 0.017108851779791216 0.024815352910229068 0.0784584142982712 0.014628402790347245 0.0660033718477371 0.055342519585441154 0.05066374297565589 0.03658457114032009 0.06008890782988757 0.03599011382255536 10000.0 0.07234915584495903 0.03333797086385729 0.06267397172816618 0.0386530522227658 0.06549590138110033 0.08987795833715843 0.08371881172988302 0.0485071149119511 0.053367747115893975 0.05006324837911527 0.08781353749200284 0.08195135463226795 0.09831599632026729 0.06304866556588823 0.057392953344148526 0.05286293579395996 0.029991079489431537 0.1072812988709089 0.07057137079514866 0.059677922993063535 0.0795881476707252 0.01223789017400398 0.05692177073104381 0.07275938033563777 0.04752257973750245 0.055332664949792575 0.05749545921877669 0.052016615032742713 0.07994623581438479
