NAME :TPP_input_20_3_3
NUM_VERTICES
58
NUM_CLUSTERS
20
Full Matrix
 10000.0 0.08773719558804283 0.042552739985515946 0.05700161501709628 0.05293686764047574 0.0923010803152611 0.06923478920893858 0.024771843921064688 0.027573911347621143 0.031136355413898042 0.014249335437997168 0.09001966474201534 0.05126217351242293 0.08523004373358875 0.01703719032857757 0.02369976939191851 0.047718606582562856 0.05373792865741775 0.04169302146935089 0.03316880182537119 0.05664639650023136 0.008824858604742452 0.05227465065152799 0.0434658237298923 0.017381082804868834 0.04896561962455723 0.019562825475050633 0.0798074522245807 0.02796879051630782 0.06453109770730485 0.03850248042951585 0.06944400448259783 0.08770508940264225 0.0434342199184087 0.004276661240733202 0.08656773810710594 0.08825246386451174 0.02492649182110026 0.07583383099329138 0.022985801469374508 0.03845453599138235 0.05984249293923825 0.05371728219295794 0.07342276162232655 0.06668474177720489 0.04755453587163681 0.030353772395682082 0.0150858188712622 0.016217042020753983 0.09963977503945327 0.034431672299440955 0.0362653143392843 0.06551931454361956 0.011367309491676999 0.025004839902483523 0.028329868575829267 0.06784818625030388 0.014788750440350931
 0.08773719558804283 10000.0 0.06181843240129177 0.04270433583388013 0.054832802480435296 0.07036226509750272 0.04561026944868024 0.07836921171777461 0.060486897285664004 0.07543051841281695 0.08004049615027407 0.06811415271091953 0.05595805258337895 0.032310182176452734 0.08642458232276322 0.09215473670299827 0.07801148219235945 0.04476451101244019 0.10547475540556976 0.07473559550547554 0.07680958003659846 0.07940709002827034 0.08204223637988681 0.06095341313244883 0.07331956326897034 0.05455754362196301 0.08099721622800361 0.03824639195472173 0.06905537568984357 0.023549872452196405 0.049498179290421274 0.02665995091621393 0.04410641153114503 0.06542728220674489 0.09196281810021412 0.057188656212527736 0.003640043685534306 0.08268805365289245 0.029232327977946306 0.09447941501926348 0.11093831071477896 0.02792462454084628 0.08067504091207887 0.018210478270177903 0.03170688863665656 0.06015333200851918 0.08083182540846472 0.07992867498632886 0.08480441133924245 0.020571643374739764 0.07849199828483226 0.061352194404964484 0.054135138639822306 0.07740659704631601 0.06298533461946682 0.07867353467252726 0.019919161955609256 0.07360311795167743
 0.042552739985515946 0.06181843240129177 10000.0 0.05457514557090291 0.059751794708214234 0.09912351988486033 0.06874886845443087 0.02095495585714762 0.031479553364224415 0.015510690875633934 0.045736380586359836 0.09645756824856666 0.00916530840388834 0.07519298564177344 0.031368840929464806 0.061347017750066485 0.0705816915590751 0.05250421697862639 0.08006320833363652 0.01410177610277534 0.021709265870086116 0.038708619387765264 0.0762551049533167 0.0010658472685146554 0.04039793646117041 0.008161609285431415 0.025780256622500403 0.07377131660744844 0.014586757433062833 0.04010665105411017 0.03151581381118325 0.05670109691448895 0.08300878342864232 0.0042270485969068804 0.046259694091659975 0.08865631727308328 0.060698700999914416 0.024316708856003583 0.06526720801984419 0.062017208935465126 0.07952751296027506 0.039653620058496916 0.022796950239421767 0.043849096018674906 0.05717474157397731 0.00500328179721973 0.02052830026235044 0.04634704817300835 0.030472544244112724 0.07978964631442834 0.017188833472875066 0.007498686509886534 0.07057847400970384 0.03188169379853033 0.02571389147179536 0.05606248626647255 0.04431225147377793 0.02977536440589914
 0.05700161501709628 0.04270433583388013 0.05457514557090291 10000.0 0.012204890541117374 0.04464765872766329 0.014338087988360433 0.05983456947380043 0.03165443238281121 0.060615213259564586 0.04508639198259406 0.04197129908260434 0.0552421576064287 0.02842323013662182 0.06337246649969483 0.05332108486568948 0.03530913900213558 0.0032751825467927805 0.06397251095395928 0.06114033173745517 0.07601167902927675 0.04823200206293423 0.03942210018554668 0.0543624585637573 0.03977795756441934 0.05205276200913563 0.0595892064644998 0.022887141868285502 0.051838984404997374 0.029552301810887534 0.02419970282911931 0.016533351572454228 0.031297945561876 0.05874139745772983 0.06062260780866546 0.03422657059706953 0.045136557141176106 0.06394038399996232 0.019810804843224013 0.05598748596796047 0.07064884245969814 0.023637012761796205 0.07735373574493447 0.03950158549210939 0.011860572639880954 0.056548765383638164 0.06511532547817038 0.044632308047197936 0.06153144886073601 0.046377212396343126 0.06525288991804204 0.049113008691187024 0.01697367256200284 0.0499894295846224 0.037862741082373884 0.038861086370649014 0.02903636898100737 0.04661679428063461
 0.05293686764047574 0.054832802480435296 0.059751794708214234 0.012204890541117374 10000.0 0.041100078315614914 0.017198743843764786 0.06085149230480141 0.03174690481303514 0.06289629988297532 0.03953737946374719 0.03857064904340432 0.06207828311819512 0.03661250012024843 0.062368416941163934 0.04468668266182553 0.02328939039687225 0.010940391429012028 0.053145475907381674 0.06379138186028473 0.08146074034889635 0.04462302955033677 0.027228848113990508 0.05974358680558057 0.035678485275973025 0.05874031178147023 0.05952033317377433 0.029334692646845077 0.05406571640935061 0.040962818395515126 0.02824517874010482 0.028382882913542795 0.03577875160152903 0.06371100334452139 0.05602765092560749 0.03371999741786948 0.05732100415454283 0.06457357347191968 0.029851266205654294 0.047488351587901476 0.060609632068486165 0.034733578221918325 0.08206792053195712 0.05125124202648258 0.023445800417212177 0.06254346235287782 0.06675466692926443 0.03890187260545355 0.06056321653239282 0.056948469811448764 0.06772012173958751 0.05334386792972006 0.012713691114651532 0.048133903780255366 0.03867088836934734 0.030178792198991913 0.04088701147595697 0.04532006154949955
 0.0923010803152611 0.07036226509750272 0.09912351988486033 0.04464765872766329 0.041100078315614914 10000.0 0.031012283625274317 0.10194154881794323 0.07282821360995671 0.10378966633995314 0.07819097278061593 0.002680321515821055 0.09981711527348504 0.038230265259659106 0.10322428392564809 0.07818897046454341 0.04843587738611575 0.04662199283773858 0.07818948037008025 0.10457921590709676 0.12064043446004727 0.08458109212509585 0.04691414846199371 0.09894876200159096 0.07567371090298937 0.0966629651993003 0.10057905940435848 0.03243815842825975 0.09493543870054673 0.06974826769744315 0.06803791229676173 0.04928790199987416 0.02669082808641279 0.10325571153831475 0.09481897225112698 0.013197590692718919 0.0739192372017844 0.10567270013542625 0.042502330200632675 0.08098216841850775 0.0881563535043709 0.06538984165156808 0.12184831993539143 0.07705289156963716 0.04589642543039886 0.1011957870793813 0.10779127702727256 0.0774171484294603 0.10144171844052068 0.05913484996171792 0.10857893334219407 0.09334236710737699 0.028858428619502215 0.08886081206303029 0.07972234222173438 0.0656083338304241 0.06737234800933861 0.08624233189572227
 0.06923478920893858 0.04561026944868024 0.06874886845443087 0.014338087988360433 0.017198743843764786 0.031012283625274317 10000.0 0.07397159535058702 0.045373335943392434 0.07491732983762082 0.056308232204231715 0.028338446077167245 0.06893724467905685 0.020484373377440343 0.07700846898577776 0.061838054682666864 0.03774430284429406 0.016987957691351183 0.06912732396602032 0.0754660124123523 0.09004918960348628 0.060657766473241566 0.04013106345500848 0.06849729710672064 0.05185423303447527 0.0658318349057997 0.07348572861436369 0.012531729903003722 0.06612100244494606 0.03945339204423991 0.038520800218505485 0.02020256835700839 0.018650879324823073 0.07293644903052529 0.07255850496185469 0.01992265088996522 0.04874919562948247 0.07801593259053105 0.016737634143406708 0.06465099022811498 0.0771890213007975 0.03462043713653493 0.0915444929312812 0.047861901352571484 0.015818346550985296 0.07052169207833316 0.0793597066252021 0.0557240493365301 0.07517135208630588 0.04263350479830073 0.07957258139502081 0.06342314837362097 0.008995278879763863 0.06324101762115308 0.051841902872438596 0.04736284080102843 0.03762279178452787 0.06005442360592637
 0.024771843921064688 0.07836921171777461 0.02095495585714762 0.05983456947380043 0.06085149230480141 0.10194154881794323 0.07397159535058702 10000.0 0.029114399832600987 0.006537094260717297 0.03311400898242854 0.0993916180248669 0.030108631017008565 0.08517904771696502 0.010510616711582698 0.047159314470556775 0.06447343064353744 0.056991808068864995 0.06581422409953701 0.008583480545904748 0.03187516466766625 0.024561975587987197 0.06984595732976863 0.022010974054338828 0.030433328926527056 0.028825994367579648 0.0053956700871379566 0.08185175183755787 0.009338564016991393 0.055106916833694335 0.03595133373564848 0.06713235862580821 0.09079323486700416 0.020337089999886638 0.027664505207139332 0.0934388838745005 0.07788701381545542 0.004395140231121949 0.07510500851915974 0.04703696275707765 0.06321423480994041 0.05254453076201443 0.02907636150873834 0.06136508366922764 0.06608521934702673 0.025579525818449862 0.006483238033858759 0.03394065742996012 0.009897418273013825 0.09424356153301074 0.00979340615086581 0.01757400126252277 0.07322036172297305 0.017118588629027463 0.02227081153117155 0.04655500005421667 0.05914351581531418 0.017581554025774146
 0.027573911347621143 0.060486897285664004 0.031479553364224415 0.03165443238281121 0.03174690481303514 0.07282821360995671 0.045373335943392434 0.029114399832600987 10000.0 0.0313704017618666 0.02043590620605135 0.07027723780136838 0.03688496617467131 0.05888584717722144 0.031719770087382144 0.03505985100956301 0.03910913594884575 0.02858475213177037 0.05235899742561204 0.032440328364186304 0.05244433856179894 0.018986768227462928 0.04477960132745511 0.03182882698968809 0.01350664326192645 0.03362115229794312 0.028139386456353103 0.05437909365365755 0.022660892791233248 0.037730530124066144 0.011003492441241271 0.042208510395843474 0.06295094632939785 0.03480782256784578 0.031700366040086796 0.06451988790651357 0.06124108429868831 0.032919214427674835 0.049130234768573144 0.036724349686416705 0.05456081259353531 0.03257223262937642 0.05209815075404204 0.04739321488988449 0.03989733500266709 0.03551327578057283 0.035026467531743925 0.02056534846712214 0.029878818654510805 0.07211851047684563 0.03622292317060455 0.024136030057182636 0.04412144023974775 0.018669373548531588 0.006975223949830788 0.025828893107109657 0.04073475853728999 0.01509327373043233
 0.031136355413898042 0.07543051841281695 0.015510690875633934 0.060615213259564586 0.06289629988297532 0.10378966633995314 0.07491732983762082 0.006537094260717297 0.0313704017618666 10000.0 0.0384708250672707 0.10119359155360988 0.024479421047074006 0.08467930030954234 0.01683237084435682 0.05302549037553035 0.06856286801203654 0.057968490322163675 0.0717810187774047 0.0020501303477040026 0.025591086368026927 0.030128084550037668 0.0740553817982029 0.016574638248414125 0.0350221426669021 0.0236375571920811 0.01193184243846939 0.08195765984604438 0.008856038782863743 0.052606078481584294 0.03642156705279419 0.06634652501716902 0.09104946943093085 0.014198493521286767 0.03415107854264197 0.09465292444003597 0.074678071204039 0.008927336251266701 0.07458613811147466 0.05305817111381513 0.06951507286097061 0.050752137810820545 0.023191074241251775 0.05793782455600497 0.06578875309465743 0.019760629748191077 0.005401507877578351 0.03925788313500229 0.01638607307981408 0.09219744678254269 0.0048548312025766495 0.01410461695740327 0.0749406214021866 0.022610723988114586 0.024400209380711402 0.0513300963966348 0.056747016489071794 0.022289699171510174
 0.014249335437997168 0.08004049615027407 0.045736380586359836 0.04508639198259406 0.03953737946374719 0.07819097278061593 0.056308232204231715 0.03311400898242854 0.02043590620605135 0.0384708250672707 10000.0 0.0759456581797978 0.053250583999949606 0.07350857899503094 0.028745736699116006 0.015705946290351623 0.03371996222821086 0.04182059782185713 0.034327322132242905 0.04029078804965402 0.06359223969681675 0.008654371746382164 0.038517819612076655 0.04643515118474816 0.006931174405110008 0.050360149045189366 0.028965400835260367 0.06748427802945128 0.03229838428787569 0.057864313280255604 0.030904601133315855 0.059059672335804544 0.07493321995280904 0.04782789317794022 0.016668960058443618 0.0728971888241227 0.08106913358466356 0.03487694000964568 0.06458997595562933 0.016796736611937292 0.034746691162209346 0.052351503733733123 0.0616426900275308 0.06775241887931889 0.05569633930603603 0.05055049854505283 0.03949884253408323 0.0008922507855552116 0.027352241276343732 0.08974655869648042 0.04273960495089579 0.03843464863836846 0.05191134350758739 0.015995847406485637 0.021774860079531045 0.014429296022215998 0.06060470014192631 0.01643797496316059
 0.09001966474201534 0.06811415271091953 0.09645756824856666 0.04197129908260434 0.03857064904340432 0.002680321515821055 0.028338446077167245 0.0993916180248669 0.07027723780136838 0.10119359155360988 0.0759456581797978 10000.0 0.09713693924400991 0.036100231208684656 0.10077271487720645 0.07628662656455655 0.04666237604330442 0.04395885761929846 0.07679962394657627 0.10197130400747656 0.11796798787615578 0.08223434266743505 0.045388651560399916 0.09627998233013067 0.07331227715887881 0.09398335188454436 0.09807576788899101 0.030062076902539522 0.09233835241009856 0.06713986291118959 0.06539565534352103 0.04672352701874864 0.024716351493204808 0.1005923203304299 0.09259144733875332 0.010938507550784437 0.07165462817762806 0.10314200132578115 0.04005088743535441 0.07909304434710088 0.08667380587718417 0.06274407649630144 0.11918727445443865 0.07452662382073585 0.04327775301400783 0.09851989228569645 0.10521981978879909 0.07518049408669279 0.0989853432157247 0.05736700995753289 0.1059777843377761 0.09069379181866227 0.026253458181597227 0.08642624200552458 0.07715958824792121 0.06352401708035983 0.06479937536782074 0.08377322930999256
 0.05126217351242293 0.05595805258337895 0.00916530840388834 0.0552421576064287 0.06207828311819512 0.09981711527348504 0.06893724467905685 0.030108631017008565 0.03688496617467131 0.024479421047074006 0.053250583999949606 0.09713693924400991 10000.0 0.07285506036367372 0.0405340637880933 0.06895376902329442 0.07542059373123979 0.05362803775938347 0.08747505254239904 0.02290384198740145 0.022029960179288505 0.046788991092911146 0.08108966743404597 0.008123401665255986 0.04742133049523726 0.0033807717194922473 0.03493916265814786 0.07244060562858519 0.023441188772029106 0.03600832482953472 0.034248949018393565 0.05463830336448493 0.08163411474865058 0.010783075119249981 0.0550808291862444 0.08861652576234336 0.05443745594745943 0.033367113492326295 0.06324895106291696 0.06983181468023006 0.0875556739543743 0.03699190887366615 0.02506295689253117 0.037751517694310996 0.05591057103832581 0.004866028526800728 0.02925326636974734 0.053788421395846324 0.03963003536179757 0.07492066272206797 0.02548499651406464 0.015110698345515192 0.0718975990237766 0.04031588132445424 0.032134200392575016 0.06240347725283727 0.04011239284805822 0.03786164842508344
 0.08523004373358875 0.032310182176452734 0.07519298564177344 0.02842323013662182 0.03661250012024843 0.038230265259659106 0.020484373377440343 0.08517904771696502 0.05888584717722144 0.08467930030954234 0.07350857899503094 0.036100231208684656 0.07285506036367372 10000.0 0.09017828916451183 0.08099529571283488 0.05821468365068931 0.03169277028078283 0.0894333406169419 0.08476800492249553 0.09486582262754756 0.07642022035646437 0.060564606608201774 0.07467182994650401 0.06812742348336331 0.0702612181003984 0.08583171409068023 0.008302153630937947 0.07637337988792288 0.03769103629272323 0.049515305323074445 0.018505310525948622 0.011800938227727596 0.07938605815921801 0.08893990477463241 0.025176476254255304 0.03591721988141752 0.08949307607593394 0.010094744690048459 0.0837451875100801 0.09720058858974084 0.0358776481627858 0.09740550682405014 0.04199050718798272 0.019152681830682458 0.07564367946007668 0.08968156966475496 0.07304870139925843 0.088351751586599 0.02301215968263443 0.08891737219549321 0.07150791258422373 0.02915564748336807 0.07753758347036395 0.06433539318324583 0.06642894920232931 0.03414315637128934 0.07397413727786313
 0.01703719032857757 0.08642458232276322 0.031368840929464806 0.06337246649969483 0.062368416941163934 0.10322428392564809 0.07700846898577776 0.010510616711582698 0.031719770087382144 0.01683237084435682 0.028745736699116006 0.10077271487720645 0.0405340637880933 0.09017828916451183 10000.0 0.040667522650385445 0.06208354624440857 0.06030049000139331 0.05870952373447181 0.018815486147203894 0.041087779894388735 0.02028759390991426 0.06710750884461864 0.032415183125709235 0.02830494025621531 0.03908839079869083 0.005755753520029115 0.086034073934869 0.018257342161129612 0.06291340671240499 0.04073268048969725 0.07272707730017582 0.09466583734519514 0.03084306630094363 0.018872274987369497 0.09582726686384409 0.08623242837037152 0.008640319313278891 0.08023906465775242 0.04002299179025141 0.05493324382438235 0.05961003469529944 0.03759014587522752 0.07004645667358429 0.07104179374634113 0.036063982958279346 0.014285028408831387 0.029635234142079362 0.0018410183776923863 0.10117398425727732 0.018776597529054573 0.02721183244841159 0.07504173543780744 0.014429056235158728 0.02584292107568594 0.043089182246007565 0.06678399961477825 0.017060230995133194
 0.02369976939191851 0.09215473670299827 0.061347017750066485 0.05332108486568948 0.04468668266182553 0.07818897046454341 0.061838054682666864 0.047159314470556775 0.03505985100956301 0.05302549037553035 0.015705946290351623 0.07628662656455655 0.06895376902329442 0.08099529571283488 0.040667522650385445 10000.0 0.029961220145402184 0.05025293202821889 0.018830584299975663 0.054949119160593855 0.07849922593756369 0.023036113397630873 0.03296259084340435 0.06206978577438303 0.022006827054080955 0.06606515622061465 0.04239690249208236 0.07399755725872091 0.047604199383560065 0.0711318023334978 0.0445671959446085 0.06893957940203926 0.08023344317916896 0.0632826681164103 0.023169737399817415 0.07547847487867068 0.09356999595326027 0.04811781364786336 0.07310396437793522 0.002853232704141176 0.019517086818531742 0.06520115028359393 0.0761659123926417 0.08143582224829166 0.06489020259334026 0.06619728896212804 0.05325793012652923 0.015205631369864199 0.03968913241938712 0.0995355705087967 0.05694835713039072 0.05409840753862041 0.05552186018136454 0.030486219930213623 0.03735057255009815 0.014566530103334889 0.07342215914044976 0.03172941491714048
 0.047718606582562856 0.07801148219235945 0.0705816915590751 0.03530913900213558 0.02328939039687225 0.04843587738611575 0.03774430284429406 0.06447343064353744 0.03910913594884575 0.06856286801203654 0.03371996222821086 0.04666237604330442 0.07542059373123979 0.05821468365068931 0.06208354624440857 0.029961220145402184 10000.0 0.033387247706615185 0.03183250574526478 0.07002400573414647 0.09141672580676499 0.041825111798971346 0.005678904268459897 0.07090622991500431 0.034170604809094014 0.07206742081918407 0.06130513389244234 0.050226153108873225 0.06056801790037479 0.06225308135600436 0.04212017849836834 0.051665836249273844 0.05445706838524466 0.07389355490630735 0.049249894059409084 0.04717033019656105 0.08038840736966887 0.06712853573551136 0.05269555007988557 0.0326964225596977 0.04083548334199663 0.055819283474183475 0.09070392392215698 0.07289451528937263 0.04673472088722433 0.07449530329464646 0.07093858996249117 0.03283696868277918 0.06054288989751883 0.07971469316978295 0.07329991057720804 0.06323983250897787 0.029530789659151607 0.0481564394980252 0.04534266670355077 0.019388745016551547 0.06288635827932836 0.04691699739498551
 0.05373792865741775 0.04476451101244019 0.05250421697862639 0.0032751825467927805 0.010940391429012028 0.04662199283773858 0.016987957691351183 0.056991808068864995 0.02858475213177037 0.057968490322163675 0.04182059782185713 0.04395885761929846 0.05362803775938347 0.03169277028078283 0.06030049000139331 0.05025293202821889 0.033387247706615185 10000.0 0.061323054488388054 0.058558955196040555 0.07406283013622207 0.044974431393471154 0.03778384823902369 0.05234174668003428 0.0365046422852293 0.05038307014462787 0.056608326764807426 0.026115387480278716 0.04915629253142784 0.030036456438578323 0.021641845700991723 0.019102273007208362 0.03441838413264595 0.05663375984173658 0.05735057475441938 0.03670094717419758 0.04703529445428315 0.06105497207266836 0.02297283590860757 0.05289739726513947 0.06778143498738853 0.023853487457273448 0.07522916694412027 0.040314384498036766 0.014692508638477068 0.05469638616055781 0.06237600316115455 0.04137144646341874 0.05845982362837362 0.049331848549943214 0.06264948535527759 0.04680181095508025 0.01826958264640825 0.046822360650193046 0.034911690721597596 0.03584701262537247 0.02997298968592724 0.04348445233047343
 0.04169302146935089 0.10547475540556976 0.08006320833363652 0.06397251095395928 0.053145475907381674 0.07818948037008025 0.06912732396602032 0.06581422409953701 0.05235899742561204 0.0717810187774047 0.034327322132242905 0.07679962394657627 0.08747505254239904 0.0894333406169419 0.05870952373447181 0.018830584299975663 0.03183250574526478 0.061323054488388054 10000.0 0.07372188102483657 0.09729672809475728 0.041864345510252914 0.03155549499841707 0.08076141342581877 0.04011976676018234 0.0845065929803442 0.06091701699059117 0.08165904332144415 0.06642626275930245 0.0861498382073103 0.060705408246334906 0.0804187906968633 0.08626884597662124 0.08208190719698533 0.040256561762654096 0.07865739712805296 0.10731846529218322 0.06652049336024111 0.08296876237501169 0.018794508317418936 0.010478587353124326 0.07990323759605707 0.09487278445840712 0.09675755071751921 0.07583083127438768 0.08487320845461328 0.07179506284960833 0.03373238668486698 0.05790038974871283 0.11003886211204413 0.07560688076849109 0.07275172108565849 0.06125600314366611 0.0492963539068534 0.055544466750495396 0.02755541602917741 0.08789589120266776 0.05054103439281407
 0.03316880182537119 0.07473559550547554 0.01410177610277534 0.06114033173745517 0.06379138186028473 0.10457921590709676 0.0754660124123523 0.008583480545904748 0.032440328364186304 0.0020501303477040026 0.04029078804965402 0.10197130400747656 0.02290384198740145 0.08476800492249553 0.018815486147203894 0.054949119160593855 0.07002400573414647 0.058558955196040555 0.07372188102483657 10000.0 0.023606408013718577 0.032008651779225517 0.07554398559933959 0.015154566808710182 0.03666985133209803 0.022262930407308208 0.013979032566414982 0.0822391797024589 0.009780513154896989 0.05210366599178102 0.03694526298479232 0.06637317949664541 0.09136697733132147 0.012429705561028683 0.03619945172710964 0.09525965972617184 0.07389223796887961 0.010722577460111562 0.07468279333342118 0.05501655664468364 0.0715302657663065 0.0504925220087701 0.021353129209074787 0.05710372414863967 0.06597099867030504 0.01812220086542062 0.006429449213830178 0.041067539636378436 0.018411795772318697 0.09178073658049529 0.004158179671388924 0.01363289387607832 0.07572103262667434 0.024496937224368975 0.025499718772254275 0.05299105987714151 0.056268829167223575 0.024020950374267058
 0.05664639650023136 0.07680958003659846 0.021709265870086116 0.07601167902927675 0.08146074034889635 0.12064043446004727 0.09004918960348628 0.03187516466766625 0.05244433856179894 0.025591086368026927 0.06359223969681675 0.11796798787615578 0.022029960179288505 0.09486582262754756 0.041087779894388735 0.07849922593756369 0.09141672580676499 0.07406283013622207 0.09729672809475728 0.023606408013718577 10000.0 0.05549567323385036 0.09705610540054244 0.021759843396587136 0.05936673353930877 0.024654729972627996 0.03715501110383168 0.09424954733788199 0.031511993722938024 0.057959489211114094 0.05322440208475779 0.0765909692603711 0.1034692240506697 0.01782235148300898 0.05944840570242705 0.10989405470954047 0.07491052452685776 0.032448907212680726 0.08520773297787479 0.07861517919928243 0.09507730037648422 0.058990613178693654 0.005334600888439714 0.058698628830901906 0.07766262460771216 0.019558879561996874 0.026802859255281752 0.06433328200280719 0.0411533316831668 0.09635974885851271 0.02237465489865023 0.02846468120661275 0.09221072807280008 0.04801413538661543 0.0460795374263097 0.07559583680737735 0.062019217698154605 0.04716827896191933
 0.008824858604742452 0.07940709002827034 0.038708619387765264 0.04823200206293423 0.04462302955033677 0.08458109212509585 0.060657766473241566 0.024561975587987197 0.018986768227462928 0.030128084550037668 0.008654371746382164 0.08223434266743505 0.046788991092911146 0.07642022035646437 0.02028759390991426 0.023036113397630873 0.041825111798971346 0.044974431393471154 0.041864345510252914 0.032008651779225517 0.05549567323385036 10000.0 0.046820044179655095 0.03949909256509221 0.008960647224113768 0.04413214488079701 0.02031373776071336 0.07106823409419574 0.024640085272933383 0.05640373131143466 0.029981854300208884 0.06064412691406863 0.07905446209097268 0.040383439199113316 0.012774867031554895 0.07833311073487055 0.08005497435228422 0.02622367485883052 0.06700941154291655 0.023401506472187517 0.040826472976716724 0.05148270351095299 0.053317463896229884 0.06563133833310031 0.05786022541240725 0.04364777937563626 0.030901221647963883 0.009519711405055465 0.018814053487169004 0.09090923269723808 0.034260872814730295 0.031708767392842674 0.057288049910015126 0.007517743675736099 0.017430093289100477 0.022820285811165585 0.05958003128695383 0.008945062153727482
 0.05227465065152799 0.08204223637988681 0.0762551049533167 0.03942210018554668 0.027228848113990508 0.04691414846199371 0.04013106345500848 0.06984595732976863 0.04477960132745511 0.0740553817982029 0.038517819612076655 0.045388651560399916 0.08108966743404597 0.060564606608201774 0.06710750884461864 0.03296259084340435 0.005678904268459897 0.03778384823902369 0.03155549499841707 0.07554398559933959 0.09705610540054244 0.046820044179655095 10000.0 0.07658254867007186 0.0394556304871461 0.07773455913260258 0.06654467071977445 0.052398556379784036 0.0661347955774732 0.06714590049958273 0.04769605333036786 0.05549274213393247 0.05577423200283798 0.07955470001046783 0.053520848725855615 0.04721397347612956 0.08454983905437173 0.07239864531631408 0.055806989926916316 0.03554713403550241 0.04128828604905113 0.060734993928637265 0.09629671252178158 0.0777225935311697 0.05048933001359834 0.08017418801790809 0.07632150002465576 0.037627101221607825 0.06560931797677402 0.08260295867994524 0.07877001886855396 0.06890649780028284 0.031455261943159646 0.05335603517479603 0.05097718777596713 0.02408870832862899 0.06758392654770434 0.05226828493611387
 0.0434658237298923 0.06095341313244883 0.0010658472685146554 0.0543624585637573 0.05974358680558057 0.09894876200159096 0.06849729710672064 0.022010974054338828 0.03182882698968809 0.016574638248414125 0.04643515118474816 0.09627998233013067 0.008123401665255986 0.07467182994650401 0.032415183125709235 0.06206978577438303 0.07090622991500431 0.05234174668003428 0.08076141342581877 0.015154566808710182 0.021759843396587136 0.03949909256509221 0.07658254867007186 10000.0 0.041012072494075 0.007114620318239071 0.026815956108087714 0.07335571747851781 0.015514453436141043 0.03937331034367754 0.03149842097803242 0.05619195438208732 0.08259451435277107 0.004733106248612785 0.04719764792816448 0.08839266788754463 0.059799685461201096 0.025382458763326947 0.06477162994371052 0.06277420835707347 0.08032469062525725 0.03905534857794018 0.023092173541477835 0.042951029411592755 0.056750428163491365 0.004148957019973755 0.021578864630397678 0.04703436990666846 0.031507163371869144 0.07902165223318601 0.018196583763336945 0.00806062023660952 0.07045957084216786 0.03273350499114454 0.026200731615234143 0.056587547407894505 0.04357692933844275 0.030558175675164896
 0.017381082804868834 0.07331956326897034 0.04039793646117041 0.03977795756441934 0.035678485275973025 0.07567371090298937 0.05185423303447527 0.030433328926527056 0.01350664326192645 0.0350221426669021 0.006931174405110008 0.07331227715887881 0.04742133049523726 0.06812742348336331 0.02830494025621531 0.022006827054080955 0.034170604809094014 0.0365046422852293 0.04011976676018234 0.03666985133209803 0.05936673353930877 0.008960647224113768 0.0394556304871461 0.041012072494075 10000.0 0.044407762694859035 0.027138007536600995 0.06250430008686317 0.027855834993870406 0.05098935158103054 0.024033246775140505 0.05299400356640967 0.07033161133318257 0.04286310131118895 0.020850795563755832 0.06938046623110575 0.07427820630156007 0.03295951375421169 0.058927338125715725 0.023425903639045398 0.04136424898775689 0.04554948119625378 0.05788956608675817 0.06083223178196876 0.0498850866009836 0.045060078618701344 0.036916244101513 0.007080447201736446 0.026657474484624185 0.08356152678007087 0.03960009473436429 0.03295219602961319 0.048332713895620674 0.014049567657739804 0.015431334352076699 0.016323043104557265 0.05379087215371459 0.012861635414653691
 0.04896561962455723 0.05455754362196301 0.008161609285431415 0.05205276200913563 0.05874031178147023 0.0966629651993003 0.0658318349057997 0.028825994367579648 0.03362115229794312 0.0236375571920811 0.050360149045189366 0.09398335188454436 0.0033807717194922473 0.0702612181003984 0.03908839079869083 0.06606515622061465 0.07206742081918407 0.05038307014462787 0.0845065929803442 0.022262930407308208 0.024654729972627996 0.04413214488079701 0.07773455913260258 0.007114620318239071 0.044407762694859035 10000.0 0.03340135232614257 0.06961267691963566 0.021452775668627105 0.033835651104620244 0.030872890629965167 0.05194404159327729 0.07882600895609744 0.01101245731223341 0.052873119460721485 0.08556441133009866 0.053228473673735135 0.032368683274180285 0.06056155726190619 0.06701534323837334 0.08480577920516319 0.03438727432664934 0.027254214162746145 0.0364193748834212 0.05304165617810857 0.0056466582432104975 0.02868989933871997 0.05087397961704848 0.038063678545203095 0.07312825820966039 0.025274344864454647 0.012703336008055142 0.06865083262645127 0.03786878743318283 0.029050239014129904 0.05922085264242639 0.037994592416361536 0.035246070095784725
 0.019562825475050633 0.08099721622800361 0.025780256622500403 0.0595892064644998 0.05952033317377433 0.10057905940435848 0.07348572861436369 0.0053956700871379566 0.028139386456353103 0.01193184243846939 0.028965400835260367 0.09807576788899101 0.03493916265814786 0.08583171409068023 0.005755753520029115 0.04239690249208236 0.06130513389244234 0.056608326764807426 0.06091701699059117 0.013979032566414982 0.03715501110383168 0.02031373776071336 0.06654467071977445 0.026815956108087714 0.027138007536600995 0.03340135232614257 10000.0 0.08202265669247606 0.01251181357246587 0.05753286347104316 0.036319478948440315 0.06811640124167234 0.09080127234350643 0.02552115174575744 0.022311785144880896 0.09263849072093044 0.08072689103205201 0.005915827179786706 0.07582306725526841 0.04212251131619611 0.058013699080343664 0.05444920285337577 0.034156545561400735 0.06444968660692432 0.06667953701798088 0.03055530400105249 0.010878125882985567 0.02982405555370282 0.004693365413098864 0.09611009429139425 0.014870568404698288 0.021456154614371586 0.07208361254138111 0.013210335619892759 0.021736449562790704 0.0428611400849963 0.06145722362363884 0.01465996140682539
 0.0798074522245807 0.03824639195472173 0.07377131660744844 0.022887141868285502 0.029334692646845077 0.03243815842825975 0.012531729903003722 0.08185175183755787 0.05437909365365755 0.08195765984604438 0.06748427802945128 0.030062076902539522 0.07244060562858519 0.008302153630937947 0.086034073934869 0.07399755725872091 0.050226153108873225 0.026115387480278716 0.08165904332144415 0.0822391797024589 0.09424954733788199 0.07106823409419574 0.052398556379784036 0.07335571747851781 0.06250430008686317 0.06961267691963566 0.08202265669247606 10000.0 0.07338924825596059 0.03892630623993918 0.04590128811663655 0.01823259171517024 0.009238919624863602 0.07799752482524945 0.08335046189896732 0.019267697863187622 0.04173030827425802 0.0860744345299055 0.010294176992609325 0.07678638762210119 0.08967406650095473 0.035784782177889884 0.09637524820096138 0.045062095161286654 0.0166113910042867 0.07476589701847126 0.08675377105085515 0.0669640735711893 0.08419475651868895 0.031222150132740815 0.0863958021700186 0.06937925376554853 0.020948104579884417 0.07284028241354916 0.06031070781614283 0.05945664865612619 0.03596648081296192 0.06941964712242911
 0.02796879051630782 0.06905537568984357 0.014586757433062833 0.051838984404997374 0.05406571640935061 0.09493543870054673 0.06612100244494606 0.009338564016991393 0.022660892791233248 0.008856038782863743 0.03229838428787569 0.09233835241009856 0.023441188772029106 0.07637337988792288 0.018257342161129612 0.047604199383560065 0.06056801790037479 0.04915629253142784 0.06642626275930245 0.009780513154896989 0.031511993722938024 0.024640085272933383 0.0661347955774732 0.015514453436141043 0.027855834993870406 0.021452775668627105 0.01251181357246587 0.07338924825596059 10000.0 0.04576922841572249 0.027672903443428508 0.05817562000598289 0.08243494183502398 0.015765790945341546 0.03168395504050416 0.08582566388216185 0.06861789772455738 0.013710954121601312 0.06628134660308645 0.048040733247230884 0.06528802922104807 0.043259794507921175 0.030209287274168963 0.05217114348265733 0.05736836085536234 0.01958680463935677 0.0133646088025671 0.03299895708103886 0.016982131200198994 0.08494160444463587 0.013655703810364619 0.009034684010012384 0.06608519005391959 0.0174946572437443 0.0157297916224289 0.044111180184158785 0.04980532720914905 0.015895983588237173
 0.06453109770730485 0.023549872452196405 0.04010665105411017 0.029552301810887534 0.040962818395515126 0.06974826769744315 0.03945339204423991 0.055106916833694335 0.037730530124066144 0.052606078481584294 0.057864313280255604 0.06713986291118959 0.03600832482953472 0.03769103629272323 0.06291340671240499 0.0711318023334978 0.06225308135600436 0.030036456438578323 0.0861498382073103 0.05210366599178102 0.057959489211114094 0.05640373131143466 0.06714590049958273 0.03937331034367754 0.05098935158103054 0.033835651104620244 0.05753286347104316 0.03892630623993918 0.04576922841572249 10000.0 0.026960176156253013 0.02075538356830581 0.04770018882989113 0.04405755127964369 0.06878563636297179 0.057195858205032 0.023739623461390025 0.05946451693603564 0.02887087456293363 0.07322900599684586 0.09042450439365596 0.006442802625734968 0.06102442178449628 0.010722290959727042 0.023876401961560195 0.0394474499113385 0.05798259932038844 0.05785810857775008 0.061278941641546604 0.03974994779310724 0.056027075754211265 0.03851467763974397 0.04560835789123009 0.05399026536934376 0.039618257372971824 0.05866877866626321 0.00420615514999275 0.05020049232086204
 0.03850248042951585 0.049498179290421274 0.03151581381118325 0.02419970282911931 0.02824517874010482 0.06803791229676173 0.038520800218505485 0.03595133373564848 0.011003492441241271 0.03642156705279419 0.030904601133315855 0.06539565534352103 0.034248949018393565 0.049515305323074445 0.04073268048969725 0.0445671959446085 0.04212017849836834 0.021641845700991723 0.060705408246334906 0.03694526298479232 0.05322440208475779 0.029981854300208884 0.04769605333036786 0.03149842097803242 0.024033246775140505 0.030872890629965167 0.036319478948440315 0.04590128811663655 0.027672903443428508 0.026960176156253013 10000.0 0.03204386528611826 0.05485599741388411 0.03551168354527277 0.04266297385108249 0.05833403381401172 0.050311969992255595 0.040178509503323565 0.03952747705424959 0.04651948048992983 0.06402988936716042 0.021602395074470506 0.05397820582877104 0.03695858057074262 0.030362634636646353 0.0343610580832623 0.04099662100881776 0.030907734749533972 0.03891865695229416 0.06140159574903128 0.04105376617484658 0.025327476582179154 0.039272868977722857 0.02897309625218191 0.014959623464801836 0.03324901559344326 0.029804611167909237 0.02521037465806164
 0.06944400448259783 0.02665995091621393 0.05670109691448895 0.016533351572454228 0.028382882913542795 0.04928790199987416 0.02020256835700839 0.06713235862580821 0.042208510395843474 0.06634652501716902 0.059059672335804544 0.04672352701874864 0.05463830336448493 0.018505310525948622 0.07272707730017582 0.06893957940203926 0.051665836249273844 0.019102273007208362 0.0804187906968633 0.06637317949664541 0.0765909692603711 0.06064412691406863 0.05549274213393247 0.05619195438208732 0.05299400356640967 0.05194404159327729 0.06811640124167234 0.01823259171517024 0.05817562000598289 0.02075538356830581 0.03204386528611826 10000.0 0.02720731245673517 0.06090004214051169 0.0733901108520779 0.036537116989048456 0.029423729949744782 0.0714853002427557 0.008617604405210522 0.07150404146765103 0.086812003740322 0.017704771789711752 0.07899888237285271 0.027919739843233326 0.005047431426838591 0.057258577835709 0.07141802926538209 0.058742075736241635 0.07092379787415357 0.030742534924087683 0.0705142241353255 0.05304175145091564 0.028008852022939183 0.06079796274237461 0.047003452399073074 0.054713850565343856 0.01809162546787797 0.057101706599252636
 0.08770508940264225 0.04410641153114503 0.08300878342864232 0.031297945561876 0.03577875160152903 0.02669082808641279 0.018650879324823073 0.09079323486700416 0.06295094632939785 0.09104946943093085 0.07493321995280904 0.024716351493204808 0.08163411474865058 0.011800938227727596 0.09466583734519514 0.08023344317916896 0.05445706838524466 0.03441838413264595 0.08626884597662124 0.09136697733132147 0.1034692240506697 0.07905446209097268 0.05577423200283798 0.08259451435277107 0.07033161133318257 0.07882600895609744 0.09080127234350643 0.009238919624863602 0.08243494183502398 0.04770018882989113 0.05485599741388411 0.02720731245673517 10000.0 0.08723515039153641 0.09110458878189416 0.013989342336720155 0.04771661307135958 0.09498137193210737 0.018829387753019292 0.08306398956557677 0.09485252329478981 0.044872564026819724 0.10561304817396779 0.053099199227696854 0.025849308911946613 0.08399564880200967 0.09579502111177629 0.07435831874618451 0.09282485305555813 0.032823362535126153 0.09552121386108944 0.07857428356758911 0.02509725140352088 0.08123329539573797 0.06906559273611287 0.06584496970229445 0.044519284205546655 0.07790111002220433
 0.0434342199184087 0.06542728220674489 0.0042270485969068804 0.05874139745772983 0.06371100334452139 0.10325571153831475 0.07293644903052529 0.020337089999886638 0.03480782256784578 0.014198493521286767 0.04782789317794022 0.1005923203304299 0.010783075119249981 0.07938605815921801 0.03084306630094363 0.0632826681164103 0.07389355490630735 0.05663375984173658 0.08208190719698533 0.012429705561028683 0.01782235148300898 0.040383439199113316 0.07955470001046783 0.004733106248612785 0.04286310131118895 0.01101245731223341 0.02552115174575744 0.07799752482524945 0.015765790945341546 0.04405755127964369 0.03551168354527277 0.06090004214051169 0.08723515039153641 10000.0 0.04692739638201039 0.09284883063294776 0.0641819487998005 0.023114410566067906 0.06947275056347435 0.06378334593571024 0.08104925927719309 0.04378814624044359 0.01861259932632413 0.04734872398020059 0.061399861689644224 0.005917473405959021 0.018628135664598214 0.04848723510152819 0.030174942492053897 0.08366290571065384 0.014717186847317992 0.010693842726458715 0.07466364248326393 0.03325232099791017 0.02870072134754737 0.05880368966579521 0.04825835055018639 0.03155587330836351
