NAME :TPP_input_23_5_4
NUM_VERTICES
111
NUM_CLUSTERS
23
Full Matrix
 10000.0 0.017409358396368473 0.07469426912390092 0.048865935795026044 0.08405858414603584 0.051665107556229016 0.1133949399200855 0.03870934743834914 0.013694327666153137 0.05345415179613043 0.016546432522598468 0.029588846518578363 0.018832956736451224 0.09855064015034426 0.05173678884163958 0.059608984215122104 0.0606419067932158 0.060880352288443414 0.010626421280833909 0.08061431544694769 0.08546872823306728 0.0911379229035373 0.06861355309535623 0.04825861033070592 0.05528449842324628 0.006839945653081974 0.051357140051083924 0.035147034275336976 0.0576566816217771 0.10206991605992148 0.08139371388564709 0.09205646816061885 0.05401970892433175 0.0639246809709457 0.061142714716888605 0.07091135621133014 0.04365707694737272 0.0686905591950609 0.07728151827442083 0.07384868090317798 0.05010672260737983 0.04375042257775785 0.01714423431320744 0.08231546436227807 0.06602705611659651 0.07769301572781746 0.04380791156853425 0.038669303902315634 0.06505684622906391 0.06666432140429786 0.08791303565120187 0.06326478657661878 0.034972865670717335 0.07093815045394664 0.08877546248359237 0.04069133447650912 0.037812936380038346 0.09169911161067594 0.053809745643874085 0.00515674223325251 0.031947482575119236 0.0979413680946043 0.03588303032488549 0.06695259292361239 0.0714837329176654 0.09777775543676497 0.0962112116490453 0.0674337566760174 0.10832696622208478 0.08493866197094492 0.08615085373642346 0.06704396594176973 0.05358189755360595 0.02747083757392285 0.08858541258991551 0.05002112464371561 0.07702201203401844 0.09062390255842286 0.029843222125434738 0.023218568217336852 0.10862760156951298 0.07820167174897481 0.08694072965285865 0.11162570562372301 0.09331904969576256 0.07230573166577733 0.07522461569219738 0.08876640080840419 0.0285895151494338 0.09769952889288121 0.04969410316477695 0.08423954111230678 0.04910402912174691 0.048245467964685734 0.06868287977095931 0.0667597274146142 0.021128906668005577 0.0747155544093348 0.017391018253860344 0.05157865966398756 0.09132605214176458 0.06256513737454503 0.03942655821867498 0.06861234086927837 0.09769483190395627 0.0680913051113194 0.06745417880451872 0.04241793178315671 0.0829843184509998 0.07184125760325974 0.06022155180428211
 0.017409358396368473 10000.0 0.0908023729601325 0.05942778636447213 0.10144004060295765 0.06813229635970014 0.12998360737115067 0.05302751151473502 0.003976520675758394 0.06713251912829878 0.03387066150517011 0.04497885206580963 0.0016425446884742866 0.11582575737951803 0.06357777759221647 0.07593077677072603 0.07595831481984983 0.07827960189975502 0.011864495413571282 0.09790738216322477 0.10242632953538595 0.10759889375038846 0.07758081441757715 0.06542810641325515 0.06887593657048237 0.02401213508369091 0.06854768320800761 0.05019690380922287 0.06810602465713629 0.1174591368942837 0.09702034174582728 0.10919640570482243 0.06406239089183831 0.07955951326752056 0.07769970123026325 0.08472977988536538 0.06103638182543467 0.08517483661482943 0.09018113572433833 0.09075146311565585 0.06693867570582114 0.050051791527589054 0.012160439507635823 0.08994995470358194 0.07621951583932966 0.087341130047871 0.05964775289129487 0.055018924449537245 0.08217429042832744 0.08027134390607245 0.10526528092526768 0.08033565426183939 0.04868699141123544 0.08339159599436032 0.10088301731594594 0.05041012693830274 0.0551181392153858 0.10781198566403118 0.06702705035834668 0.01941372998012351 0.047909469076468765 0.11444892947914499 0.04588642051039785 0.083908337861259 0.08779396057597533 0.11477823758162835 0.11163923835146941 0.08008410387347131 0.12501964869327226 0.0974388238077485 0.10272599526657632 0.07699326802155707 0.07033813743482212 0.04405863854221031 0.09993801596995065 0.0662201219604424 0.09281372706249853 0.1050421264256546 0.04673673496126448 0.035863864947112495 0.12528109227512224 0.09551066472402577 0.103373643980105 0.12823233993603142 0.10907672244509621 0.08951301199638723 0.09048729506161883 0.10604259427623723 0.04589719700077811 0.11461704674348294 0.06691643719586618 0.0979454097660728 0.06587539613739365 0.061678562311152076 0.08387213341357302 0.07724004782011869 0.036714035788195924 0.09152267438796434 0.03358712611510147 0.06795313141292052 0.1085242387066051 0.07686308647034355 0.056536014234326866 0.0831786101537067 0.11331142690828264 0.08355204611481447 0.0788028925859698 0.05885644503209558 0.0993475642958693 0.08260472292233174 0.07438150193426242
 0.07469426912390092 0.0908023729601325 10000.0 0.08568892096852926 0.039814587179850675 0.054232913683427864 0.07862212846972008 0.0688375252524994 0.08772645332755269 0.07411477468771219 0.06144732618996194 0.06496952733387215 0.09183717037020976 0.05352018073455538 0.08199770829647766 0.05613075225727823 0.06552454844944222 0.02970609243274179 0.08490205848407885 0.024207005194427592 0.018007849893574037 0.06578189962906567 0.10120441217636461 0.030016989114607144 0.07508274631680037 0.0698078001130083 0.027902510411346643 0.04096898744987772 0.08984655534337951 0.08487949236501147 0.008662401670256675 0.053725529470352106 0.08963530627278328 0.06370493435188776 0.014481187411517894 0.07964050390507227 0.041996792649819974 0.007602039384152606 0.08834283198506496 0.012088688878876359 0.05014949187904979 0.09514692848808899 0.0912625785630766 0.11497058016630868 0.09508784569526645 0.10418600197423991 0.060110186390961655 0.05720705706838264 0.04474200511492104 0.07907338904222888 0.030617387812814686 0.018297945680243566 0.07131014147976872 0.08744372470053145 0.0996358811250335 0.08533012010140109 0.04013400894034252 0.07062843055878103 0.07655162588912838 0.07149247818351226 0.04291368103935855 0.06918262279058016 0.08307261204495962 0.014557103067387955 0.00403740856117545 0.06050500650048952 0.08070642728859728 0.0847085143640531 0.0733164188902456 0.09504515994043138 0.06144402435368826 0.09660363762602363 0.02233506102606161 0.047254368493198175 0.10348066551916607 0.05689896520765231 0.004366985397873935 0.08594487806658799 0.04523390798817961 0.05635801384058172 0.07415687355491915 0.041649536631285566 0.06389502926748995 0.07704793532777558 0.07559004447664493 0.019298536429956353 0.009290562377963342 0.027821156059024712 0.0480514411181469 0.062163576847255764 0.04391187635277644 0.0872621226589976 0.026528233745605423 0.07407969927773524 0.011578568004639675 0.09432931529344522 0.054091163795051855 0.010339333334874568 0.05741305060601391 0.05518742972453589 0.05166265858883517 0.07326840687308674 0.03702584370552233 0.07367482016448652 0.0797627278705468 0.009837960871671192 0.09098635871943506 0.03233146555176054 0.009127484174816151 0.09595473225878842 0.0733622953992864
 0.048865935795026044 0.05942778636447213 0.08568892096852926 10000.0 0.07041565921718745 0.033278782231934756 0.08329540439810625 0.01755623805679558 0.055921033354171375 0.015556047053897211 0.04089129657766183 0.025536860606762617 0.06102016592206703 0.07911480021992226 0.006404561309434196 0.036146298116711564 0.029114821351978376 0.057934835603334615 0.04774013600165365 0.07678725247756137 0.08656240532166716 0.061960802577710056 0.020300580614211434 0.05674102374216298 0.016138605648619356 0.04407075034294987 0.05816920543192997 0.06361196524439043 0.00881007382795307 0.06476181145582594 0.09429631818457894 0.0707518117455828 0.0053544657421284395 0.033494217575686706 0.07188279914236446 0.029275705930584213 0.04396721593863831 0.07808932952499595 0.03213757355997779 0.07790043619779739 0.03647853508760403 0.01588081387859063 0.04842673374072218 0.03487757868436333 0.017163882470266168 0.028853581265406752 0.025629221636695513 0.02890456606588579 0.04911923587572622 0.024757340258421905 0.08092885288406022 0.06781735799969414 0.017281190155102807 0.024950579461302143 0.04170405259902172 0.009170868444513508 0.049307627378286964 0.05967474323947794 0.013501273477770505 0.05264720345006412 0.058161931693033075 0.06842103656787217 0.013542529551729906 0.07202131627646155 0.08165349620668587 0.07360726038754947 0.059502501511242416 0.022176919759318642 0.07958314518809587 0.038635812679907997 0.058690618069277535 0.01818997841003811 0.06491355872187367 0.05302891716565779 0.0405114575277774 0.030166871450379867 0.08967880579479945 0.049677906041244085 0.05167341193323512 0.06292687394029466 0.07948171775078458 0.06297862912642366 0.0580600444402809 0.08181480552501051 0.05874848909714668 0.07220075428986035 0.09125308414402111 0.08389061257585986 0.0465796692219231 0.07245784500087586 0.042146453483852625 0.0411188400461782 0.06196906185243111 0.01244180725467288 0.08636104235199123 0.017968754093080918 0.05521513341758663 0.0796685089699794 0.0520785522673901 0.03236806040977732 0.07119288766466358 0.024591486303523223 0.053165274531318994 0.03067468244775311 0.06191763560972757 0.08446953316890729 0.01943813726804941 0.060780230574068866 0.09049526105227292 0.023228070230394044 0.022193937595054225
 0.08405858414603584 0.10144004060295765 0.039814587179850675 0.07041565921718745 10000.0 0.03857591311991834 0.03929356859350113 0.05854303754479212 0.0976132867205743 0.05522131076401865 0.06757716950838193 0.06078240319401321 0.10288932922141436 0.015925351033885 0.06470199606572198 0.03426938336469054 0.04224704136762078 0.024274267519047266 0.09182009888037339 0.015969310007448268 0.026419964269631675 0.02703330263457985 0.0791612401140252 0.03931904948376589 0.055219136954346826 0.07744808143554968 0.036453602017367075 0.06157594657360007 0.07069127635625158 0.0461466199169369 0.04609693384526774 0.01393490958958505 0.07232784017184478 0.038401349018911825 0.037540921939504 0.051950743583372955 0.040403920668503644 0.03576330353816144 0.05919698185601661 0.027882172546717737 0.037264765405090036 0.08451665723298844 0.09698517064882427 0.09033035597924141 0.07280842493676673 0.0785848333331216 0.048243040233262334 0.04974781454055061 0.02178316424354524 0.05347904385106803 0.01351956811319738 0.029355893088061365 0.06290582897651929 0.061129532418604145 0.0680618495974552 0.0743488684557994 0.04752308838565937 0.03240621919344681 0.057607071811414494 0.08316794293443502 0.059724101294292065 0.02952686228606589 0.07436721640128796 0.02932270460346737 0.03750414408031676 0.02084739052342649 0.04275844863295719 0.05962206099475137 0.03383632918661919 0.06398839483725093 0.02368739392122869 0.07417661624274226 0.039560622144171845 0.06060764463284058 0.07291273003820588 0.04164531985128641 0.04365620207191944 0.05072587060459637 0.05724352225894544 0.07528583473868439 0.03462821051427451 0.007438183794950569 0.026210766723953463 0.037632537812428354 0.03765157641084331 0.0215384299481881 0.04910341181474664 0.01767452893025517 0.056320395486350885 0.02239089304661632 0.035068241279049235 0.0548202064500654 0.042475077766802295 0.05811535359042109 0.049640458365651154 0.07151305131779324 0.06897113047599826 0.029493142304051742 0.07029861104127098 0.03930353761064611 0.01191846831395961 0.049208510339772464 0.047537689106282435 0.04634141770154842 0.041296174558577495 0.04718543916850508 0.06709888050411614 0.04974610156120641 0.03686345268231193 0.07103698835678579 0.05061970561571401
 0.051665107556229016 0.06813229635970014 0.054232913683427864 0.033278782231934756 0.03857591311991834 10000.0 0.06185139791748999 0.01998118253348048 0.06415841043622482 0.019966678290704608 0.035807985826213896 0.02380767689166786 0.06972126131177203 0.05006424848339213 0.02850875496365677 0.008034393755925863 0.013418581112501183 0.025135928620924754 0.05715923634215149 0.04351653958793473 0.053358369595794625 0.039496693868682126 0.04699218636792436 0.028530225165755083 0.020855649419290388 0.04484453344772501 0.02871927598526032 0.044825494089737156 0.035956339777302754 0.05147031418794202 0.06288897283597682 0.042444703139439224 0.03634817189018033 0.01437383772780743 0.04158641038420498 0.028272774929470394 0.016786930006781685 0.04671159302535036 0.03708655398878127 0.04525753762962206 0.004451322883278056 0.04623522752408599 0.06136722556078859 0.060789146948157055 0.040854935729607716 0.050273395590225714 0.009784248078049972 0.013117507884170716 0.016795079726183503 0.026285252820934486 0.04795092419650659 0.03594957579447488 0.024446371232932012 0.03437700648506205 0.049501658278876 0.03597689347946865 0.0263830150224001 0.04013551477563906 0.022443721408578116 0.052508944853105 0.040151133044654265 0.04632877866913222 0.03579313706495429 0.03993346083670614 0.05023168830140927 0.047261393960807384 0.045635366933609554 0.031238366895012887 0.056913549331653816 0.04482447499022752 0.034594278214073404 0.04237074560464089 0.036000210164013884 0.03735831671643756 0.05214858247963649 0.003155579117049103 0.058453991429035755 0.042960536516212906 0.03432016743582628 0.05226514456594308 0.057158461882381356 0.031325751343526234 0.0352868316217115 0.060100457746030705 0.042181594874286424 0.03915015727040532 0.0609996329200257 0.05073579922492739 0.030345025480930626 0.04685493962850842 0.010851902615748645 0.03965010551844343 0.03449801871170773 0.020898871406051317 0.0571247214055923 0.04011262603501674 0.04404779601352572 0.04711456470944207 0.04324750536485087 0.0009597130170902823 0.042224995586430496 0.020239752659877812 0.02952301440478647 0.023097430201940394 0.04674006444326897 0.054905140028590045 0.03693931591348574 0.03673720051173649 0.058003023963668604 0.04203297410630875 0.019687234358074988
 0.1133949399200855 0.12998360737115067 0.07862212846972008 0.08329540439810625 0.03929356859350113 0.06185139791748999 10000.0 0.07902769614812763 0.12600948885805463 0.06858089171388466 0.09719315325803436 0.08534132527170767 0.13157243221910223 0.02546147962753018 0.07689690618746906 0.05411341950884511 0.05605468345666105 0.060739023635293134 0.11892790996799457 0.05441515093904807 0.0629393182644254 0.022473794845562098 0.08231253329108598 0.07559212452329422 0.0675054710266854 0.10655637527847668 0.07318248850835873 0.09795454422719355 0.0792807797373759 0.023739538801979067 0.08401103507783396 0.025611828563048347 0.08261322937201147 0.05181651168121224 0.0766178971191143 0.0551375194058421 0.07210676836392792 0.07503238889290914 0.05719393074402422 0.06695745713538097 0.06333225563370887 0.09916663840956287 0.12283067082529335 0.08790414242524637 0.07706188822813005 0.07695396656548904 0.0706479724535658 0.07496555587252995 0.049503577766056336 0.059170684925441454 0.04876115301254734 0.0682397031695485 0.08381148083304403 0.06302108015128335 0.05884591406105179 0.09052439929955447 0.08133566001550127 0.023639701846937717 0.07011370478441246 0.11384460513719381 0.09507625217148176 0.015591575295339033 0.09255278062854547 0.06856955382647985 0.07662003743186267 0.018555537192674627 0.026333877365512313 0.06379945390752846 0.00556939401024334 0.056942832603011063 0.027260603544152263 0.07791764168347823 0.0776592614100911 0.09458556655827509 0.0643985129369319 0.06385221560789785 0.0821880128038021 0.03919609414797412 0.09115949966352724 0.10996023316121319 0.004964835560550722 0.04044293133003452 0.02671319276833313 0.0018082653924260592 0.02509277168317843 0.06083133491184996 0.08788002417937488 0.05247901238206728 0.08881910359191919 0.017442851754213496 0.0648257698270163 0.04817908909934781 0.07987512950131548 0.07358012709928421 0.08885678023761294 0.07537822949722664 0.10258523200023595 0.06843620514734448 0.1029022253352752 0.062042057703083665 0.02745687601959275 0.058757085814077896 0.08250929391387359 0.05264124545972856 0.0233943906755941 0.08642444622972582 0.07067469516665388 0.08648027345604081 0.0742584356097611 0.07213761463539313 0.06124544927260618
 0.03870934743834914 0.05302751151473502 0.0688375252524994 0.01755623805679558 0.05854303754479212 0.01998118253348048 0.07902769614812763 10000.0 0.04912250220517196 0.014850564944637271 0.02649080205572672 0.009893626092235623 0.05466871011950228 0.06974456383955971 0.016233020682934966 0.02590888570215863 0.023314479256131 0.04236230880519386 0.04130701204853614 0.06230183768311649 0.07128934549740965 0.056618007053341385 0.03659064844450522 0.039433018797909856 0.016704789778107455 0.03255696944079778 0.04105716698343591 0.046625108332495294 0.024192617928136553 0.06457005717854475 0.07737213557917663 0.06187100267073873 0.022384510466395623 0.02730789105798786 0.054780007122594156 0.03220218716671708 0.026857693641613018 0.061268814353610666 0.038856787458667344 0.06183683597074711 0.021749898735315937 0.02704204363199692 0.044298699475411575 0.05139454234483514 0.03184981538669854 0.043429300870690614 0.01035051831812635 0.011637033045934612 0.036771081087407315 0.027991390222110498 0.06740701262175498 0.051346479407823636 0.004790766668544815 0.03297092612731875 0.050798631202823005 0.0168199012316099 0.03175214120086965 0.055908448066123134 0.015592021868858452 0.04124581191849729 0.0411894271665034 0.06347682683225957 0.015893875694690692 0.05561544167072616 0.06481934510241008 0.06611708071750447 0.058792861035778396 0.029361316230827245 0.07451669787893174 0.04670125610814102 0.052283592709696354 0.03322556801943356 0.04760576492388762 0.03633223969082318 0.05135778610753541 0.016981110017933673 0.07271385340838676 0.052111445934092435 0.034632387706564335 0.04786965187996467 0.07462388699844076 0.051306918409451535 0.05240372194719444 0.0773617631963093 0.056565919028561444 0.05671422154338983 0.07400898648013905 0.06990511354205238 0.029534346863717146 0.06543829573472364 0.0263382317372648 0.04553042683559659 0.04451364154138402 0.010059667094054271 0.06896187737738137 0.03195018426406768 0.03971280555299606 0.06350689931721801 0.037148442622164705 0.019300026055603766 0.06182957927661303 0.023939790841757833 0.03561007868314953 0.030168144824852187 0.060614773639429784 0.06712732933923786 0.03107765212431614 0.043237100967997086 0.07419089440131246 0.036108420503678636 0.021539832137613808
 0.013694327666153137 0.003976520675758394 0.08772645332755269 0.055921033354171375 0.0976132867205743 0.06415841043622482 0.12600948885805463 0.04912250220517196 10000.0 0.06329857095297534 0.030036597030385356 0.04101149780575674 0.005589993431469157 0.11193703548050589 0.05992797222971628 0.07195440610471242 0.07201015292514668 0.07455884048507816 0.008186369983635318 0.09430121639738644 0.09901511312409787 0.10362299249420924 0.07435378936987956 0.06189759541687612 0.06505225723405174 0.02016521601118187 0.06500603291614723 0.047373876760788684 0.0646421024397381 0.11351689889623967 0.09411287183595667 0.10527251170768744 0.060640438869577484 0.07559746035759149 0.07444924147489085 0.08090103869453116 0.05721579450491315 0.08195736407404233 0.08645282640749068 0.08736289916384618 0.06298278426967263 0.047109006750279375 0.01006370621479283 0.0869631340381661 0.07281168640073671 0.08403510852671793 0.055674835167047874 0.05104432560425326 0.07825016191183684 0.07645903245093624 0.1016073024845221 0.07686255607107652 0.044817210450128 0.07970662824803508 0.09725928893008765 0.04697038397016032 0.05149908286535825 0.10383800301631553 0.06323648381136507 0.016236142839777895 0.04481410689836844 0.11047352834052838 0.04238244612415553 0.08049288081127491 0.08464331601254343 0.11083199108957624 0.1076937520162716 0.07637230120928662 0.12104912243372351 0.09376374753428499 0.09875241695235833 0.07362138235530712 0.06700319175719782 0.04075078443514097 0.09641115273433495 0.06224361015038891 0.08984796794654347 0.10116997558563791 0.04332129073881587 0.033514153262594375 0.12130904978778977 0.0916380371528106 0.09939752768777298 0.12425873732580049 0.10511419581714349 0.08596509364648236 0.08769025828596258 0.10244952975943952 0.0422743681014601 0.11066187507029361 0.06302015699068494 0.0941371553457135 0.06253084629000438 0.05785869186394872 0.08108981997277373 0.07379490963920333 0.033668603477764236 0.08817713974145366 0.030354235958779858 0.06397758415644424 0.10461332923648287 0.07298545363090429 0.0530335326228525 0.0792836322855605 0.1093559504242075 0.08068460028388078 0.07524598124963147 0.05563009962012775 0.09618401360704885 0.07913194039603863 0.0705133173569057
 0.05345415179613043 0.06713251912829878 0.07411477468771219 0.015556047053897211 0.05522131076401865 0.019966678290704608 0.06858089171388466 0.014850564944637271 0.06329857095297534 10000.0 0.041132204514304015 0.024619970505757205 0.06877397927000474 0.06356014357582439 0.009501903535244265 0.021076817161220365 0.013559324599809535 0.045086120152029556 0.05529360859146091 0.06268196417789296 0.07294771310608338 0.046818109701157164 0.02710397810179938 0.04701019220282832 0.001859260314120156 0.047391422627321024 0.04777015557641085 0.058848642510153364 0.01610010684437061 0.051660557383592785 0.08277659791305468 0.05519621828571411 0.017138694603668375 0.017948666146993274 0.06111007441570497 0.017603993569640496 0.03422652789822105 0.06656052335682326 0.024017735242212877 0.06520264507640909 0.02396720645007193 0.030992845246461894 0.05757788917231551 0.04123782575472539 0.021111534652429424 0.0314380945600945 0.015752761511914085 0.021363079335290223 0.03437113811714581 0.01322588230579265 0.06624769349154495 0.055862787525869956 0.01857290654194311 0.018415541937406982 0.03609369771268809 0.02194396106731159 0.041909885491552105 0.04496061241691764 0.0025052043794984717 0.056092094787926546 0.05355671250211103 0.05342354850162812 0.02424849607387854 0.059884006721855884 0.07009865867699545 0.058142342349729544 0.04607618228445529 0.014785657178282863 0.06461434435615179 0.03190526688339647 0.043314448223213814 0.022627807103233383 0.0549393966250799 0.04926625691280513 0.037037110820780816 0.01721604684650205 0.07829935843779826 0.038025604647589806 0.04704030487356328 0.06198769594378758 0.06457042458553355 0.047788956602000235 0.04281848811470404 0.06703488946352783 0.04462427395900562 0.058959750540930674 0.08060761850804725 0.06941851819369327 0.04210669770569817 0.05705004719956938 0.03028774936086908 0.030881830593347346 0.05276255396555444 0.005507498006144617 0.07638469065836237 0.020560882751293877 0.053683685423255044 0.06706965812187793 0.05145626268273236 0.019006969236589646 0.05564200106293568 0.010207688685084381 0.04562887674141363 0.016714353431007366 0.048224681885823864 0.07426655253125156 0.01815564335005351 0.05333504070335568 0.07795751541430893 0.023403620352721897 0.00761335784347416
 0.016546432522598468 0.03387066150517011 0.06144732618996194 0.04089129657766183 0.06757716950838193 0.035807985826213896 0.09719315325803436 0.02649080205572672 0.030036597030385356 0.041132204514304015 10000.0 0.01659738426402753 0.0353384349502282 0.08200468460864299 0.041900294047590006 0.043833665823278606 0.046014204991011075 0.04470089651642104 0.02474857576510574 0.06481339238161087 0.07046163063238303 0.07507590208150933 0.06117641685665118 0.03308598836531816 0.04298863182515261 0.00987235054568263 0.036068039772956334 0.026151450992326852 0.04913228847176858 0.0869447522727544 0.06887333862691901 0.07553557075333595 0.04624258704449334 0.048868727050473924 0.04726419368928243 0.05782666999357255 0.027179969276180153 0.054824920319501966 0.06509589797448932 0.05904562913057301 0.03386563246366825 0.041426160292470655 0.03061903010090158 0.07574586830198256 0.057331655842297026 0.06912145002482123 0.028936581762507255 0.023218926557335085 0.04855677051433686 0.05393711332360311 0.07190307277104753 0.04816875480969544 0.024181624486795346 0.059434187718985634 0.07721610473114994 0.034760655185992716 0.02233645447604698 0.07594133734712308 0.04206936781466346 0.016709368885773884 0.02128264478209844 0.08182588536928057 0.030399345900943182 0.05209816936044788 0.057912977062992754 0.0813189675968909 0.08108075068260359 0.05581422436381327 0.09205584386808677 0.07302898928479329 0.07000611814328268 0.058577249902937195 0.03942129120588747 0.015697726631196302 0.07784613901641174 0.034510341246756907 0.06429633135669456 0.07656351061824583 0.01656585089850807 0.022040298524249134 0.09238420621253549 0.061660754891039365 0.070914104196472 0.09541286306785254 0.07788618016552784 0.05678266144263576 0.0634286582163811 0.07299126962992206 0.013474907526482048 0.08128861555367932 0.03315789990837716 0.0710247210896111 0.03502845015054869 0.036549859387581034 0.0571759393309086 0.05769853807224864 0.014649662802308634 0.06011008623530693 0.011207749721095402 0.03583089833763328 0.07478775604786551 0.049124280529387665 0.024684461445430156 0.05471073734503177 0.08237461753647178 0.05613582039132582 0.05735811671809246 0.02947169564519603 0.06915866505816555 0.06224255544302631 0.04701917437398768
 0.029588846518578363 0.04497885206580963 0.06496952733387215 0.025536860606762617 0.06078240319401321 0.02380767689166786 0.08534132527170767 0.009893626092235623 0.04101149780575674 0.024619970505757205 0.01659738426402753 10000.0 0.046601406829118876 0.07349597339492786 0.025610928483434204 0.031246802720111044 0.031125303155186138 0.04135940773457917 0.03363293354160307 0.061990628737012415 0.06986574308353422 0.06288023496250959 0.04550375329402032 0.034959838181778155 0.026479219150446202 0.023139193666455428 0.03716714793838188 0.038149888153354766 0.03320950241125524 0.07263087981730795 0.07324601241127915 0.06611288819948019 0.030772555692224358 0.03459803841285862 0.05054718662523075 0.04165884017186643 0.02379138758031854 0.05758337900525708 0.04863161106620002 0.05949403519550018 0.023721661340457677 0.03053175215007155 0.03758154723166272 0.060257635703572385 0.0412035983887285 0.05291971583892984 0.014720234945026667 0.011091518829482025 0.039587615680200285 0.037603075797770585 0.06797258939042794 0.04856948275321685 0.008255738189383336 0.042852577573017185 0.06066118018522538 0.02150947680975276 0.02561317572011071 0.06286733902292829 0.025478897628028557 0.03170092258065656 0.03270795280995235 0.0697572397985624 0.01837347319101895 0.05284544765389043 0.06104636468154552 0.07106588541823335 0.06678663984492307 0.03923751342491513 0.08053510619798267 0.05652186139259418 0.058166085339422344 0.04251629439598501 0.04289640389619663 0.027500811753121752 0.061249426923265564 0.02151587484691468 0.0685482452975771 0.061064989567917616 0.026294072662683007 0.03812672262579627 0.08073717838284154 0.05394591214526213 0.05864152571782816 0.08361671216957499 0.06410963542630065 0.055324581870257974 0.06911103757589583 0.06995933998630331 0.021248233022214725 0.07065698201334243 0.02614667045453597 0.05495583879967189 0.03923070438108024 0.019952478890204173 0.06357618691585021 0.04144477794515457 0.03008048987374105 0.06097694328441794 0.02734490281208253 0.02346430744121515 0.06577074559936673 0.03312397134827813 0.029331854196974743 0.039056982674018664 0.06838159247904343 0.061979413840977805 0.04085425660261769 0.036529322782955786 0.07125802528377674 0.04581225014216615 0.03087120287256993
 0.018832956736451224 0.0016425446884742866 0.09183717037020976 0.06102016592206703 0.10288932922141436 0.06972126131177203 0.13157243221910223 0.05466871011950228 0.005589993431469157 0.06877397927000474 0.0353384349502282 0.046601406829118876 10000.0 0.117320271707929 0.06519675550567727 0.07753012934704542 0.07759157919696949 0.07966269957282265 0.013500341590568163 0.09921976437092582 0.10363031243074972 0.10919461376209058 0.07910547718682821 0.06670533919624651 0.07051676318790986 0.025495773551395907 0.06982997040569044 0.05113414205332879 0.06968827132899465 0.1190944290239349 0.09797092250030855 0.11072120797766342 0.0656358992337679 0.08118616265605758 0.07882608364930517 0.08637081857710426 0.062486166514830285 0.08628210318630457 0.09181137103660089 0.09194566263149778 0.06849843408888973 0.051509326564680644 0.013508674820520334 0.09140815842183059 0.0777883112455146 0.08888443340365934 0.0612636868334007 0.0566103622806993 0.08370045596783307 0.08191123562784203 0.10660700376215618 0.08157740240914901 0.05032953495291816 0.08501546393828054 0.10249573780716834 0.05198995733050687 0.05644807315921189 0.10942578750884582 0.0686651954348586 0.020586852888566844 0.048977320411627834 0.11604226130002517 0.047480521767556946 0.08511837733543591 0.08886682334516557 0.11632523920188773 0.11327352459350296 0.08171219772685534 0.12659999243376685 0.0990606884157182 0.10431354239371693 0.07855361128958518 0.07151036307312175 0.04523357489075208 0.10153148212603937 0.06782339795191736 0.09379385665066053 0.10668466943948074 0.04796324639468041 0.03661376115120462 0.1268646543060262 0.09699362392822697 0.1049706727171845 0.12981971968564543 0.11070310400786104 0.09079377643439236 0.09138695320279848 0.10734641284876273 0.047233802990616885 0.11617443316716365 0.06842013807949728 0.09958482870733769 0.06705439253632871 0.06331921093116803 0.08476732922298119 0.07881719965110154 0.037773566336500405 0.09269409606655188 0.034740033068219316 0.06954764969846143 0.11003746774051508 0.07850560067746457 0.057801803960498305 0.08482061706034859 0.11494179370775516 0.0844879345660972 0.08040367975531965 0.05997941386745725 0.10042388552196653 0.08418754458851316 0.07602403471315597
 0.09855064015034426 0.11582575737951803 0.05352018073455538 0.07911480021992226 0.015925351033885 0.05006424848339213 0.02546147962753018 0.06974456383955971 0.11193703548050589 0.06356014357582439 0.08200468460864299 0.07349597339492786 0.117320271707929 10000.0 0.07296010814528256 0.04400963490655737 0.050007214207260016 0.0399878852055131 0.10574037112899233 0.02941216733707324 0.037481249423882555 0.022678171352431553 0.0843737539516864 0.05511824680027331 0.06313036433809747 0.09182483893109436 0.052305251042645926 0.07745289041119018 0.07775559039312549 0.03905002942487321 0.05860488678893322 0.008479563202769356 0.08009505539743814 0.04566443924993812 0.05309858126528633 0.05595299641422602 0.055060207895465896 0.05053979458543012 0.06153188459958944 0.04217108962972003 0.049803766051081576 0.09419700092319698 0.11057339204982906 0.09365552843563758 0.07825339529161975 0.08190206918467531 0.059823433410279306 0.062422074224590396 0.03398059337690908 0.05861805652729228 0.023322437884815996 0.04510282881572375 0.07437854561641997 0.06515120789485974 0.06793753906224673 0.0843751311208404 0.06287401946620369 0.028139347906129014 0.06571348508426024 0.09800882240417187 0.07546361008201158 0.021153583984718376 0.08512194973293438 0.044679714449696484 0.05179624422107652 0.009920840106034844 0.037554188285545506 0.06449011501293947 0.020549681709884308 0.06454149855539817 0.02261385294975511 0.07946621311227041 0.055466655791449895 0.07609330909725902 0.07327853809362031 0.05286207281406803 0.05693777883076398 0.048513876557405786 0.07269537000984369 0.0909638248157709 0.021471870320881097 0.020397395050143725 0.024481127732152205 0.02404375303558703 0.033098225864633075 0.036671860047080854 0.06271645507685544 0.027019883917763193 0.0714252303884442 0.012158797134095085 0.048920179856754197 0.05496496896195384 0.05839691773578106 0.06740001898231408 0.06412619331858503 0.07676103013983056 0.08442414388711121 0.04350705360983961 0.0855341278765925 0.05061296988169563 0.007963174040345244 0.055668899003552985 0.06314896482619682 0.05122341582717013 0.03523736802542867 0.06176012044191736 0.07206606044361806 0.06563556040647787 0.048818772418768565 0.07517563212653301 0.05761366531408726
 0.05173678884163958 0.06357777759221647 0.08199770829647766 0.006404561309434196 0.06470199606572198 0.02850875496365677 0.07689690618746906 0.016233020682934966 0.05992797222971628 0.009501903535244265 0.041900294047590006 0.025610928483434204 0.06519675550567727 0.07296010814528256 10000.0 0.0304969641161251 0.022966318329771 0.05354819044785152 0.05175468833697047 0.07178204118151739 0.08184058205343842 0.055567663937141326 0.020486058419419695 0.05378092709347573 0.009845381939046143 0.04637979760329182 0.054921971365880624 0.0628250811712793 0.008162342243614291 0.05856763314989655 0.09064789164874204 0.064565973046495 0.007849955527835432 0.02729731345884867 0.06852964328560336 0.0231576099033756 0.040886243400930035 0.0744017886919567 0.02685204621870948 0.07364281001330548 0.03210403695136685 0.02227087811495486 0.05304757036977467 0.03525975522324458 0.015632938226253845 0.027309018300731045 0.022067321638416692 0.026404423694675914 0.04369770867890652 0.018583047064692767 0.07558079516004497 0.06389697907255247 0.017723254447939204 0.019863838640605463 0.03734178773081198 0.014561756384564336 0.04728455656057557 0.053273065920969115 0.007246731892381281 0.055102604580452096 0.057397899466894525 0.06201790518848344 0.018160906539338755 0.06802580220770267 0.07796245305712088 0.06729296063618372 0.0532440879835237 0.01672373274717556 0.07317887789698029 0.03387332875012219 0.052343238948868734 0.01699465426724698 0.06189325163628198 0.052564851699321125 0.03685194331575746 0.025508432296872812 0.08608901485408559 0.043732985453366215 0.05083383259361724 0.06371038432031956 0.07307718256957613 0.057266699742400694 0.051681020290074986 0.07541321337832856 0.05239241310956587 0.06765545938071624 0.08801307748198535 0.07867529588055323 0.045742885293562165 0.06611655918351668 0.038123806848060826 0.035437162335896236 0.05927294269040913 0.007933106914990879 0.0834181628886463 0.01583525238100795 0.055690782350849496 0.07546392005667577 0.052892135779724424 0.027564633857510054 0.06506108707587963 0.01818770396128265 0.05112316280646034 0.024290443033281994 0.05562110520176194 0.08141772595208939 0.015741900294895975 0.05883935774924824 0.08633989556304066 0.02039467534496008 0.015803404131396352
 0.059608984215122104 0.07593077677072603 0.05613075225727823 0.036146298116711564 0.03426938336469054 0.008034393755925863 0.05411341950884511 0.02590888570215863 0.07195440610471242 0.021076817161220365 0.043833665823278606 0.031246802720111044 0.07753012934704542 0.04400963490655737 0.0304969641161251 10000.0 0.009471221799855968 0.02642529373564182 0.06481460693685415 0.041983437637501585 0.052607494365658695 0.03167825480548322 0.0466641475321428 0.03351900386159183 0.02128358746871207 0.05280155930123637 0.033043135043355557 0.05176706137235245 0.036929666773576605 0.04351164451908838 0.06466796025957867 0.03600536153562604 0.03821436633513837 0.00799062378626914 0.04473794363286211 0.023722084931530538 0.023267553560507196 0.0488625230340285 0.032577269275347244 0.045992129511385815 0.011061149237870162 0.050509482356689804 0.06880123011988716 0.05949829915147023 0.04030987043178829 0.04832125713953229 0.016621371584079232 0.020957934718672026 0.013389393235281858 0.022952858344164623 0.0452004082111859 0.03799383145516922 0.03063915448008864 0.03132542617173202 0.04453633613034805 0.04049994048338118 0.033251916543701424 0.03212342202839396 0.023522379877735523 0.06052917676481345 0.04734215151800507 0.03854304836566576 0.04111248670705633 0.04157747970023007 0.052251328591746915 0.040249578709043145 0.03769443746144095 0.028712854839544315 0.04928930134938409 0.03984515456793868 0.026919567505928613 0.041781794161948126 0.04021705140124117 0.04492133249896984 0.04782031198895786 0.00973917170775961 0.06046471811612184 0.0357937669175051 0.041775293754370585 0.060010055314809005 0.04949109445040917 0.026832391373802392 0.027447238470747502 0.05238117926322119 0.034160514971467666 0.039212587176406855 0.06367340814768853 0.04844965386044591 0.03804674315397867 0.03965471417393901 0.016060541612093162 0.0335414251770281 0.03947629877063415 0.023883689601584598 0.06048729989186609 0.03927642675050515 0.05186259916722588 0.04794152048899713 0.05119323795676366 0.00803223029610363 0.036058368867275085 0.017263621681353897 0.03604074040858265 0.017909531486438538 0.03873613660955086 0.05813171141030858 0.0354298197255849 0.042800082287069094 0.0587054983159684 0.04016171910824631 0.01777254172040657
 0.0606419067932158 0.07595831481984983 0.06552454844944222 0.029114821351978376 0.04224704136762078 0.013418581112501183 0.05605468345666105 0.023314479256131 0.07201015292514668 0.013559324599809535 0.046014204991011075 0.031125303155186138 0.07759157919696949 0.050007214207260016 0.022966318329771 0.009471221799855968 10000.0 0.03582493793277766 0.06438437932798347 0.05117569616623144 0.0619369388506923 0.0338661661992219 0.037466765257150605 0.04169136935895295 0.013176952538942004 0.054038347896035496 0.041588364567875624 0.05804178413962692 0.028449688720234574 0.04151851592982679 0.07408558971422682 0.04163701537261613 0.030294477142315385 0.004428905520730139 0.05381848456555185 0.01492935549853212 0.030205348174843282 0.058204218425590426 0.02380155337930215 0.05546305848298708 0.017772471867971137 0.04443495490532507 0.0675991077876781 0.05005901391960953 0.03108867959535963 0.03885017475289676 0.017077746682831796 0.02297233700255941 0.022523553615837737 0.0135666258219922 0.05392936500135691 0.04732733293818764 0.028026189108980817 0.021926181529709845 0.036127856903464005 0.035003854583343215 0.03970236543703057 0.03269124524272165 0.01572241197015504 0.06233072817358282 0.05321967301128308 0.040629956630390464 0.036600069827956834 0.05098216894946877 0.06162138967501765 0.044688946880010245 0.035685849454862334 0.019244188513129493 0.05178797381783552 0.031441066413949434 0.030022204384624388 0.03253646032590723 0.04885115332756958 0.05002855543595386 0.038978337483746135 0.012667411182994944 0.06984696458294788 0.030666797757717995 0.047164542100720866 0.06446447201111082 0.05181832252813585 0.03487203254361877 0.029745073537025445 0.05443593251026367 0.03326233833743 0.04867011164940937 0.07292894737435071 0.05735220808107677 0.04284823136887892 0.04367315993277978 0.023897796528467272 0.026404455042785754 0.04767957107919911 0.017831409583806655 0.06953461575304669 0.02997928752226316 0.05611841712357227 0.05741165860172456 0.0548037782487132 0.012725991031990644 0.04209808231065176 0.007792400021307983 0.042919601858466536 0.00970730237416656 0.037379828744192344 0.06722074475781889 0.026012956591381097 0.050154597463487674 0.06817587533090333 0.030696689906524365 0.008512158458597638
