NAME :TPP_input_19_3_2
NUM_VERTICES
55
NUM_CLUSTERS
19
Full Matrix
 10000.0 0.014643288820202069 0.050682696659647655 0.03048446612096823 0.03533481546304721 0.07133519892709578 0.08515222676844134 0.07774138246743195 0.0579526322351965 0.054755697326806504 0.059215356731290004 0.0662703283634233 0.045488822935824895 0.038999483667294416 0.049082589968367535 0.089172823463083 0.017093289477133476 0.04794894950064143 0.04445396296240768 0.048749486138384604 0.0308796619976957 0.034440752818519424 0.03089994327458134 0.01548718825468653 0.006694739130424 0.05043787975635973 0.027144199714827417 0.06389238530495056 0.020812129363004996 0.012528593368821402 0.06707229272098619 0.0547503529669224 0.06598550061710864 0.03562651391732394 0.05568325192203367 0.054927465018698406 0.06621955408762646 0.05738850427833964 0.01879711923727467 0.02726411876798687 0.043559906353792456 0.06731001992416362 0.076742123293776 0.06444227100611548 0.016689099881266423 0.08294944798638429 0.04206242628468378 0.01644963603586372 0.05797297389976195 0.037657339849122964 0.028507790274502284 0.011756456275944406 0.04055303648847694 0.03917203723541421 0.05497688114739161
 0.014643288820202069 10000.0 0.058770693698528415 0.02618734644989187 0.041669844054748585 0.07342742176806265 0.09911271630070678 0.09226133951306809 0.057702717866715256 0.059830212787829275 0.05891852944732654 0.0782398391610985 0.05943511840609958 0.03229398388979762 0.06253050033619469 0.10319803021864421 0.02463572668185807 0.06257117632055592 0.055561229621584544 0.05638270115826609 0.03603191097908368 0.04555350098111483 0.044967766700131986 0.0009166521095911587 0.009986955630579771 0.059696667974455844 0.01541591171931241 0.07828834270771043 0.025139485649532108 0.018647582160995737 0.08142273928177093 0.0687368727958047 0.07641578694207907 0.033391746721175626 0.06775905796183672 0.060803072002358426 0.07518510009824271 0.07187960114701769 0.004534226841718328 0.021728639091862973 0.05674013958627339 0.08188957375275625 0.08834929157909423 0.06954399030945731 0.0027252071381450036 0.09703627518598958 0.041884542884291574 0.03080940794197627 0.0664974407089358 0.05169513920898051 0.0400161569229355 0.023519239649999572 0.05472334162104331 0.053797054568696406 0.05371537010804681
 0.050682696659647655 0.058770693698528415 10000.0 0.04299033336465465 0.017552136190082453 0.03278049963665818 0.06020649496475628 0.06399118349019951 0.03349302146102678 0.013155288125164888 0.03415782918300433 0.029083871121591193 0.06415893993872578 0.048667754026546516 0.031395948183698334 0.06436295399487751 0.034492491317237035 0.0490897248745239 0.07782966989964749 0.0029341005048463455 0.023566111365055372 0.07081783166886382 0.05588985257305032 0.05903052779677362 0.05011025584953552 0.005444998298767632 0.07418591006577606 0.05113137579712576 0.07005367897367772 0.06239567532866437 0.05234532500995331 0.0695820070447307 0.02097616331590294 0.03743029882796936 0.08250718270624759 0.010167493756734928 0.016689091425954785 0.04931898357121498 0.06296021471122043 0.045986768474129774 0.027911770324433448 0.05836513246778174 0.035544838165139654 0.0185353123966361 0.06148377191712805 0.06003446681497643 0.03098180431862506 0.041417083855711495 0.007837631235811925 0.035015117621424625 0.0659898906408264 0.039103945923086095 0.03692897670366208 0.045874130733632904 0.03591492909094976
 0.03048446612096823 0.02618734644989187 0.04299033336465465 10000.0 0.026195332939760133 0.048809256459661096 0.09616418402803255 0.0938400083248752 0.03203493516736692 0.03911220762948729 0.033202814637253705 0.06907921410384263 0.0718399261545292 0.009360038200156212 0.05971935252943621 0.10045055046729932 0.0212634945818922 0.06761242115690556 0.07449763624568305 0.0401108164629019 0.020560586488324428 0.06462145250933286 0.05775454035801315 0.025800917917801328 0.024495690210435975 0.04604577188671667 0.03911837025205603 0.07931552845615784 0.04934269705146735 0.04141675820811925 0.08188469340326335 0.08057575989074335 0.0635517839394063 0.0077820006717139595 0.08489400177085918 0.04113113192539756 0.059406955320636674 0.07423477732639254 0.028389134944512544 0.004624066741827928 0.05364808613486479 0.08480394068195936 0.07754013932524773 0.04812715781844942 0.028103123764541094 0.0949031119232062 0.017049989195969648 0.038279690648700355 0.05063826499154457 0.052928245273632775 0.058636996534339146 0.027954396994249696 0.056262680029564555 0.05972210929393373 0.027721120634719165
 0.03533481546304721 0.041669844054748585 0.017552136190082453 0.026195332939760133 10000.0 0.037724269848644014 0.07146315727075711 0.07146846171132722 0.02920645081647427 0.019486903013440145 0.03033165838508598 0.043033562407424064 0.06000817589080149 0.03312261240546807 0.03667739796805931 0.0757487214020773 0.018312654270217582 0.049537164190282125 0.06964451561340301 0.014913576708365659 0.006022702271573123 0.061237160493395275 0.048619373364900374 0.04186159356011091 0.03361111788939708 0.01992857266216371 0.05705876988216107 0.05727576328780113 0.05576457369336034 0.04767339819288938 0.0593574718950341 0.06722477569711324 0.0374739271752244 0.021936429251731063 0.07679987669646862 0.01962672758572966 0.034240259276647804 0.053432680397750815 0.04572642445418069 0.02874694230773972 0.03108956713423325 0.06369869980764092 0.05134587033019784 0.02911767134009366 0.04435530592920783 0.07057038065316916 0.018634106474895627 0.03038639807327017 0.02538941085307706 0.03389412366281537 0.05572980073067206 0.024648202396320977 0.03688139353912503 0.043550319298487156 0.028954760572019754
 0.07133519892709578 0.07342742176806265 0.03278049963665818 0.048809256459661096 0.037724269848644014 10000.0 0.0888950777757277 0.09541567013063716 0.017945223095092635 0.020331731091767197 0.017138476195610583 0.05714346441924934 0.09569591356401438 0.048287475167350956 0.06412269225482949 0.09272749913296455 0.05452614541472457 0.0817320651389217 0.10712136412394936 0.031810650516959665 0.04073896030897043 0.09892300691416253 0.08567581690340136 0.07327771967244216 0.06790797803386107 0.03793923949482285 0.08762429713161386 0.08335638736230394 0.0921450570609572 0.08386117209469553 0.08424009332501262 0.10179468896495783 0.045770571376264786 0.041027749024435886 0.1134339090781468 0.022699972893040647 0.0364835826484094 0.08199820285694455 0.0764725822057719 0.05336008169496217 0.06063365155865724 0.09071201847728928 0.05900755159954132 0.01572626088206021 0.07576868763241602 0.08944023163180825 0.03184997059657825 0.06809137216381397 0.03334700761451282 0.06711557555929598 0.09345076456005137 0.06183266643608156 0.06933579759761423 0.07784717057365 0.02315604596125329
 0.08515222676844134 0.09911271630070678 0.06020649496475628 0.09616418402803255 0.07146315727075711 0.0888950777757277 10000.0 0.017121986718864154 0.09363707368615945 0.07263690515955884 0.09423741404015488 0.03186599153760222 0.0577165581511529 0.10421205137940216 0.03704625536661192 0.004291616747527004 0.07786635691125438 0.04099394065286658 0.07800589660531028 0.06270099115340613 0.07611799509275564 0.07840743611980146 0.06394562835291338 0.09981755453193875 0.08920165489024272 0.05498252726096623 0.11213602906385368 0.02324693285653659 0.09446187076952735 0.09072506220397372 0.01991515586040031 0.054196985602187574 0.04314632917265952 0.09327192236271831 0.07249735863514307 0.06923488674467228 0.05255454469517192 0.030192706915755374 0.10357105475353512 0.09728650589514327 0.04313073307926488 0.02482925206089668 0.03168873640346477 0.07323908938073038 0.10151559860590836 0.003464821506478364 0.08938839749714374 0.06874024700040852 0.05631180402157307 0.04749704902754975 0.0778064879482768 0.07587361338003601 0.04464542306730408 0.048592397305744724 0.09608408737041327
 0.07774138246743195 0.09226133951306809 0.06399118349019951 0.0938400083248752 0.07146846171132722 0.09541567013063716 0.017121986718864154 10000.0 0.09707233901035527 0.07709435001610743 0.0978573163498441 0.03953357599865411 0.04354730673986944 0.10258653121655609 0.0347943815155 0.01835999590357627 0.07376528657860214 0.03019262616410296 0.06336594715260148 0.06599206454694333 0.07511342549252864 0.06516378912564874 0.052369579983746806 0.09305232381082063 0.08271331793421478 0.05854621230417438 0.10389172945678597 0.014530493092918723 0.08375632415774316 0.08123603346863903 0.012112828853599676 0.0385848760470007 0.0512626134480916 0.09230143364797759 0.05654149977854278 0.07389507074455509 0.06060381928718235 0.020396938839721802 0.0965307885508802 0.09415261787399856 0.04056860010213765 0.010798170236100923 0.043461495914793154 0.0797594546529127 0.0944257223487224 0.01371556398309418 0.0900661709275159 0.061465394003128226 0.06206878071152888 0.04148641853785259 0.0655179550808901 0.07013135986703915 0.03819657323911751 0.038840193837090795 0.09867615389011952
 0.0579526322351965 0.057702717866715256 0.03349302146102678 0.03203493516736692 0.02920645081647427 0.017945223095092635 0.09363707368615945 0.09707233901035527 10000.0 0.02123156364895565 0.0012630652833625306 0.062129527032976625 0.0891790092517028 0.030479524333734475 0.0631366461313093 0.09776001572224217 0.042268646902436764 0.07820505007545706 0.09767832388730584 0.031195193787437944 0.029678822197531343 0.08868292560646544 0.0773458277499262 0.05743573863305722 0.05353739249016293 0.038847619201910336 0.07115301162189906 0.083641734856354 0.07854520836575428 0.0702580018144468 0.08519480399017772 0.09642064076358678 0.05226458139159101 0.02440368480863771 0.10563872219290181 0.024672227386565316 0.044310069317543735 0.08083239190647407 0.06030978192900658 0.03665773809167518 0.05835052392320276 0.09059829578590987 0.06680978665015962 0.024849140375305653 0.05984693493009804 0.09352376349770282 0.016034117446513337 0.058204992273676745 0.037888334507710966 0.0626730514564293 0.08289139746720069 0.05014200195479866 0.06546887974018269 0.0726622720741302 0.00523148467985848
 0.054755697326806504 0.059830212787829275 0.013155288125164888 0.03911220762948729 0.019486903013440145 0.020331731091767197 0.07263690515955884 0.07709435001610743 0.02123156364895565 10000.0 0.021707981438483508 0.04097139977456947 0.0754105923443115 0.04249234002866502 0.04440993595187371 0.07671545576686893 0.03767298818202622 0.06151923630155281 0.08742760061555417 0.011654001974862544 0.024138314529128208 0.079603994783087 0.065760695601271 0.05989065785911096 0.052578512578933596 0.01858300710807291 0.07497401084214574 0.0642844507888522 0.07525024597209355 0.06714330218613784 0.06549211771412619 0.08146455498838964 0.031069565156343355 0.032093792816177684 0.09328385446303897 0.003441276623505534 0.02354645537372669 0.062349440375184986 0.06355386323988786 0.04301188528566658 0.04053753215773739 0.0715052336857132 0.04568685807238612 0.009761167976982156 0.062424499274205555 0.07267345247605171 0.023624353783340362 0.049014957416209086 0.016657056337327378 0.04678877826888263 0.07433536367736884 0.04411303945718704 0.04904749042283436 0.05751577008239438 0.02453877923455505
 0.059215356731290004 0.05891852944732654 0.03415782918300433 0.033202814637253705 0.03033165838508598 0.017138476195610583 0.09423741404015488 0.0978573163498441 0.0012630652833625306 0.021707981438483508 10000.0 0.06266303465665787 0.09032294910345852 0.0314603277384152 0.06401670007558191 0.09834623639112729 0.04352375792988138 0.0792262802408477 0.09890490742457603 0.03192008621061075 0.0308956655446952 0.08992266074661175 0.07853862989762922 0.05864625803355176 0.0547924673898771 0.039539048019525944 0.0723204618252421 0.08448657742119478 0.07980538595722898 0.0715188058090053 0.08600592705203038 0.09752869129773804 0.052668560309939355 0.025596447705624685 0.10682775812205907 0.025147526196030938 0.044586709826946534 0.08174752089713827 0.061501883268171464 0.03782666768860076 0.059285774966006635 0.0914709771849002 0.0671646590340235 0.024833315181869715 0.061052521765736056 0.09416468277510122 0.017286114185340675 0.05942627970898556 0.03834673953936434 0.0637146898280041 0.08413521537720943 0.051393062883317214 0.0664897157841129 0.07374619056106133 0.006052588209790704
 0.0662703283634233 0.0782398391610985 0.029083871121591193 0.06907921410384263 0.043033562407424064 0.05714346441924934 0.03186599153760222 0.03953357599865411 0.062129527032976625 0.04097139977456947 0.06266303465665787 10000.0 0.05796373224944264 0.07609853470660609 0.021020776583634503 0.03584327947411375 0.05424546523127394 0.038667778574214405 0.076616572148481 0.031803243520670633 0.048519416238820764 0.07290571938684792 0.056468917097767336 0.07876099315348509 0.06839406400009602 0.024259075531181368 0.09295548037018468 0.030457255957491287 0.08125886565054058 0.07528450658157528 0.03001606367782892 0.05956413817627408 0.011770992086270934 0.06483385181381514 0.07651014691588894 0.03754279070424784 0.02121772580650917 0.032545662019953576 0.08275787196788918 0.07112399373619445 0.024198587079176718 0.03769634261737114 0.010796260232260267 0.04144214922066636 0.0808995492847523 0.03229678911184187 0.059571673656671015 0.05155368668258626 0.024484369410155738 0.03311798214173791 0.06992638187637415 0.05504523458124665 0.03226065715153104 0.04110676084040764 0.06490838459665257
 0.045488822935824895 0.05943511840609958 0.06415893993872578 0.0718399261545292 0.06000817589080149 0.09569591356401438 0.0577165581511529 0.04354730673986944 0.0891790092517028 0.0754105923443115 0.09032294910345852 0.05796373224944264 10000.0 0.08117322869192337 0.037751632349787186 0.060511241029848346 0.05098722611707516 0.019484017538562853 0.02034078462467387 0.06434408445421826 0.06009250666592837 0.021910145172977343 0.014599214537279543 0.06034249825068359 0.05197942798315933 0.06006114022830307 0.06712058283145032 0.03500232545433008 0.043460117846553965 0.04357878887336423 0.03810977617458578 0.00930303096586592 0.06555024499897434 0.07394377994398273 0.01885121775300185 0.07345558927941702 0.07174812319946104 0.02871367787307482 0.06285651930948048 0.07008727364199903 0.03776261499787198 0.03329853471750207 0.06775176595102197 0.08266102122888873 0.06083501356719159 0.05446538601710615 0.07625833284076021 0.03357598438298848 0.0674997676385403 0.029262020248714955 0.023544904386428096 0.04388871554851449 0.02797182337373656 0.018470805154677215 0.08840065891057976
 0.038999483667294416 0.03229398388979762 0.048667754026546516 0.009360038200156212 0.03312261240546807 0.048287475167350956 0.10421205137940216 0.10258653121655609 0.030479524333734475 0.04249234002866502 0.0314603277384152 0.07609853470660609 0.08117322869192337 10000.0 0.06818706696753762 0.10850365180098612 0.03060001381678459 0.07681904092105996 0.0833320004298349 0.04573452704508336 0.028098608812239585 0.07338005697238767 0.06703574675185923 0.03171433201909349 0.03266092431876398 0.052368856975256034 0.04298366758687845 0.08808692307797651 0.0567403318883961 0.049144973391061324 0.09056714498996103 0.08992963991043235 0.06959714728798459 0.011296527647846196 0.09398158577531474 0.04503900510161023 0.06448313690973344 0.08318741399557548 0.033440633895818556 0.011735623614768018 0.062177081038024745 0.09374788441758693 0.08395862272697438 0.05059182241715318 0.0336825136736794 0.10310301903965188 0.01887923514777838 0.04762584709466725 0.05596344357391446 0.06196940230175344 0.06741310730196398 0.037284657972784636 0.06529335270640699 0.0690108023473324 0.025454578233278596
 0.049082589968367535 0.06253050033619469 0.031395948183698334 0.05971935252943621 0.03667739796805931 0.06412269225482949 0.03704625536661192 0.0347943815155 0.0631366461313093 0.04440993595187371 0.06401670007558191 0.021020776583634503 0.037751632349787186 0.06818706696753762 10000.0 0.04126690245171558 0.04082972351814017 0.0193598046169969 0.05574410420481509 0.03280741360800596 0.04041893028338732 0.051893463048123 0.03546465311647655 0.06319125781912437 0.052554393488798624 0.026187513778922332 0.07622648297437838 0.020676984672310886 0.061643947390136365 0.056431281560260345 0.02268188578055977 0.0407862955861553 0.027821373621299817 0.0576626479613116 0.05655886151699232 0.04156066211784827 0.03463478805557554 0.01793953721652133 0.06703772566024972 0.06051156172319434 0.006117757300919716 0.02746537710767693 0.03159404269611003 0.04920735512577071 0.0650246277084667 0.03541756322163428 0.05528866719423532 0.03308259737690209 0.03209052620882854 0.01258465103344925 0.0490460576595729 0.03908075105636343 0.011272230036815942 0.020185963644280186 0.064319380608882
 0.089172823463083 0.10319803021864421 0.06436295399487751 0.10045055046729932 0.0757487214020773 0.09272749913296455 0.004291616747527004 0.01835999590357627 0.09776001572224217 0.07671545576686893 0.09834623639112729 0.03584327947411375 0.060511241029848346 0.10850365180098612 0.04126690245171558 10000.0 0.08209524561289493 0.04440406986773822 0.08070750425990825 0.06688191129306625 0.08040959517452873 0.08150751017254645 0.06735778852449635 0.10391033383723672 0.09330432375879606 0.05916585681402023 0.11610707891240035 0.02661615743830599 0.09809356426432128 0.09452598181070711 0.023248406075200276 0.056477894443373935 0.046956930297326116 0.09756217995807773 0.07465048239877987 0.07330443138047558 0.056309684854246124 0.03360578773068974 0.10764535471534419 0.10155882178587948 0.047361754791334414 0.027296371424729283 0.03494878945013087 0.07710964717152151 0.10558386338770073 0.006348769451704354 0.09365134410568039 0.072742327760782 0.06032237572674121 0.051536221382566395 0.0811199387707451 0.08001118683977264 0.048630971905601304 0.052223962163815245 0.10025902392104667
 0.017093289477133476 0.02463572668185807 0.034492491317237035 0.0212634945818922 0.018312654270217582 0.05452614541472457 0.07786635691125438 0.07376528657860214 0.042268646902436764 0.03767298818202622 0.04352375792988138 0.05424546523127394 0.05098722611707516 0.03060001381678459 0.04082972351814017 0.08209524561289493 10000.0 0.046530317447255186 0.05602082700392214 0.03230021633146106 0.013848726938560046 0.04667128045535487 0.03733015480798877 0.025015408567874833 0.015617848853954456 0.03509389637400499 0.03995750259871195 0.059265037125205366 0.03775984467351007 0.029553843591574577 0.06204951341371811 0.05953154610492539 0.05180796004483173 0.023051840420061722 0.06523265437486674 0.03793867075973142 0.0506811897341791 0.05374303319113685 0.02902395281338267 0.02059721897047672 0.03473563904633872 0.06428389320015614 0.06406684652074314 0.04737742262172751 0.027359538203934556 0.07622067636718333 0.027035286250629616 0.017516674762709742 0.04209440158542397 0.03235636779796342 0.04078904331143386 0.007962112910077342 0.03568775030882757 0.03849626894115362 0.03999927073522252
 0.04794894950064143 0.06257117632055592 0.0490897248745239 0.06761242115690556 0.049537164190282125 0.0817320651389217 0.04099394065286658 0.03019262616410296 0.07820505007545706 0.06151923630155281 0.0792262802408477 0.038667778574214405 0.019484017538562853 0.07681904092105996 0.0193598046169969 0.04440406986773822 0.046530317447255186 10000.0 0.03917450702295409 0.04992701245467214 0.051451501247400507 0.03782965875155751 0.022959692489771685 0.06339381090473635 0.053313906986665466 0.04430352443646403 0.07374546032456364 0.017789180582656404 0.05390133068936698 0.05105707439141834 0.021155721217735478 0.021430044794680966 0.046985635053116405 0.06765735709325302 0.037843943048890334 0.059040023882133585 0.05398987334146664 0.010806578645796495 0.06673028850389016 0.06710065818746867 0.021207815254822796 0.01950538901036469 0.04829038328093098 0.06746863037072305 0.06462003613290641 0.038080079465986405 0.06764051916655767 0.03204197497842909 0.050968689890375105 0.015647109291871037 0.036834370020472705 0.04154321692205434 0.01273659415533151 0.008777708458391554 0.0784563865201897
 0.04445396296240768 0.055561229621584544 0.07782966989964749 0.07449763624568305 0.06964451561340301 0.10712136412394936 0.07800589660531028 0.06336594715260148 0.09767832388730584 0.08742760061555417 0.09890490742457603 0.076616572148481 0.02034078462467387 0.0833320004298349 0.05574410420481509 0.08070750425990825 0.05602082700392214 0.03917450702295409 10000.0 0.07737797532886485 0.06802493556555865 0.010068846090618385 0.021954783972083527 0.05645884654511525 0.05104314924314858 0.07458477904802996 0.058594464586545034 0.05533827321994463 0.03317371145981639 0.03710137651858382 0.05845010762525353 0.02531926327995779 0.0829369357631592 0.07851636485027945 0.013192760667221025 0.08607972148917638 0.08799983262214087 0.04896325375012171 0.05779924267744953 0.07162360794754553 0.054333047923808574 0.05342243819124014 0.08683210560954359 0.09577377554144703 0.056088385930372416 0.07472597553375736 0.08300175938456368 0.03949718346612306 0.08250494857991746 0.04504539783954892 0.015946229178837014 0.04807682803139029 0.044853204817743846 0.03555814062870724 0.09587721428382534
 0.048749486138384604 0.05638270115826609 0.0029341005048463455 0.0401108164629019 0.014913576708365659 0.031810650516959665 0.06270099115340613 0.06599206454694333 0.031195193787437944 0.011654001974862544 0.03192008621061075 0.031803243520670633 0.06434408445421826 0.04573452704508336 0.03280741360800596 0.06688191129306625 0.03230021633146106 0.04992701245467214 0.07737797532886485 10000.0 0.02089321451084058 0.07009060934537605 0.055495343235717816 0.05661672762063352 0.04789757615845512 0.0077189986788961905 0.07179644021966129 0.052879587779141424 0.0684064673850933 0.06063575140545439 0.05422991980083036 0.07009070902169215 0.023906194317658624 0.0345002870480086 0.0825032458161655 0.009165142545241553 0.019425613544652203 0.05074290894852072 0.06052204081213818 0.04316254905111187 0.028891339779389343 0.06002999911597266 0.03845476521982865 0.018450130285223736 0.05908724465196838 0.06243793529038823 0.02808247658725187 0.04024526230633283 0.010579111776142153 0.03541634415311214 0.0651197212809136 0.03729180330969641 0.037542339754976076 0.04622604921694974 0.03338427691650548
 0.0308796619976957 0.03603191097908368 0.023566111365055372 0.020560586488324428 0.006022702271573123 0.04073896030897043 0.07611799509275564 0.07511342549252864 0.029678822197531343 0.024138314529128208 0.0308956655446952 0.048519416238820764 0.06009250666592837 0.028098608812239585 0.04041893028338732 0.08040959517452873 0.013848726938560046 0.051451501247400507 0.06802493556555865 0.02089321451084058 10000.0 0.05915804522874379 0.047755846709241205 0.036176027615943074 0.028441463922573646 0.025858638547882794 0.051364947996408054 0.06072921400074303 0.05160372281308467 0.04337968467535059 0.06301833242340774 0.06783066551098156 0.0433988258873091 0.01726187854381663 0.07605824322325933 0.024817091344329748 0.04025519892075224 0.056378603191706976 0.0399857097103516 0.02284320477187143 0.03454496078127864 0.06682422891035258 0.05711639560648916 0.03389752518401726 0.038689677789837416 0.07504714840587155 0.01633444778729442 0.02853425813760885 0.031401533434278574 0.035904167226911386 0.0534471757234488 0.021136622916367642 0.03908626708933764 0.04472003973956383 0.028354947070973666
 0.034440752818519424 0.04555350098111483 0.07081783166886382 0.06462145250933286 0.061237160493395275 0.09892300691416253 0.07840743611980146 0.06516378912564874 0.08868292560646544 0.079603994783087 0.08992266074661175 0.07290571938684792 0.021910145172977343 0.07338005697238767 0.051893463048123 0.08150751017254645 0.04667128045535487 0.03782965875155751 0.010068846090618385 0.07009060934537605 0.05915804522874379 10000.0 0.01644363772157118 0.04645501611778507 0.041002998362666 0.06803674022626695 0.04932198500493058 0.05521813309515673 0.02404806954817094 0.02720393314578261 0.05850923411668898 0.02957475942127522 0.07802002026961706 0.06886308631235843 0.022453631779576055 0.07850816521377235 0.08223065533706134 0.0484090295652478 0.047904554421733976 0.06165770572454494 0.049483804732554634 0.054653435436862574 0.08346198634971387 0.08830498122697202 0.04615291383968509 0.07530210453532193 0.07370642211924551 0.0308534790835643 0.07608495025392917 0.04013673704469104 0.005987879232731374 0.038709708293256206 0.0406472779366929 0.03219758839672013 0.086655352519907
 0.03089994327458134 0.044967766700131986 0.05588985257305032 0.05775454035801315 0.048619373364900374 0.08567581690340136 0.06394562835291338 0.052369579983746806 0.0773458277499262 0.065760695601271 0.07853862989762922 0.056468917097767336 0.014599214537279543 0.06703574675185923 0.03546465311647655 0.06735778852449635 0.03733015480798877 0.022959692489771685 0.021954783972083527 0.055495343235717816 0.047755846709241205 0.01644363772157118 10000.0 0.045869690137198715 0.03738028910933055 0.05264059723561118 0.053511871254216234 0.04074709180705191 0.03144858209057112 0.03000791464732204 0.04411157354063012 0.023850716021367405 0.061714593736912494 0.060381449951708334 0.02830280996771373 0.06428369854341653 0.06628681003999815 0.03376613925784932 0.04851666772487119 0.055777376641693896 0.03311103010778518 0.04157950738947339 0.06704863226522446 0.07392196414881824 0.046467807047175264 0.061038272491296265 0.0635149919059571 0.019827678228346125 0.06058351670234887 0.023748822033781987 0.014070265255131362 0.02986198440443243 0.024208329790155726 0.01609480809519335 0.07605921400781819
 0.01548718825468653 0.0009166521095911587 0.05903052779677362 0.025800917917801328 0.04186159356011091 0.07327771967244216 0.09981755453193875 0.09305232381082063 0.05743573863305722 0.05989065785911096 0.05864625803355176 0.07876099315348509 0.06034249825068359 0.03171433201909349 0.06319125781912437 0.10391033383723672 0.025015408567874833 0.06339381090473635 0.05645884654511525 0.05661672762063352 0.036176027615943074 0.04645501611778507 0.045869690137198715 10000.0 0.010637481938297517 0.06003469277272296 0.015197776533374372 0.07905707250455331 0.025919911672110822 0.01951936559477112 0.08218361464735859 0.06964391920049987 0.07681842757920404 0.033087274496119985 0.0686687793336972 0.06091331761768882 0.07548305075405572 0.0726664262579105 0.004015998346340169 0.02130232993996426 0.05737993702506587 0.08269615975742774 0.08883521989234744 0.06958983561391732 0.0025357877252109584 0.0977573821321356 0.0416674123032615 0.03159148538289838 0.0667748959057011 0.052423287953714905 0.040925198167502085 0.02414628251792719 0.055465720722387236 0.05462162516679694 0.05339591168677233
 0.006694739130424 0.009986955630579771 0.05011025584953552 0.024495690210435975 0.03361111788939708 0.06790797803386107 0.08920165489024272 0.08271331793421478 0.05353739249016293 0.052578512578933596 0.0547924673898771 0.06839406400009602 0.05197942798315933 0.03266092431876398 0.052554393488798624 0.09330432375879606 0.015617848853954456 0.053313906986665466 0.05104314924314858 0.04789757615845512 0.028441463922573646 0.041002998362666 0.03738028910933055 0.010637481938297517 10000.0 0.05058740298293168 0.024685424497234796 0.06861362276441788 0.025182648483252246 0.017039159591383496 0.07170683455002436 0.06120801013872728 0.06696667531118795 0.030289343310834084 0.062370106080085 0.05315666008198699 0.06624732820495267 0.06231638325441371 0.014513469690509817 0.02095280660803146 0.04675374038023439 0.07246305464167019 0.07859290994996372 0.062338600242693554 0.012557911377597238 0.08716652336455719 0.03750971904190503 0.02130278532728076 0.05770014129264795 0.04185702305081661 0.035102908933080844 0.013535102276201865 0.04493735586362838 0.04458003595051977 0.0501875491824038
 0.05043787975635973 0.059696667974455844 0.005444998298767632 0.04604577188671667 0.01992857266216371 0.03793923949482285 0.05498252726096623 0.05854621230417438 0.038847619201910336 0.01858300710807291 0.039539048019525944 0.024259075531181368 0.06006114022830307 0.052368856975256034 0.026187513778922332 0.05916585681402023 0.03509389637400499 0.04430352443646403 0.07458477904802996 0.0077189986788961905 0.025858638547882794 0.06803674022626695 0.05264059723561118 0.06003469277272296 0.05058740298293168 10000.0 0.0750497563903992 0.0457268296055219 0.06903495475366428 0.06166584490311328 0.04690936249743043 0.0650870667385215 0.01754610728008425 0.041073131217742705 0.07861032747692485 0.015508377731288802 0.015782285794384253 0.04406365963732336 0.06402146830566721 0.04867236814087727 0.023100704135835513 0.05298568822550522 0.03160109997188644 0.023177608144009623 0.06242182939418217 0.05472753821075477 0.035341259709526965 0.039633852814752485 0.008091643134661963 0.030801224109581502 0.06347215309437516 0.03869698194597321 0.03244107374235189 0.04164185434996885 0.041103274422403656
 0.027144199714827417 0.01541591171931241 0.07418591006577606 0.03911837025205603 0.05705876988216107 0.08762429713161386 0.11213602906385368 0.10389172945678597 0.07115301162189906 0.07497401084214574 0.0723204618252421 0.09295548037018468 0.06712058283145032 0.04298366758687845 0.07622648297437838 0.11610707891240035 0.03995750259871195 0.07374546032456364 0.058594464586545034 0.07179644021966129 0.051364947996408054 0.04932198500493058 0.053511871254216234 0.015197776533374372 0.024685424497234796 0.0750497563903992 10000.0 0.09043067097374494 0.025420838945381812 0.023563846057009147 0.09368191747368379 0.07626993583788191 0.0916239214144446 0.04679825745780337 0.07163515039908312 0.07606916136289155 0.09058092780409759 0.08373389670407419 0.011420399902018525 0.03449527354682443 0.07067107817647189 0.09325081322064158 0.10323407589608302 0.08463896058006955 0.012709698258614906 0.10984277477724302 0.055796558519759856 0.043417430817356335 0.08190707029155647 0.06469383776582291 0.0448295798136346 0.03791227150164388 0.06749066337415463 0.0650517626898824 0.06676846466446737
 0.06389238530495056 0.07828834270771043 0.05113137579712576 0.07931552845615784 0.05727576328780113 0.08335638736230394 0.02324693285653659 0.014530493092918723 0.083641734856354 0.0642844507888522 0.08448657742119478 0.030457255957491287 0.03500232545433008 0.08808692307797651 0.020676984672310886 0.02661615743830599 0.059265037125205366 0.017789180582656404 0.05533827321994463 0.052879587779141424 0.06072921400074303 0.05521813309515673 0.04074709180705191 0.07905707250455331 0.06861362276441788 0.0457268296055219 0.09043067097374494 10000.0 0.07155730816024126 0.06829275096006253 0.0033697324321486266 0.03295659553646027 0.04146724382082327 0.07787216876885057 0.05125387307481608 0.061230308249344424 0.050273313071607956 0.0069910929063301845 0.08262490270963896 0.07962652685972728 0.026226553282817967 0.007450080706854722 0.03745139768407991 0.06793305253463361 0.08052940841949824 0.020291219586462607 0.07590662149038721 0.0474921138032282 0.05024937365497437 0.02706365429260252 0.0545644647819983 0.0558240341104559 0.023814409998869784 0.02576665802234405 0.08495951528337489
 0.020812129363004996 0.025139485649532108 0.07005367897367772 0.04934269705146735 0.05576457369336034 0.0921450570609572 0.09446187076952735 0.08375632415774316 0.07854520836575428 0.07525024597209355 0.07980538595722898 0.08125886565054058 0.043460117846553965 0.0567403318883961 0.061643947390136365 0.09809356426432128 0.03775984467351007 0.05390133068936698 0.03317371145981639 0.0684064673850933 0.05160372281308467 0.02404806954817094 0.03144858209057112 0.025919911672110822 0.025182648483252246 0.06903495475366428 0.025420838945381812 0.07155730816024126 10000.0 0.008307396322288467 0.07492149307711087 0.05225183588136552 0.08307733759981506 0.0554600869637943 0.04623548247403784 0.0751986500342292 0.08467590712150624 0.064584006972391 0.026096432062658163 0.04538034415058287 0.05718677009857451 0.0729582933910548 0.09203322968245507 0.0848546514837893 0.02478286502431935 0.09174509955734596 0.06255959108158074 0.030061023405874944 0.07691391438145086 0.04910076036266096 0.020137497592899338 0.031246100516188542 0.051115016273875366 0.04587572201629171 0.07533435415655615
 0.012528593368821402 0.018647582160995737 0.06239567532866437 0.04141675820811925 0.04767339819288938 0.08386117209469553 0.09072506220397372 0.08123603346863903 0.0702580018144468 0.06714330218613784 0.0715188058090053 0.07528450658157528 0.04357878887336423 0.049144973391061324 0.056431281560260345 0.09452598181070711 0.029553843591574577 0.05105707439141834 0.03710137651858382 0.06063575140545439 0.04337968467535059 0.02720393314578261 0.03000791464732204 0.01951936559477112 0.017039159591383496 0.06166584490311328 0.023563846057009147 0.06829275096006253 0.008307396322288467 10000.0 0.07161722870002037 0.05276417637668052 0.07631615924109199 0.04732076202591156 0.04961064395251819 0.0671889990617919 0.0773976774005894 0.061423380585896595 0.020704668851069745 0.03761203900102711 0.051536989940674266 0.0704896658029218 0.08598619273991397 0.07678839825716992 0.018992754599119456 0.08819315138621259 0.05428573874343455 0.02373135230526693 0.06943394934118378 0.044113841463518044 0.021996163887493796 0.023349890074799776 0.04648555972774044 0.04256664253540777 0.06709367417254984
 0.06707229272098619 0.08142273928177093 0.05234532500995331 0.08188469340326335 0.0593574718950341 0.08424009332501262 0.01991515586040031 0.012112828853599676 0.08519480399017772 0.06549211771412619 0.08600592705203038 0.03001606367782892 0.03810977617458578 0.09056714498996103 0.02268188578055977 0.023248406075200276 0.06204951341371811 0.021155721217735478 0.05845010762525353 0.05422991980083036 0.06301833242340774 0.05850923411668898 0.04411157354063012 0.08218361464735859 0.07170683455002436 0.04690936249743043 0.09368191747368379 0.0033697324321486266 0.07492149307711087 0.07161722870002037 10000.0 0.035633205722507375 0.04137122416601712 0.08022151363928638 0.05399156609470383 0.062362665442252115 0.05041213708351256 0.010360731970748587 0.08577840765126278 0.08231588048285142 0.02847550260457064 0.00792898630255395 0.03617497906054041 0.06869852005910684 0.08368668142615769 0.016927751914931812 0.07795980400404937 0.050649621057739694 0.050974268015571 0.030011618652546295 0.05791344027983322 0.05881989068860677 0.02681355179103863 0.029113585478884124 0.08668684021980853
 0.0547503529669224 0.0687368727958047 0.0695820070447307 0.08057575989074335 0.06722477569711324 0.10179468896495783 0.054196985602187574 0.0385848760470007 0.09642064076358678 0.08146455498838964 0.09752869129773804 0.05956413817627408 0.00930303096586592 0.08992963991043235 0.0407862955861553 0.056477894443373935 0.05953154610492539 0.021430044794680966 0.02531926327995779 0.07009070902169215 0.06783066551098156 0.02957475942127522 0.023850716021367405 0.06964391920049987 0.06120801013872728 0.0650870667385215 0.07626993583788191 0.03295659553646027 0.05225183588136552 0.05276417637668052 0.035633205722507375 10000.0 0.06836524534335674 0.08232514207918264 0.01837845886337386 0.07925567033433858 0.07540498824915862 0.02783995678355957 0.07215568942936469 0.07899202232368766 0.04210927156480207 0.029373747276472364 0.06858611886882024 0.08810236765307232 0.0701362532555663 0.050797586343962246 0.08412169993205286 0.04231442018792623 0.07208829643493084 0.03468419242883685 0.03214795970033388 0.052683366774684 0.032666309951883875 0.023990444428891977 0.09595898024069933
 0.06598550061710864 0.07641578694207907 0.02097616331590294 0.0635517839394063 0.0374739271752244 0.045770571376264786 0.04314632917265952 0.0512626134480916 0.05226458139159101 0.031069565156343355 0.052668560309939355 0.011770992086270934 0.06555024499897434 0.06959714728798459 0.027821373621299817 0.046956930297326116 0.05180796004483173 0.046985635053116405 0.0829369357631592 0.023906194317658624 0.0433988258873091 0.07802002026961706 0.061714593736912494 0.07681842757920404 0.06696667531118795 0.01754610728008425 0.0916239214144446 0.04146724382082327 0.08307733759981506 0.07631615924109199 0.04137122416601712 0.06836524534335674 10000.0 0.0583296407539257 0.0843741922086142 0.02764627922328698 0.009479720565880393 0.042587652019726654 0.08082978465340916 0.06621846954337382 0.028640983325210128 0.048847582345457226 0.014721099366360343 0.03018184452328268 0.07913400241023806 0.043837390906064665 0.05190684080780459 0.053025032591745756 0.014496015943033605 0.03799490685899931 0.07431595219464905 0.054294903168972536 0.038122996187496164 0.047610801164391876 0.05553747352053667
 0.03562651391732394 0.033391746721175626 0.03743029882796936 0.0077820006717139595 0.021936429251731063 0.041027749024435886 0.09327192236271831 0.09230143364797759 0.02440368480863771 0.032093792816177684 0.025596447705624685 0.06483385181381514 0.07394377994398273 0.011296527647846196 0.0576626479613116 0.09756217995807773 0.023051840420061722 0.06765735709325302 0.07851636485027945 0.0345002870480086 0.01726187854381663 0.06886308631235843 0.060381449951708334 0.033087274496119985 0.030289343310834084 0.041073131217742705 0.04679825745780337 0.07787216876885057 0.0554600869637943 0.04732076202591156 0.08022151363928638 0.08232514207918264 0.0583296407539257 10000.0 0.08819080359216384 0.03437865391587872 0.053419413012671786 0.07330177066492413 0.03590633122342033 0.012349978747666517 0.05174865592117601 0.08381129122945345 0.07266564259233556 0.04080016212019356 0.035472444861664336 0.09226378056805574 0.00930600363302104 0.04056640503649007 0.04481430701231102 0.052395025034787684 0.06288932544516951 0.030704900152151715 0.05566915289510752 0.060294366703500274 0.020330429236795317
 0.05568325192203367 0.06775905796183672 0.08250718270624759 0.08489400177085918 0.07679987669646862 0.1134339090781468 0.07249735863514307 0.05654149977854278 0.10563872219290181 0.09328385446303897 0.10682775812205907 0.07651014691588894 0.01885121775300185 0.09398158577531474 0.05655886151699232 0.07465048239877987 0.06523265437486674 0.037843943048890334 0.013192760667221025 0.0825032458161655 0.07605824322325933 0.022453631779576055 0.02830280996771373 0.0686687793336972 0.062370106080085 0.07861032747692485 0.07163515039908312 0.05125387307481608 0.04623548247403784 0.04961064395251819 0.05399156609470383 0.01837845886337386 0.0843741922086142 0.08819080359216384 10000.0 0.09152728796928467 0.09058515132460467 0.0458012661896352 0.0702837553670459 0.08239877522588457 0.05657504899886234 0.04770332820457184 0.08602716893192203 0.10091966352580053 0.06849098579602236 0.06907978545621488 0.09174732062962777 0.04790394459920874 0.0861733935895296 0.0478915046540023 0.027744991987481704 0.05748650713955587 0.04677840107979734 0.03722644946613758 0.10434925477668411
 0.054927465018698406 0.060803072002358426 0.010167493756734928 0.04113113192539756 0.01962672758572966 0.022699972893040647 0.06923488674467228 0.07389507074455509 0.024672227386565316 0.003441276623505534 0.025147526196030938 0.03754279070424784 0.07345558927941702 0.04503900510161023 0.04156066211784827 0.07330443138047558 0.03793867075973142 0.059040023882133585 0.08607972148917638 0.009165142545241553 0.024817091344329748 0.07850816521377235 0.06428369854341653 0.06091331761768882 0.05315666008198699 0.015508377731288802 0.07606916136289155 0.061230308249344424 0.0751986500342292 0.0671889990617919 0.062362665442252115 0.07925567033433858 0.02764627922328698 0.03437865391587872 0.09152728796928467 10000.0 0.020296538811371313 0.0594862492995065 0.06465799892750516 0.04485329884989084 0.03793486723095471 0.06849391685613213 0.04228344614680266 0.009843551484421897 0.06343826286243986 0.06930079557519832 0.02626005751882954 0.04817725486955287 0.013217500021492759 0.04457951745485005 0.073366616471794 0.04396135130155304 0.04669921308266159 0.055381710971666595 0.02792092788730315
