NAME :TPP_input_26_4_4
NUM_VERTICES
101
NUM_CLUSTERS
26
Full Matrix
 10000.0 0.05510811497003 0.011724921061079998 0.08689336462586626 0.011964245231665699 0.02078809664934693 0.07142629784294835 0.06745375427989697 0.04920828323824568 0.03354138864403948 0.03287790996316599 0.039146373794581565 0.045676694295476834 0.04078164720158411 0.0889623542120859 0.09500848782389788 0.06295565738859286 0.08865107632162264 0.05516108829738489 0.06870510375863235 0.030032613770184943 0.09196240175736659 0.06793931318952239 0.057098755859504004 0.05977788023079613 0.03712245056451048 0.0899522829293335 0.003918254391371427 0.021637051322951868 0.03025672102305653 0.07230125386730658 0.07855391258644466 0.04145579847760611 0.0768142664086077 0.08555157480192382 0.05127745275252347 0.0703157393013857 0.07477504812328913 0.06951748307569892 0.08666003684181582 0.028565791005070403 0.03370977449009882 0.05478890821843852 0.01285589316689915 0.09872906997606395 0.003543860046901097 0.07552259323816479 0.06961436733538162 0.05367269703921508 0.05690425116932732 0.0758323377061196 0.03287974514842556 0.017212523592994092 0.05929833684955711 0.0732626879113263 0.10464487056535664 0.05968995153173697 0.07678668601892537 0.07187261628591701 0.06454124490601057 0.06578676406885288 0.07817351222874229 0.07089582459364553 0.05522665335156398 0.05838776251167727 0.014802771889183402 0.07457371154436226 0.04262471601166834 0.02459905328464209 0.08035304381271009 0.06997773713977147 0.04323571365540342 0.07139653973029979 0.05174804615930903 0.001313071558166202 0.02233843051477255 0.07025827602926316 0.025896882606266713 0.009916862097766101 0.08901024760180086 0.044731190526283535 0.07758207390268478 0.03327913760659766 0.0532020705017377 0.0702549491688803 0.05179869193501453 0.07024272044359617 0.060399241045385556 0.07490160995372741 0.06695606037213671 0.019382835849503316 0.10072231133588136 0.08451782930845256 0.07843533073957219 0.09222712460375354 0.04212734741188737 0.07288364160586798 0.05195264357135054 0.0706670126175352 0.0997052038254444 0.029774572107023976
 0.05510811497003 10000.0 0.0433963205561942 0.05161399851614941 0.05185382335154757 0.05097964150134047 0.03487260110769232 0.08418342633028193 0.06330965705375588 0.021746100528553712 0.07062974142498768 0.032961958474459756 0.07284245483576544 0.014711911716700266 0.05969893924811859 0.04517813167114547 0.07425278034424572 0.04895381893111635 0.07884670714758993 0.06429841460901983 0.03129718148756064 0.0441045139863986 0.023138043201532316 0.016551424398033587 0.04263949121788682 0.025995244833920968 0.059891655219147265 0.05738717835479177 0.05284531310976146 0.0331400237777724 0.03805053693118919 0.06888100139122026 0.019844052058898824 0.09047564263825306 0.0388607714354737 0.07543343496287008 0.03141849591149915 0.02003408357462371 0.07614783851443505 0.03679469825149351 0.04806573704413392 0.02249597987421921 0.039609047580865336 0.06586320427186756 0.056299564984978435 0.0515835511863002 0.020608194324052007 0.050152810105274837 0.05057222773511424 0.009190201613207199 0.021410249106135284 0.06031380160081235 0.05303511232480521 0.03165403595174887 0.061543936833457304 0.06136524625321309 0.03663408027012348 0.06451862151460397 0.04558881981277619 0.019536017288162334 0.031198048651744165 0.02944968280447668 0.03535984429805724 0.024478608728325697 0.06366089790848035 0.06717144861519589 0.08661939795179116 0.03935260066583194 0.06987834922844327 0.058886899240992614 0.07708731200113828 0.030672541141180263 0.016560862472415946 0.031108139457995784 0.056216659103614994 0.06137703359304636 0.07814896449143208 0.04904890729068266 0.06378918333889909 0.052881534532579356 0.06654927088284797 0.04476417028072491 0.041737557068477676 0.004796529527683205 0.026458058486728258 0.02039498993991167 0.08447079250706391 0.022932438625754687 0.041497862619128835 0.06955072645360848 0.0616299882710659 0.0607249938945153 0.056707093055960944 0.0304996175552781 0.04088004176777154 0.0640245808621519 0.021861751156839287 0.029755593777168802 0.08233108969743955 0.0516342344321331 0.06743201905803184
 0.011724921061079998 0.0433963205561942 10000.0 0.07779250704283908 0.012855522644705714 0.020089366041424316 0.06165320964473135 0.0681720779792162 0.0479303609570308 0.02191900099784663 0.037880545754125826 0.030113145693967596 0.04803767280961526 0.029063452718093543 0.08086419843987647 0.08402774050784267 0.06201094038411509 0.07894787522256465 0.05712845968726235 0.06439793852200411 0.019927497565882236 0.08121014954671875 0.056740523765728544 0.04583743833166546 0.052273868236374525 0.02656785989263034 0.08175131761536349 0.01417262031460363 0.02178338532498687 0.021485710848537988 0.062282091916345705 0.07365952914805943 0.030277295715535543 0.0771587548352515 0.07486862953319191 0.05312638323676111 0.06020654311938421 0.06305225457456289 0.06779216459398577 0.07560675222885925 0.025496574581646093 0.022351714983282662 0.04639889575413613 0.02348941939290347 0.08880639121932835 0.00823273013744587 0.06384857989364595 0.06238228868747723 0.04845040622294734 0.04548189536259329 0.0642158539148692 0.03389023914786414 0.01842290868108675 0.050045246237901526 0.06769547502077258 0.09467232628986236 0.05116659354216745 0.07128834807525938 0.06360946805528635 0.053583107645943845 0.05546282670823077 0.06683594402291389 0.06123429617918318 0.04469220866377072 0.05559854268596449 0.025157207497939718 0.0744221111752124 0.03579901681725563 0.03206110733258293 0.07328785032209696 0.06839298280952823 0.034459452103261456 0.05967184706021034 0.04216628159219849 0.012874960783824564 0.025763160704970315 0.06887805519142289 0.02353908728612119 0.02071833273250226 0.07983476432579993 0.045305579812254325 0.06856059660122632 0.02755075847056001 0.041591173844007 0.059590241228969325 0.041375524543563795 0.07044588141949856 0.049535011544799085 0.06569447817748665 0.06412263383536801 0.024007960382491925 0.09118979001347757 0.0765213644718063 0.0675039587268597 0.08103409794050684 0.04244658489757925 0.06133507186591242 0.0421694456578026 0.07024063791588048 0.08899700625446318 0.03442885738181384
 0.08689336462586626 0.05161399851614941 0.07779250704283908 10000.0 0.090203476019449 0.07049979762404389 0.01736203879258022 0.06984429430819822 0.05874752831474075 0.06042285569661629 0.08155825100501678 0.08243197999913049 0.07361537243283367 0.0603776086420933 0.010840219950252786 0.028562830368212607 0.05976042634123779 0.007290160626002921 0.07340765319984659 0.040682831363505985 0.0768459486985301 0.02324606749221831 0.07030370605336715 0.06759054556835782 0.029457225670093398 0.074308299029529 0.010190701409308483 0.09054069451054676 0.07122844257802997 0.05670150195872296 0.08684149328536371 0.036442464356378775 0.06917065024184908 0.07072178845115867 0.020931562273529814 0.07214843521829198 0.020349963331404538 0.05332627944966005 0.05610460843151708 0.027795263424073596 0.06263540938370983 0.058092020522872226 0.09120027677766955 0.09190775068774597 0.01556041995306412 0.08379260938508483 0.04564966321698358 0.023205843150577252 0.041661393047249834 0.04268198523290854 0.04266756685786215 0.06945264333139342 0.07451160308606798 0.027747505630663274 0.03205835106422874 0.020856356439855346 0.027425583158333735 0.03212409883257861 0.016638745034276314 0.03208640551704829 0.08107468796710439 0.07047948061800549 0.017323365177829383 0.07598822432773143 0.05046303722575005 0.09211793747890272 0.06684326797917711 0.04581092750986865 0.08740358702946951 0.019947760343862937 0.05700907061189445 0.04366086437825929 0.05221710192886644 0.08267961989939597 0.08741585653251446 0.10257746749440509 0.05827628406181942 0.06536922928160241 0.09679911079721439 0.0022468345246376823 0.06651100121740786 0.009319007434847256 0.05539981834352778 0.04832234075182275 0.025387052400721657 0.037997120088527354 0.06765646241974865 0.07349367038150371 0.012109142779674972 0.04944591406542882 0.10144113477543218 0.014650409468582534 0.011368851889015118 0.02581186559664895 0.032115087593130746 0.06581785304451404 0.06337358339147346 0.08134497212082062 0.0640459173420924 0.0259921518891827 0.07998076818607379
 0.011964245231665699 0.05185382335154757 0.012855522644705714 0.090203476019449 10000.0 0.030527942013834044 0.07375813127056512 0.07840412889152423 0.05916287293782949 0.03190728418339836 0.04475738213148514 0.029678510808615746 0.05707820323186164 0.037145628189883775 0.09358950164083468 0.09471200682360213 0.07315626851270615 0.09102626424953043 0.06649501688518217 0.07687808920904889 0.022516516527655434 0.09226488961135357 0.060946250938037724 0.050486345096245604 0.06511477580817565 0.029735038508224478 0.09445276705267859 0.010285580963317975 0.031815401333796185 0.03428242186872802 0.06314836541950619 0.0862998566090805 0.03513915174103381 0.0876459675397811 0.08605022597558568 0.06255495000965183 0.07207208292076854 0.07050091454283224 0.07933834303301154 0.08620768688208377 0.03724739939296731 0.03321241590960369 0.04433298536722122 0.023894768627830285 0.10069575269640232 0.011498169733836421 0.07243971022756465 0.07523136358948351 0.061098938408106034 0.05552735779506099 0.07321195834311996 0.043692978080646136 0.027656488577287575 0.062493661290957375 0.08044833835824455 0.10650503404909471 0.06385546324758759 0.08403548536983416 0.07632700877731875 0.06452865326790545 0.05713399662775091 0.0714491586118597 0.07341203621797937 0.04710315748370373 0.06754463013041706 0.02595469774757778 0.0851882283994083 0.04863505121097833 0.03652797321123885 0.08613955647973326 0.07987631861055962 0.04716125812485057 0.06730021173434354 0.04242761335735903 0.013057288154733823 0.012922493627776557 0.0802662036230929 0.0349326410195003 0.014232622960538096 0.0922062549889076 0.055502008435011234 0.08103136551832191 0.04018427769608204 0.050959683843484344 0.07089642941565936 0.05312990941011361 0.08099574506393502 0.05276489925647898 0.0780943360905352 0.07612097226409008 0.011255253742151984 0.10334077881046264 0.0892722856848511 0.0783709019273729 0.09131854791885587 0.05276971970405009 0.06704643177946219 0.04285843488337747 0.08114501856050897 0.10007745090673509 0.04158409948689238
 0.02078809664934693 0.05097964150134047 0.020089366041424316 0.07049979762404389 0.030527942013834044 10000.0 0.056868370176379836 0.048187444225699316 0.028673003317730997 0.030742333012827177 0.020257224533366886 0.048521191217129854 0.02809018823900063 0.03954232327364501 0.07098077018013145 0.08345279524768222 0.04263146474255386 0.0734282503366159 0.037060897406268174 0.04809466731971341 0.03778380131340624 0.07959338798904544 0.06957222750502234 0.05887171916564965 0.04172782079161824 0.04305959924219675 0.07209253113211242 0.024638839841234005 0.0020145444458926852 0.018353743055602806 0.07825234776708878 0.05809094600764744 0.044730373457200504 0.05729050162315921 0.07310665858327695 0.03305703760073699 0.056652823840878365 0.07082272357085043 0.048927721558636804 0.0756355956746932 0.008330167121529113 0.028896662790822987 0.06488829796630383 0.021552317264039403 0.08380926697376158 0.01937242828545069 0.06940887343372992 0.05095275750094998 0.033653430650906604 0.049318134594387386 0.06889936484674762 0.013819553969080092 0.004152114961786244 0.04415265740763602 0.05316378542431674 0.08974477270673595 0.04314976564685509 0.056617121939517435 0.0544715511269633 0.053998732628422474 0.07098728511478095 0.07866086681699995 0.0560986369077916 0.06012456932028276 0.03760082817196334 0.021629088219860693 0.0547161492526458 0.024707394767394204 0.019335210626726645 0.06132450698833297 0.04943249076956294 0.02848204629947754 0.0673387651975947 0.05944071470261493 0.02059036943461003 0.042657290234047726 0.049784135890400864 0.005467992765854012 0.029368048943360137 0.07271043133014254 0.02526929478837015 0.06126457829491994 0.015108975037619286 0.04753053535592621 0.05829573026133235 0.04022941299475112 0.05060265358554275 0.06387004470252716 0.05900969386256395 0.04617257734414593 0.03995409179621816 0.08490863370907803 0.06647493439706738 0.06715391148646079 0.08171759991883315 0.022443394983439256 0.07194897576937512 0.059145480131879875 0.05063577471361277 0.08700938035316602 0.01684377807967679
 0.07142629784294835 0.03487260110769232 0.06165320964473135 0.01736203879258022 0.07375813127056512 0.056868370176379836 10000.0 0.06710984699490574 0.05142803023901902 0.04329410907853757 0.07073956219975347 0.06508729131039527 0.06550823287275438 0.04301619501832129 0.02484604626710169 0.028864615980504223 0.056458218421504086 0.017294711072191545 0.06744983715363569 0.03986113676271581 0.05954834903525175 0.024038302317889365 0.055152531241209606 0.05121103927427038 0.020561217971674626 0.056948536052156204 0.025019152501458152 0.07491953898576133 0.05790745223962087 0.0412281856037945 0.07146731592911114 0.040086389745278284 0.051856474640161014 0.07029288529431829 0.017993288590021493 0.06534763389972853 0.003779306634198853 0.040236760305772626 0.05496465734631937 0.02312089404078443 0.04965526504758051 0.04111405551084893 0.07426306766735329 0.07770860318385184 0.02731313212224152 0.06816941114399877 0.033212578325997534 0.021128945236983155 0.033881846021544135 0.025753870729088857 0.03050779143418773 0.05846871128283782 0.060653737781610734 0.012734687923687815 0.03344641900202094 0.03324294390919324 0.015219555082768609 0.035304904189325303 0.013654090357154343 0.01571626572331318 0.06525452502022207 0.05695589416232998 0.0012207314986312455 0.05935111368126596 0.04578475143717843 0.07816416437802659 0.0662356400922819 0.03303087759859718 0.07505636093946595 0.026170192412244542 0.05594881551463111 0.028645338585733184 0.03837075480207672 0.06573003898714919 0.07206786365082725 0.08588996415986236 0.05720965329998805 0.052163105686048705 0.08133219881815305 0.0190393866574692 0.05821554369666016 0.00993341165402216 0.04195861996031321 0.03126058142465554 0.010390416757717541 0.020884277691574478 0.06582640337378154 0.057351014042907274 0.006761008462965843 0.04779406090206224 0.08493399559163607 0.029582800591938654 0.022119831567592518 0.01625918370611676 0.02933066376608147 0.056856734495907946 0.04933016166347778 0.06442388787932754 0.0626398493394616 0.03075568194339281 0.06863359796826653
 0.06745375427989697 0.08418342633028193 0.0681720779792162 0.06984429430819822 0.07840412889152423 0.048187444225699316 0.06710984699490574 10000.0 0.02167300503658271 0.07126545374151917 0.03750825619684336 0.09437031327218998 0.02252321072946951 0.0789376637666476 0.06310496211859613 0.09511445388893847 0.01067181012385765 0.07631116995315704 0.013458984792471458 0.02917938250869959 0.0837811261434099 0.08983153572257238 0.10687169582291832 0.09767996471097526 0.046979224509030075 0.08745618711641631 0.06450379516560853 0.07087187182545132 0.04669183384282294 0.055893834302648285 0.11940261609832512 0.035956277448398064 0.08701485229642662 0.009488378165868559 0.08457712974626992 0.016714382238390908 0.06958135619916475 0.10031120045956611 0.01425888541502718 0.09021114156898723 0.04344119963088513 0.06823546885944788 0.11019252032144401 0.06143447828385349 0.08533907580081093 0.06695132223156877 0.09552446391118523 0.047527489395439576 0.03475971581872688 0.07777949968607965 0.09363033185663816 0.03471169043998172 0.050749207513203665 0.058280680211487315 0.03803674418141881 0.0901934120113478 0.05339260064996407 0.038938826644169054 0.055456555497507755 0.07541718823570513 0.11195109694560745 0.11351686357571698 0.06589510591265665 0.10180550162097084 0.021603693808111543 0.06000691603077399 0.008533506292365215 0.044915617942227606 0.048097972497346674 0.0508372706540368 0.01353382278946884 0.05353120030366732 0.09725504044442626 0.10343136236046191 0.06682871464925096 0.08978618426378293 0.012423767886841752 0.044848091384972824 0.07361336772918083 0.07180463213485054 0.02293366258463009 0.06389572111565663 0.04555027199734432 0.07948367804839303 0.07510363729555171 0.06493992301511411 0.003959472000003239 0.10380745565302649 0.06404698350458993 0.020406787100973482 0.08673844926178399 0.0829922268206625 0.05970672257920838 0.08308037690128987 0.0963445537070494 0.025744794556669972 0.10570749880851768 0.10279042049806159 0.007250544319105441 0.09488833761447744 0.03941065375696596
 0.04920828323824568 0.06330965705375588 0.0479303609570308 0.05874752831474075 0.05916287293782949 0.028673003317730997 0.05142803023901902 0.02167300503658271 10000.0 0.049593703730141596 0.026148564171728096 0.07289347176788515 0.014921707783296921 0.05733065384469811 0.05499473040021309 0.08028001292627382 0.014080812163360198 0.0640641364091079 0.01634617520283577 0.023567238580058547 0.06239153905504778 0.0753250009729879 0.08567355907216151 0.07624021085745505 0.030988202121728904 0.06584661120096998 0.05634414970159614 0.05294032736714407 0.02759185392475597 0.034225944098017255 0.0978403799540486 0.033809402545807596 0.06534225561055536 0.029777360805744734 0.06941930655237016 0.01392124399460655 0.053135821390750924 0.08043627567889435 0.020309968824682965 0.07420568297817971 0.02252990742013894 0.04657285936532048 0.08859758532252743 0.04614111125227023 0.07408606785008824 0.04803481182894889 0.07633249949099448 0.03561988637888426 0.017629126596793807 0.0575821519406798 0.07473749332045572 0.017242049543896923 0.031996448209885314 0.04055003939923164 0.03140733408127523 0.0795915573994589 0.03642165493020175 0.03411415296047004 0.04244691888116784 0.05675234735606596 0.09038363378897488 0.09275386043610132 0.05028457508610244 0.08016903187763143 0.010919128972361457 0.04521609888169756 0.02668737386961742 0.024010125400849246 0.03533818411661182 0.04306984735746715 0.020777003289015224 0.03271401491569582 0.07723328386641506 0.08176860453645526 0.04883469254736498 0.07130725809391988 0.02111128632814077 0.024406938281942372 0.05684630403772013 0.06093898357665291 0.00821148922147135 0.050948788954586856 0.02388592514632042 0.058708293583809905 0.05773614590465599 0.04495475125105858 0.02309915375976526 0.08229476181108655 0.0501159068788719 0.018676345851369625 0.06853584854098799 0.07314115728932133 0.05078382688553181 0.06635937427974638 0.0805246492201149 0.00884924209025872 0.08505922278366254 0.08112048831042418 0.022403227382184282 0.0814400575498925 0.026167516269832335
 0.03354138864403948 0.021746100528553712 0.02191900099784663 0.06042285569661629 0.03190728418339836 0.030742333012827177 0.04329410907853757 0.07126545374151917 0.049593703730141596 10000.0 0.05095182579105419 0.02534811296941825 0.05589247550920707 0.008801775852278733 0.06556122075791677 0.06280670235142395 0.06259454782442439 0.060263363208854503 0.06333528246980781 0.05816070593329529 0.016972104562096663 0.06040220855906 0.03885532967507801 0.028264808348521825 0.04011840810900019 0.017248704418617783 0.06619868862516598 0.03606805265762381 0.0327218068522601 0.015458804476894296 0.04873538880424558 0.06551674950696706 0.015752032570748198 0.07897114931065656 0.05424628688317711 0.05954862499628494 0.04110578259260933 0.041700511525972275 0.06639924050736985 0.05430683199029241 0.02993095624505168 0.003243824893083274 0.03965017508763202 0.04412171552346785 0.06951136953347152 0.03000011776133066 0.04199468898946456 0.04994757085291467 0.04210632462286905 0.023738205893194655 0.042301071344892596 0.04210422260114297 0.0321440591009148 0.03366961662737486 0.058541898497863995 0.07520980712970633 0.036586579237940696 0.06203308211311192 0.048712177152037704 0.03268339640318291 0.04130343170820585 0.04796405258335981 0.043156111922857135 0.030754305923106472 0.05333788736533547 0.04545237610192684 0.07549696431960269 0.028333364477552376 0.048875265221267394 0.06054556086167712 0.06722029520951003 0.021946704044121346 0.038253244245607165 0.032316677890641764 0.03460587113967275 0.043140982216485886 0.06805570317861599 0.0300806831312354 0.04257861016803616 0.062250718321004775 0.05062687501623999 0.05167295596656111 0.025769842678984724 0.01967298562166139 0.039227264386097735 0.022434888243332857 0.07244294820962661 0.03364364680191931 0.04849712224164787 0.060890146533703164 0.042635950293440784 0.07263988619635339 0.061597974844190176 0.046478577540401446 0.05949433776414587 0.047812703005514545 0.0414699882157936 0.03159146410178089 0.07109887523491931 0.06821453097110762 0.047573806799589086
 0.03287790996316599 0.07062974142498768 0.037880545754125826 0.08155825100501678 0.04475738213148514 0.020257224533366886 0.07073956219975347 0.03750825619684336 0.026148564171728096 0.05095182579105419 10000.0 0.06773099777754484 0.015083894735502831 0.05975303645733525 0.07950084093383337 0.09893188610482546 0.03650251228735843 0.0858327858617874 0.02416687469717194 0.04969731946144375 0.057148208794229924 0.09454279940273486 0.08980303865655746 0.0791247977412232 0.05218079020647628 0.06290410202732034 0.0807852507379524 0.035626933922420015 0.018254863283626025 0.03750614584690181 0.09836640858773454 0.05995775263242521 0.06490750111402335 0.04696234936627948 0.0881884112275487 0.020830862833089773 0.07137629678884114 0.09019617281460299 0.04402791770158271 0.09169445455879965 0.022991535539249715 0.04896545543515739 0.08411267935273646 0.024347435897525284 0.09620623218117424 0.033562124560821235 0.08812566007150172 0.059343064187294965 0.04029649359266286 0.06799843062300147 0.08731142191750779 0.012275630701620398 0.019882762575058954 0.05826981335289441 0.05721528629902233 0.10199522270470332 0.055744839692455 0.06010482672816761 0.06492147021564966 0.07109706115086536 0.09114784913173923 0.09878015403601062 0.06976934184011832 0.08026677145222558 0.03706277722398841 0.02273711704517581 0.045625118610253375 0.03792246805825229 0.010590669570370989 0.06813794349739385 0.044137418897015605 0.04459082780760645 0.08673220784114521 0.07918487144393938 0.03193536717651761 0.054464312369083626 0.04395735397258016 0.021613873961822454 0.03707278645255672 0.08380318275812497 0.018325812993701476 0.0728719813036189 0.030458205618339756 0.06688351599312929 0.07429520100709483 0.05745711937445614 0.04095643155986925 0.0841122966049391 0.07128421501094463 0.04435402480706473 0.051168685887919854 0.09620492378966322 0.07509966906940428 0.0832919014987416 0.09796868638459863 0.017340335429810828 0.09192820484667756 0.0789785114727308 0.04245424086877256 0.10149280524502813 0.0034959244278960112
 0.039146373794581565 0.032961958474459756 0.030113145693967596 0.08243197999913049 0.029678510808615746 0.048521191217129854 0.06508729131039527 0.09437031327218998 0.07289347176788515 0.02534811296941825 0.06773099777754484 10000.0 0.07637393308292902 0.022173677676954825 0.08896049909341608 0.07799902818126625 0.08651555884778674 0.08086040422926916 0.08486600729213883 0.08344629859684452 0.010756866833969592 0.07706641823877165 0.03303566352819391 0.023964458579421675 0.06521985963896826 0.008366174082557961 0.0894310144819093 0.03918880840848714 0.05046071325499513 0.039172091457367594 0.03347536488579386 0.09085459244968022 0.013390401568274077 0.10265286562425219 0.07175030976289935 0.08090180161754718 0.06217601847058808 0.0469134622515538 0.09094176501609746 0.06969607298273327 0.051133562455372525 0.02856574924814976 0.01639493540860386 0.05200182931258756 0.08889932281346 0.03658793889415909 0.05118659517038422 0.07482810273093117 0.06728863513322217 0.040529064964101136 0.052897246449897635 0.0620012426665661 0.04790786585953087 0.05754831882506582 0.08384618333273508 0.09413531684879328 0.06114240197627165 0.0873162524980986 0.07275265108458938 0.05131779173102175 0.027564305508467113 0.04355759606852603 0.06524126237720813 0.018207076179762974 0.07793466070926877 0.05392924546926538 0.09940351023110934 0.053421782929728025 0.06212754344896261 0.0851754415457823 0.09171454137313267 0.04728510124942349 0.04433330503581635 0.012755001327732647 0.04045720906888984 0.033709268975290044 0.09246506768813882 0.05021598932282877 0.043910063472053444 0.08399733609827925 0.07235583025773955 0.07439860879890371 0.049238736271115004 0.03480382037115382 0.05841637089671625 0.04538258291500877 0.09599137190236154 0.024282289263266723 0.07110453072959388 0.08578841468880909 0.035331145465288996 0.09297934636179853 0.08529876047684623 0.06340237385161003 0.07344534223028897 0.06944280669153624 0.04072029184963249 0.013201211546019859 0.0950330006333508 0.08457483447803003 0.06424499338699996
 0.045676694295476834 0.07284245483576544 0.04803767280961526 0.07361537243283367 0.05707820323186164 0.02809018823900063 0.06550823287275438 0.02252321072946951 0.014921707783296921 0.05589247550920707 0.015083894735502831 0.07637393308292902 10000.0 0.06439713970855669 0.06987504821318469 0.09434960557154119 0.021922446596677667 0.07879760390586774 0.009509470322397613 0.0375227256499394 0.06561735381043242 0.08952772561125837 0.09404088273821604 0.0838946701028464 0.04537408094711179 0.07037521360472689 0.07123073211936885 0.04890063096780041 0.026284075323828055 0.04073167878047814 0.10458385146084492 0.04739384562767971 0.07115823719634153 0.032007298634923034 0.08346911921750338 0.005811915823403182 0.06690264423490136 0.09127451198850553 0.029515129241787882 0.0878991295650267 0.025988251518439816 0.053282736859690975 0.09265962270492283 0.03893260388335362 0.08889493367928236 0.04558500159856322 0.08797181444262937 0.05052651583336884 0.032178450313362576 0.06839087860586196 0.08667325100043372 0.014375832600658176 0.02978583341382809 0.053967522032999496 0.04588380940005577 0.09444317172840343 0.050319332103464426 0.048329801490901186 0.057223866050846894 0.06916962720107478 0.09717285455117647 0.10206909473870296 0.06440517676193067 0.08650330754396546 0.024888776978204113 0.037485478586136725 0.030548245689740145 0.03517436725710578 0.02564102686168821 0.057865899986545954 0.029517441550512235 0.04342954962385882 0.08792670825868593 0.08675118492077777 0.04493920765618673 0.06788770494432897 0.02921666021572085 0.026309168865287665 0.05125524929689297 0.07581546684406554 0.007292799931936504 0.06566585687900507 0.031150617852939405 0.06854326895644225 0.07098635153971693 0.05638892131597909 0.025890675873760267 0.08951053723131427 0.06467387812915693 0.030915589653518497 0.06473714868364341 0.08804512940063375 0.06568902278088727 0.07981836290420462 0.09423936728034382 0.00906202398737097 0.09468172357524338 0.08632406320455636 0.02739330045255574 0.09587405125621228 0.01689501809283423
 0.04078164720158411 0.014711911716700266 0.029063452718093543 0.0603776086420933 0.037145628189883775 0.03954232327364501 0.04301619501832129 0.0789376637666476 0.05733065384469811 0.008801775852278733 0.05975303645733525 0.022173677676954825 0.06439713970855669 10000.0 0.06678906763160533 0.058733606560564415 0.06987649398927384 0.059156741631203415 0.07158465161177612 0.06368771563148778 0.017411312979641953 0.05699868397546297 0.030059233906369304 0.019544096657600138 0.04398864459789021 0.013938604553768793 0.06725742679754707 0.042868629063914025 0.04152315962859093 0.023701527821326646 0.04053782830300384 0.07018918015088553 0.009536378894943406 0.08630732993860804 0.05121288605496917 0.06786122257682506 0.04023351797045736 0.03399892845040998 0.07315721305588718 0.050221534243422655 0.03851846258836896 0.011115362843128758 0.033962749665176706 0.05206776760620568 0.06766893034817621 0.0372947344241076 0.035314549629379174 0.05322620715664112 0.04814162835707958 0.019595285252710648 0.03607683842510775 0.05076606126273952 0.04087098605413171 0.03551944063073635 0.06299492313517731 0.07312277543847083 0.03938558254505138 0.06635289701212739 0.0506973035137674 0.029984550869744803 0.033079198335351584 0.03920839301162549 0.04312716017009365 0.02290719722441548 0.06014425204379613 0.053514102662720296 0.08271067709141922 0.03484891333022029 0.05753374903740794 0.06332680282605803 0.07401987835854612 0.027261063802982266 0.030639794000269845 0.025918863152458713 0.04193782836409974 0.04695644141820566 0.07492833329317235 0.03879980798232299 0.049205368961511765 0.06199937852555438 0.05890521617268678 0.052237707143849385 0.03379194218321486 0.014290948050231712 0.03700106678796742 0.02326137143259895 0.07988765282855141 0.025155896740129968 0.04894823540489543 0.06726603626737823 0.04705164723451315 0.0714126093044285 0.06315216815247982 0.04303545359284643 0.0548494046517881 0.056137187646258316 0.03288063549349888 0.02495526462672381 0.07831818815593938 0.06473297921428842 0.05637544836124524
 0.0889623542120859 0.05969893924811859 0.08086419843987647 0.010840219950252786 0.09358950164083468 0.07098077018013145 0.02484604626710169 0.06310496211859613 0.05499473040021309 0.06556122075791677 0.07950084093383337 0.08896049909341608 0.06987504821318469 0.06678906763160533 10000.0 0.03912870843985527 0.053618505226083045 0.017887708359505303 0.06835155197077836 0.03420233942651361 0.08240772266234278 0.033904512613321794 0.0796475478581915 0.07605616041446764 0.029321088693172234 0.08066961487992153 0.0014017553605892492 0.09275332048466808 0.07141527541541343 0.059393818982734 0.09608613405063196 0.027957727040592163 0.07597805667101377 0.06284367912502936 0.03176138037881704 0.06762858572331383 0.028433421364482143 0.06340205745777683 0.04896532319423714 0.038629854822548104 0.06277510651705065 0.06290766157570442 0.09894256821430408 0.09252946382052964 0.02363994569633824 0.08609542719061093 0.05583748521692564 0.020307303404950707 0.03924567564553247 0.0505483712246495 0.05289094882891151 0.06781199968475658 0.07510699134114879 0.03189625021546141 0.02518908889424563 0.027603585318485117 0.02974801736936131 0.02424844460539214 0.017262917635191322 0.04050218614225292 0.09001659682472501 0.08050168131100148 0.024343597742739555 0.08417472670318708 0.045513547773800435 0.09249671237298036 0.059131551649918 0.04655434352812763 0.08642881201149936 0.012358101077782934 0.04979741371461068 0.046428245623694686 0.062050063444065474 0.09041316511120556 0.08933567677011564 0.10628485131361266 0.051024519258965846 0.06561514071055545 0.09874887550804995 0.011530337333476087 0.06309730385014893 0.014934936221001815 0.056194278807235196 0.05595560909051542 0.03439431570530463 0.043640916967975715 0.06051430650540377 0.08217586377946369 0.018213942923200957 0.04286028941564619 0.10483073751316208 0.020129999810576137 0.004508444595307992 0.03619380942705479 0.04289937226069581 0.06286621238193041 0.07319113642622867 0.08912862196300825 0.05678808746900458 0.03580462725702087 0.07835396469586403
 0.09500848782389788 0.04517813167114547 0.08402774050784267 0.028562830368212607 0.09471200682360213 0.08345279524768222 0.028864615980504223 0.09511445388893847 0.08028001292627382 0.06280670235142395 0.09893188610482546 0.07799902818126625 0.09434960557154119 0.058733606560564415 0.03912870843985527 10000.0 0.08456691776051684 0.021296332817636494 0.09622894506995897 0.06669041214515803 0.07606528376076872 0.0054290813828134134 0.055319332310311775 0.05708460114087365 0.049337582333485744 0.07116225065273915 0.03820601085243925 0.09807477133585923 0.08474971719176759 0.06611399310540224 0.07118640489104407 0.06424556690294018 0.06502029420689703 0.0973412076856136 0.01088049292221114 0.09419570482659781 0.027615406777442914 0.03588056599109581 0.08220405033576485 0.00852689180846672 0.07698303545663508 0.0617562639086231 0.08173458013630674 0.10316465298364418 0.019072169993742547 0.09153288672481995 0.02874994624939598 0.047720446227746044 0.0626991874265815 0.039333394668118186 0.026199988050170073 0.08672543592318935 0.0869076499806541 0.040742964424163974 0.058883930031667774 0.021024369911231095 0.044030507828407776 0.059662965758616425 0.039714351758873195 0.030470935987426874 0.06721506004045977 0.05159795446024685 0.029997043104381997 0.0658528381310451 0.07418207571274969 0.10391418912928162 0.09333905591469188 0.06100949631476585 0.10235003633918935 0.04794230826489831 0.08316329767389115 0.05507020150109599 0.03662539680389409 0.07382625667314915 0.09586450018303563 0.10550543621444498 0.08444175426299604 0.07925005966750921 0.10464005436100077 0.02759837317751457 0.08705837478140947 0.031523459378194715 0.06917828906438182 0.0444451444250777 0.025180536813292922 0.04361930916916428 0.09347581158689751 0.06142609508214332 0.031069375444351153 0.07516251362456787 0.10530012245773586 0.02513294128116395 0.03985027409954049 0.016581456894935096 0.005693415126508076 0.0856397139153155 0.04639203325324671 0.07239778139639072 0.09008102873836077 0.007416958237450623 0.0966079731934629
 0.06295565738859286 0.07425278034424572 0.06201094038411509 0.05976042634123779 0.07315626851270615 0.04263146474255386 0.056458218421504086 0.01067181012385765 0.014080812163360198 0.06259454782442439 0.03650251228735843 0.08651555884778674 0.021922446596677667 0.06987649398927384 0.053618505226083045 0.08456691776051684 10000.0 0.06605948449446057 0.016043218675419812 0.019416408546134235 0.07612895866717918 0.0793094992099579 0.097125841406584 0.08822722622057237 0.0363096900665765 0.07924306233460184 0.05502002010528614 0.06661548957606302 0.041444318147780185 0.047493173547728966 0.1101270201775661 0.02762309843069421 0.07831308140703275 0.0164330899071367 0.073984195537949 0.017095700247902433 0.05891088343049309 0.08993073122448252 0.007592960078624826 0.0795678310455528 0.0365947146817004 0.05946889636614628 0.1019887705315139 0.05883370931479122 0.07530691109736448 0.06194272966853163 0.08500362431646238 0.037120979060843544 0.024265994833760452 0.0675525604425111 0.0830666020936188 0.030312188857834273 0.04578855131273728 0.04766225583934365 0.028430953677217423 0.08031547779153476 0.04274007800118 0.02985497291592591 0.04498184332942905 0.06485244055182353 0.10269974068690874 0.10345687844220687 0.05524487238254272 0.09278293957277468 0.0109928070096222 0.05768906772194129 0.012913815390888862 0.03529447478117447 0.04671694631759062 0.04126522902364805 0.007635788425636034 0.04374068205854014 0.08692190982326974 0.09490544071525629 0.06251006693207005 0.08517164851695602 0.007526450292069851 0.03848327990238404 0.07017252737620865 0.06177764114821386 0.018868243417852364 0.05347885316826439 0.03728306285296026 0.06951079777135212 0.06444039594674081 0.0546941501968035 0.010220080061473137 0.09445922084331929 0.05351569784688963 0.01088599973548197 0.08232970664074986 0.0732453667854638 0.049987673268179704 0.07241004896171768 0.0857169753996157 0.021070776574918796 0.09560115049378504 0.09418357899804267 0.008524093316622851 0.08451116952160566 0.03751620516402602
 0.08865107632162264 0.04895381893111635 0.07894787522256465 0.007290160626002921 0.09102626424953043 0.0734282503366159 0.017294711072191545 0.07631116995315704 0.0640641364091079 0.060263363208854503 0.0858327858617874 0.08086040422926916 0.07879760390586774 0.059156741631203415 0.017887708359505303 0.021296332817636494 0.06605948449446057 10000.0 0.07918812641585198 0.04725692097630826 0.07613424110577237 0.016022556784595923 0.06604185290766182 0.06432408996854745 0.03374487936524685 0.07295519665431786 0.017048008229772763 0.09217369600390168 0.07432596343243178 0.058412037686330645 0.08260049349144961 0.043559897566410676 0.06748283341911042 0.07756612351989611 0.014449373013379707 0.07770069380680314 0.01916138248568083 0.048236622374834365 0.06277032511736451 0.02117062591381844 0.06586761858502728 0.05822727263475178 0.08847410298071227 0.09455919197724043 0.010424313671395131 0.08541973899797106 0.04046286655850194 0.029043480527429524 0.04663164228165087 0.040446731838433024 0.03745844995970909 0.07360650747560539 0.07732662255930167 0.029496802804886212 0.03885022468765148 0.01633036229817365 0.030441714001567196 0.039149754502802815 0.021630408464588635 0.029620714599477793 0.07719914040396472 0.0653530320496175 0.017758191043184976 0.07293433664287141 0.056382221550679484 0.09491799065806988 0.0736471490016945 0.04900609904466179 0.09103812959848705 0.027082086726101993 0.06369341461088564 0.04563344598183992 0.04748760121988919 0.08001676305821316 0.08926844009994352 0.10308531563773746 0.06496744423779233 0.06850160067164415 0.09856374848826646 0.00641075394514926 0.07159380311957991 0.01313310265768167 0.05835608998237504 0.046186613430610333 0.022547968624685916 0.03800029262599682 0.07427292354136324 0.06994821484882165 0.014586743605761135 0.05597305298822926 0.10218448936619455 0.012376806917858068 0.018647508008529958 0.020665546751692427 0.025044333785696118 0.07068294478934446 0.05856805897623 0.07864404739489099 0.07071467816285112 0.018876811646528047 0.084034176014662
 0.05516108829738489 0.07884670714758993 0.05712845968726235 0.07340765319984659 0.06649501688518217 0.037060897406268174 0.06744983715363569 0.013458984792471458 0.01634617520283577 0.06333528246980781 0.02416687469717194 0.08486600729213883 0.009509470322397613 0.07158465161177612 0.06835155197077836 0.09622894506995897 0.016043218675419812 0.07918812641585198 10000.0 0.03450784190772392 0.0741312596157188 0.0911805851973777 0.10073623186511572 0.09090570376462263 0.04690128546197962 0.07853222364103707 0.06974281018459282 0.058405841423008455 0.03534882741436235 0.04792369872061838 0.11204709778591883 0.04347467130146234 0.07887812088523848 0.02283481592393494 0.0854059078989338 0.004004098451073966 0.06931320953699721 0.0964889386829793 0.02324333568043174 0.09037049337606776 0.03386781531755761 0.06053992785717364 0.10103761225161358 0.04831783445261062 0.08892708972461576 0.05499700564796336 0.09257589237877985 0.05023809242085112 0.033574758742879955 0.07357823650383136 0.09102948790383202 0.02324237954467115 0.03905339482586392 0.05685531717565489 0.04341605084793241 0.09422407260280616 0.05260443787444687 0.04529006820847296 0.0576089053098878 0.07308530213763031 0.10460026283123922 0.10827111785715283 0.0662840678379296 0.0940851248609396 0.022978758420950797 0.046813009586702224 0.02184086785000921 0.03991529765079845 0.034750487303276636 0.05604219240785821 0.022981584599535886 0.04855062471927338 0.09323708955779784 0.09482375547460913 0.05443643583112614 0.07739145144551524 0.022368500724697538 0.03465364017877375 0.06073237776203752 0.07553188713371714 0.012711118813366808 0.06619490715600591 0.03782702433649074 0.07435439384058772 0.07404431169100885 0.061091539157297474 0.017133551581506323 0.09673554480776253 0.06566870311316249 0.026586286315552293 0.07424567554698137 0.08743729772570087 0.06444105517362941 0.08261320443768151 0.09667139891235524 0.015562042039244661 0.10069064239640589 0.09432069114677122 0.019290068703224236 0.09703620543595126 0.026288308429359458
