NAME :TPP_input_22_4_1
NUM_VERTICES
85
NUM_CLUSTERS
22
Full Matrix
 10000.0 0.004673676862637861 0.02471997148846949 0.056422897543808276 0.06130260014063399 0.01168660425134996 0.021565538123902654 0.05898240953223155 0.0786239807398898 0.018966734729793922 0.05702038153160155 0.06916864657246527 0.05048988512652637 0.021159880639821424 0.06703135317996202 0.009530884629794824 0.047057342856046604 0.025967493573081906 0.059728062556505195 0.011791567834155714 0.02297797058418095 0.0747589248704497 0.03805470972671981 0.047371470541871886 0.0501902101990885 0.04363232814134934 0.050275456778688235 0.022295917937366298 0.06050668959414062 0.033991714621598806 0.05844576608968974 0.02546722099628593 0.07961743775914286 0.034619727150887736 0.08177997345214066 0.0386829872860127 0.0383180481761253 0.034094927430495366 0.05748000364472748 0.05979214200594915 0.07699021082903681 0.031155725415234235 0.04490432445639858 0.04638024133534633 0.01134045598176965 0.08482316949856317 0.03352718634492738 0.027576884700450388 0.04652680463260681 0.0053792630395446085 0.03396838553674755 0.04944294188359034 0.07472318357565613 0.03610168121260568 0.04568349549643935 0.03328221867263704 0.06963210943577168 0.015109801076244924 0.06090364898339388 0.07837720570122195 0.031718175334844376 0.023101784417657315 0.05614828199948526 0.034595184356807494 0.03131041268875751 0.01160799804659374 0.07757061301870788 0.018356742791026393 0.042409648944463384 0.05852404330490931 0.049422100970395635 0.08347413060890588 0.05308445773942935 0.03676176847056235 0.053318649234346316 0.05621183643055142 0.020042052777924396 0.04661374085390178 0.02756356085640924 0.029469579412820524 0.03662787521493779 0.0381903176883121 0.07344900064184097 0.02022031032892804 0.025564112246379462
 0.004673676862637861 10000.0 0.020909958302331222 0.059285231236999636 0.06377753394497648 0.012063711327639403 0.017663583275830005 0.05587495951625158 0.07980372743354659 0.02093269379853539 0.058273277781296144 0.06591259634712629 0.0460337025723612 0.017759497503160464 0.06688134235683175 0.013992438713298158 0.04482875940858172 0.022468770147178792 0.058382360883988946 0.009596452963611201 0.019202694447060718 0.0744061837404963 0.0339265330238412 0.045836538041938824 0.046993377528164994 0.04012215953185482 0.053946351345126216 0.02046082730082961 0.06149381635138078 0.03674976378747702 0.059592878276527865 0.020795209012854393 0.0766199488848335 0.032203835209003655 0.07775375114502016 0.04159368607989983 0.034058304982748776 0.033915136354490054 0.057065961303352015 0.05719898650616229 0.07426788394196819 0.03383796778457872 0.042295013158619596 0.044893782571850616 0.014421970149821809 0.08343668199444994 0.035833787743921666 0.031241753934691162 0.05078962491532102 0.005029917498887168 0.031254203810278866 0.04496598876845911 0.07084339956388935 0.03374597527657778 0.04821817815432568 0.030920221874063077 0.065946648741087 0.019367906778075303 0.0631362748621212 0.07628691696016349 0.03358429917569949 0.020215760231940303 0.0531021331224946 0.03169365784533812 0.02870085576319668 0.015333182633161737 0.0749321366845295 0.014244081075541402 0.0413157669930082 0.0628714646962587 0.053429599275909824 0.079692905101093 0.05375797238962298 0.04059487962356396 0.04874310802473257 0.053529037847573555 0.01725582912289895 0.050757146684556435 0.02299424051615986 0.024813929316613394 0.03203833568530677 0.03459789224534201 0.0743320384806475 0.01751368088730043 0.02970402228354654
 0.02471997148846949 0.020909958302331222 10000.0 0.06307969053993913 0.06530135018875327 0.031543699921895096 0.0032895510200656483 0.0355895598508272 0.07428391010905531 0.02741943139683728 0.05434006651589589 0.04532465520035581 0.027452177886942503 0.026768754722177726 0.05619825298821343 0.03412406579598922 0.027387601201754496 0.0028764485573452648 0.043395053837428706 0.01413394186263528 0.025548110418208817 0.06254853657505934 0.013698451222878967 0.03099477896267574 0.026642828488750978 0.019348033583304378 0.06251090144519814 0.034243812377799956 0.05610238783742004 0.04235117010088182 0.055070751418596194 0.014483161457481398 0.056386184906594604 0.04169707452397145 0.05709226892886685 0.047245402056619944 0.031481080506104785 0.027013938753364566 0.045894228791167474 0.038092374506253746 0.054597390733953054 0.03958569459771134 0.023682591581285637 0.030342386664322138 0.027332744655653208 0.06746778773624275 0.039532798638765104 0.041965057537077244 0.06334375793117038 0.025451705334320875 0.03962600114748666 0.02662148903550486 0.0500064004903969 0.01698047390501193 0.05129016253540143 0.0408398878481855 0.04503694366551258 0.03980275785736062 0.0634955104811398 0.05822860344747783 0.035780076265018355 0.03053118169825695 0.03296980640149633 0.012926896291300966 0.01181788654633771 0.029781359834534626 0.05544558892057026 0.006938732235387645 0.028866555746934815 0.07561151854663219 0.06408762733531612 0.05879977854688872 0.04759369993534164 0.0511097691669702 0.03148101182927751 0.03426523050819137 0.0076743407430783514 0.062464914142337666 0.009954864775783275 0.01766292355970512 0.016523893248930256 0.03756513768112247 0.06772011407355402 0.02942489175540017 0.04307852941917976
 0.056422897543808276 0.059285231236999636 0.06307969053993913 10000.0 0.007674228579804884 0.06687309880961391 0.06250993669329373 0.07366999676495704 0.03455721597010381 0.03872656162831789 0.022249730651929662 0.08253111721944525 0.0872060864078336 0.07703504459808823 0.04314028914361586 0.05476927585843398 0.0575898929294904 0.061252382181693876 0.0535390720465415 0.05447662078861362 0.07825034601808767 0.050060183699600906 0.07315483265152313 0.05076732168710741 0.06943614597628929 0.06928746926530187 0.014554864033110508 0.07859469192596101 0.026479312257399634 0.022537915848651505 0.02388188380479726 0.07465554066617064 0.08670648619683229 0.09103608328257873 0.10427871378317842 0.017739962809515 0.09136543732061313 0.03858790729835294 0.042053246025925424 0.06795099370366979 0.08102945807675921 0.025465765915960347 0.06053607683257908 0.050008668510786836 0.045102344373674295 0.06960663503688642 0.02406127522417385 0.03015850274136036 0.027280679113510793 0.06177982347738316 0.09036473929702189 0.08682622349722338 0.09598952321067754 0.055282180191940596 0.01179282652268112 0.08969212426154574 0.08897927915941412 0.05630648919417272 0.010500260922658378 0.07383708260275035 0.027429781385263398 0.07940458139403725 0.07116532083784997 0.05939844365508096 0.056207920637815406 0.04505631725492368 0.08034407476684438 0.06264352271653227 0.04551228348541416 0.03148548628081354 0.02112225437673854 0.10146148236373945 0.02863182448333902 0.023897781491352306 0.09240226594213997 0.06693376104960304 0.05584030215494659 0.024452892086762334 0.07245969437450164 0.07882335746282472 0.079498931170752 0.09365707361773917 0.03436050807754171 0.07658477575227779 0.03469357481692504
 0.06130260014063399 0.06377753394497648 0.06530135018875327 0.007674228579804884 10000.0 0.07217980672534083 0.06510362699971965 0.07202066793061153 0.02700368654855821 0.042885869085675515 0.017837045261005557 0.08030337379011405 0.08799370150999228 0.08140317648392036 0.0378952049341668 0.06054363079743207 0.056468098004193945 0.06322748036961671 0.05024356868335925 0.05807998253783734 0.08239381384561237 0.04422467602427372 0.07430841605356711 0.04926224745075401 0.06865186114305724 0.06938912833132199 0.022212588175991227 0.08359384347106981 0.02127273016479324 0.027408839326247304 0.019089766327968195 0.07771147242665404 0.08350492718152563 0.09585833918847994 0.10260191032906076 0.02313568808349028 0.09474220146732612 0.039376830238767035 0.038399188811846084 0.06572039802859546 0.07762956786030185 0.03016671180076344 0.05989180801093958 0.04863122230707453 0.049978023790184234 0.06417117650864974 0.0279537251404947 0.036244732932690656 0.034952574927625144 0.06668179241808968 0.09502263460697304 0.08772175352461546 0.09436338096698306 0.05565862517955293 0.01562113181588045 0.09453852070226273 0.08731473821400489 0.06252834284000643 0.0037734401553391173 0.06959719051678691 0.030650038685546936 0.08399220881213673 0.06969693461350834 0.060143948940909034 0.05729106804256672 0.05026102506018345 0.07680484541800175 0.06564548878437464 0.04466536876667726 0.038606742277405445 0.02875840742961932 0.09925314774454205 0.025420303882192533 0.030956570098487294 0.093373124142451 0.06512369113766127 0.05842047456795884 0.03212643539711637 0.07498181165507052 0.08177019316231382 0.08144328002399569 0.09770266225983057 0.027342179653880885 0.08125063523800279 0.04115312690753116
 0.01168660425134996 0.012063711327639403 0.031543699921895096 0.06687309880961391 0.07217980672534083 10000.0 0.028264016318415314 0.06707137982630013 0.09025097522860044 0.030499054667617428 0.06864414404500678 0.07686742675593779 0.05375704416619732 0.015205910878974055 0.07854756268597331 0.013124094436905032 0.056746895288998726 0.03354699230185175 0.07044349521077126 0.021660032505242365 0.01801007105378509 0.08619040062547942 0.043375750378498765 0.057899752011544986 0.058131793841017985 0.05087168713553501 0.05931660865627695 0.012267330050345948 0.07217740607159547 0.04477100686667255 0.07009192968770335 0.026470729845060735 0.08787159028179684 0.02487602725813673 0.08699642280731824 0.0492248126425205 0.03409685179124531 0.04556093177135559 0.0688699537355314 0.06887939649869443 0.08580387100525164 0.04205129613833136 0.054016286927608785 0.05695747589554184 0.022432347644929417 0.09550037014315996 0.04472004689873166 0.037100688298121465 0.05366317550549124 0.0070965803829260475 0.02484264320583685 0.05257562602193982 0.08055118868063359 0.04564475799384228 0.05658393233691905 0.023492451062325222 0.0761470242636472 0.015438004161480298 0.07200554581997402 0.08821778117895283 0.04318733320887662 0.015292138329589445 0.06438382020568799 0.043264320666207556 0.040500454771977175 0.021918788275926165 0.08653757235146772 0.024605294915051906 0.05333730201907383 0.06502016106914077 0.05751339361440383 0.0896020868463786 0.06476966638137933 0.045625904847574075 0.05546573402210422 0.06515318209714778 0.02908503984400068 0.05426022343876104 0.030732769947851832 0.029478271158596532 0.03910173745869112 0.031181430909080085 0.0851272623776616 0.012434607428069448 0.033878312341655344
 0.021565538123902654 0.017663583275830005 0.0032895510200656483 0.06250993669329373 0.06510362699971965 0.028264016318415314 10000.0 0.03884093574730609 0.07526691090515097 0.025808158870954237 0.05493276730090197 0.04860805633876084 0.02988455071611623 0.024075554088907995 0.05793538457371153 0.03102041932149112 0.030123897344336858 0.005547151641224088 0.045794670948522444 0.011452605228108747 0.02308509042147907 0.06451507723128772 0.01658410452108375 0.033261181530156454 0.029894773340305502 0.022637246657918088 0.06120670642612002 0.031298149139109166 0.05695173032422855 0.04127189538388421 0.0557673218433107 0.013190143997001396 0.059641170027873586 0.039261501208679044 0.06021451089663878 0.04623197651860666 0.03049660031715576 0.027646747392215038 0.0476406856753763 0.04117676669952447 0.05778489331654466 0.0384344414658443 0.026620211455807043 0.03254415315645352 0.02489752980004733 0.0701192549080628 0.03869186320302485 0.04013896882472003 0.061450114685593756 0.022167912618319567 0.0372880892048227 0.028978803340203738 0.05320109099390302 0.019414689003841006 0.050723769422798784 0.03834641239283199 0.048295191758067846 0.03666974305961429 0.0634694002300835 0.061188157429925394 0.03509168367630124 0.027818604153243057 0.0361995697619612 0.01576920751419271 0.014102642404436977 0.02724750934752115 0.058609368185295684 0.0036700900214008624 0.030631443274103262 0.07374559114963161 0.062479860577845374 0.06202984993534045 0.04849145224809042 0.04942334722844937 0.033585172187172246 0.03736596161447068 0.006689335673281642 0.060691382346713466 0.009950943460210688 0.016884084127433113 0.0178523492893934 0.035878233928687865 0.0688477404889839 0.026547656896247065 0.040905694926740635
 0.05898240953223155 0.05587495951625158 0.0355895598508272 0.07366999676495704 0.07202066793061153 0.06707137982630013 0.03884093574730609 10000.0 0.06726181118609975 0.05280695144443985 0.055104118312771753 0.010470673642017042 0.02938940232097895 0.061041156587487815 0.04330646222910168 0.06770970417909199 0.0164713845745707 0.03353508203403436 0.02519671172481245 0.04724192779179345 0.05912770167157873 0.04528037217044865 0.026796291558347764 0.022904224575378468 0.008946787627249077 0.016673721734597653 0.07982563300451538 0.06914986288070632 0.0537346319044118 0.060779144335159886 0.054578119003824026 0.04600956070019315 0.020801555507516657 0.07439215591083002 0.030625165299338303 0.06422081722061704 0.05795295384627645 0.037948457369482075 0.03600237536087379 0.008127331704502205 0.019489351794228477 0.05912944261962958 0.015395752724319735 0.023671151664279796 0.05735866897759873 0.03971766677390588 0.05675379606966305 0.06602589687281718 0.08569026776486119 0.060699963106196804 0.07196200486813238 0.03015787743029824 0.02235527181068594 0.024217883738051196 0.06374044816998224 0.07382872146811306 0.015319295017078616 0.07344529135291913 0.06879320514200937 0.026519398488910703 0.05284493958596852 0.06473946260064133 0.002969692034832567 0.024433854044799953 0.028014242019438057 0.06006365467407674 0.02062960565621209 0.0425108782754851 0.02847234702662474 0.09685925629672837 0.08390285467033035 0.028279705293695032 0.04694879244892813 0.07292603297035123 0.03453854117853005 0.006987439544345924 0.03894728117618803 0.08385484385208568 0.039912602033042685 0.04658647977016889 0.03666371837505681 0.06687661430327355 0.05999073496154216 0.06419716026336875 0.06950822084213248
 0.0786239807398898 0.07980372743354659 0.07428391010905531 0.03455721597010381 0.02700368654855821 0.09025097522860044 0.07526691090515097 0.06726181118609975 10000.0 0.05977803658789754 0.02160683924118966 0.07273526563110322 0.09061765335981736 0.09613990246078476 0.024189584194041852 0.08052736524737969 0.055429012302724366 0.07162336068334985 0.042109088479253494 0.07189568242799407 0.09637033669446199 0.025725906641451555 0.07908863682178695 0.04808645981377512 0.06731986184238742 0.07105442696816607 0.049082734853143836 0.10026222422315327 0.01845978589880695 0.048130445027404836 0.020211617169144214 0.08845108146879825 0.0720605665841852 0.11155571577629111 0.09578580838605177 0.04554017983918124 0.1057080025122589 0.047733420521477915 0.031831077018785764 0.05945158711192717 0.06581994032311424 0.050089864586729434 0.06004705206291941 0.048029549720261 0.06807012993356036 0.04510505403319937 0.04661027340326536 0.05850285718140391 0.061711375810796915 0.08377075238033269 0.11020237501465313 0.09072986653859363 0.08812834768584754 0.05981412099946486 0.037617214246996176 0.11035468821534715 0.08134335706497041 0.08376586702152064 0.024170078703232165 0.05509218734249814 0.04727145334770392 0.09932526035969716 0.06581745970259206 0.06493251114957414 0.06351019050030983 0.06922563145932849 0.06451519985249903 0.07702950460917078 0.04671324900978457 0.06545064967882884 0.055668757776701966 0.09065804534455867 0.026791157006660453 0.05577263917718294 0.09632884735010266 0.06048141489668713 0.06915486843004907 0.05886691986675257 0.08418056321293241 0.0919302213511993 0.08834671805754502 0.11077278917511715 0.007291174211530797 0.09694184993361682 0.0639939878505769
 0.018966734729793922 0.02093269379853539 0.02741943139683728 0.03872656162831789 0.042885869085675515 0.030499054667617428 0.025808158870954237 0.05280695144443985 0.05977803658789754 10000.0 0.03817576241358998 0.06325660023767887 0.05451627761920542 0.038518512750268304 0.05002982532382377 0.021594683309791224 0.037654629668609677 0.026596200345432763 0.04615124959371039 0.01602215938164155 0.03957916279703889 0.05807686506933644 0.04019768782821015 0.035171199758061614 0.04513106758157764 0.04099136129604475 0.03552049150929793 0.04110184762958527 0.04184787379171824 0.016322528827999182 0.03966577534882862 0.03658838242366837 0.07197252253269695 0.05311669894288466 0.08032817868572897 0.02132325221972584 0.052819218161244505 0.018646744475739902 0.041283778124287164 0.051069603076824205 0.06811845898346393 0.013366550083432467 0.03742651664219791 0.034081924834941546 0.00845085609247472 0.07069759562136917 0.014933155874340437 0.014671231576888263 0.03604188283528132 0.024256827313435415 0.052183898732775395 0.05379281400255375 0.07242361886187111 0.028681791452582043 0.0273930747388415 0.05182024354095045 0.06622897753067263 0.02606236576975871 0.04220440943705125 0.06681731388966583 0.012760114870405227 0.04114045449590468 0.04983840822365716 0.030038232288730447 0.02605991626445154 0.010234957197156438 0.0683011376867143 0.024964324709916032 0.029059300914329088 0.04825989251158166 0.03669241969048099 0.08020124730846402 0.03484560875443467 0.023690377150249797 0.05884171913707598 0.04811986833506556 0.01975720221441942 0.035062979356999646 0.035453190913470184 0.040855868501200925 0.043650010707436085 0.05495873466213554 0.054832624481693355 0.038443267542547864 0.01690460629517319
 0.05702038153160155 0.058273277781296144 0.05434006651589589 0.022249730651929662 0.017837045261005557 0.06864414404500678 0.05493276730090197 0.055104118312771753 0.02160683924118966 0.03817576241358998 10000.0 0.06290607495555436 0.07386462076762737 0.07485119686901794 0.020966333383555465 0.05907587625113597 0.04031959881462828 0.05185372157004394 0.032473554984105084 0.05060594085825165 0.07522525616394272 0.02827554988062814 0.06104098269021613 0.0328485400038692 0.052671019011898225 0.05456842481493761 0.034504321907675516 0.07873339231129607 0.004829628842603575 0.027536895875475958 0.0019371064300004435 0.06808798063747322 0.06570424740560446 0.090170670801165 0.08549674464442658 0.025958640512673818 0.08541194346551947 0.02733419457169315 0.020582903823380055 0.048398769444213584 0.05980328184642371 0.029123626887513642 0.04425960224553313 0.032387116829716706 0.04649117973286561 0.047425222372214915 0.025451469521796243 0.03806631716801043 0.045843671809860834 0.06218076253201501 0.08889406742023218 0.07376552303973381 0.07732880292513454 0.04168548139670299 0.018952326839550452 0.08894935588625139 0.0702832215370386 0.06253237432413473 0.014211794066609091 0.051866923977065015 0.025746073951749226 0.07795412488800736 0.05296786221057559 0.04661239747352065 0.04447707150131866 0.04771330478789054 0.058968989896651614 0.05635054828893186 0.029296958004081473 0.05277902359659702 0.0408007437201807 0.08180872455308666 0.008204668984604787 0.03715291352953715 0.07945334418046161 0.04813270170983114 0.048552642475679426 0.043084308017375735 0.06429389131174222 0.07178925009151994 0.06943064122404113 0.08990748233794124 0.01709748581158294 0.07551170385601684 0.04365562556896187
 0.06916864657246527 0.06591259634712629 0.04532465520035581 0.08253111721944525 0.08030337379011405 0.07686742675593779 0.04860805633876084 0.010470673642017042 0.07273526563110322 0.06325660023767887 0.06290607495555436 10000.0 0.033905217716825704 0.0699014385864598 0.048550396637465625 0.07801229809625436 0.026416713142821298 0.043463309139807754 0.0311192194562218 0.05748136513492142 0.06778809167862283 0.04886054440176619 0.03508024042063267 0.032060107334195675 0.018983601363206048 0.026015203280685892 0.08946355046129063 0.07819293754380112 0.06096748174484408 0.07079081141141531 0.06215819263441016 0.054565522434676245 0.011883227582852715 0.08251746907005746 0.02306982465070279 0.07404678649256291 0.06482751259855829 0.04799624329998736 0.04284745114377398 0.014599678405752709 0.01336325888051928 0.06925152236918404 0.025830805705865253 0.032954220691551996 0.06781336095659862 0.038795599500924705 0.06673645471996885 0.07635490127972729 0.09577278019593488 0.07066184818527826 0.08000663520361313 0.034937219607546824 0.015507327330666978 0.034688468604557134 0.07307658144855644 0.08206177908161155 0.009310477605600722 0.08375624665136773 0.0769174048365462 0.024174491143284987 0.0628935862638261 0.07352731554938137 0.01343829059502306 0.03474913827805057 0.038410575859309064 0.07051888201855198 0.015029304351157487 0.052262350031328134 0.03806116349176451 0.10676902972620764 0.0937647834908886 0.018957234594429554 0.05492819833380585 0.08306117328917122 0.03814267261696683 0.015953594947376484 0.049176189624063324 0.09386688837225497 0.04857587940812376 0.05459798414335408 0.04402280087809848 0.0741523285545879 0.0656019618822644 0.07321989895131698 0.0799213197393475
 0.05048988512652637 0.0460337025723612 0.027452177886942503 0.0872060864078336 0.08799370150999228 0.05375704416619732 0.02988455071611623 0.02938940232097895 0.09061765335981736 0.05451627761920542 0.07386462076762737 0.033905217716825704 10000.0 0.042273855365791896 0.06829707847613226 0.0599973022147065 0.03530878627375252 0.02792370988266996 0.05102608806063901 0.04133709141103639 0.03953358669135613 0.07215975979035696 0.014411378597927472 0.042534719582117825 0.024472530922746483 0.019569979380769438 0.08872659501504483 0.05076121359472842 0.0741507678737138 0.06832995883851867 0.07401478235793098 0.027451031458727758 0.04555865682457669 0.05177775338815302 0.0344816446357774 0.07297743039838976 0.03215251218135232 0.04872164594965827 0.0589883078571991 0.03669037147364013 0.046952173613821896 0.06577164502890366 0.03058952218104905 0.042598693666479656 0.05473867294506226 0.06906604213317637 0.0650209795295242 0.0691740554019827 0.09055728944042503 0.049491033823013175 0.04914638454230767 0.001279273478212483 0.02974617362157861 0.03239523357591474 0.07567962204915621 0.05162475560056371 0.0281305724490154 0.06538400609691479 0.0855272151143873 0.05578421638775732 0.06100900786393394 0.04534177177433717 0.02880470729572399 0.027870377044602115 0.031016364960471977 0.05712629478089208 0.04846559552320536 0.03240881633023505 0.044643713469848016 0.10276761198163818 0.09089386375823835 0.03892140383167683 0.06595827439789387 0.07810414215628164 0.005719414685796212 0.03364866585500302 0.034899742914859186 0.08953244215442974 0.02322106570773229 0.025417307873106743 0.014708439898773379 0.041854413699457735 0.08342627512257487 0.04603406208245114 0.07051580428397282
 0.021159880639821424 0.017759497503160464 0.026768754722177726 0.07703504459808823 0.08140317648392036 0.015205910878974055 0.024075554088907995 0.061041156587487815 0.09613990246078476 0.038518512750268304 0.07485119686901794 0.0699014385864598 0.042273855365791896 10000.0 0.08102950235169523 0.027219166926864664 0.05414230102433299 0.02950429449934248 0.06982157904629882 0.024252814828196387 0.0030148326392279864 0.08800118922053414 0.03487692715446762 0.05722866948062628 0.052265795935102666 0.04436883263708575 0.07143270939733955 0.008531654307632633 0.077692029944084 0.054497265292902296 0.07602520483309917 0.015495901053381108 0.08151536625153373 0.015592003534888366 0.0765827278920036 0.059352393064740494 0.018893283528585835 0.04887266990766405 0.07083876311183732 0.06452901915564001 0.08045866122901185 0.05157697683695195 0.050412867132609694 0.05646522549612611 0.032123100426552746 0.09418649714683885 0.053451656508602154 0.04872540182006415 0.06728814848485973 0.016242684518508115 0.014064114476303747 0.04101579625533268 0.07096543328427674 0.043485724844240466 0.06589359735147786 0.014520540811566264 0.067528878050256 0.03050354230885769 0.08062591152161987 0.08488346159578082 0.05097308729404604 0.0037654769117812974 0.05870176301210847 0.03969490812449394 0.03815915448186843 0.03274088746769735 0.0814571573603369 0.020917811743884594 0.054066149377339376 0.07904741210099629 0.0704882092192542 0.08019717209955657 0.06958808369694637 0.0579146579460818 0.042904856468794855 0.06067312412275462 0.028272235909327963 0.067555567537801 0.02133721882776758 0.016860033564123574 0.027775943910078656 0.017042894465474544 0.09026825280008041 0.003805414463034889 0.046587794115951375
 0.06703135317996202 0.06688134235683175 0.05619825298821343 0.04314028914361586 0.0378952049341668 0.07854756268597331 0.05793538457371153 0.04330646222910168 0.024189584194041852 0.05002982532382377 0.020966333383555465 0.048550396637465625 0.06829707847613226 0.08102950235169523 10000.0 0.0715755611677602 0.03309502576530176 0.05334865949581676 0.018116973396861875 0.05773970916109502 0.08062348059391948 0.008224709928902384 0.058162340172341905 0.02642553014575247 0.04424006809515643 0.04900181219279362 0.05529136142988024 0.08665008838282938 0.016711973569202503 0.04476246575218367 0.019262404433330983 0.07067896560560852 0.048456930935381635 0.09660366146454648 0.07160839651053515 0.044714115244144446 0.08736185698538897 0.03299226684889613 0.010304566979431929 0.03537959397324402 0.04225446866905988 0.04538419799097283 0.03793090475604732 0.026705925721651973 0.058335962505303034 0.026469271141592088 0.041526182923031854 0.05482802376583342 0.06610434458621373 0.07154020140211995 0.09485902557564063 0.06856192610262107 0.063939660877273 0.03989987527800194 0.038958549103176116 0.09554981885781592 0.057169256401795696 0.07604755423127893 0.03412222625185988 0.03251566382960838 0.04001589041765149 0.08456602406778943 0.0420583918397305 0.04491635248210706 0.044527129016975704 0.060263265705570994 0.04109029380127968 0.06046025658918694 0.02733652390542655 0.07365999948976977 0.06143751126647018 0.06660848711722599 0.017172203575165152 0.056156446945996974 0.07400592406907788 0.03667331750556003 0.05279374865931579 0.06342623818393925 0.06559525153838208 0.07359008514080236 0.06816066144966147 0.09374078167251751 0.01706936566777443 0.08261138569853581 0.06030003814275006
 0.009530884629794824 0.013992438713298158 0.03412406579598922 0.05476927585843398 0.06054363079743207 0.013124094436905032 0.03102041932149112 0.06770970417909199 0.08052736524737969 0.021594683309791224 0.05907587625113597 0.07801229809625436 0.0599973022147065 0.027219166926864664 0.0715755611677602 10000.0 0.054893390053078084 0.03519701568647427 0.06625883272620196 0.020591475900368455 0.029639023479391305 0.07957265976147479 0.04755484670092869 0.05431849152764709 0.059038891074468636 0.05277322011797819 0.04640524659581146 0.025388237111927982 0.06303546937429529 0.03335137094144258 0.060690001157384876 0.03446630243473465 0.08816812227384023 0.03797515232864999 0.0912156829968065 0.037410338826801365 0.045663343168719873 0.03938139822413123 0.06259367946147261 0.06795974627384313 0.08523585588454362 0.030882052828809747 0.05319453488772763 0.0532760175530122 0.01324285206125671 0.09122849657707233 0.0340405041933573 0.0246520515232703 0.040555936078201654 0.011679107097163266 0.037962837157597455 0.0589405824444922 0.0840764458155591 0.04421983863239234 0.04513449220307818 0.036590701934137805 0.07885214485692382 0.005750382738032188 0.06073458304111669 0.08582030561850325 0.03334125497253049 0.028064379128660975 0.06482538532983015 0.0432792405847346 0.03976254379146415 0.01145548610925418 0.0857148024665657 0.027875515665375977 0.04882864689854961 0.05202260437774699 0.044411015749173485 0.09275314396208596 0.056356972958650886 0.032732548156023195 0.06272960516619094 0.06450179051373797 0.028875097673739702 0.041136619025161456 0.03698559407406635 0.03827960122359201 0.046021110060279764 0.04391814980322703 0.07600587249458246 0.02511452481467332 0.020937822594920667
 0.047057342856046604 0.04482875940858172 0.027387601201754496 0.0575898929294904 0.056468098004193945 0.056746895288998726 0.030123897344336858 0.0164713845745707 0.055429012302724366 0.037654629668609677 0.04031959881462828 0.026416713142821298 0.03530878627375252 0.05414230102433299 0.03309502576530176 0.054893390053078084 10000.0 0.02464040335085199 0.016905448452540967 0.03540400172335996 0.052912006657287305 0.03769776807926706 0.025486963635588125 0.007534932048070015 0.012354291982609808 0.01590686239485037 0.0633586036504335 0.061380933086634074 0.03976123678521521 0.04438826682858836 0.04009954091764133 0.04096352249156836 0.03432531167046859 0.06901885865573691 0.04680949247936249 0.047756934789783975 0.05629017478460207 0.021579979041759786 0.023690156254187054 0.013419638776441253 0.030597507630309682 0.04283699712332885 0.0048642214110492295 0.007933459047421638 0.04328128245879907 0.040096620654343273 0.040343692201099526 0.05012281100900421 0.06935761374470406 0.0498520519542245 0.06687750513786432 0.03551656874200924 0.03851329794766381 0.011104050203689332 0.04737948480655836 0.06819506436075028 0.03157652880995643 0.060488581736347614 0.05343273402735454 0.031470885923650244 0.03647998763475256 0.05790010449967363 0.013736481624192044 0.014473638967418 0.01634769521059683 0.04593695503541805 0.03092934602190572 0.033532049112984456 0.012113168265468245 0.08042370808613672 0.06745031139285057 0.04474755082210453 0.032129364503060746 0.056646923066380125 0.04102799231478056 0.010617661396815043 0.027667231456216437 0.06746841844258399 0.03515418913182436 0.04301100142547966 0.03586070563976559 0.06385229473033634 0.04819599108234047 0.056668118695582304 0.05395148990052877
 0.025967493573081906 0.022468770147178792 0.0028764485573452648 0.061252382181693876 0.06322748036961671 0.03354699230185175 0.005547151641224088 0.03353508203403436 0.07162336068334985 0.026596200345432763 0.05185372157004394 0.043463309139807754 0.02792370988266996 0.02950429449934248 0.05334865949581676 0.03519701568647427 0.02464040335085199 10000.0 0.04054343824440199 0.014751836495102843 0.028359291265933423 0.05967514445604094 0.013686944795441384 0.02812355007411425 0.024606882790580806 0.017680424489804197 0.06125154111016629 0.03683570049019806 0.05350369496611482 0.040960230980561806 0.052537012652996644 0.01733124383731815 0.05433051807641963 0.04452213448959781 0.05621052473057607 0.04578379866111005 0.03423111577996857 0.02457637215700062 0.043045817724132254 0.035649846159545556 0.05233434443744594 0.038266125530613836 0.021074171434411367 0.027467258650655548 0.027394870705395757 0.06469088513597887 0.03796575426934273 0.04125037069394807 0.06263477635268802 0.027201147955633477 0.04247017586466113 0.0271981547649153 0.04891367317322482 0.014123139973914024 0.04948332501021907 0.04365031666592207 0.04367424160675933 0.040925665923086274 0.06132105196436391 0.05564216709602692 0.03411646074916194 0.03326047450616812 0.03083689384251465 0.01023363714115818 0.00894153280990098 0.029946757232913835 0.05313164669852307 0.009139780966213448 0.026024062102833683 0.07485440534246235 0.06309706224237197 0.0575563162241143 0.0449844867704611 0.05022442219083474 0.03231684505804206 0.031848116587362314 0.007102195732484878 0.06163678957014188 0.01255767005750926 0.020402030465848132 0.018258636763928256 0.0404311511357063 0.06501313821738831 0.03206450309443197 0.04272807405047725
 0.059728062556505195 0.058382360883988946 0.043395053837428706 0.0535390720465415 0.05024356868335925 0.07044349521077126 0.045794670948522444 0.02519671172481245 0.042109088479253494 0.04615124959371039 0.032473554984105084 0.0311192194562218 0.05102608806063901 0.06982157904629882 0.018116973396861875 0.06625883272620196 0.016905448452540967 0.04054343824440199 10000.0 0.04879098170369473 0.06886601202051973 0.021143757218820933 0.04233755973881079 0.012660802027165458 0.026625558028911842 0.03231374372886063 0.06281953821477432 0.07653944532284027 0.030045046071390375 0.04711292344324765 0.03149655527109877 0.05745097709819825 0.033272071191759026 0.08504207584696707 0.05413749404073301 0.048960336227197025 0.07313545174840379 0.02752433586294621 0.011940133874195786 0.017346653670452277 0.027495140343515124 0.046574616279443426 0.021670108863625845 0.013530380974427837 0.05345812334763261 0.02509557097829638 0.04315042491423041 0.05543850284375361 0.07145938908462886 0.06336453122384607 0.08301282450317692 0.05140907495065588 0.04625310120893653 0.026421284360638345 0.0457849969637213 0.08414009287245257 0.03935950891708447 0.0714746356929409 0.04667656898676917 0.021645813063573445 0.04015903750047714 0.07353620744455157 0.023968954803611366 0.030798993754868338 0.0316937730050512 0.05587162849608662 0.026817614583617873 0.04891895329250402 0.017432510746875 0.08105449914173161 0.06810094958520448 0.0497464387132768 0.024977436374657182 0.059657261636321166 0.056683003789143795 0.01857653244580942 0.042069130096726345 0.06911353514805792 0.05179773960881398 0.059731377304902106 0.052756383043717735 0.0804931953084551 0.03486028038809394 0.0720295477064179 0.060275987958008766
 0.011791567834155714 0.009596452963611201 0.01413394186263528 0.05447662078861362 0.05807998253783734 0.021660032505242365 0.011452605228108747 0.04724192779179345 0.07189568242799407 0.01602215938164155 0.05060594085825165 0.05748136513492142 0.04133709141103639 0.024252814828196387 0.05773970916109502 0.020591475900368455 0.03540400172335996 0.014751836495102843 0.04879098170369473 10000.0 0.024688942770632927 0.06512321424391995 0.027832122697052646 0.036240146577693075 0.03849811048666649 0.032199591163712245 0.051390876804992165 0.028953547742671334 0.05345582150767066 0.03228483647213042 0.05177239019234382 0.020595908909867497 0.06783986438910611 0.039682189043082995 0.07095853385767159 0.037300110705501474 0.03689465853804889 0.024964511566636635 0.04778739292952829 0.048021172665148985 0.06520385158153516 0.02933854674689059 0.03312421196885004 0.035297820456431074 0.013519324715821601 0.07384067994461639 0.03043253618247693 0.029484809886567268 0.05055172107294289 0.014604945207825137 0.03831002627690797 0.040426481521085945 0.06365149361615968 0.024379136442645836 0.04290088070899393 0.038504520404979085 0.05829901882465483 0.026341224561997965 0.05698024399143315 0.06681823595187135 0.027430076701128153 0.027450843335112014 0.04439109072288746 0.022825878262415725 0.01952201920364442 0.015805264369426673 0.06579577963687827 0.009448950728101044 0.0317843248800481 0.06285323294570172 0.052049734441632294 0.07223489917769133 0.045417997527215016 0.03893554662969123 0.04495209089922191 0.04442618110340639 0.008305248649757326 0.04998235375254395 0.02007881797326349 0.024876868647260818 0.0288230915917996 0.03974240589567147 0.06609528261236682 0.025177542909671252 0.02971547784963408
 0.02297797058418095 0.019202694447060718 0.025548110418208817 0.07825034601808767 0.08239381384561237 0.01801007105378509 0.02308509042147907 0.05912770167157873 0.09637033669446199 0.03957916279703889 0.07522525616394272 0.06778809167862283 0.03953358669135613 0.0030148326392279864 0.08062348059391948 0.029639023479391305 0.052912006657287305 0.028359291265933423 0.06886601202051973 0.024688942770632927 10000.0 0.08743663770759065 0.03271051841941791 0.05634618540066759 0.05043441514813084 0.04248278571026052 0.07312448538172432 0.011240502104278374 0.07791056376281892 0.05572925769127199 0.0763373145780137 0.013225694347463117 0.07947079531188468 0.016177356003356045 0.07391533491886688 0.06063922912695645 0.016142025058275878 0.04885641815362226 0.07038037619486821 0.0629021052799918 0.07859079473859568 0.05278906747587909 0.049023423482598555 0.055623719820985094 0.03362261122412865 0.0930056934571722 0.05448280276749861 0.05040881583539994 0.06938434248818506 0.01834953337932881 0.014251811245816662 0.03826893006973559 0.06842722420355413 0.04245529312484318 0.0669672256722684 0.015292085590996261 0.06514944053535242 0.03317088860799472 0.08148702243828873 0.08335948192210448 0.051831417317265364 0.005864343251282185 0.05686344626753339 0.038438367866483324 0.0371742924936094 0.03444100717260301 0.07963257091883282 0.020199679625978604 0.05348454593734737 0.08124237784599157 0.07239998043025304 0.07766852614719563 0.06970513163883904 0.05969798644289782 0.040017359336530466 0.05904352405930388 0.027846954596330385 0.06956013242975219 0.019243555749692807 0.014130924679716085 0.025151763151199862 0.015425052172857398 0.09036219739345423 0.006766100104556656 0.04853020463226596
 0.0747589248704497 0.0744061837404963 0.06254853657505934 0.050060183699600906 0.04422467602427372 0.08619040062547942 0.06451507723128772 0.04528037217044865 0.025725906641451555 0.05807686506933644 0.02827554988062814 0.04886054440176619 0.07215975979035696 0.08800118922053414 0.008224709928902384 0.07957265976147479 0.03769776807926706 0.05967514445604094 0.021143757218820933 0.06512321424391995 0.08743663770759065 10000.0 0.06316698631607381 0.03187411026509825 0.04772407175563447 0.05338774081076877 0.06277895933022584 0.09391769965974629 0.023672283358313697 0.05295009573471321 0.02644265939997813 0.07696211612815486 0.046753448459468466 0.10352170143577713 0.07159233474494997 0.05277781739721972 0.09329214046112955 0.040664001375871874 0.017341916131531437 0.037155072059216886 0.040527276858299655 0.0536035592999244 0.0425490150384549 0.03236642389479484 0.06633004368803617 0.02023227899881496 0.049743773343617737 0.06304675040026962 0.07389932653989012 0.07914443882249594 0.10168839201581915 0.07255158536886287 0.0643635320319516 0.04582967139166323 0.04676771162184492 0.10250874717857013 0.05792012682429805 0.08412437627328423 0.040477789896879 0.029420387381652834 0.048232867854510295 0.09159797660801512 0.04453803930542654 0.05066940488623688 0.05075041285355573 0.06831112614896974 0.03912311936630398 0.0672370651754502 0.03395375452631361 0.08103304930016486 0.06904287703699084 0.06589654372437373 0.025312950346431117 0.06422248996667203 0.07780561114628741 0.03919306365192583 0.05973132867522023 0.07118561961157009 0.07163324902747654 0.0796374284529033 0.07344533526599706 0.10009160003790188 0.019673247847269603 0.08975248254427455 0.06852322990975933
 0.03805470972671981 0.0339265330238412 0.013698451222878967 0.07315483265152313 0.07430841605356711 0.043375750378498765 0.01658410452108375 0.026796291558347764 0.07908863682178695 0.04019768782821015 0.06104098269021613 0.03508024042063267 0.014411378597927472 0.03487692715446762 0.058162340172341905 0.04755484670092869 0.025486963635588125 0.013686944795441384 0.04233755973881079 0.027832122697052646 0.03271051841941791 0.06316698631607381 10000.0 0.031741286695022713 0.018623498214045246 0.01077315575810549 0.07432905773270766 0.043255173705517014 0.06182741053678155 0.05393719936770387 0.06138415221814094 0.019486005786851463 0.04680210884867652 0.04763643796726601 0.043851419602955716 0.05861250108331213 0.03171923128228987 0.03493169366142871 0.048236233626648695 0.03179553670265587 0.04626183118975448 0.05136516963481825 0.020670293908310673 0.03152654190733759 0.040941551572611014 0.06384003550235526 0.050670392334145345 0.05486795905244271 0.07623318739784345 0.03804236451244005 0.04518467046012388 0.013828098235088045 0.03718084682216102 0.019417103265178016 0.0615370119947858 0.04711084301160408 0.03294969899954584 0.05316075044460831 0.07201717406739233 0.05237145590305771 0.04667968504508503 0.0384691078719509 0.024846914005660043 0.014428822652172275 0.01702203368560483 0.04343306155411273 0.04742584740101893 0.01971156399895984 0.03240363072128497 0.08841713126850524 0.07648982331717963 0.046231977501262504 0.05341822905698537 0.06372857852951062 0.01927923289493422 0.028052541612843943 0.020767222517359938 0.07516493381922691 0.013543985376758941 0.01979020297879888 0.010545244451980768 0.04025165835683375 0.07206907657784553 0.03828528482978127 0.05641421434380085
