NAME :TPP_input_21_4_4
NUM_VERTICES
81
NUM_CLUSTERS
21
Full Matrix
 10000.0 0.04523708205867782 0.043732130077752326 0.03626033533539253 0.05011729059703044 0.05401367105933747 0.018489974520627513 0.035285729583849595 0.03442273129276736 0.02288237604868216 0.047933825629723516 0.06795155366780022 0.0392508806182187 0.031103574840790803 0.030551768639313 0.058367574382624896 0.02197405707846785 0.02881489052112793 0.037580096047099915 0.052375730942526406 0.05589086727419767 0.05837517319492576 0.005437733303664697 0.039021783190403135 0.024897862777791033 0.03744929674434337 0.06463912947943912 0.03239905221224442 0.031004117100669935 0.05109005558844057 0.04835295471495819 0.04262475052791217 0.00490362937442627 0.04012007723646797 0.04780621821541627 0.021810997290583174 0.04880082142311058 0.02648441281119521 0.044964126771649654 0.043341508561303116 0.04367707892091914 0.022628836990932308 0.0424797237115775 0.02698647166205577 0.06113022010754449 0.06684384104600842 0.020430805486177712 0.03534558030159141 0.06317917676883626 0.032671569972611836 0.03343389807661916 0.04752000643626483 0.027139323242995297 0.036237654882274276 0.0416745395395257 0.0572432085937528 0.03267912608271645 0.0299261087571414 0.05268923979632143 0.03342180171719308 0.038119969525427545 0.04722153563487438 0.0512941485679209 0.04026771258933052 0.05475676324605227 0.052413863074679094 0.04442587573564545 0.036416775789654805 0.040609440201512054 0.05721470782013999 0.03261896447102962 0.05376008718389236 0.03499144486253129 0.04093845408051716 0.06996628518865286 0.025518221460431596 0.045414221662608535 0.06419984549972788 0.04148111137784592 0.04307606122516952 0.03314733351026202
 0.04523708205867782 10000.0 0.05925483127813466 0.02416113894952334 0.08521838317210878 0.09140932150912709 0.027329032658382907 0.038571088969271396 0.013369618063397683 0.031081517553558126 0.03225712627681789 0.05481698116973874 0.08202128939025566 0.029160609033151492 0.03561211149435992 0.09968545809424159 0.042068809738152475 0.06265684979714899 0.020770919399800074 0.09511679580865755 0.0298882477952366 0.07231704248845655 0.047324179751158976 0.028517246389838227 0.06862136040085673 0.007861172206308931 0.053854386145675864 0.06957456744178837 0.014898586648733074 0.012867231069362618 0.0031477531811781945 0.04769750127765964 0.04773168631912497 0.04111922529340833 0.08825889600024069 0.06508585213264106 0.028190483786326607 0.029975529808592152 0.07336564077853472 0.07089449718928686 0.036986664467286635 0.037843983516004015 0.018559752719355276 0.07219010126791581 0.04616867159004015 0.056419648753419316 0.047400650046858415 0.06941474044884832 0.10264879850077614 0.06999978751430998 0.030026099005323416 0.02385714820648193 0.028639452210174537 0.08055570838150844 0.08658679414520254 0.05703568173513321 0.012620430948106144 0.0693456638818202 0.016895256617123714 0.0785372914771532 0.0742128122992432 0.018186414911472413 0.04228092859956117 0.006904797254144209 0.045927757225911796 0.07302753122439985 0.08924166823095231 0.07237722039227193 0.08364742447803003 0.025280541065259503 0.07785604364013082 0.010947128371811653 0.015778315706819205 0.0731052918613848 0.10783450863848876 0.022704566365212498 0.07002506875064161 0.030406397198753193 0.010985122078840958 0.08227458574281299 0.018913330785812428
 0.043732130077752326 0.05925483127813466 10000.0 0.06782671174006073 0.03498497052644664 0.04268304369466987 0.048836496117063755 0.07409662410566563 0.05793466351115127 0.05931201786285003 0.08091664759753381 0.037204304895692555 0.07341043201795583 0.06611909068016406 0.023955488774183048 0.05595260620060677 0.06385171981034948 0.07176295991863518 0.06693579471175312 0.05588666095951429 0.044464102163509954 0.015075012498005446 0.049047138620435415 0.03184565258844507 0.060565233854482765 0.05503751009599061 0.033249521229132835 0.07359136235130387 0.047463048820666195 0.05459518923215025 0.06174203412922813 0.013421491033812153 0.048329608617909914 0.07898388439706008 0.08409488742202623 0.04045442358514055 0.03855928848899466 0.030790396774580665 0.0881815832977943 0.017219946691876875 0.08004526839416232 0.025674106336580252 0.06960445639684555 0.0525347285665518 0.03549865012092392 0.0341760958591657 0.06379175543540734 0.025046921120612957 0.054856303318889126 0.07374015989363614 0.06863765455283702 0.0414411602383506 0.06206011194617256 0.06712936260882553 0.05858129637069061 0.02007263056907695 0.0506410172726173 0.03359614158821506 0.05279624963551704 0.055065265102834896 0.029866009894015458 0.046223650147076335 0.027194520952990815 0.05239748982089811 0.02750281400540402 0.013906789576998205 0.0711462309188599 0.028887723642255718 0.07397022846262033 0.08244409501171351 0.05745367367081492 0.07017801089015821 0.06093377568820903 0.08345220435650333 0.05686235498103124 0.0552212423671013 0.013776781223284986 0.08866007343250279 0.06393112385045847 0.03932200128761557 0.04054100231788547
 0.03626033533539253 0.02416113894952334 0.06782671174006073 10000.0 0.08493685109814005 0.08963705735893851 0.020125665264827165 0.014566469550145443 0.012839653561202322 0.013840697756267248 0.013116758739237497 0.07454383361094016 0.06541720874388558 0.006811836004356936 0.04486214554636411 0.09462766029250184 0.02232730523085956 0.04288392985182572 0.0035230153031346897 0.08851413668957217 0.05183722517973827 0.08259073149315885 0.03546109124813107 0.043688358893395084 0.05399718023839823 0.019522241272563905 0.07272957830715952 0.05043308008366725 0.02293699593886647 0.03666011889604856 0.025814205584098002 0.059607158532430704 0.03623160676316015 0.016997808032619615 0.06955841926857921 0.058058867654128585 0.04796847085918676 0.037566921879114444 0.050854688056442596 0.07447165108626837 0.013889711309751631 0.04233064448247545 0.008280049090469258 0.061336725208451445 0.06592038070386512 0.07533511426502575 0.028317779003167197 0.06926074521215513 0.09931588556770168 0.05088842561021698 0.006382769151090611 0.044114874943304794 0.009488602717494063 0.06584156344066573 0.07647943082441397 0.07219370033403959 0.020457860195562644 0.06567967023314958 0.04044657875928794 0.06793879648563121 0.07298486041071117 0.03957612640743963 0.05944639019484496 0.025570432502297118 0.06343164991419353 0.08023637931162261 0.0750631066583662 0.07117322453090018 0.06720461871328352 0.021654867024855893 0.06618789133304995 0.025453894324101906 0.009267421312959783 0.051682211101678845 0.10585706421211367 0.012785056999112487 0.07507474131716425 0.028498494153043126 0.013497039389424117 0.07900724021314683 0.031526734377345954
 0.05011729059703044 0.08521838317210878 0.03498497052644664 0.08493685109814005 10000.0 0.007719840024333638 0.06500206949776251 0.08538766956748275 0.07913568083982413 0.07251986734090662 0.09742021403655204 0.07178318007490456 0.058752656206896556 0.08067789330496192 0.05143642383194767 0.021804744277981566 0.07162631445002438 0.06907447846870354 0.08544388043756113 0.024330359443930562 0.07785844604157782 0.03707987040720861 0.053346358699041474 0.06239187120647242 0.05125229963707632 0.07893290711526302 0.06787741836800626 0.06711021950291832 0.0708564602992363 0.08435775861121277 0.08818774534514487 0.047462002298128164 0.052411911367077506 0.09018760922191804 0.06945068008748705 0.031391903018370755 0.07115167865012666 0.05549670218127557 0.08419601087225911 0.017769182537748486 0.09372964485932556 0.047407471008733854 0.08962290392081178 0.03864671422290045 0.0704790187962147 0.0684982413291038 0.06859326619153282 0.015943453259306028 0.019876668618531778 0.06703493487360322 0.08312562691830401 0.07310766060196547 0.07653180412876999 0.05124392447517367 0.03488653552479068 0.05416929300116106 0.0737987591678225 0.02073468755377959 0.0835749543333879 0.03662955116350746 0.012021633966832581 0.07675242617196601 0.06182814036270714 0.07849647034222117 0.06245194158772316 0.02669612432220841 0.05068172656643732 0.013790973700965591 0.05842686808917953 0.10413223539932366 0.04034102076221351 0.0958401810026894 0.08106811889393589 0.07795726691476995 0.022944345358653702 0.07263136817448694 0.021542936047070766 0.11099485875381276 0.08620470021009523 0.011200104907454518 0.06684417839820207
 0.05401367105933747 0.09140932150912709 0.04268304369466987 0.08963705735893851 0.007719840024333638 10000.0 0.06998014438736697 0.08900310467828178 0.0846332554712073 0.07678191586610575 0.10182336315131105 0.07950057903929793 0.05727629898827 0.0849981829675535 0.05834045278313533 0.014513266054992901 0.07489353363238135 0.07021204614063932 0.09038281093494467 0.018550450363911734 0.0852443542071661 0.044444081332479825 0.05665928600604177 0.06947810154738669 0.051585312644783075 0.08486859153498719 0.07559628160649945 0.06742628214363337 0.07683927181404249 0.0911546863915037 0.09442809341816427 0.05504341138010724 0.05573288183089956 0.0936963887845559 0.06760769493493095 0.03364867866810831 0.0784438525636022 0.061981376431452254 0.0846128607530084 0.02546310349246846 0.09765593644169933 0.05378952765163836 0.09476513683181101 0.038657390206438845 0.07816781440392426 0.07620798415808416 0.07136272267174552 0.02208357629495482 0.012235651541177681 0.06729949734103777 0.08738486556088701 0.0802587744610328 0.08092458903096464 0.049766539314916626 0.0319060459035346 0.06187972493766833 0.07969584767406086 0.024088902689721813 0.09053411492785891 0.03539266146889283 0.017211007457496628 0.08371630056616296 0.06944103268778686 0.08478163153547566 0.07012794085761712 0.034174447155157155 0.047839011504796185 0.01905625943356421 0.056716046614118616 0.10940789528910645 0.03920668686455563 0.10188412806364512 0.08635679253989909 0.07817588128460719 0.01646773551661782 0.07762279028135598 0.029260700560966465 0.11632882219570927 0.09177865211373777 0.011308470224105372 0.07331566161192342
 0.018489974520627513 0.027329032658382907 0.048836496117063755 0.020125665264827165 0.06500206949776251 0.06998014438736697 10000.0 0.025607290079034117 0.015933311914947665 0.01090617990510677 0.03306000733385894 0.0623036001560988 0.05487412439277839 0.017310688295550623 0.02757046710519225 0.07594104617915814 0.019369616031061968 0.037478478040372146 0.020443679601004575 0.07040410236982185 0.04430936442182041 0.06384314923636757 0.020011380169378045 0.03055276810295173 0.041303922672985695 0.01946810390074159 0.059720554908858935 0.04365020414288008 0.014557740430309357 0.03517502899152154 0.030367997640989325 0.04241574482709188 0.020453993133183794 0.030373468970362385 0.06171734782002004 0.03977646031317947 0.03826579247649974 0.020539833211956356 0.05086241655772608 0.05439614759258126 0.03125167736407052 0.023176563029666187 0.024819299586590546 0.04538182960821952 0.05424035590644495 0.06222730689804883 0.02296579413631934 0.04923161793446603 0.08009961672772616 0.04404308540885754 0.019846027590324593 0.03563613391648706 0.013223629745200204 0.05322692212596042 0.0601616482953876 0.056240970913546504 0.015241539760989048 0.04626968066802958 0.037601268947401616 0.05187198319781592 0.05311848612255166 0.033447382264139375 0.04583176908748293 0.023318150775087726 0.04977826939129741 0.0606397068702886 0.0619365977007787 0.05128974854122068 0.05646039366950072 0.039544532151896974 0.050885205619671234 0.03531246469116242 0.01673036385118291 0.049046951890538815 0.08632765640469071 0.0076442284961796185 0.05514632540046218 0.04651299449751366 0.02302429383828355 0.059628699918439526 0.020249456131947726
 0.035285729583849595 0.038571088969271396 0.07409662410566563 0.014566469550145443 0.08538766956748275 0.08900310467828178 0.025607290079034117 10000.0 0.026218209467891877 0.014811596675219613 0.016690123185488005 0.08619508139734089 0.05570282868054855 0.01004429824028434 0.05311366092563108 0.09177768472872655 0.014518118056654289 0.03165159159587676 0.01808269746088024 0.08487363603494835 0.06496367455966155 0.08916206365826468 0.03237523054561809 0.054529026786319726 0.04641039590030172 0.03313676533843655 0.08399282628667884 0.039339206743264375 0.03450438128795176 0.050794188016735096 0.040352087766087064 0.06799775507985126 0.03329410121213209 0.004950431232040116 0.05815664064007289 0.055726946235008755 0.06033237006767494 0.045958000030221886 0.036991445925127125 0.07765943711362001 0.009490439987859946 0.04859112081601967 0.022172010140196912 0.056089755268206254 0.07775523063245653 0.0865647124590486 0.019633076970787748 0.0705355566508232 0.09741055244579808 0.039798123719095864 0.008583149476851723 0.056806420137718965 0.012926535561881785 0.05752255874893835 0.07096968925517348 0.0816384385249045 0.03275273832599523 0.06500374202208313 0.05443318686446764 0.06248820638422995 0.07340165006420242 0.05282814583923369 0.07028234707010494 0.03916684453340706 0.07428435228822715 0.08521824699868985 0.0667706714295431 0.07170248269651464 0.05754496731221725 0.03214280597066717 0.060072066515364515 0.03971668663984436 0.023027189059806497 0.0386377813642661 0.10461532421577158 0.021194302605919244 0.07907078446214466 0.038048166488123786 0.028058026820743476 0.07786592777214375 0.04274849196175375
 0.03442273129276736 0.013369618063397683 0.05793466351115127 0.012839653561202322 0.07913568083982413 0.0846332554712073 0.015933311914947665 0.026218209467891877 10000.0 0.01774288516378519 0.024390085920000373 0.06179455416997711 0.06941030038440742 0.016349608068978307 0.03419279448998547 0.0914154382805304 0.028709122814686797 0.04937386441891679 0.010289645699186004 0.08612440720615654 0.039061056958852904 0.07225782235490026 0.03558851375510174 0.03138517097058913 0.056435995295973984 0.006918791022873977 0.06007874351706894 0.05639553796859051 0.010870379226545471 0.024708834901944875 0.01593575965010209 0.04844894859830617 0.03612332146879892 0.029470050549825332 0.07521584108074912 0.05555663424039136 0.035143280676228975 0.02714592792102881 0.06005246731519179 0.06672597981689023 0.026704565562253747 0.03338908715204885 0.011698548901441348 0.06126807725581132 0.053148097983820315 0.06268737163073343 0.03411187972198377 0.06319875494116654 0.09520392143534188 0.05682680955166144 0.017673611814200046 0.03127531780260271 0.015331427654549283 0.06844691851309326 0.07609068829182526 0.060280920740947666 0.00796242246301263 0.061389439955225146 0.028244095344681436 0.06778030234003675 0.06751785069887192 0.02681881698909754 0.04699351478872976 0.012959072795833323 0.05094976874736962 0.07102872296591548 0.07735208196300634 0.0656685064793138 0.07108544225020044 0.02517752586595415 0.06670669692750274 0.0195094725903147 0.003625295110685866 0.059736200548325055 0.10108161479386525 0.00973969477907087 0.06669419325651531 0.031919433592965625 0.0072131474609713735 0.07467985459883672 0.019276270458654744
 0.02288237604868216 0.031081517553558126 0.05931201786285003 0.013840697756267248 0.07251986734090662 0.07678191586610575 0.01090617990510677 0.014811596675219613 0.01774288516378519 10000.0 0.025060481239450153 0.07271311202424317 0.05258089452748345 0.008224974671713936 0.03847626919714228 0.08111534644288718 0.011010087632460237 0.03165118977150891 0.015951648298445587 0.07483763863028771 0.053236653647191934 0.07437041765019746 0.02165419142374869 0.04089060523322351 0.04049970731368272 0.023884748863347877 0.0702698256718759 0.0387761290831156 0.02232646617619344 0.04151691837746322 0.033673558272571305 0.05331027181349397 0.0224446723400554 0.019673068515527904 0.05773330406234435 0.04453947343199206 0.04778754287709045 0.031426442904377475 0.04276885117778047 0.0635395371558756 0.021499315448099045 0.033779796024673674 0.021230607528377392 0.04749647982911932 0.06448147641737688 0.07280419708171525 0.016397985524611733 0.057175246448274195 0.08605830194075428 0.03921417400937917 0.010613060063703184 0.044706539497695014 0.004371432337064314 0.052448482058873855 0.06263880688493252 0.0671373269432974 0.021547798655772298 0.052706373990091364 0.04460343547706976 0.054099024038444805 0.06050168025146116 0.041609805833088605 0.05642296050708582 0.029274985303553804 0.06039798780737012 0.07063279363278212 0.06160456362840347 0.05873239323560873 0.054321438319648446 0.0354376567518947 0.05237961274257237 0.036193017061085006 0.016183068840933318 0.042074654034386795 0.09282471223213119 0.008856122093759602 0.06470513938687107 0.042322336311293896 0.02304967587875097 0.06593186225226165 0.029729225483091013
 0.047933825629723516 0.03225712627681789 0.08091664759753381 0.013116758739237497 0.09742021403655204 0.10182336315131105 0.03306000733385894 0.016690123185488005 0.024390085920000373 0.025060481239450153 10000.0 0.08575193437061648 0.07235353380671754 0.01683558291180821 0.05778905931364962 0.10601203416245511 0.030103102278516727 0.04833678240825353 0.01427647203825367 0.09952660551844922 0.061817384332440814 0.09563833794960133 0.046268451130356894 0.05577466503980673 0.06256381289142335 0.030094312936519114 0.0842357828384941 0.05602074748360325 0.035163273992739406 0.04509829881043928 0.03280337006565161 0.07242293880209492 0.047121342603111536 0.015032206176561414 0.07476865015588663 0.06948471899723944 0.058897009301402056 0.05052164167471224 0.05231975690085229 0.0874561182457419 0.008171032532042148 0.05544648614274538 0.013846457092549632 0.07140131667384818 0.07706189758119096 0.08684401136339033 0.0357733997722403 0.08189319002981027 0.11109121263276892 0.056479271388611314 0.014524160248585173 0.05479124660227892 0.020907518107816773 0.07393468160989308 0.0864762940816089 0.0846318532821412 0.032351078420581 0.07775800736166866 0.04914992042744866 0.07792922141341951 0.08541971287041128 0.049677942059067365 0.0713376274742908 0.035742724527617065 0.07527522390965379 0.09335182881297198 0.08320400780129941 0.0836306781505121 0.07419273694534478 0.01660183860074149 0.07577988279798496 0.028912410059849743 0.020856199708017786 0.05474427470668636 0.11788518619939403 0.02588037661632037 0.08814166695029796 0.02171556257918308 0.0215757697829994 0.0909923434174208 0.04365831300237775
 0.06795155366780022 0.05481698116973874 0.037204304895692555 0.07454383361094016 0.07178318007490456 0.07950057903929793 0.0623036001560988 0.08619508139734089 0.06179455416997711 0.07271311202424317 0.08575193437061648 10000.0 0.1047225075424529 0.07630843446939374 0.037425222501921394 0.09309068963908787 0.08148112022688835 0.09626292406158994 0.07205496011231767 0.09303587970305427 0.0257117368303589 0.03814369551886089 0.07316640949859439 0.031822558536567666 0.09060834936870739 0.055662936640050585 0.003963752227466573 0.10035060587884344 0.05187341367038422 0.0434992806734319 0.05563388957067572 0.02779108038045647 0.07280394474712071 0.09029986948573492 0.11458867068704473 0.07379143952815023 0.026879250292149104 0.042735054638770524 0.11163122549791683 0.05419683444903385 0.08843075955752938 0.04537387065098519 0.07201806025903364 0.08566676876125527 0.008696563839186384 0.0038087170199307342 0.0840044024464699 0.06191519824302427 0.09151074685929306 0.10062169494687145 0.07833182029048913 0.031090482680588793 0.07335041525294964 0.09953719895944303 0.09428979922968944 0.017690116656362734 0.05410321158011686 0.06938826071618295 0.03964757381375268 0.0895032588520017 0.06693932430632552 0.036630622054313035 0.016783114517012074 0.05009282650518831 0.013196309508588777 0.04647260776990348 0.10512935642456524 0.06583092730937216 0.10566152545865105 0.07984059500896357 0.09122331550340491 0.06338325505623425 0.06541947260444338 0.10845715557035635 0.0925524515584711 0.06502507706100269 0.050240248855110144 0.08407006363482698 0.06442175213622225 0.07648343086498094 0.04345879815590147
 0.0392508806182187 0.08202128939025566 0.07341043201795583 0.06541720874388558 0.058752656206896556 0.05727629898827 0.05487412439277839 0.05570282868054855 0.06941030038440742 0.05258089452748345 0.07235353380671754 0.1047225075424529 10000.0 0.058644851719233095 0.06831215480554913 0.051347445676415374 0.04315112435322732 0.024477767347361068 0.06818158568104751 0.043122858088770886 0.0950733251075074 0.08519266363660001 0.03545022146357286 0.07792170580238439 0.014439448956459645 0.07420437915875151 0.10108706109355167 0.01724944526622566 0.06908514194146645 0.0896658834951607 0.084960777382736 0.07745735452106561 0.03530455951473943 0.05849807952184191 0.010970674501067815 0.03312385415668076 0.08789871802828447 0.06540829191643477 0.03153444373627082 0.06402064563919031 0.06497961290082364 0.060078673914961314 0.07347354975369462 0.021478507222421287 0.09880337840403645 0.10300206099823916 0.03716158440599686 0.052541492591017286 0.059233588809013415 0.016837341934806814 0.0598450171087929 0.0867597074353349 0.05644092399480768 0.007527714243833641 0.02627873210070266 0.09126231571741517 0.07010759074201979 0.04240367999022772 0.09160034129079284 0.022126745603353204 0.05088013366928143 0.08638164369734047 0.08865667809764229 0.07813745187975793 0.09169407502601643 0.07604160473573655 0.01319687746199909 0.0503491893782182 0.0018478580213959492 0.08666307072074587 0.018425037202973525 0.0886166774187363 0.06856683693997999 0.024963745749863334 0.06755299602898565 0.05967122973270175 0.0680163763815894 0.09313157070324254 0.075495513720242 0.04759623102367586 0.07229370486610626
 0.031103574840790803 0.029160609033151492 0.06611909068016406 0.006811836004356936 0.08067789330496192 0.0849981829675535 0.017310688295550623 0.01004429824028434 0.016349608068978307 0.008224974671713936 0.01683558291180821 0.07630843446939374 0.058644851719233095 10000.0 0.04416346557968085 0.08927985658788279 0.015524042520486052 0.036097211262057956 0.009943617664660863 0.0829212493441243 0.05492380241891663 0.08109623518027241 0.02965618565063045 0.04476157595574977 0.047428553993011324 0.02325241292570247 0.07418829790442101 0.04362991898132608 0.024513645191796708 0.041043999425937575 0.031219627455282454 0.0590754049785362 0.030480053786645388 0.014013687829959149 0.06275556512585884 0.05271746985936989 0.0503136948090579 0.036895259589374604 0.04462326335308785 0.07129340686573601 0.013941001392213919 0.040445628104728994 0.015052503733451801 0.055238461530321865 0.06782561294481314 0.07677129397812492 0.02151808370366465 0.06525394005119724 0.09427397871477457 0.04408478324377536 0.0025475533716993524 0.04676499484828054 0.00421431196714036 0.059206907392409115 0.07037808076458146 0.07236890703757752 0.022708901081962635 0.06092678722451976 0.044590486703522836 0.0618224132458064 0.06866519183482847 0.04280444313353078 0.06056029021727417 0.029238433341823133 0.06456615717990671 0.07791840786264856 0.06844925657710149 0.06688727992296743 0.06043777986664836 0.028191785193602634 0.059922698946767314 0.03184687716841884 0.01339595109983182 0.045130288687506376 0.1010496140993566 0.011555731171574001 0.07226632582800087 0.03490894408979413 0.019239528351126422 0.07415678895882716 0.03285098302404513
 0.030551768639313 0.03561211149435992 0.023955488774183048 0.04486214554636411 0.05143642383194767 0.05834045278313533 0.02757046710519225 0.05311366092563108 0.03419279448998547 0.03847626919714228 0.05778905931364962 0.037425222501921394 0.06831215480554913 0.04416346557968085 10000.0 0.06881995016615507 0.04553044268963512 0.05889066984715592 0.04359588561638628 0.06598410481207077 0.028946811452548033 0.03806505687126559 0.035741501342008083 0.011549209856672073 0.053955542611590544 0.031083680344858772 0.03420257167530134 0.06294360733147797 0.023560551550068903 0.032944762493792544 0.03826480791072394 0.014914585312615771 0.03538700336291364 0.057789435981169465 0.07773550870443802 0.04009244011865405 0.021566122840971088 0.007308878633138879 0.07447496271339228 0.035728639225959764 0.057828862105313794 0.008233486093822903 0.045891227968014904 0.050983355929597726 0.03066552731595118 0.03649162044453515 0.04726076215587101 0.0364447149769359 0.07025902557261975 0.06322051879539275 0.0465797529627041 0.022373585986220752 0.04039281951685884 0.06382344612231171 0.06228141367603292 0.028755803561948855 0.026728499635902705 0.03961973015794288 0.0321953314096432 0.05591920174574952 0.0417043620012506 0.02538116167031844 0.02074312800057242 0.028710267787244864 0.024243886887631814 0.037519352364903676 0.07047902299048302 0.03999759365826282 0.06941372684950432 0.05849475862207868 0.05685451973769779 0.046558635877531666 0.037345050704912244 0.07108837546434335 0.07437750605055708 0.03274181360697775 0.034501412567805374 0.06471006093073627 0.04000127754705034 0.050873406820826646 0.016724961863135365
 0.058367574382624896 0.09968545809424159 0.05595260620060677 0.09462766029250184 0.021804744277981566 0.014513266054992901 0.07594104617915814 0.09177768472872655 0.0914154382805304 0.08111534644288718 0.10601203416245511 0.09309068963908787 0.051347445676415374 0.08927985658788279 0.06881995016615507 10000.0 0.07729056443819188 0.06865886855914773 0.09586742491281697 0.008225802315172226 0.09683842326637952 0.05885655069702151 0.05977696159996586 0.08028020899812119 0.04935692641025786 0.09262913714700233 0.08915188685140427 0.0644248147077591 0.08482693992862388 0.10095435687126984 0.10279069035258764 0.0675923103828501 0.058908240295572185 0.09617329067629797 0.06061866506304761 0.036581791722084596 0.0897723500088549 0.07138516224782632 0.08131599004821714 0.03891020971511064 0.10091594579612287 0.0631477401918754 0.10062445947790084 0.036888229959007514 0.09117962256776017 0.08991554270640174 0.0728899720494173 0.032732090334401595 0.008147880068767311 0.0642062048765638 0.0914971552276791 0.09114101970450654 0.08543498450067921 0.04423624356436415 0.025135143332083318 0.07560578645722742 0.08744427365327942 0.030341166482734595 0.10078184090411874 0.03163120011215461 0.027367497762681898 0.09403445766967437 0.0820316704725126 0.09336001071175076 0.08307374722648546 0.04849971272409999 0.03984188890383475 0.028949419515124416 0.05037695873791108 0.11539030120207892 0.03519376027400773 0.1097028674406491 0.09265601342377768 0.07466545800172848 0.01635649949676148 0.0834422620336006 0.043026633342126794 0.12237655252823468 0.09862855300699934 0.01794719293821002 0.08249473298633972
 0.02197405707846785 0.042068809738152475 0.06385171981034948 0.02232730523085956 0.07162631445002438 0.07489353363238135 0.019369616031061968 0.014518118056654289 0.028709122814686797 0.011010087632460237 0.030103102278516727 0.08148112022688835 0.04315112435322732 0.015524042520486052 0.04553044268963512 0.07729056443819188 10000.0 0.020892346609452522 0.025268495901284636 0.07035627489253958 0.06343591772888507 0.07885218804506276 0.018289523242012946 0.04984755046901257 0.03248729807146514 0.03488842155321942 0.07876628926818498 0.028263104044413172 0.03278723229870532 0.052447705620255476 0.04461346684013493 0.059854756831513305 0.01922323506727272 0.018915859470941838 0.047365821079529594 0.04141957477316347 0.05758825828213972 0.03905303758099061 0.031941347200715786 0.0652316076870506 0.02386096645719806 0.03941349724798742 0.030501829818850874 0.04161986532016032 0.07353090726015671 0.08123198432822289 0.005995973353120648 0.057245932595289296 0.08301965511255865 0.028712859161019927 0.016720793509376806 0.0548037029458203 0.013887959997342148 0.044025561896926954 0.056571911008803294 0.07420674120248252 0.03233772805872015 0.05104095568766473 0.055440712908818184 0.0480605818713487 0.05972745998065684 0.052117834282073665 0.06486775057923512 0.04019928735975328 0.06876047299129415 0.07379118994902759 0.053297223437635634 0.05808880361470225 0.04495272154962268 0.0435378164345712 0.04575753125642504 0.046645100231070234 0.026884931023844125 0.03106456875564113 0.09032162384795507 0.019762471757458953 0.06710025278443336 0.05009744453268824 0.03358984636097414 0.06368237568199914 0.039510013845411834
 0.02881489052112793 0.06265684979714899 0.07176295991863518 0.04288392985182572 0.06907447846870354 0.07021204614063932 0.037478478040372146 0.03165159159587676 0.04937386441891679 0.03165118977150891 0.04833678240825353 0.09626292406158994 0.024477767347361068 0.036097211262057956 0.05889066984715592 0.06865886855914773 0.020892346609452522 10000.0 0.04599971479771111 0.06078763014801019 0.08138559448880107 0.08586245847204241 0.02339607503252099 0.06592575756313801 0.019306809606174327 0.05522303461428948 0.09309310675824399 0.007693095263852299 0.05193897453784009 0.0723163040808855 0.06530955439162217 0.07143873377185514 0.023927193368131188 0.034119661942701725 0.02672480847884437 0.0379048141519605 0.07487381612562778 0.05379856761449099 0.016437686637306013 0.06797833166569325 0.040726143443602085 0.05126427520874883 0.051148678270564706 0.03199097700414615 0.089024847508362 0.09537081569449367 0.015262094126711175 0.05769760711076382 0.07566282326718694 0.00815282968703761 0.03684425265179523 0.0727135963811848 0.03478027721617515 0.02777687205609726 0.04465045585975404 0.086058013338397 0.052076692474306935 0.048895813756441565 0.07498264128300941 0.03708096323655206 0.05834160024669404 0.07090284752371641 0.07949606739729215 0.060150381723596685 0.08311544440812546 0.07865409844845098 0.03662166965271979 0.057110521792805326 0.02632249513887411 0.0633629342729318 0.03371659646967431 0.06753559028238867 0.04773845282071164 0.012197711520551406 0.08369830559383308 0.04001334440640967 0.07099087485377042 0.06956300422247878 0.05447882621517758 0.05907703058227383 0.057347714485009846
 0.037580096047099915 0.020770919399800074 0.06693579471175312 0.0035230153031346897 0.08544388043756113 0.09038281093494467 0.020443679601004575 0.01808269746088024 0.010289645699186004 0.015951648298445587 0.01427647203825367 0.07205496011231767 0.06818158568104751 0.009943617664660863 0.04359588561638628 0.09586742491281697 0.025268495901284636 0.04599971479771111 10000.0 0.08995221127127878 0.04891845381963979 0.08154576644924384 0.03724744884232209 0.04160743953383982 0.05642477317484314 0.016617068859008863 0.0703661086781717 0.05349184950802281 0.020919357539200947 0.03338275197608453 0.0223354739678356 0.05816806237080135 0.03797142380286387 0.020349042841574978 0.07261237367253597 0.05937666264371429 0.04533565251609205 0.03636136190472178 0.0543150054206587 0.07435460522129606 0.016646381896682886 0.041687955996797116 0.005304396000916326 0.06325292408538896 0.06339661646443243 0.07297489027571973 0.031223605900819445 0.06965190692173528 0.10032476264479735 0.05394474788816497 0.009860419180473257 0.04138384857469045 0.011793167457408334 0.06834343060151626 0.07836967121259826 0.07038021308326765 0.018192451305325687 0.0665607400129144 0.03722528398194847 0.06985760438830708 0.07356041181619609 0.036655759513972354 0.05726504517360193 0.02259630678292904 0.06122754463607408 0.07962612759095271 0.07752486379716228 0.0717327014757121 0.06995285834555008 0.019688864131085216 0.06825303267312512 0.02200210375171055 0.006676750038983653 0.05503260296105653 0.10669269764387856 0.012815055727755683 0.07474717449375752 0.026655155949537837 0.010002144096553 0.07991790570197049 0.029457507221232356
 0.052375730942526406 0.09511679580865755 0.05588666095951429 0.08851413668957217 0.024330359443930562 0.018550450363911734 0.07040410236982185 0.08487363603494835 0.08612440720615654 0.07483763863028771 0.09952660551844922 0.09303587970305427 0.043122858088770886 0.0829212493441243 0.06598410481207077 0.008225802315172226 0.07035627489253958 0.06078763014801019 0.08995221127127878 10000.0 0.0945770705132399 0.06084520671793267 0.0532767564823193 0.07753143853591977 0.04148537485188951 0.08782901801724315 0.08907307826793004 0.05635138348558806 0.08021826904721202 0.09731007181873354 0.0982502672355386 0.06652833899772671 0.052442677199347996 0.08915377165750249 0.05246231752460538 0.030640944494642327 0.0873445789160999 0.06777837674348795 0.0731749781085539 0.03953822319259245 0.09412671325623971 0.05964826668186078 0.09484292142232326 0.029301656187914898 0.09037496183319686 0.09006244274564779 0.06572226095967577 0.03129173287678895 0.016202876162590023 0.05612242281333492 0.08506023584869052 0.0883470042218489 0.07919237714236256 0.0360170123349299 0.016917365378695672 0.07589774869488233 0.08268109488216803 0.026457416417969056 0.09744617715021785 0.023706684280023926 0.026119361487199216 0.09079927633026191 0.08083785087607268 0.08901135425784364 0.08225919028546191 0.05034470808295092 0.03174621024707741 0.027351679095789734 0.04216185897843646 0.10958801263261318 0.027166753455068797 0.1048217437675861 0.08712579225425109 0.0665156377978419 0.024501573360447563 0.07776691062158332 0.043931510601379106 0.11657419627543077 0.0933192754091351 0.01656536421871714 0.07860827446849984
 0.05589086727419767 0.0298882477952366 0.044464102163509954 0.05183722517973827 0.07785844604157782 0.0852443542071661 0.04430936442182041 0.06496367455966155 0.039061056958852904 0.053236653647191934 0.061817384332440814 0.0257117368303589 0.0950733251075074 0.05492380241891663 0.028946811452548033 0.09683842326637952 0.06343591772888507 0.08138559448880107 0.04891845381963979 0.0945770705132399 10000.0 0.05309269647781042 0.06025087546621737 0.01766640696417096 0.08064876917865732 0.03232636047346206 0.025624341711482285 0.08688638620615585 0.030935951494296884 0.01788526498427969 0.03030011810387285 0.031057174083624618 0.06019478827784201 0.06849420187753902 0.1036111880409896 0.06889221018660152 0.007414948692394011 0.029805432213641143 0.09516710536395649 0.06059840189221034 0.06556407946887981 0.03649566735591799 0.04797225891200522 0.07935499206430163 0.01751235789539104 0.02799354452265526 0.06726426551620754 0.06411446376758129 0.09742743177417997 0.08723655475174466 0.05657329950841133 0.008683254798035039 0.05274336692329507 0.09138545515445405 0.09117902442560821 0.033287640875467185 0.03225200298840754 0.06839251961396298 0.013952801157710274 0.08459841676331528 0.0694760568111107 0.01226505573874131 0.018479206522925642 0.02632350349812309 0.020593716304641064 0.05769850984722504 0.09863846482313153 0.06789548871202236 0.09636211124900552 0.054433119012984525 0.08528055469533 0.03776440552260851 0.042574764645344654 0.09321829210273645 0.10055645390250208 0.044630644824381595 0.05796016706585815 0.05842277600341276 0.040241659251528596 0.07896484771327177 0.024092079935943624
 0.05837517319492576 0.07231704248845655 0.015075012498005446 0.08259073149315885 0.03707987040720861 0.044444081332479825 0.06384314923636757 0.08916206365826468 0.07225782235490026 0.07437041765019746 0.09563833794960133 0.03814369551886089 0.08519266363660001 0.08109623518027241 0.03806505687126559 0.05885655069702151 0.07885218804506276 0.08586245847204241 0.08154576644924384 0.06084520671793267 0.05309269647781042 10000.0 0.06359541502051562 0.04398120528473186 0.07323946281630403 0.06883467943559113 0.03464780491372851 0.08712058876778904 0.061577234897739065 0.06604074818797767 0.07456419949021849 0.024632150697379195 0.06283636935593367 0.09404345175035776 0.09608586207947023 0.05212198328547041 0.04853464378520977 0.045202538282101926 0.10229867884865916 0.022233929634019454 0.09500452599847747 0.04066658816249052 0.08395628241488395 0.06380870440516337 0.03986467877678039 0.03443484773132497 0.07861209267970376 0.03339058995160132 0.05567330884243561 0.08723258002428906 0.08360506129717461 0.05212194239800772 0.07706361182255947 0.07843324526278177 0.06716129608284707 0.021223943437604944 0.06472489841274491 0.0433274184785006 0.06363575703396192 0.06520508118903247 0.03681989755900497 0.05751925141365921 0.034622787617128975 0.06560489825001183 0.03316447480398465 0.010502494993292392 0.08121759849238225 0.03653882571412821 0.08553705326250544 0.0963036310926064 0.06808446128281935 0.08309818937998041 0.07538810389662819 0.09729091142046457 0.055441510529601425 0.07008296869591367 0.017785940324424244 0.10229128021712919 0.07793172853913032 0.04491166063425707 0.054103622963845334
 0.005437733303664697 0.047324179751158976 0.049047138620435415 0.03546109124813107 0.053346358699041474 0.05665928600604177 0.020011380169378045 0.03237523054561809 0.03558851375510174 0.02165419142374869 0.046268451130356894 0.07316640949859439 0.03545022146357286 0.02965618565063045 0.035741501342008083 0.05977696159996586 0.018289523242012946 0.02339607503252099 0.03724744884232209 0.0532767564823193 0.06025087546621737 0.06359541502051562 10000.0 0.04373320655863429 0.021451039230558626 0.03946417922244154 0.0699007927660224 0.02724859063152595 0.03375664802322158 0.054252264229406245 0.05037574690977802 0.0480448895609109 0.000934452646779303 0.037037678336800994 0.04338456980329434 0.023401082279493703 0.053298529198948764 0.03126745652710945 0.039526704978667546 0.047861019931707625 0.04125429196924587 0.0279369466779894 0.04237802319900835 0.026035147479731735 0.0662067645664458 0.07213204167470205 0.015734137643777367 0.039201919713168984 0.06512358613240102 0.027542653613060967 0.03178459071281051 0.05175286259480878 0.026025378112234012 0.03326986452028379 0.04112766124587051 0.06266801208780964 0.035022256716215824 0.03275390469750873 0.05615073945282156 0.03263356843447693 0.04147651082515099 0.05101911032609991 0.056460896545151226 0.04291965671870174 0.05998022822244005 0.05735248601316794 0.04192532847556646 0.03986223522679586 0.036931368593579206 0.05691785013346908 0.03123144841432219 0.055096674102825816 0.03560577979877456 0.0355415906987213 0.07224869336744001 0.02612434766025596 0.050172158199828495 0.06385558203050498 0.04237165793329516 0.04549441880112651 0.03694822488177105
 0.039021783190403135 0.028517246389838227 0.03184565258844507 0.043688358893395084 0.06239187120647242 0.06947810154738669 0.03055276810295173 0.054529026786319726 0.03138517097058913 0.04089060523322351 0.05577466503980673 0.031822558536567666 0.07792170580238439 0.04476157595574977 0.011549209856672073 0.08028020899812119 0.04984755046901257 0.06592575756313801 0.04160743953383982 0.07753143853591977 0.01766640696417096 0.04398120528473186 0.04373320655863429 10000.0 0.06348273694253526 0.02630697021160405 0.029467881419283363 0.07083173768107358 0.02075350979240309 0.02278343681457784 0.030621861445233906 0.01937588022560787 0.04356643493318098 0.058774706804383535 0.08681783512883584 0.051238549734684426 0.010255989779429283 0.012545438091213513 0.08065488845955748 0.04597286040588102 0.05744606887291763 0.01883047532072289 0.04259733109976374 0.061716871733300066 0.023689352452766578 0.03203600886513977 0.05276112331779531 0.04776147478220182 0.08150032719444995 0.07115255865453593 0.04689773483092284 0.010860813907530338 0.04163083277875926 0.07395873941761058 0.07355392039443022 0.02908634136704717 0.023427912028892627 0.051166402570960966 0.02133658936067788 0.06693201829854124 0.05306688375685272 0.014570436088162374 0.01581515743828786 0.02205123464172757 0.01981945833756818 0.045748892754189176 0.08105401540623765 0.051392278110176326 0.07914645184486363 0.053255598712143436 0.06763678106404884 0.03916615266606806 0.03494658017855651 0.07801380832539147 0.08531978870188772 0.03333505874148152 0.04412197156805852 0.05882943821772476 0.03559298541707689 0.0623346615478471 0.012166169642795413
