NAME :TPP_input_16_4_3
NUM_VERTICES
61
NUM_CLUSTERS
16
Full Matrix
 10000.0 0.09050806209698514 0.015569305792506823 0.027174056572901232 0.08831075225398678 0.057683510840352135 0.08416046966150079 0.08425870451604249 0.047261432695740346 0.06032794000871163 0.01910406686415754 0.05671668643925989 0.07084988164199062 0.07456977275964626 0.05098875767555371 0.08158710304983713 0.03577077331289921 0.07271777181529428 0.06471167254671994 0.04237871170394978 0.0271410695797739 0.05109257925633277 0.05590709404223145 0.08401665237938574 0.04335320825255457 0.046431754784142534 0.03159824491843968 0.035061579914570595 0.09390578314233994 0.05972639535351695 0.07316045229849462 0.08138452177252511 0.04210596208549088 0.07376522729473146 0.07826889447272015 0.07842968803302926 0.021290354926071512 0.07017240247186661 0.054338185254339096 0.07569395213572068 0.07044682083764477 0.04604321070971232 0.042937529861222665 0.07612557055326168 0.01804780567025535 0.05419897772971134 0.08822666611513874 0.07964941692544783 0.07490929057684137 0.05578121560567489 0.01526452910807857 0.008574137134966749 0.04293584250712359 0.0838180487019921 0.05689830652662412 0.04544207471528061 0.05667277352604795 0.05603019400005514 0.06966111720852078 0.07527664733582948 0.02026579668124035
 0.09050806209698514 10000.0 0.07821502217245851 0.06588068067455019 0.015990441186279517 0.03643850267221542 0.054217066583255404 0.00841340228958161 0.0804117920900555 0.06719075525054378 0.08310937142058153 0.07793130960555862 0.024129147544589363 0.017810088836618134 0.0603960564415046 0.020630928125676268 0.054871847600867274 0.034667909331667385 0.02625869300774271 0.058799734182506044 0.08459976484388461 0.08499021688783524 0.04223132221503232 0.033089966522675644 0.04783928190566668 0.07867205247875815 0.0700679163286888 0.0990003008642676 0.01369329907144486 0.08914222309665955 0.08805402684155207 0.009555218998998603 0.0568641371475457 0.0313518316891249 0.04327970108147654 0.0543241254853887 0.08351084137998724 0.034116217362472445 0.047415854484198806 0.017591762142973744 0.027103915396934932 0.07192931394430505 0.0891546487227559 0.03747718000008554 0.08569066100020364 0.05824589065266695 0.03589979863893066 0.0747181667391233 0.03746581421151966 0.054438515984012344 0.10104075022549158 0.0966949581627547 0.08408061898147201 0.05731562253397017 0.06708344394624971 0.07941322482362906 0.08654394448167455 0.09004500598749897 0.06520052359291176 0.04053093456088392 0.0742262211422633
 0.015569305792506823 0.07821502217245851 10000.0 0.02247571574555868 0.0744311936621459 0.048491750280402826 0.06859546109637045 0.07270616608730768 0.05156778427397006 0.04531090209180861 0.025921404417934737 0.05970091643659421 0.05707629045401359 0.061445938546972674 0.03549053425443454 0.07190957006015979 0.025520384862922414 0.06526302645495079 0.053391578591041065 0.038850977551356046 0.034315795452517374 0.038875410086824685 0.04107808675406092 0.06895607308639716 0.03347016884057046 0.03308669823911843 0.01624529620074762 0.030079142419340434 0.0802688250998441 0.047742757938243695 0.060076657979980415 0.0688202531073808 0.02670688591696187 0.05896005267955758 0.06281185998453272 0.06287129525751042 0.02827843578632798 0.05527410673632898 0.048459333953795355 0.06239970012328449 0.05626509690554038 0.031511170292917855 0.03251832444814549 0.060892717302254866 0.026471252964639383 0.03866432640975531 0.07304183869726426 0.06490998502550727 0.05968985267157628 0.0402124411762293 0.022826407608197017 0.024042660599628906 0.031027665077053092 0.06828294592195895 0.05697986558858675 0.04955547005561418 0.044404572691386646 0.04454088459117471 0.05446344987759545 0.05991835593032578 0.02022530335924314
 0.027174056572901232 0.06588068067455019 0.02247571574555868 10000.0 0.06658550174024808 0.031069376890822953 0.07301333372748874 0.05888738518633426 0.03231169881124492 0.05659877152545949 0.017695131911645453 0.03890345677472752 0.049608873331293754 0.05173010475225023 0.04436088638827496 0.054874401755997934 0.012685842504779391 0.045543737343046876 0.03962402919100095 0.01644058971888834 0.02200163802382332 0.05715797732387204 0.03949167766370129 0.06657188058939845 0.018131754307257768 0.05017960993747241 0.03077731669025174 0.05251889531555102 0.07146491190543547 0.06580173631521272 0.07585869608563502 0.05735458890439345 0.031806617096114514 0.05565312138083446 0.06410334280434096 0.0679187308458896 0.01867169896518382 0.05271247899200525 0.027308103686860607 0.053140367046022534 0.05033809597831639 0.04612563648677173 0.05296988057489225 0.06012692739436554 0.020148311891428853 0.04647464426365772 0.07130987281133291 0.07612131972188632 0.05889536503859157 0.04613236520861275 0.041220695677746874 0.03155895441165897 0.05026664303697503 0.07370838277141135 0.03481254416870056 0.03029391737598224 0.06227088656419043 0.0633497098794511 0.06405825483665555 0.060288403538446805 0.008346223950168818
 0.08831075225398678 0.015990441186279517 0.0744311936621459 0.06658550174024808 10000.0 0.04158864346715857 0.038672417737502046 0.021207261953404232 0.08680821080553462 0.05491343609075171 0.08427856830394465 0.08603417201658757 0.017461940544359615 0.0152178758338917 0.05031237588779167 0.033925561134506954 0.0543044081222952 0.045958543582421005 0.02980959441008795 0.06337279816449846 0.08731183941565886 0.07418708267008581 0.03440269319241096 0.017467007502660482 0.04875818421278975 0.06858104311992462 0.0635047945990495 0.091116787287804 0.00636755213452389 0.07721669333827308 0.07442538368906704 0.014049277490463892 0.049914272404774626 0.018837964834956797 0.028405068920303967 0.03937499183004912 0.08511902261020472 0.022440804464799454 0.054129918439955994 0.013618380064031335 0.01831723930590661 0.062083487923077336 0.07968138385410478 0.023286328998453544 0.08672579988878498 0.04761487064124342 0.019930304618561108 0.059987158337733465 0.02359367496356396 0.04382523253538745 0.09686295771619549 0.0954211254768764 0.07454585271643177 0.041844093503531514 0.075456380122357 0.0855116696212398 0.07496071581600106 0.07865730344666218 0.0514795019337906 0.026340573379451445 0.07469082089915972
 0.057683510840352135 0.03643850267221542 0.048491750280402826 0.031069376890822953 0.04158864346715857 10000.0 0.0630665049653985 0.028681160117497346 0.04523466614025183 0.05949868878955957 0.047377950892862966 0.04481821405492449 0.028297180158759174 0.026675998211393766 0.04789613366413121 0.02390420725823622 0.022971367469899327 0.01787602938079194 0.011799720284457166 0.022423534243437147 0.04823448274336473 0.06996131532249428 0.031516858576304506 0.04849694669926973 0.01502886177532959 0.06252827940338769 0.04678984701739143 0.0753120037201051 0.04494010593255768 0.07698267566352064 0.08203567162632132 0.029316142549730063 0.03753932570420176 0.0386341858708656 0.05149384995571138 0.05972896413096531 0.04753457288758844 0.037595838682724377 0.012811299258370086 0.02841145601622023 0.031071881232915478 0.05622870082322529 0.0700819262833335 0.04555329306641403 0.049996159847491665 0.04784540769063023 0.05334329396429809 0.07529852166632885 0.04457597423610418 0.045175613902688254 0.07044915683989367 0.06262307978361324 0.06574655523303055 0.06504186737209498 0.03460639767390194 0.043980470476300826 0.07362124444630071 0.07613056517674087 0.06295933585465614 0.047252671463446534 0.03924945924803427
 0.08416046966150079 0.054217066583255404 0.06859546109637045 0.07301333372748874 0.038672417737502046 0.0630665049653985 10000.0 0.05709211728032774 0.10234285235502642 0.028104515701669202 0.08868259049182532 0.10521130195102667 0.03709323764438053 0.042619334311215874 0.03339221532594771 0.06793371843862069 0.06112975137982871 0.07560909353539473 0.053654275908117485 0.0784785157852029 0.09479842579608029 0.04842706160135773 0.03432439313730958 0.021209438020221003 0.06044004742229625 0.046067569899120246 0.05280440595189179 0.07170271270945207 0.04363786564410814 0.047528441213929934 0.03970282769307329 0.04852609699665113 0.04285794291033339 0.025835389485015212 0.011993022603780696 0.00581741457115154 0.09040637330116409 0.02571584274404085 0.07501699299503616 0.04133376316481467 0.03341881496322671 0.04187441493183584 0.057182479460654884 0.018398819035567133 0.090487220239316 0.030055314036171486 0.019644257536057235 0.0227867526192296 0.019073296322256957 0.028445070787424722 0.08665089334054685 0.0926226177365374 0.052662426280308136 0.0032612641351467374 0.0962389477007741 0.10055388668866289 0.046620152431822603 0.050477702346167205 0.01957437096110074 0.01604762783042299 0.07900330140933531
 0.08425870451604249 0.00841340228958161 0.07270616608730768 0.05888738518633426 0.021207261953404232 0.028681160117497346 0.05709211728032774 10000.0 0.07210930360939302 0.06654583880319102 0.0758264758663933 0.0695223992427829 0.022814300986055122 0.016030982481102726 0.058424039589864245 0.012902256847159364 0.04848820945878884 0.026388580709354816 0.019547054776259752 0.05086427670689929 0.07691310593347087 0.08304846578557079 0.03964579462094449 0.03662378034227481 0.04108960687326022 0.07635887726616489 0.06594608737474837 0.09519529978647961 0.020877676064111044 0.08793179404836826 0.0882452014527444 0.008575220436851359 0.05323306212275382 0.032330438229731834 0.045505877557909934 0.05635673680470888 0.0761055408355953 0.03432624155741321 0.03918814479026787 0.01666205894408598 0.02641225880256479 0.0695717973256053 0.08633577562082838 0.03927790582564757 0.07842903951890796 0.05667172762553859 0.04019524398893619 0.07618685855699928 0.0390010245431756 0.0529624543433928 0.0954829648244745 0.09007836187012276 0.08135763772479249 0.06001975554218574 0.05867269826511944 0.07114516791325308 0.08511542525935853 0.08844144993819177 0.06576903730025133 0.04219099396071537 0.06721977384162256
 0.047261432695740346 0.0804117920900555 0.05156778427397006 0.03231169881124492 0.08680821080553462 0.04523466614025183 0.10234285235502642 0.07210930360939302 10000.0 0.08864284553645563 0.02816150959142159 0.010041406234903618 0.07235077366057342 0.07177237140934076 0.07623830598035566 0.06271735503824102 0.04183024533068688 0.04855447904588253 0.05699861964001591 0.024251936783632962 0.020518194603658904 0.0890326038362646 0.06801851019127739 0.09189810144035664 0.0420205567632531 0.08225366202790348 0.06287830403069561 0.08054421756399104 0.09008752700120473 0.0977882149211403 0.10816565069221136 0.07432655725772314 0.06352179742249764 0.0812184020163078 0.09212506596568419 0.09774298518556737 0.02599178541320873 0.07912279856048711 0.033075829429887134 0.07348147256451651 0.07438719266207271 0.07842030262419476 0.08389665732539713 0.08711522466152317 0.02940054354185794 0.07806502532904815 0.09680933583643482 0.1079135542072655 0.08595966079312942 0.07723212095159834 0.06224480709527633 0.04533687211145605 0.08176714456682802 0.10350649913701811 0.016406646476070156 0.0020368615479257933 0.09428243802462648 0.09510844627151206 0.09562897198028388 0.0879946903801201 0.031364964422074426
 0.06032794000871163 0.06719075525054378 0.04531090209180861 0.05659877152545949 0.05491343609075171 0.05949868878955957 0.028104515701669202 0.06654583880319102 0.08864284553645563 10000.0 0.06907777011202056 0.0938826998690644 0.04375583124552377 0.05054454193606481 0.01253652589307196 0.07367320161308999 0.04743476604074492 0.07610996053671182 0.054570501893850785 0.06716356393631238 0.07650266036638469 0.020779402743842722 0.02877088140029658 0.04031574747276343 0.05042014401041243 0.018002059661175355 0.029138304481635936 0.04363068769414662 0.06113899124171907 0.02231587690470024 0.022638622330994583 0.05870533196252023 0.0252403508929402 0.036282393184996 0.02927293701191345 0.022603552149607156 0.07116853439818485 0.03313250565164615 0.06852469250819689 0.05014325766464821 0.04030992508477263 0.014752912461831962 0.02909348318398294 0.03217295509247268 0.07034996169464328 0.011689232989278407 0.04195755818728801 0.019827694858242307 0.03158661978423721 0.014485933187823586 0.06021240271434522 0.06889618639034245 0.024570851267171446 0.026437817707031342 0.08690937985264949 0.08666344905178676 0.02027756788120859 0.024103513603520036 0.009644103447193336 0.029378154487264937 0.06037436177832029
 0.01910406686415754 0.08310937142058153 0.025921404417934737 0.017695131911645453 0.08427856830394465 0.047377950892862966 0.08868259049182532 0.0758264758663933 0.02816150959142159 0.06907777011202056 10000.0 0.03764750329814058 0.06728502073827085 0.06938967475344153 0.05770394096563021 0.07056707180978111 0.030216651895684263 0.05946629909966874 0.056889321036158354 0.027507727125759957 0.008551635259292934 0.06478575299141781 0.05621755026454412 0.08384537126426121 0.035691535422274996 0.05879834113833903 0.04045026307456616 0.052989124174166145 0.08911854717754894 0.07365590497009131 0.08569672430791185 0.0748090755598264 0.046081648746868924 0.07297673158908412 0.08058779122952993 0.08331274497743212 0.0023973914828719608 0.06988366118696221 0.040539672634494976 0.07081643692934843 0.06792428766414048 0.056436852624037685 0.05820186290426281 0.07704341891087217 0.0026243588891137893 0.06035549157186537 0.08850972600952642 0.08890539376281026 0.07580340133323993 0.06076932845196761 0.03419066851656283 0.018486407753044967 0.05694399601123594 0.08903751044860482 0.03861435574701005 0.026338231651262558 0.07029902299446186 0.07045492985870554 0.07751779202825788 0.0769532035409682 0.009914923240457448
 0.05671668643925989 0.07793130960555862 0.05970091643659421 0.03890345677472752 0.08603417201658757 0.04481821405492449 0.10521130195102667 0.0695223992427829 0.010041406234903618 0.0938826998690644 0.03764750329814058 10000.0 0.07293139920111415 0.07141896907601512 0.08135814510461113 0.05894878863062138 0.04646173842921868 0.044333979992959634 0.05653181927092476 0.02703787537545137 0.030383563284941018 0.09606066313467189 0.0710990737224574 0.09296603545890508 0.04496873197819811 0.08904556083335098 0.06965886111561859 0.08922846976055207 0.08867343516414776 0.10468490877950824 0.11428075378498932 0.07284486779565823 0.06864468825045153 0.08262609053487972 0.0944246415265205 0.10096710507577523 0.035589532447549935 0.08094216344629418 0.03202854003151465 0.07316555014246363 0.07538691741422986 0.08471815296003891 0.09159325180536376 0.08901059645367627 0.03908814889287266 0.0828548731095519 0.0978598000290504 0.11267609819411956 0.08791342261045582 0.0816103559892845 0.07183565649367514 0.055219436200842006 0.08911098245060946 0.10664930696808937 0.010860919605527587 0.011509210015651042 0.10114900044586694 0.10225098797413575 0.10022372175651921 0.09021118555290117 0.039549216900260815
 0.07084988164199062 0.024129147544589363 0.05707629045401359 0.049608873331293754 0.017461940544359615 0.028297180158759174 0.03709323764438053 0.022814300986055122 0.07235077366057342 0.04375583124552377 0.06728502073827085 0.07293139920111415 10000.0 0.006789891207178069 0.03628213761177696 0.0314892959492538 0.03713220167789624 0.03859963116886915 0.017275914484504586 0.04827286266952144 0.07081938030040333 0.06090504327738245 0.018265443043061266 0.020225442740231383 0.03220737179348175 0.0545429823439424 0.04692016786017828 0.07535753016681966 0.023193600238470793 0.06534153833996656 0.06546460925582195 0.015060815271905987 0.03341772867527049 0.011281490827417471 0.025100602443405493 0.03514406894153233 0.06825051823247452 0.012025904110666175 0.04106736428703427 0.006552527814283872 0.003821346563843262 0.04780138661786336 0.06507375919466578 0.018711337571183574 0.06968070591838625 0.03422552540649819 0.025050275589113186 0.05406012926821193 0.01803240030055499 0.03044568424811981 0.07962959002746617 0.07797828952202888 0.059985531137335645 0.039627803165522175 0.06288273582609064 0.07087128363621228 0.06263051483097241 0.06606307742421183 0.04315783246168211 0.02114750180256208 0.05757639860635178
 0.07456977275964626 0.017810088836618134 0.061445938546972674 0.05173010475225023 0.0152178758338917 0.026675998211393766 0.042619334311215874 0.016030982481102726 0.07177237140934076 0.05054454193606481 0.06938967475344153 0.07141896907601512 0.006789891207178069 10000.0 0.04285917342542893 0.02535759770115896 0.03971395742439262 0.03403061455910155 0.014894022642917611 0.048186883969632874 0.07217787386586572 0.06750802251798635 0.024450433957902203 0.023844590263822206 0.033738818261150744 0.06103290741099713 0.05240931186670208 0.08122328573282277 0.019735679457173493 0.07208266996356429 0.0722237528607795 0.00842940867557669 0.0391034667570989 0.016970708705957897 0.030697814416150833 0.041176607938236874 0.07014401685014214 0.018472091285820585 0.039397632548422636 0.0017530092463810178 0.010408903125125097 0.054266586274785075 0.07139283159846563 0.02429701626051038 0.07187421506682336 0.04090770974911832 0.02830650633821392 0.06052357563982929 0.02381160023430914 0.037148899087187416 0.08419672328320321 0.08131447675349143 0.0663340885120553 0.045333430911403655 0.061014071838331775 0.07043223873838902 0.06934041649797765 0.07274200092016278 0.049828391707613946 0.02700397821534086 0.059934180206993454
 0.05098875767555371 0.0603960564415046 0.03549053425443454 0.04436088638827496 0.05031237588779167 0.04789613366413121 0.03339221532594771 0.058424039589864245 0.07623830598035566 0.01253652589307196 0.05770394096563021 0.08135814510461113 0.03628213761177696 0.04285917342542893 10000.0 0.06404059570160754 0.034903030167330734 0.06501584092050662 0.04424819076238324 0.05462804861750299 0.06479826113261718 0.02465205734383822 0.01890663280315632 0.03876689749710465 0.03801830033335919 0.018359836458160663 0.019455230633146362 0.04165336602941025 0.05667992453428516 0.02993046561337352 0.03433453477523538 0.05127589301416058 0.012737869388650255 0.03163035462263984 0.029728527430307475 0.027595864457559505 0.0596936345151711 0.027895826037261724 0.05630499258533177 0.04283425248511894 0.033399974286955715 0.011771258019841453 0.029374467749612016 0.030069422353074 0.059168052479559904 0.0034369877295756207 0.04173752568097264 0.03176055170949844 0.029100020683752337 0.006659049162891154 0.05346469857316395 0.059517447134295895 0.024239913499397223 0.03285499146186669 0.07439229751925784 0.07427038398400117 0.026879529424460955 0.0300584743315091 0.019857865464921434 0.028038100736668625 0.0486375054138919
 0.08158710304983713 0.020630928125676268 0.07190957006015979 0.054874401755997934 0.033925561134506954 0.02390420725823622 0.06793371843862069 0.012902256847159364 0.06271735503824102 0.07367320161308999 0.07056707180978111 0.05894878863062138 0.0314892959492538 0.02535759770115896 0.06404059570160754 10000.0 0.046520449907271666 0.014676402635574745 0.020193986487515476 0.0438502344828593 0.07031970348493972 0.08815232397594881 0.04525280498440349 0.04829664001507253 0.038590944222451844 0.0810475673744906 0.06798938704887383 0.09720773209665834 0.033748292769986005 0.09396824512900459 0.09603039087171646 0.02031873274512559 0.05654695974411023 0.04231949782036047 0.05604560586622216 0.06650511094205211 0.07046334923322095 0.043515140638323846 0.03104369065073822 0.02659999746790016 0.035310373328380176 0.07434122458042358 0.09008609426541482 0.049651707401302925 0.07319028751377277 0.06287840617087118 0.052233327863020484 0.08550729857124709 0.04916508930686374 0.05942035544428601 0.09417879307748311 0.08642616762568447 0.08533998886699322 0.07068238985048132 0.04812409885920375 0.062002346970028474 0.09089906058905955 0.09393713755557025 0.07430763068261215 0.052353395349002255 0.06294254245614826
 0.03577077331289921 0.054871847600867274 0.025520384862922414 0.012685842504779391 0.0543044081222952 0.022971367469899327 0.06112975137982871 0.04848820945878884 0.04183024533068688 0.04743476604074492 0.030216651895684263 0.04646173842921868 0.03713220167789624 0.03971395742439262 0.034903030167330734 0.046520449907271666 10000.0 0.03999401337865546 0.028941360589183656 0.01982837168763294 0.034577155209204714 0.0520207007801235 0.027133980656824912 0.05389558824774254 0.007957370418342241 0.04461467266373598 0.026290431693188843 0.05317537699198536 0.05940880068939077 0.060109171358898796 0.06830921650866849 0.04593526472839915 0.022216484530927345 0.042972205600308566 0.051758492092070806 0.05625479930229841 0.031326627870406805 0.04006828671145334 0.024746607410946878 0.041030374794038926 0.03770915244782599 0.03935118471925205 0.04999919284482473 0.04757092132403218 0.03257068559944993 0.036430611420910294 0.05864629237299589 0.06629130224533553 0.04634554391756074 0.03541654061969904 0.04767043714968267 0.041847163605368456 0.046315706639745914 0.06204659688705651 0.03976900469352123 0.03993131395799131 0.056576727028034283 0.05834740182649585 0.05390544070788648 0.04785653167156534 0.020446720804686302
 0.07271777181529428 0.034667909331667385 0.06526302645495079 0.045543737343046876 0.045958543582421005 0.01787602938079194 0.07560909353539473 0.026388580709354816 0.04855447904588253 0.07610996053671182 0.05946629909966874 0.044333979992959634 0.03859963116886915 0.03403061455910155 0.06501584092050662 0.014676402635574745 0.03999401337865546 10000.0 0.02231043332147693 0.03199972388342659 0.05804877246940493 0.08767440497674442 0.04745680735822041 0.05787201588934752 0.032296557467526334 0.08027095344780645 0.06463265236819611 0.09293666390345373 0.04696901900939371 0.0944914521823726 0.09874706797344522 0.031913206562101205 0.055247734554546034 0.04987410369691119 0.06363731759506185 0.07318743648719085 0.05901645769192481 0.05001227490360024 0.018926679364846422 0.035650874232193264 0.04220018713699403 0.07388240443325132 0.08795753219744691 0.05728501683974845 0.06205075400513661 0.06461605493555246 0.0623113415379207 0.09053380873430228 0.05654242763580335 0.06163344751861024 0.08642516086349142 0.07650279458037282 0.08360621287343857 0.07801436581196368 0.03354496051627942 0.04798379957522599 0.09118003682603432 0.09379623464232634 0.07854314001696444 0.0595754144470256 0.05300301440327087
 0.06471167254671994 0.02625869300774271 0.053391578591041065 0.03962402919100095 0.02980959441008795 0.011799720284457166 0.053654275908117485 0.019547054776259752 0.05699861964001591 0.054570501893850785 0.056889321036158354 0.05653181927092476 0.017275914484504586 0.014894022642917611 0.04424819076238324 0.020193986487515476 0.028941360589183656 0.02231043332147693 10000.0 0.03376003492535159 0.058741207434683175 0.06808200505557604 0.025810424677181473 0.03742866660506566 0.021631557383659503 0.060918541102726466 0.0480159242447587 0.07731932610482105 0.0333850667166397 0.07414792216557271 0.07716160820649014 0.018102499524599046 0.036353500372500985 0.02826128470934664 0.0417665601077982 0.05097745285513445 0.057354774340691264 0.027944691500823942 0.02450603184816311 0.016636895331919758 0.0205203642687105 0.05424257540188517 0.06989447289517077 0.03553129250845511 0.05946115059178723 0.043373704591156005 0.04218558917860743 0.06827348141186969 0.034687916907878494 0.04011748542993443 0.07609545449472668 0.07059891418424834 0.06514704838315148 0.05593426479002164 0.046174244865679656 0.055709369350305606 0.07100236520972551 0.07394489525150515 0.05639287380211104 0.03761396982889373 0.04797007565018345
 0.04237871170394978 0.058799734182506044 0.038850977551356046 0.01644058971888834 0.06337279816449846 0.022423534243437147 0.0784785157852029 0.05086427670689929 0.024251936783632962 0.06716356393631238 0.027507727125759957 0.02703787537545137 0.04827286266952144 0.048186883969632874 0.05462804861750299 0.0438502344828593 0.01982837168763294 0.03199972388342659 0.03376003492535159 10000.0 0.026470235686325824 0.07124081237468531 0.04422083370831854 0.06766532007525425 0.018047348538251524 0.06394535705638449 0.044947571808607846 0.06879912296389705 0.06714434698141782 0.07955638664299093 0.08812833389952787 0.05167559662267582 0.04200534069954654 0.056967263580270974 0.06801173209321323 0.07408220970951658 0.027017704723029903 0.05489064092185504 0.013103753409074863 0.04985232624815645 0.05018714688403379 0.05899527026393273 0.06817148916662136 0.06290055956701948 0.030075060959662808 0.05596463800193658 0.0725751440460966 0.08572124745724809 0.06175399462309863 0.05460788441974704 0.057083892669372194 0.04504517164685564 0.06498047158620256 0.0797997398653934 0.01998180403688756 0.022664313138492726 0.07601131128636841 0.07754659092379909 0.07324157615561308 0.06385180974972822 0.02211749594065689
 0.0271410695797739 0.08459976484388461 0.034315795452517374 0.02200163802382332 0.08731183941565886 0.04823448274336473 0.09479842579608029 0.07691310593347087 0.020518194603658904 0.07650266036638469 0.008551635259292934 0.030383563284941018 0.07081938030040333 0.07217787386586572 0.06479826113261718 0.07031970348493972 0.034577155209204714 0.05804877246940493 0.058741207434683175 0.026470235686325824 10000.0 0.07311331640688669 0.061489711189277166 0.08843227733432729 0.03863656486763269 0.06697773867246037 0.048305584983990346 0.061474232925775744 0.09175286751416144 0.08198457419176526 0.09377857860796981 0.0768412942151711 0.052744468903774176 0.07749775314740855 0.08609003428178144 0.08958844918900143 0.0061556765490109275 0.07464407799297876 0.03941817531395918 0.07371026653145633 0.07187123324818702 0.06431766852728549 0.06669965139128146 0.08211669273096821 0.00909329466548448 0.06726994351682115 0.09320624152739869 0.0963006655309495 0.0808867650605708 0.06737073482018534 0.04186453001804582 0.024837775378955138 0.06533710299538877 0.0953595113163993 0.03306787990727739 0.018878933073149393 0.0785987080586391 0.07885073485654462 0.08465612030202467 0.08228875711237514 0.016161289022754485
 0.05109257925633277 0.08499021688783524 0.038875410086824685 0.05715797732387204 0.07418708267008581 0.06996131532249428 0.04842706160135773 0.08304846578557079 0.0890326038362646 0.020779402743842722 0.06478575299141781 0.09606066313467189 0.06090504327738245 0.06750802251798635 0.02465205734383822 0.08815232397594881 0.0520207007801235 0.08767440497674442 0.06808200505557604 0.07124081237468531 0.07311331640688669 10000.0 0.04343445923748398 0.060686753217399365 0.0575729252886087 0.007481069739097448 0.026440360016996255 0.025000922350239676 0.08052433840604024 0.008871584909211591 0.02232448088442751 0.07592040339372884 0.03243121017049857 0.05534914146427666 0.049929167512548285 0.0431629435085347 0.06713007033227322 0.051816190234294984 0.07618451667375306 0.0674570479981932 0.05792260587245703 0.013859283708890575 0.01005072970381816 0.0522701877763875 0.06531804974572807 0.026787642916513036 0.06261660914885787 0.033408335589320604 0.051540586212275225 0.03061236878155891 0.046207833893333765 0.05915025696138477 0.008161306159475214 0.04638124822201737 0.0911094509295312 0.08699574328537428 0.005589268568874669 0.006326769948197159 0.028943933654740465 0.0496559107359142 0.05807227073968782
 0.05590709404223145 0.04223132221503232 0.04107808675406092 0.03949167766370129 0.03440269319241096 0.031516858576304506 0.03432439313730958 0.03964579462094449 0.06801851019127739 0.02877088140029658 0.05621755026454412 0.0710990737224574 0.018265443043061266 0.024450433957902203 0.01890663280315632 0.04525280498440349 0.027133980656824912 0.04745680735822041 0.025810424677181473 0.04422083370831854 0.061489711189277166 0.04343445923748398 10000.0 0.0281961714676636 0.02617466073765601 0.036720159919925735 0.029104214410364336 0.05712675376607636 0.04060942731384324 0.04876594004549597 0.051388027407189715 0.03286304221073435 0.015515672891521132 0.017888415620048677 0.024632503399914032 0.029871609372216317 0.057672043315107245 0.014266892372922545 0.04208140674334141 0.024684686996232694 0.01618360913803963 0.029934517693252692 0.046943314337240166 0.02084806121517822 0.058304800430714045 0.017636569513958467 0.03260792627857328 0.04379795925005859 0.019606572896876437 0.01430706154334791 0.06292832176317216 0.0637206467469748 0.04189130572658906 0.03557899902493132 0.06252824385117574 0.06623264916275576 0.045773876893123254 0.048959302021240915 0.031444241084500724 0.020802407645114318 0.04631648718297992
 0.08401665237938574 0.033089966522675644 0.06895607308639716 0.06657188058939845 0.017467007502660482 0.04849694669926973 0.021209438020221003 0.03662378034227481 0.09189810144035664 0.04031574747276343 0.08384537126426121 0.09296603545890508 0.020225442740231383 0.023844590263822206 0.03876689749710465 0.04829664001507253 0.05389558824774254 0.05787201588934752 0.03742866660506566 0.06766532007525425 0.08843227733432729 0.060686753217399365 0.0281961714676636 10000.0 0.05055788058478573 0.056062551033068835 0.05541857516591399 0.08041413791919223 0.02267722892454277 0.06243781046731809 0.05801767998018606 0.02819898596464275 0.04245535611673301 0.010937178606698997 0.011583471774289712 0.022180306170114652 0.08512901420025243 0.014020091118619722 0.06123028461032732 0.02225750455262293 0.017585889409244437 0.05012399987553894 0.06751681187252309 0.008697526837496194 0.08604809251604409 0.0355565438927866 0.004912109193660746 0.04280175786793091 0.009709639367863648 0.032137290316195166 0.09009840155968972 0.09190344710465966 0.062464814435124284 0.02437721812862064 0.08303993453253582 0.09032907507613433 0.060588115593492184 0.06441918651150141 0.035308404369423396 0.011037783576096447 0.07393697381569583
 0.04335320825255457 0.04783928190566668 0.03347016884057046 0.018131754307257768 0.04875818421278975 0.01502886177532959 0.06044004742229625 0.04108960687326022 0.0420205567632531 0.05042014401041243 0.035691535422274996 0.04496873197819811 0.03220737179348175 0.033738818261150744 0.03801830033335919 0.038590944222451844 0.007957370418342241 0.032296557467526334 0.021631557383659503 0.018047348538251524 0.03863656486763269 0.0575729252886087 0.02617466073765601 0.05055788058478573 10000.0 0.050094990160857694 0.03283204427592281 0.06065607311389408 0.05344821467530409 0.06525437515949875 0.07220843354104466 0.03922576465095959 0.025979872361825137 0.03968180178623939 0.05010649450532822 0.05604086861271891 0.03640541675293132 0.03729319272524834 0.018655759462587542 0.035207041505564036 0.033472089236895326 0.0443016849522927 0.0565024281356348 0.04520387429554269 0.03820608410020511 0.03889864642686131 0.05543225077556877 0.06830806892696929 0.04402849087102022 0.037144334392904675 0.05558785765404151 0.04898950196620436 0.052500035985836684 0.06175359256426739 0.03683179663055098 0.040299530201822295 0.0617712103837473 0.06387162897418185 0.05577828045246645 0.0459875160229799 0.026450180414359606
 0.046431754784142534 0.07867205247875815 0.03308669823911843 0.05017960993747241 0.06858104311992462 0.06252827940338769 0.046067569899120246 0.07635887726616489 0.08225366202790348 0.018002059661175355 0.05879834113833903 0.08904556083335098 0.0545429823439424 0.06103290741099713 0.018359836458160663 0.0810475673744906 0.04461467266373598 0.08027095344780645 0.060918541102726466 0.06394535705638449 0.06697773867246037 0.007481069739097448 0.036720159919925735 0.056062551033068835 0.050094990160857694 10000.0 0.019404843777801484 0.025636497661008433 0.07494557075290052 0.01565547224351373 0.026995786102109127 0.0694620133896994 0.0250254483177123 0.04980815791153714 0.045870666472178426 0.04047832716559484 0.06110122335554186 0.04614044332934316 0.06871236558779965 0.061086663304465195 0.05174165006726463 0.006787174520826938 0.011488428468446419 0.04745896417051506 0.05951989546224442 0.020978158689250917 0.058441756396911945 0.034484308507072084 0.04661886409667787 0.024755860297749316 0.043604347298386796 0.05476901255034329 0.006622141610959316 0.044438032721810544 0.08385713416992936 0.08021830473678401 0.012111445002036446 0.013780523610940813 0.02733803608197509 0.04505725486799282 0.051585602086580556
 0.03159824491843968 0.0700679163286888 0.01624529620074762 0.03077731669025174 0.0635047945990495 0.04678984701739143 0.05280440595189179 0.06594608737474837 0.06287830403069561 0.029138304481635936 0.04045026307456616 0.06965886111561859 0.04692016786017828 0.05240931186670208 0.019455230633146362 0.06798938704887383 0.026290431693188843 0.06463265236819611 0.0480159242447587 0.044947571808607846 0.048305584983990346 0.026440360016996255 0.029104214410364336 0.05541857516591399 0.03283204427592281 0.019404843777801484 10000.0 0.029326986117412027 0.06968853934586704 0.03502717770564397 0.04560759814171224 0.06051451490748127 0.013590662640469243 0.04631203544405785 0.048008471849335266 0.047025184420504754 0.04265332568599458 0.04247179947015416 0.050974409078266045 0.052994944582241986 0.04523925807946696 0.016012587321231238 0.0237313901080157 0.04695678793886949 0.0415113258247334 0.022749899235686356 0.05909696900453145 0.04885056666474878 0.045817808598394245 0.024756021265819696 0.03477388399727451 0.040154994999278056 0.02008894216479434 0.052309114163023036 0.06473038684643384 0.060844378783622234 0.03149418413086407 0.032694517001784926 0.038220633806842395 0.04555476710944949 0.03252440467951671
 0.035061579914570595 0.0990003008642676 0.030079142419340434 0.05251889531555102 0.091116787287804 0.0753120037201051 0.07170271270945207 0.09519529978647961 0.08054421756399104 0.04363068769414662 0.052989124174166145 0.08922846976055207 0.07535753016681966 0.08122328573282277 0.04165336602941025 0.09720773209665834 0.05317537699198536 0.09293666390345373 0.07731932610482105 0.06879912296389705 0.061474232925775744 0.025000922350239676 0.05712675376607636 0.08041413791919223 0.06065607311389408 0.025636497661008433 0.029326986117412027 10000.0 0.09743969994429752 0.031191161727813815 0.045940665768718435 0.089475367363797 0.042139041331288034 0.07287806095662444 0.07088910254500795 0.06609505838689451 0.05535579880253967 0.06904708566586613 0.07753033379563047 0.08165971717675452 0.07322575481941827 0.03050873922648107 0.015039688836703044 0.07171783302242368 0.05254628366569078 0.04487068249980479 0.0832358052124395 0.0584030626807474 0.0707533373334748 0.048301762548044885 0.02460014264489831 0.04131508731871348 0.019068179185992164 0.0700545173223316 0.0870297649443342 0.0785873276417887 0.029410490809250737 0.026921826112884413 0.05283040266030407 0.06960193498492118 0.049745183520237685
 0.09390578314233994 0.01369329907144486 0.0802688250998441 0.07146491190543547 0.00636755213452389 0.04494010593255768 0.04363786564410814 0.020877676064111044 0.09008752700120473 0.06113899124171907 0.08911854717754894 0.08867343516414776 0.023193600238470793 0.019735679457173493 0.05667992453428516 0.033748292769986005 0.05940880068939077 0.04696901900939371 0.0333850667166397 0.06714434698141782 0.09175286751416144 0.08052433840604024 0.04060942731384324 0.02267722892454277 0.05344821467530409 0.07494557075290052 0.06968853934586704 0.09743969994429752 10000.0 0.08345255978739052 0.08032107903228937 0.01583410761385363 0.056100860741519494 0.025180257406943518 0.03402670965810363 0.044842349465769794 0.0898497283456812 0.028805191519093134 0.05710739670337715 0.01837885834846301 0.024449796527230904 0.06845102658641782 0.08604875507879682 0.029278601256453117 0.09160744192375336 0.053976829890593866 0.024242589486143624 0.06547273166807842 0.029677300141735568 0.05018973427143985 0.10280819893309061 0.10085071784009092 0.08091321666117361 0.046866176062668574 0.07794713585963237 0.0888905253228555 0.08123762477693783 0.08494929824129856 0.05741313670722814 0.03229410848447124 0.07966783957193456
 0.05972639535351695 0.08914222309665955 0.047742757938243695 0.06580173631521272 0.07721669333827308 0.07698267566352064 0.047528441213929934 0.08793179404836826 0.0977882149211403 0.02231587690470024 0.07365590497009131 0.10468490877950824 0.06534153833996656 0.07208266996356429 0.02993046561337352 0.09396824512900459 0.060109171358898796 0.0944914521823726 0.07414792216557271 0.07955638664299093 0.08198457419176526 0.008871584909211591 0.04876594004549597 0.06243781046731809 0.06525437515949875 0.01565547224351373 0.03502717770564397 0.031191161727813815 0.08345255978739052 10000.0 0.014749536629447847 0.08039482493919331 0.039569844760333386 0.058526022927257 0.05114091166055363 0.0428444670482168 0.07600113188271189 0.05526342159691133 0.08390980324636813 0.0718397343791891 0.062081993195057486 0.020955767764354816 0.017377363206660213 0.054447265219711896 0.07417619370108844 0.03128750307424228 0.06371588599025653 0.02914107294193235 0.05388919486630164 0.034969479041150615 0.05397074467074755 0.06766590677509664 0.016864264001736465 0.045043546009168295 0.0994878593889159 0.09575162976248836 0.0035469546444740828 0.004271613217451719 0.02815313551256365 0.0516008987207733 0.06690550607541232
 0.07316045229849462 0.08805402684155207 0.060076657979980415 0.07585869608563502 0.07442538368906704 0.08203567162632132 0.03970282769307329 0.0882452014527444 0.10816565069221136 0.022638622330994583 0.08569672430791185 0.11428075378498932 0.06546460925582195 0.0722237528607795 0.03433453477523538 0.09603039087171646 0.06830921650866849 0.09874706797344522 0.07716160820649014 0.08812833389952787 0.09377857860796981 0.02232448088442751 0.051388027407189715 0.05801767998018606 0.07220843354104466 0.026995786102109127 0.04560759814171224 0.045940665768718435 0.08032107903228937 0.014749536629447847 10000.0 0.08010946924445016 0.04633506886908201 0.05670415905757753 0.04644206937301065 0.03630595749476465 0.08797592969034895 0.05408754236809228 0.09061625668518344 0.07163187550934076 0.061833540462720035 0.029761212501807296 0.03187069568449468 0.051142666783523305 0.08648228547925034 0.034200726984195566 0.058181606443891046 0.01779049467473321 0.05090669617536901 0.037122914394791796 0.0684294995196898 0.08134095051923972 0.030417555084759216 0.036711652504946395 0.10807671326566481 0.10614328734318898 0.01695085142728919 0.01901935833928277 0.022954419823439418 0.048084810353712336 0.0781285034022793
 0.08138452177252511 0.009555218998998603 0.0688202531073808 0.05735458890439345 0.014049277490463892 0.029316142549730063 0.04852609699665113 0.008575220436851359 0.07432655725772314 0.05870533196252023 0.0748090755598264 0.07284486779565823 0.015060815271905987 0.00842940867557669 0.05127589301416058 0.02031873274512559 0.04593526472839915 0.031913206562101205 0.018102499524599046 0.05167559662267582 0.0768412942151711 0.07592040339372884 0.03286304221073435 0.02819898596464275 0.03922576465095959 0.0694620133896994 0.06051451490748127 0.089475367363797 0.01583410761385363 0.08039482493919331 0.08010946924445016 10000.0 0.04733635027376939 0.02385208564257609 0.03693238079466162 0.04779915460982136 0.07535485290193152 0.0260458449462987 0.041303182024059824 0.00856613118072892 0.018396094171107342 0.06269599480904033 0.07980572447221997 0.030718965864826153 0.0773581205632471 0.04928025513133529 0.03196313252948477 0.0677145291493078 0.03046585383482078 0.04550524505966156 0.09163758745998137 0.08777695100231747 0.07475285881132471 0.05144618462936823 0.06213268020073502 0.07316391540436133 0.07769132729790496 0.08111872950416732 0.05748663411212738 0.03364910190588106 0.06567525583910419
