NAME :TPP_input_21_4_2
NUM_VERTICES
81
NUM_CLUSTERS
21
Full Matrix
 10000.0 0.019999195556155182 0.0285480746880689 0.07391844642421978 0.08305049043579622 0.04853962190531724 0.07626962385155042 0.02033555859485164 0.07786627948176274 0.057213730663330235 0.057370033191881414 0.07097900718263372 0.07599181800036957 0.054502490523913164 0.020961407579489295 0.07630675082261248 0.04006816336317468 0.042088263778007354 0.053881726386071006 0.08386549996157344 0.08877871864094088 0.04955893543595474 0.07163107273099306 0.02785489190822996 0.01015003931763915 0.06897355390095138 0.05095334906661888 0.031428314576996234 0.06412121674049881 0.06509226468674308 0.011100607225284423 0.08537874875945954 0.040358349989316505 0.07745825517206698 0.02474202637475855 0.00612665801552455 0.036674919173634524 0.08101722387148066 0.00981069915063543 0.07771087513970634 0.08529708956625831 0.06507347143058205 0.06277281814182198 0.056261678837504436 0.06513917405838354 0.09122722242048178 0.060283065031253406 0.07208367564899279 0.08328335034019449 0.08248866430356734 0.05701098768851276 0.019130919713056607 0.029374656234382124 0.046384974916895305 0.07633142158559522 0.07628380506136577 0.02203741019475573 0.015186578663090724 0.04634226178504544 0.020950134082553397 0.06779115929058875 0.030497153419592016 0.08593975220019485 0.0512812906643403 0.03183799784481473 0.06236895314246464 0.02188013440538017 0.06613407274607229 0.0836121616641268 0.042975985378202075 0.043107467835395145 0.05449912367107378 0.02075888828515514 0.06673777794250718 0.06548614491741703 0.08239564677183608 0.05094403129408215 0.028339477008769324 0.08136717811113632 0.05835618631424048 0.07080863124955394
 0.019999195556155182 10000.0 0.025620202238196745 0.09249762914662948 0.08604318409449316 0.05598710997248297 0.08753506883771497 0.03606282698491815 0.08047189633497574 0.06412457053625985 0.07734819661731641 0.08924870218951675 0.07951036690453007 0.057080483584562434 0.013859055067341468 0.08554246729573911 0.033331545824861766 0.055257152990571906 0.07251609106042163 0.09829876153901103 0.09400024878626508 0.0681156496601677 0.08857050387580831 0.023886763269131275 0.02254815431539067 0.08615096365821928 0.0647440665304609 0.04454407108801425 0.0716259568913515 0.08278940149952342 0.02008124142979186 0.0985922627847274 0.0536194762480556 0.09059793528157097 0.04002529186155039 0.02371689364570834 0.05394020517871656 0.08534531304054004 0.029719901516657182 0.0882199299760301 0.09937233496661894 0.07924660344340638 0.08237231058134334 0.07616481558521802 0.08430013018739642 0.10871455408697273 0.07641198736069188 0.09139643416867654 0.10059502969542206 0.09318757790702795 0.0764176576294915 0.03498744568189577 0.04558149744949197 0.06635664601961781 0.09194411724859368 0.08742346851631945 0.027827507163074743 0.021094014327130123 0.0480718154187835 0.03773993825914078 0.06814962926844235 0.05046765743199085 0.09421423065029347 0.06833749999623938 0.04924777051693549 0.07960461458436183 0.001955953039809878 0.08455508679150917 0.09975026158009219 0.059791768058076795 0.06310245171451057 0.07215929619966843 0.039562314269354464 0.0834960208281021 0.07302604059707796 0.08966410958595056 0.0708954963287145 0.02366669936863526 0.09507749195502126 0.06407788608231976 0.08758505371066899
 0.0285480746880689 0.025620202238196745 10000.0 0.08146276637176056 0.06043792451210724 0.03262728344434271 0.06554774435523844 0.027522889233044388 0.05485740272291571 0.03997860559778225 0.07654048625940064 0.07750828816423519 0.053969010368133265 0.03156802480467521 0.011786771752793867 0.06208940109599193 0.011840806211598253 0.03764268511818278 0.0628910174811237 0.07927339341673713 0.06867990133029377 0.05865033849363421 0.07387661953264985 0.0019118865961330952 0.03777857257094387 0.07205597440414833 0.046809503191434565 0.02900913918732559 0.047536959226326614 0.07000533255774183 0.03723865226983297 0.07813120853255481 0.03637649388239107 0.0703221265456811 0.029150295652613012 0.034673268679820166 0.06390483717147401 0.05989524339134175 0.035524111332489276 0.06559531291154543 0.07986816367801781 0.0607265245267644 0.08470306940019295 0.07226626860995881 0.07564285783712554 0.09431926993821102 0.06097922789557886 0.0829878718155451 0.08611455309946843 0.07057522952853683 0.06928496359377924 0.027163353664155766 0.0345391015635813 0.0641452925579644 0.07481142063243859 0.06533252965885251 0.011588806097526903 0.013996717136768045 0.022548571539642143 0.049083055043385254 0.04263687453250957 0.04990200885075822 0.07002641688979895 0.07825247400302324 0.059143863312168705 0.08893490334657525 0.02666040253412335 0.07348288098707378 0.08314094690111952 0.047230026265934574 0.0626908384078669 0.06005251375093144 0.04734208602224722 0.06873339762845221 0.048913049262194926 0.065067935384654 0.06798357157348155 0.0026245998386808657 0.07528351002118226 0.03935016982727281 0.07263159529056665
 0.07391844642421978 0.09249762914662948 0.08146276637176056 10000.0 0.08324087198987246 0.060294766421575365 0.048066926349805215 0.05694482230321673 0.0819988086406647 0.061871775029601186 0.03508414265140111 0.004476280316212269 0.07811890258789923 0.07405678406154266 0.08524605019119305 0.05698526339299144 0.089702058212969 0.04555727918525239 0.02004249083034942 0.03411666291312255 0.07821973074299551 0.024406706221093987 0.015023676744042789 0.08274568883355622 0.07854447757108259 0.013852010657511443 0.03890801463930788 0.05246862657786556 0.06073279595392326 0.012390838559189798 0.08151224953607138 0.04150030151646764 0.046298349655960955 0.03915417537635112 0.05363177456207234 0.07350566753382362 0.0652211441765469 0.07759704905321584 0.06600354053198745 0.051926467368387096 0.036762602271098316 0.03283850227519176 0.045293492388830486 0.02671984048160364 0.010963635353171982 0.020379028050950612 0.024091002589988662 0.009638516565443811 0.01536083637440852 0.05273815800169825 0.01928648124005377 0.05789021118854012 0.04786250178843682 0.03473393892916293 0.024558943563756763 0.04865114129308855 0.07062079405443421 0.07372359277217998 0.07481780119733926 0.06963685208675713 0.08444854960032383 0.04658745615041854 0.06477761199818269 0.06675737161977065 0.06523227047405925 0.06815233888464087 0.09445156629822705 0.008041179146335852 0.02349173308441889 0.03425343675638684 0.039838708361318774 0.021412513177063715 0.06337569380548755 0.017529580057928297 0.06085188658894098 0.0672553184422126 0.031164246618683805 0.08368862024345192 0.03725642146864756 0.065723753025208 0.016333210437339016
 0.08305049043579622 0.08604318409449316 0.06043792451210724 0.08324087198987246 10000.0 0.03604902957991054 0.03704212262359922 0.06739712659206129 0.0056486185100513295 0.028112155783246762 0.10194058090638501 0.07894411090076936 0.007179351177505893 0.029094898849162634 0.07218544100031055 0.027382869924497306 0.05569371112770817 0.05099187181501542 0.07602500012884612 0.05684548772856875 0.012147446782534078 0.07434715583974003 0.06861378028997898 0.06221835072735056 0.09319124693337393 0.06938949619940976 0.04984427255796367 0.05668469999048246 0.024416305782587275 0.07193811374411356 0.09386632574208313 0.0502226725281742 0.05204192684743157 0.04706847511067271 0.06428994798282532 0.0882792701530119 0.10858448653541412 0.0058582542597165575 0.08491477951843009 0.033539158943047535 0.05527656598296631 0.050430891551927155 0.11352305347203358 0.0932873591251122 0.08539382521325048 0.08244240516306384 0.060459476368039604 0.09071641306021415 0.07659838813260374 0.035570340998202755 0.0849205469954309 0.06825536488170338 0.0643337303878127 0.09121604251791358 0.061326670808361086 0.036421577831489416 0.0613878500935133 0.0689350575086632 0.0380233511528608 0.09872778856413293 0.019493225504461014 0.08554159774526338 0.024663087310797242 0.12008917080043549 0.1048186250055185 0.12819422127026261 0.08709358845376873 0.07828731219247889 0.06791769763763793 0.06355155067998042 0.0932992534411344 0.06893395371445402 0.09402078902617336 0.06576609496813167 0.023722065813452962 0.018923599103269437 0.09238242488955596 0.06253878703678666 0.051535993998108105 0.025603711492679995 0.06717162164478387
 0.04853962190531724 0.05598710997248297 0.03262728344434271 0.060294766421575365 0.03604902957991054 10000.0 0.0330748427935418 0.03143829150136222 0.03160990464291615 0.00867591835322951 0.06967072262670305 0.0558523757058744 0.028879352495203056 0.014039333480102771 0.04281531502249129 0.029642012616823518 0.03491451641821911 0.017224899538222378 0.04665577720637338 0.048659737308100706 0.04032226477665076 0.04369830191481275 0.04867960864784611 0.03452054260935641 0.05850569208200465 0.04786692837139027 0.021390295135129068 0.02067428494080286 0.015804940620263806 0.04790408034728808 0.05961323565076955 0.04635787177672591 0.01766614600291754 0.03887739727647233 0.028240944577925003 0.05325665758991257 0.07262033860864697 0.033045075990487095 0.04922436086642224 0.03297138450114808 0.04880626365571142 0.0318009197076871 0.08063036929308859 0.06207671801960729 0.05842756932535893 0.06795554995021662 0.03646603933490776 0.06512372642916431 0.06015033514159095 0.03794894028458983 0.05525338387861416 0.032346948473651785 0.028607163667919044 0.057917983021971244 0.04644959950771198 0.032822770795217726 0.028510147955221856 0.036024081055635475 0.015467564384665507 0.06281133429724968 0.026785490395708857 0.050103549466275536 0.03828344644520294 0.0845077124024709 0.06879060348678295 0.0931213045286932 0.05746491925569691 0.05326448121719544 0.05487223119966831 0.03125423618731515 0.059166572078803964 0.04077771046577869 0.05798621550425727 0.04403791358024181 0.017201690323548516 0.03410349319304465 0.059961416053512046 0.03523035573168344 0.04410348511913087 0.010445362026398996 0.04722124955245149
 0.07626962385155042 0.08753506883771497 0.06554774435523844 0.048066926349805215 0.03704212262359922 0.0330748427935418 10000.0 0.05623786616765032 0.03738439619755785 0.027474378643540843 0.07333710223665657 0.044101638326285324 0.03361139441962889 0.040973045592135826 0.07507489057894516 0.009659655573887559 0.06761943731975438 0.0343380188861268 0.04629886565460146 0.02010780863236113 0.03028843083293519 0.04632376846839674 0.033049969490499195 0.06741772889297332 0.08528554856011285 0.03451134092439694 0.026643386140625024 0.044841326095434994 0.021247472262791677 0.03826218321182561 0.08713621272611377 0.01471382605866744 0.036056358095870045 0.010026369995024032 0.051910505339772796 0.07960320537118522 0.08974363638150198 0.031185589746770045 0.07369517453836359 0.0038598189838400716 0.018950399732228493 0.01747802974793254 0.08521094701698927 0.06389096508667721 0.05253105478543955 0.04540187452072364 0.028635818313961225 0.05657235341879866 0.03971158837777183 0.006619053766812994 0.05450201428104648 0.05741847844568567 0.048629166523853476 0.06505442069086598 0.024613978341420328 0.0006221113736097395 0.05972475254211989 0.06663840918333559 0.04709560608567182 0.08492212267798163 0.044916890658331876 0.06531565761390312 0.01685363265122719 0.09807792281621448 0.08717863395359325 0.10390739109789565 0.08917372236740763 0.04463219712279538 0.030875769212730098 0.03999069723400204 0.06859023406098617 0.03906501526227468 0.07888694491090499 0.03141131479248218 0.020362541602538937 0.019384912404502547 0.06469477834549577 0.06816714932205994 0.014731312209839507 0.03009289433212748 0.031739904143701106
 0.02033555859485164 0.03606282698491815 0.027522889233044388 0.05694482230321673 0.06739712659206129 0.03143829150136222 0.05623786616765032 10000.0 0.06271022881557958 0.03988423998439583 0.04908398972016496 0.05347466736965337 0.06021778869669574 0.04098035353041116 0.02851312886997536 0.05700390730829264 0.03847748947187678 0.02191323835966794 0.03725884472115006 0.06362668044440208 0.07142252394802198 0.03285367572818771 0.052532593179275985 0.02821633108490687 0.029049235630585216 0.05008935911730935 0.030621627868984504 0.011702229883994407 0.046057659575605356 0.04678765991477244 0.030950529670260876 0.06504353037279136 0.02018842157462621 0.05712754189494946 0.004407113317768874 0.023380315196844623 0.04214359566781513 0.06446902600977814 0.018076535924177625 0.05789432871703739 0.0650073199127029 0.044764529139628036 0.057717233308222836 0.04482194012470338 0.04965708375623379 0.07265372629333422 0.0405778083413684 0.056960099061211696 0.06453258036237533 0.06257305099851809 0.0425634821294676 0.001204638953160391 0.0095361318414502 0.0366465522154848 0.05642074577983181 0.05628616232546532 0.01596214962879544 0.016916346618582035 0.03475637804520287 0.031373535308560775 0.055075855330684584 0.023114457597048887 0.06693520868609576 0.05520558065148819 0.03796166661742133 0.06494846654241736 0.03798957187498191 0.04892436803368431 0.06397682616053732 0.023730183739186537 0.035457227495378586 0.03618561099625539 0.026704255178991682 0.04748296287691037 0.04734989466769361 0.06396572654648919 0.040462191353115795 0.02911808141462528 0.06104172692480969 0.041843511952079526 0.05157503296921581
 0.07786627948176274 0.08047189633497574 0.05485740272291571 0.0819988086406647 0.0056486185100513295 0.03160990464291615 0.03738439619755785 0.06271022881557958 10000.0 0.02418372006550046 0.09896470455049443 0.0776262988506231 0.003895236020275977 0.023642671766987797 0.06661758161016758 0.02785886578636576 0.05004993206273944 0.047304581083731395 0.0735330096780285 0.05746490852611539 0.016733534438589874 0.07158267037193626 0.06766469893193147 0.056627627878741774 0.0880149569188178 0.06819420240027982 0.04705681380727142 0.05227968431993454 0.021777092918623283 0.07036278859358458 0.08861557432616547 0.05129691289039031 0.04823380387894569 0.04732243663469141 0.0597681136180642 0.08318297896634479 0.10422602671467465 0.008165829655508708 0.0800306604408772 0.03418160339632657 0.056115517819792335 0.04919246088175054 0.11041684948849718 0.09052880361127921 0.0834501119664494 0.08258781832724407 0.05867860052410878 0.08907397432052931 0.07634776488835729 0.03690836439875952 0.08244411843477399 0.06352717006472394 0.06014548751031931 0.08793431058223229 0.061024358491984544 0.03677781302907773 0.05608996543848691 0.0635990800966926 0.03250569999578549 0.0939531393687103 0.014002582439427858 0.0815288200081646 0.02719762687390156 0.11602661419560302 0.10035972103261658 0.12438695096235815 0.08150497418273418 0.07662480489429042 0.06805329629957121 0.06033555209206526 0.08978273668887722 0.06658935019841852 0.08939691641906038 0.06446937108930839 0.021369031846910032 0.021023848569005063 0.08933243831513113 0.05693663193625375 0.0520962036078893 0.02125186921676567 0.06619236641045514
 0.057213730663330235 0.06412457053625985 0.03997860559778225 0.061871775029601186 0.028112155783246762 0.00867591835322951 0.027474378643540843 0.03988423998439583 0.02418372006550046 10000.0 0.07517576533357853 0.057396590291185295 0.021050440357977714 0.013880154890931936 0.05070896178491176 0.02228112875350347 0.04043922840256249 0.023132163766573566 0.05059630110232195 0.04524010169028181 0.03166949178083823 0.048201417967137866 0.048900172288477754 0.04189025671810597 0.06718087778977258 0.048634009835568155 0.024080041376620495 0.02876016502177747 0.007562276606456494 0.04962248200968158 0.06828409344873076 0.04172266719661702 0.024052124395398018 0.034900517821254334 0.03648351652151008 0.061921400002010074 0.0805276305136564 0.024646663803535116 0.05778312549703045 0.026569803087451348 0.04494165133157253 0.03071408446799025 0.08648292008018386 0.06703277271782078 0.06151038443021928 0.06691694685801586 0.03779327944372768 0.0677582507581297 0.05953371749212771 0.031405079170504925 0.05944267475849766 0.04083337083783191 0.03623274460693121 0.06389831588122274 0.04489252252148746 0.027104393830510318 0.03694453578405966 0.044518288504125356 0.019719147592898868 0.071237441357633 0.02263602808783552 0.05744887123501357 0.03013662315918289 0.0919883938666823 0.07683691451555977 0.10022136296686923 0.06553502766969244 0.05548917400044656 0.053067417783661246 0.036443397207120316 0.0656263157862938 0.04405258349467367 0.06625849581424223 0.04475732604763799 0.008947874831017036 0.02561366644359564 0.06549216158938821 0.04251979238063693 0.040251533784943 0.003854264285162975 0.04739978301293803
 0.057370033191881414 0.07734819661731641 0.07654048625940064 0.03508414265140111 0.10194058090638501 0.06967072262670305 0.07333710223665657 0.04908398972016496 0.09896470455049443 0.07517576533357853 10000.0 0.03587689676200963 0.0954365185188082 0.08316267783981611 0.07527439711690247 0.08008088135357011 0.08753294177966559 0.05249094929800451 0.027049824298061177 0.06573979487565813 0.10060051891870964 0.027749264939268253 0.045304796411444456 0.07709691209375086 0.057591669824136466 0.042450291989044785 0.05210392758899135 0.052339638086148305 0.07752697133309085 0.0372254946039467 0.060768563280467175 0.07198895853771094 0.05201754164542429 0.06704860832796924 0.048322611763584294 0.05420917134094521 0.03412170201811229 0.09711196307634301 0.04763364568909598 0.07686954919449854 0.06830251952834422 0.055859130778944055 0.011880465787469256 0.009563696882658382 0.024645226354180472 0.055122707654870026 0.044717886264843826 0.0267902548770368 0.05034016401631533 0.07942131174473913 0.019161672572772938 0.04938100277492641 0.04415118314969365 0.012508293548412812 0.05528654407201957 0.07378675629141766 0.06503207679323371 0.06435885043450203 0.07998529056244955 0.04429088852736467 0.09645569459087246 0.02735402235536333 0.08972393678064856 0.032161492850955375 0.03589924582369283 0.0331604602524201 0.07920086539050226 0.03219970743534936 0.05727380974933665 0.03873436758961586 0.014332465074792562 0.03433675795094265 0.03949276693364485 0.04390010072429846 0.07824039492056999 0.09016598264004545 0.009711898817677983 0.07796705143449137 0.0672146093515474 0.0786719725727009 0.04582830583952948
 0.07097900718263372 0.08924870218951675 0.07750828816423519 0.004476280316212269 0.07894411090076936 0.0558523757058744 0.044101638326285324 0.05347466736965337 0.0776262988506231 0.057396590291185295 0.03587689676200963 10000.0 0.07375099057168046 0.0695945926491768 0.08161386099215126 0.05287157411089786 0.08555274168019184 0.04128608978258773 0.01726645575196919 0.03123462943279752 0.07414294188190428 0.02145815200071712 0.011259320590063262 0.07882847715536301 0.07602783072230261 0.00963930259367229 0.03447214205185048 0.04849915703333821 0.056306056355546356 0.00795996557089685 0.07893892320617886 0.03836752505908915 0.042077320687059945 0.035458167977502175 0.050017320931277344 0.07086229988202912 0.06439029753897076 0.07332716130934905 0.06337092040029933 0.04795557350671752 0.03388236804481569 0.028515438942777454 0.046679367667612104 0.026932688411242148 0.011235786920119636 0.0213581632700589 0.01961476350203541 0.012644795193953626 0.014873216603513014 0.04898700292697024 0.018445944265810452 0.05445703088020568 0.04424802224077225 0.033929248665343886 0.021243219708627883 0.044675734108482766 0.06679362208000819 0.07014313259635377 0.07043424620175649 0.06779880262591002 0.07997683441911094 0.044580431980214684 0.060886388202167435 0.06690791443001036 0.0640754378268646 0.06903384005142822 0.09119856792267657 0.004995676118016659 0.021507269802440578 0.030403628760102757 0.03898180008077286 0.017519878931476815 0.06144754098036583 0.013180081750832072 0.05644223552642165 0.06317901089002095 0.030797047771548982 0.0797701368950403 0.03394737685394594 0.06124878675029044 0.012425495990154342
 0.07599181800036957 0.07951036690453007 0.053969010368133265 0.07811890258789923 0.007179351177505893 0.028879352495203056 0.03361139441962889 0.06021778869669574 0.003895236020275977 0.021050440357977714 0.0954365185188082 0.07375099057168046 10000.0 0.022431146713276125 0.06565590554658433 0.02414890542824373 0.049975925249327605 0.04406464893523078 0.06984769663101167 0.05371044796028726 0.015575733276434234 0.06797418529973243 0.06377088191764188 0.05578463130806224 0.08612475701818599 0.06430946365795459 0.04343744425472052 0.04952808840446673 0.018056612934061973 0.06650944675840662 0.08684777278541572 0.04765270326484054 0.04506276382870527 0.0435171249814949 0.057119021774769296 0.08117444927167358 0.10144553624772952 0.006398955841823449 0.0777499102234234 0.030479713787272347 0.05240771095207948 0.04530581487320414 0.10693948199461868 0.08692583174933767 0.07965159734815296 0.07874579782077246 0.05484618020028232 0.08523286261521472 0.07247070636051581 0.033382219001064015 0.07875829508211059 0.06107683192792104 0.0572283329602737 0.08452193506241795 0.05714757876488342 0.033008880923759365 0.05442630921240878 0.06200355828251743 0.031440129202169036 0.09155029714369267 0.015187492671694568 0.0784988382945684 0.024244092429593925 0.1130351636756721 0.09766043334130331 0.12124104973681896 0.08062033625726243 0.0727833477117538 0.06421560597859578 0.05688279503175747 0.08647750324964991 0.06286446976192983 0.0868437185818457 0.06059002582878074 0.017578915964657087 0.017972614842208228 0.08582839131462189 0.05615314128603516 0.04833697718558076 0.018435592153496667 0.06229908830731447
 0.054502490523913164 0.057080483584562434 0.03156802480467521 0.07405678406154266 0.029094898849162634 0.014039333480102771 0.040973045592135826 0.04098035353041116 0.023642671766987797 0.013880154890931936 0.08316267783981611 0.0695945926491768 0.022431146713276125 10000.0 0.043228064843496575 0.03453972802701099 0.028827949208360616 0.03103434231784623 0.060677672534519646 0.059118125829223454 0.03720306558933549 0.0576486081952442 0.061865454644326974 0.03340141414145974 0.06464629735606797 0.06130030277540797 0.035249417702839486 0.03209926947120508 0.019871445081371713 0.06167620287901239 0.0651183572420823 0.0554352886688485 0.031254740631750294 0.04875634991589097 0.03876668850239193 0.059994035107408784 0.08310790980576963 0.028334028151705378 0.05741937480023839 0.03962301122561336 0.05878918753719379 0.04412957579606717 0.09386578299740798 0.07584366491902451 0.07245844295612382 0.08045963573320136 0.05006093296088198 0.07911864428014509 0.0729096967098348 0.04423129747851876 0.0692333526289839 0.04162691020099212 0.04054629527683912 0.07117104021125313 0.05853387209129018 0.040555044990157954 0.03256892643453283 0.0400121678875231 0.009019999394222721 0.071577872175455 0.014116086075661855 0.061990231389534745 0.04046381077079436 0.09582520459953178 0.07893747113206677 0.10501580014471186 0.058202353296639704 0.06717551487988754 0.0667919315372236 0.04509885794807586 0.07202284029501134 0.05480735982126956 0.0675246102430924 0.0574345537272191 0.020968783480823476 0.034832526871791364 0.07347961176031889 0.03380344601525283 0.05410849140712298 0.010880386480751136 0.06038016474750677
 0.020961407579489295 0.013859055067341468 0.011786771752793867 0.08524605019119305 0.07218544100031055 0.04281531502249129 0.07507489057894516 0.02851312886997536 0.06661758161016758 0.05070896178491176 0.07527439711690247 0.08161386099215126 0.06565590554658433 0.043228064843496575 10000.0 0.07245695608371831 0.020860744291755023 0.04437545833420329 0.06573499499033963 0.08721682819124602 0.0802062303267032 0.06134030829274682 0.07947864753265065 0.010117245028998948 0.028587288129093738 0.07732780095551971 0.05388399857370585 0.0342429754367153 0.058253588973794075 0.07457264033838137 0.027392558785095042 0.08685200468115237 0.04286237707374173 0.07890714722097007 0.03161483843330582 0.02680435899127879 0.05762810690189632 0.0715115336643564 0.029864168688120016 0.0754885631043481 0.08807363414735721 0.06827821025114399 0.08209176550118345 0.07240914941220125 0.07817000503930953 0.09990647532740939 0.06684722774308276 0.08546941131912679 0.09169646849199252 0.0804757849388121 0.07096882594716193 0.027709266115844077 0.037385435067912955 0.06333808325259879 0.08171230111350174 0.07491813556628257 0.015890020189376432 0.011597129747717781 0.03421602158725832 0.04184984474134173 0.05440266509891973 0.04793937864025725 0.0808451615540665 0.07222779843379357 0.052791165754336185 0.08327966394422835 0.015005114590404402 0.07720611623933078 0.08981557836520396 0.05132265664916478 0.06099917671299564 0.06413925747150057 0.0415054778204697 0.07432499819537253 0.059648164408719576 0.07612871346760472 0.06758283533903656 0.01001654503891478 0.08362642356516405 0.05045787320241917 0.07835946406824448
 0.07630675082261248 0.08554246729573911 0.06208940109599193 0.05698526339299144 0.027382869924497306 0.029642012616823518 0.009659655573887559 0.05700390730829264 0.02785886578636576 0.02228112875350347 0.08008088135357011 0.05287157411089786 0.02414890542824373 0.03453972802701099 0.07245695608371831 10000.0 0.06257766487726703 0.035776604748495706 0.05312268010639092 0.029625911025807337 0.02129597058642986 0.05251201615208468 0.04205488653540105 0.06399657955415224 0.08581451206071139 0.04323243805099219 0.030069434380049064 0.04531010346057902 0.014922333622432726 0.046518304234166974 0.08736514150580266 0.023546462147970057 0.03738095321373885 0.01968594435273861 0.05289087658811948 0.080249134612003 0.09354732238044514 0.021526946888540944 0.0749625320082923 0.006331126589088473 0.028261368236692914 0.024951109292516628 0.09194610521273446 0.07081933668348843 0.06059965009825882 0.05506144432242468 0.03594068218659158 0.0651394672811119 0.04930030219955867 0.009938994799139095 0.061693413546365664 0.0581276071523835 0.05055273962679469 0.07089091087700176 0.03410747439827197 0.009039577952665618 0.05784754530492419 0.06517287596362559 0.04179110379359589 0.08715367212217576 0.0363745735054464 0.0691954304493089 0.010270712507280047 0.1029266944957395 0.09058823108993638 0.10949463452769961 0.08705627413463664 0.052939433324759096 0.0405348356121188 0.04433119133441148 0.07398865927239597 0.04580628374265147 0.08142067859799287 0.03987731972300694 0.013673104110055019 0.010364035485480474 0.07104455719554965 0.06466090619636176 0.02426901545273721 0.023932327996883634 0.04067902794753329
 0.04006816336317468 0.033331545824861766 0.011840806211598253 0.089702058212969 0.05569371112770817 0.03491451641821911 0.06761943731975438 0.03847748947187678 0.05004993206273944 0.04043922840256249 0.08753294177966559 0.08555274168019184 0.049975925249327605 0.028827949208360616 0.020860744291755023 0.06257766487726703 10000.0 0.04448787923084626 0.07203083195307386 0.08345297418424123 0.06539150189431016 0.06795765415349178 0.08071125992087623 0.012227670296632088 0.048881706445589944 0.07921930203821645 0.05286396147023958 0.03768975455726478 0.047655544633545883 0.07779677055193035 0.04801331528342094 0.08125040013557218 0.04353409884671091 0.07378833770875992 0.039448445792376455 0.04618623246380562 0.0757338740611414 0.05626889703639796 0.047348861022421945 0.06698840408766313 0.08369006245473876 0.06578170869886832 0.09607454076654905 0.0827321565870984 0.08480824033280966 0.10090033282263598 0.06781759673673665 0.09210490581036994 0.09279403823949138 0.07184371800009583 0.07901932352142745 0.03827325646010811 0.04440934907632615 0.07505972393328239 0.0803159839488741 0.06730544413735604 0.022650575309856417 0.02582623967860722 0.020787119413840777 0.060792185368561805 0.03658614765862684 0.06129077627955372 0.06921968389834958 0.09009282705301115 0.07096543944844501 0.1007697952329655 0.03381235050648022 0.08186745433535639 0.08876179488287742 0.0558861188184815 0.0739067233038928 0.06839595508164269 0.059176479046935064 0.07566705769068416 0.048925666252519824 0.06365802086718501 0.07871255970651769 0.011734606988333781 0.07899591902907652 0.03871507981684805 0.07936962051239915
 0.042088263778007354 0.055257152990571906 0.03764268511818278 0.04555727918525239 0.05099187181501542 0.017224899538222378 0.0343380188861268 0.02191323835966794 0.047304581083731395 0.023132163766573566 0.05249094929800451 0.04128608978258773 0.04406464893523078 0.03103434231784623 0.04437545833420329 0.035776604748495706 0.04448787923084626 10000.0 0.029903692945386435 0.04305526613707237 0.0524828091191737 0.026658841864937454 0.036363390443040856 0.03921619436602936 0.05095245635754735 0.03474991973273732 0.009528836109911577 0.010859891747148102 0.027185375587496542 0.033424665718284716 0.05285078265506751 0.043592518529000354 0.0017299985631827836 0.03560656807632569 0.017572685958191565 0.0452659189572783 0.05858002996462272 0.046923339316331386 0.039455851394974505 0.03611857946914122 0.04412116337276572 0.0240139155235902 0.06357349618177359 0.044859628742211256 0.04216060245062658 0.0567395844090982 0.02343738645321436 0.04915868215746613 0.04855700136966649 0.04071973335993024 0.038275893823890676 0.023100458220135067 0.01478273688219139 0.04090018551997793 0.0374013703199537 0.034399283848133656 0.028500432643991578 0.03420457816532565 0.029739333233013622 0.051377280865071304 0.04398460021379575 0.03477302065387733 0.04594614822352681 0.0692850309409363 0.05528107847460254 0.07720252365653527 0.05705250735955226 0.037958675076427 0.045622670314067845 0.014065339429587433 0.04249666448074647 0.0247427978296301 0.04569101561643877 0.03126199616111129 0.028254794620077555 0.04376080498864586 0.04277905458535274 0.04012540156297266 0.039878962978749884 0.026385231492051627 0.0350737573571138
 0.053881726386071006 0.07251609106042163 0.0628910174811237 0.02004249083034942 0.07602500012884612 0.04665577720637338 0.04629886565460146 0.03725884472115006 0.0735330096780285 0.05059630110232195 0.027049824298061177 0.01726645575196919 0.06984769663101167 0.060677672534519646 0.06573499499033963 0.05312268010639092 0.07203083195307386 0.029903692945386435 10000.0 0.04059135716753202 0.0738646657014495 0.004415788895250626 0.021541416008496263 0.06402323077995319 0.0587614200447724 0.018433566046173057 0.026590637090006693 0.03434112588763789 0.051791783281971565 0.013203031182555678 0.061676263601423635 0.04602075247381492 0.03009967724820628 0.0404072961017209 0.03425246639767535 0.05361026360839579 0.04911559282917026 0.07093169353835897 0.046114828641255795 0.049819859179020494 0.0429866792422563 0.028822638743025746 0.03892962085372246 0.01769728754638254 0.012783803170842266 0.038334351542685885 0.017723511338998604 0.020111109864815783 0.031019331904674062 0.05243903021775095 0.008911213277911426 0.03814371525328471 0.028553811577536566 0.019917465448191677 0.030323231018563167 0.046743404845902954 0.05167372312048518 0.054151677519646 0.05955297064496273 0.050895748603589946 0.07287912306723254 0.02763012669670437 0.0626865129728772 0.05402577572761561 0.04816687701237804 0.05834935167489884 0.07447135958607985 0.012317611257271354 0.03463249776968428 0.016349104579283413 0.024424610183697563 0.007316396373867873 0.04447998590115146 0.01842527793746564 0.05234677907785104 0.0632906274720832 0.018604362109201758 0.06496509615234285 0.04118805529327713 0.0543284443561362 0.02147881014586177
 0.08386549996157344 0.09829876153901103 0.07927339341673713 0.03411666291312255 0.05684548772856875 0.048659737308100706 0.02010780863236113 0.06362668044440208 0.05746490852611539 0.04524010169028181 0.06573979487565813 0.03123462943279752 0.05371044796028726 0.059118125829223454 0.08721682819124602 0.029625911025807337 0.08345297418424123 0.04305526613707237 0.04059135716753202 10000.0 0.048779677422712435 0.04253098006922047 0.020529022536190957 0.08102517010601917 0.09161525102891846 0.023293223321649393 0.03355469935581323 0.053772921371460204 0.04026595479060729 0.02854394745464981 0.09397047230545649 0.0077622431604680514 0.04468046364369068 0.010528428850228701 0.05926009727719831 0.08592520127480614 0.08904182026871758 0.050996660957553036 0.07907918217941903 0.023343083872399747 0.0026502757212247003 0.019052723669014657 0.07715469076261151 0.056259938618556674 0.04186551343606657 0.026030201302037894 0.02504977533962194 0.043639603583347474 0.021855551124486686 0.021763871622065653 0.04674083483812996 0.06482394565929536 0.05452600441922298 0.06049868473681356 0.010458270267856729 0.020705280647932457 0.07133810318632158 0.07725974685302585 0.06387367116087272 0.08786112752319633 0.06467538292585114 0.06564197340491844 0.03413016989967363 0.0946109160127944 0.08747044749699304 0.09841947570054341 0.10010297664323742 0.03379037014035042 0.012090099295549236 0.04194744845454746 0.06497869038911422 0.03473460915149338 0.08144178936156236 0.022212624156235095 0.039631220852858355 0.03840316932711835 0.05872766366457663 0.08187312202214216 0.005376906502603742 0.04845728491728761 0.019913402155419757
 0.08877871864094088 0.09400024878626508 0.06867990133029377 0.07821973074299551 0.012147446782534078 0.04032226477665076 0.03028843083293519 0.07142252394802198 0.016733534438589874 0.03166949178083823 0.10060051891870964 0.07414294188190428 0.015575733276434234 0.03720306558933549 0.0802062303267032 0.02129597058642986 0.06539150189431016 0.0524828091191737 0.0738646657014495 0.048779677422712435 10000.0 0.0728671430191646 0.06324354548030191 0.07053840969228767 0.09879714828174267 0.06450623834565573 0.04911464521759238 0.060034000987986946 0.025513722471934945 0.06780270532667362 0.09981213806268911 0.04154027471541009 0.05381926532694013 0.03996630849361936 0.06782947188280568 0.0935777763622795 0.11104511721574906 0.009181403989773322 0.08940353264714693 0.02645455037125297 0.04686716709012569 0.04618641268616871 0.11240735077859686 0.09150817895367207 0.08183561720881873 0.07479052303093625 0.057041855571401456 0.08643525952849367 0.06973630415669227 0.027016389187260743 0.08257985056389282 0.07240723878164033 0.0668449908652447 0.09077219903088106 0.05484569369617531 0.029683362181757884 0.0678998748035904 0.07553123458734406 0.046177023912236485 0.1026825038996716 0.030523646130652126 0.08717748671062614 0.01476831090186737 0.1215511222805712 0.10763474573047643 0.1288585073490851 0.09521118543098382 0.07422471588395389 0.060487507783627895 0.06342884210162611 0.09345035002701944 0.06657233294494704 0.09748535333816948 0.061172740571647205 0.024320772142677395 0.010965130993424376 0.09133275351028196 0.07097329262182862 0.043715248149523385 0.03048753301618867 0.06189262962635189
 0.04955893543595474 0.0681156496601677 0.05865033849363421 0.024406706221093987 0.07434715583974003 0.04369830191481275 0.04632376846839674 0.03285367572818771 0.07158267037193626 0.048201417967137866 0.027749264939268253 0.02145815200071712 0.06797418529973243 0.0576486081952442 0.06134030829274682 0.05251201615208468 0.06795765415349178 0.026658841864937454 0.004415788895250626 0.04253098006922047 0.0728671430191646 10000.0 0.024516562546602106 0.0597527484753663 0.05464317915474846 0.02145620593383947 0.024536957663289973 0.030290797421893632 0.04997046322151786 0.016545962895162778 0.05752312940535341 0.04742311048635853 0.026678134024541878 0.04128061278527549 0.029897675754807215 0.04942478074187453 0.04657140005850089 0.06942609863051159 0.04194221038834975 0.0496845520782781 0.04480983459423207 0.029004975839412854 0.039540426444850105 0.01895200634161794 0.016999236225092803 0.042273138252998575 0.01836308821400187 0.024347120472785175 0.03474601637274247 0.05266031020086942 0.01162811840225603 0.033732638915113355 0.024226586923425882 0.018788483955682788 0.03253638768722224 0.046725042605729204 0.04737578785360259 0.049753235958069374 0.056070425503310775 0.04730538646856017 0.07020101265431158 0.024120878287829536 0.062333778200736885 0.052534279002905984 0.04527642213688571 0.057645030356537175 0.07007062653248536 0.01657654121210726 0.03759142392754389 0.012718524103436935 0.02274084176014831 0.00783937676807765 0.040851222396949584 0.02076261790475145 0.05062535382374643 0.062499199931399685 0.018532777200928885 0.06069343661405269 0.042602401004381917 0.05185468119736402 0.02423488961497635
 0.07163107273099306 0.08857050387580831 0.07387661953264985 0.015023676744042789 0.06861378028997898 0.04867960864784611 0.033049969490499195 0.052532593179275985 0.06766469893193147 0.048900172288477754 0.045304796411444456 0.011259320590063262 0.06377088191764188 0.061865454644326974 0.07947864753265065 0.04205488653540105 0.08071125992087623 0.036363390443040856 0.021541416008496263 0.020529022536190957 0.06324354548030191 0.024516562546602106 10000.0 0.07537693078805593 0.07794791889999798 0.003108825891334879 0.027972709672276126 0.045342667700523455 0.04685007683261793 0.008474044404175013 0.0806486833949317 0.027323099324315172 0.03752486956382505 0.024210509694201427 0.04856313182211274 0.07247278245178543 0.07065539947490727 0.06290476688524249 0.06514782893059996 0.03690978598113094 0.023139895724216087 0.018598740771559406 0.0566410680486715 0.035892712461352734 0.02136436291999387 0.0204726725371413 0.012926004684460727 0.02390265216909085 0.012253160022010358 0.03776353796814142 0.026493142051795714 0.05363877157154489 0.04299874018311527 0.040998905795177565 0.01019385555991952 0.033636742880105534 0.06396309551548109 0.06838723110015167 0.06387147390400212 0.07171575915034514 0.07115381808672308 0.048617835977787675 0.04975597918584188 0.07495365738414221 0.06965716465716634 0.07817884471581238 0.09048588168360318 0.013262170485747442 0.013104896362315117 0.02882905314916933 0.045760559528384655 0.017566515157443736 0.06524556817648161 0.005161662496366692 0.04682322104366858 0.05228346174993826 0.038748610642088226 0.07630129579623349 0.022790609496299304 0.052700828490715 0.0015035716960781977
 0.02785489190822996 0.023886763269131275 0.0019118865961330952 0.08274568883355622 0.06221835072735056 0.03452054260935641 0.06741772889297332 0.02821633108490687 0.056627627878741774 0.04189025671810597 0.07709691209375086 0.07882847715536301 0.05578463130806224 0.03340141414145974 0.010117245028998948 0.06399657955415224 0.012227670296632088 0.03921619436602936 0.06402323077995319 0.08102517010601917 0.07053840969228767 0.0597527484753663 0.07537693078805593 10000.0 0.036847204893493815 0.07351514543099513 0.04844353766827441 0.030348263295228807 0.04944874490857126 0.07137535446399833 0.03616988089515969 0.0799486686747199 0.03791591261178568 0.07212568997609206 0.03008710037553449 0.03397771076784237 0.063602121580849 0.061734044764204764 0.03522186719497269 0.06748524026680036 0.08164359831288631 0.06242874154237217 0.0850588823579472 0.07302937478748839 0.07675178161183299 0.09583306681104999 0.06249634105704952 0.08409944550094137 0.08762250088166736 0.07246636302494541 0.07026681936993878 0.027782979313797224 0.03557395192249967 0.06474932081987027 0.07645770578196234 0.06720594647206793 0.012445239716339821 0.013774668806807142 0.024385590294241172 0.04856813417757507 0.04429199089965053 0.05028465211927894 0.07193759300155246 0.07801885305672927 0.058817124705815835 0.08878043452691338 0.024877378553641263 0.07474903226937794 0.08476869313190315 0.048494726258557046 0.06315437510483651 0.06134595020158212 0.04707145718285578 0.07022721118239837 0.05082491301290385 0.06697310493615753 0.06865743365739267 0.0009435863383313951 0.07706890738660657 0.04125624707227698 0.07414546456406809
