NAME :TPP_input_16_5_1
NUM_VERTICES
76
NUM_CLUSTERS
16
Full Matrix
 10000.0 0.05506014683657129 0.06767238827598727 0.09685572270064997 0.08259896099939858 0.05134679957348723 0.08043759948537259 0.0070638324401531 0.06741530626325089 0.006460576058743422 0.03204620183573169 0.05104457382229239 0.026877864353851488 0.05876433187271283 0.05713052138010308 0.02441054911907883 0.07761322021573278 0.06492434835211404 0.07533431682274407 0.03192918635787302 0.0680467471097558 0.01870831835227253 0.05946982192810439 0.07266300054677191 0.0145150795259061 0.10184066519943227 0.0401892608154081 0.06845970249503489 0.02751655262922621 0.026340618277983542 0.07596891358666047 0.012714537391347503 0.013488555739420217 0.031852795182459884 0.052760878680032604 0.06651023826972076 0.07426305908416471 0.03428741885858087 0.042687582941592896 0.07282660517239554 0.034624124869321225 0.047698302512066436 0.045723755706156846 0.06629758868072498 0.05838841007752829 0.0669075857629748 0.04486610226924999 0.03472085509440148 0.02310815984418337 0.015575618915796213 0.048582802682823424 0.06029404603174686 0.06407762711202887 0.08156051266006398 0.04188722929028007 0.051003167454042125 0.09421774979215561 0.05007828462847515 0.017932313467069985 0.06108902879335967 0.011042843149956785 0.06653580856982455 0.06347112873309056 0.011001003665797694 0.08289593634320193 0.016142495572349924 0.07526898038438022 0.06691497376042906 0.05101255437466785 0.04771423111942453 0.02385664142294565 0.06424665699990095 0.03885953470462353 0.07348276117998429 0.07820430575059434 0.07820932733664165
 0.05506014683657129 10000.0 0.09938930099551709 0.06706642126162599 0.0812395805480314 0.015599801829820308 0.10646717231863251 0.06002011202358006 0.06107573649276253 0.053584971269690744 0.0248933778502868 0.05069542725415157 0.07412180669952735 0.0635206422044224 0.029477622978995623 0.03323995270070199 0.05276553440121571 0.012053058951729688 0.06275147722534945 0.07433867833525797 0.01574927365272985 0.04192412613991966 0.06936489624433088 0.024229084970034703 0.0669451838877889 0.07566083962655511 0.019512286057246832 0.09401337644227716 0.06828870855322046 0.028985107507402505 0.02930622019387161 0.06115014337841215 0.0474431715026926 0.08115648000595091 0.06454706485444078 0.05023574198880469 0.05165849933892825 0.0702789741862277 0.07059814061589603 0.08226872779074276 0.03175750350539004 0.06708651688869299 0.019954082896943972 0.0701325602804667 0.02854670851290256 0.015950142295600336 0.012283417534745496 0.08251356025828468 0.06553152109918292 0.052941759568864356 0.0831241289451185 0.021397387323241538 0.01323888795517259 0.07588479363307876 0.05567559216750815 0.00933518699319269 0.08405536586790009 0.08094684624504479 0.07236064021758652 0.08051727166887669 0.05591567121983403 0.011487262483246477 0.023827322558222192 0.06290446799586533 0.0639123694080355 0.050359691517457485 0.07959274921339499 0.05782242630559821 0.05058297462295048 0.05235981227789731 0.0704813552220887 0.06494199520278617 0.07150102286567818 0.07500971291260891 0.10296099861647 0.07021563012680128
 0.06767238827598727 0.09938930099551709 10000.0 0.0924619133958304 0.05171487319996504 0.08589050743559383 0.014765529380175677 0.07149178333898204 0.055929636002064895 0.06243513875665954 0.07723317066524854 0.053073764769432645 0.04298933546986154 0.04400436892943968 0.07839473360838418 0.07093226757033651 0.07841877702340606 0.10238124777295003 0.06395787082303848 0.03620311576884684 0.10348100821184217 0.0837910815891291 0.03723825170134661 0.10150467904256048 0.05608045448480778 0.09084200047150129 0.09575350403552141 0.010905754708111224 0.04016201658340311 0.08185868530965945 0.10124568716071831 0.05502333701352984 0.06162053946563144 0.04257106912531462 0.03817217580507909 0.06713556309864106 0.07507046018202383 0.033833428385602486 0.029180373568887735 0.03550710387922625 0.067793576595229 0.032851635696183344 0.10235379724161926 0.0434219276738487 0.08029676870277902 0.10127439988921376 0.09601027390677348 0.03886680256824703 0.04457033624161925 0.05538568949603023 0.019129274656087894 0.0882217250669453 0.09972483661836512 0.0569311556366633 0.04402267942735373 0.09063370775605166 0.06726630223120832 0.0190241482063443 0.06995698320860838 0.023386713444397658 0.07832619545079984 0.10804110082995112 0.08947075526310114 0.057785959234769146 0.07342777699678449 0.08370444959109181 0.04273306897446652 0.05914753187837375 0.05317639115200987 0.04947797415670734 0.08523110010544509 0.04768498208497248 0.03017998014759659 0.0462738258215178 0.014621704086644738 0.059008974435262054
 0.09685572270064997 0.06706642126162599 0.0924619133958304 10000.0 0.04404626336893021 0.05527850296457024 0.08958772197935044 0.10388504645259827 0.03765344474173145 0.09140405204209574 0.0706044861938525 0.049278944876137175 0.09773177823536083 0.05073116577970351 0.04251986407865846 0.07475953465319791 0.01927214077547131 0.0578890720244632 0.028753344551783255 0.09253464291546767 0.055233305991920015 0.09542482197090656 0.05643901670843449 0.04599743271091699 0.10009630042642816 0.009544652142664983 0.08256012812517548 0.08209274286113899 0.0886502904709386 0.0816063543841984 0.04111072224882902 0.09346263170410782 0.08350138799413967 0.10420737289224376 0.0586766442855679 0.031336277192972245 0.022777187152696853 0.08452386942082131 0.07637052133166283 0.05800710009312696 0.06300769534342514 0.06695991811142976 0.0857861685431984 0.04916696182240907 0.04213833393345222 0.05353558309974635 0.07620552840077265 0.10298753303833821 0.08939486131468202 0.08404577696649448 0.08759689537286479 0.04623953344807072 0.055184942395559114 0.03719751564731334 0.06222319627742705 0.06079184211993732 0.033412809552167924 0.08257799808380996 0.11341199483533192 0.06943578149997359 0.10440919604869256 0.06457847747096244 0.043385387920366 0.09738489615033957 0.01906436108109651 0.10272122695525636 0.05093881393692069 0.03540702543460573 0.04925200710186664 0.05386145907449291 0.11991614648715951 0.04562404170550445 0.08145720905144237 0.04657488428945716 0.08593659708366418 0.033727462958876665
 0.08259896099939858 0.0812395805480314 0.05171487319996504 0.04404626336893021 10000.0 0.06567618467860588 0.04622840882697021 0.08922644421553418 0.02019746993642753 0.07615968536501315 0.06995858624038148 0.03439739571666891 0.07158785774683366 0.023885630532095227 0.05210454266702856 0.06901902791252384 0.03668646793606283 0.07789642779644929 0.020716244646810225 0.06451974386513097 0.07713429837104652 0.0898706795651596 0.02405436699661213 0.07093481501379009 0.07927445170830494 0.040281384967053316 0.08830557040216362 0.040829040724772836 0.06312709926622036 0.07990567152585105 0.06823713402388722 0.07396808627293752 0.0700231080015573 0.07623662792581534 0.030280224118008583 0.03183756286999075 0.034898678239954115 0.05658708983538868 0.04617531112198125 0.016349973061189425 0.05861733030857243 0.03733826786873143 0.09390508363590634 0.01633993895102494 0.053397740318524636 0.0748122550538114 0.08462250808441463 0.07378514015241813 0.06582039799631999 0.0670967008906498 0.053017670496503536 0.06189368981524053 0.07472588176502902 0.007165669339084008 0.04071471973232155 0.07213156924364371 0.015701335559691904 0.04775284467390428 0.09480797730059405 0.03143836469079238 0.09291456868959826 0.08502712904380605 0.061158037829619635 0.07814287998796762 0.026795249501185694 0.09450416130107434 0.009512708046963312 0.023445423546910413 0.034480101046811075 0.03604252835988765 0.10615178412855827 0.018916164761072485 0.05194182886323241 0.009163392147004687 0.04275120976115881 0.012513664936832002
 0.05134679957348723 0.015599801829820308 0.08589050743559383 0.05527850296457024 0.06567618467860588 10000.0 0.09201999419927515 0.05748381830257173 0.04549703523640354 0.04814633597618384 0.01945113269002473 0.035480903231392226 0.0654669100924215 0.04819085943496693 0.014422825423917747 0.027039831778340108 0.039014167659066415 0.016747577223281993 0.04753329942135898 0.06431398554723754 0.018641044271651603 0.04320815281130197 0.05423999072544671 0.02135831186275055 0.06074966698701032 0.06315151441613256 0.027287589440196124 0.07977804563077828 0.05842122753773743 0.028760504922337362 0.02470784198092704 0.05429183690305056 0.04073796699240383 0.0727153494806688 0.049794476874949666 0.034979000688478486 0.03737615083335972 0.05909867589776894 0.05778669932577189 0.06685300907540744 0.02040640012157334 0.05315234585785154 0.030963487483914587 0.05462798060755326 0.01390730566058236 0.016836867961718165 0.021209285333956177 0.07347316258549737 0.05640239068881271 0.04498415325833478 0.07074818219609853 0.009898943917589314 0.014540783043839293 0.060430966516075255 0.041868524783558014 0.006509396528531477 0.06904204383666551 0.06800575438960525 0.06927638907959023 0.06595118205423632 0.05526348000434381 0.022179309223998314 0.01324545193634469 0.056911122712228444 0.0495207387821447 0.051417404797073754 0.06402244090391572 0.042287898754327806 0.035367531161483876 0.03756066243134202 0.0708425279839849 0.049393707749067886 0.05951199151294247 0.05941590946316644 0.0884314849546761 0.05481128658166861
 0.08043759948537259 0.10646717231863251 0.014765529380175677 0.08958772197935044 0.04622840882697021 0.09201999419927515 10000.0 0.08478383255400396 0.05570060583439381 0.07482008363757289 0.08605206708307288 0.057189653531235486 0.05695915555464304 0.045867225784078314 0.08261723939490244 0.08063261588867326 0.07804376686317642 0.1079397282975817 0.06233604168978227 0.049818807714232034 0.10857060772506476 0.095514879402672 0.039001771740527165 0.10536505676525383 0.06973820752575183 0.08649395791652659 0.10516029029963628 0.012761795588723434 0.05306935125917685 0.09198973409870463 0.10438102453760822 0.06800041936456308 0.07298314815365083 0.057091401199393 0.04230760082423329 0.06815856925617969 0.07507559798105043 0.04615555972780959 0.03920429668464246 0.0317259098129259 0.0756917695997944 0.039632672033301376 0.11171110384872027 0.04271609797395121 0.08444697187708493 0.1062761731021487 0.10456715547238087 0.053421155283381636 0.057438190527184046 0.0670692315628534 0.03223653293854303 0.09285380896416742 0.10507688526703426 0.05256591912170929 0.050974529869717906 0.09735974471305567 0.06080750677713667 0.03039674663177958 0.08410190089077899 0.026083712445679367 0.09131229831843013 0.11412010693125368 0.09360725210796225 0.07108630660559326 0.07105081351930093 0.09622277819439032 0.038657469585967615 0.05933135121239386 0.05730129038679922 0.054499525108270885 0.09915949520493297 0.04786581495037568 0.04178733151246197 0.04323832811441491 0.0038091968987422026 0.0559494181606222
 0.0070638324401531 0.06002011202358006 0.07149178333898204 0.10388504645259827 0.08922644421553418 0.05748381830257173 0.08478383255400396 10000.0 0.07436505920672408 0.013190460985631057 0.03804949016132384 0.05803246498826716 0.029171330039700957 0.0654545925606381 0.06390053585890051 0.030837824493442488 0.08465078581894823 0.07038427811072732 0.08235070639711314 0.03530924305098366 0.07362639767141294 0.020460534112726653 0.06586799625603376 0.07869152573206659 0.015820543419599358 0.10890311696940942 0.04381047997250762 0.07314865579256769 0.031754541191788305 0.031035983332109208 0.08217982967470432 0.01695542097549434 0.020550491617043917 0.03281385275440904 0.05921230593319725 0.07357399140324809 0.08131184863275942 0.038930463456952495 0.04804851627480608 0.07897874462240276 0.04147031368450414 0.05374775639211017 0.048789517845851144 0.07289744981159985 0.06510790691026369 0.07261365904963529 0.04917857844166284 0.03611298365544987 0.027451392236161803 0.02213881376280156 0.052617542674259714 0.0666541771413539 0.06973753179897746 0.0883682347866515 0.04856322654675382 0.056677144394515856 0.10108026341572818 0.05465537868115218 0.012369115289023595 0.06668038056376552 0.007637066560080395 0.07150037392289395 0.06987768263162072 0.01371615221260244 0.08995386234723392 0.014904599592164662 0.08170217050349092 0.07392245387491661 0.058002505787127026 0.05462500178834069 0.016965997976642003 0.07101635779301117 0.0437609097931109 0.08008614950942834 0.08276306027572516 0.08511415216020068
 0.06741530626325089 0.06107573649276253 0.055929636002064895 0.03765344474173145 0.02019746993642753 0.04549703523640354 0.05570060583439381 0.07436505920672408 10000.0 0.06118843371103137 0.05060462831473133 0.016481713103611906 0.062157361615644884 0.013094328127426062 0.03213917020706878 0.050675261953243886 0.022566832444160845 0.05821727584518779 0.00927779913735328 0.056192430123819276 0.057731253033304 0.07205698190282123 0.018977506393912286 0.05232804178210166 0.06696699833264444 0.038542216198486925 0.06846335357542455 0.04620296420116082 0.05308945294133346 0.060993528015965255 0.050303090346788024 0.060849780812643556 0.054143059856692405 0.06809949076317297 0.021168481248637426 0.01300799273531741 0.019411582920867868 0.04801617709939889 0.03909806860850815 0.024852743716461463 0.03955572165908092 0.029546289346544494 0.07391369860002409 0.01298992697450422 0.033543105627381234 0.05538631735545547 0.0645383718067774 0.06646848752608983 0.054660815465363964 0.05254830146666855 0.04995277598019417 0.042172799712696586 0.0550670415028004 0.015713423267580375 0.02708169577077544 0.05194170705525784 0.027210782129639233 0.04492483024021389 0.08175646237142666 0.03255569876161985 0.07695993258875349 0.06525911090884867 0.041762238549705115 0.06501829504163481 0.018957582208366495 0.0775280309531602 0.019786119396213393 0.003808858794429443 0.016528388918254207 0.019796596660651387 0.09127188917219158 0.008248663318250478 0.04444672417260134 0.014707839063341298 0.05189653370756919 0.011053550876329534
 0.006460576058743422 0.053584971269690744 0.06243513875665954 0.09140405204209574 0.07615968536501315 0.04814633597618384 0.07482008363757289 0.013190460985631057 0.06118843371103137 10000.0 0.029411058738259544 0.04489024970915482 0.02351067010796384 0.05234028228966391 0.05259964348656388 0.021191759559735165 0.07213391153539164 0.06266802957321692 0.06924168574240225 0.02740943648165408 0.06559492961666387 0.02191469017233501 0.053010210949273086 0.06949385165411529 0.013422080732671385 0.09611363695763836 0.04058678581003087 0.06266606837503642 0.022397198733231715 0.02594106547443177 0.07247960409996435 0.008748784651690236 0.008021407457735108 0.029475834603884286 0.04630030268340823 0.06076033612771506 0.0687111896125697 0.028722978814408964 0.036601105364593586 0.06639549953603516 0.0300639289947014 0.041304481946842574 0.04659411537821787 0.059851133281087376 0.05397472579306959 0.0642759907615003 0.044363523540060096 0.03185254657665844 0.01804727901340458 0.009115540001757854 0.04330604576170583 0.056618457737479325 0.06153535201729222 0.07519447644308812 0.035455118433248986 0.04856290096281529 0.08789228400066092 0.04442343766341065 0.02220368740042271 0.05484587975838932 0.017307901697569742 0.06494320493154208 0.05968907081480828 0.009361660550823762 0.0769952265351996 0.02140395849152984 0.06880840838662211 0.060800704397680094 0.0448627480844263 0.041437385416968175 0.030146799203296232 0.057857246181916636 0.0330707497399695 0.0670376362611545 0.072464312387974 0.07192434622487663
 0.03204620183573169 0.0248933778502868 0.07723317066524854 0.0706044861938525 0.06995858624038148 0.01945113269002473 0.08605206708307288 0.03804949016132384 0.05060462831473133 0.029411058738259544 10000.0 0.03574292762587158 0.04922882456485057 0.04804384164669905 0.02823532448730871 0.008412786461300765 0.052300403400276536 0.033261635633098224 0.05577238882235647 0.04966039258105122 0.03619706940439766 0.024929482460349348 0.05237431429388821 0.040657306150788754 0.04252889811210638 0.07730224647152803 0.019400947069309976 0.07331519928765466 0.04360223939632144 0.01110043862367605 0.04415891937951315 0.03646789543150627 0.02269609496834387 0.056269610233017554 0.046342396007088095 0.044114843281134124 0.04965251314715805 0.046193121145795955 0.04805428087484539 0.06644062198856232 0.011492107111645061 0.04654919217676891 0.025803504788237206 0.055713219129183776 0.0289592941727358 0.03493878979425429 0.018791875204493946 0.057630079023948906 0.04069136228546561 0.028049324109349235 0.059815336392533766 0.02886966731665711 0.03215839460885672 0.0663135303047611 0.03555519991053398 0.019152634141851182 0.07719020162497774 0.0583194442201803 0.04994191406858968 0.06100595349345386 0.03595005913466474 0.0359211178926853 0.03217219279002313 0.03854652734611612 0.060660625640961786 0.03269349557725499 0.0656872296484559 0.04845443212221471 0.03565004043828991 0.03533996403566302 0.05161806507521976 0.05143496610292944 0.04802805110629234 0.06200221167952681 0.0828151352649307 0.06140335679571675
 0.05104457382229239 0.05069542725415157 0.053073764769432645 0.049278944876137175 0.03439739571666891 0.035480903231392226 0.057189653531235486 0.05803246498826716 0.016481713103611906 0.04489024970915482 0.03574292762587158 10000.0 0.04845643069165714 0.012895435080920498 0.025524012299941314 0.034697226109166236 0.030752401699605615 0.050852585179856635 0.02438812428093018 0.04349334405536905 0.05138428719586313 0.05584687104895153 0.018768400152005617 0.04853790451871997 0.05156517477262378 0.052370695691693114 0.05456811998104546 0.04546522367548645 0.03938539499431648 0.04550996971002889 0.04817534073936189 0.04518653588705908 0.03770559561159332 0.05500787781166648 0.015063979886012626 0.018099475825731272 0.02701790941902517 0.035688823843098814 0.029035617144743696 0.03172002838932072 0.024301900907310735 0.02098929977827353 0.06049746476215645 0.02013533107252518 0.027392789953209942 0.04908695479535361 0.05168145016380687 0.0539762894799292 0.04017531068445954 0.03644834409910259 0.04180901230487592 0.035677712341735245 0.04793700511726523 0.031560259446315464 0.013098432686629274 0.04136895363472118 0.04363654991837651 0.037608400569823515 0.06589382496127097 0.0312059628187934 0.060484181100389486 0.057251733311942776 0.03659034199107096 0.049291707860299724 0.03270166959650531 0.061102487877125536 0.03006192908455106 0.01593059237954824 0.00011357018746522605 0.004685672851102423 0.07489391170395145 0.015694677220493596 0.033309270977303455 0.026259391669652837 0.053499035639840785 0.027476625751950957
 0.026877864353851488 0.07412180669952735 0.04298933546986154 0.09773177823536083 0.07158785774683366 0.0654669100924215 0.05695915555464304 0.029171330039700957 0.062157361615644884 0.02351067010796384 0.04922882456485057 0.04845643069165714 10000.0 0.05013558658458195 0.06547257164840097 0.04093300797453444 0.07907496455317886 0.08154163516743258 0.07131475764610867 0.007629413582028662 0.08396910259053707 0.04515586581280453 0.04766488470189654 0.08599183969230104 0.013372937869082726 0.1003482641152117 0.06345813966354852 0.0463003558217311 0.009107620873001415 0.04859888482646482 0.08796499863807955 0.014773498150465471 0.02709154119519874 0.007269584562353283 0.04218249654628843 0.06650521521508253 0.07535953328511395 0.01500939453479164 0.02552816261639133 0.05805192479296659 0.045174517895878855 0.03434058374387523 0.06969039016958799 0.05594785731182253 0.06720733442891863 0.08228477119999796 0.06639375786205567 0.008521876685771658 0.009191547491924752 0.021191108485805913 0.024925923270259078 0.07218706117842881 0.07983217356724229 0.07287604557411101 0.035574129794231586 0.06756094391928111 0.08582538930260479 0.028265366579667404 0.02717885045049548 0.0433657440025105 0.036499309322631394 0.08501376280708464 0.07477963861047046 0.01596534206594853 0.08053789584615852 0.042840217314791554 0.06267601560007119 0.06320844042697948 0.04848550503297984 0.043876897335905024 0.042252191243903045 0.056155511590696344 0.0198485883575932 0.06268755761959069 0.05540082240628657 0.07130531292303618
 0.05876433187271283 0.0635206422044224 0.04400436892943968 0.05073116577970351 0.023885630532095227 0.04819085943496693 0.045867225784078314 0.0654545925606381 0.013094328127426062 0.05234028228966391 0.04804384164669905 0.012895435080920498 0.05013558658458195 10000.0 0.03714987949673695 0.04596173333009262 0.034740152139800105 0.06310391072365892 0.0222734687482458 0.043772156909940664 0.06334986574620075 0.06632690098949696 0.0069309212212612424 0.059577424981512764 0.056281443911682875 0.05145731146884789 0.06714181868042368 0.03504631619348668 0.04120604345950575 0.05723065408667171 0.058514771690244036 0.0506161536043472 0.04613895512005593 0.05572062316366769 0.008205924992204239 0.023131288787931237 0.031251838844885096 0.03557492585261009 0.026198186593217758 0.01882495197134891 0.036553598332014804 0.016598102262915568 0.07318443850742037 0.007889485973349937 0.03891098126691446 0.061017837419263386 0.06449904458365266 0.053875230541653316 0.04328168475346682 0.04331631253275158 0.03686590822643783 0.04750297531560951 0.06010189134610727 0.023222838278404125 0.016891403349046426 0.054186743985649356 0.0361859491728487 0.031867929808436245 0.07157928267545567 0.020792295172864732 0.06903058555451265 0.06969954788884733 0.04797273824910136 0.0548126065310756 0.03202634453449544 0.07069313519802349 0.017776096038279822 0.015602009253087627 0.013005302726090701 0.012800062762152994 0.08240690999233069 0.006021763302438584 0.03169468635379836 0.014890139279746166 0.04208849419439926 0.021169730496581742
 0.05713052138010308 0.029477622978995623 0.07839473360838418 0.04251986407865846 0.05210454266702856 0.014422825423917747 0.08261723939490244 0.06390053585890051 0.03213917020706878 0.05259964348656388 0.02823532448730871 0.025524012299941314 0.06547257164840097 0.03714987949673695 10000.0 0.033384787879333785 0.025030767380278127 0.026251773647637977 0.03327611678862577 0.06267453073323084 0.026223939508066483 0.05315933786342868 0.043775364241566694 0.023115998510467316 0.06367013802697444 0.049720514190418647 0.040978480490417746 0.07098897279390809 0.05727785516474873 0.03913695960278625 0.023420813617357896 0.05689863655936669 0.04461382769844056 0.07267780456385688 0.04058398819283252 0.02076076175413541 0.023092788505511212 0.05612480035760182 0.052305515526495136 0.055100162832370875 0.02255627750153823 0.045746533278548225 0.04517818089760041 0.04260153936002705 0.0019185535137945385 0.023883845467390943 0.03540878437985907 0.07269974627902165 0.05630455684009856 0.047104641430043545 0.0654930326222447 0.010367490048281107 0.023154235398780244 0.04649767107334576 0.03542952202326791 0.0208668443708136 0.05467420124445286 0.06190741741401115 0.0747201430794499 0.05671205359936677 0.06324480995471092 0.03317757808140916 0.011083027491188493 0.060243072427229906 0.03514933034578109 0.060764656597067986 0.0514238200134029 0.028675185596810298 0.025415189330566367 0.028921974103619137 0.07895668566376249 0.037159470976666026 0.05530223879605864 0.046567832504066826 0.07889534085908848 0.04078615022657522
 0.02441054911907883 0.03323995270070199 0.07093226757033651 0.07475953465319791 0.06901902791252384 0.027039831778340108 0.08063261588867326 0.030837824493442488 0.050675261953243886 0.021191759559735165 0.008412786461300765 0.034697226109166236 0.04093300797453444 0.04596173333009262 0.033384787879333785 10000.0 0.055867644188710965 0.041591293436819284 0.056985269194864664 0.041716388209461115 0.04444168166633267 0.02154921637946431 0.049349635946385126 0.04839690071878577 0.03417006659301258 0.0807519292254299 0.02483025742263207 0.06787372403214617 0.0356729780402896 0.011613820295694025 0.05157899193147237 0.028058211380553554 0.014284247888314202 0.04792522841827757 0.042898264621617554 0.04624236948351946 0.05286341007205604 0.038841836716490816 0.04186422470505112 0.06358435108481962 0.011915156756793298 0.04172135469812174 0.03143087283591408 0.053828787661221546 0.03446231885547372 0.04309032969931243 0.02601751137725519 0.04937429635881941 0.032552356214175265 0.01974273357915553 0.05293282219388661 0.03588528315684208 0.040365788742222776 0.0661638178140401 0.03148403745030296 0.027456031974329678 0.0777979726828115 0.05191246455542545 0.042331660667416206 0.05640607255991516 0.029879506161022314 0.04432909660198353 0.039074666235370425 0.030212489547519004 0.06300420809605634 0.028076316788890818 0.06373182640239006 0.04908566875977172 0.034622355813469945 0.03320332093729253 0.045577462889509 0.05014109461430201 0.0411563251448268 0.06054849903367113 0.07756567978362258 0.061705936742498045
 0.07761322021573278 0.05276553440121571 0.07841877702340606 0.01927214077547131 0.03668646793606283 0.039014167659066415 0.07804376686317642 0.08465078581894823 0.022566832444160845 0.07213391153539164 0.052300403400276536 0.030752401699605615 0.07907496455317886 0.034740152139800105 0.025030767380278127 0.055867644188710965 10000.0 0.04584737452806068 0.016292444631026602 0.07424530601023487 0.04409132061754926 0.07686456286681814 0.04124817039602969 0.03625892654975031 0.08092984984789381 0.02500605212131753 0.06598876775133673 0.06876978472001556 0.07005034921418767 0.06339191981489593 0.03266416254265261 0.07426661682274639 0.06423944912114544 0.08572677851237011 0.0420288545193479 0.01267485604145654 0.0037364949794388863 0.06639991436308237 0.058995820143516876 0.04662737194762142 0.044018020201118876 0.049943085865951406 0.06997701135827203 0.03547406208588423 0.025154722834827472 0.04196479617173662 0.06021682543549516 0.08472810717010662 0.07054493577400918 0.0648031521853882 0.07099763564232096 0.03138045789990947 0.04277285916008954 0.02965375158466017 0.04384479698915395 0.045148544343974396 0.03322523625598077 0.06624018982926773 0.09414286133416964 0.055032217045828884 0.08533555693786236 0.05303755571864694 0.029294334476768377 0.07816125025449676 0.011876107009789985 0.0839232833666178 0.040462263041059154 0.019277447708896157 0.030710767048913106 0.03542392251650683 0.1007736963813744 0.030766724305846014 0.06373788077399811 0.03539979242601043 0.07425384075168942 0.02421751941262173
 0.06492434835211404 0.012053058951729688 0.10238124777295003 0.0578890720244632 0.07789642779644929 0.016747577223281993 0.1079397282975817 0.07038427811072732 0.05821727584518779 0.06266802957321692 0.033261635633098224 0.050852585179856635 0.08154163516743258 0.06310391072365892 0.026251773647637977 0.041591293436819284 0.04584737452806068 10000.0 0.05812876414554749 0.08079078523724868 0.0036969943362149763 0.053253735988632464 0.0695260591572573 0.012772297707137347 0.07576135467862086 0.06692216238658648 0.03153354084153714 0.09590217652719732 0.07484000490757396 0.039625899986163914 0.018011950135382506 0.06957429970753012 0.05581483325973974 0.08874139770962954 0.06563354232226581 0.04608952742487559 0.04549991387349443 0.0757818021688037 0.07449263860387921 0.08130661550147583 0.03690974888084883 0.06955789679435002 0.03178572399657398 0.06883018520310169 0.024709472108206062 0.004439004637144397 0.024271557178817866 0.0897021131737027 0.0725964500027581 0.06066931411627938 0.08748408442086286 0.016044585556985326 0.003175666567235418 0.07189053275683253 0.058387193560040566 0.014138443411926119 0.07853804444170095 0.08467681039598253 0.08260270626512747 0.08186556948150293 0.06686763591572348 0.007236096747028526 0.016926864245790468 0.07179639282952952 0.0575566213807749 0.061721685916108104 0.07765708818983391 0.054632870233188455 0.05073955759925893 0.05348227602307159 0.08179965695176826 0.063402040838451 0.07625831830643504 0.0727640744395306 0.10428733096481123 0.06608708146274683
 0.07533431682274407 0.06275147722534945 0.06395787082303848 0.028753344551783255 0.020716244646810225 0.04753329942135898 0.06233604168978227 0.08235070639711314 0.00927779913735328 0.06924168574240225 0.05577238882235647 0.02438812428093018 0.07131475764610867 0.0222734687482458 0.03327611678862577 0.056985269194864664 0.016292444631026602 0.05812876414554749 10000.0 0.06543629282887535 0.05706293712782409 0.07853061658969424 0.027698897796467687 0.050417917160837655 0.07570149081121826 0.02926442242799943 0.07248041442735353 0.05382263763748118 0.06222846718031654 0.06658055675186525 0.04756136747972977 0.06944837792559434 0.06191621081316852 0.07732928240869713 0.03041227448181572 0.012554817183011354 0.014198728978319657 0.05726864396514615 0.048366579259458704 0.030677852451566064 0.04535759073612854 0.03880211130176165 0.07746277318894353 0.020538890833094257 0.0342671006752514 0.05477765416670299 0.06782214125408001 0.07573239301293791 0.06366295561961759 0.060834381508332425 0.059042198212634046 0.042354170432448816 0.054955334760594506 0.014001249712447941 0.03601218769990485 0.05403713356737698 0.021691335922508038 0.0539546177822445 0.09024509767726413 0.04076603672945439 0.08448087727892749 0.06534080554505381 0.04122108989021051 0.0735851859470335 0.009787886850257771 0.08451158058138122 0.024252818304993474 0.008459655262758022 0.024408452096351025 0.02828961164563655 0.09915237415541289 0.016902050032756872 0.05372450540925845 0.01926794462818627 0.05857875580322174 0.008239436785834133
 0.03192918635787302 0.07433867833525797 0.03620311576884684 0.09253464291546767 0.06451974386513097 0.06431398554723754 0.049818807714232034 0.03530924305098366 0.056192430123819276 0.02740943648165408 0.04966039258105122 0.04349334405536905 0.007629413582028662 0.043772156909940664 0.06267453073323084 0.041716388209461115 0.07424530601023487 0.08079078523724868 0.06543629282887535 10000.0 0.08295149913303654 0.04931390980407979 0.04077560370536696 0.08414080747318656 0.019932123734728857 0.09463915923183137 0.06551724711726567 0.03885052165204124 0.006058202439190172 0.05071513771939327 0.08569144312829155 0.01922566992448088 0.028986304942244117 0.011948798753445955 0.03566208099904222 0.061583309583034276 0.07051020247920017 0.008198458854260541 0.01834443296446921 0.05063958707672821 0.04391973297552062 0.027542510388716433 0.0719481452267636 0.0491533137797559 0.06448850770783306 0.08112436611178056 0.06768148492939648 0.010483005800537749 0.009631456256257541 0.02255356674225844 0.017607908641095012 0.07019643282874251 0.0788364466525766 0.06613782655015153 0.030402938405781108 0.06710047656621669 0.07902477815851267 0.02067360363605291 0.034587003971744565 0.03579864461429425 0.04228407351732784 0.08483001233126548 0.07256067547711133 0.021632319873834426 0.07486185003392118 0.04807146246209915 0.055474303979796864 0.05754229353084421 0.04353602432746374 0.038823011350410094 0.049366279256845835 0.049758315879338155 0.012580178920338681 0.05573277656239995 0.04809968856728514 0.06488330955204138
 0.0680467471097558 0.01574927365272985 0.10348100821184217 0.055233305991920015 0.07713429837104652 0.018641044271651603 0.10857060772506476 0.07362639767141294 0.057731253033304 0.06559492961666387 0.03619706940439766 0.05138428719586313 0.08396910259053707 0.06334986574620075 0.026223939508066483 0.04444168166633267 0.04409132061754926 0.0036969943362149763 0.05706293712782409 0.08295149913303654 10000.0 0.05676302387229185 0.06990669026168579 0.009508589840325593 0.07858357134414029 0.06439120673198141 0.03521978947590561 0.0966912308664241 0.07704793584807386 0.04300635054140383 0.014743888560540434 0.07230772467348749 0.05858483064815893 0.09119747280877996 0.06631851219707115 0.04530125945035193 0.04402026547481128 0.07769376249458868 0.07595237748543958 0.0812810592069416 0.0390349651603069 0.07062937271620048 0.03545556525991028 0.06876313958847109 0.02453246038779878 0.0023510858221074175 0.027953393910326023 0.09204528661650886 0.0749534929314284 0.06325084499025574 0.08902811660760723 0.015856571581994668 0.004137154308390221 0.07094651617634211 0.05960311257417131 0.017061117626399298 0.07706391202891397 0.08604754756127149 0.08579650195316435 0.08254306857002727 0.0702667464468866 0.009345195798020654 0.01599154471215196 0.0746482285698581 0.055904666676872085 0.06523077163632097 0.0773438580161869 0.05407052507600307 0.05127234369063654 0.05427627168394271 0.08528415392936141 0.06329636822338296 0.07795738105143167 0.0723775521060991 0.10488329875520998 0.06513133357147467
 0.01870831835227253 0.04192412613991966 0.0837910815891291 0.09542482197090656 0.0898706795651596 0.04320815281130197 0.095514879402672 0.020460534112726653 0.07205698190282123 0.02191469017233501 0.024929482460349348 0.05584687104895153 0.04515586581280453 0.06632690098949696 0.05315933786342868 0.02154921637946431 0.07686456286681814 0.053253735988632464 0.07853061658969424 0.04931390980407979 0.05676302387229185 10000.0 0.06881214054125726 0.06322565776257871 0.03322164443947472 0.1018517068506736 0.02400654634770203 0.08303862829317146 0.04413571934863814 0.014448736265228558 0.06739303063618271 0.03045431562239004 0.022596041559768118 0.05050433615799761 0.06210316444632604 0.06771149439174881 0.07402249256891055 0.04996085339607726 0.0564759931592834 0.0829356417135767 0.03334866602712699 0.059113103741661205 0.028480039704740574 0.07420891519411124 0.05388130408153748 0.056158051891155164 0.030168597291235725 0.053252779877475724 0.039861254739294597 0.028480390990989105 0.06472533112395182 0.05304708446798778 0.053207994037671485 0.08740552720931279 0.05050213457285389 0.04064038172881243 0.09923747954908224 0.0652876785386515 0.0324259281497564 0.07356619605423872 0.014509861504641909 0.05317600714330485 0.05639876685366357 0.029594782369985195 0.0844621284732939 0.008468265722120527 0.08392756821064717 0.07058758839402021 0.05578029716013459 0.05383039349830128 0.02856900868902917 0.07095716741362146 0.05384791515096331 0.0811502639229549 0.09289714195105973 0.08310713347967238
 0.05946982192810439 0.06936489624433088 0.03723825170134661 0.05643901670843449 0.02405436699661213 0.05423999072544671 0.039001771740527165 0.06586799625603376 0.018977506393912286 0.053010210949273086 0.05237431429388821 0.018768400152005617 0.04766488470189654 0.0069309212212612424 0.043775364241566694 0.049349635946385126 0.04124817039602969 0.0695260591572573 0.027698897796467687 0.04077560370536696 0.06990669026168579 0.06881214054125726 10000.0 0.06637802091758307 0.055282472355190675 0.05637924079193024 0.07170221025357207 0.028123074329799713 0.03909666545260701 0.06086312633951886 0.06540253119535308 0.0501504602264083 0.04756785057138974 0.05263436532478016 0.006769952195547385 0.029951143228690528 0.03785022562681121 0.03271399201207785 0.022524624989360365 0.014236959874309273 0.04099444449689202 0.013329917066014038 0.07791817847090111 0.008444077269769827 0.045570945910083066 0.06758620399488388 0.06956168868354373 0.050427448575722046 0.04177291175972976 0.04389469501897198 0.031603310952338634 0.05409210889654799 0.06656720194240116 0.025415988339275553 0.018313779164983494 0.06005725298456325 0.038252676000750045 0.026412877637205293 0.07087376691663017 0.013920019476093184 0.07011247033937999 0.07599868630077007 0.054687547377416476 0.05429697140418956 0.03746784939655843 0.07247148915628557 0.015841944697288942 0.021976212583893238 0.018881947700856983 0.017297804804099332 0.0826813896113837 0.01082108579349642 0.028272452262345864 0.015033511810799347 0.035236044181681137 0.024865844946799515
 0.07266300054677191 0.024229084970034703 0.10150467904256048 0.04599743271091699 0.07093481501379009 0.02135831186275055 0.10536505676525383 0.07869152573206659 0.05232804178210166 0.06949385165411529 0.040657306150788754 0.04853790451871997 0.08599183969230104 0.059577424981512764 0.023115998510467316 0.04839690071878577 0.03625892654975031 0.012772297707137347 0.050417917160837655 0.08414080747318656 0.009508589840325593 0.06322565776257871 0.06637802091758307 10000.0 0.08198737060201869 0.05526713128017465 0.04319407236718582 0.0939498994932374 0.07843629993204487 0.04899419088013244 0.005248556472994648 0.07545393647225619 0.06201509597993308 0.0932614151356331 0.06359577789012683 0.03944750554189719 0.03672297475170409 0.07818219263600619 0.0751665511743532 0.07667300625390107 0.04089018115812886 0.068853167574908 0.04418163107051199 0.0641769442169203 0.021209377813032903 0.008401463519428765 0.03594975616319211 0.09373844337810416 0.07682969803551366 0.06598555267472206 0.08835835933906058 0.013967908960038999 0.010991032297871108 0.06441741856045113 0.058374973200139936 0.022585279268029626 0.06947716572302942 0.08492105879935315 0.0905825122980975 0.07962435182244625 0.0760663559868169 0.018743733429269927 0.012076521742598994 0.07819017105344317 0.048133405056504715 0.07163246954498058 0.07211328447859858 0.0485528152086438 0.04843128177830695 0.05203720159786176 0.0914492023656537 0.058686832385535063 0.07782473898335103 0.06702670576309605 0.10160984141821205 0.05862779949999267
 0.0145150795259061 0.0669451838877889 0.05608045448480778 0.10009630042642816 0.07927445170830494 0.06074966698701032 0.06973820752575183 0.015820543419599358 0.06696699833264444 0.013422080732671385 0.04252889811210638 0.05156517477262378 0.013372937869082726 0.056281443911682875 0.06367013802697444 0.03417006659301258 0.08092984984789381 0.07576135467862086 0.07570149081121826 0.019932123734728857 0.07858357134414029 0.03322164443947472 0.055282472355190675 0.08198737060201869 10000.0 0.10387963907285917 0.053795318628433515 0.05854333432750978 0.01749555267696978 0.0392919673118581 0.08467091372034329 0.006789289433315777 0.020027365485545828 0.017417483388938174 0.049030393009249836 0.06885382173533369 0.07733456164574838 0.02490079603154825 0.034985839487180044 0.06727081759865236 0.04157717919803946 0.04226711675950385 0.05964068721027154 0.06306628403308555 0.0652042864194445 0.07716893558443276 0.057767532709010146 0.02048282618021112 0.013777399832460763 0.01658588078596659 0.03750572111132061 0.06872925606817142 0.07448953162533571 0.0795000426253866 0.03993971462475178 0.06162559659970677 0.0924669054218807 0.040112538644079244 0.015699626299221232 0.053674208995231655 0.023249692748924786 0.0782617519929602 0.07166183233438495 0.004060733622562661 0.08426608633470327 0.02989399649405292 0.07096644637773161 0.06728979600845858 0.05156493777024534 0.04742063463462595 0.02956239630618657 0.06219693449547839 0.029967527690621096 0.07014343558430429 0.06794387831872303 0.07706825123072888
 0.10184066519943227 0.07566083962655511 0.09084200047150129 0.009544652142664983 0.040281384967053316 0.06315151441613256 0.08649395791652659 0.10890311696940942 0.038542216198486925 0.09611363695763836 0.07730224647152803 0.052370695691693114 0.1003482641152117 0.05145731146884789 0.049720514190418647 0.0807519292254299 0.02500605212131753 0.06692216238658648 0.02926442242799943 0.09463915923183137 0.06439120673198141 0.1018517068506736 0.05637924079193024 0.05526713128017465 0.10387963907285917 10000.0 0.09039785346046543 0.08016721380562455 0.09124276063416228 0.08838988375134596 0.05046805595093863 0.09739972920765039 0.08837080725101776 0.10649943737027384 0.05963734131717896 0.03535333660586593 0.027889860597200392 0.08649033150108355 0.0776153270430303 0.05556810515259908 0.06885899149768339 0.0680351979855451 0.09395766863142375 0.04845046730105284 0.049592579898962465 0.06261759688049917 0.08428037975069275 0.10497039147013955 0.09242137669804393 0.08828349516923993 0.08796601367220118 0.05452689743200413 0.06413421912919483 0.03409503180089865 0.06482815968519755 0.0689355297283202 0.027306895957909357 0.08279187893188605 0.11781329065597004 0.0684646047662001 0.1099917326255932 0.07372717084668293 0.05184999915980316 0.10143943920329364 0.019810372068180447 0.10882713057608318 0.048324093962086194 0.03714442169751128 0.05236371287953985 0.05671935652426066 0.12528407271557798 0.04582330657604149 0.08298892494727965 0.044573954273806456 0.0829768132369304 0.031999525274176654
