NAME :TPP_input_28_3_2
NUM_VERTICES
82
NUM_CLUSTERS
28
Full Matrix
 10000.0 0.00552271802665726 0.058365771311555605 0.07919543921563363 0.10989437482483166 0.011676961123675472 0.03123648573923319 0.03257799802392765 0.03698631139134054 0.06871612405686153 0.06985830577834078 0.08159625182145122 0.02061754751397859 0.03410812677408538 0.0722377639692082 0.07526661779058427 0.08662743247858305 0.0705846148842266 0.048782157449682596 0.034531311174646764 0.09211408284568605 0.03017419520337153 0.04733470834580668 0.08319489281439837 0.09101107569249398 0.09664987685773323 0.07209399986762254 0.08205805624723495 0.037820711425467425 0.10261402333643622 0.026079417558512376 0.06054230235298194 0.05582432188123984 0.09533074815881336 0.012876297116436706 0.06349418488190078 0.10489020459182671 0.09235887974570099 0.056845816093885476 0.03638174937456418 0.023512933563524747 0.054321978051505744 0.04602590350831165 0.09668630900730849 0.0990958297865194 0.008818416847766162 0.0869669702543975 0.10055533960970607 0.11256588485097595 0.09019051334686136 0.05309795911710917 0.09763793073896702 0.09204007117756338 0.08047690139581454 0.0486248209348101 0.07459057622779892 0.06614230334302255 0.08452664041123333 0.11347182801109873 0.0913055872643057 0.06383355033839078 0.04609545672967899 0.0561485933782374 0.045859259676648376 0.0597290837926596 0.0619774239550115 0.059630997146075775 0.07273592956098843 0.002025397453747761 0.08679214937329317 0.10721778965632213 0.06253053659992808 0.09371366581344585 0.03090879297922809 0.0665443784580505 0.07402810486465328 0.036010861216180946 0.043993191681474156 0.10029929704371378 0.05190168262939061 0.06526991520217773 0.04154842949355209
 0.00552271802665726 10000.0 0.06360014562305707 0.08451194614402814 0.11536192942171433 0.01719484934849946 0.036556270718113536 0.03810004335829142 0.041210847804164535 0.07418956222734255 0.07467082760090236 0.08690064026770043 0.024444793165300526 0.03947270729222713 0.07775316933022362 0.08035094278230186 0.09110631134892415 0.0742072589941801 0.05383580006317744 0.038573046337530614 0.09763565313008538 0.03558634854303062 0.049790492410225755 0.08778099104918966 0.09531570047045433 0.10127505058135597 0.07753913250864183 0.08570848472073753 0.04147723326577119 0.10812931375888692 0.03072876475009363 0.06599898312706363 0.058396191510992006 0.10063732299935362 0.014293026041720513 0.06849996984466329 0.11020796404702903 0.09575359298460501 0.061649784863632144 0.04185547604042406 0.02835775005331295 0.05961523081248325 0.051224223890649546 0.10220882884312849 0.104617254537269 0.00331390650428508 0.09245520367425125 0.10585165254720673 0.11801875307693989 0.09459464131170517 0.058473765375301384 0.102533538364671 0.09750297595236813 0.08599176875720146 0.05393453262620006 0.07976897482134772 0.07141446913109918 0.08913206554697907 0.11888491205440668 0.09520033375332482 0.06929358781665827 0.05067056650190563 0.061320859758624724 0.05137816158914224 0.06524353160449801 0.06679443484668873 0.06514861334953086 0.07766786198113998 0.007100665665818201 0.09226358878798732 0.11224843662008255 0.06672041820203559 0.0983619262004952 0.03615303234518314 0.07196453989196103 0.07938138830298913 0.04141153620099769 0.04949253938483585 0.10532504165333416 0.05742430470504523 0.06971670446866016 0.046555588861205026
 0.058365771311555605 0.06360014562305707 10000.0 0.021173624914304863 0.06426770087064095 0.0477728469721884 0.038009877094337 0.029342839411891877 0.052558835701660894 0.03173629168512713 0.016812766650408904 0.04870552542379963 0.0551657099777717 0.024524671717655953 0.023125657779113844 0.01763318249160224 0.03553181307276906 0.07474666544781336 0.010918178051405195 0.054069140064465275 0.042771887459723296 0.028647843791838365 0.07253572053415788 0.031112775669216455 0.07916525511523559 0.07764784512804379 0.017409208382060972 0.08237282372160824 0.05833569674358401 0.05356430101396528 0.048490381855229824 0.029551724055020184 0.07655557056485965 0.05906959849839525 0.06318416137748026 0.008665841372031562 0.06663941340934113 0.09358456791583644 0.011603030954776482 0.023766732327420475 0.03574889473297867 0.004520571022167771 0.01240684402664382 0.04631584237677206 0.04728243828822737 0.0668643811431359 0.032737197582885624 0.06374496738596676 0.06753723805811662 0.0768093955852797 0.03238257524465507 0.07264198317760774 0.03636791007212149 0.029423604995619634 0.03457164142172245 0.048476555039868134 0.04065886274421363 0.06889149350202352 0.07033208021054078 0.08588349108530986 0.030489559606028033 0.019290192777475925 0.00301498090682115 0.023144572686972995 0.02329967350273792 0.012147337700006634 0.022565804098850215 0.017166236291849442 0.05752125153018066 0.03173937143104787 0.07721543777024299 0.06211353302295662 0.0748961977234365 0.03959999621333595 0.034245912496477286 0.0416954711771988 0.033970230928600235 0.026250198146907915 0.07160528581165986 0.019996705489420216 0.059519609987070954 0.01788096752395649
 0.07919543921563363 0.08451194614402814 0.021173624914304863 10000.0 0.05015177573570306 0.06827193995366655 0.055715171001129264 0.04853237908900414 0.0680022136493524 0.03265347430686323 0.020658567291563002 0.04563683288302685 0.07386805471212782 0.045106028337104136 0.018701887721609033 0.010901523112139806 0.030570566199616442 0.08289105295358112 0.03188085423260087 0.07011718981979194 0.02894237287467749 0.04912569631962156 0.08701713803666299 0.026629894316264276 0.08072209667349095 0.07631368445917538 0.010889946844725636 0.08820508425545867 0.07377725812053582 0.038220870524379474 0.0664180625489301 0.03580821476251832 0.08944059283970003 0.05161498584278057 0.08304883435618798 0.019817645469018985 0.05684032188718778 0.09856253453311785 0.028157115860532492 0.043470702319820836 0.056890211750171525 0.024908113986954344 0.03352574009763484 0.03089877558490812 0.030468502622610086 0.0877978915201094 0.01595617955889432 0.05520124570054182 0.0534910596469873 0.07803651731489526 0.042648113322489765 0.0691661624862616 0.01706918756903403 0.018230744214250052 0.04671808252058453 0.04937451225578489 0.044590475342023504 0.0703342666328364 0.057191544595244954 0.08918934506278435 0.034663169042648295 0.03902619289781932 0.02384210202783641 0.03855368285550035 0.030372248771889515 0.02448127560760168 0.029788470959926476 0.016484501984090016 0.07824128322089002 0.014056772340995912 0.07065289754626711 0.07077475578109123 0.07401331001981577 0.05717751039928372 0.037038159972587574 0.041228158418137095 0.05088588086892359 0.04170095122112222 0.06641593890460488 0.03297442070626089 0.06677622235727168 0.03902389785061005
 0.10989437482483166 0.11536192942171433 0.06426770087064095 0.05015177573570306 10000.0 0.09827531944043062 0.07914501041349059 0.07791909456947142 0.08211741760695632 0.04118156720143046 0.07061781996850475 0.031507571765389555 0.09588937899645679 0.07965685486640177 0.041585255529331386 0.061053093678868874 0.0784691321833821 0.07481947653155087 0.07417529714232796 0.08522563115029044 0.021714190421743416 0.08238415199082122 0.09403590621356239 0.07530617926203104 0.05758069747737936 0.047721800575505964 0.04720762000733684 0.07317787132727717 0.08635661450833144 0.012156648388704446 0.08759311943227431 0.04937091660327719 0.09168906570155858 0.020686297304722757 0.10806049290394898 0.06770057852622369 0.015358669323529809 0.07924245560697628 0.07501480878008514 0.07571932336345812 0.09313991786090961 0.06533436684328114 0.07322693027576084 0.019271404023423092 0.02050167965106294 0.11855849472720624 0.03419581215380541 0.018318293859143558 0.003345037873063346 0.05494135126642443 0.05728568180392322 0.03801372127754495 0.03467154254298854 0.034903552155495364 0.06222706815059302 0.04063396163342767 0.04607434543416867 0.0505367359036602 0.007535327740431694 0.06792115984312519 0.04607218239661378 0.08333111295570829 0.0672286602553767 0.06447208014256271 0.05066623303365516 0.07282773906535808 0.05091086064662253 0.0666026712480121 0.10827727777230761 0.03614409532194065 0.03157717797265558 0.06774163096905812 0.04726793101779333 0.07984562012496356 0.04361235740680721 0.03727002593321654 0.07405950204161918 0.06598328558385451 0.032197238301244074 0.058930401831025964 0.06203865157051839 0.07941198290674066
 0.011676961123675472 0.01719484934849946 0.0477728469721884 0.06827193995366655 0.09827531944043062 10000.0 0.02010422293145546 0.020942613288869826 0.02900705224378096 0.05709379835966743 0.06044976040002921 0.07031083509714336 0.015574240891970098 0.023257817764653778 0.06063623869448049 0.06504656874042321 0.07801082814629806 0.06332955088901542 0.03885694171987508 0.02719959159470389 0.08044304629166939 0.019168394177529153 0.04343054325647726 0.0743155639325632 0.08198158101834728 0.0868610310053777 0.06076679992034263 0.07460920817112465 0.031365010013934054 0.09093710296819195 0.01746681509836852 0.04895416664787068 0.05135157683113306 0.08402759170241837 0.01643298131136839 0.05357283651280178 0.09355727481294132 0.08540837091212453 0.047589452571203596 0.025024606988858753 0.015415018091095222 0.043558562069355725 0.03565191335774462 0.0850210862777792 0.08745411104005629 0.020470023915597876 0.0754753189579123 0.0892696373072472 0.10097095335766137 0.08093565278197808 0.04169526455140486 0.0872338409592232 0.08063566784902917 0.06887639407719047 0.03739696499684082 0.06359911453504546 0.05495373904042841 0.07483271101931632 0.10194799105495111 0.08321832086415225 0.05223736346809646 0.03771945777153255 0.04576900627709431 0.03418331787306003 0.04805242434102425 0.05262515321139055 0.04795428248548816 0.06296807681523946 0.010264366807553615 0.07536115868683477 0.09649569834269409 0.05401332193462089 0.08388256793749596 0.020026506229542416 0.05502634231446865 0.06264526318809051 0.024597404184118727 0.032333681749726895 0.08959927628695989 0.04023967359261812 0.0560893260237201 0.0318976674950397
 0.03123648573923319 0.036556270718113536 0.038009877094337 0.055715171001129264 0.07914501041349059 0.02010422293145546 10000.0 0.009991032000910107 0.016279461809024495 0.03816698108564749 0.05384672777410194 0.05036004938807401 0.018436734578233624 0.018055936942099483 0.0441795774506537 0.05545044649962607 0.07266295254504394 0.04788748662903345 0.03299695724433999 0.016832509855728723 0.06261280386573943 0.01560302879969871 0.036088400529873554 0.06842825257739393 0.06343665968197859 0.06742777335575621 0.046425648219873876 0.05846470052403208 0.021540565677956394 0.0726689581277862 0.010704867012878818 0.029870798089619868 0.04184699324009283 0.06409513500518482 0.029410201287619432 0.04584579978349771 0.07365835168314513 0.06977861542827635 0.042675993740896326 0.01551802259550087 0.02362663043863797 0.03349938528057959 0.028647107410145686 0.06729848895468299 0.07009496792819181 0.0396488877024735 0.05963438073610404 0.0693188555099384 0.08170284900281281 0.06212416289657142 0.0219635521642481 0.06730511426404531 0.06527259325918745 0.05224173201332422 0.017388369534397548 0.04349655618074204 0.034917449216068014 0.05556850706602667 0.08241109173394626 0.06593077452343837 0.03316994342506201 0.03688586581696623 0.03712675731620976 0.017514290486953344 0.030275449820433304 0.0468602559569207 0.03036251854107897 0.05504945704444746 0.029465636767046596 0.059935472211447814 0.0764180996837804 0.03683184249343432 0.0644224290964125 0.0016208679876860645 0.035566403853670235 0.042829363419061045 0.005300345980624743 0.014695345941441037 0.06953085130091553 0.02368738711728698 0.037769459995090064 0.028567904629409332
 0.03257799802392765 0.03810004335829142 0.029342839411891877 0.04853237908900414 0.07791909456947142 0.020942613288869826 0.009991032000910107 10000.0 0.02623786796263572 0.03688102015173261 0.04449771820851982 0.05151131037282803 0.025822929894095115 0.008176341412628576 0.0396993067635396 0.046971080607070795 0.0631920724691109 0.05647786072459034 0.02322691258159512 0.026800260240779472 0.05957221163573343 0.006735698083672131 0.04607335528722084 0.05903821140831086 0.0696975565339013 0.0724055180347997 0.04024238736921969 0.06657205185468108 0.03152858963129004 0.07015324282093857 0.01950208131360475 0.029064066691014155 0.051773274863162265 0.06500382802926064 0.0345561975505479 0.036674835513022974 0.0743548284718847 0.07801603454727826 0.032910325660684484 0.005771116299671411 0.01727010570480904 0.0248421325783562 0.018970567170390227 0.06412439523991013 0.06651852822997512 0.04139267378794457 0.05464047182976946 0.07026382676989426 0.08072467992132457 0.06809463134951198 0.023174609283664695 0.07103121169284422 0.05991758572783274 0.04793891384318533 0.020229349909174955 0.046042620562785526 0.036893379388058624 0.061004406706702055 0.08200005348507039 0.07325497306450957 0.03224512497297502 0.02692754867772374 0.02806598219101593 0.013457880783581622 0.027346970724116473 0.03727298546891968 0.027189791602491208 0.0460376813124046 0.031204404478999463 0.05461158452631267 0.07921395493244097 0.044760152694134414 0.06938720506800519 0.011567828769354837 0.035440838344203585 0.04357001547880777 0.00898342091514436 0.012209753052822186 0.07247671230063833 0.019346974425604336 0.044777292453918524 0.018578373067472263
 0.03698631139134054 0.041210847804164535 0.052558835701660894 0.0680022136493524 0.08211741760695632 0.02900705224378096 0.016279461809024495 0.02623786796263572 10000.0 0.043782205115899545 0.06898502858244258 0.05103749221774351 0.016891032656682573 0.03433537265894724 0.05351215270967307 0.06942083228787127 0.08786460652679962 0.034327590035120155 0.04885323324055686 0.003170306587544676 0.06896221380820917 0.03172836128165473 0.02010559859632721 0.08352725591550936 0.05410521386953689 0.06036019346563189 0.05777463969088631 0.04561075709388716 0.005814980777803597 0.07784530499808079 0.01154298639524771 0.036049181547919425 0.025575257950354164 0.06427275411698684 0.029130839607803546 0.06083628095860124 0.07375279453430136 0.05642134950721482 0.05846422432717792 0.03157621036192843 0.038176343607225424 0.04816419808414341 0.04444060625145279 0.07365257856054919 0.07694001672697336 0.043611048558015994 0.06887328976215727 0.06918718149005473 0.08420500787984424 0.05340772886732468 0.02734415803705869 0.0625117655963892 0.07482066959092763 0.06086522650069501 0.022314437530811315 0.04249346045057837 0.03605199678168607 0.04821816294069146 0.0839901599424157 0.054441003086918384 0.038957786673243615 0.05315897580778011 0.052128039812192724 0.029874645707847425 0.039069086428843124 0.062376626268297305 0.03943322648770575 0.0697231598030012 0.03496253314258808 0.06961606577483741 0.07288681306054295 0.025547739561498965 0.05750723140887126 0.0147700994592765 0.03986154399386392 0.04488482601382797 0.018809698985431302 0.026660594333028257 0.06601101165939337 0.035039215806047415 0.02860579092322922 0.0448065820573927
 0.06871612405686153 0.07418956222734255 0.03173629168512713 0.03265347430686323 0.04118156720143046 0.05709379835966743 0.03816698108564749 0.03688102015173261 0.043782205115899545 10000.0 0.04562084790169624 0.017203484008356133 0.05559480352975434 0.03953401686407336 0.013981203768772554 0.03988735568551843 0.061496875392414815 0.05076476282029196 0.03847531713420405 0.046652636406844646 0.025207686557523645 0.0417938400409298 0.05977112400978354 0.057122704255740606 0.04885535045459655 0.046146440519042646 0.02220202279720347 0.05556302759365592 0.048897625906618586 0.03465284444873384 0.04725297146092402 0.008304324901910824 0.060277617097637834 0.029237064124367083 0.0674131647593107 0.038955235928625036 0.038109867339610075 0.0659347189132105 0.04324701993467483 0.03525581636874518 0.05281594162333619 0.030428171947751395 0.03603685580241489 0.029914146985750057 0.03315790393984172 0.07739574536022167 0.026782424584623057 0.034375774387651034 0.04390101390346516 0.04629431362539602 0.016829951726173475 0.04091393301450473 0.0327770666556357 0.018599427274543442 0.02199278928910797 0.017360841783189286 0.01210171963270678 0.038413579450989006 0.045126759598169905 0.05679415803435527 0.0050296014959773 0.047771759943096744 0.03398395963150958 0.02353011358456894 0.010400587192609136 0.043522464909563234 0.010896206299607627 0.04348942074577955 0.0671106642765551 0.028105018977205617 0.046120064157221724 0.03916570298735912 0.04349158153928872 0.038986952747109775 0.004713700858187427 0.009972899232394713 0.032991149762709095 0.02482706042922827 0.04015460058060639 0.018587006307128923 0.03464127267836961 0.041724953572350565
 0.06985830577834078 0.07467082760090236 0.016812766650408904 0.020658567291563002 0.07061781996850475 0.06044976040002921 0.05384672777410194 0.04449771820851982 0.06898502858244258 0.04562084790169624 10000.0 0.061541024958757407 0.0699978329388668 0.03814526641497371 0.03374617702677758 0.010031752242391513 0.018879645112781684 0.09135110238432387 0.021784309616300273 0.07031080766816938 0.04911383854139584 0.04219990104091119 0.08904852996761532 0.014582989394583235 0.09425831088263219 0.09167082393434615 0.02534925397936506 0.09862405248012715 0.07471306049926738 0.05879976560269969 0.06398644839814298 0.045172732963505775 0.09328934891145287 0.06989644558715569 0.07661392587549092 0.008200283756583038 0.0761582409959393 0.10970311744417417 0.013021203302091094 0.038730039650733024 0.04635445555822339 0.020938624796593065 0.0256540461609945 0.05143450213127945 0.051125600069642535 0.07777919199515339 0.036489904996864365 0.07400747796455778 0.07396257536551831 0.09177393023187418 0.04896412415610726 0.08568952424724201 0.037551607949453183 0.03696223994092181 0.05136094829151287 0.06293813950683042 0.055953877223134 0.08385466011878213 0.0775080630251253 0.10154901055035588 0.045504589858750645 0.024372263445226014 0.01685766726226986 0.03991180702657466 0.03884392419693466 0.007881000581578878 0.03810842676945825 0.004483204147148552 0.06937814997083092 0.03468044461190479 0.0887611770459011 0.07873293059635955 0.08907289156614318 0.05546325056399394 0.048954105483831556 0.0554467730393807 0.05022759247590676 0.042975947939340335 0.08381425550808577 0.03669951315995744 0.07590839760163297 0.02855304491221391
 0.08159625182145122 0.08690064026770043 0.04870552542379963 0.04563683288302685 0.031507571765389555 0.07031083509714336 0.05036004938807401 0.05151131037282803 0.05103749221774351 0.017203484008356133 0.061541024958757407 10000.0 0.06571277802341825 0.055456714152215564 0.027953375977162805 0.054599071585737784 0.0759260340337824 0.04570202241096464 0.055668607521630095 0.054185581431936705 0.025629203992404058 0.057176718285156435 0.06259946633701889 0.07173747420664982 0.035871537319504584 0.030679658764576463 0.03663481127588895 0.0469759564458685 0.05501725277309748 0.030238602564672284 0.05759018574736004 0.0229406545896618 0.06067952733582405 0.01373668934226224 0.07815323708218656 0.05546534600490541 0.023316522471887566 0.05572998961532259 0.060281872088541064 0.05094947081739964 0.06831106902993575 0.04760795358634605 0.05312497571785105 0.029222494657864456 0.03309225673945203 0.08995497319800322 0.034444948079399 0.018961915272287452 0.03331954891565274 0.03308261071599208 0.028677201249083534 0.024157936909048848 0.039487519654498315 0.027962233546486207 0.032971794770306456 0.009188852947943964 0.015547426757238256 0.025894314024491362 0.032956809456918625 0.04525681623912927 0.020228949758373034 0.06494317048971918 0.05106935103758547 0.03890483943140162 0.027280859770055593 0.06022943035582254 0.027866406162574884 0.05889026215727578 0.07981891945553672 0.03644740611022379 0.028959997338731003 0.036928208976717156 0.028397945553709787 0.05076111640756808 0.016464269974905923 0.008017197001493077 0.04572257622693832 0.039349028254002695 0.02296087484097549 0.03498420115980032 0.0313059713179033 0.058671840567033465
 0.02061754751397859 0.024444793165300526 0.0551657099777717 0.07386805471212782 0.09588937899645679 0.015574240891970098 0.018436734578233624 0.025822929894095115 0.016891032656682573 0.05559480352975434 0.0699978329388668 0.06571277802341825 10000.0 0.031966018060415324 0.06255736689443804 0.0727923346611158 0.08844947411642613 0.049969609197564345 0.048322830620145966 0.014142292060193733 0.0805011536121679 0.028081789640703524 0.027952970166364336 0.0844247381260056 0.07093298359824678 0.07722593460848806 0.06480800678657819 0.061448491371563004 0.01720336089664802 0.09024761470703199 0.008342983435077769 0.04733130435544927 0.0360716348562821 0.07930340530868886 0.012561067214605067 0.06235355377153932 0.08888425932965906 0.07175708799061208 0.05782780525833121 0.031468422145282705 0.0293802907684887 0.05066286792905923 0.044345116319255036 0.08521089288263285 0.08814437123062203 0.026741728793501156 0.078039926915082 0.08438397567156483 0.09824360309991943 0.070283832509994 0.038832993240654715 0.07909266970148415 0.08370175053329966 0.07056218446962 0.033749301398459323 0.05775127441636936 0.05023212419404773 0.06507861603117794 0.09850037469558197 0.07079206421352373 0.050566871497390524 0.04962746443254753 0.05383167040298322 0.035945265336892004 0.04847354082087473 0.06251505264166893 0.048613592234246196 0.07176801929045284 0.018606265393200965 0.07836587781007875 0.08923495854705887 0.04230347600447574 0.07435783492623954 0.017179481120700436 0.052431663824128415 0.05880034795639001 0.02365310592715899 0.033117118392115334 0.08232378462595279 0.0421231402650878 0.04549559540381145 0.04235225033162477
 0.03410812677408538 0.03947270729222713 0.024524671717655953 0.045106028337104136 0.07965685486640177 0.023257817764653778 0.018055936942099483 0.008176341412628576 0.03433537265894724 0.03953401686407336 0.03814526641497371 0.055456714152215564 0.031966018060415324 10000.0 0.0394597442584315 0.041916764660855484 0.0564866814391565 0.06440231877907218 0.016385548685393134 0.03473723163615685 0.0600697528769675 0.004143019242615064 0.0540271025425132 0.052489283434202866 0.07652736179688957 0.07850525704177846 0.03821515298414073 0.07429014144933144 0.03951366720485991 0.07092445932392946 0.02673097682488111 0.03252484559333208 0.059898483384666135 0.0685359661480988 0.038801571194230236 0.030760992208846146 0.07761145169700714 0.08576393213168866 0.025865832399489367 0.004655336607226298 0.01349179580165515 0.020306529475169262 0.012632255936146648 0.0644201177333267 0.06641584020278596 0.042774231331700635 0.05342949941220861 0.07375064002206502 0.08262937052060636 0.07477951046291181 0.028392617589361478 0.07638459864792126 0.058239690181420625 0.04757218318886118 0.026530234555488218 0.0510276292363214 0.04179484263281797 0.06745258211532515 0.08433721634927911 0.08060409313073914 0.035415483703774675 0.018846990584242714 0.022622817610104356 0.01660588599156547 0.029286511284524672 0.030569085876318108 0.028933483331137152 0.0402162815093788 0.03313602129945306 0.05307187402009397 0.08389275934249922 0.05249108249595438 0.07550168221718279 0.019585379696730576 0.0390183719615713 0.04743978129380582 0.016922038161817633 0.01690947538111122 0.07731613572437893 0.0209725150936968 0.05214144539647671 0.010692729425870247
 0.0722377639692082 0.07775316933022362 0.023125657779113844 0.018701887721609033 0.041585255529331386 0.06063623869448049 0.0441795774506537 0.0396993067635396 0.05351215270967307 0.013981203768772554 0.03374617702677758 0.027953375977162805 0.06255736689443804 0.0394597442584315 10000.0 0.026706803562327294 0.048194615028197836 0.06456615506062684 0.0326103702632296 0.05604783217714145 0.020781502858304036 0.04275746126317768 0.07125100781867705 0.04392412646003145 0.06223636323619218 0.05846159429498324 0.008706488916837674 0.06954281518486255 0.059062776222989236 0.03173230389033218 0.054448581764253455 0.018393212128262244 0.07270032759930097 0.03648252410341884 0.07334062940946652 0.028341577424287678 0.043613643412868365 0.0798608688115034 0.0344640236681618 0.03614906405706559 0.052836367926490845 0.023770585018146762 0.03171109213562325 0.02499327405959341 0.02698713946362987 0.08105612755238745 0.015524622144635484 0.04092363127495953 0.04478672370544143 0.059590450375124566 0.026464927977657215 0.05203037899612104 0.02136033910534308 0.00824019120233749 0.031255168872355604 0.030767692632358616 0.026015660783881327 0.05181274052172165 0.047347807071180845 0.0705351165268019 0.016562943969514535 0.041836972615700505 0.02597733400491484 0.026912865267448075 0.014463588300934518 0.03336610380306326 0.014161426106575295 0.03094621233928954 0.07090028840690486 0.016109548593220294 0.05514299565696114 0.05270392636050165 0.05601024291747161 0.04537900009356526 0.0184771800969062 0.022703811726951652 0.0389136188227809 0.0294974968582485 0.05007244212709621 0.02066080815357659 0.048424897960732204 0.0379189122113368
 0.07526661779058427 0.08035094278230186 0.01763318249160224 0.010901523112139806 0.061053093678868874 0.06504656874042321 0.05545044649962607 0.046971080607070795 0.06942083228787127 0.03988735568551843 0.010031752242391513 0.054599071585737784 0.0727923346611158 0.041916764660855484 0.026706803562327294 10000.0 0.021609520035305172 0.08833061994873612 0.026518523896074505 0.07114409067855759 0.03977802091939548 0.04605934861939677 0.08915498074658984 0.01725542193680308 0.0887066132992986 0.08516648030426222 0.018000699037129676 0.0946680525394529 0.07523246818154575 0.04911322483785981 0.06601747999359604 0.041131309276853024 0.09254093565124741 0.06174716522322651 0.08069619297181156 0.0120759138563039 0.06741828551625118 0.10542871449510974 0.020129105322091622 0.041396391942967355 0.05208352179116245 0.022129466774536612 0.02939467068194163 0.04179943735668553 0.04129131990213295 0.08356197815862107 0.02685730615356458 0.06557029357715577 0.06439254247321596 0.08610896435528476 0.04647969727172325 0.07854811888818823 0.027565016976759008 0.028357294505304546 0.04974018688194177 0.057174989899797614 0.05117672671863578 0.07826339227500091 0.06807821874623401 0.09662643483093844 0.04077171064753877 0.031723808541917996 0.019295806134409 0.03957068353207867 0.035018010906371175 0.015512936801636398 0.03432447372768105 0.005654401374713792 0.07455804488482198 0.024945654649340135 0.08075633835083468 0.07587120774566211 0.08271462901459194 0.05702004495668761 0.04378945132435679 0.04927897018705097 0.051167142232646144 0.042778556011697735 0.07619409128295826 0.035064077925006834 0.07244694830645478 0.03382285602606028
 0.08662743247858305 0.09110631134892415 0.03553181307276906 0.030570566199616442 0.0784691321833821 0.07801082814629806 0.07266295254504394 0.0631920724691109 0.08786460652679962 0.061496875392414815 0.018879645112781684 0.0759260340337824 0.08844947411642613 0.0564866814391565 0.048194615028197836 0.021609520035305172 10000.0 0.109370244796403 0.04013610353606488 0.08917951339364297 0.05851844607419617 0.060440360575442685 0.10792518248342295 0.004493496574956216 0.11030759479174794 0.10657521512083998 0.03951531465503444 0.11607571817876126 0.09359180303194578 0.06631425496755788 0.08269393761714867 0.06244846955412976 0.11208687116795223 0.08212391995380075 0.09437159568563072 0.027046400744064628 0.08689104706891584 0.12692747959507827 0.030662032431532968 0.057421935533320805 0.06324186484725511 0.03977661157269935 0.04424104857301444 0.0594822841109207 0.057984749602996294 0.09406648386633742 0.04530537134639002 0.08554380585979791 0.08171872210348252 0.1077017332013822 0.06712733448553221 0.09967242053085341 0.0438014864805101 0.04879960259884702 0.06986509860210409 0.07877590104196393 0.07271517779637973 0.09986520380795653 0.08585795249626804 0.11822147316113465 0.06227431190322777 0.040544708277264724 0.035736792072339714 0.058676280837064096 0.05622133932569972 0.025953591040363582 0.05550652261047273 0.018802004949495597 0.08636428007285181 0.04313425181619505 0.10115126271334668 0.09681296927179114 0.1041756392094407 0.07428186959326864 0.06536980305228095 0.07084570988067641 0.0691042709660839 0.06177532700599009 0.0969864503576064 0.055110621766635406 0.09365192597863461 0.04635929192903965
 0.0705846148842266 0.0742072589941801 0.07474666544781336 0.08289105295358112 0.07481947653155087 0.06332955088901542 0.04788748662903345 0.05647786072459034 0.034327590035120155 0.05076476282029196 0.09135110238432387 0.04570202241096464 0.049969609197564345 0.06440231877907218 0.06456615506062684 0.08833061994873612 0.109370244796403 10000.0 0.07527004522291061 0.03627822579328054 0.07083713394059206 0.06300550769608626 0.028203668147919386 0.10487736050198192 0.025402865217696975 0.03539509941377941 0.0720552603063137 0.011503217496278926 0.032774540501027516 0.07582337089628512 0.045870263350130475 0.04730856582238145 0.021295899779455285 0.05414728243387284 0.06065702546905915 0.0833760252215602 0.06163164812206136 0.022111779577430976 0.08389808461071314 0.06042285316235516 0.07140532964761107 0.07119272899694734 0.07101880361200204 0.0747650387722235 0.0786160139791468 0.07615747729842277 0.07687772029120064 0.0573950497468753 0.07564215399786124 0.02621457216701161 0.04239009659415088 0.04205966697172346 0.08266315615440074 0.06895591445003249 0.04056153103986039 0.03730475214386494 0.03867403922215354 0.025806032513769808 0.07351137210690191 0.02158291646280639 0.048228192996214767 0.08199582331047972 0.07554669497472827 0.05281203307580875 0.05331542118622018 0.08650377019848582 0.05400631914236711 0.0905843519255686 0.06856942291181191 0.07846312085075087 0.05329253154144202 0.01263511465682038 0.03345747395858818 0.04681972019587526 0.046126792695914506 0.044728264295880296 0.0475188056956325 0.05032552582839162 0.04760825895498839 0.05475496120762519 0.016141257977483853 0.073541743845157
 0.048782157449682596 0.05383580006317744 0.010918178051405195 0.03188085423260087 0.07417529714232796 0.03885694171987508 0.03299695724433999 0.02322691258159512 0.04885323324055686 0.03847531713420405 0.021784309616300273 0.055668607521630095 0.048322830620145966 0.016385548685393134 0.0326103702632296 0.026518523896074505 0.04013610353606488 0.07527004522291061 10000.0 0.049784250080046645 0.052966161587949596 0.02041780493247828 0.06892400103961266 0.036107329302366424 0.08306646185526076 0.08291075382040505 0.028033011617390278 0.08400578276524688 0.0543975834939344 0.06386647662101115 0.04267384769175567 0.034160299270549796 0.0739985662414762 0.06717273450948898 0.05488944080392335 0.01474150607504821 0.07531637549837904 0.09544087365062306 0.009686602456218059 0.017505732792079603 0.02557793900607269 0.008841429294860087 0.004430750198617348 0.05672741313791805 0.057903086395664896 0.0570436376232716 0.043525090990073005 0.0720848639314267 0.07739133752685072 0.08092710117815233 0.034227861956810206 0.07892677617510828 0.04727970159121244 0.03963957732286138 0.03482659168205137 0.053847610884068836 0.04518267503059343 0.07313424701661282 0.07992069394732272 0.08876588511143589 0.035990401382645164 0.009383859867942981 0.008057193211293213 0.022526831004065884 0.028604433011896566 0.014192222767869259 0.02795388232959106 0.024111156673769014 0.048129398309725 0.042601619024811264 0.08459306182128579 0.06276169694767839 0.08002830203838866 0.03461341715842109 0.03991819435967603 0.04807747108644328 0.030140916713002595 0.02495474459809351 0.07858597806217714 0.022357003312304544 0.061104207989787926 0.007323372210453031
 0.034531311174646764 0.038573046337530614 0.054069140064465275 0.07011718981979194 0.08522563115029044 0.02719959159470389 0.016832509855728723 0.026800260240779472 0.003170306587544676 0.046652636406844646 0.07031080766816938 0.054185581431936705 0.014142292060193733 0.03473723163615685 0.05604783217714145 0.07114409067855759 0.08917951339364297 0.03627822579328054 0.049784250080046645 10000.0 0.07185341982414312 0.03183529935381958 0.019290361066709685 0.08488366935877516 0.05679697039620434 0.06327937343426963 0.060030850552851144 0.04767610269694449 0.00482937056515947 0.0808364508113705 0.00999280663836258 0.03881796423300217 0.02564263986781091 0.06743800590276584 0.026169794629039043 0.062210102712178764 0.07692109846224253 0.05828679101861364 0.05944782359962373 0.03234150405621132 0.03743148432061428 0.04962299932235373 0.04540645425061523 0.07655190228259336 0.07980365607630395 0.0408775244742183 0.07146951502309563 0.07235615581090739 0.08733096219943155 0.05617960831715792 0.030080484058927 0.06558324046529673 0.0773906103448229 0.0635135411804065 0.02498466771506659 0.045660161067528494 0.03915284552457594 0.05114982988832346 0.08714060186528572 0.05677544402311298 0.041784468174935065 0.05357905454407231 0.05347991340929134 0.031738521419408916 0.0415853737037264 0.06351950722231266 0.0419181436004681 0.07122734907652907 0.03250623412881353 0.07215724967142899 0.07600193982396444 0.02816135221215611 0.06044684894478097 0.015236170596471388 0.0428097176274159 0.047977417155537314 0.020110270135186424 0.02853323230932415 0.06913299309004112 0.037150064510764476 0.031481185648500325 0.0453472968024406
 0.09211408284568605 0.09763565313008538 0.042771887459723296 0.02894237287467749 0.021714190421743416 0.08044304629166939 0.06261280386573943 0.05957221163573343 0.06896221380820917 0.025207686557523645 0.04911383854139584 0.025629203992404058 0.0805011536121679 0.0600697528769675 0.020781502858304036 0.03977802091939548 0.05851844607419617 0.07083713394059206 0.052966161587949596 0.07185341982414312 10000.0 0.06320144952864218 0.08419541081207842 0.054987771911624475 0.06063190254065515 0.053483279652588436 0.025549033229562406 0.07260513171038967 0.07398837788800704 0.010958225132069257 0.072183235961979 0.03327130051264133 0.08376271662412561 0.025209741770374484 0.09202085483372903 0.045986801636074125 0.028448479355545855 0.08116831752682371 0.05334288905715422 0.0565336164826031 0.07351006699885974 0.044162378482351126 0.052395821005957154 0.004716794096996743 0.008111617545900032 0.10091238940101806 0.01323100079172573 0.027611761317856705 0.025043956585738034 0.05780753375524016 0.04197513223719084 0.04479337417195232 0.01587655949115267 0.013354804891852992 0.047145909324767886 0.03353259811503101 0.03458154883513408 0.05115274876436242 0.02840085967512265 0.0704404575432973 0.03014408222747579 0.06197213283622064 0.045761098923766556 0.04627021533984751 0.032496213449837115 0.051115237214032584 0.03253151588620577 0.04522561578184303 0.09066319953368067 0.015385667721735469 0.04363025569162655 0.06091394387065334 0.051839073191293904 0.06359161842345568 0.029180549699114183 0.02657627840113738 0.057329072195751396 0.04836744203133496 0.04069576203560177 0.04022540033526639 0.05558403001483981 0.05861072509350176
 0.03017419520337153 0.03558634854303062 0.028647843791838365 0.04912569631962156 0.08238415199082122 0.019168394177529153 0.01560302879969871 0.006735698083672131 0.03172836128165473 0.0417938400409298 0.04219990104091119 0.057176718285156435 0.028081789640703524 0.004143019242615064 0.04275746126317768 0.04605934861939677 0.060440360575442685 0.06300550769608626 0.02041780493247828 0.03183529935381958 0.06320144952864218 10000.0 0.051068184182690796 0.05648618678727052 0.07641159901149255 0.07897025492515909 0.04196955814245124 0.07321585785983571 0.03665463737058969 0.07398504278115658 0.023311600254832678 0.034384469661932676 0.057280711886908045 0.07048213938092072 0.03466088023388739 0.03488044786826635 0.07969921138352981 0.08464229975331031 0.029784313189460614 0.00668469972571212 0.011134372621208595 0.024394677630332994 0.016761097568570086 0.06762429122292583 0.06974458923287943 0.03889620086689449 0.057035277568184765 0.0757257776263535 0.0852960146494669 0.07478787293432144 0.029318753802844974 0.07734926759329212 0.06196429378344971 0.050936866667972834 0.026765116219181907 0.05217928017390429 0.042968841693083216 0.06764972243133807 0.08683304212204074 0.07998232840593335 0.03742674948541727 0.021985329133748767 0.02676576293727195 0.01836018029217548 0.03176540723226703 0.034568320953723156 0.031484801290144374 0.044333945579763376 0.02913584773528519 0.056755797610738415 0.08526336653865568 0.05141192781554949 0.07595437278702659 0.017004977239428416 0.04086230754816964 0.049175985953456555 0.015645292007960332 0.017945322148146172 0.07858957118375791 0.02346080334972175 0.05150784308532054 0.01428879603294155
 0.04733470834580668 0.049790492410225755 0.07253572053415788 0.08701713803666299 0.09403590621356239 0.04343054325647726 0.036088400529873554 0.04607335528722084 0.02010559859632721 0.05977112400978354 0.08904852996761532 0.06259946633701889 0.027952970166364336 0.0540271025425132 0.07125100781867705 0.08915498074658984 0.10792518248342295 0.028203668147919386 0.06892400103961266 0.019290361066709685 0.08419541081207842 0.051068184182690796 10000.0 0.1035702705379293 0.05315551844762671 0.06220026846804261 0.07647438387151764 0.03905852929065356 0.014550361023819907 0.09184939679816967 0.028265066121721458 0.05299851116990383 0.008646783560190831 0.07436196007857637 0.035532165153134405 0.08088376036207032 0.0832203026373894 0.047500191141235125 0.07855306287461697 0.05155842776813489 0.0558178630844703 0.06818082420249094 0.06452015909677561 0.08873574669399628 0.09230557519685624 0.051107930073665264 0.08613275483469174 0.07866879038351769 0.09560797031238068 0.05351641804318352 0.04483172089209536 0.06718824821262911 0.09215537424462601 0.07794607465501982 0.04035744694086548 0.05342416033828355 0.049687774154787985 0.05100945913408757 0.09450564728905986 0.04964280820655496 0.05543269157111379 0.07286682301050056 0.07219166645837151 0.04960801471482779 0.05714420932956443 0.08248172916272992 0.05761949606408594 0.08968173543437004 0.04545694220024255 0.08713947033415986 0.07838318992942063 0.02746848373491398 0.0598314070734946 0.03450565331658927 0.05531512458263994 0.05820432710715865 0.03891481701180191 0.04641533699786098 0.07197074751033684 0.05432792271717813 0.03292968593195644 0.06463358087901046
 0.08319489281439837 0.08778099104918966 0.031112775669216455 0.026629894316264276 0.07530617926203104 0.0743155639325632 0.06842825257739393 0.05903821140831086 0.08352725591550936 0.057122704255740606 0.014582989394583235 0.07173747420664982 0.0844247381260056 0.052489283434202866 0.04392412646003145 0.01725542193680308 0.004493496574956216 0.10487736050198192 0.036107329302366424 0.08488366935877516 0.054987771911624475 0.05648618678727052 0.1035702705379293 10000.0 0.10595708885416906 0.10235691876111527 0.035226840765860926 0.11160517405118735 0.08926755438690116 0.06315436687157798 0.07853652499879128 0.05797423357984873 0.10766476139500647 0.0782447073677562 0.0906228114510321 0.02269097878146927 0.08325768289888154 0.12247347261954246 0.026783066867923165 0.05326744748508647 0.059731064178070094 0.035396147345775404 0.040128523781375124 0.05618562514010331 0.054887549544156894 0.09078944823653878 0.04175686047365947 0.08177846021682482 0.078585461784972 0.10336308048429942 0.06263534619885718 0.09556943932532097 0.04066416288640805 0.04484218321577209 0.06539064619609444 0.07442647124310321 0.0682787538361327 0.09551352814516136 0.08263125076607138 0.11381155898627389 0.05782963043946807 0.037116329502660556 0.03140892096832612 0.05425200715701261 0.051739756361943876 0.02192104428882653 0.051023834240676046 0.014309874362574393 0.08286414711568363 0.03961681988980143 0.09728237380655065 0.09231948809960287 0.09993076552743022 0.07004513940147086 0.06095427509157834 0.06653233175364166 0.06479124497300169 0.0573627771328151 0.09299462294624501 0.05063219732344248 0.08916491701103284 0.042525465340479206
