NAME :TPP_input_26_5_1
NUM_VERTICES
126
NUM_CLUSTERS
26
Full Matrix
 10000.0 0.0449285842135898 0.017292936715799897 0.05816346439550535 0.05621525609549385 0.021397287771279982 0.021083063304774143 0.03900863701243812 0.07362796928351292 0.04465547126337 0.061887539537590436 0.06120526879738433 0.05695069009286831 0.047243673147650496 0.028905894213154724 0.04847273600495033 0.06334141805182233 0.060826551616027444 0.0819719106124565 0.047808584129246975 0.004180592655018333 0.04891069996119464 0.032719394953925805 0.036378291206591626 0.06508431457959127 0.04109505498175659 0.053591960651477394 0.061351041228138836 0.04944145508039701 0.0508029023532934 0.06527222578823536 0.08640654512161249 0.039038542396308766 0.056140892887350885 0.0248240004048833 0.03898450626948733 0.028294636402894757 0.013834359362603792 0.030800108755511448 0.02853125829039694 0.0687263505265026 0.06506335411277137 0.06400215573882242 0.011076912967451166 0.04118911506660799 0.039369514461424455 0.03920595143934541 0.034991566364410545 0.043837387962023355 0.051520243677395765 0.03278880488515545 0.06002153574516858 0.06211342306810677 0.03398948198866439 0.04080392344997987 0.059269439504303474 0.05974066802853597 0.056095900029416584 0.03351121538324246 0.05844648383106874 0.04980572844988643 0.05105666240179144 0.0672242989806632 0.07059577241440436 0.02785667300036999 0.017755174533576862 0.051276476310889454 0.05479700928127364 0.030555399832559085 0.038516046548339976 0.05993686841848619 0.02932739924618522 0.045449577160087955 0.024356291765876503 0.0543359239502935 0.025236527384305697 0.05437662983490457 0.014067491707084628 0.04547505936441559 0.05900189680528439 0.07685156068746797 0.04415205133494634 0.03324731962060096 0.056966166248106846 0.012319507880676853 0.058939818028971816 0.046624303534076504 0.054116097105623685 0.05934957038425589 0.030520169560705326 0.024153704973470483 0.04019974711846907 0.04495216156408739 0.0045276219810562335 0.06993093077413982 0.04739904615035054 0.05212328436996594 0.012043489763801731 0.019936801361758807 0.02012287322297246 0.05562665372616575 0.046386529106712905 0.08794585011790874 0.04994858856522955 0.024087205769115428 0.02192128789643208 0.01728676375521677 0.03451071451031106 0.07339821266307373 0.02190583109561641 0.055796684884663286 0.032826597636048914 0.032676154475004875 0.028015500670287876 0.06861033464919512 0.06650251139329925 0.024064542079144668 0.055267900592007466 0.02745717196191329 0.053234698086513994 0.0529254127318028 0.03575357491740479 0.05351091355788665 0.06110483953119013 0.017743739566576 0.05195828182145884
 0.0449285842135898 10000.0 0.05145204562779224 0.056022291433751994 0.015057025291605705 0.023882563145127746 0.060233043131384084 0.01960229820925185 0.03086770158989741 0.036965428078372095 0.061856261613757894 0.02122911335084196 0.0566598672889551 0.05055121742608164 0.049474958739811635 0.048299864856988284 0.02511417964187712 0.042844816527798736 0.03889020497350831 0.0029833612806525233 0.04090994243385503 0.059651165307070965 0.04112888700295768 0.04050826239308892 0.036826961377925474 0.01518143790180185 0.04091898270637509 0.0662933497550472 0.004527144074976239 0.006804178640577501 0.039199324330647954 0.04279616594063884 0.05975014799039523 0.05796991619780135 0.0697518084855433 0.009365345459150015 0.01691244555518204 0.05622798860294368 0.02221583573474804 0.07175398112372076 0.026808631268471043 0.03578412327904808 0.03464418555340131 0.055153968318777086 0.04900615761208117 0.061947319246343946 0.01003384622785655 0.05476809924321619 0.04911678172089596 0.007732569739034313 0.029657330804689096 0.07016849091003284 0.03940383082575108 0.0789106718123802 0.02022818495321551 0.020940482774033063 0.01717146657415487 0.012225222756848201 0.05274654073143266 0.014233643427180817 0.01338107324975201 0.026698815464483307 0.023651925643672803 0.02577236121371145 0.029951607149893207 0.03747606404394523 0.06289970440124489 0.03126793354985699 0.03069980876089191 0.06672582949561254 0.02796743613219887 0.041232283965331316 0.04097237312083264 0.06509769817514563 0.06317627251907587 0.07002785436902433 0.07055295201864518 0.03091246912149107 0.007808274035156168 0.021730442493653777 0.034615038941215176 0.0078730664130431 0.04022036578297303 0.04417430014653825 0.05086205068298228 0.015861430931707356 0.047963720150407146 0.048280839954387006 0.040938993728641515 0.061741425540575066 0.03460706749975079 0.01667495682651596 0.0025675946948128503 0.04101547031386556 0.02646711525004781 0.042252009136920926 0.03831861103287626 0.0563940969470233 0.047354655178705296 0.03979119308455502 0.05275477233266788 0.02237876841304505 0.045336061105420496 0.02426314203968088 0.06892653531176725 0.05313557369618966 0.02866208124901608 0.07852345151675817 0.029424289922487162 0.06532575608100323 0.011020337227527013 0.07764264091284558 0.057417518557293525 0.017361406624703087 0.030049630079827038 0.02223545086337492 0.03770523869746289 0.07399898425466012 0.06313129364924913 0.07427664974921523 0.021827662791194986 0.07791569892500633 0.00858235786539743 0.0590050583230186 0.06132406004543206 0.04109282248704478
 0.017292936715799897 0.05145204562779224 10000.0 0.04576964147083361 0.05906500519220873 0.02859304268501848 0.034789878005027516 0.051498720795035806 0.07589825938714066 0.060364066188478685 0.048433502758707746 0.06281730889517857 0.04412010999215542 0.0642913855199166 0.01424207941350115 0.06529394961549369 0.06384050546895909 0.05356373162759948 0.08408596021148702 0.054429965996468994 0.01957758183635466 0.06620143404869759 0.0495648328669261 0.026672071818722463 0.0783379703501084 0.04247289878458624 0.045669529515639774 0.04657815004147468 0.05561980195468343 0.055932917943694406 0.06040489688368627 0.08886996154476905 0.05603757490157206 0.07327891773027667 0.026923192853986828 0.04824552866869165 0.03499414764482566 0.026712800080457427 0.04377854157792347 0.0365716359572176 0.07072079800438899 0.0780739718215444 0.060607166001176736 0.013742092573689711 0.028308069841616063 0.02236658526211232 0.04312005090838708 0.01908468717908597 0.060919451478074545 0.05642624918707124 0.0287024623771798 0.044124801720629436 0.07640450229371232 0.03516764282858015 0.04013525019822787 0.06034877901228193 0.06295114403250994 0.0635850052887218 0.018079379986624733 0.06301315121130253 0.05189315091900667 0.06423784935196472 0.07504582263929656 0.07551081128131305 0.04294244832724644 0.014227382487231422 0.03565605333412347 0.050746127570600305 0.026328209297605952 0.021287962790455483 0.05821242838493158 0.019204735016069716 0.03632866938604592 0.03620154031314553 0.0391449836025723 0.029380143062314134 0.03765405981205006 0.0251710179565411 0.054402605944937864 0.06945360733150283 0.07852870183603901 0.05318752009877561 0.023601174612021932 0.07268157100673492 0.028329568238083264 0.06256112710100026 0.03494799976953678 0.07059058207219647 0.07429132712321691 0.013448995668359989 0.019357035093716498 0.04107412824563674 0.05061919032080223 0.020547607610298165 0.07785504592317168 0.03802399357105396 0.04494864932133895 0.014885536161089615 0.0371666498010293 0.013051517123582391 0.07243619497198302 0.04479734942958071 0.08938513789742376 0.06271668211303817 0.028110526853466128 0.00472337275802214 0.02371954492730362 0.029941589282338237 0.07681111276563837 0.030970009189860044 0.06125961427667575 0.035465649818807767 0.01574887217727636 0.03731889064930042 0.06870348028336953 0.07367741326042708 0.04070296020447972 0.03819529856484304 0.012074284893575048 0.03601260072590936 0.0646802359710489 0.044276804807745304 0.059618074977048914 0.04835219028983983 0.027652644218464483 0.06769261398881175
 0.05816346439550535 0.056022291433751994 0.04576964147083361 10000.0 0.051030079648376 0.049776568085433105 0.07889124349236 0.07010901721876694 0.06041311857227595 0.08610209710613508 0.005868277558225174 0.049964486447361754 0.0023669040483398295 0.09595029365643065 0.0315771698372461 0.09531684176196459 0.04763576039019925 0.020430601008066967 0.06620259241863331 0.057836451951290994 0.05755509965928154 0.10162914979179813 0.08178369056736427 0.02226007151333192 0.09274497919991521 0.04088222002193199 0.016426610456824652 0.011965167948376229 0.05742493501710058 0.05503614423984486 0.03095123017827162 0.07093562264519314 0.09495108480154865 0.10495265564573085 0.07227659742357573 0.060602957793638786 0.05009483963492142 0.07100124656187787 0.0662824554330954 0.08233018762794966 0.05602702588557924 0.09175974244729704 0.035198901404247064 0.05929775353378933 0.01747674577440928 0.03110493616178302 0.046689961796290924 0.028510913175475085 0.09319353980330962 0.05475280305430266 0.030800637520937636 0.018809531093985154 0.09452700570105894 0.07967557896239032 0.035878134408833674 0.047153272598135954 0.054207344962265196 0.06557574459018602 0.02856217938563385 0.057737685490931945 0.045587588755299786 0.0811930513581753 0.07457069161376342 0.0671431015340891 0.0707134054692539 0.04079236106470429 0.017575412017580356 0.028989545838354187 0.03173519087613831 0.03893248234055854 0.03853992972206731 0.028843484256046097 0.015778908034480104 0.081223278599384 0.01430454430065223 0.07499502658368698 0.025286234287245277 0.054575980663598374 0.06334837763815433 0.07752186829545428 0.060786838428214425 0.06288141428204343 0.025166980790068634 0.09656824140630553 0.07046344279167285 0.05503206065155083 0.01158941664785974 0.09812394013312216 0.09500956066561188 0.0419474761999048 0.03532903516571644 0.03949411672090917 0.05360920438422042 0.05857956756916735 0.07697784885215225 0.014101355081670168 0.018768468989324362 0.06054086897880387 0.07591977808503447 0.038059874262340705 0.10164506456821491 0.034216138066652406 0.0686751297372005 0.078857776147743 0.07374668332316713 0.04216734405428946 0.04852729221913844 0.07168557811312172 0.06410853137589971 0.0765625318848007 0.058943674112951885 0.08048926768723977 0.03392961947586122 0.05558234128644189 0.04962753090252216 0.07181916727233448 0.07362337835017041 0.02978590676239994 0.048061285595680084 0.03258165737662009 0.07752526726943579 0.09004170451732758 0.05956937641399677 0.0032074637816885674 0.07298802348318714 0.09235632353433819
 0.05621525609549385 0.015057025291605705 0.05906500519220873 0.051030079648376 10000.0 0.03489520222886631 0.0735013487556731 0.034455928510618905 0.017412773809533575 0.051508276308243076 0.056837029137789874 0.006174300540583809 0.052244371644556205 0.06537456948392069 0.05351498608642754 0.06296044013213437 0.010222399316064824 0.03387603990106335 0.025757562320465187 0.013961496878974819 0.052511552489157946 0.07464018829506715 0.056170458900761645 0.04132577568566605 0.046654930970411415 0.016644784763741535 0.03467233251179302 0.06248685698574775 0.012123714281133268 0.008666861635918208 0.027411824041923077 0.030260123597311336 0.07472597890269711 0.0724884588028415 0.08066549875263097 0.02442001987214412 0.02828085835129163 0.06867529959852939 0.037161988202540436 0.08418138095180243 0.012599445916260272 0.04533422896377257 0.022150314478547293 0.06544497574876171 0.048899743070975596 0.0645682994246874 0.017009548530047002 0.05754964456957648 0.0640644397403127 0.007747762398975911 0.03224061557042744 0.06772494093428467 0.050849942609358594 0.08989530699194226 0.020034963936517762 0.006434547838909446 0.003950517256115807 0.016659966788078902 0.05571506212630937 0.006773618114523923 0.007287438384989228 0.039488257493727065 0.02366273005220418 0.017459429389332294 0.044852755430262646 0.04489148455557822 0.06177795169574085 0.022566042014754092 0.034157769023619965 0.07062279552496935 0.015511147586897615 0.04463899010231535 0.03821426195095073 0.07816302952213221 0.061072270396439504 0.08141120044669364 0.07009580100453297 0.042819723633492866 0.021529402682968584 0.02983241213826033 0.020727974002017528 0.022137417297886614 0.0422008039392244 0.05749701153309401 0.06384480598320111 0.004134742062379592 0.045721335327238204 0.06238468085517645 0.05337618774253671 0.06712748257864848 0.04015482525803433 0.018149927662207594 0.01331789171368568 0.052832283441054506 0.02597698876124062 0.0388571153410702 0.03226342790003001 0.066788457016296 0.061521868836958454 0.04625146897999379 0.06699662879474871 0.017964314537078523 0.03179861451473956 0.037127828408941126 0.08023124080831127 0.059655160831830624 0.038997066829538185 0.08801319752397943 0.017746498557462454 0.07760828269798276 0.009082348104252774 0.0889585188732492 0.061342908436214906 0.030734007611797357 0.014998592658596032 0.020821340916503804 0.052390911982485903 0.07407127149739952 0.06979677272427699 0.07509705684176726 0.033348724774379036 0.09078105689891854 0.01118376601730676 0.05361236355149425 0.07349235633400406 0.05496129364075589
 0.021397287771279982 0.023882563145127746 0.02859304268501848 0.049776568085433105 0.03489520222886631 10000.0 0.039316492188702444 0.024184427795889037 0.05229671506750557 0.037299684358709145 0.05485472143556364 0.04008005380458449 0.04938988450907771 0.04618383941972234 0.030676986423487557 0.04568804638422287 0.042520546287698906 0.0456502125016818 0.06063337861225662 0.026834281036825714 0.017617823534807668 0.05212734927577271 0.032099501837413974 0.028346429605815196 0.05080397521114222 0.02067151923738036 0.03984038859989656 0.05685855273192329 0.028332775538287277 0.02947169403439492 0.04757535382344071 0.06502940583302287 0.047055742470929335 0.055224032726833926 0.04610617604157592 0.019652976129808188 0.006989440169567249 0.033890228927830605 0.01778309645168368 0.049336607046283065 0.04745711350884908 0.05036317487383551 0.04524347428433172 0.03129344809951503 0.03630161243128569 0.043750844326828325 0.017907793785504836 0.03703022559873097 0.043420394872604594 0.030164496549083448 0.01913164090983317 0.05828019110831674 0.049951928232613275 0.05531567718955669 0.02176461539878902 0.03832465225347687 0.03836515918670345 0.035604437905369386 0.03498811053245887 0.0370829248438023 0.02873519839725471 0.03697671794820642 0.046995603733819925 0.04932373728090269 0.020978737383643878 0.015912186307768705 0.049756588036961015 0.03709075515109045 0.01804496247090358 0.0467099315022403 0.04026499816429956 0.02478051466937285 0.03437107728390089 0.04370745377296148 0.051463547962205064 0.046633804565600574 0.05576857356625253 0.008126401470488959 0.02586737880144444 0.04087385658740653 0.05559219031918438 0.024629454169669857 0.026281094850627986 0.04881853571554113 0.029503449671891925 0.037545316097886014 0.03878981574603978 0.049067966116877616 0.04883974210849375 0.040415648910173324 0.016574591004649156 0.020140958554361293 0.02366811077861219 0.01794745418451854 0.04977683832661293 0.03629116509408703 0.03771318328620119 0.03255288002427944 0.029747124541920814 0.019130035540423675 0.052237948402018036 0.02744884256768719 0.06667994496469652 0.035155729915475074 0.04548095107432365 0.03114408840484005 0.004924145121011114 0.05464481198372655 0.052000995788921825 0.04274225335995518 0.034556383615827524 0.05422052736412832 0.03797045196820864 0.008877612137843853 0.047847307995255925 0.045930203427738764 0.024397397884530984 0.05824871810293247 0.040621277337332014 0.05752567724876804 0.03646330405788032 0.056099859497032244 0.03241891163697806 0.052979777851536604 0.03861306970031678 0.044151376588287425
 0.021083063304774143 0.060233043131384084 0.034789878005027516 0.07889124349236 0.0735013487556731 0.039316492188702444 10000.0 0.04808809783093561 0.09065756704501313 0.045672627866631774 0.08231102338225241 0.07904693832221087 0.07755478729096023 0.041537154610133895 0.048442113556475395 0.0442311538695345 0.08173397447239729 0.08178190572702111 0.09888483732599475 0.06279252158750481 0.023021615968860865 0.038565485524574034 0.031002030435377293 0.05737313556237987 0.07008235599261982 0.059973773046000045 0.07463892107315798 0.08113702857228886 0.06467924920475972 0.06678784790603026 0.08573488827225448 0.10297204851844234 0.025739280032240946 0.048744642150447666 0.020621180033497936 0.05231318221965632 0.04534992381722981 0.008081117457141775 0.0405910352918331 0.013541534962496821 0.08608334191193243 0.07052429866043852 0.08404872318692705 0.02154212290974847 0.061648342201539134 0.056764141015306524 0.05686245976942247 0.05384412185508207 0.03825599398011733 0.06762984349863421 0.05364520873422779 0.07891399307320676 0.06514866911121459 0.026221518290967877 0.060537741695658745 0.07748116576215769 0.07663278253274719 0.06967065315304928 0.05270237417163518 0.07442493965541819 0.0678539145950242 0.05739060124695051 0.07980237876712278 0.0857560058134172 0.03411585330867322 0.03883034861577195 0.07042034537382462 0.07519125942162387 0.05148099402807967 0.053714776105891184 0.07945393638880843 0.050168737832898026 0.06652505762700864 0.005139969403094268 0.07382147070070218 0.017985797496012167 0.07217173663929213 0.031194576748049173 0.05843357027714153 0.06894736059617876 0.09418015185633043 0.05712918780473057 0.05421488115506642 0.05657970712618319 0.00982465106959791 0.07558499897031114 0.06743515462434921 0.051098766607192384 0.061010835011038815 0.04572392492621436 0.04522711552962179 0.05935515450018628 0.06094430830873761 0.022262582973700668 0.08226289423716807 0.06846999101845687 0.0731160725325784 0.02081838230533153 0.01523970851700704 0.04104101066843644 0.050740978045632275 0.06623174978183545 0.10517483549711225 0.05715021210055542 0.017843204432791762 0.03937568495843509 0.03646714536075353 0.03359791398697481 0.0896341256074029 0.009719023035316925 0.0712122146972021 0.023606905354672567 0.050351166941222256 0.04299498468882986 0.08707231937966735 0.07978426746420508 0.02629510170277593 0.07221167613227439 0.040538437887271864 0.06956768358697592 0.06149752303459159 0.017961825967320755 0.06852877014146845 0.08175256742961723 0.009191905855798295 0.05199824580255809
 0.03900863701243812 0.01960229820925185 0.051498720795035806 0.07010901721876694 0.034455928510618905 0.024184427795889037 0.04808809783093561 10000.0 0.04861271420336959 0.017538086516788332 0.07568165786681212 0.04060810716561864 0.07023054291861129 0.030953996179454817 0.05485186692739343 0.02873020180854085 0.0446311798717793 0.06032817370614512 0.05597325457288955 0.02054852758769977 0.0349070253684372 0.04023232051542786 0.02285859047415071 0.050693403857440096 0.026858249075893573 0.03102148610106687 0.056863435618979406 0.07884397062988259 0.022494806403079336 0.02582721445691692 0.05812488777153594 0.059155742995524875 0.041737256100130724 0.038467190638517834 0.06236890997593652 0.010768358336266208 0.0205979868077446 0.04641996314114381 0.008224740007893683 0.061080933027050775 0.045293188029453715 0.02657623017777754 0.05389199786957647 0.05008507294929841 0.05914892196316407 0.06792977197252953 0.024858876655871446 0.061155918596144894 0.029620866326112768 0.026768977407523736 0.04000306570459412 0.0812364542358052 0.025812717409683838 0.07093474665058525 0.03535846569557746 0.040516676550860366 0.03594413921944888 0.023640192800277952 0.05910318510016386 0.03193779968932777 0.0326580257961798 0.012836359516223283 0.03225513878442185 0.04061564099172667 0.014056767078350742 0.040003758774330725 0.07301595603912214 0.04924197661256469 0.039886418561956544 0.07074782630284437 0.04733152764924439 0.048485888521864175 0.054347712760810386 0.053220939589681396 0.07426416317529856 0.06168373293535469 0.07953739882192486 0.026458685780570153 0.01332922393652993 0.020902229864735264 0.05253358628094514 0.01244907596186291 0.049236248203152824 0.026515582642007242 0.04014546615216305 0.034450919370547624 0.060238698449282986 0.029267477679996278 0.02518844665425809 0.06411332139271719 0.04040316261683215 0.03190674404428517 0.021840568758198044 0.034487673535849875 0.03452585454248325 0.05601552102547861 0.054335282271573374 0.05100576379050843 0.033314409722140656 0.04329771700227835 0.033526489598986936 0.03939138987631587 0.06256151410540527 0.011218899711844796 0.06080422595282646 0.05467820392152304 0.0284467452340044 0.07333088188737981 0.046024114465479986 0.05530215440153802 0.028056446192814784 0.06906751531375489 0.06213143972281358 0.015674570123716522 0.04941782917716353 0.03276262771005998 0.022269276707347938 0.08222536994829178 0.06352568036206163 0.08163751558642149 0.013986014313032182 0.06600176033383784 0.02504088635649668 0.07327278027947255 0.051804670657499524 0.02260409944426955
 0.07362796928351292 0.03086770158989741 0.07589825938714066 0.06041311857227595 0.017412773809533575 0.05229671506750557 0.09065756704501313 0.04861271420336959 10000.0 0.06430565303041445 0.0658198745202935 0.013116471423735903 0.06210684866604551 0.07863530207022856 0.0691160958950045 0.0757710805077595 0.013303598797166017 0.040528955919891495 0.008346150154241729 0.02878030143594141 0.06991452899409684 0.08850278711186296 0.07127122286647262 0.0557832748135275 0.053066794161495706 0.03350291410149717 0.04438854865186137 0.07236049182210183 0.02676598574158983 0.024089917975501092 0.030812418302893968 0.012979960084881354 0.09010878155081106 0.08474759831700902 0.09805187681710116 0.039885729763164714 0.04562120206919398 0.0860189173085263 0.05286782966447019 0.10154182606275891 0.00520647571945977 0.051555083874270234 0.025654319277115922 0.08279173595661082 0.06238654472281923 0.07916127589998975 0.0344220808664505 0.07241675117474544 0.07783211872675881 0.02319233531663679 0.04808531868369973 0.0786099648688043 0.058894977952334844 0.10728062406010937 0.035961257839516016 0.015773115831239453 0.014029561270990728 0.02586799475965678 0.07073362894984392 0.016833547927354097 0.0241576796768829 0.05013264900966862 0.024764027425053195 0.01168039297071725 0.06061603666017532 0.06184785961640835 0.07396886917692343 0.031956560304216265 0.05022657061730727 0.0857850511770724 0.022046533311135496 0.06023239196825678 0.05057788359590426 0.09538800584631338 0.07251177080761748 0.09882161729820867 0.08250545717450698 0.06018169890997439 0.035310911226615935 0.03696354607267746 0.00394971029965028 0.03630976034987658 0.05722610967523876 0.06783471373885125 0.08107233351361183 0.015102259009202115 0.057883743032334005 0.07393907082644473 0.06258914192667527 0.08305773970345899 0.05669906408978279 0.03483841720265583 0.0297958225052123 0.07022284709762902 0.025466805262534538 0.050666726149990314 0.042508534864053156 0.08414390543865494 0.07819326311184814 0.06292928916510995 0.07872014457114912 0.03224391264696915 0.01452371303003727 0.04807633363069021 0.09763970600545335 0.07613526239197217 0.056404483257670966 0.10516967405644759 0.005030318595659431 0.0949817314159448 0.020611159700112822 0.10636472366200618 0.07670248218600476 0.047699234797183285 0.010934775307207031 0.021861673208018625 0.06852259290971362 0.08676235414913562 0.08620820902410067 0.08829647130154857 0.04321826853490912 0.10806849789300482 0.02361843022457116 0.06241254236892923 0.09087454635625104 0.06631354911232279
 0.04465547126337 0.036965428078372095 0.060364066188478685 0.08610209710613508 0.051508276308243076 0.037299684358709145 0.045672627866631774 0.017538086516788332 0.06430565303041445 10000.0 0.09148190060465447 0.057584022401187415 0.08599698951528978 0.01438797798263709 0.0669332548351822 0.011509525634254641 0.061730055835186044 0.07760853024755383 0.07103630909333512 0.037555048628845886 0.041233577134440744 0.024621041609715046 0.01469619146566975 0.06548354985136685 0.02514167886423033 0.04830330134465727 0.07372817412758917 0.09399325059038206 0.039394187727037996 0.04284276743266411 0.07566006952897848 0.07363131833518578 0.030253856855172644 0.021009341117196635 0.06394371852586021 0.02830511665585577 0.036013842198572614 0.04702821907950975 0.01984855828300293 0.059201181508253514 0.0615468262035333 0.02588388856601241 0.07141826482758604 0.05498822559914664 0.07358656405189971 0.07972356049347086 0.042201366239843933 0.07349233357978378 0.014200831330677203 0.04376129517749744 0.05540969217850318 0.09557869643585332 0.019523660279256713 0.0713266984036568 0.0523975204157644 0.05772704361207983 0.05257375497191319 0.03847549242485127 0.07152136240734035 0.048183358619869554 0.050160935703842204 0.015693283176746165 0.0441364253989498 0.05494640252636328 0.017510082998162337 0.05166314975838369 0.08702697453273268 0.066675143365725 0.05484609129730702 0.08115996525733189 0.06483377193938468 0.061989933610880586 0.07034838641558136 0.050581293662786825 0.08875846079631708 0.06232601453567796 0.09275305039385007 0.036036673480299736 0.029987921303288645 0.030373969363509026 0.06825497506641348 0.02939099475672675 0.06355946431060523 0.01233832827415004 0.040652956448275344 0.0510189327077849 0.07563554059754106 0.012053496992225035 0.01541464336936285 0.07372765605864552 0.05379043625302154 0.04906478311286369 0.03929175587910248 0.040431316911562896 0.04571567764659024 0.07212702987166339 0.07125224672399458 0.05552145642734121 0.030750732073357056 0.055178131979805825 0.016037262761848817 0.05672468732890233 0.07758015101108261 0.017018457077124537 0.06174709231326059 0.06433390215335653 0.0403128421404453 0.07630427002608467 0.06108327930313644 0.054667591819907345 0.04426908626022212 0.06894963793416248 0.07340249744907579 0.030519977993334262 0.06631653021823841 0.045602398188934766 0.0211323668152662 0.09492588929794991 0.07175186658402048 0.09382414531129425 0.02237974539826847 0.06228783519089685 0.041320871738081785 0.08930056108808655 0.052090547636723404 0.007333815919237588
 0.061887539537590436 0.061856261613757894 0.048433502758707746 0.005868277558225174 0.056837029137789874 0.05485472143556364 0.08231102338225241 0.07568165786681212 0.0658198745202935 0.09148190060465447 10000.0 0.05563754054068474 0.0054857293815961826 0.10102926476515812 0.034209040765186556 0.1005049191536301 0.053188762673711615 0.025472013770381993 0.07137409687810566 0.06369089037452108 0.061585325936125826 0.10643057413678766 0.08671548433182819 0.02682450400818862 0.0985495009597972 0.04670231827039817 0.022182489803359413 0.007271508298959403 0.06328941074413048 0.060904267881835256 0.035869671717700655 0.07604591426219284 0.09934198534375033 0.11007850742063519 0.07440086972112805 0.06629934261373166 0.05551794585566765 0.07432696587769572 0.07163890355249518 0.08494162719423413 0.06153574346668713 0.09757466848411608 0.0403959188876331 0.062131990793275076 0.02070388178137548 0.03144211480303261 0.05246845456246747 0.030168325746740828 0.09820971123301347 0.060619537284789984 0.03608061730667444 0.014862367395184727 0.1002512189269417 0.08138257268374197 0.04168607316452535 0.052849193486482114 0.059972694603066624 0.07144361890571076 0.030607650005760302 0.06355719830898922 0.051448771171225545 0.08689668003063497 0.08040374560114949 0.07281892194438985 0.07583069932058456 0.04489734896534153 0.016363166119941423 0.03466895668276526 0.03683166456222362 0.038979498603935764 0.044079564943274294 0.03279223194676305 0.021350677065366645 0.08436624632400473 0.012417086859804645 0.07727602080148481 0.022769696140576924 0.059255141136894444 0.0691488334461211 0.08337835490227606 0.06604103070262764 0.06866404327321177 0.02950223995976643 0.10209553470104477 0.07420609460689846 0.06082169539969881 0.016115564112275594 0.10347805372892713 0.10065448314879492 0.043043175204383416 0.03983207286178992 0.04529656946297891 0.05945225683391681 0.0626308886292563 0.08279787508966292 0.01978146413481765 0.024576811182092286 0.06331335218240323 0.08017771200595643 0.0419478366217669 0.10691877127793968 0.04008441170467176 0.07358240855583101 0.08457304818805203 0.07605377470903486 0.044497508036455476 0.053315037169941196 0.07280727418619548 0.06962582875230987 0.07939642031194541 0.06479832158802193 0.0823899991580147 0.03528998171511203 0.06097440205891937 0.054969508471138066 0.07763906383776964 0.07841219189158878 0.027110768430009393 0.04934544955966867 0.030306408779687422 0.0833142916981805 0.09261542109315851 0.06543639790863448 0.0034204517685071448 0.07597282120959954 0.09782741208988255
 0.06120526879738433 0.02122911335084196 0.06281730889517857 0.049964486447361754 0.006174300540583809 0.04008005380458449 0.07904693832221087 0.04060810716561864 0.013116471423735903 0.057584022401187415 0.05563754054068474 10000.0 0.05141201103498382 0.07150616170668521 0.05609070518873491 0.06905446710665956 0.004351661127209078 0.03138075588853016 0.021273564077283574 0.02008111563459719 0.05762974228144185 0.08080642817434919 0.06233091702579848 0.04301765436985988 0.05153833702428184 0.020535383815449726 0.03356270429016089 0.061728875974890234 0.018195405441264002 0.014787138181547909 0.02350995587804303 0.026060093087933285 0.08085601540474421 0.07854074534788362 0.08538471383614925 0.03058982112314731 0.03370368807753924 0.07396520001324046 0.04329460338297874 0.08941248896644255 0.007915276858842838 0.05015811713820221 0.018023726270529953 0.07004004967961544 0.049989716529465066 0.0664209077222629 0.022221095918208197 0.05957836406723199 0.0702234365053555 0.013851765487728597 0.03499181184245191 0.06747641429302388 0.056138277225615055 0.09460243917207675 0.022845684073850365 0.0029136121381262915 0.005795389965743645 0.021580563227204173 0.05784898708807899 0.010732685233823926 0.011401221630805767 0.04521038461063327 0.026457107475273623 0.017181668597115604 0.05096665363718084 0.048813836405287955 0.06217728554245071 0.020975965397028486 0.03711691465774204 0.07288424687806679 0.012048691393276016 0.047195533384395326 0.038559805986038004 0.08362862929549397 0.06107171190560647 0.0862902598425059 0.07064474316324047 0.04812204369962042 0.02759667842943192 0.034646684636930734 0.015803025685449223 0.028252227308819333 0.044306720034950585 0.06325586667273736 0.06932717194092128 0.007324697894987756 0.04601561551926905 0.06833832991556445 0.05891624000925024 0.06998687950071378 0.04358994048987827 0.021803236350633075 0.019434619279289824 0.0580133262764897 0.028375412019923486 0.03889502523846043 0.0313753721057589 0.07140839944543619 0.06738698265801273 0.04983015271989433 0.07298051542990891 0.019332457235459115 0.026846244073499875 0.04288681522290429 0.0850878768108766 0.06301898032820223 0.04392028941775026 0.09219448802209483 0.015024961513260182 0.082809952983791 0.01414762786746257 0.09378620227761178 0.06373963726373823 0.0365390612105292 0.008824639237714189 0.023398638877362505 0.058431914134055365 0.07478686052611141 0.07309263218840502 0.07610331548292068 0.038864203581604376 0.09614902219674332 0.01672328030084012 0.05230648890387469 0.0786704673771188 0.060868804458444475
 0.05695069009286831 0.0566598672889551 0.04412010999215542 0.0023669040483398295 0.052244371644556205 0.04938988450907771 0.07755478729096023 0.07023054291861129 0.06210684866604551 0.08599698951528978 0.0054857293815961826 0.05141201103498382 10000.0 0.09556983978893785 0.029888486901937218 0.09502887488079617 0.049219664372028724 0.022426576870741118 0.06804206204047225 0.058566309379926046 0.056492524403456916 0.10104016537932532 0.08128661991768737 0.02146636846372017 0.09327638998721163 0.04148372298547956 0.01786003997220622 0.010317717904101428 0.058231356257415365 0.05594378076849769 0.032959158183627595 0.07280459969200656 0.09409992689969275 0.10461156806952565 0.07048118928275085 0.06091326478735859 0.050037931442702376 0.06962181931702618 0.06615352987195271 0.0806915209346404 0.057642107011979304 0.09232116548410095 0.03706318180541276 0.05772209902448161 0.015944326173341218 0.02887558799041284 0.04717206896102185 0.026528622140740334 0.09276254443816627 0.05569632552647086 0.030594887934958855 0.016763413630593544 0.09488011600690252 0.07777021322095119 0.03644824622535576 0.048573583012816696 0.055507818246985294 0.06648652530870848 0.026682286784347024 0.05891220569002358 0.046599473908237224 0.08151110399346774 0.07569279246041577 0.06857141515632502 0.0703627423218864 0.03975462005101188 0.015208618312356268 0.03047107075833773 0.03135874169154835 0.03667703875191933 0.040151481391518196 0.027702279491560393 0.015938876883808947 0.07977567442165372 0.011975567350567451 0.07324760965442888 0.022963770939168262 0.053893078801738076 0.06387708344457801 0.07825489695988477 0.06258268294367172 0.06336488929898246 0.02423372517969011 0.09662921644858967 0.06926659548527944 0.05628268065618806 0.01072219583442195 0.09799238769592032 0.09523040965336213 0.039869555401153126 0.03451750303080206 0.040044227689661094 0.05428500926008031 0.05752859805842569 0.07813871440011806 0.014447959507589384 0.020069161889861808 0.058944380996698145 0.0749879979625442 0.036905537526862355 0.10143518249298879 0.035135819134298946 0.07063969164690435 0.07919705881916471 0.07200653900205295 0.040404160936678785 0.04791669888280832 0.06963959134416738 0.06570895254029296 0.0749978075328086 0.0599850815038941 0.07863536119926831 0.03189315450385951 0.05549110885824748 0.05137839052517989 0.07298304292591186 0.07302131325701784 0.027468717603173747 0.04603161163812831 0.03023208510664129 0.07801967884767505 0.08839362772544333 0.060504198037643925 0.004233865613195023 0.0714763360978559 0.09235066805404697
 0.047243673147650496 0.05055121742608164 0.0642913855199166 0.09595029365643065 0.06537456948392069 0.04618383941972234 0.041537154610133895 0.030953996179454817 0.07863530207022856 0.01438797798263709 0.10102926476515812 0.07150616170668521 0.09556983978893785 10000.0 0.07328105936011918 0.003813591649618386 0.07556992841691916 0.08949919800617155 0.08542005556999545 0.051425081085168335 0.044743915944453504 0.010474055356192192 0.014900049533942304 0.07437864369603546 0.036481678792800086 0.06049788386641194 0.0849050080515313 0.10274630940385415 0.053326685153642 0.05672022292121459 0.08847683130725384 0.08801326154687716 0.019641763012208126 0.009178781336552222 0.061692189487158176 0.04148591826259964 0.04667842511459383 0.04529697642011751 0.030746953302373 0.0543921975266429 0.07576684122813615 0.03757204281525652 0.08452305106510341 0.05604689053596984 0.08193196686450693 0.0854135069066057 0.054608844354149734 0.0798517381224936 0.003453041101550599 0.057654396427226876 0.06520239851866626 0.10342884635971226 0.029533734025029394 0.06773303052593733 0.06412986601076286 0.07147011043072792 0.0666582730732494 0.05283669608387471 0.07801488476163691 0.06237863015956485 0.06344488778240617 0.02976945358585483 0.05836611708683859 0.06933253345138461 0.025246265179658774 0.05837101227295688 0.09467081107440033 0.07902857584215917 0.06422768149215369 0.08557321593501659 0.0780786138482818 0.06978205831318164 0.08043227755789141 0.04577647390045092 0.09687234578349205 0.059403062386266824 0.09950017000067377 0.042592678976611835 0.04397003176217545 0.04449589143431458 0.08258498585755801 0.04325644604692387 0.07205660603167373 0.017998239499222784 0.03962199078773522 0.06512327534103901 0.08494187290350366 0.010504939542012178 0.024268495711675414 0.07768701562407652 0.06181474210447556 0.06103714222652802 0.05274283088661641 0.043751671502977624 0.059832567359629454 0.08231353228561292 0.08253721113707489 0.056226359825103676 0.028941324706001914 0.06186858026023807 0.00920383639436089 0.06891211574289165 0.09196654082017873 0.03130246959324418 0.059106105334840175 0.06871495590278331 0.04802274923701724 0.07461063827702728 0.07546285406374804 0.05120923606415569 0.05846082831418725 0.06505017043447084 0.07881272660571759 0.04121340469740643 0.08029257702551226 0.05992451056711238 0.023830156321989416 0.10113145025485847 0.07460828892683867 0.0995580286698326 0.03662944676862549 0.05579026106158953 0.055484717551363916 0.09915537832533389 0.049607124836978427 0.015324985221141315
 0.028905894213154724 0.049474958739811635 0.01424207941350115 0.0315771698372461 0.05351498608642754 0.030676986423487557 0.048442113556475395 0.05485186692739343 0.0691160958950045 0.0669332548351822 0.034209040765186556 0.05609070518873491 0.029888486901937218 0.07328105936011918 10000.0 0.07367033900401469 0.056224247232323485 0.041232700444060556 0.07693283963649039 0.05229455057902577 0.02965347693174986 0.07669248063345613 0.05838789391297418 0.014626031576845312 0.08129480614710122 0.0372022799491372 0.03326274631690707 0.0327030239840765 0.05302199189086108 0.052438929282623725 0.04925158172528983 0.08185166523680348 0.06775953645821296 0.08244640191989394 0.040771630033785256 0.04890314139076921 0.03525323530584473 0.04038552233353517 0.048207178245657505 0.050806969068008925 0.06392387875104745 0.08076848374638051 0.050390274156211265 0.027923196073641698 0.014180353388697439 0.013080068013257718 0.03984217141192189 0.006590846003938021 0.07007598136548553 0.05271231331092288 0.021274391771398192 0.031136557110568532 0.08062852962066451 0.04849519217834179 0.033504278686218594 0.05334837019132149 0.05746141805281509 0.06159901402442179 0.004750592396119081 0.05860839705190336 0.046246349758567874 0.06760889076372294 0.07282067947418801 0.07081602326732582 0.04957784000983139 0.015270983194298789 0.022371959449568945 0.04056926517229889 0.01944665917146089 0.017318980179057676 0.049257564385386345 0.008901193319422383 0.02370384979817152 0.050233439254239606 0.025492314764507796 0.043428946250050754 0.026224075021601977 0.03103893429627655 0.05425983969418568 0.06985747686625442 0.07121567343595915 0.05323116647104584 0.012241913886177904 0.07891282639209349 0.04099978206810482 0.057419457221522835 0.021061998233048176 0.07813784964380172 0.07939741126146638 0.014121000157769993 0.015034734875255683 0.03557355621204064 0.04799749046807814 0.030730174976732055 0.07561524845573682 0.02514475746505803 0.03302985711623126 0.02910800858868156 0.04846222004401276 0.011767202952614566 0.08065669404399047 0.03690024177694216 0.08160382423750663 0.06571872551933605 0.04217645709202314 0.010682051258718763 0.026792963833952188 0.04158426357689159 0.07087401471907911 0.04518873300739355 0.05769198452593968 0.04911296914602125 0.007966150901754596 0.03930721668787982 0.06057927521895152 0.07094431995377765 0.049491363275045566 0.028021951232591123 0.01861036174499311 0.02694709016232894 0.06656255585932262 0.05850606185526494 0.05668871198850504 0.03411852614760652 0.04178145046309021 0.07407852935021918
