NAME :TPP_input_30_5_1
NUM_VERTICES
146
NUM_CLUSTERS
30
Full Matrix
 10000.0 0.03907806941959257 0.016844454258877293 0.012436300219645294 0.05168842472981418 0.032341418138747635 0.03572344398776051 0.016292878300368935 0.030968712634736016 0.03740533974403458 0.04580615383740525 0.05183240528311346 0.07660147725216528 0.020397800885698328 0.051945523566293894 0.04507547011525893 0.047051638325785246 0.05206882021604725 0.041368029143173196 0.016481826354292496 0.020318180585989574 0.03623983890032465 0.07618288983609524 0.024167007768127684 0.025715514901928894 0.05660144589414011 0.04327594448278629 0.024476077814721914 0.06252529282299933 0.03964041383432747 0.02484507699520512 0.043262582904617854 0.04603410441967313 0.059638614546912605 0.05706927564610413 0.02895828913832904 0.04564402649440463 0.02567786221540868 0.01754995287937784 0.018565586098989263 0.04150154641329208 0.048009950841343796 0.009479176786957127 0.028309913583664952 0.05523919130380638 0.045290584271505376 0.05140902817969937 0.010541973399168864 0.060476358739102065 0.07031984181172923 0.037348305051386886 0.018101296537202657 0.03620493602342022 0.020496119157045686 0.05264199673041494 0.06230845996753697 0.036711544500315565 0.004529899882869743 0.05627720388632631 0.036297136709760314 0.05762962830129777 0.0642552054887499 0.05801332840495497 0.05852662834440396 0.06450320710899829 0.06798281279382576 0.06403185944809484 0.036459976442482264 0.040962450460515165 0.0383411869450351 0.05234593572004633 0.052068177110588656 0.043603082718617445 0.021096044705676727 0.034077728039326474 0.04035916861710759 0.03811630185092419 0.02295308668119264 0.05379947357718413 0.03843740823886719 0.043779698082303496 0.06417133871931625 0.01067274210048642 0.04518629561780291 0.05589217415785567 0.026388721131519327 0.031469963298729406 0.04428486142565135 0.029317352936781647 0.03782496343404884 0.02081551291932509 0.017045310121741295 0.058531769456946166 0.028284548818889834 0.060159166700836667 0.06873290097169393 0.05164475853812061 0.025246232952813977 0.04885595324028111 0.04471006646096416 0.05252347187741401 0.053184373708069485 0.02553023458032869 0.055679947578752435 0.06812180592686444 0.022986426787337276 0.020428380635199885 0.05693441743944043 0.04171078821987748 0.04066078982289553 0.038396305810113565 0.05172818407170461 0.050277451521596336 0.06388348902039644 0.03841790806926152 0.035921789639323375 0.06374735567898016 0.015100093846640537 0.022168828124456145 0.03068971198059959 0.0580196979349294 0.054001533245871834 0.047325008285472994 0.026756944247054718 0.025922876148768925 0.03621002124026519 0.040349263935910186 0.04397445118441144 0.061229066766116155 0.03143128649498635 0.05346053531614201 0.03297569789547641 0.03895627814374727 0.04078259805902529 0.05774359059100621 0.0531320057065829 0.03517277405937844 0.06302728764330315 0.052142841783177234 0.04708384994202473 0.03962073785107956 0.06308051352302857 0.062142959402381806 0.023847223669082637 0.04026614448920218 0.0268034881504333
 0.03907806941959257 10000.0 0.03902683885640907 0.026689420737331854 0.08611750721136213 0.01565691211510695 0.04622283692174676 0.04422484555724035 0.053309845371591426 0.07521385137212551 0.08212406354249918 0.07318997528446902 0.06150161758241649 0.040913787096877756 0.06841273696075444 0.02456602804107747 0.05714983924156881 0.06339798050408325 0.04447527158088613 0.05068759004068834 0.02863306100646813 0.07366370533492983 0.05806436055332732 0.03871044751148699 0.06472189196820362 0.033980074450249594 0.016492674171304202 0.061450560748267456 0.07057812442736294 0.0784379420444844 0.06346162295034327 0.016303064872257217 0.014374348406268877 0.07985100449050668 0.09002479966360342 0.061690449923902206 0.00771682799176879 0.06024997925127758 0.04183456639361871 0.04907581580924424 0.022561418454467574 0.04644280382446669 0.03270118221921741 0.06474675390480802 0.03500907253113572 0.07774584591290871 0.06762814919428245 0.04922751431029731 0.0710928720939803 0.09628041394862531 0.02548431842721322 0.05607153764951366 0.07210637053080522 0.038212247652536224 0.0176908317751101 0.07192508161552084 0.0567847035471686 0.041884406678347016 0.026779772516846406 0.03848400686497125 0.08015778128777538 0.06720146379529077 0.029727250788600737 0.03438988208881557 0.059462810302716995 0.05644843949820768 0.09291685630951098 0.046537169172559685 0.07113645832273313 0.07473551414356552 0.07631283019556356 0.03789931154502937 0.08231950048545111 0.051688465761930875 0.045360606376963195 0.003580882333947205 0.00134597099857121 0.028021903745505523 0.07852049942719211 0.07572815987019342 0.0059375800474877494 0.08832648421505519 0.0297478892453687 0.04751451124171564 0.07082862142355811 0.05012654098877817 0.06216549971916764 0.07838508647487616 0.012297833010295963 0.06657286429958191 0.04441388687728985 0.03239874289514394 0.04052159054798914 0.02194976131154309 0.0437262697357079 0.09547874395248752 0.08238987873247627 0.04560586270509457 0.022549755106085707 0.08378492193856633 0.025942279236290902 0.08352699129376095 0.01701084347946942 0.06443476123391903 0.06066674268372826 0.03995330519545467 0.02250882765728062 0.07580508454284292 0.02338426739949301 0.0717292812331018 0.026803357263480595 0.07071372997667362 0.08362585921031188 0.06667522232661831 0.0756292237840125 0.04614038183275932 0.06263774878090288 0.049016013311728106 0.025076886537431203 0.01133263592710759 0.04866778570868675 0.08796965385326172 0.015795351742127598 0.017633852714241064 0.04158451953727918 0.013000896773415605 0.024274675625268884 0.02334864191518765 0.05789273549922883 0.07035715175367213 0.01950127911054364 0.020756728132792883 0.07717963059227473 0.01786278417266567 0.09156811387391513 0.08531072606429747 0.013850750625301732 0.0419517695622113 0.05801593478098533 0.029086936026545628 0.008776097085130734 0.09140466053453075 0.044593841602566596 0.053881250514369504 0.04376311680958997 0.05484833135857768
 0.016844454258877293 0.03902683885640907 10000.0 0.017819136580338946 0.0472334127448679 0.03904666647835615 0.05135661580202894 0.033102472118912506 0.04778424960685495 0.03874579355561209 0.0584375646060073 0.03799086557837839 0.06166883115897308 0.036542798390223334 0.03644173873493759 0.053325673379586165 0.030315201030847085 0.03556708547162205 0.024978914291766043 0.03259135055210577 0.010842187897958731 0.04823628084730445 0.06200063513463105 0.007651107475733092 0.03485201825267601 0.04533498189599908 0.04902205885622787 0.02512213417915616 0.04586628637483648 0.04859925604310002 0.029647137859117285 0.04894034953185768 0.0404346101842434 0.04559088260403736 0.05099814311854379 0.04463648532434682 0.046652534772118996 0.040810438763611206 0.034052433503500026 0.03529915349044269 0.049777436966174295 0.03191526529034189 0.023063005865727543 0.027551213322933334 0.06452332226227607 0.038719516022999605 0.035821102378400804 0.019071885303138456 0.044062249756156184 0.05918180177519959 0.04727691092025001 0.031270568939640454 0.04972683454685303 0.036053416401106674 0.04742918848127241 0.04580264871993804 0.05350037698737909 0.021086343262687306 0.062179941786314426 0.05019086063869364 0.044484360241299925 0.047411598621960226 0.048791980026667854 0.047583679755328886 0.048208436908878174 0.05264037143481392 0.05462783071232956 0.01962490924978664 0.0322341026403169 0.05131109294311513 0.03973695800647293 0.038593794608289406 0.04725807676305271 0.012910579190323934 0.017239142349977716 0.03879259467729892 0.03855626753161817 0.012553236543754946 0.041630500153910545 0.05045323977685349 0.04187151946209597 0.05196381930299629 0.013349318609714611 0.02868308286825388 0.04013909035453678 0.04320056635343862 0.023139020313381414 0.05855418425147513 0.026850258128316026 0.027847645767935414 0.005821796397973797 0.006636947647689099 0.04549760609557528 0.019947791217433355 0.046504655027757885 0.058021093418412294 0.043525279426588355 0.04174125693722945 0.04029110239032394 0.05135840495328508 0.059345732007691006 0.04474656232929069 0.022086610982286467 0.038983443827197956 0.052056890294043624 0.038722244845495905 0.029285080472602365 0.04232543343686073 0.03180376392435143 0.056327288887819855 0.04860235459426539 0.036980525035564225 0.06469771934107912 0.04704149609583075 0.03844216794688257 0.019089266807199617 0.047069712868337124 0.03142893631819818 0.0328559730461038 0.03501054897193268 0.042752787015810104 0.06796705590580118 0.04136038626470249 0.03397382232754421 0.009082921451143616 0.030787882942375926 0.029982192560213186 0.034313853681089954 0.04481635064972898 0.03694393736041136 0.04757474899857318 0.04172775377313212 0.04125231521054021 0.047524934690608096 0.0716676070521372 0.04630243073617066 0.029508769438717858 0.05054894136499579 0.03529847555466471 0.035688292070109484 0.03578947220928349 0.05327940867015565 0.048645582721487605 0.014896564051392827 0.023896877316637064 0.01591773876591188
 0.012436300219645294 0.026689420737331854 0.017819136580338946 10000.0 0.06157450936439691 0.022008439886560763 0.035798864449501616 0.022382829043479675 0.035801000299487386 0.04895536527893301 0.057300108193410866 0.055809543312714836 0.06903641719474576 0.022834476905973046 0.0538943254734116 0.03595109471975345 0.04619450332739752 0.05198913834613526 0.037382483097632015 0.026355526801709772 0.013641085290251105 0.04811819713511114 0.06781925737382 0.022431161136010805 0.03814943460007535 0.04651220143393492 0.03262267366424592 0.03542887998660915 0.06170640557431872 0.05203258230042436 0.036860803603971135 0.03257495100967152 0.034025913028595735 0.06339265271305057 0.06631006389284926 0.03860675295740481 0.03344855267561443 0.036115004090040224 0.021614298316658433 0.02647051151925959 0.03235886908547673 0.043019751893370727 0.009065556246681393 0.03898983244770216 0.046950590957396926 0.05413187337207601 0.053232639287221876 0.02256664483952729 0.060514751973680315 0.07667364321621646 0.029501883771473943 0.030082217171808746 0.04744319808197164 0.021336985548884545 0.04046425524571256 0.062049677972297636 0.04097417115673098 0.015728862838195343 0.04585441458078388 0.03311415138582457 0.06228453109404857 0.06171815761003763 0.046893689698470735 0.048206559000642975 0.05939218933307774 0.061111446480513656 0.0715330809923682 0.03465790557594194 0.048595244637930794 0.04980941233762491 0.057461118673407134 0.0436869758320149 0.055713855473496075 0.028060922039250768 0.03249953854082816 0.02792414025254948 0.02576614244512049 0.015799849806518794 0.05928418182119035 0.050274441625856245 0.031345449432020625 0.0696633644211013 0.004525738689642832 0.04128969927105912 0.057398185946622444 0.03146089424372557 0.039054771701312094 0.054862414314609385 0.017119138054329634 0.04465824522654916 0.023545910168556245 0.013281975053514994 0.049568824695288005 0.01846511259940461 0.05165966802202832 0.07539037896203932 0.05978312824331423 0.0284697439934467 0.037694877246770925 0.05713177399773413 0.0425612342294342 0.0611637471922279 0.013854796133725112 0.05481334837278313 0.06243003694958082 0.024025512007752 0.011471021143362714 0.060055927446861584 0.03146032967642346 0.049890080274386676 0.030807447211088027 0.054703382416295486 0.0606230464117179 0.061278600297387506 0.04963381555203628 0.034115873521797076 0.05984298449098563 0.024715937190016773 0.015126471632397422 0.019122684161097466 0.05131193263108513 0.06463331318533815 0.03537775353056212 0.016605325988957798 0.02514372765524191 0.024432705139034495 0.030432210614614704 0.033482792187383925 0.05649807638824351 0.04368143506401566 0.04140191890180638 0.024092055089099555 0.050755399725144146 0.03063253043644349 0.0683533169627718 0.0619618050784939 0.02351579791114584 0.05353856686900499 0.05002664944633567 0.03741066254230956 0.027389212143573295 0.07032378561014586 0.05345447942978725 0.030675670674070583 0.03630414866330992 0.032716120818939175
 0.05168842472981418 0.08611750721136213 0.0472334127448679 0.06157450936439691 10000.0 0.08341314634665009 0.08257603137315897 0.061443140998013054 0.07190892390048222 0.018956407243846014 0.05375596198758027 0.03233498138053769 0.09233807499468011 0.06803093375018633 0.04079202494864701 0.09669818337858503 0.049689361965497725 0.048612894765948 0.057699639241930535 0.05438187716688817 0.05800068612587709 0.04674572553973448 0.0953401976935939 0.04971955781620595 0.0371464785084146 0.08694797916427423 0.0941748943262101 0.027538511678371222 0.056293743429091 0.03797812737349068 0.030430751347028787 0.09413273381009768 0.08700708725782298 0.03584679167031029 0.00697302190354335 0.058222510332378734 0.09364502696790074 0.054086658818396444 0.06453065905613019 0.059408220480894273 0.09310691389784347 0.06368434865216335 0.06113544636915505 0.023578289205637547 0.10691383706385926 0.00969229774639221 0.04113287652379382 0.04190332012515595 0.0518379542032832 0.029756310947347066 0.08902757517545498 0.04590263696633508 0.052362302025591737 0.06946555637610481 0.09393426665214862 0.05396610490309091 0.07699960221931854 0.05200376570370996 0.10738261823634326 0.08611257966086952 0.03093498609087234 0.06394632359929307 0.09255399922637483 0.08942097543323253 0.07384306938095939 0.0829818615728835 0.020115433495338737 0.05017353485097288 0.01755651091961748 0.05121565996557543 0.02731067205727904 0.07729014784001016 0.023193227008532026 0.03443231805658581 0.049272622637674894 0.08602000884307547 0.08555695715692956 0.0593348185886813 0.025857263445882357 0.04770099611881931 0.08910293432217521 0.029934303910943497 0.057447755140503674 0.058923838568351004 0.043916497483524816 0.06853280893489383 0.024432682843654914 0.060083390576858235 0.07405037059554394 0.02235793746334845 0.042318983429913054 0.05385669491871222 0.08402912187537084 0.06664883541316532 0.08347591067863717 0.027261511905466957 0.011522642982592701 0.07053327807420026 0.08523351561844968 0.03223634553856198 0.10390043816860095 0.012595473008468026 0.06929029943176641 0.05303738224174991 0.07853118713726848 0.07122534203223206 0.07182561355186073 0.037563048435516555 0.07641813909914272 0.06521625989914161 0.09004905351638706 0.03656726482847358 0.06473733537005115 0.0639822619281392 0.016216134720855604 0.050103719455378344 0.0688227119682713 0.05483483472043419 0.07385657064920974 0.08061486638958627 0.07539869204778206 0.06500374579877072 0.08775692752906712 0.07786524736824608 0.04756319890682085 0.07773426891245253 0.07440714767447724 0.07887697761987394 0.07031078047122753 0.028901935379809604 0.09378536509637955 0.08458359116708694 0.020263180598254323 0.09201442741821624 0.06745493139210176 0.007414247832770178 0.07644159645543791 0.08954872912623346 0.055991234689749786 0.07827757946510143 0.08291469560578617 0.020771981345088897 0.08568234102949239 0.032344872516616864 0.057239523386067456 0.03203098126034629
 0.032341418138747635 0.01565691211510695 0.03904666647835615 0.022008439886560763 0.08341314634665009 10000.0 0.030654472353495346 0.03207263491417732 0.03878409495494257 0.0697359972488327 0.07039093579842923 0.07653128382337461 0.07549717516172413 0.027388757746477595 0.07342962165012148 0.01438190111354018 0.06382609477107518 0.07000422140905176 0.05250444017706466 0.0396484947417178 0.03111360358150489 0.06291006987497196 0.07256593970058353 0.0417035547767587 0.056301460608312315 0.04861664129327047 0.01094081047015251 0.05669926186946384 0.07859592795637721 0.06911734890830443 0.057020987566686485 0.010934853648684979 0.029726940242518863 0.08385612758432659 0.08828396872989908 0.049184569367137665 0.017677842296520183 0.048539707322470135 0.029116292427721485 0.03694559703624619 0.010955671828744035 0.05618569337431442 0.023612223635345538 0.06043564787880608 0.02578279517347091 0.07612949439691026 0.07270170870229986 0.04284967226222946 0.07827905183949889 0.09822842544830282 0.01086190175981158 0.04656707956292482 0.06044792761844176 0.024551139516060156 0.03330332648135565 0.07947782553714423 0.04173618122658373 0.03363535466734313 0.023999773265727414 0.022846647707955216 0.08324424284226921 0.07670109371956925 0.04515411498807874 0.049329383495364844 0.07096827061447643 0.06951287459781764 0.09342175902285879 0.05234785678622533 0.07056467782338265 0.06326007104735362 0.07869204355958075 0.05072634248793643 0.07552443574463101 0.05005654902924084 0.05060490438381414 0.019096580751979855 0.014332828788191478 0.03185530036659321 0.08064348865838593 0.06480954128539264 0.021477533760075673 0.09092722653231189 0.026404864484308184 0.0560865332916717 0.0765001741366603 0.03611490345735682 0.06104646430202404 0.06569541975774287 0.01907791263259541 0.06653257871270854 0.04486806966035421 0.033199191148477886 0.0544618271251259 0.0288438944196582 0.05744917490063815 0.09705221978323153 0.08177662589921557 0.0313560343215872 0.0373372433937391 0.07542010805717184 0.02055425358535189 0.08314236083985685 0.021547903281627905 0.07196277158533194 0.07286108668394721 0.02577342282745218 0.01198108681158849 0.08020333601563416 0.035943176919876224 0.05823514410055257 0.012333070404525722 0.07488460100019757 0.07051334483758144 0.07620149959177347 0.07074551757714849 0.051857471435837924 0.07316270920325459 0.03806976362595523 0.012021425923316812 0.005891514986421013 0.060847459773034046 0.07499068377507019 0.031205095660770135 0.005588924594795376 0.044669564504615566 0.02501699618092284 0.03618635691825027 0.036662017145745227 0.06885420233007923 0.06320108054107425 0.035151896054337495 0.005249199008714528 0.07120226115030903 0.008626297684574444 0.07846249773008296 0.08396523545711529 0.025199156522606604 0.056586145614632676 0.06615974484222076 0.042253447621318725 0.023127899811589085 0.09216215677265699 0.058603301858110114 0.052647393369106316 0.05158461301326224 0.0545430923412849
 0.03572344398776051 0.04622283692174676 0.05135661580202894 0.035798864449501616 0.08257603137315897 0.030654472353495346 10000.0 0.021358796649228476 0.013697497011339424 0.06479048699117917 0.04995269870672921 0.08753450067235694 0.10292467099746422 0.015446414120652376 0.087493337852694 0.030994914875504934 0.08138474680585864 0.0868725010189124 0.07318066065472151 0.02827721061063442 0.04943445332828017 0.046132191760767334 0.100812753085381 0.05755457930504001 0.04693458652365698 0.0775292507696809 0.03638384520087884 0.05562981299895491 0.09698113694127447 0.055243802149190176 0.05220574633361541 0.03653722921374478 0.059843334601499584 0.09534435146601139 0.08889074630406424 0.029649822342117087 0.047757149930563694 0.03182885908638608 0.01871739493223825 0.023264799886303745 0.02932549252472681 0.07871489709394755 0.02834609632728909 0.059524917527043905 0.03436880430720188 0.0782298825871525 0.08692451161401231 0.04219585024489701 0.09539060403271 0.10502877857678342 0.02342481334549225 0.03698933923434873 0.04145491595555607 0.015337365802635748 0.06391185127968564 0.09708147914163212 0.01312140795174562 0.03296416554045688 0.043675045303392376 0.009363828953534338 0.09320325437835589 0.0974565218717913 0.07514571799412759 0.07860316947072056 0.09494265959380838 0.09574295126662742 0.0978983426156929 0.07006333139651992 0.07533360814728353 0.044391864003382527 0.08783331517316101 0.0774308172077866 0.06687242540301526 0.056562229188165905 0.0677996966757982 0.04954253542193559 0.044882003690291404 0.051496814129274725 0.08914961005915877 0.04729773240475861 0.052103839261359725 0.09942082882227074 0.03921501023026445 0.0770885138457298 0.09134609691975669 0.01492992509170261 0.06623726419293328 0.04297688834861342 0.04576585871747307 0.0728247068996518 0.056180557534568215 0.04863538298509413 0.08234970389454987 0.05247750214434506 0.08496348018754032 0.10324577581115885 0.08517573040326222 0.01204581178492239 0.06672909207054527 0.06311397526665878 0.038936016145300636 0.08683765914284872 0.045658213203530786 0.09006975915056246 0.09773770215504184 0.01274672014199815 0.027628699498917372 0.09265365582809913 0.06338169600387468 0.03377912814596104 0.02287108215584586 0.08743249924815172 0.04614513036523782 0.09702512997679945 0.06693420315115098 0.0695153027354969 0.09562268400895668 0.027741798264912458 0.02335999522304275 0.03523403282071156 0.08622648839211598 0.050703693505792874 0.06135054796278805 0.02932604706758227 0.05995919917143469 0.053286181197302926 0.06302022882345916 0.06472014612116973 0.09216533734684947 0.05552606057310756 0.06570798777645141 0.025917041482889754 0.06495044338461747 0.03292387269206218 0.05362890616578504 0.08574635116492772 0.053031014335417154 0.08531463874880287 0.08564584625984159 0.06981211964228912 0.05286654223138167 0.09720701109029269 0.08645401387153284 0.059264824438185794 0.07210090454819976 0.062394407944622005
 0.016292878300368935 0.04422484555724035 0.033102472118912506 0.022382829043479675 0.061443140998013054 0.03207263491417732 0.021358796649228476 10000.0 0.014682003836434731 0.04416003476504063 0.038344327226294106 0.06706662844484874 0.09110683742936806 0.006796981230277959 0.0678794363612722 0.04077272804670649 0.06334451164992248 0.06832703386506292 0.05723000287722759 0.008310262983284968 0.03469328991117372 0.03102779075852536 0.09010942993988241 0.04026201917328676 0.027202967781257033 0.06882642885970808 0.042111417482826034 0.03430097716666114 0.0788101238354417 0.03818631314619591 0.03127526798266217 0.042175217759150035 0.054816285634879884 0.07486587817124447 0.0676479275219488 0.017466543310972762 0.04896156696283092 0.01646751236033362 0.0034543934500318864 0.004900240234227419 0.03764131433106097 0.06362628940858496 0.013350966835885379 0.038215898238735474 0.048697586120620084 0.05687562889588241 0.06737759471697227 0.02092684104933482 0.07670378286977793 0.08376590994415893 0.032005436579883376 0.016833011974266097 0.02837919449838146 0.008976099087535251 0.06059981197326227 0.07855996280397023 0.020419267862262 0.0124929101096869 0.05355782410468738 0.025044404746186622 0.07243507612882914 0.08048263677722609 0.06871068250221944 0.07045296727894894 0.0801638997333211 0.0828814101599725 0.07654482250763865 0.052676795571781954 0.05406467232986006 0.031188153307079504 0.0669834960779535 0.0659293143387811 0.04743656584092075 0.03592282897723455 0.05030329428045336 0.04660560016781413 0.04298228622775332 0.03720955186345853 0.06818084173404719 0.0328439824744865 0.04988250114559893 0.07836097402955701 0.02377985416370618 0.06110030862045863 0.07190103023573818 0.01009896456254983 0.045107706748750545 0.03416080717825128 0.03811289291863707 0.051739174681306566 0.03702379524928612 0.03235999682968883 0.07192811795381661 0.04083419824045623 0.0739501249574079 0.08194806558428294 0.06381796986810734 0.009603391077781765 0.05956959994634565 0.045302246050655935 0.04910599325488736 0.0654819055757437 0.03582444740644479 0.07197052846255415 0.08357927828515688 0.010010682289588062 0.021738947776902797 0.0724546507853383 0.053792518496393216 0.027944767391746003 0.032502735517667324 0.06736069145449483 0.03946381041276669 0.08010287884382561 0.04609603685116165 0.052135078134528404 0.0797473873437733 0.007131932014648474 0.020083512745001034 0.03339973092374455 0.07296714961137483 0.043761869267416514 0.05627021300449594 0.02745580741509983 0.042160155281675535 0.04591464116896496 0.05280862295464092 0.05574464130695494 0.07700001463854363 0.03545569893095158 0.06188863997606817 0.030059415803747727 0.044664752428080386 0.03885732590847627 0.04738442589004697 0.0644173156544013 0.045176732539836964 0.07591848333327537 0.06838645957094157 0.059791711782411994 0.0477490290067493 0.07586938623299778 0.07578255988494041 0.03854322911359107 0.056124379387315605 0.04183103753164301
 0.030968712634736016 0.053309845371591426 0.04778424960685495 0.035801000299487386 0.07190892390048222 0.03878409495494257 0.013697497011339424 0.014682003836434731 10000.0 0.05346119556556438 0.03628260505766572 0.08098738444635642 0.10483337690329224 0.013220408011585772 0.08226053771080746 0.0428030295917645 0.07801731202327106 0.08295230745121036 0.07177113231336302 0.01821382265909827 0.04883398625846397 0.03263955292107396 0.10348877412457201 0.0549090868287879 0.03515738456021356 0.08136672161627433 0.046770426470554814 0.04609419645099391 0.09346354774207336 0.042028642597038306 0.041577635606372176 0.04689114648932807 0.0656206760450063 0.08874558902772614 0.07850857386028018 0.01616201222117992 0.05646193641927 0.018905928519953284 0.014277015013634346 0.013581818325010363 0.04050324454968383 0.07804546895724775 0.026861408909601033 0.04978318512632922 0.04763398236161054 0.06865519850349946 0.08178362988678758 0.03427239449046826 0.09129776595443677 0.09636417492513882 0.03438968313395983 0.02607609006126647 0.027797772148826158 0.015480130677122462 0.07068029913558455 0.09317582111555901 0.005806119643876058 0.027021917046404827 0.055829390070007076 0.0220313425226191 0.08604480280646401 0.09515465026628653 0.0803241079798073 0.0827913510555196 0.09457302261464788 0.09686768837958559 0.08857242315419625 0.06734943222578647 0.06682807872774904 0.030721913571229064 0.0805211182660033 0.07943542666144722 0.0544791271296911 0.04992948839796555 0.06497840689320429 0.05623233344733815 0.051979493485175644 0.05126275826234294 0.08154394292551473 0.03370562085363062 0.05922582549036165 0.09151644456503774 0.03791101660307855 0.07565737015873962 0.08632841604127986 0.004584160687527819 0.05835758526815581 0.0295156334408151 0.04973440339848717 0.06501342597831011 0.051634705358126344 0.04682270274905747 0.08511812959183677 0.054112641221203864 0.08735042075900905 0.09440139988078777 0.0758176310768045 0.007810619875587385 0.07138942015570064 0.05002964586515222 0.05109599641354874 0.07753188997170164 0.04830705416662314 0.08663426270569696 0.09787459364841795 0.0133961144468788 0.03161753650175007 0.08654189534859089 0.06651461577522662 0.020628567737237792 0.03424205131028488 0.08154014418142581 0.03315810518260359 0.09477240571053737 0.055864093883320295 0.0668069538984424 0.09432542833739087 0.018390196942992865 0.028306889553179174 0.04198060642543561 0.08701759272080453 0.03774019911500884 0.06712287927254022 0.035676701331111726 0.05683881467410789 0.05760458417876263 0.06575032268928081 0.06825527151189371 0.09146968655170783 0.0437856095078838 0.07223213221916538 0.03503969348675275 0.05323777255025712 0.0432646851223309 0.04089317658250457 0.07582463212542881 0.057058896665319464 0.08877219472702089 0.08306375053635216 0.07274143553452886 0.058460593769944814 0.08809440539188917 0.08908101728737053 0.05244505721803125 0.07066590173970638 0.05583900488910025
 0.03740533974403458 0.07521385137212551 0.03874579355561209 0.04895536527893301 0.018956407243846014 0.0697359972488327 0.06479048699117917 0.04416003476504063 0.05346119556556438 10000.0 0.0361788371151843 0.041663078655134154 0.09415810385195332 0.05091984876900519 0.04808714783691108 0.08202824455310101 0.052836153925745935 0.05401552544916984 0.056746084194590284 0.0365322647611044 0.0492836060435978 0.02819818212329378 0.09604124814052797 0.04382385085071083 0.018374450467910565 0.0831311011052324 0.08067485557888629 0.013863415236454405 0.06366487223238824 0.0204382761035244 0.01306718269828889 0.08066366526172186 0.07895082989962579 0.04764733314339324 0.025876297442841496 0.03932847415143874 0.08230690098466405 0.035271154938136075 0.047443448614341674 0.04152841631066788 0.07851589581600125 0.06367652753630211 0.046358709285572945 0.011259657405062046 0.09152982172073387 0.01943607239841823 0.048117745169143605 0.02688710246375628 0.05965495205607333 0.047180991260574054 0.07383734490243776 0.027803648919573085 0.03363291241552727 0.05268890836206427 0.0859332678790386 0.061893518039921096 0.05837185227665212 0.03651141373625642 0.09361717964027347 0.06917955554613345 0.0432291468628176 0.06982795180707847 0.08732431986135998 0.08549884913973203 0.07698233870826558 0.08463153887002291 0.03800211783733761 0.04900512948383414 0.022949734276474884 0.03272496689436272 0.03814247585705831 0.07488060799516295 0.009471805390226273 0.026619110651696594 0.04733247714467444 0.07581393947697125 0.07442921807272643 0.05125497276601811 0.037774703244384554 0.029386951618143177 0.0791271009389728 0.0451860836762718 0.045483011926589684 0.05910185716490481 0.05204659943207257 0.05034526560276534 0.021952515392155723 0.04175842157730822 0.06391729105673113 0.025224677675019253 0.035576520146574524 0.0447708646373085 0.08189726789852055 0.05859401859927668 0.08212248457791389 0.04482348681644106 0.02627642932816034 0.05277974513144126 0.07899987426447233 0.017179820727295684 0.08974502276665056 0.027961496775962165 0.05934112824839605 0.05870800711945654 0.08157973794404563 0.054143891933856964 0.057786179136462744 0.047782914287427744 0.07040693379991711 0.04635921091975235 0.07470065410060166 0.04480701391948279 0.04680918344972943 0.06971913186904766 0.0030132982208162878 0.04873631650942428 0.07314075409375966 0.037220711811178815 0.059048721683051975 0.06791907746896231 0.07573654167408445 0.04764187621382735 0.07995457454000506 0.06415632360351274 0.04263647192330476 0.06910643162782289 0.0685208184567198 0.07292627843535465 0.07329361329136065 0.009955505913236006 0.08620326972535243 0.07004825488578517 0.003046855864872193 0.07811883054447812 0.050465380369680235 0.02445687984171633 0.06786111915168565 0.08729136340099738 0.05954356746834538 0.07370419582716162 0.07372305813638766 0.03816337029147554 0.08435783719217364 0.0259222626608052 0.055981769388803705 0.027729206418612914
 0.04580615383740525 0.08212406354249918 0.0584375646060073 0.057300108193410866 0.05375596198758027 0.07039093579842923 0.04995269870672921 0.038344327226294106 0.03628260505766572 0.0361788371151843 10000.0 0.07650861715750425 0.12000870528433787 0.043418093466803545 0.08156732657946748 0.07774919806032234 0.08303695053992118 0.08585481712424801 0.08252121794731035 0.031448891971279154 0.06559403597567874 0.010286384493399709 0.12043337817976445 0.06584760653700646 0.024605493903432838 0.10223647288044645 0.0801554783139705 0.03961266173723305 0.0962911230139485 0.01584252585882395 0.03263927025989805 0.08023483797243217 0.09130815660688259 0.08313802745715855 0.060643278269145874 0.021483490071136067 0.08724169081514249 0.021935071030603975 0.04129516117271498 0.033453773131658496 0.07497249292853676 0.0896979714035945 0.04959990942385119 0.04102113157555378 0.08371800981641433 0.05560602837372581 0.08141895480177057 0.03938661345350745 0.09277480560952349 0.08311107502406029 0.06899164553273184 0.027822398045593055 0.010020290673011327 0.046234096000366424 0.09760860968423189 0.09497591516903174 0.03808249737925689 0.04174037255243366 0.0908074743477419 0.058110984584067465 0.07897075044349343 0.10101983792062846 0.1038101504780069 0.10423094911223087 0.10525968424003247 0.110828633619969 0.07368865720158212 0.07565439497713679 0.05815919346201947 0.007491718220101717 0.07365943334013399 0.09679221110287452 0.030748459679527225 0.05184467188756171 0.07343384173779033 0.08420000993455938 0.08093597944394625 0.06819413240811052 0.07357268981528879 0.008145291939474372 0.08756824653770538 0.08135831754227317 0.0564532652517172 0.08582447021555203 0.08575133021652223 0.03639054796159305 0.053822787385418264 0.008369524976508289 0.0743650165766854 0.05914291944568239 0.05877958352826866 0.061638857506316896 0.10354596186181887 0.074047825834144 0.10480384135331092 0.08069250943392059 0.06241697343219355 0.041081583998579065 0.09463949136883047 0.022222928447343526 0.08616856872280441 0.0640800146281961 0.0710532760099642 0.09040431511177723 0.10948685101651015 0.04578432027861486 0.059869712702788305 0.08269746516468007 0.08746238338122445 0.017547700364934193 0.06916116233364061 0.07899355147792726 0.011140115739377588 0.10079882850094975 0.03918373539716989 0.07521811932597933 0.10279119193497842 0.033125257085003114 0.058425232148562364 0.07161339915609663 0.10104542099669267 0.011478784976620613 0.09267286366035826 0.06577883776876216 0.06621134021727201 0.08170897170889085 0.08603193800366643 0.08975804110601764 0.1016539510488801 0.028029168186020918 0.09864881161735464 0.06802942565024159 0.0339619377749108 0.07679392009625449 0.014550395427705178 0.06021272569865329 0.0807471212237109 0.10832588507382963 0.08947268301845403 0.09262553829443666 0.08453510560089303 0.07405083918080738 0.10690101419489843 0.05299881473812095 0.08151627757585866 0.056215480383749204
 0.05183240528311346 0.07318997528446902 0.03799086557837839 0.055809543312714836 0.03233498138053769 0.07653128382337461 0.08753450067235694 0.06706662844484874 0.08098738444635642 0.041663078655134154 0.07650861715750425 10000.0 0.06189753799303999 0.0721311493180298 0.009006597245065041 0.09090882582462959 0.0209273850457181 0.017573932236422462 0.03287772176611728 0.06311497082557319 0.045675205010599934 0.0671008959869707 0.06567912000707211 0.03502013890738289 0.053335758704566305 0.06257221149700336 0.08583484242944389 0.03790056221232354 0.023982193031981822 0.06146263408039257 0.04467351926498654 0.08572679872709858 0.06892216332474503 0.007811396317791831 0.030186447292332667 0.07216676380817254 0.08083461141182094 0.06767308178434915 0.06905382172468635 0.06742322345997956 0.08742207603433519 0.036687805412649675 0.06013641024208729 0.03567707669364838 0.10224357267068725 0.024158205987290595 0.009568164365310678 0.04675405823500066 0.019506986618074446 0.023768611749596786 0.08522428052555231 0.05720915123219783 0.07139599407532368 0.0723246884197759 0.07515791273666604 0.021631609279675848 0.08676001637492507 0.054731429481737516 0.09865408779678304 0.08763504830718244 0.00699538690197933 0.03191159442721498 0.06969403217893733 0.06500896453571582 0.043028613469127876 0.052955162417831284 0.023885504255627004 0.027505383622083997 0.018713352281958865 0.07148136098718287 0.00545047883057371 0.0518734320180616 0.050266968281007074 0.031144468764517468 0.02812997121747786 0.071792510627125 0.07312006739033992 0.045545735908890994 0.007727309336931241 0.06882534667548916 0.07414578040838124 0.015347467882859782 0.05133331562987559 0.03235011101890122 0.011600909972104325 0.07663687065960885 0.023541108121150456 0.08048421550629571 0.06117395313817117 0.017460794378654377 0.0323298713988831 0.04335177382164472 0.057750287209189115 0.05126768921462071 0.05633424050862587 0.02358327191218211 0.02115897093602064 0.07657749136569378 0.0644239892901381 0.0587880388193426 0.09632044916251695 0.020712169687456854 0.05683026722501421 0.021458833738581075 0.047622499983448224 0.07481277532321688 0.0672713263383523 0.006189256463481908 0.05619599581777336 0.08235882682782013 0.08656634193385523 0.004529760572065683 0.0862241446174121 0.032001637126691164 0.03897092090657463 0.02777168060168477 0.03741759474415027 0.0626725717960836 0.07081589318741156 0.07191619712427853 0.046955492616451135 0.08789116193727968 0.06918425669376409 0.07172063338410016 0.032040832503438546 0.06164560763792358 0.0542415417009923 0.058277046217174326 0.03975735709199637 0.048487652080723406 0.07434732155861512 0.0795812146047139 0.04453255349784184 0.0847679099777437 0.09105467756004462 0.025818685523203117 0.060439633686311126 0.06307621450780555 0.025913822843044255 0.05569706341877239 0.06719320995092284 0.021892340165852904 0.058377123557197944 0.028557537891722957 0.032943159801975645 0.025236314007108396
 0.07660147725216528 0.06150161758241649 0.06166883115897308 0.06903641719474576 0.09233807499468011 0.07549717516172413 0.10292467099746422 0.09110683742936806 0.10483337690329224 0.09415810385195332 0.12000870528433787 0.06189753799303999 10000.0 0.09176951598512496 0.05289481508615215 0.08603065238516244 0.04265896034124134 0.044360958762581386 0.037871139231595206 0.09308300986861592 0.05653491143791046 0.10975432063244114 0.006103695639666806 0.05416947826726004 0.09590054306011299 0.027772053962506954 0.07779854738939032 0.08309872303553999 0.04041289820712223 0.1089290135160492 0.08928041265418547 0.07760021222719934 0.04763483542198551 0.06286989518686144 0.09163434628414273 0.10554132416158211 0.06546685046044684 0.10204825692556019 0.09063811382344307 0.0946285204321123 0.08403082682526816 0.030707582502068047 0.07803858455082766 0.08372001422266305 0.09594288571191743 0.08286419071071718 0.052336424176880135 0.08072772380272969 0.044558166392363645 0.08202202691698554 0.08624638611805359 0.09290223948381912 0.11139393660012127 0.08998529372229874 0.0482439930772578 0.04321357272301521 0.10991249647645222 0.08113010949774582 0.0852491342219017 0.09726809350314712 0.06677718667420351 0.03167242148316308 0.034360671372502226 0.028009310503001685 0.018888793648122355 0.00952912209419364 0.08526304234502205 0.045372238089174184 0.07524553126427956 0.1129591682152805 0.06733918930530122 0.025525960840433178 0.1036178037382151 0.06932832251855477 0.04730883452511307 0.05800186248605769 0.06254412032613353 0.053958261908238325 0.06960037446368088 0.11195307681450413 0.057310384276413724 0.07388021249985682 0.06735462545608954 0.035111705683355705 0.051183871875715804 0.10049030525981913 0.07235104757403298 0.12016438110560436 0.05741574980749327 0.07096809714955153 0.06142099177179553 0.05956836133799213 0.02105348982524552 0.05081829442877977 0.018079516441228145 0.0829288483599197 0.08227155440681548 0.09739942275553808 0.03907804573546214 0.10997772417308768 0.08602368224641005 0.08217998259853869 0.05729241494475997 0.04054477969975293 0.014422262803553425 0.09256353722091941 0.07529777614330758 0.05899236183963791 0.03976955730041483 0.11725759716561417 0.08767226369481004 0.057370729940348406 0.12629073414967637 0.03136254879642089 0.09251134340298107 0.04570782076633123 0.024907991677061345 0.09167323557453247 0.07958038315085467 0.06972308010296019 0.01896930629237751 0.12962883652157337 0.04645939053015277 0.07449364807338252 0.05388317637463117 0.05051635513100265 0.039940037183798176 0.03884104684340632 0.022173746583057295 0.09607119176088932 0.0461163570311695 0.08069840839727631 0.09715997425223806 0.07936283915488326 0.13333367206889282 0.08689376419640238 0.0504683098419562 0.020126357646310027 0.036409732492605866 0.03334496510068241 0.05286680702792856 0.08322336195532351 0.016931060874707488 0.06903321066935111 0.03878911152985619 0.06662333791077767
