NAME :TPP_input_15_4_4
NUM_VERTICES
57
NUM_CLUSTERS
15
Full Matrix
 10000.0 0.015644244469237616 0.059049194654546326 0.04511585605796206 0.06393703411515621 0.011823379255466665 0.0236293360547191 0.05344162222769357 0.030957735715525306 0.05729562286440333 0.05392983443026884 0.03902455968928884 0.04081094741992503 0.0180281687128618 0.015731720366360998 0.06012970007413528 0.05336449218213442 0.05877179424180814 0.04839924182138751 0.056842755546707986 0.022410202998942384 0.0734360022352159 0.03758929376991036 0.025709138216262327 0.03520607570598586 0.054944434983517865 0.03443160160234777 0.026737162830879714 0.030847673791368713 0.05976989404362912 0.04860096890408584 0.050587104994038366 0.02793244263682452 0.05183855859681034 0.018176294940068154 0.06805686945353365 0.019851512216449936 0.05614506476231166 0.009391239000063273 0.03328698524339936 0.009969647222305473 0.014683327292552624 0.06749779656165762 0.037938872293993356 0.04154842563011415 0.049518422069738735 0.0593696159709889 0.03834329509353158 0.04767707762784259 0.029041461230595225 0.030672200155476205 0.06024772457921283 0.02839876782821138 0.03317083209969153 0.021867041740801653 0.018698604108759613 0.05346133664666115
 0.015644244469237616 10000.0 0.0537550776804244 0.05215286558902454 0.048902503081477935 0.004989270013334004 0.038887400635531005 0.0585151086708945 0.015643068732136306 0.055222224793184005 0.05124517244065515 0.025911749033226676 0.04527804385676881 0.03357987534516023 0.017636052906613787 0.05077320291826128 0.05542803376039245 0.044899909702375014 0.06378282555171716 0.04824072443824692 0.025915582743194117 0.07590747442973908 0.042994082218539086 0.03823900624476982 0.036542713146378594 0.04479526508422999 0.019033127463849817 0.012486421999927076 0.028053062434208922 0.04463265767076882 0.032992387008854734 0.03727545154764348 0.039208262381465034 0.04673152501717426 0.004028367751025119 0.07012744624123958 0.0352797789881133 0.06472189397114331 0.018948953878385435 0.03172698702581628 0.024668788000425285 0.021258764627802997 0.07389114167980262 0.049790422962507436 0.05447119154655331 0.03680867113488863 0.04822510723652085 0.05336277409710711 0.06290637630319136 0.044626710407338024 0.0463094084724946 0.0492068576504509 0.020487616930513968 0.02919268535372535 0.03482976023789264 0.03430592830978003 0.05773964649894395
 0.059049194654546326 0.0537550776804244 10000.0 0.10385251924955073 0.051106632412711406 0.05743830590088609 0.07724917826831768 0.03724107194465619 0.057164291019608474 0.011930814597091263 0.010150051471159967 0.03629718426721891 0.09827115992758835 0.07107812422819229 0.0704290766372931 0.016478356234266394 0.026274108786263708 0.03944442121358874 0.08552961657077672 0.013419902248992033 0.03895179144152997 0.03721627079833405 0.03645241869417596 0.08400257560531872 0.09020693529861216 0.020084823804321725 0.04858851623926693 0.04515824306102772 0.02824145304876656 0.050496335477778556 0.05434388227049829 0.03501154558235107 0.08675924324203964 0.007218930367986448 0.056651054087638125 0.03219819640955826 0.07336953910077063 0.05227622816098389 0.06784736790334547 0.08543829996114528 0.059033617042869885 0.07232733903692026 0.04935154526861645 0.09620463138362947 0.06418656375768451 0.03207517168952531 0.024521967311602465 0.09074161945680695 0.08318207596194432 0.07453729535941747 0.07871464704354479 0.024144596607891474 0.07285127807228256 0.025896067746948387 0.0566085304010914 0.06823222976280868 0.03429439456217259
 0.04511585605796206 0.05215286558902454 0.10385251924955073 10000.0 0.09587379178324847 0.0475483081551379 0.037198341119928535 0.09537697846934819 0.058911720720560126 0.10238376281160283 0.09904568037869282 0.07756767751378585 0.00985875263457827 0.04037716847018719 0.03451907788719983 0.10283693205325745 0.09734798819089217 0.09504047070884561 0.06255517073774278 0.10009703285313828 0.06719903755195589 0.11663567130096054 0.08035717879902939 0.024592603729367026 0.020436991232627967 0.09693978361979308 0.06758273855206244 0.06409783424941079 0.07582901973646235 0.09146029276639017 0.07741553535513078 0.08838702739654226 0.020373660762491 0.09663560377350966 0.05078974081356298 0.11164329302239086 0.03885825324915086 0.09366624385861816 0.03602960608273991 0.027615536024498673 0.04848522499668629 0.031620066911146084 0.10722598368286997 0.018571726839847508 0.07180479480162974 0.08840379925688036 0.10029996277632362 0.03747379697260418 0.06394682316390077 0.048322173457493824 0.04491937649844772 0.10129677291767872 0.041185452067397425 0.0779840355695602 0.05814803960910118 0.044842340094926034 0.09605192832026413
 0.06393703411515621 0.048902503081477935 0.051106632412711406 0.09587379178324847 10000.0 0.053730930245630235 0.08755062752077074 0.08127801139543143 0.03719966228300071 0.06139140637682265 0.05764740448913853 0.02706241200278045 0.08695538095775261 0.08190132766017723 0.0637864075207368 0.035474631061327075 0.07215888887451848 0.01166824057213342 0.10950811164825484 0.03772064565539237 0.060025262523932955 0.08779842478414608 0.07149588077780664 0.08677256573908705 0.0762549212995868 0.031043843573141584 0.029973821366658986 0.03723163306242147 0.05052777024798051 0.004427332942483515 0.018578196745198734 0.01833923455017032 0.08717281440665758 0.048858877662845385 0.04801782973492469 0.08235067272496244 0.0837849806868432 0.093981559342448 0.0675923979076114 0.06923171786656629 0.07122186315005623 0.06872956002661006 0.09631786445914403 0.0977267664091319 0.0945506002962566 0.021293773057114516 0.027067213772546735 0.10217903541726195 0.10808562177525471 0.0917475508167681 0.09416501951904417 0.027729694006451668 0.05483837062867357 0.04828936591645667 0.07771042102926291 0.08181719096605765 0.07890757643813312
 0.011823379255466665 0.004989270013334004 0.05743830590088609 0.0475483081551379 0.053730930245630235 10000.0 0.034382413052536455 0.05936135042100944 0.01921366768509625 0.0581140766979747 0.054265389390269085 0.03086200861767863 0.041028629751004436 0.02932381577230997 0.013157509173243624 0.05528889682876043 0.05716884508195225 0.049886776794447384 0.060219335779644514 0.05260529217179541 0.026647234615747927 0.07765441724891783 0.04357060076630249 0.033268846913981 0.032812603300648675 0.049424034038881515 0.02378272682040494 0.017471623399744295 0.030746704049999313 0.04943133602318786 0.037433487755098936 0.042254973568635744 0.034221033944496035 0.05032024215959521 0.006395705760032032 0.07196430259386845 0.03089917700246331 0.06443234373086475 0.013977343854244626 0.028628079826449385 0.02151186281465006 0.01636736935145487 0.07439965192954198 0.04480161697710842 0.052400582470982365 0.04174927534563909 0.0530153722381241 0.048704874722008525 0.05949638439723683 0.04079527350327382 0.04217763158869634 0.05398541299547624 0.019277790450589433 0.0322444609794573 0.032598040020567015 0.03044760700143033 0.05882982475706352
 0.0236293360547191 0.038887400635531005 0.07724917826831768 0.037198341119928535 0.08755062752077074 0.034382413052536455 10000.0 0.060388924227999824 0.05334172936819977 0.07260684955537342 0.07010811773071561 0.06244311985913755 0.03845935955569736 0.006283197507376178 0.029543968358022372 0.08136248598123832 0.06440995176587148 0.08226277838540932 0.029835434759400415 0.07767635955425033 0.03830805884306144 0.08216514865564581 0.04680424983516968 0.012842803839755116 0.03933458418544144 0.07680693777170174 0.05789210666540329 0.05036630704253864 0.04976291736421303 0.0833613269888987 0.07180635402361814 0.07395914880641254 0.017142779909762526 0.0703150151747133 0.040662965339502706 0.07771478039019922 0.004027130781539893 0.05686095683143901 0.02199248273737788 0.041812272929064254 0.018584052816689876 0.024287994810421043 0.07082618842497163 0.02166568105280126 0.034617153251813026 0.07270049848407194 0.08169523434380148 0.01478835670250026 0.03022484463011595 0.011605940903924269 0.009727261303421357 0.08250078711227522 0.04486291696189409 0.05256252990247548 0.023026524553258612 0.00934340094244161 0.06155876857055675
 0.05344162222769357 0.0585151086708945 0.03724107194465619 0.09537697846934819 0.08127801139543143 0.05936135042100944 0.060388924227999824 10000.0 0.07012349833667743 0.02576149294025578 0.02720495636321087 0.05745145591964534 0.09318353873468409 0.05561169691127778 0.06897134809750528 0.052007255733611625 0.01101797750584949 0.07026494727447917 0.05622775744254222 0.04790421134512713 0.03273381440426803 0.02184071401231342 0.01591551045434893 0.07138690311419561 0.08861073416104477 0.05267365787719778 0.06537275874437753 0.057650497918306724 0.033887792678030285 0.07916475677619875 0.07705474595208914 0.06298917254330097 0.07530595919689752 0.03484310755550798 0.06251490385940281 0.01802389624626227 0.057523739035057773 0.01515629265855485 0.06251301653209013 0.08651528246733951 0.04718148975625386 0.0679462633447128 0.015873915240054395 0.08200524432228161 0.033537532802003354 0.05999016728087379 0.05845612509691834 0.07002701998811713 0.053528319693539474 0.052681056208247805 0.057288212812751246 0.0584923169753223 0.07857887010878269 0.03493521856090129 0.037559511698160436 0.05136742059139552 0.0029933989007346795
 0.030957735715525306 0.015643068732136306 0.057164291019608474 0.058911720720560126 0.03719966228300071 0.01921366768509625 0.05334172936819977 0.07012349833667743 10000.0 0.06164498677307366 0.05739261019898269 0.02211062065233598 0.05033997000790501 0.04849474005442176 0.026832419916308595 0.04957144477265914 0.06515192875981911 0.03646600581102587 0.07931722970880115 0.0482630439901151 0.03889439318230202 0.08515837612733211 0.055473935018519556 0.0504245486722157 0.03992198718356259 0.04303433163588328 0.009652691593346483 0.012887556423097853 0.03686242033524126 0.03277265058694194 0.019282173758657168 0.030849398970783027 0.05038763292695928 0.05092135210098257 0.012818024722158811 0.07925280495004844 0.0499947275898762 0.0781691329178954 0.031841658873773424 0.033275004400015934 0.04028532624280012 0.03203025687831559 0.08590584523084326 0.060842527647913223 0.06981624940890105 0.031697897500125236 0.044619333038707784 0.06732762092652102 0.07849856784489516 0.05998864612117815 0.06137458633996122 0.04568035513817556 0.018690643549615332 0.036815186085174374 0.05032989033260064 0.04964048661504242 0.06887227756145982
 0.05729562286440333 0.055222224793184005 0.011930814597091263 0.10238376281160283 0.06139140637682265 0.0581140766979747 0.07260684955537342 0.02576149294025578 0.06164498677307366 10000.0 0.004287045449966881 0.04286080076513289 0.09780090173631861 0.06668998879658719 0.07048934518062375 0.02805170485755249 0.014749137241018612 0.04976895452669203 0.07717859335326889 0.024479016412578155 0.035365613626833624 0.026430069314063557 0.02802904321187489 0.08085424928788024 0.09071642351712912 0.0305702701251521 0.054100191762175745 0.048921304068275974 0.02737329356735509 0.06027773214743249 0.06215816520888332 0.0441868645605988 0.08403945477653356 0.01263539915183155 0.05864054677717603 0.020976599358275477 0.06893435024741423 0.04090810661707201 0.06655507267938969 0.08671807632188494 0.05528325691430896 0.07149519257398432 0.03742181080943642 0.09279084815211568 0.055075866080406405 0.04111941821299261 0.03566556888065072 0.08517750238739714 0.07468963247922732 0.06829022575527782 0.07269799787115487 0.03542902871068788 0.07535935871395978 0.02603281944029388 0.05054630567461513 0.0633190479323434 0.02277518231223961
 0.05392983443026884 0.05124517244065515 0.010150051471159967 0.09904568037869282 0.05764740448913853 0.054265389390269085 0.07010811773071561 0.02720495636321087 0.05739261019898269 0.004287045449966881 10000.0 0.03859979428657785 0.09423885809633047 0.06409212126439655 0.06677950023296325 0.025200750964104467 0.016338847101691777 0.04607548262792188 0.07623123199917443 0.0213547074890551 0.03235133269170542 0.030361238011165567 0.026951361754114812 0.07791469960668886 0.08695875145758471 0.027079073815490115 0.04981394001337196 0.044694292873210605 0.023597225245678612 0.05639238196828798 0.05795383023489256 0.040218998785112745 0.08098789964275517 0.008793778316215872 0.054603087100700574 0.02475455358245745 0.06635799386975752 0.04217127499697611 0.06311252495357718 0.08282776856722902 0.05244607004333028 0.06796474628272714 0.04004774282151021 0.08994799602021374 0.054514937980360084 0.03714079438905501 0.032419508006190166 0.08302714823491385 0.0738132137422635 0.06636768062882464 0.07069477054488696 0.0322708776109768 0.07128776395577871 0.022065775790131924 0.048491605342937415 0.060886820229033564 0.02429055882976928
 0.03902455968928884 0.025911749033226676 0.03629718426721891 0.07756767751378585 0.02706241200278045 0.03086200861767863 0.06244311985913755 0.05745145591964534 0.02211062065233598 0.04286080076513289 0.03859979428657785 10000.0 0.06997083221262206 0.05647190694674561 0.043212868085421595 0.027462770173279312 0.049912301474924314 0.01984522997720481 0.08267535228844962 0.026264564285404343 0.0330238598464428 0.06836538873285057 0.045697534584785655 0.06378322220965392 0.06023329172556178 0.02093579874921128 0.0127047847405853 0.01352004447208246 0.024444183134222565 0.02366238376763732 0.019792574900308103 0.011570291496036892 0.06502582714440772 0.030882110115419224 0.02678037233679179 0.06251813689329909 0.05851723678296797 0.06874685916213659 0.044622168676431546 0.05417353227523938 0.04508521217377926 0.0471624615566929 0.07315118788783681 0.07557186516145034 0.06754542682426351 0.010903549265887174 0.02302524093344503 0.0772284690772876 0.08117362794847159 0.06543855034561454 0.0681937115483077 0.024064763192600033 0.040022967525843674 0.022717325358799452 0.05074046781930573 0.05583355694014253 0.05548361829656705
 0.04081094741992503 0.04527804385676881 0.09827115992758835 0.00985875263457827 0.08695538095775261 0.041028629751004436 0.03845935955569736 0.09318353873468409 0.05033997000790501 0.09780090173631861 0.09423885809633047 0.06997083221262206 10000.0 0.040181140910855506 0.02789406597358258 0.09600481313779839 0.09406532355659442 0.08673200035806457 0.06636358923940029 0.09351795635019786 0.06322111958673167 0.11389497364437483 0.07767399788079145 0.02571898650608104 0.010835437829462866 0.08991332587981626 0.05934915979243364 0.05667427074551565 0.07071431779855024 0.08256342834566664 0.06841432554603058 0.08044294910518457 0.021527361527824786 0.09109371856999988 0.04339072370511073 0.1086551155807596 0.03913364658753751 0.09304620015078247 0.03142232042716766 0.018037903048371797 0.04602749744301331 0.026314648848628414 0.10599876781551235 0.024331134027622374 0.07261711718726123 0.08067827149189429 0.09291550402341672 0.042268675859996864 0.06740523173081375 0.05004244718528671 0.04733567964449654 0.09393503472293735 0.03211744422940803 0.07262945146456537 0.056932448851478266 0.04460747417450066 0.09355998686022045
 0.0180281687128618 0.03357987534516023 0.07107812422819229 0.04037716847018719 0.08190132766017723 0.02932381577230997 0.006283197507376178 0.05561169691127778 0.04849474005442176 0.06668998879658719 0.06409212126439655 0.05647190694674561 0.040181140910855506 10000.0 0.026474194092788395 0.07508067836620616 0.058998868476843276 0.07631241816834458 0.032149002070813865 0.07139338272393998 0.03212634508980195 0.07725153541251588 0.04145649999777434 0.015892651378108722 0.039341992768010474 0.07054563386803495 0.0524580149101872 0.04467082324218833 0.04350087246452544 0.07776302376183021 0.06657221538542496 0.06795031653755859 0.02001213451890837 0.06411359876992355 0.03569852671832683 0.07261564742433665 0.0022943431996050876 0.05331461325646044 0.018261277021788293 0.040741446304969724 0.012301113499679887 0.02172056354754896 0.06687449811155897 0.02660578870623175 0.03253708893250394 0.06662321732147906 0.07546372340022843 0.02090160232565881 0.03200944789908525 0.012471199923275758 0.012914303737988549 0.07626240350292054 0.041767027529140806 0.046291574152231556 0.018055270363435665 0.004479151900738103 0.05659211164310936
 0.015731720366360998 0.017636052906613787 0.0704290766372931 0.03451907788719983 0.0637864075207368 0.013157509173243624 0.029543968358022372 0.06897134809750528 0.026832419916308595 0.07048934518062375 0.06677950023296325 0.043212868085421595 0.02789406597358258 0.026474194092788395 10000.0 0.06837699968291962 0.06818188954670737 0.06141410258871256 0.05859689836236408 0.06574877530199226 0.03706218480899797 0.08849583829740694 0.05306732208314845 0.023904259987901855 0.02028261358473821 0.06243020191574043 0.03420074388156877 0.02969685166635206 0.043182963027935485 0.05937652967423715 0.04611439143084935 0.05428928596955434 0.023565896785619628 0.0632715939895893 0.016510717251917963 0.08297649989679416 0.027162397949703748 0.07182629328920445 0.008468206859764333 0.01757698459797235 0.024484650978747136 0.005522793464700594 0.08320690008921018 0.034013702304564616 0.05588828280859492 0.05410037345934914 0.06580657962256539 0.04203792293389069 0.05847874837796467 0.038944496828880786 0.03886163608453433 0.06679759635429555 0.015354390584869796 0.04493716080241321 0.03678832427984226 0.029387484818338333 0.068848291925744
 0.06012970007413528 0.05077320291826128 0.016478356234266394 0.10283693205325745 0.035474631061327075 0.05528889682876043 0.08136248598123832 0.052007255733611625 0.04957144477265914 0.02805170485755249 0.025200750964104467 0.027462770173279312 0.09600481313779839 0.07508067836620616 0.06837699968291962 10000.0 0.04141205202787555 0.024002780584396956 0.09460310724210938 0.004315967750533199 0.04427059534330479 0.05368286238040986 0.04758800368198008 0.08583706188666898 0.08680194081441923 0.006565419297609137 0.040073341045106334 0.039647511791432936 0.032195445111070184 0.035490629859471386 0.04197705324131541 0.021700389283565567 0.08791646421168599 0.017191852392037205 0.05270288443261593 0.04866553391335134 0.07734370264662481 0.06657840704258036 0.06778872741663644 0.08111219009678625 0.06278759307940215 0.0714210541948194 0.06523811299130129 0.09806553178798356 0.07484888988941726 0.01933972357760942 0.00841083324445587 0.09573652181972868 0.09250819250833278 0.08093824462364854 0.08466639206694836 0.007836589865703411 0.06727257534404218 0.029257023221127585 0.06352734840052665 0.07306416289090517 0.04919123030806621
 0.05336449218213442 0.05542803376039245 0.026274108786263708 0.09734798819089217 0.07215888887451848 0.05716884508195225 0.06440995176587148 0.01101797750584949 0.06515192875981911 0.014749137241018612 0.016338847101691777 0.049912301474924314 0.09406532355659442 0.058998868476843276 0.06818188954670737 0.04141205202787555 10000.0 0.06086036765585819 0.06460616666357376 0.03741629431900707 0.03112995811597726 0.02049564563760538 0.017611935693313235 0.07424844859275773 0.08833944190976864 0.042598305760613776 0.05922391078359424 0.052321629801611855 0.028303131451887897 0.07038337010344926 0.0697041315957468 0.05408071938644998 0.0778733267235841 0.02440240694205174 0.0592780605679492 0.014814948315038991 0.061106686444005874 0.02615899107187798 0.06273212416334166 0.08539286138144242 0.04892450748439559 0.06804248971022246 0.02423739670902126 0.08559659210880086 0.04202459842381432 0.0510189498346684 0.04823227405336921 0.07559002857549246 0.061999567517657506 0.05826880139702249 0.06283974522128982 0.048188253466577936 0.07589649877385461 0.028499727107884277 0.041451266963787245 0.05509946668141346 0.008040786306118066
 0.05877179424180814 0.044899909702375014 0.03944442121358874 0.09504047070884561 0.01166824057213342 0.049886776794447384 0.08226277838540932 0.07026494727447917 0.03646600581102587 0.04976895452669203 0.04607548262792188 0.01984522997720481 0.08673200035806457 0.07631241816834458 0.06141410258871256 0.024002780584396956 0.06086036765585819 10000.0 0.10202939454829238 0.026073475308836493 0.05139678284138296 0.07615836622540186 0.06136436980585563 0.08311419166461742 0.07638517597774741 0.01937580323487618 0.027457871038295598 0.03246944453528865 0.0409231968952736 0.011586823201017473 0.02163774066165624 0.008638156425045144 0.08407119619667662 0.03728174647760309 0.04497038353336466 0.07073959996257352 0.07834848852251965 0.08339312052758141 0.06383844809658 0.06971046090821302 0.0648995935978179 0.06585151074314878 0.08507694282320973 0.09466572998899438 0.0856740660302583 0.010947630633775142 0.015653908233295367 0.09704279431211942 0.10041145399169296 0.08517897976419293 0.08800938307906833 0.016415733303225866 0.055101249431191573 0.038429993157757004 0.0699630550059434 0.07565773871553508 0.06780596228193538
 0.04839924182138751 0.06378282555171716 0.08552961657077672 0.06255517073774278 0.10950811164825484 0.060219335779644514 0.029835434759400415 0.05622775744254222 0.07931722970880115 0.07717859335326889 0.07623123199917443 0.08267535228844962 0.06636358923940029 0.032149002070813865 0.05859689836236408 0.09460310724210938 0.06460616666357376 0.10202939454829238 10000.0 0.09040322847192118 0.0512126696556059 0.0766700435276788 0.04928637830248219 0.04116385744710639 0.06882383461270668 0.09169409992351094 0.08165997675546516 0.07307039568614938 0.0629959007071309 0.10570675044286094 0.09614494205015507 0.09339308996598497 0.045050690571763266 0.07977815782046421 0.06657170224601505 0.0739929647550875 0.03149430683436251 0.045679796761845956 0.050403667118851414 0.0716370296670384 0.03917960044800385 0.053665511370415996 0.06007465884005252 0.044106922239587815 0.0227107257558194 0.09140577938939724 0.09737290927301308 0.02531754077521354 0.002767264600821552 0.019734601225474206 0.0201089273361024 0.09795052810375053 0.07391279102500566 0.06591233655333043 0.0320844558511519 0.02990838813427225 0.05858668158413966
 0.056842755546707986 0.04824072443824692 0.013419902248992033 0.10009703285313828 0.03772064565539237 0.05260529217179541 0.07767635955425033 0.04790421134512713 0.0482630439901151 0.024479016412578155 0.0213547074890551 0.026264564285404343 0.09351795635019786 0.07139338272393998 0.06574877530199226 0.004315967750533199 0.03741629431900707 0.026073475308836493 0.09040322847192118 10000.0 0.04028273790808764 0.05051042845398008 0.0432721294671323 0.08251799022779352 0.08455139948023645 0.006854598574306504 0.03896912657953091 0.03762868834750377 0.028238149308779274 0.03727415502495424 0.0423750203380077 0.02236201682787579 0.08472143450566326 0.01306207857878334 0.05041601786727336 0.04532242997390428 0.07366681043569621 0.062385318880026484 0.06474934572525921 0.07906732898293047 0.059092312049799874 0.06856516336850384 0.061386532991227254 0.0947702110745203 0.07055309264895761 0.019642918276168698 0.011203105223668353 0.09195868529748592 0.0882895808956837 0.07696393023447828 0.08074988927327414 0.01095291793127951 0.06549575683182414 0.025320653769655973 0.059460936793903685 0.069259121476301 0.045118289257781205
 0.022410202998942384 0.025915582743194117 0.03895179144152997 0.06719903755195589 0.060025262523932955 0.026647234615747927 0.03830805884306144 0.03273381440426803 0.03889439318230202 0.035365613626833624 0.03235133269170542 0.0330238598464428 0.06322111958673167 0.03212634508980195 0.03706218480899797 0.04427059534330479 0.03112995811597726 0.05139678284138296 0.0512126696556059 0.04028273790808764 10000.0 0.051445362184960236 0.017079618680866687 0.04556347897101978 0.057211914262722895 0.040711443646654195 0.036362707248037404 0.027617953701861174 0.012080554378599262 0.0566830471214401 0.05010158108234377 0.042797320386218356 0.04867956194236883 0.0320115774453097 0.029940080864911015 0.045915356274271256 0.03441793761954321 0.03928279106424471 0.03180029346979283 0.054368463040082526 0.02016455170994369 0.037023184186781126 0.04798072210335668 0.057614263237704764 0.03452754288753093 0.040556507657103426 0.046262370287308716 0.0520580800799056 0.049384600474032904 0.03668124204438574 0.04050900835861297 0.04688637018105397 0.045845080344475576 0.015027295919556535 0.01939257960497244 0.02939459336344852 0.032193642362551775
 0.0734360022352159 0.07590747442973908 0.03721627079833405 0.11663567130096054 0.08779842478414608 0.07765441724891783 0.08216514865564581 0.02184071401231342 0.08515837612733211 0.026430069314063557 0.030361238011165567 0.06836538873285057 0.11389497364437483 0.07725153541251588 0.08849583829740694 0.05368286238040986 0.02049564563760538 0.07615836622540186 0.0766700435276788 0.05051042845398008 0.051445362184960236 10000.0 0.03629914547391746 0.09292383420951993 0.10856328017870433 0.05686995170501842 0.07866267080456824 0.07227545463442106 0.04849159149902905 0.08670394084485435 0.08800205982747408 0.07057400845333496 0.09675597524941928 0.03904802625450368 0.07973930157194756 0.005912483496066678 0.07921445700069632 0.03152766042691014 0.0827420000105272 0.10579716942786199 0.06818605576837866 0.08811146784350395 0.019414036051413928 0.10374079882797949 0.0543204331176891 0.06749820942151175 0.06169445606837489 0.09181039455036845 0.0739168908845559 0.07448985596491439 0.0790932006513998 0.06135132308965883 0.09638341774206743 0.04834337487371635 0.059239053264554926 0.07307196809952304 0.020662426577949082
 0.03758929376991036 0.042994082218539086 0.03645241869417596 0.08035717879902939 0.07149588077780664 0.04357060076630249 0.04680424983516968 0.01591551045434893 0.055473935018519556 0.02802904321187489 0.026951361754114812 0.045697534584785655 0.07767399788079145 0.04145649999777434 0.05306732208314845 0.04758800368198008 0.017611935693313235 0.06136436980585563 0.04928637830248219 0.0432721294671323 0.017079618680866687 0.03629914547391746 10000.0 0.056868813030249814 0.07278854042332868 0.04627461189600127 0.05176853069072459 0.04348196275257798 0.021253920357737176 0.06877473403657683 0.06454747054969047 0.05327879092716616 0.060598842324001694 0.03130186315506619 0.04701728255325609 0.031318844006855896 0.04353836736267261 0.02321124959477269 0.04674266012405584 0.07060343247865253 0.031888902743717314 0.052162243447971275 0.030902436591493956 0.06806225749167344 0.027757527954725133 0.0505176252406691 0.0522443597348837 0.05813262501149153 0.046861853535501825 0.0408969737674225 0.0454286575614527 0.05255925039645551 0.06283038098613919 0.023233133735111246 0.023841357560965986 0.037504145145602574 0.015909677864029945
 0.025709138216262327 0.03823900624476982 0.08400257560531872 0.024592603729367026 0.08677256573908705 0.033268846913981 0.012842803839755116 0.07138690311419561 0.0504245486722157 0.08085424928788024 0.07791469960668886 0.06378322220965392 0.02571898650608104 0.015892651378108722 0.023904259987901855 0.08583706188666898 0.07424844859275773 0.08311419166461742 0.04116385744710639 0.08251799022779352 0.04556347897101978 0.09292383420951993 0.056868813030249814 10000.0 0.027830972388073864 0.08062608244488076 0.05681846801742527 0.05064663596230742 0.0558131272992532 0.08241558048637947 0.06963877700417818 0.07530720804418513 0.004304903503496023 0.0768531551993778 0.0387547392504989 0.08815827642875966 0.014273501668360243 0.06909060251918732 0.01929171014856215 0.03157508827618947 0.025614570149677027 0.018468101133693664 0.08275369391777651 0.01226608120245254 0.04739089087344752 0.0745496452191334 0.08493581576756287 0.01934205966320082 0.04198222174517135 0.024355629287117143 0.021665849512040813 0.08583519143294217 0.037995906194702424 0.05835583157931382 0.03388429995768418 0.02031882253357644 0.0722650405886402
 0.03520607570598586 0.036542713146378594 0.09020693529861216 0.020436991232627967 0.0762549212995868 0.032812603300648675 0.03933458418544144 0.08861073416104477 0.03992198718356259 0.09071642351712912 0.08695875145758471 0.06023329172556178 0.010835437829462866 0.039341992768010474 0.02028261358473821 0.08680194081441923 0.08833944190976864 0.07638517597774741 0.06882383461270668 0.08455139948023645 0.057211914262722895 0.10856328017870433 0.07278854042332868 0.027830972388073864 10000.0 0.08056719213653964 0.04914386432213868 0.047197566121490855 0.06336846164178302 0.07187634890523985 0.0576918940124806 0.07037635841358408 0.024426946113332675 0.083114882921887 0.034136576983078655 0.10310662110231086 0.03888962293883913 0.09016091629050445 0.02613443645063572 0.007207196497332655 0.042288129349389934 0.02069491985725265 0.10232139215757387 0.030902372755271967 0.07163243830588387 0.07078312106377649 0.0832540358479357 0.04660671087751572 0.06945447661067325 0.05074890931539747 0.04891850977594591 0.08428881790811626 0.021450010956472643 0.0650120668868764 0.054138362841405614 0.04344573581288127 0.08866731602305453
 0.054944434983517865 0.04479526508422999 0.020084823804321725 0.09693978361979308 0.031043843573141584 0.049424034038881515 0.07680693777170174 0.05267365787719778 0.04303433163588328 0.0305702701251521 0.027079073815490115 0.02093579874921128 0.08991332587981626 0.07054563386803495 0.06243020191574043 0.006565419297609137 0.042598305760613776 0.01937580323487618 0.09169409992351094 0.006854598574306504 0.040711443646654195 0.05686995170501842 0.04627461189600127 0.08062608244488076 0.08056719213653964 10000.0 0.03351693616647287 0.0333706726902449 0.028724510453494344 0.030452899945762172 0.035767844310032916 0.015603978055524092 0.08252982941638488 0.018357268088013252 0.04654112947692332 0.05153759348437281 0.0727798257348611 0.06669294371780536 0.06225256473738321 0.07477549562190465 0.058316376893883436 0.06567662351576461 0.0667884431781848 0.09279985382844098 0.0728139691132952 0.013016911443463999 0.00597209196122467 0.09135281078547411 0.08971954784144807 0.07712423043423096 0.08066746681118331 0.006333875010270543 0.06083862128884865 0.025792013233690948 0.060103088576873326 0.06880496966220435 0.050010410230580706
 0.03443160160234777 0.019033127463849817 0.04858851623926693 0.06758273855206244 0.029973821366658986 0.02378272682040494 0.05789210666540329 0.06537275874437753 0.009652691593346483 0.054100191762175745 0.04981394001337196 0.0127047847405853 0.05934915979243364 0.0524580149101872 0.03420074388156877 0.040073341045106334 0.05922391078359424 0.027457871038295598 0.08165997675546516 0.03896912657953091 0.036362707248037404 0.07866267080456824 0.05176853069072459 0.05681846801742527 0.04914386432213868 0.03351693616647287 10000.0 0.00893356823712149 0.03149264391322061 0.02565321283736854 0.014504809203949993 0.021298466864781204 0.05734000478308717 0.042722484506084644 0.018077766676348434 0.07275545892092082 0.05423115285765883 0.07492207322542233 0.03761871952137365 0.04268067043938341 0.042592397615854254 0.038926960494261795 0.08124650144217238 0.06792499134069696 0.06960048698242853 0.022049782182074082 0.03496826774104437 0.07239590111745993 0.08053685695879027 0.06302292004737534 0.06503122808450916 0.03602961577049728 0.02818688670221618 0.03077349359290595 0.050946919268735506 0.05282504102549035 0.06379458501824367
 0.026737162830879714 0.012486421999927076 0.04515824306102772 0.06409783424941079 0.03723163306242147 0.017471623399744295 0.05036630704253864 0.057650497918306724 0.012887556423097853 0.048921304068275974 0.044694292873210605 0.01352004447208246 0.05667427074551565 0.04467082324218833 0.02969685166635206 0.039647511791432936 0.052321629801611855 0.03246944453528865 0.07307039568614938 0.03762868834750377 0.027617953701861174 0.07227545463442106 0.04348196275257798 0.05064663596230742 0.047197566121490855 0.0333706726902449 0.00893356823712149 10000.0 0.024078424024102273 0.03312371193759948 0.02332098409029482 0.024792344700729236 0.0516925858183583 0.03861553702658555 0.013322230970880512 0.0663687162280397 0.04656892336156833 0.06651098052144407 0.031381171462832334 0.04147771473976171 0.034204217501338056 0.03368278868580468 0.07349565475150581 0.06227078605994349 0.06066716912574751 0.024418649405418446 0.03625759524038118 0.06505684532222504 0.07187145281987552 0.054729001366406856 0.05698346442311734 0.037270657565108355 0.027945813622368313 0.023932568351432072 0.04208983522574432 0.04466736841300794 0.05627211763072472
 0.030847673791368713 0.028053062434208922 0.02824145304876656 0.07582901973646235 0.05052777024798051 0.030746704049999313 0.04976291736421303 0.033887792678030285 0.03686242033524126 0.02737329356735509 0.023597225245678612 0.024444183134222565 0.07071431779855024 0.04350087246452544 0.043182963027935485 0.032195445111070184 0.028303131451887897 0.0409231968952736 0.0629959007071309 0.028238149308779274 0.012080554378599262 0.04849159149902905 0.021253920357737176 0.0558131272992532 0.06336846164178302 0.028724510453494344 0.03149264391322061 0.024078424024102273 10000.0 0.047639612241635744 0.04350794568994627 0.032542553190812985 0.05852019889745756 0.0210561567399196 0.031661300230045986 0.042616657920204117 0.04579152306202864 0.04433967706288347 0.039802633485852196 0.05936483127189988 0.03125008670869975 0.04450162411322089 0.049759551999156916 0.06804340718052804 0.04493594639271766 0.029975928635018387 0.03437803398233766 0.06383766863979999 0.061063260219612905 0.04874415107042421 0.05251221180504558 0.03495754902340371 0.04843763904365658 0.002949366441961968 0.03142266642524209 0.041124501495354855 0.03231909815156783
 0.05976989404362912 0.04463265767076882 0.050496335477778556 0.09146029276639017 0.004427332942483515 0.04943133602318786 0.0833613269888987 0.07916475677619875 0.03277265058694194 0.06027773214743249 0.05639238196828798 0.02366238376763732 0.08256342834566664 0.07776302376183021 0.05937652967423715 0.035490629859471386 0.07038337010344926 0.011586823201017473 0.10570675044286094 0.03727415502495424 0.0566830471214401 0.08670394084485435 0.06877473403657683 0.08241558048637947 0.07187634890523985 0.030452899945762172 0.02565321283736854 0.03312371193759948 0.047639612241635744 10000.0 0.014243782488848875 0.016309310769545338 0.08278164882342032 0.047657373311836226 0.04366421221174258 0.08114688245683548 0.07962135993543262 0.09149378455224313 0.06326034099974423 0.06486973137542586 0.06722988696402371 0.06433790763385691 0.09441835086600811 0.09332951451292795 0.09119699412429695 0.019384734201029624 0.027202883806850497 0.0979557163663792 0.1043359297122515 0.08776598623262881 0.0901031228321985 0.027990192196746682 0.05044900467642594 0.04554352385516603 0.07403214736709691 0.07777370043208746 0.07688774848251374
 0.04860096890408584 0.032992387008854734 0.05434388227049829 0.07741553535513078 0.018578196745198734 0.037433487755098936 0.07180635402361814 0.07705474595208914 0.019282173758657168 0.06215816520888332 0.05795383023489256 0.019792574900308103 0.06841432554603058 0.06657221538542496 0.04611439143084935 0.04197705324131541 0.0697041315957468 0.02163774066165624 0.09614494205015507 0.0423750203380077 0.05010158108234377 0.08800205982747408 0.06454747054969047 0.06963877700417818 0.0576918940124806 0.035767844310032916 0.014504809203949993 0.02332098409029482 0.04350794568994627 0.014243782488848875 10000.0 0.02028169804930059 0.06966857467816016 0.04980081477445224 0.03125721995117242 0.08218533772170047 0.06825684455976243 0.08774890709307287 0.05081175808563285 0.050655626800788056 0.05703532123114058 0.051292414701979455 0.09282357569771947 0.08012226505966497 0.08386760901412141 0.0227576354944773 0.03473353982436332 0.08610351581699391 0.09503764455342852 0.07740000511053861 0.07926985703733565 0.035732853883953274 0.03630060738235313 0.042141601915472636 0.06540878529522995 0.06715031026361533 0.07517036526287323
 0.050587104994038366 0.03727545154764348 0.03501154558235107 0.08838702739654226 0.01833923455017032 0.042254973568635744 0.07395914880641254 0.06298917254330097 0.030849398970783027 0.0441868645605988 0.040218998785112745 0.011570291496036892 0.08044294910518457 0.06795031653755859 0.05428928596955434 0.021700389283565567 0.05408071938644998 0.008638156425045144 0.09339308996598497 0.02236201682787579 0.042797320386218356 0.07057400845333496 0.05327879092716616 0.07530720804418513 0.07037635841358408 0.015603978055524092 0.021298466864781204 0.024792344700729236 0.032542553190812985 0.016309310769545338 0.02028169804930059 10000.0 0.0764685459508841 0.0315520559558277 0.03777924160809871 0.06496026792989669 0.0700176589504288 0.07565214110893269 0.056103410467490684 0.0639748391899045 0.056411110195286766 0.058456468424953806 0.07814863660781417 0.08703521660198635 0.07714216737651942 0.003085374236372562 0.014674531980240497 0.08874728667317028 0.09177332409835669 0.07662196446660002 0.07951257187670967 0.01571378207530124 0.049480361587694824 0.03015691567167068 0.061325143573354786 0.0671779285157061 0.06066090601520209
 0.02793244263682452 0.039208262381465034 0.08675924324203964 0.020373660762491 0.08717281440665758 0.034221033944496035 0.017142779909762526 0.07530595919689752 0.05038763292695928 0.08403945477653356 0.08098789964275517 0.06502582714440772 0.021527361527824786 0.02001213451890837 0.023565896785619628 0.08791646421168599 0.0778733267235841 0.08407119619667662 0.045050690571763266 0.08472143450566326 0.04867956194236883 0.09675597524941928 0.060598842324001694 0.004304903503496023 0.024426946113332675 0.08252982941638488 0.05734000478308717 0.0516925858183583 0.05852019889745756 0.08278164882342032 0.06966857467816016 0.0764685459508841 10000.0 0.07957511841968047 0.039285888704620346 0.09191458613919987 0.018495848030692843 0.07329310724975217 0.02043801991205371 0.02880375245607103 0.029021732410255366 0.01844374163525691 0.08688207965193909 0.010599684653214057 0.05169360215893261 0.07587521475543561 0.08664176982269199 0.022199845932466888 0.045973672456019625 0.028625595406423423 0.025808318359247896 0.08756617531773415 0.03665303346651774 0.06097207289429322 0.0378911130579882 0.024471446457537106 0.07611174491677865
 0.05183855859681034 0.04673152501717426 0.007218930367986448 0.09663560377350966 0.048858877662845385 0.05032024215959521 0.0703150151747133 0.03484310755550798 0.05092135210098257 0.01263539915183155 0.008793778316215872 0.030882110115419224 0.09109371856999988 0.06411359876992355 0.0632715939895893 0.017191852392037205 0.02440240694205174 0.03728174647760309 0.07977815782046421 0.01306207857878334 0.0320115774453097 0.03904802625450368 0.03130186315506619 0.0768531551993778 0.083114882921887 0.018357268088013252 0.042722484506084644 0.03861553702658555 0.0210561567399196 0.047657373311836226 0.04980081477445224 0.0315520559558277 0.07957511841968047 10000.0 0.04972630292882537 0.03350995447457135 0.06640734598699154 0.049393469884796065 0.06062863430540754 0.07844825074190805 0.05200191819276848 0.06511884924430185 0.04849648026222196 0.08906952129193679 0.05899245286496547 0.02848634248505878 0.02385457414254242 0.08397263598414308 0.0775134956647372 0.06800102852008995 0.0720957955044016 0.023788123627380864 0.06607834727461591 0.01867861854991393 0.050113623372064986 0.06137813502804528 0.03205779656332584
 0.018176294940068154 0.004028367751025119 0.056651054087638125 0.05078974081356298 0.04801782973492469 0.006395705760032032 0.040662965339502706 0.06251490385940281 0.012818024722158811 0.05864054677717603 0.054603087100700574 0.02678037233679179 0.04339072370511073 0.03569852671832683 0.016510717251917963 0.05270288443261593 0.0592780605679492 0.04497038353336466 0.06657170224601505 0.05041601786727336 0.029940080864911015 0.07973930157194756 0.04701728255325609 0.0387547392504989 0.034136576983078655 0.04654112947692332 0.018077766676348434 0.013322230970880512 0.031661300230045986 0.04366421221174258 0.03125721995117242 0.03777924160809871 0.039285888704620346 0.04972630292882537 10000.0 0.07393893692988851 0.03723933809653252 0.0687305636757764 0.019634037792710154 0.028844744010338815 0.02769926627292445 0.020920025601401642 0.07791188168949192 0.049879594023046876 0.058082121905893694 0.03763882757028771 0.04957595056542116 0.05485266643135797 0.06581157663446882 0.04718346834611942 0.04856525882421827 0.05058616671532658 0.01677723650448224 0.032623443892553415 0.038351622470072684 0.03683508792828294 0.06171181407862375
