NAME :TPP_input_18_5_1
NUM_VERTICES
86
NUM_CLUSTERS
18
Full Matrix
 10000.0 0.03292913303108068 0.07007022937679959 0.044772367873913206 0.04256167120340666 0.09243878879441586 0.027145884644153774 0.0558886134549537 0.07446609647195247 0.038478868144878366 0.042496426789007856 0.050478443113175384 0.04132642725337203 0.052458144514220546 0.08752662046654662 0.052341072807713135 0.03238224224036011 0.07873819771039495 0.04981386001156028 0.08486375550226481 0.014335865904627309 0.05062477622874058 0.048252779560285584 0.05616265455542135 0.0181178324333047 0.04861865793812296 0.06565492150559561 0.004621020969538969 0.040216803787806475 0.07782538347370957 0.011295500386553138 0.07153700396405602 0.05614003026985652 0.035618436169637516 0.039240272524323314 0.08522933519819258 0.07260236442844088 0.08063651507941365 0.044008996311450395 0.060778562000103196 0.045245432732240215 0.08556833593330075 0.053780607894704846 0.025207886561797215 0.029826911875716473 0.09249676378528257 0.07663533926532988 0.036604423980404116 0.02078323103663512 0.038477874984127663 0.04356913413466444 0.01655730881038744 0.0839195445361686 0.009123080573212965 0.01444987189247575 0.025322855018388993 0.021665486552745656 0.08796956197992511 0.09052231777754341 0.07077686527148933 0.039164266935512865 0.039526673937855535 0.04690418139001155 0.04665332649889632 0.05126630353544612 0.038459348630919786 0.028422697367913977 0.07077605914779657 0.03865094210311766 0.04188943977072728 0.06820222237614537 0.06011252113938866 0.06510124482016709 0.06676406633348272 0.06883449664682251 0.03290630801378977 0.01494314878251135 0.07084377943979839 0.036428522756112025 0.0243838661775167 0.04871411151216602 0.06321049550477224 0.04917157258224128 0.0456680479459209 0.07713584067862765 0.07578838045171245
 0.03292913303108068 10000.0 0.0649104981070954 0.02308532591748101 0.025882390126815667 0.0875869005019389 0.051373500708035175 0.023358182704836642 0.044815489487974446 0.05189784915315239 0.0443851337860828 0.02137752905066284 0.009456339715248695 0.036608265663891124 0.06678548205529658 0.030329258282595105 0.053645626130027 0.07893780501032203 0.019197284948017212 0.05276737350142163 0.03359529469687523 0.030275494476676906 0.030016573607528553 0.027119891265675627 0.016333712119203755 0.06778577118121759 0.03423115961886658 0.03342225699571904 0.023208572321854193 0.05482028787224293 0.023995492569659865 0.038914040832369705 0.058650986172438295 0.02245942754241733 0.05595700740704468 0.07105255462269096 0.04250544708906494 0.04820659085184163 0.012512156135727788 0.028443727342797747 0.012699001663182847 0.061239100258955105 0.025373801368490368 0.020797695909422688 0.011290986929043812 0.08832810834568144 0.04655111377777605 0.031099171168089145 0.02195975357569785 0.03292044389771477 0.025599679022121933 0.023413041230093534 0.0755934284448174 0.028340803656481853 0.03968947026260135 0.00885235616709978 0.01653280845187452 0.07051993829804505 0.0743475147586678 0.045107666741124236 0.008530684530675788 0.031842474031778596 0.023771449205774543 0.0225369209705932 0.04364489838342319 0.06541181672203257 0.05220998702776044 0.03942013879136302 0.04520562894709118 0.013013171115408978 0.039845845538076456 0.050220065989575194 0.03218475847148906 0.03520573939727584 0.03606497764134357 0.023979027631168343 0.03572074318648401 0.048476952810322695 0.007415398604782026 0.009575170106445664 0.0539396726727868 0.030281673658541727 0.04289026716537882 0.044359796772075 0.05667671000504913 0.04359465597382967
 0.07007022937679959 0.0649104981070954 10000.0 0.08775936328037942 0.09076256592166879 0.023042856613415017 0.05654911205588142 0.06559890032483685 0.058623465976323785 0.03908397565200253 0.027774863482001956 0.05402221456149014 0.06139731039528775 0.03038091322069487 0.038508813147828835 0.04023748226719324 0.051451675863156396 0.01665257187785336 0.0787980649773863 0.07525597525949855 0.05618521841951998 0.03840518310420691 0.03679497001666289 0.08670651593204244 0.07036319862303872 0.048441888348719236 0.0626937558903959 0.06590530569618054 0.08804275451713521 0.040342300504204426 0.07260943051228415 0.0724636969284495 0.017887988392117662 0.042727907386838605 0.04349045614197269 0.02346414006807587 0.059606196595514145 0.07545754883917567 0.07321661406052925 0.06580773453963006 0.06363546344684812 0.0466500088446655 0.08613234747365081 0.04929668053489543 0.07482567295584268 0.023558724007654026 0.061067667983685875 0.035819899351448095 0.07907688976713563 0.03372980682338044 0.04002611207395329 0.07714314934605591 0.01448895161005765 0.06128637074395547 0.059717081769478944 0.06071756182885455 0.07459210535587334 0.03143679175623554 0.030457860758452054 0.04568812567422243 0.07191452405587173 0.033932154984955575 0.04472091968980754 0.04633957017895643 0.02134730852601247 0.06433407689974412 0.055787399413145006 0.06415052241327926 0.03285048522093277 0.05574408456117827 0.05266149163226265 0.01562017438831788 0.07391915714316862 0.063664623908593 0.08104357356482333 0.04241542552349745 0.05635786099601336 0.037493454948580876 0.07202071488264054 0.06100699861709094 0.025049627142934006 0.07424025704739377 0.022518077539420336 0.024416924761049324 0.03393955204842451 0.07105195290495572
 0.044772367873913206 0.02308532591748101 0.08775936328037942 10000.0 0.006137877396624628 0.11022689870102184 0.06916100639259551 0.03257965958123555 0.05671549177748533 0.07315965298170227 0.06721450597676157 0.03843617412633153 0.027277773823285018 0.0585999940470155 0.08502493175145434 0.05079829296382198 0.0727038130932599 0.10200792003132267 0.014810739794672472 0.058212648398912735 0.051485457191902353 0.051440359115276516 0.051889324160747145 0.015009669404051702 0.027506908884352685 0.08801506328265551 0.04435119375386611 0.04738656790267443 0.0060307732845147986 0.0723823963538839 0.033480865628285075 0.04379011061141975 0.08164381664171315 0.045535889654380435 0.07654999828980374 0.09196511281022225 0.05397780726481439 0.05278823089520019 0.016310757498730986 0.03702029221241191 0.026699153303909606 0.07740266229072924 0.012495476751798051 0.04282102464994473 0.016236148570929552 0.11104533309915811 0.05752558125549625 0.05412184992317383 0.024694827939568176 0.05597701515643395 0.04793581177247607 0.02879249888651769 0.09785069806247577 0.0445224179586068 0.056231867079809345 0.029684776355829178 0.02319515305440667 0.09022596417596042 0.0944413880125809 0.061511238462468115 0.0159960786355895 0.054927795308696264 0.04464541125890521 0.04314467105400863 0.06659940029825094 0.08227224367061849 0.07022248246362517 0.04878928089883371 0.06749417388701455 0.03292648148847662 0.0541755375650103 0.0727729580833426 0.03531526399492596 0.04479343489849478 0.03456454249641723 0.04698510000474764 0.05345449396906765 0.06692507345844141 0.01577189596837854 0.02989895556029736 0.0766477653399045 0.03294329904145335 0.06593058206366151 0.06739701141908581 0.07562134870368523 0.049790009520891715
 0.04256167120340666 0.025882390126815667 0.09076256592166879 0.006137877396624628 10000.0 0.11346920314634094 0.06809389726426394 0.038279707177084045 0.06247861751736266 0.07356706982370212 0.06891472181113441 0.04328326257182159 0.031572082368321555 0.06227219969536897 0.09001809552598307 0.05503840645870339 0.0720727704147748 0.10449525686220573 0.020826083718750738 0.06433323881870172 0.050816712752512254 0.05544810854076091 0.05559859004660149 0.020918024453940875 0.026496980563827443 0.0877542656478922 0.0501652103773701 0.04564449330153121 0.0028253776214035727 0.0774685771324706 0.03135605238206559 0.04988699354496045 0.08356070881374858 0.04813726061291963 0.07656632174400456 0.09620498394847068 0.059761024863292274 0.05891524956903436 0.02148065663477284 0.04286119923173578 0.03158293711839866 0.08275484960387125 0.018472963455468564 0.04415090987776955 0.016715812554385194 0.11420508993950669 0.06337338830053812 0.056254326550671446 0.021854304774872647 0.058198466600837856 0.05137697911630305 0.02609057826673046 0.1014100699538209 0.043543593923940825 0.054989426220695053 0.031094354481145215 0.021726214481546727 0.09486572419744704 0.09897306275526013 0.06674521970512831 0.020132492394996006 0.05736446016688687 0.04870011867109939 0.04726727293247976 0.06945807936313382 0.08071679825694668 0.06922160306675955 0.05469924011110446 0.06864120909174323 0.03704327887914322 0.05965416882190843 0.07609153543087509 0.041417971498308365 0.0506535845746396 0.04068264193984293 0.049143352935069995 0.05267822818370955 0.07180093197964729 0.019124942201699156 0.03112395829903019 0.07813714805498147 0.03904322170153275 0.06859947278381621 0.06949066116510744 0.0804197901179859 0.055869182258174256
 0.09243878879441586 0.0875869005019389 0.023042856613415017 0.11022689870102184 0.11346920314634094 10000.0 0.0761239272366242 0.08592716093050022 0.07452077447194395 0.05843092392137474 0.049944650204242144 0.07490210125492862 0.08343590941724996 0.05190653618021338 0.0457005987458216 0.06104449602380732 0.0703871392953021 0.017250942911718668 0.10047010583574129 0.09036634589279885 0.07830823842267627 0.059645730174439214 0.058573994460025244 0.10813079660432151 0.09340238569641995 0.06322661213202851 0.08109158471257753 0.0881372088276188 0.11078064130123311 0.053113434181291365 0.09551610973314717 0.09041701213119258 0.037158782883656385 0.06562205462253747 0.06169874892595494 0.027579592755921936 0.0761089487422909 0.09167825882185497 0.09522950127315556 0.08533970222556489 0.08530106335325001 0.05678811189015458 0.10777300058696045 0.07232952061789488 0.09771922693678255 0.0019321988873898732 0.07660810901198262 0.05885973220922209 0.10211325007895831 0.05677034205837797 0.062295314949760566 0.10013571141769283 0.013866338062554214 0.0838411779321147 0.0811947943037833 0.08370221680773116 0.0976330182140821 0.03605941068960456 0.03219096579943618 0.061632061272331354 0.09427991291460498 0.05695744262749473 0.06629161040070748 0.06789337662143485 0.044287679093897095 0.0813554674459427 0.07517040431328906 0.08151607928620808 0.0542307662868007 0.07772627314886135 0.06980309962622752 0.037454960774282495 0.09322666744704294 0.08189332804247271 0.10029079911955541 0.06544012252502904 0.07826305666624833 0.052992801896191925 0.09456790993906201 0.08401038874600439 0.04495455871277291 0.0938916795858447 0.04555308998148045 0.04708616922527739 0.046360064451812365 0.08791683443381784
 0.027145884644153774 0.051373500708035175 0.05654911205588142 0.06916100639259551 0.06809389726426394 0.0761239272366242 10000.0 0.07051170572131973 0.08259194570511834 0.017716912718855716 0.0308625760141823 0.06132947479492767 0.05682867232240515 0.05176236105049094 0.08478041558799726 0.0566619735718687 0.006303475884614909 0.06009829999316678 0.07045008369290821 0.09640118218942491 0.017925287425718597 0.05410568619563728 0.05084825413011779 0.07799167401111515 0.041730763200020345 0.0218341450948283 0.07720137417695813 0.023044320677147585 0.0655025840737688 0.07832379214274654 0.03724408879983604 0.08530159896919977 0.03927192615317785 0.04055003486465793 0.015097223688718134 0.07692408984179473 0.08150809822447395 0.09328806927798194 0.06385659843656691 0.0744955680336827 0.06106927161927786 0.08653301673640412 0.07592851035707675 0.033005670480287984 0.053049907825631425 0.07568828491131517 0.08515721559615094 0.03490827915889011 0.047076956412024924 0.035621686983123214 0.04777710181677172 0.04302985362676381 0.0710242771013402 0.024644849184086118 0.013155594055344817 0.04252460572990029 0.04637699360538156 0.0821842156964485 0.08336388375047682 0.07481622192261377 0.05946729652939429 0.03780161463436146 0.05374321932862432 0.05432963565587532 0.04423459867093779 0.014245092583187305 0.0013318300547277486 0.08175130496324522 0.02466202742619562 0.05467144598856088 0.07543429273898485 0.05240931312129587 0.08081301784417655 0.07843499141101637 0.08612271435873592 0.036641202507429284 0.015846963900722082 0.07169200112461607 0.0572994842336483 0.04184766452602709 0.0316148122044761 0.0794473760468784 0.041771188282527114 0.03542624709066598 0.07533567528494092 0.08807601979294942
 0.0558886134549537 0.023358182704836642 0.06559890032483685 0.03257965958123555 0.038279707177084045 0.08592716093050022 0.07051170572131973 10000.0 0.02421019841979025 0.06626689275104172 0.05409855313887026 0.011921300408654802 0.014587088405033812 0.03542191298647058 0.05379267262325524 0.02537004251405181 0.07134974405809039 0.08175011006266639 0.018182079405383002 0.029451895921819092 0.05384113576423404 0.027392500902875965 0.02966110722035572 0.02374075746169209 0.039666264162102095 0.08316445651316337 0.012033713942355225 0.05578928270310624 0.036709926683619186 0.041011706876303566 0.04735353894177437 0.015648395942690418 0.06570980214121085 0.032019802326131185 0.07133954341688714 0.06359205841620061 0.021514804642989556 0.024853985901139252 0.017256893774870146 0.005176967279457196 0.010690746250332624 0.04520660491107643 0.0243142967097901 0.03751256063719055 0.031761245246497226 0.08711450533667561 0.0252418715410251 0.04094811219350023 0.04428938136973596 0.0418776664717084 0.02840262800372432 0.04640269727720455 0.07244118291278878 0.05010336014276186 0.06045200137842874 0.030640273079875987 0.039212665853226025 0.060213092683569246 0.0647804816282537 0.02982039893278258 0.020728673561373468 0.03980423306224616 0.02196883384187854 0.020479841074955294 0.04706250548449889 0.08475137605947386 0.07109643711790795 0.016941937278839334 0.057375334218659195 0.01586808987584953 0.021850116829671796 0.050011435576563366 0.010419769436612785 0.012706995488573845 0.016744048346154245 0.0356089418337807 0.05591385268853071 0.03651990563768544 0.0234063928805877 0.03156403879838397 0.06351835881082313 0.009550802115303823 0.04755878629962701 0.05206675535949479 0.04528692559893936 0.020273776741606502
 0.07446609647195247 0.044815489487974446 0.058623465976323785 0.05671549177748533 0.06247861751736266 0.07452077447194395 0.08259194570511834 0.02421019841979025 10000.0 0.07336921388446009 0.05821350564002595 0.024118309845217827 0.03537407204837333 0.03420027639677096 0.033997258866058484 0.02627538846640267 0.08165749466861168 0.0752101284240801 0.04207762211088503 0.016699949954393355 0.06857691916184883 0.028998950298075008 0.03236232942570794 0.046193234463171 0.06069683303819918 0.08993840383699236 0.012411749119605566 0.07321532772368862 0.06091604182487085 0.022286177347619562 0.06789185059123577 0.01779176573707023 0.06531868179365127 0.04220564317134865 0.07903551517051743 0.04836685769207049 0.002785074613452714 0.017163752850035588 0.04137824577818391 0.019751521871062827 0.03290168012041626 0.02327652165639037 0.047365429183116 0.051418586380770466 0.05484275964131565 0.07606770853054337 0.00269144121041536 0.048228855340546606 0.06672946846457574 0.048090508240737184 0.03483439617158908 0.06815608900503922 0.06067787900763734 0.06700951294461577 0.07527920291111868 0.049789902490762816 0.06134401200903533 0.0424493404003483 0.047305177897255704 0.01304271092297374 0.044393213966800044 0.04575116943257851 0.029002213718902933 0.028678074595801663 0.04649936005637778 0.0962707798258306 0.08282801011361109 0.008962487287900285 0.06336618362099222 0.032934064519700205 0.007284329622034407 0.04492180762098242 0.024205107585536064 0.01216193970268072 0.029870075243833064 0.04606583232857728 0.07040045293573967 0.02162923988551332 0.04682436975505207 0.050722672304205886 0.06600828850831672 0.026070430224449714 0.048124535091897486 0.05460425379157031 0.028581784020510356 0.013692457356691553
 0.038478868144878366 0.05189784915315239 0.03908397565200253 0.07315965298170227 0.07356706982370212 0.05843092392137474 0.017716912718855716 0.06626689275104172 0.07336921388446009 10000.0 0.016014060930020377 0.05539120721102589 0.05454185593395135 0.039908557772771164 0.0699676470194464 0.04716849514560782 0.012370105762850534 0.04262633429127684 0.07077713056515371 0.08866054813910115 0.024698754046276843 0.04441385117218076 0.041056782039369945 0.0789163286223557 0.04759608811394736 0.0169588702753832 0.07041373944962276 0.033858315071971797 0.07078059097422697 0.06518684342738416 0.04578156964997894 0.07952718959321577 0.02158300334449652 0.03425597331014482 0.005749278246346227 0.06034120176462358 0.07281033137644566 0.08639548220456399 0.06404732925024317 0.06933279469934467 0.058524757217895094 0.07330286468544088 0.07726194895828238 0.03112508768938732 0.05711180547668368 0.05802850524207118 0.07604270084925357 0.02579649296907324 0.05495807127853603 0.025480477256014454 0.03947004859359871 0.05152029253407285 0.05350640379217526 0.03206067951331836 0.024739464026362346 0.043762224493945935 0.052542542036348096 0.06629326760019105 0.0670032818948285 0.06368606976716278 0.060428518638652035 0.027813060076679365 0.046166480365395716 0.0472006184480343 0.029798921089809072 0.0261377595269627 0.016828530058503825 0.07432712277217489 0.010089108464184772 0.05081362951805619 0.06608595070237894 0.03692085886570166 0.07664969050411753 0.07165149225351698 0.08284325844648185 0.030690918845140174 0.02361941824893814 0.05905180647470261 0.05893526427648719 0.04340864378035911 0.014036797850928361 0.07574530821830842 0.02745489439450995 0.020492597665789168 0.06124916147218734 0.08117613081340362
 0.042496426789007856 0.0443851337860828 0.027774863482001956 0.06721450597676157 0.06891472181113441 0.049944650204242144 0.0308625760141823 0.05409855313887026 0.05821350564002595 0.016014060930020377 10000.0 0.04250983545827409 0.04445912803301512 0.02423697008939935 0.05430687818251119 0.03240067609220877 0.027113382745854883 0.03701942969379001 0.06186062843716986 0.07399117024827281 0.02844746134509366 0.029639681175424117 0.026376029352060393 0.07014702941400738 0.04531984380094672 0.03182389903380892 0.05650893489572474 0.038229119843420055 0.0660934346374372 0.04917369737897831 0.04619119668562946 0.06602079219932705 0.01481008816147183 0.023025374003838226 0.021735384586974466 0.04621370207852287 0.05788641891629649 0.07216551692097509 0.055362791796710296 0.05644679360909834 0.04797760239080137 0.0572963511367994 0.06888502725043281 0.02484736629479587 0.05223871020655823 0.05003228509652687 0.060903040524494606 0.013668250472947183 0.05377830059118044 0.012327208190130058 0.025903328032892053 0.05124060349507926 0.0420043284042126 0.03394551819071409 0.03204299466697644 0.037821164749867985 0.04999488674260391 0.05132656300577033 0.052546234120127176 0.04795711001137279 0.05260848980223144 0.01429823134556544 0.03264827523175113 0.03393232351591342 0.013842044707140613 0.04173105994527156 0.030412706154883545 0.059999507485610205 0.006306530840072689 0.03975432805446862 0.05096702790734595 0.021568258135674 0.06421321834922863 0.05772244150877383 0.07084104336821612 0.02052480553984221 0.02858302024198078 0.043059657651453774 0.051793598205027644 0.03780859031931363 0.009685997145105145 0.06364208036594472 0.011459306428850104 0.004615705354922929 0.04533686377182766 0.06701460507383034
 0.050478443113175384 0.02137752905066284 0.05402221456149014 0.03843617412633153 0.04328326257182159 0.07490210125492862 0.06132947479492767 0.011921300408654802 0.024118309845217827 0.05539120721102589 0.04250983545827409 10000.0 0.012374489595322747 0.023689378036913483 0.046744373413496375 0.01388059858382536 0.06148605891162911 0.07001333561090672 0.02610940847039133 0.03532414533890922 0.04577532060346484 0.015638140880172645 0.017754991633589224 0.03334316951772092 0.03673909476370147 0.07234867427770458 0.01593145358436434 0.04947780556357801 0.041132373497819036 0.03428065857788451 0.04380907631246313 0.024240681340228408 0.053810531050434346 0.021322698982839422 0.06066559998242361 0.054034221902545934 0.02213737449739986 0.03196304505454219 0.02215304227207364 0.01399150800140802 0.011740878141404398 0.04014684249656272 0.03323281685636738 0.028686954580770613 0.03222095708825884 0.07600414238998776 0.0261858812645818 0.029713990646205155 0.04327734505597236 0.030443256380350926 0.016643092636459116 0.044349795903788534 0.06165695875514474 0.043370406201528426 0.052512010383409795 0.02567299613984261 0.03779493069102562 0.051815475648502536 0.05609915915354205 0.023961450472954674 0.023324268117204814 0.02827767410172927 0.010069462533710886 0.008630057260433373 0.03514721272670518 0.0754515964637072 0.061774379535680726 0.020744560683865338 0.04614829596316327 0.00884307480661702 0.01854548621289107 0.03840287132907192 0.021719168578857972 0.017151025211044623 0.028489329183051294 0.02514751989123648 0.04773506055513239 0.02852391356650202 0.02508872416530665 0.026604869226637882 0.051810381139453535 0.021304364821054154 0.03564190814871093 0.0402782214434854 0.03718893896161763 0.0267633236969165
 0.04132642725337203 0.009456339715248695 0.06139731039528775 0.027277773823285018 0.031572082368321555 0.08343590941724996 0.05682867232240515 0.014587088405033812 0.03537407204837333 0.05454185593395135 0.04445912803301512 0.012374489595322747 10000.0 0.031562925088727364 0.05881406448273467 0.023535319215743616 0.058221683925134556 0.07645640912102362 0.01769756751496537 0.043676918876646216 0.03968763844206273 0.024189134427136643 0.024868334624609724 0.025914586439385663 0.025638158966086847 0.07112965244085925 0.024862152003818073 0.04121263421080379 0.029242950382327784 0.04650928506522875 0.033160305890397694 0.030225594723112117 0.05774271252114583 0.021434195017815804 0.05920640435586153 0.06472043745609862 0.03305034460536497 0.039321546955183424 0.01182142863514864 0.019460579714321722 0.004245520621811953 0.05251854834263317 0.024971060644891383 0.024170921413414762 0.019880325639199243 0.0843505996082735 0.03709491483285538 0.03079327425629958 0.03136135062103938 0.03223143606425789 0.021397076061200043 0.03286189006390158 0.07077732881197475 0.03558731780113186 0.046195985426261764 0.016053339001629124 0.025971524210350243 0.06331719952957757 0.06740150918596449 0.03633351980685041 0.011443554209981392 0.030593315580703506 0.01739178529751223 0.015872630856375573 0.04076872894625766 0.0710597368200444 0.05750883411017593 0.03005396839590394 0.046560593223637904 0.005716719045315832 0.03058050135148008 0.04605756062471126 0.024316678431908646 0.025872075927871347 0.02929443464817455 0.024275207953403582 0.041790721954671664 0.04049544081886257 0.012835690608804356 0.01697824726463652 0.0541412327595632 0.022739416381246637 0.04053700835183503 0.043452678564835694 0.048992535476638246 0.034541400091157234
 0.052458144514220546 0.036608265663891124 0.03038091322069487 0.0585999940470155 0.06227219969536897 0.05190653618021338 0.05176236105049094 0.03542191298647058 0.03420027639677096 0.039908557772771164 0.02423697008939935 0.023689378036913483 0.031562925088727364 10000.0 0.03513006114299996 0.01017428972453804 0.049566359008210985 0.04633780161547238 0.04861291101063434 0.05038156994827917 0.04179960934431098 0.008051597128728508 0.0067121655476940975 0.05640739355230535 0.046132011873519486 0.05606062845388815 0.034343750283701804 0.04951084899995534 0.05969210343436259 0.026721607618842475 0.0507154251736552 0.04420417123013195 0.031788430690293225 0.017387873630626882 0.04565256917181859 0.03488123166642501 0.03412476480276603 0.049125304748643156 0.04333262452626846 0.03617426675249706 0.03342988991382635 0.03490242761182612 0.055934440108487075 0.027404687176784213 0.047481083690740895 0.05286852595809331 0.03689017604081794 0.017302934371179912 0.05460240479793226 0.016216079611455544 0.011083380286582066 0.05382468946878767 0.039254020984352885 0.043468666971378016 0.047794570642688494 0.034785856220653916 0.04940799086402586 0.03593008256742951 0.03905376887780004 0.023777965057647055 0.04260424853816599 0.01420905847992205 0.014420429001390808 0.016033907223524317 0.012596121698779732 0.06443941444683823 0.05170404144205133 0.037032130678929666 0.029820045292450675 0.025846682610649607 0.027047581191411003 0.014773825154225687 0.044320400816612114 0.035470044299562346 0.05138936375612452 0.01956583639905571 0.04307354491407162 0.0199548579743205 0.04316702339733301 0.0353658880081729 0.03182100264826065 0.04438359453974919 0.013974065947956058 0.020427370829719734 0.024837741593512513 0.044153070424391434
 0.08752662046654662 0.06678548205529658 0.038508813147828835 0.08502493175145434 0.09001809552598307 0.0457005987458216 0.08478041558799726 0.05379267262325524 0.033997258866058484 0.0699676470194464 0.05430687818251119 0.046744373413496375 0.05881406448273467 0.03513006114299996 10000.0 0.0368866764378615 0.08141524798671834 0.05246564593474206 0.07163995244441496 0.047367415371503026 0.07677194189908722 0.03777806161435728 0.039561878031088946 0.07748748441834194 0.07948178116870086 0.08351856383674319 0.044463149823821144 0.0846404535573921 0.08787451463245942 0.012780981512105695 0.08495449270394188 0.051737489287926486 0.053105729653482425 0.05205323751982093 0.07547925466192237 0.018216307106063256 0.03639202627010383 0.04999801407126299 0.06871928366571603 0.050931047823039206 0.05843823250005634 0.011776965674799442 0.07809917506697257 0.06236160890832568 0.07806245886331988 0.047526584663009956 0.035259187629276524 0.052030997658818565 0.08743112653583202 0.05058834508725014 0.04445914815722804 0.0873578609045189 0.03310420731453785 0.07857997382606709 0.08253017313783521 0.06770474270887254 0.08197572279844101 0.009763928111670173 0.0143254187427939 0.023996162178943625 0.07004604788137239 0.04891293218056559 0.04338697617852798 0.044409334858459285 0.04058769946980823 0.09599775383618675 0.08447632864057969 0.0426642399049156 0.0606099379373889 0.05389324257613661 0.032455054445660506 0.033090357654282324 0.05727825824667683 0.04476991580763999 0.06354580443292497 0.054624682250696006 0.07792833204847305 0.018335178240692845 0.07164974419958932 0.06844969098340202 0.057715653394855314 0.058766109334911436 0.043044190110051936 0.049694782936731824 0.010450448965550429 0.04750202796794098
 0.052341072807713135 0.030329258282595105 0.04023748226719324 0.05079829296382198 0.05503840645870339 0.06104449602380732 0.0566619735718687 0.02537004251405181 0.02627538846640267 0.04716849514560782 0.03240067609220877 0.01388059858382536 0.023535319215743616 0.01017428972453804 0.0368866764378615 10000.0 0.055447827724505565 0.05640254768386172 0.03961319920738313 0.04161585036747917 0.043961365356183536 0.0027674370720645884 0.006111846643737033 0.04711123853172969 0.04264615216645714 0.06386686695017188 0.024497392400056817 0.050157034239842115 0.05262408780722163 0.025798589411747255 0.04843119987590822 0.03428601135307472 0.04163334897161979 0.01720992534285999 0.05280478864682511 0.04118709237012169 0.025642743984584174 0.03981496477003337 0.034904561983468405 0.026000994654127807 0.024595458023270157 0.03328579604024599 0.04685627622568842 0.027450007739758066 0.041599475907593816 0.06213166462493181 0.028928186488046275 0.021992493726658766 0.05054514612655865 0.021816362278140718 0.009168666143428775 0.050532500227372004 0.04788918554484438 0.04388381555363094 0.05047653123405564 0.030850721728710104 0.04509600009965756 0.04019184818740865 0.044077107834007284 0.018736942603219953 0.03495414312675208 0.019476198285565773 0.006574932457112713 0.007825608368024855 0.022475765307863986 0.07014021453421754 0.05682119268428787 0.02764358422691516 0.0372330913498671 0.017996697851125884 0.01900089637284831 0.024641592181404683 0.03414632618739832 0.02566618122782931 0.041216148740263976 0.02076815352033202 0.04558699039006633 0.018948819215101304 0.036017728116855496 0.03161755699195832 0.040889459717276075 0.034224446284697584 0.023479069644543098 0.02923199183557527 0.02656493843074047 0.0347088352489161
 0.03238224224036011 0.053645626130027 0.051451675863156396 0.0727038130932599 0.0720727704147748 0.0703871392953021 0.006303475884614909 0.07134974405809039 0.08165749466861168 0.012370105762850534 0.027113382745854883 0.06148605891162911 0.058221683925134556 0.049566359008210985 0.08141524798671834 0.055447827724505565 10000.0 0.05414094435379339 0.07284024808028285 0.09609454425530527 0.021267288692962474 0.052788380044781175 0.04945447763452204 0.08062284718593918 0.04557742718313407 0.016240772774928535 0.07716556136681742 0.028032614968097187 0.06940756020731834 0.07573948296901489 0.04183374151778738 0.08568010048350402 0.03386453690353932 0.040269007000263916 0.008900618622097393 0.07254099766008666 0.08077304264351082 0.09328944978121156 0.06615119023514238 0.07503466574207923 0.06241861261397983 0.08393161344786579 0.07867918042473035 0.034060877929230085 0.05648057379265642 0.06988628598449054 0.08427645341217849 0.033455812769861634 0.051595395615366815 0.03381180595403831 0.04690031392911101 0.047680904689779105 0.06586242351662382 0.028579269630380297 0.01797297919495802 0.04489322296579595 0.05037893519500153 0.07823297757236836 0.07913076483542622 0.07307899294629094 0.06197429950399114 0.03610536950794198 0.05321874983069409 0.05397714844254818 0.04086731878289708 0.014874910752120659 0.005076943811676054 0.08150275201629198 0.02080739600100598 0.055494844654960504 0.07441510249253781 0.0485992072355279 0.0817449267055985 0.07840771900453175 0.08739107444170718 0.0363810690358219 0.019401584018251053 0.06930134677984712 0.06000396148857456 0.044310740516140985 0.026402259743184046 0.0805335126295734 0.03842979439192389 0.03172868538768851 0.07230325720001375 0.08805320641033387
 0.07873819771039495 0.07893780501032203 0.01665257187785336 0.10200792003132267 0.10449525686220573 0.017250942911718668 0.06009829999316678 0.08175011006266639 0.0752101284240801 0.04262633429127684 0.03701942969379001 0.07001333561090672 0.07645640912102362 0.04633780161547238 0.05246564593474206 0.05640254768386172 0.05414094435379339 10000.0 0.09407591632393701 0.09180478233539333 0.06441180289073445 0.054385353036540705 0.052444387759898875 0.10214099960840183 0.08216698256165347 0.04605168290489193 0.07928960286446159 0.0742598673568613 0.1017133256763222 0.05621855867568839 0.0831949154242145 0.08908223751113886 0.022613591641112173 0.05647842880994613 0.04530538895808647 0.0350800563036521 0.07623781032967816 0.0920927289456853 0.08819854861408132 0.08220423412684193 0.07903198141826927 0.06187178523775664 0.10139433241117812 0.06128249415639154 0.08810246310633911 0.016281878290164052 0.07762660029385267 0.048327704401320594 0.09071559931418997 0.046335464456273984 0.05512030727108009 0.08825490687783578 0.020705843698289334 0.07062209615802653 0.06646443278311724 0.07369377417449031 0.0867283594403973 0.04396414808590382 0.04152070570794908 0.06223264162341093 0.08645002490855777 0.047142607501869195 0.06040068404647051 0.06200970637932598 0.03568927378266859 0.06440540838016721 0.05906206597704465 0.08080174763918833 0.040089205281406415 0.0709252987601478 0.06930995133075658 0.03183029909299193 0.09033923696841423 0.08027435551287537 0.09745631703584316 0.055382765466182086 0.06406751732501877 0.05391699697040154 0.0862457565031362 0.07383871392741241 0.030092868951870737 0.0905734911357361 0.0361089660841025 0.03530930059900778 0.049586965106886316 0.08770358886118954
 0.04981386001156028 0.019197284948017212 0.0787980649773863 0.014810739794672472 0.020826083718750738 0.10047010583574129 0.07045008369290821 0.018182079405383002 0.04207762211088503 0.07077713056515371 0.06186062843716986 0.02610940847039133 0.01769756751496537 0.04861291101063434 0.07163995244441496 0.03961319920738313 0.07284024808028285 0.09407591632393701 10000.0 0.04365154010082162 0.05258000106545539 0.040831134439490775 0.04203400140719495 0.008286414261044994 0.03174196915170179 0.08688731308707873 0.029674403117716446 0.05121163435088865 0.0197900625425223 0.058882134524599415 0.03924829917802138 0.029125268481236942 0.07538890497910643 0.03891448606172359 0.07501900775242597 0.08012362449347456 0.03931926799028796 0.03829063199537212 0.00674014270254879 0.02233018154905022 0.015183762747014622 0.06336647260388417 0.007334507243377195 0.03968063620442231 0.020533342476421503 0.10146949325219115 0.042789562222664494 0.048210847743953844 0.03293739479611022 0.04975391114596569 0.03895747004699892 0.03624324499060813 0.08748149509907605 0.04679153429986267 0.058431769445466124 0.027975110887759093 0.029149371350867984 0.07753649740006453 0.08195393998811977 0.04778693709884797 0.011015142890241025 0.04820777081098494 0.03419526080920973 0.032586462659959355 0.0584067966688405 0.08438678305743581 0.07132012472132078 0.03400728783975456 0.06348824126236341 0.023150617836927383 0.04001750562443399 0.06331240928212183 0.020692740643485454 0.03006036948805296 0.021066704614537465 0.04141715098338226 0.054694717814280716 0.05391364205069123 0.013477691046396014 0.028613694046318052 0.0715428088333987 0.018314614104819014 0.05822574359461135 0.06106868883068148 0.06269869129852756 0.0350667301261325
 0.08486375550226481 0.05276737350142163 0.07525597525949855 0.058212648398912735 0.06433323881870172 0.09036634589279885 0.09640118218942491 0.029451895921819092 0.016699949954393355 0.08866054813910115 0.07399117024827281 0.03532414533890922 0.043676918876646216 0.05038156994827917 0.047367415371503026 0.04161585036747917 0.09609454425530527 0.09180478233539333 0.04365154010082162 10000.0 0.08109615264153906 0.044383084527337774 0.04770124176477042 0.044802195668363125 0.06909624244185904 0.10544880794346236 0.01943348602351229 0.08434537914844907 0.06344034586890002 0.03732847276137094 0.07674942972094656 0.014596759845710464 0.08183344377107721 0.055910242114325076 0.09422836939184992 0.06352375256657386 0.016273948090019478 0.005497090353704826 0.0455133417219525 0.02432542007293126 0.04006842434002142 0.03566587561324078 0.04671721443694364 0.0640021356596541 0.06091746983162793 0.09198243963709674 0.01419057288083464 0.0630428028494473 0.07360115060490367 0.06318623365310332 0.049344540439954857 0.07583652510477912 0.07661141444337964 0.07838428881077525 0.0878309853407159 0.05954803153091082 0.06861845489686495 0.05665971351604014 0.061471483930085 0.029573318191356036 0.04967013293386856 0.06084959237475337 0.0428800700930696 0.04213781834029076 0.06285709866269314 0.1103967156334182 0.09677203492036716 0.014652894013441992 0.07880873705896228 0.043224521607224065 0.023419582568544713 0.06160976186395773 0.02295907229115409 0.018249345714324284 0.024790902404850847 0.05982282738092212 0.08305920308710821 0.03797768101202787 0.05249093038445004 0.06048996104968053 0.08216767364401678 0.0253369707031753 0.06435563325810502 0.07062301847988486 0.04402331009441841 0.009178241287055149
 0.014335865904627309 0.03359529469687523 0.05618521841951998 0.051485457191902353 0.050816712752512254 0.07830823842267627 0.017925287425718597 0.05384113576423404 0.06857691916184883 0.024698754046276843 0.02844746134509366 0.04577532060346484 0.03968763844206273 0.04179960934431098 0.07677194189908722 0.043961365356183536 0.021267288692962474 0.06441180289073445 0.05258000106545539 0.08109615264153906 10000.0 0.04177055624243874 0.03888474023650612 0.06007175145912155 0.024319916290711507 0.03704244108792704 0.06167674902770356 0.009862028536305863 0.048143288890999614 0.06823677368512239 0.02124263432227466 0.06907978966975217 0.04182402992691662 0.0267828357977532 0.026381601070775473 0.0726396632507898 0.06712952357074047 0.07753296782665577 0.04602905843706933 0.058163313982649616 0.04392612771186318 0.07628584042610793 0.05800323730594104 0.01719146319176913 0.03529015036652832 0.07831497275165515 0.07099756944313876 0.024763958386000207 0.03074550946314561 0.026342830875115998 0.03479646715255843 0.027063694062027455 0.070254375473967 0.007531883130783506 0.006739399564408192 0.024748247677400366 0.029152201985606398 0.07616343208989547 0.07831552103036546 0.06269071728306808 0.04158045788329406 0.027871247348936777 0.03968291045373764 0.03990165641327824 0.03842060880974186 0.031822765488348434 0.018878967566201003 0.06651070597218411 0.024333337744897494 0.03825625463900919 0.06172301417620278 0.04731332996730467 0.06394700277864503 0.06288028578548749 0.06889076209643795 0.023223255300335945 0.002127323908679591 0.06128979373248435 0.03938013700577189 0.024029021223385502 0.03437824562569395 0.062426103373507916 0.03616212536728133 0.03192349350751472 0.06660211688902634 0.07240481029106008
 0.05062477622874058 0.030275494476676906 0.03840518310420691 0.051440359115276516 0.05544810854076091 0.059645730174439214 0.05410568619563728 0.027392500902875965 0.028998950298075008 0.04441385117218076 0.029639681175424117 0.015638140880172645 0.024189134427136643 0.008051597128728508 0.03777806161435728 0.0027674370720645884 0.052788380044781175 0.054385353036540705 0.040831134439490775 0.044383084527337774 0.04177055624243874 10000.0 0.0033635543557208165 0.048513587044882754 0.04173981086215606 0.061101672090900803 0.02715235228477636 0.04827270821269867 0.052962409427263206 0.027231724686802072 0.04721959840933081 0.03689940597498325 0.039078873642728995 0.015168101580193096 0.05005699409417073 0.04082252070969991 0.02840160641677456 0.04255701034716326 0.035806645329587 0.028346062336342254 0.025683360417926956 0.0349535445774269 0.048127895541131074 0.025547975231264106 0.04145812906875802 0.06066991394603507 0.031658793328652 0.01933787522386073 0.04983906894933877 0.019096164817544038 0.0070849038906901475 0.04960290986373669 0.046704947051294854 0.042022486857754435 0.048219811591979474 0.03000124660096197 0.04444755146410509 0.040434252198578775 0.04412005793062917 0.020973827934770314 0.0354882837466731 0.016760094856682776 0.006797642588484408 0.008338021243312921 0.019986802379555614 0.06751044712400502 0.05424032226990768 0.03038542841963039 0.034469612298923244 0.01851391552207471 0.021718013110720538 0.022786107264805643 0.03646871455367713 0.028332885065309843 0.04349773196170412 0.018547832921094007 0.04334297380674374 0.0202741804884163 0.03634092556216807 0.03071820210945138 0.038177386829308685 0.03644022306672256 0.02087696837024863 0.026510871796658272 0.027356193802392292 0.037438560962274624
 0.048252779560285584 0.030016573607528553 0.03679497001666289 0.051889324160747145 0.05559859004660149 0.058573994460025244 0.05084825413011779 0.02966110722035572 0.03236232942570794 0.041056782039369945 0.026376029352060393 0.017754991633589224 0.024868334624609724 0.0067121655476940975 0.039561878031088946 0.006111846643737033 0.04945447763452204 0.052444387759898875 0.04203400140719495 0.04770124176477042 0.03888474023650612 0.0033635543557208165 10000.0 0.04991154591545166 0.0403550592681883 0.05776273548831342 0.030242004814006067 0.045714680079590474 0.05303446691299243 0.0296206508582485 0.04544643983859606 0.03991092762618974 0.03628690044004576 0.012635314478580554 0.046695826920569714 0.04116224503092688 0.03175454527806455 0.045790264481604746 0.03665558496297299 0.031010000293942033 0.026855602477584672 0.03752044398557122 0.049364817267518325 0.023060233664196426 0.04100101421424639 0.0595095246626493 0.0350223358659853 0.016018319788106198 0.04865956161516886 0.015735726042413512 0.004944401709149971 0.04815682046934582 0.04596615958716722 0.039505588069673324 0.045254538989861794 0.02877085218361338 0.0433602677484957 0.04149211651611568 0.04492802224907387 0.02407112798360569 0.0358933450155982 0.013401650987753281 0.007959177344641622 0.009572914589072768 0.017406803098816728 0.0641945011201314 0.05096276467282762 0.033623483353397224 0.03112590324664828 0.019154738894213378 0.025081005715385237 0.021278884939516095 0.03907513372217492 0.03143883529025202 0.046032816333477146 0.01572607761428959 0.040397377663550525 0.02263201783042745 0.03648323016182849 0.029419342857714845 0.03505768167208714 0.03890752010346211 0.0180515191976435 0.02338145975117309 0.029112264737713337 0.04064715268962235
