NAME :TPP_input_25_3_2
NUM_VERTICES
73
NUM_CLUSTERS
25
Full Matrix
 10000.0 0.07218186252255013 0.042680468785509074 0.07492220202884436 0.03040452167083568 0.04847962881182526 0.07810753243267404 0.07877789707235781 0.06092855954904329 0.07800262838940993 0.06151274819322054 0.02939481390293543 0.05833092773562798 0.06557344168412584 0.014124964183187273 0.05212040214658053 0.06924739908909978 0.03513680831312627 0.04811621862029498 0.018844057123657484 0.043752698662252044 0.06326068987608517 0.004416075589378958 0.05610688507023856 0.07162199550584174 0.01517923381664857 0.07545439002727121 0.06201874567536023 0.02872268945586175 0.0813562920427305 0.06112028692551584 0.049374439627300024 0.019011371322254413 0.061699437453597544 0.032921718224865525 0.061060505557603416 0.06116147142543284 0.047320647461561956 0.02288384932295725 0.0457394294426149 0.03473661886104207 0.0842241611405965 0.0524212526620709 0.03976407653904307 0.06610818891972713 0.03979597109086119 0.045754081134856656 0.08391175492093876 0.046515856778009734 0.028683196511129987 0.07712885283929487 0.053668606870106536 0.04907919473105613 0.049596766682445746 0.07777542150833408 0.07162289318978285 0.03924857724797851 0.08706113786531229 0.007157365068921086 0.07691374180328647 0.07730453291459222 0.05703233531711204 0.07609481058631785 0.04075883565594768 0.026544349159312926 0.04736472025795668 0.042515526076145574 0.026707733329152827 0.0673203849806798 0.0821136194965065 0.05975557005200454 0.049748964007455376 0.06772442528174427
 0.07218186252255013 10000.0 0.05360418321792418 0.007122677500256869 0.04726699565043281 0.1027957571573788 0.04827673558776765 0.02422249392542377 0.043527952475538395 0.012849904408241547 0.030090129709777865 0.05139488041850648 0.02317081488806306 0.07374426206180289 0.07338199404392483 0.057002182842120504 0.00438876996700984 0.0571525453731387 0.0495911638086562 0.08972670135066291 0.06157688631406508 0.036401072068569414 0.07614571842631285 0.055288368941713545 0.006981766116561952 0.08568990350538423 0.029522657064128665 0.0291156298006376 0.07881605618522669 0.05300419784839464 0.0840229352073448 0.07868523594235359 0.08266806061218623 0.043678261269499793 0.045337517829273706 0.05809859504910184 0.031237232903567794 0.07964343772385515 0.09181727880152116 0.04088793490427976 0.03744629138246112 0.02500788210471136 0.024045360389061417 0.10199424886310143 0.07244178118484776 0.03981081151389716 0.030198194714198268 0.024173761190686628 0.030798431880916074 0.04375856304435735 0.005501135270136967 0.025296493312039793 0.0232326936862419 0.04554269433615491 0.016613642304612198 0.026092431119317926 0.03865440876534251 0.02127452033797375 0.06504630999115883 0.015814879736458395 0.01817190261726476 0.019407541842480953 0.07427373707684438 0.0345496545018765 0.06255385053852473 0.04379017823804294 0.048265550501235814 0.07016443810565652 0.05741706458235125 0.07011143912686223 0.03204859718030277 0.03954876981558241 0.025937493310548537
 0.042680468785509074 0.05360418321792418 10000.0 0.05210012211171993 0.017640766801472783 0.05112864836194912 0.03692446504675947 0.07225775722960054 0.020531190817742375 0.06490426973634199 0.0630607291857493 0.015076301335894073 0.05515700693511284 0.027709621869074653 0.03349017995481436 0.010000144793850469 0.04929919750063206 0.007936094142271078 0.006446889061438081 0.060423939983902455 0.06889809473461506 0.02583131654827165 0.04683909314871011 0.013492719219080488 0.04907485227862344 0.04833606015207628 0.040739737705972424 0.028853834842274266 0.030159673686160366 0.039482072052078473 0.03230746615680664 0.025174841766440637 0.04029278603153008 0.021213929668855436 0.016610135717676035 0.01861576896484593 0.06350536803655132 0.026039440253954247 0.0508788031241034 0.05631902313944418 0.03185673539564744 0.0757053335674365 0.048531759339099735 0.05382458719232549 0.02743532821107928 0.01641047395875884 0.0457291948777523 0.07502735015601902 0.047672220382038735 0.028497659844166048 0.05632681145424028 0.028308823928467886 0.039150675936426925 0.009972802476414199 0.04970281475711556 0.03856403697222873 0.046767705223637296 0.07432979467893909 0.03779228432293085 0.049204123673898356 0.06777974951205701 0.03422337069927898 0.03564343482589821 0.043484382285275826 0.056152160168765584 0.010232736461122077 0.059047965359907195 0.06132145369361003 0.024654337632074707 0.03992192929347767 0.06283095779640478 0.014654897425097369 0.06557317653896709
 0.07492220202884436 0.007122677500256869 0.05210012211171993 10000.0 0.048153645054739895 0.10240055589295509 0.04240214798705437 0.030750100478375477 0.039620860159517504 0.018729199657115742 0.03707767576554804 0.05193461981260101 0.02980053514693716 0.0700814798187588 0.07482096135311106 0.05429392768291005 0.006474095105827402 0.05652944741248483 0.047439768731144936 0.09295454853981137 0.0676720738406291 0.032165798054394866 0.07903963415975777 0.052086001325361085 0.00334439477102646 0.0878028179557181 0.02328102722508081 0.02533562424292441 0.07897483436237629 0.047012712993761425 0.08124122940143781 0.07680105553972034 0.08398748165702215 0.039661588095743563 0.045999562067113635 0.05437435787330815 0.03821561174905524 0.0779990979843243 0.09352962041089977 0.046950010136162255 0.04041240214312189 0.030777873901235618 0.029782609405911594 0.10253984062054697 0.06867407664549237 0.0398400301775676 0.035402297557191244 0.029918475734538406 0.03626673399461583 0.04624442789984178 0.004874210566189651 0.02437340779785241 0.027028858130654376 0.04328918644138989 0.009570057059731489 0.020379025161614942 0.04376746420506108 0.025709388348247163 0.06776576402377026 0.008834583922719855 0.024617803041540896 0.019043800378269447 0.06965535803929249 0.039343992715255446 0.06746343488499223 0.04196954711906719 0.054234281262702536 0.07508335762128952 0.05298666509448705 0.06477992951417298 0.038968123250279714 0.03757626487857269 0.03306013163427223
 0.03040452167083568 0.04726699565043281 0.017640766801472783 0.048153645054739895 10000.0 0.056384053942011784 0.04844045719681698 0.061218400525948034 0.03137417426272677 0.056339091911214924 0.04887327261221047 0.004650135612630817 0.04201124535144999 0.04526874955162068 0.026847156106086973 0.027414974801212705 0.04350386978720421 0.014340159411498882 0.020621566957045052 0.049229093042884864 0.0512613233967144 0.03293501972764453 0.034820512609965645 0.03008380709176975 0.04482118998598475 0.04070189853862991 0.04519741211730637 0.031742919398303336 0.031863701994442876 0.05209538431396525 0.04784366856212456 0.03832903347771447 0.03588313412497041 0.03214877615321376 0.0025269288206452236 0.03534916633890004 0.04911128853547382 0.03804317546549578 0.04570286208914573 0.03969051062185103 0.015767593816924736 0.06557777479606847 0.03512226602114944 0.05473038088611226 0.045058378954535704 0.009499215007746854 0.03077622011322825 0.06502461670607253 0.03255825545320563 0.011049585112660085 0.05136436298635471 0.02460391803732532 0.02719927729993144 0.02065899060685765 0.049111307882343254 0.0415458101345855 0.030098215426695333 0.06595206967499057 0.0239829288176529 0.04834281835898659 0.057763774374760296 0.029171735596625552 0.053134961012923046 0.027545859328846588 0.03887106444334437 0.017898295807470675 0.041741961592833124 0.04452600663921176 0.040480895383806385 0.05648136545751336 0.0481996632899274 0.019557354013140817 0.05267263927705746
 0.04847962881182526 0.1027957571573788 0.05112864836194912 0.10240055589295509 0.056384053942011784 10000.0 0.08310409807578892 0.11741807824316387 0.06987279984299495 0.11262948932477528 0.103395545275774 0.05188206068175443 0.09762056926850203 0.05139855494918515 0.03633591906715598 0.05330839327821274 0.09872615880566453 0.045872195614935836 0.05696303281272182 0.05156406751939557 0.09208861216783508 0.07638967991089064 0.04879362575570089 0.057564236553817864 0.09921142963470965 0.03704032359388482 0.09145423063180408 0.07998202390181756 0.024732122215094965 0.0837195572431004 0.037447125220177194 0.031249666518802077 0.029486237876189907 0.07038190872587641 0.057905100640994016 0.05946959556558942 0.10339253416262287 0.02863854170166491 0.03063355771064915 0.0903269803961723 0.07061655202402768 0.12192539980439594 0.09079330773723143 0.013534520563953191 0.05304011489708587 0.06298565969969244 0.08542918462014179 0.12138589576158179 0.08689876652988715 0.06402085822292919 0.10626492119457477 0.07804660045996434 0.0835385804026805 0.06095568851736138 0.10076757284284353 0.08960759094529358 0.08179307974394644 0.12224910383523567 0.05150134913913614 0.10023460888296686 0.11413763379185769 0.08364284680096723 0.06284823561091896 0.08115624803612262 0.07492830587532064 0.06129300905590573 0.08895515622402317 0.07490385339860284 0.06580597497722855 0.07305896714561551 0.10223131249840295 0.06567201571732612 0.10816599244064444
 0.07810753243267404 0.04827673558776765 0.03692446504675947 0.04240214798705437 0.04844045719681698 0.08310409807578892 10000.0 0.07243261412628949 0.017181488284332698 0.06095492742281831 0.07288445145352135 0.048723129691055724 0.06406825708723285 0.03604376177892534 0.07031805326849104 0.030487010870378434 0.04458700610722362 0.044825213797414484 0.030661042219146024 0.0965479074680733 0.09302659576636915 0.01711016643222301 0.08245632905485431 0.025934905013097725 0.041320762320752796 0.08519656557862962 0.019265435014711355 0.023102235086984058 0.0660844045123683 0.004881115579176671 0.050700060221928606 0.0521276553691039 0.07717104047868324 0.016409299377584813 0.04609612061236965 0.023671153870541577 0.07381023939917271 0.054545290807995944 0.08774622506339003 0.07481831691232946 0.05447422641074797 0.07310473514989053 0.059872789571357096 0.08873738537545076 0.034243286377675784 0.040119999561763334 0.06144831447551469 0.07225173206107473 0.06327783344473109 0.05559936289646437 0.04715780743127123 0.03419678603931442 0.05098841728168238 0.028550515300006876 0.03404061314499431 0.02218491723234875 0.06704649284834512 0.06795935670266358 0.07220746118923597 0.03434648354817514 0.06643736429311015 0.037022428763514435 0.03059773810467838 0.06228549697318095 0.08496158837267373 0.03077237072578332 0.0803756960821461 0.09158891220750293 0.017838873797855457 0.023157271241003013 0.07391485822895441 0.029021568334039828 0.07157522014425204
 0.07877789707235781 0.02422249392542377 0.07225775722960054 0.030750100478375477 0.061218400525948034 0.11741807824316387 0.07243261412628949 10000.0 0.06616163865532981 0.01235813094496095 0.019032160561802673 0.06583180444816533 0.020506694213097285 0.09551049496883286 0.08401913607958983 0.0776247742726554 0.02787084560240711 0.07385722451106062 0.069570090567469 0.09367859711787448 0.05355816276055742 0.05954494362264746 0.08197578519454198 0.07671621981163455 0.031203910176397093 0.09367907547294932 0.053740665902118935 0.05208156176969205 0.09271088173642014 0.07718952174673861 0.10418370302772674 0.09723845135209781 0.09322811397809368 0.0664295945401785 0.060011765354949 0.08019752528730117 0.019892272989081958 0.0976833786514096 0.10083676281974575 0.03601325987499124 0.04701577942036983 0.005913747381205469 0.026944593184518383 0.11413775421346546 0.09437928603885881 0.05642493882583716 0.033190708352453725 0.005987035562375942 0.032275627763210614 0.05378793278583379 0.02662407623915677 0.04529331765315122 0.0340627846111342 0.06586986296391417 0.04022013701249395 0.05026821075898107 0.03973270630967345 0.01281982074015273 0.07219290143631465 0.039554625444654476 0.006139291949991367 0.03964149631002093 0.09731054030609666 0.038103549943833005 0.06116491837538376 0.0635102905353043 0.042674261721405364 0.06810693104074395 0.08039644743336297 0.09388476073588684 0.021411197872658088 0.05976278625198964 0.011816354615417348
 0.06092855954904329 0.043527952475538395 0.020531190817742375 0.039620860159517504 0.03137417426272677 0.06987279984299495 0.017181488284332698 0.06616163865532981 10000.0 0.056220711860729924 0.06245998600028199 0.0315417199041454 0.05365850238405016 0.03046525491252943 0.053479857387610255 0.016810213420104102 0.039222287822451386 0.028225346900521264 0.014088640438491715 0.07940376049098379 0.07811730057751072 0.0076132725152820244 0.06528145103121566 0.013282814631775502 0.03733578649240137 0.0683612800642857 0.022032936144678314 0.014423886714750542 0.050533828970364146 0.020728349779638913 0.04243491114989145 0.04032369859222604 0.06072956636452356 0.0007756272420297353 0.02908911897655121 0.014763808183338048 0.0632265836582748 0.04223244000984216 0.07131483707539285 0.06130201852174076 0.0390215489012626 0.06817134580648383 0.04830328346502838 0.07391994520410851 0.0290553734587116 0.02351345503145604 0.048378915948198216 0.06737538276121688 0.05032978379245905 0.03921682837167508 0.04442222632225426 0.022112465951081732 0.03866411269271663 0.011439268903769803 0.03421257087092874 0.02133358079193366 0.052737038968657675 0.06472568467442073 0.055042979264684676 0.03402151069611648 0.06066153043172017 0.026922268342487822 0.031186238486551165 0.04825115196722563 0.06874155807122029 0.013597913294555047 0.0660962484940151 0.07510588612869551 0.014325171583915455 0.02943993843370962 0.06302991949585433 0.012335348564387377 0.06267750808725506
 0.07800262838940993 0.012849904408241547 0.06490426973634199 0.018729199657115742 0.056339091911214924 0.11262948932477528 0.06095492742281831 0.01235813094496095 0.056220711860729924 10000.0 0.02502600601634193 0.06076519580332717 0.021658203849527814 0.0862621812812833 0.08119628075591746 0.06909911794753404 0.01702416634473744 0.0676360807458779 0.061404558023437104 0.09440504375899436 0.05963626039894733 0.049192686152843376 0.08163063785586921 0.06765834562028206 0.019674767302233463 0.09233291324925572 0.041968251874143866 0.04184882000042479 0.08820250573490118 0.0656305705205123 0.09603988410098269 0.09007910425708779 0.09052619219931454 0.05640017855028609 0.05472614821759198 0.07068173998809046 0.026152867311030014 0.09083462598174351 0.09900530322315594 0.03994289863606274 0.04404319639308778 0.01217534337312398 0.025973882162653058 0.11071042183697266 0.0850060036608838 0.05003262651434134 0.032820102009129555 0.011333803522679733 0.03262653033657944 0.050793418839764626 0.014361110232815938 0.036833699618492706 0.029735133330236998 0.05746583795910021 0.028042259402036595 0.03878914995606074 0.04077663588331033 0.009619616023831552 0.07104704331849704 0.0274275835489648 0.006335478803238579 0.03091154283676717 0.08708294963656903 0.037781875117765394 0.06413599615437157 0.05545510439762574 0.0472555931357035 0.0715305588218276 0.07020585574852008 0.08294700133739898 0.027417425972375415 0.05137867856508833 0.018660384780728408
 0.06151274819322054 0.030090129709777865 0.0630607291857493 0.03707767576554804 0.04887327261221047 0.103395545275774 0.07288445145352135 0.019032160561802673 0.06245998600028199 0.02502600601634193 10000.0 0.05348467607901992 0.008861525310944784 0.0890433140384144 0.06841933014349284 0.07030254785393915 0.031460322216655325 0.06278253710605783 0.061951619762599885 0.0753617199736996 0.03498574930239181 0.057296238014762066 0.06436655076094831 0.07050222482024944 0.035732429542272674 0.0766380402379345 0.05641669508652925 0.050153580717967425 0.07875959011609282 0.07776362857105766 0.09532646999279777 0.08686191042734204 0.07734502777297414 0.0629254493285353 0.048309077806082304 0.07482540231913502 0.0011641016560431819 0.08680566253463516 0.08409434838516648 0.017092686786934954 0.03328407054540712 0.02494324668933302 0.014632429059029744 0.09867969894170792 0.08821408738545894 0.04665214974613719 0.018164316498567628 0.024946048041720403 0.016541633518826267 0.039524063721361115 0.03493520777598349 0.04035132933225982 0.024387584740471126 0.05891459966311037 0.04612336587781256 0.05209027056976328 0.02236365827821287 0.03070749984252995 0.055336371977436294 0.045213826775205586 0.02057261691326849 0.03612152247818936 0.09308688980760352 0.022241113414995992 0.042252609124878174 0.05604946838521161 0.02364361012956214 0.049100904535726075 0.07662188192141949 0.09175559509566109 0.00245404887109342 0.053185688568052926 0.007249471128120885
 0.02939481390293543 0.05139488041850648 0.015076301335894073 0.05193461981260101 0.004650135612630817 0.05188206068175443 0.048723129691055724 0.06583180444816533 0.0315417199041454 0.06076519580332717 0.05348467607901992 10000.0 0.0466611124449747 0.04215004165148262 0.02381727797084237 0.025074105602498648 0.047529355861425926 0.010255916816766316 0.019302136873084897 0.047986272225418444 0.05445090659213869 0.03413931781051421 0.03376266468311895 0.028275895013508637 0.04862306499303226 0.038217963483563225 0.04729133275329249 0.03391784810450984 0.027486487108670785 0.05206378745066005 0.04375937184234659 0.033935420698804515 0.0325258376731686 0.03231387556518507 0.006070263914867078 0.03350834372235228 0.053708213495450796 0.033540716076625725 0.04265144940847734 0.043898428917408416 0.02029741907596035 0.07014680069309183 0.03977197892939594 0.05066283897466978 0.042086732709458244 0.012313568840179222 0.035364305686667694 0.06958495521545677 0.037124279410722806 0.015050675032430148 0.055324124795785294 0.027948392283766207 0.03179027981710932 0.020275582892915523 0.05231331722488267 0.04391639922189973 0.03433918515969652 0.07038377167279765 0.02361159618939872 0.051588045566585014 0.06231398820821018 0.03289192871827879 0.05068640639278693 0.032009052109825624 0.04112717738573031 0.01796995758594648 0.04555763203391174 0.046251336747263436 0.039133050259635475 0.054814898989469715 0.05277833857929926 0.020571248989990517 0.05732239217971242
 0.05833092773562798 0.02317081488806306 0.05515700693511284 0.02980053514693716 0.04201124535144999 0.09762056926850203 0.06406825708723285 0.020506694213097285 0.05365850238405016 0.021658203849527814 0.008861525310944784 0.0466611124449747 10000.0 0.08064295293325394 0.06363652839800513 0.06199478275091528 0.023749877969246134 0.05548811064980972 0.053660984566192886 0.0736936344920041 0.03879998038648674 0.04843579453645846 0.061615460357509304 0.061999837991408256 0.028025136094423607 0.07318582226632975 0.04788329145383291 0.04129586337544354 0.07289011907453305 0.06894533225950779 0.0874641699822912 0.07942861104538812 0.07280256709213621 0.054113411434246056 0.04115468811647135 0.06621895302979253 0.009744918062485055 0.07954688849047002 0.08033015990766404 0.018471767646046546 0.027004079857626175 0.025895818615460198 0.006889957686994138 0.09383044260951011 0.07976112119868642 0.03878169963321706 0.012687088681186601 0.02560181970229237 0.01182170529639287 0.03365647006212043 0.028438262324951575 0.031546191305066744 0.016061915484433042 0.05047921798339587 0.038383813703244646 0.043486301120454554 0.01961913825506079 0.029518833154640055 0.05169781909048588 0.03743899024821717 0.019308386578787376 0.02726053209226941 0.08439241072655149 0.017603879641893517 0.04251530261227844 0.047690028587280976 0.025879436990075617 0.04987897649421908 0.067857065346346 0.08291771630975542 0.009917861770442439 0.044651274265735605 0.0106618336185835
 0.06557344168412584 0.07374426206180289 0.027709621869074653 0.0700814798187588 0.04526874955162068 0.05139855494918515 0.03604376177892534 0.09551049496883286 0.03046525491252943 0.0862621812812833 0.0890433140384144 0.04215004165148262 0.08064295293325394 10000.0 0.05308011432996944 0.0188446484509157 0.06938699831598384 0.03241004459845003 0.02716550861461525 0.08082710578783349 0.09649935233640122 0.03800014151862399 0.06912455158403254 0.018815394208250437 0.06773799303019071 0.06619095607208976 0.05091537251455533 0.04480132335259865 0.04238420777711567 0.034998176627915614 0.015149691354809001 0.02112366518243995 0.05617793840943574 0.03045995717275696 0.04431903626076091 0.01570751522381443 0.08961937370515977 0.02404682261651583 0.06566595156261269 0.08378984401314962 0.05936321432634318 0.09800660349404157 0.07441604657786446 0.060272575511688055 0.0018305180916180508 0.04313699128752951 0.07253848773045561 0.09723825131218741 0.07451994844547012 0.05620034065808161 0.0748706092146838 0.05025812425800312 0.06466798092337514 0.03016473808815055 0.06438207941964605 0.05128169113043549 0.07430266051138015 0.09500862999890833 0.06233539958534303 0.06427285823403944 0.09030716158961184 0.05587411777592933 0.011877632819744962 0.07077434394168544 0.08307850250088339 0.03299459458608171 0.08674208145702088 0.08761263679254391 0.018655014796643034 0.021663045414416597 0.0891149847069931 0.03608400708151298 0.09056546887869409
 0.014124964183187273 0.07338199404392483 0.03349017995481436 0.07482096135311106 0.026847156106086973 0.03633591906715598 0.07031805326849104 0.08401913607958983 0.053479857387610255 0.08119628075591746 0.06841933014349284 0.02381727797084237 0.06363652839800513 0.05308011432996944 10000.0 0.04185305914202284 0.06986174792750684 0.0255540894720495 0.039657561145461255 0.02787265769783877 0.056175975824131134 0.05728670985738349 0.016638647979533506 0.04622340538268653 0.0714781262185919 0.014884743435962248 0.0709824321069857 0.057679200827110484 0.014639404919938297 0.07297210384877538 0.047371929202532415 0.03561734628227675 0.009332746294652179 0.054216163317001125 0.029198573851073654 0.05076129349187393 0.06828355116673637 0.033422516675255885 0.0188722201572378 0.054342954900058076 0.037265461455156516 0.08903676854094186 0.05707605784078407 0.030268496116187402 0.053810865130100055 0.03600933090811444 0.05102623384518508 0.08860425574861197 0.05224727575158032 0.030458990088131205 0.077792141642425 0.051441661882058815 0.05146437504437899 0.042095519244615395 0.07593533291978201 0.06770892944812923 0.046274205029727705 0.0906604797359627 0.015274679699302199 0.07517696229406126 0.08158334288012241 0.05594394271672069 0.06414333834279456 0.04636218040334397 0.03922656941973602 0.04055183909581644 0.05264057910672385 0.04048492222388231 0.0573841752952836 0.07112536349377402 0.06701930491946924 0.0438727394365813 0.07383594686883053
 0.05212040214658053 0.057002182842120504 0.010000144793850469 0.05429392768291005 0.027414974801212705 0.05330839327821274 0.030487010870378434 0.0776247742726554 0.016810213420104102 0.06909911794753404 0.07030254785393915 0.025074105602498648 0.06199478275091528 0.0188446484509157 0.04185305914202284 10000.0 0.05261411894993002 0.016985751905438128 0.008351940504241614 0.06937376235631074 0.07854596103567771 0.023960384494399575 0.05616441986502642 0.004606362394368038 0.05158872986466339 0.05643918640431612 0.03881024674500339 0.0292655751665146 0.03574587214780061 0.03212423696944244 0.027026407282828624 0.02353952416390384 0.047605222365741995 0.01723634802857226 0.026109872730691028 0.008966240862294231 0.07085480968437964 0.02542399485502371 0.05806168925582145 0.06505539588029408 0.040698221341485354 0.0805104271406845 0.055670123231867 0.0582670273173516 0.01823448553423736 0.024320261205913032 0.05369385511880112 0.07977613378400503 0.0556754962614749 0.038025600046153185 0.058879964446978364 0.032410274910452744 0.04596538470326714 0.011755510787307855 0.05016748629930509 0.037736357973234866 0.055621181754150935 0.07820165341425256 0.04755996255791969 0.04984960808667594 0.07268197556853623 0.03824947994342583 0.02572300386743524 0.05198671277202185 0.0661111391789594 0.014318788110806831 0.06826523117929438 0.0713215590668025 0.0155359227753191 0.030081812203535993 0.07032197137681041 0.017863935646740967 0.07207209256588235
 0.06924739908909978 0.00438876996700984 0.04929919750063206 0.006474095105827402 0.04350386978720421 0.09872615880566453 0.04458700610722362 0.02787084560240711 0.039222287822451386 0.01702416634473744 0.031460322216655325 0.047529355861425926 0.023749877969246134 0.06938699831598384 0.06986174792750684 0.05261411894993002 10000.0 0.05299851975870987 0.045221740478923536 0.08707022842436149 0.0612627737234048 0.032169754658092145 0.07329555571022017 0.050907878411675996 0.004285579311007051 0.08246392341364443 0.026206114259245045 0.02483080269376828 0.07487442874865297 0.049368930958896495 0.07963563804100603 0.0743515629471935 0.07911061652164895 0.03938891001051407 0.04149616594330443 0.05375465026769355 0.032570877815744595 0.07533741125804343 0.08842239633781143 0.04054838206668393 0.03456808500896304 0.029101525506564623 0.023342751915089464 0.09818224305160603 0.06809480408105718 0.035772798093595924 0.028931637410152852 0.028282336710434848 0.02979431964786786 0.04064799874240847 0.007946780083642966 0.021007573387952796 0.020801551390921387 0.04116537625979772 0.014680342671280804 0.022472909652950845 0.037307508211113234 0.025651295995534003 0.06209315367560499 0.013758844331720735 0.02195812830373774 0.015166761602646482 0.07006227307502369 0.032918937382336325 0.06104141642471739 0.039441151674282214 0.04780483482946689 0.0686627434880501 0.05318182397020614 0.06611774578516755 0.03320581859773707 0.035183414037259754 0.028169248594637326
 0.03513680831312627 0.0571525453731387 0.007936094142271078 0.05652944741248483 0.014340159411498882 0.045872195614935836 0.044825213797414484 0.07385722451106062 0.028225346900521264 0.0676360807458779 0.06278253710605783 0.010255916816766316 0.05548811064980972 0.03241004459845003 0.0255540894720495 0.016985751905438128 0.05299851975870987 10000.0 0.014199488330820338 0.0526050945891585 0.06455869660628494 0.03292697558036849 0.03920428403462712 0.02103210438984198 0.05334897046454987 0.04040314505300951 0.047517293063116646 0.034944158866630916 0.023278072896833257 0.047418087424528466 0.03354074790304889 0.024105698054103196 0.032504413718423865 0.028934514290775575 0.014489296443972352 0.025925089286303344 0.06308877419509844 0.024061703363407877 0.04308949609033385 0.05401772591545382 0.030017374736876226 0.07778125161147716 0.04865185920806477 0.04716472470505862 0.03251761011417346 0.01761178357287749 0.04483755662832288 0.07716040772150294 0.046677496379463196 0.025239670028901217 0.06043824909719223 0.03218865461266165 0.03993629019782409 0.017119544979634384 0.05521839167513653 0.044929718753027356 0.04443102395162684 0.07721103961301799 0.03070012468748966 0.0546285728232861 0.0698623315812996 0.037854479834720796 0.04172819092212682 0.04183198992679945 0.05067772489789934 0.016336665210782714 0.05581198181037927 0.055275171332262445 0.03226786179416177 0.04702990025343639 0.06224656741546473 0.02042913577395538 0.06611262691824943
 0.04811621862029498 0.0495911638086562 0.006446889061438081 0.047439768731144936 0.020621566957045052 0.05696303281272182 0.030661042219146024 0.069570090567469 0.014088640438491715 0.061404558023437104 0.061951619762599885 0.019302136873084897 0.053660984566192886 0.02716550861461525 0.039657561145461255 0.008351940504241614 0.045221740478923536 0.014199488330820338 10000.0 0.06620374223677333 0.0711064203864172 0.019567835599285256 0.052370427186998546 0.009639361869278907 0.04456164061933348 0.05453555054354829 0.034578041141392124 0.023248489678844922 0.0365617135628045 0.03343960552967703 0.03468220843387565 0.02937137931599494 0.0466786831916689 0.014777715419381306 0.01891546634392061 0.014849813621540791 0.0625028692245015 0.03069421923211826 0.05726604839558838 0.05694769124992818 0.03272684467567257 0.07262503842737711 0.04731925865237325 0.060142412064900244 0.026475633504310255 0.016164024300897698 0.04539652216616543 0.07190791862530167 0.04738176583357846 0.030633477547471484 0.05186321674545419 0.024576240032092685 0.037622525588611115 0.004169596495477731 0.04428536230940427 0.0326577612774446 0.04758840407050826 0.0706484748676186 0.04278479583659964 0.043852980087909964 0.06475419528170724 0.0304932582930272 0.033141912904341375 0.043821937884982 0.059470631341851085 0.00606646137170973 0.06041565311112522 0.06511710750370375 0.01990826402620756 0.03586069414403698 0.06197198095213455 0.010048282096828197 0.06378081988250017
 0.018844057123657484 0.08972670135066291 0.060423939983902455 0.09295454853981137 0.049229093042884864 0.05156406751939557 0.0965479074680733 0.09367859711787448 0.07940376049098379 0.09440504375899436 0.0753617199736996 0.047986272225418444 0.0736936344920041 0.08082710578783349 0.02787265769783877 0.06937376235631074 0.08707022842436149 0.0526050945891585 0.06620374223677333 10000.0 0.04995043808572943 0.08201723428998851 0.014435553818617473 0.0736030031458175 0.08969728698631892 0.015724105517227544 0.09429591620117153 0.08086235300940833 0.039717854670518235 0.09961714492523893 0.07385982588482276 0.06229571282068194 0.02596171591098408 0.08016898379790227 0.05175026561770109 0.0783325182608794 0.07480695933614943 0.05977909283206574 0.02093051026415481 0.05851673069612696 0.05254364200560888 0.09937503447345218 0.06845212794508296 0.03934878280535394 0.0816158138060689 0.058638210709410415 0.06161478497119515 0.09916310791972567 0.06200317999182495 0.04696842952735332 0.09485031524968296 0.07237471304109488 0.06649405543618815 0.06799753293086809 0.09628758672925909 0.09044541574515655 0.05408277303307522 0.10306739713547519 0.02569495224292176 0.09540646284453105 0.09298411291366988 0.07550501426230019 0.09199786925619072 0.05662891873027717 0.03450328981173453 0.06591557602511897 0.05348471247082546 0.030198397413977913 0.08483139904290335 0.09893698127626926 0.07330857245877032 0.06847420979947533 0.08212973807517401
 0.043752698662252044 0.06157688631406508 0.06889809473461506 0.0676720738406291 0.0512613233967144 0.09208861216783508 0.09302659576636915 0.05355816276055742 0.07811730057751072 0.05963626039894733 0.03498574930239181 0.05445090659213869 0.03879998038648674 0.09649935233640122 0.056175975824131134 0.07854596103567771 0.0612627737234048 0.06455869660628494 0.0711064203864172 0.04995043808572943 10000.0 0.07592270641240477 0.04435087526324926 0.08074578202285597 0.06532402854010899 0.05756128644009448 0.08114462864088101 0.07053784335804093 0.07020619872183792 0.09757926401899968 0.09739085477483353 0.08648062125062343 0.06272387034362797 0.0788059574824533 0.05243617899205003 0.08593082663687564 0.03396102203447076 0.08526841408072706 0.06544546717965981 0.020723559941166408 0.039134754334747376 0.0594175637910461 0.03794005952064183 0.08335517427624942 0.09631843241437207 0.05549506840585615 0.03325252736490399 0.059545187124835516 0.03190879279484273 0.04053075266568418 0.06699739457006638 0.059210847832118406 0.043686101152951434 0.06988728072108305 0.07517289824235751 0.07651330602226639 0.026163041292986806 0.0656694672789082 0.040931168084711526 0.07418558864586722 0.055553255967410675 0.05812597238485147 0.10417197774687798 0.0310557706627659 0.017209636662063897 0.0667349297547453 0.013518761753198426 0.01975767968141398 0.0901667189124705 0.10638604872193161 0.03253183640321412 0.06607453687596823 0.04211833356487669
 0.06326068987608517 0.036401072068569414 0.02583131654827165 0.032165798054394866 0.03293501972764453 0.07638967991089064 0.01711016643222301 0.05954494362264746 0.0076132725152820244 0.049192686152843376 0.057296238014762066 0.03413931781051421 0.04843579453645846 0.03800014151862399 0.05728670985738349 0.023960384494399575 0.032169754658092145 0.03292697558036849 0.019567835599285256 0.08201723428998851 0.07592270641240477 10000.0 0.06766968776655262 0.020775952282821104 0.030011875326334373 0.07205063868564276 0.015065173084419743 0.007472620850437346 0.05594921982787 0.021685272993028065 0.050016894647621365 0.04748027941124742 0.06513116746144147 0.007543492410048754 0.030457951819525226 0.0223279277133316 0.05814129530755872 0.04924738125325427 0.07565250458742089 0.05793462332774484 0.03742519399077355 0.06124869199972652 0.043636207491839406 0.07965572451620828 0.036548482915369586 0.023923484134982794 0.044648987489461556 0.06043706492961412 0.04652458907899486 0.038941815248726475 0.03699848862573313 0.017434788398044684 0.034374028587094936 0.015899357415807034 0.026604044545421503 0.013815107936625364 0.049982723299202864 0.05747950993941417 0.05691588756417141 0.02640827326386959 0.05388998784902723 0.021202639480069983 0.037894272619539225 0.04525532241822381 0.06808129770582415 0.016791692090533255 0.06333430768763879 0.07485413395856408 0.021016409742287828 0.03469002552881262 0.05808928682779733 0.013568359203677575 0.0568744449340485
 0.004416075589378958 0.07614571842631285 0.04683909314871011 0.07903963415975777 0.034820512609965645 0.04879362575570089 0.08245632905485431 0.08197578519454198 0.06528145103121566 0.08163063785586921 0.06436655076094831 0.03376266468311895 0.061615460357509304 0.06912455158403254 0.016638647979533506 0.05616441986502642 0.07329555571022017 0.03920428403462712 0.052370427186998546 0.014435553818617473 0.04435087526324926 0.06766968776655262 10000.0 0.06021874385420957 0.07575153037716185 0.01327717386738345 0.0798603711151024 0.06642761271056591 0.030815505604004704 0.0856664122286614 0.06400639387156164 0.05224995510566788 0.01948255096635646 0.06605126591537977 0.03733779353758634 0.06512104159738887 0.06395574822664671 0.05005810024507186 0.02118809672712571 0.048199655071004155 0.03873584050845185 0.08750178948096064 0.05588994044682455 0.03908025064581759 0.06972568427334402 0.04420969564543627 0.04914748825093494 0.08721727606177877 0.04979648665540833 0.03284605579285972 0.08115045251652231 0.05800969316316201 0.052975072601570306 0.05392883527348779 0.08205023210216589 0.07601606208665751 0.04228616532513522 0.09058526574025931 0.011360455299282103 0.08118177124751859 0.08072204193079395 0.061288044361316255 0.07982932952568944 0.04413324281146631 0.02725441602888553 0.05173079986814672 0.044419619739353496 0.02615815551762199 0.07144655107823641 0.08608283364860948 0.06251791848462274 0.054151856802098455 0.07075684517088938
 0.05610688507023856 0.055288368941713545 0.013492719219080488 0.052086001325361085 0.03008380709176975 0.057564236553817864 0.025934905013097725 0.07671621981163455 0.013282814631775502 0.06765834562028206 0.07050222482024944 0.028275895013508637 0.061999837991408256 0.018815394208250437 0.04622340538268653 0.004606362394368038 0.050907878411675996 0.02103210438984198 0.009639361869278907 0.0736030031458175 0.08074578202285597 0.020775952282821104 0.06021874385420957 10000.0 0.04954404553115039 0.06088251050945397 0.03526049636880907 0.026786088540289972 0.04035212765289766 0.02751795479025113 0.029301311110074373 0.027280536390962618 0.05214840258668654 0.013578250852774905 0.028494066432193974 0.005266548527651192 0.07111996944453286 0.029371572688387443 0.06262505204040274 0.0663530827448238 0.04227217327420687 0.07930259291067576 0.05590840001515833 0.06280253407745849 0.01779656039955982 0.02564222821339128 0.054484720939495065 0.07854391089300347 0.05647661883054387 0.04026503665878732 0.056780836210440604 0.03144596638150678 0.046117983259089196 0.01165949333507048 0.047319566885393946 0.034578604073629504 0.05707154357695208 0.07655908116511703 0.05128364862978338 0.04707291170760714 0.07156316138739653 0.03709585668738643 0.02354866360214035 0.05318112695633777 0.0689525018305915 0.014709724392928917 0.06998849560041587 0.07443489886485873 0.011236029964319709 0.02653919326929038 0.07068167371234042 0.017352545149533476 0.0718132828953259
 0.07162199550584174 0.006981766116561952 0.04907485227862344 0.00334439477102646 0.04482118998598475 0.09921142963470965 0.041320762320752796 0.031203910176397093 0.03733578649240137 0.019674767302233463 0.035732429542272674 0.04862306499303226 0.028025136094423607 0.06773799303019071 0.0714781262185919 0.05158872986466339 0.004285579311007051 0.05334897046454987 0.04456164061933348 0.08969728698631892 0.06532402854010899 0.030011875326334373 0.07575153037716185 0.04954404553115039 10000.0 0.08446468396301676 0.022547259889220083 0.022938148252261526 0.0757091154282758 0.04603481609082626 0.07858684132776607 0.07388914726243745 0.08064778984203581 0.037426000936464546 0.04267680612400451 0.05203872273919929 0.03684619304862326 0.07503088595072972 0.09018522571822352 0.0446323279674792 0.037164830423512915 0.03184888404818308 0.027384081001256763 0.09924455871133714 0.06637275804340247 0.03655889559091334 0.03271845221287743 0.031004135364601768 0.03368869330222538 0.04294028399844246 0.0073044027618852075 0.021164976592337615 0.023980846406092198 0.04042983343683021 0.010396768373976017 0.019137362806356393 0.04100906763378213 0.02748307309032713 0.0644666798911405 0.009481397341320136 0.025149987853792143 0.01574149392155072 0.06775711011179857 0.03649295226739772 0.06458135581238478 0.03899686328640237 0.05183818051967562 0.07219510897757819 0.05097472489666825 0.06330338795647839 0.03748955526204383 0.034628824599679135 0.03228610967597721
 0.01517923381664857 0.08568990350538423 0.04833606015207628 0.0878028179557181 0.04070189853862991 0.03704032359388482 0.08519656557862962 0.09367907547294932 0.0683612800642857 0.09233291324925572 0.0766380402379345 0.038217963483563225 0.07318582226632975 0.06619095607208976 0.014884743435962248 0.05643918640431612 0.08246392341364443 0.04040314505300951 0.05453555054354829 0.015724105517227544 0.05756128644009448 0.07205063868564276 0.01327717386738345 0.06088251050945397 0.08446468396301676 10000.0 0.08550927629719401 0.07212451491948223 0.024301766999425503 0.08780785086431227 0.05839833538495365 0.0469638397653043 0.010341894168480718 0.06909871935177549 0.04316774881229492 0.06527121383396207 0.07630553973825716 0.044359153179874516 0.00791092309795118 0.06091350988221784 0.04847137580298735 0.09904154611909581 0.06708523845004273 0.02620029738780979 0.06710965769523884 0.050119441584613705 0.06053521888136305 0.09869962988170322 0.06140663113245514 0.04194834927852472 0.09040584312640393 0.0651832050415457 0.06294369635507678 0.056967867596175885 0.089670774561474 0.08208676200911978 0.05432509441535779 0.10155113848264773 0.021488128988458373 0.08886951802145707 0.0919681931664705 0.06926286233903274 0.07764024788750461 0.055582012560804334 0.04051675073022694 0.0553653250730808 0.057509786147625294 0.03892466963047575 0.07196890375626921 0.08521488732153923 0.0749085290386254 0.05857001235791021 0.08276043781371323
 0.07545439002727121 0.029522657064128665 0.040739737705972424 0.02328102722508081 0.04519741211730637 0.09145423063180408 0.019265435014711355 0.053740665902118935 0.022032936144678314 0.041968251874143866 0.05641669508652925 0.04729133275329249 0.04788329145383291 0.05091537251455533 0.0709824321069857 0.03881024674500339 0.026206114259245045 0.047517293063116646 0.034578041141392124 0.09429591620117153 0.08114462864088101 0.015065173084419743 0.0798603711151024 0.03526049636880907 0.022547259889220083 0.08550927629719401 10000.0 0.013454586349565471 0.07071901371713003 0.023766793456362102 0.06405091120087462 0.062344914071222265 0.07923065227122887 0.02168609142865129 0.042672224484237194 0.035790560211859834 0.05744096395986088 0.0642009673629399 0.0896419869376228 0.061398851995166946 0.045396841343769125 0.0540569931961885 0.04492953527716661 0.09451933000174483 0.049284911116960775 0.03571049149791312 0.048081419024476706 0.053198273245203986 0.04965918100118591 0.04873599281403809 0.027964688157857576 0.02313416983610744 0.03749371266688596 0.03076704855887575 0.01479791419337104 0.004632075788758346 0.055088301700113 0.04871389145354361 0.06871252731712586 0.01508149171928522 0.04766247748723248 0.023023082929041084 0.04824152209480451 0.05017445430098456 0.07616854417756064 0.03118420118649783 0.06783003010995158 0.08342721026464725 0.03251992892208732 0.042138836346823104 0.057786330480117616 0.027300472820786025 0.05409999086416038
