NAME :TPP_input_16_4_2
NUM_VERTICES
61
NUM_CLUSTERS
16
Full Matrix
 10000.0 0.031179813961915426 0.051258337699095755 0.059231054803804556 0.09890224371157995 0.051347352806454076 0.09074971584386196 0.05617858539071749 0.03791044661327202 0.04205633734194258 0.03712496694869418 0.0440218452898327 0.10311630716837858 0.04151715899563767 0.08808119358086781 0.07716214653785555 0.020349047532748563 0.09232111815556683 0.04857119167257706 0.0137163246807554 0.07155583235475241 0.08536397063712999 0.0828772352482441 0.05033515089803398 0.09252681562047861 0.04478227766808757 0.07485333122827681 0.08577739319552122 0.11485728504855285 0.08296292453315524 0.035384932221714745 0.045343221174578195 0.07337904665548928 0.06118662837442511 0.08460280391598288 0.088228220901667 0.06817343176002312 0.008795247182975268 0.06937651223584991 0.032522247856475 0.08658203053875962 0.05633243933995694 0.07981396269496491 0.07016846043529716 0.07160028159402271 0.07578838461260953 0.07087939382456554 0.07832280684765958 0.07173705797966548 0.04535857771494649 0.09875544878105273 0.09254426339848675 0.08133338312001526 0.06881197198220593 0.07112528070937771 0.07428265613766673 0.014873761779409338 0.07845076312925511 0.07829649755547714 0.09057460822640007 0.09373280353780386
 0.031179813961915426 10000.0 0.04302243287528171 0.07865164309642271 0.08384415740522969 0.03779357338146945 0.06248307218608634 0.06337973525524285 0.05821823048493373 0.05159303474202545 0.024288031913560115 0.021380006093167606 0.10024512412191122 0.02433282211430367 0.07614031869810063 0.057586011438876726 0.019148680535801117 0.06376606095210151 0.021323861180834434 0.02154486876651326 0.04344649222129212 0.07798252514287042 0.05636708369097296 0.05670222913364941 0.08391398174012869 0.02446865372488739 0.05068421492129558 0.05788567897626479 0.10597253326069282 0.07033767935357217 0.01169878102278661 0.054169711597082795 0.05151849843792273 0.03090553163598559 0.08027010760526126 0.05989354729172398 0.07190717379867993 0.03284445774128066 0.050854309697545216 0.029573573533084454 0.06738767511618154 0.05779814480133554 0.055112692378503504 0.05508458067693924 0.07880147915053892 0.09634673727172459 0.05518090036036779 0.05806883374003067 0.04668282839219113 0.025242972963942286 0.08487484709438632 0.07349565557206382 0.07698030077536475 0.044630169464874005 0.07798790442228648 0.08397613829922994 0.0373613592729871 0.06668912354820085 0.064972975820846 0.08719469507370115 0.09319414391306904
 0.051258337699095755 0.04302243287528171 10000.0 0.05622332740901548 0.04789947379897164 0.0087213193291537 0.05810529861340422 0.02940832373952575 0.04455712331986379 0.02678777448541861 0.01880031365084054 0.025753694470500965 0.05722712924209618 0.01955702695752547 0.036837629661731534 0.03093061433856353 0.03293836849608391 0.060269275621976114 0.03308473212056276 0.053604315704764836 0.043711649215352304 0.035655446741226074 0.04729299463611771 0.024467316795916946 0.04226078398206079 0.02192130534372135 0.036481567378054455 0.053080096557133145 0.06472420134270665 0.03172624268703625 0.03190203819695205 0.026646246515723206 0.03133254493217136 0.0458546377355165 0.03726904580031924 0.056300322832972254 0.032457351537048984 0.05903178565140378 0.023567274823119277 0.018769016140231975 0.03864184828994649 0.01926850600807264 0.0410932280785281 0.02054318658857394 0.041366878396929915 0.07223872227241954 0.02165678265752391 0.03273406875814202 0.03623742454549457 0.021367557883614982 0.047544376628990144 0.043966593757245084 0.0339674434622199 0.032659020831221484 0.040360210894400755 0.04819888112003932 0.04225054281339886 0.027192463331144 0.02724027871431905 0.04417318470252011 0.050411132017932465
 0.059231054803804556 0.07865164309642271 0.05622332740901548 10000.0 0.09095407476468746 0.06407993661026079 0.11432128356117004 0.029357392674804857 0.02146554406745817 0.030484495859020844 0.062431431495425335 0.07430595896396723 0.07066273882579689 0.06734056904507359 0.07755255165443431 0.0852548069183186 0.059530362510675214 0.11647802362431409 0.08242033264782832 0.0717255076061423 0.09899682310930172 0.06723929482148938 0.10351142213351334 0.0321031465741158 0.07407007782332443 0.07166547968036567 0.09267875053234864 0.10927259582090688 0.09091093979175185 0.07570562082635342 0.07338989919652221 0.029744945614734758 0.0872342261846734 0.09729302692358434 0.06100882526856933 0.11248071729552767 0.03777056465385285 0.06695446624473748 0.07886795005300871 0.05263798459617379 0.09059379787444027 0.04032351838045784 0.09719153630583868 0.07323956847255558 0.03188222087232292 0.01771646694048295 0.07467558265666208 0.08726408851517224 0.09239679335778232 0.07156501116008805 0.08852240480513007 0.09442778493948342 0.05921164028254773 0.08879769673687925 0.03239126401396914 0.028029116713786727 0.04501952015778868 0.07152560864814976 0.0743216671564914 0.06285876978486238 0.05961133603980402
 0.09890224371157995 0.08384415740522969 0.04789947379897164 0.09095407476468746 10000.0 0.048093669023525965 0.05354767590615532 0.06221836690664945 0.08749852661945542 0.06907015710049541 0.06314015605179671 0.06249205737590644 0.04072608321108294 0.06050256069248872 0.01341304096624987 0.027881305847712264 0.07957897782806317 0.055354162726748146 0.06506709528778216 0.09946433668873664 0.05542636281248246 0.024810946050875807 0.04567577723412961 0.06209704161646138 0.02029079405722916 0.05943461963871994 0.04067755577744881 0.051585049295993016 0.028865955991810147 0.01660634538514939 0.07229777412429184 0.06717408709643351 0.03572029358496153 0.06851301838242982 0.03269973276357776 0.05386242160025171 0.053664455326608525 0.1063005409837319 0.033217630869652424 0.06642311614772478 0.01969871267630765 0.052606388984747995 0.039887260627749194 0.02923208857962729 0.061923285693608575 0.10201522923146612 0.02886742206533967 0.028362937143515107 0.04496927460549738 0.05866339003137474 0.003918536775402325 0.015728960060796875 0.03313672535579419 0.044410591431748844 0.061027785549387085 0.06891784139420999 0.09001096572696374 0.021327630804948174 0.020660782556891473 0.03544343707442954 0.044545993889586244
 0.051347352806454076 0.03779357338146945 0.0087213193291537 0.06407993661026079 0.048093669023525965 10000.0 0.050434800422343724 0.03801258936624296 0.05077448292334067 0.03398694192378796 0.015081304493813575 0.01836842928750322 0.06324537143510657 0.013461583964498617 0.03879333668362707 0.02656135127385393 0.03156266440595288 0.05255321382193027 0.025026730146849134 0.05141442954775862 0.03521815712528592 0.04028896811722774 0.03986508188868624 0.032786146302899874 0.04612110572627539 0.014502026903769366 0.029291911931608117 0.045316496854452555 0.06825245055567504 0.033137001712694805 0.026174408498978962 0.03433773931129543 0.025024369336213718 0.037233283315491465 0.04329050176722391 0.048494227295284 0.041012867967166286 0.058371238629866 0.018700456990066224 0.019709466605480987 0.03550432579569505 0.027989269743192293 0.03415915510870946 0.018946466877321547 0.05004307691102173 0.08045213782472738 0.019562085993897124 0.02805193826439572 0.028432050841441 0.01382892942250067 0.04844919091938291 0.04133932990902712 0.04011578611895489 0.024819960125769456 0.049029714965917195 0.05691424842094724 0.044645018741812356 0.02915509587428169 0.027965685208572556 0.05033871914529014 0.05735567893196382
 0.09074971584386196 0.06248307218608634 0.05810529861340422 0.11432128356117004 0.05354767590615532 0.050434800422343724 10000.0 0.08679125460753716 0.1008029103142765 0.08442010394448038 0.05731561329811279 0.047234425248530845 0.0910427296106955 0.05185158260218829 0.057251286356590846 0.03334967078306828 0.0714242108893726 0.0022284364282273124 0.042253738366297665 0.08384198130178744 0.01923225996791867 0.06818902177884516 0.01103627907865772 0.08247889225086365 0.0686699046058062 0.04761182728669808 0.021871281080349782 0.0052112776013512555 0.08239971929931597 0.053312732033417604 0.05538469410796023 0.08465235951497205 0.02811564565407951 0.032666614453889284 0.07561025681882268 0.0025942333807202093 0.08582186055315633 0.09459755929301918 0.036948270565854556 0.06670428177863175 0.035454884464938184 0.07577124166111517 0.0180790858521981 0.04463880446492667 0.09556278200524407 0.13019485228604366 0.04322650356363381 0.031416451312894 0.02200534553675431 0.04727624463166463 0.057040012636660614 0.03785922836517806 0.07384546957178625 0.025617380296822496 0.09450084386886765 0.10303996772140503 0.08994380694079546 0.0540888556641031 0.05004716400440616 0.0814880422152874 0.09088775195638457
 0.05617858539071749 0.06337973525524285 0.02940832373952575 0.029357392674804857 0.06221836690664945 0.03801258936624296 0.08679125460753716 10000.0 0.02783771553474791 0.014122461648453795 0.041547487111028236 0.05228998684996796 0.0496402232744184 0.04518736368546838 0.04882014608880509 0.05634127639597952 0.04638274223373748 0.08899384452402427 0.060357763233562525 0.06480256476882455 0.07311696082357522 0.039636906666736145 0.07580674663991066 0.006682656854014077 0.04693438558716335 0.048901475643255365 0.06493129593558819 0.08191002510744394 0.0664369563742375 0.04654496667649197 0.05477632752399484 0.010835606751289468 0.059045796481180926 0.07432987118154283 0.034853756733941234 0.08515449573417834 0.012841091434677888 0.06497206690569246 0.0504104693366127 0.033850826578796955 0.061285187060568035 0.011201423739957682 0.069151501835921 0.044209594440313915 0.015833754549356056 0.04359015776595295 0.04566646048896511 0.05838183445168653 0.06525769030627074 0.04856973273514833 0.06007099859571979 0.06507078055190799 0.0323454656190944 0.061744299198908746 0.015194984029218971 0.020632662489436078 0.041937944681034414 0.04226030408465034 0.044974744769127085 0.03873837587427965 0.039154719408743
 0.03791044661327202 0.05821823048493373 0.04455712331986379 0.02146554406745817 0.08749852661945542 0.05077448292334067 0.1008029103142765 0.02783771553474791 10000.0 0.018580482644057834 0.04515877664940389 0.05698966140736626 0.07714218854022964 0.05051267926258637 0.07439988427032232 0.07543582033244323 0.03910616950505627 0.10284850682707551 0.06478459865066817 0.05026052631734104 0.08381012484802086 0.06668834743937832 0.09050824101093456 0.025673678011412578 0.07413540029585156 0.05498400270658069 0.08005595514740035 0.09561350674455746 0.09422673214451256 0.07106849705620596 0.05431235562725794 0.020336006531316737 0.07558156257036486 0.07977415589663393 0.06255875527421742 0.09870075604671955 0.04041751089527031 0.045889416386020586 0.06811833757262058 0.03511162309502248 0.0825456871277213 0.03510991223741113 0.08493248257989934 0.06434424533887277 0.03961102344239531 0.03868375372080555 0.0656325747765841 0.07727337353454457 0.07888401371675595 0.05505141068316255 0.08587232301951982 0.08735758775790835 0.05989381476756156 0.07529547856908593 0.03953400773459736 0.03980295080211431 0.02355525572242298 0.06643031628029167 0.06824911001376356 0.06656888956562014 0.06637859718173925
 0.04205633734194258 0.05159303474202545 0.02678777448541861 0.030484495859020844 0.06907015710049541 0.03398694192378796 0.08442010394448038 0.014122461648453795 0.018580482644057834 10000.0 0.03238044084913311 0.04410595384363214 0.06266296379475683 0.03704597148596307 0.05609485622254905 0.0573299962493442 0.03350904942484891 0.08654015026022119 0.052273467129053605 0.05097671691447814 0.06858821908753175 0.04917721754715603 0.07378803668094798 0.008765048221933781 0.05667719562133049 0.041297012162019496 0.0630814333991627 0.07930284867791214 0.07766937702380663 0.05257471565317176 0.044401149904897984 0.0032895537513552985 0.05811552888940949 0.06701728903219555 0.046022557976274546 0.08247628447836435 0.02642957033269852 0.05084963586341876 0.05025030001575468 0.023068568498343767 0.06411293741343026 0.017298147378085812 0.06779665766264949 0.045966123989689876 0.029697634444970977 0.04760915414847267 0.04728962477919971 0.059225128106043745 0.06241888228462908 0.04116213114373198 0.06757484011607033 0.06882918177030026 0.04307520852737254 0.05880685694031763 0.029158189363024046 0.03332184120622591 0.027889964509973282 0.04791329715187679 0.04967211418715756 0.05093910525203197 0.0525765649205701
 0.03712496694869418 0.024288031913560115 0.01880031365084054 0.062431431495425335 0.06314015605179671 0.015081304493813575 0.05731561329811279 0.041547487111028236 0.04515877664940389 0.03238044084913311 10000.0 0.011924343839634642 0.07601382409940165 0.0055048301073656785 0.05375844094052164 0.040045869063820065 0.01688308275843095 0.059200930784610355 0.019989850402885954 0.03633679190821715 0.039196908624868305 0.054198914989949276 0.04797904635583126 0.0351016529950344 0.06049258524384855 0.009937879265105377 0.038750227677639235 0.05211879907852395 0.08283501380958525 0.048163225667469736 0.013680845595849011 0.0341204195949278 0.0364856824703866 0.03491185965961193 0.056067633656214706 0.055000955026219184 0.048481653328578136 0.04365267294742663 0.03229176942476082 0.010053605340677117 0.04953646693098385 0.03433493248340243 0.043808797212138297 0.033931259544859545 0.05616038289666485 0.0798602949191545 0.034435361989042755 0.04119931655625523 0.03630913251704409 0.010132572389913296 0.06353044446381333 0.0555509797273032 0.052761897120483674 0.03300319920223639 0.055264320706494056 0.062046072709480635 0.03290803304637599 0.04406684218508523 0.04303507818752973 0.06295449715173516 0.06891978605777006
 0.0440218452898327 0.021380006093167606 0.025753694470500965 0.07430595896396723 0.06249205737590644 0.01836842928750322 0.047234425248530845 0.05228998684996796 0.05698966140736626 0.04410595384363214 0.011924343839634642 10000.0 0.08156671631380008 0.0071437901020297186 0.055247199001048186 0.03634613709007689 0.0242253103750522 0.04896669404982592 0.008180564245069952 0.03953269978987667 0.028402617713020526 0.05829668253318576 0.03887414783294486 0.04608524788984839 0.06369351258645506 0.003878772924863681 0.03111722320156886 0.04213235988029986 0.08536351605197291 0.04939848907039874 0.010154581042555294 0.045654194730625965 0.0307734302255812 0.022997237674061966 0.061638466713557744 0.044793183091712756 0.05778707123272073 0.04898256521582542 0.02947866177520386 0.02194541535203819 0.04616402322020592 0.04391412052438517 0.035969243838934586 0.033959739104770195 0.06614548642242386 0.09167598008173602 0.033956269118046604 0.03695494028295749 0.027760537844544044 0.0045413198344172005 0.06360767072409718 0.05228757524886737 0.058478040672511826 0.024997476930104692 0.06519294337523736 0.07245902308241776 0.042905164025089135 0.046019854292234263 0.043988744564612034 0.06869315557368563 0.07568549544295626
 0.10311630716837858 0.10024512412191122 0.05722712924209618 0.07066273882579689 0.04072608321108294 0.06324537143510657 0.0910427296106955 0.0496402232744184 0.07714218854022964 0.06266296379475683 0.07601382409940165 0.08156671631380008 10000.0 0.07636016453556303 0.03379351190895302 0.05907029257606257 0.08835713497982554 0.09309120649849516 0.08744888245773269 0.10889808303803623 0.0871523629534881 0.024299408858840542 0.08137522995714486 0.05389841389875192 0.02237579440769415 0.07772444865115698 0.0730970279573508 0.08794473587126911 0.022599283215680267 0.03817935875139638 0.08898874918889794 0.059544650861869504 0.06652853608352707 0.09643878046121708 0.019997729648753425 0.09074142618465096 0.036820729236490594 0.11176390986101405 0.05949912224740752 0.07360293867377708 0.055657926447731765 0.046794739530112234 0.07445100187538134 0.05142057361226373 0.03905509362553576 0.07547632122407096 0.05231035675616436 0.06064897750838603 0.07630854466911538 0.07702895686567773 0.03681157373984485 0.05449964286345815 0.023266481184728294 0.07419949701311349 0.03874597989405853 0.042966765903653066 0.09006506700221753 0.03884070552190274 0.042526794170632036 0.013063259667468461 0.011073740635746721
 0.04151715899563767 0.02433282211430367 0.01955702695752547 0.06734056904507359 0.06050256069248872 0.013461583964498617 0.05185158260218829 0.04518736368546838 0.05051267926258637 0.03704597148596307 0.0055048301073656785 0.0071437901020297186 0.07636016453556303 10000.0 0.052002336675209856 0.03609239302899611 0.0211728664475633 0.05372371832400437 0.015312482556382036 0.03929778758880401 0.03369340138831924 0.0537075228416482 0.04263500381763234 0.038951710215474486 0.059581162848515994 0.004474384881624991 0.03365821434496365 0.04666040257511187 0.08167182478920887 0.04625493222736138 0.012729211024600236 0.03853466853470976 0.03186354628787965 0.02997508391662873 0.05636392020511483 0.04952368705825378 0.05103363557914204 0.047515272561798924 0.02854921877500821 0.015419209103799555 0.04577441443674857 0.0370455799836343 0.03869725768699459 0.031338277466268626 0.059212621567329614 0.08464480689192676 0.031635139037121854 0.03707384915474431 0.031021036573215876 0.004628068572007335 0.0611998841865895 0.051863260995116844 0.0531241176199241 0.027795190260552206 0.05827369040425594 0.06543003398972361 0.03822938750723951 0.04245654533793011 0.040957377965016625 0.06336711778673781 0.06992443934415934
 0.08808119358086781 0.07614031869810063 0.036837629661731534 0.07755255165443431 0.01341304096624987 0.03879333668362707 0.057251286356590846 0.04882014608880509 0.07439988427032232 0.05609485622254905 0.05375844094052164 0.055247199001048186 0.03379351190895302 0.052002336675209856 10000.0 0.025844532798143093 0.06949801673035612 0.05930658080842506 0.059272514224927964 0.08990740794391255 0.05448116291319708 0.01258468174170036 0.04766305665369129 0.04887366569562062 0.011435103430043577 0.051784029303523875 0.039954327022130684 0.054190957100302854 0.03030596648817273 0.005864804380547786 0.06444260305821196 0.05406442123588462 0.03369207352729952 0.06550251182562931 0.02078526358182644 0.05695823008412637 0.040389136623060255 0.09585330658261666 0.028092458423140024 0.055606018529078115 0.021933378522540237 0.03937468832600536 0.04084750026250924 0.021416909609944672 0.04889961987813541 0.08885706735055071 0.021706691683457718 0.027221202804226206 0.04356660797084722 0.05101443837052155 0.011480399079681916 0.02167397216019259 0.020532401604773935 0.04196255257239148 0.04797272653727316 0.056051159286762 0.07824983393207793 0.009724602663970367 0.011289101237872756 0.025148683504593997 0.03467131259488694
 0.07716214653785555 0.057586011438876726 0.03093061433856353 0.0852548069183186 0.027881305847712264 0.02656135127385393 0.03334967078306828 0.05634127639597952 0.07543582033244323 0.0573299962493442 0.040045869063820065 0.03634613709007689 0.05907029257606257 0.03609239302899611 0.025844532798143093 10000.0 0.05691208680246284 0.03554479712506064 0.03769281848018556 0.07525179932975722 0.02869751249393378 0.03535150349036672 0.022791429466495813 0.05323693585808079 0.037063276310790164 0.03390236112769678 0.014114935588479597 0.02948137155522614 0.054841970590816025 0.020898969793014033 0.04647551188375398 0.05667301117799822 0.008035325107743298 0.04076092299522937 0.04243798112104656 0.032523499373332446 0.053391623562913305 0.08355680191535729 0.007874946490845297 0.04625367615658248 0.009818229882735948 0.045144781957625446 0.01563293378212323 0.01218061005592596 0.06311212697545994 0.09985003085042019 0.010709892273224117 0.0020704307234486125 0.01781492287113773 0.033173144781521016 0.030038592383005602 0.015943770695072544 0.04054256964046659 0.01667489133485568 0.062057042072327984 0.07065298139410127 0.07120469887048149 0.02089524985480649 0.01689411074586511 0.048592172432034536 0.0578490134343107
 0.020349047532748563 0.019148680535801117 0.03293836849608391 0.059530362510675214 0.07957897782806317 0.03156266440595288 0.0714242108893726 0.04638274223373748 0.03910616950505627 0.03350904942484891 0.01688308275843095 0.0242253103750522 0.08835713497982554 0.0211728664475633 0.06949801673035612 0.05691208680246284 10000.0 0.07311770607415169 0.029939564461431242 0.020743098736294575 0.052431822515655174 0.06835064736822712 0.0630222747326783 0.03976163404381627 0.0751443060861709 0.024571964886230167 0.05464035372275909 0.06634356673839761 0.09761683183252151 0.06410648271829254 0.017135633526293784 0.03637164450874999 0.05303128235047895 0.043994865611477564 0.0688846241626711 0.06896077224825616 0.05642408455503935 0.026824539635373176 0.049173592300637656 0.014776609072203323 0.06641948587608054 0.04285805554963676 0.05963559954038509 0.050507549057786386 0.06216594267023729 0.07721401282384216 0.05110769179667756 0.0580276581465921 0.05168067736582251 0.025112864112352102 0.07973269741106445 0.07242986166433855 0.0655450692274397 0.04864914704437662 0.06145370373901563 0.06663469488138528 0.01974339978893342 0.05977705242919487 0.05917858086709952 0.07540101019488969 0.08003066300283827
 0.09232111815556683 0.06376606095210151 0.060269275621976114 0.11647802362431409 0.055354162726748146 0.05255321382193027 0.0022284364282273124 0.08899384452402427 0.10284850682707551 0.08654015026022119 0.059200930784610355 0.04896669404982592 0.09309120649849516 0.05372371832400437 0.05930658080842506 0.03554479712506064 0.07311770607415169 10000.0 0.043771872006578075 0.08518806731464534 0.020766050769727706 0.07031805597063837 0.013260936763907018 0.08465747852705888 0.07071572633353562 0.04945035604268671 0.024083537175181163 0.007244928530931024 0.0841830851385442 0.055428684570532814 0.05693848015795452 0.08679715547170753 0.030343641690457092 0.03363441905651392 0.07776812027154612 0.004200061120883535 0.0880502592829218 0.09602904017482879 0.03917623935545226 0.06865305573149526 0.037466070515611447 0.0779815127417054 0.020305739473398383 0.04686340082751643 0.09779111976914456 0.1323829013585435 0.04544980051569952 0.033602685176078825 0.024121792130519248 0.04913286191636933 0.05888598870740756 0.039703171185816025 0.07602268364977327 0.027733500095849115 0.09672917823739399 0.10526797536666203 0.09175094820290854 0.05625651942891013 0.052213550353308116 0.08361567939715042 0.09302678824045117
 0.04857119167257706 0.021323861180834434 0.03308473212056276 0.08242033264782832 0.06506709528778216 0.025026730146849134 0.042253738366297665 0.060357763233562525 0.06478459865066817 0.052273467129053605 0.019989850402885954 0.008180564245069952 0.08744888245773269 0.015312482556382036 0.059272514224927964 0.03769281848018556 0.029939564461431242 0.043771872006578075 10000.0 0.04194940622003718 0.023024217358856198 0.0636805586836512 0.035240914642335315 0.054208798868261215 0.06852638172125579 0.01147882069320816 0.0294408781688961 0.0373790893022729 0.08957630844936214 0.05341736253160751 0.013195259588123724 0.053834723817566245 0.03089623261776649 0.014994654643543522 0.06770357913679916 0.039709390277245404 0.0654266604689938 0.05241031344870665 0.03192053239483028 0.029912717008039512 0.04730927232777029 0.05171198829175777 0.03379560365354146 0.037880299727838705 0.07398015141868493 0.09982487580281876 0.03757981579671315 0.0378588105674603 0.025368490039870333 0.011882293186039821 0.06662219684535067 0.05331728217206135 0.0646483407547113 0.023460802932039355 0.07301208340565095 0.08041183746158774 0.04938125904486378 0.050533331351979884 0.04800749260367037 0.07476754963106003 0.0821926976370272
 0.0137163246807554 0.02154486876651326 0.053604315704764836 0.0717255076061423 0.09946433668873664 0.05141442954775862 0.08384198130178744 0.06480256476882455 0.05026052631734104 0.05097671691447814 0.03633679190821715 0.03953269978987667 0.10889808303803623 0.03929778758880401 0.08990740794391255 0.07525179932975722 0.020743098736294575 0.08518806731464534 0.04194940622003718 10000.0 0.06468921281293623 0.08908972466926743 0.07717792367710138 0.058451535150102 0.09585108230460929 0.041421522725020365 0.07049170276057369 0.07913779146014353 0.11832129353922663 0.08440238337484139 0.029592793099449646 0.054156382706360334 0.07024478121940571 0.05244113426484778 0.08955298271592368 0.08126059780864787 0.07586521513336622 0.011660224421485477 0.06782564189433486 0.035472197793490694 0.08500248924377128 0.06282788014265213 0.07520328424195777 0.07023831313950415 0.08059392441135751 0.08868668043297602 0.07068604692069724 0.0760924096299099 0.06682816046434367 0.042127510056932015 0.099857847434005 0.09111060863820827 0.08621697083470897 0.06435656041541278 0.07999308457778087 0.08415777728502434 0.02670619135325347 0.08018532895616194 0.0793384261339636 0.09599649988892178 0.10029234132858907
 0.07155583235475241 0.04344649222129212 0.043711649215352304 0.09899682310930172 0.05542636281248246 0.03521815712528592 0.01923225996791867 0.07311696082357522 0.08381012484802086 0.06858821908753175 0.039196908624868305 0.028402617713020526 0.0871523629534881 0.03369340138831924 0.05448116291319708 0.02869751249393378 0.052431822515655174 0.020766050769727706 0.023024217358856198 0.06468921281293623 10000.0 0.0629779533005933 0.01387841969330847 0.06800395095948972 0.06553758012743037 0.029284381049807195 0.01480876896737992 0.014451149333578633 0.08335525414612392 0.0492759537464255 0.036175240087964224 0.06930036763378809 0.02079246027424977 0.0153713710909268 0.06921509600872797 0.016685277564204685 0.07449312566838472 0.07537565261365867 0.027889609411434556 0.04898137185252029 0.03573869980258287 0.06266050106344563 0.016183734586945386 0.0362335186690876 0.08401181101075927 0.11561272290700464 0.03513580085687202 0.027575733798696753 0.01091660703349097 0.02906548515689376 0.058114484979540686 0.04062147339036001 0.0667951232312999 0.013090489023173531 0.08296303236447382 0.09122147925667273 0.07130229002741728 0.04833695295158848 0.044633804452058896 0.07586341609059494 0.08468946188568506
 0.08536397063712999 0.07798252514287042 0.035655446741226074 0.06723929482148938 0.024810946050875807 0.04028896811722774 0.06818902177884516 0.039636906666736145 0.06668834743937832 0.04917721754715603 0.054198914989949276 0.05829668253318576 0.024299408858840542 0.0537075228416482 0.01258468174170036 0.03535150349036672 0.06835064736822712 0.07031805597063837 0.0636805586836512 0.08908972466926743 0.0629779533005933 10000.0 0.05802970381190968 0.041076551179786966 0.007501040937305111 0.05453251492685975 0.049176253095125314 0.06469065754951484 0.029493371032731946 0.014929975591910059 0.06643672177100708 0.04666912098126281 0.04250771918548018 0.07217600593588415 0.008200650427633883 0.06763101351945394 0.029505159498954416 0.09362327326476193 0.03522614697612785 0.0537266766281229 0.033596688579506914 0.03188236230692188 0.05094382678341592 0.02712146062968879 0.03724252129738693 0.07740736684251937 0.02801917294992777 0.03707952415390262 0.05219281061108633 0.05380353009787892 0.021765078133280005 0.034099942166086104 0.008349693496195815 0.04997095685336565 0.03638076714520912 0.044132023236516216 0.07398501545051159 0.014655061747345086 0.018510073370775718 0.013299410458093358 0.022737975540518533
 0.0828772352482441 0.05636708369097296 0.04729299463611771 0.10351142213351334 0.04567577723412961 0.03986508188868624 0.01103627907865772 0.07580674663991066 0.09050824101093456 0.07378803668094798 0.04797904635583126 0.03887414783294486 0.08137522995714486 0.04263500381763234 0.04766305665369129 0.022791429466495813 0.0630222747326783 0.013260936763907018 0.035240914642335315 0.07717792367710138 0.01387841969330847 0.05802970381190968 10000.0 0.07158722865929554 0.059088469352460225 0.03863467771389907 0.010878700808476749 0.006691290844316641 0.07441853064126798 0.04330595072132795 0.047901394507855743 0.07390646684929647 0.01709630596462846 0.029228119398133096 0.06522605985253387 0.00979874914583267 0.07480684513190305 0.08742710257014517 0.02592636898992311 0.05697255956893328 0.026469954741354263 0.06476289423340749 0.007200789694802306 0.03371492988895074 0.08454491256188525 0.11925785800152507 0.03232183878910091 0.020967940003991034 0.01174388504562053 0.038199316955543385 0.048866902693156966 0.030057590419262117 0.06331916076406387 0.01525931984438995 0.08348289059034451 0.09201566296809972 0.08086129189121921 0.04367825436950199 0.03966126063395985 0.07130952550398754 0.0806157941057792
 0.05033515089803398 0.05670222913364941 0.024467316795916946 0.0321031465741158 0.06209704161646138 0.032786146302899874 0.08247889225086365 0.006682656854014077 0.025673678011412578 0.008765048221933781 0.0351016529950344 0.04608524788984839 0.05389841389875192 0.038951710215474486 0.04887366569562062 0.05323693585808079 0.03976163404381627 0.08465747852705888 0.054208798868261215 0.058451535150102 0.06800395095948972 0.041076551179786966 0.07158722865929554 10000.0 0.04855042842591874 0.04280582652858109 0.06072313906165564 0.07749448947661726 0.06917061003466682 0.0458632874948018 0.04820556308358191 0.005745356494973462 0.05515831635916212 0.06841067251993807 0.037466348671357806 0.08072371045497628 0.017854817648379633 0.05912457803133567 0.046764856026074046 0.027189863847708225 0.05905650310180694 0.00949900594599053 0.06515661401114867 0.04133223167837266 0.02240464607088534 0.04777261859609367 0.04274543510411068 0.05522899836197605 0.06068587272640713 0.04251743494675612 0.060320030566649654 0.06331602103254194 0.03460466406125888 0.05711702431527782 0.02170511176749289 0.027287292686848125 0.03647139211358204 0.041328664473146974 0.043554096146244385 0.042218940588150025 0.04385363742697802
 0.09252681562047861 0.08391398174012869 0.04226078398206079 0.07407007782332443 0.02029079405722916 0.04612110572627539 0.0686699046058062 0.04693438558716335 0.07413540029585156 0.05667719562133049 0.06049258524384855 0.06369351258645506 0.02237579440769415 0.059581162848515994 0.011435103430043577 0.037063276310790164 0.0751443060861709 0.07071572633353562 0.06852638172125579 0.09585108230460929 0.06553758012743037 0.007501040937305111 0.059088469352460225 0.04855042842591874 10000.0 0.06002541169089719 0.051170837453762635 0.06562470791885817 0.022472546814757223 0.016262715962099817 0.0722733560871165 0.05415753997016559 0.04476343366604448 0.07590470395661451 0.013326455165045735 0.06839244282860973 0.03630799317820756 0.10070709868097485 0.03845960726785158 0.060637881032666374 0.03328763636018903 0.039381255769241334 0.05223926841939414 0.03094157616864459 0.04339391179796914 0.08350279661616417 0.03155869291459319 0.03853239635967117 0.05462747328184773 0.05927589199984647 0.01668321267680724 0.03242552509642684 0.014866786850782647 0.05280662637560174 0.04260313354749103 0.0499249409664223 0.08135871152494653 0.018065650407570227 0.02118094444166594 0.015152807670653225 0.024356340438890477
 0.04478227766808757 0.02446865372488739 0.02192130534372135 0.07166547968036567 0.05943461963871994 0.014502026903769366 0.04761182728669808 0.048901475643255365 0.05498400270658069 0.041297012162019496 0.009937879265105377 0.003878772924863681 0.07772444865115698 0.004474384881624991 0.051784029303523875 0.03390236112769678 0.024571964886230167 0.04945035604268671 0.01147882069320816 0.041421522725020365 0.029284381049807195 0.05453251492685975 0.03863467771389907 0.04280582652858109 0.06002541169089719 10000.0 0.030079595808893505 0.04243726745658547 0.08180770999836288 0.04595407473496866 0.012863155980717899 0.042670202100058105 0.02893398378034093 0.025757056296774376 0.05778494291933216 0.045252271473823644 0.054068125366180116 0.050304734637051145 0.026711589015037174 0.019893588013827426 0.043698374641263214 0.04027049488994715 0.03506492770807275 0.030623480455949988 0.06252953633275207 0.0889059695082739 0.03071369881070287 0.0346805413238694 0.0271508426856926 0.0007743346046999788 0.06040941961331423 0.04982300261912568 0.05461700172201867 0.02407744523061942 0.06156698820403497 0.06893419362645103 0.042349480264812556 0.04245827992609409 0.040564715243726054 0.06483675176178373 0.07180715353913998
 0.07485333122827681 0.05068421492129558 0.036481567378054455 0.09267875053234864 0.04067755577744881 0.029291911931608117 0.021871281080349782 0.06493129593558819 0.08005595514740035 0.0630814333991627 0.038750227677639235 0.03111722320156886 0.0730970279573508 0.03365821434496365 0.039954327022130684 0.014114935588479597 0.05464035372275909 0.024083537175181163 0.0294408781688961 0.07049170276057369 0.01480876896737992 0.049176253095125314 0.010878700808476749 0.06072313906165564 0.051170837453762635 0.030079595808893505 10000.0 0.017128764500219412 0.06855474876301783 0.034969932945429605 0.040898956623048585 0.06311946174199103 0.006773671255623376 0.028360170294177846 0.05591916865554136 0.020369605456110516 0.06416365304239768 0.08009577052324104 0.015371906878859561 0.047188382271195234 0.02103637879497361 0.05390010564538251 0.0050637352670055355 0.02350106480213842 0.07388528544230609 0.10838032484966009 0.02218847424489359 0.01282495038873049 0.004541692182556631 0.029527489847268946 0.04331287398366094 0.026224791814857987 0.05376978633973822 0.006135557452799611 0.0728234491905508 0.08132652361687821 0.0715980374302993 0.03455641582346255 0.03067006674636069 0.06230895113064035 0.07141041815472345
 0.08577739319552122 0.05788567897626479 0.053080096557133145 0.10927259582090688 0.051585049295993016 0.045316496854452555 0.0052112776013512555 0.08191002510744394 0.09561350674455746 0.07930284867791214 0.05211879907852395 0.04213235988029986 0.08794473587126911 0.04666040257511187 0.054190957100302854 0.02948137155522614 0.06634356673839761 0.007244928530931024 0.0373790893022729 0.07913779146014353 0.014451149333578633 0.06469065754951484 0.006691290844316641 0.07749448947661726 0.06562470791885817 0.04243726745658547 0.017128764500219412 10000.0 0.0804246492682562 0.04993217971018921 0.05045042210078822 0.0795786340259368 0.023618715079586523 0.028693691437892053 0.0719132712744864 0.003247821846619425 0.08127548485691746 0.08978020764719359 0.03241654138267044 0.06149347434106064 0.032746110666610116 0.07094149640732184 0.01388432066063108 0.040323860309255076 0.09100295197631453 0.12524081550670088 0.03894451595222212 0.027647609454978066 0.016889555738477433 0.04209271599175161 0.054906877420448585 0.035867344185888085 0.07001034136268014 0.02049944922238028 0.08994098383353669 0.09845130641626801 0.0847797042016912 0.05036451504723237 0.04634452586309149 0.07797639503909418 0.08729512394758901
 0.11485728504855285 0.10597253326069282 0.06472420134270665 0.09091093979175185 0.028865955991810147 0.06825245055567504 0.08239971929931597 0.0664369563742375 0.09422673214451256 0.07766937702380663 0.08283501380958525 0.08536351605197291 0.022599283215680267 0.08167182478920887 0.03030596648817273 0.054841970590816025 0.09761683183252151 0.0841830851385442 0.08957630844936214 0.11832129353922663 0.08335525414612392 0.029493371032731946 0.07441853064126798 0.06917061003466682 0.022472546814757223 0.08180770999836288 0.06855474876301783 0.0804246492682562 10000.0 0.03615901179023132 0.09428828232980704 0.07489982029545085 0.06287667603719711 0.09537527962787545 0.031719580386354376 0.08272754105709995 0.0543685443869557 0.12310203664737321 0.058227892519706434 0.08309723827522693 0.048080846741154565 0.06049993139144641 0.06835412120225448 0.05170518210981516 0.05904778563461677 0.09733263375294508 0.0520114416012627 0.05579805284585402 0.07258724528397881 0.08104508830033363 0.025552051903333366 0.04459249133094068 0.034594182914853396 0.07145622952641709 0.05851970821847914 0.06408411165223964 0.10333082573501251 0.03935037178325254 0.04157285369403766 0.02815654175689373 0.03241305532864754
 0.08296292453315524 0.07033767935357217 0.03172624268703625 0.07570562082635342 0.01660634538514939 0.033137001712694805 0.053312732033417604 0.04654496667649197 0.07106849705620596 0.05257471565317176 0.048163225667469736 0.04939848907039874 0.03817935875139638 0.04625493222736138 0.005864804380547786 0.020898969793014033 0.06410648271829254 0.055428684570532814 0.05341736253160751 0.08440238337484139 0.0492759537464255 0.014929975591910059 0.04330595072132795 0.0458632874948018 0.016262715962099817 0.04595407473496866 0.034969932945429605 0.04993217971018921 0.03615901179023132 10000.0 0.058642957448202075 0.0507839990231685 0.028509446433778843 0.05987717728767143 0.022730778127171107 0.05282157138540456 0.03943297345201762 0.09060494313821318 0.022409112155648423 0.050442962627381925 0.018769452200332583 0.036429153287278714 0.036306829421005486 0.015553149841615278 0.04849548038396077 0.08792677831458738 0.015869567035999777 0.022474955837957347 0.038367845636509135 0.04518342941955678 0.01582871006460201 0.02009733961240212 0.021612402963114192 0.036564393881011396 0.04751262909252457 0.0558720437994204 0.07358515263886237 0.00472205585799709 0.0054244103180950114 0.028204953620037602 0.037667721915361795
 0.035384932221714745 0.01169878102278661 0.03190203819695205 0.07338989919652221 0.07229777412429184 0.026174408498978962 0.05538469410796023 0.05477632752399484 0.05431235562725794 0.044401149904897984 0.013680845595849011 0.010154581042555294 0.08898874918889794 0.012729211024600236 0.06444260305821196 0.04647551188375398 0.017135633526293784 0.05693848015795452 0.013195259588123724 0.029592793099449646 0.036175240087964224 0.06643672177100708 0.047901394507855743 0.04820556308358191 0.0722733560871165 0.012863155980717899 0.040898956623048585 0.05045042210078822 0.09428828232980704 0.058642957448202075 10000.0 0.046557653373550154 0.040894574316590576 0.026859368482144166 0.06899204273327131 0.052854391241551564 0.062146094122720055 0.039526277656105946 0.03948612457939894 0.021359830336581655 0.05629348451259678 0.04799218703123552 0.045624688946104185 0.04342523463394088 0.0696814298862607 0.09105691344243444 0.04355557007074492 0.04710688981859744 0.03727319714671486 0.013634565031759426 0.07325094029384342 0.06241922482505244 0.06573080446037763 0.03476392728628704 0.0688043932788045 0.07537597474864594 0.03684636657611863 0.05499310048682035 0.05328340060513511 0.07596860989456258 0.08229289643366114
 0.045343221174578195 0.054169711597082795 0.026646246515723206 0.029744945614734758 0.06717408709643351 0.03433773931129543 0.08465235951497205 0.010835606751289468 0.020336006531316737 0.0032895537513552985 0.0341204195949278 0.045654194730625965 0.059544650861869504 0.03853466853470976 0.05406442123588462 0.05667301117799822 0.03637164450874999 0.08679715547170753 0.053834723817566245 0.054156382706360334 0.06930036763378809 0.04666912098126281 0.07390646684929647 0.005745356494973462 0.05415753997016559 0.042670202100058105 0.06311946174199103 0.0795786340259368 0.07489982029545085 0.0507839990231685 0.046557653373550154 10000.0 0.05791059554787802 0.06842717999060163 0.0432031317650868 0.08277742181110259 0.023184716327407297 0.05413697842265011 0.049815760388016335 0.02520438874635562 0.0630719661901508 0.014851495045521483 0.06773588121067659 0.04505656226617517 0.026464362866985097 0.046430404143169596 0.04642121071688721 0.05861162264533311 0.062692723892342 0.042481076830224465 0.06553810305424101 0.06759973165332356 0.040322040472851116 0.059088126157806835 0.025906804626010044 0.030299066263854514 0.031167448262895154 0.04617241688825711 0.04814477882166744 0.04795086603141573 0.04938415256883485
