NAME :TPP_input_25_4_3
NUM_VERTICES
97
NUM_CLUSTERS
25
Full Matrix
 10000.0 0.05019717575287754 0.04203655264768331 0.05097265446496692 0.09512188332578243 0.02734652289728536 0.09630505005311314 0.09309623594457883 0.03848140390281798 0.04322870657901169 0.064289003412018 0.03862450759886689 0.018105889034939395 0.03969607317976246 0.08613033073924779 0.06966092824338022 0.0660361765054071 0.08209211282336835 0.026567421010624138 0.07353770021682744 0.047651855195478224 0.06576415359075055 0.03827736669948256 0.08982653703636599 0.09288485331242886 0.022863914587659056 0.030084687847535676 0.08723284677829929 0.037442172981539075 0.03590788397188507 0.07142882100939246 0.03722782909684985 0.017031795270948207 0.05320932344523745 0.09693095954792087 0.04984524212938043 0.0494302546090952 0.05318119262169104 0.059584790645024664 0.05287589536809003 0.0231314061315249 0.06879648702025924 0.07792479263608326 0.06594470346967052 0.04777392764486801 0.027393786692001144 0.036740018880388116 0.02480205128758813 0.023604195071958357 0.010387198305419709 0.045650967916499904 0.08253921016849904 0.03978373319243253 0.09669515092219234 0.07015704488994842 0.024247606068649577 0.062251030937146255 0.030526778780470006 0.0469893897744786 0.0369852287911397 0.0573930016511759 0.009795679539623557 0.07569955093977306 0.08379980042362024 0.07928961314872042 0.08752675636884139 0.0904744037074857 0.03417966135328014 0.032469174398751965 0.05382069681807968 0.01724149383858499 0.04034540089505736 0.06752003643600049 0.08031773432112514 0.06436812706004376 0.02641732879590799 0.02131700672569714 0.042628886824421126 0.07599851090261281 0.03572764465886265 0.07737697359206329 0.04754959647814903 0.08384939580355733 0.011708683812518677 0.04708198653697292 0.05847268066110612 0.03414654041613544 0.09171357947282108 0.06739556382990103 0.06599064946185379 0.011223012291075807 0.0919893677718453 0.08656382674832129 0.031150243097996702 0.03499889737616568 0.05992910215920319 0.06299633038226644
 0.05019717575287754 10000.0 0.06535274223490627 0.09132341076928015 0.08240281957185952 0.07392876920261533 0.06791432280102665 0.09513371646803191 0.03302230464116665 0.061444566114732854 0.04185273213231211 0.0870929173438681 0.034055241672544416 0.045128550124679825 0.05578408369737153 0.07072449100356638 0.059814828099522606 0.05272529487707255 0.05797464275413853 0.07773266894039708 0.06952696868433823 0.08447609361943989 0.017713504715825706 0.10522665989609442 0.10990821392347579 0.05954934180170829 0.02380675581834321 0.09984745199960768 0.08650416002525269 0.014880800661829412 0.055357710502435556 0.04451457043231344 0.03466869727317157 0.0070023181173442415 0.11457935643861368 0.0022447865356347856 0.09049584552055276 0.05418429609769159 0.020833605953957713 0.01704499237808924 0.04754793459812492 0.08797559773421226 0.08845067213512109 0.03535283028479511 0.012352139612426302 0.0689480861875169 0.02672669660434374 0.07492513720914544 0.029193439301624963 0.041085657519580154 0.013182784461503956 0.10767348419784666 0.07647159615653498 0.10700715898216838 0.028966355058026045 0.05302307302849859 0.031259263901864835 0.04924294909200289 0.0897882566643367 0.07758588419238434 0.0910102544052456 0.041200545579517925 0.055985066145085624 0.07304134487998466 0.10589166043228736 0.11186405979942504 0.07622283221257607 0.04023518022393282 0.06947382701329236 0.02881932196273547 0.05751972636191882 0.06934701572491118 0.06952191327070271 0.07237722464125497 0.08190140572928288 0.04562795652070334 0.0707470576513392 0.028306082428622488 0.05246505122494989 0.07796948540406942 0.09964502569500593 0.08337925338055935 0.06318053619975134 0.045838024422372906 0.01396697718633634 0.008307949772763308 0.06962857942999018 0.11287600048864632 0.06860571884193145 0.026905201934620534 0.03970423107007483 0.0642147820508564 0.10159296261780476 0.052392665558055836 0.05033378411567185 0.013857693312492375 0.09017902334685284
 0.04203655264768331 0.06535274223490627 10000.0 0.03234308874563787 0.06225655333781195 0.03382403581123919 0.07482416040350891 0.05298693141470058 0.033329802767359445 0.005996723630183169 0.048661879116943384 0.04482810237108309 0.0390444059024786 0.021884469281759987 0.06869670272698838 0.03320196153930207 0.036105377646731586 0.0649623085035615 0.015576227376409785 0.03451657408870691 0.0056447097408951945 0.02386100023313647 0.06458971417354167 0.047920208919655635 0.05126086532869918 0.02039660949562732 0.05900007813264511 0.0452048155581072 0.046613304448355396 0.0524419180761249 0.047098865124231476 0.02153434916425158 0.039560021578267365 0.06352551489270628 0.05550523539268439 0.0664950379447061 0.0326041418069775 0.02447308062365471 0.06017404228653831 0.055804710780365835 0.02172847117128419 0.027056638876589056 0.03629438129759101 0.056264902338599855 0.05521785958268519 0.0241449241896603 0.03882334086299982 0.046832364887719434 0.054780525094335626 0.03864245185193738 0.06943287074425156 0.043714496197580256 0.018624165134846823 0.05471639399909582 0.06793237154409669 0.018184665801880783 0.054921253895882906 0.016660937502487053 0.03450793687771028 0.02440987872986498 0.026629161677538656 0.039563337147234014 0.052678604685769875 0.05172204901448047 0.041319602311170114 0.04838194080804392 0.059415366837679486 0.025227627954866712 0.01746655980428997 0.04750129019563751 0.026000241758174163 0.0071066538234773454 0.031030110630282944 0.04712353097964535 0.022338499154236587 0.021315427103833932 0.040778389935561175 0.0394195694867881 0.055988750292813715 0.02709267388423537 0.036924402650333525 0.02178855109475796 0.059045661711460126 0.03217130712903066 0.07118394215909524 0.07142206458863884 0.01536219525802406 0.05122476256427237 0.03146506440302327 0.06356688455132357 0.0467662935680497 0.07090941558081884 0.04459004979727646 0.013842151695061916 0.015035979823002926 0.06661367593163332 0.02503146847845641
 0.05097265446496692 0.09132341076928015 0.03234308874563787 10000.0 0.09043133858648601 0.025355706146635716 0.10657512016417998 0.07384259986338135 0.06272968392629212 0.03833309502151311 0.08094340881616174 0.0248545135812074 0.058930102509769815 0.05290064302018283 0.10096410952801754 0.06144695264444922 0.06734691632015245 0.09726783118907628 0.03340594287947163 0.05983365787765875 0.0326668534445981 0.03915608339020689 0.0854783269468011 0.05703830871373724 0.057531560727105156 0.032128662621824386 0.07810928663646552 0.058327727921897506 0.02782447234275051 0.07683391166023115 0.0790324669611176 0.05183199265864532 0.05879992529515582 0.0911303166442441 0.06000871804598473 0.09194540550647003 0.002043969968642638 0.056664768849162675 0.09039049908635337 0.08518745018203015 0.043809730120897394 0.03980676668824647 0.054953699773589854 0.08818559058858559 0.08321387221647752 0.023942141016807125 0.0667705654515378 0.0379888173583569 0.07226174474006403 0.05431409582580965 0.09187650768139206 0.04094069844457187 0.015195131232789458 0.06756399117573055 0.09903086039195853 0.03833267080881913 0.08648426814849763 0.04368659475780101 0.006455963046296576 0.014309020898116616 0.014367583551214166 0.05480360315719033 0.08465068300392065 0.08101129021705619 0.036884535475007064 0.045652284958238074 0.08875708822339123 0.05412752110668082 0.021850415068018547 0.07856548285440551 0.03566366125353376 0.02550519653838224 0.05955655226518066 0.07613464171156933 0.040185433253764086 0.04616772954399784 0.03495520755808138 0.06909209937970054 0.08821314618759328 0.015249722018287584 0.0406366577463977 0.010818950498955919 0.09052987901281699 0.047680575727604264 0.09355483027590766 0.09852612400435887 0.021835237188074983 0.05225238104494729 0.060349950396571206 0.09456780165998181 0.060728921802799374 0.10278977804470481 0.05516205902732162 0.04060575075901692 0.04467020107275615 0.09551890710234719 0.026415576210883862
 0.09512188332578243 0.08240281957185952 0.06225655333781195 0.09043133858648601 10000.0 0.09581374785812825 0.029891881324289528 0.02758006716843431 0.06000794974229708 0.05732654791862405 0.040550156662652825 0.10704225707092792 0.08166160651007048 0.05543807798606865 0.03586396222817436 0.02929159299794999 0.02908635665145467 0.03587702096257648 0.07424162223325369 0.03093435611950089 0.059254685991293216 0.05317116115418114 0.09432117866724986 0.052922075455535164 0.05775980294375258 0.07983686624838555 0.09405341003777143 0.04625322673876542 0.10886965479963832 0.07973847520376713 0.027300924064925413 0.057902740357376574 0.08282203668522337 0.07604498653170266 0.06125028425019648 0.08459903416669634 0.09145350330252268 0.042123951570301195 0.06297638040841111 0.0653636205119538 0.07245574554587171 0.05420938361202468 0.040223548262534464 0.04821567422674355 0.07064764476970783 0.0860566485249759 0.06536291789741416 0.10783294091972918 0.09399874112108356 0.08673600727785603 0.09412675446403314 0.07017379944858788 0.07994500232211531 0.04569088394475716 0.06072101657412226 0.07342207719499104 0.05172468453544219 0.06533581868976093 0.09455878187236413 0.08630857750445814 0.07836513603283679 0.08772595107442077 0.026595783614166802 0.011322106927126985 0.07187994567607285 0.07085544461999342 0.006263021623447731 0.061345925104629065 0.07970054304481006 0.05393252490367596 0.08419159534465187 0.06889461042765302 0.0313715280682143 0.015267884500154988 0.0512958672070668 0.06882559654180624 0.10159259509404615 0.059640420707185705 0.03108569945625574 0.0891624424388267 0.062075039301535906 0.07995229321033287 0.020895110555558014 0.0834198319781119 0.09544655645163402 0.08229201779892067 0.07761868412036685 0.06605122492157049 0.03082468224877118 0.05943282984429652 0.09350470064271543 0.02933009611232608 0.05082757879852496 0.06579299851213127 0.060934736622234406 0.07252276572184281 0.06749086542303089
 0.02734652289728536 0.07392876920261533 0.03382403581123919 0.025355706146635716 0.09581374785812825 10000.0 0.10507921471963576 0.08588324675032731 0.051655503047564104 0.03848756006260946 0.0751495880409004 0.013773556416284602 0.039893001039813455 0.04590876143807387 0.0970084245919931 0.06697977644488573 0.06835463027736977 0.0930033188344538 0.022911678047971156 0.06817249636328755 0.03791836953114879 0.05284198460905971 0.06469064504113506 0.07527064418455427 0.07706935745932728 0.017884062568729844 0.05672954737457395 0.07462235274285943 0.01427729625344184 0.05904993383319735 0.07765292912874754 0.04389615320253911 0.03936088388500288 0.07535573772242164 0.08038801599471775 0.07406140930552921 0.0235182976686584 0.05543487260877231 0.07811377590118584 0.07194886927621708 0.030277698051362725 0.05494711471221375 0.06792363219863064 0.08002382742688711 0.06836422474889067 0.009757277134282403 0.05338648977275291 0.014323678411593238 0.05041579865831275 0.03343438677374048 0.07174539861378283 0.06302250700115158 0.01991303965649814 0.08434657323775718 0.08802796599854923 0.02600326295321676 0.07725814552992921 0.0344212183025228 0.020302303671380754 0.013909376279196079 0.03557133583734188 0.03360496941180705 0.0829135969386802 0.0850094575288443 0.05922847076471808 0.06801148341727796 0.09257815068733817 0.04387272579797026 0.016531845722648684 0.06864145031311725 0.016997392571163217 0.027973315180109756 0.06479217962841848 0.08057931554531295 0.05255382583568852 0.03403817089452792 0.00980919726477459 0.05761847080927733 0.08502563309320509 0.011200520158287158 0.060179620229322675 0.025959563366894242 0.0902166686695001 0.0280914872041564 0.0733013605443253 0.08185915253468394 0.018814962600507197 0.07363822293475474 0.06516425660656541 0.08355417513939054 0.03815865027750432 0.1009048635963345 0.0726043841427981 0.03242797724653654 0.0377385101663983 0.08104939174417655 0.04478439981841012
 0.09630505005311314 0.06791432280102665 0.07482416040350891 0.10657512016417998 0.029891881324289528 0.10507921471963576 10000.0 0.05665952133215549 0.05783156592135069 0.06892996306226294 0.03207669158294793 0.11800808488000376 0.07956330894382498 0.05944290583641801 0.01213425624346131 0.04793895428822863 0.039308982237476676 0.015418166072252127 0.08217156788888985 0.053175170196310295 0.07391249775692652 0.0744524689681615 0.08346692991147041 0.08041832046574801 0.0855211424799606 0.08739974427811609 0.0857958481818054 0.07355161624375689 0.1191925369741613 0.07070045758454381 0.027757230763698328 0.06166837459421483 0.08078436182481391 0.06092745807513609 0.08942873573884633 0.07013781435423097 0.10711285022035817 0.050472318121005944 0.04709462161906836 0.05206899335009886 0.07664954658027391 0.07650203503079037 0.06520769655127975 0.03344216065985241 0.05847016047716976 0.09573539034153507 0.060614700876379685 0.11454617755737435 0.08780629744973521 0.08638581089836393 0.08095779702336928 0.09523871644857793 0.0934376734451401 0.07463377425143965 0.04046217006673759 0.07960500819771434 0.037778768906231684 0.07095325917767266 0.10930614942010815 0.09887424592111749 0.0969576047885305 0.08723373693580437 0.022264920625539312 0.03071838574479364 0.09615195250377787 0.09684475946129979 0.0256217834930615 0.06307211272339579 0.09082228880365702 0.044334422247203444 0.0902254612168712 0.08193008425591601 0.0491785378383829 0.03501414519163337 0.07198512513913906 0.07263360243693451 0.10842945602887077 0.05436738921579642 0.020410926653473303 0.10124959043951694 0.08648525950875134 0.09575881737564179 0.01623983214693288 0.08537758662930205 0.08187033275206684 0.06501001769164629 0.08919055507604377 0.09311167160492999 0.04809668604663028 0.04125047061510508 0.09128472246645808 0.004315784836054345 0.0777932642719368 0.07267755382623141 0.06735739162261041 0.05519095570577403 0.08798902641199628
 0.09309623594457883 0.09513371646803191 0.05298693141470058 0.07384259986338135 0.02758006716843431 0.08588324675032731 0.05665952133215549 10000.0 0.06577522910744356 0.05018501357529319 0.056036706230036995 0.09463445610944442 0.08402882037117244 0.056649226629142034 0.060070797193246206 0.025202682706181506 0.035338121090036104 0.0588436604684264 0.06797551709707471 0.01969144870340032 0.04815466318702015 0.03473302959823235 0.10308532610633898 0.026117092336623203 0.03061872505848725 0.0732101456351823 0.10061684343473656 0.01998040937528322 0.09698704596598794 0.08831427517840418 0.042902426406198485 0.058754508443985644 0.08500108499828712 0.08985070972140277 0.033818826573954 0.09712174593069349 0.07530035486786096 0.043274467981812836 0.07879479182377279 0.07901338403738369 0.0701798011926418 0.03416183429695013 0.018888962352226524 0.06566260549257173 0.08278244246117351 0.07658525866714186 0.07231976871187101 0.09954229188506536 0.09876771900800728 0.08694741319748749 0.10485279557082158 0.045216137035504485 0.06710586309601001 0.018116222254130152 0.07976579765530795 0.06904151850702404 0.06797533988418639 0.06284853266569407 0.07913686734916243 0.07382135616577279 0.06006570431273426 0.08796506199582609 0.045624603967848364 0.027418090173655804 0.0476863552533313 0.04495170891977704 0.03103813231456562 0.06336867322857677 0.06941564369338717 0.0667858191292718 0.07858687867842784 0.057966361790144236 0.026945734043022397 0.025109061015040658 0.03408580005619965 0.06749903929086268 0.09361675445734487 0.06805660390721939 0.05125001242821524 0.0769170856940988 0.038319428704012434 0.06459526914550595 0.043902121641249084 0.08184271017809386 0.1064194963209949 0.09723307298978813 0.0671027599985348 0.039312322862945066 0.02753744015568438 0.0772607341872116 0.09476733516590446 0.05526973179889207 0.024693715744659252 0.06194831838022784 0.05850812454484881 0.08833614299799616 0.048019668854406505
 0.03848140390281798 0.03302230464116665 0.033329802767359445 0.06272968392629212 0.06000794974229708 0.051655503047564104 0.05783156592135069 0.06577522910744356 10000.0 0.028796703800137692 0.02581177589979235 0.06540067820778589 0.022220271370870143 0.012132027169904216 0.047761329630834924 0.04058507135816022 0.03218708524055967 0.0437066465204187 0.030360794324758664 0.04691424068289579 0.03694101920801167 0.05146234095017419 0.03739957649483988 0.07272363160057263 0.07725692600459219 0.03413537190771304 0.035041440864883734 0.06769886743951042 0.06582315203066108 0.02282170241595179 0.034052767411152686 0.011835807872884475 0.023433171594967682 0.030357367786474014 0.08190588433346967 0.034500857273691864 0.06233883773643779 0.022683941185737157 0.027672976267780897 0.02263020033176268 0.021378397117617045 0.05496545560962892 0.05642569333298505 0.0286257500365755 0.02201646736728745 0.0438225673642447 0.006739882635444906 0.05838621853116445 0.034131631261562774 0.02860184776787919 0.03998787305362947 0.07469718155576273 0.047540362516463854 0.0754890615335141 0.03679173721875289 0.026065414853988757 0.02562542144773466 0.01907441142506007 0.06270125859557872 0.05046750823658458 0.05979681626321222 0.02947863603098857 0.03772757056887812 0.04899343663934409 0.07301683701571385 0.0788498698904092 0.05460611134480963 0.008602163405417014 0.04172535394702368 0.01698704413331167 0.03500095021229203 0.03841490759192761 0.03896482974966158 0.04661136921387662 0.04890544577354441 0.017732455634696435 0.052610381259864544 0.006364289110356174 0.037578850869466524 0.051775976091940665 0.0666232731245463 0.05340529355548785 0.045980227171220196 0.027833999429755993 0.04166488147616711 0.038343817910668807 0.04113330168219167 0.0799084881880797 0.03827230491391522 0.03228759060889836 0.03418162293226146 0.05351647082169964 0.06908642406866997 0.02212427917024229 0.01852779447169679 0.03332845049995677 0.057614512147810375
 0.04322870657901169 0.061444566114732854 0.005996723630183169 0.03833309502151311 0.05732654791862405 0.03848756006260946 0.06892996306226294 0.05018501357529319 0.028796703800137692 10000.0 0.042723849175876294 0.05011909879880357 0.0376284483544475 0.016881800689056894 0.06270322535455544 0.02869895636697975 0.030445833871013545 0.05896576837002405 0.017889808389616946 0.031011533688001608 0.008144936297690591 0.024613241809617034 0.0620935891905015 0.04815809358979554 0.051957032606979175 0.023312837587269375 0.05708532908370455 0.04465187368280484 0.051752134253694126 0.04920697336507014 0.041184681134953896 0.016997555939761193 0.038305442065988224 0.0591522075351901 0.05639360578982336 0.0627229309138856 0.03860056451745726 0.018512838086151496 0.05499422322111568 0.050935803186747154 0.021134951516471524 0.02805794693268463 0.034787125983873776 0.050483850220476474 0.05081221092529992 0.028730319798426766 0.03472908252267762 0.050844085383232956 0.05339730023695336 0.038427881309065284 0.06644825896807358 0.046475948897863814 0.02451579041939013 0.05384435028787282 0.062425470188261376 0.01899184397020181 0.04928350573665181 0.01462530629428664 0.04046101412145986 0.030069268389672194 0.03201008383526721 0.03940520719829673 0.0467489671147962 0.046562912571389226 0.04449044364298405 0.05090006648076299 0.0541851073996221 0.02124838435111433 0.02257573495701883 0.04208773888975068 0.02847472459215422 0.013043071673502781 0.026490019698631774 0.042094202441894865 0.022544670942195432 0.019625809791673932 0.04466543234802388 0.034642421034371304 0.050002586175689936 0.03262478106566427 0.03896306392803443 0.027738489074741548 0.05323282378724288 0.03248269421375366 0.06819424273661223 0.06712654833486519 0.020655022590679785 0.05294897264314125 0.026771201619005622 0.058105986326737386 0.04655526203010571 0.06498887976617598 0.044666646394669975 0.012610859526634826 0.011590039665793393 0.06181659647857642 0.028821811547945102
 0.064289003412018 0.04185273213231211 0.048661879116943384 0.08094340881616174 0.040550156662652825 0.0751495880409004 0.03207669158294793 0.056036706230036995 0.02581177589979235 0.042723849175876294 10000.0 0.0885775612142817 0.04750851609534958 0.029376767551500187 0.022126091061487493 0.03460458627775101 0.022170730996228367 0.018064684208487343 0.05244898582432144 0.041942992890449615 0.04959566838872245 0.05696541694214391 0.05453750591624863 0.07189311766661882 0.0770436997673374 0.057266284880582434 0.055428859447345595 0.06550211751423367 0.08942085152507027 0.04049288602602489 0.013752203613288229 0.03126724964924966 0.04873050203680922 0.035558774506192846 0.0816238278037291 0.04404957945100923 0.08106914959690799 0.025421250449558733 0.023054722685402613 0.024816365973894125 0.04557823330767025 0.05998718387220077 0.054500204510730045 0.009969320137697085 0.030208783611281907 0.06630811203871514 0.028676938730966973 0.08344626323808867 0.05663002716871028 0.05431601069215247 0.05373687021926097 0.08063272307091934 0.06648026852147848 0.0706638368422117 0.02429343481101496 0.049187593171560205 0.011962153945770935 0.04074424939477123 0.08247834808521844 0.07100012271161317 0.07409531123748263 0.055159530720845035 0.014310508196303789 0.031507011131387465 0.08023282550215699 0.08368467782588168 0.03437932720756351 0.031746654394589305 0.06243183779287148 0.013731176969700078 0.059374165196286334 0.055445356095989204 0.034328233521383394 0.03159028524880125 0.05417578417663603 0.04158391798077807 0.07746284371596955 0.022410730397895137 0.012203102120597645 0.07296954690911707 0.07169000571743966 0.07044968186597068 0.02212983315636971 0.05353997607494096 0.0550029023538282 0.042157249165049406 0.061172573991745895 0.08235017346049682 0.033151051143669265 0.02131683063199483 0.059287930295384185 0.027768996484336565 0.06847340671638436 0.042985805605769666 0.03783517276326085 0.032706089336559115 0.06790679964737872
 0.03862450759886689 0.0870929173438681 0.04482810237108309 0.0248545135812074 0.10704225707092792 0.013773556416284602 0.11800808488000376 0.09463445610944442 0.06540067820778589 0.05011909879880357 0.0885775612142817 10000.0 0.05305608102979493 0.05923180717780414 0.1102970965460236 0.07784625243469223 0.08048307336299314 0.10631866737633153 0.03613759734989861 0.07812983339999459 0.04798674408975546 0.06033081152015858 0.07680836956225466 0.0807930200959888 0.08177234370910355 0.031441199444419886 0.06866844881455135 0.08123547570728766 0.0030143579256540474 0.0722500350816645 0.09039779248991398 0.05731564943792524 0.052424974328554065 0.08881410886390165 0.08451704817733169 0.08710719648982493 0.022826540890512715 0.06788012614769236 0.09186931217006851 0.08567329834393853 0.044023716288325555 0.06181837383839161 0.07604958785405486 0.09369534584308395 0.08197315943161801 0.022326930932624806 0.06714532352414353 0.016703951129105835 0.06221254632396583 0.046162023335585944 0.08407208271907186 0.06572602494420444 0.027637112357126088 0.09078552637763004 0.10180093864728791 0.03959966771348351 0.09098505204743801 0.04784648491141102 0.01840317840509452 0.020974013533052626 0.038468438647601244 0.04619250704532001 0.09576649777501416 0.0965470430224669 0.06169071018216225 0.07048345309847469 0.10422803302570503 0.05752963624558221 0.02754852809208704 0.08238232078449736 0.030738155844554027 0.038169027762925925 0.07571357657021248 0.09194719462730855 0.06060581750569423 0.04774072115750317 0.017451379682628672 0.07138651781238695 0.09814296165666694 0.017973410877503176 0.06472533610984146 0.03071128495743709 0.10283953379683897 0.04139574475142171 0.08555957527755921 0.09512880862064171 0.02949971314844587 0.07696202834231226 0.07621936993621235 0.09732764562133114 0.04982107305110143 0.11388447982639924 0.07856464089437144 0.04564321429291779 0.050896021366898844 0.09465082453472677 0.04970327795190743
 0.018105889034939395 0.034055241672544416 0.0390444059024786 0.058930102509769815 0.08166160651007048 0.039893001039813455 0.07956330894382498 0.08402882037117244 0.022220271370870143 0.0376284483544475 0.04750851609534958 0.05305608102979493 10000.0 0.027515486428898193 0.0689148225019504 0.05920726982790924 0.05303486981247699 0.06492245924589894 0.026876033601021657 0.06440802052230597 0.04441302136646842 0.062186299965269184 0.026749650284486795 0.08574905977327361 0.08958382642607067 0.026820947809807302 0.02016102187561495 0.08192273187400881 0.052548954909999376 0.0191949046884217 0.05623305787300565 0.02530322890290402 0.0012225342866406391 0.036000102934357896 0.0940040699539816 0.03417197341401829 0.05785187456249781 0.04135687949535875 0.04149829163076329 0.034807417150547235 0.017456440419541357 0.06558434548585568 0.07141555150690165 0.048227021134221164 0.02992207373029931 0.035567698449627816 0.019107391845500046 0.0417339739994203 0.01578695389640491 0.007775256301258846 0.03294642947175223 0.0826456563759105 0.044878353537845105 0.09076706499542408 0.05205863225534703 0.02220347264620065 0.04439957164536456 0.023003239116846385 0.05661801413969998 0.0447509559287424 0.06125034029646863 0.00831234995209139 0.059935652833859265 0.0704669667687089 0.08002847878617939 0.08738204583001803 0.0764809460266369 0.020893015771010874 0.037397862914599685 0.036138032457738174 0.023821275857540628 0.04052177611109062 0.05725625944682621 0.06761385405028199 0.0601728282222374 0.018010842353507986 0.037041876063782155 0.025258067287727358 0.05954051848119805 0.04470410080428968 0.07595183932064867 0.05240931061666282 0.06819319419371164 0.011835891963577963 0.0346275284989552 0.04207541850843357 0.03809535601171813 0.09020222513470963 0.05684903790368738 0.04788476239204516 0.011967287089012384 0.07526420077934379 0.08222709545700772 0.02533572690815019 0.026559768003572598 0.04233845922684976 0.06347567783643171
 0.03969607317976246 0.045128550124679825 0.021884469281759987 0.05290064302018283 0.05543807798606865 0.04590876143807387 0.05944290583641801 0.056649226629142034 0.012132027169904216 0.016881800689056894 0.029376767551500187 0.05923180717780414 0.027515486428898193 10000.0 0.051102386608519255 0.03170171786936827 0.026362949110160325 0.047104941926812874 0.0230943055612367 0.03715232293453662 0.02500464097633188 0.03941831261937259 0.04806335045973162 0.06119757120176727 0.06559018026947633 0.028070764726949825 0.044434404381347915 0.05649181549678359 0.060151411027385956 0.03407102480981909 0.03266654619161718 0.0024695959460239386 0.028549722894828242 0.04241772087944909 0.07020996253515324 0.046561348683697566 0.052766659673887745 0.013908879858459872 0.03828959412298237 0.03405847735270499 0.01757350163795744 0.04292841254785857 0.04541688993582872 0.03546826308054762 0.034080268048316244 0.03693868166355843 0.018521578163306678 0.055178101021269924 0.04215212660342012 0.03152030035602974 0.05143235202568753 0.06256635054941842 0.037936622740360394 0.06471226941680022 0.046258351365910555 0.020166516854074886 0.03358701381923372 0.011532878184789399 0.05372453557390277 0.04190814576440804 0.048513624021526335 0.03252935387312984 0.037560456787961854 0.04411768517267418 0.06089513316091177 0.06673564131921061 0.050802749356091935 0.006721919043766627 0.033228544820640325 0.025769214495617202 0.03082349721377655 0.02771472388627855 0.029778192819124104 0.0407707663027576 0.03690506125938222 0.01367060783323227 0.04902193414392198 0.017770093577643777 0.03920326667973539 0.04372477564303911 0.05452670481884525 0.04295802869605259 0.04533320894207949 0.02800855303996307 0.05314645132588276 0.05042669998478213 0.03214102394689894 0.06792584208961627 0.029341771718144043 0.04184060522959436 0.03879872744440593 0.0552092736890598 0.05757083960800111 0.013609318017615227 0.008520098202011892 0.04493494724322087 0.045617444697077965
 0.08613033073924779 0.05578408369737153 0.06869670272698838 0.10096410952801754 0.03586396222817436 0.0970084245919931 0.01213425624346131 0.060070797193246206 0.047761329630834924 0.06270322535455544 0.022126091061487493 0.1102970965460236 0.0689148225019504 0.051102386608519255 10000.0 0.04615640815466517 0.035371120847158787 0.004063568345241339 0.07417700374213501 0.0524854609706135 0.06862756916815835 0.07205072836389584 0.07146364099700457 0.08160048561748617 0.0868155185857606 0.07914982614130918 0.07403149133689733 0.07476157648735317 0.11125358658089399 0.05896631856786316 0.02271531557213249 0.05313531167773084 0.07012749800129801 0.04879516373927569 0.09103806906395015 0.05800616512697785 0.10129618217568576 0.04430257651681161 0.0349714170717934 0.04006598287973334 0.06767209243734978 0.07453051853636138 0.0651920757836048 0.021641046057739238 0.046506940735238415 0.08797541326689874 0.049822634968431506 0.10556481555851409 0.07630207659422003 0.07600775097810049 0.06884074037034206 0.09432745216383687 0.08707315344220568 0.0773681625398172 0.028530257045488647 0.07113552161428927 0.025955873900221676 0.06259565165708778 0.10309134204997106 0.09204483998037208 0.09259520338054748 0.07680966329392161 0.017319307489267265 0.03269181635049378 0.09472781067430788 0.09652283705117853 0.0302438323491001 0.053859098846547125 0.08366485715917622 0.03307070389069814 0.08144585254939057 0.07571980010591728 0.04689897496248282 0.03585714916970054 0.06940072199229333 0.06366852974859 0.09956573876580742 0.04366522397135897 0.012799569242628648 0.09420025540991092 0.08537389327850871 0.0902392579598458 0.016168967004929532 0.07557652021793806 0.06974280731624302 0.05294142993051045 0.08223312305410133 0.09366433475824483 0.04571420094013979 0.02913332448635241 0.08043656139198135 0.008743498429373286 0.07862418630919014 0.06465750552975286 0.0594041118944261 0.04309096009564851 0.08474504216799603
 0.06966092824338022 0.07072449100356638 0.03320196153930207 0.06144695264444922 0.02929159299794999 0.06697977644488573 0.04793895428822863 0.025202682706181506 0.04058507135816022 0.02869895636697975 0.03460458627775101 0.07784625243469223 0.05920726982790924 0.03170171786936827 0.04615640815466517 10000.0 0.012440731055569046 0.04351692728649465 0.04630737442190628 0.007369173412844998 0.029968801739717096 0.026515713510102644 0.07793522428877346 0.037311343254293194 0.04248536930636488 0.05185000668702728 0.0754216991750792 0.030901819029496333 0.0797440435774531 0.06320226355256793 0.024133503561915556 0.03391467421525811 0.06022441653462871 0.06586739314887947 0.047039806018500156 0.07263044328250226 0.06237615636260662 0.018097437126049446 0.055987589286333274 0.05523364066804238 0.046529694429142614 0.028629176743903844 0.019971513012075105 0.04457281293916783 0.05840440050814314 0.057250552459993526 0.047161843535426 0.07954278223375857 0.07368362291415456 0.06267405287353381 0.079916715257809 0.04817335480427812 0.050655775146070996 0.03664635498034047 0.058884241914933244 0.046331579668489324 0.045956781360547226 0.03913461967450488 0.06535844967126127 0.05704562158482659 0.05010972546541539 0.06369419631533697 0.028968250758560004 0.019599499574548165 0.04862947847898407 0.05049799151563648 0.027321367699735248 0.0383881706230352 0.05066514705854024 0.04314487463141367 0.05669383672410551 0.03967725836003071 0.0022130059590221287 0.014697426852138842 0.024086357463384115 0.04344208621724401 0.07335875517960515 0.04311110034691572 0.03429005746335265 0.05992563815363256 0.03921788719713012 0.050837899854858044 0.031860989757371755 0.0581030690291291 0.0815139384511145 0.07353194109131131 0.04852617994539895 0.04825470125640166 0.0023613825826356216 0.055676913146438675 0.0702804207594816 0.044874369147998375 0.03393598110053422 0.03882110172564202 0.03466335141475374 0.06521297289374649 0.040262443260295364
 0.0660361765054071 0.059814828099522606 0.036105377646731586 0.06734691632015245 0.02908635665145467 0.06835463027736977 0.039308982237476676 0.035338121090036104 0.03218708524055967 0.030445833871013545 0.022170730996228367 0.08048307336299314 0.05303486981247699 0.026362949110160325 0.035371120847158787 0.012440731055569046 10000.0 0.03230204757855729 0.04600974583933424 0.01977243667207413 0.03468851797891938 0.03678305795420472 0.06867002020090261 0.04974943169849044 0.05491718753320272 0.05156618087833985 0.06713248452824491 0.04333167077293481 0.08200279605298202 0.05382437223312285 0.012673880842195452 0.028824247019819754 0.05416264584451155 0.054528744875454394 0.059478796667569986 0.061821643286839985 0.06795322673525259 0.01322937280539303 0.04394021933558726 0.04372072412271882 0.04343017364682459 0.03942251703878321 0.032385914256396975 0.032140038994919344 0.04746815255740756 0.05866974269371174 0.03825874022096866 0.07957704721184436 0.06626625314669288 0.05776628806086411 0.0698680869629015 0.05968162018335545 0.05467658601239363 0.04871455997896631 0.046459287967310775 0.04470396534151263 0.03364097256202371 0.03641359206116066 0.07033543977682008 0.06048236014409313 0.05774526385696775 0.05876472884597861 0.01810529648221525 0.01776437226448274 0.05974583610960202 0.062345708983270964 0.02471489099724416 0.032411197373599016 0.052944806024307 0.03150465605556853 0.05556056495385066 0.04317234343255098 0.012349494931670505 0.014579594474722488 0.034093198380647775 0.03975580760682186 0.07332549143635997 0.033321192480905565 0.022874988708104095 0.0630699766922486 0.05068338270694823 0.0565284603858612 0.02318529668133436 0.05433350465182882 0.07138873954825754 0.06198644820701029 0.05108672439952739 0.060501297635045664 0.011142504580624548 0.04331609763953145 0.06473857639524155 0.035681656270066045 0.04635925224612761 0.0371254292109154 0.03208747697758004 0.05332552814712452 0.0494018433303982
 0.08209211282336835 0.05272529487707255 0.0649623085035615 0.09726783118907628 0.03587702096257648 0.0930033188344538 0.015418166072252127 0.0588436604684264 0.0437066465204187 0.05896576837002405 0.018064684208487343 0.10631866737633153 0.06492245924589894 0.047104941926812874 0.004063568345241339 0.04351692728649465 0.03230204757855729 10000.0 0.07018982296892116 0.05008270997190411 0.0650417542505103 0.06907820988212064 0.06806330301470455 0.07954931302537643 0.08477662566793116 0.07513783628175758 0.07040545433522363 0.07275009161263611 0.10725476281960503 0.05531712586277386 0.019641690327048312 0.049118820929603714 0.0661368062698192 0.045769298597027296 0.08907709335944575 0.05496019867841624 0.0975663213172261 0.04064251163757374 0.03189498565580555 0.03667419898043699 0.06362027942009857 0.07165387504952334 0.06288124871150089 0.018026353890184445 0.043058782152698226 0.08400204017771253 0.045842764579072916 0.10150711012309256 0.07253554441463718 0.07198491991488214 0.06569069822081769 0.09165576689813197 0.08327391575154694 0.0758088768239888 0.02634186751699135 0.06711112586418509 0.022362565570335446 0.05858514906521336 0.099298950014997 0.08817582651176097 0.08913620604263885 0.07279181957012489 0.014553696124674546 0.03144261886605912 0.09192466449900354 0.09400017602465405 0.02995885061172846 0.04980252705842336 0.07976119483785299 0.029184829083837342 0.07739933999975042 0.0719593392141432 0.044118134952847186 0.03416183716603819 0.06639486361421791 0.05961848051063825 0.09551250357329595 0.039666175571623566 0.00944064198832861 0.0903016217714697 0.08267663483311873 0.08657092621172754 0.015283658817171709 0.07151754176098274 0.06664974981489924 0.050313990875869144 0.07835620130521903 0.09138946852513657 0.042918581655657324 0.026418188156543017 0.0764811325092034 0.011506041782175418 0.07648378783574909 0.060675614000703 0.05543461308723037 0.040389434154127164 0.08153671579911358
 0.026567421010624138 0.05797464275413853 0.015576227376409785 0.03340594287947163 0.07424162223325369 0.022911678047971156 0.08217156788888985 0.06797551709707471 0.030360794324758664 0.017889808389616946 0.05244898582432144 0.03613759734989861 0.026876033601021657 0.0230943055612367 0.07417700374213501 0.04630737442190628 0.04600974583933424 0.07018982296892116 10000.0 0.048900887109422676 0.021136597639824953 0.039197716557732805 0.05357270528110599 0.06325927367467879 0.06636271532238493 0.005595311339165218 0.0469463973945457 0.06075642954023983 0.037096477991285175 0.04365134967574367 0.054807547368443635 0.02120933409932385 0.027049542810256944 0.057748318605230275 0.0704640777666128 0.058668359054550936 0.032701963644299475 0.03288156313168259 0.057862309633336176 0.05227134403812105 0.0104267502081935 0.04223750917430496 0.05180332185732121 0.057919558282812936 0.04990933886717231 0.013869388113287138 0.03362643073319788 0.03361771342905424 0.04188462046851604 0.02449289131133917 0.0594127996093873 0.05695553199981301 0.01851303162923494 0.07028929337690976 0.06715033188961239 0.004957117670071017 0.05549726765828581 0.01178953574533759 0.03256004580601349 0.020236076157641496 0.03437431003908064 0.02530492148907645 0.060026103048818606 0.0631692548690393 0.054011567109745036 0.06185472655113035 0.07056135076372727 0.021971760769625433 0.011647974689080406 0.04706757483970497 0.01061137037750092 0.014267514656311151 0.04409530924452501 0.05898288153138853 0.03784422242474989 0.012938526580631741 0.027368256462838674 0.036654360912641314 0.06212272059163134 0.021415533018551515 0.05116722198253924 0.025715430770020548 0.06741273275795533 0.017616620815699986 0.061134749926155085 0.06512040193557984 0.011656924829640954 0.06554849753331853 0.04425526871969392 0.06264639632144119 0.03237684335828921 0.0779937096393699 0.0600009256251276 0.0095274616719994 0.014828351978782586 0.06234378593753178 0.03744468887961791
 0.07353770021682744 0.07773266894039708 0.03451657408870691 0.05983365787765875 0.03093435611950089 0.06817249636328755 0.053175170196310295 0.01969144870340032 0.04691424068289579 0.031011533688001608 0.041942992890449615 0.07812983339999459 0.06440802052230597 0.03715232293453662 0.0524854609706135 0.007369173412844998 0.01977243667207413 0.05008270997190411 0.048900887109422676 10000.0 0.030314725804852588 0.022343921698188423 0.08431139445235783 0.03004658208916729 0.03524495676993489 0.05428550218007349 0.08140646715529175 0.02356185632440462 0.0802373531279749 0.06968575179331464 0.031030359574206207 0.039186413325401556 0.06536438529742855 0.07302006995162519 0.039763595069736535 0.07960082675028811 0.06097076523656592 0.024230326747906362 0.06332710424540756 0.06245127867820525 0.050544948617935466 0.023757794367234384 0.01285673253096175 0.05191231013647881 0.06544838458309327 0.05859442069394381 0.053586668380493876 0.08134784905911945 0.07930390345928799 0.0672572831847863 0.08659434461777676 0.042127142260364785 0.0505469394272803 0.029389503551197012 0.06623111385496504 0.04962401498268181 0.0533258379460421 0.04319207582904098 0.06431175941047854 0.057159301905294974 0.0474497190298343 0.06827515464260261 0.03555490859661754 0.023174852816100957 0.04298178289902545 0.044065524510453716 0.0304166983315839 0.043871416689929846 0.051652737952549745 0.0504139305506199 0.059481903176785623 0.040285505615167715 0.00821664956657323 0.018398202566284057 0.02036934547103037 0.047813631374239024 0.07527499557884391 0.04986961663759857 0.04103292392853418 0.060165062181119444 0.033316381425073045 0.049592927868205454 0.03748345263999589 0.062208075618848335 0.08821688244588252 0.08073724357961247 0.049402785407238047 0.04133989275811385 0.00919922495900515 0.06304366102217125 0.07507866737274113 0.050436963390731934 0.0267342820678463 0.04239586223282155 0.03883075412043366 0.07251497261349148 0.03662201916488896
