NAME :TPP_input_22_3_2
NUM_VERTICES
64
NUM_CLUSTERS
22
Full Matrix
 10000.0 0.06945034715472477 0.03362942274288773 0.032591130659319824 0.04620766769141937 0.06451791659433652 0.07695393184133414 0.03624794230446749 0.04997944880677178 0.05400732547967461 0.048708534921076574 0.03169067646708986 0.049482261350516976 0.07946856352548738 0.036614424538155554 0.006425714502418903 0.02826530419147363 0.06286639413800788 0.06391919800117549 0.09027778143571004 0.011716749144939781 0.05554244665483517 0.05414429533071915 0.015231740215825691 0.025291362751978946 0.08343529298943836 0.056715176929468425 0.028355461161846826 0.05894489187573151 0.05348629506208248 0.07942398203731188 0.036625863332571486 0.07923326449366197 0.04768066700210159 0.060997375950152234 0.06986624676085114 0.04370941480147252 0.052009077801619244 0.0518447750368166 0.08380371758878694 0.03330971928555139 0.04496995953917173 0.05404853379589184 0.04621120079164074 0.04756023650327133 0.04503655294535758 0.05903668143246297 0.027431886002033178 0.0737786000193109 0.06474150866603859 0.08524431737041195 0.06627736589632204 0.03581998600097675 0.07932667248677618 0.03174894952058268 0.04020547608964136 0.08464604499535815 0.0677218768610692 0.03433160537266612 0.02494207460958515 0.056882354815392486 0.030464508786678956 0.03998886067062448 0.028570136901819587
 0.06945034715472477 10000.0 0.06021621813879478 0.09099369804295195 0.043782247591055506 0.08947777484385619 0.010151018273239741 0.09947839402611779 0.045536447562050844 0.018116672342134977 0.05004308470826878 0.04435060112378645 0.05335156561662702 0.08296957238385526 0.09077179881319364 0.07179537224215574 0.08365950244758912 0.02912720723580565 0.023547265925249975 0.060815320729707405 0.07878560114765436 0.08872772481667644 0.037491798958569744 0.05469201910661954 0.04874297153788685 0.04484923263248519 0.044953423042022274 0.04749889539726811 0.035501264686527916 0.08971468570765219 0.04948425758160443 0.03302663599792862 0.09160446935247918 0.05179249360490996 0.08607394422156077 0.008859974597287172 0.026525597182753977 0.04487934757208839 0.0494947339519805 0.05945791091665961 0.04557730989646699 0.08959307290485116 0.028580948943768218 0.07285967396167028 0.08019209431790635 0.02496403245918618 0.010513455899682209 0.042293643214787104 0.006284210511659237 0.0733637658799811 0.09061375887766568 0.04313986076121582 0.07181038594491553 0.022340957382874112 0.05401216101282326 0.09806917147902527 0.03699834179372247 0.06557081181194248 0.0994265170685472 0.05265504350751012 0.01768139569781149 0.08794837706060775 0.08790958029788803 0.04739311853760529
 0.03362942274288773 0.06021621813879478 10000.0 0.03403278618114318 0.06096409322778448 0.03629978759060871 0.06375830217945685 0.044111030488270746 0.021318430489122384 0.05238711764235381 0.01802153383564797 0.017769692837363703 0.017428542558167708 0.04629980404488903 0.03199157989010862 0.029796858338139134 0.026807865289249708 0.06860885233901959 0.06679436252122976 0.059159541582720965 0.03361328210982296 0.031124512722905985 0.028949232807856266 0.02588190929204418 0.04158449444743046 0.0558478638874136 0.0709100118312049 0.044454278940426174 0.06828901343374902 0.031060960008282876 0.0498660091089357 0.03744500650001322 0.04771882978528357 0.01632143693303356 0.03245040274645257 0.05632369598444393 0.03592040460255203 0.06681453359402771 0.06890221416776214 0.052218657015601286 0.048821352491550014 0.029386026084841792 0.0341444799221904 0.016253871450986678 0.02180423455897548 0.04359397428147375 0.050595526431614066 0.03384740153364438 0.06617779198996251 0.031502198831294674 0.05258466873061883 0.037739545101727084 0.011601518807687764 0.06019829569779635 0.05315162816343011 0.03983217933957013 0.06012079318279576 0.034184349354794384 0.04566483847892474 0.013515472567841602 0.056124707230474254 0.031123126830194678 0.02790737314809106 0.04462923518478034
 0.032591130659319824 0.09099369804295195 0.03403278618114318 10000.0 0.07765657003062162 0.04382030504714979 0.0960616043437292 0.010441674808924993 0.055250296833409304 0.07924218699176444 0.05155309137667018 0.046717635221034434 0.05014669168656617 0.06615902440327463 0.006206902224825208 0.026368988807327635 0.007422520696956225 0.09187162241627465 0.09175017805026627 0.09029577807221181 0.02175689685485742 0.03291644649603266 0.0629635394480487 0.040269383528451434 0.05599784831101387 0.0892686149895063 0.08829959218446966 0.05927911735891741 0.08916192141474344 0.02961815913288004 0.08255344454951548 0.06172110544052219 0.06135582461000797 0.04964836730120878 0.04148214395062483 0.08855866230890551 0.06472124002873067 0.08363295810307472 0.08394291786119387 0.08307965964335585 0.06439924429127088 0.01866780987695007 0.06746008740257659 0.03371710861299744 0.029471767382021292 0.06977337717852687 0.08067589195752776 0.054054248292461894 0.09645459340419514 0.053656569008298606 0.06954273030648853 0.07124160007303318 0.025216598516411493 0.09389422604333343 0.06412246445788723 0.007810060675199417 0.09409131939890157 0.0614121768186649 0.013221950786992804 0.03833912220642955 0.08270438779770832 0.0030511622230940424 0.013677460100619572 0.059498303057270704
 0.04620766769141937 0.043782247591055506 0.06096409322778448 0.07765657003062162 10000.0 0.09722897165622689 0.05390998276682924 0.08241821113915666 0.061333368765807174 0.02649488570510241 0.06374073917940831 0.04463665287496874 0.06660376253629728 0.10208100950037882 0.08045002138300998 0.05172552959755504 0.07188488252494457 0.020893391768906706 0.02484689304963352 0.094406814599562 0.05791992068824686 0.09153119701691431 0.058378550268163666 0.038464602741146665 0.02170470864966186 0.08095214211068535 0.01065004236444032 0.018405938210689293 0.014450333807563331 0.09078402632510077 0.0818996365228329 0.025948830768538104 0.10671803791157636 0.06429939366362514 0.09337849825873251 0.04992207088971601 0.03441165717797966 0.006051398815352331 0.008284156629891105 0.09038969251178457 0.013288942028426842 0.08544172119831299 0.051252397337429575 0.07721509264545555 0.08222945071971174 0.02585536911691402 0.03757805576295362 0.027121027622295533 0.044328738039863355 0.08840390215299918 0.10945595666543392 0.07045270413462777 0.07023398111846768 0.06397518919150325 0.01604153329530016 0.08545902777609672 0.07634034375205262 0.08545470894989413 0.08051641401216805 0.04762201396430153 0.026110652480022013 0.07509257664511106 0.08148342790940656 0.01818781597954078
 0.06451791659433652 0.08947777484385619 0.03629978759060871 0.04382030504714979 0.09722897165622689 10000.0 0.08989830123239172 0.052581343196859184 0.04394164119693744 0.08599329077477105 0.03946185582895243 0.05312394607627971 0.03613297067589734 0.025308237958034337 0.03777015986057429 0.05876915432392942 0.04130474825226743 0.10339934368280138 0.10086797675963292 0.05981625958319615 0.05882387678341339 0.010952641205928298 0.052224136654280114 0.0612884450713187 0.07769706258419332 0.06618324002639288 0.10705568455324062 0.0806520479341392 0.10385673763228861 0.014434274220551515 0.05748664349306943 0.07299559346248882 0.017762574786232232 0.03779728729975803 0.003850681455953274 0.0832469658017559 0.0693553021883013 0.10303976151209678 0.10519778297134477 0.053063763903091685 0.08510134582292209 0.025316783422181213 0.06090306337194787 0.02006316040410654 0.016967255140732603 0.07807775310692554 0.08151363800250756 0.07012967432437947 0.09575623920622281 0.01971974484507585 0.0265514166294277 0.051920809645303524 0.02897066733517597 0.0815798366812237 0.08905684841478334 0.04314094744811611 0.074762119222926 0.030613227385560528 0.056393913496556904 0.049778708931162936 0.0897111316846705 0.042900712683348656 0.030147957249075565 0.0808327452347594
 0.07695393184133414 0.010151018273239741 0.06375830217945685 0.0960616043437292 0.05390998276682924 0.08989830123239172 10000.0 0.10505070770452088 0.04647746191899425 0.027957377268012402 0.05112864939150526 0.049479746004306754 0.054257965796572896 0.0805554836029907 0.09524540985412487 0.07871263732995193 0.08865076840673759 0.038832363033816014 0.033194402920575926 0.05446471946780312 0.0855924400732482 0.09038221549713543 0.03783847638166397 0.061876562080501525 0.057700806920616646 0.03816745008176359 0.054993225524397796 0.056723803485245604 0.045450512389474694 0.09174339028759017 0.044122430814004306 0.04127658318841438 0.09003445353013168 0.05305124349491314 0.08672402964532926 0.007503326377483899 0.03327068331128201 0.05501587500387041 0.05963356845253993 0.05415276818573852 0.0551605527358762 0.09280357763183299 0.03001826303334411 0.07479792489049478 0.08234902631595148 0.03375327866172625 0.018544766397971507 0.050397883970105625 0.012252097274262278 0.07248756601330422 0.08804067344024134 0.04034242296026661 0.07517819008321043 0.014033440946806728 0.06370053492260172 0.10280425468006268 0.029141392666023853 0.06366544113293125 0.10534958896995927 0.0580269932204939 0.027799600322592297 0.09301218580928065 0.09166553416526325 0.056633999628358654
 0.03624794230446749 0.09947839402611779 0.044111030488270746 0.010441674808924993 0.08241821113915666 0.052581343196859184 0.10505070770452088 10000.0 0.06540880324335205 0.0867199828234952 0.06181912664077284 0.055571036045350915 0.060502264998454514 0.07582835561915124 0.01528042263177822 0.030807442291922775 0.01731001970452129 0.09811484069789758 0.0984794561524443 0.10073345982309947 0.024538809632222422 0.04163797853471518 0.07293633041537001 0.046786413911323266 0.0611441933084593 0.09960186968138604 0.09295520139059361 0.0643326690323792 0.0947814538032386 0.0381553579426812 0.09296191622409487 0.06899354582063948 0.0703102324673866 0.05994013659254096 0.050608957851075005 0.09756321280471915 0.07300259333484495 0.08825003797995276 0.08804981823529744 0.09351515002723718 0.06938206812838636 0.027312220272135358 0.07700603069475802 0.044026449488898695 0.03934643477647751 0.07727395171424227 0.08904639788484009 0.060727302200093355 0.1047302833349963 0.06374997532746507 0.0787850527154056 0.08154569645123505 0.035651125475041553 0.10353634107010222 0.06787309532541475 0.009873959234405524 0.10423147888983592 0.07175437558265384 0.004290201243592403 0.047032604337041685 0.09004440946722098 0.013082009303827033 0.023010434598381167 0.06455085708983499
 0.04997944880677178 0.045536447562050844 0.021318430489122384 0.055250296833409304 0.061333368765807174 0.04394164119693744 0.04647746191899425 0.06540880324335205 10000.0 0.04390554679711311 0.004655683449114611 0.020145151011842877 0.007840221096750553 0.041232821039141276 0.05272787545841154 0.04795066078163976 0.04809901868931532 0.06215440268532497 0.05877395811908841 0.04033194793923198 0.053107317202196726 0.043918679933423035 0.008751856418211218 0.03726076793497424 0.04741390800609585 0.03476297194648083 0.06953098132845649 0.04926956553321316 0.06415157137761485 0.045400002999682304 0.029605662819502377 0.03538973207388627 0.047711079232065946 0.006631802038180915 0.040563325336612666 0.03953455198386411 0.028216045170628895 0.06634779880717946 0.06961124680537105 0.03406038236048986 0.05210566331260352 0.04767737218606315 0.016963715462258985 0.028518239291285694 0.036150275130059965 0.037581876428676726 0.03789940604143314 0.03725717348524167 0.05181587091544071 0.028943118783594828 0.04882468154796755 0.01676737501458154 0.031039418942369956 0.04032920539364355 0.0589928180071229 0.06065911615609628 0.03884104343990791 0.024158208331116895 0.06697410510967233 0.025051909364220068 0.04746106509175378 0.05238339745637474 0.04757916428232115 0.04937011619034654
 0.05400732547967461 0.018116672342134977 0.05238711764235381 0.07924218699176444 0.02649488570510241 0.08599329077477105 0.027957377268012402 0.0867199828234952 0.04390554679711311 10000.0 0.0476357375371796 0.03476147156319242 0.05094752406609086 0.08476086086302569 0.0800555719819249 0.057289380715552674 0.07221041033116003 0.018414709745308275 0.014934486324952622 0.07037446924307654 0.06432188908291459 0.08306287691723578 0.038122379545634126 0.04023068863717505 0.03135995839390882 0.055820003799073786 0.029987028349404355 0.02977193049998778 0.021962314282133306 0.0833517407626293 0.05804904602312438 0.01776398201193822 0.09160619371989134 0.04889358836901191 0.08229215178989009 0.023441505556721604 0.01668853719622426 0.028729022597436656 0.033188361103307994 0.067315510245142 0.02751793201571692 0.08113088009161722 0.02936106401430056 0.06729126646923785 0.07391972799157344 0.009470869191071136 0.011196545324368264 0.026630350618355586 0.020591135694159164 0.07282628500622074 0.0924360636166434 0.04819005925832423 0.0636854549659309 0.03749084116306804 0.035901339835495136 0.08674982370101846 0.05027473670023338 0.0672593320631963 0.08608846248833986 0.041827159317490495 0.0037476527212453917 0.07626984095540072 0.07852688673625058 0.029647780693596408
 0.048708534921076574 0.05004308470826878 0.01802153383564797 0.05155309137667018 0.06374073917940831 0.03946185582895243 0.05112864939150526 0.06181912664077284 0.004655683449114611 0.0476357375371796 10000.0 0.020752267746481767 0.003363836754883793 0.03836193744115531 0.048747654162410795 0.046132997311944604 0.044530463539400884 0.06572696932391617 0.06255713007316921 0.04180098666953214 0.05086558324694876 0.03926331029865343 0.013392701949763377 0.03696034627057899 0.048559060423442386 0.03786125672982875 0.07231868336585809 0.05065654849809548 0.0673710430543196 0.04075427573699683 0.031920085780170096 0.03784343546111168 0.04407167459442608 0.002045904721994892 0.03603097043200441 0.04416390257140543 0.03153236997445154 0.06895034289637471 0.072023079038089 0.035143837414341246 0.053845556111855604 0.04324127629392756 0.0215130483085338 0.023892337444094885 0.031532691388232004 0.04081648207358845 0.042157602340266026 0.03867005839465516 0.05631509345713416 0.025304898595918713 0.04581949944137796 0.01975823063201551 0.02693926386213092 0.04485873249335095 0.06029882418084496 0.05669057255473735 0.04269484190579666 0.021969975771361585 0.06357318827198488 0.0241015911730332 0.05125371734772613 0.048748242548315945 0.043340696788480675 0.05077400272154541
 0.03169067646708986 0.04435060112378645 0.017769692837363703 0.046717635221034434 0.04463665287496874 0.05312394607627971 0.049479746004306754 0.055571036045350915 0.020145151011842877 0.03476147156319242 0.020752267746481767 10000.0 0.022998692457484798 0.058173382492964526 0.04645218256588263 0.03125036027108826 0.03934706246072835 0.05086014352699145 0.04904137664350725 0.059938292197547045 0.03756455631722214 0.04882471052589209 0.02261214987475005 0.017563051659894805 0.027856157146013808 0.05185669286693148 0.05409304178198729 0.03009229992688948 0.050789357437256225 0.048830551058635735 0.048432941031783174 0.01989238287400476 0.06212489644326333 0.02070837830193372 0.049296470894937966 0.041993055486061324 0.018628906214986016 0.05025434207633747 0.0528147615515876 0.05398748510098258 0.0336367434146048 0.046420093063819896 0.02278028222793192 0.03346028498683063 0.039539154391144755 0.025837795246294593 0.034177637286068305 0.018254146067904934 0.04997516303224788 0.04403111771843795 0.06531617030986758 0.03521109874742365 0.02892602126387484 0.049009373682415265 0.03964399450444564 0.05372029218419645 0.05303901407130505 0.042594401069437154 0.05595184973169142 0.008575466380937745 0.03848109545062325 0.0436672217311338 0.04407355889316839 0.03022286817229145
 0.049482261350516976 0.05335156561662702 0.017428542558167708 0.05014669168656617 0.06660376253629728 0.03613297067589734 0.054257965796572896 0.060502264998454514 0.007840221096750553 0.05094752406609086 0.003363836754883793 0.022998692457484798 10000.0 0.035489097402170655 0.04701281727236306 0.046503994690777414 0.0432963992402897 0.06899622261634852 0.06587451505421787 0.04175124169606411 0.050864899397739326 0.03621355330740898 0.016432050189248894 0.03847723548350656 0.05085135679985619 0.03912907596291449 0.07532821568867684 0.053067242116930514 0.07053756520726354 0.037833928882324064 0.0326104402380299 0.040776336172862616 0.040845707588102395 0.002316652242948403 0.03272996662717301 0.047360046746609014 0.03476437604788677 0.07188907671158903 0.07487894266252045 0.03486912348257627 0.05642248316482604 0.04085340634149207 0.02479363258506901 0.021104148239149897 0.028751135655096717 0.04401087875965531 0.04551940850787991 0.041140361735271525 0.05962747112048933 0.022113531347427964 0.042860508574579646 0.021185482841371558 0.025168497621800255 0.04757940034928585 0.06264250783305374 0.05494819893526005 0.04461906513867156 0.0196263838093706 0.06245174846607814 0.025354311744147293 0.05457597805802858 0.047421890433507516 0.041272655665458846 0.05319293435048562
 0.07946856352548738 0.08296957238385526 0.04629980404488903 0.06615902440327463 0.10208100950037882 0.025308237958034337 0.0805554836029907 0.07582835561915124 0.041232821039141276 0.08476086086302569 0.03836193744115531 0.058173382492964526 0.035489097402170655 10000.0 0.06057297689730913 0.07478739467870045 0.06196163208535253 0.10313989890599108 0.09944140766892723 0.03826688322382619 0.07679568919959359 0.03519827888006842 0.04680520349463118 0.07174066849562556 0.08581064923044839 0.04888904451650135 0.11064870696865287 0.08821904025844056 0.1053745825183718 0.03875821980422157 0.04010519240592792 0.07620455647098469 0.011648920274272724 0.03780054091821299 0.025889149638132332 0.0751782597005281 0.069442877167758 0.10731209213398336 0.11035956298577179 0.032674164508043 0.09178589006358948 0.048810206523001866 0.05591861909950955 0.03425697213667724 0.036713270102209934 0.078812567834961 0.07739136476310764 0.07642481644833916 0.08908539804325072 0.014797721348752858 0.007702033276686369 0.040228149673822704 0.044975908634189224 0.06937740657507453 0.09763620617100387 0.06696665575280132 0.05889471866228401 0.017584091299198804 0.07927792013995089 0.05857727473463595 0.08818700835888753 0.06458766727856839 0.052819695843125014 0.08835710872786365
 0.036614424538155554 0.09077179881319364 0.03199157989010862 0.006206902224825208 0.08045002138300998 0.03777015986057429 0.09524540985412487 0.01528042263177822 0.05272787545841154 0.0800555719819249 0.048747654162410795 0.04645218256588263 0.04701281727236306 0.06057297689730913 10000.0 0.030219911896025756 0.008584948725329672 0.09360013092927139 0.09311263541566031 0.08616558569707317 0.02657259762179862 0.026835073290039483 0.06081387592411601 0.04234737905893589 0.05874859705393131 0.08606496471614092 0.09109542186910922 0.062049615447014754 0.0913410719859966 0.02348497062307101 0.07900298182257469 0.06285540338712553 0.05538661694720416 0.04677121676307152 0.03555955205052738 0.08775422897476383 0.06488072342572197 0.08647684517539396 0.08708016657704803 0.07892566224313842 0.06716150583616781 0.012515064130885446 0.06603162582162743 0.0290801943042137 0.024073316093052247 0.07063501825877033 0.0806273256408673 0.055767528235206 0.09642670782499872 0.048521400974492285 0.0636984171689027 0.06819830005145096 0.021848887865902798 0.09218984259662145 0.06759208531848954 0.007943383981025206 0.09144217321293496 0.05679109893099628 0.018756199671350175 0.038431388351221146 0.08361617068036659 0.006549687262856294 0.007767782983827265 0.06226702124843827
 0.006425714502418903 0.07179537224215574 0.029796858338139134 0.026368988807327635 0.05172552959755504 0.05876915432392942 0.07871263732995193 0.030807442291922775 0.04795066078163976 0.057289380715552674 0.046132997311944604 0.03125036027108826 0.046503994690777414 0.07478739467870045 0.030219911896025756 10000.0 0.021842712613993735 0.06746987300591324 0.06812469867379747 0.08792989948161084 0.0070391063463003094 0.049520145167931094 0.05301903356848813 0.017167169338152523 0.030338610262756454 0.08216734988926341 0.06231796674749591 0.03353875022497319 0.06398008231683669 0.04734766767414706 0.07755586775606897 0.039590769977161294 0.07394091338195963 0.044892983222019275 0.05532980511401724 0.07144386677101135 0.04551261490907155 0.05762253757305083 0.057702121054190404 0.08124641934671686 0.038607088153289254 0.03861814014176616 0.054015082700357674 0.04103137787370297 0.041805670300047205 0.048038955770626036 0.06129294089440112 0.030730429733578625 0.07647874701074966 0.06018380951016682 0.08028419335963463 0.06457984755027894 0.03042263011753352 0.07996986126625413 0.03776914383158912 0.034064826356588626 0.08416559399355546 0.06395352166612947 0.02934408851150886 0.023470429129621467 0.060380823796328045 0.024138760621426128 0.03359661779528192 0.03375734855867141
 0.02826530419147363 0.08365950244758912 0.026807865289249708 0.007422520696956225 0.07188488252494457 0.04130474825226743 0.08865076840673759 0.01731001970452129 0.04809901868931532 0.07221041033116003 0.044530463539400884 0.03934706246072835 0.0432963992402897 0.06196163208535253 0.008584948725329672 0.021842712613993735 10000.0 0.08531224851495212 0.08498261429555577 0.08400029512572535 0.018961046244938117 0.030797991625464958 0.055680476388209194 0.033890360336758144 0.050180980090799875 0.08234796188977174 0.08253230791283207 0.053481323230294246 0.08290083510628946 0.027918606227202537 0.07584389381230086 0.05481473371731331 0.05829211732941128 0.04266751444426007 0.03848962056035707 0.08114755314621817 0.05745847000942038 0.0779077512868919 0.07849533096366991 0.07682236945751295 0.05859594146425495 0.0177435625876863 0.060052253636231734 0.028384135044913775 0.025471376293319317 0.06275370538909297 0.0733733090048422 0.04745416320130346 0.0891636451901117 0.04871705717488683 0.06599382032683805 0.06427249721399174 0.018868668755782643 0.08650594111870023 0.059028507103493034 0.014545830352835583 0.08692518007915916 0.05571609419154588 0.01919988403599833 0.031022234682004195 0.07571611213304384 0.004390988378623479 0.012408185329779884 0.053698993337207
 0.06286639413800788 0.02912720723580565 0.06860885233901959 0.09187162241627465 0.020893391768906706 0.10339934368280138 0.038832363033816014 0.09811484069789758 0.06215440268532497 0.018414709745308275 0.06572696932391617 0.05086014352699145 0.06899622261634852 0.10313989890599108 0.09360013092927139 0.06746987300591324 0.08531224851495212 10000.0 0.005645858225790031 0.08766049108022385 0.07423622709587764 0.09968236661350459 0.05653708561565363 0.051616146616029625 0.03766356036198726 0.07243528792292106 0.017123367956448844 0.03482533046948565 0.0074263885677966655 0.09964710869240953 0.07555682372116718 0.03137572766254737 0.10978460592488287 0.06687662671539164 0.09963616003570978 0.03728749793669191 0.034275371993643125 0.018818455606764137 0.023155072188383512 0.08508567886149426 0.0303722300048449 0.09630004666878303 0.04773603892329554 0.0841806151571839 0.09039818267670106 0.02532160329178919 0.027766325302304627 0.0378585007337199 0.027273789125543048 0.09100297922995078 0.11080651212979845 0.06635356806479353 0.07942883664205636 0.051375649755325076 0.03618025304539842 0.09961593484281535 0.06562278341144268 0.08565865576028826 0.09681288667536664 0.05669736527402777 0.01522090332046357 0.0890460401200681 0.09313300224499584 0.03462415788097826
 0.06391919800117549 0.023547265925249975 0.06679436252122976 0.09175017805026627 0.02484689304963352 0.10086797675963292 0.033194402920575926 0.0984794561524443 0.05877395811908841 0.014934486324952622 0.06255713007316921 0.04904137664350725 0.06587451505421787 0.09944140766892723 0.09311263541566031 0.06812469867379747 0.08498261429555577 0.005645858225790031 10000.0 0.08265416766935793 0.07502272979198532 0.09768643206707107 0.05266766320015893 0.05171665944764226 0.03910905435086224 0.06725194603516078 0.02250355815431455 0.036547570817512705 0.01272909827786164 0.09784384030824257 0.070666561228151 0.03030143850987904 0.10648494950904602 0.06382686232675158 0.09715075681819102 0.031835187180089985 0.031513352259336574 0.023694174696700043 0.02818736749553131 0.08030768391715844 0.03254919418146731 0.09508655296550256 0.04368197038456654 0.08199969091705439 0.08847744457274405 0.023203581470265962 0.022991606221253756 0.03778324207410516 0.021648495415087714 0.08771193329994782 0.10713169651930177 0.061911555379187785 0.07789389618116276 0.04584369509096198 0.03922996315673324 0.09942131078409068 0.06021119672703562 0.08189133730460059 0.09741491557630652 0.05549249297587483 0.011313238992936053 0.08885823570535874 0.09217973002346183 0.03636187699363103
 0.09027778143571004 0.060815320729707405 0.059159541582720965 0.09029577807221181 0.094406814599562 0.05981625958319615 0.05446471946780312 0.10073345982309947 0.04033194793923198 0.07037446924307654 0.04180098666953214 0.059938292197547045 0.04175124169606411 0.03826688322382619 0.08616558569707317 0.08792989948161084 0.08400029512572535 0.08766049108022385 0.08265416766935793 10000.0 0.09257709695455056 0.06672081509555419 0.03809079195700054 0.0774039818493761 0.08537114782490789 0.016315904258280566 0.10012765035787527 0.08656991572402924 0.09229727492501774 0.06978512114747151 0.01250978095150728 0.07024801038574979 0.04991104415118881 0.04312939980663524 0.05860108813120177 0.05195921614751081 0.06038573142366094 0.09816444123957634 0.10223862866927365 0.007243811690025089 0.08826103637228518 0.07708631398737104 0.043359571510136766 0.05720465780115356 0.0634979245782246 0.06855260898323226 0.059927632357380356 0.07502478505730042 0.06580792598566874 0.04065037572945392 0.0435941819027904 0.025054120184414583 0.06517283945810293 0.040698992721653816 0.09618726094965878 0.09383164166517667 0.02627481403034345 0.03023680040034477 0.10315922062199755 0.06537651679902726 0.07279335890982455 0.08783643026647174 0.07925588009897011 0.08662204662506605
 0.011716749144939781 0.07878560114765436 0.03361328210982296 0.02175689685485742 0.05791992068824686 0.05882387678341339 0.0855924400732482 0.024538809632222422 0.053107317202196726 0.06432188908291459 0.05086558324694876 0.03756455631722214 0.050864899397739326 0.07679568919959359 0.02657259762179862 0.0070391063463003094 0.018961046244938117 0.07423622709587764 0.07502272979198532 0.09257709695455056 10000.0 0.04888846033691301 0.05875501529134609 0.024200454555556944 0.03684689073941706 0.08767033103657378 0.06843188507859602 0.039972839538341076 0.07053374380530973 0.04632618574936667 0.08263951367319373 0.04662929800149833 0.07488929887094176 0.049453351106186996 0.055623590444643406 0.07828788546259557 0.05244623728726858 0.06372574668129251 0.06352013431923076 0.08573401467281588 0.04497154236138353 0.03662864295975373 0.06033218973133181 0.042581754038796646 0.04208130386802754 0.05507790490132847 0.06827808920793053 0.037745132493390746 0.08350339350222331 0.06249708691543364 0.08180304108354282 0.06985595711372708 0.03183300240688103 0.08649976148115347 0.043368675719232405 0.029069529065214976 0.09015063699383223 0.06728485950416922 0.022670540275088566 0.029422984130361096 0.0673987934527263 0.02009078846982909 0.03133843993820329 0.040189328619479076
 0.05554244665483517 0.08872772481667644 0.031124512722905985 0.03291644649603266 0.09153119701691431 0.010952641205928298 0.09038221549713543 0.04163797853471518 0.043918679933423035 0.08306287691723578 0.03926331029865343 0.04882471052589209 0.03621355330740898 0.03519827888006842 0.026835073290039483 0.049520145167931094 0.030797991625464958 0.09968236661350459 0.09768643206707107 0.06672081509555419 0.04888846033691301 10000.0 0.052626565035558966 0.05420394205617171 0.07109124274115743 0.07091719495503757 0.10170418828819723 0.07419680340432501 0.09939691228494403 0.003577659531499712 0.06259726253499472 0.06856945213641961 0.02867581412041045 0.03733099248035199 0.009313085047895162 0.08334605862216969 0.06640596968136281 0.09747790657877445 0.09925077274145618 0.059660633674557 0.07890248034081856 0.014364697175184299 0.06055757667471574 0.015924267194610407 0.009345959176447855 0.07453834207712062 0.07994970494241434 0.06449200330312152 0.09493030082931783 0.026155763527603734 0.037289833791959735 0.054978301862592095 0.02141637054604046 0.08355295352490599 0.08203226855443521 0.0322577960655147 0.07858111738835759 0.03655602569731809 0.045441273963376376 0.04398256452534755 0.08681050122579528 0.03211041004798643 0.019268054168897465 0.07439051867922288
 0.05414429533071915 0.037491798958569744 0.028949232807856266 0.0629635394480487 0.058378550268163666 0.052224136654280114 0.03783847638166397 0.07293633041537001 0.008751856418211218 0.038122379545634126 0.013392701949763377 0.02261214987475005 0.016432050189248894 0.04680520349463118 0.06081387592411601 0.05301903356848813 0.055680476388209194 0.05653708561565363 0.05266766320015893 0.03809079195700054 0.05875501529134609 0.052626565035558966 10000.0 0.04013790553020109 0.0473272174800244 0.029291231570694524 0.06565085106263008 0.04865851250319084 0.05935033460421934 0.054146874720860924 0.026101634517723696 0.032970729856758876 0.054488398696237686 0.015383636016304447 0.04895743887338321 0.03103172504984732 0.024056800512273248 0.0629070696225959 0.06654635277076902 0.0328481763968876 0.0507156966745999 0.056289853419597795 0.009190968072618258 0.03727002132490569 0.04490062370245878 0.033223070164907054 0.030719849924337735 0.03697186941177302 0.04377130880364605 0.03598509875602793 0.0545041304675368 0.013036755057614301 0.03935634914704095 0.03169846507289997 0.058349444141820146 0.06870800638146485 0.03159947834233849 0.029233591259236455 0.07423034359175515 0.02955480696006075 0.041457522771757606 0.060028099880120575 0.055984255681345664 0.048722871860075255
 0.015231740215825691 0.05469201910661954 0.02588190929204418 0.040269383528451434 0.038464602741146665 0.0612884450713187 0.061876562080501525 0.046786413911323266 0.03726076793497424 0.04023068863717505 0.03696034627057899 0.017563051659894805 0.03847723548350656 0.07174066849562556 0.04234737905893589 0.017167169338152523 0.033890360336758144 0.051616146616029625 0.05171665944764226 0.0774039818493761 0.024200454555556944 0.05420394205617171 0.04013790553020109 10000.0 0.017081429923365175 0.06929999440286327 0.04904336829836349 0.020314639616675362 0.04901047766135664 0.053044426835474924 0.06599072878739903 0.02248214784423452 0.07359860657803483 0.036377261756883626 0.057495290080298196 0.05472058455269271 0.028605955591411963 0.044515911092069094 0.04564392861226231 0.07130561200364882 0.025290822290716893 0.04703076102591327 0.03913688915546767 0.041422855446241184 0.04513954920450236 0.03091281687655152 0.044206819022623176 0.013941936675060444 0.059315446907206026 0.05701155434605066 0.07829571126902676 0.05276817946294213 0.03281519319506299 0.06411810102024225 0.027852533562269837 0.04803580953545369 0.06987017829616489 0.05783407752823442 0.045918266461167694 0.013270733496018655 0.04341620119950539 0.03747833134113812 0.04301947929626933 0.02052179684474204
 0.025291362751978946 0.04874297153788685 0.04158449444743046 0.05599784831101387 0.02170470864966186 0.07769706258419332 0.057700806920616646 0.0611441933084593 0.04741390800609585 0.03135995839390882 0.048559060423442386 0.027856157146013808 0.05085135679985619 0.08581064923044839 0.05874859705393131 0.030338610262756454 0.050180980090799875 0.03766356036198726 0.03910905435086224 0.08537114782490789 0.03684689073941706 0.07109124274115743 0.0473272174800244 0.017081429923365175 10000.0 0.07453776524045384 0.03235377220924566 0.0033014603430684963 0.03368704408239176 0.07004791639358156 0.07315664264634536 0.017128854669022645 0.08890525670533278 0.04856419362255669 0.07386612543735482 0.051519382748822805 0.027254448968218763 0.02772834716300555 0.028592183431741254 0.08012116626510479 0.008416742320353339 0.06407776988497006 0.04297224740599977 0.057663129126067594 0.061924219291293665 0.023948067726027755 0.0391609739198895 0.010356158678969232 0.0519303027703637 0.07140233676451593 0.09278517530383892 0.06033926219611702 0.04967492515279183 0.06361617811622294 0.011825846259915618 0.06380578793469498 0.07268548945680127 0.07044944475457077 0.05951534752705708 0.028096972845600195 0.033554623198147046 0.05340511126899812 0.059957227869684444 0.0035185163757442263
 0.08343529298943836 0.04484923263248519 0.0558478638874136 0.0892686149895063 0.08095214211068535 0.06618324002639288 0.03816745008176359 0.09960186968138604 0.03476297194648083 0.055820003799073786 0.03786125672982875 0.05185669286693148 0.03912907596291449 0.04888904451650135 0.08606496471614092 0.08216734988926341 0.08234796188977174 0.07243528792292106 0.06725194603516078 0.016315904258280566 0.08767033103657378 0.07091719495503757 0.029291231570694524 0.06929999440286327 0.07453776524045384 10000.0 0.08579737306880025 0.0752650103090627 0.07750871968776145 0.07348973396485523 0.008882892696179057 0.058306963210989216 0.06005861006141375 0.039685469865825426 0.06411715152544178 0.035996828762086965 0.04803844201637983 0.08422074332747599 0.08847962071814516 0.017384768902670742 0.07626295002230912 0.07886947512872773 0.0315660034428354 0.05848128355762366 0.06569677195820489 0.0552770412509553 0.044961369469570876 0.06440652237408089 0.0496410775990797 0.046491045768164665 0.0554546203212243 0.018108819967590888 0.06425798923371318 0.024387472456267184 0.0845826428642603 0.09398078293540915 0.01046570450741028 0.03565882870948363 0.10143001640608736 0.058757902676827393 0.057909190031930284 0.08652009349163785 0.0799850993380384 0.07528565858233999
 0.056715176929468425 0.044953423042022274 0.0709100118312049 0.08829959218446966 0.01065004236444032 0.10705568455324062 0.054993225524397796 0.09295520139059361 0.06953098132845649 0.029987028349404355 0.07231868336585809 0.05409304178198729 0.07532821568867684 0.11064870696865287 0.09109542186910922 0.06231796674749591 0.08253230791283207 0.017123367956448844 0.02250355815431455 0.10012765035787527 0.06843188507859602 0.10170418828819723 0.06565085106263008 0.04904336829836349 0.03235377220924566 0.08579737306880025 10000.0 0.02905565085200448 0.009774627230370717 0.10106528940545625 0.08770648240776888 0.0346164862587049 0.11585891387810159 0.0730534331332734 0.1032100821813469 0.05234352271702821 0.04166099997019889 0.00470654401430021 0.006900562960854654 0.09668292374289193 0.02393726766611791 0.09595523301645126 0.057785700804809666 0.0871225442846864 0.09237646850226315 0.03243115515379071 0.04103805259788325 0.03721462860926487 0.04398988410175867 0.09734176058141003 0.11813789351632706 0.07705175920449947 0.08049942744635173 0.06661594778252418 0.02573981772834527 0.09610033665991419 0.08008743111902286 0.0936756073774954 0.09097471475849776 0.057724752281505656 0.02827025493627362 0.08574126151375558 0.0920581275007216 0.028837439030371403
 0.028355461161846826 0.04749889539726811 0.044454278940426174 0.05927911735891741 0.018405938210689293 0.0806520479341392 0.056723803485245604 0.0643326690323792 0.04926956553321316 0.02977193049998778 0.05065654849809548 0.03009229992688948 0.053067242116930514 0.08821904025844056 0.062049615447014754 0.03353875022497319 0.053481323230294246 0.03482533046948565 0.036547570817512705 0.08656991572402924 0.039972839538341076 0.07419680340432501 0.04865851250319084 0.020314639616675362 0.0033014603430684963 0.0752650103090627 0.02905565085200448 10000.0 0.03059076684398935 0.07320322962997668 0.07425962731273543 0.017164321941048506 0.09157912108601379 0.05076494955345391 0.0768143544386851 0.05080388622173914 0.027493102033638504 0.024427232040180928 0.025331423896564953 0.08150531740304855 0.00512182145117951 0.06733500901991472 0.04375954120562019 0.06059927972363052 0.06500001486627527 0.023080715804783863 0.038254635918244316 0.012017751968539143 0.0503547701919367 0.07390972259036241 0.09527150777788626 0.06160506616125157 0.052784929895347416 0.06331428007416111 0.009741462928950716 0.067085818106787 0.07295954818733529 0.07260644877165268 0.06264259067246167 0.030940960054477308 0.03168751892057496 0.05669549037450952 0.06323888271701036 0.00021938970578919278
 0.05894489187573151 0.035501264686527916 0.06828901343374902 0.08916192141474344 0.014450333807563331 0.10385673763228861 0.045450512389474694 0.0947814538032386 0.06415157137761485 0.021962314282133306 0.0673710430543196 0.050789357437256225 0.07053756520726354 0.1053745825183718 0.0913410719859966 0.06398008231683669 0.08290083510628946 0.0074263885677966655 0.01272909827786164 0.09229727492501774 0.07053374380530973 0.09939691228494403 0.05935033460421934 0.04901047766135664 0.03368704408239176 0.07750871968776145 0.009774627230370717 0.03059076684398935 10000.0 0.09909522920513689 0.08000147044847737 0.030899520441206148 0.11136524972586433 0.06833096546582462 0.10004409856873057 0.04320887723117215 0.035935563606811306 0.011504975406449442 0.015747985310305242 0.08927191159647863 0.025727973537530636 0.0949687332520207 0.050955783531764214 0.0842414418115734 0.09005725563665945 0.026577647028743365 0.03254755474664982 0.03580656055960072 0.03426438938052353 0.09265044902898784 0.11297623980417353 0.07002189482554114 0.07863320528693102 0.05744926993772643 0.030346491520699174 0.09695956019087758 0.0712820148534222 0.08808196674926584 0.09320235261985073 0.055701917905700886 0.019600076318458035 0.08643441232767125 0.09147610486863761 0.030376796919791487
 0.05348629506208248 0.08971468570765219 0.031060960008282876 0.02961815913288004 0.09078402632510077 0.014434274220551515 0.09174339028759017 0.0381553579426812 0.045400002999682304 0.0833517407626293 0.04075427573699683 0.048830551058635735 0.037833928882324064 0.03875821980422157 0.02348497062307101 0.04734766767414706 0.027918606227202537 0.09964710869240953 0.09784384030824257 0.06978512114747151 0.04632618574936667 0.003577659531499712 0.054146874720860924 0.053044426835474924 0.07004791639358156 0.07348973396485523 0.10106528940545625 0.07320322962997668 0.09909522920513689 10000.0 0.06528611400084657 0.06838796416688427 0.03218970103938031 0.038772535527846534 0.012882578377570293 0.08461317398530417 0.0667630652923746 0.09676832960433 0.0983880123774443 0.0626807142498171 0.07799577713807669 0.010971762453035386 0.061796516280778924 0.016947907165515787 0.009538958976668555 0.07464890806149148 0.0807069471126017 0.06386995441420242 0.09587524686121206 0.02935628232100811 0.04085102868812436 0.057207000547955834 0.020566325308270312 0.08536655913755832 0.08077743374806005 0.02871770679371266 0.08090431892460338 0.03956368790068633 0.0420005832390994 0.04345666518699181 0.08709668321372323 0.028960207437308632 0.01605311373284514 0.07340153076591657
 0.07942398203731188 0.04948425758160443 0.0498660091089357 0.08255344454951548 0.0818996365228329 0.05748664349306943 0.044122430814004306 0.09296191622409487 0.029605662819502377 0.05804904602312438 0.031920085780170096 0.048432941031783174 0.0326104402380299 0.04010519240592792 0.07900298182257469 0.07755586775606897 0.07584389381230086 0.07555682372116718 0.070666561228151 0.01250978095150728 0.08263951367319373 0.06259726253499472 0.026101634517723696 0.06599072878739903 0.07315664264634536 0.008882892696179057 0.08770648240776888 0.07425962731273543 0.08000147044847737 0.06528611400084657 10000.0 0.05781026478249941 0.05120441347049088 0.033545147558114316 0.05553121437636871 0.04070705153808961 0.04789526192481629 0.08568805936409551 0.08974424282689387 0.0100430457542549 0.0758395643229453 0.07117999811817971 0.030874115735745784 0.050815404301464806 0.057822747715342356 0.05604654747951988 0.04779056498693394 0.06283435882876111 0.05482788283759245 0.0377702575494084 0.04680931524983244 0.013222563267185159 0.0573668420791215 0.031069448633662414 0.0838355837256533 0.0868626162258803 0.01883639172909118 0.026896478111580614 0.09502721794784307 0.0544930835396016 0.06057197561084124 0.07990357054464808 0.0726203778527516 0.07430587014882117
