NAME :TPP_input_22_5_2
NUM_VERTICES
106
NUM_CLUSTERS
22
Full Matrix
 10000.0 0.08401624939448028 0.03658647676076927 0.07045705099291846 0.06408034878563326 0.0720846313515268 0.08150550086795995 0.07827974004747476 0.050845306622585816 0.07835323676270177 0.035892845625060815 0.04568423043224144 0.043587189736371844 0.06979929842638434 0.05912849433822335 0.05901780155560586 0.03731349372778359 0.06531922268874131 0.07584487455624266 0.054704297416265056 0.024091822305212403 0.0748263899782039 0.018602290392582314 0.07579822471288762 0.08139051227363911 0.04496605360266736 0.04800303187421553 0.06667400606052669 0.01566542528839012 0.05834347187886167 0.07657749970467427 0.021517450020292303 0.045464648338618914 0.022732396710011375 0.06259601626229276 0.07307199352336412 0.06903851096318334 0.08972157992302197 0.04978556211057632 0.06603554362238459 0.07711064276811438 0.06073972453960691 0.03232563342354184 0.08921550993626037 0.08759897960744473 0.05195148289190211 0.013570690978944833 0.06137386701939853 0.06354186205862393 0.07971639604261717 0.048135087408187026 0.034426431191231475 0.046422307663656424 0.036003084795684946 0.07853838722086194 0.04654527754868851 0.07012274229237639 0.027219088492134644 0.03919809338875792 0.054541670302081596 0.03370387726776165 0.04240743985266388 0.004206430328470067 0.02851808810315518 0.02112589705868487 0.014244488357381126 0.06521484734859985 0.07764562574152334 0.05694318667518836 0.0823891535512588 0.058611748599393235 0.03294463401813793 0.0902300837869787 0.04637382305994066 0.0562205593394204 0.05080333650086035 0.03687471500285787 0.060506369164168336 0.026404841263335678 0.0657792515660393 0.041038729328020586 0.04987454930448653 0.03897054873581824 0.016597465200318483 0.06006344074123332 0.04628928264717087 0.07282331852573264 0.06415315473848672 0.08061377379460725 0.01568942201054015 0.03266366790977531 0.06328922807925781 0.08446276021471619 0.0839391079253091 0.07107741885391453 0.005309480569261112 0.020500290760148157 0.05246795451013289 0.04350849576356612 0.05178773561855752 0.06275775949622048 0.03440331901739687 0.04886063130193133 0.07943343670188849 0.07976275099458852 0.06064068007344385
 0.08401624939448028 10000.0 0.1039639270264806 0.06060329895309151 0.02307203141896921 0.033384579741601035 0.022992079036298903 0.07229547968283084 0.06515197266541585 0.03521757969174641 0.06075816280473005 0.04929051493962248 0.06469727237229651 0.04131948863534668 0.037171078025143675 0.04945975768063539 0.10495459486206155 0.022395833696925126 0.0099947477421781 0.06133031569421304 0.09743530205510727 0.07162742728417627 0.07961812483263467 0.07259456199370354 0.056787369659616296 0.05455140926292152 0.03856252059780515 0.03820643004347152 0.08260853165299778 0.056804594304955575 0.029056787961636774 0.1026410813332065 0.039009863589276335 0.08378954436826395 0.02147695681633993 0.013412673943175921 0.01788177036964961 0.07360282511271489 0.03967364513792521 0.06893201880522197 0.030812599671447106 0.08331229858127076 0.10115312452763343 0.07042862478619057 0.061246034967745985 0.08925547665854891 0.09538586605264175 0.0475516055808919 0.026074403687757566 0.06721913998663305 0.098834137400713 0.0771937679229504 0.03800547282153657 0.07382301976589352 0.05104212060847156 0.08072612563141501 0.06813170657255545 0.060245444180973995 0.04570196019529761 0.0496908393667343 0.10133837493936677 0.11179040260305674 0.087525067557868 0.057544950417604344 0.07226905925044085 0.0819588020220793 0.019668078973560262 0.038872667180033495 0.03906094548050277 0.007132502637430346 0.08979002131127757 0.07633942398606768 0.0713001550007977 0.07822826123803321 0.0388230829332479 0.10291103935809998 0.05447548919028122 0.08809839961776317 0.09789324713053177 0.01880655429600661 0.04454469023977731 0.03441858984004976 0.08321436913856849 0.1004995339928137 0.024351213983638643 0.039525915876797456 0.04124911813231051 0.021729243605065687 0.05810624007542101 0.07248099592683804 0.08279930030641952 0.026264577226648055 0.06697681948848734 0.056286469280235 0.024155674397110603 0.08755936576773161 0.07721440931403022 0.043198590569171386 0.09519560358504299 0.06320064513619815 0.08422779782159794 0.10691825931259069 0.11259828273219924 0.058866157954385656 0.03406366661612892 0.04896263547023267
 0.03658647676076927 0.1039639270264806 10000.0 0.06608318499274758 0.08911475813214216 0.08082652774321566 0.09343971753954106 0.06805182921717497 0.08659303982325743 0.08551689603123436 0.07041247356525605 0.05552984065932339 0.04275795970137724 0.0751932658617248 0.0890524179286118 0.09218870174795328 0.0009937207342781396 0.08200401126529035 0.0981319226560717 0.05215637908293187 0.012680262536237429 0.06472175826326818 0.05517004264395282 0.06524658987682024 0.0788610848077417 0.051184033083146646 0.07540169203564481 0.07424079624520327 0.02508362864876447 0.05769546842031284 0.08653629291860848 0.022057841995888897 0.06640388912479975 0.020885354474697044 0.0834400773285059 0.09618245581398883 0.09308463548448018 0.08011046819195428 0.06442542050375999 0.05731716321902564 0.10604728207344573 0.04341440705752153 0.004260868150438559 0.08101180050721915 0.08343448770391586 0.03034783899103044 0.025978501093252917 0.06532006033685785 0.08996959445967177 0.07211561672798633 0.018771466803041023 0.028021836916736834 0.06739267220409575 0.03170654681126694 0.07863630835653714 0.032070661580913214 0.061758999830483115 0.045157245929210436 0.0663047957325817 0.08762443519421037 0.0030450588661965917 0.00783127093222245 0.03312270235986618 0.04838920594918887 0.057129907057321315 0.026472379167929924 0.08831547763998672 0.08327184676528263 0.0872211555424643 0.10461972036913296 0.03696281965023167 0.02838144505070301 0.08175691551610632 0.03392946184128772 0.06726256014719707 0.01894303356601015 0.049488658581663146 0.04010514122574294 0.010203347461211326 0.08844843742437289 0.06874083501623057 0.07091070191089156 0.024523173151588397 0.031600117359716406 0.08010696709139357 0.07329628722615764 0.07782080078674032 0.08831385927947698 0.07743931065206577 0.050974666783701765 0.06900227540720581 0.07860910310679861 0.07734878399168078 0.08175760713477598 0.09803661402475004 0.03923514796322235 0.027911248679865285 0.06259462005128906 0.016866130245143343 0.04882908800414297 0.044938382894032264 0.006785728804777352 0.012274343682915273 0.07586165837097274 0.08732637504523713 0.0639861899862605
 0.07045705099291846 0.06060329895309151 0.06608318499274758 10000.0 0.061575129168052654 0.027286199371986015 0.03985637502563284 0.012588611706950156 0.09106218871617433 0.027483726738541242 0.07601532461822756 0.02947365894179387 0.027173187122606832 0.019286670637525236 0.07282555729276148 0.08404795290723041 0.06687246749127514 0.04179279545232034 0.06118900724659819 0.015857078015237527 0.06709874466433903 0.01112446497079952 0.08016738028344826 0.012177554403304407 0.012792671358887302 0.02699186013612476 0.0603739050690392 0.02276890110817578 0.058198423160550385 0.012488587070275675 0.032352877313202036 0.07760035810089294 0.04578254248347429 0.053907729095162546 0.05028060649417303 0.06163042021125807 0.061710177526913476 0.020406332938825236 0.03477113747676011 0.010406038426644115 0.08125953751710596 0.027785936941817586 0.06555164773156205 0.01913105115733837 0.01776214255969952 0.039044582249310296 0.07387786922666933 0.015808252993875033 0.06507463082732749 0.010185138903409264 0.05206298962228205 0.040478252314711805 0.04593548663999975 0.03724801024193607 0.013924313914647343 0.034157589034878866 0.007806291671936122 0.04606262739618098 0.057102085104414696 0.08087622653343318 0.06476558985602066 0.07262002139954431 0.07135067696473388 0.04696237314104707 0.07534611004139959 0.05881712291105006 0.057123960406467236 0.023843276785357716 0.07268658082285721 0.06541101764159234 0.03588130544612703 0.04111493028695448 0.020208710056515027 0.0321636221524899 0.0282929459175221 0.055355848891133486 0.03672006145439018 0.03305550462812584 0.06586706451407627 0.05631836057059943 0.05885873421562608 0.04659221632796642 0.04169417144605609 0.08162931677756077 0.047363380231782534 0.05881084226760004 0.01976197267693727 0.05930736507381097 0.01136344107388636 0.07057924520342876 0.09194759027700623 0.037992861714107214 0.01419193425409458 0.015692131974285536 0.07110482127476464 0.07575244845922262 0.05146469845155218 0.027316645978848107 0.05076191395576585 0.019036046568999137 0.02775357233487904 0.07188687751784367 0.06911327295700458 0.009816765922511825 0.029253458283373276 0.015096132774807848
 0.06408034878563326 0.02307203141896921 0.08911475813214216 0.061575129168052654 10000.0 0.038524936077991276 0.03575923115549628 0.0741566512307119 0.04275785316158718 0.04361778078218412 0.037773580455142286 0.03977854122582452 0.0554975658318718 0.044386484538327296 0.015305753757255965 0.028334450554822036 0.09010307274039932 0.020974579179039818 0.01321384666830898 0.05628718929333477 0.08072476650420596 0.07244359250942191 0.057411156006627224 0.07357375912703422 0.06256561964953006 0.045454471575404574 0.01640795080918464 0.0397977312373651 0.06558716780837984 0.05344585746015258 0.037512953809744766 0.08413888232258912 0.02312758036713789 0.0682642655664466 0.011478348451440782 0.009868699576919517 0.005346939095961033 0.07903758553858772 0.029927580018932608 0.06717463456264722 0.020029841197470016 0.07789645363625944 0.08576469589409566 0.07634285985660902 0.06847508848063012 0.08052592255378857 0.07646894840123293 0.04597962591031731 0.004053913434122152 0.07047613932629605 0.08769890181969324 0.06488469821708774 0.022215358061933806 0.062073384262825486 0.056720882183906224 0.07152493146688149 0.06789443906106271 0.04396014648763115 0.024882552780558433 0.027590301455483097 0.08624994247061513 0.09686791065459019 0.06791075020577764 0.04076456980963089 0.05006504080915249 0.06465046225624907 0.00531971749617425 0.046263853146799434 0.01674897384973401 0.019101289469416083 0.08281672761274232 0.06365620735161447 0.07737872235026694 0.06921529168878071 0.03383600562791643 0.09178475050929298 0.04141493000885511 0.08191303061392156 0.08164686308357096 0.006498432127825783 0.02313891611069993 0.01907919255359625 0.07171266634347423 0.0806718691730786 0.014213547938883679 0.01787033811368242 0.04586347755784816 0.002461203158771591 0.06334230450718087 0.051069985173394596 0.05978428804420667 0.024074846919407852 0.0719411041787794 0.0631438975377879 0.01001829529772715 0.06700368651521005 0.061288306599104204 0.03653393163797547 0.08343984492222019 0.056980267300507925 0.07927317504870951 0.09095108898272677 0.09917827413962094 0.0635154866881941 0.04342631431838972 0.0469890969849804
 0.0720846313515268 0.033384579741601035 0.08082652774321566 0.027286199371986015 0.038524936077991276 10000.0 0.013504340103191568 0.03893495952778051 0.07583405599625309 0.00662138745973505 0.06404745808767205 0.027042888142254046 0.03819330242676795 0.008046774335811814 0.052335046715142816 0.06496095404479665 0.08176335151760533 0.017563912977226682 0.03503063490984026 0.03110874600258076 0.07764100003206148 0.0382553671901304 0.07543799974115646 0.03921348600922485 0.024489470848993524 0.030021886504431317 0.043263365759793365 0.006638678175965844 0.0647393995588483 0.025738185018612324 0.005895506747525593 0.08581549444815685 0.03185673239467883 0.06326408340883471 0.0272042530521727 0.03609252496794994 0.03719577308210152 0.04134195470798942 0.022969781013315142 0.03616818589940771 0.056820236928605966 0.051884648452968585 0.07897814397782373 0.03840405647536466 0.030052322599851744 0.06003575245973412 0.07998906275808552 0.016425097317339033 0.042469542400008796 0.03403956239222409 0.07142892227062343 0.052805484942140046 0.03139852981349673 0.04912000093167769 0.018572879376001127 0.05248127164249259 0.034929525616196826 0.044874177630437787 0.04407845951611834 0.06280476967978825 0.07870627522966667 0.08833921642123714 0.07443731109797698 0.04376289863349647 0.0689729040814395 0.06468793111789377 0.033403378043540675 0.007950867351745617 0.05289732983447707 0.03855393838721792 0.0591468075086704 0.0525389654782099 0.039385669143351155 0.04999417898031284 0.0158693167283106 0.07530270703861051 0.03552867634837604 0.056979986092161004 0.07728881685660098 0.032364231737606865 0.04480907984245651 0.02992505703316219 0.0572421468390855 0.08679895045057744 0.02539477224418255 0.04246953582683148 0.007985158437506292 0.03607445113885006 0.025525739280661333 0.06619092574054504 0.08401959340044124 0.015085734419003247 0.03439832321490188 0.02474158305058421 0.04694956454200831 0.07687811812176798 0.0581190997275449 0.019809390810299303 0.06866197708302887 0.033804291490524475 0.05249304007192983 0.08527961296199078 0.08713469493181536 0.026023980738542528 0.007736058363298902 0.017916163395962924
 0.08150550086795995 0.022992079036298903 0.09343971753954106 0.03985637502563284 0.03575923115549628 0.013504340103191568 10000.0 0.0506420543286277 0.07711930037087694 0.012745340509428283 0.06785878222090568 0.03842757141779875 0.05113891226150565 0.021216297622255895 0.05091583340957072 0.06396929578256604 0.09439333491212488 0.018079862233240516 0.02789535964040933 0.044584116664604656 0.08943781774542116 0.0504563041323473 0.08230742148417537 0.05131488224989572 0.034207472063769964 0.042274977875970926 0.045389772004244225 0.019977524289506207 0.07585434358481476 0.03924140872805388 0.0077013365660476875 0.09689103895376973 0.03767541385154888 0.07509547349584988 0.02624817442983245 0.030059304931211336 0.032675955900530414 0.05084704819047492 0.03179509179158735 0.0492789903905933 0.050993959463437745 0.06532304485077851 0.09136677566159247 0.04761795500814791 0.0383263814568523 0.0735087829365714 0.09059281946352138 0.02989715227466237 0.039789730867786345 0.04516749947560952 0.08474995270734934 0.06546676040201108 0.03692939652393889 0.06180942236380991 0.02866711366147126 0.06584269677462391 0.04764063153654629 0.05472056299292324 0.048783739831891756 0.0627104609923357 0.09119623942689299 0.10105661304085596 0.08426390089993213 0.053014193379490086 0.07537500716293896 0.07562778378153992 0.03047298289477728 0.01652213943638312 0.05204882558214391 0.029400108963789928 0.07264128809639037 0.06506032660022767 0.04845636195629448 0.06334356848345699 0.0265542559699647 0.08865828028303216 0.046203443623807655 0.07044429519256763 0.08928821438097981 0.0292761679390164 0.048824642573335596 0.03433222061063631 0.07027211428862028 0.09697836097807892 0.026188235267520264 0.0452335208911616 0.020117839952298086 0.03339204007311904 0.0356463039613379 0.07358350644911156 0.08911799414128581 0.0186456039402139 0.04440680718308001 0.03347337033795113 0.042049419434572494 0.08597813946225684 0.06947834515590949 0.031114640525748208 0.08184999856746744 0.0472118888638732 0.06587980832980495 0.09758667467788171 0.10021911372445477 0.03656946021371102 0.011315406240903535 0.03139214858314086
 0.07827974004747476 0.07229547968283084 0.06805182921717497 0.012588611706950156 0.0741566512307119 0.03893495952778051 0.0506420543286277 10000.0 0.10286016998320731 0.03792326100710608 0.0873797336817756 0.04087144333251125 0.034868070928673424 0.031171944853451882 0.08533912702503704 0.09641008333745882 0.06871671924620483 0.054234528748645185 0.07344598713966695 0.024530981533739178 0.07130617217237387 0.003508687964130514 0.08973587869890645 0.002805364249972732 0.01784887317652655 0.03748689169699641 0.07268202667429814 0.03505566445571589 0.06467387275019722 0.02335584777617796 0.0434844513391632 0.08250933273431314 0.057977763019378174 0.059400014598872584 0.06284195053646482 0.07401615331108845 0.07421901568000064 0.012134682168810761 0.04706725326074585 0.012250138932210022 0.09380480274060096 0.025423115236080627 0.068306360357333 0.013062343230571464 0.0184178648362734 0.038462304700069574 0.07984341829529254 0.028358322069180836 0.07766313553189381 0.006193515605118435 0.05170622868875566 0.04563544912087912 0.05818869476769452 0.04300949201706527 0.022310278237155753 0.036395980919092505 0.008316672996075032 0.055892335156165755 0.06895503155399847 0.09314304585608547 0.06726604851319128 0.0737184716796675 0.07861105950734423 0.057257844678605264 0.08546381915236437 0.06553463952537185 0.06967447617949182 0.03414656994466746 0.08515337599165775 0.07741836256189114 0.03335868787904007 0.04666474232055137 0.013733851695053043 0.03507122471769171 0.0408294720414464 0.05433417528876306 0.04720956613774697 0.030092493568557074 0.06968545141172793 0.06885376675455618 0.07082574482582144 0.059013024933084246 0.044883512304145445 0.08773706263941185 0.05994669242494911 0.07105644917081677 0.031050608567556016 0.07188157980863101 0.016073853651798586 0.08028403435696316 0.10217298401574246 0.050492736209448184 0.010420280002918732 0.02001267851690838 0.08365612216619642 0.083581042299104 0.05829784344449148 0.039582776601686055 0.0515824794540232 0.02687837101444404 0.024475481382841113 0.07438432267776837 0.0688431900563393 0.014693772978821055 0.039509349519944115 0.027560767915538947
 0.050845306622585816 0.06515197266541585 0.08659303982325743 0.09106218871617433 0.04275785316158718 0.07583405599625309 0.07711930037087694 0.10286016998320731 10000.0 0.08206920109898512 0.017167278363378818 0.0620265019231627 0.07256243979917813 0.07901454805050702 0.027983556419462024 0.016905085878589365 0.08741735211590557 0.05971657895606596 0.05518700746966755 0.07947433238305132 0.07458324305186265 0.10014509898360593 0.03384500084377064 0.10131974800181189 0.09666031724605618 0.06603421672100906 0.03257083258819832 0.07427440847144426 0.062136928273278776 0.07952479376356913 0.07688108422301614 0.07167861917874341 0.045709757818455196 0.06828166255125763 0.05087133963842402 0.05179453109998753 0.04748621830880831 0.11110936322854505 0.05674803966700389 0.09249723978009378 0.04114959269015122 0.09622884260324469 0.08238965934305335 0.10914106157786134 0.10322952608762719 0.09277074773665538 0.06403681179703222 0.07596818958999463 0.03923347160548375 0.1011700854177211 0.09402888746146275 0.07341017054378998 0.045774866867941466 0.07252089412143312 0.09145843548574763 0.08459990129126033 0.09498940505790464 0.05111125760816439 0.03396014402794819 0.0154981810025631 0.08358381670390487 0.09299983621053964 0.054890537541651026 0.04841782799268587 0.02972306208800613 0.06060650452476176 0.047533180981804576 0.08371954377238276 0.026133606183992145 0.0596282614445464 0.0978097786667344 0.07171379149068943 0.11024660895048534 0.08312264153020889 0.06424238174660758 0.09751336859937712 0.0569397099396944 0.09837195316815764 0.07666545149202754 0.048711866818099976 0.03229097502516957 0.046252228215642316 0.08027266548958367 0.06392234025536962 0.051307961550051386 0.03346396252852348 0.08141913010036009 0.04474598801985883 0.09685479329802606 0.03563978438641724 0.025730966772202924 0.06098963001561288 0.10422619395498085 0.0981120833493848 0.041987827341375204 0.0501705515093268 0.06225688674990802 0.06396335320824655 0.08915739100364763 0.0783231285955928 0.0981115489455189 0.08514668072107894 0.09873478980108122 0.09646047799100047 0.08244827551651888 0.07628946671657673
 0.07835323676270177 0.03521757969174641 0.08551689603123436 0.027483726738541242 0.04361778078218412 0.00662138745973505 0.012745340509428283 0.03792326100710608 0.08206920109898512 10000.0 0.07057363412932867 0.032965744268514736 0.042759538499557055 0.01041856548073132 0.05792263778828775 0.07071483514835038 0.08643368906075515 0.022969046321801526 0.03851498247061532 0.03447028134178119 0.08298247245431431 0.03784416070312976 0.08203272995764532 0.0386705641965882 0.021588234255141416 0.03539566120402023 0.049516637718818465 0.01184255265837742 0.07048428712291904 0.0288595008556245 0.006426703930243509 0.09151473945710539 0.03844885382745426 0.0686379010837873 0.03259190658345736 0.040040726475770685 0.04171214031770087 0.03838719715796265 0.029539469496737702 0.03729435643265407 0.06105432457756725 0.053928257079050905 0.08388415255139609 0.03523042278129188 0.02619719202415458 0.06314069599250784 0.08589430229031733 0.020243258873331962 0.047634706254155876 0.032422356625855984 0.07507217180537742 0.05757588105287878 0.03797238394034508 0.05388745283249899 0.015945331382511686 0.05610845913113572 0.03528969604947447 0.05113565579204147 0.05063595026565978 0.06874781055493456 0.08352263430144478 0.0928977115580991 0.08060083628051982 0.05015516332556512 0.07558818973843572 0.07050820191335855 0.03836711758179195 0.0037791639007735615 0.05862647932309899 0.04114016380342387 0.06156492002544323 0.05744920865031994 0.03612069323321314 0.053675360993296554 0.02225274516917154 0.07883480496296769 0.041619822710518846 0.059146610353866834 0.08249946080230504 0.03726017372729603 0.05131081110665974 0.036391340858150045 0.06152378644845382 0.09283383443563069 0.031168082406038362 0.04881319911280437 0.008269440758629855 0.0411567959886363 0.02296507621841265 0.07276033317414413 0.09063305082817989 0.021094649243315035 0.031790683369586306 0.02111279805993953 0.05144973523344095 0.08320520594425983 0.06377821869751718 0.02590675852784587 0.07261536035377632 0.03746518385415693 0.05430221482323695 0.09023546751817559 0.09120868803408334 0.023841710421552965 0.0018892199688864174 0.021636075150188522
 0.035892845625060815 0.06075816280473005 0.07041247356525605 0.07601532461822756 0.037773580455142286 0.06404745808767205 0.06785878222090568 0.0873797336817756 0.017167278363378818 0.07057363412932867 10000.0 0.04658566478383833 0.055884092957724056 0.06595524847612552 0.02688636039159265 0.023369079468364837 0.07127544668827611 0.049799203403940444 0.05098614550956465 0.06346031759394896 0.058801279179957006 0.08450054044699712 0.022018450510741465 0.0856635743732438 0.08280933801909542 0.05006230130562499 0.02285885562464004 0.06139366424014469 0.045589081033552074 0.06405130254703417 0.06613781938884776 0.05733826070176443 0.032368197815359025 0.05146397870118666 0.04242948040463431 0.04763397587657051 0.04309591010831079 0.09632717349237667 0.042859405555708587 0.07654436045045246 0.044373771487585596 0.0793351589887818 0.06627493922435516 0.09460476712400138 0.08945819462603163 0.07561125616757482 0.04944028983360321 0.06157246238751339 0.03541194851477764 0.0861962724580563 0.07699911704395983 0.056243236530145964 0.03271516326940262 0.05538717030223058 0.07798095554699756 0.067485856821212 0.07932028218063791 0.03412072814238432 0.020029278177958885 0.019060063686080306 0.067376936916836 0.07714165735297591 0.04008365773179541 0.031578073695206155 0.015605608637496216 0.04409897211599783 0.04131128451448844 0.07165120785418948 0.024519537221338913 0.05668591881564602 0.08070777667831217 0.054546560942438885 0.09571210213395372 0.06605212295374292 0.050675679395744314 0.08054166562559009 0.04062868843755385 0.08133618116610666 0.06071375713981123 0.042330099353144524 0.019287187377628183 0.03422741282106911 0.06311005842066175 0.05072368921386076 0.04175219023117545 0.0226783751373405 0.06861261574792273 0.03903828133335828 0.0828024813397326 0.02020477425873932 0.022050153998057723 0.050077073077983654 0.08962913410618342 0.08453827890089943 0.041112671606714495 0.036379635427447876 0.04525817059985348 0.049584958482562745 0.07213247235484063 0.062049543473166845 0.0812432554706349 0.06952049682546671 0.08240956340201343 0.08223550763537373 0.07125845305874401 0.06169502542395047
 0.04568423043224144 0.04929051493962248 0.05552984065932339 0.02947365894179387 0.03977854122582452 0.027042888142254046 0.03842757141779875 0.04087144333251125 0.0620265019231627 0.032965744268514736 0.04658566478383833 10000.0 0.01591814408218125 0.02411800817581138 0.04716128389165635 0.056807124962118594 0.05650424191265867 0.02692652464483578 0.04510039340371582 0.017948319155156923 0.051011223404059045 0.03811859782972886 0.0519603203459046 0.03929332165893491 0.03762185810379479 0.005687480092262472 0.03320962136048652 0.02114713985578673 0.03771706585936311 0.017515916354001657 0.0321978897711383 0.05880094334331087 0.018513176675124886 0.036669866855911205 0.030708216086156072 0.04397042302839903 0.04208164809880315 0.049854019838683844 0.010114373684546148 0.030660677391812843 0.059569124579856164 0.038360931882626174 0.05318395334023971 0.04831438074838297 0.044219204493820774 0.04103733241002666 0.052961889335720255 0.016326953710966503 0.04226815169920981 0.039658232794336175 0.049632561092348516 0.028031015167929007 0.019042769246758816 0.024573197295226827 0.03376066550336953 0.03213871909052136 0.03296530650735811 0.01869159293116079 0.02824228484482927 0.053157679520427346 0.05312645079032771 0.06327689026936092 0.047727461659729485 0.018528754259467824 0.04651447419937458 0.03764571313748236 0.0369805907035661 0.03199940707519179 0.04646441975768094 0.0511451790803087 0.04303885297456643 0.027321023472419017 0.049416224234342845 0.029731874955235472 0.011885120800209419 0.05372619488676289 0.008819109837228372 0.04218074154297601 0.05088046086612438 0.03667943303094381 0.030269356957575558 0.021169457214820026 0.033925261601102326 0.059869412450323095 0.027172234196417497 0.03132036409353623 0.027142663830503292 0.03809531666009191 0.03727332187660446 0.042347691466136865 0.06289583654380759 0.023267048154500026 0.04331989695238386 0.03980624104931452 0.04977951121544462 0.05069132596108982 0.031164821448848603 0.007341338496038495 0.045909354076995035 0.01773221963485651 0.039863644663235866 0.05931446540632931 0.0634409788103235 0.036454570198223527 0.034505656317221946 0.01597554627001573
 0.043587189736371844 0.06469727237229651 0.04275795970137724 0.027173187122606832 0.0554975658318718 0.03819330242676795 0.05113891226150565 0.034868070928673424 0.07256243979917813 0.042759538499557055 0.055884092957724056 0.01591814408218125 10000.0 0.03245768321969863 0.0616165635194276 0.06999935701339989 0.043677003679344135 0.04231841178932521 0.06096059449019538 0.011321174918884411 0.04112422195156642 0.03147912935689342 0.05515354307365431 0.032512087543547355 0.038995314931245764 0.010293187946073 0.04718581579200167 0.03157023272271192 0.031056579199160356 0.01595624692189769 0.0439849837985263 0.05094526400371005 0.03326353645110298 0.027237034991406252 0.04662528227445133 0.059884381210769964 0.05797209887592236 0.04614009029278032 0.02603217175771458 0.02271861732871699 0.075093598927469 0.023993133603786097 0.041204108144565516 0.04565641467582668 0.044763608212596465 0.025123297642622514 0.046795060929277925 0.022592270058997145 0.05778028353900346 0.03614222509056431 0.03421197466802251 0.014874819904987983 0.03397547253924671 0.011213464999327133 0.03735192800704045 0.016228863090490566 0.02661830097533463 0.02217355525413026 0.04048874402526043 0.06598053316374299 0.04078723096563072 0.05018161090807858 0.0442548324871503 0.024339500937322452 0.05142486434724467 0.03164658894423659 0.05287206913397907 0.04058335363833361 0.06063175539342865 0.0669181176457402 0.027522415334648234 0.014952269088942415 0.04666099986796105 0.01381374604810799 0.026036262787441488 0.03826224140795178 0.01604352343081138 0.027073527481266207 0.04029573798758641 0.05258973330716396 0.042866943339401185 0.03658672997884719 0.019140851532102366 0.054496694867005945 0.04308956014898263 0.04512099831651394 0.035141891903249935 0.05390171331372927 0.03795286276218429 0.04587026470043099 0.06810737504522181 0.038443389840422754 0.040960177216777006 0.041752788684038436 0.06545558194433776 0.04889665590550139 0.024294904711301857 0.02151954801277237 0.03088087223809363 0.00821874896633928 0.02576544276326485 0.047584682413316905 0.049092820749166946 0.03660637135842711 0.044568683823541205 0.02129653609514754
 0.06979929842638434 0.04131948863534668 0.0751932658617248 0.019286670637525236 0.044386484538327296 0.008046774335811814 0.021216297622255895 0.031171944853451882 0.07901454805050702 0.01041856548073132 0.06595524847612552 0.02411800817581138 0.03245768321969863 10000.0 0.05726420464581689 0.06945983407115427 0.0761033734895688 0.023647343927535935 0.04234623840028215 0.024089095759513686 0.07300781931488322 0.030320418427788317 0.0751178158300754 0.031305884184512404 0.018290957234980157 0.025695566304462736 0.04670753269940827 0.004795884400528455 0.06095860498117828 0.018511448827924482 0.01352184767363051 0.08187600783073135 0.03365593058509925 0.05872081241727385 0.03290839416599894 0.04309869069963303 0.0437164563662075 0.03466411047575501 0.023243181235211713 0.02815592970028093 0.06341626083848828 0.04414252255129597 0.07364315870392683 0.03196177264274943 0.024542070420612887 0.0528682127483521 0.07655181580753782 0.009873378173968042 0.04817744274819453 0.026595756599080162 0.06468183926781602 0.047313391021379866 0.033426038054453634 0.04363187928186703 0.012625804386626993 0.04571164278505432 0.026890979068304396 0.04275624964738718 0.04597103716295904 0.0669008685822233 0.0732445506451184 0.08253458690311831 0.07176845309629214 0.04223320556859772 0.0690841812084819 0.06108673414041148 0.03951322127167576 0.008210524401132646 0.05755267362108805 0.0462551979611442 0.051578480768807666 0.047251245848908184 0.03300425614549829 0.043270798187612314 0.015376348639932794 0.06846445368942303 0.0329354678836736 0.0492951730522442 0.07242963914892514 0.03857244748598478 0.04710566524385147 0.03278286655431532 0.05112537575779397 0.08369588804064222 0.03051438518091978 0.04559215982374175 0.0030248097274328343 0.041990185199414144 0.018967321594446664 0.06562610724915559 0.08481360893877382 0.02031375799786432 0.027582041026162206 0.019271349690122726 0.05337346643731027 0.07480685922422904 0.05417043889148039 0.017758685087238178 0.062197576389769076 0.027051814891392224 0.04466858974599904 0.08001152785462733 0.08079019129318687 0.019142423964147115 0.012285221471078035 0.011234608806485429
 0.05912849433822335 0.037171078025143675 0.0890524179286118 0.07282555729276148 0.015305753757255965 0.052335046715142816 0.05091583340957072 0.08533912702503704 0.027983556419462024 0.05792263778828775 0.02688636039159265 0.04716128389165635 0.0616165635194276 0.05726420464581689 10000.0 0.013057232033670508 0.0900086790569587 0.03495482635306417 0.027218824258586325 0.06491434809518916 0.07908494539467883 0.0832275326472039 0.048531701936712114 0.08439355919326372 0.07554769103793278 0.05248746288961935 0.014566868858454556 0.05250262510188633 0.06426051264507376 0.06313949140883963 0.05206985702135958 0.08035795050257177 0.028658276449774495 0.06836776130562504 0.025351656715554515 0.02384086726091355 0.019625874251586413 0.09149330288022746 0.038642549259026285 0.07695486604444648 0.018027838473004567 0.08527475235544078 0.08529401918794804 0.08902458784308469 0.08175735975938177 0.08568002182479242 0.07241801975603193 0.057019117320826665 0.011465110747713654 0.08233249495079206 0.09084179754506974 0.06806833402186849 0.028124985421918294 0.06587344993289507 0.0698573077597664 0.07672219974561402 0.07836508370025069 0.045114054880239535 0.022981834119707514 0.012528650928003402 0.08605169834290148 0.0965188315928542 0.06325376768166129 0.04175854113997685 0.04152691325027546 0.06305136081348131 0.020481453818855806 0.06024649563762376 0.0023669971894017977 0.03174583565016483 0.08905883181491225 0.06660069908917442 0.09009532310374081 0.07465324176040862 0.04453445437735292 0.09480795788549533 0.045940586817865316 0.08868233251562921 0.08045924209963357 0.02168463506992826 0.020463058379225168 0.026512225178794726 0.07519253639268002 0.07526927495217145 0.026958428696379926 0.01671569444375906 0.059131908000918956 0.017568746898027718 0.07612440362835332 0.04429128891900796 0.0478997303024718 0.03731936313951271 0.08439208257454846 0.07644413185814228 0.014601337593966927 0.06097316208712035 0.06137491789387114 0.04603390143964719 0.08623911420236434 0.06489179244660102 0.08687406835769837 0.0897525901671235 0.10012063515556147 0.0760935891618951 0.0579256200306298 0.057778520767118986
 0.05901780155560586 0.04945975768063539 0.09218870174795328 0.08404795290723041 0.028334450554822036 0.06496095404479665 0.06396929578256604 0.09641008333745882 0.016905085878589365 0.07071483514835038 0.023369079468364837 0.056807124962118594 0.06999935701339989 0.06945983407115427 0.013057232033670508 10000.0 0.09309815282247949 0.047764133348455425 0.03967108006738658 0.07475537557273104 0.08115988011205826 0.09408352320936933 0.04500892250657052 0.09526018388991792 0.08766824650530836 0.06172972881224299 0.023762353976986953 0.06466819338508821 0.06710697461741102 0.07362953784427131 0.06496753469800919 0.08052802102691815 0.038578696609141 0.07221523983388771 0.038248833628326706 0.03638277575564412 0.032393480869604335 0.10325263957410341 0.049345724765479396 0.08728478861327138 0.024274633591224726 0.09397479910200371 0.08818194309266479 0.10092040292235682 0.0940018843052616 0.09285110526310278 0.07258838091044689 0.06833447073274782 0.024414544810634244 0.09381022058767252 0.0964512738698654 0.07425679588008026 0.03827830871655351 0.07256969578586552 0.0820854741278748 0.08410252426638251 0.08908591560071007 0.050939494525088655 0.029550192462043805 0.0045651851144291765 0.08914487053462107 0.09926859795108707 0.06322360354444423 0.047728097747160615 0.03895561503564826 0.06572277880353253 0.033537001772506375 0.07290303281412336 0.0120891239785753 0.04349173900572751 0.09693300049104343 0.07266385587313545 0.10200541936268978 0.08224531434773902 0.05594403647636359 0.10025629069556338 0.05396658175334574 0.09692321025188852 0.08287629942118445 0.03473991529998279 0.02713518464970633 0.037475576166036556 0.08139274646744409 0.07409180923211064 0.039584882972993604 0.025520852766184383 0.07148804693517709 0.03062238317765915 0.08813957662224423 0.043371255241241136 0.040686578437516406 0.04988100697806801 0.09618512022363454 0.08871991196762807 0.025632128518580134 0.059737692775095615 0.06548491407008715 0.056831030915851816 0.09168020850345723 0.07430456641970891 0.0956982303754093 0.09193323368369143 0.10385574898354737 0.08800310837047803 0.07078946789158996 0.06895349729934441
 0.03731349372778359 0.10495459486206155 0.0009937207342781396 0.06687246749127514 0.09010307274039932 0.08176335151760533 0.09439333491212488 0.06871671924620483 0.08741735211590557 0.08643368906075515 0.07127544668827611 0.05650424191265867 0.043677003679344135 0.0761033734895688 0.0900086790569587 0.09309815282247949 10000.0 0.082989897888743 0.09912564212816354 0.05301698541028307 0.013322202973173726 0.06539899298156225 0.055882309647966984 0.06591194225717475 0.07965501577059977 0.052142920976534876 0.07637284839808978 0.07517406967870884 0.025999356064833695 0.058565906353624374 0.08747871839114109 0.022319915589164248 0.06739647681013951 0.02186762598892756 0.0844337404188922 0.09717571837756349 0.0940762409527719 0.08076112839050353 0.06541224776671332 0.05804908637414778 0.1070183218206078 0.04399292644628908 0.0050302234771383144 0.08169207405345043 0.08419141167734882 0.03088728589094414 0.026499827661370372 0.06622999563589362 0.09095239573621645 0.07282784219422593 0.01907571995069212 0.028961845546121672 0.06838540797760755 0.03264410919858372 0.07947263698756113 0.03282051746321141 0.06248349257053899 0.04614481725733117 0.06727174540288484 0.08853352481360613 0.0039651788251630245 0.006838577300409477 0.033802802394622834 0.04937444346578182 0.05792321377082236 0.027376509700856567 0.08930817492248269 0.08417434239614285 0.08817271476007943 0.10561338511167631 0.03743715018242551 0.02933867058176738 0.08242985980526242 0.03471118737285573 0.06823042139006864 0.01903653962087795 0.050479521352111166 0.04060255301493984 0.010909077975440206 0.08944165160342742 0.06970525092207248 0.07190388698803252 0.025363113945636687 0.03194671040422468 0.08110037407769084 0.07426890203393229 0.07872292861143391 0.08930453818620769 0.07822475380208739 0.05178985986848404 0.06967000131597398 0.07959111880148027 0.07805950753082132 0.08255242505178984 0.09901873766176801 0.039875008517709615 0.028891203659751074 0.06356187676452223 0.017396942259698848 0.04969591132328249 0.04549208506670715 0.006519538538503107 0.011569194842579919 0.07664317672329529 0.08824552947722901 0.06489193791376058
 0.06531922268874131 0.022395833696925126 0.08200401126529035 0.04179279545232034 0.020974579179039818 0.017563912977226682 0.018079862233240516 0.054234528748645185 0.05971657895606596 0.022969046321801526 0.049799203403940444 0.02692652464483578 0.04231841178932521 0.023647343927535935 0.03495482635306417 0.047764133348455425 0.082989897888743 10000.0 0.019793787255358988 0.03965429384838555 0.07618966919706156 0.05287686514331208 0.06460992830515096 0.05395844558645851 0.041670060698302834 0.03215567387957605 0.02751228517903444 0.01926629174819191 0.06172767566598794 0.03563653687835583 0.0172672903400836 0.08235525427750645 0.020218738251302337 0.06221499897730602 0.009662008001579736 0.019871479115038115 0.020083611085746064 0.05828597967118892 0.0175873771225428 0.04869856852330118 0.03977731162976763 0.061774124245823174 0.07936575607986758 0.05550986500921386 0.04750917249902648 0.06701251344899693 0.07551503980985169 0.026951459378789688 0.024906145305803526 0.05010211397219794 0.07643844735047424 0.054905772993603115 0.01936982313893687 0.051490600521945804 0.03579730662276318 0.05839903654072571 0.04870093123593621 0.039598991237562296 0.03076568219847668 0.04592421309180451 0.07945956577276332 0.0898101220313729 0.0684171691319429 0.037331449947425 0.05756495522763888 0.061250278289236855 0.01592757980896376 0.025376426469340168 0.035675256686611416 0.025025387871008047 0.0678743723166384 0.05410845367661335 0.056530892746072925 0.05591048515043777 0.016637134166066714 0.08051609629075815 0.032669658779608444 0.06637189016064637 0.07644182653251495 0.014946704257145524 0.03074740806592272 0.016450863212939173 0.06083685163397559 0.0813428602629395 0.00840924312102584 0.027224358013440458 0.024938380275752545 0.018531658775624585 0.04251394154364287 0.05615585033558243 0.07105178671408346 0.004080352689446166 0.051219206973771116 0.04217961973417711 0.02972683119251146 0.06947444695999178 0.05590236854426814 0.020859430577046895 0.07281318351830907 0.04123435070279664 0.06284613814828184 0.08528563455344287 0.09032727790961649 0.042775484769603245 0.02303403926117192 0.028206458424842932
