NAME :TPP_input_17_3_1
NUM_VERTICES
49
NUM_CLUSTERS
17
Full Matrix
 10000.0 0.04687235616234844 0.06989350397619157 0.092185147444614 0.01798896621823607 0.09288622983346435 0.013903016906104465 0.04911270906564885 0.04292826790687619 0.08698827937013107 0.06270035781003125 0.041138020059081876 0.0401598400197069 0.07806071947348783 0.05531149433663784 0.06830407946202799 0.024527794806846543 0.09904989531572898 0.04981964454937161 0.08413702437103213 0.05965032321966155 0.06308777194336555 0.06704171986434215 0.043509932760954065 0.07388726237463988 0.08102980024799285 0.028087256059360344 0.06651181222623535 0.06384664037789133 0.04449860431420633 0.013407320256561479 0.09466820109175218 0.05521892519565592 0.04403799724407616 0.06588422694453305 0.07001426769932532 0.07258762282326908 0.0432062853117285 0.0467144798637451 0.013597498375467879 0.040418272696958454 0.047881045712554665 0.08207569950662319 0.03694029312498082 0.07939057759986902 0.05697604546015918 0.035215806931238276 0.0701975562824969 0.023962130597661203
 0.04687235616234844 10000.0 0.025959270412143486 0.052023970973056395 0.048749121843811645 0.047461002340715513 0.034852208535404515 0.02746696532318356 0.012759885178553197 0.04104234128884121 0.03616894824941212 0.03694022657836973 0.02624627791837114 0.032640992055226525 0.032596177120638475 0.0273723486892906 0.033062663826690535 0.05287171734548897 0.04079666369104153 0.05127397808239585 0.02193463744496732 0.021299601335296604 0.028782745626696343 0.02468380104386959 0.029665150812091097 0.03942448581851131 0.030635017554253095 0.0367097166048194 0.03615306672206807 0.03965508489547785 0.04963955479128071 0.05071918705961591 0.03776430839327975 0.060774144317316106 0.028782963453436956 0.02362710002741623 0.04198628503989286 0.03770905294143503 0.048484794688098604 0.04338292831701148 0.0684436672581457 0.0010172394954997884 0.037951914394219285 0.025235071055729197 0.03348869636385885 0.01071623083311727 0.03165543460470933 0.02944108459411745 0.027896790284867877
 0.06989350397619157 0.025959270412143486 10000.0 0.052507784251226916 0.0743014452653377 0.023150424300640033 0.05647108892626615 0.049579322369811475 0.027173992438858686 0.018043789877971127 0.02722609725048353 0.0616551872699688 0.035943241809547985 0.028328557402437074 0.052686342161071244 0.03503052324412418 0.05020075580032087 0.029992892073599935 0.06386878944942695 0.05991504521413852 0.013191061669238224 0.0074242883927896465 0.011201267694936092 0.04860661814013491 0.03012965257802732 0.04101835705980159 0.04662079813813206 0.051503068371273705 0.05250544899641878 0.06387031321783211 0.0693000219242128 0.04496031872901615 0.035740703990493276 0.08633820073848704 0.01292980900393572 0.020434177645423348 0.054684000780978854 0.0441000548894586 0.053877063144809244 0.06306018596652835 0.09440015668200019 0.02520826731207037 0.012268179023828155 0.03752224642575459 0.011159086474836516 0.015676135041555246 0.05715530974754798 0.03631668364845408 0.04722966616580412
 0.092185147444614 0.052023970973056395 0.052507784251226916 10000.0 0.08543595545462102 0.051843753700849024 0.08352281872660403 0.04487299099767936 0.06404195550831074 0.04695483200000364 0.07867207360610498 0.05842583333480509 0.07756397370236542 0.024185433985769295 0.040565261610906816 0.024908108867468724 0.08459217915732699 0.049308546697988336 0.05313747425484436 0.0175352603296322 0.062142974395545406 0.056481997962061686 0.06348831211104604 0.049678665631846974 0.02369519897070562 0.012710307386417558 0.08250190119738263 0.028967694763474768 0.03224273154640018 0.057434055264855975 0.09887926504601366 0.012922736159083199 0.08498612818326887 0.08095334010371258 0.06500960752386682 0.03315912036292435 0.02478032224317302 0.08868416940136042 0.09951733723217573 0.09302612219188187 0.0944196969915517 0.05119407528662575 0.0540596331066424 0.07704550411786891 0.04601618757853627 0.04830758862207249 0.06032428394406542 0.022839564718846975 0.07890708302902369
 0.01798896621823607 0.048749121843811645 0.0743014452653377 0.08543595545462102 10000.0 0.09620217317032893 0.026333884172507985 0.04057671107605036 0.049514856259732974 0.08971051798528355 0.07336931974687728 0.028608207369348417 0.051372523897763936 0.07573663627662475 0.04560093613687932 0.0637188520199315 0.03819645374304971 0.10137250167591907 0.03664328354033769 0.07457224434521192 0.06647842924382144 0.06845151693926482 0.07410308110144864 0.035909956793578654 0.07079569632927765 0.07574313322967 0.04096828333459436 0.05746479203238819 0.05440347043781837 0.031181992502845462 0.03139529622330208 0.09025799917416652 0.06769944505955068 0.026056323678706864 0.07333436818672764 0.06930021048274537 0.06313564964865745 0.057251314569197784 0.06263676690483917 0.030667287140134725 0.023951550068506425 0.04964054777534257 0.08650102226491242 0.04797095154565638 0.08220099521240176 0.05946535156347191 0.025129911157042332 0.06532749877179408 0.035052706760647465
 0.09288622983346435 0.047461002340715513 0.023150424300640033 0.051843753700849024 0.09620217317032893 10000.0 0.0795728152536072 0.06630177110408082 0.05031555554945147 0.006935408355728563 0.04455490387006679 0.08005561318470986 0.058475516086425774 0.032093577141260425 0.06757462029630532 0.045053682915824254 0.07325047663557668 0.007873702685824513 0.0804344851886982 0.06493486050499292 0.03535874695787855 0.030392948223305623 0.029942147830676415 0.06685787520101659 0.036965490151300615 0.04431652373062013 0.06961614631290639 0.0626240638420551 0.06463481753222276 0.08161116512174023 0.09242122316595038 0.04023037907194544 0.05485477717802518 0.10550518399705024 0.03178965175697389 0.03097075345750649 0.06373468062525608 0.06536387180683247 0.0741776287460666 0.0861952530743042 0.1149424538924959 0.04656200585494989 0.011746290898017238 0.06034350606934732 0.014042578956728656 0.03674917001346624 0.07676558675792214 0.045333997873312534 0.07038008543201463
 0.013903016906104465 0.034852208535404515 0.05647108892626615 0.08352281872660403 0.026333884172507985 0.0795728152536072 10000.0 0.043547916781292724 0.029337661375247126 0.07387216779967917 0.04903331951270714 0.03979182831116803 0.026485564742958014 0.06709974543680015 0.05020963542822092 0.05888170303618971 0.011879748548719865 0.08596881315707747 0.048223037718277566 0.07770184887700937 0.045851989826452 0.049510379570389236 0.053191985662276564 0.037780240186004566 0.06342954867356242 0.07167405143486433 0.014913321912706527 0.06026835138191716 0.05804015001228398 0.04351756221469618 0.015357822808037951 0.08452883210081404 0.04210773850515884 0.05039558155654485 0.05200784598512952 0.05843898460364083 0.0664203660731105 0.03098582973813483 0.03654929190060105 0.009711170458785877 0.050279960368540176 0.035868579324377516 0.06856500233508638 0.02319341061964937 0.06631204506857476 0.04434738102403712 0.03267038537846558 0.06088759197627344 0.010077300447775816
 0.04911270906564885 0.02746696532318356 0.049579322369811475 0.04487299099767936 0.04057671107605036 0.06630177110408082 0.043547916781292724 10000.0 0.03836480669131259 0.059366372397029056 0.063579477657887 0.014805786521672462 0.049934528330531656 0.03875597972891536 0.006725160528911526 0.02496391931568915 0.04900201270322163 0.06933135374669333 0.014337952847137105 0.03503040615363036 0.049076036325332105 0.04716961899131958 0.05531751247450155 0.005774822773677839 0.033238787601322435 0.03580092453171528 0.04851306875849959 0.017422338655386737 0.014753341333353286 0.015499446566036162 0.058196591336973504 0.05056293713085968 0.06412316465967884 0.040137857401247104 0.055626532953054066 0.035549155133815596 0.023475114803040202 0.06099606624041861 0.07098358163369801 0.053201251252092054 0.05176422590550102 0.027566816469388508 0.059803943704159104 0.047678778909427996 0.052920509783775875 0.03457370479972105 0.015452506823338789 0.026147685124211246 0.04279889656427553
 0.04292826790687619 0.012759885178553197 0.027173992438858686 0.06404195550831074 0.049514856259732974 0.05031555554945147 0.029337661375247126 0.03836480669131259 10000.0 0.04482969303033018 0.02637017930062538 0.04497867399583385 0.013602351863414987 0.04296982202066229 0.0441622053475093 0.03977406105501124 0.023686280331601466 0.05692143426144069 0.05040385406289377 0.06402531602478709 0.017066487166561596 0.02017823106286406 0.024668401259948163 0.03444710790157421 0.04093084654394247 0.05134474087142018 0.02046443310932482 0.04930142303871228 0.048551437126335945 0.048215178486517664 0.04233004727537367 0.06147395511886886 0.02576522168212734 0.06632512761711291 0.023825672153281168 0.033279156511176695 0.05468924539239576 0.02499862305718531 0.03581207673672613 0.03603951638530096 0.0716666464278051 0.013342950315165279 0.03922762916337864 0.013099640889296705 0.03736640470614388 0.01723484074236097 0.03849163640172355 0.041816008074000974 0.020102935838254222
 0.08698827937013107 0.04104234128884121 0.018043789877971127 0.04695483200000364 0.08971051798528355 0.006935408355728563 0.07387216779967917 0.059366372397029056 0.04482969303033018 10000.0 0.042302450962418234 0.07314260131948802 0.0539604694978845 0.025833546257767872 0.060675620504660376 0.03835011006966987 0.06815320260386458 0.01210084769425532 0.0735028477627474 0.05908784348794164 0.03098749831422221 0.025466500648457163 0.02667684684629701 0.059952360027588476 0.030448289484927286 0.038475590213453315 0.06461368217247702 0.055957167267429754 0.057891152198004295 0.07468026053082505 0.0871321218265404 0.03611391291289267 0.05209354925008384 0.09861032041094266 0.02859020745974912 0.02406775657168862 0.05729416518975453 0.06167778366487482 0.07101762872563563 0.0808576458674759 0.10816116404788045 0.04011667246886933 0.009280725729454391 0.05556456117057189 0.007607318202848879 0.03037810696429439 0.06992886526288714 0.03872597869463208 0.06493079854647794
 0.06270035781003125 0.03616894824941212 0.02722609725048353 0.07867207360610498 0.07336931974687728 0.04455490387006679 0.04903331951270714 0.063579477657887 0.02637017930062538 0.042302450962418234 10000.0 0.07131378782635779 0.022554437420715247 0.05466282010923346 0.06873379519829406 0.05787063056908469 0.0384899748189622 0.05241392645553387 0.07640036401704998 0.0834812289730082 0.016771872303005756 0.022190475640254594 0.016174481993987123 0.06028002792792579 0.05527654832006581 0.06650748289481247 0.034739960599279876 0.07153708797083974 0.07153302025326418 0.07448951076083916 0.056982686281903075 0.07204668903615197 0.010758111573140605 0.09234168372425115 0.014336162356293564 0.04555978782566052 0.07606357101828588 0.023446900829876473 0.030286563560944647 0.05167451915704663 0.09657969075667279 0.036188467799998764 0.033320292966363456 0.025848105058578284 0.03734114921310882 0.032404105721202656 0.06485879237066186 0.05960228184189356 0.039062924956357416
 0.041138020059081876 0.03694022657836973 0.0616551872699688 0.05842583333480509 0.028608207369348417 0.08005561318470986 0.03979182831116803 0.014805786521672462 0.04497867399583385 0.07314260131948802 0.07131378782635779 10000.0 0.05393244432779428 0.05351615325048901 0.01786199914817664 0.039766705642760594 0.048343666396124106 0.08354836886058865 0.008698894416939235 0.04620804089556711 0.05876227067757859 0.05807055652757641 0.0657227202463492 0.013222734238331167 0.04802318105713839 0.05026986055423246 0.049022125142112606 0.029646185929873274 0.026437432667145405 0.003760115049120916 0.052479359396612836 0.0650605191752104 0.06974314243525065 0.025576972686289938 0.06569307187421043 0.04974226084934187 0.034953582167302336 0.06385922767944023 0.07269010033408452 0.048661777660618216 0.036980412000245044 0.037383970535476166 0.0726816726091803 0.05105302472495976 0.06634805164504767 0.046061359743014035 0.007380305282586505 0.0409132027582879 0.04253142812618359
 0.0401598400197069 0.02624627791837114 0.035943241809547985 0.07756397370236542 0.051372523897763936 0.058475516086425774 0.026485564742958014 0.049934528330531656 0.013602351863414987 0.0539604694978845 0.022554437420715247 0.05393244432779428 10000.0 0.05595485610469156 0.056164491943297104 0.05337604877638007 0.016250998589895038 0.06575559090520457 0.060521199887822556 0.07749305667410254 0.02311827147576203 0.02852720844250235 0.029300124777844896 0.04530313580987336 0.05428234317035043 0.06485661495159656 0.012416878627062962 0.062333499270829436 0.06133835180581965 0.05748304152481077 0.03540883763871519 0.07450201591339238 0.0165766109795504 0.0721412581871797 0.027739371702467853 0.04615594059425251 0.06789430257838887 0.011490199649132733 0.022238877827424685 0.029678414305800666 0.07497873959437572 0.026893651598050308 0.04679473855237952 0.003401597833360542 0.04699063472867193 0.029961219740542163 0.04681335202175338 0.055416688389499244 0.016578664078087894
 0.07806071947348783 0.032640992055226525 0.028328557402437074 0.024185433985769295 0.07573663627662475 0.032093577141260425 0.06709974543680015 0.03875597972891536 0.04296982202066229 0.025833546257767872 0.05466282010923346 0.05351615325048901 0.05595485610469156 10000.0 0.03809341881604408 0.014269157622594432 0.06556159894173968 0.03260856446430369 0.051728702949124836 0.03347831955708449 0.038349809948195805 0.03250124953769965 0.039312063823746 0.041245634540788695 0.005605778057682058 0.013166003467254344 0.06287580008747791 0.031101700164710762 0.03348045952160171 0.05412716558718574 0.08214710690125054 0.018547168661196368 0.061519177800680794 0.0788664799338085 0.0408547150990735 0.009820762829758283 0.031684352832192474 0.06654094763479197 0.07723966346770217 0.07593673257121877 0.09030822976734275 0.031658513087875706 0.031159427230749475 0.05602534067059466 0.02283946884553307 0.025994684018987003 0.05235012185176071 0.013907041979315228 0.06053528540578875
 0.05531149433663784 0.032596177120638475 0.052686342161071244 0.040565261610906816 0.04560093613687932 0.06757462029630532 0.05020963542822092 0.006725160528911526 0.0441622053475093 0.060675620504660376 0.06873379519829406 0.01786199914817664 0.056164491943297104 0.03809341881604408 10000.0 0.023836320823501733 0.05570764089666525 0.06988119887301343 0.013738765211068281 0.029116608031674464 0.05360363264466715 0.05109402205229275 0.059400265961259954 0.012441557837895441 0.03248794886085263 0.03290607550369108 0.05516322129733894 0.011889611978376877 0.008806966130543355 0.017099330324774398 0.06474968801994956 0.047642523225227246 0.0699045847108567 0.04156647339781989 0.05988134116953437 0.03660791193100867 0.01758361057565652 0.06734369492299888 0.07745153870639267 0.059840630845546326 0.05427996320637546 0.03254533873190087 0.06210212572970066 0.05402776649315396 0.05473662230931383 0.03841732067665467 0.020700459599251625 0.024529899033843578 0.04950275460995161
 0.06830407946202799 0.0273723486892906 0.03503052324412418 0.024908108867468724 0.0637188520199315 0.045053682915824254 0.05888170303618971 0.02496391931568915 0.03977406105501124 0.03835011006966987 0.05787063056908469 0.039766705642760594 0.05337604877638007 0.014269157622594432 0.023836320823501733 10000.0 0.05968978873230375 0.046507452742584596 0.037508373421296266 0.025613006240569756 0.04113089707476912 0.03645123582548814 0.04454278074395392 0.02817925417693361 0.008671596435435578 0.012801844794981483 0.057650900391469966 0.0176193863880384 0.019600023142895395 0.040115502317929375 0.07423105137339482 0.026629289521765017 0.06256561937605346 0.06487853342672285 0.04565629076294113 0.01520387665278077 0.01976553778367235 0.06471324741684197 0.07555215402849647 0.0682884241030034 0.07672455938074105 0.026606093787748336 0.041649344807973436 0.05258046775337118 0.03354871910781656 0.025659490618566365 0.0393875020089999 0.0020789207722860213 0.05400180552454808
 0.024527794806846543 0.033062663826690535 0.05020075580032087 0.08459217915732699 0.03819645374304971 0.07325047663557668 0.011879748548719865 0.04900201270322163 0.023686280331601466 0.06815320260386458 0.0384899748189622 0.048343666396124106 0.016250998589895038 0.06556159894173968 0.05570764089666525 0.05968978873230375 10000.0 0.08018201312012599 0.056262278704253786 0.0811842884977145 0.03821597611643792 0.042863875222437106 0.04501299697646277 0.043473003659539405 0.06272427609517499 0.07218189680172453 0.0038427207360676677 0.06439271041801639 0.06263214194654683 0.05209997484505111 0.019370083085171352 0.08377305868869762 0.030691824426757264 0.06172218114761508 0.04358292372412872 0.056180740235443186 0.07042548579758814 0.019116728400794175 0.025186693697413446 0.013451745723571133 0.06214735256433628 0.03400584915590604 0.06177671431510838 0.013425466061662344 0.060816697734478224 0.04062320636918044 0.04097504536673432 0.06176376264712552 0.006206305068209539
 0.09904989531572898 0.05287171734548897 0.029992892073599935 0.049308546697988336 0.10137250167591907 0.007873702685824513 0.08596881315707747 0.06933135374669333 0.05692143426144069 0.01210084769425532 0.05241392645553387 0.08354836886058865 0.06575559090520457 0.03260856446430369 0.06988119887301343 0.046507452742584596 0.08018201312012599 10000.0 0.08315797688121115 0.06384443893076497 0.04266513243520166 0.037383362472527985 0.03761152669294721 0.0704846903750035 0.03797726900223355 0.04354855768062306 0.07661332385707768 0.06370501881696777 0.06601368520586152 0.08480252575111882 0.09920827755968159 0.036919062342613475 0.06267116042697267 0.10911746184411804 0.039482305981684576 0.03381870242471796 0.06406136435450174 0.07298852265013435 0.08194129583195872 0.09294024943248541 0.11920779886388395 0.051923749174320376 0.019377397733904206 0.06747819515488891 0.01966624925047796 0.042285779088083696 0.08083820885530678 0.04643577482294842 0.07702401143266607
 0.04981964454937161 0.04079666369104153 0.06386878944942695 0.05313747425484436 0.03664328354033769 0.0804344851886982 0.048223037718277566 0.014337952847137105 0.05040385406289377 0.0735028477627474 0.07640036401704998 0.008698894416939235 0.060521199887822556 0.051728702949124836 0.013738765211068281 0.037508373421296266 0.056262278704253786 0.08315797688121115 10000.0 0.039418604271310075 0.06269303240968713 0.061194925074026206 0.06921897493499933 0.01615486478440826 0.0461254306992024 0.046450743817219635 0.05665871950231679 0.024228516925241604 0.020959335643752755 0.005474337016094043 0.061151508046482526 0.06109440252083444 0.0758036659434316 0.02802653252993372 0.06941390425322698 0.04953627152990577 0.02872039803449414 0.07091303479909249 0.08014486370635834 0.057235336620492065 0.041287984028698994 0.0410482452181841 0.07413626898009594 0.057836736907504634 0.06718410795325247 0.048703104153925196 0.01555384571975906 0.03826064262293345 0.05030067552115944
 0.08413702437103213 0.05127397808239585 0.05991504521413852 0.0175352603296322 0.07457224434521192 0.06493486050499292 0.07770184887700937 0.03503040615363036 0.06402531602478709 0.05908784348794164 0.0834812289730082 0.04620804089556711 0.07749305667410254 0.03347831955708449 0.029116608031674464 0.025613006240569756 0.0811842884977145 0.06384443893076497 0.039418604271310075 10000.0 0.06674372127195179 0.06197346862236171 0.06993650823780011 0.04064529906269557 0.030019859702381343 0.020629524920753362 0.07981558360173586 0.01763014828350855 0.020364424287396373 0.04438954574795682 0.09274936691182481 0.02974608206969848 0.0878926038508097 0.0661987349125315 0.07113138874184072 0.039491932393888984 0.011568643974021043 0.08897275114747807 0.09971461516341834 0.08741226374138282 0.08023255475277823 0.05069053615258687 0.06456744773300303 0.07622840711731912 0.056230271025434174 0.051197573139650655 0.04981519896547949 0.02394211454862576 0.07509862193522406
 0.05965032321966155 0.02193463744496732 0.013191061669238224 0.062142974395545406 0.06647842924382144 0.03535874695787855 0.045851989826452 0.049076036325332105 0.017066487166561596 0.03098749831422221 0.016771872303005756 0.05876227067757859 0.02311827147576203 0.038349809948195805 0.05360363264466715 0.04113089707476912 0.03821597611643792 0.04266513243520166 0.06269303240968713 0.06674372127195179 10000.0 0.006199627671945648 0.0076246633980430875 0.04661067426231937 0.03861137468316748 0.04984814674646206 0.03448741170323386 0.05531583965280742 0.05555525375741008 0.06156434114618764 0.0575535894077616 0.056234629410048385 0.02333970696477245 0.08186525954283232 0.007051648355890968 0.028983855903755344 0.059596376641894565 0.030911150373216227 0.04079431024562997 0.05145065812552634 0.08819297210893848 0.02164492514919686 0.023700655759850094 0.02506019002098664 0.02434803719161814 0.01590005066947915 0.053087639483257856 0.042842808224272465 0.03608201030050135
 0.06308777194336555 0.021299601335296604 0.0074242883927896465 0.056481997962061686 0.06845151693926482 0.030392948223305623 0.049510379570389236 0.04716961899131958 0.02017823106286406 0.025466500648457163 0.022190475640254594 0.05807055652757641 0.02852720844250235 0.03250124953769965 0.05109402205229275 0.03645123582548814 0.042863875222437106 0.037383362472527985 0.061194925074026206 0.06197346862236171 0.006199627671945648 10000.0 0.008383170523172435 0.04538881537297511 0.03315736739770326 0.04436923267303808 0.03925275814050831 0.05160805928914717 0.05215552320451557 0.060600240862489246 0.0620356561140649 0.05017982139171535 0.02947907260021105 0.08206246090024182 0.009240454690388927 0.023395064638503407 0.05548908504262413 0.03694274655624687 0.046948757215003994 0.055824005473542264 0.08931730594528922 0.020744470316173755 0.019076644879716415 0.030105380222678318 0.01849064449119873 0.012678290417578272 0.05295467252948648 0.03803550250373914 0.04008658429646189
 0.06704171986434215 0.028782745626696343 0.011201267694936092 0.06348831211104604 0.07410308110144864 0.029942147830676415 0.053191985662276564 0.05531751247450155 0.024668401259948163 0.02667684684629701 0.016174481993987123 0.0657227202463492 0.029300124777844896 0.039312063823746 0.059400265961259954 0.04454278074395392 0.04501299697646277 0.03761152669294721 0.06921897493499933 0.06993650823780011 0.0076246633980430875 0.008383170523172435 10000.0 0.05327445256274887 0.04063158135229519 0.05172493345257014 0.04121652711142961 0.059964822089958396 0.060536730398712116 0.06839270612574176 0.06438206537824487 0.056161555749842246 0.02544040175488369 0.08920247916799127 0.001916682839017658 0.030818821346746163 0.06376107440517932 0.03542472442279832 0.04439729399394329 0.05838294286750014 0.09575476514336032 0.02836008270210467 0.018236416857048614 0.03164673298016369 0.02121959172241644 0.020996925801861143 0.06027930230713529 0.046048200539842016 0.04330905242619883
 0.043509932760954065 0.02468380104386959 0.04860661814013491 0.049678665631846974 0.035909956793578654 0.06685787520101659 0.037780240186004566 0.005774822773677839 0.03444710790157421 0.059952360027588476 0.06028002792792579 0.013222734238331167 0.04530313580987336 0.041245634540788695 0.012441557837895441 0.02817925417693361 0.043473003659539405 0.0704846903750035 0.01615486478440826 0.04064529906269557 0.04661067426231937 0.04538881537297511 0.05327445256274887 10000.0 0.03591925850207409 0.03986807033130615 0.04314165481157519 0.023015154414122795 0.020467162755225376 0.015272575494678581 0.05242835196338982 0.0544791583192342 0.060053975477858394 0.03867255603961799 0.053395628776652826 0.036739869894750914 0.02912219913442825 0.05614893699461717 0.06592730027859994 0.04742834917798839 0.049162345328265876 0.024978774848404245 0.05949175620773372 0.04287073071347326 0.05312701863150426 0.03311817414503126 0.011209064073852098 0.029639809416931368 0.0372824951103415
 0.07388726237463988 0.029665150812091097 0.03012965257802732 0.02369519897070562 0.07079569632927765 0.036965490151300615 0.06342954867356242 0.033238787601322435 0.04093084654394247 0.030448289484927286 0.05527654832006581 0.04802318105713839 0.05428234317035043 0.005605778057682058 0.03248794886085263 0.008671596435435578 0.06272427609517499 0.03797726900223355 0.0461254306992024 0.030019859702381343 0.03861137468316748 0.03315736739770326 0.04063158135229519 0.03591925850207409 10000.0 0.011236888710837787 0.06026072156278459 0.025779852754872067 0.02803670642525302 0.04856728971356293 0.0786328400295441 0.021146444067669388 0.061302599008203486 0.07331797990643464 0.042007800447799455 0.009814585920338806 0.02685398587698295 0.06522606502215404 0.0760298800583817 0.07250013504258582 0.08487907155909014 0.028735467324641373 0.03479586061090914 0.05402577380529528 0.026488646175663724 0.02467176717645616 0.04707786302259299 0.008464522997740443 0.05743176170929538
 0.08102980024799285 0.03942448581851131 0.04101835705980159 0.012710307386417558 0.07574313322967 0.04431652373062013 0.07167405143486433 0.03580092453171528 0.05134474087142018 0.038475590213453315 0.06650748289481247 0.05026986055423246 0.06485661495159656 0.013166003467254344 0.03290607550369108 0.012801844794981483 0.07218189680172453 0.04354855768062306 0.046450743817219635 0.020629524920753362 0.04984814674646206 0.04436923267303808 0.05172493345257014 0.03986807033130615 0.011236888710837787 10000.0 0.06998861780160133 0.022912783789737007 0.025956112832242778 0.04996699792392718 0.08701913090088108 0.014790658634002 0.0724739402971386 0.07443872274501602 0.05314713471358159 0.02098113886658347 0.021333597618123104 0.07597557119408642 0.08681016246348888 0.0810553062401135 0.0871085431083123 0.03857421265862608 0.04429690718487639 0.0643655676888342 0.03599127889653759 0.03566081617756272 0.05095057004147056 0.010842802265533101 0.06659906483353042
 0.028087256059360344 0.030635017554253095 0.04662079813813206 0.08250190119738263 0.04096828333459436 0.06961614631290639 0.014913321912706527 0.04851306875849959 0.02046443310932482 0.06461368217247702 0.034739960599279876 0.049022125142112606 0.012416878627062962 0.06287580008747791 0.05516322129733894 0.057650900391469966 0.0038427207360676677 0.07661332385707768 0.05665871950231679 0.07981558360173586 0.03448741170323386 0.03925275814050831 0.04121652711142961 0.04314165481157519 0.06026072156278459 0.06998861780160133 10000.0 0.0633186066621979 0.061723845554476756 0.052755232059900126 0.0231714000127147 0.08120914717586744 0.027237031862796485 0.0637839006730849 0.03977037016411275 0.05337291981432746 0.06927519814866409 0.01636817336439282 0.023740987860809595 0.017293687113374943 0.0648945117399498 0.031539301139337735 0.05809883371055873 0.009595857919979363 0.057329422648445434 0.037594923746406744 0.04164473560413456 0.059729605625343365 0.006631003769381189
 0.06651181222623535 0.0367097166048194 0.051503068371273705 0.028967694763474768 0.05746479203238819 0.0626240638420551 0.06026835138191716 0.017422338655386737 0.04930142303871228 0.055957167267429754 0.07153708797083974 0.029646185929873274 0.062333499270829436 0.031101700164710762 0.011889611978376877 0.0176193863880384 0.06439271041801639 0.06370501881696777 0.024228516925241604 0.01763014828350855 0.05531583965280742 0.05160805928914717 0.059964822089958396 0.023015154414122795 0.025779852754872067 0.022912783789737007 0.0633186066621979 10000.0 0.003276544751106443 0.028476292335042397 0.07521802061067938 0.0371906757663822 0.07438918988839982 0.05218984398066948 0.060801568104081945 0.03260982547972214 0.006154414054459658 0.0737896717551612 0.08432346656471867 0.0699768782708123 0.06547508306750309 0.03633564462512491 0.0590851533195752 0.06068193901347507 0.05108565763622473 0.03943078025059113 0.03246200241993201 0.017325755565007848 0.058232165089762075
 0.06384664037789133 0.03615306672206807 0.05250544899641878 0.03224273154640018 0.05440347043781837 0.06463481753222276 0.05804015001228398 0.014753341333353286 0.048551437126335945 0.057891152198004295 0.07153302025326418 0.026437432667145405 0.06133835180581965 0.03348045952160171 0.008806966130543355 0.019600023142895395 0.06263214194654683 0.06601368520586152 0.020959335643752755 0.020364424287396373 0.05555525375741008 0.05215552320451557 0.060536730398712116 0.020467162755225376 0.02803670642525302 0.025956112832242778 0.061723845554476756 0.003276544751106443 10000.0 0.025208608358814742 0.07285625511644735 0.04035563790004151 0.07391694568727054 0.04893682831259281 0.06128035736613912 0.03422145960776865 0.008801518342308783 0.07274140962971305 0.0831653341230111 0.06773333495810338 0.06219897622878558 0.03586481161470859 0.06059896660492873 0.05953790700287086 0.05273106233184386 0.03975682402538384 0.029489737842887147 0.019585968661861124 0.05644368449652602
 0.04449860431420633 0.03965508489547785 0.06387031321783211 0.057434055264855975 0.031181992502845462 0.08161116512174023 0.04351756221469618 0.015499446566036162 0.048215178486517664 0.07468026053082505 0.07448951076083916 0.003760115049120916 0.05748304152481077 0.05412716558718574 0.017099330324774398 0.040115502317929375 0.05209997484505111 0.08480252575111882 0.005474337016094043 0.04438954574795682 0.06156434114618764 0.060600240862489246 0.06839270612574176 0.015272575494678581 0.04856728971356293 0.04996699792392718 0.052755232059900126 0.028476292335042397 0.025208608358814742 10000.0 0.05604843459152268 0.06472569739623064 0.07318084589664751 0.02476321323280088 0.06843764405597261 0.050996294658259056 0.033404783901630146 0.06751056886677965 0.07640700995741348 0.052328743621433055 0.0371808697615236 0.040035164747569636 0.07463778663996537 0.05464360913596119 0.06805816223325332 0.0483884021373105 0.011128333462335407 0.04109652255336182 0.04627605593448714
 0.013407320256561479 0.04963955479128071 0.0693000219242128 0.09887926504601366 0.03139529622330208 0.09242122316595038 0.015357822808037951 0.058196591336973504 0.04233004727537367 0.0871321218265404 0.056982686281903075 0.052479359396612836 0.03540883763871519 0.08214710690125054 0.06474968801994956 0.07423105137339482 0.019370083085171352 0.09920827755968159 0.061151508046482526 0.09274936691182481 0.0575535894077616 0.0620356561140649 0.06438206537824487 0.05242835196338982 0.0786328400295441 0.08701913090088108 0.0231714000127147 0.07521802061067938 0.07285625511644735 0.05604843459152268 10000.0 0.0997613808553324 0.04804132767815061 0.0574379134011537 0.06294170619509966 0.07326202241677635 0.08137093940541563 0.03497079534599383 0.03598390286006205 0.006322848695739755 0.0533834892119147 0.05064680663050698 0.08103347205985958 0.03276274609483779 0.07969440240806452 0.058537561397100535 0.04587331189280749 0.07624054487272988 0.02231185381764042
 0.09466820109175218 0.05071918705961591 0.04496031872901615 0.012922736159083199 0.09025799917416652 0.04023037907194544 0.08452883210081404 0.05056293713085968 0.06147395511886886 0.03611391291289267 0.07204668903615197 0.0650605191752104 0.07450201591339238 0.018547168661196368 0.047642523225227246 0.026629289521765017 0.08377305868869762 0.036919062342613475 0.06109440252083444 0.02974608206969848 0.056234629410048385 0.05017982139171535 0.056161555749842246 0.0544791583192342 0.021146444067669388 0.014790658634002 0.08120914717586744 0.0371906757663822 0.04035563790004151 0.06472569739623064 0.0997613808553324 10000.0 0.07955577188318691 0.08911373840306588 0.05786450554381209 0.028355706776020388 0.03452290695370034 0.08504802469629084 0.09571329645666572 0.0936410573226769 0.10188406655456167 0.04976844888855505 0.04413181830671287 0.07454774555377744 0.03665574053024836 0.04454153204849751 0.06562034575705046 0.024938957731260845 0.0785529737472502
 0.05521892519565592 0.03776430839327975 0.035740703990493276 0.08498612818326887 0.06769944505955068 0.05485477717802518 0.04210773850515884 0.06412316465967884 0.02576522168212734 0.05209354925008384 0.010758111573140605 0.06974314243525065 0.0165766109795504 0.061519177800680794 0.0699045847108567 0.06256561937605346 0.030691824426757264 0.06267116042697267 0.0758036659434316 0.0878926038508097 0.02333970696477245 0.02947907260021105 0.02544040175488369 0.060053975477858394 0.061302599008203486 0.0724739402971386 0.027237031862796485 0.07438918988839982 0.07391694568727054 0.07318084589664751 0.04804132767815061 0.07955577188318691 10000.0 0.08869406790057573 0.023523719327797794 0.051945746308156224 0.07944220027284889 0.013353932581170604 0.019553102270581078 0.04321154181779077 0.0914327450912889 0.038071544063399354 0.04338260247970894 0.019924082732741374 0.04650659322757161 0.037010610364117805 0.06280501099127211 0.06445671920008918 0.032661525073882286
 0.04403799724407616 0.060774144317316106 0.08633820073848704 0.08095334010371258 0.026056323678706864 0.10550518399705024 0.05039558155654485 0.040137857401247104 0.06632512761711291 0.09861032041094266 0.09234168372425115 0.025576972686289938 0.0721412581871797 0.0788664799338085 0.04156647339781989 0.06487853342672285 0.06172218114761508 0.10911746184411804 0.02802653252993372 0.0661987349125315 0.08186525954283232 0.08206246090024182 0.08920247916799127 0.03867255603961799 0.07331797990643464 0.07443872274501602 0.0637839006730849 0.05218984398066948 0.04893682831259281 0.02476321323280088 0.0574379134011537 0.08911373840306588 0.08869406790057573 10000.0 0.08891227921309633 0.07531756552895646 0.056268733906183345 0.0800485452319035 0.0868476331049415 0.05629568820105184 0.014517295042865861 0.061383193321745536 0.09773894515857708 0.06885541261926414 0.09169908096570621 0.07066217270036262 0.02918666200800006 0.06584040379495537 0.05727766667637151
 0.06588422694453305 0.028782963453436956 0.01292980900393572 0.06500960752386682 0.07333436818672764 0.03178965175697389 0.05200784598512952 0.055626532953054066 0.023825672153281168 0.02859020745974912 0.014336162356293564 0.06569307187421043 0.027739371702467853 0.0408547150990735 0.05988134116953437 0.04565629076294113 0.04358292372412872 0.039482305981684576 0.06941390425322698 0.07113138874184072 0.007051648355890968 0.009240454690388927 0.001916682839017658 0.053395628776652826 0.042007800447799455 0.05314713471358159 0.03977037016411275 0.060801568104081945 0.06128035736613912 0.06843764405597261 0.06294170619509966 0.05786450554381209 0.023523719327797794 0.08891227921309633 10000.0 0.03219475139176129 0.06472792345148913 0.03359670663814904 0.04250114620614525 0.05698641867874652 0.09520060985319952 0.02842324505401308 0.020104908523002916 0.030181612159696305 0.023113172797283237 0.021582790516668008 0.060100523706738 0.04720909023126185 0.04206807060140364
 0.07001426769932532 0.02362710002741623 0.020434177645423348 0.03315912036292435 0.06930021048274537 0.03097075345750649 0.05843898460364083 0.035549155133815596 0.033279156511176695 0.02406775657168862 0.04555978782566052 0.04974226084934187 0.04615594059425251 0.009820762829758283 0.03660791193100867 0.01520387665278077 0.056180740235443186 0.03381870242471796 0.04953627152990577 0.039491932393888984 0.028983855903755344 0.023395064638503407 0.030818821346746163 0.036739869894750914 0.009814585920338806 0.02098113886658347 0.05337291981432746 0.03260982547972214 0.03422145960776865 0.050996294658259056 0.07326202241677635 0.028355706776020388 0.051945746308156224 0.07531756552895646 0.03219475139176129 10000.0 0.034940875646076036 0.05672110659791727 0.06742680023422565 0.06699540593507157 0.08572375062503976 0.022617203119202945 0.02648371209875178 0.046292041686186655 0.018510113028055334 0.01619692365459231 0.047336294663018516 0.016179863293219476 0.05136285608935647
 0.07258762282326908 0.04198628503989286 0.054684000780978854 0.02478032224317302 0.06313564964865745 0.06373468062525608 0.0664203660731105 0.023475114803040202 0.05468924539239576 0.05729416518975453 0.07606357101828588 0.034953582167302336 0.06789430257838887 0.031684352832192474 0.01758361057565652 0.01976553778367235 0.07042548579758814 0.06406136435450174 0.02872039803449414 0.011568643974021043 0.059596376641894565 0.05548908504262413 0.06376107440517932 0.02912219913442825 0.02685398587698295 0.021333597618123104 0.06927519814866409 0.006154414054459658 0.008801518342308783 0.033404783901630146 0.08137093940541563 0.03452290695370034 0.07944220027284889 0.056268733906183345 0.06472792345148913 0.034940875646076036 10000.0 0.07937532116089883 0.08998326883331563 0.07612940582424173 0.06994576217297888 0.04153531376006351 0.06128722443981902 0.06635997769525558 0.053087983256431034 0.04371399406682715 0.03828165659373798 0.018836842151269413 0.06427980371661024
 0.0432062853117285 0.03770905294143503 0.0441000548894586 0.08868416940136042 0.057251314569197784 0.06536387180683247 0.03098582973813483 0.06099606624041861 0.02499862305718531 0.06167778366487482 0.023446900829876473 0.06385922767944023 0.011490199649132733 0.06654094763479197 0.06734369492299888 0.06471324741684197 0.019116728400794175 0.07298852265013435 0.07091303479909249 0.08897275114747807 0.030911150373216227 0.03694274655624687 0.03542472442279832 0.05614893699461717 0.06522606502215404 0.07597557119408642 0.01636817336439282 0.0737896717551612 0.07274140962971305 0.06751056886677965 0.03497079534599383 0.08504802469629084 0.013353932581170604 0.0800485452319035 0.03359670663814904 0.05672110659791727 0.07937532116089883 10000.0 0.010845739995231795 0.030525959468361154 0.0811982187627011 0.038333026344550734 0.053638766300956583 0.013319175402481712 0.05525144785844053 0.040640909172007085 0.05657195782231321 0.0667401634940585 0.022772955359584825
 0.0467144798637451 0.048484794688098604 0.053877063144809244 0.09951733723217573 0.06263676690483917 0.0741776287460666 0.03654929190060105 0.07098358163369801 0.03581207673672613 0.07101762872563563 0.030286563560944647 0.07269010033408452 0.022238877827424685 0.07723966346770217 0.07745153870639267 0.07555215402849647 0.025186693697413446 0.08194129583195872 0.08014486370635834 0.09971461516341834 0.04079431024562997 0.046948757215003994 0.04439729399394329 0.06592730027859994 0.0760298800583817 0.08681016246348888 0.023740987860809595 0.08432346656471867 0.0831653341230111 0.07640700995741348 0.03598390286006205 0.09571329645666572 0.019553102270581078 0.0868476331049415 0.04250114620614525 0.06742680023422565 0.08998326883331563 0.010845739995231795 10000.0 0.03317625882328401 0.08643305617620275 0.04912963959051527 0.06257804632123272 0.023642251861608253 0.06494830821873343 0.05140858217300403 0.06532317015632669 0.07758132557647174 0.03034802298719726
 0.013597498375467879 0.04338292831701148 0.06306018596652835 0.09302612219188187 0.030667287140134725 0.0861952530743042 0.009711170458785877 0.053201251252092054 0.03603951638530096 0.0808576458674759 0.05167451915704663 0.048661777660618216 0.029678414305800666 0.07593673257121877 0.059840630845546326 0.0682884241030034 0.013451745723571133 0.09294024943248541 0.057235336620492065 0.08741226374138282 0.05145065812552634 0.055824005473542264 0.05838294286750014 0.04742834917798839 0.07250013504258582 0.0810553062401135 0.017293687113374943 0.0699768782708123 0.06773333495810338 0.052328743621433055 0.006322848695739755 0.0936410573226769 0.04321154181779077 0.05629568820105184 0.05698641867874652 0.06699540593507157 0.07612940582424173 0.030525959468361154 0.03317625882328401 10000.0 0.05385903666537298 0.044387257689386735 0.07485060875943939 0.026869791960488117 0.07340588530816702 0.05221684227802469 0.041748158558289984 0.07031308751792528 0.015993894993773572
