NAME :TPP_input_30_4_3
NUM_VERTICES
117
NUM_CLUSTERS
30
Full Matrix
 10000.0 0.0903673257771277 0.10495365167674255 0.08688083623432616 0.09807968763323274 0.08986169740265305 0.04368431828417246 0.0958150870653762 0.026405494429212775 0.09555217557615366 0.015742167695826648 0.057191812198348 0.07740071512731304 0.07528387284852457 0.043193477188639036 0.01358260963154009 0.09365241198835271 0.09003176056729811 0.017244962159404367 0.06616769954598872 0.031872116412137136 0.05234443091524216 0.05805057410512423 0.10721927735355342 0.10154333655023386 0.03186997635989286 0.0549959344033855 0.10953561347182285 0.032815862261950664 0.08836752748766469 0.05327762145455005 0.06727032062895608 0.10574651893759379 0.08001351835060212 0.09811996362551852 0.034626959632618776 0.09621778911085721 0.03838184798741691 0.07759543855970394 0.0486340319097179 0.015819724795018458 0.09051855307134322 0.054024070044723004 0.08810029856358527 0.09585434997775481 0.08814867579976719 0.05881968018563361 0.05598224678576719 0.0429298868975165 0.06659105881716354 0.10045869560904566 0.09396466064193758 0.07817069554659956 0.06264743915115631 0.08281969918399615 0.06169411912352566 0.06435787031148743 0.06987687073303928 0.048224196647697885 0.08526033800814964 0.07282364129047589 0.040211893903231745 0.05319337786952076 0.03902209726251571 0.055306172310637586 0.003191495664537134 0.08295207378850812 0.06831568605433136 0.09300741118338965 0.028881529377456038 0.09847221052290041 0.07436861269298647 0.10934676060472188 0.04063828491267957 0.06387218622371266 0.05724146557874001 0.08851108606541305 0.04554579009726939 0.04037861806889304 0.0880627568236894 0.08936639142609919 0.06865879255418972 0.0734927625618452 0.09946980193192279 0.06654356030835053 0.033830307206422994 0.08453145496053154 0.022254016387288782 0.0829376017332373 0.062092329238786444 0.11349708040637126 0.09143238210037707 0.1035167522641785 0.02738725546414698 0.07349087766954113 0.09070274864753962 0.00020221879393503704 0.03999010961912869 0.08972874755752473 0.06190718702744579 0.08694852628936796 0.02150113191918039 0.06393450604368744 0.0934006709520452 0.10018819739273675 0.09946741999578514 0.08509302733612735 0.08982936839935725 0.09420870747566892 0.08588083148316332 0.108151151214345 0.06690157469241557 0.07526872252165454 0.08538704392148355 0.06352019902545486 0.0397017071312231 0.06742579045772995
 0.0903673257771277 10000.0 0.0349544437241409 0.0043273295335828745 0.07042086117729288 0.09710848675410334 0.06390448891731909 0.06582131156304248 0.09647134240745926 0.09444168198949186 0.07661729477258299 0.03782377194005626 0.016229400931124727 0.045124769031637396 0.08320643001426295 0.07679973876759179 0.004721418015497085 0.051285363808407584 0.08715319900196172 0.024973835047822832 0.07712900809978906 0.047454802005573185 0.03361614383401488 0.03653785336333633 0.057162329783980094 0.06320475360339134 0.03548244761948935 0.05593323034012211 0.057566986912153194 0.08374285413709999 0.046073503664055555 0.09380288549318185 0.03992806229648881 0.058845441549484546 0.09935592057941532 0.07976283185472181 0.0886861024067624 0.07085073876522645 0.025791109912281666 0.04505140897797993 0.1032464353506346 0.07037476557635697 0.037623959748021546 0.08833617336330073 0.008892847820183422 0.038329744386033725 0.04067598663601477 0.05411353879605311 0.06468422511756933 0.0287645019505148 0.07893975522039202 0.07500246472152011 0.09155793606197356 0.08669639934170163 0.03277615301918078 0.035090857634747834 0.07681977749531481 0.06764523953069093 0.05916830848526354 0.0981280647445478 0.04531034485711548 0.061378656236833994 0.07371259025263674 0.051381272219756795 0.06371193375570121 0.09065737206793482 0.07042233515504043 0.025255474279802067 0.10603504148725322 0.06310661744505092 0.07024134463788329 0.027087970024382086 0.03810778918987644 0.050690208139481246 0.059499845093131574 0.06553992468588929 0.09050129301247198 0.07923583567184005 0.07817029835984753 0.06628341156759902 0.07546921465742429 0.033367626743226214 0.025659073094429448 0.07498292114581108 0.04700696528284117 0.07338854252763087 0.009353369349576951 0.07971310171191541 0.03780248028516164 0.029694336962658427 0.03822584523435223 0.04833828060806886 0.06860877930671029 0.07251148397789184 0.016895750787760403 0.09420680294393187 0.09055590967305943 0.08028235326681941 0.08248597315041434 0.03076335397759474 0.043745300019917784 0.09857551180855602 0.08524373930067224 0.06309871937748135 0.04170382232585164 0.03590785825804852 0.017226110317812633 0.056202454451743405 0.045392879010896836 0.0798671807881879 0.026942360358733312 0.0816060850257035 0.06573302725007928 0.10031969787201872 0.02693137413476713 0.059682751755046615 0.02304699134564578
 0.10495365167674255 0.0349544437241409 10000.0 0.03838918000631925 0.04424095340234158 0.07803794555778719 0.06643717938168495 0.040187934417357726 0.1020975398030862 0.07272777923951063 0.09456231927580083 0.048107009582410896 0.048345724377364334 0.0342978996896825 0.08237838444772948 0.09242640061785039 0.0308696807512587 0.02837121500260487 0.09612181532866433 0.051394672130899106 0.08181643139133421 0.05301351539126777 0.05867202023929662 0.002291271872457931 0.027617933986937175 0.0734239047008749 0.05715164033545587 0.022608206630918202 0.07501108993501883 0.06346785136304794 0.0740055034052455 0.08339817296919079 0.0054892503854126916 0.04175534179207106 0.07746906015714093 0.0828237600843084 0.0658206276014811 0.07398940565810484 0.027875755698739176 0.06975395568165407 0.11432319860039339 0.04777216019926434 0.061711744038178445 0.06873626769277177 0.026841109417580236 0.019576881211179138 0.06991102521956914 0.05310009207911579 0.0673582204592162 0.058626570532738446 0.05290114906506141 0.05125250609125452 0.07645699191811141 0.07770748427064768 0.06753218248436108 0.06425661519451865 0.06695917653245297 0.055502712181515486 0.060893580062074903 0.08102352062094606 0.07881935868160578 0.06702925649856459 0.06926495175868932 0.06980093151675322 0.059913614330178805 0.10419686176654912 0.05155681623262773 0.03938249508463849 0.08723465479116468 0.0828790047406245 0.04385887417195349 0.06015632556887534 0.004445298092696804 0.06521350962901341 0.051850185720371776 0.06030647834315356 0.07101716477011677 0.07769055483096504 0.078982856567045 0.04463669793096372 0.05387071426172698 0.03629689538094418 0.03243564014610935 0.04879342944151585 0.041913158545129184 0.0780486558026545 0.030701432503512264 0.08798868732043096 0.02405158127782983 0.05592737390369099 0.009001852105033353 0.02462527916218326 0.03975074437170437 0.08059949495045216 0.0431325213500793 0.0743658207433012 0.10515569178276965 0.08101879146248604 0.06147825263542058 0.05783813763340207 0.024199574130861577 0.10620898524817075 0.0756493588406986 0.038454163377403455 0.01145361539141983 0.0068912999016607435 0.023876716436012746 0.03329699190138807 0.01981343702116117 0.0602689770441608 0.013434906092332853 0.07060623507199379 0.05086244734685119 0.0834955970477373 0.04806715465529843 0.0846037669420173 0.047906597820073955
 0.08688083623432616 0.0043273295335828745 0.03838918000631925 10000.0 0.07198198979387109 0.09740445019503202 0.06198678889955168 0.06737588741851924 0.09382755658748147 0.09511990879741863 0.07291069351413089 0.03570447426004351 0.011904819276744501 0.045460896337823894 0.08139816036025647 0.07329990277289793 0.009003515025787103 0.052826931587919304 0.08423056636376204 0.02106931321649123 0.07476316287071832 0.04558104889254423 0.02967368297883364 0.040081980851425766 0.059397728770982094 0.06040465269577809 0.03189374427538881 0.058780198217465045 0.05406547990302527 0.08433203803735571 0.04180462753926962 0.0930218388763795 0.04318739946738421 0.0594586276324013 0.10001836576134383 0.07754933920677304 0.089576092317877 0.06874484163940812 0.02603395167444464 0.041000428838947216 0.1000184849915294 0.07145238299534361 0.033716472310514126 0.08878542172843511 0.013067490904820733 0.04000894168302401 0.03637026250644459 0.052864696655622545 0.06273507868592161 0.024472815184076655 0.08037793866151101 0.07616725391083115 0.09138775570201783 0.08581757379004566 0.029143230191375834 0.030803980593584905 0.07617771126007651 0.06744367145659767 0.05744730072877507 0.09815517587451365 0.04120649948960143 0.0591378563512235 0.07246014231727423 0.04785916692562669 0.0625650522469079 0.08726472907023114 0.07101421232706571 0.02342908365783417 0.10622495774047884 0.059330458071000965 0.07183323957904682 0.022855212676297032 0.04174014833060534 0.047613960751026634 0.05892758622851921 0.06453014702002746 0.09091322327469582 0.07755941071805943 0.07623302496562481 0.06730593902329432 0.07633870920356141 0.032614573674391134 0.02511275354830734 0.07648737160879178 0.04653185241905868 0.07107240965744253 0.009925297632035 0.07692702934486768 0.038938180486160504 0.025696962185087335 0.042145906757456254 0.05007299109555011 0.07057866420978685 0.06982320714751043 0.013475946136966045 0.09463163523193799 0.08706723348989157 0.07832781354554216 0.08318752043227103 0.026661464112676416 0.0451945264444311 0.09571029515003684 0.08445599082791373 0.06456934879726002 0.04441467209776632 0.03879747731564023 0.01864000904921576 0.057602955048167134 0.0474508656906716 0.08041395122417799 0.031058760194485384 0.0810370913161205 0.06590984216535009 0.10029164869702877 0.023741528555357074 0.055530310917071966 0.019455122896160932
 0.09807968763323274 0.07042086117729288 0.04424095340234158 0.07198198979387109 10000.0 0.03606172676307136 0.054503542153284706 0.0046061612002484984 0.08429279312112495 0.02928577852620089 0.0939371229602634 0.055595235875471286 0.07694098694366684 0.03072328090415611 0.06065875554831298 0.08920602662945039 0.06811042499575193 0.019158093060851415 0.08362335101867008 0.07314428119970161 0.067266784519868 0.05196239519281056 0.07628513549053913 0.04479243570903806 0.017089946723391116 0.06845110042902894 0.07169683197317549 0.026152066077798956 0.07841601103648327 0.0220652498775942 0.09093157067000633 0.049591712106991315 0.03947791267251684 0.019006150390001687 0.03376312065414318 0.06593105146953844 0.022084818504840183 0.059900412297889956 0.0472772146603358 0.08354370001390775 0.10150716658298814 0.008342559803226915 0.07720648481128438 0.02724018762077917 0.0653097583280786 0.03209286010016523 0.08949382965792604 0.043844112226793665 0.055211539325417475 0.08172614035150799 0.00876258088531569 0.008328012053820248 0.03850428277234851 0.046825927775800635 0.09790556840234703 0.08504378146769373 0.03817372168095198 0.0288523823342013 0.05055349934334976 0.040447678495104 0.10422711425069361 0.05879839180056346 0.04697430633323259 0.07601065390647022 0.04277944885587497 0.09608383627483649 0.016423611524435035 0.057132378480254424 0.04486345787581039 0.08712089448048946 0.0005672102305539798 0.08735250606805602 0.0453882807065935 0.06848072196677774 0.03439515888647413 0.040985380785179555 0.029354365594784174 0.05636491183937399 0.06030592293480025 0.01001736643704088 0.01311838080264655 0.04626951020446058 0.050390058093195356 0.0046505836977364465 0.03670883925922208 0.0645721840607226 0.06206762874778835 0.0763861724485568 0.03329857434116331 0.0757788305737317 0.05053052386735735 0.022157632307503363 0.00745980712845096 0.070702244892671 0.06847113950561644 0.032081328401359785 0.09826659219225586 0.06166044555299154 0.019633210653695072 0.07795467293054009 0.02679388114355414 0.09023459769495495 0.044518428686801656 0.007522847832544061 0.03288050162785315 0.038625362695914225 0.053370565568251115 0.014525304128616513 0.025837609612105884 0.02033640885648192 0.05748848836522948 0.03905664042390796 0.02300622304219262 0.04293166317062102 0.0663348851294482 0.0952520237189299 0.06969038153769788
 0.08986169740265305 0.09710848675410334 0.07803794555778719 0.09740445019503202 0.03606172676307136 10000.0 0.05331721452364207 0.038927210613083046 0.06832031220309691 0.008887567857404698 0.09171880597953581 0.0695260011136623 0.0987065105195387 0.05199479537690271 0.046690615595442936 0.0856321171524486 0.09606566365704823 0.049845317294640624 0.07285774332903842 0.09133775795751425 0.05864188163293494 0.06128670050095109 0.09117636570425841 0.07902569109979407 0.05265016751217477 0.06831446343028191 0.08552588138379283 0.06216855628340397 0.08252708369516083 0.01458647021359211 0.10279402844058744 0.024069570267030577 0.07393535144374784 0.038527606082861474 0.008735762043274092 0.055363778284183277 0.015249467170527824 0.054315176843912454 0.07141276645798521 0.0943882879709429 0.08752532377310886 0.030418625999668353 0.09047686314669819 0.009302878415941015 0.09425282208082182 0.06155613683548221 0.10345697225642307 0.050878267014519286 0.05349826729258653 0.09927019256199728 0.029540241312927845 0.027839824540707048 0.011692767565528414 0.027243603848883143 0.11837431706488419 0.1005173211226089 0.027951971774827195 0.031149308712145163 0.05278753692804794 0.006138296433337736 0.12053886993655828 0.05917891505875683 0.0388108995540132 0.08285184386625072 0.04306292330814662 0.08708419345570406 0.027152419979696408 0.07690967313730582 0.009219200861511047 0.0900809472366634 0.03659538890352222 0.10679899914811056 0.07998248091250429 0.07504949121056177 0.04099366429384735 0.04023545748300988 0.0070208998574075605 0.04453784686904912 0.049824629161624764 0.03340783996899878 0.02425472925828229 0.06576518388970438 0.0725859126307415 0.03262571199892944 0.05192333377051979 0.05788368903085279 0.08785849472295502 0.06807448315711474 0.06013557188104789 0.09224565161552326 0.08536237325347461 0.053588547520632565 0.043085141633309613 0.0654951091922654 0.08975421686706259 0.0040317332160234596 0.09000722069906614 0.04994295197641179 0.016726446956794767 0.09418433296084835 0.05576475082033505 0.07499237342758276 0.02594740918174584 0.03994493972675943 0.0666575822826305 0.07162190722660251 0.08018363745488877 0.04477651725143723 0.0582910842359652 0.017876283215013444 0.09053948064385411 0.023882569368809493 0.03152379900665766 0.008002944963874166 0.08386266336615206 0.10180729034542639 0.08860915448979068
 0.04368431828417246 0.06390448891731909 0.06643717938168495 0.06198678889955168 0.054503542153284706 0.05331721452364207 10000.0 0.05213568073963026 0.03566478269554246 0.05666355476821371 0.04030208113732293 0.026324428567715195 0.05758561625381939 0.03338016000598955 0.019468495495437513 0.0350244918299651 0.06540884975388783 0.047089117984373936 0.030737584996784816 0.047054839539848375 0.015398162374395898 0.01644969891379506 0.043388110390658104 0.06855439363849103 0.05836715664278892 0.015259494526888618 0.03760822320882738 0.06695023932525263 0.029261035978588378 0.04761762336050047 0.05157365492461705 0.037137077015383255 0.06595967918187128 0.03633891015832218 0.060285979140999084 0.01664224475707476 0.05555082240497181 0.007588917783255195 0.0424086708164986 0.043100887992490386 0.04922675972186146 0.04717363285893757 0.0413209309416045 0.04876568683722008 0.06595395039821432 0.047657194711504286 0.05358123658449267 0.013508692323691354 0.000921300682745239 0.05301675698484763 0.05749853813872274 0.05094258115772547 0.042593030703843196 0.02989779309044156 0.07319823673144116 0.052125362867770024 0.0253660118354655 0.027100604654428716 0.005544563037569155 0.050532577018448266 0.0713175990135201 0.005893109954022079 0.015120044631504287 0.03028907077512642 0.012016072108924662 0.041867637555945594 0.03996275080346943 0.03866228852200941 0.05933823069737236 0.03680493639612889 0.054879284604628 0.06166408198192572 0.07054618941553187 0.0229661625201184 0.020191355650588827 0.014427882147581882 0.0498195770954289 0.016046489954399817 0.014265878366035654 0.044492933252246056 0.04672440861667036 0.03264415676481338 0.03986796312051485 0.05615326892751946 0.024842675874851214 0.011703741509187618 0.055386133723328936 0.02280192115855812 0.04264718851454245 0.045877206555224245 0.07540952076775619 0.04895610409126065 0.05983254915343689 0.01632943424325253 0.049788712048324975 0.052828040570953576 0.043875037463715745 0.016379395973279313 0.04846418610821565 0.04727809709153155 0.04519147163864319 0.0399416164722125 0.029741878637725032 0.04971976188435703 0.05944603767337195 0.060098568725039075 0.05201008771876555 0.04638354787056171 0.052351244223448834 0.044475542170514165 0.07302134227546071 0.029685428423971524 0.03197798473002071 0.05165558595466689 0.04040123903585891 0.04863518217250438 0.04576753868595187
 0.0958150870653762 0.06582131156304248 0.040187934417357726 0.06737588741851924 0.0046061612002484984 0.038927210613083046 0.05213568073963026 10000.0 0.08310985553143753 0.03274638280741095 0.09106369045116872 0.05162847365303631 0.07239014764574404 0.026570209113042222 0.05966834046476467 0.08651689026657386 0.06353480568920902 0.014552257209406694 0.08180746867028474 0.06875133946151037 0.06546261043983569 0.04849119863799818 0.07207203342687449 0.040858644226544304 0.013723237583090221 0.06566017532443187 0.06758438992763717 0.023452349342244286 0.07506435630613469 0.02452251048705776 0.08684914746030445 0.05047319850397957 0.03559316764915477 0.015955718247798095 0.037387005823372337 0.06438938500509639 0.025696358501263613 0.05790431455247688 0.04272515140512708 0.07957390223885001 0.09989197130472204 0.009048400838585094 0.07309806419418684 0.0298276697158582 0.06076620399350072 0.02749621246477374 0.08527905478687199 0.040856235866675646 0.05288525153400469 0.07733572885442752 0.013231085558085233 0.011231387977591106 0.040167726118924496 0.047067937747734476 0.09336397890489609 0.0807549731223057 0.03777141365968031 0.027588655249320946 0.047903695044505694 0.04288456626429228 0.09983907456109695 0.05613890586669283 0.04574964832509474 0.07243085911459562 0.040678997910852346 0.0939258396447226 0.016296156296954255 0.0527327663849473 0.04792914855608583 0.08379692913615475 0.004486014841625286 0.08286199188982332 0.04157297609527907 0.06500935553943829 0.03194440092458419 0.03911617994708475 0.03203456761536837 0.05523337953637211 0.05889116356884794 0.008593637741580964 0.014973914543091077 0.041979926231557364 0.04590396159213399 0.00918246410124574 0.033022028438372396 0.06259574085667319 0.0574618173681139 0.07438321051948127 0.028716889613247833 0.07147059795540013 0.04681842085844389 0.017593227034781785 0.0077573467003256525 0.0684345011923832 0.06395423339655934 0.03503158751775939 0.09600502281421146 0.06036227480439552 0.02222730177205227 0.07365063225571487 0.022189094484778744 0.08888726388075936 0.044756696373961756 0.0030777495174934915 0.028761266457534393 0.03437716185419059 0.048764752912566565 0.009977512969081363 0.021408082681057754 0.022168065337645516 0.05332684362437768 0.039235821533548085 0.021540648968138985 0.0453890549503252 0.06201172188142345 0.09155239445229797 0.06527400596210933
 0.026405494429212775 0.09647134240745926 0.1020975398030862 0.09382755658748147 0.08429279312112495 0.06832031220309691 0.03566478269554246 0.08310985553143753 10000.0 0.0752405283305104 0.03721323384830546 0.059041137343726006 0.08682923914282462 0.06865064657279746 0.023746448728990507 0.03129297395397646 0.09871951414020558 0.08119461941286195 0.012135752972685257 0.07534128829342904 0.020341706019811258 0.050598390644574526 0.06883894218717175 0.10420678520266768 0.09183189643531951 0.03354257646152766 0.06408095233580359 0.1011118414548345 0.04446782130225715 0.0700230190540145 0.0697047505837333 0.04446474337447857 0.10150371546054386 0.06860029057024557 0.07696619149178714 0.019502085670292945 0.07738231341692597 0.028110086557523187 0.07748091523213707 0.0627889374992469 0.019258565910500746 0.07608299535037867 0.06536814070737426 0.0685221084443296 0.09987682204800839 0.08318044464824714 0.07416095717984969 0.04904497921702756 0.03474437361489965 0.0785994152240239 0.08460642171215602 0.07851800816066218 0.05685250976380446 0.0416265267747163 0.09753463075011043 0.07527074951335615 0.0467822185285782 0.05554587783318842 0.041209339023818445 0.06301888335554369 0.09064121410869806 0.035932226409866666 0.03736772205531498 0.049776921357074046 0.043851452328058704 0.02321469394445343 0.06801001447009633 0.0716526849751578 0.06989207749879635 0.04567160745694686 0.08477381806121653 0.0872531110631779 0.10618773142122821 0.046905518923567556 0.052985973218807936 0.0446281935147006 0.06842229879332477 0.027928152938136042 0.02439753314650374 0.07464831354810975 0.07338966298668045 0.06770726961749272 0.07442182600300153 0.08457260580595108 0.06035022226116409 0.024171027270721946 0.0887950015743718 0.017222758958190358 0.07824016711080234 0.07245449265571606 0.11107327145550298 0.08353493681392708 0.09080214764023985 0.024011280608410217 0.08060317102459591 0.06992879088212599 0.026461455480929517 0.02277667010861585 0.07184726995985823 0.0730508713784633 0.08032334641362682 0.0066847066738552246 0.04344683434432163 0.08127982271122472 0.09481120666344492 0.09571989244494362 0.0866893170545355 0.07951137493250048 0.08732009293867098 0.0683843975164028 0.1084209755169463 0.047731685831663054 0.06157040675686204 0.06267188068648255 0.07035379388039485 0.059176055612530934 0.07532641207114878
 0.09555217557615366 0.09444168198949186 0.07272777923951063 0.09511990879741863 0.02928577852620089 0.008887567857404698 0.05666355476821371 0.03274638280741095 0.0752405283305104 10000.0 0.09618447846220216 0.06980533556419263 0.09747657116106387 0.04978850262866605 0.052727195147544904 0.09030581931056701 0.09299620030751395 0.04513712480791216 0.07883233037739501 0.09097055228911399 0.06387106353697582 0.06243133878197634 0.09165059862662904 0.07351905466222768 0.046301528272613225 0.07190104421061869 0.08617538819597113 0.05536886329482523 0.08544312849070605 0.01090561058942051 0.10417104660547827 0.03176246742467151 0.06829545687205532 0.03566148031842623 0.004920635213105174 0.06092617869899693 0.007270055505357434 0.05872757307485295 0.06911530114352164 0.0959061796214033 0.09429749395799589 0.02509461475332879 0.09134449932807495 0.007913137166099092 0.09085075397299196 0.057541130020994896 0.10432234154103125 0.0521201761481075 0.05697679356973324 0.09917464422724231 0.021831070610492883 0.021531356298286196 0.018584129596079014 0.0336416335563199 0.11768102402221912 0.1009682158838666 0.031771248691633794 0.03174575671509065 0.05529283480646239 0.014943634195660225 0.12096954572849018 0.06237867612783063 0.04308446576563187 0.0851392572363546 0.04549474504233705 0.09289888776572448 0.024127339116702153 0.07588585436803197 0.01607040334625574 0.09338129869585796 0.02977781342304732 0.10628295731403607 0.07429829778826234 0.07724359835977633 0.04165075320738237 0.04271800596425623 0.007048787689584119 0.050007176687471594 0.05519209877062736 0.028730955796744992 0.019263398419135366 0.06454178312324942 0.07083485139407139 0.025349298110057785 0.051210846425359696 0.06266245327527546 0.08536138298502265 0.07345627550913021 0.056820474538444264 0.09233635877413639 0.0795636668911399 0.048793359769418496 0.035844469175492485 0.07014904696169619 0.08854592097140965 0.005596724674565186 0.0957076281994769 0.05559130704666426 0.011957307924053613 0.0943624523487469 0.0517327504646344 0.08186319525545298 0.03196553586013168 0.03427404336703628 0.061274831397761534 0.06659571497844798 0.07728535738876417 0.03994281828572511 0.05328505484847216 0.014886863809731666 0.0856180971448297 0.028664373662104684 0.030394966024103697 0.016889010299472113 0.08355061348650578 0.10443719626461072 0.0880130251335788
 0.015742167695826648 0.07661729477258299 0.09456231927580083 0.07291069351413089 0.0939371229602634 0.09171880597953581 0.04030208113732293 0.09106369045116872 0.03721323384830546 0.09618447846220216 10000.0 0.04650066918838517 0.06282933540698953 0.06787337012478716 0.0467760248597441 0.006481309079282014 0.08020421847444693 0.08319124790424054 0.025368520961471838 0.05191229729326041 0.033645387805326145 0.04402242327656025 0.04350287507618651 0.09685240183964706 0.09482156848159232 0.025514308537763045 0.04116547238258235 0.10187862601330464 0.019744449027474673 0.08770459725238816 0.037586835221377506 0.07117200325084916 0.09600418571052195 0.07511901586451589 0.09939443271635126 0.03751609937472861 0.09565679050499913 0.03748605950495193 0.06672988833312461 0.03338837074542776 0.031397254962400034 0.0870609363954206 0.039427470572065255 0.08838787312613418 0.0827450275867047 0.07927912131594693 0.043208042685035065 0.0502109166146726 0.03979143056958022 0.05151276417045061 0.09761020888525268 0.09105154472748518 0.08026334914375435 0.06533029887254369 0.06716250155798725 0.04634114898775858 0.06441476627147993 0.0673906538102149 0.043481076089928565 0.08789977884924961 0.057113476783253035 0.03529799023862841 0.05312990030909091 0.025589232630512035 0.05228945742937517 0.017591871209545567 0.08014292113174716 0.05626567660635702 0.09626750144770752 0.013718986787706663 0.09426033328363928 0.05901118651166649 0.09900458181588773 0.029375772098958176 0.05969080366614842 0.05472403569065397 0.08918971535244097 0.047623618704454376 0.04237360635897788 0.08404482649252161 0.08698171608816964 0.05862168340626403 0.06230911330028205 0.09600774395096305 0.05942811082328595 0.03386392904378655 0.0715662159604995 0.025312257104319814 0.0741270583060097 0.04756415345414254 0.10273351238473352 0.08401423268629349 0.09853129562871145 0.026233479025570886 0.05974760062950946 0.09187122850231977 0.01587873433754405 0.04278732863544817 0.08867421288810175 0.0471483781436989 0.0790009595822586 0.03421559949426072 0.06611999403987438 0.08837211784765855 0.09115371507541502 0.08963621652917841 0.07320204460895811 0.08385128755371068 0.0861455867144597 0.08469712635516048 0.09630357219006123 0.06790898672311074 0.07204646733137336 0.08846950475347588 0.0502034969923454 0.02402071102911015 0.05357179922594582
 0.057191812198348 0.03782377194005626 0.048107009582410896 0.03570447426004351 0.055595235875471286 0.0695260011136623 0.026324428567715195 0.05162847365303631 0.059041137343726006 0.06980533556419263 0.04650066918838517 10000.0 0.031748799242052414 0.02519991503068443 0.04578163974851821 0.04438086411508002 0.03974257982981458 0.040143153264117395 0.050612385324475685 0.02228902583325137 0.03936368467564231 0.010116087792935383 0.021851861359289456 0.050393934824987136 0.05132264283783019 0.02666999344840153 0.016529425505323422 0.05684792212457239 0.027170240512738673 0.05908973376397204 0.03546289622795198 0.059866733280037956 0.049529692519296425 0.037409756618428824 0.07434835678260575 0.04193920279818357 0.06608796652585573 0.033057144946796235 0.02042811668618676 0.027951452974755455 0.06792906180317666 0.05113865748965297 0.021923070834972757 0.06230824468031423 0.04084537966468855 0.03345031995227666 0.03472849713790559 0.019344817960172712 0.027052553999610124 0.029806090268149853 0.06193952113782564 0.05597094272800927 0.06110170643708712 0.052437362528937395 0.04942695880597674 0.0311628981184968 0.04412860702629251 0.0384277360181354 0.022080754243262436 0.06868990480743682 0.0511723963797162 0.02356237973165074 0.03806024634854724 0.022609007245810882 0.028875105903788847 0.05670762863169502 0.04702990452654674 0.012653697634831559 0.07740014084340643 0.035479333962660384 0.05573152464499273 0.03772086849357124 0.052542829630751645 0.01712556122101133 0.02853244241049614 0.031334827669097495 0.0640725421376055 0.042107139917261054 0.040543010889049644 0.04713998354910586 0.053829871935895064 0.012271120678971799 0.01633239087944033 0.059037114009793855 0.019342407760743002 0.03559421734653841 0.029772069345638866 0.042776880003258765 0.028511623507946525 0.022723987055982872 0.05643944453062693 0.039919383096465706 0.05800760559422813 0.035363815660901333 0.023565348165321093 0.06767977472377286 0.05739266862326522 0.042631280727110664 0.058819564877712074 0.024662066177542914 0.034342383597868315 0.06171170458004187 0.051470864610399854 0.0485812690886936 0.045005308877415585 0.04315654837193559 0.02827947366262492 0.04244871826859008 0.04103572918660327 0.05518065350495866 0.051100631175991326 0.04913635650601308 0.03957513986530576 0.07045344676105621 0.014954526281302196 0.04048284102735014 0.020210963703825153
 0.07740071512731304 0.016229400931124727 0.048345724377364334 0.011904819276744501 0.07694098694366684 0.0987065105195387 0.05758561625381939 0.07239014764574404 0.08682923914282462 0.09747657116106387 0.06282933540698953 0.031748799242052414 10000.0 0.04794689588375751 0.07698486752671581 0.06386245672881301 0.02085363699239035 0.058111074303425124 0.07647619790349286 0.011540087911021351 0.06878960805587662 0.041835025171281515 0.019364474855220113 0.050243729397273514 0.06624263178265576 0.05332818988155806 0.022960475173492177 0.06710615257657673 0.04482627406550769 0.08657276873608241 0.03004253831674848 0.09140124660696439 0.05268711394248344 0.06220899737859089 0.10228560720304261 0.07199341903439734 0.0925569153457306 0.06364460246272079 0.029665107139352154 0.030018070697130004 0.09124890150699859 0.07517139929549341 0.023422451406667082 0.09059548929417695 0.024761644454057995 0.046041155518622895 0.024501791778579696 0.050694796874816185 0.05822296112162479 0.012678039062543138 0.08490712706501435 0.08004100603498669 0.0914813041100947 0.08400886467489889 0.020995961609176498 0.019004710496459378 0.07517524143601569 0.0678247795020388 0.05374737087057399 0.09871714351187154 0.03047651053129338 0.05382525649320761 0.06979390019284035 0.03865749257151731 0.06040888743544695 0.07806702272492434 0.07346399133323632 0.02181604284187969 0.1071575458446893 0.049120928424067435 0.07687311944087392 0.01181581735773372 0.052069142924743024 0.03993556563015887 0.058491665303404654 0.06271930119730224 0.09259808475276549 0.07358385901753094 0.071513099423124 0.07095420268067137 0.07943544313052914 0.03298815144640866 0.026884019841234917 0.08123777251931694 0.04680016948190153 0.06530227014970055 0.017685927653434515 0.06965676895256875 0.043730108655023366 0.015311422446511394 0.05309095637558524 0.05590290910219111 0.07659531054561591 0.06294055705819758 0.008954346251778388 0.0963109872769067 0.07757952991355709 0.07352727844856607 0.08574319100466493 0.015733389106251952 0.05048341715642386 0.08804229615214038 0.08292133165983943 0.06941929749390932 0.05267210529982624 0.04758472668252811 0.025755963013780803 0.062418780009872735 0.05412551841362521 0.08259400623873586 0.0424885323217018 0.08016239479826501 0.06735112742414988 0.10068174027393195 0.0171948757555526 0.04411061461214383 0.011848967802665943
 0.07528387284852457 0.045124769031637396 0.0342978996896825 0.045460896337823894 0.03072328090415611 0.05199479537690271 0.03338016000598955 0.026570209113042222 0.06865064657279746 0.04978850262866605 0.06787337012478716 0.02519991503068443 0.04794689588375751 10000.0 0.04812280325597612 0.06422410927788395 0.04428636362076655 0.015427328430952248 0.06399754540412922 0.04278667620411998 0.048675952024698085 0.023878571089659704 0.045564386586685095 0.03622664934524056 0.02701121961543966 0.04355574176234032 0.041014204148635464 0.034272013585617774 0.050220177305726046 0.03893761893906233 0.06028095017272043 0.05099759708293139 0.03299879868045959 0.0142662364812984 0.05466066812808162 0.049178770115639404 0.044625812016737584 0.040695147153350375 0.019433005585522564 0.053082772373679726 0.0824780730384215 0.027463671896622535 0.04652785568021052 0.043324934900454075 0.042858049821071574 0.01478268051727624 0.05877242285989322 0.019902038741726906 0.03428845284391173 0.05132713706886557 0.037774491118914205 0.032377125613276846 0.04681596784127442 0.04460080983165033 0.06855996579462996 0.05438128472924117 0.033946739419318514 0.023305270318766478 0.02798446128672194 0.053090847303743985 0.07377374404873235 0.03530854964939632 0.03499806784042603 0.04683448274547398 0.025649557439011456 0.07395717053095474 0.025665261718216044 0.026924571714241022 0.06091193029313543 0.05893970299833918 0.03080733508620655 0.05752085708976993 0.03806491343448663 0.03988557346107015 0.01767476032852179 0.026020795897987902 0.04545410436475551 0.04341988017698307 0.044959697370032886 0.023261003294221285 0.031488948537501574 0.0157062692445691 0.021112346002269584 0.03449681816286971 0.00875510874727935 0.04506922887856851 0.035863756001647776 0.05593670964279069 0.010447854797924733 0.0451577321712877 0.04326204074120833 0.016207227042680895 0.03280818233626495 0.048900815343396846 0.0391056014738812 0.04917150914880557 0.07548377276462029 0.046947561160933494 0.03792654833766449 0.04732295710912101 0.011830641791869467 0.07326684129812622 0.04273844065489078 0.023499740665255352 0.026160655118754265 0.0275665746309243 0.02837619178079688 0.0172505712574674 0.01905362919319968 0.03499438211591159 0.0434592089783171 0.038222557823928846 0.020643127349242316 0.055333017223736326 0.035765715593086306 0.06551709115391281 0.039464924811395026
 0.043193477188639036 0.08320643001426295 0.08237838444772948 0.08139816036025647 0.06065875554831298 0.046690615595442936 0.019468495495437513 0.05966834046476467 0.023746448728990507 0.052727195147544904 0.0467760248597441 0.04578163974851821 0.07698486752671581 0.04812280325597612 10000.0 0.040373474314682654 0.08451919778957397 0.05904180932853203 0.0261799334960746 0.06627952363697347 0.013260960282531022 0.035817248883967895 0.061980517160382824 0.08434019979866686 0.06912992762771976 0.028214952258472155 0.056331613773389466 0.07873821386049183 0.043334372769959655 0.04661191439884582 0.06814814550800172 0.024495275536610926 0.08103571711069914 0.04574946083740509 0.05503697108066449 0.009260009027228547 0.054174036400681545 0.013806994772171496 0.0606835984645885 0.05992596880852408 0.04202008393646272 0.05240720745786104 0.05948759781519115 0.04557277739679869 0.08482299550063997 0.06290539552254108 0.07101694924251148 0.030250244694115077 0.01878255201410619 0.07179439930972971 0.06086740096603326 0.054772862699487584 0.03499806400470473 0.019456775798890682 0.09191064484549348 0.07028332902765753 0.023057967790999934 0.03208923793802513 0.02405295271079431 0.04209043295299161 0.08869945040800442 0.02344721670052998 0.014088318703228792 0.04633506046754084 0.022473477268340005 0.04039426714060145 0.04431707191837229 0.0580163166656633 0.05002023639251107 0.048735628845114225 0.061149389247632954 0.08053788886585549 0.08618771562515594 0.04021463870282906 0.031055517055388084 0.02241569740404179 0.04574116354566963 0.0047332665926748 0.005742795998208378 0.05113803304946073 0.04964505959389958 0.05111321998961603 0.05863661853639085 0.060838675000492635 0.04071098725885014 0.014407100280978389 0.07452403337472124 0.021847722818993436 0.05834547178766295 0.06477309201957057 0.09136314612218578 0.061736494434079164 0.06730285225144056 0.02139056044914325 0.06925556472439783 0.04769331772347512 0.04333582915155152 0.00426421891667196 0.04832612765894281 0.0660168014655278 0.05925376623573048 0.029993043565479414 0.020830593081594163 0.05799175678212165 0.07392810246293256 0.07568684533753964 0.0705339326201188 0.056809891606977796 0.06589136272041958 0.04476764726829922 0.09041358785982156 0.02440809868770859 0.03816148051398204 0.04231408298130813 0.05979022898785759 0.06216028644865638 0.06514695231934885
 0.01358260963154009 0.07679973876759179 0.09242640061785039 0.07329990277289793 0.08920602662945039 0.0856321171524486 0.0350244918299651 0.08651689026657386 0.03129297395397646 0.09030581931056701 0.006481309079282014 0.04438086411508002 0.06386245672881301 0.06422410927788395 0.040373474314682654 10000.0 0.0801208810028752 0.07936938883526574 0.019262468591958168 0.05259644407124109 0.027310649350021195 0.04061744958739213 0.044531218358182204 0.09470692738385435 0.09098625750678593 0.020918554285624755 0.041413439457327214 0.09843827139729863 0.019237352151987675 0.08205875543124938 0.040804603251044146 0.0648097537520902 0.09352465364574931 0.07056442998020031 0.09341178260146998 0.031117839548273213 0.09000889748448167 0.031586012563018837 0.06480156623510287 0.03547600760813496 0.027985042039518456 0.0821069271241882 0.040525008944535396 0.08255510845583101 0.08238277600273418 0.07632621583565449 0.04607475573790772 0.045807768499794024 0.034440184712561016 0.053241684997354 0.0925153178636142 0.08595718943500359 0.07411968801242506 0.059073828710413424 0.07009503290195432 0.04856173156805238 0.05854562230009498 0.06209607115592525 0.03865475063884411 0.08169999851431085 0.061079954688560964 0.030408589704657905 0.047221459646904905 0.025440737618733677 0.04703851001356922 0.014309985034039767 0.07498629689287145 0.055070669411372675 0.09000720991043591 0.015992211174724356 0.08955142660404827 0.06120003278362188 0.09684909438105965 0.027482229893493304 0.0548293962002781 0.049361252268056 0.08328796268997672 0.04136320513062994 0.03608933404470091 0.07924632431072498 0.08173603946541602 0.0561892722685796 0.060560634020296815 0.09107995870333094 0.0556117318785997 0.027751602252866832 0.07107908884150843 0.018833962329193498 0.07112926925201407 0.04856229098117088 0.1008195916494096 0.08042885173706427 0.09408095266093745 0.020172125614622134 0.05991758908717737 0.08589184347964055 0.013768058732466925 0.03642731394153988 0.0831155684545673 0.04843532291414887 0.07562543401957862 0.02888865464411021 0.059925763263154026 0.08390866168414461 0.08831119056688456 0.08719005945508569 0.07193712457564438 0.07970463049360957 0.08284256254462911 0.07915606183698505 0.09504428217691616 0.0618903237072114 0.06697062188052018 0.08221790763716279 0.049981657444884066 0.02844093248950524 0.0538451316827758
