NAME :TPP_input_27_3_1
NUM_VERTICES
79
NUM_CLUSTERS
27
Full Matrix
 10000.0 0.034720164684990514 0.10633319191360117 0.07975432762624242 0.04212305547064191 0.10165127508940866 0.0741659893505128 0.100561529577038 0.06593655596729596 0.06154651987699196 0.033759941506259515 0.012130100198364944 0.07238826305869162 0.03808994906379131 0.07368981782109162 0.028294456435759053 0.07149009610179266 0.037027544494329184 0.08014424821770277 0.050234457715183436 0.08159644687833736 0.08073586265557635 0.07101074080113724 0.03764160135820868 0.07401128271996903 0.030280776542741323 0.07495298186002537 0.04609033232722996 0.043486504623314326 0.027622042320405178 0.06099394992021829 0.038685408915272494 0.03178500638361718 0.06767034928827677 0.1063995072027206 0.017857070206557486 0.056603938726206525 0.07053297825099453 0.05676899223794764 0.0478617776160055 0.0471676681704091 0.04279032285862045 0.09438457468411941 0.05533866137866608 0.07351113483322384 0.05129544462666684 0.022754997935114107 0.02517018974633538 0.07352931979043627 0.005734565688330103 0.05211225949881748 0.08882436912103735 0.10879749721581732 0.07297997553979625 0.0650682110898415 0.02482975040141975 0.0592920410376096 0.005741071024175288 0.07143851844121077 0.062178012765753375 0.004880866239743034 0.08663150667605268 0.025371168769249493 0.019123141798609782 0.025622216663316055 0.04596133404286148 0.04166023035684352 0.05334503367256548 0.06614660209467939 0.035529915371451434 0.07342068299616708 0.024008693419606125 0.09207307145349561 0.012001989375066824 0.015510068970521203 0.01957561080154761 0.08220166814074681 0.011151212723490117 0.03312094231373431
 0.034720164684990514 10000.0 0.08558500103165703 0.049878097325627924 0.03833650310519675 0.08425422996195595 0.039612411725150794 0.08067306855881448 0.033870488618562886 0.07640786644555415 0.024903168383760645 0.0386425340193469 0.03871028370274154 0.0037211063017383774 0.03926851616626753 0.016736711010956015 0.045882377787133756 0.01711140815832821 0.04660943177265775 0.021622981414843877 0.047725820006678604 0.06996450923490106 0.0363108525058576 0.011780987689698775 0.04288946653505657 0.02085842117653449 0.04031312134884966 0.05382781975537824 0.019931360013033455 0.01389239915892602 0.027401737311286794 0.014589776092638892 0.01176282660567365 0.03307402710013178 0.08168322937077803 0.03895579914471371 0.06322417199367991 0.06931481174220211 0.02438507298173134 0.021943893770991957 0.03354966133666049 0.04324424097727451 0.08026863813721369 0.0393009033500296 0.061757487197563875 0.06400964481098288 0.018263208682585963 0.045190708898443455 0.07833660082461222 0.04037365201523242 0.05936563869319929 0.07382645789025462 0.08841565676170299 0.04297971733305645 0.0678417409782251 0.042752988499742295 0.05658279628500209 0.0289890367863923 0.08013597939209938 0.07123527103120249 0.029913307517661053 0.07298644204679894 0.036862428864393726 0.017465074005860122 0.01794490097607886 0.017936645597199475 0.030167167247923586 0.024137050434834773 0.06336429327049115 0.030899217253802264 0.04005932979565934 0.040770913484069936 0.057706967325112206 0.028307751748868206 0.02893209632726709 0.04611258406364636 0.059904082856419794 0.024186467068924244 0.031925887816051435
 0.10633319191360117 0.08558500103165703 10000.0 0.04388353054245708 0.06612269529796465 0.011278996104718105 0.07037421706641847 0.006100923747142286 0.0942860412999192 0.08821182348566937 0.07263009930147389 0.099731647520759 0.08857018767738584 0.08259480109775465 0.06864780026316283 0.07967178840086529 0.040343293330988586 0.10168047282189244 0.060005253977290986 0.06415629172307397 0.062241575479515365 0.03448731514140026 0.07402929276476845 0.07486016713160458 0.05116799849442407 0.07654183297911504 0.07193567054863491 0.07476166892970477 0.06663138353248398 0.09915366059834056 0.06700094756956196 0.07243016653982162 0.0788814796868007 0.07203660993247814 0.014421195229409175 0.11963885873629872 0.07144606347289553 0.05546703014162799 0.06541789131488082 0.10079850794288044 0.05916562687172023 0.06835149214695747 0.021984697034046888 0.05099886808133523 0.03724524693405992 0.08219571251769364 0.10233862143561281 0.12712559482678587 0.06790169283154207 0.10966090265358965 0.07300184888783921 0.02257372750779103 0.0029603250440167657 0.04836930992388332 0.06374050497380276 0.12527384386735912 0.05668437909256411 0.10215911529550416 0.07644667849577014 0.07595308404292488 0.10243003186102777 0.026290935865503573 0.08489644896621584 0.09909872889925463 0.08190050712741173 0.0967926745574022 0.06467297693539602 0.062093102313271614 0.0538699126280896 0.07117807542302695 0.060772350591217675 0.1234905222341769 0.08766973672670872 0.09435644171091573 0.09110960136753303 0.10062705790543923 0.025683811981584044 0.09678412684755723 0.07404668960519183
 0.07975432762624242 0.049878097325627924 0.04388353054245708 10000.0 0.05156225950856634 0.048098888601144765 0.026528415029928285 0.04126723684945914 0.050690227041517114 0.08993854858955204 0.04911461505349965 0.07773711612272388 0.04468713303247664 0.046264123877542605 0.02478005245653109 0.05162873109667594 0.013874071923159337 0.06327694191642334 0.01692300702675217 0.029673870407027427 0.019538501730987416 0.04985195732105946 0.030156941794832495 0.04242172628238486 0.0078389980608182 0.05073241803886686 0.02813308033573485 0.0683258935295334 0.03640952616379853 0.06363175624744415 0.025164482368193086 0.04109210548786595 0.048083377204827964 0.028379527005069027 0.034930216555753325 0.08832629318165511 0.0715163611926532 0.06426677440505146 0.025825178558534622 0.059862049510477924 0.03998004101865102 0.056838168593631506 0.050611754154417245 0.03467721263373497 0.04430147775525997 0.07928099998314192 0.06811954598598467 0.09493682854585503 0.07815014892376798 0.08457354370490897 0.07031684536709504 0.04487110669398847 0.04681343961116237 0.006925103349918886 0.0690155503108518 0.09257133266569458 0.05629659228748028 0.07440134330705553 0.08460089487484429 0.07922393947755936 0.07503315018159579 0.04670084020482039 0.06649048198482863 0.06652997269176139 0.054377637881042516 0.056298862768212346 0.04393790510576678 0.026623508470816074 0.05900026472030634 0.051480482291803915 0.0168978593024259 0.09060314755385511 0.04601163757238791 0.06910022655566497 0.06711597608965976 0.08205159502760938 0.023319191375416805 0.06871832157442656 0.054825221721199593
 0.04212305547064191 0.03833650310519675 0.06612269529796465 0.05156225950856634 10000.0 0.06020540759875983 0.060620990076546394 0.06011950669420669 0.06823999809719039 0.04169465228364345 0.013572101481037978 0.033862451061116516 0.06958108033747817 0.03808918094791646 0.05921452083383315 0.022767666320790927 0.03893717710011144 0.05424413790496336 0.06033746558184464 0.03113332015799662 0.06281392762974113 0.038620991438183025 0.06003335613173302 0.028088558757592575 0.0493245402425711 0.01818613052805095 0.06218319158260665 0.018246202983290372 0.02383658628431276 0.046683364681856035 0.04624050895680465 0.025734469187812307 0.026621936267801388 0.055924297752226605 0.0688840957635853 0.05811475834599015 0.025665683870142772 0.0316771284099659 0.04051651502497203 0.06025342992967906 0.011725041365930578 0.005938231585348966 0.052364195707554795 0.017720570879260412 0.03145555145567665 0.029626234501929426 0.04693536996079841 0.06587004346313856 0.04001306150421405 0.04447249948855003 0.022455101552353435 0.04702241896978251 0.06832875368348752 0.046445070656096175 0.02950613490875013 0.06469899058498692 0.019032460165606932 0.0391879939829055 0.042373839740083685 0.0340018386686841 0.03914013331878354 0.044631480503973704 0.018780749122550476 0.04198637828563366 0.023245892106994966 0.056146647815738436 0.009865348042643345 0.03311233839833365 0.026121845988497913 0.008011291855827777 0.05439549702944076 0.06327390301500484 0.0837933014998875 0.030377384396159085 0.026654878873658406 0.03459977995689289 0.04451061014489875 0.03481709430901858 0.009189195630059465
 0.10165127508940866 0.08425422996195595 0.011278996104718105 0.048098888601144765 0.06020540759875983 10000.0 0.07440682801980998 0.008121179431739033 0.0969688839876292 0.0783623604299167 0.06843209553039722 0.09406782269597011 0.09214840637110386 0.08158793963581164 0.07260367009160745 0.07627828718167544 0.04130121433781339 0.10093373388734024 0.06490818473069637 0.06351516322955644 0.06738478603976694 0.025001850021050504 0.07761306404774031 0.07295060074477867 0.054594500361635385 0.0727113148047788 0.07607968009893097 0.06665686931201195 0.06459343452871115 0.09735748431477623 0.06885643191489055 0.07033306827003503 0.07629386319575651 0.07512369032553334 0.024782865009908624 0.11602434763398335 0.06229615274903226 0.04555449618650978 0.06637713789346211 0.1012758016056176 0.054924101148186424 0.06160996576834598 0.011103053812518235 0.04700738229943982 0.029454959976915298 0.0731998710946428 0.10001559685503401 0.12366051840813498 0.05738444252535851 0.10451470790505057 0.06427251610000337 0.013613608147745737 0.011318629924742172 0.05130040326612025 0.05403222091433544 0.12200250904828655 0.0483811947908641 0.09789847357680499 0.06599999596655655 0.06615818718262098 0.0980643459826013 0.016913442528899918 0.07888071889141846 0.09632324833940564 0.07826499159326293 0.09711115362804912 0.060329275582181825 0.061902107374779886 0.04468198740715783 0.06613229587252714 0.06455313694815502 0.12030780612784914 0.09355295784762327 0.08965892581589052 0.08619865607073565 0.0941520818033614 0.02623035198770775 0.09275750742040978 0.06872156486195213
 0.0741659893505128 0.039612411725150794 0.07037421706641847 0.026528415029928285 0.060620990076546394 0.07440682801980998 10000.0 0.06776457486613052 0.025514549746151076 0.10221897646147012 0.0521775674945072 0.07629250737675329 0.01833707284050132 0.0361069973233199 0.001844432419743733 0.04980416542154431 0.03518056282758152 0.046756588527075794 0.011453114914885567 0.02976937025475995 0.010593457985140015 0.07247672330735815 0.004651284506914682 0.03874841595518172 0.019896007250902483 0.051291750868199815 0.001797203291961595 0.07886405928423636 0.03786482409050618 0.05090660418201947 0.014720586799642239 0.03923479371362915 0.044393970099312646 0.006556010629780304 0.06049876217475125 0.07742262539843005 0.08502695946815511 0.08262216236921897 0.02037424279322217 0.03977026807226873 0.049594252897901696 0.06655167354508719 0.07588654874485552 0.048442573578596736 0.06554713794604927 0.0902471957730891 0.05632182368113876 0.0826561947497785 0.09548858512160426 0.07973064967904804 0.0825924277761395 0.06974743686836365 0.0732917966314237 0.023470211198661595 0.08528507373419596 0.07995447763209504 0.07207348073643266 0.0684258986654113 0.1004355487737508 0.09334691091617559 0.06930635299195065 0.07097346620132328 0.06957869849627202 0.05683017585180766 0.05234425585563052 0.037376886501513516 0.0509343732762688 0.027521882088280755 0.07668446890075133 0.05693481426541799 0.00988862884650552 0.07794849479415096 0.02350318335022092 0.06618737087577403 0.06563540133808157 0.08269699500928018 0.04876633175731281 0.06328989005567448 0.05976708791168507
 0.100561529577038 0.08067306855881448 0.006100923747142286 0.04126723684945914 0.06011950669420669 0.008121179431739033 0.06776457486613052 10000.0 0.0910283877891986 0.0823963028446274 0.06691578171212124 0.0937897077333088 0.08575556695698064 0.07778595239992166 0.06599142222617708 0.07415245406527918 0.03608987708118606 0.09699539119964999 0.05786383743254907 0.059424289943339294 0.06025180213204128 0.02870985607505249 0.07118721671920329 0.06974070385611308 0.04816068385549252 0.07091399814456438 0.06939152714329472 0.06867201763520474 0.06145095347122862 0.09411378127555932 0.06328958348029207 0.06724806556614929 0.0735723560784194 0.06893245306652387 0.017028781753107354 0.11411170502855328 0.06547343248468672 0.0497277712293581 0.061309436340855075 0.09657435673992412 0.05341285373048104 0.062277028512107 0.017235586770425707 0.0452703618200115 0.031168333041066427 0.07618794028469929 0.0971425244460967 0.1216408613968715 0.06242182836710191 0.1038065805815189 0.06696425163664083 0.016823939382792252 0.008245907522106395 0.0450901985576758 0.057913290295012985 0.11983722129329417 0.05061757806508397 0.09646965635828378 0.07090786015099806 0.07013359556439781 0.09671871947572301 0.020581826083580185 0.07889891723267864 0.09376960547306336 0.07632666627047285 0.09249915877406778 0.05891340390402659 0.057517089005104494 0.04793181099238444 0.06530350394244054 0.057995862704373215 0.11807567247491861 0.0861917295489999 0.08857154423003838 0.08528213408504555 0.09458905516411685 0.021045704420789485 0.09114024535502532 0.06813187539158715
 0.06593655596729596 0.033870488618562886 0.0942860412999192 0.050690227041517114 0.06823999809719039 0.0969688839876292 0.025514549746151076 0.0910283877891986 10000.0 0.10883041532991154 0.05617117770410673 0.07197829956935745 0.009318699240760397 0.032074964708003986 0.02686938068476746 0.04979233514559814 0.05586827747481328 0.03057529268602304 0.03696706623424153 0.03937612532027574 0.03590891089235907 0.09054124289160449 0.021071316715874488 0.04058294251484074 0.043146972809141156 0.05319191589861429 0.02449646271841102 0.0855596071533715 0.04478142046030463 0.03861377631189768 0.02841234315910796 0.04262981049267996 0.044123123302092386 0.022311749642079354 0.08543674724536404 0.06335083159290628 0.09390531446441296 0.09611029369861217 0.032238331125550725 0.020155754077446183 0.05969332182144267 0.0738863221660739 0.0967129815789649 0.06192143497633967 0.08276569563151323 0.096387618096503 0.04401394145547596 0.0667489849051108 0.10729522362227825 0.07164787972783439 0.09053508500521196 0.09026455226816162 0.09724042564736449 0.0459635361422401 0.09667756131102752 0.06390492984839131 0.08404672354701599 0.0605325297573169 0.11054381400171975 0.10222535772451997 0.061549667654927184 0.09077306808143631 0.0704956379103188 0.04682603898052076 0.05148205807953134 0.02040995597092934 0.05861878269946867 0.039071674508630264 0.089960148694792 0.06206349527891195 0.03396804768284741 0.06201744336310222 0.02903982528227377 0.061759464031993075 0.06272422764196897 0.07974035161182204 0.0707558064870678 0.05674660535471164 0.0639208435856601
 0.06154651987699196 0.07640786644555415 0.08821182348566937 0.08993854858955204 0.04169465228364345 0.0783623604299167 0.10221897646147012 0.0823963028446274 0.10883041532991154 10000.0 0.05266545003073904 0.049423785978619204 0.11094847273504797 0.0772346671333583 0.10076549147342742 0.05968097630668703 0.07619833525645149 0.08950977285786234 0.10108053988901555 0.07282769219612424 0.1036846714366765 0.053724532068866966 0.10172624564347445 0.06825730835020702 0.08931410311297645 0.055819491954142354 0.10380951237624629 0.023521853442317928 0.06536448599030059 0.0802132608712958 0.08792591437806868 0.06634315568382212 0.0650421447918609 0.09761778089666141 0.09657837435695256 0.07914495270633663 0.01854591770387209 0.03281392348100681 0.08220629232552558 0.09780648233865126 0.05268941803714174 0.035760816719748074 0.06743593626785407 0.05561815715567931 0.052433568205670404 0.012447548098195161 0.07809785943174508 0.08583063796366142 0.02296180044069221 0.05965417269658497 0.019812495434897767 0.0656383440184895 0.0892943095809367 0.0859941933374252 0.0244834754484181 0.08601462552644698 0.0344440577925821 0.06263519145070919 0.015297668938607843 0.012262737989600639 0.06192063197658829 0.061928727085062904 0.040780173148250595 0.07275168991739221 0.05861330561859849 0.0941312058270888 0.05153045455847562 0.07476251568491209 0.03476301708542227 0.046841948231918645 0.09550723629083291 0.08541571483103719 0.12547249287097292 0.055075196433867685 0.05194496343597309 0.04258341421291397 0.07553039596077825 0.061688630558473484 0.04492113241542431
 0.033759941506259515 0.024903168383760645 0.07263009930147389 0.04911461505349965 0.013572101481037978 0.06843209553039722 0.0521775674945072 0.06691578171212124 0.05617117770410673 0.05266545003073904 10000.0 0.028994311500215583 0.05853914458211307 0.024986239996133496 0.0510263716859555 0.009340042499209899 0.038815658659884074 0.04067690969206983 0.054194051795556426 0.022692037009668632 0.0563473178569556 0.04946792176792311 0.05075282260044431 0.015591909839035625 0.04494992018995714 0.004822363460884377 0.05354915758447767 0.029440201575356033 0.014428236385999441 0.033320107954733516 0.03745700523204606 0.013791885124239723 0.013142169908335857 0.04669314883799333 0.07282947463046871 0.04764620354581838 0.03840716516713778 0.045113743102141696 0.03185625057172427 0.04684706073859663 0.013534935682786006 0.018352196876287117 0.06202186012272758 0.021645421499946558 0.04160880005637137 0.04022907838062005 0.03403309655295413 0.05533207242958129 0.05346888021912274 0.03748970863240798 0.03468727623708464 0.056083922017262394 0.07513524180066329 0.04290662232436873 0.04302721900473267 0.05381110442532686 0.03238222916571481 0.02955932587912553 0.05530414241240534 0.04653032668189349 0.029804126161675784 0.054303653047190086 0.017844714576010445 0.029377492355890263 0.010375581844576967 0.042805383473247416 0.008107998605218398 0.02544655476644708 0.03939088587007114 0.006032545469356062 0.04769535764144527 0.052205481983826886 0.07447267479515288 0.021868298594229542 0.018965228376617318 0.03294883110205817 0.048502643576936955 0.024326497442476214 0.007866721778937387
 0.012130100198364944 0.0386425340193469 0.099731647520759 0.07773711612272388 0.033862451061116516 0.09406782269597011 0.07629250737675329 0.0937897077333088 0.07197829956935745 0.049423785978619204 0.028994311500215583 10000.0 0.07734761483947312 0.04138318514756719 0.07553869514518756 0.026925381229883683 0.06780891907580162 0.045368709576100126 0.08068921761840282 0.04934171544910708 0.08248231073511246 0.07185446543934965 0.07372699643307719 0.03779145752012863 0.07290717571691295 0.027023658908185786 0.07732344935011293 0.03470320674935978 0.04158550748833289 0.035548188162797215 0.06216987281974228 0.03795965442136844 0.03196489526684547 0.07003253306527867 0.10127572205535611 0.02989217102413159 0.04504108283152821 0.05985888411148222 0.057245773962451924 0.055638605143663866 0.041287789258507596 0.03323867097693077 0.08601959659664196 0.04934010924214346 0.06513666439587751 0.03923619441648564 0.03170168301330386 0.03697041436135286 0.06188914388439309 0.01150646440127494 0.040583036883282034 0.0808424180136968 0.10202513382636544 0.07127632150554113 0.053854734741507065 0.03684067283004591 0.0493270699961094 0.01399768181734985 0.05946150691491244 0.05025728282623153 0.013102427889203998 0.07833336902945771 0.015379897380259081 0.026917623866206348 0.024217595798205413 0.053038310355803545 0.03593810847309993 0.05241402528038934 0.055914220103012155 0.028748672193528488 0.07396554872266224 0.03610174555093917 0.09614224148161844 0.01034047554709418 0.010826981555516549 0.008302251569911804 0.0767859300977961 0.015557029866338775 0.025719820323745902
 0.07238826305869162 0.03871028370274154 0.08857018767738584 0.04468713303247664 0.06958108033747817 0.09214840637110386 0.01833707284050132 0.08575556695698064 0.009318699240760397 0.11094847273504797 0.05853914458211307 0.07734761483947312 10000.0 0.03621086992309247 0.019979847727474867 0.05334932157144854 0.05178451876794653 0.038581583326229685 0.029546163441677077 0.03909944549520856 0.028074951923012025 0.08799387546574419 0.014568635177162111 0.04315138322014686 0.03760409587010832 0.056200003224739 0.016957446590145094 0.08745947885990077 0.04574636580906302 0.04573563480708661 0.02564389170885637 0.04474793506076283 0.04757389035801972 0.01722154565560591 0.07883246157851767 0.07132113962280501 0.09509409057745341 0.09554614758462446 0.030596127576031324 0.028773432579936205 0.059966195504224384 0.07541646904326728 0.09285940018537835 0.060962865641323104 0.08053948671497754 0.09858350316027197 0.05126772181103795 0.07515933569766044 0.10747031951455363 0.07812279669774122 0.09203606257046412 0.08654344271134953 0.0915004841651771 0.04085456928031449 0.09694190130927628 0.07232775248607042 0.08397688459121358 0.06681401601670882 0.11139059589575609 0.1034780955479551 0.06780619833440268 0.0874114984931248 0.07418212460552154 0.05347726506352967 0.05537186706541023 0.028253884265450648 0.05974585130704011 0.038067564744726896 0.08943351669790926 0.06417093842904878 0.027803128679312335 0.0704020423249392 0.020392668406157593 0.06701669106492045 0.06752292682432792 0.08478156450713509 0.06616146024432472 0.06256416434355201 0.06640333216405876
 0.03808994906379131 0.0037211063017383774 0.08259480109775465 0.046264123877542605 0.03808918094791646 0.08158793963581164 0.0361069973233199 0.07778595239992166 0.032074964708003986 0.0772346671333583 0.024986239996133496 0.04138318514756719 0.03621086992309247 10000.0 0.0357072237845198 0.017749653253542982 0.04267371510050919 0.019367584982050805 0.04291484854345375 0.018461625545901087 0.04406231572275824 0.06810543217308235 0.03293557020798526 0.010338142195160164 0.039216986724124575 0.021416785905105127 0.03686464609803473 0.0543167866664985 0.017860042116577827 0.017390166255303617 0.023693000219920293 0.01308108882467779 0.012196225530488483 0.029590995383718892 0.0783632797413459 0.04267647404255313 0.06337975976191529 0.06851293664837958 0.02069197061965787 0.022450184312785237 0.03223114590239915 0.04328190268029573 0.0779580427662367 0.03740802456845373 0.05989658311229144 0.06479582477749476 0.021937358496064794 0.048884569308231894 0.07806616515995816 0.04369861615349057 0.05966826136415092 0.07147617948278165 0.08544709017493238 0.039379697887182104 0.06749913687324233 0.046430660379530496 0.05584719914603235 0.03234924185116865 0.08026132266757026 0.07151615608330571 0.03324819506178953 0.07078634849290559 0.03842598917076958 0.02116265478275523 0.019418611244783543 0.018212983023904405 0.029365375419045336 0.020808484341147175 0.062485832101473356 0.031017061960070758 0.03635050313402248 0.04444424873552608 0.05476984949790013 0.031050936030101325 0.03133141620671873 0.04862018553371427 0.056914530360806424 0.027363137084743118 0.03241204293209861
 0.07368981782109162 0.03926851616626753 0.06864780026316283 0.02478005245653109 0.05921452083383315 0.07260367009160745 0.001844432419743733 0.06599142222617708 0.02686938068476746 0.10076549147342742 0.0510263716859555 0.07553869514518756 0.019979847727474867 0.0357072237845198 10000.0 0.0489294445426377 0.03333801401628142 0.04707265470548296 0.010192410307338815 0.028504124886940218 0.00972301162412767 0.07064869528662313 0.005804550245395803 0.03787974953902563 0.018068925632330212 0.05027917035760711 0.003628607848417734 0.07744896908733041 0.036662138850457056 0.05088453202216639 0.013621832106756335 0.03825105479153526 0.04359393893263536 0.006551755315571153 0.058901749499322795 0.0773690977502476 0.0834933485524076 0.08090544860755622 0.019172881886223677 0.04043929385081713 0.04810609006836904 0.06513847406402519 0.07404583755193174 0.04679327292886867 0.06373891094338219 0.08883614145901235 0.05625197282876014 0.08273324904100779 0.09381909546296921 0.07922085704496219 0.08110728950235037 0.06790394628313798 0.07156988354004061 0.021629782754816047 0.08364305102630054 0.08005257712155903 0.07042819800582892 0.0679541993459945 0.09882766328771761 0.091800405337012 0.06882035932021276 0.06912937791740788 0.06851997595022888 0.05658625940219421 0.051503443917152246 0.037886430118434206 0.04957179909876653 0.026159126791572437 0.0749820829572683 0.05568568018867818 0.008063606612981845 0.07804390629848108 0.02514079253869073 0.06548906736407395 0.06483917159340366 0.0818310154669998 0.04693510834129345 0.0627534313869454 0.05856026419459764
 0.028294456435759053 0.016736711010956015 0.07967178840086529 0.05162873109667594 0.022767666320790927 0.07627828718167544 0.04980416542154431 0.07415245406527918 0.04979233514559814 0.05968097630668703 0.009340042499209899 0.026925381229883683 0.05334932157144854 0.017749653253542982 0.0489294445426377 10000.0 0.0432794400964538 0.03157220040304172 0.05376606034466134 0.02252652382738784 0.05558421787235561 0.0583863973851681 0.047615925852584125 0.011055839569072115 0.046279026310537326 0.004582206101373878 0.05095302546892534 0.03715488766705922 0.015237041484135273 0.023982769143042232 0.03541584296784385 0.01103909159420694 0.005776056029078052 0.043748081022220636 0.0785834017662222 0.03996791916807753 0.046768957123080164 0.05440671940243588 0.030353066203201766 0.03844483451135433 0.021661971058141622 0.027062440738321626 0.07047560389386127 0.02928614953322042 0.05039930073414697 0.04727529847366757 0.02482546512019816 0.0474927645810265 0.06234703709496088 0.03295178665454361 0.04279591484717953 0.06436954370340234 0.08229288393305395 0.04494752489421051 0.05202233192468543 0.045745611295246104 0.04169279214654007 0.023242497998337636 0.06366760336023325 0.054657151265362164 0.0237420510648541 0.06282143598122263 0.020839947808613094 0.020389584127204187 0.0027650664171391896 0.034587075144385214 0.016733406785692823 0.025629520365635483 0.048718722272715724 0.014862901310748421 0.047046542423547805 0.044032748485513154 0.07078715242895137 0.017542239099961082 0.016101668588780416 0.03290166162990179 0.05475663597268072 0.017586475542163107 0.015352559474386006
 0.07149009610179266 0.045882377787133756 0.040343293330988586 0.013874071923159337 0.03893717710011144 0.04130121433781339 0.03518056282758152 0.03608987708118606 0.05586827747481328 0.07619833525645149 0.038815658659884074 0.06780891907580162 0.05178451876794653 0.04267371510050919 0.03333801401628142 0.0432794400964538 10000.0 0.061490871313748745 0.028432061732645942 0.024259455221616537 0.031235954058097103 0.037558395119010476 0.03757433331728889 0.036073611521222286 0.015966969212949555 0.04138258087698772 0.036964371344655175 0.054975024581614254 0.028481548103932844 0.059699636325197335 0.027585848347057528 0.03403387973213603 0.04098355416822913 0.03456420928509227 0.03594151524231993 0.08227893758270106 0.057730332897914946 0.05056986045938611 0.025223844786350827 0.06050992553794053 0.027795525044605324 0.0438717863045171 0.04107765598374529 0.021458872788163618 0.031226214430749303 0.06575495431979388 0.06341223277330772 0.08939831704012353 0.06437372065034609 0.07582452283545613 0.056669701725788876 0.034768671623805626 0.04326291823097824 0.012108784341759932 0.05515131994600109 0.08727801011487123 0.04242781747401573 0.0665215228363768 0.07073796440221142 0.06537738911094525 0.06701409675437377 0.03581457751376083 0.05525409706442424 0.06083939383884205 0.045890249255630816 0.05646911831455465 0.032446378090304144 0.021917448909404797 0.045199801343709926 0.04006912480893589 0.02550119921512637 0.08538964137983163 0.05725214280441747 0.060107389598779794 0.05761191463651959 0.07121722622900828 0.015139527399382667 0.060855576541202924 0.04342098402537183
 0.037027544494329184 0.01711140815832821 0.10168047282189244 0.06327694191642334 0.05424413790496336 0.10093373388734024 0.046756588527075794 0.09699539119964999 0.03057529268602304 0.08950977285786234 0.04067690969206983 0.045368709576100126 0.038581583326229685 0.019367584982050805 0.04707265470548296 0.03157220040304172 0.061490871313748745 10000.0 0.056242854847697386 0.03757110485210956 0.056604590493146555 0.08707282611030628 0.042464613346672696 0.02889121126558629 0.055701113089675895 0.03611764965469958 0.04682060576344575 0.068115319904789 0.036994356350529146 0.009829644215727615 0.03855397934103273 0.03169763438664903 0.027908872146496566 0.04053144486920868 0.09672304973196034 0.03280041888237837 0.07810241028135206 0.08570897512651368 0.037583891886998136 0.010983623374187585 0.050528633512873386 0.05861983880541828 0.09727736152348003 0.056411985765291536 0.07886683409650025 0.07739339506566283 0.014282706706960325 0.03669320252566927 0.09390582648535238 0.04254601731992089 0.0739814201127466 0.0908099130725614 0.10455843958734211 0.05663552657215914 0.08359381048737298 0.033885221692480774 0.07295494234103296 0.03220908231350103 0.09492896176586893 0.08576438742328386 0.03323779171064884 0.09004686630261079 0.048779472927889894 0.018473572962080506 0.03170965655438163 0.010327942277151956 0.0468214060490447 0.039602522864370736 0.07986935787693752 0.046422709120590384 0.0504273690219238 0.03192675375713839 0.05897328462331482 0.036102741137236376 0.03834108532661119 0.053621827865064205 0.07603910554269383 0.029892518156423846 0.04677385146452111
 0.08014424821770277 0.04660943177265775 0.060005253977290986 0.01692300702675217 0.06033746558184464 0.06490818473069637 0.011453114914885567 0.05786383743254907 0.03696706623424153 0.10108053988901555 0.054194051795556426 0.08068921761840282 0.029546163441677077 0.04291484854345375 0.010192410307338815 0.05376606034466134 0.028432061732645942 0.056242854847697386 10000.0 0.03167083939527458 0.0028064718745234897 0.06586673974333149 0.015971080523356974 0.042999189220328395 0.012567703464312492 0.05432185753239248 0.01261411572510642 0.0782731139100773 0.03987326262259494 0.059145595043325845 0.01925763661922498 0.04274490647397957 0.048918444451373874 0.016146353073619654 0.04945371478370588 0.08538446702216672 0.083165505768003 0.0783999755781321 0.02350677910501216 0.05027672575487093 0.048721773224170595 0.06611741050328665 0.06748916343826174 0.04571109865162057 0.05965198008533475 0.08960049566687606 0.06432602951823191 0.09113697791525953 0.09187857145395283 0.0854962010337953 0.08126953160234457 0.06165445306522535 0.06287883575499481 0.0163985789963628 0.08212019034873864 0.08852640809259518 0.06899108305826096 0.0744676408287423 0.0976029518539469 0.09127992458163575 0.07526686449412726 0.06331630067891203 0.07202444340470383 0.06407395855592508 0.0564738841615941 0.04748716444217316 0.051239629965494686 0.028772672196571092 0.0727396602597457 0.05809444193951634 0.006744540153064553 0.08651614300959787 0.02918072909358985 0.07100021876597838 0.06986767433178698 0.08634396532756025 0.04016835926908679 0.06903295607283483 0.06122126242817407
 0.050234457715183436 0.021622981414843877 0.06415629172307397 0.029673870407027427 0.03113332015799662 0.06351516322955644 0.02976937025475995 0.059424289943339294 0.03937612532027574 0.07282769219612424 0.022692037009668632 0.04934171544910708 0.03909944549520856 0.018461625545901087 0.028504124886940218 0.02252652382738784 0.024259455221616537 0.03757110485210956 0.03167083939527458 10000.0 0.03372491642282393 0.05225809658377786 0.02891002514771505 0.012748044921592616 0.02381379807740464 0.022669684129901665 0.031246717091105998 0.04934892453923359 0.008266419720805248 0.03545745864369828 0.015164284191297724 0.011592913266313185 0.018463538191767624 0.024799414431091387 0.06009728313244966 0.05890316991280777 0.05624635208062332 0.05678592327759483 0.009433485178526968 0.03813411395935333 0.02088420424222658 0.03706731052946347 0.060658325782407006 0.022593265460263752 0.04420126234514394 0.06069479166438603 0.03933527090829867 0.06574852674444565 0.06839380642279123 0.05522019915938774 0.053443414461830534 0.05411839007236006 0.0670191971968842 0.022812574214394775 0.05784801350737246 0.06350442582715217 0.04494034640849348 0.04479904316649984 0.07234747250535288 0.06463318127045714 0.04546221250268064 0.053838757964833305 0.04043979718040346 0.03717322759345797 0.025287281660746796 0.03386952007466606 0.021314653957953435 0.003117374655714871 0.05064030717911117 0.027181572526508865 0.02507517167981558 0.06157552671082587 0.052697511954577586 0.040047151363152615 0.03852699963814734 0.05471070451869267 0.03848748311768883 0.03913589438057992 0.03008323711323974
 0.08159644687833736 0.047725820006678604 0.062241575479515365 0.019538501730987416 0.06281392762974113 0.06738478603976694 0.010593457985140015 0.06025180213204128 0.03590891089235907 0.1036846714366765 0.0563473178569556 0.08248231073511246 0.028074951923012025 0.04406231572275824 0.00972301162412767 0.05558421787235561 0.031235954058097103 0.056604590493146555 0.0028064718745234897 0.03372491642282393 10000.0 0.0686553227158507 0.015242007276139384 0.04471625608653192 0.015371227168147686 0.05631008192473145 0.011415101264712032 0.08080718238387892 0.041969419301971296 0.05994869147047728 0.020602549043957325 0.044600767200856754 0.050609031084144065 0.016131634061955436 0.05136251386312261 0.08631425552712756 0.0858210367013925 0.08118695575141559 0.025236648257653774 0.050161169201233854 0.05123824980060842 0.06862009580194707 0.07014439328430724 0.048391467105660106 0.062457268381318425 0.09215001179691396 0.06521221117953928 0.09190717267500388 0.09464648524481654 0.08700500902973121 0.08387768318691148 0.06434838985499665 0.06509464270628647 0.019204683565720276 0.08486301377551962 0.08926371656331177 0.07172202355721916 0.07589604838841213 0.10033309218735575 0.09395615359816165 0.07671570462706001 0.06604799907776196 0.07414999815101299 0.0651777649082447 0.05826858689611027 0.047565842057476285 0.05362481671845943 0.030900763739799844 0.07551502003274008 0.0603837406007332 0.008653283750836684 0.08725301680477932 0.026485578080119688 0.07269355720634182 0.07167483434543893 0.08828611225248147 0.0428339980906462 0.07052078193697515 0.0634760432920263
 0.08073586265557635 0.06996450923490106 0.03448731514140026 0.04985195732105946 0.038620991438183025 0.025001850021050504 0.07247672330735815 0.02870985607505249 0.09054124289160449 0.053724532068866966 0.04946792176792311 0.07185446543934965 0.08799387546574419 0.06810543217308235 0.07064869528662313 0.0583863973851681 0.037558395119010476 0.08707282611030628 0.06586673974333149 0.05225809658377786 0.0686553227158507 10000.0 0.0743991363956817 0.05818357623750966 0.05351222179470236 0.054189740996052845 0.07427269549496895 0.04205617212220908 0.05024589174170071 0.08157971415300608 0.06251119862594326 0.05537545013883262 0.05995251158291319 0.07097597522137081 0.04383216060742034 0.09653286470636559 0.03729580387212194 0.021019403757408146 0.05830352980589906 0.08989338119393818 0.03696909318793654 0.03865453499433666 0.01480163185137661 0.030700251553973396 0.008210557300232438 0.048199398591056056 0.08315726849280515 0.10428519135015396 0.03407037595163338 0.08286279089658254 0.03933341930454148 0.011914391154594974 0.03563228025369773 0.04966019775541912 0.029257905559956034 0.1029714974007666 0.02384608811584972 0.07772485792405882 0.04239566603300973 0.041466478808521334 0.07771791541742135 0.008217482522889496 0.0564748484373134 0.07875290083237266 0.05982408817735578 0.08557272029449714 0.041654122156034264 0.05180625010514841 0.01968069476862847 0.04574919358817266 0.06297998790545842 0.10145327642054147 0.09480934520863231 0.06898444427103163 0.0652756321199876 0.0708931233387483 0.027939272636370298 0.0731011127824359 0.047726302191318605
 0.07101074080113724 0.0363108525058576 0.07402929276476845 0.030156941794832495 0.06003335613173302 0.07761306404774031 0.004651284506914682 0.07118721671920329 0.021071316715874488 0.10172624564347445 0.05075282260044431 0.07372699643307719 0.014568635177162111 0.03293557020798526 0.005804550245395803 0.047615925852584125 0.03757433331728889 0.042464613346672696 0.015971080523356974 0.02891002514771505 0.015242007276139384 0.0743991363956817 10000.0 0.03661559611725133 0.023041365824060963 0.049464930144621375 0.004356767787772692 0.07825811677732195 0.03670012688574707 0.0470277914297566 0.013822148649102502 0.037405402501069204 0.04204799882866197 0.004110818693707724 0.0645641637115098 0.07354889182117137 0.08490231701131674 0.08348318593259389 0.01952284024602614 0.035203180272984386 0.0493840326947413 0.0659700745200535 0.0785753379989237 0.04900312710912497 0.06721207997512117 0.0896041034596466 0.052501530126401276 0.07860167260096765 0.09603632039556623 0.07663291943771931 0.0822615647655764 0.07232691472670476 0.07696416754439671 0.026350232343182383 0.08569394769279334 0.07587545493321805 0.07252726778214226 0.06527235872480289 0.10064212175936627 0.09326700833808571 0.06617916581477624 0.07335555402680372 0.0678165671014458 0.053286161454528025 0.050058387599027185 0.03292111438946777 0.050224676044845616 0.02704259551766708 0.07746347050157756 0.05580140451125403 0.01325927032806201 0.0738743627212512 0.023808178308494583 0.06351633720305803 0.06319455512151191 0.08039082190722331 0.051700980750959635 0.060277309169945205 0.05848449837900484
 0.03764160135820868 0.011780987689698775 0.07486016713160458 0.04242172628238486 0.028088558757592575 0.07295060074477867 0.03874841595518172 0.06974070385611308 0.04058294251484074 0.06825730835020702 0.015591909839035625 0.03779145752012863 0.04315138322014686 0.010338142195160164 0.03787974953902563 0.011055839569072115 0.036073611521222286 0.02889121126558629 0.042999189220328395 0.012748044921592616 0.04471625608653192 0.05818357623750966 0.03661559611725133 10000.0 0.03639146528749322 0.01309982063710958 0.039903967885215455 0.044989287604997444 0.00835832133773426 0.024417697129715133 0.02439990523390779 0.002812901615051895 0.005933677596159306 0.03271656563647945 0.07199894469466965 0.04634469252550777 0.053620615687263964 0.05818783793961602 0.01949812264945852 0.032787192665986675 0.021932062775150734 0.033506783957129485 0.06862095230821041 0.027525522793735963 0.04997650522606465 0.05581982580855154 0.027517711590282233 0.053351977075997196 0.06793779443100392 0.04276576971350881 0.050080765539112435 0.06221159559904725 0.07763468850029953 0.035553212167993266 0.057341394451591025 0.051206631820077446 0.04554066076805402 0.03213305498502379 0.07043023004004219 0.06186029345808267 0.032828166092237786 0.06128161884963116 0.031361816621987046 0.024770500422242048 0.013633258182338535 0.02853914665320222 0.019079946228299182 0.015813848202306587 0.05215239406929009 0.021493411596481833 0.036257864478591466 0.04931603832113297 0.05994762098852081 0.028001060261306124 0.027016603480439612 0.043954639783227605 0.04928173978417412 0.026503161447074763 0.023386717420800753
 0.07401128271996903 0.04288946653505657 0.05116799849442407 0.0078389980608182 0.0493245402425711 0.054594500361635385 0.019896007250902483 0.04816068385549252 0.043146972809141156 0.08931410311297645 0.04494992018995714 0.07290717571691295 0.03760409587010832 0.039216986724124575 0.018068925632330212 0.046279026310537326 0.015966969212949555 0.055701113089675895 0.012567703464312492 0.02381379807740464 0.015371227168147686 0.05351222179470236 0.023041365824060963 0.03639146528749322 10000.0 0.045941023425483896 0.02161945810600927 0.06688360142874941 0.03132337117626177 0.05648857621284811 0.017379472631042458 0.03540641784234029 0.04222665947981461 0.02086917405233368 0.042722873789802746 0.08164882474647521 0.07118911582910514 0.06586820199331853 0.018553368463964968 0.05204746980543333 0.03760054899948994 0.05493409977108989 0.05605286548021586 0.033717350242687336 0.04713570631411674 0.07810669187365535 0.061150181642054394 0.0880710920178021 0.07941163633620778 0.0790323996432984 0.06951763927573346 0.04998821538500263 0.054117715654649234 0.0038603917132541523 0.0697568235397551 0.08564221474744126 0.056689147060672414 0.06852448554974584 0.08528468015615698 0.0791995967175092 0.06921400903186889 0.051386308589982325 0.06269244110988823 0.05987411431250965 0.049044041473719845 0.04852079209817063 0.04080266207796158 0.02069642372891973 0.06024960315093709 0.0480775728348475 0.010007378993851087 0.08365865562683115 0.04130130885870485 0.06382013782246687 0.06214274919936099 0.07779036586351834 0.02887329993662538 0.06288695473864163 0.05134655103448293
