NAME :TPP_input_27_3_3
NUM_VERTICES
79
NUM_CLUSTERS
27
Full Matrix
 10000.0 0.019229578640741447 0.051910332652521 0.03593877462491063 0.06078891289584329 0.028835462141944938 0.04214879157658552 0.05732665951514008 0.0385904432327799 0.0673601148467598 0.050447169167585945 0.01936099473707334 0.08212431395301562 0.029992662042126438 0.05068611555715194 0.05778713032304272 0.03783423515400414 0.025337967836352546 0.0333649066474565 0.04615404462248208 0.04417350944488512 0.038700650230556174 0.07028467011545676 0.026585242294256677 0.006707266038895626 0.06327762109917139 0.011111524122056278 0.0731789340503239 0.008178704060872502 0.03750147093535819 0.08574701773928566 0.079679583159259 0.008438377751295207 0.035579060153074826 0.05727016954690624 0.07353603182485058 0.06763971585883975 0.025298156611080685 0.004990145424011284 0.04822993612029266 0.03815557259351161 0.05419714524137341 0.03199522446956644 0.007308930734488245 0.05525273736551737 0.06996308024883531 0.05680458060542445 0.056946752899667566 0.04233264756437223 0.0656181714665295 0.07174937680755045 0.08177917679145538 0.04164787876822263 0.04771086076476439 0.013562464880758778 0.04692149152217363 0.011686964459683038 0.013415364906950836 0.06425726920500575 0.04195296907839729 0.05435308902123119 0.015316139520786008 0.029090815482762777 0.004970175234326602 0.024690096720668304 0.07387485920019986 0.049665485158600774 0.05236903687833743 0.026065120388389932 0.02856288070203818 0.01191040451940632 0.0268756826805069 0.021162136911634828 0.05843391763893849 0.0608728446839373 0.07532626564516101 0.03763037210034165 0.035723603236374045 0.04774634976879813
 0.019229578640741447 10000.0 0.03278115835793511 0.02446032653955825 0.05445148359512873 0.03922500277663234 0.02313115372115707 0.0531424007108258 0.0503853273599302 0.0498753559227059 0.049113395460767734 0.02649795617621799 0.06340139303362746 0.039072426904353884 0.03294259301099493 0.04199875199036465 0.04875214050890191 0.02223155250415687 0.03659922200232569 0.028977402089731655 0.03176563278631735 0.02054766132706074 0.057259032800286644 0.0074979880595349175 0.025105278559911775 0.05611255360986943 0.027043745694371207 0.058212768664209935 0.011344829787085247 0.0206584196088658 0.06678856671311685 0.06910336110056632 0.02757469813584326 0.016353045997766175 0.04574828697595095 0.06448174562767478 0.051632220248879375 0.022034458024596675 0.01752164917243701 0.03142672138643006 0.0212679990681993 0.03959935928722706 0.04247932151518719 0.022850652175673444 0.039101558601871256 0.05950638020616535 0.05004666717599333 0.05230849859721975 0.023184433472657365 0.04753407913310574 0.06151448594086155 0.06256335639473344 0.045925060228182615 0.02916961025751638 0.02064817099793932 0.03681463404861776 0.008287232512821544 0.03095063470184742 0.04616978399790386 0.02576346232690373 0.03512437008610102 0.034502804473153896 0.039908742993419004 0.022352699738640906 0.010229409899260371 0.05535992336934827 0.03769651115297157 0.049477391176601444 0.019267775266151876 0.01265872952470244 0.020959590920813582 0.04246187437571819 0.03703080339670027 0.042661115060289335 0.04674408794961257 0.05827761165892863 0.020470203554481713 0.04205249063643623 0.034748002903751685
 0.051910332652521 0.03278115835793511 10000.0 0.03632238759550794 0.05457574194682881 0.06830110795590748 0.013222277777685282 0.05740682882749549 0.07565645122678162 0.030404121422396162 0.06555553740653672 0.05583843906803177 0.03537752656269548 0.06732524902509086 0.020207848027485084 0.02376765403040162 0.07336375539349244 0.041993534993798855 0.0560600794466511 0.02225128884988512 0.02965843151528748 0.01953095237598812 0.04218160570108369 0.025894365651947814 0.05734544586506809 0.05423966786210707 0.05946854572959059 0.03768965218285463 0.04380585201320293 0.01894592027227782 0.03712202379921849 0.05741211670281888 0.060314401922103196 0.016825400684995672 0.04611926268675705 0.05689904800807164 0.03758135481369383 0.04176980899641542 0.05021019290525892 0.016319537615361025 0.02384735220805368 0.02648631580796408 0.07126100709681119 0.05437617676608105 0.0210071514574627 0.049997395367872635 0.050690154854298834 0.056034998706100646 0.009597457215205543 0.018445941800602744 0.0520386636686957 0.030781537300295606 0.06922921167412466 0.007592319629836748 0.04924644363212461 0.03650312974902925 0.04038870181878037 0.06248103820422207 0.024698744705234907 0.025642890610018107 0.005308971433145401 0.0672242971339632 0.06575572222253653 0.054473893569909136 0.029493023948808903 0.029402067668841583 0.04041953358959316 0.06376539721981121 0.0372615717088497 0.02894647244447563 0.05235385914403458 0.07187220663993772 0.06901296109544214 0.024186866237752205 0.031810221508861286 0.03142942069605948 0.018140573574872997 0.06325221084722767 0.02907798601100587
 0.03593877462491063 0.02446032653955825 0.03632238759550794 10000.0 0.07661286150081002 0.03668986092230366 0.023235648081844598 0.07629335086196277 0.07303236139436144 0.0352894972159605 0.02959412949725894 0.026785105995244037 0.05322014990978535 0.0348996379276837 0.021808096831763747 0.05584474665700855 0.0717398367421189 0.046646381847095 0.061005078401079195 0.016889570371328117 0.05143962177261731 0.0169452334860376 0.073772106467556 0.021288744993920004 0.04261093109985899 0.07775596790986795 0.0365171817416639 0.07185487388509282 0.031500355567001224 0.03696784277545246 0.05808780150809422 0.08761895873036342 0.04187001746156921 0.023861894842187596 0.02174018122131069 0.08450260612879801 0.0330550737616807 0.04644337621668722 0.03140956143873461 0.045005699295340644 0.01247989499644161 0.05569365108998071 0.03899700277899895 0.04244426139899096 0.05266731930303881 0.07859256217980147 0.0721734332133193 0.07531188068573064 0.029681472283995536 0.05472821855669287 0.08069463232080562 0.05776375734785736 0.033464311768936474 0.03795675448813281 0.043550034344697036 0.057772451282353934 0.030350923020736335 0.04934807735015678 0.03420627869407038 0.01181133857043008 0.03495956779649119 0.04793909644244561 0.06275050694312072 0.04072001778099501 0.03294098065640946 0.04455681284746113 0.013845761320598358 0.02842868046543172 0.0433422447481516 0.012758556605894023 0.02809306726845982 0.06270561300124479 0.042694029341355744 0.05644908299130752 0.06268729147271224 0.06756210043189707 0.0362109879678086 0.0661687115234761 0.053444270077791775
 0.06078891289584329 0.05445148359512873 0.05457574194682881 0.07661286150081002 10000.0 0.08930489503220156 0.05975342259796313 0.006992639440203944 0.0501531234323911 0.08494305558677402 0.10353607263582693 0.07797785955947882 0.08718392019707245 0.0900780502595821 0.07204030438395849 0.03380649935442397 0.04748874727248636 0.035557136868198634 0.03222162790724074 0.0714646554763604 0.0261629374779694 0.06351987193692231 0.025273449914514256 0.055385932207612336 0.06054282002869353 0.003413691382256936 0.07185243886562648 0.0346074177624849 0.05590629274984048 0.04091288565332796 0.0869152478700459 0.023328988866064614 0.06634940102651911 0.05455009132926195 0.09489848881131097 0.015051194693208272 0.09153639940702347 0.03562609790318601 0.06376510523880341 0.03826500872286978 0.06745929982452181 0.028990648316030154 0.0925504999390152 0.05623187227994359 0.03524411846635153 0.01621211425381667 0.0044424255258519625 0.005991704213343021 0.05255878135355452 0.04872035696412068 0.016618716036941466 0.07744284965538227 0.09952281131935713 0.047354688197463676 0.047737552299083164 0.01920972056959424 0.0538105135336526 0.060018804226826636 0.07926717756711084 0.07179035051048518 0.059870506203506584 0.07047188579796212 0.046510778787573405 0.05857636658222621 0.0444200478021661 0.08303493237215609 0.08737358334831241 0.10369808515790263 0.03614466390378589 0.06391549629546514 0.07064868691381214 0.05815739376648478 0.0814289124927399 0.03380253734280304 0.02713474772567451 0.04637544283582077 0.04184604356141798 0.03655914254299683 0.025668190996884912
 0.028835462141944938 0.03922500277663234 0.06830110795590748 0.03668986092230366 0.08930489503220156 10000.0 0.055580953890619594 0.08610396044452222 0.06241292137453303 0.07176582052505029 0.03047573535785361 0.012797973080915825 0.08991001063828642 0.0027303220092351243 0.05817486117783242 0.08120067081445578 0.06252511134231248 0.05374977086242932 0.0619003901357906 0.05312318248263618 0.07016361948674535 0.049805980236763726 0.0961547616994175 0.04370126846501878 0.031315662283810115 0.09164085291095782 0.018423896612657434 0.09743776021191543 0.03361987881685444 0.059840123940648346 0.09474312256423792 0.10701114260441144 0.025975611845896456 0.05192246760601407 0.050947700668568394 0.10143840633055796 0.06822380712467255 0.05367890870951515 0.025544133992459608 0.07049329569238924 0.04663750901867576 0.07876264985619351 0.0033013094521016453 0.03486547723262286 0.07826402846635533 0.0972832964267667 0.08520153436518778 0.08568135094362585 0.05935106155689347 0.08532666837171896 0.09918108972457121 0.09383253548021792 0.01660733230634165 0.06684954654270558 0.0423799707796053 0.07411035102978791 0.036246240973531615 0.035721540539726725 0.07089538087650323 0.04793575998789653 0.06867693102740592 0.026728992259126873 0.0548712338673299 0.03219052543949857 0.04866058184435491 0.08124636499093814 0.04595217659527333 0.03407260871131418 0.053618718128617036 0.0393961146468885 0.018979175382924953 0.047971621768095135 0.013215089090939118 0.08186278807483797 0.085861682476646 0.09691804573159285 0.05958699037740012 0.06329750043730568 0.07343649679847176
 0.04214879157658552 0.02313115372115707 0.013222277777685282 0.023235648081844598 0.05975342259796313 0.055580953890619594 10000.0 0.06115993621074589 0.07115768326370484 0.028636687969956953 0.05269207018041951 0.04336214380524855 0.040338828308181585 0.0544669359950613 0.01273680323122757 0.033704318409642525 0.06915832610255854 0.03859098170344582 0.0536969244962415 0.011777181561142531 0.033593892528633394 0.006325706668512246 0.052150484958983216 0.01563779861778212 0.04821910720646033 0.060135003809079934 0.04830687847744172 0.04918079436049902 0.034464988737951986 0.019114365120886503 0.04365928784977121 0.0667869419147655 0.050296342796067976 0.007562011761410445 0.03592413294580655 0.06490527457103887 0.03294199460570257 0.03835591821511455 0.03961585982990251 0.023547395392774482 0.010779957108359873 0.034657159660981096 0.05845637874368127 0.0459207978676379 0.03057995447941328 0.05841586717335952 0.05548783354377422 0.059931655816433047 0.007503673023259382 0.03152131401276376 0.060521572684464515 0.03988530373809134 0.056007330078770866 0.015256503761475748 0.04247870072219062 0.04060652901673183 0.03137027506142898 0.054051811281592706 0.02403809800260617 0.013441217934072538 0.013147135713007288 0.05721727999760275 0.060798180404312965 0.045482700033794614 0.023855491543626997 0.032494783111307476 0.02917922190846615 0.05113849152439655 0.03400430982366896 0.01624054538862115 0.040646828121176114 0.065022346559015 0.05733545135034274 0.03425784268227658 0.04117586573103657 0.04432682790223084 0.018139225748623807 0.0603998604088522 0.03445959225011839
 0.05732665951514008 0.0531424007108258 0.05740682882749549 0.07629335086196277 0.006992639440203944 0.08610396044452222 0.06115993621074589 10000.0 0.04356327742581571 0.08750440862074257 0.10217301393202695 0.07527100581752628 0.09108104816286695 0.08706116172395686 0.07372625403011167 0.0383388463835509 0.040936967972277756 0.0326590402172847 0.026791795256924 0.07267841322383146 0.02796543132220062 0.06433968149281845 0.03189283733467076 0.05501506005832642 0.056412934521734 0.010346179780860464 0.06824477202386837 0.04099447931790023 0.053198118916316754 0.042055386870348724 0.09117977852549994 0.030126291533221262 0.06225647869952247 0.05533762218281468 0.0954804617532692 0.02170287537033081 0.09359615311893499 0.03276858723424973 0.06069545083737098 0.0411730221244143 0.06800622474026316 0.033087888104162036 0.08929979283626889 0.05219899725366059 0.03933555354816203 0.023191568766969175 0.007795002364600594 0.0014668950678661016 0.05427226808942574 0.05349235439584772 0.023604486350714514 0.08200611950701238 0.09720218304290752 0.049951754306289224 0.043938342590457286 0.020954046122931034 0.051460834990867364 0.0552663341892874 0.08192759958854982 0.07250581505196411 0.06271235722282825 0.06590288256706345 0.04059454313967125 0.054668913161235524 0.04349564643609632 0.08641940772587789 0.08775870376962036 0.10261937804727904 0.034123013894277555 0.06353482292996862 0.06779060044683682 0.052317202010553523 0.07748507804472232 0.03843180905040659 0.032436477735546636 0.05229875848798108 0.04302604677443713 0.030371006666399764 0.02837628448708529
 0.0385904432327799 0.0503853273599302 0.07565645122678162 0.07303236139436144 0.0501531234323911 0.06241292137453303 0.07115768326370484 0.04356327742581571 10000.0 0.09950701879206132 0.08853897530893273 0.05682730265965504 0.11048089211633967 0.06448479210519163 0.08269310844818344 0.06854752581101808 0.002743158892975515 0.03367275902372926 0.02143470355594628 0.07915466406778143 0.052162483813074235 0.07035283754808766 0.07151120482676432 0.05701723254658161 0.0329126323685401 0.053554516524057516 0.04502110213030533 0.07868696003916482 0.04153236561669537 0.05680797214965561 0.11272970032272288 0.07346447382641888 0.037008864096943636 0.06359570326673408 0.09476062156826333 0.06518222055289583 0.10196320295870293 0.03389418672786757 0.04358058498819289 0.06399886704341189 0.07162217797213488 0.06304516761993631 0.06484081981899131 0.031342002357219075 0.06754719921846279 0.06543687745558709 0.04841159858761034 0.04423885235753512 0.06765089088521943 0.08194423080536736 0.06633765833835875 0.10607368315473448 0.07795440035992567 0.06883557009496158 0.029796765264195245 0.04929434115331004 0.042960736925666515 0.027038639530763773 0.0951849388743929 0.07614877698303762 0.07995572854707993 0.03592274311936613 0.01048205885440837 0.03365279816358796 0.047366896859156085 0.10329434491882865 0.0868613266243902 0.09074312697744306 0.0383957798188007 0.0628532127108214 0.05004494180513044 0.014819367978254392 0.04992428832972309 0.069002901752356 0.066842231999884 0.08659346698118352 0.05755538592707317 0.014544727428963452 0.05537269699318591
 0.0673601148467598 0.0498753559227059 0.030404121422396162 0.0352894972159605 0.08494305558677402 0.07176582052505029 0.028636687969956953 0.08750440862074257 0.09950701879206132 10000.0 0.05561162437667228 0.061990472215403415 0.019129967742158527 0.0697961539104488 0.016935327832302335 0.053458000915764574 0.09759363992253314 0.06722751632763016 0.08232305284993965 0.021207135069225867 0.05955583425404154 0.029351508288460715 0.07116476406245505 0.042704480086514535 0.07392489282732632 0.08464377866176988 0.07068093432686727 0.06491037232523221 0.06063688354341476 0.046544655226836734 0.0246869977830399 0.08656597324697772 0.07470896576813381 0.03611725886778857 0.027818587643457036 0.08688216468991881 0.009294376537054653 0.06699245654484878 0.06373210878728686 0.04668169581524711 0.02920575036880477 0.05677538096896271 0.0738525282962039 0.0724144529676903 0.05100141868753126 0.07986932329469815 0.08099475989594697 0.08616599499395133 0.0339656662878627 0.04302276535249178 0.08185345238104229 0.028470335270892523 0.06544379299511861 0.03761960544299225 0.07026856495579946 0.06655078004338068 0.05805152351754249 0.08029817248883225 0.0057727132082999125 0.025643861246878123 0.025156271344738572 0.08133641362495511 0.08907590398816978 0.07145580270785439 0.052416634718966224 0.011219710324338985 0.027711655148163015 0.05221912038503661 0.06263426415441861 0.038797296207025996 0.06226142948249555 0.09232935948757665 0.07778210845029425 0.053773225490942565 0.06153978916790795 0.05496646217370517 0.045575658936665084 0.08903326331080716 0.05934561332316148
 0.050447169167585945 0.049113395460767734 0.06555553740653672 0.02959412949725894 0.10353607263582693 0.03047573535785361 0.05269207018041951 0.10217301393202695 0.08853897530893273 0.05561162437667228 10000.0 0.0317368547601133 0.07472403223864643 0.027752260536613716 0.0482255605934884 0.08535767036657607 0.08805531968900265 0.07019543327092692 0.08241153843540379 0.044225094620523306 0.07961977744922752 0.04647196161324932 0.10307296397132011 0.04890608231692487 0.0556377654376894 0.10509187778307638 0.043943812917881526 0.10143532826397801 0.05064327415845428 0.06576289761923167 0.08029487051208731 0.11651994116180185 0.05183838966113486 0.053251717456246996 0.028613647599107186 0.11281376696419923 0.04892024546041447 0.07003904812328282 0.045581287771407436 0.07444215035444247 0.041919237332155884 0.08492504348334275 0.030150492995477108 0.05772563469627286 0.0821806490705483 0.10725649138022701 0.09911796068192986 0.10137979698598315 0.05927559565318414 0.08400017035185785 0.10933606614246824 0.08266183834907821 0.01497076482671471 0.06754996850063011 0.06264153537831466 0.08543096586429326 0.0514119123706265 0.0616592272797021 0.0571536490679373 0.04001873053543462 0.06354862329000846 0.055029591038218924 0.07947695379706453 0.055186410852210134 0.059129085983828586 0.06665812376445479 0.02828031536815047 0.004264868856701805 0.06807916917768267 0.04080839443346964 0.03862003864555304 0.07517633892399955 0.0430983416394543 0.08597006666055387 0.09200902593043192 0.09695209631869965 0.0650976099946404 0.08585884524026065 0.0820076159996112
 0.01936099473707334 0.02649795617621799 0.05583843906803177 0.026785105995244037 0.07797785955947882 0.012797973080915825 0.04336214380524855 0.07527100581752628 0.05682730265965504 0.061990472215403415 0.0317368547601133 10000.0 0.07940819435630836 0.012606495735885858 0.04723382169350795 0.0684317221361031 0.05641524975646378 0.04262746364927758 0.05255077150399285 0.04217246514647956 0.057754960614522705 0.037844368293733936 0.08361208605222979 0.03093467759623828 0.023973171427956005 0.0801381813519832 0.012461989315297767 0.08469560009616298 0.022099732383417253 0.04707037957734529 0.08396788357315511 0.09483540605118748 0.020161980829489015 0.039295900008090974 0.04471075086636116 0.08955437902118421 0.05965138751159082 0.042527728852537194 0.014936691529751819 0.05770083605023951 0.03509991842361157 0.06608620781571439 0.016009227410375356 0.026427658887278244 0.06548266371810844 0.085132847425329 0.07376278526770554 0.07473236179878912 0.04674231348775072 0.07262639361028557 0.08706979968831763 0.08232573563373682 0.022352056525286094 0.054125453564064896 0.032556254456622434 0.06202257517404545 0.024271006060411177 0.029924313416942162 0.06045069112435169 0.037059882363166166 0.05650714621013635 0.02416162100313213 0.04797637314297307 0.023791604946030824 0.03613279605292628 0.07075645734330988 0.03835280060526763 0.03417542871797008 0.041923577256966015 0.02712239503162522 0.0076081587598161304 0.04349917895350556 0.015964324566599505 0.06909358560281134 0.07321297778824386 0.08413644973046863 0.04680409239507304 0.0550781026687946 0.06094635833620269
 0.08212431395301562 0.06340139303362746 0.03537752656269548 0.05322014990978535 0.08718392019707245 0.08991001063828642 0.040338828308181585 0.09108104816286695 0.11048089211633967 0.019129967742158527 0.07472403223864643 0.07940819435630836 10000.0 0.0880846408069155 0.03227172850605026 0.05351480401816851 0.10829195659982907 0.07698768369331623 0.09136663459838679 0.03729067284546765 0.0642575490166013 0.04348088512744674 0.06863871924088442 0.055907897315833587 0.088387678459248 0.08614145494998181 0.08695236194664233 0.060553319622065956 0.07468245613689416 0.05422479198156667 0.0057649910320563755 0.0835971219502715 0.09001501200190411 0.04764521109883069 0.046667371804181824 0.08578475279722794 0.026661982366221113 0.07675828060351278 0.0790977561400336 0.050408397131909734 0.044853105280806806 0.05820888417156192 0.09217310221767587 0.08623749186191451 0.05194372753419858 0.07870564089639434 0.08379144299681686 0.08964607293996146 0.04283297773828916 0.039553675534688186 0.08046301130979523 0.013800875834473814 0.0844334535562063 0.04282194078160647 0.08263186119651797 0.07069670004634 0.07167352201775087 0.09435166681182516 0.01901809369740382 0.04235381022772335 0.030639353400500207 0.0968545630021991 0.10033817737308154 0.08570680626314205 0.06332399102845866 0.008667741430212133 0.04681534818816705 0.07128236972037552 0.07224156416110905 0.05415522687585473 0.07871941507834507 0.10527640094389809 0.09486137224177953 0.053605321323040404 0.06100803392808878 0.048440182345410754 0.05337079021896567 0.09850586168548076 0.06294881863255358
 0.029992662042126438 0.039072426904353884 0.06732524902509086 0.0348996379276837 0.0900780502595821 0.0027303220092351243 0.0544669359950613 0.08706116172395686 0.06448479210519163 0.0697961539104488 0.027752260536613716 0.012606495735885858 0.0880846408069155 10000.0 0.05653633724548876 0.08093182547127552 0.0645182488512178 0.054562091420864045 0.06325691223070035 0.051505100266910284 0.07034390170575842 0.04857612042278961 0.09621858174959808 0.04314431447015158 0.032940830840186175 0.09234098774112573 0.020016460105200425 0.09723007919205058 0.0342189259952952 0.059579615555501314 0.0929873871492346 0.10736393056638313 0.027786171955138748 0.05113051968277194 0.04849795608053499 0.10195957522000461 0.06603526597461938 0.05448051164038074 0.026370386265698934 0.07013550843673266 0.0452437501725259 0.07867089884956249 0.0041012177054200365 0.03631215700588833 0.07795547891509266 0.0976502479161186 0.08592551794642678 0.08659702639611097 0.05852386855977442 0.08458317512555165 0.0995727479410218 0.0923196890229093 0.014040767216665568 0.06616328474567637 0.04355292503427363 0.07450776804037534 0.03665935358619106 0.037646815978426514 0.06908571794667064 0.04631779814262065 0.06750523601100347 0.028991483697325852 0.05671451672536596 0.033620818367699055 0.048736481581421374 0.0794299132884718 0.043687653950945184 0.03134230529295235 0.05419943631691525 0.03837901182055127 0.019464715725851543 0.05015232010858362 0.015741078001144052 0.08159296283419565 0.08580647059364292 0.0963474307328511 0.059283502018272226 0.06491306300066556 0.07354911355917876
 0.05068611555715194 0.03294259301099493 0.020207848027485084 0.021808096831763747 0.07204030438395849 0.05817486117783242 0.01273680323122757 0.07372625403011167 0.08269310844818344 0.016935327832302335 0.0482255605934884 0.04723382169350795 0.03227172850605026 0.05653633724548876 10000.0 0.04369932211766188 0.08082871439112835 0.050866829115664376 0.06605170302298738 0.005068278860562866 0.04595943955492388 0.01241892225104439 0.0622343368780778 0.025784729371835364 0.05718281564466263 0.07223193066585241 0.05477154035999367 0.057869624284317286 0.043775623550324744 0.03176126957226704 0.036734347982244994 0.0773296142773368 0.05825644845345431 0.019774068620331743 0.026000621956055014 0.0762166741152647 0.02021979411138083 0.05063259766648926 0.04727557378461782 0.03468652837261673 0.012689169372428106 0.04566306667768144 0.06063708866965553 0.05554412342741832 0.04076624707621723 0.06949314012557332 0.06784327171619992 0.07247269146827588 0.01949822929865405 0.0376014064370686 0.07157375129742906 0.03596131076560756 0.054854666796718694 0.025600168320475868 0.053351534641721425 0.053011829830329725 0.04113463113128881 0.06347894708897264 0.013636044172406285 0.01024271132650201 0.016466260552991524 0.06499623392878466 0.0722412729028894 0.0546587535750566 0.03588303465986669 0.023685216973118203 0.02101994299367238 0.04577774047670117 0.04638635599092405 0.022212557612781642 0.04648308209848815 0.07540114467779924 0.06259423951651119 0.0441666871734843 0.051608509426907374 0.05066118465571595 0.030780732612163235 0.07258427078291513 0.046494095235597485
 0.05778713032304272 0.04199875199036465 0.02376765403040162 0.05584474665700855 0.03380649935442397 0.08120067081445578 0.033704318409642525 0.0383388463835509 0.06854752581101808 0.053458000915764574 0.08535767036657607 0.0684317221361031 0.05351480401816851 0.08093182547127552 0.04369932211766188 10000.0 0.06589667118428483 0.03768331060626393 0.04713676910203713 0.04488996492593712 0.01646497274954213 0.039398334450932576 0.01856343969975332 0.038182152860697205 0.06119771125577319 0.03263017817809286 0.06785925606797295 0.016391746507016858 0.05003172022988874 0.021361518669804753 0.05310929248410218 0.03366009177088318 0.06583563524869615 0.0321304361109479 0.06920369601811556 0.03342978146984548 0.061179597353203344 0.037539020638920714 0.058153097894397744 0.011034899714940314 0.04398427590629286 0.00569963891327438 0.08443838657858356 0.05718971461382928 0.003177667640106966 0.026412788422888134 0.030725196981170516 0.036874161270330344 0.026422584932446046 0.015189687529241162 0.0284088502883059 0.04370668928531292 0.08610714459220403 0.018495200776608853 0.04952911289287977 0.020114332935184637 0.04664850346713946 0.06429898732296989 0.04768539798450139 0.04714275347570759 0.028611019105603205 0.07211977769245245 0.06037541883774644 0.058383868305594964 0.03333436530778896 0.0499521216963184 0.06282679925514022 0.08424995886984149 0.03409338489009282 0.04506633962838187 0.06283594393920583 0.06957828918935934 0.07816958018534849 0.0006623703175497551 0.008092533312139435 0.01844964906059053 0.02165325853598412 0.05430254377030616 0.013182006647917046
 0.03783423515400414 0.04875214050890191 0.07336375539349244 0.0717398367421189 0.04748874727248636 0.06252511134231248 0.06915832610255854 0.040936967972277756 0.002743158892975515 0.09759363992253314 0.08805531968900265 0.05641524975646378 0.10829195659982907 0.0645182488512178 0.08082871439112835 0.06589667118428483 10000.0 0.031371856988861545 0.018764338818904356 0.07738462652931735 0.04953360257226505 0.06853054982660833 0.06876812699383732 0.05523620584296517 0.03244265203165654 0.05088616658827793 0.04484192736467125 0.07595274607420135 0.040277968151487216 0.05447624214415994 0.11046365044322798 0.07078916047497447 0.03685312058456081 0.06159876630624636 0.09347986394177216 0.0625265476780238 0.10023334847183255 0.03159667113562791 0.04281426996318988 0.0614892561325768 0.0699321744904146 0.06037902018044497 0.06504692115757726 0.030535277438078004 0.06493101530474849 0.06272141580523569 0.045701378190094365 0.04158944296983148 0.0654799655028746 0.0793734552838092 0.06363487201718203 0.10369996910156704 0.07782441507176853 0.06647605641713888 0.028292746785762934 0.04658588022233472 0.04151938537282035 0.02689792342875395 0.09319585807135082 0.07449800674295678 0.07772521650228426 0.036283876612852324 0.008992072134882453 0.032952222775849686 0.045323027514334445 0.10118440999629341 0.08554153532717007 0.09014859570940716 0.036111003995421484 0.06129804069364179 0.04946647465710762 0.01564089382970083 0.05026251429669541 0.06634705767047154 0.06412626929065379 0.08390967850275025 0.05523998325685318 0.011810882212552203 0.0527176894445151
 0.025337967836352546 0.02223155250415687 0.041993534993798855 0.046646381847095 0.035557136868198634 0.05374977086242932 0.03859098170344582 0.0326590402172847 0.03367275902372926 0.06722751632763016 0.07019543327092692 0.04262746364927758 0.07698768369331623 0.054562091420864045 0.050866829115664376 0.03768331060626393 0.031371856988861545 10000.0 0.01520437807602304 0.04807640773137267 0.02168422802505355 0.039054240312864814 0.04657492103304139 0.026610468282967814 0.026068106525855044 0.03796169801792281 0.036445749317077336 0.051089191076464445 0.02054058764214255 0.023140454502519968 0.07909272144573884 0.05464012678769158 0.0316390439371494 0.03115003540928233 0.06761709113947187 0.048245946770126655 0.07087023634914358 0.0002350704259612811 0.028216413339745373 0.031075945456329048 0.041402337382157796 0.03285438794276263 0.05699343807965948 0.02170116657675146 0.03596283535109207 0.044986914237774525 0.031497140376186686 0.0321049074048722 0.03426062400700688 0.04942763471183897 0.04668970575366749 0.07243061830773749 0.06456146050011005 0.03518900557270357 0.013118723112849093 0.022451745142099785 0.018924406684409777 0.027483373875464668 0.06250630295179681 0.04613353915149793 0.04638089311684394 0.036778047583142834 0.023993444889816914 0.023708674187535052 0.015065742510898083 0.07005190153125335 0.05958294483550854 0.07101028195636887 0.004746834226060216 0.03435544097110518 0.035188737748960044 0.03200252695618019 0.04629594117763849 0.03824936315828755 0.038504940386625115 0.056127486504890876 0.02388262749613343 0.021819456744373078 0.025363900528799183
 0.0333649066474565 0.03659922200232569 0.0560600794466511 0.061005078401079195 0.03222162790724074 0.0619003901357906 0.0536969244962415 0.026791795256924 0.02143470355594628 0.08232305284993965 0.08241153843540379 0.05255077150399285 0.09136663459838679 0.06325691223070035 0.06605170302298738 0.04713676910203713 0.018764338818904356 0.01520437807602304 10000.0 0.06327630567134483 0.030807608341914153 0.0542542378350878 0.05083077398063065 0.04165729583915697 0.030912680485103643 0.03541337952605899 0.04352831325584232 0.05752522227236913 0.0317801511778298 0.037143871854357136 0.0931260309592584 0.05476937766036605 0.036683759557095824 0.046307818229550546 0.08232622645661325 0.046998620164815104 0.08607415258068254 0.015437116762670714 0.03762269909160105 0.043147074454031126 0.056517495867705575 0.041614928379371835 0.06493415849446846 0.027059142951964873 0.04622182398259076 0.04594657901105912 0.029420065574986876 0.026934887744318712 0.04898253968727564 0.060772118017394905 0.04715236724436818 0.08585184971612121 0.07490263047191426 0.04885502558084516 0.02000814398822494 0.027930113161008793 0.03144145290892565 0.028780279744929985 0.07750441977411039 0.06124126555682399 0.060739629559639394 0.039538058723639594 0.01470127058665901 0.02971712918406791 0.0302667495026643 0.08472962806804636 0.07427460979601744 0.08369700469736714 0.01969343014959261 0.04908807577657534 0.04495472109708993 0.026073028506289102 0.051932809278533644 0.047584315145902986 0.045502726627938764 0.06516037307455673 0.03799662857417924 0.007328259718882093 0.033956045144023304
 0.04615404462248208 0.028977402089731655 0.02225128884988512 0.016889570371328117 0.0714646554763604 0.05312318248263618 0.011777181561142531 0.07267841322383146 0.07915466406778143 0.021207135069225867 0.044225094620523306 0.04217246514647956 0.03729067284546765 0.051505100266910284 0.005068278860562866 0.04488996492593712 0.07738462652931735 0.04807640773137267 0.06327630567134483 10000.0 0.04530271338469003 0.00902218781047322 0.0634399743229791 0.022148420714361097 0.05271962055514444 0.07189491511479117 0.049869510460439366 0.05977500350838652 0.039497699433497485 0.030653571713933358 0.04179829130578729 0.07828109902272068 0.05356777059873865 0.01758594871776553 0.024337568648247262 0.07662025143678676 0.022892855437957136 0.04784473844035841 0.04258326243246931 0.03514199759710096 0.007998696644077019 0.04625087642495467 0.0556049383656142 0.0512751977488589 0.04183546328173051 0.07007007888426123 0.0671734225674261 0.07147985724230088 0.019226704031863162 0.040384756843139455 0.07217096261926413 0.040899177232275874 0.05015570315088675 0.026428974971254644 0.049574526585525046 0.05228469878097228 0.03702715285339956 0.05911400796878033 0.018502286544851566 0.005188635913145057 0.019448674171426275 0.06025300410250618 0.06867672971573516 0.05026438782919782 0.03301070898745321 0.028675876202220407 0.018175251965441026 0.042037171950314506 0.04375647018909267 0.017592253890485476 0.041540940895608024 0.07131293923411557 0.05757204852754801 0.045406255485188035 0.052580794127309496 0.05346984572847799 0.02969440615965699 0.06959245372836569 0.0462350996440745
 0.04417350944488512 0.03176563278631735 0.02965843151528748 0.05143962177261731 0.0261629374779694 0.07016361948674535 0.033593892528633394 0.02796543132220062 0.052162483813074235 0.05955583425404154 0.07961977744922752 0.057754960614522705 0.0642575490166013 0.07034390170575842 0.04595943955492388 0.01646497274954213 0.04953360257226505 0.02168422802505355 0.030807608341914153 0.04530271338469003 10000.0 0.03746701238647476 0.0261728965920301 0.030721864403238503 0.04660195133020164 0.026706429522756498 0.05490946878753995 0.029522932822538796 0.03712708605460378 0.014851929313162293 0.06502357385908535 0.037346856292058694 0.05170262823605141 0.02856406853714004 0.06887125785913566 0.03320095613825981 0.06567846045587222 0.02156691823618686 0.045495131797545794 0.013858534732199572 0.04153871773071933 0.011249831261378547 0.07346259444426277 0.04238303121773053 0.015418667902512138 0.02780430329749544 0.021900200642001162 0.026650109775669395 0.02646121700284112 0.030116080244832734 0.02984445067741957 0.056694657583276395 0.07766464408758206 0.02211033502503846 0.034221806909356965 0.007059943748287646 0.03409064015109179 0.04893805547092512 0.05400756041308572 0.045756456322022805 0.03493394883192846 0.0575477953514972 0.043913392230521306 0.043927581419415815 0.021676992512165007 0.058961240275040516 0.06147079243686793 0.07930987061196858 0.018717998555910286 0.03902814091463453 0.0512339504890083 0.05329092257060207 0.06520671194148357 0.01696416999104161 0.016961867206865676 0.03481679077476185 0.015755884881485042 0.03804913506816683 0.0036980418348509553
 0.038700650230556174 0.02054766132706074 0.01953095237598812 0.0169452334860376 0.06351987193692231 0.049805980236763726 0.006325706668512246 0.06433968149281845 0.07035283754808766 0.029351508288460715 0.04647196161324932 0.037844368293733936 0.04348088512744674 0.04857612042278961 0.01241892225104439 0.039398334450932576 0.06853054982660833 0.039054240312864814 0.0542542378350878 0.00902218781047322 0.03746701238647476 10000.0 0.05766877097598344 0.013374891682939887 0.04507825521197455 0.06417294054225178 0.04377194947423238 0.0551514878227926 0.0315206895491571 0.022624185562855465 0.04735023309631553 0.07202591192425761 0.04653413442204359 0.009005602434844209 0.03140424596690187 0.06967803493332943 0.031875109538352785 0.0388225925818825 0.035626366605788974 0.02885937001436672 0.004600120555621845 0.0398617625485591 0.0526035706518929 0.04325538332097548 0.0362375800767218 0.06338303644525559 0.05916334915475235 0.06318635155583373 0.01298467978924116 0.03784542263705043 0.06549434143179285 0.04463556522307036 0.0497157184814233 0.021168092853681843 0.04093795447398638 0.04431361323069104 0.028777043281468618 0.05125563967525144 0.025678755219854483 0.008292008261784474 0.0189540521083209 0.053379209617437424 0.059887869535970716 0.0424817347858489 0.023988527443210436 0.03517539588386051 0.024118141343383873 0.04503352652095999 0.03474569140076835 0.010965107980650594 0.03578831842529523 0.06300873863164279 0.05235306619494401 0.03997734534310171 0.04661609599440059 0.05062639220445396 0.02171118868247545 0.060589406024707165 0.038803624950100514
 0.07028467011545676 0.057259032800286644 0.04218160570108369 0.073772106467556 0.025273449914514256 0.0961547616994175 0.052150484958983216 0.03189283733467076 0.07151120482676432 0.07116476406245505 0.10307296397132011 0.08361208605222979 0.06863871924088442 0.09621858174959808 0.0622343368780778 0.01856343969975332 0.06876812699383732 0.04657492103304139 0.05083077398063065 0.0634399743229791 0.0261728965920301 0.05766877097598344 10000.0 0.0547991901216201 0.07235269055052264 0.022537283099951642 0.08107516020303371 0.00969309245529337 0.06329804554283285 0.037578361406809896 0.06714943892043371 0.015401461289783643 0.07763503615157466 0.049911708335407555 0.08776222457284716 0.017552005409856398 0.07925207919947018 0.04651234431834725 0.07166446652501665 0.02883221176797275 0.062219800930416555 0.018161903616722916 0.09944686392022746 0.06804846784024043 0.021607509856442712 0.01085929347794235 0.02458469888330349 0.030578163203714134 0.044766576906489296 0.02919091227278818 0.0122049997528381 0.056969585737129985 0.10271611201509832 0.037019537106207485 0.05961695722840325 0.02421208292289108 0.060231542392278944 0.0740265493497506 0.06542111753456453 0.06556263549590731 0.0468151973297374 0.08322532571671896 0.06542088603484783 0.06977463330789012 0.04749854982575497 0.06641593719741719 0.08131792229568006 0.10219429134499095 0.044458076032645406 0.06237133823833883 0.07729176426368578 0.07619210141668238 0.09136216560698741 0.018073820654554876 0.011085679643470875 0.022505174510186365 0.03814145134800056 0.05702749356862323 0.022746594075120745
 0.026585242294256677 0.0074979880595349175 0.025894365651947814 0.021288744993920004 0.055385932207612336 0.04370126846501878 0.01563779861778212 0.05501506005832642 0.05701723254658161 0.042704480086514535 0.04890608231692487 0.03093467759623828 0.055907897315833587 0.04314431447015158 0.025784729371835364 0.038182152860697205 0.05523620584296517 0.026610468282967814 0.04165729583915697 0.022148420714361097 0.030721864403238503 0.013374891682939887 0.0547991901216201 10000.0 0.03258359806570354 0.05663296567219981 0.03357434342433296 0.05457302077459313 0.018827399934647524 0.017225630081390556 0.05929706588323267 0.0677126733025724 0.03483533538820844 0.009130935548300573 0.04123611514705421 0.06392250263046569 0.04501311755491072 0.026387628069957633 0.02440392942230629 0.0272085215534011 0.014899353816837081 0.036701366818451805 0.04684526451903383 0.030333129096709346 0.035108803267340144 0.058371440529433265 0.050943786656979406 0.054025354963997775 0.016360474121475205 0.041761163356699625 0.06044473347238509 0.05521313973214742 0.0480166676845422 0.023238142827354317 0.02756689076357262 0.036729930708328425 0.01576681456583636 0.03844417337871778 0.038818370311876134 0.019603006957479664 0.027851393246070406 0.04176973137203105 0.046543734079910776 0.029845461521734323 0.01193174302782898 0.04789481246896165 0.033266823562976944 0.048619522293036954 0.022726293844666023 0.008539877473114188 0.02662048056086664 0.04976535828095671 0.04319117298434943 0.038835566075206725 0.04389851657781489 0.053222294817741024 0.016714905562265008 0.047681228868757274 0.033135240396873614
 0.006707266038895626 0.025105278559911775 0.05734544586506809 0.04261093109985899 0.06054282002869353 0.031315662283810115 0.04821910720646033 0.056412934521734 0.0329126323685401 0.07392489282732632 0.0556377654376894 0.023973171427956005 0.088387678459248 0.032940830840186175 0.05718281564466263 0.06119771125577319 0.03244265203165654 0.026068106525855044 0.030912680485103643 0.05271962055514444 0.04660195133020164 0.04507825521197455 0.07235269055052264 0.03258359806570354 10000.0 0.06326948901453673 0.01292603063742757 0.07602698108868118 0.013760448877763232 0.041796423561106306 0.09187669673821604 0.08065945487916616 0.0058450120761175395 0.04138828753495989 0.06385279332814518 0.07402710465940113 0.07432808167002809 0.02608921043071412 0.011320841904496146 0.05225291033539101 0.044723000569998964 0.05717343759868385 0.03422323687011924 0.004374822568853382 0.05886340188862835 0.07103540945728704 0.056808564752342534 0.05620161520838518 0.04784517955237317 0.07010735765824615 0.07270951863407243 0.0875715903124053 0.04566362066098356 0.05264698286251311 0.013003389489411262 0.048429578703508266 0.01701513700483415 0.006746974421339689 0.07070966103182708 0.04859433929611535 0.06009511753772872 0.010958748985643585 0.02407411241763908 0.002906532471198118 0.028959846423627027 0.08021679761330777 0.05630242879887866 0.05784067026132903 0.027935242686617002 0.03514500457498833 0.01716464518424365 0.020403423443571583 0.021114614676812107 0.0618276823918479 0.06353403041355916 0.07915250711463492 0.04204909470316833 0.03198703019325051 0.05026943621968444
