NAME :TPP_input_22_5_4
NUM_VERTICES
106
NUM_CLUSTERS
22
Full Matrix
 10000.0 0.04428280368488694 0.006310820042686238 0.0604201514920127 0.060604031370161564 0.04986481161246716 0.06756920428581896 0.04441172728142066 0.026637764031271133 0.0831340711490687 0.07004795800349213 0.03836776317908804 0.026098975995036522 0.031232403204604332 0.06016127940257395 0.01256251657229866 0.02126022071622552 0.07165979560862198 0.04678316862798521 0.06279082799330249 0.00440578177826245 0.04969808937027462 0.03437020935360491 0.026575802204206616 0.04706559175262481 0.043128124202045134 0.04394949741119061 0.05221291749253308 0.07570189203665957 0.07425170004069076 0.03820381266822172 0.03107030804634476 0.04719469617677973 0.051124913491877984 0.038388429729717226 0.06220799156506336 0.04869231683514528 0.026350521825473917 0.07531871411488333 0.039669927290679856 0.05966863356045552 0.025274028133472123 0.0710113488868971 0.035572041142890885 0.03108836948927022 0.06550970077084539 0.0520289685343193 0.028096546234883037 0.04469820153890715 0.05295682940921781 0.0541937524966806 0.06671181143240301 0.03539100847554249 0.02567776233654297 0.06279145633669998 0.07696378087507157 0.033814340676484075 0.034919625645228006 0.04057893351314761 0.01752609098742854 0.037098095510471066 0.03093527673317549 0.054384247008579065 0.0447731567568722 0.009966639542508184 0.01759496267312316 0.06004348981304002 0.060171408263005884 0.07078031357970796 0.046014128709902784 0.060696117256894944 0.040974385128173745 0.05211399140100757 0.05736760161244128 0.04920239419548096 0.058970587416861356 0.016108144810680732 0.034071687871278414 0.05240593342197292 0.024789937325442775 0.062092569676990776 0.052564105072265464 0.05345204647291131 0.0247846670252126 0.052474778655339685 0.045957607170147324 0.04613681546981668 0.07075233892121034 0.05687949650397901 0.05557836880157524 0.047845891524384336 0.06770981687014485 0.05584241728226992 0.016639297127562583 0.015313475694894859 0.050956365899278516 0.046028897299836245 0.043103321554309904 0.0523445439449041 0.037440031526986876 0.007885571867064558 0.047554089265496556 0.001928565555979989 0.018712939803915547 0.042405148652049064 0.032319772145243876
 0.04428280368488694 10000.0 0.03990355018005041 0.08581989842152948 0.05047412426802428 0.08885849520664882 0.09081246442652491 0.07009024504226458 0.03960459461800387 0.12146332124484426 0.10716315596692783 0.07836685181255776 0.07011163341776543 0.014353936913007613 0.049249357426813335 0.05540430185461745 0.040387745886996014 0.06952623588531018 0.03528090227204162 0.06752920880647989 0.044561726612326304 0.016651732069267948 0.06374484800840975 0.018513232897305727 0.0351263500104343 0.06118234014260507 0.04069901504532032 0.08459622121520163 0.07413490455312303 0.09332094400436058 0.0641775978104548 0.05296582732057228 0.09127745732061418 0.007421275693839739 0.06806519422408494 0.09372156681320225 0.09291431754796087 0.047996291762830254 0.11600896627681168 0.05713708047535136 0.09807290673979736 0.019094186148022687 0.09438546272820635 0.026918789897232405 0.056918060419145274 0.10486713719615688 0.024857793087086914 0.01630578056748495 0.02593057145459085 0.030153010543535967 0.07419280519724676 0.06470248368624734 0.010965920583136071 0.029166986261029215 0.10454711169557768 0.10935116481873419 0.010488988139744101 0.07181703740422042 0.07855001634535409 0.03379594821985437 0.01889775999172938 0.028002671468891283 0.049180383037563176 0.016107031855522595 0.047672167283098664 0.06079686496102527 0.084026994002418 0.08278371941963596 0.11159607013544498 0.0897110512206701 0.08107208628701103 0.08359965443855402 0.008274367314758587 0.09476159633196116 0.06932276817076927 0.07074013158246334 0.028482507603439677 0.07352999787022634 0.06587485469488517 0.02414855155872799 0.09420022101076207 0.0563279467559753 0.03553078131615538 0.06012002975023086 0.00866338831384832 0.0053857887042737555 0.06630423609209367 0.10878661566227917 0.04689128269573416 0.08537444115055144 0.0910779611113296 0.08898813257047014 0.09768529295990079 0.05546084427073026 0.059559451040530904 0.04731965198179533 0.05935389416062076 0.06273272788665653 0.059058614691373135 0.03850034621866621 0.048630971297659066 0.05827646150330987 0.04550117189113673 0.04161246927148736 0.06434139187873647 0.04825696685456645
 0.006310820042686238 0.03990355018005041 10000.0 0.06606671199730228 0.06179293164706967 0.05615929326969109 0.07308975607805232 0.04984740011724893 0.028939768946994314 0.08941219427441065 0.07635766784989508 0.03992974543665933 0.030285515454712204 0.026225896334108913 0.061222941003745986 0.01878498849130565 0.015613483480984468 0.0742703936668792 0.04704572807392449 0.06608683941902772 0.009886683776776511 0.04710374954522918 0.03999099849528043 0.02323651676856181 0.0472835619800554 0.04757325615328717 0.04525890041869448 0.05833957161583486 0.07847333307594252 0.07943546052356563 0.043521356134137566 0.03549630527709067 0.05246306561132334 0.04643528124306746 0.044133666470379175 0.06833481897921048 0.05375050421545279 0.030363637803845607 0.08145975604666189 0.0438876834531626 0.06596643844416442 0.02138995786785799 0.07657576713344239 0.035083874186183105 0.036123603281274556 0.07176583172700782 0.0503861805472428 0.023599680108283217 0.043704669412288774 0.05198339586026445 0.05918683834924382 0.0692164533022983 0.030346392959588436 0.01938866155542276 0.06883006210318716 0.0831812297134515 0.029602152425003244 0.035126407430728625 0.04688793386660109 0.011215585724030442 0.03521741841493803 0.030687475791181393 0.0560137170206364 0.04237443911693532 0.008828393588940069 0.023645112451335083 0.0655522320984923 0.06554572310400046 0.07691777200100743 0.0515771904925206 0.06584444856121767 0.04694129830452629 0.04744196195256927 0.06367837280803518 0.054098866175699666 0.06307422517869873 0.01319671143633671 0.035312338444421665 0.05655017613339383 0.02316399763046216 0.06825222197301635 0.055391235309898555 0.05320335504857664 0.03082870948627793 0.048338489870276544 0.042137356740517856 0.050957806268349996 0.07704897340291399 0.057937061430282676 0.061549688467128 0.053602159393747004 0.07304292186903658 0.06188973301090557 0.022844847722614258 0.020633443322012973 0.05264517573866886 0.04993291320167557 0.047759808811475735 0.05557558455150996 0.038876307910863654 0.008852956919212973 0.051155199767456236 0.006442025229678222 0.021923989972813553 0.0473401227311316 0.03583885002929173
 0.0604201514920127 0.08581989842152948 0.06606671199730228 10000.0 0.055157330967732114 0.03222805110371965 0.007641989306066956 0.016565260836817922 0.04651737125402765 0.04713768117327985 0.0339211481370706 0.0809775550601985 0.06207261116530257 0.08011257297707422 0.0560840517517407 0.051366758694557424 0.08161045267262347 0.04640298074273148 0.05770103754176313 0.03517887059274665 0.05625523660044754 0.07810287833496092 0.026077770673229805 0.07014051117637003 0.0580944587860401 0.02495061701965133 0.049748239043774345 0.015256201789254105 0.04687191410485398 0.016896111683625502 0.023025127591740968 0.033559191743088704 0.05757083849588063 0.09293816017702465 0.022068143468618753 0.014291913631103197 0.06079696013224965 0.039091365951499826 0.05027203450500433 0.028798816955615723 0.03280775581113515 0.07164612538594649 0.01072839052053507 0.05971621546469002 0.030839531540137143 0.03893871732494885 0.07304265962686125 0.07569658808133171 0.06536852197386085 0.06883054600384418 0.013369243736630725 0.04516857724693549 0.08330048538890246 0.08332144336758353 0.04773530798352637 0.02659835952727648 0.07789319379333132 0.08397212271548615 0.030053889225125936 0.07640993831340569 0.06764435106546368 0.05784698224001271 0.04918096240006498 0.07412488157070395 0.0689888133088999 0.050118589098880166 0.0029754138965127413 0.005606108147755477 0.0478716019163849 0.05296791078087791 0.009707522702647204 0.04506261780008661 0.09358217274439196 0.028717006394271015 0.017066400839773864 0.02476007221388157 0.0652182569336807 0.07956697472477729 0.02443697514153964 0.06298264269936812 0.01570440049875756 0.03806349317716085 0.0637850187824538 0.03616368403714204 0.09015732760921488 0.08352486327443873 0.01973772588056416 0.03732780768316879 0.054834850817265635 0.009359832338394724 0.0500359197658008 0.009814808841025372 0.04501689018209978 0.04461147090102231 0.05603708051557797 0.047878982771528154 0.02850207912680016 0.02318725357451334 0.03413180624664765 0.048707669263187606 0.06591681494400875 0.030946830232002613 0.06148215548074022 0.04752195701233221 0.02149903483256278 0.037583111504507785
 0.060604031370161564 0.05047412426802428 0.06179293164706967 0.055157330967732114 10000.0 0.07604923062026746 0.05634102889412595 0.046371196226214884 0.034344278468301924 0.10125102295418861 0.08701336201521116 0.09784728114081395 0.08130274046673844 0.05473499186243966 0.0013477401149237904 0.06270566163474404 0.0736727173157371 0.019703653366365703 0.016353047717897605 0.022714322532308536 0.057093016482936396 0.03526268733589862 0.04827380194967323 0.04621805025534612 0.016325945432045436 0.03457839793659409 0.016654564029675963 0.06296335718580012 0.024136415132183904 0.05408422807823402 0.044438653530351604 0.03827300965170374 0.09242770053878956 0.055101727823825254 0.05026686838196342 0.06825106887810475 0.09528384041027708 0.03882227596938207 0.10142684669875517 0.03334224922001852 0.08197324925117021 0.049169827655158434 0.05918868729018501 0.028731126812966922 0.042683947275235966 0.08921274224748987 0.027054138878570996 0.051602411359226726 0.024769414716554916 0.021295876784807623 0.04190437815326184 0.015613596282156241 0.05530267994808033 0.06737286284626275 0.09437408729806182 0.08174244416204568 0.04902202033056857 0.09545083800245649 0.06718918016642143 0.06550063938799783 0.03398350474418475 0.03203852023983013 0.007308989600773836 0.03438261181030921 0.06999015607377686 0.06633242597760985 0.05234020248951861 0.04999314844249671 0.09795146894933941 0.08878404339364983 0.046454851671760986 0.08013924632419452 0.05522395150612937 0.07766385302389187 0.039636205222022505 0.031318466725864795 0.05073859122458607 0.09401476426151033 0.030807579036054984 0.04106979916942229 0.06939525639830624 0.017332521087651088 0.015246078506282073 0.05422062320883979 0.04971355470302444 0.04567682885761146 0.0384756497269898 0.08994807943872009 0.003997052902434904 0.0601255648138091 0.08792746673633835 0.052932959505191245 0.08897826191006128 0.05702559950312557 0.0696352463264767 0.010467185549512566 0.028836920742775485 0.036741703881453584 0.021170935307391427 0.02316851482824885 0.06845394220872854 0.025687844513304334 0.06252982597584858 0.04275986957006394 0.03983703376683852 0.032720383808969335
 0.04986481161246716 0.08885849520664882 0.05615929326969109 0.03222805110371965 0.07604923062026746 10000.0 0.03882306710996691 0.03029665405739158 0.05193768275455895 0.03332247546820011 0.020460376644083532 0.05496439361494545 0.03823781122679741 0.0785773274254128 0.07654461817259267 0.03744119795525032 0.06950505437410864 0.07375020849385261 0.07176895309393266 0.061758091349663424 0.047188010393930814 0.08708515219238701 0.028580360820452236 0.07054481813784343 0.0721902673613885 0.041572693933280655 0.06436460998254968 0.017058335420916063 0.07544097725875763 0.04868560604016428 0.03167005852770128 0.04030155696294742 0.02613044755264837 0.09626262060085944 0.025850735921989144 0.022085412546663397 0.029259721275040486 0.043208917945262215 0.02739724879102102 0.042816566159733144 0.009815683746072742 0.07075065711477255 0.04046644174793811 0.06785556862806462 0.03541150849315938 0.016035278559473475 0.08490217928559421 0.07455323265907722 0.07629898655266909 0.08248237007048506 0.03924989880841606 0.07101249600926404 0.08255333210105671 0.07554241721102015 0.018325422675834382 0.03136155813393846 0.07891131119929719 0.060334158454573024 0.010360751077120041 0.06734474949325092 0.07422739017578335 0.06411436586027507 0.0688902085695255 0.08220564824910655 0.054789456752763824 0.03316627871920502 0.034459972271272836 0.03671934289786781 0.02318786868922883 0.021571588919488786 0.040371369861131 0.015414477850872958 0.09713286162118434 0.008438908142342877 0.03851848824839768 0.05181141023850645 0.06187521242087118 0.05500141213213919 0.047972740355388094 0.0648373601263154 0.020931222578296865 0.05937492353269128 0.07919091156815096 0.028755205264300306 0.0955421244083529 0.08848710138311622 0.03845731618806905 0.0208909878361004 0.0742225841409256 0.02286890988416697 0.018189326353391207 0.041916921181984985 0.013474465979715362 0.03425977678301553 0.03815346109131224 0.06631397917198101 0.047472833868536395 0.03946633384679092 0.056082275325312195 0.06016878869909706 0.05173568053292567 0.05068536333273699 0.04991706250274605 0.04747545138178474 0.03635270519339791 0.04657818391682926
 0.06756920428581896 0.09081246442652491 0.07308975607805232 0.007641989306066956 0.05634102889412595 0.03882306710996691 10000.0 0.023260777910337108 0.05205766991563223 0.04922522543734174 0.03728651086979394 0.08859460998693662 0.06970748670880272 0.08594372017454116 0.05739032394314446 0.05883879615818324 0.0886787068051858 0.045022620759953044 0.060914684710048066 0.03480012378557598 0.06334389499684676 0.08202991179926118 0.033207760924851684 0.07583756187266782 0.06128744976111338 0.029641815603493764 0.05312089322585238 0.02224241870962288 0.04473826780169706 0.00987776695673028 0.029671718138099077 0.03957714126052459 0.06457049928489121 0.09778251409073346 0.029388979023093453 0.018506764091424467 0.0677779559369988 0.04519403413050325 0.05413839004969447 0.033738651700605755 0.03808735219954487 0.07751437031442951 0.003619424822137642 0.06426367551632652 0.03737908579205942 0.043540368983452794 0.07640136822133677 0.08153482025928917 0.0691366148855782 0.07183232813524046 0.01667934065630051 0.04464268758967912 0.08896696549984276 0.08993727793636598 0.05316016474016086 0.02673685607704783 0.08335640879084144 0.09161286083781109 0.037490832832126494 0.08323535498868764 0.0722986350176213 0.0628253268251969 0.05101965797360382 0.07832697928309028 0.07631470006994188 0.05771052748472802 0.007537963716110049 0.008072039764739218 0.05224216595962987 0.05996158759418339 0.010218533188710029 0.052278782759007714 0.09837629631878846 0.03429468581254228 0.021501218413840773 0.02504570444532389 0.07154143663815575 0.08720652248846958 0.026675189270718175 0.06860012226075364 0.019989250116304567 0.039926756490825235 0.06644366643034143 0.04356982765605551 0.09464303284695232 0.0881915086100807 0.024593737332094395 0.04085772134312653 0.05655670760595255 0.016307620720293334 0.05687834252335416 0.004096137937784834 0.0511071819012846 0.05199361561318056 0.06362228198347197 0.05020366563784933 0.03204041748710468 0.02821247526103697 0.03603462442555199 0.052922494013706786 0.07326590468536438 0.03396891222704755 0.06869557266280142 0.05385916835835821 0.027137082279518405 0.04292294964803903
 0.04441172728142066 0.07009024504226458 0.04984740011724893 0.016565260836817922 0.046371196226214884 0.03029665405739158 0.023260777910337108 10000.0 0.03051147265338867 0.05578830802056821 0.04123937763577082 0.06900505088969369 0.04991066649668879 0.06371837494309157 0.04699786013584206 0.036491510359417334 0.06544807084348893 0.043733773048444176 0.04490623872897009 0.031762480709946764 0.04014340752928178 0.06375506772930406 0.010275461211358743 0.0538522815559292 0.04532295793590774 0.0119350945292889 0.03698140633207409 0.01686274392903299 0.04580631208580364 0.03005679949872727 0.006464135588959886 0.017253320528919706 0.05127765038919605 0.07733192593457706 0.0075067551235382885 0.02422706934532825 0.05446378265389499 0.022662764401724635 0.05506526356769614 0.014524221269484413 0.035602688605018105 0.05524560779897491 0.026785686663105678 0.04474855663083281 0.014274270725710834 0.04284512802414726 0.05963118517904123 0.059305672611520255 0.051452043325296626 0.056093772618231355 0.011540170845024934 0.04076697970791925 0.06700165126028047 0.06679117036648283 0.048464496348286985 0.03962345068461128 0.0617590125848797 0.07076625328574533 0.023056186647429176 0.05998762857785077 0.05242988065808727 0.042342842525625 0.039436772446191884 0.059436897202454375 0.053394165345653874 0.03626292829081532 0.01572567093479818 0.01576934748781792 0.051589365829250396 0.04694424279968566 0.01678226072713809 0.0381789243002596 0.07802674073788393 0.03129422142135941 0.008649182513151754 0.02242576172052262 0.048659136893477006 0.06691351097612623 0.017790760663450582 0.046780553914817176 0.02498869302453891 0.029311378286318215 0.051783438831320056 0.02119272797955376 0.07497060468231219 0.0681644674917818 0.008162965631595579 0.043931168209454 0.04498265482884644 0.01563025213722994 0.04500149469437018 0.023325341291567294 0.043663400148211455 0.02936999765072696 0.04199366088720328 0.037240578198157195 0.017534740369644718 0.009741528060869403 0.025866596203274476 0.03450868300067614 0.05040629935650774 0.02070421716783093 0.04560791990829265 0.030969419714130156 0.0068094356283588476 0.022009930776429508
 0.026637764031271133 0.03960459461800387 0.028939768946994314 0.04651737125402765 0.034344278468301924 0.05193768275455895 0.05205766991563223 0.03051147265338867 10000.0 0.08316975111569234 0.06862195954626699 0.06351552981906709 0.04744925080410832 0.033963354385960966 0.034039595597978395 0.028762531282028724 0.04304617757978552 0.04533386217627921 0.022595445795468176 0.03747726673444152 0.022868559001112346 0.03518104468416547 0.024628611442992648 0.023792879131407454 0.022967755895695947 0.022728662005062322 0.01783931909756427 0.045278199819855564 0.04953800221146561 0.05598437468920026 0.024584847668387255 0.013370267926211148 0.06170674515414814 0.04689106857986036 0.02876856564966091 0.05417763229969615 0.06421158275216612 0.008832343026492398 0.07930502115424697 0.018553557865275884 0.060380129334941475 0.02561485348183807 0.055673708439797125 0.015921762144021998 0.017572148859164985 0.06751443071575948 0.033310642332288386 0.029576799003062634 0.024702949862294488 0.031788334619795036 0.03584148730174085 0.04029460115445781 0.03690945203444707 0.04039083700506383 0.06927525029671168 0.06978968322807194 0.03137845505829691 0.06123194380447983 0.041665144217503225 0.03561782960891852 0.022640386326750042 0.012366783088158702 0.027839280194431222 0.0303778143359403 0.03639053163488572 0.03294226364715971 0.044947124181263926 0.04398750991846632 0.0751247200692309 0.05875723879515002 0.04287196190600726 0.05085472834604711 0.04761321485112516 0.05667331016441866 0.030704838902989164 0.03601126096887807 0.021325806402708807 0.05967295216636867 0.029861685843743328 0.016542651056010146 0.05470663678197981 0.026497326583375596 0.030087565514743984 0.024237480896258903 0.044889250124702275 0.037948595369140345 0.027516478441194113 0.07060026764947418 0.03080851148099893 0.04578243799295735 0.05885401629931544 0.050747334703860766 0.06283781618116434 0.024025048220227795 0.03558013750579532 0.02439827021777683 0.02288819571302699 0.023889966319514212 0.026997065520267136 0.011415572354039135 0.03452136925136096 0.023286229487799227 0.02853693173433296 0.008429670896584206 0.02504942054529518 0.009202093450743895
 0.0831340711490687 0.12146332124484426 0.08941219427441065 0.04713768117327985 0.10125102295418861 0.03332247546820011 0.04922522543734174 0.05578830802056821 0.08316975111569234 10000.0 0.014640095869591013 0.08148756747068545 0.06822301238766915 0.11172097290711419 0.10203700402176541 0.07064484180571096 0.10232498909393509 0.09349301300232558 0.10059206736093158 0.08229970156888411 0.0805104788977252 0.11817169919042125 0.05860251009884378 0.10337189444200526 0.10101177431296823 0.06763419922990561 0.09272181097044076 0.038967192160996894 0.09369847383317899 0.057250264764188374 0.05986850036273396 0.07037658602862575 0.047984948584717725 0.1288845243078604 0.05472038459080161 0.033156519652998 0.049799778867953115 0.07434426714487084 0.01331380646561001 0.07023677435987095 0.02361821585267947 0.10375677998257024 0.04824152409265224 0.09881888024801862 0.06572432881354207 0.01778483610153907 0.11493072948995231 0.1076256099425681 0.10651161565193608 0.11172617045886861 0.05967160449579003 0.09228200003198782 0.1156472515611319 0.10880079979417802 0.025081564731680456 0.023523773921928424 0.11174754198399757 0.08860875418980725 0.04323354778394987 0.10056679403088295 0.10579980827391697 0.09553473415869336 0.09469633115668122 0.11349321294310694 0.08752113876276041 0.06612450552624646 0.050111663650512 0.05272232646525259 0.01633674405503797 0.04511400048405186 0.05677564407856832 0.04460554541512805 0.1297204572867128 0.026701776502145152 0.06162758595441806 0.07184254509513442 0.09504037790235802 0.08290004211641094 0.07059231133573479 0.09732174432813168 0.03192436954616307 0.0839188348542989 0.10756412321231555 0.061508954871884715 0.12773091246830817 0.12069298048397603 0.06306881552253374 0.012679823156468243 0.10034059614733715 0.04112789760964506 0.04133563917130678 0.05332125447322613 0.03049778156767535 0.06754453138300102 0.07067868539154944 0.09279476512816842 0.07282434063918011 0.06545647401738731 0.08010147507082926 0.0897105299109208 0.08455043952946065 0.07580841393245702 0.08311503677771233 0.07985431487349247 0.06259768977848405 0.07634960937562149
 0.07004795800349213 0.10716315596692783 0.07635766784989508 0.0339211481370706 0.08701336201521116 0.020460376644083532 0.03728651086979394 0.04123937763577082 0.06862195954626699 0.014640095869591013 10000.0 0.07321087169215969 0.057902490019694185 0.09779685626868621 0.08776023159997161 0.057747832317114944 0.08993954000501735 0.08023792981208087 0.08597830660942644 0.06875990969345848 0.06713784840783056 0.10356825115256353 0.04402038302038561 0.0892099478907375 0.0863984640972119 0.05312750962991555 0.07812399993341518 0.024385338654888754 0.08079280499249929 0.04627085653056629 0.04522921616790388 0.055760723378186515 0.04091871081281147 0.11458260626792402 0.04009521384948123 0.01963282845941787 0.04342001321626062 0.059807245994742846 0.01695803423890259 0.055644930420440865 0.010832472389681358 0.08971533836852036 0.03705439534172238 0.08422044058743251 0.051135086072610136 0.009208111317865265 0.10029063827502988 0.0936340965168143 0.09187371021642202 0.09710163955739179 0.045805024009692094 0.07868892373711167 0.10166272536372403 0.09569982448331277 0.020460415526273163 0.016124396555805658 0.09757538368447943 0.07944613713646291 0.02956824213125814 0.08756871971318173 0.09126104875877591 0.08098868061125294 0.08034964709124631 0.09891140203350705 0.07524328619588264 0.05360450563021692 0.03687498627079336 0.039517076226968165 0.0158623470774409 0.03712132166262686 0.04362609450958596 0.03415880564946124 0.11540346208356678 0.012718069168201127 0.04738708818005907 0.05826910797794865 0.08117773470818214 0.07390093049545064 0.05653862909880708 0.0830151615864535 0.0182500199287336 0.06969102432825217 0.09298442039735041 0.04748228221536358 0.11328779910687381 0.10626170839214058 0.048666160238817924 0.0036171757999122517 0.0859737088679752 0.026978615237091153 0.03317302197539253 0.04130477145941237 0.02280166892757847 0.05400144511730752 0.0586074084163999 0.0783598155942866 0.05842099377933611 0.05094225918874952 0.06592378025728995 0.07507078743149956 0.07218144257439642 0.06145151902081767 0.07019879211018133 0.06556055307679817 0.04804621880155154 0.06171493423006559
 0.03836776317908804 0.07836685181255776 0.03992974543665933 0.0809775550601985 0.09784728114081395 0.05496439361494545 0.08859460998693662 0.06900505088969369 0.06351552981906709 0.08148756747068545 0.07321087169215969 10000.0 0.019103969804096076 0.0640403126731845 0.09755486227013573 0.03571558685946961 0.03959282944507691 0.106171191746614 0.08492817402593765 0.09574109537483393 0.04113337848071314 0.08701960457205112 0.059460209426573846 0.06306319150470571 0.0852300954515365 0.07337679275423492 0.08133263166917842 0.06737173923199025 0.10969993925517978 0.09753418427983271 0.06466737615456311 0.06292484894624054 0.03356966595920384 0.08404670759080939 0.06150831032998399 0.07574111715919819 0.032188704566484504 0.060137808105452085 0.06946103912115471 0.07117107366796253 0.0628483435070102 0.06097129837608995 0.09129937199184508 0.07393958754764961 0.06045222483060318 0.06507349146577446 0.09014421065081453 0.062485741203408274 0.08303229327757584 0.09130411433802922 0.08050837126226647 0.10160315226062176 0.06779113642220969 0.051048762873321 0.05647163606494794 0.08627082061558532 0.06862815968592681 0.00903562788456619 0.05165081269076026 0.044695558732548296 0.07503516306676897 0.06929555853032023 0.09116155023669029 0.08230386281406442 0.031248182333727392 0.033560374199110767 0.08195099110098886 0.0832026834009461 0.06546694988225896 0.036469478108771096 0.08535945678829239 0.039618018936387986 0.08506479241849993 0.063209526055513 0.07661448015860367 0.08929206508002419 0.053113621390806005 0.004868720806789034 0.0830277361832809 0.06281048737339531 0.0748892173795747 0.08719569700499308 0.09176090157470441 0.04879072666429228 0.08701539084440464 0.0813518243549681 0.07430406639278782 0.07198262582398009 0.09431817174516997 0.07286218043402709 0.040357994837248626 0.0903492402889474 0.05122083032700184 0.042479669834360995 0.028811452915832623 0.08772538295427212 0.07802838819795177 0.07243068711755973 0.08597136859012283 0.07484354341124964 0.031297422668255255 0.0804058166012986 0.03650495491638985 0.05509052303603558 0.0704455070834436 0.06662890140681572
 0.026098975995036522 0.07011163341776543 0.030285515454712204 0.06207261116530257 0.08130274046673844 0.03823781122679741 0.06970748670880272 0.04991066649668879 0.04744925080410832 0.06822301238766915 0.057902490019694185 0.019103969804096076 10000.0 0.056500255352388645 0.08115472111735504 0.018687436873668098 0.03747208092039237 0.08808163616101576 0.06977121332994761 0.07730862591093982 0.027183710886956917 0.07558953762831139 0.04046099532023375 0.052671055499981474 0.0701142448379125 0.054703198436919856 0.06517556221550179 0.04890530568123154 0.0914253806660183 0.07852300959809434 0.04569518006836719 0.04482233991806479 0.023776969218351984 0.07671925222229996 0.04241044468184836 0.05774019831108128 0.02432965323830137 0.04271723633265587 0.057651728460593445 0.05276348362395076 0.047133259419875444 0.051268617218158376 0.07250480969990711 0.06000358720656327 0.04192405901670102 0.05076836079470124 0.07726407515280656 0.05381487775279973 0.0694188990272825 0.07749161587456276 0.06142374267702648 0.08368767657117619 0.06060478563175897 0.04705739019206276 0.04430882956498011 0.06945970413980879 0.059714097062174946 0.022390937029678048 0.033322276687780004 0.039081845445451305 0.06270673945118317 0.055298222106282595 0.07433629094670337 0.07059898919853269 0.023796432423557234 0.015204331572438046 0.06295192971696423 0.0641489300468 0.05325279726620794 0.024395933958652444 0.0662615107136338 0.023817835699498927 0.0777249843976433 0.04667384548399181 0.057599102405060255 0.0704560680067811 0.04220402435560034 0.017546673810268927 0.0642876564930411 0.05048531607533653 0.05701399938992095 0.06935549280113959 0.07701881364212801 0.029978193051214925 0.078442001330956 0.07201817278500415 0.055365837892012125 0.05731506541182449 0.07800434974811074 0.054208131177508355 0.02756507478562176 0.07134825506286929 0.03793388314193162 0.024517929809194962 0.011982942208394099 0.07094709439452924 0.059599456104623805 0.05364097318947989 0.06782472828508042 0.05885142311733841 0.02191822295211282 0.06213504319166926 0.024684934158969083 0.03914637874922179 0.0515373782306281 0.04913132514746403
 0.031232403204604332 0.014353936913007613 0.026225896334108913 0.08011257297707422 0.05473499186243966 0.0785773274254128 0.08594372017454116 0.06371837494309157 0.033963354385960966 0.11172097290711419 0.09779685626868621 0.0640403126731845 0.056500255352388645 10000.0 0.053699283170846206 0.04313379406605349 0.02626121316725354 0.07215013609213654 0.03841350392214673 0.06776839479074086 0.03229077840706708 0.02680021245254442 0.055909297492082774 0.010257302383610781 0.03841704776101713 0.056682079548810625 0.041355002376564885 0.07656712573575063 0.07676792255826419 0.08987778895585197 0.05740359131832485 0.04655346208809527 0.0784194510828145 0.02029327116311996 0.0603557088649447 0.08617776005627092 0.07985026974622969 0.041056638661572095 0.10521660463023161 0.05250676234366949 0.08812035854308521 0.008472825607309458 0.08956295362355621 0.026749306662737025 0.04968284350075141 0.09459073506758213 0.03333454086312252 0.004416026049788301 0.030573183749751074 0.037375101246736764 0.06980472506633079 0.06704703116082006 0.004158867494485808 0.01553876358294577 0.09320065336638608 0.1017455319841073 0.0063228381933916784 0.057469705658352965 0.06848930240176056 0.019443016351651268 0.020816813607604234 0.02531982577165656 0.05155451041452698 0.023648223589087344 0.03355323103450151 0.04846312200201025 0.07872508701209134 0.0778847032103841 0.10072611795548589 0.0772046409793274 0.07683470087581187 0.07172035468730638 0.02130867676751119 0.08515729382379617 0.06466368206898242 0.0688379265838007 0.01670352548814156 0.05919705446452462 0.06315456320050984 0.017526416848774116 0.08646277281208327 0.05616502364430062 0.04135589774472661 0.050315538139647197 0.02301723266128877 0.01800674067076051 0.06146493095954589 0.09907571012294229 0.05080746464126804 0.07822004086579835 0.07888869601997604 0.08470940983221162 0.08626548000699391 0.044415508544400246 0.04651265701817356 0.048943514833442225 0.05623874954617727 0.05784113779830808 0.05810746622182438 0.0371032658975393 0.03473914071763938 0.05593083674590315 0.032211598441954106 0.03312998110562176 0.058828592094485405 0.04316350709106489
 0.06016127940257395 0.049249357426813335 0.061222941003745986 0.0560840517517407 0.0013477401149237904 0.07654461817259267 0.05739032394314446 0.04699786013584206 0.034039595597978395 0.10203700402176541 0.08776023159997161 0.09755486227013573 0.08115472111735504 0.053699283170846206 10000.0 0.06252648591930098 0.0729237233304228 0.021042137465004013 0.015383164426978898 0.02394341411317671 0.05670934887259362 0.03396351640813835 0.04863377673784027 0.045289520525232066 0.015331547979119982 0.035155414977118674 0.016250117227840876 0.06365124365130649 0.025462756219347835 0.05526342834628731 0.04489953091466481 0.03844051056083065 0.09260500552633824 0.0538218478411651 0.050729434580894385 0.06908134456117458 0.09543907720029346 0.03879401783322456 0.10206306902205196 0.033774438422181856 0.08258917925438482 0.04825009187163875 0.06026934984653402 0.027854545193002917 0.04291872701070347 0.08984233683007707 0.02573436342888792 0.050619948685362674 0.023610387199005274 0.01997467189052682 0.04279784543623412 0.01695915617016956 0.054204705637431766 0.06647624245829223 0.09486960563285826 0.08267849742224867 0.047942933682759356 0.0950411326573779 0.06759077808271431 0.06473447660130827 0.0329191914774341 0.03127968068539945 0.007659708419287926 0.033149772795456396 0.06948051386186813 0.0662355150888722 0.05328451398659958 0.05096019521934202 0.09855288276149948 0.08900322939721936 0.04746198274782648 0.08038816798985163 0.053936448978936666 0.0782905859887044 0.04040971817696901 0.03239349173518328 0.05001798323934395 0.0936815970765645 0.031691895738079914 0.04026584948630557 0.07021079479576689 0.018139959806447867 0.013947132696712529 0.054339070957868156 0.04840968760008779 0.04442493573032486 0.03916260883901425 0.0906677959879976 0.003288630528596888 0.060909301253019354 0.08820446483034027 0.05401657991210393 0.08941395124702327 0.05694997248771758 0.06944049166454619 0.010577805412928128 0.02947681847304345 0.03732977795459079 0.022020168138669468 0.022767862628678533 0.06799483101298989 0.02635789001201818 0.06208880421070828 0.04246696381475844 0.04041282908502789 0.03278019659031058
 0.01256251657229866 0.05540430185461745 0.01878498849130565 0.051366758694557424 0.06270566163474404 0.03744119795525032 0.05883879615818324 0.036491510359417334 0.028762531282028724 0.07064484180571096 0.057747832317114944 0.03571558685946961 0.018687436873668098 0.04313379406605349 0.06252648591930098 10000.0 0.03242971585737828 0.07048337984711422 0.05114229068078039 0.06026019500788116 0.010883554798496349 0.05848234902202947 0.026237780610905686 0.037056808034380814 0.051491456421205256 0.038394608316861395 0.04649931602361688 0.04134471577340313 0.07407952181295338 0.06648560495692334 0.030989749422134658 0.027341208059758447 0.03604697032380832 0.06251089280141477 0.029534510876039775 0.05124992584700592 0.03794733704678062 0.02444534082374556 0.06276636632232123 0.035790607812583 0.04725643913377079 0.03634173156795295 0.062093839036526495 0.0418047509726488 0.025409337995377274 0.0529823449563214 0.05935482441229677 0.03962397715241545 0.0512586490097774 0.059193645825255846 0.047395566924942505 0.06588971240798318 0.04727457976370216 0.038165564846917605 0.050313447888629445 0.06548735619150979 0.04494125702539644 0.035328390204422085 0.028495753412285014 0.029922464873396924 0.04530773478436691 0.03713469621159483 0.05581293472057931 0.05341603583378627 0.018217620088334937 0.005392828775087683 0.05146799897258273 0.052036360335997074 0.058229940412459 0.034306988814101935 0.05326289473257368 0.028616367874709968 0.0634725002240463 0.04512797609360521 0.042861089705531 0.054534029427479806 0.02694768983497374 0.03248260407785641 0.048081445348432256 0.03345910532089514 0.050977755408898685 0.05148082275602576 0.05845161026160878 0.01534061109890706 0.06321574579252753 0.056413279198965396 0.04014783736638637 0.0583291047518599 0.05935823233257026 0.045367571768954375 0.035782009201133724 0.059578465311027666 0.04336164639357422 0.007275711690631106 0.006964866238978892 0.05240299712244207 0.04262125438331394 0.037754206912526074 0.050326308155826546 0.04016416785930994 0.015061186384980475 0.04484601768368087 0.012477364410895123 0.02048841632438209 0.03624005478456563 0.030931714140422388
 0.02126022071622552 0.040387745886996014 0.015613483480984468 0.08161045267262347 0.0736727173157371 0.06950505437410864 0.0886787068051858 0.06544807084348893 0.04304617757978552 0.10232498909393509 0.08993954000501735 0.03959282944507691 0.03747208092039237 0.02626121316725354 0.0729237233304228 0.03242971585737828 10000.0 0.08789801676035533 0.057896704594241406 0.08052216837364447 0.025355217172829826 0.052249916629111784 0.05553471615768491 0.02926327301539289 0.05805419401206651 0.062964112960374 0.057700431964107374 0.07333521458536567 0.09225988852992639 0.09503970835684175 0.05913300010714754 0.05093087061873754 0.06120601496605612 0.04522617725431571 0.05961702402407203 0.08331854219802472 0.06177868523527689 0.04564974299478847 0.09330750900073566 0.059176438806907115 0.07928997947366004 0.026418171328218835 0.09215300220922536 0.045332442657511 0.05172549269054633 0.08454446074810672 0.05754646454237285 0.026181256564780125 0.052523214540681984 0.060446361643172325 0.07476231203345385 0.08276173125234498 0.029440032920855497 0.011606913687341694 0.08022471554915875 0.0978492471529533 0.031948138089398365 0.03204570333198259 0.06091005375912044 0.008249845052547637 0.042877690291958606 0.041644083555693025 0.06862560938133838 0.04830874871271054 0.014813762676731377 0.03633889397470514 0.08114257634637215 0.0811566155425918 0.08878100749147821 0.06134283419898225 0.08144671829489583 0.058385520850947926 0.04622954250796946 0.07742064912645988 0.06965330042151201 0.07820583361354684 0.022971716337592013 0.03474777463158616 0.07173455253896038 0.0327455596776774 0.08314690052064312 0.06944705175641815 0.06297143345786393 0.04602071833545179 0.048983768352263306 0.044264537656561194 0.06649338842071065 0.09028673146755989 0.06970010968659775 0.07682368590941047 0.06402380825274255 0.08865619656827367 0.07342185842853315 0.03775380530945931 0.03167949812313359 0.06540288761302519 0.06498836490878081 0.06324296265963819 0.07003147855620234 0.05168910839003617 0.017785399943509694 0.06597303520532069 0.020449203313073323 0.03694322642573322 0.0629122009284559 0.05075824785785818
 0.07165979560862198 0.06952623588531018 0.0742703936668792 0.04640298074273148 0.019703653366365703 0.07375020849385261 0.045022620759953044 0.043733773048444176 0.04533386217627921 0.09349301300232558 0.08023792981208087 0.106171191746614 0.08808163616101576 0.07215013609213654 0.021042137465004013 0.07048337984711422 0.08789801676035533 10000.0 0.0343681087854568 0.011994736513571334 0.06758498341163652 0.05483726122644697 0.049609953683508776 0.06278362296422269 0.03447965662695621 0.03429887361487404 0.030980911663791556 0.05808922783798269 0.004635110431575637 0.03993170613425647 0.04462987112760974 0.04329256081190093 0.09443683107190408 0.07453366726074026 0.049893187772983474 0.06062777617108598 0.09754613658431442 0.0462431484088021 0.09617943583081592 0.03545066633526178 0.07753657930186363 0.0655913187097649 0.047058037019559386 0.0454124073918579 0.046320953425951036 0.08434823167846599 0.04672333541885517 0.06856805538535037 0.04359680587539739 0.0409735811544847 0.0349762017451237 0.005169503925437318 0.073274739169954 0.08326718146818406 0.0915391318480618 0.07172618827594521 0.0668926798409862 0.1053110251974525 0.06670785448276766 0.08005148184259905 0.0519673183052047 0.047570948426162156 0.020642653447819237 0.053572465403512466 0.0815618811201848 0.0729109821117458 0.04342918001105096 0.040799506408111245 0.09334298459371237 0.09027490036659273 0.036723547720907135 0.08144212179079735 0.07470476843931889 0.07318939795439097 0.035258947707544314 0.0222029460574475 0.06515762226455381 0.10292791613384666 0.025960276513939937 0.05661967097421065 0.06198994549349127 0.019156128154937925 0.034869504311903006 0.05852740939470762 0.06929582551921097 0.06494180586516413 0.03577787933426764 0.08356143812824159 0.022803192032875418 0.05373626994640059 0.08859130334082027 0.04106187254467448 0.08721186448275803 0.063739161095042 0.07735998382097603 0.0232429496934838 0.028755177450675178 0.035932393168327394 0.020257135863928397 0.03637184785396456 0.07946872180682268 0.02599821197988845 0.07350299299964326 0.05294751613466489 0.03877916640768676 0.03980219883700222
