NAME :TPP_input_29_4_1
NUM_VERTICES
113
NUM_CLUSTERS
29
Full Matrix
 10000.0 0.04104758161561625 0.057155703025098065 0.05813570960511617 0.07795029918641434 0.03167653571162365 0.035341901377396547 0.047694662199857046 0.03285728185851031 0.06265572404645857 0.06264761447102128 0.05944341776538905 0.05707049786192983 0.042960511606893514 0.04373899520167912 0.020306064623187417 0.03956927942644532 0.02468262219895947 0.07665825019567522 0.08235916438829201 0.08159321222035337 0.08133275125620061 0.017318965234955675 0.061390307870257184 0.09104879042442988 0.08742692861848894 0.023743441728293572 0.05523552827224816 0.017913532782322533 0.06066442209401033 0.01634915525355364 0.04835084856877407 0.0711017819277127 0.04521684115625578 0.0436156722987344 0.08262402971314778 0.057221730345407104 0.0042566659253124445 0.04376837328179846 0.011121297944081671 0.010966214161648414 0.03830888952305258 0.07766318308245539 0.09196874115981529 0.020699497688154635 0.02490784260153434 0.05516462693793465 0.0614046288561279 0.04833452556568664 0.06343066701617557 0.06637484805957906 0.06502689185901944 0.07512207071235373 0.028881423337622482 0.03878355922974695 0.042042939839166106 0.03781634844249571 0.015125803990829132 0.03303292272723604 0.003689428689433424 0.06757464742564331 0.042191310030906815 0.018220284077699 0.05902326717423481 0.03094098636786936 0.04326951057477001 0.056397977954066175 0.07314480430457647 0.07254333211663441 0.02534509918144894 0.008285264194762795 0.042189674963795935 0.05957611241483238 0.05315638636022732 0.033610913141817036 0.08373416775036954 0.06839334635239153 0.07017348794637819 0.032473848572112114 0.025846736459830155 0.013321156277143326 0.021289822572284296 0.07385395061563013 0.06822887761869527 0.057025687518058706 0.06386018401716557 0.005660122465794486 0.0456689359975129 0.03883727700341439 0.056343164200447673 0.07366193883088387 0.07988527940255617 0.05156901440232476 0.010186384973156439 0.012938610906729204 0.08486131927903799 0.07763848465060175 0.07880104382845489 0.09457445379273992 0.07623170103451951 0.027796939557124204 0.013470812395806244 0.058622678280155015 0.03931019934010016 0.09419935463874089 0.05497733739998021 0.042389777919393676 0.05479959626704209 0.006902318496767108 0.07161620194154558 0.03869989985214712 0.06558319528562655 0.0682779202021215
 0.04104758161561625 10000.0 0.0456592223691402 0.09802684919391441 0.11377025804782023 0.034021830545618574 0.03925414363347227 0.08801013463586045 0.03457619364112107 0.07795952693347069 0.09671429778508905 0.08845466264006255 0.0977622741985184 0.07660215529164754 0.08459439666847675 0.021307872659134256 0.060765880884523775 0.018045588086927185 0.1059075298257166 0.08456129246197876 0.07749214522480248 0.08526061631517927 0.02658699733279276 0.09545625427132412 0.11914199581100116 0.10632543819222096 0.05986290974905603 0.04537758652628921 0.058960122936639194 0.06064107153598812 0.05229893743147937 0.08296209731921021 0.07878263291425996 0.08624570307141266 0.0568136742890783 0.09236792414094883 0.08048012797047448 0.04281267436546278 0.017740642752267492 0.03000957126604991 0.04672256471227094 0.01930606765577649 0.08891051832871007 0.12114112055283481 0.02286575693088778 0.034207985071546834 0.07216744654407684 0.09843632372940793 0.07476666068384347 0.07108793771783067 0.10266431518319574 0.08836778378480777 0.0710789769214389 0.03384649450493718 0.01636732719809425 0.08161698735109613 0.07101365899411077 0.02791698298201951 0.044688652876015054 0.03756532207755957 0.059175879452779426 0.005022254204644469 0.023647749967119335 0.08470551816111681 0.03395611351989719 0.0732798756007575 0.08810602077302108 0.10463544837581355 0.08769628354584433 0.061546445227400326 0.04107421913652425 0.04722592053509074 0.08037001034299747 0.05714196889989999 0.06297506204797626 0.10125482957859208 0.1016014389081435 0.1003655890919968 0.07290185783762043 0.03244071087254067 0.05436277426503198 0.05707176018821615 0.11029559768616773 0.09572428850173893 0.048181857796355226 0.09633353109735182 0.03677253211182303 0.08275156771849793 0.05433277519283016 0.054906029217339156 0.08778787322390619 0.09330108307334953 0.08561676438756251 0.03767724836424901 0.04833688552482299 0.10597450216072998 0.10580671320939612 0.10696131777867997 0.12157060853590342 0.10854118947083106 0.06780172157540448 0.04786169461114962 0.07343009462311553 0.016818243093003907 0.12183337928401568 0.0835447347823667 0.057370664529208526 0.08803680722232862 0.04770670109395943 0.07305736406262131 0.03396856464751652 0.09804905055709007 0.08578007234790867
 0.057155703025098065 0.0456592223691402 10000.0 0.09437212799661453 0.09805120278421539 0.025506822760324822 0.022917667525020738 0.09931290509736145 0.024349971113051497 0.04408382290276576 0.08056048239370876 0.0668513117827764 0.09779089068740947 0.06472784976638979 0.08760893362426009 0.04440301929748793 0.04075492632769995 0.04088354159387893 0.08127524693940182 0.04023656978520222 0.03187786788082173 0.04163166243185775 0.04233900729659401 0.07953992840051709 0.09135854231574111 0.07061464021202689 0.058314242919985625 0.0024089598599265367 0.06970765178966178 0.01860700644935383 0.054758991657076705 0.07073682876561252 0.038222483710738504 0.09293729433697433 0.030599575512848944 0.051320922638817976 0.05414783888510455 0.06126176973329492 0.028004161489297814 0.05012839560847899 0.06789122479674575 0.027348781104134603 0.049334728637010494 0.09446834127285163 0.041019559156741624 0.03235215824706287 0.0418866096545313 0.08731773483593396 0.05403956035837057 0.03222793184920396 0.08938940739636175 0.060056748461855956 0.02560514267923244 0.028319755716582726 0.029825668816209027 0.0957381723912027 0.060455275482400546 0.05556439166027115 0.028843455223420612 0.054133174121921014 0.013520907980383736 0.04089678441074893 0.04459494446081955 0.0599639941354638 0.026246793414184556 0.05756692229225059 0.0702217539236406 0.08322345799834921 0.05146124792364152 0.05931666147076685 0.06344327964308806 0.020719894506902498 0.051371585904473265 0.020558716825897622 0.05110537207532475 0.06497345781061 0.08322510022908294 0.07787301434104128 0.07584294244535238 0.03130910690844632 0.06644983297347165 0.056498917525548614 0.0962216515510583 0.07064715934085475 0.003687342858522966 0.07779248511881673 0.051683194142375245 0.0748976955737426 0.032641814576103996 0.014009068937915667 0.050657881137566335 0.05474458315063576 0.07182135277705946 0.04721624524372932 0.05295201049755448 0.07232627925821286 0.0798302814384704 0.08080407780875214 0.0922436956317566 0.08772586191466364 0.082064607112169 0.05180342517389596 0.04045907431071875 0.02925123975296582 0.09321806341668966 0.06264142381878501 0.03273304115234105 0.07240727762826675 0.05999644600765348 0.02943620975118527 0.01853030328681813 0.07917441136265004 0.05207595509983157
 0.05813570960511617 0.09802684919391441 0.09437212799661453 10000.0 0.029031268943080682 0.07441980953519288 0.0735294380857559 0.03131081543063267 0.07500792798685166 0.06678139538461159 0.02701642511357973 0.04017697561209107 0.007995980951989237 0.030506470447766998 0.016896875050903187 0.07672494368807375 0.05438231402672456 0.08022360040318818 0.04594419966998973 0.09523981583600417 0.10234214123357308 0.0923626829445653 0.07164964197048361 0.02674661660025472 0.057529533369260255 0.07329857911187171 0.03909977700670103 0.0919635505544254 0.0415395115210548 0.08549371959097965 0.04603845238004852 0.02588100765901256 0.08148925068393253 0.022123394381895634 0.06500575751799216 0.0851179466515396 0.05180752231484694 0.05799158855069469 0.09538251824589838 0.06845996592493704 0.05782682287820036 0.08921793900898135 0.08000096075761426 0.05580147439105258 0.07546160747732164 0.0692478943079818 0.061866147143156865 0.016016858869156058 0.044983180186430695 0.07779241127477943 0.02059263792373176 0.053788297995703775 0.09804642718819276 0.07231955997224923 0.09097032659452108 0.03701172443799069 0.034016704037287175 0.07319074619259072 0.06631644050081616 0.06115154061160924 0.09782524543131828 0.09809727920248869 0.07438020136214717 0.04743124355639876 0.07386052373012021 0.038545912427757165 0.03303266748978894 0.03849598555181454 0.07130170806802663 0.0375662290945376 0.06189391769450319 0.07365368505859388 0.05682070249585798 0.07794595814888221 0.043267561003768544 0.07345741477969696 0.03153939356811709 0.04051182280376176 0.02574916301093246 0.07124967239147756 0.045820519465717156 0.04175041105818754 0.024273103111032823 0.046205688593027684 0.09208228031313676 0.032137855717136635 0.06147457850246546 0.019720118735598653 0.06195242596897906 0.08489616398930225 0.07347943036321185 0.07795398105770901 0.026719607462308566 0.06047051745117384 0.049852403201051394 0.06768890088249319 0.04900805497793579 0.04966229238778413 0.06235831493103858 0.037935403391719906 0.040129952436976604 0.05046922177350989 0.0661292591609291 0.09127590063243736 0.06074296656642818 0.04063100783010307 0.06269225520624669 0.028757137895142868 0.051235435929909895 0.08965472375014531 0.08096766503458125 0.03267519743841833 0.06551833958421814
 0.07795029918641434 0.11377025804782023 0.09805120278421539 0.029031268943080682 10000.0 0.08421433505075579 0.08143966897643581 0.06033593278615654 0.08440659509223374 0.0598088135464437 0.017740919730408106 0.03171230422893325 0.03657915339200407 0.037213979182107615 0.044493525039537 0.09328954960901645 0.05811357032513928 0.09579883916067718 0.02498585610523415 0.08658682431597224 0.09661842689653512 0.08322787844074578 0.08744973315311128 0.018894698443137275 0.03167141578494227 0.05470928140269119 0.05481472803838926 0.09574036423661877 0.06446924855484351 0.08445216221113402 0.06264922526608697 0.03080904881093698 0.07400641536603543 0.050885386570024484 0.06754678446022079 0.07290697966666883 0.04542757068061374 0.07909483048846647 0.10689015813655656 0.08654579271472515 0.08078212939489195 0.1008966208220906 0.06868804173792582 0.028935313946533005 0.09101835905474434 0.08091734415577131 0.05800242961748336 0.016951779249227115 0.0440373151054025 0.07315544439674178 0.011605039788733246 0.04277869221788973 0.09399195460734286 0.08288277359143975 0.10325682294401725 0.06576714723304164 0.042783709461176274 0.09280294522480159 0.07397107451298593 0.08015716923059565 0.09748494925758182 0.11266695824176116 0.09097340363725996 0.0395064860862847 0.08385418269597018 0.04192104934472873 0.027893437484450334 0.01827506800991518 0.06010897400625205 0.053116979231386655 0.08367329129337964 0.07842091239218273 0.049663738742941714 0.07847083663476949 0.05139830356698693 0.056877692498702594 0.015140387710931087 0.02334826834629853 0.049011324476204786 0.08292577008731339 0.06793207489693671 0.057557219107976745 0.004812103424844 0.03162733887463683 0.094998577973359 0.020351441033369923 0.07967719313299597 0.03230100135341438 0.066436139165682 0.08580530452153193 0.062306013964691535 0.06484259932246239 0.028284291968833787 0.07688747732263022 0.06667699910549452 0.04861953080492999 0.028306219096905602 0.02836259805308577 0.036439429579904134 0.014702901577299952 0.06665424426687833 0.06683845397499062 0.06118792213372434 0.10339231061550129 0.03446850217582444 0.035493506851654075 0.0655358554156649 0.02642046141915801 0.07147857231131975 0.08447384329498335 0.089275613085418 0.01913733386084976 0.05514188964739409
 0.03167653571162365 0.034021830545618574 0.025506822760324822 0.07441980953519288 0.08421433505075579 10000.0 0.0056500813654896806 0.07497254180282062 0.0012131769057675448 0.04411088910228392 0.06655279361616434 0.05609575614638412 0.0765173677025297 0.04757359588405145 0.06505363887435592 0.02222866259805394 0.027608446535623013 0.020458583417091027 0.0731050746818106 0.05523557265835685 0.0517983457009979 0.055089704746690095 0.018277605966922447 0.0653562974390042 0.08580026531562182 0.07239202188642516 0.035881806156296284 0.023559143800237117 0.04476468181515594 0.031526210567707574 0.03076245143255133 0.05406801939980219 0.046801107904709684 0.06949373990377382 0.022804284312260732 0.06006576054754866 0.046839279137466716 0.0358177178788616 0.02278929790356285 0.025595318013390794 0.042486009488518606 0.01704554418910742 0.05608048479213811 0.08805297314538986 0.018333419853085894 0.006865484572383318 0.038149778761494085 0.07064702532963157 0.0421746624106931 0.03881590532563674 0.07394591064621323 0.05458684937214753 0.045134707328956275 0.0028169716751935896 0.01975920967499122 0.07086492945349834 0.04232404284385947 0.0321256189129123 0.010967130679281388 0.02875347611298622 0.03626233478537489 0.031103444116664977 0.02153723538515119 0.05145033390960656 0.0007412875201542622 0.04234936095992549 0.05698367464414558 0.0727339745229918 0.05401322855044952 0.03721481799985275 0.03826410882779149 0.014275478493011345 0.04642684802190754 0.025577097324454724 0.033041646080707164 0.06741527034315423 0.07069086901059982 0.06804273021897378 0.052892888864305945 0.005894108587839853 0.04124134185421082 0.03357768260286273 0.08139560956351446 0.06263443122204738 0.025396961274423202 0.06522247250688298 0.026270646284070033 0.05613312198303237 0.02046687947950605 0.026340666149328347 0.05427707863126097 0.06002828341655449 0.056098124760752044 0.02171131250138992 0.02830107576607627 0.07195278916061347 0.07268392271793644 0.07381522399597311 0.08797517093944877 0.07691467754825465 0.05694872641935015 0.02721367116264163 0.03956486748569587 0.01974296561934891 0.0883600479670982 0.051239374845827364 0.023369645633050506 0.057809167354806165 0.034606997519020126 0.0437198538312298 0.007363643132665337 0.06686208324390512 0.05182109053841095
 0.035341901377396547 0.03925414363347227 0.022917667525020738 0.0735294380857559 0.08143966897643581 0.0056500813654896806 10000.0 0.07643931478323547 0.004781687294691815 0.03871747308846729 0.06370564173632183 0.05237882985679998 0.07619745965003714 0.045455561162836 0.06533575095858374 0.027749421035803325 0.023807848558017486 0.02610548442901295 0.06904506543408086 0.04978770816440851 0.046895470262460444 0.04955361420356727 0.02345334642069241 0.06254522670130676 0.08138752779191973 0.06707133386432301 0.03594288386231104 0.0207126494260027 0.04681717666697059 0.026318965445659915 0.03188547052794744 0.051868122660733526 0.0411559121467033 0.07031186447650277 0.017667098382436464 0.05441673882084036 0.042346124526427616 0.0395712658267961 0.02661228616783557 0.03041964485686158 0.04628893644892355 0.021365589618244477 0.05045110661120733 0.08378542407939774 0.02383581802561868 0.010753397859043771 0.03300813484220577 0.06858580829760147 0.038485931110128845 0.033167582115168424 0.07154236003761823 0.049919369653524094 0.0402797816307376 0.007463177495277304 0.0242696422772798 0.0728245861185487 0.04047626315429717 0.037289096658448255 0.007507146279666716 0.03273493502109656 0.03224439393286226 0.03605942826702823 0.02692545201616637 0.047233962419840264 0.006050777029371758 0.03954101123781945 0.053848419961312254 0.06911788556574283 0.04853913797883999 0.037096011976373924 0.0424438303415772 0.008635279145887229 0.04157723268410789 0.020025429179880767 0.030995768106000306 0.06202247765664919 0.06751158099152114 0.06425602467983046 0.05336102487130271 0.010638956252356918 0.04366652242709828 0.033924868549334686 0.0788649539154941 0.05845893829381348 0.022072918350181697 0.0620067993263228 0.030213589173340157 0.054674292902634807 0.01601668134768045 0.02138635598619722 0.04874757357250917 0.05445224623093437 0.053629436523237185 0.025169170738929072 0.030042305926176863 0.06681868034787976 0.06844408713968599 0.06955727453068405 0.08338560128027105 0.07339508790905236 0.05920870645503676 0.028890425360844817 0.03418204356840449 0.024148438866058792 0.08385604221080592 0.04759910651920484 0.018516399589391556 0.05503829892784773 0.037415996279184995 0.03833311501013615 0.00783830004128961 0.06360002880221578 0.0465304031439662
 0.047694662199857046 0.08801013463586045 0.09931290509736145 0.03131081543063267 0.06033593278615654 0.07497254180282062 0.07643931478323547 10000.0 0.07594219877579494 0.08481336747123068 0.05511403919352001 0.06405408345445833 0.024179344008910034 0.04771449142431261 0.018248765578929044 0.0679448723572051 0.06555505559478014 0.07237455462220144 0.07458176593250945 0.11181461547843069 0.11583593886812302 0.10955368357137601 0.06477025394479441 0.054409451761886794 0.08746997386920699 0.09869835714863832 0.04194632411880445 0.09704380485833694 0.030627206569177046 0.09612114640584368 0.0445569542575264 0.0470605801268404 0.0982437136538292 0.010317587411800335 0.07507561139291899 0.10530085416699793 0.07183872272971355 0.04528625179292222 0.09117542769767582 0.05871025573158657 0.04157459990957809 0.0854475446295385 0.09991211117400005 0.08619807598361341 0.06831914005320724 0.068369514659608 0.0781829976312286 0.04580749926795102 0.06267374814636868 0.0925440930507426 0.05111921610461343 0.07649901732447666 0.11033277626129352 0.07228143916710636 0.08623348259531659 0.00777905849018965 0.04753523182590972 0.060235949445299614 0.07078637132650628 0.05137714015782888 0.10657217795957379 0.08966595175035695 0.06590839345636836 0.06936088424290399 0.07426259975596625 0.054911691717845705 0.05718863093036028 0.0676550462414683 0.09193915029834673 0.041412601993767915 0.04709093693507702 0.08000329977097975 0.0764876321643618 0.08796907877573444 0.053421700584584224 0.09757718034344576 0.06067954500774331 0.06834324791873897 0.025303188818500758 0.07000533248650004 0.034829674881308934 0.043226307806288736 0.055562751512689655 0.07205104021671077 0.09805832535125251 0.059607385650481015 0.052932882277272865 0.03921087234488448 0.07068193130390032 0.09369423929872787 0.09388465517865906 0.09936121322765391 0.04968303778717184 0.0549138720489121 0.046672514465852834 0.09373313252521347 0.0772745071850056 0.07812151377159515 0.09219629086852739 0.06799213917584072 0.02021137244399888 0.047770059022495176 0.08264995290737427 0.08672328255164238 0.09078076840080977 0.062446184620868116 0.0729040358625296 0.053038808641435876 0.04194661201633937 0.10367444244341181 0.08231728964102646 0.06065385310278723 0.08621811144310668
 0.03285728185851031 0.03457619364112107 0.024349971113051497 0.07500792798685166 0.08440659509223374 0.0012131769057675448 0.004781687294691815 0.07594219877579494 10000.0 0.043444465728129295 0.06672048445032693 0.056034023792768665 0.07721014766863399 0.04789386639405501 0.06584306279280298 0.02332453781201727 0.027487727072128907 0.02143206480158495 0.0729526997054463 0.05414063049447432 0.05061054471687551 0.054030644568180054 0.019462340060416885 0.06553202339652595 0.08554102046617418 0.07176934558204641 0.0366066683408251 0.022382849427966145 0.045795603974374204 0.030382120027088715 0.03164863125528511 0.054376503517406 0.0458455960640187 0.07036912787889478 0.022246552591944843 0.05915365776531621 0.046539742497815006 0.03700586912084193 0.022773648981711796 0.026803554613040764 0.043678895451301186 0.01717864616128828 0.05522120084493496 0.08784081643394989 0.019441303900533193 0.008002838043802547 0.03760464660444948 0.07099638785632946 0.04210909821334479 0.03787386390169477 0.0742207800987135 0.05423242919759316 0.043944152360600224 0.0039768921269104085 0.01997399395975901 0.07189638667797744 0.042695827434827575 0.0333046006396116 0.010804748010194093 0.029951503183170355 0.035049665325613724 0.031520909914136724 0.022679914620376912 0.05124116423324205 0.0019248832924399434 0.04250654821934362 0.05707502327654901 0.07270782972122244 0.05329859061081012 0.03791087666101597 0.039472351135657745 0.013329022718583227 0.04600291578976108 0.024537839902911338 0.033354658279372354 0.06675222995887627 0.07077854472017421 0.06796756314286974 0.053704762858245936 0.0071019879527223434 0.04231375834516971 0.034346513181248296 0.08164428236741034 0.06244341951487027 0.024198804826197066 0.06529836197753952 0.02746550567049518 0.05659960897921985 0.020138787554755063 0.025166245072641934 0.053522583218437274 0.05923382357414479 0.05634794779945339 0.022867305723399584 0.02927154543209269 0.07142032984379565 0.07247666982899986 0.07360265404678551 0.08765676830553586 0.07691610777556965 0.05801084363829372 0.02817287352059685 0.038903329835533074 0.019917698074697857 0.08807095058279396 0.05119526465180847 0.022919960787982575 0.057989892816480385 0.0357156890089027 0.042609210774958585 0.006379361438189115 0.06692694496456278 0.051211080408298464
 0.06265572404645857 0.07795952693347069 0.04408382290276576 0.06678139538461159 0.0598088135464437 0.04411088910228392 0.03871747308846729 0.08481336747123068 0.043444465728129295 10000.0 0.04440142873750654 0.028740821179584524 0.07293295107403483 0.037850358152217135 0.06791450618910723 0.06433517382345792 0.023197423540624262 0.06385259953349687 0.03883261084512211 0.028467448863251373 0.03694330212682392 0.025600447359342745 0.058784256526049544 0.04379314308474298 0.04746054772384909 0.028405015184903983 0.04631785385376085 0.042234034037229855 0.06380451731376596 0.026781499592913028 0.0492684516892552 0.04102485281063202 0.014807625990823147 0.07544262153924589 0.021503733445140616 0.020946310688920746 0.015224858378124604 0.06647551966925028 0.06392633941605932 0.06348494286562437 0.0723587425531816 0.059518783234465536 0.015605312402570968 0.05075760179528882 0.06054096676885028 0.04602213284059144 0.007544818490451931 0.054324839746400524 0.022454090400960136 0.013676161668478857 0.05415758616701842 0.01747362251498003 0.03422751552412264 0.044858584229485514 0.06252551050058039 0.08474254862486938 0.037278155646806484 0.07127216994254693 0.03429751643718749 0.061916708957561455 0.039354930018018604 0.07459850376150533 0.06284599946115203 0.020658497969833788 0.04428860111382507 0.030050684678862325 0.03485431408154036 0.042547857687200874 0.010152788353984117 0.045969090607485455 0.07094081208094928 0.030945763092313984 0.010370569034249938 0.0237945303334621 0.032923658371324535 0.023307794567070387 0.044768650107259514 0.037050386872200115 0.05979281684084211 0.04717449582251965 0.06331628348609619 0.04672270315782888 0.05939883863353993 0.028907267166343162 0.04046897794962923 0.04008168206889374 0.05975502661208781 0.048262340692786745 0.025193979103527782 0.030134901305356582 0.011018791993225908 0.01723587043151437 0.0401138647655216 0.054221535586623605 0.050880867159754074 0.028803921348763153 0.03682422527856073 0.03767118268179587 0.048168295317553934 0.04700653085944591 0.07488972508863302 0.04996011783015253 0.004548293410890557 0.06230067360621102 0.049187747752819706 0.026560004964982384 0.02160935182956447 0.038663938793673976 0.06044662394147534 0.02466506926155551 0.04458591563243438 0.0409422407766271 0.008162974166771994
 0.06264761447102128 0.09671429778508905 0.08056048239370876 0.02701642511357973 0.017740919730408106 0.06655279361616434 0.06370564173632183 0.05511403919352001 0.06672048445032693 0.04440142873750654 10000.0 0.015672833342234026 0.03480274623214406 0.02024357659455374 0.03714428770692832 0.07660913929273253 0.04039806651090421 0.0788549725252458 0.019483209319202208 0.07233304903106953 0.0813051489579435 0.06915013996411967 0.07065795188454838 0.001271745149747317 0.03271635678399444 0.04639161791978179 0.038975162832127826 0.07822837365286936 0.051295460658266456 0.06765483770033735 0.04670531025996295 0.014309154760589183 0.05908346743235219 0.04483910905208934 0.04998622078281503 0.06026118936281222 0.029339729971567034 0.0643270672582358 0.08927316683944918 0.07040944434875407 0.06693455119141499 0.08331572533398157 0.05548135172762243 0.03207602072615737 0.07412375649941041 0.0634554976520882 0.041501250720384485 0.011331838535349168 0.02653426611020716 0.05718516284277661 0.009763006920781124 0.02872703653300198 0.07809711051155933 0.06528771622852401 0.08572718834950052 0.058800910194935344 0.02581746251057388 0.07708736201419672 0.05624399550818326 0.06447831835819866 0.08064789141340166 0.09540148409932958 0.07433098009920208 0.023750776678158062 0.06620795075288279 0.024214687974586317 0.010369714792781426 0.01269457887894249 0.046675137297485875 0.03733186353843529 0.06910520338452425 0.06074723347324243 0.03403335902052394 0.061298519943803184 0.03393161180916096 0.04691313151501028 0.006126132488987007 0.013555002496720408 0.03737026434029579 0.06544773709691183 0.0541040654549701 0.04159113843623999 0.01569928630630323 0.0195230135633334 0.0775851996210617 0.005200844027927957 0.0637237524921434 0.018717173022364208 0.048727398758961434 0.06863302109631486 0.048907446698284555 0.05260399213951413 0.011231625023730374 0.06044309912899356 0.050645112503192896 0.040704624881645814 0.02230308524087941 0.023081307341904892 0.03730739818743224 0.014226555345553879 0.05613256681710452 0.05065665907224944 0.045088352755775045 0.08584416985703489 0.036072388931073625 0.018495361887136172 0.047929334980348126 0.00876350194597013 0.056572870257657906 0.06884089213121451 0.07154024767969336 0.005691117390113506 0.041156401991290247
 0.05944341776538905 0.08845466264006255 0.0668513117827764 0.04017697561209107 0.03171230422893325 0.05609575614638412 0.05237882985679998 0.06405408345445833 0.056034023792768665 0.028740821179584524 0.015672833342234026 10000.0 0.04728291220935274 0.01838158399962576 0.045874489504131075 0.06980499472325068 0.028584483839918313 0.0712490563117926 0.017630613921352668 0.05670279588133759 0.06566751432117561 0.053552980659622405 0.06370820973011578 0.015128185303454963 0.031720019685921134 0.03464440017891805 0.03641252766294256 0.06459629931112092 0.05234514196195306 0.052741740908835606 0.04313424173965262 0.01701530256493271 0.043410992754813874 0.053848380168927026 0.03676598936309017 0.04515960857669754 0.013812691145206002 0.0620354957626558 0.07880204468964114 0.06513532562825301 0.06604647646705174 0.07314021000495732 0.04020003333594598 0.03306545486822009 0.06677855981849741 0.0543063047558189 0.02629759361235215 0.026084540663598818 0.013924939652809555 0.0416892663112088 0.025435563187465822 0.013629316654713345 0.06259950990912787 0.05534681466121456 0.0758007748121026 0.06615550600989714 0.022210756918299837 0.07251247411514256 0.045239295934235 0.060432985563271105 0.06577499609965341 0.08646407952742029 0.06768888936361335 0.008082617316680366 0.05588300314632735 0.016234936219046314 0.007200390265469174 0.016761881223852228 0.031406696856941634 0.03510018688418913 0.06695070607661724 0.048019470613217645 0.01838108358728386 0.046915269918778535 0.026505738096853353 0.03381110075990512 0.016594535801618786 0.0119604558573532 0.04186172103353413 0.05616415038581631 0.05396219639106627 0.03843903755283249 0.030806321966716285 0.009064816213944255 0.06366763827144242 0.011473932922137754 0.05911903488272208 0.024844172653284407 0.03654674483737367 0.05423084069953927 0.0336234548268644 0.03780986527918912 0.014463406005627533 0.05480781598425377 0.046571739148879125 0.029823922018414613 0.018222562100670865 0.019392072930305558 0.03513107116476052 0.02112999519461607 0.06019668991918431 0.04622139791154349 0.029624729524278474 0.07581861352968261 0.03480220783548321 0.004910088124641659 0.034972235222138215 0.011547175178767874 0.05444460534058022 0.053253785788371685 0.06005207077062495 0.012574970368800899 0.02574302025032483
 0.05707049786192983 0.0977622741985184 0.09779089068740947 0.007995980951989237 0.03657915339200407 0.0765173677025297 0.07619745965003714 0.024179344008910034 0.07721014766863399 0.07293295107403483 0.03480274623214406 0.04728291220935274 10000.0 0.035639885794750616 0.013465624871355523 0.07650459740415914 0.05872527471757892 0.08029704907721531 0.05388281516330178 0.10129121452513673 0.1077777740097673 0.09852612603678172 0.07182284255552765 0.03445305127392003 0.06552004636086774 0.08089840830100405 0.04065768310558144 0.09539256880683096 0.03960144067649773 0.0901630242504961 0.04681299328053267 0.03193685539379979 0.08749101402878354 0.0160839337665053 0.06928570581048814 0.09184498662928599 0.058226236150820454 0.05634489329139576 0.09657036239440311 0.06783525023426717 0.05527226914348673 0.09044607798522335 0.08664665276022034 0.06375855751355967 0.07563774458386939 0.07089299208654229 0.06757723269835779 0.023967791667598843 0.05073037675485514 0.08332562379090426 0.028580854349005924 0.06080321904794873 0.10319055546875822 0.07423334250459024 0.09197629757232996 0.030551606110242966 0.0382763334350031 0.07183453601519853 0.06924290888002095 0.06034381325600262 0.10216662723790833 0.09824171785835234 0.0741981183337241 0.054211899031340605 0.0759111175845074 0.043777981318960366 0.040086103394795826 0.046463472949476545 0.07803767157003219 0.03930299331431017 0.059820103619353075 0.07716746016418827 0.0632222803804446 0.082395510217572 0.04701871671663213 0.08085292435442001 0.03948994921829212 0.04834266540210028 0.024892587459230887 0.07284128644700555 0.04411924293276454 0.043090965963228395 0.03189786188922929 0.05375607594017863 0.09572573747907871 0.039862300592433994 0.06099046936667637 0.024822596280866513 0.06584937190311743 0.08913417769768572 0.08018340434116672 0.08488036905295569 0.03331037330106203 0.06072109649450018 0.050353224580863595 0.075367197060164 0.056917339253631655 0.05759166707865846 0.07035086297029766 0.045929353858028335 0.03590198006652535 0.05112005380561608 0.07193886130025823 0.09233177441570808 0.06872780871773482 0.04728142103468494 0.0669665994089614 0.03574885472008554 0.05021987036294712 0.09512317244467833 0.08336206618288926 0.040485633588579324 0.07222420990423878
 0.042960511606893514 0.07660215529164754 0.06472784976638979 0.030506470447766998 0.037213979182107615 0.04757359588405145 0.045455561162836 0.04771449142431261 0.04789386639405501 0.037850358152217135 0.02024357659455374 0.01838158399962576 0.035639885794750616 10000.0 0.030208675955840113 0.056370740404831275 0.02413594962808469 0.05868152764799065 0.03422955621895258 0.06591480965395993 0.07214143025287459 0.0632852939839751 0.05043428309186976 0.018973177395111784 0.04871427916444148 0.05206047114569705 0.019240811052500202 0.0623258455999088 0.03407434222366741 0.05499207010866442 0.02674714129324038 0.0065091081867436635 0.052111033844708124 0.03793343077747212 0.034714580880988666 0.05781135461572038 0.02414228898291315 0.04503196438179735 0.07000605151808813 0.050243241543812045 0.048417210934250374 0.06394045468399931 0.05245507876547062 0.04926960734310177 0.053929666985594725 0.043821689237451236 0.03203639724212317 0.023134659436542367 0.015397013486548263 0.047690931311829166 0.026450703797587474 0.029120741764419054 0.06764115654203788 0.04601784374402276 0.06620646817826448 0.04882585384726979 0.0055924359823754915 0.057071509924560025 0.03796431975031385 0.04453673795871867 0.06739956410290919 0.07545315810520165 0.05408921273386405 0.021928560877558234 0.047150386871987075 0.008138461321085833 0.0136472386290415 0.03019540352647202 0.04428931351236247 0.017704457553419848 0.0499087962849041 0.044109533016461755 0.028880866023887942 0.047507943189660486 0.014539245223611488 0.050297444686591496 0.025629216181642815 0.027559297416509594 0.023947513266128064 0.04584459937117099 0.03597875336931448 0.021689225696657752 0.033999302712392494 0.02740456337538382 0.062196439443423186 0.020907488714129355 0.043645955760383076 0.010873223945773393 0.032086208730674685 0.05454644741001582 0.04628145894912138 0.05166047489402582 0.009036386440304857 0.040215151818485534 0.03059750267822285 0.04774177989159068 0.0356926686462464 0.03680907453461705 0.052616110851801214 0.03331462611098318 0.04190903671366357 0.030534068359383607 0.03645118218154371 0.06637037603779122 0.05197574410537339 0.01535085259630533 0.03242236523092652 0.011897772138643507 0.03728804212717715 0.059483445639948916 0.05323704415251269 0.022636342599365734 0.03853430724883449
 0.04373899520167912 0.08459439666847675 0.08760893362426009 0.016896875050903187 0.044493525039537 0.06505363887435592 0.06533575095858374 0.018248765578929044 0.06584306279280298 0.06791450618910723 0.03714428770692832 0.045874489504131075 0.013465624871355523 0.030208675955840113 10000.0 0.06340604459364055 0.0505129468198039 0.06732066659151188 0.056540571318498205 0.09559157178083659 0.10069716600857787 0.09312299067141835 0.0589344997769287 0.03637116202502892 0.069741229107288 0.0805083763935051 0.029393407508018627 0.08524364967934497 0.026152215167015765 0.08188168597484669 0.034606091255807075 0.028930487677319403 0.08185327011477386 0.00797576875744605 0.06070392587665969 0.08801981779638449 0.054298551790959264 0.042900990145429994 0.08420317573873695 0.054606890999589625 0.04184943336417901 0.07813611759265124 0.08266318248153058 0.06871307859632904 0.062732591027613 0.05906439816924557 0.06168175696166779 0.02865354850017867 0.04550753527982681 0.07673646745161565 0.03420847508548888 0.05852983804642634 0.09559890658534771 0.06261632304001678 0.07950123790213544 0.02178292552111463 0.030969104820467486 0.05841204828266474 0.05877907597252165 0.04707905824837838 0.09323543561536865 0.08524752406269287 0.061124467483969776 0.051448037088482064 0.0644077723496271 0.03786690259772343 0.03895901454531988 0.0497893044243751 0.07446477260939349 0.028301873260104228 0.04635540395169752 0.06733069176460237 0.05908439254331168 0.07385725394773557 0.03831693573231108 0.07951580760719704 0.04288663216241954 0.05020726510970284 0.01223667401429685 0.060945978625159776 0.030690127627764314 0.03150508879656353 0.039688975860363004 0.05380370818486645 0.08585301800103792 0.04148389293336743 0.047843843659452046 0.021043909343780542 0.05675375340702719 0.08017704590590054 0.0764765803469716 0.08176892797701812 0.03146312609097598 0.047949630079018535 0.03786756545819179 0.07549886846097704 0.059156725873212926 0.0600306278158301 0.07440340991431402 0.05046621770419884 0.023243976207943294 0.03873331075464672 0.06615347172935966 0.0798895655783331 0.0730789264373328 0.04447479491622073 0.05842613780693654 0.034792859647660906 0.036932023654779794 0.08823971818142884 0.0721312294899623 0.04259508045449231 0.06868578113515202
 0.020306064623187417 0.021307872659134256 0.04440301929748793 0.07672494368807375 0.09328954960901645 0.02222866259805394 0.027749421035803325 0.0679448723572051 0.02332453781201727 0.06433517382345792 0.07660913929273253 0.06980499472325068 0.07650459740415914 0.056370740404831275 0.06340604459364055 10000.0 0.0438791851179168 0.00465047571315988 0.08743143664925816 0.07746256237091552 0.07353237800270396 0.07729918828326604 0.006097809799453337 0.07534003710025501 0.10122246601480016 0.09189573025709788 0.0388417709023413 0.0430473261713665 0.03810292130809439 0.05365741911259983 0.03115451891207097 0.06257331861826013 0.0687259655324269 0.0654090286686523 0.04292504598929747 0.08175424323530489 0.06368973778403621 0.022821683212362175 0.02458837055543104 0.009235933073919815 0.028016471932752036 0.02004637734239058 0.07749115539139002 0.1028463938730471 0.0039203577276525434 0.01837141371846903 0.05757059884959953 0.0775867254714129 0.05665632397273199 0.06071265022870296 0.08200938680695699 0.07175864002561137 0.06684489861696004 0.020388796325619657 0.019660098131760173 0.06205313227070937 0.050791681793787326 0.011405512976241 0.030120073253638295 0.016668739546508403 0.05689023014793595 0.021937397369478983 0.002356714526598819 0.06713385982378599 0.021726428040809143 0.053981696079656354 0.068591702520437 0.08538949918365019 0.07446439866913174 0.04054033764806118 0.022471681236607897 0.03634084590586744 0.06453320577931218 0.04777251825028831 0.04352562785966698 0.08731965175410605 0.0817894541691646 0.08150020943483634 0.0516254567133084 0.0175073330237601 0.033554172535519636 0.03604714488949017 0.0896375809630156 0.07772407414206056 0.04544698488458813 0.07669145234757753 0.015573547273123137 0.06180698774211293 0.03921948438328851 0.04831045679196235 0.07501667061754413 0.0810032529201094 0.0654039892336388 0.01654074921237593 0.027148687444503147 0.09061062539968694 0.08771210206868169 0.08888399476673886 0.10408496976718577 0.08906775973543721 0.04790013193720408 0.026751601861924688 0.05983712502827901 0.020270604356177488 0.10411020102418653 0.06494590268944193 0.042741830454467146 0.06807467199252092 0.02667505066506548 0.06593260825359594 0.026777541011113116 0.07842766299510753 0.07147064132423903
 0.03956927942644532 0.060765880884523775 0.04075492632769995 0.05438231402672456 0.05811357032513928 0.027608446535623013 0.023807848558017486 0.06555505559478014 0.027487727072128907 0.023197423540624262 0.04039806651090421 0.028584483839918313 0.05872527471757892 0.02413594962808469 0.0505129468198039 0.0438791851179168 10000.0 0.04443017532639498 0.0455001545070451 0.04677635241324992 0.05034470016806842 0.04489486265352738 0.037922892886633565 0.03929509666786931 0.05839768967269865 0.04858555614145051 0.024452869509845255 0.038367272614508514 0.04137046582986466 0.03150186066758249 0.02625343321633912 0.029996711348917234 0.03376268796205197 0.0571997940849333 0.010623444471040796 0.0437248675842234 0.01988234695130455 0.04332013533386892 0.05023586793714287 0.04144173479780672 0.04916137393262224 0.044642383487264084 0.03855130496510019 0.060519304064052835 0.040390418493889385 0.026657965456328193 0.015659182400956866 0.0465681892380817 0.01467854516393266 0.027228099570188288 0.04882425984581685 0.027920826378628666 0.04509394472267926 0.027095474923064907 0.04736367797653812 0.06424028135728004 0.020471972926554154 0.04925185850894928 0.01668298905324249 0.03905902720383861 0.04348554543932849 0.05838513613567553 0.04205173410646466 0.02396108664909052 0.027443439519411746 0.01681743676716292 0.030287944359803094 0.0453119799824863 0.03297963554606823 0.024523633032774623 0.0478494449430081 0.020421910702206454 0.020793370356747717 0.023670449855911362 0.012230893604190851 0.04448048998761173 0.04385136562413488 0.04049384644123222 0.04029973813633199 0.028339406155279023 0.040445395745580134 0.02429078308175753 0.05587684495450371 0.03507843589251337 0.03810956810605007 0.038337218952983886 0.03702191470597791 0.03467691839848433 0.008333775606254756 0.03051619362216023 0.03415359254166716 0.04037535282109519 0.031102275694811127 0.031642396809230276 0.02768983612214211 0.046844286269228534 0.04515116758493092 0.04629326128361581 0.060820812714345154 0.049589158175360706 0.053065162918720765 0.026762866579598456 0.019440960566291056 0.04735109955285636 0.06106772646329797 0.023791391505781856 0.008311370870304617 0.03193677056529333 0.03726460100634946 0.0381207758427306 0.03153366416506374 0.03989478430785951 0.028803722459561917
