NAME :TPP_input_20_4_1
NUM_VERTICES
77
NUM_CLUSTERS
20
Full Matrix
 10000.0 0.04666875934046429 0.044177788692595255 0.025991085449141974 0.015161338232572817 0.009728246004626562 0.019072536866488136 0.04738800287840067 0.004366602496573597 0.04809632816466808 0.05004463637435949 0.028823331652110214 0.06143120363250416 0.053022580999131395 0.03649941845682916 0.048636539332959416 0.03434615954817636 0.04512346854573835 0.011402735356415275 0.04806717193491819 0.06225341516826 0.05506877958840107 0.040552474485124765 0.038159208602240376 0.036558661305753935 0.027249535197422802 0.026300093225575843 0.044462637180523006 0.023500164523913163 0.050208909550840314 0.042393891560793616 0.04030634559903254 0.025119236115241257 0.02116123336183651 0.01445946875403282 0.0324747535109407 0.06433986879199195 0.06425769090432963 0.043443857869841375 0.02694572822030305 0.04659092856699195 0.026029261303958762 0.040434551355236284 0.03992092028841852 0.05438478361720398 0.03941294376197363 0.041642275420749206 0.03965274992389292 0.05078058250741421 0.0049842068367085155 0.017580343553114944 0.01432396647219494 0.030795431012877017 0.05162710831455346 0.02209718652681947 0.04064489996023035 0.04865218506877428 0.05454425915741047 0.05402299421160059 0.0677945980572564 0.03415618772647247 0.045432627424961756 0.04253797358476552 0.05378296064914818 0.04454195398702568 0.005648365629350691 0.04518450029559754 0.03640157977990223 0.0209237752419945 0.05013555034015061 0.04981444271819002 0.04980377328519365 0.030597694436164384 0.01732189582384126 0.07203033558000865 0.050084976684438016 0.019550587264288138
 0.04666875934046429 10000.0 0.09047796101386762 0.049904935102446465 0.03775413462988155 0.038926564148435 0.03209356376137355 0.08011175554709317 0.05050638253974576 0.061774819330758894 0.08353687053196478 0.07062172087998872 0.019569069969580077 0.010055176862689167 0.062097373500337505 0.06633179190368534 0.04431031630551357 0.09127100520224628 0.043259706070437345 0.00217409531559712 0.016093613929871194 0.07510918473090204 0.08661867407852444 0.012410782080771784 0.08137985217700744 0.025349733780997728 0.061444187855834116 0.0373989064630844 0.03825252932050241 0.03372056741676788 0.08880327610127209 0.02605744354155472 0.02287364028902205 0.0677597980201842 0.056798391188310246 0.07398879573471256 0.0636129871396047 0.017871471774300176 0.04441097176532439 0.07096268831598829 0.09323347401108134 0.054861706288070064 0.08139504656641215 0.049813413655430384 0.099383830900018 0.03697033549347821 0.05323655561981727 0.08463890809252732 0.02026068067656321 0.04432481812120257 0.054881654617004894 0.03660150268169018 0.03785139193185311 0.06226453607496889 0.04282808147729321 0.0235270950990097 0.0890408916090975 0.009754694342582266 0.019985644725481266 0.02134821181816572 0.02502900311360878 0.07756556754262506 0.025422416531494508 0.07715309099406652 0.02812015645578112 0.043298934627478414 0.08097993950395602 0.057832026739557695 0.049017023671654225 0.032022315754744 0.09564450699379037 0.01440244727851194 0.01877874745934677 0.029823048020933458 0.025624347174906158 0.025822501946570625 0.034894913093410966
 0.044177788692595255 0.09047796101386762 10000.0 0.05057788668510463 0.05407042488860906 0.051638920166890305 0.062312601025062676 0.05486519741099497 0.04093329038296867 0.0643451367894153 0.04034180837159211 0.03534360969371323 0.10334304747707021 0.09583429087016057 0.059473020536301324 0.060668913164993 0.06276742752614324 0.01748393947009031 0.05150776059447789 0.09200259676787957 0.10628667764568436 0.07384049289778315 0.01785702403325945 0.08074679313889578 0.012433726900359468 0.0707646062136755 0.03758465421805955 0.07725785550421414 0.05813702768466444 0.09114079332625454 0.014461099109430732 0.0782898151736851 0.06928139505072042 0.02315289384576568 0.039482166184917206 0.023922321882251216 0.08522058769250865 0.10769437893661378 0.07210201670491333 0.021587367582292245 0.010587253464504185 0.04554043525353516 0.03734819050662806 0.0644485278580399 0.013640221964602623 0.07231015030528974 0.06368457680493021 0.01011540593934232 0.09086712050349757 0.047603776697868846 0.03883258805572134 0.05465114424742813 0.06389865597591342 0.07948844423005962 0.053800148829932115 0.07956371290916059 0.0255691308397238 0.09766600565120577 0.09451515450332622 0.11176133458666027 0.07325928466325848 0.041347761380217084 0.08506936338308195 0.06972609342339885 0.08162252774906216 0.047186278620977906 0.03492938042995482 0.063249219800174 0.047522838141980106 0.09150455962867786 0.006870109417840364 0.0938339027725782 0.07304856049923253 0.0614994073204073 0.11602028770265732 0.09278333853119948 0.0580895815816315
 0.025991085449141974 0.049904935102446465 0.05057788668510463 10000.0 0.01620761927101814 0.020765925499346305 0.037828067965136596 0.07253500593601045 0.02890422256432205 0.022105258914687263 0.033635807329409115 0.05171989603285014 0.056861341125348526 0.051516266701531976 0.06247265757570282 0.023034032077921318 0.012223383949489991 0.059544657658807135 0.03610623271790881 0.051953383251282646 0.06562262359491246 0.0810210870204424 0.05580044554404923 0.03773850383158445 0.03867377200453159 0.043026227863024284 0.01365061530561392 0.02672663998819644 0.011672385243068805 0.06765133512105359 0.05595036717635211 0.02975254220854312 0.037462059917172184 0.03435836435573175 0.03920007239339729 0.02817002376085846 0.03955501128389027 0.06414658964352876 0.021818359470901244 0.029056426407779216 0.05763470749849682 0.005549428022862107 0.06269617477244128 0.015388959241063309 0.05504753142722964 0.021910020149296272 0.016231281832538656 0.041768196443542085 0.04301966110293834 0.030010064085369176 0.013124945656045698 0.01826182674581972 0.014279108624507245 0.07655006264164457 0.007434299748975012 0.03164599926645122 0.04070113947232543 0.05394259400465715 0.0468263323406955 0.07025247130636557 0.026425681766832812 0.027688624977072612 0.058203883251184085 0.07976793079596088 0.032231455612195405 0.021339809200145846 0.031293091648606906 0.062099068438778014 0.00515611539496529 0.06697016894647446 0.0535057722648708 0.059358381766263256 0.031316225424069956 0.03175975015417584 0.07442006904088824 0.06452343678017396 0.016288510320053858
 0.015161338232572817 0.03775413462988155 0.05407042488860906 0.01620761927101814 10000.0 0.006047002464553144 0.0217362076887311 0.06203543808990299 0.019391480575308016 0.03678509516485977 0.04796927579690939 0.04396738699419726 0.04927789817244754 0.04192854080977912 0.04932073103750024 0.03875676013377037 0.02049625656160836 0.05833382957255284 0.022099036804464036 0.039571513492970445 0.053847741580737456 0.06750703115558733 0.053955669536497365 0.02690390570479831 0.04402471023152207 0.02689189293443881 0.024338606540418754 0.02932066857829851 0.00881517697985866 0.05157083632460948 0.05522718024178784 0.025684405193733974 0.02161775876156565 0.03279814247113284 0.02958633572513814 0.03623638261670076 0.050570737178559456 0.054105530785506444 0.028863716832994823 0.033535684278066684 0.05855342955821812 0.019372127027958246 0.05556622299592581 0.0267432314811152 0.06191252161327439 0.024310658654449563 0.029114856448099094 0.047303252102660315 0.0372306069531073 0.01715940438722153 0.017141398114125423 0.002063263223732312 0.015912715003379336 0.061490293876012694 0.009446020484803731 0.026377102504284097 0.05149516213109345 0.04391553956286767 0.040744856284916704 0.059006014186588254 0.019847475723771678 0.04235124743156841 0.04227626233082097 0.06690967101867355 0.02974267405893936 0.009540751065031168 0.04447672035523824 0.048091073810398094 0.012872169520643854 0.050956328525973496 0.05865119517541585 0.04494351601591291 0.019313094984827917 0.015552443225200078 0.06327776534224586 0.048885448351081946 0.004506525496260648
 0.009728246004626562 0.038926564148435 0.051638920166890305 0.020765925499346305 0.006047002464553144 10000.0 0.017426155613099664 0.05604465605496966 0.01408845173179682 0.04219173360571326 0.05030402053528628 0.03845851178481805 0.05237528870568704 0.04435380087893117 0.043321280687792715 0.04374245043263896 0.02645610151571158 0.05430420248600724 0.016136143909233767 0.040542284104519224 0.05488563502905664 0.06157212226257688 0.04980666208724751 0.02930070130758442 0.042539717464125985 0.02390071636120808 0.02610412776251488 0.035150683388709775 0.014856310152699774 0.048441102528624824 0.05139168590206318 0.030578397730116544 0.01970344198513176 0.0293583402510175 0.02389883849667847 0.03611638483782911 0.05656944510263102 0.05606082646191866 0.03491018666937524 0.032215436387271465 0.05517500333329942 0.02280712823405877 0.05007967567341048 0.032588361051969814 0.06056611593318562 0.03021315117911059 0.03481187781906469 0.04578135144986946 0.04123357334504272 0.011137279373393412 0.017781809581593498 0.004719471196186742 0.02194236884161819 0.05598976927029255 0.014874142556589953 0.030936737337417943 0.051976605694152016 0.046083131242986554 0.044559891105888795 0.06026583416991826 0.024436051109856374 0.04499257045184959 0.039621710187876386 0.060900760664467875 0.03482404283113545 0.004634479724914077 0.04625100135132118 0.04221910021576876 0.016496789601445936 0.048013014532658174 0.05671806919440976 0.04421996609574373 0.021610235779915027 0.012371249282270035 0.06453854614115206 0.046676897664981926 0.010065713733666081
 0.019072536866488136 0.03209356376137355 0.062312601025062676 0.037828067965136596 0.0217362076887311 0.017426155613099664 10000.0 0.049492440741844695 0.021493966296056825 0.05831393601863384 0.06740119104357395 0.03857293317388322 0.04999619454212835 0.040564636989313965 0.03293331739463393 0.06048674141029982 0.04101870087468643 0.06029990943019126 0.01152354811365888 0.03292589737897788 0.04620523841090855 0.049401473551645196 0.05562988736983656 0.02785188634244875 0.055523829493634436 0.008460652870138757 0.04315293746909657 0.04531779932876114 0.029372198338961757 0.031484851166044825 0.05820856153892351 0.03683514009441766 0.009425438118313574 0.039185786108235636 0.025216646973757743 0.05134839769403748 0.07010703567524065 0.049895673391230674 0.04768919274703145 0.04601821137371708 0.06322585545572998 0.04022548362136221 0.04931051426769584 0.04758182313856034 0.07319963183554312 0.041287990897821175 0.05029561503359602 0.05856168204617533 0.04292085935392712 0.014822751227207184 0.03450403325331163 0.01967683697560516 0.035007933860075696 0.04092565303091737 0.031154095833657268 0.03593557162050001 0.06751779341077296 0.0413355410597663 0.045253946968005665 0.05188926978983723 0.03076656210006133 0.062248372756956875 0.02346901534899228 0.04995970743960338 0.041265140248885425 0.01916285060259166 0.0630423037571537 0.030023072237276238 0.03386088110523234 0.03126322159754348 0.06829954169714367 0.03178177071546671 0.022331658307760086 0.0069011180616868695 0.05596386994577224 0.031018923013998966 0.02338326391938666
 0.04738800287840067 0.08011175554709317 0.05486519741099497 0.07253500593601045 0.06203543808990299 0.05604465605496966 0.049492440741844695 10000.0 0.04381085642902419 0.09428902536829264 0.08594031864529647 0.022769272211892073 0.09902927237775803 0.08941807055238468 0.01864775938953777 0.09375094488546208 0.08173100146200062 0.039865318548948765 0.041180221839721 0.08041123801392525 0.09155305229310275 0.0209467841058447 0.03746566344854225 0.07734425890461911 0.05861261918874375 0.05482359226056885 0.06775352075956903 0.09108473029130243 0.07071610059509625 0.06030728793245834 0.04130769042144312 0.0848570383199149 0.05873744002032304 0.04437366657587237 0.03335354916068065 0.06421008896798154 0.1116406751698963 0.09710861211868146 0.0907687870745916 0.05661683824865952 0.04733675785044501 0.07106339262026845 0.017659512033881733 0.08716778510957351 0.06837686866850626 0.0862307461063556 0.0886440881082071 0.05959670848124753 0.09234737593855172 0.044914023163766296 0.061019714629040295 0.06071317159077616 0.07793767952892891 0.032783911186522345 0.06946440310365676 0.08444469180882118 0.07621666452999186 0.08978821232059003 0.09474573742112972 0.09706306412397445 0.07852778720152513 0.08359536221807254 0.06033878666710289 0.015981264326196933 0.08932035908725659 0.05291348052744732 0.07998733629473409 0.02381624796130089 0.06738308850116823 0.06165925621750053 0.061416203650204386 0.07448826938011803 0.07145658577659976 0.054777843061650094 0.10060536503387302 0.06656853965541301 0.0660504814216288
 0.004366602496573597 0.05050638253974576 0.04093329038296867 0.02890422256432205 0.019391480575308016 0.01408845173179682 0.021493966296056825 0.04381085642902419 10000.0 0.05092362757802637 0.050258108159562366 0.024586334178325887 0.06564028835820815 0.05712656614186545 0.03414420064213787 0.05105780701928767 0.03802641342469822 0.040980752708908906 0.011810693114056742 0.051830809125211645 0.06591800883625012 0.05271473354023053 0.03638055635750498 0.0423449120012649 0.03418318215315693 0.029901863967398537 0.02726011222269017 0.04862034899722802 0.027520472294620426 0.0518454385738685 0.038348986278800304 0.04466274607706158 0.028486764899239538 0.017781443885307953 0.010531262529783493 0.03140518668617323 0.06783269117730761 0.06819538466802834 0.047304370147812774 0.02517821120674823 0.0427474456451236 0.028224484202263516 0.03617617781434432 0.04335726835212871 0.051727707524590584 0.04353582518062625 0.04487855982126437 0.03715556532579815 0.05512340073659612 0.00668573594314435 0.01891216391538427 0.018649813247650037 0.03482569939870623 0.05043570973644782 0.02574024364435139 0.04501133921415708 0.04745408949522538 0.05858277717744856 0.05834602857966942 0.07150103350540696 0.03852097502451603 0.04602031475995107 0.044725627376179036 0.051093897197038496 0.04888626691572388 0.00985333381532211 0.04509683329927273 0.03463304340824156 0.02375527231756903 0.05191760826792492 0.04682165223242016 0.05290368907298136 0.03483420736230844 0.020837778041153405 0.07571528728859217 0.0523765694888957 0.023827166836107097
 0.04809632816466808 0.061774819330758894 0.0643451367894153 0.022105258914687263 0.03678509516485977 0.04219173360571326 0.05831393601863384 0.09428902536829264 0.05092362757802637 10000.0 0.032077789894864234 0.07285526555249883 0.061907171501455936 0.059828934787740796 0.08457058403349368 0.005792960298815059 0.018320372543316355 0.07678271362392373 0.05800484176740366 0.06394877803307103 0.07570612684893219 0.10310742803517436 0.07368269035465252 0.049574426392114464 0.051930128266806486 0.062092722889879846 0.028647587623852864 0.026493168612832154 0.029066158939382317 0.08593717500761394 0.07300992497084975 0.03629582428553977 0.05587226019778549 0.05355719105314199 0.06106913211300748 0.04045577401114361 0.020895981828721225 0.07184187943518318 0.01837631925007504 0.04483066484903823 0.07326132924804776 0.023331170996296526 0.08335752457717274 0.012058810265700451 0.06449002631622139 0.025077385127468082 0.008688203507908287 0.054378796895745846 0.04787068736334681 0.052042135735660945 0.033461632819648104 0.03879564686480544 0.025157038043133524 0.09817709378611905 0.027381582922772575 0.03884673008003325 0.046027084986093744 0.06255907180100685 0.05133428484163985 0.07926065624277924 0.03689561002093056 0.02698473565880983 0.07609405102004536 0.10187092824678186 0.03599882183668467 0.04334198266131137 0.03378023500257625 0.08409364327438891 0.027204604227882255 0.08498061437047223 0.06522285650794103 0.07395995357610663 0.045603490417303785 0.05170387344341387 0.08302985446991264 0.08142754691876289 0.03504532368064653
 0.05004463637435949 0.08353687053196478 0.04034180837159211 0.033635807329409115 0.04796927579690939 0.05030402053528628 0.06740119104357395 0.08594031864529647 0.050258108159562366 0.032077789894864234 10000.0 0.06320235567471706 0.08909629412621371 0.08467923118395682 0.08257925186006332 0.026616537093975802 0.04151173077585787 0.056598563027144506 0.06140880024728728 0.08558890093841376 0.09918715944960901 0.10046415062042388 0.05509014906479257 0.07132280941515533 0.02979372683958865 0.07419045271761597 0.024250667065603578 0.0551072135777388 0.045303868295108615 0.09872647147617916 0.05294322426308518 0.06178483669437084 0.06948089720377858 0.04165754437125303 0.05708337843693463 0.02173195379124376 0.051472831062423126 0.09729298940901322 0.047452493422618355 0.029334682352288963 0.05077522820751691 0.02892106207650601 0.07076416146071894 0.03890839348926942 0.0356405465826242 0.05169583137032439 0.03632337163902359 0.030686719108984222 0.07488635441812017 0.05502759121925011 0.032939375852928804 0.0497905417351922 0.04665498336016257 0.10043806606343791 0.040852131310062635 0.06401276199113072 0.016111290154172578 0.08720088833184746 0.07865143190885891 0.10369976722205972 0.05956600742030236 0.0060502512865295765 0.08987809774530026 0.09770957559906476 0.06319314283160644 0.048299975242528874 0.005994110327599378 0.08415775016488672 0.03523769577280391 0.09831700347280828 0.038561156674183895 0.09264535507311074 0.06493351519753085 0.06262983106737399 0.1078221990206416 0.09674950206006414 0.049398043970991116
 0.028823331652110214 0.07062172087998872 0.03534360969371323 0.05171989603285014 0.04396738699419726 0.03845851178481805 0.03857293317388322 0.022769272211892073 0.024586334178325887 0.07285526555249883 0.06320235567471706 10000.0 0.08778201597928703 0.07865179177188067 0.02424123371334764 0.07183464972232813 0.06206243844862895 0.02498154460651777 0.02744004477421791 0.07149799370866886 0.08460124358896493 0.03904272144460738 0.020820012860565562 0.06469119930902621 0.03667045740582287 0.04620174778456964 0.04545123064062994 0.07319849953104446 0.05203676400482038 0.06078829076385228 0.02448365376549799 0.06893249854923338 0.047766758579246414 0.021604398670836474 0.01470983866505319 0.041482547276564426 0.09125986020570502 0.08845733548927032 0.07156965327776176 0.03386873699824728 0.030693434499333486 0.04952586888047516 0.011621584492305779 0.0668829869390347 0.048920532559138336 0.06809935385236006 0.06794978507154723 0.0380949944462854 0.07858118423411369 0.028223339886738395 0.03939495057885192 0.04312448302311492 0.059332139658533394 0.04426815649730693 0.049867235634662256 0.0690748650617842 0.054115604679795294 0.07966201824650877 0.08154946660548126 0.09029034162748836 0.06268383246368486 0.06083288670583162 0.05709994176304972 0.035422564526633345 0.07324082192900962 0.03442701300400352 0.05726346053540337 0.02841886686346319 0.04666642095603275 0.06158501289380472 0.04220425133762989 0.0690789697621198 0.05767227908600551 0.041553497797594395 0.09428414469613743 0.06454841159568396 0.048373918208580405
 0.06143120363250416 0.019569069969580077 0.10334304747707021 0.056861341125348526 0.04927789817244754 0.05237528870568704 0.04999619454212835 0.09902927237775803 0.06564028835820815 0.061907171501455936 0.08909629412621371 0.08778201597928703 10000.0 0.009669177832670064 0.0813068771214439 0.06732882402858528 0.04760198764766332 0.10654502827373714 0.06041502863544025 0.020038337839371038 0.01941731818751511 0.09467324889961541 0.10198340987607545 0.023306030266759117 0.09296468431639385 0.04425938915282189 0.07005753795091234 0.035416281426290476 0.04631329396592165 0.05192306429298151 0.10372877266233053 0.027343652385905238 0.0405734325635148 0.08169331630068513 0.07339569234737307 0.08399238348881222 0.05715846550218851 0.011805293809162029 0.04354873263287254 0.08250205874582364 0.1075286889418569 0.062357165926155145 0.09896026304561463 0.05120517817425921 0.11056612899988347 0.037691972042181 0.054396719976819025 0.09623657079983894 0.014257497701137628 0.060162330586561875 0.06531886656350178 0.04881481375938993 0.04276487923618549 0.08175388508592583 0.05105585754251011 0.02524846138671354 0.09755238827024647 0.010042390720980399 0.010602210254008813 0.020016075716686704 0.030710200716248914 0.08305856636601705 0.04454544531005731 0.09666135610015585 0.026174234425222462 0.05700619107908864 0.08777325517046951 0.07720309102713294 0.05771046328418713 0.050122326767668444 0.10776362864067811 0.03137419183054518 0.030842611533140312 0.04622903530631981 0.02274142109966037 0.0434931561323829 0.045300821479123156
 0.053022580999131395 0.010055176862689167 0.09583429087016057 0.051516266701531976 0.04192854080977912 0.04435380087893117 0.040564636989313965 0.08941807055238468 0.05712656614186545 0.059828934787740796 0.08467923118395682 0.07865179177188067 0.009669177832670064 10000.0 0.07164622630188577 0.06488936977335244 0.04375151811172898 0.09810722785658185 0.051222147194913636 0.010871915590393785 0.01615786756505203 0.08506668975349081 0.09350339625748476 0.015087912019552428 0.08594211823499845 0.034618323886595366 0.06414533709790571 0.033833780808882274 0.04030035552415444 0.0433089239938251 0.09541628627850728 0.02363512905608446 0.031143298906744204 0.07369295591559803 0.06441735329407143 0.07758667850603718 0.05844656208038941 0.012633528347451099 0.04163765040330385 0.075450473764948 0.09946512460346858 0.05684927349725507 0.0897154864331061 0.048340745360329986 0.10377061062152312 0.03480221536864204 0.05170270123946869 0.08922132687798962 0.013312835320475041 0.05138023270273936 0.05859771936772154 0.04119774780010149 0.03804034137409857 0.07231804761394058 0.045067735523265866 0.021147309489142195 0.0918567122755014 0.0027537577346098564 0.011550501650296446 0.019451701039762726 0.025141306754153162 0.07863342366902205 0.035384089658266095 0.08701001232825141 0.02409281146646864 0.0489391944876385 0.08278927287553761 0.06753404938678623 0.051629073499799304 0.04155590344830458 0.1005707174789457 0.02312733453758682 0.022790233729928198 0.037175648252694996 0.023352733631298528 0.03510712211529469 0.0383105563072522
 0.03649941845682916 0.062097373500337505 0.059473020536301324 0.06247265757570282 0.04932073103750024 0.043321280687792715 0.03293331739463393 0.01864775938953777 0.03414420064213787 0.08457058403349368 0.08257925186006332 0.02424123371334764 0.0813068771214439 0.07164622630188577 10000.0 0.08508476628112832 0.0697754148138035 0.04845502225240513 0.027234089420470873 0.062257838863776276 0.07301558668342034 0.018586478343711958 0.04468136106228786 0.060452662063769036 0.05930918577006497 0.037085583514976504 0.06105061034142411 0.07708422732433681 0.058122287637299465 0.0420282286973948 0.04847825046952864 0.06954332816122002 0.04169700779460498 0.042125999865431724 0.02553738566098072 0.06161279518925563 0.09988818020183825 0.07878038429177853 0.0780254882097828 0.05410633832813948 0.054750284812993204 0.062321309421553936 0.028027504973634966 0.07581625159574304 0.07296389931154594 0.07256722733174092 0.07782923432862669 0.06120910769718794 0.07567921063474665 0.03263450150223109 0.0530019336260237 0.047650510643840564 0.06497717154232614 0.020031239555845976 0.05792176084615028 0.06879156761642319 0.07607431182300183 0.07183377769480116 0.07778560705135061 0.07849299477390294 0.06333140885396364 0.0790703633035162 0.04169103953071898 0.017599181982744492 0.07400576639247691 0.04132074978338725 0.07693564926767292 0.005404370577896724 0.05742280672362193 0.04329178765416639 0.06634299386903729 0.055881648087705973 0.055264743622194135 0.03904590347806971 0.08199586420829118 0.047989404267084146 0.052750838247825754
 0.048636539332959416 0.06633179190368534 0.060668913164993 0.023034032077921318 0.03875676013377037 0.04374245043263896 0.06048674141029982 0.09375094488546208 0.05105780701928767 0.005792960298815059 0.026616537093975802 0.07183464972232813 0.06732882402858528 0.06488936977335244 0.08508476628112832 10000.0 0.02218729387007458 0.07393147653532194 0.05909481631069866 0.06850112335686767 0.08062615779250623 0.1036700161759619 0.07108061470399006 0.05401167205915362 0.04834933122132888 0.06489594537402693 0.026654476119454845 0.031934392577191426 0.031794952194744056 0.08911474102148254 0.07013715753515755 0.04126786455678104 0.05886223603791938 0.051733635875123175 0.0608555067553405 0.03699890399324216 0.025286318730152656 0.07704702639963543 0.023795867713419638 0.04208963919823384 0.0699580882795288 0.0228593944337388 0.08194449269707167 0.016598317508457493 0.05992807109786798 0.030091165569101193 0.01319943219326742 0.050598568000163935 0.053208249220123835 0.052903671129022556 0.03274865780457653 0.040812381493504246 0.028963742081714018 0.09958132695100731 0.02933515338522995 0.04379010861206505 0.04109661010938924 0.06760076367558615 0.05673482152304481 0.08434071252177475 0.041319234964170545 0.021822242410117286 0.07936689810379027 0.10215117997897676 0.041281064420278804 0.04429899738175491 0.02877706738912864 0.0849743038551075 0.027823350435697444 0.08824704234876268 0.06108154323896216 0.07807679049019682 0.04952094427583032 0.054094696715713576 0.0881737545591291 0.08501496973317214 0.0376311577037604
 0.03434615954817636 0.04431031630551357 0.06276742752614324 0.012223383949489991 0.02049625656160836 0.02645610151571158 0.04101870087468643 0.08173100146200062 0.03802641342469822 0.018320372543316355 0.04151173077585787 0.06206243844862895 0.04760198764766332 0.04375151811172898 0.0697754148138035 0.02218729387007458 10000.0 0.07158254471513154 0.04258151935890043 0.04647018446719219 0.059052085835160445 0.08800260896656018 0.06773606031909359 0.03192965235731946 0.0507721800724388 0.04407820356880593 0.025479836703174333 0.014774253808144297 0.011823340864962352 0.06766732311391083 0.06802876651695394 0.02036935296867561 0.037747613362809095 0.04613302925383548 0.04855766998134264 0.039997251996737336 0.030135524640306537 0.056236764898598066 0.00977269657124889 0.041273280918758946 0.06983784081632165 0.01731376273764457 0.073367048167907 0.0066176415741216795 0.06673626651359801 0.010421771787294094 0.009692744526264 0.05381909613001821 0.033376861368471275 0.03732471490237368 0.025029150164919606 0.022291856467922002 0.006843856315040793 0.0816346665384566 0.012286230671670978 0.02270787256797879 0.05120789346648199 0.046384819531983666 0.037139715061331846 0.06310676994609725 0.019294400956979766 0.03548603363980218 0.05780292973218423 0.08734760364950638 0.0217318846056774 0.028889020595379084 0.04054145039916542 0.06857982256423453 0.01620886245934909 0.0666864664924763 0.06552557896384426 0.05589347561358264 0.02737664998986971 0.03421101883756695 0.06709360165411561 0.06311269810767493 0.017695146021692913
 0.04512346854573835 0.09127100520224628 0.01748393947009031 0.059544657658807135 0.05833382957255284 0.05430420248600724 0.06029990943019126 0.039865318548948765 0.040980752708908906 0.07678271362392373 0.056598563027144506 0.02498154460651777 0.10654502827373714 0.09810722785658185 0.04845502225240513 0.07393147653532194 0.07158254471513154 10000.0 0.04878615006562171 0.09247343477728374 0.10629561673319492 0.06011146026468055 0.004671600196448657 0.08328266167883372 0.026901183931154985 0.06855441425616741 0.04836162270665691 0.08516197855921603 0.06443660919296407 0.08543812868248489 0.003798771014060624 0.08391401843310878 0.06870439685146815 0.02580854302901659 0.03515707840428055 0.037280228694709504 0.09725984892705661 0.10906102331085955 0.08131474655057808 0.031952524447413776 0.007735934514418895 0.055353498801277996 0.022327058822245057 0.07459524710383866 0.029735042883803874 0.08000423773197896 0.07451868125730862 0.025992169225803444 0.09544015816313932 0.0469490002213994 0.046554025587720656 0.05829599533440759 0.07113499035042099 0.06818122934180167 0.06080184459783542 0.08470936574616084 0.04273049476577483 0.09954644688226628 0.09883590982183223 0.11194743538525546 0.07818129095422172 0.05667222292169262 0.08101847688660437 0.055532988385751825 0.08777096440447943 0.049678672913100796 0.05085817905493281 0.05307010970891417 0.05543099246809668 0.08613347410603041 0.022900892836898223 0.09191414834526364 0.07570310084020812 0.06144820451857877 0.11609594214795461 0.08862701001253004 0.06276907798374541
 0.011402735356415275 0.043259706070437345 0.05150776059447789 0.03610623271790881 0.022099036804464036 0.016136143909233767 0.01152354811365888 0.041180221839721 0.011810693114056742 0.05800484176740366 0.06140880024728728 0.02744004477421791 0.06041502863544025 0.051222147194913636 0.027234089420470873 0.05909481631069866 0.04258151935890043 0.04878615006562171 10000.0 0.04422607382930377 0.057691847043205874 0.04543641969104538 0.04411748697052997 0.037500255695014334 0.04573702965003659 0.019802467968727165 0.03769484727434035 0.050219921648057865 0.030891323365248455 0.0401909941902308 0.04674391659079038 0.04368956400380557 0.020386489965578042 0.028600479292533183 0.013697924109956064 0.043173189227788476 0.07266919764834273 0.06112408036185573 0.05080847661597547 0.0369752026883124 0.05186692061280328 0.036922668679275884 0.03854864827366676 0.0487165136123696 0.0629831053590926 0.04554519862746665 0.05087415418908825 0.04861340421516747 0.05190820422817643 0.006476412069939843 0.028950515121454853 0.020417152032297554 0.03776425281116136 0.04057798892831965 0.030910296029442647 0.04335611863968933 0.05925461741737072 0.052224128385037503 0.054647843376514904 0.06337062942347507 0.03735560196293738 0.056834992782927786 0.03356589214198048 0.04483122891731592 0.048148134450855404 0.014799929193313984 0.05646350863908996 0.02613317248677487 0.03128974251882681 0.0403498930768333 0.05772143821636298 0.04319171366057411 0.030849423548292752 0.014278658347389377 0.06746369093167216 0.04127742571705555 0.02555549918867922
 0.04806717193491819 0.00217409531559712 0.09200259676787957 0.051953383251282646 0.039571513492970445 0.040542284104519224 0.03292589737897788 0.08041123801392525 0.051830809125211645 0.06394877803307103 0.08558890093841376 0.07149799370866886 0.020038337839371038 0.010871915590393785 0.062257838863776276 0.06850112335686767 0.04647018446719219 0.09247343477728374 0.04422607382930377 10000.0 0.014348707791497677 0.07484062760668145 0.08781347014858344 0.014556150940994569 0.08304991086779503 0.02583274436792415 0.06337991161408008 0.03952998594051349 0.04029125560109749 0.032478605543687714 0.09006327462704958 0.028209106579536836 0.023869571794495822 0.06919919429119098 0.057834950384542776 0.07580508953490513 0.06567882478045645 0.016994226560760446 0.04657397354601077 0.07265680665884765 0.09457746069935269 0.056873284278649405 0.08215237183900363 0.051985926444617074 0.10106579127188159 0.03913998467679213 0.05540902721027024 0.08630246153312437 0.021998994604929042 0.04556007366191005 0.05671104828748671 0.038364035651407745 0.039994963592604404 0.06172631412130505 0.044840058121233685 0.025673459969308688 0.09093745387102108 0.010014072678547287 0.021459942529189403 0.019758791472919507 0.027193906145438877 0.07962625447024864 0.024559178610674633 0.07701998034903862 0.03020612863617252 0.04485735567218399 0.08298099812503412 0.057875138781938444 0.05098199479186397 0.030742895526131377 0.09724150732394371 0.012682113457012123 0.020748044605266264 0.031055197730699508 0.024019700577549527 0.02439275998219713 0.036817031779152166
 0.06225341516826 0.016093613929871194 0.10628667764568436 0.06562262359491246 0.053847741580737456 0.05488563502905664 0.04620523841090855 0.09155305229310275 0.06591800883625012 0.07570612684893219 0.09918715944960901 0.08460124358896493 0.01941731818751511 0.01615786756505203 0.07301558668342034 0.08062615779250623 0.059052085835160445 0.10629561673319492 0.057691847043205874 0.014348707791497677 10000.0 0.08350190119461595 0.10162620653960419 0.027884816650383386 0.09739855106213322 0.0384124532573839 0.07745048064316047 0.04994069019247764 0.054038586070688586 0.0368224963780359 0.10399623271085284 0.039410523922493175 0.037603822736324254 0.08341021402400411 0.07138396521260251 0.09008200805291947 0.07447294187285902 0.008599729901927504 0.05765010395504607 0.08700413868899579 0.10864631303147851 0.07070397081322924 0.09487592752830676 0.06403055318782552 0.11541441345946733 0.05062902843175549 0.06742775411674562 0.10065074977379981 0.029334685829325344 0.0595304868834052 0.07097362296550751 0.0526838357452683 0.05292986479332235 0.06918403004377977 0.0586890292895389 0.03686351057936858 0.10508985360764578 0.013413740076846686 0.026979776777591155 0.0056895145897988405 0.039896695382656465 0.09317914003467136 0.032053587141239036 0.08631714556784338 0.04020626167208443 0.05917832349909467 0.09682954416428882 0.06821059526159919 0.06498141343519107 0.03497785748323981 0.11157125083920652 0.017375267126343834 0.034791935507567304 0.045082850499949416 0.009806524951942022 0.02828172350336497 0.05093659979474141
 0.05506877958840107 0.07510918473090204 0.07384049289778315 0.0810210870204424 0.06750703115558733 0.06157212226257688 0.049401473551645196 0.0209467841058447 0.05271473354023053 0.10310742803517436 0.10046415062042388 0.03904272144460738 0.09467324889961541 0.08506668975349081 0.018586478343711958 0.1036700161759619 0.08800260896656018 0.06011146026468055 0.04543641969104538 0.07484062760668145 0.08350190119461595 10000.0 0.057212374397729596 0.07565917856118519 0.07561411140139374 0.05167269730528691 0.07948246314151657 0.09450001346072646 0.07625953308492682 0.04821523041476963 0.06111126732807919 0.08620688555226125 0.057236165715151915 0.05927622079231507 0.04376813810015305 0.07914747362067581 0.11804124601206159 0.09034000658209865 0.09597225547905552 0.07153479404978087 0.06731455879448855 0.08090594601238739 0.03781357597447818 0.09414948405591182 0.08747958755766985 0.09018582958052905 0.09625090111855995 0.07713247042317509 0.09091036016649263 0.05109835807865916 0.07153849749762047 0.06575535405582485 0.08294126948991232 0.015574905485851168 0.07630355597847813 0.08518936069528485 0.09287939297556504 0.08479237392282025 0.09258554171861132 0.08858468357727536 0.08016801964390988 0.09721093889419698 0.051482424452683175 0.005204358471324023 0.0906131591085652 0.05980141229598789 0.09471043259125705 0.019560195915064294 0.07598765722542425 0.049891839473762106 0.08060349464745639 0.06615523501917424 0.07140041900849392 0.05600339242375346 0.09157388248259798 0.05596750009869095 0.07071650143247027
 0.040552474485124765 0.08661867407852444 0.01785702403325945 0.05580044554404923 0.053955669536497365 0.04980666208724751 0.05562988736983656 0.03746566344854225 0.03638055635750498 0.07368269035465252 0.05509014906479257 0.020820012860565562 0.10198340987607545 0.09350339625748476 0.04468136106228786 0.07108061470399006 0.06773606031909359 0.004671600196448657 0.04411748697052997 0.08781347014858344 0.10162620653960419 0.057212374397729596 10000.0 0.07870721522629762 0.025314790304140997 0.06389007765323215 0.045101502412439945 0.0811172236498834 0.06025543603489354 0.0809724047369065 0.003900685359692057 0.07958566984118227 0.06403707741701246 0.021699651609188988 0.03049750738450558 0.034917478494293434 0.09397590992347009 0.10441660121291613 0.07749389447607546 0.02899157791613167 0.0101645656481224 0.05180606295467013 0.019810508727744952 0.07097868203000665 0.03105076437788888 0.07594594168339575 0.07104519934144415 0.02496545593029555 0.09098963009273513 0.042301346989118846 0.04272767382030122 0.05386087030090492 0.06704668682515036 0.06456035521534068 0.056735187818918835 0.08033052834941068 0.042046946723216024 0.09492465023427325 0.09435994898077245 0.10727898239392429 0.0737964231900985 0.05469379037532967 0.0764294806307769 0.05280761071394425 0.08349086392563564 0.04519008516369 0.04922614927576082 0.04913750161806275 0.051540942094286175 0.08164048947506258 0.024084854158188326 0.08725417273215252 0.07114596064171994 0.056795672263565904 0.11142609014220523 0.08405178071000421 0.05841182168756858
 0.038159208602240376 0.012410782080771784 0.08074679313889578 0.03773850383158445 0.02690390570479831 0.02930070130758442 0.02785188634244875 0.07734425890461911 0.0423449120012649 0.049574426392114464 0.07132280941515533 0.06469119930902621 0.023306030266759117 0.015087912019552428 0.060452662063769036 0.05401167205915362 0.03192965235731946 0.08328266167883372 0.037500255695014334 0.014556150940994569 0.027884816650383386 0.07565917856118519 0.07870721522629762 10000.0 0.0709279541917627 0.02399371596279429 0.04974273609321576 0.026288281158074755 0.026163851692271086 0.04076113165482752 0.08051495377967738 0.01484241923330477 0.018756091223031082 0.05865661518524912 0.05019447031212949 0.06282252589988276 0.05304586928529457 0.027225014878212432 0.03266348724615845 0.06043953628401317 0.08445755005686716 0.04283641948524519 0.07599917353907909 0.03755805449641771 0.08880560122215907 0.02509885168201373 0.040976987604202667 0.0742062278377526 0.015278647394832534 0.036881933227498616 0.0437495333024706 0.026118451440370522 0.0254407482602471 0.0645829604005563 0.030842263644060848 0.012556985070563258 0.07745307480752259 0.017012019586617813 0.017402844107430496 0.032626844047723425 0.01269763302276072 0.06532600529089434 0.031137972082693536 0.0768990950845271 0.017981737513194825 0.03390411756880581 0.06895577392596013 0.05696699998093995 0.037226476595254666 0.039330429199677816 0.08551213428989383 0.024777699318299116 0.0077048075595569625 0.023222814985237553 0.03684774270910139 0.03418446536369046 0.023466242618336214
 0.036558661305753935 0.08137985217700744 0.012433726900359468 0.03867377200453159 0.04402471023152207 0.042539717464125985 0.055523829493634436 0.05861261918874375 0.03418318215315693 0.051930128266806486 0.02979372683958865 0.03667045740582287 0.09296468431639385 0.08594211823499845 0.05930918577006497 0.04834933122132888 0.0507721800724388 0.026901183931154985 0.04573702965003659 0.08304991086779503 0.09739855106213322 0.07561411140139374 0.025314790304140997 0.0709279541917627 10000.0 0.06379830664334439 0.025384256529361965 0.0653998894008965 0.04705310034641812 0.08592776180258771 0.02319486707361255 0.06717218623513724 0.06137763183726582 0.01786513565068613 0.03589833431944344 0.011489358037575517 0.07279671059773968 0.09811227389798848 0.05995496649118633 0.010491748706339024 0.021780567337507873 0.03346819090132948 0.042172375509972465 0.052161545054569984 0.018027341674991308 0.06054819443130025 0.051308102052439276 0.0032792673655689312 0.08003147487980851 0.040749128870373234 0.02772053748916186 0.044900690159762426 0.05236944090734364 0.0788521946544016 0.04252521855976456 0.06861655786738169 0.017613270033382252 0.08793860416147965 0.08374774054014164 0.10272681709315348 0.0624832927654295 0.029824002808520676 0.07888915235429349 0.07209299305920246 0.07028169822191752 0.03841811955870926 0.023981332914858294 0.062224667437147864 0.0360390365729809 0.08605940395325332 0.014934186414263794 0.08617665776959814 0.06330782286914084 0.05354701775386378 0.10700355155811828 0.08651487811627308 0.0477198074139449
