NAME :TPP_input_15_4_1
NUM_VERTICES
57
NUM_CLUSTERS
15
Full Matrix
 10000.0 0.08063314446679777 0.06296624551926995 0.07812497898180276 0.09388090317794784 0.08704932703710644 0.08093435966755926 0.044048700091052564 0.07958803522675927 0.10148472443960121 0.05825390370248087 0.025586541514563344 0.035790184131998554 0.062414650810846635 0.07500304455868696 0.10642889782156993 0.06057060048063148 0.07899713395907003 0.0984397009915216 0.00599548284966458 0.10093907501275011 0.07430023112115845 0.08492800955379778 0.04123914013057425 0.10219193581192793 0.0327219998584544 0.0684703470896128 0.06722215715511341 0.09760315322582043 0.0396932432209486 0.0820068990425546 0.09510776222749784 0.06154893834737134 0.08877274539827835 0.07808385554452865 0.026538250251680922 0.09009991901707508 0.0444958121679672 0.11124644765271216 0.04208533155238521 0.08670398644227457 0.05181472288116915 0.06988419131385083 0.03343001091227138 0.10378126696715383 0.04555562236768402 0.09414234265858902 0.08831495539371897 0.07120473705098075 0.09582526127317412 0.04590254425419033 0.0414595101159052 0.009197149728241925 0.07944275302333001 0.08091848608443082 0.0710375659151555 0.09836253475264338
 0.08063314446679777 10000.0 0.03481635241691641 0.10295067301328852 0.03582733320105191 0.009622300176219456 0.061914831728302935 0.07973469097944791 0.07838554888043386 0.03998126296072785 0.06956532816319841 0.07534384980624668 0.053707010316732015 0.023594576235393936 0.06929509343086487 0.03948983018895141 0.048083860400943 0.030264819416761832 0.06526661101135355 0.07643434969453203 0.041481059867183284 0.017578835506923424 0.005332625859708287 0.039395854991485804 0.03912605124699483 0.07278966064233831 0.036109984992197273 0.05737544117504648 0.039482129065711316 0.059681467085416995 0.025141686327942593 0.015369405828346916 0.06794176283043928 0.022373709190464483 0.041962848980946765 0.062062177882841574 0.05179446139768254 0.08043860173545664 0.05556598065820382 0.03912728247575365 0.014248310949451608 0.030739476159545427 0.014635113405198429 0.04810052912298046 0.04092603813650772 0.0499962826426352 0.021097376527143098 0.008608163088099724 0.011965532138305297 0.020510916313382272 0.07395783013458938 0.08118658284385452 0.07225704760462727 0.013144894750167906 0.028801116829573755 0.01954437157025369 0.04418980524418228
 0.06296624551926995 0.03481635241691641 10000.0 0.0681356765290481 0.06796840377261928 0.03467592194779119 0.03137790036372959 0.0473169151329609 0.04490354244354907 0.03868484091541711 0.03485847659336119 0.048252492299467487 0.052354853356539444 0.013306501561226234 0.03582217262606304 0.0442267110891224 0.013269541702988595 0.016318650532215866 0.042398111351548334 0.06100546084250695 0.03800813262785939 0.04427820185986237 0.040069282220840954 0.03030418118680428 0.03954527756447248 0.043433842392150805 0.006028556613553057 0.02323494738295219 0.034671023281413076 0.029469089687118845 0.02073362273094761 0.0490356602602048 0.03312550596258151 0.05559533313905074 0.016969184150250994 0.03778255352129543 0.030407506786153594 0.04795113945367862 0.04863859920492631 0.034476643774945165 0.030963859313160407 0.01847234480336715 0.020491559473912055 0.03160669957192506 0.04104041629873253 0.019702241191155552 0.036138716492057105 0.03779455275834052 0.03549309558767522 0.03883570230465879 0.041024474772277726 0.04939461385544378 0.053771861526323204 0.024676552587317747 0.018555543951107208 0.04344596161136902 0.03549903766317674
 0.07812497898180276 0.10295067301328852 0.0681356765290481 10000.0 0.13487192983129825 0.10185647661675844 0.04892325821290083 0.035021556363953356 0.030478863411219942 0.09088127193197149 0.03381205286639036 0.05334325349069099 0.09771874058475334 0.08035763428158492 0.037311640842857124 0.09844201774197991 0.05486691438603026 0.07738598713420251 0.06274768245897941 0.08169864418075659 0.08869278431852594 0.11059505193663031 0.10818911382608667 0.0820727316838292 0.09268653254839652 0.0476293580267838 0.06753925034095375 0.046458427116348434 0.08643251884230577 0.05140393412760283 0.08382614486068192 0.11684146238721638 0.03501667300710986 0.12324641189891204 0.06630007249741225 0.06121921047709553 0.06674912541981923 0.03441566973190375 0.08886239824501412 0.08706811659634923 0.0971263856099105 0.07873058075139099 0.08854620800962411 0.07407799289577449 0.09307190547263552 0.057383554378689756 0.09987486224884412 0.10526584672343663 0.10235687992867183 0.10305685059234598 0.03624367060800331 0.036992321131299424 0.07364069695103045 0.09201455874454363 0.07991697942820682 0.10897963228775014 0.08287451705274654
 0.09388090317794784 0.03582733320105191 0.06796840377261928 0.13487192983129825 10000.0 0.04270010825829966 0.09724305423508312 0.1071162575135805 0.11276421418634695 0.07320036267732377 0.10106120618052389 0.0977534317567675 0.058941887502331126 0.054911875517546185 0.10364727089100292 0.0705349421169926 0.08086510769348335 0.06605787425923984 0.10102539168130924 0.08834839887021204 0.07512938595377254 0.02430960276545534 0.03208365430665005 0.05794215590642765 0.07192587816152331 0.09753165424721286 0.07060187083797284 0.09119468806086613 0.0737268478159768 0.08660563362529973 0.060924122141690275 0.03068840690976525 0.10020079460375302 0.013586504856114017 0.07758204451989532 0.08402697402641723 0.08759434526250988 0.10786525228808534 0.08873876060637217 0.05448407071548466 0.048600639963663116 0.056635733108395585 0.047887478107054765 0.06800152746513186 0.07353176527866437 0.07833063040453074 0.05297606827580948 0.03933835604545187 0.03261465383431118 0.050808995485813475 0.10229694320049841 0.10774756216804947 0.08762706202077217 0.04897201329891223 0.0646277364584138 0.026290068607884808 0.07880097794164323
 0.08704932703710644 0.009622300176219456 0.03467592194779119 0.10185647661675844 0.04270010825829966 10000.0 0.057959020915037004 0.08154119468317554 0.07551861615303987 0.031068717728198796 0.06929602902152146 0.07927859452608703 0.06222360876427202 0.02632822037354768 0.06659736369115192 0.030005901596950796 0.047519544324565274 0.025696003073845296 0.05887853072287184 0.08323169163835413 0.032776511936091844 0.02705920738865391 0.010848640074706623 0.04605391895200783 0.030047254331318295 0.07591214700868286 0.03432463447029769 0.055512249325759565 0.031121895576113823 0.062269150264990206 0.019575480221611024 0.015421794767743722 0.0671644374333602 0.029151839457669963 0.03775363836544448 0.06654751490423752 0.04572853444271363 0.08220873107422402 0.04672491787038359 0.04657309612878527 0.005977245876898339 0.03564223347825136 0.017548717284927056 0.05385204594131872 0.0317980426823894 0.05229619073456539 0.01154348170038495 0.0036937619674196147 0.021396118755557986 0.010927953992727623 0.0754279435467811 0.08333849459130471 0.07835949812290986 0.01000250916996225 0.02363666698382834 0.029153494678205535 0.036122770200222074
 0.08093435966755926 0.061914831728302935 0.03137790036372959 0.04892325821290083 0.09724305423508312 0.057959020915037004 10000.0 0.04677243570037484 0.018929689480618423 0.042014786740396 0.02708287890753427 0.05847315036187042 0.08079668172940183 0.04434533473508681 0.011980701009000156 0.049585949826645465 0.02292688933614705 0.03226697615833142 0.018477996349430578 0.08105912651870606 0.03978893870752259 0.07456921481931082 0.06657492753184972 0.0592035388334101 0.043847902616103863 0.051238418312752665 0.027112175681770177 0.013729724888054282 0.03763306733124196 0.0412411797492671 0.038474908104605195 0.07337663884250265 0.023006337108211254 0.08412090886946418 0.02020904059739501 0.054662806235336425 0.017867194729371642 0.04701136370777659 0.04099382926816179 0.06400314119768047 0.05240165920338643 0.049124335265346014 0.04956983789368386 0.05680628161948942 0.044171009235033164 0.03720541268550767 0.053277275002100576 0.061627867996617056 0.06565565117077382 0.0565318440407447 0.04084678545399121 0.05006588721603686 0.07249273384320508 0.04915804835546762 0.03437922716673377 0.07416416342366973 0.03395125923400549
 0.044048700091052564 0.07973469097944791 0.0473169151329609 0.035021556363953356 0.1071162575135805 0.08154119468317554 0.04677243570037484 10000.0 0.038498455569648704 0.08146939278703115 0.019706834981653976 0.01860669349547556 0.06348592569640499 0.05615846702641929 0.03694613076408374 0.0883422542216732 0.03632629954123026 0.06173735897714568 0.06519039739105077 0.047069669618169815 0.07993898186854863 0.08307538940605791 0.08504361625048708 0.05051678170445463 0.0828703187445768 0.012637083834307736 0.0497506832700287 0.03535879674874105 0.07688614714090736 0.02055562195334239 0.0673789290573456 0.09488926536346726 0.023787718942481263 0.09707394378788851 0.05433103504155936 0.02681025185359623 0.06179350356958351 0.0007542389985725283 0.0856580341163102 0.05512074816274789 0.07823561446248274 0.05083616040684185 0.06524084255668663 0.04132660330634212 0.08391225278048767 0.029762444605827974 0.08332642177279756 0.08436226929165805 0.07590023425454313 0.08610937306519852 0.00656172415378577 0.003401804733534356 0.03877238539846653 0.07165637304025095 0.06433063141384009 0.08083426908929044 0.07529138914799044
 0.07958803522675927 0.07838554888043386 0.04490354244354907 0.030478863411219942 0.11276421418634695 0.07551861615303987 0.018929689480618423 0.038498455569648704 10000.0 0.06086928091060589 0.021376801613308325 0.05461862209375662 0.08755563377500732 0.058172997580479946 0.009121376086773278 0.06844104360312274 0.03274901048358962 0.04999364111471402 0.03263409266187405 0.08110541311767341 0.058599744401637635 0.08918059367504669 0.08333437279419392 0.06764250668139572 0.06272081389111808 0.04715909086229414 0.04233486635617766 0.02174841509617919 0.056531602112864614 0.04200676854811139 0.056395230751859364 0.09089868540316513 0.01852198270129215 0.10009401884642022 0.038130673816443035 0.05544044783390838 0.03649203859027094 0.038438554665839196 0.05840425637022505 0.07275463673581145 0.07022579557557021 0.060142852801230225 0.0649307941666934 0.06257714025288054 0.06298116874333115 0.04249081567068797 0.07177273574712685 0.07912216331757285 0.08038889595774341 0.07501854635104217 0.034341118660937746 0.04186881278288492 0.07230510036253111 0.06619417430364487 0.05232138005701852 0.08826908965273972 0.05268760403462628
 0.10148472443960121 0.03998126296072785 0.03868484091541711 0.09088127193197149 0.07320036267732377 0.031068717728198796 0.042014786740396 0.08146939278703115 0.06086928091060589 10000.0 0.06396229767292157 0.08618895372917833 0.08530310240282347 0.04128030976709375 0.05361139246044127 0.007572396754853874 0.0455674283973484 0.02248803107853292 0.03404158207568047 0.09917231371051197 0.002518404602336503 0.05746555481327619 0.0418963105025148 0.0648409199206577 0.0019384084705993468 0.08057094163228844 0.03371914462594347 0.04731896236131109 0.004622441811711331 0.06693938422329195 0.020481154979616844 0.04319933409441582 0.060480762754292525 0.059847847977668546 0.027150587960304496 0.07643956466403147 0.02449582922543155 0.08195784045342977 0.015656743960849602 0.06746868480271112 0.025734986891815408 0.05202257464696851 0.03780194723955553 0.06905124843295708 0.00244961560152939 0.057839353218387304 0.020226467049306023 0.034060983283263915 0.0502769879823536 0.022611125579273198 0.07491018882257279 0.08420619070772117 0.09229006070432146 0.029313361250925506 0.020653457414913298 0.05903277191245908 0.008498473821314054
 0.05825390370248087 0.06956532816319841 0.03485847659336119 0.03381205286639036 0.10106120618052389 0.06929602902152146 0.02708287890753427 0.019706834981653976 0.021376801613308325 0.06396229767292157 10000.0 0.03357789885070994 0.0680364728428089 0.04663599882041332 0.017609498620927196 0.07117519761965165 0.02177654113307193 0.04638635309632 0.045483902494647475 0.05973339601673264 0.06219696016102066 0.07679088813283158 0.07485632506749305 0.04981600821077425 0.06552069331167973 0.026087468699181632 0.0352555225765202 0.016688576875105766 0.05933985921398989 0.02122929508776598 0.05258723453435415 0.08388547619052578 0.004081105695880499 0.08948551186500571 0.03705091189215134 0.034280375531201175 0.04272994207349416 0.019930491077446096 0.06666427674819475 0.05494089998748752 0.06504233380625614 0.04510839662641669 0.05502541782609553 0.0431948331821269 0.06636448723447802 0.024341337640609237 0.06887308319510624 0.07254141056167543 0.06854977659176019 0.0719079309419108 0.014069207908160294 0.023032012591851173 0.050934370693668046 0.05931590926255034 0.04901419240995879 0.07521775627021039 0.05712310030259368
 0.025586541514563344 0.07534384980624668 0.048252492299467487 0.05334325349069099 0.0977534317567675 0.07927859452608703 0.05847315036187042 0.01860669349547556 0.05461862209375662 0.08618895372917833 0.03357789885070994 10000.0 0.047776331531527494 0.052951727198085025 0.0509461152887187 0.09225512034609348 0.041360824305792306 0.06439272972454152 0.07671811478833676 0.028468469654736674 0.085123098139006 0.07476667502241201 0.0804053181837617 0.0398188376458705 0.08727325385007703 0.007490495870534975 0.05254477691289446 0.045191099406927386 0.08184854037587305 0.019298006985777154 0.0689328343590294 0.09069661867987451 0.03721377409020533 0.08939955582788392 0.060161041335133295 0.013781251798517568 0.0704299501447249 0.019113846602354077 0.09333228730147307 0.04347207041110935 0.07722339519676834 0.044647733843606346 0.06185902027935726 0.02975198463377364 0.08861532506098166 0.02856132653895839 0.08358788152445455 0.08149306547589105 0.06895385414181424 0.08593534165756875 0.020461683786636705 0.016351168962076255 0.02030252747205629 0.07006321528855956 0.06675202055515918 0.07203461632833161 0.08143428267885633
 0.035790184131998554 0.053707010316732015 0.052354853356539444 0.09771874058475334 0.058941887502331126 0.06222360876427202 0.08079668172940183 0.06348592569640499 0.08755563377500732 0.08530310240282347 0.0680364728428089 0.047776331531527494 10000.0 0.0443437127703516 0.08004261142424587 0.08810906960554335 0.05789381897040742 0.06464341778042496 0.09452465614151644 0.029953517086955508 0.08562684521942063 0.04238637794120352 0.05670597864461501 0.022064822806061722 0.08536343934088661 0.051117902451992436 0.0583098023384372 0.06836166106133179 0.08253303965495429 0.047126220283403 0.06487602032265437 0.06592871149183921 0.06959927707164296 0.055774937722552605 0.06928797104152905 0.036684667501224254 0.08274934774069409 0.06419053175470812 0.0985314950457159 0.01814687450953329 0.06402125609614139 0.03442045944646284 0.04802071663385451 0.02499040119332092 0.0871841852312781 0.04512312074150291 0.07199929162728538 0.06225108907463598 0.042240015393833305 0.0726699619854671 0.061478221691667195 0.06251821396944443 0.03142250655319054 0.05762891369034188 0.06557822661273999 0.03898610919560292 0.08512640781300103
 0.062414650810846635 0.023594576235393936 0.013306501561226234 0.08035763428158492 0.054911875517546185 0.02632822037354768 0.04434533473508681 0.05615846702641929 0.058172997580479946 0.04128030976709375 0.04663599882041332 0.052951727198085025 0.0443437127703516 10000.0 0.04910899560612207 0.04495726683022572 0.025953233217617302 0.020391634638068243 0.05340968649187103 0.05928337084150986 0.041418621547307945 0.031024865771038763 0.028918208006666845 0.02358634618140012 0.04153694762448941 0.04970631726763603 0.01738506190062668 0.036455451288322165 0.03826380925306033 0.0362758804701366 0.020813317475831605 0.0387474001216938 0.04544408383558378 0.042897766911192896 0.027347702367840468 0.04036168742812433 0.04040211740378413 0.05685876498502532 0.05419025446938756 0.026298545152299742 0.02465379706776871 0.010918784821996047 0.009123078888970263 0.029024710554411845 0.043304696472382734 0.02646212654430305 0.031787729420214565 0.028667512300665138 0.02232175428073733 0.03367833897103615 0.0503642095867517 0.05767654384556235 0.05341088266555257 0.017360151640695376 0.021234702895530963 0.030139461417429698 0.04079483252584137
 0.07500304455868696 0.06929509343086487 0.03582217262606304 0.037311640842857124 0.10364727089100292 0.06659736369115192 0.011980701009000156 0.03694613076408374 0.009121376086773278 0.05361139246044127 0.017609498620927196 0.0509461152887187 0.08004261142424587 0.04910899560612207 10000.0 0.06116092773649551 0.02393756188332239 0.04120425185520902 0.029045012006486726 0.07593961964662237 0.05146226055985104 0.08009915065983007 0.07426622069706496 0.05955770138814542 0.05540049945628388 0.043479610495915005 0.033223507032700064 0.012791382604988301 0.04913701084743059 0.03604049305440465 0.04764092239295645 0.08194679994445661 0.013754219618474008 0.09097397317156265 0.02952133619730544 0.049726549545425366 0.029780446608417537 0.03706606543244023 0.05293600452223064 0.06462372321909686 0.06139193257132649 0.05145302733025803 0.05580947604644556 0.055192288977126906 0.05583270783385612 0.03495549516538715 0.06326524111712041 0.07017912731398636 0.07129366846689618 0.06649598858563245 0.03165342343807079 0.04033330554142179 0.06717052127308018 0.05718474463624142 0.0435956899003295 0.07922783738404286 0.04572483677939692
 0.10642889782156993 0.03948983018895141 0.0442267110891224 0.09844201774197991 0.0705349421169926 0.030005901596950796 0.049585949826645465 0.0883422542216732 0.06844104360312274 0.007572396754853874 0.07117519761965165 0.09225512034609348 0.08810906960554335 0.04495726683022572 0.06116092773649551 10000.0 0.052196714988317953 0.027921099798354485 0.04105971466202485 0.10380444809045847 0.009898365096912989 0.057042185709054026 0.04045173181984647 0.06847344842253444 0.00576386818027116 0.08689374881804851 0.03972890162303484 0.05459005766234808 0.012042943629990711 0.0731133313107725 0.024458134877977617 0.039955681841968044 0.06776637481716681 0.05753953619346569 0.03418517112279637 0.08195809581752302 0.032044876017348005 0.08885167939014639 0.019142092522963897 0.07064787658744741 0.025587033134084117 0.055865694392611236 0.040102677078550655 0.07351436318229645 0.005593745318035784 0.0637431497677965 0.01847295941244237 0.0324132364083583 0.050665628515274695 0.01992647864426337 0.08178095078655719 0.09100064508576741 0.09726185807762208 0.03074770521791525 0.02570787843417906 0.058988242735005074 0.01592722039283338
 0.06057060048063148 0.048083860400943 0.013269541702988595 0.05486691438603026 0.08086510769348335 0.047519544324565274 0.02292688933614705 0.03632629954123026 0.03274901048358962 0.0455674283973484 0.02177654113307193 0.041360824305792306 0.05789381897040742 0.025953233217617302 0.02393756188332239 0.052196714988317953 10000.0 0.025475161403303782 0.03842414226782918 0.059867813834541636 0.04424922677483489 0.056893029599447247 0.05332865651309756 0.03647971012952916 0.04685208129000798 0.03522327123427438 0.013713049889659065 0.011192600882863973 0.04106597718483706 0.022163174416761345 0.0313483181571859 0.06216852098701079 0.019862301846625942 0.06871342218843203 0.018858385504021823 0.034059886515542585 0.02960830422762977 0.036878816968732166 0.05198412891028769 0.04139721710248258 0.043333695169011296 0.027532874740930097 0.03372723224428358 0.03395947863746135 0.04801676469952434 0.015156417488495035 0.04754838872030819 0.050773094901648816 0.04826700648278848 0.05049189238633084 0.029795217604029908 0.038857634141493416 0.05166912098178468 0.03754062512314146 0.02808965856120314 0.0557642152460368 0.04019096206083988
 0.07899713395907003 0.030264819416761832 0.016318650532215866 0.07738598713420251 0.06605787425923984 0.025696003073845296 0.03226697615833142 0.06173735897714568 0.04999364111471402 0.02248803107853292 0.04638635309632 0.06439272972454152 0.06464341778042496 0.020391634638068243 0.04120425185520902 0.027921099798354485 0.025475161403303782 10000.0 0.035562459517438916 0.07673776931313803 0.022035532461021218 0.04502965343674721 0.03459355436890278 0.04332260179114376 0.023259495733565824 0.05923263037221639 0.0120846420912708 0.031005327239372157 0.018721535844245876 0.0453512655154031 0.006457231662866204 0.04111697187818655 0.04361129690734634 0.052638494057621374 0.012058591912549361 0.05409248726479638 0.022009909005510562 0.062307547988350226 0.03396323035951731 0.04652247675538122 0.020240889002627018 0.03046063283428951 0.020550597062337833 0.04673737810649593 0.024800264913580568 0.035847932749492877 0.02259149198837273 0.029361252347372236 0.0363702376435065 0.025719593290071518 0.055233504229417404 0.06415270991086436 0.06980219284199428 0.017178910506506304 0.0026318123923928264 0.045436298914036465 0.02053627677430509
 0.0984397009915216 0.06526661101135355 0.042398111351548334 0.06274768245897941 0.10102539168130924 0.05887853072287184 0.018477996349430578 0.06519039739105077 0.03263409266187405 0.03404158207568047 0.045483902494647475 0.07671811478833676 0.09452465614151644 0.05340968649187103 0.029045012006486726 0.04105971466202485 0.03842414226782918 0.035562459517438916 10000.0 0.09812768666984908 0.03152425687529377 0.08059202816715799 0.06903304783277656 0.07247768842788856 0.0359697179888723 0.06957009737168232 0.0366920509083203 0.03155861732746509 0.030822816632429535 0.05889802722280736 0.04012494391164894 0.07358320143409082 0.04140284058303905 0.08746779298897811 0.026070271245635084 0.07194710368124055 0.013557215202000114 0.0654084393363749 0.026814116646546184 0.07683284425235871 0.05290669714724616 0.060850579711897286 0.05590118855858757 0.07189691623463518 0.03551757455313422 0.0535273532535952 0.05097782345573102 0.06250475863470549 0.07191079836764475 0.05405395530247449 0.05931877285357697 0.06850323042994931 0.08975194301106228 0.052162374234446585 0.036582841228401435 0.08094743804869621 0.025681588218408172
 0.00599548284966458 0.07643434969453203 0.06100546084250695 0.08169864418075659 0.08834839887021204 0.08323169163835413 0.08105912651870606 0.047069669618169815 0.08110541311767341 0.09917231371051197 0.05973339601673264 0.028468469654736674 0.029953517086955508 0.05928337084150986 0.07593961964662237 0.10380444809045847 0.059867813834541636 0.07673776931313803 0.09812768666984908 10000.0 0.09876403036668296 0.06927940771270555 0.08055896048899441 0.037191642856566884 0.09977969241467158 0.035086069629261744 0.06670456063694351 0.0673358699933504 0.09543876265892628 0.040054829280379525 0.07934651772937165 0.09064131417339363 0.06278114754943562 0.08362628351746922 0.07671113337862223 0.02642228156676853 0.0891261745627574 0.047582300806738274 0.10957735074476845 0.03749990594225315 0.08322039512468345 0.048488418507991876 0.06632606729117028 0.030317792146636595 0.10141908624533764 0.04471527024977493 0.09080777180560926 0.08431161731791596 0.0666125700778004 0.09234107585936102 0.048181131091439906 0.04475113020539842 0.00880144969910452 0.07601954850484256 0.0785283062267607 0.0659758821765624 0.0965043442846396
 0.10093907501275011 0.041481059867183284 0.03800813262785939 0.08869278431852594 0.07512938595377254 0.032776511936091844 0.03978893870752259 0.07993898186854863 0.058599744401637635 0.002518404602336503 0.06219696016102066 0.085123098139006 0.08562684521942063 0.041418621547307945 0.05146226055985104 0.009898365096912989 0.04424922677483489 0.022035532461021218 0.03152425687529377 0.09876403036668296 10000.0 0.05887283587219909 0.04362431268832677 0.06489790991945321 0.004446974342872211 0.07937252433440335 0.03282472621570112 0.04552223149201642 0.0033371956262628353 0.06584107906673248 0.020762226754971115 0.04530786588502208 0.058655526312681734 0.061719122281285906 0.02562127097130814 0.07566051187209231 0.022159698616398136 0.08041312019255874 0.014110984895892135 0.0676916651267309 0.027276101892450236 0.052038987184233394 0.03847461986338209 0.06876083107618675 0.004382742178882802 0.056903312471033314 0.02221674929357596 0.035880904928848024 0.051481360731786 0.024739444515286462 0.07338668380782072 0.0827246393600761 0.09174194800882249 0.03035592186752595 0.020433310011411562 0.06033024776745154 0.0060407817694653355
 0.07430023112115845 0.017578835506923424 0.04427820185986237 0.11059505193663031 0.02430960276545534 0.02705920738865391 0.07456921481931082 0.08307538940605791 0.08918059367504669 0.05746555481327619 0.07679088813283158 0.07476667502241201 0.04238637794120352 0.031024865771038763 0.08009915065983007 0.057042185709054026 0.056893029599447247 0.04502965343674721 0.08059202816715799 0.06927940771270555 0.05887283587219909 10000.0 0.017425480246403058 0.03520294936791669 0.056665607538783906 0.07394028917035243 0.04752313582889714 0.0674781277109911 0.056710686841343776 0.06252595332461736 0.04103213800502398 0.024465708232442256 0.07601869531118784 0.01474424336029249 0.055674318186329855 0.06098624607138115 0.06703775615032138 0.0838204791782362 0.07298185036874785 0.032668249963119206 0.03177875457138037 0.03238780563468631 0.025104827838741513 0.045216988384638106 0.058475950129115904 0.054062207468824244 0.03860050387357986 0.025135058342970792 0.00891403861569753 0.03771999942059759 0.07811172611009609 0.08384823685205746 0.06699172010682448 0.029174838160886365 0.04415321765869872 0.0034004740992033444 0.061203051371975035
 0.08492800955379778 0.005332625859708287 0.040069282220840954 0.10818911382608667 0.03208365430665005 0.010848640074706623 0.06657492753184972 0.08504361625048708 0.08333437279419392 0.0418963105025148 0.07485632506749305 0.0804053181837617 0.05670597864461501 0.028918208006666845 0.07426622069706496 0.04045173181984647 0.05332865651309756 0.03459355436890278 0.06903304783277656 0.08055896048899441 0.04362431268832677 0.017425480246403058 10000.0 0.0437693044760642 0.04083236971867277 0.07798431495032493 0.04115659098534204 0.06247448698918066 0.041947050015590424 0.06494925047438306 0.029056005734016253 0.010350284504176924 0.07319069911532884 0.0184971816961761 0.04648532379382118 0.06703435974850636 0.055680426700350456 0.08574913130012701 0.05755264268709595 0.04308937946048672 0.01658997868074184 0.03575975213597305 0.019966176223597094 0.052770007282149145 0.042559616261907546 0.055296316593670625 0.022046421120978765 0.00804121334004315 0.01447145751200115 0.020679374720439164 0.0792824093891567 0.08647322621121113 0.07670588907334185 0.01744432282446585 0.03291222852922413 0.02009635538937955 0.04689884003145173
 0.04123914013057425 0.039395854991485804 0.03030418118680428 0.0820727316838292 0.05794215590642765 0.04605391895200783 0.0592035388334101 0.05051678170445463 0.06764250668139572 0.0648409199206577 0.04981600821077425 0.0398188376458705 0.022064822806061722 0.02358634618140012 0.05955770138814542 0.06847344842253444 0.03647971012952916 0.04332260179114376 0.07247768842788856 0.037191642856566884 0.06489790991945321 0.03520294936791669 0.0437693044760642 10000.0 0.06512218199714787 0.03990270742742313 0.03627969996682006 0.04734034918432187 0.06169318389000538 0.03084722943733213 0.04439379556771438 0.05402519419536182 0.05059205018593034 0.049935816062571935 0.04725679660015024 0.026085795125804077 0.060709508483028744 0.05127007776201068 0.07727976741695257 0.0051434056747563135 0.046313164515331164 0.012875728710415124 0.029429189016418045 0.010076892627467462 0.06688590639925339 0.025570301308739822 0.054071242627642985 0.04713586621113012 0.03048938394741119 0.05539636823637628 0.04668653291094428 0.050638976079136824 0.03294056512963627 0.039245778237124475 0.044534077723252755 0.03232669425858676 0.06385462608413392
 0.10219193581192793 0.03912605124699483 0.03954527756447248 0.09268653254839652 0.07192587816152331 0.030047254331318295 0.043847902616103863 0.0828703187445768 0.06272081389111808 0.0019384084705993468 0.06552069331167973 0.08727325385007703 0.08536343934088661 0.04153694762448941 0.05540049945628388 0.00576386818027116 0.04685208129000798 0.023259495733565824 0.0359697179888723 0.09977969241467158 0.004446974342872211 0.056665607538783906 0.04083236971867277 0.06512218199714787 10000.0 0.08174915684765441 0.03474306895428909 0.04890572304797513 0.006280768466543375 0.06805636500261672 0.020732327805494007 0.041772712911338564 0.06207777795442869 0.058633699827968074 0.028603515397124052 0.07732694979645702 0.02638727974945805 0.08336801074420572 0.01681549755312439 0.06762029260559414 0.02488811008421045 0.052350673559913276 0.03764940948825501 0.06958922472733413 0.0018618490489707997 0.058851545415905766 0.018973539412488794 0.032926713611643045 0.04965917521690669 0.021202252442867484 0.07630897052798614 0.08557393374784367 0.09300282780388275 0.028887299029296185 0.02127544154531305 0.05832519728412552 0.010434840726321247
 0.0327219998584544 0.07278966064233831 0.043433842392150805 0.0476293580267838 0.09753165424721286 0.07591214700868286 0.051238418312752665 0.012637083834307736 0.04715909086229414 0.08057094163228844 0.026087468699181632 0.007490495870534975 0.051117902451992436 0.04970631726763603 0.043479610495915005 0.08689374881804851 0.03522327123427438 0.05923263037221639 0.06957009737168232 0.035086069629261744 0.07937252433440335 0.07394028917035243 0.07798431495032493 0.03990270742742313 0.08174915684765441 10000.0 0.04721059626751939 0.038133230457654266 0.07614238288783032 0.013967604583600806 0.06415644957518625 0.08814674869030026 0.029738046739942656 0.08834684064142784 0.05407971675351885 0.014664586959089143 0.06377633454515884 0.013285151490018786 0.08698458329356432 0.04414297382543558 0.07338276218143489 0.04253868589340346 0.05878761339361972 0.030168987760582525 0.08301288728088978 0.023909487847041274 0.07933957276380982 0.0783717348353838 0.06745754997419302 0.08185005407983031 0.013183869824870983 0.011405760730743042 0.026538235082148642 0.0663817682359983 0.06168430348554755 0.0714289090863775 0.07541398230352422
 0.0684703470896128 0.036109984992197273 0.006028556613553057 0.06753925034095375 0.07060187083797284 0.03432463447029769 0.027112175681770177 0.0497506832700287 0.04233486635617766 0.03371914462594347 0.0352555225765202 0.05254477691289446 0.0583098023384372 0.01738506190062668 0.033223507032700064 0.03972890162303484 0.013713049889659065 0.0120846420912708 0.0366920509083203 0.06670456063694351 0.03282472621570112 0.04752313582889714 0.04115659098534204 0.03627969996682006 0.03474306895428909 0.04721059626751939 10000.0 0.0213499820482862 0.029503942247373682 0.03338642513366961 0.017670132913021174 0.049351450558482154 0.032897615262755295 0.05778250307497212 0.01097850965638667 0.04285971226076743 0.024440743988352335 0.050334711213347476 0.04287279953856107 0.040359813506349776 0.029814110866576076 0.024207164901780622 0.02271777729769801 0.03755430300529271 0.036126831826766646 0.0241205448976154 0.03383633470128918 0.03772907456222296 0.038618529619613845 0.03678195373430769 0.043277603050152755 0.05211130609016488 0.05929238911076543 0.024487604035993274 0.014626398428721566 0.047054266513861125 0.02989331333159327
 0.06722215715511341 0.05737544117504648 0.02323494738295219 0.046458427116348434 0.09119468806086613 0.055512249325759565 0.013729724888054282 0.03535879674874105 0.02174841509617919 0.04731896236131109 0.016688576875105766 0.045191099406927386 0.06836166106133179 0.036455451288322165 0.012791382604988301 0.05459005766234808 0.011192600882863973 0.031005327239372157 0.03155861732746509 0.0673358699933504 0.04552223149201642 0.0674781277109911 0.06247448698918066 0.04734034918432187 0.04890572304797513 0.038133230457654266 0.0213499820482862 10000.0 0.04269766754476586 0.027534437051030324 0.03741704039003631 0.07066191296532101 0.013177228816182263 0.07870644876762845 0.020645780910776557 0.04093407009670223 0.026437169153499817 0.035728245385976395 0.05030841081451793 0.052336595155438224 0.050677975849421776 0.0387246526121928 0.04350998400711792 0.043861490037065506 0.049710804996113155 0.02385286335298476 0.05357811753302515 0.05898530257182486 0.058721852607390955 0.056723076018884475 0.028999210254818712 0.03845049747319357 0.05876303114499283 0.045786550520484366 0.03357460122946551 0.06652622628770714 0.0404393113902765
 0.09760315322582043 0.039482129065711316 0.034671023281413076 0.08643251884230577 0.0737268478159768 0.031121895576113823 0.03763306733124196 0.07688614714090736 0.056531602112864614 0.004622441811711331 0.05933985921398989 0.08184854037587305 0.08253303965495429 0.03826380925306033 0.04913701084743059 0.012042943629990711 0.04106597718483706 0.018721535844245876 0.030822816632429535 0.09543876265892628 0.0033371956262628353 0.056710686841343776 0.041947050015590424 0.06169318389000538 0.006280768466543375 0.07614238288783032 0.029503942247373682 0.04269766754476586 10000.0 0.06257442667857935 0.01774495662754574 0.04433972467774135 0.05586105869908701 0.06023256984790871 0.022557121108253742 0.07233075922332474 0.02035266479052072 0.07737035352306276 0.01655670975280228 0.06455581050007639 0.02541919868581859 0.04882529267107977 0.03564523603685479 0.0654560150713803 0.007039436307807807 0.053594638900200935 0.02117238032418672 0.034390009483771494 0.049101028020208985 0.02395701603957772 0.07032860977961179 0.07963936317323975 0.08840605066916232 0.027882565657418007 0.017181167427246014 0.05803630815769051 0.005336029827568948
 0.0396932432209486 0.059681467085416995 0.029469089687118845 0.05140393412760283 0.08660563362529973 0.062269150264990206 0.0412411797492671 0.02055562195334239 0.04200676854811139 0.06693938422329195 0.02122929508776598 0.019298006985777154 0.047126220283403 0.0362758804701366 0.03604049305440465 0.0731133313107725 0.022163174416761345 0.0453512655154031 0.05889802722280736 0.040054829280379525 0.06584107906673248 0.06252595332461736 0.06494925047438306 0.03084722943733213 0.06805636500261672 0.013967604583600806 0.03338642513366961 0.027534437051030324 0.06257442667857935 10000.0 0.05019658483177466 0.07496688746728765 0.023491844210055304 0.0765302714437683 0.04089167829447125 0.013697892670475772 0.05155419519842034 0.02129837494036451 0.07413946331033745 0.03574776550167086 0.05954479770083094 0.030292564618503146 0.04539826787545881 0.022738289947747983 0.06937148495651406 0.010013327185428406 0.06539591232734623 0.06485420755243285 0.055373574895780396 0.06793477941427313 0.01591784323316718 0.0215886033776893 0.03136565636034106 0.05261915342883408 0.0477764415496739 0.06031660525370927 0.06214221046471707
 0.0820068990425546 0.025141686327942593 0.02073362273094761 0.08382614486068192 0.060924122141690275 0.019575480221611024 0.038474908104605195 0.0673789290573456 0.056395230751859364 0.020481154979616844 0.05258723453435415 0.0689328343590294 0.06487602032265437 0.020813317475831605 0.04764092239295645 0.024458134877977617 0.0313483181571859 0.006457231662866204 0.04012494391164894 0.07934651772937165 0.020762226754971115 0.04103213800502398 0.029056005734016253 0.04439379556771438 0.020732327805494007 0.06415644957518625 0.017670132913021174 0.03741704039003631 0.01774495662754574 0.05019658483177466 10000.0 0.034949842368802414 0.049913716608487896 0.0473911180741059 0.018330972358727955 0.05793108349684023 0.026670643357236422 0.06797223028040679 0.03413586889241958 0.04699293109223062 0.013926751469139876 0.031620777130808686 0.01808732193100583 0.04906243887035451 0.022492263177035864 0.04041772046035195 0.016286282407942193 0.023266610469619194 0.032737302666228846 0.019354835507192733 0.06092735650302484 0.06967293906703415 0.07285315866923277 0.012066551057130032 0.004097433300370464 0.041842291039694036 0.021099529627363382
 0.09510776222749784 0.015369405828346916 0.0490356602602048 0.11684146238721638 0.03068840690976525 0.015421794767743722 0.07337663884250265 0.09488926536346726 0.09089868540316513 0.04319933409441582 0.08388547619052578 0.09069661867987451 0.06592871149183921 0.0387474001216938 0.08194679994445661 0.039955681841968044 0.06216852098701079 0.04111697187818655 0.07358320143409082 0.09064131417339363 0.04530786588502208 0.024465708232442256 0.010350284504176924 0.05402519419536182 0.041772712911338564 0.08814674869030026 0.049351450558482154 0.07066191296532101 0.04433972467774135 0.07496688746728765 0.034949842368802414 10000.0 0.08197314759398155 0.01837014876042725 0.0531736655425918 0.07736392132775659 0.06069995444896035 0.09558484968554898 0.058496460505341207 0.053141539501395905 0.021083357169274928 0.0460655880549543 0.02964860329982556 0.06310675650571496 0.04327905673440488 0.06520811951886954 0.023171447984607522 0.011779622474945451 0.02410937565022331 0.020588241235430755 0.08901078867666268 0.09642118074930925 0.08696508788140737 0.02487536826596734 0.03902889956731908 0.027678244408525586 0.049606385116991634
 0.06154893834737134 0.06794176283043928 0.03312550596258151 0.03501667300710986 0.10020079460375302 0.0671644374333602 0.023006337108211254 0.023787718942481263 0.01852198270129215 0.060480762754292525 0.004081105695880499 0.03721377409020533 0.06959927707164296 0.04544408383558378 0.013754219618474008 0.06776637481716681 0.019862301846625942 0.04361129690734634 0.04140284058303905 0.06278114754943562 0.058655526312681734 0.07601869531118784 0.07319069911532884 0.05059205018593034 0.06207777795442869 0.029738046739942656 0.032897615262755295 0.013177228816182263 0.05586105869908701 0.023491844210055304 0.049913716608487896 0.08197314759398155 10000.0 0.08833783089011497 0.03377642559755308 0.036935344051890646 0.03884698179030373 0.02401054709399631 0.06277108654552017 0.05573525347343434 0.06269939602043906 0.04487588548806276 0.053532432053952805 0.04462895672956946 0.06286560966431434 0.025031501693744438 0.06618349956069684 0.07049423387600035 0.06760231328577235 0.06926795136134054 0.01807838616038808 0.027109584405967967 0.05398232365992549 0.05723673675143002 0.04622434315522387 0.07460800704788675 0.05347502829019982
 0.08877274539827835 0.022373709190464483 0.05559533313905074 0.12324641189891204 0.013586504856114017 0.029151839457669963 0.08412090886946418 0.09707394378788851 0.10009401884642022 0.059847847977668546 0.08948551186500571 0.08939955582788392 0.055774937722552605 0.042897766911192896 0.09097397317156265 0.05753953619346569 0.06871342218843203 0.052638494057621374 0.08746779298897811 0.08362628351746922 0.061719122281285906 0.01474424336029249 0.0184971816961761 0.049935816062571935 0.058633699827968074 0.08834684064142784 0.05778250307497212 0.07870644876762845 0.06023256984790871 0.0765302714437683 0.0473911180741059 0.01837014876042725 0.08833783089011497 10000.0 0.06429006491561676 0.075626641318679 0.07405966178372472 0.0978120221542904 0.07544551967760611 0.04737556336328473 0.03502999860775276 0.04623858335726155 0.035198665190700404 0.05992999933584683 0.06027962257330746 0.06766758702123682 0.03966016259333091 0.025853941055299454 0.021213155018481027 0.03766451365754314 0.0918742952895309 0.09800641450508818 0.08163196951213586 0.03549615268322424 0.051138063947188964 0.01781721038164058 0.06527186660923548
