NAME :TPP_input_29_3_2
NUM_VERTICES
85
NUM_CLUSTERS
29
Full Matrix
 10000.0 0.0826511215966386 0.03594927241969677 0.10180906813713654 0.02162011321637494 0.0853168955883964 0.029309024011379966 0.06320375042252048 0.10165715136163858 0.0600242394291001 0.048522315347047464 0.04348651753711891 0.096133446496183 0.10822600252248207 0.11487222422707939 0.09554535575338921 0.10746314319202155 0.07402872016019005 0.03566667463474358 0.09986795355802922 0.058017148601792135 0.05104162560163845 0.07023113133198296 0.11390469931029097 0.0909728963881679 0.023490003650977257 0.06454622585010195 0.0649836442970068 0.05805171555764265 0.047282423998721214 0.029959585391958487 0.05842208336277657 0.060537292718435234 0.0780527820036186 0.10397585735389728 0.0532399049117974 0.08682703418416451 0.05096435691327914 0.0336522847564192 0.06317571646116607 0.04840642634865402 0.02918433044834073 0.044729931336820974 0.08147420147136943 0.08616080165232479 0.0765383805117631 0.05564858138255601 0.0503294239467321 0.09370341350410626 0.008105635215207062 0.03850732206963831 0.1071311496005584 0.0681012949706003 0.08612182274806383 0.04620928417687811 0.07210839325269179 0.027656271799698345 0.07135741705946776 0.06356163053067457 0.08215231720203307 0.10902232816109036 0.01704881952767283 0.07702718016991753 0.056786121369156305 0.020971071219740754 0.05759991690990513 0.07794510117222066 0.04103248706258461 0.08819760696797238 0.08704305915727119 0.04267888757181814 0.07679703789150286 0.06988279161972885 0.047082149301954326 0.09715730204718397 0.05162605099941069 0.07959910760632902 0.022636573145105057 0.025363115383606378 0.09579899646692906 0.0489571578413023 0.05267573525339087 0.02949131638137215 0.0811267201847591 0.07152013361494503
 0.0826511215966386 10000.0 0.08106471774137358 0.02261019367664201 0.0700621017710618 0.08210015963081384 0.08039127251250698 0.04175763169240422 0.05388871199159895 0.02909523909898325 0.07876890231322596 0.08500230822392826 0.04398187466094719 0.06517578036495374 0.06705732138336623 0.02122975138811875 0.052888504057884006 0.010404600048501507 0.05050708804168659 0.029133295633042865 0.04306409727080738 0.06945452088190754 0.03799788963204104 0.04450462056269791 0.07643148924101455 0.08272400713570291 0.018108297704996067 0.020804731202402102 0.05220450382019014 0.038537901443215436 0.05597833130334648 0.058136882200733604 0.09134884042553378 0.062459912857908424 0.0742831920975165 0.08842000263182524 0.08567976713577756 0.0576603067715436 0.05095090685332208 0.026503345542217543 0.03462503983898442 0.05400133412995827 0.049888779296979394 0.085330603420943 0.031937010311004835 0.02468299629991845 0.05602517161704126 0.03248659381049803 0.038620149395497065 0.0875114466072492 0.044850822645371574 0.06044914020657442 0.04527170308240394 0.020240935982305232 0.06150975436029786 0.027042982180795393 0.05861730693755456 0.04374758274844054 0.07983121404413901 0.0998293376625095 0.062285607928306265 0.07955194068950418 0.01312397046290198 0.03771777741189073 0.07698801800808944 0.02509777409042157 0.015040348688507552 0.04219334021579396 0.012795560809314994 0.09277172087991077 0.04108271073940628 0.031249766593305594 0.07720187087419174 0.08719914551931804 0.08809387717775725 0.049851444573766585 0.00613262338717159 0.06012561160864002 0.08097666245637282 0.0324341188073094 0.03374519525544429 0.08258863973112848 0.08492404169773335 0.06419368640542211 0.015299242579361555
 0.03594927241969677 0.08106471774137358 10000.0 0.09401605253098275 0.019304106185710414 0.05182329916273225 0.006645449471542137 0.04568513057671398 0.07921390512175906 0.05228233149742116 0.013481571325897385 0.007838872969007349 0.076693689993653 0.08285887862942447 0.09020142991420899 0.0860613098822437 0.08654183567194615 0.07073951177122872 0.052594736807945956 0.08760962972571437 0.04152834669343753 0.020183761134810952 0.053100835751634844 0.09846265241067109 0.0595219881599384 0.012975655635774139 0.06499974405983082 0.07058911370023666 0.0358763787507569 0.04323602039214876 0.0298759739463032 0.03276689461259082 0.024687933158986614 0.04987191415625066 0.07490757263458536 0.017443829347330644 0.05271478779367379 0.027539465079820427 0.04927662885915047 0.05524139197568608 0.05478246620033753 0.035929300061649565 0.031261997648301884 0.04695822477584206 0.09706580987534892 0.06480089035157659 0.03180957042359102 0.055303610334783246 0.07612600714379893 0.03133093277852332 0.04933600419356489 0.08324701266353654 0.04766446245336382 0.09241256185838083 0.021978815367648265 0.0824715925703656 0.028084139844631508 0.051252891598491244 0.028892702992364693 0.0462038928923559 0.08484158815883303 0.018907685715870204 0.0707302329663321 0.044598495000899185 0.015421787696048269 0.06014364352191392 0.08298340948813032 0.05049493079576094 0.09085625659996938 0.05178363336043376 0.04302290093562736 0.061967027066740704 0.03628777177338488 0.011581308629394386 0.06361297231845149 0.03344350109057061 0.08061588428977118 0.03890699574870179 0.010667979405797048 0.08115570952665732 0.05168099987004069 0.016937935931890077 0.008371785206325139 0.05252163966813261 0.06633924809426339
 0.10180906813713654 0.02261019367664201 0.09401605253098275 10000.0 0.08652331041981781 0.08190914861827028 0.09471515013003601 0.04936922735782172 0.043042290395023046 0.042990568749569635 0.08877367447260803 0.09642004140866717 0.034249304294580334 0.05374364242681135 0.05326007955499277 0.008554005671895891 0.038875344179482074 0.028210479402779157 0.0719408701173959 0.013083720703398924 0.052740604759198846 0.0787437971242157 0.042882746733535045 0.02439208919380961 0.07362034479482703 0.09817852063807282 0.038639719854366365 0.0433041950915188 0.060309181304231026 0.05510103289355271 0.07316885102316896 0.06559046799907645 0.09914653953306686 0.06288887402266681 0.0664029195674946 0.09776873608711305 0.08547698316441575 0.06763061766990006 0.07195349683608111 0.03978213483593625 0.055428992052012564 0.07263601243459272 0.06330948819447171 0.08672626368434115 0.049723495917421055 0.029418010598006018 0.06459076217166446 0.05309272741917527 0.029613192338747 0.10575049408953541 0.06553460675192882 0.04843599337075221 0.05007576269975927 0.03767725379906544 0.07257977965356367 0.048743101325944914 0.07579231948553063 0.04721344523318015 0.08592963634647299 0.10292675482846922 0.04984890852726411 0.0961860250176899 0.024831704197931754 0.049533303223561115 0.0930030267472961 0.045735329024021526 0.03636199612955316 0.06288111434094906 0.028593988030264576 0.09347952199296719 0.059160882497264616 0.03373523180123082 0.08129696781728894 0.09791593897422136 0.08497117323785272 0.060704771169615555 0.028380848879258964 0.07984278923115352 0.09607242238880583 0.02096899991055289 0.05333769351768844 0.09171235989018961 0.099284328293707 0.06358558894378925 0.030292738011105345
 0.02162011321637494 0.0700621017710618 0.019304106185710414 0.08652331041981781 10000.0 0.06417664216939514 0.014149400101884247 0.043232472811174004 0.08110685172338182 0.04354673511068664 0.02919166299386108 0.027004466294833798 0.0763210558273036 0.0871077502613133 0.0939221554254402 0.07939124067442889 0.08735641625772034 0.060298778966269916 0.03396933929660342 0.08262149186100075 0.03813241910274993 0.029862667298829127 0.050600032918407215 0.09562371059272735 0.06941958661803402 0.013301810963016488 0.05250977121866644 0.05607720134194143 0.036872608219760954 0.031740552804490355 0.014213376082705134 0.03685992159306057 0.04307124635819759 0.05645888193582341 0.08239053986521067 0.036128027803925065 0.0659015297779915 0.02945778694275743 0.030740340362511043 0.04676537273226745 0.039259303370478844 0.018464724199686155 0.02489300794603454 0.06079910988175512 0.0812363116036939 0.05899974135099825 0.03419656013376306 0.04036100266037896 0.07442682180089931 0.021257382629173444 0.03195949961105035 0.08629761085545154 0.047524455067443905 0.07818882168316822 0.024592753621307143 0.06654682416746659 0.011657420440571437 0.05093735209575593 0.04328876490376121 0.06354765050894555 0.08813870804651656 0.009662744601362884 0.06189415867133678 0.03827757208737053 0.007117140205715158 0.04648700732144805 0.06905742478025663 0.03361485550078793 0.07811056618027142 0.06684527040827835 0.029190420806098516 0.05810265581981094 0.048952158021143104 0.03072698587401292 0.07595605177723928 0.030983862349774554 0.06836989416780592 0.019723657666370832 0.01243407407968828 0.0775669808493336 0.03745938190192635 0.033918242135959224 0.017558602499932803 0.059522641461711316 0.05675022298652776
 0.0853168955883964 0.08210015963081384 0.05182329916273225 0.08190914861827028 0.06417664216939514 10000.0 0.05788818782433479 0.04277426008903187 0.0458059655294607 0.058835987875677544 0.0383649096640751 0.046634326215392395 0.05009220118307859 0.04259942718548997 0.04981149415337402 0.07359120525972325 0.05399437759048767 0.073317050905138 0.08544667941044119 0.07013421581123691 0.044516609698808086 0.034326983233329354 0.04432247956466476 0.07279837279795873 0.011519889713789025 0.06446243089388301 0.07513150040086275 0.0847690651347037 0.036351266750305415 0.06126614541919977 0.0638166415334085 0.03179502229031757 0.03438133118536027 0.01967369955421256 0.028778071202649916 0.039293386116432884 0.003606975354383462 0.03838631063085004 0.08246988550415256 0.05951984715288015 0.07674236632349399 0.07004380554347574 0.05014244973258228 0.0071592242289402275 0.11042883954444434 0.057541117808139496 0.035367104635970883 0.0755054514983418 0.053278652373044535 0.08237108447200128 0.07840849606329668 0.04583080877853642 0.03755540281903967 0.100855570483452 0.040990939993786744 0.09860618489596194 0.06427622616915434 0.03845780575065973 0.023147903328912835 0.023615872205062973 0.04646445536259744 0.06900498345979601 0.0689851040213258 0.05102343246501293 0.0646646429610074 0.0751502873863703 0.09232856489791955 0.07771766861864675 0.09483762909986804 0.011740935606119622 0.06599096178914055 0.05111917644791544 0.01558882035305721 0.04456446919673374 0.011866373282131503 0.043363897869523334 0.08539129028644549 0.07783325903323152 0.06186252297427536 0.06172100383292236 0.07144355349434646 0.035924496588633247 0.06013460635478448 0.01838864632233012 0.06825801055856504
 0.029309024011379966 0.08039127251250698 0.006645449471542137 0.09471515013003601 0.014149400101884247 0.05788818782433479 10000.0 0.04760518053495883 0.0828434650024331 0.052193317584416525 0.019779303653834693 0.014273823060447418 0.07963514995008555 0.0871667907649679 0.09439926203739349 0.08701095387860482 0.08989730438233987 0.0702182754655717 0.04808828999731712 0.08914300771303174 0.04304444528707253 0.025026313748048933 0.05513648047431811 0.10075216710754713 0.06511134031612048 0.006574652764793853 0.06363227383231973 0.06839951380280998 0.03864621687084729 0.041976493205439384 0.026650824281368724 0.0364034102047291 0.03127248729936186 0.05455916382758416 0.08001024982786234 0.023995737945899667 0.05893838934458756 0.030267572289070777 0.04483535382024694 0.055287602272823755 0.05203442560859647 0.03206012792553118 0.03140911705669693 0.053269231896553824 0.09433290894942398 0.0658916648210536 0.03487968458307755 0.052822199418591245 0.07865381943923835 0.02479714891264552 0.045627498895713506 0.08722759558867821 0.05035745883100288 0.09043716993099746 0.02457382892518919 0.07965681032980244 0.02449159916376688 0.05395112026511085 0.03518084226288837 0.052847292540126614 0.08889870831456641 0.012277592022105611 0.07080646980225393 0.04520927397194427 0.009048978844987489 0.05825708591370409 0.08110942084058118 0.04705773306781863 0.0895201136738857 0.05828764860492748 0.0408583311585853 0.06367475279858638 0.04230345671857976 0.017959566877907097 0.06972576126038986 0.0350059924569236 0.07944359257193187 0.033834246336533765 0.004063378800836343 0.08311387635841204 0.04947672782462773 0.023525323519346945 0.004576621322415866 0.05734720432533483 0.06610231983443139
 0.06320375042252048 0.04175763169240422 0.04568513057671398 0.04936922735782172 0.043232472811174004 0.04277426008903187 0.04760518053495883 10000.0 0.03858881828585265 0.016078336309902852 0.03940659271568982 0.047256763354875934 0.03309919073342327 0.0462477927264027 0.052312761482170594 0.04105752799458646 0.04427950869197179 0.031916579398676787 0.048221515386760866 0.04196204130753809 0.005187124953452836 0.02938294234455071 0.007544173865767751 0.05316923543817017 0.040428443927651485 0.0522903032321369 0.03238654323315179 0.04199951882982933 0.011000250285357933 0.021738065503668805 0.033757636480150885 0.01664583428765883 0.05035233635133924 0.02455876966994662 0.04627414281418097 0.04846282434902432 0.04616342913058739 0.018431977797094195 0.04594509860509415 0.016858895980034597 0.03578592365282952 0.037377883079041274 0.01851309897849222 0.04469693220064309 0.0678915272311443 0.0200241704361772 0.01523906511602305 0.03411295379382388 0.03133381102801829 0.06441879825641379 0.04031608097831841 0.044407350641418215 0.006386141965065577 0.05895201303783673 0.023742469926743448 0.05583197351650374 0.03574348635097631 0.008595875922441461 0.038151119875993345 0.058251621562345604 0.046378102490800155 0.05230523208191296 0.029049600182271994 0.009350086903780388 0.04830463818319714 0.032623357647838254 0.05004038601391741 0.03881347429495669 0.05397002154490709 0.05232542339291047 0.0275972599831416 0.016303413183772424 0.03559294007188541 0.04858728594987214 0.051272219017095735 0.012658064695768525 0.04391667831230542 0.04634528976469271 0.04981882694020766 0.035538472285508084 0.030409238318699877 0.042423072549749655 0.052020429410200804 0.02728508452991426 0.02674645343968358
 0.10165715136163858 0.05388871199159895 0.07921390512175906 0.043042290395023046 0.08110685172338182 0.0458059655294607 0.0828434650024331 0.03858881828585265 10000.0 0.04761503310348933 0.06879541597567829 0.07803197318740508 0.009907211729271446 0.011298122747642157 0.0145253270913975 0.03650457777140958 0.008280337260516432 0.04983978666955624 0.0842638441733681 0.029958705303502368 0.043756295574730486 0.059403595569339766 0.03217109194272904 0.027497600905035443 0.03511919094228071 0.08843713096555923 0.05770408645592561 0.06719188777271604 0.04457325940462481 0.058483756348699484 0.07234486073458236 0.04650798111384416 0.07345537863442132 0.03175952196636126 0.023757435534728113 0.07511708601391771 0.04894242807309745 0.05275222333754231 0.08254476046232441 0.045660143665712256 0.06908725209567572 0.07567868317048032 0.05693963011712788 0.05226186730173065 0.08582382009340674 0.03370596129830504 0.04802469972488493 0.0668453789610288 0.015269912241183894 0.10235896198992965 0.07628264892502402 0.006811817428159267 0.033606566529326226 0.07402386770938775 0.05838771729362487 0.07878754599887845 0.07431948877376582 0.030299740593281648 0.05917649606479654 0.06924534201244412 0.008829006343659877 0.08965223011473901 0.04353827212512444 0.046365954989736634 0.08539587497065503 0.06207027456601942 0.06825757677849546 0.07424895103962963 0.06566066576632745 0.05735555765253008 0.06445648484809277 0.02901755815760978 0.05191245825034245 0.07789974708834174 0.0450565793695526 0.05015844418802772 0.059380088484036433 0.08461665676142226 0.08578266635124722 0.0226852309208919 0.06429033093630666 0.0695334819635029 0.08682344224344499 0.030432635090758275 0.04664840240687262
 0.0600242394291001 0.02909523909898325 0.05228233149742116 0.042990568749569635 0.04354673511068664 0.058835987875677544 0.052193317584416525 0.016078336309902852 0.04761503310348933 10000.0 0.049728509857327664 0.055935699867079754 0.039576641643338684 0.05720389367578864 0.06210558958870694 0.03591823077502175 0.05119983183940481 0.018690679272344964 0.036734792904574105 0.03984379156364586 0.015162530009709012 0.04062284228825792 0.017291904056201287 0.054169458991800416 0.056232010020310884 0.055289129253287786 0.016499052065556942 0.025934704976213592 0.02452925205142406 0.012766807018623535 0.030503811637405526 0.030474428449619093 0.06269330253777704 0.040485824959081436 0.0602301824926226 0.05942917595223558 0.06220255980932706 0.028828839972981992 0.03523772086111052 0.0032235483350895305 0.021685672622158276 0.031156757320850725 0.021022339361054358 0.060511953856981424 0.05218203389549517 0.01675074748050088 0.027833801456089748 0.01959697025895164 0.03583038765355064 0.06321952775380074 0.028808884145244858 0.05419518231506711 0.021860165371047527 0.043972027390707775 0.03243114641040576 0.03978334711766296 0.03307501635202469 0.022444973513542833 0.05206492296122707 0.07326499952854133 0.056247668014806705 0.05320856124308201 0.018619743503169958 0.008949365791216834 0.05002111849282516 0.01673627516469271 0.034741597072158945 0.02667336273457951 0.04014238261931285 0.06816358174559005 0.018075377374735465 0.01886596612991539 0.05074593441432431 0.05810391896284168 0.06725686068830822 0.020934078357301433 0.029774242205173853 0.039469841306480964 0.053268155744195814 0.03621607934730452 0.016699081731089957 0.05367038729880939 0.056767828297450626 0.0430777318821934 0.014066397999377934
 0.048522315347047464 0.07876890231322596 0.013481571325897385 0.08877367447260803 0.02919166299386108 0.0383649096640751 0.019779303653834693 0.03940659271568982 0.06879541597567829 0.049728509857327664 10000.0 0.009323760538209087 0.06750666899963337 0.07131761547685408 0.07878079550971057 0.08045451416210103 0.07651258158961698 0.06837989194227898 0.059124495479449646 0.08086150864495661 0.036359532890745484 0.010135562442229268 0.046225150652089285 0.0901850233424225 0.046403602434224374 0.026318989561737796 0.06453403644608277 0.07165855994496793 0.028534445773244196 0.043597250566070965 0.03525432672736443 0.023822780801406318 0.014943489454168197 0.03809419531491664 0.062291822560629276 0.009803902029676391 0.039235660332608 0.02133745738207169 0.055781765506917706 0.052273749035529435 0.05753227437202679 0.04197014630788393 0.03000611582330474 0.03350635270684398 0.0987833203080491 0.05938843412489764 0.02422635789533996 0.05748264142488957 0.06770052376018273 0.044556966179126745 0.054301501079748855 0.07221401240575949 0.039713599119696574 0.09259008028635721 0.0173413513159161 0.08459744945674656 0.034327677485787314 0.04313769036666512 0.015423541858316835 0.03435695683291051 0.07367470305461069 0.03159287252268239 0.06716821533776175 0.04107123656524947 0.027556760668869706 0.060910387990788614 0.08311372501571071 0.054848859419000626 0.08973187419560823 0.038584747828947746 0.04520995445814353 0.05542559969714464 0.02287496948106532 0.009376568266805285 0.05013763302978577 0.02895254289112874 0.07934510785089662 0.04717363847053817 0.0238302040061797 0.0737069291425402 0.05345373660393317 0.005004652498158467 0.021769700557768112 0.040477386456847494 0.06353251423181355
 0.04348651753711891 0.08500230822392826 0.007838872969007349 0.09642004140866717 0.027004466294833798 0.046634326215392395 0.014273823060447418 0.047256763354875934 0.07803197318740508 0.055935699867079754 0.009323760538209087 10000.0 0.07648735547935392 0.0806408251738846 0.08810453166421335 0.08823356946590379 0.0856910116698751 0.0746044618914075 0.059793341173846444 0.0890918918314643 0.0436898668219094 0.018849219515047786 0.05437095595612426 0.0989485676110669 0.055287105323039154 0.020122372041908806 0.06972750612469249 0.0760039601501926 0.03668718392662555 0.04815339135177031 0.0365359393849166 0.03250307616909866 0.017054456957866816 0.04741730777864228 0.07144553922895938 0.009753746709598774 0.04711908908853153 0.028837377042351512 0.056453252573170236 0.05871074639108176 0.06077298630679206 0.0428784008815693 0.03523679405071001 0.04117398543509911 0.10282291710175764 0.06700973002231325 0.03240131267735407 0.061079595847264315 0.07646927063450128 0.038377137804109 0.05606085225868169 0.0815217952943767 0.04821354439940416 0.09752590298499503 0.023896713054018675 0.08834874593552736 0.03499454847398129 0.051716848612922514 0.023493400040583836 0.03882964499068764 0.08299101490970184 0.026517671618083542 0.07398335663503515 0.04768042400818911 0.02322048389746226 0.06537897292524651 0.08804893286374812 0.057027388270898524 0.0953838586296281 0.0453433888970713 0.048696818493278664 0.06349259038928208 0.03145873448840736 0.003744730446353801 0.05821596051880252 0.035840032205784716 0.08504348434155003 0.04644842249568062 0.01812694958546316 0.08217282167314716 0.05727055701906594 0.010729571135097335 0.01453198194800399 0.04978475279954133 0.06995959998511686
 0.096133446496183 0.04398187466094719 0.076693689993653 0.034249304294580334 0.0763210558273036 0.05009220118307859 0.07963514995008555 0.03309919073342327 0.009907211729271446 0.039576641643338684 0.06750666899963337 0.07648735547935392 10000.0 0.02119690692296822 0.023753181812894184 0.027134616235400297 0.011650814785003233 0.04012605912692343 0.0762942852168468 0.021324305966806616 0.03824331698719004 0.05763871089037275 0.025902705066655967 0.023431739799098877 0.040496562978998105 0.08481195742718949 0.04836702289596693 0.05767025214445554 0.04099558861763668 0.05121558939432172 0.06635755829862587 0.04409280246216718 0.07409907796958444 0.03316290402585113 0.03220478516229826 0.07480083178596118 0.05349609028727666 0.04938863851393613 0.07479872466210548 0.037302761508178586 0.060621423562250656 0.06903873105850573 0.05158308035330703 0.05589527032353823 0.07591665005830174 0.024531516186507608 0.04490926976648917 0.058310826947713106 0.005367848676987356 0.09751798313575541 0.0683849901029284 0.01655973884251354 0.02929955784998539 0.0641260702278625 0.0550808846527942 0.06901480825887336 0.06851916378665948 0.025721466960136385 0.059872918180811315 0.07279811974215303 0.018481521605718962 0.08529572563166621 0.033792297145716944 0.03969186037339796 0.08120324909347074 0.05310969017089687 0.058375161324602846 0.06621575363026475 0.05580297079390216 0.061831950054022686 0.05708811522817128 0.020710748353112707 0.05339853243450215 0.07683063007333348 0.051401945110376226 0.04547474101337222 0.04948258554543976 0.0778669198238333 0.08223976995658029 0.01336321088313728 0.05605148060652571 0.06894599723577431 0.08384473531361944 0.03275700527102379 0.03716723646936402
 0.10822600252248207 0.06517578036495374 0.08285887862942447 0.05374364242681135 0.0871077502613133 0.04259942718548997 0.0871667907649679 0.0462477927264027 0.011298122747642157 0.05720389367578864 0.07131761547685408 0.0806408251738846 0.02119690692296822 10000.0 0.007536359043619417 0.04758092059200682 0.01555174745144055 0.06088668149216968 0.09346626043199341 0.040704151643551546 0.05124025712799497 0.06269092120287667 0.04075019335609119 0.03550149132735181 0.031138774537868986 0.09312840854336676 0.06836861021742066 0.07801185625396255 0.050241030239373326 0.06723225456223346 0.07967669640249633 0.050948995104804794 0.07371028522622705 0.03322352426710066 0.01572302177804031 0.07642351397056282 0.045231303076889176 0.0578994758892481 0.09153276120522712 0.05554688834642716 0.07886596582220119 0.0836203525490032 0.06391691595897457 0.049591651161959564 0.09710750654233122 0.04438476857878826 0.05309849820217889 0.07670361677877233 0.026563493580527616 0.10820026824470838 0.08546168496226555 0.005368485415806174 0.040516496926476346 0.08532074628429988 0.06330680678529381 0.08986668490312912 0.081439506508624 0.037660264390041595 0.05976073478014112 0.06614630673057433 0.004567989631545025 0.09510308861840452 0.05462864535474748 0.054798155662165796 0.09072478497011321 0.07236009205798445 0.07948368287598916 0.08357466572739117 0.07695265559528522 0.05342269371417677 0.07322606349322669 0.03917652607345246 0.05186494805311403 0.079988517510236 0.039058884583896065 0.05667250452430359 0.07063364631319798 0.0925868371184948 0.09042063468621384 0.03382486326341728 0.07388515235116168 0.07126675748835822 0.09084512728411581 0.030977504116399573 0.057487898133268905
 0.11487222422707939 0.06705732138336623 0.09020142991420899 0.05326007955499277 0.0939221554254402 0.04981149415337402 0.09439926203739349 0.052312761482170594 0.0145253270913975 0.06210558958870694 0.07878079550971057 0.08810453166421335 0.023753181812894184 0.007536359043619417 10000.0 0.048047257879470555 0.014504567878675913 0.06384649976218598 0.09870193319882287 0.04056368939186102 0.05740698109518875 0.07005564942388989 0.04631031544949885 0.03251477170157041 0.03830312019341485 0.10029322823866312 0.0720606591214681 0.08142139784450456 0.05706425636842002 0.07276250097090878 0.08598237009978507 0.05808151504176485 0.08123547427331529 0.04069554336929841 0.02196119999085228 0.08395609130790192 0.052316126800089235 0.06489272239573227 0.09692526950345616 0.060182276831929636 0.08360848224400666 0.08963981934787779 0.07033939942351156 0.05686230820861255 0.09891013015008818 0.048110270589954256 0.060093720788992895 0.08136982304766441 0.028866998964395457 0.11508694890868053 0.09071067235174517 0.007966074827064365 0.046865335105269135 0.08691603229023039 0.07037104195972087 0.09265950994549814 0.08783888871840162 0.043804597292554454 0.06729676043430215 0.07326413819053444 0.005946612781124211 0.10208730827843514 0.05749877490408808 0.060495347730441566 0.09773604217320739 0.07656138501855048 0.081754315410707 0.08870931462850701 0.07825810248116463 0.06039712922524966 0.0787507857196384 0.04354269347641126 0.05939255249159728 0.08749088751254315 0.04548700812786261 0.06324814595176927 0.07277940442994499 0.0986016537484404 0.09759376855854308 0.03479704815539919 0.07879218555953432 0.07878322090936606 0.09813596830774322 0.03849647505715346 0.060906622916262955
 0.09554535575338921 0.02122975138811875 0.0860613098822437 0.008554005671895891 0.07939124067442889 0.07359120525972325 0.08701095387860482 0.04105752799458646 0.03650457777140958 0.03591823077502175 0.08045451416210103 0.08823356946590379 0.027134616235400297 0.04758092059200682 0.048047257879470555 10000.0 0.0335488633047602 0.023609275082810962 0.06731357888288823 0.00803335908370658 0.04462382536601579 0.07039223600348933 0.034423572075356804 0.02331992357741155 0.0655742321318544 0.0907093063268305 0.034234797130787066 0.04056326763067797 0.051945843265898045 0.048406117674193665 0.06638326779177822 0.057149035421117184 0.09064772573004304 0.054450242303678884 0.05929528610453649 0.08936860985078351 0.07717137072913824 0.05940600157035862 0.06698507556637333 0.03269620741894976 0.05059342681759704 0.0663876381454138 0.05567100548659009 0.07829355732982687 0.051746502858544964 0.02127156276018498 0.056241286455145915 0.04818596414905117 0.02212784514696674 0.0990862297603912 0.06043406717862272 0.04241591139061669 0.04156296163470628 0.03957701728232695 0.06445934488481811 0.04827269109475372 0.06897298342433487 0.03866982555619524 0.07738731078547621 0.09442471915859292 0.04401515217503029 0.08904125838949166 0.018854370456794126 0.041813365478578245 0.0857045916195808 0.0410705657603047 0.03617344394968359 0.05782539121630978 0.03061890841375229 0.08511332944572615 0.05290154197461873 0.025242839098332942 0.07274779230094179 0.08964302978098439 0.07702612657990926 0.052654149053847125 0.02736237300414158 0.07401145480868976 0.08852922309966857 0.01383362010859701 0.04786673733652561 0.08330807721644432 0.09156613282665964 0.05523128632374687 0.024428027209624434
 0.10746314319202155 0.052888504057884006 0.08654183567194615 0.038875344179482074 0.08735641625772034 0.05399437759048767 0.08989730438233987 0.04427950869197179 0.008280337260516432 0.05119983183940481 0.07651258158961698 0.0856910116698751 0.011650814785003233 0.01555174745144055 0.014504567878675913 0.0335488633047602 10000.0 0.050420065565611946 0.08789581440493681 0.026078829491670678 0.04946013402593914 0.06695077735827899 0.037295290269932856 0.02015161002919506 0.043157317773450575 0.09531012032894647 0.05927627381365039 0.06826301862597028 0.05134225604041787 0.06285946316308555 0.0777953135072733 0.05377494174728719 0.08159870031878208 0.03990724789067615 0.03043171793552228 0.08308991613270149 0.057081916416258476 0.059659014948824175 0.08643196025104964 0.04886930800754747 0.07210484639408692 0.08062269709837531 0.06279104210080512 0.060507358856326465 0.08462950198815977 0.035790923589721184 0.05501841091309911 0.06977139385472504 0.01578783160333856 0.10860044630053547 0.08000256647237426 0.010231539031448992 0.039932794745722366 0.07258108568378802 0.06534081206834101 0.07892741323574672 0.07990666152933107 0.03644568799649638 0.06730760787556864 0.07748027349610162 0.011225015576095145 0.09615583532231961 0.04406573061368592 0.051244239492053756 0.09198124048479034 0.06435048582890283 0.06772954297947274 0.0778122404948408 0.06385273384128597 0.06548683678780035 0.06873770327023983 0.03233973452778247 0.06012952490114057 0.0856948635034117 0.05271548851606919 0.05638995838946825 0.05872029551704238 0.08947261936560746 0.0926903748677617 0.020475415400233666 0.06761281241056513 0.07743590119600337 0.0939814012876933 0.03867429170690851 0.047959217463700236
 0.07402872016019005 0.010404600048501507 0.07073951177122872 0.028210479402779157 0.060298778966269916 0.073317050905138 0.0702182754655717 0.031916579398676787 0.04983978666955624 0.018690679272344964 0.06837989194227898 0.0746044618914075 0.04012605912692343 0.06088668149216968 0.06384649976218598 0.023609275082810962 0.050420065565611946 10000.0 0.043876524717480735 0.030328528678979196 0.03285440017921911 0.05911734025347414 0.028995550292336164 0.046144245741063405 0.06849219887772443 0.0727580198516896 0.01063452614094469 0.017979919954582417 0.042094337333918645 0.028590747410134208 0.04637196536222644 0.04805694051986721 0.08106928387222413 0.053845369128572754 0.06819241904905689 0.07804566731325063 0.07685693197663702 0.0473156662081144 0.04376804070494785 0.01614216103840979 0.027255550013707035 0.04499826550604935 0.03952513962557441 0.07611954070740626 0.037857457595872564 0.017260052977207542 0.0458191184051218 0.024898591880456674 0.0349907947362255 0.07843796843071704 0.03732637870403834 0.056619313807699995 0.035970267522571535 0.027557073168685442 0.05110964347689722 0.028983823324554975 0.04902076339925605 0.03487225215562528 0.06978398751905751 0.09015947389427195 0.058580709055054594 0.0698720133499643 0.0063597188124076085 0.027353094431804708 0.06713271773321063 0.017597572700134 0.01953921672664294 0.03467528246173361 0.022059151308422766 0.08365319363943868 0.03171539217838943 0.0236854148831677 0.06750097242082562 0.07679455824701581 0.08006842297980582 0.039482567773023634 0.01210064327230374 0.051801500042962 0.0709340325931568 0.03085092115848027 0.025219037239779113 0.07223338779969062 0.07476731319086963 0.0558389290335796 0.0051715207094510775
 0.03566667463474358 0.05050708804168659 0.052594736807945956 0.0719408701173959 0.03396933929660342 0.08544667941044119 0.04808828999731712 0.048221515386760866 0.0842638441733681 0.036734792904574105 0.059124495479449646 0.059793341173846444 0.0762942852168468 0.09346626043199341 0.09870193319882287 0.06731357888288823 0.08789581440493681 0.043876524717480735 10000.0 0.0733197798036131 0.043979104595424715 0.05502884553627581 0.05274830304719979 0.08878513543806593 0.08661241614368703 0.04650388734942066 0.033312443878856526 0.03074910884754688 0.04977027380432997 0.026498916471512927 0.02387925407724034 0.05367878331349299 0.07403324231477985 0.07096715498833804 0.09446642095046463 0.06785662377077108 0.08815070354525581 0.04723969578630008 0.0033523284828334064 0.03904712941624307 0.01673900557006442 0.017156868646906614 0.035305653866647344 0.08444802207338478 0.050532281540367784 0.05259987480636004 0.05010591747668891 0.019164713406906706 0.0723757239032343 0.04251158192277247 0.008004581104070273 0.09075693458056382 0.054557391615305206 0.05079626211628717 0.04599294535972741 0.03645445791706345 0.024929032595755806 0.05658650048784549 0.06972921788919065 0.091935013185199 0.09280372597823427 0.04040818735643828 0.04859795247090676 0.03902678037662549 0.04036742113516871 0.026282094113400423 0.04315998938427947 0.010087466514662064 0.05380425843848113 0.09166245284122312 0.020642673476080405 0.05559057695157336 0.072599648240887 0.06333879209833274 0.09607203115838707 0.04235649858831109 0.0463372291979315 0.014948045884456291 0.046220667944267615 0.07159827526991068 0.020390719311290804 0.06412746685008644 0.051450187547025815 0.0740323838542101 0.04314057030276018
 0.09986795355802922 0.029133295633042865 0.08760962972571437 0.013083720703398924 0.08262149186100075 0.07013421581123691 0.08914300771303174 0.04196204130753809 0.029958705303502368 0.03984379156364586 0.08086150864495661 0.0890918918314643 0.021324305966806616 0.040704151643551546 0.04056368939186102 0.00803335908370658 0.026078829491670678 0.030328528678979196 0.0733197798036131 10000.0 0.04615488188970005 0.07072692552004733 0.03472097318834087 0.01582893382702779 0.061299285321836885 0.0932912553153717 0.04078256506925314 0.04785213302189153 0.05242113160345165 0.05259429482703979 0.07022944845985847 0.05713601657745895 0.08998234284124955 0.05167527479688039 0.05337758116424511 0.08935009152157991 0.07365395889589128 0.060355062935817584 0.07273160172812478 0.036700821228574945 0.056593913143455625 0.07091004840169243 0.05821350050795551 0.07534817541423401 0.05976088301453667 0.02362231752448738 0.05672465985556224 0.05416211834377774 0.017025975116209454 0.10289189992111288 0.06612603794890135 0.035420551883549506 0.041230863670661456 0.04758639506137837 0.06570137833551036 0.05615059900755806 0.07274921470409292 0.03796804910760417 0.07627123506006431 0.09189330595353287 0.036887667570229044 0.09219314279399989 0.02481522295432187 0.044424091344301836 0.08862022537732021 0.04732433630945279 0.04413314216641683 0.06357800413983275 0.038597358125250454 0.08181744480021771 0.057556478711454154 0.02565864917394548 0.07093642279147336 0.09018504004457459 0.07247622791927455 0.054245950813530563 0.03525769574566263 0.07892652012133458 0.09098168212055702 0.008418368595853312 0.05338373458809339 0.0832990501801654 0.09364344704850719 0.05202247136225864 0.03018511291951567
 0.058017148601792135 0.04306409727080738 0.04152834669343753 0.052740604759198846 0.03813241910274993 0.044516609698808086 0.04304444528707253 0.005187124953452836 0.043756295574730486 0.015162530009709012 0.036359532890745484 0.0436898668219094 0.03824331698719004 0.05124025712799497 0.05740698109518875 0.04462382536601579 0.04946013402593914 0.03285440017921911 0.043979104595424715 0.04615488188970005 10000.0 0.026621219024627343 0.012477646670688151 0.05792883148719681 0.04339881739514895 0.04750676534119925 0.03161215932816484 0.04073278111278257 0.00938227360364081 0.017734900347661873 0.028604911456397 0.015351605271928496 0.04830607685055964 0.02749019973810195 0.05055459611918181 0.0457516465258922 0.04775204547543803 0.015027601086365005 0.04154993683397852 0.016886561583222298 0.03260478260291098 0.032403407101734526 0.013342815596929725 0.045650439137288876 0.06730390763021449 0.023357610107633663 0.012966585016308567 0.03116628064879872 0.03632671393339556 0.05928628227829483 0.03618638519652883 0.04952077580003793 0.010849634261211128 0.05907256859259228 0.019842927350089648 0.054585723206030695 0.03056572244428696 0.013607938497870124 0.03703842356207755 0.05810262233701105 0.05148029776032937 0.047285770373337775 0.030930505190122304 0.006561683740027762 0.04334564116325929 0.030726609811860303 0.04989148642111476 0.03488086549199032 0.0548052708381854 0.05330505333299885 0.023357435288926396 0.02063172237824399 0.03560552399607709 0.0453107726891911 0.05378988532022573 0.00809552454793274 0.04453380843619921 0.04136372879242283 0.04508629609920786 0.040113616332095516 0.02722822332351969 0.03979659212643204 0.04751749242618985 0.030427388811511562 0.027780738728037
 0.05104162560163845 0.06945452088190754 0.020183761134810952 0.0787437971242157 0.029862667298829127 0.034326983233329354 0.025026313748048933 0.02938294234455071 0.059403595569339766 0.04062284228825792 0.010135562442229268 0.018849219515047786 0.05763871089037275 0.06269092120287667 0.07005564942388989 0.07039223600348933 0.06695077735827899 0.05911734025347414 0.05502884553627581 0.07072692552004733 0.026621219024627343 10000.0 0.03610755768619687 0.08015627633320223 0.040353152280610004 0.031407274607726056 0.0560611190818354 0.06381741266681495 0.0184470575040069 0.03604488406294807 0.03156791347019489 0.013722119416621563 0.02213745732442409 0.02970064999469371 0.05498571173685139 0.019144994833781643 0.03605895233193318 0.01180450389792254 0.05177556951133639 0.04297562400579445 0.05089571593717863 0.03826016505330487 0.022356918659773992 0.031121317630156204 0.09100379322629014 0.049399518832028796 0.014153548883222181 0.05050888403248676 0.05767032221735593 0.0485576728585556 0.04921365393031041 0.06319332090831861 0.029585505040142197 0.08413094040588594 0.0094486328417186 0.07715142560275617 0.031390789531911115 0.03302581192313762 0.014718922046568817 0.03694685502614307 0.06475005279425441 0.03506704916020666 0.05754510655279152 0.03177501038432696 0.03064219472035935 0.05308805086648012 0.07470461249575802 0.049320583031971094 0.08076356773209005 0.037609496488774256 0.03865806514782335 0.04531494958137714 0.019145281935595466 0.019488073697511456 0.04613701826746568 0.01968939311449096 0.07038879871734122 0.044968247792102206 0.028694654784320688 0.0635829841436428 0.0463550156406586 0.013176512749741473 0.028315761828490715 0.03239798337911387 0.05416262783129264
 0.07023113133198296 0.03799788963204104 0.053100835751634844 0.042882746733535045 0.050600032918407215 0.04432247956466476 0.05513648047431811 0.007544173865767751 0.03217109194272904 0.017291904056201287 0.046225150652089285 0.05437095595612426 0.025902705066655967 0.04075019335609119 0.04631031544949885 0.034423572075356804 0.037295290269932856 0.028995550292336164 0.05274830304719979 0.03472097318834087 0.012477646670688151 0.03610755768619687 10000.0 0.045626962253309984 0.03999508192581115 0.0598315897015988 0.031930421641189304 0.04192421358452893 0.017715374509881518 0.02649749483353401 0.04050010013995059 0.022727976739227815 0.05628695369351476 0.02489602339883786 0.042938303122220016 0.054974270073320876 0.04786705695915975 0.02567504458479923 0.05078257050336608 0.016620447452219283 0.038770852472798496 0.04352781507797147 0.025751085059646198 0.047332958877993186 0.0663877063128962 0.01421694461006118 0.02202542490127428 0.03679002818609076 0.02385060927393825 0.07172194376654646 0.04474648834752733 0.038346330886987745 0.007476232402935953 0.05654313193545987 0.031125281927982747 0.0554443962603834 0.04262791753906883 0.005892107723845264 0.04334639913792142 0.06209891254454142 0.04036745677048525 0.05975989180875714 0.02489442169229536 0.01420029645606403 0.055797444870131364 0.03379505939416322 0.04815421477799781 0.0429329109879723 0.05063597427789167 0.05479073557897119 0.03249272943668932 0.009216586369673197 0.03963065654758833 0.05551173482580838 0.051404505702974876 0.020201311000044568 0.041070424303700684 0.05245379863608065 0.057362835776122424 0.028059684055116694 0.03357116413451641 0.048911298862759696 0.05953962584297744 0.02704999679402756 0.02395916589417285
