NAME :TPP_input_27_5_5
NUM_VERTICES
131
NUM_CLUSTERS
27
Full Matrix
 10000.0 0.06031732623861305 0.03425717663383358 0.07463715204542891 0.041204387856026196 0.04424089387393994 0.059897068353809056 0.0807787871083291 0.05552372522298371 0.006475473083469867 0.0012424986907323217 0.06688911902842645 0.0441951770190675 0.058734796776372694 0.08074152161655923 0.08415369662670782 0.10995876634514991 0.08174759123279622 0.04704772906421226 0.07527580187929786 0.0533436100872689 0.054577456440207874 0.06623157700990152 0.026287106065190226 0.06606029922434221 0.06541402842464403 0.09468499475773857 0.09944411753607175 0.009610522022755082 0.0678260726968795 0.07685348607780239 0.06656373193229279 0.04544505973042505 0.11487426730428922 0.024904832872044737 0.05334755785983712 0.08437751926446584 0.08680999422813507 0.06637605493557897 0.049946816439163634 0.07736520995091724 0.07631015321737675 0.07150494856869628 0.06360458207918049 0.07778369448750294 0.06389283203227475 0.08792371849559001 0.09436875154836766 0.07937246743647156 0.07621981513936346 0.0840909520411612 0.06313093582473618 0.03310361698744796 0.01181926549585919 0.10272927493084501 0.03357219466075219 0.08356729729645528 0.015182358927504847 0.0621011530475869 0.04576909657524514 0.05425540355871374 0.05621231711814371 0.038955440972929196 0.06916099486444773 0.07812897856304488 0.10196797523383071 0.08530707856709148 0.07132477810830871 0.04895072763364544 0.07480286823778944 0.04015682591269585 0.06961186472602698 0.07782731475260006 0.11251477994365786 0.02341181377477082 0.007381052503671625 0.05055913372368467 0.0735502947936817 0.04629110610122269 0.051420253406079024 0.09702827691184499 0.024593296516335593 0.04353995967010114 0.055410850189555175 0.020817423544704138 0.10813567734647066 0.043962457133624164 0.08640044773921314 0.056123112593979126 0.056921008866462175 0.09059344223992646 0.06477904247081871 0.06894223036112786 0.0822806532437335 0.0980903800707692 0.10935951790924728 0.05053334799548472 0.10967153719215349 0.10132389349438585 0.033515962271723244 0.0639785686523316 0.023150263214964356 0.05239985278778179 0.07944690892678567 0.04770240277959948 0.06831651720610435 0.049588758448415794 0.055366050311857325 0.03628462750644988 0.08636774659391976 0.033060237026088735 0.07093897322945149 0.08582520210943606 0.07016614239256358 0.07856790704821043 0.0440234136441845 0.11385724921255642 0.038953428282094214 0.08131551090770796 0.027538181811846692 0.04613973394302848 0.04786967970607032 0.0582640035908539 0.03624051402610926 0.037002477502782204 0.041566195640990476 0.08682433638842658 0.07795980967746151 0.07116593624489632 0.057205845820065784 0.005743612719667885
 0.06031732623861305 10000.0 0.02823704043493277 0.05285913585951601 0.03854232835002333 0.016381386678080177 0.037928256012582824 0.053544426365372606 0.026757972753859497 0.061426501658619195 0.06044768499367646 0.013487048960439785 0.02275811184722926 0.0016653238533661432 0.04568200648634478 0.026799254691676683 0.049800900038105035 0.0236133570891434 0.014175104825974182 0.015339860402240635 0.010959436472166871 0.010399031108028188 0.041357660582277224 0.034393027013224865 0.02188201178858714 0.019182016916069414 0.052468275109543286 0.04128480114584003 0.06640241509913429 0.019552114537019893 0.04455875110304814 0.02147245559961272 0.029337011887019173 0.05540889284348917 0.03646019018315206 0.0142962836059689 0.03447319643018958 0.03565098068351443 0.034169301591147776 0.04710576866318019 0.04268041041886284 0.04545547655815601 0.02748805446506052 0.004199437854166689 0.025731988120054727 0.022865063503990892 0.04662389446165187 0.04307841187582923 0.019538921303166257 0.044986686465743435 0.056910403354005344 0.05791130263877525 0.027423957678713407 0.05469786703819036 0.04749665667843439 0.030738986898395826 0.02630506010242296 0.05094224920915628 0.023128858142475343 0.03698878611121818 0.03583578371028997 0.005065260096596123 0.02147216700681376 0.04222204493547334 0.03175465454986453 0.04718737991721839 0.05896228529205671 0.013283361175036588 0.03654266983665709 0.042601799099095505 0.04336291989216885 0.012755300777582676 0.029054141067162666 0.05442904471021101 0.04313883722266298 0.06729534176327016 0.030853374213150285 0.037580089077892335 0.017005390758918392 0.009159899788774496 0.041412185888909304 0.04564447283458072 0.04575367594461828 0.019900210631661582 0.05492495339158568 0.04787678051982966 0.01800548398594285 0.027359927303637722 0.030476850898316487 0.032922390075349826 0.03642677620093094 0.043971047402781224 0.026356779865905712 0.039831757076678874 0.03956288475273995 0.04913606206498321 0.02524798757635071 0.05338432249650509 0.04209779031078375 0.053712769632072305 0.03435161897033991 0.03734555947227284 0.013459427814718814 0.07117417303341034 0.02329287962202073 0.04952868229529318 0.02489820999222195 0.03493361215579887 0.05886879517053141 0.04888221081290411 0.03981198907047229 0.052058234025323426 0.06639852985582571 0.05229912267237522 0.03133601944779471 0.027054995694867242 0.05680734974620181 0.0391128646938749 0.03377639270893175 0.05850900984026717 0.014427784332100516 0.01852450285099905 0.01936983931149407 0.026984110403959188 0.04090850692781688 0.018783363190602042 0.0694008816770494 0.02287346674615868 0.056760306131800164 0.014316664364490223 0.06605993782299478
 0.03425717663383358 0.02823704043493277 10000.0 0.06369670056476635 0.03421945856989686 0.015350784720821485 0.03138267335282864 0.052935789272391544 0.03665452301386309 0.03409182132735125 0.03409997283658673 0.032734359371154396 0.02342394486438944 0.026572074135815898 0.06305272109610874 0.05002835844496823 0.07659967777024566 0.047774866338784354 0.018467671111039266 0.04212662382152051 0.025243796390373704 0.02636592820824992 0.05231391950665264 0.013495852238423953 0.03213136533436678 0.03996875867210792 0.0626450107617049 0.06938393818941398 0.03890527953571303 0.04180811341328551 0.06027865641368745 0.04187439726274131 0.014848870079001724 0.08098743216268786 0.01636948593877207 0.02729038457250662 0.059004722045736736 0.06087001102984273 0.04836178062725248 0.04611641178219925 0.059542484212119544 0.04666334948467371 0.04808214165676892 0.030757593514415354 0.05088955302802204 0.030216207311929817 0.06741109343508717 0.06044641893350315 0.04605027076840869 0.06015704080237455 0.07105452571435214 0.044190943336832836 0.005631892420839832 0.026817309536448827 0.06849960050614136 0.019344354283294056 0.049437205395571684 0.02288911469736221 0.03955014090184577 0.020106059776378315 0.026002281891050805 0.02536990468211535 0.00852104289107306 0.054549913664551385 0.04451250881505099 0.06776071312037697 0.07284073760487698 0.0375891894251714 0.02224760152781811 0.04453361218588999 0.03736205297116996 0.035723065261604084 0.05262815021024889 0.07832472556255675 0.025591864837436317 0.040594685870839 0.03546639555028896 0.05459024704284772 0.020567025518442097 0.020752626535674508 0.06277455574603881 0.01768007759958079 0.04130824860636401 0.03252360673809932 0.02678853647960659 0.0749767862231872 0.010359132439614706 0.055555928417402464 0.03934910207759709 0.041397347317382385 0.06306897599013919 0.05296363184707503 0.045884768266810816 0.06074763273706839 0.06772474070875632 0.07611345244310243 0.018000220428874992 0.07541742627540904 0.06742479870137101 0.02790408894514633 0.03319815964412582 0.014587020192064735 0.025719143276495014 0.06065162756856534 0.02764656694893432 0.04277182599419332 0.030579629771047005 0.04157110200820009 0.033367884306529094 0.06782415217883199 0.029348410805622928 0.04570927847381662 0.061842389946907335 0.04532525760789736 0.05422359392321271 0.012061538852115722 0.07960257735014577 0.03307164706922234 0.0476364164559393 0.0310902963661047 0.014053679087944247 0.024086418271746853 0.03462737908574664 0.0021242849216006254 0.03322263413419908 0.01226366202070162 0.06388095632567097 0.049470847260783754 0.048198503629848004 0.02294873929471798 0.039836027678301314
 0.07463715204542891 0.05285913585951601 0.06369670056476635 10000.0 0.03382924378471848 0.050492815852654395 0.0883910671480173 0.10617041045868202 0.027985899856657663 0.07980087274584372 0.07559319438796074 0.06593178982321432 0.040354474536472715 0.05317730537185685 0.015484792629535664 0.07310861929236406 0.08089766686118259 0.06965903002000495 0.04839277682496968 0.06032705151738326 0.04444792930319377 0.04415635649537667 0.011822249261014467 0.05607211348161109 0.07472760627141396 0.034627600461298 0.10427249127781767 0.057197205645061824 0.08412834234927999 0.03549427167693001 0.012330471152833856 0.03261413744403006 0.07481830543829565 0.08960605455875124 0.05502986086133537 0.04072216035577291 0.03523444709180965 0.037672362388751324 0.018760748893283913 0.025241635039452176 0.015184416699535718 0.09815626879065514 0.02870591310075642 0.056025934602978784 0.037910277567279556 0.07550957303991622 0.024580107111263044 0.09196584319416498 0.0629665769943689 0.011170877482582633 0.00984775793207836 0.10614870719910317 0.058471441916749155 0.07778423254141272 0.09218178765668315 0.046503419768274115 0.07288051430629697 0.07629772535079592 0.029740066531205034 0.08218024355608006 0.08474345441839262 0.049599306283608806 0.05596756219194229 0.010647596545601589 0.08397080016594109 0.09245340627698108 0.010736343522557637 0.06298242837700303 0.08324474418671197 0.09532385310373118 0.03450437596213785 0.06372823453648581 0.033253391824993976 0.09311913304248905 0.051739501806293366 0.08141450016976542 0.028258546872337968 0.018021859289997985 0.044646549737946864 0.05039535306490247 0.08669474702321939 0.07770458110951751 0.03141948444146916 0.0341590685115664 0.08398272647892344 0.07810410943228718 0.059578779159157845 0.05360254286317922 0.024686366959034624 0.02242799888097101 0.04392243142545832 0.010783593939514419 0.02831764212210016 0.024758220882337742 0.05758022026267957 0.07959879557379824 0.07354645583691309 0.09566311682229019 0.08019831707707566 0.09027480093847644 0.08620374793305133 0.058480179401998046 0.04231369422340488 0.12139534178050289 0.03629941978582009 0.1005838003033919 0.033354597838853896 0.02215062539050029 0.09564742190775803 0.01964541956661994 0.04197370189470499 0.10334565372282069 0.11854202111193796 0.1033885724193378 0.031099641696684853 0.07160983852976523 0.0972519292110523 0.035999937784488414 0.08550865848117545 0.09071436712059802 0.05517157651916552 0.04083401123658547 0.033755960487455106 0.06435510277431897 0.03772757182729311 0.05275682298554079 0.12135934276884021 0.042665078310340464 0.1074281806808454 0.06593118257509806 0.07890608358530057
 0.041204387856026196 0.03854232835002333 0.03421945856989686 0.03382924378471848 10000.0 0.026376837264515562 0.063968927567589 0.08457212231811038 0.017920355855250564 0.04608763895041044 0.04208707355742785 0.0511757261194807 0.01607565204939158 0.0377483993599826 0.039879402375212855 0.0651009581697036 0.08401082242489442 0.061758688799814485 0.02630321624026265 0.05256269261291659 0.027616556887180253 0.02834760069048505 0.02506166369749152 0.02351126504573047 0.05670983985671813 0.03145187989965801 0.08915426027844837 0.06672517077332023 0.050550867401632324 0.03395786366902996 0.03584886492511107 0.03150864479595265 0.04806725290767521 0.09113298663268582 0.0218925307449556 0.024750769454139173 0.04748347777435366 0.050220673331124295 0.026313330224471763 0.011928020693144761 0.03663166186808869 0.07730501875397522 0.03436931698253348 0.04273714780136657 0.04317358715005619 0.05623536291844101 0.047733937371980874 0.08149267673766766 0.05655951689042016 0.03514395460459256 0.04302382199858415 0.07840974764474515 0.028587784847170433 0.043994011846603495 0.08588276336802184 0.014917168930372848 0.06464269241560157 0.04269654547254154 0.025957856165326212 0.054255380736768166 0.0591486705056969 0.03353534365078056 0.028671231995789692 0.02801555077765256 0.06863365490931507 0.0856385288116656 0.044345661734430865 0.05178633603671214 0.05614645509023049 0.0747451254490164 0.0048579161798072154 0.05126554254033581 0.04145303351915418 0.091617976656841 0.017970008412099316 0.0482397890402634 0.01154108115469615 0.03338467066043496 0.022301291961273857 0.030936056664027968 0.07980876615030165 0.04515133819835379 0.007638537437641829 0.021860349580585442 0.050572465850556705 0.08158447225150389 0.03447118574211165 0.05629396460813257 0.0167782899790469 0.01672622626350332 0.055293602104504666 0.023626518785497114 0.03188196240498836 0.042826307333736206 0.06596487177693085 0.08303016403501329 0.04896458703359543 0.09144604670427635 0.07865217976974907 0.05809789020860845 0.0639286494016744 0.025403252682094188 0.025198555395625623 0.09480206561392845 0.015452132267825488 0.07599291122546696 0.014809384324577542 0.014630521225298452 0.06328121690409706 0.0455825747459093 0.008187589323892975 0.07892300630619221 0.09498178361926281 0.07868044503326944 0.04134712473829009 0.04486279241503124 0.09452211322042699 0.0022592539080776987 0.07114445401618387 0.057561721107019806 0.0317324404016916 0.02003291461694445 0.024412388176713377 0.03555624787438345 0.004522018328213557 0.026928618369060162 0.09729227205581002 0.04531323478509294 0.08195475037621464 0.04610888478192569 0.04586091620649225
 0.04424089387393994 0.016381386678080177 0.015350784720821485 0.050492815852654395 0.026376837264515562 10000.0 0.038744890893531496 0.05855876878170816 0.02261178649479269 0.04584736676166771 0.044450626010007876 0.026305673599955205 0.011089935629365636 0.014921956627662821 0.04821259404735082 0.042359394057918186 0.06616225359775896 0.039423160962347464 0.003178674998733904 0.031692686372725806 0.01006159906648436 0.011249361583338594 0.038762138630251575 0.018087130300484436 0.030507026552834007 0.024633254108940846 0.06300037914475601 0.05567746519654044 0.050877271505695834 0.026531223861274995 0.04571556662904198 0.02652376602423582 0.02432704031731415 0.07175193056868535 0.020081161630147865 0.011954343548508634 0.04377341785117795 0.04572734943014551 0.03384627330184456 0.03717510949406233 0.04474453443002389 0.05109964981339111 0.032742472220072684 0.02012066388879654 0.03584430363606528 0.029886257226447062 0.05215406255730405 0.05668381789166496 0.03588325205933768 0.04571033075487502 0.057033157439096156 0.05566197953523148 0.01230431950409365 0.03968143563037737 0.06262064613292351 0.015079485506570825 0.0418190573413345 0.03625104788870561 0.024386701045484693 0.03174149400464218 0.03455554267369317 0.011981692874838178 0.00686970293112674 0.04067675950911046 0.0427242618180455 0.06215315472801893 0.0589146939103521 0.028795755566022575 0.0327558638778078 0.048484900077364904 0.030772666307596105 0.027593649051972077 0.037343654310984326 0.07047674793194307 0.027044438590680422 0.05135626874670839 0.023156854785546802 0.03968697800077385 0.005856598404086064 0.007254213476556376 0.05657922734403395 0.03273926528563769 0.03401400430473757 0.017549745979403546 0.04147478306448518 0.06419839587662933 0.009129754986369712 0.042289448068416204 0.02580805265996375 0.02811902395597452 0.04828393201506454 0.04005776461766775 0.030575603200931164 0.04545058838489677 0.054190626958373365 0.065476273710344 0.02359383934964354 0.06891243960530918 0.05837675702186942 0.043205668557170736 0.037899226780787984 0.021123342958413584 0.010368832145955978 0.07114403016404586 0.014432474253731363 0.050980594697994264 0.017289506000779928 0.028949251506944135 0.04865535942965576 0.05278210763616476 0.025248024460749505 0.05385231034670247 0.06964939825015269 0.05375167364879582 0.0388893879027886 0.02111794687441098 0.0725856686511578 0.02620538203387896 0.045417714874403485 0.04631331348623666 0.005386622811558868 0.009670765737561053 0.019421450720077185 0.015135077466657 0.027443741253295226 0.0031532329624628075 0.0721870146185893 0.03487513894845087 0.05748188707806124 0.019830075242200554 0.049980156111126266
 0.059897068353809056 0.037928256012582824 0.03138267335282864 0.0883910671480173 0.063968927567589 0.038744890893531496 10000.0 0.021658719022248273 0.060485782069085225 0.05694283119315516 0.05926023991056643 0.029470930688532824 0.049798260077780834 0.03695266314402142 0.08324870298006842 0.04099537716775704 0.0689595702169795 0.0409768560248172 0.04027727577589479 0.042053392714709266 0.04405179589643122 0.04449215558197239 0.076569737477263 0.04485196973528303 0.020131311648022347 0.05682086186750506 0.035779320686303025 0.07267893583736997 0.060506253791590324 0.0574358609213531 0.08169175115115589 0.059118059306160986 0.016534418825378993 0.0698563968946554 0.04770410224240044 0.047706092957448896 0.07182640749451256 0.07260750732115252 0.07045240922739211 0.07545314263426454 0.08008163752163384 0.016415333660442136 0.06531482853900276 0.03665384504120575 0.06311289096631412 0.01748961350479941 0.0845492610629853 0.04076285092712127 0.04394953728406712 0.08196400800732381 0.0937948976856535 0.02067675685041476 0.036557790664710474 0.04893757702126095 0.051624365663399924 0.049753682423761214 0.04047970465916099 0.0449734962017428 0.059640256546820675 0.014156547718169075 0.005700123353233118 0.039578712802000864 0.035299018094625635 0.07807301149656297 0.025275802895077474 0.05045037217644657 0.09579378183261979 0.03600594624964013 0.010956290538462836 0.015102347875671935 0.06773817986292267 0.033815739571763655 0.06683365635240154 0.06431554070313723 0.05691547717562966 0.06422484890835643 0.061867916630561126 0.07490896628938053 0.0443194282064748 0.038027433859979545 0.04748631927821175 0.03557157446435082 0.07146113230884371 0.05426428318482984 0.04274359020159809 0.06843268153139853 0.029790231965216078 0.05937210441818748 0.0639877948646749 0.06640768525084897 0.07206006345540969 0.07833650880542385 0.06397756360045041 0.07775985315559161 0.07057589530079954 0.06905499949355505 0.015161587574972917 0.05890289683013486 0.057627375385455044 0.033001901136314016 0.006655026494359201 0.04555030550053039 0.04608956532208985 0.03334380078567825 0.053096661421717824 0.012249602076162307 0.05586036842443048 0.06752399399669376 0.03567142091797777 0.08673106213449729 0.06029630219185863 0.015107484382209081 0.03102645529508259 0.015039002277082481 0.06919196828257819 0.019460487144196653 0.06367652560518508 0.06323496628926388 0.028123254292444156 0.04102907171093554 0.03357782155156688 0.04801407607752185 0.05501717689214773 0.029500763065194672 0.06379754603693998 0.03733220246409129 0.03345933762766689 0.05945041633820744 0.019080722584166664 0.02361190828185535 0.06452578962390518
 0.0807787871083291 0.053544426365372606 0.052935789272391544 0.10617041045868202 0.08457212231811038 0.05855876878170816 0.021658719022248273 10000.0 0.07886934227017624 0.07727871104334368 0.08005332938285072 0.04152889600568331 0.06960944906926889 0.053061353591307044 0.09895762245579183 0.04510112733807053 0.06895723793451435 0.04673941489894732 0.05952629500889149 0.05187334176021289 0.06195708140031958 0.06211323279234092 0.09447708485949265 0.06642889313086105 0.031813795905852246 0.0726226084637301 0.021903242504279816 0.07977274697843696 0.08039785084872414 0.07264452645007856 0.09806540647479481 0.07488459860536976 0.03812284371378561 0.06701698699881996 0.06929418746031146 0.06575410738471356 0.08443283709899564 0.08457961105315553 0.08762144138412135 0.0957174042521077 0.09609305539189424 0.008140702100816678 0.08058662307466677 0.05095346647537269 0.07615962564023142 0.03069932340797268 0.09863526038824748 0.03511991584091457 0.05207635665346141 0.09851990633488787 0.11044122284639703 0.02511950695184172 0.05796077873221851 0.06943140326566898 0.0463643586778285 0.07081432994244416 0.04479455581470149 0.06565216672769025 0.0765745248915498 0.03523545745623816 0.027288474479310907 0.05657495291727274 0.05610851034356082 0.09558964334776746 0.02695533574771999 0.04499101324414534 0.11249725786190667 0.04664223598451565 0.03216676917722516 0.011005552950814117 0.08858312782766811 0.04499052027334653 0.0805384616359597 0.059721196913547964 0.07851444635850528 0.08453361543090211 0.08118888158181088 0.09104953001165732 0.06371331800751524 0.056295961432831484 0.04459085292022668 0.05620236333230866 0.09216313738165899 0.0722319638689025 0.06227160618630135 0.06931316194614244 0.050101068225011966 0.06829421076968413 0.08253022383950423 0.08500528158361552 0.08257250193091287 0.09670577035552848 0.07973881863080931 0.09213155128550364 0.07760185140289197 0.06947971968600934 0.03576389628464207 0.05278676647224617 0.05750285692901565 0.050869474317268126 0.020666542887603428 0.06719923387760574 0.06428386380734775 0.024884031472244092 0.07244495424912473 0.013150561793397401 0.07501321997714033 0.0864738943350748 0.051909618003106284 0.10163963103462657 0.08148099265325735 0.011384870517253027 0.013888115133416123 0.012470305553421766 0.08309165687940166 0.04090943213783303 0.057462647434957194 0.08402674879836487 0.027793834559453976 0.05905953111684504 0.05319219701899312 0.06717823669988075 0.0724165467183462 0.05099812568067358 0.08477225909910058 0.05765261991214132 0.017280646199059974 0.07174476064524607 0.015098532874353978 0.040329865311142805 0.08509310698841872
 0.05552372522298371 0.026757972753859497 0.03665452301386309 0.027985899856657663 0.017920355855250564 0.02261178649479269 0.060485782069085225 0.07886934227017624 10000.0 0.059312021342600926 0.0561871043727628 0.04024466587859694 0.013451134918671706 0.026655812270875538 0.026793847127425684 0.05118019921162733 0.06711199827764289 0.04769207894510073 0.020409932850486152 0.03809590597013094 0.01692978381077267 0.0168944708259407 0.016190418766183778 0.03187176271105896 0.04805862479049311 0.013950524468106825 0.07922450480948273 0.04884415815390861 0.06417681880701523 0.01635029159792135 0.023707292250335465 0.013689709226617369 0.046896104524858394 0.07466993031399316 0.031831442896361126 0.013126723104840345 0.029837980460565735 0.03251676838059612 0.01186468016091123 0.021897200548688826 0.023257624187431936 0.07098183497879314 0.016651119314959068 0.030556370059756054 0.02526684599030903 0.0484700235001239 0.03269682793752744 0.0690383417558344 0.04171117854089623 0.023525406118665684 0.034501986002035995 0.07820410621056918 0.03187329496244455 0.05530789770946829 0.07173444172958308 0.022559742786035626 0.050806162670833946 0.05290600361817712 0.008077375656564929 0.05435322718976226 0.05676064449034376 0.022643256099791433 0.028493503689569672 0.018074554727678997 0.058511108606491904 0.07168525365040464 0.03634968719008391 0.03888266932120556 0.055311595886963445 0.06819522650922852 0.02224949000295341 0.03901064936957284 0.023631558359746164 0.07595316250595587 0.03253175036138041 0.06286714248252505 0.006442807850665422 0.018660870411034487 0.01675617330204146 0.02264109074593433 0.06577823320334739 0.052296505295977534 0.022823016689464463 0.006860460976191546 0.059791815712653115 0.06458152383574271 0.03163848356150064 0.03894670645737737 0.003727913667918306 0.006200111231129997 0.037413518944460614 0.017892789350844634 0.014104569274630604 0.026782345634640853 0.04813823023998407 0.06605616479122225 0.0455741391253759 0.0766344926640363 0.0627905977074872 0.06417146396760104 0.058592551188090404 0.034842399737593496 0.014590457714932637 0.09341466890065739 0.00913678446005281 0.07270763689456493 0.006390103210715022 0.008244216142078214 0.06963346595254666 0.03198438523895114 0.024081890804661835 0.07549886813574523 0.09088535267894997 0.07550891221379612 0.023745207117157295 0.0437097451225138 0.0792676282249443 0.019724394988172418 0.0605058046916203 0.0658273175844079 0.027187188064102984 0.01294714289139353 0.008017144280848982 0.0370316694776371 0.022143039199819383 0.025069292393146165 0.09362573732995355 0.027648737017996288 0.07948870886800699 0.0385480751516848 0.06077094014138257
 0.006475473083469867 0.061426501658619195 0.03409182132735125 0.07980087274584372 0.04608763895041044 0.04584736676166771 0.05694283119315516 0.07727871104334368 0.059312021342600926 10000.0 0.005233439443416726 0.06677398162417962 0.0472727002905581 0.059797872797049435 0.0851214823850784 0.08406191939906722 0.11060412562153324 0.08186238899864487 0.048829037793646876 0.07599742083167477 0.05541522443425168 0.05665398097280101 0.07093074724966535 0.028555446975667084 0.06497707041400681 0.06828217514481255 0.09228686252289935 0.10148423080155346 0.005042079811671489 0.07061535019709476 0.08134668508143918 0.0695977254609939 0.04353455569657931 0.11507682894399851 0.027765262140127363 0.05584152114407675 0.08748570461232107 0.08981982529257035 0.07051947273323483 0.055452628359935086 0.08168892700181321 0.07331737623636406 0.07484811827719179 0.064428765145208 0.08050476075483483 0.06262929455617747 0.09194414124333304 0.09309292351535518 0.08000307255005469 0.08077521984634699 0.08910839786913566 0.058394362851368974 0.0340068846571554 0.008055074516706562 0.10194350315389798 0.03689428988032006 0.08346825967215979 0.012183265209361503 0.06544480751880209 0.04280383102325775 0.05141663422557822 0.05766485000971193 0.039963405090719044 0.07381575927303574 0.0766825649363688 0.10111098898263655 0.09040126830300842 0.07165712391195436 0.04601109335081889 0.07200510741985894 0.045481031207646946 0.06981275253293653 0.08090760087253172 0.11226050234419374 0.028118608012598825 0.0072833097674327866 0.05474939800789842 0.07765942672053028 0.04860998113678505 0.052831269362634936 0.09639190842942791 0.021390725963917737 0.04903790767007885 0.05854421349915804 0.01568012601708243 0.1089100165126934 0.04426409681915003 0.08812706602084397 0.06023545739775825 0.061227688731314976 0.0932731213728605 0.06971251394526863 0.07231446940192066 0.08608069266094281 0.10002824438448915 0.11007982587742131 0.04897790757971962 0.10901248507487124 0.10151497074763202 0.028416818142294426 0.061515147388508155 0.025346555278020766 0.054743764741583684 0.07441285474391275 0.05105222549027462 0.06454025020438932 0.05317361601395445 0.05986649512165793 0.03064023047956784 0.09067796222223838 0.03790019247583549 0.06705220589168316 0.08149591439668308 0.06622142565321677 0.08182416936447673 0.04254387117411402 0.11332823236745353 0.04386716133829521 0.07989258202833889 0.021775419887812574 0.04703039345165228 0.05060423990355177 0.06133509664330151 0.03590184397610791 0.04207335682725696 0.0429600420532607 0.08230878973410335 0.0803050801171614 0.0668754695230596 0.056802188490044106 0.008038275516719158
 0.0012424986907323217 0.06044768499367646 0.03409997283658673 0.07559319438796074 0.04208707355742785 0.044450626010007876 0.05926023991056643 0.08005332938285072 0.0561871043727628 0.005233439443416726 10000.0 0.06678790020099694 0.04470187054977725 0.05885473810728162 0.08153720224630057 0.0840669239122757 0.11002286692513227 0.08169930830853811 0.04729629002270807 0.07534120068068259 0.053657396139457574 0.05489344817221388 0.06708858947732527 0.02658601813687934 0.06577456223352432 0.06589682990291226 0.09416706378412312 0.09977694485438007 0.008561947306728174 0.06829446751634169 0.07767129920231057 0.06708056598586856 0.044983933072667834 0.11485430726994174 0.025322273422887287 0.05374591771506431 0.08491718875322285 0.08733084250064016 0.06711835047112526 0.050968691978500014 0.07814842483054202 0.07567556970087619 0.07208665511820084 0.06368209331903352 0.07824344902681851 0.06357155115637655 0.08864811430822801 0.0940609993268065 0.07942244282760119 0.07705023523821189 0.08501846855184426 0.06217775273591431 0.03315051340089595 0.010880170808762931 0.10251707019169069 0.0341124092363055 0.08347886278607845 0.014406295753265259 0.06267795022155757 0.0451168593190262 0.053634975996964304 0.056406278834874354 0.039037307848300784 0.07000978391469606 0.07778224739248144 0.10174201158470442 0.08625069144130439 0.07131255542788092 0.04830680669532375 0.07420337508443993 0.04113449551062045 0.0695732051442903 0.07835890654123598 0.11240663712946386 0.024229427030215713 0.0069359555355765325 0.05130226131028564 0.07428838243698835 0.046646309006054036 0.05160093522838024 0.09684264508543163 0.02385105557314458 0.044557508059317776 0.05594025280198648 0.01975427695972518 0.10822421964559543 0.04391602296712981 0.08666720599079025 0.05685374923795821 0.057692399130940125 0.09104982495497417 0.06568439797700826 0.06952858392955419 0.08295882091858195 0.09840271467157137 0.1094379423384051 0.05014462633052325 0.10948541323170966 0.10129794590227786 0.0324820355146325 0.06343434433170705 0.023419752891419673 0.052767141087026535 0.07844606675540212 0.04826902323914934 0.06753603814610624 0.05020557387668891 0.05617694689178939 0.035165566588217165 0.08715062706461293 0.033925281580354294 0.07013978152517343 0.08495125525092721 0.06935622262600821 0.07913511685616365 0.043639718280140724 0.11369698088672843 0.03984079990790871 0.08097474777567866 0.026394294795049164 0.04621125428855138 0.04831085428498862 0.058782965913235556 0.036055458139161146 0.037922324204789214 0.04172928961787574 0.08591720430428659 0.07834492112176716 0.07029457616488861 0.057041302535352015 0.005736153340472088
 0.06688911902842645 0.013487048960439785 0.032734359371154396 0.06593178982321432 0.0511757261194807 0.026305673599955205 0.029470930688532824 0.04152889600568331 0.04024466587859694 0.06677398162417962 0.06678790020099694 10000.0 0.035118449688359414 0.01375573963223479 0.05756608842299775 0.01729450165401804 0.044636269197738866 0.015216038453785023 0.025250419913091515 0.01273892364978323 0.02408067873617036 0.023710443497925816 0.05459974824749205 0.042627582371003954 0.010022110619732247 0.03155602290879151 0.038981463835114874 0.04351886031720883 0.07151106256986227 0.03130719667751216 0.056929509526151494 0.033751222983144404 0.027115178043863163 0.04836844025163214 0.04515391112062305 0.027641306617885497 0.04329548912620335 0.04374892269189902 0.047173494469657 0.06034079453810419 0.0548170223191335 0.03339164016002327 0.03918670620954027 0.009911530779411934 0.034808735979001755 0.012136084512725616 0.057146223491537494 0.030469381681996498 0.015373745559348386 0.057472911332437614 0.06934163068352833 0.05014739891204556 0.034178036248583205 0.05927581845265487 0.036554454509815204 0.041384227814779746 0.016702948816753826 0.055200749897385715 0.03623339274686374 0.033458943592536684 0.029275316521258834 0.017988706752414783 0.028842603929596616 0.055285922245162385 0.018274007061446537 0.036000802035343116 0.07141241907157415 0.006676846854666962 0.03188624851094069 0.03053231192999024 0.05590845505811962 0.0044061997075732695 0.039058544185201716 0.045625938293630694 0.053066815332314124 0.07332829005360529 0.04421369162436648 0.04987109035440197 0.028959797464064584 0.020307120566336944 0.03059719671115946 0.04804980015534359 0.058588859606091157 0.03338725828525713 0.05736988096733208 0.04333432229642278 0.02302552981607263 0.029958971851402543 0.043962386576539884 0.046404754989184734 0.042716455203246295 0.057339846291271986 0.0385236668612902 0.05060704374441783 0.04146604248747926 0.04432078131771239 0.021442983149257668 0.04314468306526036 0.03483290349370548 0.053095371942480256 0.02432598659500967 0.04512824374029995 0.02662608598225525 0.06143619100156896 0.03631228570269802 0.03968603845338826 0.038157188506786566 0.048417422543011956 0.05766221848242878 0.06011538563475528 0.05138067233892674 0.04186924411378983 0.054935206217695626 0.04231221181773642 0.04159215327286518 0.026208490946972956 0.04712442702226955 0.05149654248027498 0.02032078444525066 0.059342116882174965 0.022060696489339355 0.031246535982945564 0.03277248002357882 0.030874011833153737 0.053080304252890724 0.02758096166823889 0.05811146418068846 0.030648056444008993 0.04703371253889257 0.010218683760941946 0.07252164649395906
 0.0441951770190675 0.02275811184722926 0.02342394486438944 0.040354474536472715 0.01607565204939158 0.011089935629365636 0.049798260077780834 0.06960944906926889 0.013451134918671706 0.0472727002905581 0.04470187054977725 0.035118449688359414 10000.0 0.02183407262614513 0.04021511464310028 0.04952581409707691 0.07037230567012161 0.04627344667783579 0.010355992429054139 0.03740558445502539 0.012097030063992124 0.013048135367151175 0.028892605126875876 0.019007326455873757 0.04078378685794919 0.02123829705090225 0.07315891539194297 0.05604476578035902 0.05225393549650014 0.023684851552518413 0.03715253719947329 0.02238015578524615 0.03493467974173559 0.07690554666628441 0.019509945644638517 0.010181178497650323 0.04024057283965306 0.04263076298249335 0.02530998920465636 0.02621788389636425 0.036679027994647985 0.06208526255716443 0.027610553361272192 0.026952469227537284 0.03365337908142158 0.04046939276575714 0.0456294398972054 0.06549228054375103 0.04152778198612005 0.0369433922088571 0.04764722069734073 0.06619265119007085 0.01846051097103066 0.042576070698671364 0.07025220118651382 0.010669901768737647 0.04904198274162445 0.03990114533879793 0.018243329068196378 0.04202428066753226 0.04548147946023588 0.01769770924893686 0.015646575038351374 0.031139875742743357 0.05258587305732556 0.06994469176587631 0.049421299862077155 0.03604069060579416 0.04333955029759736 0.05943686520821732 0.02079026818965955 0.03537400380159801 0.033671215667301004 0.0767107463430163 0.022782492458662613 0.05157141679603075 0.012337215941747793 0.0319581829343874 0.006245336809603334 0.014860468916667754 0.06416793815033779 0.038862857364963435 0.023587550484014667 0.01127222231364114 0.046522110353705556 0.0681236547564661 0.02004570956861845 0.043935440825015507 0.01593163818208374 0.01798391871504695 0.04645889700339002 0.029688864641834213 0.02510259061615908 0.039342668367566974 0.05490382194893014 0.06950987470902405 0.03463747930551872 0.0760555101015549 0.06399206735227296 0.0507407551760241 0.04896146552014257 0.022133394311497613 0.009988937727722096 0.08195309081628405 0.004314372764877118 0.06202011610352178 0.007183501279138774 0.018348620174720474 0.05619843294961909 0.04530729955961205 0.017338154466970037 0.06490242230783473 0.08073198222555358 0.06478224946550742 0.03455280739586228 0.03168105790993641 0.0793424107278735 0.016413785726984993 0.055074209485851434 0.05242334477138054 0.0164217020512728 0.0044967572402947464 0.014086682225739902 0.02400329028599382 0.018151271431485105 0.012678852674587265 0.08325216332222883 0.03426736860018258 0.0684399879002252 0.03028525794201583 0.049721932480223885
 0.058734796776372694 0.0016653238533661432 0.026572074135815898 0.05317730537185685 0.0377483993599826 0.014921956627662821 0.03695266314402142 0.053061353591307044 0.026655812270875538 0.059797872797049435 0.05885473810728162 0.01375573963223479 0.02183407262614513 10000.0 0.046440804433500495 0.02788959796736865 0.05132567491546512 0.024777384320195224 0.01286454986678339 0.016772208781137492 0.010344827271658362 0.009958033887502372 0.04158708264094844 0.032870984663410964 0.021582126504824658 0.019934553845089232 0.05267133999228661 0.04294076769813558 0.06476936354291934 0.02048635087570567 0.04517991352071465 0.022233836621499758 0.027887188223055054 0.05683070672751102 0.03497957255362633 0.013889329446020813 0.035789001291007934 0.03703607632164027 0.034563143798869565 0.04660736280181307 0.0433780032619424 0.045006529483827454 0.028367659928514734 0.005282272276210627 0.027067285014808574 0.022363494338384877 0.04766364885750572 0.043759563568693795 0.020961332067940153 0.04556833388428902 0.0574881920187683 0.05678032104842953 0.02580160429689608 0.05304726952234468 0.048505953628183225 0.0294662720273711 0.02738022657819631 0.049284929525529514 0.02351419660684781 0.035577531573151695 0.03467535956036552 0.004256609155576736 0.019854701622019338 0.04256280033035266 0.031927641277850194 0.048159074777933644 0.059530854742223374 0.014296693816592897 0.03521480628326742 0.042164496919379804 0.04254423415260806 0.013540418562444001 0.03024657878924225 0.05570472693599114 0.04180011229088012 0.06569394643734872 0.03045834487225775 0.038246739032813004 0.015926581174418936 0.007772456279619561 0.04242368405605211 0.04398292072228374 0.04504508130621699 0.019802039929185968 0.0532609226854267 0.04942806602340328 0.016342620683378082 0.029022723259265693 0.030383487346256007 0.03284778835087902 0.03794772437232679 0.04408575275796327 0.027115123609318736 0.040847803794792394 0.041223663372096576 0.0506768304478755 0.023951563648730693 0.054500916228331954 0.04347387241532342 0.05211118962669626 0.03360276745776811 0.03579975614734826 0.012886270438043489 0.07025474762848082 0.02264500670117922 0.04867462643265486 0.024409648662824798 0.03476164419273309 0.05728298080795907 0.04978343756305042 0.03873042340981073 0.0512461223428038 0.06577187156846612 0.05145659922772662 0.03247700988327127 0.025541762319605837 0.05799610164426818 0.038236553635158446 0.034072150670350264 0.056864088646272466 0.012783438599599583 0.017718296297511035 0.01951473736415805 0.025320355703702526 0.03997345220227578 0.01723538887954078 0.06873561357797862 0.024354900043599602 0.0558684072463393 0.013376038638280636 0.06447632153557348
 0.08074152161655923 0.04568200648634478 0.06305272109610874 0.015484792629535664 0.039879402375212855 0.04821259404735082 0.08324870298006842 0.09895762245579183 0.026793847127425684 0.0851214823850784 0.08153720224630057 0.05756608842299775 0.04021511464310028 0.046440804433500495 10000.0 0.061731444027810424 0.06634044374456605 0.05843055580285279 0.045470738593608936 0.049695990132981746 0.03987172912750922 0.03918094798213817 0.01527445591638849 0.05851238614973923 0.06714459595168312 0.026511527218223734 0.09429990166968939 0.042087627717694566 0.08982647859616474 0.026313222348734393 0.0042977484520575265 0.02421492719196132 0.07168599857741847 0.07519647586039589 0.05822122979048643 0.036675948222445076 0.020611305054073284 0.022781404191263472 0.014945091580752625 0.03520678076585451 0.003536527130554991 0.09082264063938703 0.018381896434223586 0.04800532194893205 0.025228496483062475 0.068444446970883 0.009422355047622467 0.0806736295913666 0.0516496620176772 0.005365878443026784 0.012696654025925945 0.10244444112148517 0.058526318262396994 0.08172285024481472 0.07958425497401808 0.049005121908250786 0.06159282144658246 0.07952096947682703 0.024057371174974078 0.0794163983492655 0.08042153332478387 0.04368750971962926 0.05465851419138184 0.01232326207648863 0.07477372852672987 0.07999797778168827 0.014705338797428982 0.053424897981097945 0.07989894181086815 0.08795671444141603 0.04225741983346835 0.0546078545366991 0.020307269299651553 0.07927470711451168 0.05733113184217588 0.08792390909417065 0.030407429461171344 0.008541551055664797 0.0425723934444547 0.04589762604251697 0.07442315105336454 0.0790777463888999 0.04030519102694874 0.0306635348910397 0.08654873593591264 0.06353156032465562 0.0566771482927947 0.040088067375912737 0.02505759324568632 0.02389507442413287 0.02892711785185978 0.018191055082018924 0.01932977015719788 0.00974005595127496 0.042630380457422526 0.06500766363642192 0.06924650716320455 0.08242139349776975 0.06665488330382655 0.09080399318355384 0.08002406251339013 0.06138665506954967 0.03837031730782576 0.11659240204438119 0.03590859993116157 0.09510108121895847 0.03317438231785138 0.025391464578388118 0.09627468691204767 0.005730272376572599 0.04780897625969244 0.09768646558899162 0.11203264440408262 0.09788822467120883 0.017783844713189306 0.06866914232304798 0.08361486892063638 0.0421278621395974 0.07586057502187579 0.09262070487464602 0.051903085119925786 0.0389679698380882 0.028996987548131778 0.0632042042593452 0.044340159826613136 0.051030693463831205 0.11506605334418268 0.030215462064158413 0.10225805060982229 0.059797786078169796 0.08561941254690357
