NAME :TPP_input_28_3_1
NUM_VERTICES
82
NUM_CLUSTERS
28
Full Matrix
 10000.0 0.0385715368434073 0.011542533541754926 0.06957069748848703 0.02367247637955948 0.08255356088485527 0.0775977501859898 0.07197023035477657 0.039411944866783816 0.06854835249635644 0.01935699784510718 0.04528015412034874 0.025448838432807097 0.0726042509106107 0.06792814881503699 0.022509165808896253 0.007814902068503361 0.043990255224013945 0.09343356908266212 0.09287191384812954 0.018093163724324998 0.044094637450297756 0.02311578060861975 0.057753019213685086 0.05870117109766757 0.027791563406181517 0.011068392966213987 0.04861316231182811 0.00910818969007643 0.049994009312080624 0.014216215859277778 0.05063053902199558 0.0767698741324928 0.0898707173570451 0.03622816694833476 0.029931703515221404 0.033228313882743686 0.07623142055271849 0.07228939345999795 0.015377690100186423 0.052889177411124255 0.03059578148917398 0.014637195475070908 0.06109012569049915 0.0671603019062107 0.06922023345831185 0.03657683566159781 0.02786720201875012 0.0403295007046096 0.06491749346233637 0.02379500403176081 0.01872626530617532 0.003901121226055548 0.04818120584959008 0.0773843693907059 0.020100050537034873 0.02185495176573059 0.013722072314125353 0.07808326066915046 0.004401151505014952 0.07614614499576758 0.027651558479255958 0.03698592580471409 0.045765269808269095 0.0200517468395217 0.04722050468855756 0.05015206074693639 0.09286842663419169 0.021255536926865572 0.04641678547284492 0.05770060350325749 0.03899528924558353 0.06268816280334732 0.034822458775372 0.06659745063754935 0.026355604233807253 0.08220109001669976 0.05319625579851143 0.041946905736787596 0.046282677356281124 0.04036097807012732 0.019660307947514347
 0.0385715368434073 10000.0 0.038503307461451454 0.03143195569050753 0.05550291897029654 0.05751545172043648 0.056451644125339207 0.05448929532925718 0.06463848240531442 0.0749787683171386 0.051085940001028736 0.07396006277192793 0.05553344839322037 0.06747137793306356 0.06544216015200365 0.04342754751529004 0.0417147005175097 0.007208102900565073 0.08145153576122235 0.09239263469556085 0.024933384965583616 0.05128635489625891 0.05690424856800717 0.08087281269842196 0.06872546358529885 0.01704124503453039 0.03863811220440947 0.010388442856847887 0.03698244075379204 0.04176019468854427 0.03456549732089659 0.018491225478729893 0.07541923661039804 0.0808955957114937 0.012294043829197384 0.05995605021455614 0.04139643491631083 0.07130607179891964 0.037793220503398506 0.05265392943487217 0.08550410203448883 0.05218416931906454 0.053160124681716665 0.0642316456552302 0.031054847196490452 0.08557313165427849 0.018803826383691585 0.01714312423258678 0.017311571472467157 0.09219343224508668 0.059355088186415716 0.044123278660710676 0.03722405178877853 0.046758426687527783 0.07243346941337128 0.05786182435531601 0.029199032857710614 0.03039299925148255 0.05218825143885524 0.04177054804092659 0.07556482175884155 0.019710934912973755 0.02592616705520392 0.009702957435013858 0.03537073383009811 0.0371037514757526 0.07308032826613059 0.08543947078074388 0.04591407174238009 0.06462308483546074 0.07859422158175335 0.07148665392549744 0.033091223857581106 0.06896829991364789 0.03358701459175281 0.03028159693657003 0.04793770580094997 0.014694610812653634 0.0485727839290566 0.019562888274170746 0.003198342950154744 0.051209752978830396
 0.011542533541754926 0.038503307461451454 10000.0 0.06988402321967996 0.03445210768742711 0.0887903859569158 0.08472119916981911 0.07978020683402 0.05072463447464382 0.07974999875312401 0.030411657371727727 0.0559793937156508 0.036511977732672486 0.08260539262237727 0.07820149950457975 0.03386950980989377 0.01929273041896708 0.04502273487387473 0.10268891469187576 0.10368701207731716 0.013823806587128054 0.05493136790976604 0.03331264912314908 0.06902037365927921 0.07004605113085892 0.02374212241385569 0.022367074601052063 0.047477810964782784 0.02013914368176722 0.05878436137530354 0.02452674931992562 0.0537182724425632 0.08732478056894842 0.0995695998861142 0.0398200938419662 0.04082464906142744 0.04368477669321213 0.0863239720705762 0.07509288845027517 0.02413897509230718 0.062292631634824035 0.019778418032716457 0.01918032905198462 0.07189826423472763 0.0690781313747687 0.08075464282857442 0.04193073826864654 0.02374910308769458 0.044951077041557194 0.0755352668097637 0.03306294410766195 0.03024535502331605 0.007814578372197737 0.05803100613451568 0.08749171021856764 0.02761302567059086 0.030552764221781523 0.008146992698225266 0.08399689250391743 0.009590678302160321 0.08678078298834498 0.03343302121726644 0.04407331504738346 0.04363589730472917 0.00944014088298473 0.05548975901305703 0.06151303741501545 0.10283314325688955 0.032787486938557396 0.057959122890099204 0.06912874117501072 0.04886561286099699 0.06710337322445549 0.04418740782660946 0.06993293438765164 0.035204755103344934 0.08523092096664066 0.052286111319597275 0.052642996249012246 0.050626235168484184 0.039444250284594855 0.012829095191708724
 0.06957069748848703 0.03143195569050753 0.06988402321967996 10000.0 0.08355220647577817 0.04446695691873413 0.04853808400268371 0.05132400228284575 0.08901834686694907 0.08703400843454746 0.07951238308158219 0.09915426497523933 0.08294157260901407 0.0722542942629792 0.0728083725320253 0.06956155634616595 0.07170133351279342 0.025594027686722167 0.0775174244490305 0.0968125808213315 0.056182772084562085 0.06890528151493035 0.08556205732603434 0.10253844598287863 0.08420597570936707 0.04722916512439692 0.06781653461494172 0.022970400547492383 0.0666116100387561 0.05240863333881836 0.06306191738026276 0.022928673276656673 0.08166421558711252 0.0798021132038298 0.03517853807369194 0.08691365788513485 0.06271236313575759 0.07544877970814733 0.01610678399235782 0.08280848811751354 0.11212913476429737 0.08207646701856781 0.08420776201567569 0.07602685090024161 0.009759537457680899 0.10275045539202006 0.03867439455644247 0.04728477292152416 0.03429191817066969 0.11542998072856293 0.08856471810900708 0.07158872736833781 0.06851856360849562 0.0603715139092458 0.07633060911319178 0.08809727765900886 0.05560321428078894 0.061748428639670457 0.03962683491518537 0.07300521393458718 0.08238453738871351 0.045522467776991316 0.044243153095005656 0.02781096552210757 0.06595846807349107 0.048625651748645575 0.09539292383814979 0.08500846225270368 0.07279776101809075 0.0855139828400508 0.09921608487444308 0.09871099525013387 0.02491365153943068 0.09711014755377201 0.018355396618152404 0.0545540471146578 0.022958036399083552 0.018234690310546416 0.06666004795512308 0.02977428080624368 0.03052678077708944 0.08250885946494876
 0.02367247637955948 0.05550291897029654 0.03445210768742711 0.08355220647577817 10000.0 0.08431202302468249 0.07736311194530686 0.07019327605026111 0.01707959174649948 0.05285422366115143 0.004617323412264907 0.02161308594960189 0.0029616484979739107 0.06317766042228674 0.057603116136313026 0.015078568846436482 0.016299309531572374 0.05888330117518377 0.0858342980913993 0.07870590504524519 0.040844023256307004 0.033308325780561567 0.0035381738500277777 0.03491178500465283 0.04229968995227369 0.04944423801738535 0.017189346585742622 0.06587121841596043 0.019319993862601435 0.047433973581665165 0.020949544436291427 0.061575895569861 0.06456498260038421 0.0807838751432401 0.048386470663196325 0.00639226394418221 0.027388150185459367 0.06619716148450064 0.08197115526363316 0.012327482880633801 0.03036841354379754 0.05077230559800623 0.020959026523951266 0.04849179838664294 0.07872093939169386 0.04835948874784266 0.045467531434845256 0.04955581588020801 0.04992285229478773 0.041246246703186794 0.007726188531812375 0.012008029747727564 0.02750656576802271 0.041858348071696624 0.06722287122778549 0.013765079399240251 0.027981814726033144 0.037238489462715595 0.08089094323428918 0.024900862932771075 0.06356692109555774 0.0380330036399173 0.041907716365584616 0.06435263436148014 0.0435577452472307 0.04679152741855022 0.02781540841777974 0.08261447349517713 0.01131455851118226 0.02715209741401548 0.03566898549608551 0.01619489054227668 0.06994463353920037 0.013581096939975211 0.07566643959194588 0.029807007776468233 0.0909185954513096 0.06985010431251362 0.032446743612245886 0.0554764402899605 0.0580785401871132 0.0368130098339682
 0.08255356088485527 0.05751545172043648 0.0887903859569158 0.04446695691873413 0.08431202302468249 10000.0 0.009060053253109605 0.01698520874481894 0.08082821415950575 0.059872953453113116 0.08202271773934669 0.09080013943706226 0.08229711587743258 0.0393320744202078 0.04301673609048075 0.06956013544209104 0.08023809754118909 0.05072035574311624 0.03501723011137626 0.059282084683998044 0.07810284996199346 0.054993155848704615 0.08751465280396661 0.08703277461348702 0.062462918027870414 0.07351846921582167 0.0749508834999222 0.05657736237197119 0.07526031530346386 0.03719506032472399 0.06990572413095873 0.039086786656927594 0.04828230667559443 0.03919124747478108 0.04998387189705821 0.08446079070902257 0.05698680381887806 0.040934569761028224 0.0284007760200707 0.0898531198149683 0.10515642555164328 0.10659356767098951 0.09518095118753638 0.051227072333692926 0.03532804185097398 0.08003089916632743 0.04687219458600255 0.07365611181773436 0.04423482334707079 0.10104668555423536 0.09157486462462301 0.07372313964546535 0.0836735764791102 0.04441320707590483 0.041330002486188906 0.09463775173450974 0.06118063485158441 0.08203216304071337 0.005389713099893512 0.08692144589902275 0.04954142497961264 0.055439142466872676 0.04559793217837971 0.06147057708207068 0.08952934824609261 0.037544571889365254 0.0821937086844159 0.044384339832425034 0.07337703318185278 0.0718648465630882 0.08246053953662603 0.0949039578273907 0.024693306307348773 0.095834429041939 0.027422718929129928 0.05720662307313326 0.025813787735683262 0.054146891135900946 0.05433643249107192 0.03918355617509813 0.05921942358079655 0.1010404996177675
 0.0775977501859898 0.056451644125339207 0.08472119916981911 0.04853808400268371 0.07736311194530686 0.009060053253109605 10000.0 0.00808876445158342 0.07281463565222972 0.05081351672058594 0.07538146808422382 0.08263167762748908 0.07519768583296141 0.030370292548637014 0.0339586310204966 0.06291628360294307 0.07459645457269636 0.050156154752788715 0.029013522237208964 0.051277582696425676 0.07498290272531387 0.04690479883729387 0.08066474146200862 0.07829218168980673 0.053533057451555094 0.07148873233637386 0.06925543922888877 0.05716621352755698 0.06980857557950113 0.029930462044029767 0.06436106115696515 0.038652543349255976 0.03945542825826363 0.03201886958245637 0.04739569549670008 0.07707369152227198 0.04998057574314503 0.03214817398189931 0.033066348673583226 0.08371049478220906 0.09697983333559293 0.10320272116362882 0.08954683539759678 0.04223995712496686 0.03890367825093103 0.07099328336868393 0.04329962290688596 0.07163723625285244 0.041402851473547664 0.0922957956462059 0.08479266507125381 0.06726561521364512 0.07906867813273968 0.03648905072308944 0.032614170978294776 0.08831432698016561 0.05585485749198023 0.07844301266117805 0.010302264896379589 0.08199684060358316 0.04067455811766016 0.05132826526113126 0.040759508802999014 0.061710284492892904 0.08635044654520486 0.031083421773115308 0.07367033588552847 0.03728117951836953 0.06669306640405376 0.06343084573071184 0.07367016652274805 0.08717936053302928 0.025574589023852456 0.08840338771221447 0.030393781125942917 0.051603994282554605 0.03279604069857833 0.05543870042580657 0.04647757318055304 0.037154050135385225 0.05855509212500191 0.09659668525612736
 0.07197023035477657 0.05448929532925718 0.07978020683402 0.05132400228284575 0.07019327605026111 0.01698520874481894 0.00808876445158342 10000.0 0.0649791414698544 0.04312349099827506 0.06844095798600267 0.07471021275077723 0.06792907858056138 0.023329901420277334 0.02634068482799897 0.056033889799777234 0.06843183428460942 0.048794702816080573 0.02743279096569557 0.04603767531710282 0.07092880696776549 0.03907757413243106 0.07355485468557164 0.07020349811651445 0.04548585872428216 0.06842419343699577 0.06308226657848454 0.056667413451156494 0.06382967255205065 0.022914687968578894 0.05834925823772475 0.03782053356485243 0.032727291847844786 0.028599810688032485 0.044275729477263916 0.06960613563193369 0.04290605557696013 0.02563387643096691 0.036882633111877394 0.07711048085673455 0.08904652740285521 0.09872156277795158 0.08331393499839906 0.03424485242745571 0.041564944532409484 0.06309020808197188 0.03939280962661568 0.06858042998234694 0.03824854082769045 0.08420705935061291 0.0777187726362789 0.06050179053629555 0.07372057308741449 0.028820663581351862 0.026276370773885612 0.08156244053772357 0.050116315782465705 0.07395440911078144 0.01686565142825459 0.07636693560353837 0.033825295736211604 0.04673254129549855 0.03574708586537312 0.060809947737656085 0.08214876755566831 0.02481611962584584 0.06561773747237579 0.03375002977056481 0.05975946826574967 0.05541124949103175 0.06558285177502715 0.07948651150580999 0.026817780268564892 0.08088593360992677 0.03298361684762157 0.045682653301475876 0.038488067126611784 0.05560472305297782 0.038796934324156956 0.0349274178028175 0.05690724405080512 0.09128040206837576
 0.039411944866783816 0.06463848240531442 0.05072463447464382 0.08901834686694907 0.01707959174649948 0.08082821415950575 0.07281463565222972 0.0649791414698544 10000.0 0.03854273305865774 0.02042803476895306 0.010371458615416291 0.014478455988338005 0.052817152643736084 0.046966543805209135 0.02142719084800005 0.03161483912116771 0.06637879013055456 0.07566988949828803 0.06448325177234646 0.05497809034482125 0.02591115646230161 0.019670731096476077 0.018350577619406457 0.028158255088549716 0.06229425443763908 0.03031833266527491 0.07460079675045429 0.03280854724158724 0.04401163492519194 0.031894600248651685 0.06614374814072461 0.05211644547189573 0.06979000833443566 0.05508429754440822 0.011109016534323633 0.026663142366765393 0.05521003377899095 0.08433692456307591 0.029374024105981975 0.02450862551586988 0.06777631889139606 0.03795140862363955 0.03687114966632157 0.08261890677897564 0.031357073461993686 0.050464449247136826 0.062429053159048405 0.054763185825166386 0.027610444768140664 0.02269641963414159 0.022303368280682103 0.043312537109185784 0.03641592636678672 0.0560880262717829 0.029934235815858773 0.03543985108257403 0.05229519733362602 0.07833969754682393 0.041372010420103154 0.05090457746998027 0.045244245112337954 0.0448921749285264 0.07414601900268046 0.05945176684736247 0.04508555065686192 0.01082398844641769 0.07077105267550982 0.019876180423693175 0.012185700879021879 0.018615327882348695 0.015210429965264043 0.07127429185743481 0.01849415786830281 0.07792727969592762 0.034977680268251786 0.09217596172274302 0.07793226580369873 0.026522123742822822 0.05940945828019815 0.06758378898120793 0.05389008650506551
 0.06854835249635644 0.0749787683171386 0.07974999875312401 0.08703400843454746 0.05285422366115143 0.059872953453113116 0.05081351672058594 0.04312349099827506 0.03854273305865774 10000.0 0.0541390423173189 0.04442699183667706 0.04989368926865925 0.021331850023083607 0.016860720824118533 0.04607236078212354 0.06153074605536321 0.07282396778212488 0.041203419808956615 0.025990805009200302 0.07796523499095873 0.025489862948310557 0.0562076260924869 0.033107301075701125 0.010569229440760358 0.08119815913771235 0.05748625184693776 0.08221159252200064 0.059621268133662135 0.035057602070465335 0.05547844688455731 0.06630744157716334 0.015596430736370927 0.03428541334679803 0.06273002708704045 0.04848541075000154 0.037161647713823284 0.021525304490929462 0.07601017368671337 0.06444228676994973 0.05687230709988597 0.09913984198367283 0.07291914462177466 0.011107122972869697 0.07802520163032912 0.02085108258824413 0.05624627464299232 0.08136457483802619 0.0587239795541267 0.045876420868590895 0.05999283426132928 0.050246488648122214 0.07198259620427698 0.028348606475749473 0.021882009028375452 0.06661895279075215 0.05222369799113317 0.07784752043605436 0.059897634727232314 0.07205431926474817 0.014100439734142564 0.05724084728012648 0.04906286958830159 0.08423253551984622 0.08642387202561877 0.039401853762983094 0.03245552976666176 0.03386249420980739 0.047964780601871766 0.026424757120267994 0.02823379526150201 0.05306478294553854 0.06305959885721257 0.05698554135392758 0.07045691962146856 0.04838728605527444 0.0802287835997228 0.08354192476695733 0.02813325644040213 0.06001217512907626 0.07815126750378518 0.08694028592030739
 0.01935699784510718 0.051085940001028736 0.030411657371727727 0.07951238308158219 0.004617323412264907 0.08202271773934669 0.07538146808422382 0.06844095798600267 0.02042803476895306 0.0541390423173189 10000.0 0.025987956010290175 0.006107767010330779 0.06295768950173497 0.057538951578900495 0.012475305619786957 0.011803687809801575 0.054649857003079796 0.08536544226341779 0.07974557838623901 0.036280206980933295 0.03292617471716131 0.006077224371947178 0.038635119543173946 0.04368067351384695 0.04482814064101731 0.012618340639303898 0.061466552526725345 0.01471000775514642 0.045546230916101466 0.016612373035249116 0.057777685282187595 0.06502241572112796 0.08061464109770704 0.04433534855659108 0.010596136572427976 0.02555529074978629 0.06614460573665386 0.07845273068276966 0.010323198690931856 0.034969599763611275 0.04746386572635319 0.01880268596184735 0.0488861716005249 0.07494608534724573 0.0512710453960008 0.041741539108389555 0.044940020934088984 0.04617407679025837 0.04562532788929011 0.009681924957791388 0.0085003776908493 0.023233354144528186 0.04063095686133094 0.067208359461161 0.013473607554953887 0.02411520292154768 0.032794664500531444 0.07840352039812865 0.02096976714117376 0.06411015261445058 0.03400985134894362 0.03864096810633058 0.05985153653491221 0.0393610157911685 0.044494213973631756 0.03125183918670352 0.08272114153967047 0.008689812060701657 0.029270567765675656 0.03900025169563014 0.02079438949541167 0.066693201059343 0.0178834512817653 0.07219872879925535 0.026376273084373143 0.08757099649262685 0.06550593051987214 0.031706420483064976 0.05183947720041088 0.05361679101851891 0.03386034740621238
 0.04528015412034874 0.07396006277192793 0.0559793937156508 0.09915426497523933 0.02161308594960189 0.09080013943706226 0.08263167762748908 0.07471021275077723 0.010371458615416291 0.04442699183667706 0.025987956010290175 10000.0 0.020024763662610502 0.0609907915517401 0.05513317407544265 0.030536274001873705 0.03778917861410792 0.07610435306569632 0.08360812799809207 0.06974264522655346 0.06213223423529921 0.035807845043177355 0.02279127538076396 0.0158143045977496 0.03476653909165516 0.0702105636750272 0.037707615601200284 0.0840791350789534 0.040089947383952926 0.054203913738817645 0.04020957419280562 0.07632719077617356 0.05910300031775664 0.07736326243940043 0.06489979420337126 0.015399327485523773 0.037005534295653245 0.063018366878042 0.09469799301955102 0.03260228555807027 0.014356675459083854 0.07128641590579307 0.04050042397589379 0.04482808953880128 0.09290069040704992 0.03228632918138406 0.06052097191356724 0.07033438050384846 0.06486672033203768 0.01964064183877096 0.02421169410946168 0.030359743972151403 0.049119606873242364 0.046423375071230066 0.06379912266682218 0.031429568005165914 0.044853311182174144 0.058782583248351644 0.088457982608777 0.0463951198523368 0.057770710019516815 0.05486790985154496 0.05513528435019969 0.08332522613252878 0.0651532213751798 0.05541060391840951 0.01210358466412444 0.07782550354752617 0.02823987074419098 0.019882652459962756 0.01874759122039518 0.010070649396341082 0.08164561139307833 0.015399993956716202 0.08828743030822435 0.044834982219480735 0.10254423001593896 0.08757970258705336 0.036649079854249304 0.06963421750445219 0.07681717734759322 0.05693257279189391
 0.025448838432807097 0.05553344839322037 0.036511977732672486 0.08294157260901407 0.0029616484979739107 0.08229711587743258 0.07519768583296141 0.06792907858056138 0.014478455988338005 0.04989368926865925 0.006107767010330779 0.020024763662610502 10000.0 0.06040529495931306 0.05480062867014459 0.013703453498082083 0.017818038295958568 0.058579563680807245 0.08310903221812829 0.07575142981279023 0.04211348940436738 0.030626723014797026 0.006394621846383362 0.03257102976655131 0.03933839338813691 0.050367966509326394 0.017861052062811644 0.06585765292701073 0.020168130361721368 0.04527631713910946 0.0210307840299457 0.06072008784579098 0.06166717182577355 0.07799008581997918 0.04785647446595638 0.004673268891254642 0.02531035900744438 0.06338614686082403 0.08081142234796798 0.015135892899162347 0.029988501323407843 0.05329855480669832 0.023789227164080846 0.04561225013290937 0.07781268483184565 0.045621005215925055 0.04458377713098259 0.05048649985809979 0.04904621368772506 0.03963199600307222 0.010476086828665208 0.011472553005080524 0.029331783762222716 0.03943107955416587 0.06440350840962893 0.016725264053183354 0.027357166712014148 0.038806513460346484 0.07899069583716878 0.027043061722418948 0.06065825122362317 0.03751180432178162 0.04063001072514808 0.06456907948705065 0.04546594878688125 0.044848423399928054 0.025285892143682993 0.07976546841097076 0.01017515536000954 0.02422091774132691 0.03309301166530078 0.01597100440093845 0.06857695499461088 0.014359620900403403 0.07446986167031233 0.02874697077387243 0.0896023624715407 0.0697133209775363 0.029879320998631474 0.05447331879376797 0.05820435019058604 0.03946858834241832
 0.0726042509106107 0.06747137793306356 0.08260539262237727 0.0722542942629792 0.06317766042228674 0.0393320744202078 0.030370292548637014 0.023329901420277334 0.052817152643736084 0.021331850023083607 0.06295768950173497 0.0609907915517401 0.06040529495931306 10000.0 0.005864778369179285 0.051955024278099456 0.06697165949878321 0.0634834192825424 0.022890425502528493 0.025223580151480463 0.07723847614889173 0.030031663419147425 0.06671564440669973 0.05261222543122848 0.027114690197246976 0.07776536314591614 0.061997146849318854 0.07250695836524156 0.06356111196170128 0.026068625110505506 0.058423545438793474 0.05447511015928649 0.009539143264090845 0.01765824628487047 0.05548555760426659 0.060532911852321264 0.039469439255497826 0.0038901571435831822 0.05915523330120937 0.0729673652302634 0.07468466534623869 0.10237135297113809 0.08065943510210034 0.01617046881196829 0.06267350140440728 0.04214934236745141 0.049216822140773026 0.0779334520296349 0.0501685481788904 0.0661386643515762 0.07087271908957943 0.05665911275160234 0.07535915072810143 0.024579755774210406 0.005062216785352918 0.07637943723851114 0.052273654970292995 0.07867710547997585 0.04011472941489145 0.07672355215275878 0.01052281774390613 0.053468162330616326 0.0429254828882998 0.07564859483754355 0.08739036776213964 0.03060066055477659 0.0499814508278805 0.02026457968325797 0.05501249146634664 0.0411843920467006 0.04771413144813358 0.06802753429699977 0.047369713170317414 0.07084048814790203 0.05439619975870316 0.047690147381525216 0.06171709908648902 0.07268847111006109 0.031447158923671836 0.04936587012065515 0.07041429314613563 0.0921694929279094
 0.06792814881503699 0.06544216015200365 0.07820149950457975 0.0728083725320253 0.057603116136313026 0.04301673609048075 0.0339586310204966 0.02634068482799897 0.046966543805209135 0.016860720824118533 0.057538951578900495 0.05513317407544265 0.05480062867014459 0.005864778369179285 10000.0 0.04682286904765908 0.06203260423325972 0.06198884839727457 0.028713155512315618 0.0270761567202006 0.07353369999785528 0.02467229487014232 0.06113850883661478 0.047011686042233644 0.021462507722113323 0.07470148875522187 0.057168100415523365 0.07119969830925216 0.05883980634362745 0.023682144586094384 0.053828127173479415 0.053753311963905835 0.009996502379019424 0.023193446022840656 0.05325740604587924 0.05480662230927295 0.03470060858575633 0.00860727036413082 0.060581060288344445 0.06763301543414241 0.06885896331162014 0.09797932299379888 0.07545843321391715 0.010330544908474478 0.06342327067576047 0.0373462417769228 0.04683851080904996 0.07487026890663243 0.04827324738425907 0.060655230877083625 0.06527584956405308 0.05149856426478587 0.07081933698062047 0.020515392720271402 0.00967438657871135 0.07091466889865032 0.04816361752331306 0.07464869924212147 0.04317753685786231 0.07196788986612898 0.010154278386017665 0.05025778879252986 0.04017424744456338 0.07400611162602184 0.08338154973293402 0.0283408055168586 0.04417988947942953 0.025240224225983654 0.049752914047992286 0.0353201287812307 0.0421333105775177 0.06217627349153149 0.04816464693335018 0.06503245828342277 0.05541642596252117 0.04366833457085195 0.06402373535171771 0.07176596328653415 0.02630074616807951 0.04815813769714301 0.06847704163168133 0.08739032241842336
 0.022509165808896253 0.04342754751529004 0.03386950980989377 0.06956155634616595 0.015078568846436482 0.06956013544209104 0.06291628360294307 0.056033889799777234 0.02142719084800005 0.04607236078212354 0.012475305619786957 0.030536274001873705 0.013703453498082083 0.051955024278099456 0.04682286904765908 10000.0 0.015547486668848516 0.045729830007195695 0.07391462724426094 0.07073819372855794 0.034814574419468045 0.022280155484986346 0.018045977700300333 0.03886270041193968 0.03619669605000568 0.04123420984754551 0.011502453857257284 0.05355044256297202 0.013800045064261256 0.033122480678703256 0.010989399974383593 0.04714251856361057 0.05507489624459683 0.06956090964822995 0.03469786335835132 0.017369402525019444 0.013272619371723283 0.055354924283615124 0.06710808490673828 0.021396918484719696 0.04266385090803089 0.05307784847712847 0.028718441078906885 0.03910201293481759 0.06418524227234572 0.047812361786349164 0.031017218883373655 0.04137654381428611 0.03547368002302785 0.04902768038102928 0.022031512240109234 0.004720483070386838 0.02605775554470804 0.02865960318922129 0.05646589605834041 0.02556404340708499 0.014355166151284305 0.033185253254334454 0.06599011217512987 0.025998554091766855 0.0543285916628595 0.024476249505635803 0.026932576403369435 0.05283633318465785 0.04130356258024048 0.032023658763994954 0.030924022631131507 0.07204877267339825 0.0038266250673096858 0.02486819693975435 0.037643674835171545 0.02916371649496283 0.054917435079729175 0.028061339193653754 0.060767013860192884 0.015109240739670566 0.07592470199004797 0.057118295125968783 0.02053031816657763 0.04081369502298046 0.04630539634459166 0.041095704399423554
 0.007814902068503361 0.0417147005175097 0.01929273041896708 0.07170133351279342 0.016299309531572374 0.08023809754118909 0.07459645457269636 0.06843183428460942 0.03161483912116771 0.06153074605536321 0.011803687809801575 0.03778917861410792 0.017818038295958568 0.06697165949878321 0.06203260423325972 0.015547486668848516 10000.0 0.046236336399726 0.08842860895903445 0.08628318620360784 0.024580842202402052 0.03770663052385679 0.016328862034653762 0.04996206454122005 0.051490619734751594 0.033506940223860526 0.005350347987271434 0.05205004362228108 0.0052761556606056 0.045846529165970026 0.010343040115220588 0.05126337877913066 0.0705205290723872 0.0844568705956026 0.03705074145759465 0.022391797532411148 0.027548866968879572 0.0704833843070636 0.07269617158035756 0.01111017989559711 0.04623805164068579 0.03778582475277406 0.014960060743949486 0.05461368812352521 0.06826173031452451 0.06147531870140179 0.03600644803855356 0.033607598025277324 0.040171480662406715 0.057423254502515675 0.01792666054162104 0.011313429940495915 0.011708167976695324 0.0429457770737432 0.07161510058426315 0.016405072338204377 0.01915460904011803 0.020995593808035853 0.07607305404857868 0.010571483842371018 0.06980931488540995 0.027316013647389916 0.03487876964075132 0.04984549640668596 0.027836941918661807 0.04364698820593473 0.04234137794577463 0.0871802546108068 0.013735010944939072 0.03874224625154973 0.04988639423672959 0.03214179843828856 0.0620653522794751 0.028449223657335005 0.06670889045503485 0.023049337416105053 0.08232462968749596 0.05638708060638931 0.035774598465788156 0.046115826141366806 0.04393124534697215 0.025553734346779548
 0.043990255224013945 0.007208102900565073 0.04502273487387473 0.025594027686722167 0.05888330117518377 0.05072035574311624 0.050156154752788715 0.048794702816080573 0.06637879013055456 0.07282396778212488 0.054649857003079796 0.07610435306569632 0.058579563680807245 0.0634834192825424 0.06198884839727457 0.045729830007195695 0.046236336399726 10000.0 0.07605168738347748 0.08863423663018763 0.03171033481780108 0.05036648972160834 0.06062752531136429 0.08170596812648208 0.06744092769490767 0.024233105750200115 0.04258597835493759 0.009388768651482913 0.04122767111191222 0.038483751415961824 0.03804980945967675 0.011646820542409595 0.07186646189965122 0.07596173379632823 0.011379168481145507 0.06280722078688995 0.04156837807709224 0.06724489846226349 0.030652689514871028 0.057324785759027386 0.0883224808668127 0.05931228266352467 0.05862531396774032 0.06185000519954721 0.024120054859506093 0.08497504963611675 0.017137956655658083 0.02433799943325248 0.01410167279566007 0.09366453720089812 0.06341154765342683 0.047110352402030535 0.04305605804776655 0.044482907443224314 0.06833828598140836 0.06260114137530536 0.03139543329337675 0.03699971098303832 0.04536114399773189 0.04749313428005382 0.07214220355870261 0.021258022706657262 0.024250186264281985 0.012233652497881602 0.04241089206988393 0.03385677098632459 0.07408724744549564 0.0806710745010771 0.04861668579533932 0.06503279255369439 0.07904610430593235 0.07452720297408781 0.026135688560533332 0.07245791149651609 0.02637964331316985 0.03141826114360609 0.040814888269073216 0.011630561574512598 0.047747799125828425 0.014266188018649444 0.008499674069815173 0.057815031226822876
 0.09343356908266212 0.08145153576122235 0.10268891469187576 0.0775174244490305 0.0858342980913993 0.03501723011137626 0.029013522237208964 0.02743279096569557 0.07566988949828803 0.041203419808956615 0.08536544226341779 0.08360812799809207 0.08310903221812829 0.022890425502528493 0.028713155512315618 0.07391462724426094 0.08842860895903445 0.07605168738347748 10000.0 0.0277018201731375 0.0956095502859794 0.052541220820864584 0.08937054588648394 0.07411279237816167 0.049140555042549584 0.09438950772392805 0.08326712505083189 0.08408213561139193 0.08458427536027241 0.04397838968732032 0.07923993914804024 0.06523288591938212 0.025622679192880173 0.007298060142570208 0.07057342096315403 0.08337938181813263 0.0609493001152004 0.020592002378869628 0.06206018332566906 0.09518984233320942 0.09704983249788232 0.1222583992526478 0.1025888975787484 0.038856455094877514 0.06783869061988032 0.06140883779553838 0.06504972215195033 0.09455183024010018 0.06465681610867537 0.08707981616703382 0.09355133940342872 0.07863445070687919 0.09584458118690754 0.04548480049341208 0.01985335678745198 0.09883275232276444 0.07214836078158379 0.09786388394949375 0.03868564913121265 0.09769867993785691 0.027139993662136305 0.07119988397662769 0.060068531499151395 0.08814958327858173 0.10641309758817552 0.04769114488769011 0.07229079912612803 0.010895564154824747 0.07717828286944917 0.06391693562438779 0.0692001238565855 0.09087678373673808 0.053820457014352015 0.09373090653013949 0.05927479154803475 0.06749710285841247 0.06081136986615762 0.08302302801105682 0.05366444661784067 0.06197957339523996 0.08400743272366805 0.11309371755208855
 0.09287191384812954 0.09239263469556085 0.10368701207731716 0.0968125808213315 0.07870590504524519 0.059282084683998044 0.051277582696425676 0.04603767531710282 0.06448325177234646 0.025990805009200302 0.07974557838623901 0.06974264522655346 0.07575142981279023 0.025223580151480463 0.0270761567202006 0.07073819372855794 0.08628318620360784 0.08863423663018763 0.0277018201731375 10000.0 0.10010068971921873 0.04878813697855401 0.08209918642970956 0.056698354873581935 0.03653645875775365 0.1016964929996914 0.08184778834205736 0.0977056525575201 0.08378934534935448 0.05067083345942906 0.07916151687605343 0.07968763127115551 0.01709762767577294 0.021081692835300137 0.08026583125183946 0.07446632642398036 0.06006422295339195 0.021618986230988034 0.08289602458795536 0.09006877705289879 0.08122470258923524 0.1233645137210019 0.09843009745709501 0.03179555626900722 0.08711806557895677 0.040857253004828405 0.07387825223672376 0.10186534498007631 0.07514370409532563 0.06757049640148016 0.08593411432214514 0.0751655358720713 0.09606833406946277 0.04725314838855501 0.020626968008396786 0.09246435845023666 0.07442071599951461 0.10081654735745856 0.061577709299868416 0.09664372497769422 0.01724086413605168 0.07723697017063029 0.06725039026623945 0.10076097870679843 0.10953447724444156 0.055309888743859774 0.05764212618770576 0.01683750002623394 0.07304368649474458 0.05240492522069051 0.052155210113771784 0.07877141599946463 0.07191373334389904 0.0828686196204608 0.07865705610756156 0.07008278143887801 0.08402453485349287 0.09790997283195887 0.05104527522993924 0.07456591152110356 0.09539016876048746 0.11183387870701711
 0.018093163724324998 0.024933384965583616 0.013823806587128054 0.056182772084562085 0.040844023256307004 0.07810284996199346 0.07498290272531387 0.07092880696776549 0.05497809034482125 0.07796523499095873 0.036280206980933295 0.06213223423529921 0.04211348940436738 0.07723847614889173 0.07353369999785528 0.034814574419468045 0.024580842202402052 0.03171033481780108 0.0956095502859794 0.10010068971921873 10000.0 0.0524802818991796 0.04082500362700211 0.07315383985749281 0.06920317942845178 0.010187875953924388 0.02466804367794287 0.033663696452115345 0.022192525916864908 0.051866136146252295 0.023851866277613307 0.041238369794131216 0.08319962714196405 0.09333027233667449 0.028176366604883565 0.0467675183318799 0.04080441508160721 0.08108960353917576 0.06217754431322094 0.03345694944275456 0.07073895907089199 0.028531650771598385 0.031083379420061032 0.06881516734409421 0.05582996405991857 0.08252979929733521 0.031695690390673936 0.010224852847768064 0.03387350151671679 0.08169484679576638 0.04183897722588055 0.03274008701633105 0.01510320055955911 0.053021060857590056 0.0822705899974161 0.03801330377618281 0.02582105859130592 0.005724745099265275 0.07307404257714531 0.019572152862031292 0.08288500562527232 0.02442834560132336 0.035584176412683896 0.02983465742834218 0.011426520328011808 0.04792840563422958 0.06528518183643528 0.09709056320848414 0.03526311040042419 0.05964257931296419 0.07234018093272805 0.056696676642726936 0.05523483517206419 0.05277470316688352 0.057342114471853715 0.030025296622220303 0.07235144241587477 0.03847760218113586 0.049876025479875935 0.03909140567904331 0.02568104620734748 0.026326132592829874
 0.044094637450297756 0.05128635489625891 0.05493136790976604 0.06890528151493035 0.033308325780561567 0.054993155848704615 0.04690479883729387 0.03907757413243106 0.02591115646230161 0.025489862948310557 0.03292617471716131 0.035807845043177355 0.030626723014797026 0.030031663419147425 0.02467229487014232 0.022280155484986346 0.03770663052385679 0.05036648972160834 0.052541220820864584 0.04878813697855401 0.0524802818991796 10000.0 0.0368412420777461 0.03428205690017059 0.017548783752109203 0.05591408641877929 0.03310007805406779 0.05962319989515564 0.03500390786924766 0.0188126166060616 0.030427903771987723 0.046359650489236265 0.032815053741080145 0.047689183631354444 0.03941691625962875 0.031344319646474716 0.011676941496789819 0.03326242380912697 0.061394344259959696 0.04296690942030413 0.05016361088105876 0.0745795857221685 0.05080723277150585 0.01699655249384483 0.061127708086379 0.03462516918555161 0.033236782056930564 0.05607894465936519 0.036599445939244885 0.04793586224906217 0.04103220556480148 0.026904159630676567 0.047284336856960596 0.010654423922120166 0.03434557421703959 0.04635699631083159 0.026739918274374386 0.052509420873081886 0.05272162721329483 0.04792845972069669 0.03211078871156368 0.03246723241387855 0.02614460901268428 0.060867962595521255 0.06115103750197747 0.021036570628359397 0.028052041537726773 0.04990733804165136 0.02509002820465004 0.017580084534965332 0.030519106117341096 0.04050345448330418 0.04796108072410595 0.04231545223123802 0.05511784502451641 0.023021546197407053 0.06821189344356114 0.06174923692747247 0.002752455256061723 0.03952438220738469 0.054483977277680125 0.06323106652995045
 0.02311578060861975 0.05690424856800717 0.03331264912314908 0.08556205732603434 0.0035381738500277777 0.08751465280396661 0.08066474146200862 0.07355485468557164 0.019670731096476077 0.0562076260924869 0.006077224371947178 0.02279127538076396 0.006394621846383362 0.06671564440669973 0.06113850883661478 0.018045977700300333 0.016328862034653762 0.06062752531136429 0.08937054588648394 0.08209918642970956 0.04082500362700211 0.0368412420777461 10000.0 0.036958430093783405 0.04564295715659693 0.04982706219107937 0.018277905404471037 0.06729224845396524 0.020134662781258878 0.05074737929294499 0.022578993745157663 0.06385468849868448 0.06806107016240007 0.08432056341597002 0.05038929970858434 0.00857681133505899 0.03068755635039077 0.06973137351974026 0.08449887350011534 0.009948010449775644 0.029921794758703796 0.048727608310636335 0.018345727541346446 0.052000839923241164 0.08102283694502094 0.05102672486893604 0.047813257578870075 0.04992939320087955 0.05224823155188551 0.042244447303225366 0.004211227845423959 0.014465426067673962 0.02681401454095686 0.045312158256959195 0.07075551866717912 0.01047637316153676 0.030192162628205572 0.036830919212631465 0.08401587919395631 0.023725180529721477 0.06705284475542604 0.040073372468815864 0.04460485796089965 0.06552380812099123 0.04260278290502919 0.04997284424249622 0.030192142339168938 0.08613890930562078 0.01422319148170467 0.03030873774181661 0.03807964411798995 0.015894858474243146 0.07266414593627807 0.012202154568221142 0.0782330165059944 0.03238067566358293 0.09357604377806845 0.07139487406368117 0.03595506387828948 0.05790240194997659 0.05936771812549766 0.03454612581187773
 0.057753019213685086 0.08087281269842196 0.06902037365927921 0.10253844598287863 0.03491178500465283 0.08703277461348702 0.07829218168980673 0.07020349811651445 0.018350577619406457 0.033107301075701125 0.038635119543173946 0.0158143045977496 0.03257102976655131 0.05261222543122848 0.047011686042233644 0.03886270041193968 0.04996206454122005 0.08170596812648208 0.07411279237816167 0.056698354873581935 0.07315383985749281 0.03428205690017059 0.036958430093783405 10000.0 0.025553565626475063 0.08008806667726943 0.04855072386790789 0.0904279251985461 0.051050796262445526 0.05286869786397943 0.049711608947738274 0.07968364975196161 0.04863783686109664 0.06733183702842858 0.07033126053557238 0.028569899807591656 0.04023924527199274 0.053831692687314595 0.09567252154336983 0.04689895804878121 0.02459844130642034 0.08563511397153761 0.055227737650576314 0.03695472574965715 0.09517124953407616 0.017008117390021785 0.06496462711726067 0.0802290269188102 0.068953439989943 0.014015381183935362 0.039155723981382784 0.04041375692021036 0.06165409680616585 0.04442454318301797 0.05440141374020001 0.04650888810252955 0.05201387539919338 0.07061695750569855 0.08557686272153141 0.05960407311339928 0.04716938420880087 0.06117477142001299 0.05853353319915718 0.09053493625253475 0.07779807471528304 0.05531746804636209 0.007939581830832036 0.06692985072366212 0.03790119299943034 0.01702839042325405 0.004917262143667211 0.0258791333173362 0.08224304459929563 0.031193945467482515 0.08938183617552897 0.05061303886016271 0.1023843857170604 0.09333576430510335 0.03617059278448732 0.07280455436600988 0.08394117972942357 0.0715045552942102
