NAME :TPP_input_29_4_4
NUM_VERTICES
113
NUM_CLUSTERS
29
Full Matrix
 10000.0 0.0667353368738673 0.05814273744939572 0.04499160949588661 0.06550345569793986 0.041218257604058124 0.048118480818721485 0.02163725283633975 0.07084187320044276 0.006483320916992076 0.0512307274302992 0.04955469350583297 0.06426102525288306 0.049693433912962166 0.05815200854431756 0.04387157172082989 0.011814319726153417 0.05594530437012935 0.05300705433818795 0.03766016422325084 0.0712895599812489 0.03869494742791948 0.1007603328226724 0.03743141458671157 0.054126313598084196 0.08736964719561573 0.05942866245190387 0.027498386757012064 0.01633979865903667 0.056763703508128927 0.07701924142088182 0.0594707518343443 0.01747227123426042 0.02372557444081213 0.02575471050926981 0.054981160491361356 0.08942661667798936 0.04743122462962473 0.0539108399254649 0.031975607620595065 0.08053167358302439 0.0616590367969902 0.07265529468138096 0.03206382065008332 0.02354297579312782 0.058502865708932136 0.0727421089847626 0.07512452757028495 0.060629888281525664 0.06382073586938494 0.03828369065775021 0.024033832958036908 0.01877251777576943 0.06795720124846621 0.07061616341359264 0.0234305073567423 0.019104573199492526 0.06447676549974621 0.040016540017593485 0.06022205771174984 0.041134189581513235 0.01495190741577691 0.06104480998355829 0.055395077886584265 0.07750424779505773 0.022597987646974127 0.04976637969551669 0.07579687503979025 0.07493401366303999 0.07797645017893544 0.06474381847989391 0.014801736764384597 0.0780561290362584 0.07431069978994681 0.063489213630372 0.019241027179542118 0.06375137112467404 0.0631006289917401 0.04170730013405023 0.06187340295802078 0.0058581222994788535 0.03503938937042423 0.01591088136713697 0.022774483085526754 0.02934437122900619 0.01999326860151438 0.07515410879477478 0.05190877397606651 0.07444789586041749 0.04599255809586866 0.06229679082046401 0.07115218061884399 0.08041135361082175 0.02053394880604352 0.07752641979022735 0.03223146963482185 0.03568945850129581 0.03435715556095633 0.02272708181222257 0.07664122285882324 0.06647063436294431 0.06804335666998665 0.0894318582125813 0.04076873642630716 0.05987423041573685 0.059200605332651125 0.07799015171771123 0.07491945128672323 0.07293329244029531 0.04763380073306546 0.018665841112460696 0.07954026615082509 0.09179932852750353
 0.0667353368738673 10000.0 0.029976675839688192 0.029227211384735552 0.021345614551080486 0.02592791407832132 0.03748180733256795 0.04514526182941364 0.02380870452734082 0.07269351275103475 0.08004284676547253 0.03294378325294657 0.048229618720542045 0.03875820643519752 0.05025086932003847 0.03611379986742431 0.061798525402156135 0.03187486360847318 0.050465606802199074 0.03383088590115203 0.018504465127828638 0.07730621889281547 0.04553777302736091 0.030156387060338356 0.013348647783778263 0.03533400322719696 0.03926545094276152 0.04059355735698299 0.0504063851223166 0.05298146803393671 0.021803060758418556 0.01507746818638839 0.08410403898495845 0.043802144375893144 0.09221107461501653 0.023020394235720998 0.02544805875972376 0.026753111570790904 0.04004471173284915 0.06322731527358226 0.015253499053834607 0.04387104955420366 0.006393358658340447 0.0536289086669033 0.08593206057449676 0.0401156170825154 0.04684469632210506 0.05537687205483812 0.06185176911288388 0.004309738638036624 0.03250749979315481 0.050076499957258595 0.08534315846411422 0.030206481601095302 0.0749950536092334 0.043329723792882816 0.08471254377626965 0.012617598676934065 0.04141549306550775 0.029152645119167535 0.0511035839486029 0.06985522900512688 0.036434854918181846 0.05673541184405988 0.022946877496121506 0.057015509190963154 0.01768919501568125 0.019441543302849446 0.034471791961851586 0.06204813881668946 0.07244277109280757 0.05310950132120421 0.016492680439276177 0.06892653498565929 0.029140580828428315 0.048930886108759515 0.036464973278968284 0.025358582360731827 0.042910534575384025 0.005945320647548633 0.07010599707036672 0.05566096969789008 0.06648518688246344 0.047923197327896724 0.06002359754419494 0.0549769892470159 0.027090489235805627 0.046088357496420755 0.06397561460169239 0.059979862467272785 0.035110889284115245 0.00442982051056308 0.017013028523361118 0.0798081408564661 0.011079217057323076 0.04205395958761462 0.03146412760418567 0.045476858626903996 0.08417785266300823 0.023983302668407962 0.012110391140091624 0.0021963933696701582 0.02632918429749772 0.05425318969841298 0.051739311301587924 0.056561519870679096 0.06635924876016569 0.03078295003250293 0.08725112347336925 0.04628241413756194 0.06678691401027098 0.07561040289203302 0.03136248441612941
 0.05814273744939572 0.029976675839688192 10000.0 0.04300225828829818 0.04800344376798546 0.024979940606257 0.05384849967120088 0.03926965520915964 0.0520298246556271 0.06462110234345628 0.05312919548495433 0.05026652701821732 0.07022112284961013 0.05588268474976893 0.069571008142408 0.014561884708028465 0.04878967547758984 0.052777942495706665 0.02136900320838804 0.021218781442117536 0.04757322311926767 0.05365611644954647 0.04322042785963694 0.03476336366350365 0.022232700155316365 0.029882164589016748 0.06085253314934958 0.03189569786226055 0.04446646254252413 0.07127823232401298 0.051611313992543796 0.015020041347095715 0.07482887772277076 0.03570351935813595 0.08030318846867228 0.008360189066948978 0.03864540925420734 0.04209021362857973 0.010829080179566209 0.041073803503542186 0.034014873328684934 0.01406188957826456 0.03133182531295969 0.06088298362144367 0.07058120147162898 0.061188773039126634 0.07196066646552175 0.027487391828961056 0.03204350516159126 0.03147620324059821 0.021125861389897572 0.05260469260488883 0.07621285935280678 0.056515248934735855 0.04502674737645088 0.03808940742104824 0.0772075194587218 0.01797958921937328 0.0196436497457109 0.05243764552303795 0.06295264022914487 0.06736372947472745 0.05911066069395854 0.02735820695307478 0.02290412795252972 0.05939035023681453 0.03048806821197176 0.023010896513878318 0.01681249424411616 0.033738906391368485 0.04267729165239143 0.04346028006051281 0.04634193494098616 0.039232538286784954 0.05387834105102773 0.04673555232539275 0.060228629958834955 0.05043744052901354 0.055573110027890116 0.024817201984520997 0.059087150631448336 0.06419279330869732 0.06506247805055433 0.03538424302158763 0.06546460960140611 0.03994875508287498 0.05600192006643246 0.06346585276818213 0.034675332965172355 0.03290455061078146 0.058497954007866476 0.03210044827746536 0.04634160668712896 0.06377730255779018 0.034606915793565916 0.026037432049805614 0.034064487680427635 0.025641623391151402 0.06851960148668394 0.05355039730231294 0.04040744038279955 0.032160813731788446 0.037683229072281256 0.06557892093665219 0.07146291911012047 0.02672519631769329 0.037421458035417236 0.01700852304023119 0.05751445297795425 0.06169484475378375 0.06654050526612038 0.04601670248402636 0.03740244060220315
 0.04499160949588661 0.029227211384735552 0.04300225828829818 10000.0 0.020597751671187686 0.019418753521121802 0.010857324208694697 0.026624259131721825 0.02586523535518409 0.04980016662548598 0.07638034925394294 0.007852842534744362 0.028569928732135798 0.01294389088744621 0.026736417375153806 0.03790001212416698 0.044720234373798656 0.012944448684499007 0.05570480037366942 0.029356240222211772 0.026871845192736495 0.06898336340113986 0.07360614130727103 0.01163014258889745 0.02300838699390853 0.06190324681126567 0.01985157654868563 0.027217987730964024 0.029978049105070407 0.028283288304524604 0.03245653164093383 0.032422339603511444 0.06102106033491014 0.028044597667839913 0.07046634558613325 0.0349394539909571 0.05467242612391287 0.0027529726184155673 0.04813634247657119 0.05531689781901379 0.04444604975197991 0.055429309294866 0.035548941018152765 0.024587135135721094 0.06756480042581087 0.019717755016416143 0.03324750270470061 0.07013870667267809 0.0678472726210603 0.025054551001416712 0.028128024877596993 0.02324553091577876 0.062066587783283354 0.023542047278409015 0.08148243555417778 0.025052386525031372 0.06039906413221936 0.03505493327310645 0.04027233409560716 0.015992301597302833 0.02217152126220228 0.043660976932917116 0.019548005126354337 0.06162405643035602 0.0494122045731162 0.029430869093254614 0.013673904608543348 0.04629538145676363 0.055861692681247965 0.07596648563517058 0.07713455384008343 0.035165303845025656 0.034961246077595945 0.07899995867681692 0.019116548043838704 0.025764132476143346 0.021761899129795 0.018183484498816935 0.013979472129999851 0.027385765806641954 0.04982960905834815 0.026443575167153864 0.03998735563072638 0.03456463565747083 0.03117057471499941 0.041558155952953924 0.03016546981146483 0.020464192072709983 0.07569439422285545 0.05944493862085652 0.01997241860609525 0.03319901567527392 0.03780332828207658 0.06270931588369774 0.039887164339485866 0.03494652997922376 0.01375437028129316 0.040435815610441045 0.06626120003140167 0.03179502619644158 0.023538569458885945 0.02942861096116788 0.05553617806420339 0.02526142423797436 0.0286866759263805 0.06336936357520226 0.07889052960221009 0.053385947827184525 0.09068640728313226 0.0189414855496304 0.03966762403680462 0.08579306725558261 0.06027235673059903
 0.06550345569793986 0.021345614551080486 0.04800344376798546 0.020597751671187686 10000.0 0.03225430060392998 0.022622105070339737 0.046091053188313094 0.005493587732564166 0.07039545476901195 0.09173437429364083 0.018655495196409317 0.02767780141887036 0.022857667674811295 0.0310409253490835 0.04905246403977087 0.06433379613558943 0.014133865828798144 0.06601417889861569 0.04293314301558762 0.00720985324440804 0.08616323112512621 0.06560659873135136 0.029466629244444268 0.026075977460587468 0.05640547705946035 0.019547173178560827 0.04481745492012156 0.0500770584778176 0.03420248770130216 0.012154518876805274 0.033472338433494654 0.08161491606722124 0.046645579289758786 0.09104935024860186 0.03985041977815068 0.043110522518900345 0.01807644780626898 0.05646585439819938 0.07202409970220268 0.03332844074978838 0.06199306329497261 0.025611331598403973 0.042826605894824885 0.0877398557267953 0.020668885230693764 0.025499082120898752 0.0749935246612998 0.0781105003213882 0.01780882097004237 0.04149407723942525 0.04360840267662312 0.08265348791187342 0.008898678826180055 0.09174503475577699 0.04436029162622292 0.08090921640414336 0.03300626449793079 0.053158327807531054 0.009632695410740924 0.03717876827598424 0.06389766031484127 0.01625681808906972 0.07233265836970751 0.04420885348489815 0.04931387781531488 0.020734108237267315 0.040686150004223945 0.05548509398481173 0.08149865840109297 0.08832765068849606 0.054781530007253554 0.016849492383572813 0.08708052306929567 0.008299299397712512 0.04626295573936301 0.015629984167153672 0.0048461823457818945 0.02994618512241825 0.024132131128196264 0.07019132750784655 0.0435591005297903 0.06016875395738704 0.05263004818910682 0.049587603425556244 0.05994039165666769 0.01008839787800125 0.028644988729356946 0.08267728690530488 0.0729258155985537 0.014588015295053217 0.023038395880248093 0.020072597170242918 0.08258363490503957 0.028119376975148734 0.05036588616316948 0.03162989253145558 0.05525467078043483 0.08634099406520736 0.011203569298171715 0.009391194054625443 0.0199531124079027 0.0445897452446489 0.04025455595713932 0.032189144563891034 0.07304907606668962 0.08539722783637088 0.05195228966351957 0.10277854987882769 0.03034198724768718 0.05958849389813767 0.09390969584280635 0.05061202543074557
 0.041218257604058124 0.02592791407832132 0.024979940606257 0.019418753521121802 0.03225430060392998 10000.0 0.03008344415531433 0.01960635738243123 0.03755346192273647 0.04738668805558079 0.05951830824747641 0.027219140503710257 0.047916784161370955 0.0322465377206269 0.046039736321615884 0.018538183815544947 0.03588769679379794 0.03130925837493238 0.036352819530136 0.010782309315360955 0.03546071148849129 0.05415255080317127 0.06226464542545605 0.009786526230336033 0.012926877173854056 0.049306192922575647 0.03894075974871029 0.014687007738660251 0.025070303066896848 0.04732336427356595 0.04100327482471546 0.019231347470206033 0.05868315775802067 0.017897626050161115 0.06643378653054777 0.017886367543491887 0.048353047104670956 0.01938812310208249 0.02881138580246342 0.039940734143320146 0.03931346651677186 0.03634934283251167 0.03157056467458162 0.036159395439721735 0.0600346653704758 0.03895703559841589 0.05171910265913655 0.05128569053042555 0.04854076392169431 0.02365780399276492 0.009376898397194581 0.028827309278082813 0.05996572725091753 0.03887469403003898 0.06222224226568543 0.01785695137889648 0.05972464717218494 0.023843241321271524 0.02148979103949038 0.03266385234500672 0.03799790362003471 0.04641693451933747 0.03804816707261213 0.04236382580829354 0.037917938207159656 0.03591112391818083 0.011632179683749492 0.035642039737159674 0.04001745979135748 0.056880360046318745 0.05805724030242473 0.02722732568260156 0.03954201099120122 0.05958514602620512 0.035084031688104665 0.024886209258559704 0.03983522377752742 0.03254525055211282 0.030800913402428493 0.020728183204490477 0.04427760620478926 0.0393472136002333 0.04347012473930464 0.02221186282299363 0.041198556348187504 0.029448322220053287 0.04215865190009709 0.039502218058309606 0.056365498241386494 0.041177210415646905 0.038003930284116236 0.030267457172070925 0.04128650961765084 0.05399608267952334 0.036430527168633674 0.01816885650686209 0.009214859223738135 0.023009891304509558 0.05830662928843502 0.04170828400743753 0.028910164731708585 0.027493850979713325 0.048490619266548574 0.04060004174301749 0.048016689626841254 0.043981601705396715 0.05960993423516059 0.03846265264491604 0.0719429033138057 0.03725805608580332 0.044392654300421046 0.06637482422078127 0.051456062451470296
 0.048118480818721485 0.03748180733256795 0.05384849967120088 0.010857324208694697 0.022622105070339737 0.03008344415531433 10000.0 0.03330317779180213 0.02666404776537943 0.05187713820083439 0.0850520210408527 0.00455135212567939 0.018726900182733548 0.002213809099107757 0.015956359114323117 0.04840632509948993 0.05033373600715025 0.009017396353184161 0.066148667123281 0.039548521187229485 0.029806551656559408 0.07665352722411635 0.08279484499917321 0.021374369988335622 0.033387067557414954 0.07160724108994602 0.011514113829150326 0.03574066599721256 0.03524603334949529 0.017429956410723625 0.03458399284013373 0.0428195025659265 0.06246376836805355 0.03567874399483019 0.07247694368864409 0.04574885604651461 0.06251561860379594 0.012005069734777284 0.058881273157560594 0.06352162037926615 0.052259560165867275 0.06625436835970053 0.04348614432835791 0.020692694745234858 0.07152602905458948 0.010814364263404973 0.025290245027026162 0.08099202972172895 0.07820917011209993 0.03317306576614378 0.038410024451541215 0.02424973667627723 0.06333473180590055 0.02118902574051029 0.09176681911672634 0.032068728144345415 0.060950947004229275 0.04500821634448332 0.05037650857705391 0.013983828904678332 0.01460061607977628 0.04328677747793178 0.012939290578072821 0.07194705435249374 0.05902539125119895 0.028459458014176393 0.024058900839910465 0.055760955129199805 0.06638398462168107 0.08679689825488249 0.08724474567816291 0.04113102722560175 0.03919980465083902 0.08963131704555251 0.017050561483054064 0.02987543865608639 0.015663314256881007 0.018365684977057324 0.007598092847042175 0.03676617327772 0.053540098674242385 0.021015609468629525 0.03951799250993317 0.04236394591483595 0.027363717563353394 0.048808866506261074 0.029999955785533067 0.009626555277975337 0.0864416301820158 0.06907392760191228 0.01430943115188315 0.04095701615292058 0.04234615609593685 0.06743761478461768 0.04734147310545104 0.04433567876602533 0.02320722131723437 0.04991577541821333 0.07048385012968139 0.033045545316825464 0.029023129688984208 0.03719725610750297 0.06361447321622399 0.01772182528697538 0.01793761308909448 0.0738585030963078 0.0896651627530457 0.06374672926164388 0.1004856985263018 0.008812567674199885 0.03846568521847377 0.09639845626747805 0.06884366284110122
 0.02163725283633975 0.04514526182941364 0.03926965520915964 0.026624259131721825 0.046091053188313094 0.01960635738243123 0.03330317779180213 10000.0 0.05157127872366251 0.027781490958047463 0.052494377228517075 0.033068317887417625 0.05172244331866527 0.03535372511406849 0.04722625201075505 0.026433399677403338 0.01824695810274476 0.03917116897108626 0.040720238307641744 0.018053443070409462 0.051158709051383755 0.04339107394880669 0.08048344502637202 0.01675548511799206 0.032495305261753385 0.06720830060161528 0.044668205173211906 0.007456105014492338 0.005538467678774817 0.04707679656889357 0.05691937825932649 0.03824323400429055 0.03908715117395025 0.0040733161469092526 0.04708756028674722 0.034648623604673204 0.06791782187245392 0.028558799877111362 0.037880756526786026 0.03068452981674245 0.05891199552105009 0.046129181230709394 0.05102397919441226 0.026691573826303275 0.041900207420262015 0.04408892482392956 0.05850228665798678 0.06090881410007236 0.051285111628510356 0.04235647779141845 0.018219661173101413 0.01623723182571938 0.04036374749553726 0.050144869875030314 0.06377875440492281 0.0018344319101291397 0.040168699452745316 0.043135769765698426 0.024692935064485833 0.042612586991923454 0.03301509648949251 0.02814706131755671 0.04531786374506479 0.045141920508180736 0.05664107398905986 0.021628242879844356 0.028506648843527042 0.05469133266063791 0.05592229442358925 0.06514744800305092 0.05848247075883801 0.008692348178660849 0.057140200941624954 0.06442332636212085 0.04573651157776551 0.008152206163161431 0.047805862411585034 0.04453525185894394 0.029323753073238673 0.040236168466427094 0.025083399663605503 0.03046686959481057 0.02579944403957432 0.009758498002038787 0.02893176789409328 0.015524125352470592 0.05609468583319829 0.04025111061106404 0.06291935332982143 0.039076733577782054 0.04610864800041185 0.04955282754381676 0.059318717015025606 0.036511447385240904 0.05589481737146669 0.016233298923242743 0.014730132107896358 0.021057136478454065 0.040390782392962746 0.05691320785463318 0.04571648396378634 0.0465087076418895 0.06799499226048539 0.034366383061616046 0.04920967169730045 0.04817810256513238 0.06646220075978533 0.055287035197778674 0.07015028635609184 0.036494018828347005 0.027376026526196338 0.07064965270520678 0.07065461933730088
 0.07084187320044276 0.02380870452734082 0.0520298246556271 0.02586523535518409 0.005493587732564166 0.03755346192273647 0.02666404776537943 0.05157127872366251 10000.0 0.07564479646906337 0.09695181094016947 0.023088517630212694 0.028275117038084833 0.026548858999405157 0.03273633883762837 0.053971204725347305 0.06981616327982705 0.017740226994957125 0.07066873636510079 0.048165606464480565 0.005842171848772294 0.09156277922599099 0.06619463968589959 0.03495954508674102 0.030536152805971627 0.05788530168615963 0.021397532527402768 0.05029209489641654 0.055512135047829196 0.03608442066585853 0.00823704084889541 0.037209658386346815 0.0868126031354483 0.05213873498047178 0.09632586839698971 0.0440496465498059 0.042991887031029435 0.023421028123993402 0.06090997883205512 0.07740349856939209 0.033762364820328114 0.0660826306694286 0.026978400941518845 0.0472270748362736 0.09317851191962563 0.022666145236565204 0.024155945379130763 0.07863560162231356 0.08268230264246945 0.020917760787740103 0.04672180109178738 0.04864828099869062 0.08783111255957264 0.00810774419578225 0.09625314198772911 0.049844978488406154 0.08598910184010584 0.036116189725855986 0.05824006158368268 0.012795040151801973 0.0409675503165315 0.06882138456840195 0.017928814470198805 0.07700475251442367 0.04607681686388682 0.05413456155312184 0.025961976327652243 0.04256176057486772 0.05828020628525867 0.08522011965407045 0.09299629856563968 0.06026017239537473 0.01495450161161262 0.09123948861856547 0.010220130962827055 0.05160301358937029 0.01648436953935216 0.008340630025106903 0.0341871699064056 0.02754801930142149 0.07558717498684615 0.04767383348701465 0.06507378369351698 0.05811023833061323 0.053957334702651336 0.06542500104440609 0.004623743683057108 0.03143422544052585 0.08666434583934084 0.07797162486473352 0.016013166678825984 0.024561389824867354 0.018137620816196395 0.08805504628729165 0.028613352304501863 0.055701963871409965 0.03712347989969178 0.06051851990956589 0.09179282638648431 0.006381607009561444 0.011852260070119053 0.022065471425251827 0.04464934545696718 0.043951979435720136 0.03359909713868249 0.07755954671232686 0.08927827482422326 0.054574222553383414 0.10753832813316122 0.03369016869199489 0.06438246980542256 0.09804052361797766 0.05095373342177039
 0.006483320916992076 0.07269351275103475 0.06462110234345628 0.04980016662548598 0.07039545476901195 0.04738668805558079 0.05187713820083439 0.027781490958047463 0.07564479646906337 10000.0 0.054754372538189176 0.05374105771472495 0.0670155325180902 0.05327964385958851 0.060560965734550276 0.05032747328672391 0.017466123501626338 0.06009514237147033 0.05899310963391006 0.044126985021351664 0.07642142557899274 0.041755334518769754 0.10723516713252283 0.04304259766847561 0.06025543198144081 0.0938465499447711 0.06292441821485434 0.033896396300202136 0.0223445050234408 0.05884938472929575 0.08211170704401634 0.06582071554648786 0.01144495198462589 0.030091229495224983 0.020717616960785057 0.06143790292420851 0.09568295187058741 0.052342847734917416 0.06025513944786806 0.03681566813065523 0.08668035929037843 0.0679308821293109 0.07869192333233563 0.03413435238272087 0.021634401744777352 0.06191416974891837 0.07588205723772466 0.08120351854187953 0.06612878803268812 0.06965581304256008 0.04473247672616164 0.027639899931480475 0.012653226478243029 0.0722797278347972 0.075571320287365 0.02953615863835559 0.012626651269837728 0.07079870942471923 0.04639035168108198 0.06456490208808198 0.043348086131235856 0.012973196245046238 0.06480056228081199 0.061090049110748994 0.08392791179437459 0.024601222882905047 0.05551290411246882 0.08218196882655442 0.08140863054568745 0.08386332982981617 0.06965771138541425 0.021274477412166027 0.08352006401902158 0.07977287414713201 0.06783872213532212 0.024374752511264412 0.06753349262042377 0.0677198344757082 0.045034738710615065 0.06795684186521035 0.00804542018109007 0.03664300438434051 0.015377067698600316 0.029245281096627773 0.030230942202725954 0.02610508695266949 0.07985192802062414 0.05468758160730666 0.08016672411742654 0.05133368566497983 0.0661733863927289 0.07711958785276615 0.0859661048418907 0.020572089350800647 0.08356132263363349 0.03868761475672157 0.04141654067827591 0.040662429752371915 0.02140294710117378 0.08158458686839291 0.07189425893188482 0.07393456256683792 0.09572550235659842 0.04252431719623615 0.06216798315847664 0.06496348126929598 0.0836880841405093 0.08140276805053033 0.07701909492065209 0.050402217892763376 0.01794584592996256 0.08479373536513181 0.09818197024711671
 0.0512307274302992 0.08004284676547253 0.05312919548495433 0.07638034925394294 0.09173437429364083 0.05951830824747641 0.0850520210408527 0.052494377228517075 0.09695181094016947 0.054754372538189176 10000.0 0.08388229474881516 0.10375048614578794 0.08720752811094744 0.09965276623313277 0.04397935953142116 0.04069785805787531 0.08929714662009879 0.032407285437595024 0.04880125909990808 0.0942762372142366 0.013351355387427884 0.09003208484622037 0.06477096208741671 0.06789035488086202 0.07844897340043876 0.09594009471652273 0.049357647610563535 0.05272606103079416 0.09957117346141278 0.0994815629092598 0.0656622374064197 0.057634589501580895 0.04952273098932627 0.05558868314717528 0.057590351600760405 0.09152118794503453 0.0774179986898098 0.04241274489031295 0.021840887219562326 0.08703423302359542 0.04395681157072235 0.08316308186110276 0.07778095156915535 0.04227736164414705 0.09556866203111225 0.10958881592553746 0.04771592964677084 0.02721893913811722 0.07983040107777313 0.05024105079503148 0.06726731396175188 0.05873488513013421 0.09825676944871595 0.027197285492585835 0.05337903962506522 0.06252494696172654 0.07004452258180763 0.0389903642389976 0.09159006683726194 0.08520596183727096 0.06618256981904329 0.09592615888580269 0.02785209808202351 0.07535489526063813 0.07001708363851368 0.07100738749667637 0.07598752671596473 0.06368259398477488 0.04589731906407292 0.02214072251871497 0.046677480330698774 0.09623417308612224 0.03622527461609795 0.09427612474199733 0.05871400145258372 0.0981101495086012 0.09198028245903257 0.08178049528568074 0.0741318178366288 0.04680443877224877 0.08146164496069465 0.06681090646517933 0.04289032747122482 0.07776797971415385 0.037459283925439624 0.10152086656221902 0.09265626548892056 0.0401969905721313 0.020303829676520092 0.09630149932662305 0.08328137944817093 0.09705337961414774 0.03746403178612726 0.08706132690537019 0.04168112440475663 0.06262607823328616 0.03651817255355023 0.040496337559910014 0.10060899671038334 0.08724858812666864 0.08216981809199427 0.0903717217799392 0.08616902480104882 0.10164942681940003 0.03085249568501281 0.04265015499260464 0.06644969052735634 0.023015351810367825 0.0889755325407875 0.06951676673493061 0.0379613185076744 0.08897687482344686
 0.04955469350583297 0.03294378325294657 0.05026652701821732 0.007852842534744362 0.018655495196409317 0.027219140503710257 0.00455135212567939 0.033068317887417625 0.023088517630212694 0.05374105771472495 0.08388229474881516 10000.0 0.0207205994603268 0.005967265135022953 0.019312661851018716 0.045730185028706204 0.05072061492587766 0.006391599089352788 0.0635407649091526 0.037204505439281124 0.025756112348514527 0.07607373740844853 0.07829965223965328 0.019324922924905667 0.029317728816169435 0.06720542419925471 0.012095376751382156 0.03455920183597663 0.0356805034113144 0.021245803747752905 0.03076370807937346 0.038719752725021546 0.0646079349140627 0.03498655561152095 0.07444178677494928 0.04206153110233962 0.05796553666549044 0.008177560274924526 0.055836383051128674 0.0626142700661142 0.04770867421511955 0.06299807467345431 0.03893555745649695 0.024191331722206177 0.07271406652153052 0.011884344054911821 0.0257297282575562 0.07757855839597312 0.07569263933561031 0.02863430924982572 0.0359804397758879 0.026197007429058613 0.06554511475715201 0.01856152074483956 0.0893329752954085 0.03165691407248743 0.06340588008028356 0.04071142773498597 0.048117336287075256 0.010908119626689047 0.018926721975713344 0.045966857961999556 0.012260444322734607 0.0694735257379806 0.054615137871111614 0.031182699380233884 0.020077251083939682 0.051325402988695715 0.06231857328605397 0.08350691385947849 0.08498505828459639 0.041301082654424566 0.03497608904808405 0.08676766405733184 0.014162701607385334 0.03073206485656406 0.014744460037619981 0.014753773715449977 0.011314410108463874 0.03235239824380953 0.054769283029441625 0.024945714741602808 0.042201022636213815 0.041624058603459094 0.030945829056112137 0.048389563198304425 0.02676623477469177 0.013643956315048767 0.08337554275824903 0.06722139105461014 0.013080002233376409 0.036405670822351396 0.03808621849282177 0.0682851864128952 0.042795987991672106 0.042634376159050955 0.021365336829874456 0.04815892713177783 0.07155855808887196 0.029434100763627388 0.024570534341406863 0.03264637095756788 0.05906320895842361 0.022080892807810643 0.021196430494322988 0.07119395191048095 0.08653724628953116 0.059584232966462425 0.09850466733692569 0.013338701946453887 0.041379025898246026 0.09357204271790052 0.06430352188114644
 0.06426102525288306 0.048229618720542045 0.07022112284961013 0.028569928732135798 0.02767780141887036 0.047916784161370955 0.018726900182733548 0.05172244331866527 0.028275117038084833 0.0670155325180902 0.10375048614578794 0.0207205994603268 10000.0 0.01655012910040809 0.007259503364900955 0.0664425185541741 0.06804438765010044 0.017486415707457154 0.0842559748100677 0.05789659746655536 0.03373396589407022 0.09511060111219644 0.09322765677904808 0.039864406191962874 0.04841987658419961 0.08356356403043187 0.00940058535781964 0.05446456212799107 0.05310149195104388 0.01041176106414222 0.03606561842093817 0.05747447923149003 0.07663707078478237 0.05430082611923653 0.08695877483884454 0.06189307462851831 0.07074127219826913 0.028621460368915965 0.07639126087386873 0.0821597717448702 0.061005788433753635 0.08335042574422057 0.053120122465739945 0.03303450475158423 0.08779022112249703 0.009053786102416401 0.009853464244166362 0.09768712547216796 0.09641292756233841 0.04419380830091957 0.05668810604853482 0.040374918552577875 0.07730188017476841 0.02016906843877647 0.11005236414438811 0.05059307852322605 0.07423505514417433 0.0584598605764792 0.06879610437682761 0.01909354440159387 0.02391212180055212 0.05646052324744613 0.011805284467669989 0.09019367370396972 0.07112363895390844 0.04244633389262964 0.039733963286761764 0.06764231239407584 0.08084937092798972 0.10377233973822603 0.10567727748666673 0.059164308384051414 0.043227247213595915 0.10739530204337666 0.019392446236897187 0.04738151065178007 0.012060537767509403 0.023079967711032903 0.022929397238175293 0.04954193650899348 0.06996510318274454 0.031224816957313613 0.052872773565213506 0.06098082934571397 0.03831406700414488 0.06724355769136489 0.02889740114849126 0.0123577263840797 0.10387230274006484 0.08772308933313212 0.013172216469098332 0.05051576851250708 0.04641146301191001 0.08434391662814007 0.055797083625222246 0.0630156465616495 0.041798966469848174 0.06858506939246652 0.0869705695713115 0.033455552854315916 0.03688940418529825 0.047173473549553084 0.07225381294424083 0.0255225557764527 0.006723541534442774 0.09189836274793303 0.10697547995314456 0.07771143013508791 0.11909119889113812 0.016643089537601668 0.05111409527715284 0.11421405902884145 0.07828666450323397
 0.049693433912962166 0.03875820643519752 0.05588268474976893 0.01294389088744621 0.022857667674811295 0.0322465377206269 0.002213809099107757 0.03535372511406849 0.026548858999405157 0.05327964385958851 0.08720752811094744 0.005967265135022953 0.01655012910040809 10000.0 0.01380357012640651 0.05059688728541726 0.052223817185634056 0.008823424637645304 0.06834711910389238 0.041756853978039576 0.030067520440153983 0.07872807780002139 0.08419040847561395 0.023586067769394526 0.03521343880523149 0.0731619872976836 0.009746259045325485 0.037915271182595064 0.03715103501816016 0.015422715935234173 0.03461274525989135 0.04463189479046506 0.06372793294663116 0.03779762540362011 0.07380940428644764 0.04774700050504485 0.06359916056053248 0.0138962152423646 0.061032287203704676 0.06565034635287716 0.053366093942253806 0.06837068088380761 0.044657656838617346 0.02133344145012891 0.07315797394643964 0.008912720429661333 0.023384796919363925 0.08307656334792644 0.08041397696757739 0.03445026459094089 0.04061435108212886 0.025720693593754895 0.0645672323715785 0.020544462704039868 0.09397585291348351 0.03415152644002091 0.06206819108684064 0.04667693540889332 0.052588599092838174 0.013756149982970822 0.014419864831721863 0.04432212645668146 0.011590185277243991 0.07415355425479699 0.06056986892237498 0.029534160126249424 0.025922944350287958 0.05726994429232992 0.0682209799189112 0.08890945991374176 0.08945795818632804 0.04308594529134993 0.03961137970208599 0.09180960373760222 0.016627547264626032 0.03168639321433021 0.014330604071641698 0.018375929258440605 0.008429067466584925 0.038309054305328896 0.055178221334418256 0.021268057775999157 0.04056342761512 0.04448226381626027 0.027878923851636827 0.05087135717252891 0.029624663245794693 0.007707175607673391 0.08859357072337082 0.07128258355057708 0.013144796397336239 0.042101730514585246 0.04279464624983869 0.0691823555627154 0.04838541625544085 0.04654139586236372 0.025420918264945736 0.05212278974854608 0.07215445573509324 0.03291537714195238 0.02980814429713519 0.03836815552817772 0.06475206363926582 0.017434880996929223 0.01577124211586317 0.07605366663007666 0.09180773102358253 0.06552244461584161 0.10269701178028262 0.007680856915105743 0.03938452812072105 0.0985811242942212 0.07009346841554662
 0.05815200854431756 0.05025086932003847 0.069571008142408 0.026736417375153806 0.0310409253490835 0.046039736321615884 0.015956359114323117 0.04722625201075505 0.03273633883762837 0.060560965734550276 0.09965276623313277 0.019312661851018716 0.007259503364900955 0.01380357012640651 10000.0 0.06433307227320575 0.06271209092503878 0.018387508970271766 0.08204235460128297 0.055383326636230565 0.03773682321591736 0.0904230424736978 0.0957249392943265 0.037194592853119705 0.04848141395413876 0.08536948212616839 0.011501132734301806 0.05076210695807556 0.0480131262639994 0.0034788093049054553 0.04085884004646816 0.05781467099919565 0.06989944334717635 0.05014904223728762 0.08025196327663603 0.06137419035424382 0.07396127407042392 0.027482976759160383 0.0748338393458742 0.07789204349452257 0.06395324798404212 0.08216518312119046 0.055645475766145945 0.026434634573441845 0.08160410761918221 0.010384729216886077 0.017110757828068073 0.09683682347968484 0.09405858044989959 0.04603564657923219 0.0542806548223568 0.03458724462630983 0.07051975052069145 0.02485494495688613 0.10756615351371314 0.04627496083428675 0.06734100088042053 0.05942025840882895 0.06614045479471532 0.02159616413262688 0.017222367238580463 0.049641177369440036 0.014890104608149931 0.08778265082211105 0.07280236977553257 0.035962509200639974 0.03934081571120372 0.06939457672789297 0.08140424563612651 0.10270011168898409 0.1029449688674152 0.054162798435563216 0.04746363227213426 0.10557840524971447 0.022907041646366724 0.04212673377908488 0.016335296012725577 0.026209895191142887 0.017906875372321305 0.05072557834820341 0.06392801973342621 0.02432571504597241 0.046116374179439944 0.05676251828420969 0.031359465538930265 0.06263945806589669 0.03414443775408254 0.007004193836771994 0.10239490865482202 0.08449511179365331 0.016745899526607936 0.053032776611500944 0.05069878449521777 0.07844885441692288 0.05879180018312775 0.05974375016786803 0.038915725694742304 0.06533469024556486 0.08087630715868813 0.03846313366939863 0.03971909804388685 0.04947833282662569 0.07533498578210085 0.018515670497641946 0.002023446274404489 0.08976548718488558 0.10561127647079578 0.07852349941466144 0.11595464828234284 0.010855663367477404 0.0442502295212682 0.11233855889569327 0.08110542106527363
 0.04387157172082989 0.03611379986742431 0.014561884708028465 0.03790001212416698 0.04905246403977087 0.018538183815544947 0.04840632509948993 0.026433399677403338 0.053971204725347305 0.05032747328672391 0.04397935953142116 0.045730185028706204 0.0664425185541741 0.05059688728541726 0.06433307227320575 10000.0 0.03424267913292144 0.049791217068921895 0.017815522379301507 0.00946147214676155 0.05074124918979446 0.04173637256062646 0.0577702107831998 0.027231840796918032 0.024025181480795958 0.04440918251494191 0.05747603717463204 0.01901050639571903 0.03118673196355055 0.06540579203033342 0.055745027060242695 0.022270732952381453 0.060348330938381115 0.02252738213557887 0.06574446286378602 0.01463628721304346 0.051143527848788756 0.03792132876613717 0.011633619948789886 0.02813172064440204 0.044703484872640475 0.019871823121294954 0.03965217724010695 0.050816939864915964 0.05619804296591719 0.05749415220163447 0.07012421807974704 0.034894722932283385 0.030007265372233635 0.0358741662923213 0.010255098431921801 0.04140655550677003 0.06173565348001796 0.056521403537261726 0.043701992687342844 0.025599425949765345 0.06286072596576578 0.027118485807276275 0.005685531596372779 0.050838402121928736 0.05460827521961035 0.053991484825972075 0.05651270760374416 0.02385866729691964 0.036412357115580045 0.047683084821439146 0.028644134551454096 0.035755404401176256 0.03116722538033425 0.039748383533455806 0.039675192034336816 0.02937922879291974 0.0522553503453917 0.041283146123702506 0.05302840281627399 0.0344075599626694 0.05820730878865054 0.05015954804104821 0.0482091165504653 0.030183173024734968 0.044579305920654955 0.05440632232682893 0.05201039520020508 0.021115781287017858 0.05446500123576458 0.025386889714154887 0.058421102558455125 0.05764191566660681 0.03849418597517788 0.024184885361684973 0.05638182017985434 0.03952405550733592 0.05310739162997581 0.04943305973134092 0.04388149018383164 0.011640301977356967 0.025754260762598326 0.011303985239253566 0.05416011548387488 0.057062241402308866 0.04358388897534263 0.03822088357969138 0.05050157067786457 0.0568352360036014 0.06633011700818685 0.025471314657185364 0.041880206476532664 0.031569602478004805 0.053843665321179034 0.05505414319726689 0.05374271917121961 0.04801464049887914 0.05111989448123723
 0.011814319726153417 0.061798525402156135 0.04878967547758984 0.044720234373798656 0.06433379613558943 0.03588769679379794 0.05033373600715025 0.01824695810274476 0.06981616327982705 0.017466123501626338 0.04069785805787531 0.05072061492587766 0.06804438765010044 0.052223817185634056 0.06271209092503878 0.03424267913292144 10000.0 0.05697972033251593 0.041546353151366885 0.029724589992943813 0.06929022925574227 0.029026590949922326 0.09192727919682014 0.034933861902138014 0.04859903091749418 0.07853333242229281 0.06184452801151451 0.021205593760006965 0.015092091901324906 0.0619180277419305 0.07504377746945039 0.05240548677010976 0.026266240711459537 0.018220851683093245 0.03171288162404026 0.04683923502730642 0.08268699714629509 0.04675445390529615 0.04335670582952273 0.02039752324180189 0.0744813040827796 0.05079595166789534 0.06726239515410468 0.038272864690774754 0.024151807558676935 0.06112210974812927 0.07560495568469026 0.06379370355313453 0.048832212366824924 0.0594736490358293 0.030666659614271466 0.028342622962436514 0.027659576831598323 0.06826161196519906 0.058867564397531616 0.019976288718264575 0.029313512597731246 0.05755210513503165 0.02972447721692381 0.06065815500000912 0.04660966675948572 0.026209614865471714 0.06285125378089634 0.04366827861446145 0.06955640017316629 0.029734719583106622 0.04615067898963857 0.06823953162399886 0.0653703960959456 0.06639736199815024 0.053015338441689916 0.009573725209987151 0.07486978260171256 0.06250856807477709 0.06382600899533386 0.020663154568486105 0.0654320483077404 0.06274488427362698 0.04512480474899661 0.05642150961870395 0.010486770117931513 0.04176251406644058 0.0263129693473459 0.01425606046853663 0.037352376782195836 0.00898721255868165 0.07434164343101722 0.055975652314077785 0.06273954024971619 0.03417873336394149 0.06379835538091681 0.06610339154525725 0.0768753616932847 0.018349664870996613 0.0720796921021456 0.02286059400091603 0.03283991865008044 0.023778172922708347 0.02246620112535857 0.07511373117284045 0.06361855476124648 0.06338076233889843 0.08245533162802596 0.04698753188378331 0.06459482423077965 0.047516902610574493 0.06627068194073825 0.06578101116710118 0.06170239851929688 0.05186973061582782 0.028964182246456437 0.06772771893345668 0.0841479351967925
