NAME :TPP_input_28_4_4
NUM_VERTICES
109
NUM_CLUSTERS
28
Full Matrix
 10000.0 0.030267027301633914 0.07422057651947121 0.07680803043144366 0.09669860774877427 0.03089562419680022 0.04706934901425303 0.07097020442098367 0.034710739749992926 0.044702062261514366 0.06414649081256006 0.08564678725594169 0.08240002704666513 0.04109538689804877 0.06283480380948726 0.09770941224850331 0.01707238348508157 0.016019172627413255 0.08006769943269659 0.11074600670005189 0.062037034668811844 0.09049892972132838 0.04877998389716277 0.08662310569386208 0.05092376552832961 0.07900804121478007 0.07480539884857344 0.052638750963513024 0.036016916479165766 0.023251942310903138 0.05056096587503554 0.07736761057046053 0.015677613125559202 0.018798752546999267 0.054389226621178496 0.08391780220702824 0.09018263315535831 0.052751471668294435 0.08501202126426 0.03401898796937266 0.07314434681339618 0.07304661611561612 0.02575025094333731 0.08434160078566458 0.05775969770579891 0.03278371704613853 0.09565166004054454 0.05544248823864865 0.08573102814863232 0.018827669776690974 0.0804478256163718 0.10648780748348977 0.09104888915482388 0.07875134602093681 0.07696321434928272 0.032669530582422106 0.10040084803454986 0.10014614149856481 0.06441020920993422 0.08859211127827314 0.03273620488528766 0.07491666472764089 0.07040907131092748 0.08795977049908278 0.08907990003849764 0.06352929982332875 0.046221592933955946 0.05271381448305305 0.018184395463803397 0.06872496403551459 0.08278777504919498 0.08343662250391581 0.1094971757690564 0.05216120941166672 0.04748800409429699 0.06980751844602258 0.08444255750910969 0.03988304009549878 0.04467413138405128 0.07475472412811086 0.09265978773512003 0.05535129122378851 0.0633959313502033 0.020761889994679258 0.06220251924378685 0.06135995606870344 0.047431222335190294 0.06217513981497555 0.09611301690733595 0.08978337828225393 0.088594246036339 0.07924096605483237 0.026342648222960282 0.07751783571965548 0.047867662376195934 0.0905431898134213 0.025471122232288094 0.05411944572229012 0.07098706580682297 0.0979370695400901 0.06155833036758643 0.07141071108818424 0.056370531573131315 0.02516033783592833 0.09010333565829966 0.06029837670834228 0.03274987121136822 0.05997655106850079 0.050410008649934356
 0.030267027301633914 10000.0 0.05101801236853513 0.0505884710729937 0.06760292229762051 0.007377816045065349 0.039328933043255423 0.040711317743636836 0.03601635770158328 0.016259264735312508 0.05101883748619763 0.06499457075482334 0.05259685076580235 0.014903673249714392 0.04472258990782327 0.07035803193247075 0.013341364430866613 0.028423354363098192 0.07187352980372451 0.08091755976531868 0.05156798303318328 0.0618671913678909 0.03993222333886202 0.05665839611220281 0.04863511221528114 0.062034482662371764 0.05069220611426385 0.030959393411156555 0.020045737346336176 0.008320817585569422 0.04935874416039271 0.051997412004196816 0.029396096609232297 0.046536759249133405 0.029598325160183465 0.07399074582861305 0.07768329772841738 0.04022636346911826 0.06908936818137573 0.016865392621096237 0.05238276551762727 0.06067134263319775 0.021133790902097438 0.06204408617642861 0.054293188071136186 0.010118948136246383 0.06551897844953701 0.04630920789956481 0.06052735377493107 0.029533003973266348 0.05539171257469861 0.0762432718172987 0.06449803075689838 0.05452227383432285 0.056532122632434796 0.0033699191722848035 0.07221045607025431 0.07144036491654013 0.034610668293100125 0.07125689361651386 0.042049879644356414 0.047499972974003074 0.044793328763080786 0.05769609796882391 0.05888665937695264 0.04746435542033417 0.03280340997768293 0.04233528212378008 0.013903753656345538 0.04342470723199057 0.05572639966025008 0.07396004753831566 0.07987728691558325 0.02206168685477129 0.03439593418757014 0.04406719212687281 0.07005683524359406 0.010070163738475548 0.04086336590663593 0.04802487984248755 0.06277235301123427 0.0283265005057439 0.04973757994799018 0.03740405659417295 0.0380027963913166 0.05675781302803026 0.017164495328973666 0.04495589464058481 0.06716865698404957 0.07887576853368618 0.06855608061669653 0.05077257334205886 0.04288776424226193 0.05980676450922647 0.044517179433023274 0.06478750037479296 0.02891613032751315 0.05208717654419273 0.061729454972457506 0.06924038395718515 0.03891093575207 0.04322038741737144 0.04083707005493236 0.006941555812043815 0.060714043264457056 0.030444009996495137 0.027820959491673108 0.029915717945537944 0.028514176618091244
 0.07422057651947121 0.05101801236853513 10000.0 0.07029559417533758 0.03521812038736246 0.05700871771013581 0.036956151005357894 0.038572696221956214 0.050033415341357926 0.035680294517690274 0.02553923448714954 0.015302065410352018 0.03315947483176374 0.03613436368187341 0.08190612686813288 0.028168638576236096 0.061384130725964436 0.06201665734062873 0.04264700332874143 0.051808317694675435 0.030929840031960542 0.028254420282462278 0.03504778005407506 0.05399674980148672 0.045005862468317975 0.019896578960674847 0.07584966223483701 0.021592273238384137 0.06775847356490566 0.058821533801786445 0.04680807816946082 0.007804972310368518 0.06302168462667895 0.08262853607392105 0.021422259689528354 0.04071180912837719 0.03855311272105416 0.02878293644620312 0.026315132363198265 0.06518559555790195 0.00725630059843783 0.02904896523212115 0.04928086475083426 0.011113707856512589 0.04406570510470348 0.04310227148567964 0.05654717888060732 0.03345563118568326 0.01290564586117829 0.08005444382442009 0.008433698583450095 0.05601611756616352 0.020361971469572256 0.005341255347046701 0.009418585166171016 0.05151474205005232 0.033375162093732716 0.03554048129513724 0.030773457199191598 0.025411724710672372 0.059862237779646096 0.015759202905962052 0.06862624843430924 0.04713943336655585 0.04265168259472992 0.019567022457797244 0.07794410304575092 0.0318789623990924 0.06366685172856382 0.06866338638841052 0.016438993997545642 0.04152470432850961 0.048848606186087086 0.03715386620839137 0.07932931480986852 0.06789475633929255 0.029848108427332966 0.04259341487459863 0.04262406850647799 0.0127263474688504 0.058585239273605934 0.05757504549132735 0.024450073286312726 0.06655267809053826 0.06816904562154726 0.04272933847612454 0.041942471585724936 0.017826512378389683 0.03385722391683856 0.0422178000147746 0.019193808045880174 0.021923125217598906 0.06816686346848767 0.01717820381454295 0.043111015271706125 0.018112853152292798 0.05371865063382065 0.04596999291172093 0.03568919675399288 0.03379951337262565 0.07155797653959538 0.019644556055179865 0.023067935525256725 0.05174394561245955 0.033045988875170414 0.03214367300904102 0.07789288749968079 0.0440780001267698 0.023885602498015853
 0.07680803043144366 0.0505884710729937 0.07029559417533758 10000.0 0.058237385630775074 0.04667938295617755 0.08277321611043377 0.03216352777564711 0.08464464072145658 0.04796631097768573 0.0864213807227658 0.08493453705523303 0.04385896268607312 0.0527507575835807 0.025254944284875916 0.06948139979588422 0.06089016561950307 0.07890585254381392 0.10826055444419742 0.06121240523012789 0.08962512853923771 0.05764930773885325 0.08241579441596474 0.026277484773825226 0.09358708723501659 0.08931730263073535 0.007853923526903242 0.06334591627556364 0.04182529603432591 0.054545185857936954 0.09481439461622193 0.06521274922496685 0.07983622537284815 0.09513678957316228 0.0572864702779792 0.1081544476299042 0.10806503099028773 0.07951389963753633 0.09628156263200265 0.043117872844342535 0.07620422918446507 0.09453531933660622 0.07088978767972241 0.07934593399032659 0.09756030916780588 0.056657128713517003 0.03431907003967079 0.08688540792203574 0.07075740019520178 0.06509960342066791 0.06806173156989173 0.04986675342291812 0.06878307624232119 0.06982780234664716 0.07952097550140166 0.047263552964483174 0.06677992046238766 0.0633487700431891 0.03968885571156214 0.09570535677566325 0.09204561062282231 0.056036786053090565 0.0065621405513710575 0.03467235296797736 0.04049970298349844 0.08038911975172178 0.03770651874514199 0.08291304686643561 0.058794401059226564 0.008404295170993814 0.06155089039823759 0.10863791776373358 0.06259801498660643 0.039014890143976265 0.03762357437990794 0.007057997388168399 0.09929173419836523 0.0459809333115875 0.08638915064843476 0.058828837986154826 0.028656177959974747 0.022266211816041038 0.0848973941057729 0.08794064567464707 0.01528370867894283 0.0988010074662304 0.038560949477180854 0.07722666112314647 0.05899079289880649 0.11109756657582755 0.0887533846355288 0.05271782953879433 0.09347604856067386 0.08653102198071622 0.08958232098885285 0.07175626365099143 0.07901274517174672 0.09663562115027385 0.09878759578454242 0.06191679293650637 0.01761334760362776 0.0510662496397054 0.07675770102268255 0.05752993650323733 0.05181475040473414 0.03935602034927626 0.050499149604901025 0.0280356375787155 0.06207566724097502
 0.09669860774877427 0.06760292229762051 0.03521812038736246 0.058237385630775074 10000.0 0.07061402422364933 0.06998761924200694 0.03125195444381222 0.08107768401528799 0.052029928438118926 0.06073941106054172 0.042012379830648885 0.016507729077525145 0.05572853093382717 0.07895002676031063 0.013497091093378946 0.08066516223252149 0.08838892587333726 0.07650876223119112 0.016665670240747558 0.06608770641120915 0.007178565597027341 0.06831854314517236 0.03311052399099997 0.07926698674787284 0.05257426978380969 0.06577951002617788 0.04928071580039403 0.07685953033077692 0.07583643060370845 0.08104686096226187 0.02753079219024248 0.08948943898722952 0.10943013878421362 0.0445761239633307 0.0735785190578905 0.06903867151654429 0.0623208494304802 0.05693721920905115 0.07546846948176214 0.042161212553535624 0.06363136659054489 0.07553333935230197 0.03623438625225332 0.07903540367570748 0.06407443396759807 0.029721488879770188 0.06801807813141046 0.02506922409689925 0.09618375096560917 0.02718971275831752 0.022457605685970543 0.01795129367534668 0.03056041493996592 0.0425632958367537 0.06630008713846933 0.00879914463636339 0.005121651170661645 0.03330736945771088 0.053602012259494396 0.0910611324239187 0.02370298833394719 0.06001496594891131 0.02410439060997055 0.01795204836511872 0.05459895245925759 0.08244704391802744 0.06581154741154405 0.08148998983603362 0.06100848142795914 0.018843612098903156 0.07458671029396344 0.014020451014710831 0.046028793698635904 0.0833687911170029 0.05955383072658134 0.0612960478224989 0.05753363431644201 0.07562463093369133 0.025395951298242212 0.03435285614726556 0.05758981407188114 0.059607257465255865 0.09497449786377829 0.06409579096320002 0.07789048323867677 0.05164964917981163 0.05246414882342078 0.001508212762727647 0.0734886292193683 0.04460415973811682 0.017844709222470185 0.09796813583137051 0.050329325176100496 0.07682101565469301 0.021945114556333883 0.08206694765443344 0.08062647756908042 0.07060228798014163 0.0039000015146530855 0.06805243123454272 0.025676325615976624 0.05675879068790787 0.07160262436679776 0.007353192959103476 0.03744561147822805 0.08830757797681593 0.04378649801026889 0.05050802418286372
 0.03089562419680022 0.007377816045065349 0.05700871771013581 0.04667938295617755 0.07061402422364933 10000.0 0.04664603288578659 0.04185352150574059 0.04258741093061797 0.021432104739116616 0.058315985658084685 0.07136722244502267 0.05492850641785998 0.021341258968722365 0.03812946702735584 0.07455720610906358 0.014268474219913953 0.03268613529995793 0.0792460267573478 0.0829497529080848 0.05893712627168842 0.06533802388060625 0.04728477374217316 0.05611142819767264 0.05577734152050077 0.0689677576611956 0.045823541635744 0.03770513555730121 0.012669970187382485 0.0078840025568233 0.05643867034248955 0.057310800881704586 0.03353635245607304 0.04865320699857696 0.035665834995247385 0.08132787932369094 0.08490104259464436 0.04759043352186419 0.0760831089513531 0.00948785947607605 0.0588788529664048 0.06795789568261147 0.027493123342021555 0.06810636223522425 0.06154518546769192 0.01749002194962974 0.065358232263874 0.0536839504527959 0.06577493701512582 0.02557337385096705 0.060762632625622905 0.07719396225640902 0.06915589464882706 0.06017322105567189 0.06303486722012691 0.00555253614199719 0.07589039464170885 0.07475242423213828 0.03730667095142312 0.07808206032206987 0.04783635028409055 0.051985357872762226 0.040522553857777 0.05829321330351117 0.060229388602389446 0.05460908874379395 0.0254815291485772 0.04971287990370797 0.01277388882678632 0.038985628055642284 0.060257307051531955 0.08130880791112668 0.0822146944810809 0.02459972906132529 0.02707561487081821 0.03985129239333371 0.07717911188905394 0.014539877546864387 0.048002889576700056 0.052849169681174146 0.0620473290661282 0.024689148315122835 0.057017512786576616 0.04174870488489799 0.03299681793958028 0.06406761111476623 0.018973441940167167 0.05202599543016264 0.07032214240616456 0.08616859102963699 0.07500654733482215 0.05452679840528212 0.04754178454237267 0.0666736585191369 0.05167719315630215 0.06977667274147567 0.03481308842869949 0.059247798621362445 0.06909969968038357 0.07258047575579595 0.033342872260512475 0.047322188685973446 0.048081543106411634 0.012755865967330362 0.06349606723838913 0.03317697012659188 0.02100889673069233 0.029870442795318725 0.03529328071130862
 0.04706934901425303 0.039328933043255423 0.036956151005357894 0.08277321611043377 0.06998761924200694 0.04664603288578659 10000.0 0.05864452979655777 0.014480805428318012 0.034839450648575375 0.01771323053686424 0.04298316346062405 0.061928703951357834 0.03032496500277037 0.08319105583297651 0.0649975039148305 0.04162010419177149 0.031550315512690184 0.033915194270969264 0.08652635773600191 0.014970457709056001 0.06281360994896756 0.00206271242425364 0.07736402812710554 0.010946327485626095 0.033661643658261686 0.08532707487511218 0.022341507499544253 0.059277279239134575 0.043147644750302104 0.012397406688579794 0.043438394118132745 0.03223644860974838 0.04937395280497672 0.02867315602395538 0.03718114838426232 0.04311445854242525 0.008239742920697795 0.03874537355747274 0.05606783549883853 0.03242555049583069 0.026039259281714397 0.022688654296332746 0.04387209270611466 0.01519559337150278 0.029469944903975104 0.08339192975880615 0.008382228021686568 0.04985031258966839 0.06004521507309589 0.04522179467529557 0.08780943278325319 0.057231102562215565 0.04229640823300664 0.03514087225251525 0.04205869443045422 0.06981803746893751 0.07139539831387817 0.04872020242784832 0.04291734118776008 0.02349475866340799 0.046548706260458775 0.07838318122522006 0.0736883830020957 0.07140360947381881 0.019404216122230058 0.07212355113212206 0.006148737249663153 0.04525038424902413 0.07752643085965132 0.05163761229930712 0.03683043465876877 0.08400402824189172 0.043964656327388565 0.07371709098530929 0.07758680409364388 0.0376425471303076 0.03817427224647421 0.0056911997844215165 0.044598483339328275 0.08325916099916666 0.062488833559618075 0.01733009607454386 0.032689802852713036 0.07374881514507271 0.017430207636604536 0.04440384463592172 0.019678732244670073 0.06883039879426762 0.04288055672611965 0.04502613843245563 0.05311344183957636 0.03268656832283039 0.032855222792007796 0.007304252848759296 0.05504887139164642 0.021860635415383134 0.013862762455536417 0.024231612604218668 0.06942850647492116 0.07569934754645258 0.04640016711722005 0.013906420020036569 0.03487241425394132 0.06577173394445053 0.04652920243321757 0.06528626036994638 0.05539537026950317 0.022382498104657277
 0.07097020442098367 0.040711317743636836 0.038572696221956214 0.03216352777564711 0.03125195444381222 0.04185352150574059 0.05864452979655777 10000.0 0.06504429516383413 0.028279195210430392 0.057745687717620994 0.05287910015207367 0.014755824144963896 0.03331400548440267 0.04871474019149282 0.03963353703040965 0.05402006935001287 0.06634064851250722 0.07875467356367488 0.04135788050771356 0.06181614276631136 0.028126533210614448 0.05769713478470748 0.018751644210720748 0.06949953564180747 0.0581081694960559 0.038497128166670225 0.03664884974114713 0.04622824680222216 0.048313888506126564 0.07102968973765142 0.03308769616170222 0.06743431844225403 0.08638477764535972 0.030162574675666475 0.0779337292454381 0.07691138016053134 0.05330815596788632 0.06483317693657113 0.045188497820034854 0.04492987064201459 0.06478510246302487 0.0547775615875929 0.047217335706329355 0.07197892491006835 0.04073094707039797 0.025905041393951535 0.06056986156771178 0.03870263563288034 0.06709144275510617 0.0358988774946617 0.03554170501168643 0.03748757796123313 0.037728340950486404 0.04794207975207282 0.03855989819750073 0.03852605844964751 0.036110218499177615 0.009960979500308291 0.06388061014011016 0.0742466902396918 0.02388216453467592 0.03165210764832074 0.01715002220177452 0.018375877198814176 0.051301155339299416 0.051196364465970264 0.057004926983329124 0.05395219433454341 0.03215430405114493 0.02965683052359843 0.0785552483963061 0.040990106465657 0.019060599311272262 0.05211867355427519 0.03101878166680447 0.06813738808998536 0.03130009930000711 0.06341674951732842 0.02671245991441764 0.024776197429043786 0.02636171989439753 0.05625080035717366 0.07441651868911155 0.03383174512158452 0.07238087784075158 0.02355482070886446 0.04821422806355545 0.03143646318767678 0.08027559952296114 0.05666798370575373 0.02090994828187791 0.07876146184197749 0.05532257593173362 0.06592824972011352 0.04010079465998886 0.06261888266686948 0.0720091383747986 0.06995983194893259 0.03417956711991107 0.03772579617044554 0.019034957985992636 0.04927284907496965 0.046263099278659944 0.023918291547842987 0.012496660100793193 0.05767321287987276 0.012778592447374325 0.03627709965862042
 0.034710739749992926 0.03601635770158328 0.050033415341357926 0.08464464072145658 0.08107768401528799 0.04258741093061797 0.014480805428318012 0.06504429516383413 10000.0 0.03786701171477269 0.032108086794317564 0.057313054271043704 0.07100125107871438 0.03268603712991432 0.08065859570143522 0.07754162779686846 0.03358513137541459 0.018695936000259157 0.04546458272581066 0.09727375296798411 0.02874239964612273 0.07399647000746377 0.016525025521919475 0.08364632409474268 0.01624099246304671 0.048133522323540186 0.08590007299123555 0.03182028171018836 0.05447595672478387 0.03703049694998345 0.016031940442162593 0.05579321667387613 0.01913300150944855 0.0349467573693018 0.03714606172176303 0.04955077045282736 0.056397248082463255 0.02228184120943317 0.05304252993843533 0.05132197822620039 0.046267880575417274 0.039865219251122935 0.01512498114901019 0.05784726772574664 0.023067226055168272 0.028054364391373134 0.09074394936569259 0.02217071937872993 0.06289204690831242 0.05006768587708415 0.05798647936969638 0.0970878434152258 0.06990759867013384 0.05530873595471483 0.049263469472996556 0.039270732508694554 0.08191576661311072 0.08305372940876786 0.055568658930882295 0.05733396812201625 0.009999178902784593 0.057374766177961306 0.07946249380081637 0.08133723018075993 0.07998008286199 0.033723617312390625 0.06739493048346011 0.02062774598067722 0.03739964135345514 0.07831393625943948 0.06346913510185916 0.04898781698110258 0.09504148420000892 0.047769788725816276 0.06896798593416543 0.07869125068412909 0.051650031410109404 0.03866589008613235 0.010384405798969472 0.055885781130867965 0.08977075479477895 0.06294235422859706 0.03179539702843748 0.018287265699174052 0.07351130278325878 0.026649258310105242 0.046427911298325325 0.033624136417134375 0.08004850732638781 0.05554013157834796 0.059461048053333944 0.06353661557716296 0.018358025940595855 0.047328638127318905 0.013229187067128511 0.06809572130564176 0.009614313591798615 0.019529586228080955 0.036759287062535076 0.0809850784587994 0.07475870361178544 0.05616372125753303 0.027569366664017245 0.02983740906713691 0.07609732502756991 0.05254830813239399 0.05817461806573405 0.05907771750942061 0.0308258686864616
 0.044702062261514366 0.016259264735312508 0.035680294517690274 0.04796631097768573 0.052029928438118926 0.021432104739116616 0.034839450648575375 0.028279195210430392 0.03786701171477269 10000.0 0.04117763773945068 0.050328438157983074 0.037898139838569773 0.0052055396114438985 0.050516388608642625 0.054140515618172534 0.028764590731198317 0.03819267498585712 0.06313976980221928 0.06617133754090221 0.043268906863950726 0.04599482117573057 0.034584107960590124 0.046321339856400294 0.04562181940486722 0.04920498684700116 0.05057821745170249 0.018189049165836284 0.03221924350308418 0.024551955375591804 0.046852384333988105 0.03593775284910747 0.0392946499622091 0.058636669196381434 0.01460637541374586 0.06421601881443577 0.06641527537883596 0.03236645975601451 0.05647003238292273 0.029546317137867973 0.03810513988539824 0.05040170864770336 0.026517365367298328 0.046793383290824525 0.04977990146634397 0.012622270167335265 0.05415750678993711 0.03956159258405389 0.04443704729585055 0.045779119329492385 0.039372924912191465 0.06290151738967183 0.048240844195252534 0.03874142371873964 0.04223625966226225 0.016052625090749596 0.05617826028876943 0.05562406319471733 0.020117822003793393 0.05787887440121835 0.04651569229350946 0.03125389854442877 0.04356771696301308 0.045317805626959286 0.04533555020302253 0.03621422519067177 0.0432201557809364 0.03548982373246253 0.03001184064220936 0.042763106067014445 0.03947000598054826 0.06442431136507196 0.06482324418435638 0.009918265311978428 0.04470379936232438 0.04277013063773855 0.05816565893147414 0.0069204098734083645 0.03846534255973779 0.03177675719481422 0.0525150633376708 0.028001230220864304 0.039715476762206915 0.046142017740978515 0.03942236578605199 0.05129518318240851 0.009639006350847674 0.033261288563191195 0.05148729508849361 0.06836174083948471 0.05405607536493212 0.03479328690191877 0.05051964679528608 0.04671018830112052 0.041618401472258086 0.04859022702164417 0.034451564682125055 0.04869401660947324 0.05312628079454818 0.053415647729850656 0.041793169501715535 0.027106247731537154 0.030817282506188266 0.019573409787261836 0.045403141799512665 0.016233673769180893 0.04221764263918134 0.021243294287176855 0.016115415890564023
 0.06414649081256006 0.05101883748619763 0.02553923448714954 0.0864213807227658 0.06073941106054172 0.058315985658084685 0.01771323053686424 0.057745687717620994 0.032108086794317564 0.04117763773945068 10000.0 0.026701899197936946 0.05666031611552735 0.03826184065362749 0.09168988714491076 0.05303095601340185 0.05648120991730016 0.04900933891786255 0.02205222139997901 0.07734629030757366 0.00548636403901396 0.05372042115544898 0.015747781816948483 0.07552060657066907 0.021391616280071017 0.01615272122442976 0.09039663549914821 0.023403627810108688 0.07083923340738736 0.05663958754522386 0.023124739560121996 0.0332215475833855 0.049755263982476844 0.06705097553243743 0.02915212797907392 0.023161579557953435 0.026930489559642307 0.011567216733558821 0.021058042566431432 0.0677384077085356 0.01896611344214501 0.009663801456545619 0.0388020229158223 0.028991614910516435 0.018890866311842707 0.040965571223482024 0.07975101709834372 0.010328616743731681 0.03740801180974089 0.07554788907885468 0.03381559808305046 0.08104981211968235 0.04528831113531148 0.030487202691068572 0.02019054793092198 0.053051297814618995 0.05861835734609897 0.06101215249733632 0.048092472764000145 0.025225894449663278 0.040473092502844824 0.039371387687698337 0.08313672748988334 0.07001778410968018 0.06640609300099154 0.006573011739067473 0.0831126156648521 0.011629872206024775 0.059812616110248115 0.08265048095638536 0.0419132785997849 0.02328831060488144 0.07438031766612091 0.048006714402115 0.084672233782251 0.08234485418530553 0.020323430662148475 0.04663292783491961 0.02216910325431562 0.036682686825395765 0.08084292734954406 0.06874907299680276 0.0015241176623009987 0.05037551538220859 0.08017892733614666 0.01721425493317236 0.05046751465812989 0.009545896809842374 0.0593897272472812 0.02785695205479569 0.028127085983628154 0.046104682644421684 0.05002569729968235 0.01578602353128061 0.020956892913556107 0.04232426417473182 0.039376022769411365 0.02142190168210361 0.01237134162339862 0.05931585269537965 0.0828049427478835 0.04126975475502022 0.01041952690558367 0.04828217943468368 0.058115586433104986 0.04734980499202005 0.07854408142277258 0.05840245732206297 0.025153774307640365
 0.08564678725594169 0.06499457075482334 0.015302065410352018 0.08493453705523303 0.042012379830648885 0.07136722244502267 0.04298316346062405 0.05287910015207367 0.057313054271043704 0.050328438157983074 0.026701899197936946 10000.0 0.04506216804713169 0.05013123483621073 0.09720276590697069 0.0307613226586655 0.07432060936595086 0.07203425817097618 0.03556057920914979 0.05734798545040736 0.03185026817954122 0.03621081202625035 0.040921065097471544 0.06673413764769272 0.04809203519550822 0.012241988122389011 0.09075626383621463 0.03429083135773989 0.08254172396522226 0.07244219657872877 0.04981764634475028 0.0198463746621477 0.07294386788793208 0.09169945970361472 0.03576450362486206 0.031957331553751626 0.02704606890311358 0.03504070100030078 0.014974897819746516 0.07986447365663919 0.012730555716891585 0.024676109570599555 0.060003331487257706 0.0060655447529213745 0.04497845601495818 0.056322729555721415 0.06782325388554783 0.036840688085647916 0.017188789382446504 0.09336601478050513 0.017477777898458977 0.06433657847671549 0.024147203946245737 0.015172239901009688 0.008710677872289442 0.06582384586212647 0.03701155783881009 0.04045387066112253 0.04576298248021103 0.011813314384022503 0.06644262476468052 0.02909721245949308 0.0835858330237036 0.05902627487419002 0.053777348104436455 0.023595257109623055 0.09304280224367344 0.036971367190282475 0.07693869382258223 0.08369804956681698 0.025905346467087507 0.03305110487587129 0.05392793715497763 0.05242132691080532 0.094449698144411 0.0828685700502234 0.01941571096391038 0.057176206317270606 0.04816711619103013 0.0261816560251289 0.07067619852228599 0.07286864877352447 0.026404809097335395 0.07511771882466223 0.0834001474389281 0.042486517535782135 0.05710040301035644 0.023960590802257323 0.040508920917327336 0.03147812199136795 0.0038977047448048286 0.03390285142721252 0.07563795523988429 0.011221496883341484 0.0474710013062918 0.02024701185628826 0.0629353297758674 0.047932073940780244 0.0320061664110326 0.039359130866926495 0.08682235726692554 0.03387393665383642 0.030067154515538083 0.06487314016017401 0.042338426873321136 0.047368507732204794 0.09236001607554364 0.05925740535594483 0.03674379778107051
 0.08240002704666513 0.05259685076580235 0.03315947483176374 0.04385896268607312 0.016507729077525145 0.05492850641785998 0.061928703951357834 0.014755824144963896 0.07100125107871438 0.037898139838569773 0.05666031611552735 0.04506216804713169 10000.0 0.04223580125799495 0.0629680493160417 0.025733136154175964 0.06587539919492932 0.0756459434819532 0.07569686746419828 0.02835133623403124 0.06151129913652079 0.013915812095051307 0.06056924349625072 0.021805725410431676 0.07220819491355333 0.05291346983866171 0.05101099797169428 0.03976282807351169 0.06052473298874381 0.06065864223766415 0.0738988448838258 0.02590104735775707 0.07675476043604522 0.09640220967480838 0.033902369851593055 0.07386883401115653 0.07121232359036564 0.0551821305043307 0.05880411260811131 0.059252195485802295 0.04033916812143732 0.06189547520302181 0.06319547840024005 0.03902415963205459 0.07334503756224578 0.05041999621357861 0.023397849261334563 0.06185475837046661 0.02868922738412831 0.08046734187731855 0.02763719152402363 0.026090148141292666 0.02521380931590638 0.030398399948215596 0.04230718057918485 0.050959820161910016 0.023924948612359987 0.02135911544788355 0.01800827324782182 0.05676377938859573 0.08076525101375588 0.017545862951756544 0.044733507430991776 0.014052273786761618 0.009749672312367612 0.05010628268989286 0.06594289889253165 0.058892843412585855 0.06634333120226506 0.04553792913226402 0.01933893599852944 0.07468370839288996 0.027321802394444695 0.03059856796554207 0.0668731866937483 0.04419795943247318 0.06268542075859927 0.04262781457335094 0.06727964482115568 0.02049991629253956 0.025655420322029998 0.04111357760410846 0.0552929631926887 0.08297480919065804 0.04806191907530333 0.07297272040405714 0.0360007875264155 0.04736057080848613 0.016685630444707274 0.07513947930448099 0.048514472661217514 0.011324426028207903 0.0866246669868384 0.050259649443070514 0.06914971203129017 0.02854203973674322 0.07041963404247714 0.0741742651722868 0.06808473745890467 0.019456224693312853 0.05200376299681435 0.01568346140056643 0.05017360918992058 0.05725698723815692 0.009164105667460511 0.022159368545573294 0.07198338875944833 0.027301516802518005 0.04031191859293398
 0.04109538689804877 0.014903673249714392 0.03613436368187341 0.0527507575835807 0.05572853093382717 0.021341258968722365 0.03032496500277037 0.03331400548440267 0.03268603712991432 0.0052055396114438985 0.03826184065362749 0.05013123483621073 0.04223580125799495 10000.0 0.0537432702869868 0.056836571554553045 0.026005326850597806 0.03347433580056799 0.05997371072061184 0.07034182428195017 0.03982848495802563 0.04941947077953753 0.030242948473871316 0.051482398704457255 0.04096060936311393 0.04774618173980247 0.055015943078294896 0.016408979515419034 0.03321785036868424 0.022743623868335915 0.042122075199636774 0.03748401720580508 0.03458175184328402 0.05416811225042135 0.01473543304842957 0.06142045938806634 0.06423549024435933 0.028648577089236404 0.05492068155067718 0.030289031170932956 0.0375716154973408 0.047726667963758795 0.021476692878863272 0.04714390328487033 0.04542138779754811 0.008347399865655532 0.0592161897183126 0.035626431086851686 0.046019234743898636 0.044065084282969104 0.04081387194665534 0.0675838181539303 0.05051244601542633 0.0397660009677493 0.04172679079149913 0.01579167669510876 0.05932195241793691 0.05906578283548027 0.024772283423835306 0.05677331373862359 0.04131268064397719 0.03393768372120478 0.04812526852558175 0.050265012459606365 0.050031148070488224 0.03385170628332471 0.045025901024253356 0.031527769311345925 0.027820985078878365 0.04722489448273526 0.041971863894167946 0.06154184839405232 0.06883418494390502 0.01512251518177513 0.04656408262744117 0.0473314596972624 0.056246929667410364 0.008385128901420411 0.033649305315882456 0.034036848440084186 0.05767046449329168 0.03217059779609682 0.036856445305435734 0.0412018305592138 0.043476847638216576 0.04715131023558201 0.014194715654965237 0.031085208020904562 0.05508975150245774 0.06586884924609927 0.0537266123026848 0.038157952740570614 0.04544756144393853 0.04539796733042179 0.036905514386610924 0.05047568483067776 0.029323462244929013 0.04411878294632174 0.04986247712042045 0.05685767564003947 0.045585408750242216 0.030316902825886043 0.027844265050334122 0.016401105795872478 0.04934104858358167 0.021069441005198777 0.04234223624466888 0.02639572215083336 0.014036530893710831
 0.06283480380948726 0.04472258990782327 0.08190612686813288 0.025254944284875916 0.07895002676031063 0.03812946702735584 0.08319105583297651 0.04871474019149282 0.08065859570143522 0.050516388608642625 0.09168988714491076 0.09720276590697069 0.0629680493160417 0.0537432702869868 10000.0 0.08834118147314352 0.050077579189417035 0.06972690960342716 0.11360870131635643 0.08468075515522157 0.09355913781623786 0.07673573320757948 0.08346116784200694 0.04991597774257626 0.09307744809199808 0.09864922313554245 0.01837844723484087 0.06857182359118844 0.027499792566942884 0.044683818716648935 0.09390836347675918 0.07878518644078483 0.07042358853326629 0.08161233290916418 0.06385665575143534 0.11472187424663965 0.11656074713045135 0.08238523179637629 0.1059260693559806 0.030257884654306077 0.08635508701912198 0.10089348924030121 0.06560420601613734 0.09236569857960517 0.09836872983440209 0.053888845698174245 0.05879920656514273 0.08925538239303943 0.0859023183756687 0.04713011734085182 0.0820891882542252 0.07418474240192363 0.08589755292379413 0.08298238014533997 0.0902323088770943 0.041591113707411254 0.0868752444692091 0.0840194690578571 0.05229164254603941 0.1065481616288718 0.08583107368721926 0.07042419685366692 0.020306068257243688 0.05722170711596046 0.06233138843576774 0.08664030512187094 0.017015287075560374 0.08515975041372212 0.046860408767172894 0.018786662397380558 0.07754532613434227 0.11493981116897473 0.08559634269379518 0.04515350780986687 0.016096594551783267 0.020475267467208142 0.10809019928036259 0.045411894036658455 0.08534518795695725 0.07267654525021537 0.05333545094536278 0.024337924495984806 0.0902310684933473 0.07858617291534421 0.014909688770074871 0.1004842563383744 0.0414728988446251 0.08362064202631429 0.07940647860361065 0.11874524009072031 0.10109783395954448 0.06916977977023289 0.08459502198971491 0.09598951064365105 0.08893966616431921 0.08814033999973574 0.07289680742094135 0.09647385278672208 0.10354318033801511 0.08227565555983685 0.010989350621703938 0.06502320410384811 0.08130952418939459 0.05087302818311669 0.07187595851669717 0.049990934316861205 0.03133137060308507 0.03848611916217873 0.06660666431664078
 0.09770941224850331 0.07035803193247075 0.028168638576236096 0.06948139979588422 0.013497091093378946 0.07455720610906358 0.0649975039148305 0.03963353703040965 0.07754162779686846 0.054140515618172534 0.05303095601340185 0.0307613226586655 0.025733136154175964 0.056836571554553045 0.08834118147314352 10000.0 0.08273744845536758 0.08749432714676317 0.06619295535502877 0.02677131659136843 0.05851351006718783 0.011838418189570363 0.06313122319072048 0.045546666927149815 0.07314741712690195 0.04233411897885226 0.07672423859329874 0.04672584307298975 0.08253856028518648 0.07867340681101091 0.0749501493598272 0.02174895525082162 0.08856152237832209 0.10852156132956776 0.04350690121068612 0.06271865419432124 0.05733351359628626 0.05688845128384177 0.045672485899851505 0.08071233771193265 0.03407577002861195 0.054219838833618084 0.07449749338526311 0.025583594646518843 0.07186253939368716 0.06500945456875208 0.04306099554809169 0.0615612259599151 0.015623451083968497 0.09975841930333416 0.01978945300020871 0.035427017130676794 0.007811161356396352 0.022864025614676375 0.03334080865588297 0.06967313519834986 0.006302054986624399 0.010191859087815792 0.038422180460210204 0.041796732270717084 0.08749200684824429 0.022924580458400894 0.070459243482784 0.03659129305727686 0.030418916520580395 0.04751549872003773 0.08973653574057941 0.06004287891286522 0.08415121542465027 0.07123342833516952 0.01492516708895978 0.06380942796104998 0.02326461433008317 0.050370314090826124 0.09082006139795384 0.0699157559264123 0.050150559615325066 0.0604768379919974 0.07068395348852904 0.022977294021871826 0.04743912185369699 0.06552475331739191 0.05212246505317526 0.09309033119049621 0.07344473576235189 0.07018226022898905 0.056111954568920146 0.04597930924881295 0.012129752504886631 0.0619489014399871 0.032762154084017794 0.020319838629733532 0.09531827740964549 0.040453471285564764 0.07127314530063372 0.010876693439219516 0.08008792616639085 0.07399108570693914 0.06146595891792181 0.009836795640928849 0.07735192443549682 0.027240341266185762 0.05117080119531844 0.07322221117694837 0.01794259126713041 0.042151840690074015 0.09379377065640869 0.05104950197273724 0.04848371817495118
 0.01707238348508157 0.013341364430866613 0.061384130725964436 0.06089016561950307 0.08066516223252149 0.014268474219913953 0.04162010419177149 0.05402006935001287 0.03358513137541459 0.028764590731198317 0.05648120991730016 0.07432060936595086 0.06587539919492932 0.026005326850597806 0.050077579189417035 0.08273744845536758 10000.0 0.019672934399342798 0.07549904403582007 0.09421410665608841 0.05575892023845758 0.07474614476603515 0.04281556193125517 0.06955869601715901 0.0488046470767113 0.06958843884175217 0.05969130238624654 0.040119911490603774 0.022614266254659107 0.006392031285923094 0.04905571899846327 0.06340113297709961 0.0203473915454109 0.03439127411461748 0.04039053876649312 0.07845235360078097 0.0833856772742395 0.04498318482783705 0.07625717827635892 0.019839247367579724 0.06159172408970846 0.0660195759569542 0.0192490144815675 0.07210690565261536 0.055256416379218784 0.018299674971910707 0.0785800941632908 0.049653343384456525 0.07191917909989004 0.019231575452592374 0.06667768954781629 0.08956018458218652 0.07651337625318046 0.06541470424083412 0.06564595854741093 0.015599578507604756 0.08493668882116626 0.08436460931416552 0.04787123363493384 0.0791113530341652 0.03655248561554736 0.0598129771054709 0.054664394119692844 0.07094655199476706 0.07222454941466983 0.05426471643226265 0.03493398873240739 0.04611298845941213 0.003814518336284928 0.053081156055026425 0.06792485472424013 0.07821358884349651 0.093119347822578 0.03539229261217989 0.0364392784398068 0.05401060271827285 0.07652211924781191 0.023251543410346777 0.04131338379059257 0.060028297955234726 0.07560712685444464 0.03895762232314979 0.055420587170836144 0.028515248720531055 0.04688535968372358 0.05833810728544429 0.030465431676244274 0.05225848728184441 0.08017547013931056 0.08386364067546499 0.07763504619723423 0.06355715264987166 0.03451756146882337 0.06767419537532308 0.04497214038583143 0.07645344087860374 0.02443794654421607 0.05229426553232085 0.06563213141416878 0.08215776085265863 0.04683383774672807 0.05585587418419733 0.047150773113120194 0.009680988325092267 0.0738706084701036 0.043716235496787645 0.024593317069881167 0.04290441036031554 0.037699777680328575
 0.016019172627413255 0.028423354363098192 0.06201665734062873 0.07890585254381392 0.08838892587333726 0.03268613529995793 0.031550315512690184 0.06634064851250722 0.018695936000259157 0.03819267498585712 0.04900933891786255 0.07203425817097618 0.0756459434819532 0.03347433580056799 0.06972690960342716 0.08749432714676317 0.019672934399342798 10000.0 0.06410699690128395 0.10355702690576703 0.04648746239877222 0.08171257173566995 0.03337334662316496 0.0837611851400393 0.03490494908831307 0.06439668828487631 0.07848602866703874 0.04095196231239569 0.042285898139588204 0.02523891092963816 0.03456084857708956 0.0662450682926572 0.0011088311336758258 0.021084405978996072 0.04416690083972224 0.06805327861969547 0.07454782623157546 0.037910021211007575 0.07003872585303983 0.039470092016825456 0.05991392589179258 0.05758748890227626 0.012998795056465446 0.07141635925593472 0.041740650172996274 0.025617440231139106 0.09207367407962001 0.03985444072595355 0.07425660368469637 0.032487047740213174 0.0690344849381267 0.10104612303970081 0.08034047086450767 0.06692147885513221 0.06348766851137622 0.03168712011679534 0.09092565075740695 0.09125777273751759 0.05822656331010232 0.07390095443228535 0.017854376253452767 0.06536495499465099 0.07295779222990977 0.08345588368014671 0.08348558476161272 0.04911059331476028 0.05450396023702481 0.03742055247513487 0.02311059394469673 0.0714988447107578 0.07268492612652536 0.06753974872950323 0.10186388334598616 0.04737588436601359 0.05598227184533341 0.07225515095645561 0.06916456817036025 0.03558838075646566 0.028759205602400785 0.06465667270168682 0.08995718821109976 0.05664872978776179 0.048391358286873444 0.009067851585648157 0.06566628779106941 0.0453443597476352 0.04394152540315393 0.048148117300299054 0.0876045678062474 0.07397147466071526 0.07470444309294368 0.07056238818726052 0.014912164034544947 0.06314078897960348 0.03187980070960709 0.0792965739415732 0.00969370892079764 0.03811260107146889 0.05516099270862397 0.08907750142628343 0.06598397763319518 0.06271262376936085 0.04212424059293747 0.021540685132788354 0.08237695329442686 0.054421773417672424 0.04307712564714313 0.05726885937287879 0.03904304912902528
