NAME :TPP_input_26_5_4
NUM_VERTICES
126
NUM_CLUSTERS
26
Full Matrix
 10000.0 0.007981615396278695 0.037331431198561096 0.08516014559269279 0.051625770460585196 0.0881346838489196 0.06564785872375815 0.008133368872453063 0.011253150194737053 0.04631975250010982 0.0930010536759074 0.014244585824593366 0.056033190756250184 0.0672993997241466 0.04891915771224051 0.043594096166762276 0.04524121286871827 0.06324969082672599 0.05897810564107517 0.07484369648048815 0.08885988994622329 0.04936098506125047 0.04525064065642646 0.0739974731369404 0.10351418761530788 0.04112408329018584 0.0463210663002547 0.03388265544658299 0.05401637166513362 0.020338757393161776 0.07049900708058555 0.07893631377102024 0.08970729623617124 0.1020193171881635 0.09493300897812511 0.052051159972609 0.06265660104452218 0.03644728101608245 0.08307921252160994 0.0716077364747163 0.04263342278868064 0.01572347589582662 0.012318430972302643 0.06836736347409807 0.0496133713564685 0.010530039970519265 0.08972427593948534 0.052277258292267766 0.06088460568216603 0.03539264068215044 0.019026117017012904 0.06591789291743202 0.030272374256301898 0.019173725569842617 0.02700771286143679 0.02529810847574397 0.052567310489627136 0.06746682367194179 0.053301328901662254 0.015643746333168895 0.036714751402681725 0.02409452895945086 0.03848404188003041 0.04388391933752275 0.04700685511206057 0.047200409607037884 0.06164167206830011 0.0949809463296924 0.0036878827514374764 0.09135259351730525 0.009676353887588852 0.04607178964200025 0.07236650497409836 0.029827234885459374 0.03964929575571548 0.022827650230533136 0.016411605237853386 0.09130908866913778 0.05047895887964712 0.09343901346176918 0.03863742542519316 0.007162844913577722 0.0472952349294156 0.06605669457725936 0.0655217266744806 0.049959699027478856 0.07213096433081674 0.08264897591000808 0.06506368615628658 0.06515046008787247 0.03251621388045528 0.03059300611581925 0.051631444769509774 0.010424397464199403 0.03935244570185312 0.07785185821499092 0.0733360381153592 0.051236482511197515 0.07886222969852229 0.02037775941410335 0.07380705934210256 0.08642280840336099 0.005541013233397449 0.036961618960493346 0.09252682654830208 0.040709321461164516 0.02827335263384968 0.030087297463024753 0.09532385163758926 0.03101748762454883 0.09298853372707006 0.055319878390811955 0.04662559571210718 0.0331656749460515 0.10095601430625223 0.07324661366159523 0.09482839589673712 0.08038924747903206 0.06561597543088593 0.058163696026908324 0.07067664085372002 0.03362757542715781 0.08054545133164345 0.02411885743205601 0.09207091407167402 0.0018724358088069617
 0.007981615396278695 10000.0 0.0336687563166594 0.07777466123873257 0.043645154352774676 0.08016123287332874 0.057943115121290106 0.013937953030620918 0.012674690013707307 0.03908622892223693 0.0856262184799305 0.014511502535691835 0.05551230478515905 0.06165877123700379 0.040955479516603166 0.03587342510912732 0.03892344825814652 0.05532097743448344 0.051607194350230694 0.06698929026964899 0.08132282119210939 0.04210174762935137 0.0395669003363252 0.06840266390721897 0.09600133424796838 0.04105166869059724 0.04232662826483724 0.030454110114335495 0.050132752943872455 0.020499753456577893 0.06314752469614833 0.07130917065060545 0.08249496631422648 0.09563478352405057 0.08818715342147586 0.044769376100741595 0.05745881842650267 0.03149080068144123 0.07629069126673671 0.06421118452725091 0.035039956970154405 0.02067583118417207 0.013090088285590723 0.06216688004948162 0.04221714920544693 0.0052169196052127284 0.08183973861513102 0.045057368927232624 0.0563108543877833 0.027411948377383397 0.011177192798717922 0.057941589873807396 0.031685874563703274 0.017987002464753807 0.01949374596717873 0.017406216885722452 0.05183170398358517 0.05974340329211033 0.048736532355743926 0.017267954451379183 0.03954805073080479 0.02792195529273462 0.039258016956556833 0.037860977603673095 0.040508365233337645 0.03956835816559277 0.05793485870571808 0.08748632257315953 0.008456132707484812 0.0852650552506779 0.010956979430126005 0.038108775250532904 0.06633050909943825 0.021994222499727167 0.03342322686294773 0.016439229069302425 0.009708507772408333 0.08332764832135633 0.04333639811629652 0.08590938900952663 0.031396936726246584 0.012652139159935672 0.04202997030297023 0.05996889071235994 0.05996629616459442 0.046621880217028476 0.06501812564089235 0.0748482497085354 0.058049535484427685 0.057170494938016514 0.028106868109419605 0.033007979886929634 0.044691186501317544 0.009676314131983933 0.03621530295988847 0.07027511470748553 0.06694474590632925 0.043259296762012636 0.07135202462642011 0.022083347258618154 0.0659931477989146 0.07847936815006284 0.002591715354059159 0.036637358504901574 0.08461757148975697 0.03445860388646676 0.03094791179212464 0.022130196619369914 0.08735179551616344 0.030746585048186385 0.0852272720068434 0.04799672569926985 0.03891666468436045 0.025197909475063774 0.09317387509251632 0.06612951906225054 0.08835446319358767 0.07384753249333643 0.05868880135970536 0.05403105705475836 0.06405124806192726 0.025836143259781785 0.07298278803914166 0.017719669828044505 0.08438191432710523 0.007842508759450233
 0.037331431198561096 0.0336687563166594 10000.0 0.05909416132951896 0.043793938538870904 0.07634094923563169 0.064273080225074 0.03436248749544245 0.046265586524812365 0.026095503309209924 0.06629160978669685 0.048161559061284116 0.08776937737827024 0.032534746880557755 0.04022636148700972 0.046921606577895084 0.017961218454073287 0.05718062989350053 0.06296926395928355 0.05668670513560896 0.08730306259727738 0.028178299957295146 0.014012324842012027 0.03879316377382376 0.10123170374882184 0.01856298510816592 0.009055080031243223 0.003528056962533948 0.016684949199625834 0.054010527946065555 0.04557392601696703 0.07704945476190563 0.06175724523832574 0.06869118212455028 0.06356435953277757 0.058206011116811215 0.026843071771594937 0.05798225569478485 0.05254595360428133 0.04700831678219148 0.028367121270799947 0.03262126843889977 0.026092710092362335 0.03574732576710553 0.02982577084725377 0.038046377924159464 0.07077978399876056 0.05895078808953772 0.02394621876966077 0.035220327093529576 0.034016900588338055 0.05408547113147242 0.021804913289604124 0.05110954214581957 0.024270730241405702 0.02861449110210257 0.08395543951663047 0.06550485803705222 0.07419288960397653 0.025150337987405954 0.03010834352046015 0.030075235513410178 0.02129329658364572 0.05982994247568151 0.020257914286390694 0.05069059011269268 0.08495173865322903 0.09350604773376314 0.04028077813968893 0.0571714156903633 0.028353457820911317 0.03836453525507 0.038754100818800735 0.027959792429239263 0.01494417828180303 0.04286962540811543 0.03846250719924377 0.07786859247780789 0.05817856712965675 0.06832471181150997 0.04851570539940067 0.0444083397433798 0.013336988357635722 0.07870861098211107 0.030580636213136766 0.07515852436155121 0.04482068266421847 0.06242698471264528 0.07147215269259333 0.054020576117172855 0.006311698446307856 0.025943550504307612 0.06070201764315951 0.026954907847056325 0.06590604045495674 0.07680207614704929 0.0834327359476814 0.04293234403084223 0.05470485901484538 0.05574873281541077 0.06924937988742493 0.0697704692305256 0.03531229771186363 0.06948736475442087 0.08353413069967966 0.05614106424411769 0.026472318143781298 0.030895752597737844 0.07961188792816132 0.015260207871928102 0.07114665199650265 0.06044461708172451 0.03222245758739958 0.03230133909707235 0.09452862674927356 0.07778388420172468 0.062095788630627695 0.04862585081732123 0.03765465666870705 0.020878247424761874 0.07943130057503234 0.028009717370672368 0.05685610147447868 0.043617554844307564 0.06913102134601604 0.035600961495612586
 0.08516014559269279 0.07777466123873257 0.05909416132951896 10000.0 0.04094559996840748 0.03572694087348187 0.0495220334835657 0.08673585176350619 0.08813916426352454 0.03887926911381078 0.007853158260528669 0.08803358818009407 0.11227792315685794 0.033231626372390154 0.04134109324357209 0.05510423367489867 0.04239978651043172 0.041107478058993244 0.05741784947879878 0.01910336143870534 0.059036065871143684 0.03583023360596818 0.045199613165748644 0.03229121743417966 0.06711733180420995 0.0756783986421019 0.05370767179905934 0.06159815513503632 0.052104442224753376 0.09128705401827045 0.014670067375831597 0.05308548899260174 0.00645564202406847 0.028640521631475086 0.018146338523942325 0.05946447839857814 0.039107792683470616 0.07893159578950079 0.013376354927970669 0.013563476890070304 0.04285486221873046 0.08831318193657041 0.07889622893340464 0.02669176171734898 0.03556364562718148 0.07880450170502892 0.01987218938948964 0.06032636420726905 0.04514940665298968 0.054001342796030624 0.06918407359550476 0.03162496850659952 0.08087137780377335 0.08749412844916689 0.058280918227978026 0.06093993925221977 0.10870401485017568 0.04887056597267712 0.08603824104534463 0.08019007582993705 0.08903729999554243 0.08824601154657516 0.0795187414613229 0.07277061417268293 0.04014240658486612 0.055149058425422885 0.09628516340685755 0.0630506059274667 0.0862243941574576 0.027403162167274765 0.07997270267768306 0.0435747614065846 0.027107255331092178 0.056287318396214564 0.04758254169105199 0.07318723130640242 0.07458898542279578 0.03362266572097372 0.06156678477921594 0.009283155001617577 0.06302624575250451 0.09032138780153717 0.04599220619743462 0.07656607642481561 0.03470618896603898 0.09277179132714693 0.014273824567627042 0.014294705751969094 0.06382432085902297 0.032858430857226374 0.058924612256223044 0.08500817550355406 0.06402637871036328 0.07753145093651136 0.08911718148905282 0.05434881448349165 0.07529545469746449 0.04063019026092954 0.007213471105191188 0.09492769146348991 0.04561901066168336 0.023767163537787437 0.08034698318040605 0.10001629044126352 0.04450190734426866 0.07097625253157808 0.08536542876883711 0.05716036081679737 0.030782835873945365 0.07433502470333145 0.015118668520853503 0.05847285994559794 0.03941814538170001 0.054673100971754325 0.055828601060296884 0.06373963091540336 0.02269134423948626 0.018009430826636013 0.021441298634363094 0.0493624118511383 0.07107237167732504 0.05241761255338789 0.006875995401404757 0.07276924763434782 0.012013361332356347 0.08417585707406605
 0.051625770460585196 0.043645154352774676 0.043793938538870904 0.04094559996840748 10000.0 0.036715644887092426 0.02070117743488537 0.05601178298368281 0.05115170467947332 0.01939738812974897 0.04828387593572709 0.050264242009013284 0.07141808563653466 0.04482852003500787 0.0035854210584969452 0.014166408347582237 0.02868079460637388 0.013559391757524294 0.022175071860387557 0.025121650052526635 0.04353971538616815 0.019163370294381348 0.03374149239867576 0.050000818780732495 0.05766079102105352 0.06200389308271793 0.04529176769926756 0.043947135410957266 0.04986911337981925 0.05233995011412794 0.028810957403798895 0.03325779344883995 0.0470412935763956 0.06641327863096516 0.05659366610752168 0.020797112376389117 0.04552937268633 0.03799393718731247 0.045776560608670705 0.029077586208986476 0.015440202191497743 0.060376685251885547 0.05013702306757712 0.04038719065316465 0.01721080130715288 0.04278549690742197 0.03918118597112947 0.021731250666056724 0.0492086805170171 0.0162769833524939 0.032954335448255066 0.014338052172681505 0.06075035245317763 0.04860644689478507 0.026669101073467292 0.02662441957957311 0.06780639483582374 0.02179056814831027 0.04630892354344685 0.05310528128303023 0.07032331462605511 0.06393327963799421 0.06376177571820851 0.032170030779524635 0.027326278093262914 0.01473820100326587 0.057145470681132175 0.04977307509347393 0.05144725108524036 0.059659521331878025 0.050036228910575395 0.0060184877712298945 0.04480764035253219 0.022588687357464637 0.029133533100396927 0.03419430903563211 0.037421110326494776 0.03970919427253731 0.02233784978620126 0.04696450358017822 0.022102951133498226 0.054935082608903334 0.03739078097564655 0.04142312519832069 0.04438558550739615 0.052248832457569096 0.03317151767391251 0.03336537148316318 0.030752245393294457 0.0135272068135057 0.03929500008521382 0.06432204313814935 0.025122470545427943 0.047442901833440854 0.04817172541349917 0.03302361683131231 0.04354170202059675 0.0009132818956620746 0.03373690023365944 0.05627998951334122 0.025635225605270994 0.035191415209326934 0.046150543548392625 0.05932900919498316 0.042082424795339225 0.030110385573984072 0.06352509992377597 0.021638218711642912 0.04375679831561343 0.055327230597619265 0.043855362483305294 0.021237029787434216 0.012071274862123706 0.018522778745915274 0.05202972653944098 0.03535850328765364 0.05912235982180372 0.04608600075662302 0.03071520316861284 0.05065207041312466 0.03913771819779281 0.0194427593926777 0.03456546911951391 0.03349371764796783 0.04381917574350402 0.05127430179223783
 0.0881346838489196 0.08016123287332874 0.07634094923563169 0.03572694087348187 0.036715644887092426 10000.0 0.027334014621208023 0.09272599012655458 0.08650105316768274 0.05031570817766169 0.0379555259867555 0.08513260449983098 0.09561213596120217 0.06257442212760733 0.03981058515508955 0.04604984186869773 0.058653715293159735 0.02534743630188082 0.0372856448610589 0.021736501860886867 0.024452894397471323 0.04817405026363727 0.0634001612343264 0.06431783741574652 0.03143481717576671 0.09487521594111756 0.07479769821071791 0.07745081302917092 0.07658559860970943 0.08601699332334575 0.03733118388575965 0.02204145988971716 0.041120883901788814 0.06325985519197949 0.053113772695277194 0.04296816628249246 0.06669970875445178 0.06691413647951507 0.048476361844866936 0.036106194141994875 0.049661265168522754 0.09698786116838319 0.08674224993511703 0.05587364141360447 0.04652130614714211 0.07883088076348108 0.01713807329285939 0.04345109156654842 0.0722681481396329 0.05276821398220373 0.06922094174119972 0.022985295133656738 0.09579837964557797 0.08252052786320895 0.06323279889181647 0.06333083223668397 0.09266645193098924 0.025614270635997905 0.0667106275483965 0.08954429817729406 0.10519561504545483 0.10006619226597635 0.09747960598199054 0.05793359535888087 0.05650520330337262 0.043486390042527474 0.07465339038601203 0.02759622198819752 0.08768942325288431 0.06310912563266127 0.08672621310156273 0.042593558151052764 0.05839965903540174 0.05927814701880862 0.06156865054375612 0.06878241688904928 0.07315332824887984 0.0045804677252273595 0.04541118773122543 0.03352407325846637 0.053407637500395774 0.09091826582178081 0.06608589459952093 0.05152996659719466 0.06331649488915536 0.0753139944692101 0.0417376399472608 0.0216465235738996 0.039356190213281454 0.02346216906582961 0.07323721654451851 0.09961868406617706 0.04664378088651646 0.08412793544065574 0.07573376257900853 0.023826189549422 0.04725751771614635 0.03722940331252543 0.032119076985662784 0.09013473389225236 0.018790626779453676 0.012014334020859628 0.08261659033312264 0.08882536304029219 0.008895979063078194 0.057983771026922475 0.09910499458069844 0.05832458120117506 0.010939709729155832 0.08986138325766911 0.024709134860275747 0.04028264625564829 0.04525331268058352 0.05520569035953934 0.020658949727480152 0.03531888726302653 0.058148645576911795 0.05226703491431184 0.04588242214310456 0.0754768688397481 0.043905220835090374 0.05597457484604093 0.030492905101341717 0.06782133348157715 0.027462406848043193 0.08787626566637675
 0.06564785872375815 0.057943115121290106 0.064273080225074 0.0495220334835657 0.02070117743488537 0.027334014621208023 10000.0 0.07153166974965335 0.06198489997337388 0.039998625768719424 0.05518742870520115 0.06017651644436812 0.06848724480154672 0.06322218896812165 0.024172769510070795 0.022069820642391744 0.049325542711021526 0.009333161967634772 0.0099671423981284 0.030429127738705528 0.02386171692526211 0.03942004541814009 0.05440482595174839 0.06750800409190856 0.03848454971189977 0.08223278502853404 0.06598917641943891 0.064180181146948 0.07039185577439604 0.06019154910634021 0.04212109300652191 0.013539753794441958 0.055967067460923725 0.07781866526273463 0.06736833659072412 0.01591155916447257 0.0649133718592427 0.03991992663267754 0.058524670813955244 0.04170700972532683 0.03604933109394491 0.07703686200645485 0.0670546797340593 0.057819246070920344 0.03743209583953433 0.05551873703416037 0.03866761435844848 0.01628568829152122 0.06911870751089229 0.032287208182852925 0.046778544619743505 0.018491416080553366 0.07993783877172914 0.05691918643387157 0.044651767297111136 0.04307429585387928 0.06545031236171084 0.0018976285335908483 0.03981358423814337 0.07054058816153552 0.08952209276298975 0.08182869578498883 0.08367633786279405 0.030694331961477736 0.047867400344237115 0.01849343409683264 0.048639073180189375 0.03015502473279498 0.06448883451296945 0.07356152917306413 0.06639566154856515 0.025910471544807873 0.061822203057181044 0.040162504987572886 0.04977819415806689 0.04417520028440549 0.049573635307362335 0.03172236470385266 0.01830460756514937 0.05216996024658377 0.02792446243025035 0.06714374082222942 0.05800795048124472 0.027165178503689304 0.06311756513177844 0.048160312105392566 0.04718353999785604 0.037044263761128834 0.014333418577172258 0.01740660666903037 0.05944833095105072 0.08325053630781373 0.019331932995559933 0.06392313652513701 0.04845042714339818 0.012833699896504765 0.02607871378340325 0.021603732986529605 0.042933187913818255 0.0643304474070181 0.00897664790584436 0.032939617047853816 0.06014790447642836 0.06164791984063332 0.028431321834971733 0.031050024830597673 0.08218404225682946 0.0381959655841533 0.03768333453983064 0.0749393684506349 0.0456997088510385 0.013015595333626158 0.032754472114355705 0.035333801830068026 0.03540844702893419 0.015591417210208545 0.07114441566426352 0.060330951761641584 0.047258243768787137 0.07091665907531304 0.02172116024369146 0.03800141752385384 0.0426667575160325 0.04305058019964408 0.047137536944145374 0.06577862327566217
 0.008133368872453063 0.013937953030620918 0.03436248749544245 0.08673585176350619 0.05601178298368281 0.09272599012655458 0.07153166974965335 10000.0 0.0190931456658638 0.04798279459737176 0.09450675588989083 0.02218944500214815 0.06365129349399713 0.06597106141341814 0.05301785720704368 0.049503141077604236 0.04530261804500925 0.06833848438854372 0.06548008672061915 0.07800802893478316 0.0950678987556249 0.051019679985998996 0.044396071260182676 0.07253025759327672 0.10975719457314044 0.03485679531078138 0.043395917398587745 0.030834612356304653 0.05079288306505731 0.028133253412241217 0.07209875721210143 0.08497550370309367 0.09084740484964958 0.10152450280092486 0.0951028353449676 0.05867799166239692 0.06080711207524174 0.04438964361313397 0.08340400552876344 0.07330774926885433 0.04523317872675973 0.007601110093202895 0.0084044179534925 0.06783964989859331 0.051578392151099196 0.01797409597240073 0.09297539560680625 0.058979503661773416 0.058305750463536254 0.04013802575749681 0.024850397331380294 0.07007924336057446 0.023312127061383952 0.02723483820953569 0.029921427024079374 0.029401019989516608 0.06027005999381724 0.07330072446876353 0.061352646837886396 0.009761867055477774 0.028920080429259715 0.016116036282488085 0.03170836270426804 0.05147848703413648 0.04730913255978731 0.05328783653546085 0.06977327713566883 0.10126119648149498 0.011598217933419683 0.09045054989403782 0.0067824826703550695 0.05019409721762827 0.07154481978934181 0.03352262303785301 0.03974225380006013 0.03015018633226963 0.023485168649311806 0.09564766744778018 0.05726987428456497 0.09535256652394832 0.0453245703607744 0.013698802591540072 0.045833990988381965 0.07364850904176283 0.06410032915947791 0.058092407037224486 0.07318252123873048 0.08552853254288705 0.07198746677278291 0.06941794447399846 0.03061098991740031 0.02306361036845417 0.05862505026645242 0.00921511423449909 0.047484493047009135 0.08399449096164507 0.08076016586996963 0.055519763229630585 0.08080368223799908 0.027653422217721275 0.07936651831437157 0.09008771890528827 0.01230545333064514 0.04464130518570448 0.09765107960578012 0.048180437693989414 0.020669371709233338 0.03442530968719003 0.09928803206807037 0.025231467936321795 0.0956611003736234 0.061890577234863596 0.04949530769488928 0.03754135468071374 0.1065762650209148 0.08006043719203756 0.09452166584553195 0.08029704234467129 0.06636210184182204 0.05513283663334649 0.07793852544061924 0.03705507379258717 0.08262375955715721 0.031444634452698926 0.09448432703124807 0.006825178145799781
 0.011253150194737053 0.012674690013707307 0.046265586524812365 0.08813916426352454 0.05115170467947332 0.08650105316768274 0.06198489997337388 0.0190931456658638 10000.0 0.050122277454867 0.09597616380806309 0.0031702168630991004 0.04478614435815864 0.07404154244361687 0.049037224432482304 0.04057970811345554 0.051018702713944875 0.061174454053424546 0.05413541403692791 0.07571811086952189 0.08419084688676312 0.05304664744731769 0.05200980820053478 0.08079063062478388 0.09864379008584863 0.05205053393265154 0.054983880335303416 0.04299113461381017 0.06278660160151313 0.009087086288520545 0.07368546105549746 0.0747326197586536 0.0932067947127652 0.10742922797231619 0.09960634805755973 0.04709889188967504 0.07001123080423644 0.027835425231391233 0.087697866421901 0.07463810240216333 0.04534421964248395 0.026648080016280502 0.023120653870518416 0.07421459747291642 0.05288344382778276 0.009526198601575149 0.09023718888995444 0.04713738363809784 0.06897303647929126 0.03517254704622961 0.01896922473715417 0.06539701982469469 0.041469754120612885 0.008415559002671658 0.030516473100070874 0.02725546033264507 0.04131419425614341 0.06386792226175685 0.04379673357126903 0.026756658800626658 0.04792743833696694 0.035204022690533646 0.04960883764555087 0.036474426713501526 0.052445032832589715 0.04364251870301045 0.0513371890616907 0.09010332746907643 0.007577697907141883 0.09732928381653332 0.02049415149688103 0.04627790498036441 0.07847995534678086 0.03187480898562311 0.04563160137280174 0.017850320726933218 0.013801502520209468 0.090063837749609 0.045174585284439954 0.09585198126492225 0.03408098161537306 0.0065052500411034225 0.054599501185419785 0.05825588389397849 0.07239051802671521 0.039525884860752404 0.07600497844691835 0.0838205488061973 0.059103011278822 0.06447049138535839 0.04077678839312999 0.0418446610099777 0.045778318471027216 0.020513261152214274 0.028953240240312705 0.07345042249129494 0.06595428197197527 0.05095203020072715 0.0814358587099071 0.009579146176434588 0.07063168478281391 0.08633660501285349 0.010991254991821634 0.025710828618840102 0.08990347289862365 0.033818725781947896 0.03951824133780409 0.031065396346372287 0.0946475190785991 0.04182479842053877 0.09432606989530959 0.05040900324801379 0.04875471469751247 0.033781129559523164 0.09733231452290708 0.06742887843292128 0.10007916936677291 0.08554834977889848 0.07000341414250033 0.06670329068140553 0.06376994243550203 0.03572876366057311 0.08290252621007224 0.018939100548949633 0.09379514481192407 0.013023313036428676
 0.04631975250010982 0.03908622892223693 0.026095503309209924 0.03887926911381078 0.01939738812974897 0.05031570817766169 0.039998625768719424 0.04798279459737176 0.050122277454867 10000.0 0.04670517468320345 0.05044734576563747 0.0814182301906509 0.028403532914857425 0.01618062375216336 0.027998383875677532 0.009342315059528 0.031957393919429915 0.04103413214136149 0.031547884449387664 0.06201213967848032 0.0030494051109821604 0.014438661048302976 0.034594619604296536 0.07557986328465438 0.044658455533767176 0.02613033937112631 0.027146643754861286 0.030475268197105956 0.05452727670652204 0.02420921957288092 0.051971068980254505 0.04341688180361643 0.05773257582619922 0.0495226053838965 0.03812053069035347 0.027508249828466856 0.047774983536407384 0.037626845646422644 0.02536678424067323 0.006318753402165346 0.050156366193123386 0.04037214514675395 0.025987446598115447 0.003924755036755994 0.04062260782497489 0.04627206232470296 0.03901470049602172 0.030374838655967303 0.019837685903407745 0.0315252275279938 0.02801248256363486 0.04585721129226442 0.05080864014798009 0.01968823131279995 0.023009303134641588 0.07758904056485567 0.040952139287906905 0.06044922061070355 0.04211433109761836 0.055083825655769345 0.05137698454698765 0.04716397057200562 0.045348918359207575 0.007947479542034843 0.030742369725329666 0.07164183086496914 0.06810630236911842 0.047539473054688086 0.04846206559312411 0.0412580629386223 0.01546661835549759 0.03058930386169287 0.01861613420211688 0.011253542544317378 0.03739433219835748 0.03715199579654622 0.052034284768560105 0.03896881944575983 0.04737514138665278 0.033340251965670586 0.05171531029546549 0.01801033042401812 0.059383472774486856 0.0274426266339832 0.06440271443097757 0.025952066687765174 0.038286183938704664 0.04972790548803701 0.027996088025717934 0.023067164319175073 0.04981403072678864 0.04179624207464178 0.038767729438026914 0.0576814483478047 0.05194776371009565 0.06241039225791762 0.01848422046438358 0.032820902548192483 0.05778884598523982 0.043827702623663124 0.04447793355306729 0.04163221913369604 0.06600806611050063 0.05743930894047986 0.042239657960578984 0.049575622306218856 0.020371547831171254 0.054236554403120606 0.03971557935271692 0.04802903796488094 0.039426849187179806 0.007409898914926043 0.01887470776382261 0.06848928376037394 0.05473661432129022 0.05030318492686291 0.03584041968749939 0.019928354402995323 0.03141982481099391 0.05808071841873522 0.015089575583654364 0.03465669943906989 0.03735770058445591 0.04663786703608089 0.04530383245865373
 0.0930010536759074 0.0856262184799305 0.06629160978669685 0.007853158260528669 0.04828387593572709 0.0379555259867555 0.05518742870520115 0.09450675588989083 0.09597616380806309 0.04670517468320345 10000.0 0.09584858037815655 0.11940300944808477 0.03867716846721727 0.04887819100225622 0.06239405676410641 0.04994640869087239 0.047255684643902354 0.06360621430388076 0.025018172097696377 0.06213216101112994 0.043657265713313055 0.05251593111355816 0.03658597400079491 0.06872821217728568 0.08242938743218114 0.06048048943922249 0.06890972638054256 0.058279473522478656 0.09904545796402711 0.022502456688899622 0.05724714868508375 0.005447441601679235 0.02537542472271028 0.015636773294990487 0.06613851120295333 0.04487296215155736 0.08626514417315644 0.016654640169574863 0.02141550320896611 0.05070522244312441 0.09596582102244365 0.08662361860339432 0.03256033138443358 0.043412893114528374 0.08665070058708152 0.020917236527275646 0.0669747940314144 0.05085008873650415 0.06173127604969984 0.07701669266505307 0.037966507793512655 0.08809589072383152 0.09525225254819285 0.06613254641006155 0.06878664324050862 0.11587275419336235 0.05434995407246158 0.09272794547490056 0.08784117718298388 0.09606881946785688 0.09569765851110759 0.08640319579303751 0.07980885811214787 0.047719948929680706 0.062221552912946426 0.10275933521173816 0.06554925449196534 0.09407649134168133 0.027496646623897093 0.08773741715481684 0.05118874499939521 0.03208890665169702 0.06413193834830754 0.05521316283482861 0.08091475270725564 0.0824071394202239 0.03503063267879899 0.06831710943943453 0.004867650833126629 0.0703864384293008 0.09817453510184915 0.053065560298346796 0.08235095670258533 0.04033509550672983 0.099718726901574 0.021631486120238987 0.01833781209020106 0.06951598841711389 0.03921983338109003 0.06640192740799668 0.09223469722635803 0.07068335463334276 0.08530887678896469 0.0964132004053842 0.0586651256000356 0.08050668977024848 0.048021736210601317 0.014720550734260632 0.10270898749117764 0.05036564314244423 0.02608270588290695 0.08819787162264651 0.1075208558190629 0.04630904469899992 0.07816060774233081 0.09267282447192693 0.06497928179498913 0.030909870568236388 0.08155157251028902 0.013973342035759114 0.06493052885158898 0.04724006135809601 0.06246533313063787 0.05697323595943109 0.06870965037613758 0.02107247205907943 0.021753239008617843 0.028773642690132346 0.055216984562884514 0.07640469044405947 0.060259911629106114 0.013720085207670702 0.08047349901558065 0.010764464302213374 0.09200762209255217
 0.014244585824593366 0.014511502535691835 0.048161559061284116 0.08803358818009407 0.050264242009013284 0.08513260449983098 0.06017651644436812 0.02218944500214815 0.0031702168630991004 0.05044734576563747 0.09584858037815655 10000.0 0.041908890972033215 0.07510923036540404 0.04833254021016593 0.039098662006714184 0.051910487384888834 0.05978517896475282 0.052064423217043534 0.07506139507665467 0.0820646898421632 0.053313541068272255 0.05318788180404318 0.08185368518512538 0.0964449230745335 0.0547039526248667 0.05674544623746937 0.04496445767704686 0.06455410088382882 0.006216408499419837 0.07368981697025778 0.07274261179805436 0.0932380001615376 0.10800051995132794 0.09996932143530605 0.04504120719260799 0.0712869143639944 0.025003060370600974 0.08807375779725121 0.0745936424074005 0.045406011238532024 0.029763762892596097 0.025820853327014313 0.07500457022537836 0.05303254030728531 0.010446871927627525 0.08943354133023398 0.04503122043349686 0.0704909119298499 0.03455481077702247 0.018963440838468553 0.06440382221245211 0.04432431475677368 0.005258922619001015 0.031047619771359312 0.027445885754542862 0.038386332108315005 0.06206775103604728 0.040731828715346585 0.029575302649134085 0.050958327701783324 0.038284260646337095 0.05239208014959039 0.03387037213764461 0.05322589756630215 0.041981181847084464 0.0481762833530593 0.08791636673810428 0.010612642958371353 0.0980955491360662 0.023225350809315582 0.045625171333849496 0.0793372396227485 0.03196589695373403 0.04662971335455804 0.016355153819107543 0.013447827957698008 0.0887881358421556 0.04303944621608151 0.09556382295371418 0.03225730466696001 0.00960562120693729 0.05592840424830537 0.05548032322079665 0.07350368415476713 0.036360477870609476 0.0761994680015461 0.08321748815463358 0.05673671881367716 0.06343881944947609 0.04249934883903038 0.044817778669310526 0.04349978861109929 0.023032803303493558 0.02579422639827626 0.07141538725863546 0.06325058432953257 0.05011862395841906 0.08123530968190072 0.007716912761406099 0.06891354694492495 0.08538083958962422 0.013229868782427321 0.022832532418881165 0.08827087487107343 0.03136662129820565 0.04251123789170574 0.03087412272159012 0.09351139526720663 0.044437127890813305 0.09373922793636322 0.04834110798960818 0.048616416598996674 0.033426856460235195 0.09543441361431966 0.06507071816083201 0.10061587417752697 0.08609263421310581 0.07037321154176185 0.06837951936814896 0.06117324840786304 0.03575594732062726 0.08263541519570694 0.017320549982986513 0.09331765420782373 0.01595783726987408
 0.056033190756250184 0.05551230478515905 0.08776937737827024 0.11227792315685794 0.07141808563653466 0.09561213596120217 0.06848724480154672 0.06365129349399713 0.04478614435815864 0.0814182301906509 0.11940300944808477 0.041908890972033215 10000.0 0.10939699105319614 0.07155844382294742 0.05726782287299019 0.0863687403654505 0.07365954707065582 0.058558512265122084 0.09493800238641205 0.08150619625145848 0.08356549862740266 0.08919909410744452 0.11585166757735432 0.09286731181687054 0.0964584591891896 0.0955457620739284 0.08494811360971569 0.10317920760178777 0.03572032560096745 0.09996841661146831 0.0758931428972815 0.1184441656505214 0.13733009581073796 0.12782085710983052 0.054044559963902054 0.10703593233119049 0.03390757250190832 0.11659223047077795 0.10037205712357274 0.07519150355980929 0.07102394814108913 0.0676911272885466 0.10739369628619337 0.08246183779312692 0.05047173371622153 0.10637340330210295 0.05332995671122002 0.10766850891577873 0.06164155893523961 0.054042065921650215 0.0820352633561425 0.08623088253027422 0.03757641686754923 0.06581694422071985 0.06119488815013316 0.0038675376749598154 0.07009443804980749 0.029022915961544053 0.0714841775439147 0.09257083068051242 0.07970908364575569 0.09428615599455663 0.039630172093758596 0.08691169297663838 0.05718159163915725 0.024275406887363255 0.08551157770199906 0.05234814500971178 0.12934734908108908 0.06511710474145951 0.06984254630089329 0.11200273329702146 0.0642365390593837 0.08209059869865663 0.04561429382755795 0.049308026886956284 0.10009733717524842 0.05167632034912233 0.11755043881630203 0.04961389339334344 0.05003235672076549 0.0926159661288862 0.046835570058702716 0.10815259893105195 0.02032744405811317 0.103910561614594 0.10287619085713208 0.05685121439510318 0.08079595883487733 0.08161662882073722 0.08660291255635365 0.0497376630019823 0.06475086648617956 0.023772167074198068 0.07406013210266013 0.05424872689252661 0.07181537061956679 0.10506578468754713 0.03607946418822945 0.07682488180774918 0.10093865803559815 0.054827846723170655 0.019079872552725603 0.09476704455429479 0.04131331438698273 0.08425404604708127 0.06173472173754646 0.10615496246037479 0.08615562819538813 0.11273669862603904 0.05604927830295886 0.07646935871886684 0.06263534330358411 0.09713119646005038 0.0632387768170857 0.12992114637408425 0.11608404173600664 0.09990867752754176 0.10645795081662139 0.055293844400124505 0.06690665145331945 0.10572393473008755 0.04518819069584704 0.11350775662858065 0.0578085271033104
 0.0672993997241466 0.06165877123700379 0.032534746880557755 0.033231626372390154 0.04482852003500787 0.06257442212760733 0.06322218896812165 0.06597106141341814 0.07404154244361687 0.028403532914857425 0.03867716846721727 0.07510923036540404 0.10939699105319614 10000.0 0.04253936890880754 0.056014062437330474 0.023398482342676333 0.054000978490320505 0.06691483471197357 0.04088626448255979 0.08131808411785175 0.026888927680497127 0.02210603512785667 0.006749093591264111 0.09277294618163896 0.045432350434501036 0.0245025652047267 0.03587699498463633 0.020230318632040143 0.08007107980173886 0.025253978170085026 0.07254361729649901 0.033386110775796146 0.03618962596065421 0.031993537002789896 0.06530274455384373 0.0064570347020617164 0.07602047577335105 0.02250813037322312 0.026528017990815105 0.034718776181310765 0.0650541185013124 0.05756682413221043 0.00683494032926737 0.02849807247025038 0.06470147105919732 0.050712431555675896 0.06622894464405085 0.01222268622695913 0.04813832479625038 0.05713620660719767 0.04625298287669396 0.05329614080482973 0.07656122026111033 0.04461007191289217 0.04894359948522461 0.10554416689940337 0.0635882654671569 0.08878130601118053 0.057331504977250744 0.05995673760906485 0.06242290144028105 0.04983783884200224 0.07370963974643649 0.022542275083868253 0.058320133357496744 0.09996122962666744 0.08671153646248404 0.06957725696003755 0.024645371007396704 0.05946622792280884 0.04282275528770623 0.006880335125555097 0.045333917608748074 0.028486572583923366 0.06439428841634426 0.062694755670227 0.062202029842463875 0.06648885497980647 0.04211033523791038 0.0617345776560273 0.07389050060827416 0.020143943962747973 0.08623801800771802 0.0019804231365826864 0.09278422579789201 0.021237492989970123 0.04266117607575114 0.07533015991294587 0.04695163239979255 0.03536090329577524 0.057314310094044314 0.06933450198310225 0.057555809323295515 0.08576978475705732 0.07310090846786012 0.08811754069843011 0.0439950157643365 0.03218302104724736 0.08278644584538168 0.06398688183259259 0.052313943897841775 0.06388622803736298 0.09316781367045379 0.07126007260092009 0.07063870217871183 0.058301753373388714 0.04769718485957027 0.06141220606277743 0.046955109779536854 0.04796484569979592 0.06604216012687181 0.03475796975059714 0.04681046566765584 0.083111893382391 0.07878767452168658 0.029813054282296317 0.01769457660256531 0.01693646800694723 0.016686707988642722 0.08367374730011631 0.04249185176971206 0.03435087719127109 0.06458063528986176 0.04509206225444264 0.06580200230687362
 0.04891915771224051 0.040955479516603166 0.04022636148700972 0.04134109324357209 0.0035854210584969452 0.03981058515508955 0.024172769510070795 0.05301785720704368 0.049037224432482304 0.01618062375216336 0.04887819100225622 0.04833254021016593 0.07155844382294742 0.04253936890880754 10000.0 0.014513113286260882 0.025371687722679483 0.01713405511083271 0.02494516285531025 0.026730076791899874 0.04712211604717458 0.016266342975130334 0.03039869693947315 0.04796977871777796 0.06124374276577419 0.058419806730206206 0.04187589984383113 0.04036216997297098 0.04663359160444988 0.050767539686093946 0.028412362808872802 0.03683283030983018 0.04724443137713701 0.06584876955382699 0.0562625976871477 0.022764493149191233 0.042861478047616496 0.03782084656664326 0.04512281749024339 0.028856169807049616 0.011893610946459292 0.05718226160275061 0.046936604285295364 0.03847198422563888 0.014378767132192629 0.04040800499820098 0.04121647575911246 0.023691815438854208 0.046301469027487836 0.013879165740093855 0.03051224579747824 0.017068444362462968 0.05722042827705484 0.04699848438610527 0.023429515305935154 0.023724590742479918 0.06788037298471679 0.025314364299844218 0.047384193344569586 0.04981312371675429 0.06678710937708535 0.060552082389215826 0.06018010171263656 0.03282331401843215 0.024127924194505004 0.015999019493831666 0.05838155422640568 0.05335758883415362 0.048920479378584354 0.05855892815747194 0.04692884653480082 0.002847589674314817 0.04297891332135011 0.019502565916274518 0.025611775555280207 0.032542384766522554 0.03524372221736498 0.04263043864659222 0.024029505075994814 0.04790394880045524 0.021953867312837393 0.052531460589743256 0.034095566982683644 0.04378780625351853 0.041976942130877576 0.052815299364724635 0.032438350198229694 0.03490700515826162 0.033613189409832614 0.016405976322771246 0.035709822982987804 0.0608155985242769 0.02686656725402771 0.04432787351182769 0.04805168547428899 0.036579075394300414 0.04635063922597286 0.002781563340849415 0.034190045475019595 0.05462450287708964 0.029216142784565715 0.037560881233354326 0.04349349372295019 0.058675198523965764 0.04544053758081458 0.03042534988375605 0.06004897665174557 0.0188332048411952 0.04641524458942424 0.05176402429848964 0.04543238154396311 0.02362289691701172 0.008776502299775585 0.015758629480439795 0.0555230523962789 0.038588948780065455 0.05848070621457764 0.04504201170610434 0.02926418419061739 0.04756912755628125 0.041986757052907824 0.016173094975354418 0.03522858329361608 0.031950902835566286 0.04515263279285777 0.04848351834645553
