NAME :TPP_input_22_3_3
NUM_VERTICES
64
NUM_CLUSTERS
22
Full Matrix
 10000.0 0.05968641771152158 0.05231553839424221 0.09545914733326848 0.007411052380711334 0.042572233265297146 0.04978078583729151 0.01584768070899799 0.010621158306416845 0.07326571310110203 0.03296498046567049 0.04769541290899958 0.009184060323062314 0.07337132739989444 0.08148218450410405 0.0018308608993358676 0.0925461655250482 0.05545438121566228 0.07452063875863217 0.06410391312533419 0.08310836786545134 0.0842265954504474 0.05708700271703425 0.042329500001889994 0.06787216309539694 0.006214349565815516 0.03566807290619945 0.05165874345918464 0.05153973230344064 0.04599751694889297 0.04551849693931246 0.04683599578586158 0.054525869549392515 0.05554076827863178 0.07271371577423945 0.08017248723999143 0.03950127810820531 0.07707273970962297 0.03940712209038733 0.0847649080196856 0.06737854929355475 0.09568583786853817 0.08247150788772277 0.09301345769464452 0.037532458589118925 0.0300632181173268 0.0761679980395978 0.04363097547705044 0.04762032707249206 0.055077737490271395 0.0490300632075604 0.025284058148324164 0.03870427203351347 0.05637620447953202 0.039766901222366445 0.05114794566117903 0.06605913464300779 0.05096935732940375 0.014067395311837868 0.07100431081150489 0.014404703859045019 0.04310189919488134 0.07112384988190827 0.08774836912378031
 0.05968641771152158 10000.0 0.0247808477816116 0.09120212217470139 0.06299978647606323 0.020394869672717825 0.040499104635095935 0.05145885496579563 0.04933672603942085 0.05518020277586342 0.046649207346570964 0.047232966605242795 0.0638549935982345 0.016522992917728033 0.0377175158255766 0.059071405061318215 0.08294492968965111 0.09642769881781342 0.06257725102280816 0.01672068494675629 0.026792931761183348 0.07759411997076457 0.07053938884161756 0.045428489616468226 0.04911243826481144 0.05680052662336009 0.031121341909837858 0.020561479519063248 0.06053244339531833 0.028734835239496388 0.04456925852213238 0.07024434378848503 0.08514008959021986 0.05047187102535233 0.09043270449016386 0.03615785044151209 0.044389608517649844 0.023873767776994997 0.02029217202341875 0.05014490488423641 0.06601143272155023 0.09115116573746897 0.08739938495777771 0.08188538201714882 0.09138507117777031 0.02968108168521313 0.08788601755309208 0.09442942339710189 0.02157958618282567 0.08714030174486694 0.06508635592458759 0.06606233996955363 0.04893450006402054 0.08141577797087132 0.09203274396725754 0.03332917938299194 0.07534714506030046 0.0880499745596473 0.04606141623988085 0.08534912132880422 0.05943473724879102 0.0826869639716587 0.04167284883062651 0.07691606803191597
 0.05231553839424221 0.0247808477816116 10000.0 0.06748089124258635 0.05802435852028423 0.03155227249048241 0.015976931453140445 0.03895566727455855 0.04201721919263929 0.032589477830500924 0.02720441421671688 0.023154619702349735 0.05290762765075075 0.02750398670044407 0.029191482902163772 0.05247459521946787 0.05990424367162773 0.07574059520217388 0.03902783296774785 0.015173888357815322 0.03465287646905047 0.053814620917021785 0.04630198403716182 0.057392727224215075 0.026115665135049673 0.05204488747216516 0.016649255500760615 0.03901480507407652 0.03639750311171722 0.043733042355118684 0.05795316229664722 0.047633622652636126 0.06271043090794132 0.025698687900506282 0.06595023511481991 0.027861167140579995 0.022582069048053276 0.02739073332354048 0.023707494020144396 0.0349132102853104 0.04131413647685122 0.06747090783488056 0.0627104876889344 0.05912863949616488 0.07600040609777785 0.028926901136460268 0.06313540442436079 0.0773250356027928 0.03749868121718825 0.06487893196569672 0.04162118414830178 0.0491195194595376 0.058960623076780336 0.05818161613552667 0.0757888494588863 0.008607789498362434 0.050643402494771374 0.06690002046490347 0.041955530338003054 0.06073555866092693 0.05807421857676018 0.0626999555600361 0.0223594991292725 0.053885597549495956
 0.09545914733326848 0.09120212217470139 0.06748089124258635 10000.0 0.10286928122205416 0.09764747062607261 0.05475135539629644 0.08030442625828263 0.08990918479940525 0.03634110212507227 0.06452369932544248 0.051682231494067477 0.08927600407020649 0.08593927036004508 0.06476632622634389 0.09680753826564459 0.010069585013257089 0.06969136642086002 0.02862615653441945 0.07601369610059111 0.08578640666064231 0.013666579175844771 0.039348920332098136 0.12066089351254283 0.042114423581865 0.09933756522082364 0.073378085027168 0.10625622814446074 0.04399128618929796 0.10980882291451667 0.12208503746767572 0.05129191732615762 0.054412218810880736 0.04460885063275678 0.03464025819206597 0.06543419995103825 0.059688404928146185 0.0795880307393805 0.08884021820874499 0.05069113903903073 0.02903213765010487 0.00044517787419858255 0.016342434598391447 0.012187565241766686 0.09078596850446323 0.08975326162656778 0.02635509024636211 0.08579726129800565 0.10430149891615333 0.056143404635828335 0.04685578048950619 0.07346547215577326 0.12065150031857366 0.047729470843070734 0.08787815974599997 0.05997370152338468 0.030518198710089626 0.06329321543071557 0.09407631238352204 0.03120707347868676 0.10812732861441415 0.06728325064084208 0.05116713267926702 0.015202868518227103
 0.007411052380711334 0.06299978647606323 0.05802435852028423 0.10286928122205416 10000.0 0.04455743013104207 0.056614732621487564 0.023094688801418496 0.016077190506573382 0.08031393207129248 0.04015482495114557 0.054860940702163144 0.015260917730897713 0.07749532194376631 0.08720441158535991 0.006222026560688279 0.09993170648148293 0.06074103308967515 0.08177546221369174 0.06895201661757526 0.08747023035027915 0.09162072352481962 0.06443883720665135 0.03965033091030317 0.07480105226281629 0.006252421475308594 0.04148677337300313 0.05267008306178653 0.05894955357438669 0.04601497013684654 0.0429886756887093 0.05402962787600225 0.06107336649830597 0.06273507785103434 0.07975833896978395 0.08584666987371539 0.046587435682633425 0.08177371840333672 0.04280137586369331 0.09119498376346084 0.07477052414964382 0.10309636698725233 0.08982674076650231 0.10038267472652351 0.04039679690307809 0.03343288150113924 0.08340511522360844 0.04725256485215844 0.04871400274443588 0.061479476130749125 0.056403178203228814 0.03208720520333803 0.035419435492799196 0.06328842123817616 0.043105832432606864 0.0575249899336156 0.07342267685005746 0.056950033111174136 0.01708447839538583 0.07820250391116185 0.008949370798465583 0.049054645997275256 0.0775846922015399 0.09510442124459198
 0.042572233265297146 0.020394869672717825 0.03155227249048241 0.09764747062607261 0.04455743013104207 10000.0 0.043022233651231326 0.038532493601194824 0.03319262553119848 0.0639788475430738 0.040686939889470135 0.047587603839968386 0.048515557682979965 0.03674563843154278 0.054724492166857854 0.041600888755268274 0.09078395252414306 0.08766435646595128 0.06980456732884878 0.03294502068606938 0.04708535380012691 0.08409507191965808 0.06935580910224422 0.026753421858336388 0.05745904870907315 0.038604245384831204 0.025924530757785936 0.01073745374774024 0.059698589406472755 0.012245577841077528 0.026778586738899858 0.06555001661304263 0.07931746562273043 0.05344719286771101 0.08934381180977495 0.05314990243605339 0.04154273383367945 0.04334968418932974 0.008982757820346389 0.06469208437355459 0.06968790713246371 0.09768771840257161 0.0905151224459722 0.09018779881586661 0.07766852991760388 0.01401297878347531 0.08870015880259283 0.08201467044170761 0.007283296503059062 0.08095683068987769 0.06232533448212796 0.05509045714393455 0.029432124634205335 0.0772162206259496 0.07897586267034871 0.03785072111655218 0.07609208964854502 0.08021687271410585 0.028504838781590883 0.08509871166618284 0.03986118033947429 0.07367487616706407 0.05342893976334843 0.08483266321597138
 0.04978078583729151 0.040499104635095935 0.015976931453140445 0.05475135539629644 0.056614732621487564 0.043022233651231326 10000.0 0.03426654728876653 0.04097889742772654 0.024184294475336588 0.017937294023288523 0.007494211716873016 0.04757441778061871 0.04265986395736345 0.036717533107995026 0.050488389790687226 0.048506431471663856 0.06163566907200534 0.02782625068390575 0.03021985693765206 0.04836943053129131 0.041331437953508215 0.030335165124671798 0.0662353182072761 0.018267325076511094 0.05142090831563657 0.019045934684664294 0.0521592493044052 0.020481335031757194 0.05511050971589452 0.06748529261986382 0.03262500095699729 0.04759563237049631 0.010499786586396515 0.04999840369669411 0.03587420618427009 0.011222440075430508 0.040823108086979164 0.03413724808528815 0.03579360629714027 0.026744617897341148 0.054812291629163665 0.04789471336673461 0.04820560698120322 0.06577208435637437 0.03543409291488728 0.047475330897803036 0.06577499841544276 0.04986769311401154 0.049850304220592 0.026066899683428183 0.039095254484928815 0.06666933426695563 0.04260811102727546 0.06492558148034117 0.0074518515010438425 0.034877068386125795 0.0526117969289631 0.04323843450476126 0.04485222778732153 0.05910624325819879 0.04938132249923676 0.022354919063337735 0.04274417379450022
 0.01584768070899799 0.05145885496579563 0.03895566727455855 0.08030442625828263 0.023094688801418496 0.038532493601194824 0.03426654728876653 10000.0 0.010332869617666758 0.05747385864707347 0.01712107023873379 0.03185354021208493 0.013967870272436945 0.06292867061078902 0.06766479220432944 0.01687683876925532 0.07697006127292141 0.04993957262621449 0.05868867608074379 0.052320846668262415 0.07198060959803307 0.06870990008965448 0.04285163362694427 0.04802692304168182 0.05218934343906599 0.0190351238802647 0.022756137386806766 0.049018055921258755 0.036318976430152104 0.045939346058093695 0.05068001548436333 0.033967368460508414 0.04458590351003642 0.03969317668497889 0.060155943692775646 0.0664568106093624 0.023715402719255384 0.06533965478205979 0.03239202520750451 0.06970761775597382 0.05186284195086497 0.08051070062439047 0.06803273019423442 0.0773651220208255 0.03997219250012984 0.02451993711432867 0.06256280232917856 0.04362904932453101 0.04510578845153736 0.04570346568468294 0.03468059573616757 0.016933017269637408 0.04584975246317631 0.04476453911282405 0.04084581593102596 0.03641453857526617 0.05163708655974986 0.04337598811654337 0.016052233089644128 0.05767072843595012 0.027855946847168866 0.03614290046848724 0.05607467085077814 0.07205923274045863
 0.010621158306416845 0.04933672603942085 0.04201721919263929 0.08990918479940525 0.016077190506573382 0.03319262553119848 0.04097889742772654 0.010332869617666758 10000.0 0.0649642542176065 0.025641346090547266 0.03999183021771671 0.015347329309517016 0.06277687980073934 0.07120856803641111 0.010502116273002389 0.086082858378987 0.05857672405323367 0.06706753322748293 0.05350257897793649 0.07248980452288586 0.07794356146945162 0.05302709201841025 0.0383500575202753 0.059240292126200376 0.010459485536619129 0.025430766800430413 0.04295221874184694 0.04605175795082181 0.03842694044054738 0.04117752337429809 0.044298033454704504 0.054544061314796194 0.04789643016998126 0.07048856272000019 0.06986876386495011 0.03156888536925215 0.066459638900006 0.029136005678317395 0.07516619607100843 0.06116930342125548 0.09009748097032529 0.07807599053909425 0.08633885323202098 0.0447598724370552 0.019943635272122284 0.0728265872929751 0.049757885507259396 0.038914566660668705 0.05553359549862338 0.044857499917881426 0.02590147467292495 0.03582656537493952 0.055018542917011325 0.046374169354823774 0.041501557379187606 0.0617267976235548 0.05267558698803407 0.006210255313505781 0.06797293622568934 0.018461249342429775 0.04514066790570291 0.06157593423933937 0.08095665943856317
 0.07326571310110203 0.05518020277586342 0.032589477830500924 0.03634110212507227 0.08031393207129248 0.0639788475430738 0.024184294475336588 0.05747385864707347 0.0649642542176065 10000.0 0.04040354520789974 0.025755892515721707 0.06994642992421556 0.04977092693877528 0.03087095491797573 0.07412182511079458 0.027764908373312882 0.0716733277033328 0.008502207574543338 0.03968513842618897 0.05062335546497977 0.02305884498967853 0.033851130049880204 0.08901385398336173 0.006526816931391023 0.0753536688061204 0.042741772657655504 0.07155041312874402 0.02884394765656212 0.0762121916535755 0.08990504991374504 0.04314230972741624 0.05527869325646757 0.018302224998764226 0.04735586432108818 0.031116898302497257 0.033765947802381555 0.04391912104743638 0.05566926872562067 0.020271057731028674 0.018738147343908995 0.03624649921357499 0.03644855003142074 0.026750643715629886 0.08305637501000988 0.058758413724361275 0.04116187359321876 0.08111602739556444 0.07008458446248104 0.057659244312054936 0.03557809562190709 0.05835085896669207 0.08994479463026556 0.048412115127487027 0.08137245841164602 0.026564939435895628 0.031798617598582025 0.06284287835547829 0.06741816295405002 0.04143890630005023 0.0832198693824298 0.06248925666566231 0.015101189907654295 0.0217390015390198
 0.03296498046567049 0.046649207346570964 0.02720441421671688 0.06452369932544248 0.04015482495114557 0.040686939889470135 0.017937294023288523 0.01712107023873379 0.025641346090547266 0.04040354520789974 10000.0 0.014732621446127843 0.029788827236966194 0.05417185803025268 0.05366408415007612 0.033933749625758514 0.06044494147306943 0.0498123728706139 0.041645746752689936 0.042195351437406284 0.061846698324009734 0.05233389837586897 0.029779119474843966 0.058170582313987064 0.035297672729474094 0.03564061604464073 0.01583259923808385 0.051275928207515295 0.021255777584993127 0.05120602977174011 0.06018716664375104 0.02488403001364412 0.03908815815831629 0.022582518834293807 0.04922378331888544 0.052642959377967556 0.006807062139965424 0.05458879128769935 0.032204663838108986 0.05373059129929582 0.03561882558667821 0.06469304176195212 0.05364813277977798 0.060700461711792705 0.04904230485731346 0.028521486919269 0.049768244707128984 0.05012098708843854 0.04796188526884587 0.04092103105141356 0.02209139570924989 0.022081333127392532 0.05727606526430522 0.0365407890679631 0.04865694769898884 0.02192717168200787 0.03772007419742872 0.04140658439307374 0.029553322407111157 0.04553353322280796 0.044084118287900084 0.036211737943018546 0.04026300168663255 0.05532659258139695
 0.04769541290899958 0.047232966605242795 0.023154619702349735 0.051682231494067477 0.054860940702163144 0.047587603839968386 0.007494211716873016 0.03185354021208493 0.03999183021771671 0.025755892515721707 0.014732621446127843 10000.0 0.04420121423335353 0.0501242764518497 0.04337197872846465 0.048643186352455486 0.04660629120002637 0.05430094474506961 0.027075765299009808 0.037674946251897386 0.055835214641093305 0.03880272428804279 0.023307423702461638 0.06908214218355532 0.0210312790277674 0.05019591210019034 0.022072100705781666 0.057309986290115245 0.013312127331128592 0.059357397631034196 0.07064311794828178 0.025156775044199435 0.04010484916702767 0.007907922838461185 0.04325408410425436 0.042644285185217595 0.008436682666968771 0.048284107901677795 0.03860484602070328 0.040684623695193406 0.02275227406576521 0.051799280479378776 0.04297947128570041 0.04665711700078635 0.0597989086480939 0.038222322262738966 0.04142679877501974 0.05926950124368678 0.05468209275579742 0.04236470204952425 0.018591909850382927 0.03365635148405758 0.06897010137334626 0.03514994362175956 0.058698234194750995 0.014835194138709568 0.028751740464229594 0.0452507439775105 0.04324502934850674 0.03835728232245684 0.05844002102189718 0.04232334215547433 0.02786296927578747 0.04121452901822871
 0.009184060323062314 0.0638549935982345 0.05290762765075075 0.08927600407020649 0.015260917730897713 0.048515557682979965 0.04757441778061871 0.013967870272436945 0.015347329309517016 0.06994642992421556 0.029788827236966194 0.04420121423335353 10000.0 0.07628181731008891 0.08161968771432287 0.011013262363728158 0.08712428470656511 0.046270864308446985 0.07021843866111063 0.0660345339234836 0.08557179559489848 0.07871580031153484 0.05026494188711769 0.051162970328261205 0.06505573654727975 0.01536901846984971 0.036576312119034976 0.058285161286954004 0.04585958267286566 0.05345098220434298 0.05428270765291844 0.03930753837428688 0.04581284245344966 0.05176508512057755 0.06471207678097758 0.0804187207948873 0.03659256132797649 0.07907411031244435 0.04394865202738858 0.08327463260330606 0.06199441555476514 0.0895302607011763 0.07557765474788894 0.08777621065642724 0.02953965103998833 0.035029303112917215 0.06869888520479865 0.035034389224102735 0.054243846291607355 0.04623883067241493 0.04244622659414982 0.016951054251449216 0.04772283969127441 0.048137800495145794 0.031391805305202546 0.05024815274018864 0.05928398567041298 0.041893002703387756 0.020813328515213805 0.06341103565614122 0.02339197390455473 0.0340083350737065 0.06968468495437334 0.08265970056462228
 0.07337132739989444 0.016522992917728033 0.02750398670044407 0.08593927036004508 0.07749532194376631 0.03674563843154278 0.04265986395736345 0.06292867061078902 0.06277687980073934 0.04977092693877528 0.05417185803025268 0.0501242764518497 0.07628181731008891 10000.0 0.024854650384890032 0.07299898931826337 0.07676419780887402 0.10323366225312348 0.058040896296682055 0.012455799865270303 0.010350564954722032 0.07282748153811401 0.07259617898913054 0.06186864163224986 0.04476684230432541 0.0712432622982998 0.04053962203286583 0.0365681715615194 0.06300602605338684 0.04509138310795401 0.06087471649026721 0.0750184002578071 0.09008124895638812 0.0508293273878273 0.09147793456227267 0.02348025010146722 0.050047962739421116 0.008498644409928126 0.03496906156743138 0.03921087316757266 0.06437020325156367 0.08581120186988947 0.08511361128609676 0.07533445049199443 0.10198943651971347 0.0441574219273464 0.0874876126170645 0.10401022645718506 0.03799747945710896 0.09228205544963126 0.0687161415263605 0.07552025304263577 0.06545041709059837 0.08526735463753105 0.10213903772919536 0.03530531004131568 0.07558221420409396 0.09440389920146777 0.060410877459946666 0.08591931533562255 0.07479293945410197 0.09009535296412943 0.03477578678364744 0.07092256149911487
 0.08148218450410405 0.0377175158255766 0.029191482902163772 0.06476632622634389 0.08720441158535991 0.054724492166857854 0.036717533107995026 0.06766479220432944 0.07120856803641111 0.03087095491797573 0.05366408415007612 0.04337197872846465 0.08161968771432287 0.024854650384890032 10000.0 0.08166346946239646 0.054996874025692984 0.09711022554730221 0.039286399449959895 0.02185403174279209 0.021403324364111572 0.05270429399443424 0.06138969939944378 0.08142744615790326 0.02831358597707379 0.0811936937569845 0.04581929844947494 0.05803914633988987 0.05346401035483737 0.06546804044296593 0.08113639081951905 0.06760228228403989 0.08178564601013123 0.04012532784328008 0.07754215164640617 0.0015808721652278365 0.0474802807496302 0.016673322977852754 0.049373756026644934 0.014917694763961728 0.04879895912702231 0.0645663320323346 0.06725158863251474 0.05326494991314279 0.10239367773850276 0.056724251072146736 0.07185979028375526 0.10248011401304072 0.05832937944969566 0.08415710424825476 0.06020996966281059 0.0755480402619099 0.08408513471076827 0.07566115807031511 0.10162946878499017 0.031774055862418285 0.061560901027015995 0.0880233575591349 0.07094829954040809 0.0716528066783696 0.08692043813799558 0.08565002463382307 0.017168952170878302 0.049573959202485224
 0.0018308608993358676 0.059071405061318215 0.05247459521946787 0.09680753826564459 0.006222026560688279 0.041600888755268274 0.050488389790687226 0.01687683876925532 0.010502116273002389 0.07412182511079458 0.033933749625758514 0.048643186352455486 0.011013262363728158 0.07299898931826337 0.08166346946239646 10000.0 0.09376186468795139 0.05728240804322735 0.07555371813387639 0.06395511673913186 0.08281453551871613 0.08546452236970546 0.058574940104878286 0.040615872403085326 0.06864475012216717 0.004421877767864082 0.035852169334937595 0.050499209630191146 0.05285039503610009 0.04464583316107983 0.04382279216158864 0.048446772915299315 0.05630283462926712 0.05651479152255476 0.0743784328269415 0.08033415989283264 0.04038178797238501 0.0768837121886261 0.03877923318640333 0.08525980178320608 0.06861230158441943 0.09702926892081973 0.0839497763551759 0.09419584398211292 0.03915095245965195 0.029397270024203438 0.07774548613189773 0.04534457621605308 0.046470249338460244 0.05687156610578246 0.05049200245120234 0.027036932458261283 0.03693696153634172 0.058084527598575394 0.0414458805758305 0.05160430103812675 0.06752975877402727 0.0527927033604558 0.013157938188874023 0.07260471941359192 0.012623619510267439 0.04492740988871884 0.07163062011608064 0.08890833424596095
 0.0925461655250482 0.08294492968965111 0.05990424367162773 0.010069585013257089 0.09993170648148293 0.09078395252414306 0.048506431471663856 0.07697006127292141 0.086082858378987 0.027764908373312882 0.06044494147306943 0.04660629120002637 0.08712428470656511 0.07676419780887402 0.054996874025692984 0.09376186468795139 10000.0 0.07299842138933409 0.020980183369879148 0.06731217444822658 0.07615751164695726 0.008434972231856712 0.03890545087745137 0.11474125230387786 0.03395259757661805 0.09592131415072085 0.06749648558711838 0.09890469702619722 0.04126472973163168 0.10301801456249149 0.11595169413359013 0.05106235353724321 0.05688150746139527 0.038994847580642394 0.03936106332643925 0.05572512137462192 0.05494204201402768 0.07014355152515976 0.08215371360160618 0.04074234975551353 0.025181649790404846 0.00979077093226745 0.021240742461985488 0.0022930779239188686 0.09192467859623783 0.0839177967864288 0.03091460423417235 0.0876750216614895 0.09719902745897231 0.05887007157695251 0.04544647076824722 0.07219032417563188 0.11510115270710947 0.049790958959582084 0.0892997943688406 0.052933439819899133 0.030973860107229374 0.06574940552366022 0.08975715793406296 0.03479036176711886 0.10450429562640699 0.06868106281929563 0.04211143912355688 0.006038117844079111
 0.05545438121566228 0.09642769881781342 0.07574059520217388 0.06969136642086002 0.06074103308967515 0.08766435646595128 0.06163566907200534 0.04993957262621449 0.05857672405323367 0.0716733277033328 0.0498123728706139 0.05430094474506961 0.046270864308446985 0.10323366225312348 0.09711022554730221 0.05728240804322735 0.07299842138933409 10000.0 0.06655704148820181 0.09089637503020649 0.10986914367247262 0.06565167121230893 0.037979461908314374 0.09673748204049994 0.07058082618523079 0.0616311504852411 0.06537272702658777 0.09836207560022155 0.043861958208687414 0.09585934231850743 0.09967630585799328 0.029510494964970515 0.016667683073643094 0.05708029386616714 0.035368308295393135 0.0965433193878579 0.053191796106295465 0.10235632254629298 0.08027583430399535 0.0912700279889804 0.05438461494749535 0.07009681229200666 0.053350776510747745 0.07471483350127452 0.026827820566849774 0.07383317698530135 0.0433677297962195 0.019270080402064255 0.09458354162892539 0.014406394373573236 0.03699279334899362 0.03301167155610859 0.09369660214292067 0.023891800219018454 0.02308821423999094 0.06845832324720436 0.042997776627776235 0.009087713088106025 0.06478508333346762 0.038556259702190454 0.06942788578948579 0.013994372765859022 0.08048257457138068 0.07147067866848171
 0.07452063875863217 0.06257725102280816 0.03902783296774785 0.02862615653441945 0.08177546221369174 0.06980456732884878 0.02782625068390575 0.05868867608074379 0.06706753322748293 0.008502207574543338 0.041645746752689936 0.027075765299009808 0.07021843866111063 0.058040896296682055 0.039286399449959895 0.07555371813387639 0.020980183369879148 0.06655704148820181 10000.0 0.047580722879517666 0.0591173641480288 0.015037992821912491 0.02863444735860474 0.09395922294093317 0.0135368429264448 0.07724598087546454 0.046871991707363676 0.07798335240381492 0.025988030070200105 0.0820401052168659 0.09509144096837494 0.03930568364991315 0.04993012939238781 0.019174490421075822 0.039795775062079944 0.039577962764831616 0.03550506167148557 0.052368861281377445 0.06119229658059842 0.027762201052756272 0.012217624531927535 0.028581025971118435 0.027974478912067724 0.020459006354945717 0.08030992213355398 0.0632415206340129 0.033139564123871285 0.07761098109784002 0.07623014409213678 0.05226365198809412 0.03210098077033932 0.057079693171158664 0.09449022954036555 0.04281626331665678 0.07830154310293805 0.03195481182737391 0.024883108258556837 0.05800574145639162 0.07019177255639339 0.033914754712089844 0.08551454508170736 0.058604622218401126 0.02353867928873953 0.015045227443512124
 0.06410391312533419 0.01672068494675629 0.015173888357815322 0.07601369610059111 0.06895201661757526 0.03294502068606938 0.03021985693765206 0.052320846668262415 0.05350257897793649 0.03968513842618897 0.042195351437406284 0.037674946251897386 0.0660345339234836 0.012455799865270303 0.02185403174279209 0.06395511673913186 0.06731217444822658 0.09089637503020649 0.047580722879517666 10000.0 0.01980665667699538 0.06258520684531534 0.06026811738108089 0.059596664098186286 0.034062384524896926 0.06274402534627993 0.029582978924449697 0.036425602450655 0.050609853101091666 0.04363312687817056 0.05928243295292067 0.0625698657030144 0.07762936196759895 0.03865146712223116 0.0793548890537904 0.020273642947670034 0.037755663912560154 0.013042152071961126 0.0283132780509707 0.03345796770308726 0.052798946895507154 0.07592600687250027 0.0738712055426304 0.06609894577427472 0.090600348636701 0.03656348435769548 0.07567333932547682 0.09225054812353745 0.03651558722090828 0.07983436201379417 0.05626657940158675 0.06387852764947079 0.06236212976872043 0.07282240180601425 0.09056128798681289 0.022850772198343933 0.06357189466275517 0.08203121516703002 0.052046812362795986 0.07387428527564928 0.0674034426719388 0.07787135819999028 0.025412511282202913 0.06133238571425196
 0.08310836786545134 0.026792931761183348 0.03465287646905047 0.08578640666064231 0.08747023035027915 0.04708535380012691 0.04836943053129131 0.07198060959803307 0.07248980452288586 0.05062335546497977 0.061846698324009734 0.055835214641093305 0.08557179559489848 0.010350564954722032 0.021403324364111572 0.08281453551871613 0.07615751164695726 0.10986914367247262 0.0591173641480288 0.01980665667699538 10000.0 0.07328914984946532 0.07719980293299808 0.07195387430333727 0.04662682781886515 0.08121962852349711 0.04930442876870952 0.04643881372008475 0.06806921390602745 0.05513060083564348 0.07083426390639443 0.080990335852175 0.09591303778459748 0.055190545782477986 0.09517626710084387 0.020493719194211883 0.057049700565994295 0.007556498678342282 0.04516890142640636 0.036293788892764016 0.06706985222366849 0.08560792883784113 0.08692257909064012 0.07449705547191635 0.11040220258855324 0.05425807535177038 0.09040637062464014 0.11195734816924804 0.048106190403634716 0.0981897357749954 0.07423531496640333 0.08364662448170182 0.07564909272901234 0.09059966927803074 0.11033269545480325 0.041411220065742126 0.07909989092187504 0.10089796801699737 0.07039899446590762 0.08943222700275798 0.08500387187971267 0.09714515959295454 0.03564466621951813 0.07058784160869731
 0.0842265954504474 0.07759411997076457 0.053814620917021785 0.013666579175844771 0.09162072352481962 0.08409507191965808 0.041331437953508215 0.06870990008965448 0.07794356146945162 0.02305884498967853 0.05233389837586897 0.03880272428804279 0.07871580031153484 0.07282748153811401 0.05270429399443424 0.08546452236970546 0.008434972231856712 0.06565167121230893 0.015037992821912491 0.06258520684531534 0.07328914984946532 10000.0 0.030623690956848675 0.1074564178023335 0.028571107126417927 0.0876956867991452 0.06014352383121673 0.09261509878275487 0.032859152385405356 0.09628173404172884 0.10878981945655707 0.04275574833538666 0.049293771754034675 0.031413455296138135 0.03328313732452155 0.05321546728611941 0.04703446774998491 0.06681030127825308 0.0753291719129576 0.039451375954963126 0.016852434468993285 0.013659705387124244 0.01662641627666349 0.00947147629519413 0.08378208320282413 0.07656171757824613 0.02509562726706772 0.07973663721854601 0.09069946465558287 0.05137040999980567 0.03702577701450824 0.06375853678997191 0.10762366411011284 0.042112578568462365 0.08123086204373843 0.04635323326110939 0.02302712600421995 0.05809313994159561 0.08176290172292347 0.028158104129157244 0.09633109221453223 0.06066330517338311 0.038098577300899744 0.0059945848785994535
 0.05708700271703425 0.07053938884161756 0.04630198403716182 0.039348920332098136 0.06443883720665135 0.06935580910224422 0.030335165124671798 0.04285163362694427 0.05302709201841025 0.033851130049880204 0.029779119474843966 0.023307423702461638 0.05026494188711769 0.07259617898913054 0.06138969939944378 0.058574940104878286 0.03890545087745137 0.037979461908314374 0.02863444735860474 0.06026811738108089 0.07719980293299808 0.030623690956848675 10000.0 0.08791492584616703 0.03354788999898412 0.06156203756072557 0.0434438281171601 0.07956270277395924 0.010017718694559532 0.08051996466003714 0.08996456301683971 0.012164117151513868 0.02144940358439044 0.022009257823435144 0.02011053919557486 0.061084270533450724 0.027821365918160444 0.06969109076903307 0.06048143863576599 0.05380860250163138 0.016583185629784798 0.03963853937047861 0.025388119053108976 0.04009446972164065 0.053249379341983545 0.0581248459684762 0.020039162547648152 0.049645149685393186 0.07660630903202441 0.023821631160134082 0.008172135746438464 0.03413838669173672 0.08683720988340805 0.014589428779500452 0.05082829365985564 0.03777430784293184 0.009019137340142487 0.029371397882207852 0.05805250029345225 0.015811312465905975 0.07051890425050235 0.030490651662257676 0.044265652972414006 0.03578278053878683
 0.042329500001889994 0.045428489616468226 0.057392727224215075 0.12066089351254283 0.03965033091030317 0.026753421858336388 0.0662353182072761 0.04802692304168182 0.0383500575202753 0.08901385398336173 0.058170582313987064 0.06908214218355532 0.051162970328261205 0.06186864163224986 0.08142744615790326 0.040615872403085326 0.11474125230387786 0.09673748204049994 0.09395922294093317 0.059596664098186286 0.07195387430333727 0.1074564178023335 0.08791492584616703 10000.0 0.08251020555855268 0.03623201837508064 0.047313266339028624 0.025749946563727463 0.07925095110661323 0.01683960760448292 0.003400357331118682 0.08113141336619793 0.09260869834133659 0.07607557239107202 0.10689523416331385 0.07984980066504929 0.06151145599130825 0.06922681013840935 0.03368539677678167 0.09132715811046878 0.09183303816918319 0.12075623373088509 0.11147310358084064 0.11440177768309773 0.07965116462725991 0.030908346654074253 0.10793193916799562 0.08595804175428265 0.023871199681154878 0.09372123043574128 0.08003746258044547 0.06425114520034858 0.005257443669362441 0.0924110791141494 0.08205014401652477 0.0624526815593474 0.09583736885479534 0.09102552088558628 0.03217817855028575 0.10358687739297996 0.031192945299991087 0.08346300330888895 0.07965692177863745 0.10895249940188531
 0.06787216309539694 0.04911243826481144 0.026115665135049673 0.042114423581865 0.07480105226281629 0.05745904870907315 0.018267325076511094 0.05218934343906599 0.059240292126200376 0.006526816931391023 0.035297672729474094 0.0210312790277674 0.06505573654727975 0.04476684230432541 0.02831358597707379 0.06864475012216717 0.03395259757661805 0.07058082618523079 0.0135368429264448 0.034062384524896926 0.04662682781886515 0.028571107126417927 0.03354788999898412 0.08251020555855268 10000.0 0.06967530217539206 0.03643752611496545 0.06511134908087086 0.026841250308096004 0.0696949436672129 0.08338518558456072 0.04136792346190125 0.05458427500138124 0.01447792371016208 0.049262966276263684 0.02824312048534563 0.028529719606277815 0.03957610025170955 0.04914309862764538 0.020797274670099102 0.02061842998082793 0.04205360178063352 0.04045632031728548 0.03306689166397201 0.07995873666536793 0.05233553689999162 0.043900007569898536 0.07859483194122711 0.06359608872907901 0.05697634114503761 0.033746177435696106 0.054458456086343594 0.08348580188730172 0.0480652746334171 0.07852135111259718 0.020077301209184918 0.03325124290582299 0.061584525772357505 0.061432420177833034 0.04339093706567626 0.07736218278730032 0.060428652219299835 0.011260727410842436 0.027914954443447236
 0.006214349565815516 0.05680052662336009 0.05204488747216516 0.09933756522082364 0.006252421475308594 0.038604245384831204 0.05142090831563657 0.0190351238802647 0.010459485536619129 0.0753536688061204 0.03564061604464073 0.05019591210019034 0.01536901846984971 0.0712432622982998 0.0811936937569845 0.004421877767864082 0.09592131415072085 0.0616311504852411 0.07724598087546454 0.06274402534627993 0.08121962852349711 0.0876956867991452 0.06156203756072557 0.03623201837508064 0.06967530217539206 10000.0 0.03560527770716634 0.04707004349464667 0.05534872824734978 0.040844380405075216 0.03945662062102483 0.051825649530828646 0.0602538150871487 0.05810252913158081 0.0778983131023411 0.0798198065477617 0.0418118864881734 0.07554402052810576 0.03657622320686838 0.08555221627642313 0.07085959675750976 0.09954486653221173 0.08687239213037978 0.09626291909564447 0.04346658094918189 0.027197808891219703 0.08097823588763173 0.049742573135022526 0.04307151376986422 0.06089793253818751 0.05342227011630827 0.03093942152383594 0.03251690137672235 0.06177045594638844 0.04581824370538766 0.05190513213293251 0.0704501966359035 0.056990277769375236 0.010832775739737845 0.07591514818474732 0.008977751045916011 0.049146230819874195 0.07198289402505616 0.0909204812205643
 0.03566807290619945 0.031121341909837858 0.016649255500760615 0.073378085027168 0.04148677337300313 0.025924530757785936 0.019045934684664294 0.022756137386806766 0.025430766800430413 0.042741772657655504 0.01583259923808385 0.022072100705781666 0.036576312119034976 0.04053962203286583 0.04581929844947494 0.035852169334937595 0.06749648558711838 0.06537272702658777 0.046871991707363676 0.029582978924449697 0.04930442876870952 0.06014352383121673 0.0434438281171601 0.047313266339028624 0.03643752611496545 0.03560527770716634 10000.0 0.036162441892122754 0.03378049900645754 0.03739208911129279 0.04871199045940005 0.04043977411974995 0.054887264785354495 0.028772650291557244 0.06347012963166718 0.044504522417264006 0.015623144442524285 0.04258843706917289 0.017041162110939128 0.05017140957587163 0.044698805066685526 0.07346607681601144 0.06501184632405828 0.06723868766572208 0.061471462863852855 0.01642670134384924 0.06280804827128258 0.06380964632236048 0.033163849220470686 0.056745099149472136 0.03657216511881751 0.03528638476682644 0.04762748434939855 0.052009605642972426 0.06172937026824571 0.016908067244462435 0.05023352874331612 0.05713176661029337 0.025937365639653123 0.059174744924363656 0.04215702010557612 0.05158006631492936 0.03675879999799973 0.061773119402848804
 0.05165874345918464 0.020561479519063248 0.03901480507407652 0.10625622814446074 0.05267008306178653 0.01073745374774024 0.0521592493044052 0.049018055921258755 0.04295221874184694 0.07155041312874402 0.051275928207515295 0.057309986290115245 0.058285161286954004 0.0365681715615194 0.05803914633988987 0.050499209630191146 0.09890469702619722 0.09836207560022155 0.07798335240381492 0.036425602450655 0.04643881372008475 0.09261509878275487 0.07956270277395924 0.025749946563727463 0.06511134908087086 0.04707004349464667 0.036162441892122754 10000.0 0.06978289608379336 0.009028303727919422 0.024410740305421168 0.07615851219512548 0.09002308795250427 0.06265816894290889 0.09962119214382793 0.0564653846869615 0.05175577767866093 0.04435444480321108 0.01915016849627792 0.06965845349448924 0.07889986736419334 0.10626839983223933 0.09999410197462222 0.09814342136906434 0.08768008574792552 0.024576963858708695 0.09865749425147133 0.09230172286736704 0.004047282867943506 0.09167704238952391 0.07271654525106623 0.06570083626083655 0.029937834083666938 0.08781651243854385 0.08914177818177169 0.04629850526018261 0.08600218859566275 0.09095032928172056 0.03773557723507445 0.09522973856704295 0.04676954360964571 0.08437723181119196 0.059662085787501755 0.0928925600538351
 0.05153973230344064 0.06053244339531833 0.03639750311171722 0.04399128618929796 0.05894955357438669 0.059698589406472755 0.020481335031757194 0.036318976430152104 0.04605175795082181 0.02884394765656212 0.021255777584993127 0.013312127331128592 0.04585958267286566 0.06300602605338684 0.05346401035483737 0.05285039503610009 0.04126472973163168 0.043861958208687414 0.025988030070200105 0.050609853101091666 0.06806921390602745 0.032859152385405356 0.010017718694559532 0.07925095110661323 0.026841250308096004 0.05534872824734978 0.03378049900645754 0.06978289608379336 10000.0 0.07106828024093187 0.08114024135159117 0.014526848098748747 0.028335204743203068 0.013343157106905026 0.0300770795260295 0.05299696056988834 0.018212175770898693 0.06052334670518213 0.050772643449780684 0.047628779975699864 0.016180240628284673 0.044202650941600495 0.032393277881797244 0.0419488155800791 0.05446792839355021 0.04896847181354058 0.029060010045066073 0.0522754597274775 0.06691726913084953 0.030699644563521995 0.006906711786777217 0.03140621396194064 0.07850357654153875 0.022550633970386508 0.05262794697409587 0.027933043850583195 0.016626829382159015 0.034817094527580604 0.05054555411691898 0.02544965807890272 0.06416017020900867 0.033713593071169404 0.03665108878592103 0.03692186945018719
 0.04599751694889297 0.028734835239496388 0.043733042355118684 0.10980882291451667 0.04601497013684654 0.012245577841077528 0.05511050971589452 0.045939346058093695 0.03842694044054738 0.0762121916535755 0.05120602977174011 0.059357397631034196 0.05345098220434298 0.04509138310795401 0.06546804044296593 0.04464583316107983 0.10301801456249149 0.09585934231850743 0.0820401052168659 0.04363312687817056 0.05513060083564348 0.09628173404172884 0.08051996466003714 0.01683960760448292 0.0696949436672129 0.040844380405075216 0.03739208911129279 0.009028303727919422 0.07106828024093187 10000.0 0.015840140708155145 0.07578951256570038 0.08892597326401754 0.06547791244094213 0.10033203403567238 0.06388725466840936 0.052856324975872546 0.052599694054048254 0.02097471455888743 0.07625633911683882 0.08168366904919178 0.10985509295126343 0.10233664672125523 0.10243083065917422 0.08298844089192245 0.02282875655428383 0.1001277103378392 0.08818462618821032 0.00718985507253432 0.09040058969199533 0.07319664041340586 0.06286977228088539 0.020911195799335307 0.08743147897106002 0.08475822011186147 0.050085311277370766 0.08759859092467122 0.08897157633381671 0.03263896111386001 0.09632282472163696 0.03933642378999254 0.08198976818409054 0.06540276877960223 0.09707184460816382
 0.04551849693931246 0.04456925852213238 0.05795316229664722 0.12208503746767572 0.0429886756887093 0.026778586738899858 0.06748529261986382 0.05068001548436333 0.04117752337429809 0.08990504991374504 0.06018716664375104 0.07064311794828178 0.05428270765291844 0.06087471649026721 0.08113639081951905 0.04382279216158864 0.11595169413359013 0.09967630585799328 0.09509144096837494 0.05928243295292067 0.07083426390639443 0.10878981945655707 0.08996456301683971 0.003400357331118682 0.08338518558456072 0.03945662062102483 0.04871199045940005 0.024410740305421168 0.08114024135159117 0.015840140708155145 10000.0 0.08348933804582868 0.0952203195911426 0.07747619107411581 0.10911732918578265 0.07955589461078057 0.06324779015643342 0.06843813928948973 0.03430697796928221 0.09146846329862354 0.09336847176354503 0.12216927980116726 0.11324738111225378 0.1155495483655031 0.08290602786608547 0.032424595340122556 0.1099478175834501 0.08914791233389746 0.02302342498624486 0.09638072468884562 0.08215979241443938 0.06706598336358843 0.008496651584070812 0.09484683235258277 0.08526817363346534 0.06338871511015948 0.0977552235322901 0.09383053668759828 0.034978049142662386 0.10568888048422499 0.03457268186255875 0.08631800359309048 0.08008782292804204 0.11011658953800747
