NAME :TPP_input_18_5_2
NUM_VERTICES
86
NUM_CLUSTERS
18
Full Matrix
 10000.0 0.0416775789346474 0.04163042936770583 0.08427616578619385 0.02301597692911969 0.06925300825104966 0.08448941847327789 0.06580222657454723 0.0292291228896683 0.012186816494872736 0.0783874571611147 0.10176340888824323 0.04014666667005345 0.057965399707705915 0.08897130522779324 0.07858574799717677 0.036973776054374984 0.08463801648169902 0.04084934470855797 0.021606245047153614 0.08361754253083198 0.033567143547468835 0.04066355834745427 0.037247320214451096 0.06156878894451425 0.10625284873716878 0.012318543936031807 0.07702005656299317 0.012490779947899877 0.02074228127745651 0.029430027633088086 0.014650844574045325 0.06422735827743933 0.06423370776455845 0.058773209679363475 0.06362932533269343 0.018978648046892508 0.08265365510718493 0.05840859818310463 0.06829160185107498 0.043216854668758964 0.08638555164311504 0.03221417174819514 0.08389155157987242 0.05716808903093273 0.05097224436276348 0.08119244967673583 0.06701212032490858 0.07386916332656053 0.08357203735251385 0.09387490847839935 0.061258370795972766 0.02888541036345474 0.09340408613212582 0.018793827100988446 0.07168061306645197 0.011586662258514124 0.028767408597049342 0.07912601310104744 0.058387694937354 0.07398222461944842 0.05600202617039554 0.018643163813628787 0.02303501719213991 0.05919857931669315 0.020256952540322986 0.012812681382213616 0.079797686459953 0.04711121242842132 0.03984190805717801 0.06424889483563377 0.01954722369905216 0.08491775791392568 0.04161140919947547 0.066167691870467 0.013803704788660052 0.03874218262689366 0.07421638597960233 0.04653292410426391 0.07161007183533075 0.04246141661419398 0.035189792239757475 0.07261065785490775 0.08361856132415667 0.006473531666027048 0.05162685129422081
 0.0416775789346474 10000.0 0.06589291289149636 0.10377934913724696 0.05342876471729879 0.0827721087677592 0.10301017884586308 0.03081811311447172 0.02063094996850825 0.03765182938563316 0.08947840651597973 0.0908305443317776 0.04686570667449657 0.06372848527821674 0.09768264570854827 0.07431678683246622 0.004796240020292069 0.10294788229092829 0.06597703835116486 0.06176169253076027 0.08825789018018312 0.02010553051773787 0.0013239381951729615 0.05512430446115939 0.08321635615367677 0.09350699643491325 0.030592037807190414 0.0853247168198299 0.04735464177760317 0.03275281055703838 0.019497568409942507 0.0359852780959994 0.030593863278590504 0.02578076566678104 0.056700237295862196 0.049472432139006664 0.05906606725415845 0.07676736738103443 0.08204632051570243 0.08154156433771703 0.041871550964836496 0.09446465948403777 0.012091667419975704 0.07970505094229288 0.05364841830279785 0.07044141011973856 0.09840901519080784 0.044892235977940044 0.08353482614652016 0.053053540326496444 0.09568233439057004 0.07142410764955463 0.02001656322931523 0.08631542603466733 0.03602220438468186 0.0870834442486766 0.04996609994947632 0.051114922567854 0.05291597041049922 0.04333359784269575 0.08425289914260731 0.030142208353436364 0.05265804418333607 0.049780490893520865 0.06543215363991552 0.038489231453370056 0.04367876599525198 0.09191391477133334 0.017019373501640903 0.043002270337761814 0.06534869398991192 0.057090408523457405 0.10812598091698104 0.06729100331413014 0.07829302132248872 0.05547988977234728 0.010491869360716184 0.03344181873070721 0.07077616348411946 0.07773988589293997 0.07528139437966663 0.05416298996166905 0.07298434803917346 0.08313365682166549 0.036007447869771406 0.06868779631060155
 0.04163042936770583 0.06589291289149636 10000.0 0.04267036887506683 0.018699312757850816 0.02960672892094392 0.04285998698086384 0.07374286147159646 0.0452969593411232 0.0335745917769708 0.03911815782817835 0.07577415150309998 0.02442260027160955 0.02810841076803977 0.05007383729107391 0.051104882169254566 0.06280472655240162 0.043012476493846666 0.0013933649937009581 0.03188491848112548 0.047785251743844584 0.04676881166254095 0.06456958556936047 0.011887653629766879 0.01996886301643224 0.08125559725733653 0.04993807702677836 0.03958587026762311 0.02920909899738804 0.03382230906567462 0.046411652452878926 0.033422661342817045 0.07118714241981194 0.07696456979721499 0.03673288831534347 0.05132839203479882 0.031884778137824074 0.05565713952768761 0.017204654103538046 0.02891552611840533 0.032829122738853724 0.048042016191419755 0.05385141439147302 0.05510176290566225 0.037580253924279244 0.010537281137104124 0.0396788972011947 0.061106163775176144 0.03597686051008716 0.08141822491492093 0.058746467905694655 0.025700781067850433 0.04588017794809877 0.06535430830415787 0.031285323660342874 0.03094182993681501 0.03160390285078099 0.01518737016057253 0.07330055062202424 0.04975685448684826 0.0356823465128326 0.0590067284042383 0.0236830114345776 0.019122493315184584 0.02826344558340498 0.02846673444722544 0.029377309193697076 0.03990242151641475 0.059277482674219034 0.02852948187797364 0.03630541009489923 0.026527875770058742 0.04412481402449138 0.00235121000189878 0.02784077735302964 0.0402082574074793 0.056942547712828126 0.0891654127033046 0.005144971692537768 0.03675682611878781 0.016349852709960425 0.01209127689543666 0.04250368800371402 0.0517270686461213 0.04077086188399938 0.013029934378559163
 0.08427616578619385 0.10377934913724696 0.04267036887506683 10000.0 0.0612774459443987 0.022702583849107883 0.002490448486226181 0.10216244202090073 0.0836088927167949 0.07588118803257567 0.021827403001733282 0.06993610875012483 0.05697676325047315 0.04315563715642464 0.02574554548273593 0.052424202424423395 0.10161121242134147 0.0030114760817988944 0.043427308349717475 0.07146664550726255 0.034480674214807765 0.0836813944968054 0.10248427933615062 0.05003392571003055 0.022708198468904397 0.07550102763486867 0.09234464221989538 0.028134352022559594 0.07181524362013907 0.0744228707591391 0.08477636277001283 0.0753676953642244 0.09944631054366286 0.10781409813158652 0.05421922033104256 0.07066180234743158 0.07229432164189493 0.05547211168008238 0.026130897499916303 0.0239023312369246 0.06317586276930212 0.026995573783796703 0.09238117166418865 0.05226929481511803 0.05711556749473439 0.03438078704145828 0.007062296983844401 0.08247271401555557 0.026738066774607033 0.10094068112294541 0.0414713606233131 0.034232974083101525 0.0843672252379861 0.05950373868590196 0.07258819998455555 0.017667793243892185 0.07387956931509061 0.05693962466717442 0.09142435382508426 0.07291515744638666 0.025500595006138337 0.08747106675071938 0.06602044097255975 0.0616888978814511 0.04159396520519 0.06975770054330668 0.07201761419173902 0.019088290483540712 0.09288237697402034 0.06103122938979135 0.04665216108944238 0.0677343136098736 0.010128022813853511 0.042706873504438074 0.027373383529978475 0.08134483386989505 0.09370295983751999 0.1197920587747066 0.037749515858583216 0.03452857992364183 0.04715382882870696 0.05159101964670936 0.0447921716989904 0.0449717472932456 0.0833206907496856 0.03532961241758111
 0.02301597692911969 0.05342876471729879 0.018699312757850816 0.0612774459443987 10000.0 0.047349555012949095 0.06153502807877822 0.06846611663458269 0.034115393553409604 0.016835811791728012 0.05673705167838285 0.08695125251284917 0.026171732345422655 0.03980094377115444 0.06757473175280625 0.06247991113266725 0.04956659386141049 0.06169596012794024 0.017856312216251554 0.017332274189391258 0.06364055902048091 0.03703334477664902 0.05215238906148888 0.017324373226350342 0.03857622691763881 0.09202760123704684 0.03230825704446842 0.056204804037143175 0.010538153525507027 0.021014639184579464 0.03502422358952786 0.017727824573019083 0.0662307978375684 0.06972223416086816 0.04429489481952765 0.05455941126137141 0.016091153957664306 0.06690767327232167 0.03540001193177209 0.04649668742116553 0.0329597211052471 0.06524157558932481 0.04151954806682444 0.0672974982065122 0.043775543047274136 0.02850956490767451 0.05836974758691332 0.061682793982121745 0.05280237628786057 0.0810688941815371 0.07436842507057051 0.040885091697417046 0.03440671137143284 0.07739048286486944 0.017514559711065327 0.049287458927242865 0.013086498174138692 0.009427991930823445 0.07440425479907002 0.05095326532696879 0.0527336875563363 0.05515014264420672 0.005331788050690788 0.004634184424702676 0.04064870224204508 0.015398326823490151 0.011461461542656983 0.05785677927184936 0.0512920306091651 0.028331227240520604 0.04732774415206164 0.010345567499168462 0.06201980560738301 0.01859545790886787 0.04478982389167438 0.022708594007224164 0.04623644000268919 0.08138994692966435 0.023527994764247395 0.05185401244796314 0.022039275711930994 0.015275467476059575 0.05505062980704217 0.06551542302787819 0.022938212938422464 0.02975872216790306
 0.06925300825104966 0.0827721087677592 0.02960672892094392 0.022702583849107883 0.047349555012949095 10000.0 0.021244893873514147 0.07948948729597893 0.06322165664836638 0.059087951000725975 0.00951290182083975 0.05438016425903817 0.03606624815740755 0.020513797066861038 0.02047186890169969 0.03273522142508125 0.08103901402503173 0.021046410937764052 0.030848340002430186 0.0614680043191073 0.020384571063368304 0.06272839569526455 0.08150855774081822 0.03228034988245466 0.016299258091007258 0.06013530842154413 0.07529736475914064 0.011476659759554995 0.05738257108751695 0.05573039937874126 0.06437817607224225 0.05798747284691003 0.0767746307292716 0.0852660653055523 0.03152809108664713 0.04808692306005936 0.06148488800376594 0.03659383016778958 0.02058641958245671 0.0012461095203865902 0.041308697951605154 0.018594761200122416 0.07186240588947305 0.03423260776624596 0.034412987437013716 0.019095458518064504 0.016214411749753736 0.05988404414831579 0.007929764680598752 0.0787020830105809 0.031008574902242632 0.011700194701706995 0.06403777920120407 0.04340311296347905 0.05458874786905215 0.005101024558286243 0.06043011861555365 0.04051585057795661 0.06926034372321428 0.05021324814051596 0.0070621792096887325 0.06486217296930441 0.052620473817773294 0.04626954561051934 0.018920252051560827 0.051893757280050024 0.05645913835999866 0.010547874501097674 0.07084814997256106 0.03977396315980273 0.024240014480845867 0.056058189304964506 0.03049202698321158 0.03083570058905255 0.004706228974138977 0.06964078795887432 0.07246352597166125 0.09718126452372439 0.026310234528407313 0.01378897108335555 0.04136287440247235 0.03423488177202875 0.024011252011495517 0.028120087075055925 0.0669394633672448 0.01765995397171976
 0.08448941847327789 0.10301017884586308 0.04285998698086384 0.002490448486226181 0.06153502807877822 0.021244893873514147 10000.0 0.10072466573220107 0.08295788737410936 0.07582367234386485 0.01964129405945284 0.06750258800310177 0.05615485091372896 0.0417576370574584 0.023256914452225493 0.05025276599300454 0.10094230886734343 0.0005282136865315104 0.04368288361133316 0.0722316672068089 0.03210716109046813 0.08290468619174678 0.1017217950208211 0.04970994339688197 0.02300152804731088 0.07305701327132996 0.09229219728871982 0.02597308620014936 0.07206227612424118 0.07406700410090829 0.08412484997391403 0.07522196467431852 0.09801069327966434 0.10649777788712594 0.05265969039563823 0.06897348396744081 0.0729739351696039 0.053226389654648674 0.02671137850029496 0.022470037566012784 0.06212898566798333 0.024536801788084643 0.09171405552244741 0.04997886575878363 0.05560142666244951 0.034165001138869514 0.005127616259678485 0.08078484800384432 0.024757159166049647 0.09908498921482392 0.03898785832109047 0.03289269178884397 0.08372952600200317 0.05710295291434341 0.07233872501425287 0.01632598328053073 0.07425787253309962 0.056848629819011086 0.08955173862914899 0.07138161919547642 0.023534010865798104 0.08610558659295386 0.06636887266110168 0.06175986690090778 0.04016367036271023 0.06951973627785027 0.0721183104921153 0.01684455420442397 0.09180687263567573 0.06014237728620884 0.04492547164888672 0.06829443556460932 0.012612922149554546 0.04303238077012657 0.025947577049700955 0.08195838426811278 0.092866524602937 0.11842561149485566 0.03804090389978927 0.032575048902659436 0.04817713787827825 0.05133495836017037 0.04276585046601382 0.042646516758278664 0.0833444480747332 0.03484381484232574
 0.06580222657454723 0.03081811311447172 0.07374286147159646 0.10216244202090073 0.06846611663458269 0.07948948729597893 0.10072466573220107 10000.0 0.0368758614460921 0.05724315710537939 0.08333762998847241 0.06875578585902625 0.04958351671528951 0.059007869267042504 0.08869897195226567 0.05932094362605987 0.03464735516328218 0.1005086835037539 0.07439742472266822 0.08192196676707719 0.07754065818482554 0.032796779956270256 0.03085444252498051 0.06186310754262439 0.08585992823459945 0.07003145048659938 0.05740658764902905 0.07776231146024148 0.06665718433546478 0.048859287196151416 0.03649635543562507 0.05469934179543288 0.002717268788416285 0.00835978314278459 0.0482196427912573 0.03345007772664325 0.07944972326305663 0.060100609141192765 0.08635006921059653 0.07827472575650735 0.04140091304008931 0.08541795768481493 0.0344093477368824 0.06380974746628382 0.04518081722299058 0.0739110188275529 0.09565227870015734 0.02303869156009877 0.07727474502346626 0.02268812822701048 0.08192733452480475 0.06794712599581058 0.0370777338856753 0.06736588280667245 0.05241742497697327 0.08449483285266857 0.0704765978524958 0.06217523015279334 0.025037347947494085 0.02958255502605097 0.07832000901518599 0.015022023074945016 0.06999580768787177 0.06392012268972223 0.06057276984336826 0.053641573059230827 0.062424887117472794 0.08618549585689898 0.01869143138998774 0.04531214692556091 0.05659744718725448 0.0756964486363309 0.10896241086804524 0.07579522005038884 0.07479806009349876 0.07876770527863523 0.02769593502951624 0.018072135942025704 0.07754217398152875 0.06990986147387991 0.0875131630183261 0.0619658353256142 0.06180014004199465 0.06942437337759579 0.05936201258238293 0.07085794109806709
 0.0292291228896683 0.02063094996850825 0.0452969593411232 0.0836088927167949 0.034115393553409604 0.06322165664836638 0.08295788737410936 0.0368758614460921 10000.0 0.020530628557970325 0.0705545414477085 0.07990708116236347 0.02717273591884858 0.04530440229616349 0.07949031602267566 0.0598402656765494 0.018007922567653437 0.08292353040135994 0.04541825251060375 0.045457374489205137 0.07100558287439836 0.004388123801028133 0.019307246480685186 0.03451386798020661 0.06268657492296852 0.08356659610053552 0.02312898670422444 0.0669723591292802 0.030217506471216654 0.013125042340623574 0.0011674704585596743 0.01813294902206907 0.03514281642825807 0.03643659435330165 0.04045245814612211 0.03870246767571775 0.042899092544591726 0.06307461200719569 0.06142972012454573 0.06201447207282045 0.023980379536490806 0.07637512359405325 0.008784704399184511 0.06538193058883734 0.037770055013011464 0.04993193502083562 0.07849258268040205 0.03924841086379259 0.06480461075751424 0.05449718429542668 0.07952294490712192 0.05224189897703428 0.0008941333716181591 0.07345022264349688 0.01671265924789783 0.06729081275780917 0.033793043975901035 0.030687270640090816 0.050700736513458605 0.03267129195047039 0.06539975416750032 0.026968927619034067 0.03440021350998399 0.030050196817699756 0.04696033951194146 0.01873607196479264 0.026068069245245653 0.07281528246915674 0.01834012243278383 0.023794464113581486 0.04843286896824225 0.039664882907006954 0.08763078807062512 0.04674739579958461 0.05890416035869126 0.04190488909849084 0.012138297887510627 0.04762161549595506 0.05015399784390003 0.05975603539457519 0.05544991035372946 0.033532051406548885 0.05665594363941213 0.06746402291934861 0.022756111767855802 0.04834928522381178
 0.012186816494872736 0.03765182938563316 0.0335745917769708 0.07588118803257567 0.016835811791728012 0.059087951000725975 0.07582367234386485 0.05724315710537939 0.020530628557970325 10000.0 0.06792907425684999 0.08957709501791881 0.02810063914372769 0.04630467139989005 0.07826132348474499 0.06647864894947578 0.03346218174640782 0.07591745435076169 0.03310442232119092 0.024962385113202194 0.07225911105542365 0.024450021424414024 0.03643427689615783 0.02681088438693579 0.05334531033945552 0.09407072420379278 0.01646869384309896 0.06606829489264404 0.009850873781527374 0.009163537010752463 0.0211187240427357 0.0027365580178365465 0.05537265162411908 0.05693430721045215 0.04661727216199957 0.05174844172117532 0.022379557424644404 0.07051235932367887 0.05077701914132488 0.05804872673792414 0.031061744591524394 0.07554002256670327 0.026265103509084273 0.07181586531395043 0.04498324325111805 0.041718301267407866 0.07212666584507649 0.05585432771132881 0.06307930561642869 0.0733401482181184 0.08230916446709963 0.05027296231995869 0.02049778771289159 0.08126385639105699 0.0066534312721938625 0.061985521705709284 0.013264883071141577 0.018982278458562644 0.0682322996661642 0.04670642896240412 0.06329713668297449 0.045948151188729844 0.015072064443995132 0.014564666623245019 0.047617573135890434 0.008151745262264573 0.006032365522650604 0.06955843525396932 0.03885039829461792 0.027658054795305094 0.05229478774074502 0.019546801527990897 0.07768795941120116 0.03413970883760835 0.05565210120959504 0.022115738973407437 0.03193375925903185 0.06789068270563411 0.038704843227388486 0.060260933094309986 0.03877892057006865 0.02489957692361691 0.06070626392007747 0.07175881306159804 0.007918217734806181 0.04174273179727142
 0.0783874571611147 0.08947840651597973 0.03911815782817835 0.021827403001733282 0.05673705167838285 0.00951290182083975 0.01964129405945284 0.08333762998847241 0.0705545414477085 0.06792907425684999 10000.0 0.049172355240810324 0.04347161400266293 0.025828321031258098 0.01095951039455053 0.030611942683875685 0.08809455968661278 0.019244103427474464 0.0403612400596184 0.07098060496728284 0.013531049206306512 0.06965078892903666 0.08824988692977312 0.04121744394778911 0.024474371687025 0.054867063495158366 0.08396381976329188 0.006339929599248131 0.06666131676399045 0.06400998640129182 0.07169199789063964 0.06668346356656961 0.08065120845317848 0.08969705539814803 0.03521819290724604 0.05062374462437072 0.07099261226454731 0.03366583429671702 0.029007392291741804 0.010254129797168212 0.04762261519909727 0.009289373340909462 0.07902530616621391 0.030554007792329106 0.03834752202379645 0.02859999003508395 0.014806780248869781 0.06235486121108891 0.006113168414793423 0.07997649285658137 0.0229813607471571 0.0183545441874562 0.07140017305204885 0.03841198346501547 0.06312928431497164 0.010041726415589527 0.06980195970758425 0.049620070603809456 0.07040929683657923 0.053756304783271265 0.0052387871336146445 0.06920620588598748 0.06202782443667481 0.055486470216930636 0.024119138689865666 0.06050644933268465 0.06557604440182016 0.0029362349434565154 0.07650345225325793 0.04679553360058034 0.02675280543489818 0.0655513854792815 0.03141283122783835 0.04034086985177286 0.012277040207340165 0.07910967349294658 0.07904191532280265 0.10130179277734695 0.035771657458599365 0.013575896066356999 0.050515418778503754 0.04323308999467552 0.023335323066879483 0.023424014530500872 0.07582295141129455 0.02698274747406382
 0.10176340888824323 0.0908305443317776 0.07577415150309998 0.06993610875012483 0.08695125251284917 0.05438016425903817 0.06750258800310177 0.06875578585902625 0.07990708116236347 0.08957709501791881 0.049172355240810324 10000.0 0.06208057849094518 0.047928084546649076 0.04480223479573981 0.02473701440052759 0.09205988755966012 0.06701635705445334 0.07715510634472213 0.10416359090989301 0.03570659046899496 0.07653976476628718 0.09004684141461371 0.06994695669351039 0.07030344563708897 0.005755145922366328 0.10142119087471044 0.043686621002077326 0.09361277466325243 0.08162064489138215 0.08065269437111204 0.0871940547877426 0.06684967124630697 0.07707248558334953 0.04319913441935955 0.04171852152649584 0.10304084485903818 0.020197695741671347 0.07413621730847215 0.05398805589696093 0.05872850392550582 0.04301504233184646 0.08539183947178337 0.020858203616823796 0.044598921952726654 0.06708029213573938 0.06334971720985831 0.04692312939966771 0.04667912467567087 0.05260868219197117 0.02941716279300104 0.05095182170147391 0.08075586268151956 0.010980664003395113 0.08301156184222265 0.057991823969737094 0.09787523307656408 0.07757541321471265 0.04505130013402243 0.047957035323940425 0.047790245981784704 0.06117850797180801 0.09182498766341178 0.08345524133114834 0.0475629454721311 0.08155939790944049 0.0905679304508063 0.05141741540888089 0.07389146074994493 0.06192467855505456 0.03988789960654923 0.09729034057587779 0.0799825396415898 0.07790990558920666 0.05238623523289605 0.10852548795613869 0.08153984192918665 0.08498615311488626 0.07518910281798317 0.041296623856636204 0.0914013262786955 0.07185808260425139 0.03333814188693363 0.026267847620312715 0.09663214538800687 0.06346683924342846
 0.04014666667005345 0.04686570667449657 0.02442260027160955 0.05697676325047315 0.026171732345422655 0.03606624815740755 0.05615485091372896 0.04958351671528951 0.02717273591884858 0.02810063914372769 0.04347161400266293 0.06208057849094518 10000.0 0.018978594877395002 0.05277031774559004 0.03845872199547239 0.04498127878816578 0.056086867801254096 0.025236704619298608 0.04340629988029728 0.04523549167560544 0.026763527260669193 0.045582876363615354 0.012805081435015474 0.0374174332613793 0.06685774449790685 0.04234818794891623 0.040243951970803556 0.03157065730181372 0.021645376617213052 0.028324943674601002 0.026027460621650695 0.04697894251131057 0.05341851569777647 0.01888169550645199 0.028736791349284415 0.041870289103252516 0.042594049787822094 0.03721132367641349 0.03485347576205413 0.008409953300029523 0.04975469140936033 0.03579652359066457 0.04374505690770952 0.017833993055672334 0.024849055272939007 0.0515454632948326 0.03724962137829285 0.03784006812045796 0.05741830570749931 0.05475821791932386 0.02512237677404575 0.02799955222289695 0.053330329984273936 0.02190980805982852 0.04024307789582974 0.035886087923361516 0.016946166943960023 0.04976746758385701 0.02598924786831887 0.03836648953527288 0.03470448358482461 0.03045700403629807 0.0220501519569524 0.02050610673842464 0.019948897321039858 0.028500765785151778 0.045673265836771705 0.03665830553563485 0.004356823641306528 0.02423161092107962 0.03632427418832787 0.06190060178847303 0.026606391347785238 0.031731773736409376 0.04654949653298471 0.03672648070088619 0.06567281772964607 0.027970758921124786 0.03347355934883713 0.03952460250965909 0.01355794662193396 0.03268217490249444 0.0437676247554277 0.035706721526898584 0.02237240534401862
 0.057965399707705915 0.06372848527821674 0.02810841076803977 0.04315563715642464 0.03980094377115444 0.020513797066861038 0.0417576370574584 0.059007869267042504 0.04530440229616349 0.04630467139989005 0.025828321031258098 0.047928084546649076 0.018978594877395002 10000.0 0.03419276256973993 0.023191273345557272 0.06251759689076501 0.04155979299982022 0.029462635597626973 0.05667706840238258 0.02626180751116053 0.044060771772212556 0.06251427617057266 0.022487029515593542 0.029305124929147375 0.05330655899073721 0.06121546050472052 0.021696062472839527 0.04783096477514763 0.04056727269562713 0.04641216018155656 0.0444988532259516 0.056291465294780234 0.06476081769635558 0.01163732383788241 0.02853879993527393 0.05579361767882057 0.027733342328847204 0.03144662975032914 0.019287886792965225 0.021859605878822186 0.03107107093466396 0.053560728911552724 0.027643252695498832 0.01418633611199751 0.020887161628743975 0.036721210147544335 0.040141262856547816 0.019820020204178238 0.05971895745569074 0.03601235417512128 0.008958597214652302 0.04617406458212655 0.0378537195507996 0.040512488365756896 0.025489190680216822 0.051776343281840484 0.030741701974014345 0.05055554297019319 0.029929556784531183 0.020589570904617445 0.04434838148531914 0.0449446604723343 0.03688717871893722 0.0017092785982482108 0.03826112921480128 0.045555504224875774 0.028392399245326813 0.05076377855008705 0.021576805730901528 0.008197130492984405 0.05000808950630624 0.05024464945975075 0.030342800963161033 0.015810081841895442 0.06219226037594222 0.05326732771948566 0.07666798190820887 0.02837638904481457 0.014539310791914796 0.04420817155162794 0.024525898593363862 0.015252467488720445 0.025868396762929284 0.05412574367169215 0.01700432932727082
 0.08897130522779324 0.09768264570854827 0.05007383729107391 0.02574554548273593 0.06757473175280625 0.02047186890169969 0.023256914452225493 0.08869897195226567 0.07949031602267566 0.07826132348474499 0.01095951039455053 0.04480223479573981 0.05277031774559004 0.03419276256973993 10000.0 0.0315710892659608 0.09665156976252755 0.022741954508470563 0.051319896704457114 0.08193986911635849 0.011664982002690269 0.07820940552193859 0.0964963124856414 0.051729098712230824 0.034793300384042325 0.05021509992549018 0.09409428363938888 0.01253381586445281 0.07739236448826381 0.0738529962917771 0.08060156268239703 0.07688848794901898 0.0860755689378236 0.09559407281736337 0.04169717619454294 0.05532107393381042 0.08194237732182068 0.033319120731464105 0.03937632015860217 0.021177964588540172 0.05593304336686811 0.003298333305267048 0.08774113548036906 0.029561914767949758 0.04487931039848187 0.03955003462305117 0.019949201574011196 0.06664508614004232 0.015189389958454319 0.08263423194617471 0.015770032072989694 0.0280778783394699 0.080357353864404 0.034905103456759255 0.07320879234986523 0.020322111488145042 0.0806167988654298 0.06023000433019293 0.07310635359435336 0.05935534683835295 0.014991282660384112 0.07527084160581522 0.07288007690450671 0.0661775963449964 0.03253025880380533 0.07066070679490985 0.07616198590792303 0.010754735620197905 0.0837743572396534 0.055723418137690724 0.03286240646320254 0.07648510150495957 0.035868262460479146 0.051298543954453775 0.022843648688492445 0.09001627381403444 0.08719286319910559 0.10677044599907734 0.04670782953293443 0.01994588368393714 0.06122782283894977 0.05378152930121814 0.02691880495182784 0.022071574533362528 0.0861756869109534 0.03782155012363349
 0.07858574799717677 0.07431678683246622 0.051104882169254566 0.052424202424423395 0.06247991113266725 0.03273522142508125 0.05025276599300454 0.05932094362605987 0.0598402656765494 0.06647864894947578 0.030611942683875685 0.02473701440052759 0.03845872199547239 0.023191273345557272 0.0315710892659608 10000.0 0.07451506696039217 0.04985180869333603 0.05248000327202209 0.07959764257131063 0.01991292275851587 0.05717239215049559 0.07331504159381068 0.045337347896947565 0.04751842841598458 0.030154138029308747 0.07964657913410708 0.024290025216188206 0.0696435702384649 0.05918867027346431 0.0607567575513127 0.06427301377428142 0.056849642231295225 0.06688969862151078 0.020015301446769343 0.026311381027417754 0.07856371565601833 0.004553085047160487 0.050923428189455625 0.03203160938828836 0.036670712797926955 0.028567363435210633 0.06664879804215193 0.0055432167457164375 0.022237130918459937 0.04274866181189225 0.0453770735996126 0.03644686923770121 0.02609116236600296 0.051119730107301545 0.022612784129570806 0.026883474646324686 0.06072887450271999 0.014956196668916191 0.06009520614831882 0.037221551311643 0.07381030049374522 0.053173874403997304 0.041632748840784974 0.03170930632229394 0.027339563615776035 0.04752495212072572 0.06745899012254775 0.05916500924094679 0.022852562189174856 0.058342740588114235 0.0668543176318893 0.03343246589993772 0.058355127145779694 0.039047199401804615 0.015201169609931165 0.07279228589418664 0.061790936825587166 0.05327083165618072 0.029682573369514284 0.08440691355335005 0.064148573306413 0.07723703977436391 0.05075513296292286 0.01894672996533121 0.06690189788042103 0.0472887842259197 0.009147346590862256 0.01020523273781276 0.07390047482169973 0.039032316039496064
 0.036973776054374984 0.004796240020292069 0.06280472655240162 0.10161121242134147 0.04956659386141049 0.08103901402503173 0.10094230886734343 0.03464735516328218 0.018007922567653437 0.03346218174640782 0.08809455968661278 0.09205988755966012 0.04498127878816578 0.06251759689076501 0.09665156976252755 0.07451506696039217 10000.0 0.10090235698573467 0.06281016295675437 0.05726623802578624 0.0875900190712254 0.01845886544423435 0.004074058918676181 0.052384574928290496 0.08063205125895787 0.09498549280438717 0.025799178934831656 0.08420230494171556 0.04305515390695202 0.029239265229905807 0.01684089580424338 0.03195416096166236 0.034170741297141004 0.03016378222353655 0.056244481774079945 0.050422588440942946 0.05456522385298448 0.07720325767680698 0.07924691926373606 0.07982113792162451 0.040720190353826506 0.0934729493649457 0.009230139755268667 0.07997377334798393 0.05328313724946298 0.06789786763278774 0.09644431923847303 0.04689895436625033 0.08223627473900728 0.05648937206525139 0.09542498294091617 0.06987969226424276 0.017271440977188104 0.08702311488731078 0.03234054417537437 0.08520017823735285 0.04551375548772407 0.047834054012561265 0.055714156240271866 0.044202976971049794 0.0828963760138816 0.03223720998677912 0.048523795046394 0.04609496045800579 0.06420675541462299 0.03492343720972635 0.03949351627884724 0.09044347288173342 0.019084888264909856 0.04134137538960986 0.06472338674245812 0.05277337416177477 0.10558954465486871 0.06409530096071354 0.07664841170532811 0.050777199997844094 0.010532652943817264 0.03820412784346729 0.06777032137722447 0.0767571237247251 0.07153042733112383 0.05128836287066065 0.07259613310783579 0.0830021892965247 0.031404804461338136 0.0663568423175202
 0.08463801648169902 0.10294788229092829 0.043012476493846666 0.0030114760817988944 0.06169596012794024 0.021046410937764052 0.0005282136865315104 0.1005086835037539 0.08292353040135994 0.07591745435076169 0.019244103427474464 0.06701635705445334 0.056086867801254096 0.04155979299982022 0.022741954508470563 0.04985180869333603 0.10090235698573467 10000.0 0.043848383002523444 0.07249119093499347 0.03164486388663846 0.08284249217672385 0.10166107777785124 0.04975288170297329 0.023189810265437417 0.07256642976450618 0.09238519833772621 0.025580148184750125 0.07221928643034406 0.07409790918213549 0.08409025247293035 0.07529734092001228 0.09779539313642042 0.10631025517686805 0.052419455286154784 0.06869887467623574 0.07321682477897558 0.052803268595710516 0.02695124923609516 0.022276375678944988 0.06200864667985178 0.024041162572797793 0.0916752637410137 0.04954229230502614 0.055371756260762676 0.034238136680672354 0.004864470514129233 0.08050926827749322 0.024416941716014287 0.09876595019065637 0.03847747249090624 0.032712877427809865 0.08369801147745189 0.056629338116562185 0.0723925879049926 0.01616546728612504 0.07444106228504885 0.0569388574755651 0.08922881474175234 0.07114493011798262 0.023198609082433257 0.08590785949806191 0.0665472441867598 0.06188263408353431 0.039958563608050245 0.06957648390136008 0.07224540791845162 0.01643102683533383 0.09167628654154139 0.060058432931455095 0.044645084366557244 0.06851458943407224 0.013126407113083577 0.043212181130299517 0.02575188943919935 0.08218734208858404 0.09279001720695457 0.1182256693737916 0.038216127794693036 0.032238673154202445 0.04848973228603768 0.05139187382303794 0.0424068199189062 0.04219945446077358 0.08345421101351586 0.0348585687599638
 0.04084934470855797 0.06597703835116486 0.0013933649937009581 0.043427308349717475 0.017856312216251554 0.030848340002430186 0.04368288361133316 0.07439742472266822 0.04541825251060375 0.03310442232119092 0.0403612400596184 0.07715510634472213 0.025236704619298608 0.029462635597626973 0.051319896704457114 0.05248000327202209 0.06281016295675437 0.043848383002523444 10000.0 0.030621574443673548 0.0491411396672288 0.04701324696141217 0.0646548682802848 0.012553371823585166 0.020721768018336872 0.0826320834021679 0.04940025053646833 0.04091259255860623 0.028391274273668304 0.033724080033327816 0.04652194005709025 0.03306174049570293 0.07185761122330375 0.07748997848261409 0.03796979473343474 0.05241596010516047 0.030676972351374343 0.05703258118088998 0.017723192001796857 0.030178467919774323 0.03364617040253089 0.04931910913696461 0.053913135772154404 0.05648940661929171 0.03876081234595098 0.011820551581247892 0.040607362549584664 0.062082889548384756 0.037294784137802184 0.08238146612267847 0.06010499178814835 0.027090013614415525 0.04598057941137169 0.06674268375285285 0.031078925803783693 0.03206664094274743 0.030651018118028117 0.015035999034292622 0.074328067903467 0.05073426688749352 0.03698445829744502 0.05971719205169338 0.02273519754766394 0.018578159655609904 0.029634642386549073 0.02828108452700766 0.02873299768176278 0.041097922121729365 0.05970598153306113 0.02927714311228527 0.0376587473294249 0.02537880637428704 0.04459469166344678 0.0014010058365340676 0.029162654066628334 0.03908645979322241 0.05715262816320032 0.08967153155697971 0.005692937491395993 0.038140163606798075 0.015116307439084016 0.012537143502937184 0.04389066210626093 0.05311963748494516 0.040180435927299064 0.014405072801118227
 0.021606245047153614 0.06176169253076027 0.03188491848112548 0.07146664550726255 0.017332274189391258 0.0614680043191073 0.0722316672068089 0.08192196676707719 0.045457374489205137 0.024962385113202194 0.07098060496728284 0.10416359090989301 0.04340629988029728 0.05667706840238258 0.08193986911635849 0.07959764257131063 0.05726623802578624 0.07249119093499347 0.030621574443673548 10000.0 0.07932405291749473 0.049238917974567434 0.06062369021259214 0.03426408649096856 0.04964173935300453 0.10928904961212373 0.03389832928265278 0.07136346074262304 0.015275738386615138 0.033076585093143235 0.04607557312406986 0.027333644517280837 0.07993520797118268 0.08188651072459772 0.06162495950386037 0.07146448349875023 0.0027051456156832847 0.08406053566668646 0.0455687479876691 0.06079739276461823 0.04976091895708685 0.07992616806878686 0.05095082361755585 0.08429621325977639 0.06109069224636362 0.042422196299282955 0.06994808060571757 0.07784266311837247 0.06779435126285331 0.0966071297008824 0.09022090369104137 0.05673102597524845 0.04545288387778083 0.0944547262028075 0.029565036244342428 0.06245281537818422 0.01185032540451393 0.026757606918354878 0.09053100000909513 0.06748892425987672 0.06754150091909102 0.06978266171235963 0.013119218783943181 0.021381557866071516 0.057390971384997255 0.028740328978856047 0.019498358800119964 0.07165501902342121 0.0637206381773572 0.04525467344524194 0.06440569108263025 0.007093131581231953 0.06994632330231661 0.030675943431233598 0.05965637725112921 0.010936860165473862 0.056847771844860756 0.09282640455748954 0.03544927252925247 0.06785518378165821 0.025047642463526778 0.032313641042330636 0.07190737432683972 0.08210309640039297 0.02600571362391846 0.04461285552689412
 0.08361754253083198 0.08825789018018312 0.047785251743844584 0.034480674214807765 0.06364055902048091 0.020384571063368304 0.03210716109046813 0.07754065818482554 0.07100558287439836 0.07225911105542365 0.013531049206306512 0.03570659046899496 0.04523549167560544 0.02626180751116053 0.011664982002690269 0.01991292275851587 0.0875900190712254 0.03164486388663846 0.0491411396672288 0.07932405291749473 10000.0 0.06929394046290663 0.08711883771793924 0.04675700952084774 0.03665162731166583 0.04137711105458063 0.08744397104730885 0.008907946818162498 0.07275035632391957 0.06682345078659503 0.07207294564322558 0.07058396573930187 0.07494954876412173 0.0846316341174991 0.03162562516042778 0.044094051344783565 0.0789471169179736 0.021873399703193276 0.04097088138349328 0.020420745422760508 0.047071960276285185 0.00868294228220679 0.07891815484126251 0.01826381132734936 0.03475244388298523 0.03748898180120425 0.027725334085791843 0.05523211821019511 0.012528503309449874 0.07097194893712652 0.010971755682025621 0.02275560881870361 0.07189088058349451 0.025067654146715242 0.06666710858559995 0.022961405847024344 0.07636778321937529 0.0553752744905097 0.06144853488810342 0.048456877355122246 0.013323479067437919 0.06447720409877172 0.06896222137917339 0.06152487610267487 0.024788569770809878 0.06432330075337513 0.07095576699811806 0.015712895680547408 0.07365912252910972 0.04759500988008811 0.022909235955407465 0.07326949445058908 0.044416159132200955 0.04943827809797258 0.020235244984061204 0.0863483631601899 0.07778415594193616 0.09560546911055973 0.045456475902744924 0.012009526457549043 0.061209645695186166 0.0488698199356529 0.015851119765999573 0.010751399328813992 0.08014140992121335 0.03479367173655705
 0.033567143547468835 0.02010553051773787 0.04676881166254095 0.0836813944968054 0.03703334477664902 0.06272839569526455 0.08290468619174678 0.032796779956270256 0.004388123801028133 0.024450021424414024 0.06965078892903666 0.07653976476628718 0.026763527260669193 0.044060771772212556 0.07820940552193859 0.05717239215049559 0.01845886544423435 0.08284249217672385 0.04701324696141217 0.049238917974567434 0.06929394046290663 10000.0 0.018819698245858843 0.035521046256791484 0.06332859105816224 0.0800462465402243 0.0274000081784451 0.06574924128015489 0.033964038434031105 0.01637610089564682 0.004550773054946754 0.02193412266959324 0.030973181852690435 0.03286279864446512 0.03821712712254242 0.035064272085340194 0.04672530035069203 0.060219619172582076 0.062379312318774784 0.06150257267398644 0.022295697438456403 0.07504005583612686 0.00963668634454502 0.06269765828525822 0.03537916016624065 0.050547923333300035 0.07830891721922785 0.03502204828533727 0.06378024482779979 0.050111950574340675 0.07743078694269505 0.0514733925328764 0.004929064005302093 0.07044457492097782 0.019998782911869954 0.06699498926455989 0.03769764707033807 0.03267795523904931 0.046354774529637016 0.028935430538123124 0.06444704646746649 0.022580870703213875 0.03777068765649557 0.03276494887464892 0.045748794129056 0.021675455032865235 0.029758099747352405 0.07202056311905955 0.014509050864338537 0.02296159820578624 0.04650470642577543 0.04323372472750076 0.08817241165585321 0.04837588103079388 0.058287860674610954 0.04609281200914019 0.010239362333931629 0.04436610617757517 0.05146192871435483 0.05833484518712949 0.057875963842850334 0.03477578852880763 0.05454732287273677 0.06517740422026419 0.027097794799842038 0.04865822744036178
 0.04066355834745427 0.0013239381951729615 0.06456958556936047 0.10248427933615062 0.05215238906148888 0.08150855774081822 0.1017217950208211 0.03085444252498051 0.019307246480685186 0.03643427689615783 0.08824988692977312 0.09004684141461371 0.045582876363615354 0.06251427617057266 0.0964963124856414 0.07331504159381068 0.004074058918676181 0.10166107777785124 0.0646548682802848 0.06062369021259214 0.08711883771793924 0.018819698245858843 10000.0 0.05380230699043503 0.08189970915093527 0.09278351975543572 0.029723340102094365 0.08412538270708977 0.04615849739178 0.03145010415543281 0.018173643054884454 0.034738878899314124 0.03051364171106989 0.02613122691934388 0.055583186864946274 0.048608614943732996 0.05793081147956746 0.07581100476033782 0.08072409699954206 0.08027898364274474 0.040654982706129834 0.09328287733635851 0.010777111253768467 0.0787178284241379 0.05254361629697536 0.06912556080490137 0.09712787957391941 0.04428520477170618 0.08231480194049963 0.052930356846302304 0.09460711030307599 0.07017638546460334 0.0186927591005145 0.08541606102002612 0.03473176166287726 0.0858077265545896 0.04881518982366359 0.049796537746588695 0.05255711502088796 0.04244712311197107 0.08302661203601637 0.029540428499404667 0.05142351881140831 0.04848646087519084 0.06421674818595864 0.03718824374561765 0.04245740897577876 0.09067657894211782 0.016364285270027198 0.041735798603692024 0.06421017863628026 0.055895975376400245 0.10681192305000263 0.06596937233447431 0.07703688507621329 0.05446018103383893 0.009334705139488421 0.034174892498158645 0.06945225247966227 0.07655642604263896 0.07399005191271685 0.05283929783998309 0.07188341924831279 0.08207666283920073 0.03492849896286233 0.06738096595974576
