NAME :TPP_input_26_4_1
NUM_VERTICES
101
NUM_CLUSTERS
26
Full Matrix
 10000.0 0.02474295533309245 0.03791065306733339 0.05366947917224106 0.07285400036583586 0.02027173528892245 0.011889883635224571 0.0377678990113051 0.05062071024097187 0.05123668840735907 0.02239323249280726 0.04233819865265346 0.0224125598873636 0.020849240952171194 0.04104427449370796 0.03388907521020192 0.046345648203958326 0.04116504063042814 0.06497053554099264 0.020590885659464056 0.022837766516349375 0.01111618009386642 0.026848109653764676 0.07409331572516153 0.05117918692151169 0.032082144939467074 0.051337496112794305 0.0759587068940027 0.015614583010392851 0.02734660143665981 0.022331312809820904 0.033875438061748746 0.03160202672378105 0.07235540198229809 0.009398177533892141 0.01415927823034144 0.028737674045519808 0.03983890928578295 0.055451051487628085 0.06292096267338868 0.02676073190070784 0.03315067379619289 0.044573656331373335 0.06211780711696196 0.05245860174772706 0.0673360833846918 0.010421201094444672 0.04463397668361869 0.02318107050428929 0.06294959868074151 0.059122442218345166 0.03732864208984223 0.034983105445411174 0.05469469638924912 0.04041481373906496 0.01736087537803439 0.025570500787673124 0.03605690190832616 0.05954713412027432 0.06754909332972481 0.03544932361178971 0.057976395832432005 0.05707525175055959 0.06088608239382695 0.05079268122885529 0.047291747810169926 0.05152638924722547 0.07756038574039188 0.0801685914662747 0.009810364106771706 0.07939013302746911 0.0742367746924669 0.04750636411596356 0.05130337358465698 0.07212719510619872 0.05424146026792122 0.013279252618266436 0.03907680036167341 0.03638678907340687 0.0542592671853596 0.04736900494488378 0.040560939045885334 0.03186016179931152 0.05389901529078766 0.026873929448613665 0.03455210117033232 0.07560729758524744 0.06778752478046769 0.0404116804970257 0.032047925441523906 0.06782419651657785 0.05640082720203846 0.022283125295477275 0.08269677784353721 0.042902525189108476 0.04179904753387927 0.06097932399242971 0.06354723259920031 0.027152010376794135 0.011636647211503018 0.07727541695325534
 0.02474295533309245 10000.0 0.05128036247424938 0.060059598265332206 0.06347145648235164 0.040899638346024954 0.028745560951046863 0.014678275413995532 0.07523706194163016 0.05537593025593722 0.042656090212748604 0.04319903187512905 0.04714503927773066 0.044655909611299616 0.018846050679310687 0.009364950897425495 0.049260903949349795 0.06575797507043285 0.06293150032301931 0.03938976995145534 0.008369955988685182 0.03343051395734615 0.0021872155117809025 0.06583731682654322 0.056271329676489096 0.05447182289412155 0.07400433870498756 0.08904131473985684 0.04035685852374222 0.047313145331001616 0.04707178231454283 0.009375888146324283 0.05175810233562281 0.08105256845797577 0.03394741103344932 0.02760088822723982 0.013653911892470403 0.06456885582675283 0.07925715858175758 0.06004240264891888 0.04163927040651097 0.04560295802426421 0.020241964764121125 0.05254425855349456 0.051546167966250694 0.053093924971117465 0.03129750594875347 0.020728226097672844 0.001727114797686893 0.046753288803982246 0.0744997412889844 0.015060198162768013 0.03421978794596356 0.045286973774716445 0.06306083414196553 0.018523734936728816 0.04298273954586653 0.03773401074133656 0.04268542179253416 0.062209757580247216 0.023177923023639312 0.04122021377470729 0.054080430987795976 0.055856357126396 0.04853081957299802 0.057126104790343836 0.03987086988913687 0.0673631475033051 0.09383291172048318 0.027409678975297395 0.0679498526698133 0.09229505614984111 0.03980278607085315 0.05925119616467993 0.0836356466701663 0.06287126253885184 0.03641235717325273 0.03253683131893215 0.013004424058211086 0.0703109173694688 0.025818537142445645 0.017206979417064103 0.028501378285243788 0.07827364365156611 0.02676114655165664 0.03347559654789619 0.06749307980645833 0.07409896209546618 0.01981339304423569 0.05351081113043388 0.06954522568863622 0.05303037555995113 0.014759129638954186 0.07043131752532947 0.01837888449860815 0.0658614313693362 0.06759240824164107 0.07169190744108976 0.009019329225558937 0.03608704710488316 0.08909698050758066
 0.03791065306733339 0.05128036247424938 10000.0 0.019929743155899092 0.05629392890418394 0.020652312426564217 0.026332379911310613 0.055932394240237146 0.04870457761615465 0.021388478299515432 0.01896005058370925 0.02312617027520954 0.036690901660904614 0.02876092488164981 0.05633337037977715 0.05956702148642405 0.020904741918949133 0.05087356462085793 0.039541050563625335 0.05383090729759225 0.0549462811948445 0.04423628699014037 0.053217074502297304 0.05553315255785111 0.019959292970571398 0.023779882476873834 0.035217542476188884 0.03849903698044649 0.03607583555077091 0.01639809454880972 0.0371374601104021 0.05655163402053189 0.0599524138519554 0.034934993478393545 0.03392868960877003 0.025368890293591427 0.04327254623555214 0.0470049003221828 0.06770261951414998 0.03925858118176692 0.011150405207935376 0.00568907516058651 0.06379160990350953 0.04882788315383705 0.029745377368855505 0.05999743728173769 0.02780664442266293 0.07087001119222913 0.05068906422182828 0.060158974014220226 0.023244778535593688 0.05429476779046632 0.025442688318765908 0.04398276206019868 0.028122493536480875 0.054267148006423495 0.013340764208399495 0.021639651626225 0.05893190759660791 0.04620102581008812 0.04075581306717943 0.05768978332442075 0.03556096667275096 0.04105406568185846 0.030988977539170418 0.011012269191271193 0.04570692873287414 0.06125977990954015 0.043023757162003184 0.028435167476677643 0.06469802485799286 0.04188744181784211 0.037872874766301204 0.016255967960724888 0.03423694652793846 0.017968304708907323 0.04370547231278188 0.03375861457564881 0.06405172160251872 0.019345275720780937 0.05914840729655117 0.058225315883329805 0.0693182961713869 0.06253302211638706 0.06455995238452004 0.02595207785412929 0.0565132166283863 0.03206015334687248 0.0534002891198283 0.020372598185756863 0.03682130877144722 0.03572084485868801 0.0574692421105124 0.06873606332907124 0.06744379500293975 0.055917134257713295 0.025685863439158338 0.026784772504246337 0.04613222586856605 0.032927420729068464 0.03944909582753017
 0.05366947917224106 0.060059598265332206 0.019929743155899092 10000.0 0.04139542434012947 0.039674390390133416 0.041829373370722255 0.059884875623543526 0.06739321115751565 0.00628647230586942 0.03827053524045157 0.018318811906503578 0.05637078132763701 0.04837698200453828 0.058778297167936325 0.06661689709678958 0.011928369162988785 0.07070746326362827 0.021854714065507458 0.07184077383339449 0.06579318671027495 0.0618582063589016 0.06157732986166605 0.03967354310431447 0.0043827427074097074 0.043505246504771417 0.05163034752988963 0.03287893524291348 0.05506362096011964 0.03626790127480186 0.05680205661506609 0.0625954219028398 0.07908731375907055 0.021171681955177848 0.0518473078244796 0.03963886896261 0.04858286829133704 0.06678058918745602 0.08745165514401276 0.022700379318332912 0.028751676550303685 0.021924712908290324 0.06699831417257153 0.03692255055610035 0.016898662549332068 0.0496437889293667 0.044699739867726844 0.07689415711772087 0.06001277618209003 0.0522896310806235 0.026924685396313815 0.05797332763380463 0.026509255758039845 0.03482892007713634 0.046705131208892386 0.0680236583595174 0.03231661975583869 0.022521080447224263 0.05246274636519678 0.029938774390115996 0.042272101285652286 0.051619155139076674 0.02141347573948807 0.02664535144672818 0.020059882803435916 0.009319733614321056 0.0391257815574005 0.045992943528342364 0.03798961159695502 0.043871379158234955 0.04992494269779406 0.046161905342243986 0.03148069804804617 0.004022798562926401 0.025936199209238748 0.005737374233103411 0.061857449268809414 0.032143681766824535 0.07154921686324084 0.02669986181265317 0.05928273008739541 0.0615178854275235 0.08304534958322105 0.08208645009911411 0.07881630508248648 0.02727282309061327 0.04028991180963888 0.014337319107656616 0.05527801719550895 0.04009906691306233 0.016970972978056904 0.022154225217418437 0.06977387628090638 0.053990579111111846 0.07292624464734912 0.0758363343267979 0.007591765687411866 0.011880103345444464 0.05266567900191739 0.051268453252064354 0.031234198011879023
 0.07285400036583586 0.06347145648235164 0.05629392890418394 0.04139542434012947 10000.0 0.06932447106414523 0.06401398729663278 0.05373199047434972 0.10457893680033448 0.03643493335478812 0.06897889090026481 0.03453705603042361 0.08604851212981979 0.07861595388779027 0.04998903351364841 0.06452941167543484 0.03539037349580518 0.10405628195357802 0.02058342657245991 0.09344101229382398 0.07171577802613419 0.08374800074304788 0.06366749017991913 0.0038239935950881905 0.03846944100920577 0.07870833807704829 0.09126987553747071 0.0698414549720184 0.0819871614906778 0.06951326768981421 0.08634799537135608 0.05970746151662679 0.10401783648933888 0.053544415826257116 0.0762780856168308 0.060644713190480974 0.05007851556822804 0.10070464268916644 0.12095015000044483 0.01882474282522574 0.059075878850089095 0.05448441515973741 0.056905345267640725 0.011030815349139342 0.026571008763469284 0.016403664899079903 0.06853938268388778 0.07006103067561117 0.06451746505614053 0.023850048219874215 0.06819616266010023 0.052009474643231204 0.03869954143812388 0.018534518730947278 0.08428685407331475 0.07961256699853855 0.06357992995059787 0.03938731314841004 0.0272521075178151 0.011848012661998891 0.040556640794202146 0.0277841751809005 0.02082005736824497 0.0152827030363231 0.025566763454963656 0.04910261236697703 0.023617480145480232 0.00502973734372566 0.07453656567826433 0.06525252960877458 0.008550219978558267 0.08680731556713575 0.02539360709956696 0.04497045253271496 0.06236519348830056 0.047023942555530066 0.08521941700041431 0.03384689087496285 0.06905992731122487 0.06805865009990231 0.04550408992043916 0.053421225920295905 0.09190892783196408 0.11673810628682244 0.08959038966356912 0.03893743773049437 0.005137099309344457 0.04428902496953002 0.046820416727597305 0.07548540098068637 0.031092622775910704 0.020576628938461645 0.07782626989755119 0.012629537043051748 0.06590375002487002 0.10781674495064633 0.043046844327362985 0.04811161182749963 0.0545226674723335 0.07688803233476359 0.06638621853063818
 0.02027173528892245 0.040899638346024954 0.020652312426564217 0.039674390390133416 0.06932447106414523 10000.0 0.012215412579265967 0.05047688354897462 0.038234654270122924 0.03933833489886087 0.0021418300755015676 0.03500229230932955 0.017208511772442096 0.009368891503088886 0.052474672986682486 0.05019704247165375 0.036320854196384596 0.03481199107112885 0.05624489939922529 0.03332091609346209 0.041655649367110435 0.0240658877504619 0.043076323881887785 0.06951952558432378 0.03852466693490923 0.013838788999511057 0.03320957277417002 0.056756646299271775 0.015462202364577182 0.007075035240837438 0.017585538364403113 0.04867051847935009 0.03944858104081123 0.05544131574861689 0.013815205750268468 0.014217710598167687 0.038462607232162604 0.03168295162183528 0.05163989954812191 0.05508766766866188 0.01117622156612063 0.01778846587953856 0.05823457530122968 0.05984989912411716 0.04448169385303337 0.06849185044900667 0.010186895565527904 0.06162785121434915 0.03973254081103061 0.06627968687857592 0.03939509115833293 0.04936796849424267 0.031460311572278965 0.05331320203842028 0.022373505912446866 0.0376303870953828 0.007393404211356403 0.029979964565657376 0.06383438375479356 0.06119600684048956 0.04075758619865341 0.06234631906237312 0.05008299998035632 0.05503482514663608 0.04421732412630688 0.03145670699467234 0.05250759127662174 0.07433493450897839 0.06069021418846809 0.013511451518703657 0.07709361877430194 0.05396550233442742 0.04604732764676079 0.0364058516031618 0.05370369090334109 0.03852920068539213 0.023203459815204077 0.03885943566562448 0.053744093334536294 0.03440566187048722 0.05739006376541603 0.05320103850842251 0.051971083664696806 0.04771128306683024 0.04686410651611764 0.03147258556717096 0.07079177603357928 0.052621541527999714 0.05056788713951931 0.012612140026913054 0.05593070246318652 0.04981185666635872 0.04225895688010328 0.08089301424547168 0.05906581445500228 0.038541938050808834 0.04609867717296219 0.04743708160590971 0.039289423667127885 0.012467295434588918 0.05857638958086481
 0.011889883635224571 0.028745560951046863 0.026332379911310613 0.041829373370722255 0.06401398729663278 0.012215412579265967 10000.0 0.038470432566197886 0.04908232730531986 0.03962846670044975 0.013912285174815305 0.03162882010391697 0.023570297259938252 0.01802226360198529 0.04070722045322083 0.03800991219189566 0.035029734602594315 0.0430239188217356 0.0542112101998177 0.030885419819849734 0.030135504102527633 0.020762871316458664 0.030913889461902867 0.0648406477323541 0.03946193345441779 0.02598760863774831 0.04542262362877937 0.06469566710667389 0.018300344412555018 0.018605658958639415 0.02374005942580616 0.036464340936238925 0.04026620615520262 0.06051001070675639 0.012264287680033317 0.00341129769710065 0.026825877644587645 0.04062409466512281 0.059058642081386906 0.05240532391345339 0.015240343899127507 0.021358083416240306 0.04615057083432695 0.05369775283740847 0.041763532526292314 0.06063508892981863 0.00467720959287009 0.04946552346862604 0.027634547107031275 0.05738126485917002 0.048346502371740124 0.0374559830827856 0.02534793468634165 0.04656164194625416 0.03455872958491837 0.027981515327621085 0.014992084094096794 0.025536901956476468 0.05449280780392574 0.05756973650029552 0.03053804781305718 0.052950672864471186 0.04675359451734494 0.051006955565746775 0.04050652753170393 0.0354251900610587 0.044500148445743515 0.06889156673013594 0.06906065922677461 0.0021147070140590373 0.0711413371466213 0.06466760442661332 0.03918842086044188 0.0394162162071052 0.060558587812243624 0.04235636355850514 0.021591636709014192 0.031109974618546126 0.041656537667875033 0.04366703704094501 0.04599936822001483 0.04122614972261616 0.04299342663923915 0.05616782763338119 0.03823292322599615 0.02507929572379107 0.06627333793741208 0.05590881053319057 0.03905877774206856 0.024797664504819888 0.05633292550045344 0.04620285957774158 0.03163336960552027 0.07469643251539283 0.046856122693837945 0.04537601585429 0.049104357374872114 0.0516649784991112 0.027241641636333143 0.01303897504651438 0.06578099562891464
 0.0377678990113051 0.014678275413995532 0.055932394240237146 0.059884875623543526 0.05373199047434972 0.05047688354897462 0.038470432566197886 10000.0 0.08710249815607873 0.054290816549643954 0.051884599337507255 0.04167698387412546 0.05969094958273733 0.05598407227755261 0.004437256468082842 0.01108758092776003 0.0481214540117425 0.07886596270295076 0.05751888702597679 0.05397212060567137 0.02218795938303555 0.04745007007305148 0.013406720228663899 0.05661743864451786 0.055664403998027884 0.06431388778124877 0.08349460458039057 0.09136794791512681 0.05308116657790717 0.05600530658521164 0.059687439883013026 0.006581711575827765 0.06632517303397559 0.08098720719683643 0.046375260222579415 0.03628246114122328 0.012721230798126546 0.0772909922985771 0.0930839662024925 0.054338717102159116 0.04819652359579173 0.05036974751011996 0.007936000871816309 0.04337053584022172 0.047817665131435254 0.04116011110101738 0.04207636080953529 0.01760891855136688 0.01638150693016072 0.03406486354658799 0.07883485979036729 0.001970144760294082 0.033513873672436995 0.036894858266633725 0.07280794063526419 0.03307720660397194 0.05068123806065364 0.03772030140512012 0.029843992680312834 0.0548863235299718 0.017796135176241068 0.028526686186920773 0.04881415174302764 0.04918663349171322 0.04431922921509507 0.05921832231480575 0.030637165079253306 0.05699809886094551 0.096378860797915 0.03773623194762537 0.05689897284205247 0.09781724998503323 0.03330124343075387 0.06006033338747453 0.08517638504969186 0.06379911007558346 0.05029778013470606 0.028387394338073475 0.015341863231728809 0.0752605319815633 0.011354627068168652 0.0028090144633929975 0.04100374234597477 0.09166495333288703 0.04029232950583853 0.03276484588863196 0.05827392202327146 0.07294366078031467 0.006926244871937282 0.06275001887544569 0.06593039073544867 0.047635232117882106 0.02854122033470394 0.05887556236071895 0.013401819356498217 0.07951202371400233 0.06700009825593191 0.07176267907211403 0.011236665825380302 0.048329139021796634 0.09063007155304982
 0.05062071024097187 0.07523706194163016 0.04870457761615465 0.06739321115751565 0.10457893680033448 0.038234654270122924 0.04908232730531986 0.08710249815607873 10000.0 0.06998093996022418 0.03762405979747829 0.0702733570867028 0.028340521953100474 0.031159874954451786 0.08966086819736216 0.08448025661060177 0.06939596845446419 0.015248993862267187 0.0881845231217469 0.04649278994469584 0.0730743546122867 0.04483968327220541 0.07738036773146469 0.1040741958094295 0.06838124594566533 0.026078459291826443 0.019119886370826258 0.06579778726305331 0.03514616308507917 0.03560022701172908 0.028499891368513622 0.08410354562847061 0.040995160986894576 0.07381281796389301 0.041299053320103855 0.05186713148925021 0.07589077832679761 0.013071299030411532 0.02437908027601221 0.08796233206314162 0.04623570763054937 0.05010609163504221 0.09447938623854485 0.09617264467866193 0.07823496581458891 0.10592972049844405 0.04509313760167567 0.09522231674241437 0.07373351613386812 0.10426791923540933 0.049878576126466435 0.08626674604822396 0.06880269755466227 0.0902668984690575 0.02070854323805781 0.06468341371103288 0.041864568811685245 0.06649740499558604 0.10197358152736563 0.09486631698267597 0.07896233088831105 0.1005024860924239 0.08407329146628728 0.0894893224387428 0.07902099999822394 0.05811015597772236 0.09021877720767124 0.1095920179965834 0.06715731128042807 0.04949648643531407 0.11281696018984387 0.050090661435251926 0.08325766038166121 0.06338315080665562 0.06722825177457212 0.0634576358403554 0.04175186853115505 0.07667650281287779 0.08695587201356868 0.045941637325180744 0.09508164613147733 0.08990112115728431 0.07464688417309072 0.017571455994652402 0.06954536859029943 0.06894427273733833 0.10511583214256026 0.07576489011336167 0.08813366021416029 0.029157643866616904 0.08417410036830482 0.08412500798068742 0.07093324344057814 0.11678753447134328 0.09350772735494618 0.021097855095613544 0.07099122090199188 0.06946030158200567 0.07591038702881811 0.03915052903271435 0.06987717898616148
 0.05123668840735907 0.05537593025593722 0.021388478299515432 0.00628647230586942 0.03643493335478812 0.03933833489886087 0.03962846670044975 0.054290816549643954 0.06998093996022418 10000.0 0.03821346241285133 0.01262282218570713 0.056440321752614576 0.048448464829098814 0.05298331835131795 0.0614883086709544 0.0062077138672747495 0.07201416013847263 0.018206205309237448 0.07026542801667114 0.061538479570143106 0.06016836328110408 0.05677861982945181 0.035088934340632524 0.0021395687782752937 0.045108612026358665 0.05525608887313886 0.03914592873607917 0.054386050854615973 0.03699900370922936 0.056842999876192776 0.05732037038538932 0.07831456160703329 0.02675080600782362 0.05049143437831472 0.03707767792382371 0.04337612245678225 0.06823065291253319 0.08892273836774836 0.01827177166578997 0.02816592458882024 0.02174521367483423 0.06124021695846696 0.031104149757013994 0.010854452855912019 0.043676092259047596 0.04299104638327601 0.07149478068786344 0.0554567448222047 0.04608684927241546 0.032605822727078494 0.0523575186670446 0.021305958904368004 0.02863170531943277 0.04930409984772664 0.06460742573916439 0.03222157184299675 0.017648470512680235 0.04619496999422986 0.025450830250396624 0.03655990891242934 0.0453405588574823 0.01586993930970511 0.021315565145068795 0.013838524160775106 0.012687618597179743 0.032840893925289084 0.04120775654219563 0.044254276899286606 0.04157304203592464 0.04498331667064772 0.052109960815753045 0.02520258682452045 0.00883889458544122 0.032138971888945114 0.01177840255386335 0.06048283783005055 0.026231437508628434 0.06646184317904738 0.031832640965352474 0.053229644214877726 0.05581306175039928 0.07946691376946369 0.08387799092332038 0.07545676627836523 0.02206875849217814 0.03588094644704187 0.018815814057360162 0.049442429463808654 0.04171270638797914 0.016795840424383143 0.01645702904900602 0.0658774954364781 0.049063391167429866 0.06746354590692373 0.07678634140263953 0.012719639202717513 0.01771372788202762 0.04762038689990405 0.050181487897394184 0.037381630601849423
 0.02239323249280726 0.042656090212748604 0.01896005058370925 0.03827053524045157 0.06897889090026481 0.0021418300755015676 0.013912285174815305 0.051884599337507255 0.03762405979747829 0.03821346241285133 10000.0 0.03452338966830457 0.018229311873542545 0.01023586026353881 0.05375469816547721 0.05191971841384549 0.03547619291717407 0.03507817318976613 0.055381239658489595 0.035236556941254576 0.04361857660558986 0.026099708416079326 0.04482572018197988 0.06905781821471511 0.03730815063216349 0.012531440516507479 0.03164740425784152 0.05467566398388492 0.017129614525216705 0.004968964284055475 0.018637096290154215 0.05027050887711408 0.04100556101183697 0.0536076682077118 0.015891690402055295 0.015611616613522259 0.03972217182829396 0.031777427512410465 0.05199537099140365 0.054335796881838476 0.010212799075465271 0.016514615994053686 0.0596875661506922 0.059696388650510246 0.04379907834251823 0.06865569384352711 0.012234017064336439 0.06337772883216874 0.041526511453635284 0.0666826948581265 0.037275588331163824 0.050723612240057656 0.03152060640423919 0.053305689951924994 0.020930363251926078 0.03974790213728362 0.0060007092345184835 0.02976306909614828 0.06434961409119376 0.06057746619601036 0.04158226684694686 0.06287883306901013 0.04946675922532952 0.05451288952609398 0.0437062802922826 0.029866440066697326 0.05276107959447589 0.07400015795795573 0.05858375755704813 0.015350107435770356 0.07684855535716792 0.051849688845213966 0.04610258347299273 0.034905894840996744 0.051703373484759466 0.03690470335225629 0.025139372752807518 0.03914779716962354 0.05554724651076491 0.032277953946333086 0.058508780166013075 0.054586264563336574 0.054110695459280406 0.0478280664094037 0.04900556619244336 0.03158479003568663 0.0702975127013541 0.05100284544303665 0.05174468346430838 0.010925599316012948 0.05469296649959245 0.04924525727367692 0.04432756744848594 0.08068673303783445 0.06074509681387907 0.03910776575197861 0.04454166116502357 0.04572093499179749 0.040741100775310256 0.014460605266579675 0.05654298679063012
 0.04233819865265346 0.04319903187512905 0.02312617027520954 0.018318811906503578 0.03453705603042361 0.03500229230932955 0.03162882010391697 0.04167698387412546 0.0702733570867028 0.01262282218570713 0.03452338966830457 10000.0 0.052008408096235664 0.04435835496135826 0.04046445754113654 0.04896674522012724 0.006446339305905934 0.06958735623718604 0.02264601432675748 0.06242408789670014 0.04977408256690538 0.05233432418814028 0.04449362037379852 0.034536018790725743 0.014019985803591224 0.04427694564156178 0.05824611452950082 0.05076492725879115 0.048589812972817496 0.03499399057486132 0.05234106889590057 0.044739147061603035 0.07176376306924742 0.03932081244112414 0.043563251721516136 0.028548515875230315 0.03084513803258187 0.06618654220875357 0.0865180491666963 0.02078126895158855 0.024542563401496704 0.020251296786117888 0.04869603716288951 0.025978530617362012 0.010148087481185813 0.03687252860537863 0.035738349733125015 0.05887763217687204 0.0434041899554597 0.03739634002914561 0.041393337787138496 0.0397481184542898 0.008987564562686273 0.020859928029596707 0.05031003631521464 0.05390003286546766 0.029045964718847517 0.006317610665879994 0.03661490882992806 0.026314104772761925 0.02398060940877466 0.03551672346299383 0.015268038188784173 0.020037013586418368 0.009221962486432403 0.0200683687269646 0.023111468571694552 0.039566501685702894 0.055867093133130326 0.033285844463693134 0.042604108015793674 0.06124382688730479 0.015121947929343791 0.01915070742506366 0.04408991532056047 0.022813822813407755 0.05320531670241711 0.013869075885427837 0.05395582009398134 0.03931094542644422 0.041093036298976905 0.043237246690632954 0.06841756753124033 0.08221086331041565 0.06472863240285105 0.00972514080283427 0.03579159957271633 0.03138450840626405 0.036959252272295906 0.041118088730418 0.026685810763181935 0.014873877981232199 0.05451296342095772 0.046540604652542436 0.054841184800064766 0.07354222669190301 0.025323239092827275 0.030152661702312174 0.035177369739133615 0.04377101975028372 0.0494604568260835
 0.0224125598873636 0.04714503927773066 0.036690901660904614 0.05637078132763701 0.08604851212981979 0.017208511772442096 0.023570297259938252 0.05969094958273733 0.028340521953100474 0.056440321752614576 0.018229311873542545 0.052008408096235664 10000.0 0.00800734140670666 0.06262109859290131 0.056296604732272555 0.05352875801390804 0.01954462352527364 0.07345271247521645 0.022214972959663563 0.04473427379129636 0.01718958861574309 0.049258422125606056 0.08642302421891389 0.05553142098068804 0.017275024024502563 0.03277346382264158 0.06885907986042374 0.006821554228061582 0.02039064451121894 0.0004906493721072928 0.05619799547171128 0.024044273522016373 0.07035737812957024 0.013322274584629649 0.026872891569347038 0.04934688771442607 0.01760395160211757 0.03553986326065645 0.07226772120055523 0.028342747034142447 0.03473813432412563 0.06678451541883318 0.07622869007780642 0.06163356427458064 0.0839740229635848 0.0189665477823407 0.06691365607917746 0.045592886343669155 0.08093592092970323 0.05094101550316248 0.05904720052504202 0.04761210201646192 0.06938592912051901 0.023037743759471298 0.03666837974136436 0.024228010038637827 0.0466785375926769 0.07806187582007629 0.07828567007108994 0.054041516872274105 0.07651839244370341 0.0671825968218868 0.07203647784152284 0.061229086624623924 0.04770237303844306 0.06783833951552502 0.091029602761575 0.07208208368791678 0.023266230799893164 0.09361017636572884 0.06115057130052541 0.06202166869686534 0.052883938581492144 0.06713905232961837 0.054611359962758545 0.014382421931546548 0.05427653871098153 0.05864112495443593 0.045858068467468045 0.06852446280567702 0.062499756727133586 0.04802627399059481 0.03266440571140952 0.04276761978104761 0.04750401359772595 0.08773691957876452 0.06865366474359484 0.06150942206591765 0.019570623635697025 0.0729044665297396 0.06686820771817761 0.04277835023514085 0.09731799683690509 0.06530037693446433 0.021957615556154157 0.062372972255894436 0.0630796986613555 0.04868486053046952 0.011395354974324083 0.07149284847771484
 0.020849240952171194 0.044655909611299616 0.02876092488164981 0.04837698200453828 0.07861595388779027 0.009368891503088886 0.01802226360198529 0.05598407227755261 0.031159874954451786 0.048448464829098814 0.01023586026353881 0.04435835496135826 0.00800734140670666 10000.0 0.058500995674406794 0.05400298176268824 0.04563767942886294 0.02575083447903345 0.06555774290300868 0.02745096767621133 0.04366540081739745 0.019877977201528615 0.046832619427418946 0.07886066070993714 0.047526559096952255 0.01210906656468469 0.03063944318859154 0.06215997321011578 0.008814368615614774 0.012614626725881017 0.008428798909335997 0.05324098126662161 0.03144317099995694 0.06277089539867059 0.011691739832673971 0.02100365463253121 0.04475897991954243 0.02291582962578982 0.04243190390866751 0.0644408758607755 0.020398726072922146 0.02673451351615963 0.0634452674667142 0.0690147346210477 0.053846392017491695 0.0772848459828123 0.013933870333607842 0.06510193354789165 0.04325361190168844 0.07468505240603202 0.044318001207742486 0.055117385897056996 0.040486974951922675 0.062346731417386614 0.01985775948922773 0.037309032890084685 0.016228734766014302 0.03923678896408329 0.07202695204967068 0.07056481262773551 0.04837518721445315 0.07050807269038821 0.05945187618732127 0.06439400023610205 0.053576615514750806 0.039764055854387276 0.061205167831654056 0.08361866652703151 0.06564609627311346 0.018338313503823325 0.08631849849837289 0.056236967309292396 0.055027182193549365 0.04491530364127438 0.0599906947975529 0.04671256602545975 0.017936161924497224 0.04756103594428691 0.05693222810980919 0.03921366016522215 0.06397392141090225 0.05877679313301639 0.050308873869979356 0.03880079754126443 0.04503810465385161 0.04044337997440399 0.08014224372215652 0.0607812106462266 0.05700648842932209 0.013341851678300098 0.06489727834802031 0.059178116907217096 0.042865757028519046 0.09008642053441095 0.06303270403402361 0.02920663276336281 0.05444584743464464 0.055289963145196866 0.04477281245808623 0.009450349569215439 0.0645285550717588
 0.04104427449370796 0.018846050679310687 0.05633337037977715 0.058778297167936325 0.04998903351364841 0.052474672986682486 0.04070722045322083 0.004437256468082842 0.08966086819736216 0.05298331835131795 0.05375469816547721 0.04046445754113654 0.06262109859290131 0.058500995674406794 10000.0 0.015389428995375697 0.046893840377002685 0.08195130600684243 0.05490875382163881 0.057911983547295785 0.026555907882030095 0.05105357287057176 0.0177209766535072 0.052987609647563196 0.05448114161577752 0.06626392766275807 0.08521278745461602 0.09076735573275624 0.05611784630404101 0.05765773805407012 0.06264422846686711 0.011008980177967729 0.07023589040689072 0.07973411269840282 0.049355961722928325 0.038264870452775754 0.014035219250322443 0.08021864724750087 0.09648200156400429 0.05167697182988754 0.04929530792642894 0.05088844268760374 0.008288069277035943 0.039850535437493596 0.04581699861741108 0.0369742581239978 0.04456818138791787 0.020399001032485112 0.020516791216658205 0.029759024789397584 0.07892056514812766 0.003840999581859607 0.032798185834122355 0.03368186744065538 0.07466945096616 0.037337570415876806 0.05209025241198661 0.037076459550846555 0.025526866976795428 0.05176674180832657 0.016541906905707164 0.024245447313124585 0.046343571190413074 0.0463050995657699 0.04223248568746964 0.0587997831719887 0.027287008543687718 0.05309145490911771 0.09582043659470194 0.040166847617694484 0.05284143367366152 0.09817153646426661 0.030750761978718687 0.05924574638750751 0.08437356909699763 0.06297885604546372 0.053825673762723424 0.026783686802377756 0.019359776443357422 0.07556151905468872 0.006988257465843992 0.003446763909320943 0.04543599101919331 0.09485037636871266 0.04471715918013526 0.03207674315590025 0.05463550559362108 0.07142657162623346 0.0036393222598786043 0.06451369801657457 0.06375823225409405 0.04514297741977472 0.03293482116763757 0.05471067276563212 0.01615431555921355 0.0828432951563761 0.06569694370186285 0.07061477221386928 0.013953307482003326 0.05122721494681115 0.08979532486290927
 0.03388907521020192 0.009364950897425495 0.05956702148642405 0.06661689709678958 0.06452941167543484 0.05019704247165375 0.03800991219189566 0.01108758092776003 0.08448025661060177 0.0614883086709544 0.05191971841384549 0.04896674522012724 0.056296604732272555 0.05400298176268824 0.015389428995375697 10000.0 0.05528651753954483 0.07464896723722635 0.06686707662698858 0.04682919489136786 0.01342803075131507 0.04190527990258059 0.007179237606652853 0.06729742764527026 0.06260797999833596 0.06381375022807786 0.08333908549186657 0.09673196663822961 0.04948592674003632 0.05652029997344996 0.05620426975812519 0.004835923945205963 0.05914152208970353 0.08777201259151488 0.043182038806574646 0.03668662409131312 0.01812166034090644 0.0736155965110248 0.08765564491202474 0.06378882855192461 0.05038418421475431 0.053879028296995826 0.013022311896672356 0.053979368814231765 0.05631927875093087 0.052244477923614314 0.04065722914308095 0.011510517212422704 0.0107628991844012 0.04513476630633827 0.08280753058279991 0.012601501221752649 0.04019559919015204 0.0472146656228876 0.07240427540745792 0.024683605132003673 0.051997150904388986 0.04409585010777335 0.04090738307339603 0.06496931392713846 0.02634925469135772 0.039605052098474716 0.0580339963781575 0.05898956777784393 0.05301330741041403 0.06458084252100733 0.04115958019338466 0.06793131278112167 0.10161500911977941 0.03673207311874657 0.06793256934814505 0.10098046332986012 0.042861997141221526 0.06621765039095409 0.09101683751041997 0.06991108251474705 0.04497730011220071 0.036764420813544925 0.005010837123622798 0.0787834405755182 0.021919038405871217 0.012426693576789332 0.030358345282173942 0.08698514523870737 0.030230815924858868 0.03943091019318183 0.06895914457349824 0.08030380021763069 0.017936216682061763 0.06280153864770095 0.07451468319032399 0.0569005859820938 0.01912828103060201 0.06995317879642417 0.009037815252353804 0.07443974978432454 0.07401616301530461 0.07842679327432564 0.0139754294693025 0.04534807719449216 0.09649343786418238
 0.046345648203958326 0.049260903949349795 0.020904741918949133 0.011928369162988785 0.03539037349580518 0.036320854196384596 0.035029734602594315 0.0481214540117425 0.06939596845446419 0.0062077138672747495 0.03547619291717407 0.006446339305905934 0.05352875801390804 0.04563767942886294 0.046893840377002685 0.05528651753954483 10000.0 0.07011688643434874 0.01992404564968339 0.06588823248246925 0.05556259903039648 0.05576155637586739 0.0506325692538736 0.03468588894873394 0.007590336768220834 0.04381187714810785 0.055958995085974475 0.0446068088719711 0.05084402272436883 0.03503450222876835 0.0539016632344184 0.05111265656097732 0.07452864405249464 0.032874634842999094 0.04642755532377836 0.03224097611904082 0.037171685212518235 0.06650087224077969 0.08708839503758929 0.01893134393699846 0.025263454413986728 0.019616088189791294 0.0551333413604171 0.0284063810842166 0.008852333042633132 0.04035995295495357 0.03873328954963573 0.06529376698424362 0.049380286432529015 0.04189365170551839 0.03632134925892748 0.046193745962814385 0.015119643790468656 0.024662258780476648 0.0489558583174502 0.05902838673338535 0.029620894104196768 0.01160401957782352 0.04157978687875624 0.02553994360190232 0.030424072006441132 0.04060519505256643 0.014685637947455716 0.02015433387475118 0.010374933077299175 0.015134501014761896 0.028058748196426335 0.04035546049823192 0.049717761873397166 0.036873665973855274 0.04381168825600488 0.05611736948888344 0.02015909988165109 0.013178807543949693 0.037807589575357826 0.016715744010072454 0.05631787384416513 0.02021661304236388 0.06026302104322816 0.03477954755676032 0.04736721774435051 0.04968120179751702 0.07377123530976396 0.08238421877609821 0.06988355004476322 0.015880479219237797 0.03572135294412801 0.025018125521869484 0.043376253010890375 0.040495027401836615 0.021561620954757176 0.014816103061353865 0.06004956590982334 0.0478594651335516 0.061269786323015475 0.07451844749082968 0.018880753466735668 0.02372188150734213 0.04143188766713205 0.04634116656721281 0.04314182650578816
 0.04116504063042814 0.06575797507043285 0.05087356462085793 0.07070746326362827 0.10405628195357802 0.03481199107112885 0.0430239188217356 0.07886596270295076 0.015248993862267187 0.07201416013847263 0.03507817318976613 0.06958735623718604 0.01954462352527364 0.02575083447903345 0.08195130600684243 0.07464896723722635 0.07011688643434874 10000.0 0.08982903070878678 0.03265416579802749 0.06229329283633717 0.0331290396314307 0.06779900167817354 0.10411008216192257 0.07075467034595176 0.027230899208750683 0.030652703246522844 0.07555321595471061 0.025836213230314015 0.035113279053391795 0.019446811364844007 0.07499995682785246 0.025876817865534692 0.08093744425922123 0.03261574029121717 0.04626454211425568 0.06883764342450026 0.004186083396350577 0.016972750296448534 0.08904816504408448 0.04510003564852034 0.050556404809807394 0.0857355850339424 0.09466166383347607 0.07866883327956625 0.10302633837425149 0.038470898928137695 0.08473827771405273 0.06413159017200763 0.10027620502285806 0.0583235602342505 0.07831896341890902 0.066207936832623 0.08807281343185235 0.026594955003981086 0.05279594890450471 0.04062241100516843 0.06477711939759839 0.0974902385585706 0.09549274104266055 0.07354689606049705 0.09595426274778603 0.0844063744749512 0.08953543628959727 0.0787467616281078 0.06148338329467326 0.08693194425255427 0.10907653512839267 0.07767924657457592 0.04280186455640158 0.11189146069543404 0.062477407578305985 0.08076667568552877 0.06686649171399402 0.07570115180905292 0.06777708389303941 0.02997007423780903 0.07329744762501457 0.07648554612826006 0.053704774933599105 0.08797261366045447 0.08166878624927848 0.06115872932583994 0.013144187713030851 0.056242976277834415 0.06617985041791712 0.10532908455876959 0.08121269458715592 0.08095784548432475 0.03062410626785638 0.08766235301377351 0.08423701794627285 0.059234926132153226 0.11570207529514115 0.08353029415240089 0.006531860724522428 0.07560499800905515 0.075131034172235 0.06799809057599693 0.0308533007915912 0.07912532907171074
 0.06497053554099264 0.06293150032301931 0.039541050563625335 0.021854714065507458 0.02058342657245991 0.05624489939922529 0.0542112101998177 0.05751888702597679 0.0881845231217469 0.018206205309237448 0.055381239658489595 0.02264601432675748 0.07345271247521645 0.06555774290300868 0.05490875382163881 0.06686707662698858 0.01992404564968339 0.08982903070878678 10000.0 0.08505318101528726 0.07034944588216285 0.07495161180354674 0.0638143035810531 0.01823215221501768 0.019894249236816125 0.06315162579758891 0.07324707390683345 0.049348627000515975 0.07065838776329084 0.05471711279334184 0.07382505515099441 0.06217971777483954 0.09417168956926238 0.033293041189923024 0.06598301949718319 0.05117910988901882 0.04948183509996964 0.08613013490622255 0.10678393904124947 0.0033033208740333906 0.04517161896770554 0.0392805781094385 0.06298323287878729 0.020125708548889884 0.012512041728820783 0.03270193518919265 0.05819659574280191 0.07508995401701637 0.06348418363475151 0.037792322302491216 0.048088947077986215 0.05556644468440681 0.03052147197939094 0.022430249394047905 0.06751030382098101 0.07575736512815108 0.04949110634480438 0.02891384930288297 0.03952477204693271 0.008737011755965206 0.040527119680379066 0.03925784480118384 0.008865017622463153 0.009384190573207687 0.014653029422302434 0.030539390516018505 0.028759668567276644 0.024722393783742583 0.054115218003183516 0.055909418763198646 0.028852668430628725 0.06633456064446298 0.02421989631513348 0.02574233342817521 0.04186246595060746 0.027187505001049137 0.07574095113215097 0.030413446030481153 0.07182888648317708 0.04842253354236577 0.052799786562164656 0.05822110079736172 0.08981102255590427 0.10189409264821724 0.0864760841854697 0.031107128458549977 0.018638471790253013 0.023898620154249976 0.051293936729008685 0.05977370541388239 0.011164806204422228 0.009969700347419811 0.07566097609175346 0.03282971764659619 0.07084841199461649 0.09436612798808795 0.022519237081452623 0.027529634214158567 0.05414534253895586 0.06603639403135662 0.046055118055266235
