NAME :TPP_input_24_4_3
NUM_VERTICES
93
NUM_CLUSTERS
24
Full Matrix
 10000.0 0.032821585095599515 0.05081898269140155 0.04518433286667565 0.03617954853551652 0.09326452314316834 0.07242075314652945 0.08038355749078753 0.05295865715609911 0.030527799201423303 0.0372493704748554 0.04124237404665697 0.0963120389931412 0.06496290855623169 0.08085401044575422 0.05229426527956926 0.055966713733894356 0.007320367250897733 0.0783090428929795 0.04950673797770739 0.02230481079083461 0.01124519167785608 0.09038352739846847 0.06722448846271166 0.015457043669398684 0.007304918804092963 0.024001607314839583 0.04718694946150951 0.01642428526768291 0.07167483841490022 0.04557547969655338 0.029386567732908944 0.01806062911236294 0.07712274785433776 0.046141891401730833 0.05709274377478476 0.05761159352474927 0.02625975573360073 0.04970870957251793 0.034040599140038444 0.06595773077594112 0.040464515197582714 0.08416032923487371 0.06979132623121288 0.07495382613156938 0.07697792633446499 0.0651778304675328 0.07075601235206291 0.05720966676486536 0.06986159717669345 0.03997608320635387 0.03882766545361868 0.08584289260126642 0.056719359887524225 0.078140428531067 0.07367307071506145 0.025207043388854905 0.08098447325996551 0.052863908669928766 0.05363009839857092 0.022609440555971496 0.07064700171192093 0.0809507543242514 0.04139637848291206 0.08475851919082758 0.04204132262039865 0.04008248907787752 0.030597145424392718 0.0896805035186514 0.07431978677129608 0.0071515509077458815 0.023201627991407354 0.010257521914125614 0.03760945329708949 0.027316550483781954 0.0383297820901947 0.03731609378792537 0.033278242726226884 0.06172387039830664 0.0849210078782982 0.01737230191583375 0.006211014471682871 0.05497428947492036 0.039762455513290156 0.04700417030487639 0.03073309624923942 0.04404692942789018 0.08710000074070011 0.08055514812830625 0.05175473131076636 0.10401565745861797 0.023341245723721985 0.03545298379610416
 0.032821585095599515 10000.0 0.018327052333971278 0.01876397152843959 0.03673810382864947 0.07381353963947695 0.08886529154585253 0.06877162939542708 0.02273502268995227 0.0076034314107438685 0.02329952157041522 0.029941969581244992 0.07562262267543075 0.05913504062768146 0.09580678701865242 0.03715698811869982 0.06853362501065983 0.026185385717725593 0.05771003241045366 0.01801272878065329 0.013231126157456212 0.03762300911314786 0.07679369178805273 0.041205027251072786 0.03564090588514605 0.031955780683081816 0.022085274242075906 0.029866605913248898 0.018027937741000838 0.05570599120717759 0.06712749026397717 0.029557386317225348 0.03284268159787764 0.07457746534226349 0.01952080320516754 0.06246757055675365 0.02708324918580692 0.03368071630940674 0.018276301525971598 0.0016140693272951759 0.07625517365696986 0.019442289127057227 0.08822766476813061 0.049032655817539614 0.0909463979354448 0.09447422851639253 0.03988263908674462 0.044328822976846836 0.05076962122889793 0.045779759628001924 0.010772228976242911 0.05197295394253722 0.08239373934912356 0.05055553795336003 0.09485333160786347 0.07923413695396932 0.007625803471244251 0.09077460573686665 0.02900332855624366 0.052792547340159125 0.011473859736583904 0.0810074213515314 0.0676478158101716 0.054777619239734725 0.052261396374878824 0.00926484934636175 0.04040429209331126 0.002518065725016068 0.058318875423593174 0.07591593165874007 0.034131636877417666 0.010276486828818664 0.03087371387350174 0.034302827478233655 0.026054584229305025 0.010528987770767821 0.005955195779435531 0.00617199761913486 0.03624513262845368 0.057190647219441865 0.023205362527999044 0.02662769722667839 0.06675302747699936 0.05036747427521782 0.05864761842712651 0.029298835499997684 0.012337295759063545 0.07079071664704294 0.0851238230399179 0.018994515298244093 0.08703538289713202 0.010026696943895123 0.01787864476996907
 0.05081898269140155 0.018327052333971278 10000.0 0.014681480677519034 0.04485882411867222 0.06354061387269233 0.09833272930091383 0.06422295674085897 0.009017642147979659 0.021075731513792762 0.02840539446881416 0.03354653638917852 0.06438114270750205 0.05931539000115444 0.10425241538337339 0.035336240426290244 0.07739120816567763 0.044419268318584094 0.047834548624248435 0.00440295852124554 0.0293994441919654 0.05425004370619156 0.07030505973192969 0.028567816763423667 0.051164585868624046 0.05028192210403386 0.03494955039254219 0.028869820935811218 0.03507972673833475 0.04956885014818223 0.07997047188065858 0.039863199213575694 0.047520617638027424 0.07508378924168907 0.014483055109801706 0.06843742597012777 0.011284353037342838 0.045675398228735856 0.004582858513728072 0.01746221584588168 0.08345708730839146 0.02120053668797858 0.09144865237057988 0.04006751902135411 0.10010498500971939 0.10421944421679846 0.028198871735713775 0.030877562728789477 0.051833947583480006 0.034361182060485454 0.012498514160927392 0.06273693843076864 0.08178290060839373 0.05182671655759194 0.10420259555879151 0.08382720394630401 0.025856457872267213 0.09685587865546298 0.021908149226445753 0.056779363866719584 0.02972240680138256 0.08792740717442206 0.06207959044333366 0.06530384113907897 0.03398090465003513 0.010127368337105196 0.04744490909132383 0.020785462463340447 0.040239988626330235 0.07863857259660885 0.051271669893828024 0.028590649084522763 0.04744538179774875 0.041162465384087986 0.03717472105617599 0.014540450994930643 0.015977415388137736 0.018032555260793157 0.025082268621915052 0.04164319147546364 0.03855575777654674 0.04468909829015408 0.0753930700924283 0.06028714128490357 0.06799937806563637 0.03893904769319005 0.0071727724633790175 0.06290972478255907 0.08880138161394788 0.0026206695287546307 0.07773034892386822 0.027501604107911123 0.024057840494656806
 0.04518433286667565 0.01876397152843959 0.014681480677519034 10000.0 0.030975883129076804 0.05508799837233073 0.08416626549744181 0.051767097310383904 0.009588879210939405 0.015539102079141238 0.014532152109241707 0.018989167286618064 0.05685875397808416 0.04507843239446563 0.08984416218049468 0.021258974394844005 0.06319320766915065 0.04016568569279028 0.0389775318633698 0.010388036349293486 0.022989591368291755 0.045708428684038675 0.058995457328203424 0.022993927341570682 0.04145823952688944 0.04675496933715328 0.02439314031711417 0.014381914391501696 0.028785595904064074 0.03784931806143508 0.06731012617617335 0.027158595799993194 0.03721692886168835 0.06087822479201184 0.0009575817943978804 0.053818996935726185 0.013788337995322636 0.03351962099888786 0.010292435963991486 0.01916633410141068 0.06892079322476369 0.0071913196124934135 0.07685999310092988 0.030351554165061915 0.08585646414486975 0.09009985735960643 0.021405614650564883 0.026342170971889477 0.03736097489867834 0.027127955718001553 0.008091766103197527 0.04935173961677784 0.06790007035092084 0.037321985455639736 0.0899831556070535 0.06914880950256244 0.02375201656846812 0.08219566616512994 0.010286196227047491 0.0420978917123376 0.028683358752875164 0.07334545382557012 0.05015512120791795 0.05177423980255371 0.04266467185499731 0.017315298102082745 0.03319062972103217 0.02091444685665895 0.045246962063669294 0.06407383299084507 0.043675624992706635 0.027195618492205663 0.039221688983138346 0.027034447825627674 0.02516375885102422 0.008357458626109471 0.02105905404841887 0.013837907253849127 0.01775283708072587 0.04005964656718251 0.029693295579268187 0.039639803502127195 0.061157924800431675 0.046619333257217926 0.05402451375707632 0.02597254524863803 0.01047300974902887 0.052494076547804525 0.07416945191371879 0.017261869645534042 0.06847682280539114 0.02330262494014518 0.01155381367427058
 0.03617954853551652 0.03673810382864947 0.04485882411867222 0.030975883129076804 10000.0 0.06025027273944255 0.05350589923869496 0.04459830906574967 0.0403602084864443 0.02915363097105667 0.016511013130040414 0.013197290986720065 0.06395643950606711 0.028793491770642336 0.05973980260287082 0.021691600087040196 0.0326226811052853 0.036439255473610134 0.04722090276679723 0.04096136523349194 0.026588512026622307 0.028913203655391698 0.05486107081480524 0.0436122387632488 0.022814798948787 0.04210334711150694 0.016520149231348084 0.021157277581915775 0.02732216088570896 0.03806659448636279 0.03727442830640065 0.008085449965675161 0.01865630431019702 0.0417876651319652 0.03155868096030583 0.02583729598949541 0.043960685788880585 0.01019233429638376 0.0409354166568318 0.03825401237640678 0.03960752823666963 0.02386168060577858 0.05238835273780528 0.039941861844061004 0.055339881654166416 0.05937019707931545 0.0411117789062969 0.04695254938978766 0.021108471907379998 0.0433479223749123 0.03317740520514125 0.018636732843731043 0.05038930209171454 0.020598048264825846 0.05940606128414192 0.042853186473960345 0.03423474792960901 0.05403651609530963 0.031130541388332413 0.01815722604634189 0.03742496662013981 0.044321246472623074 0.045605611527139905 0.020891777169487792 0.07228490162427546 0.04261947426442101 0.004197725585148828 0.03679266644173433 0.07221344329911716 0.040777643575773584 0.030224471615456803 0.03630765265086292 0.025999515177038617 0.004303863407760881 0.011641521470527749 0.031307304443124594 0.04243952301891963 0.031335831661546895 0.03880045906189471 0.060815936071115344 0.021024904665741525 0.034334457006422445 0.030677992220985207 0.015675202653553807 0.02314130225180883 0.007690034560792224 0.0385421118372417 0.05268278659031014 0.049083331811469594 0.04721735284958782 0.06932704461675061 0.03070579207178579 0.02100087327005762
 0.09326452314316834 0.07381353963947695 0.06354061387269233 0.05508799837233073 0.06025027273944255 10000.0 0.08994276076795736 0.023214988052621496 0.05468048886635649 0.0692431002990408 0.056454733842911796 0.052032180189087215 0.004706165061942994 0.03913738346000192 0.09045557366773321 0.04097051750965481 0.07409081696969969 0.09067241478703943 0.016111336662327645 0.06015717483901449 0.07430311880338593 0.08847926290403046 0.01721588019224306 0.03509440052371724 0.08250728927914061 0.09731547349966893 0.06929984130553596 0.046626187160994786 0.07890018403979479 0.02218413917480713 0.0901393000554381 0.06471680455603548 0.07797512674591818 0.044326607223022244 0.054390598734703664 0.060017322265889544 0.0526235934728641 0.06995854112220311 0.05985966386133033 0.07425383832625689 0.07181704934940251 0.055709424001658896 0.06281924417863907 0.02480619336005092 0.09006606516371925 0.09534832663173023 0.03535096427813052 0.03342139294819747 0.04190307220265267 0.029179576550011053 0.06317268007954227 0.07294758823074779 0.043726776139132055 0.04248982112183338 0.09382221607967885 0.0629237293755211 0.07783768159038477 0.07650713046679489 0.044814407218094335 0.05054534522710512 0.08278821310474135 0.07356695374346746 0.019395106738971452 0.07339515556272419 0.059538262899598356 0.07114207491410886 0.057834702330948784 0.0758534488376839 0.049469309567647494 0.05365121704583332 0.08878085687025442 0.08126569599617996 0.08408537997451365 0.057197130981552415 0.06611337745458311 0.0632976405918982 0.07583290799244598 0.06841224382093385 0.03862868869376769 0.030845398053053585 0.07591270684455872 0.08930073323927551 0.07223474004310537 0.06924067266507149 0.07085132181323442 0.0631911799449163 0.0640573348941135 0.010330996907682927 0.0627209875415634 0.06561684641049646 0.014555494034272103 0.07631912358138584 0.059723609686303435
 0.07242075314652945 0.08886529154585253 0.09833272930091383 0.08416626549744181 0.05350589923869496 0.08994276076795736 10000.0 0.06678979802439988 0.09323084176097872 0.08157259189880835 0.06992963950541442 0.06533736619324233 0.09463685668665806 0.05228164515069608 0.008933270098706293 0.06864183458389972 0.02097369770798247 0.07746261795336488 0.08479840729213751 0.09435359412852248 0.07662245972954877 0.06119007495565184 0.07527646914433817 0.09115699804352348 0.058369738991976276 0.07968741651019379 0.06682781707891158 0.07202930626903614 0.07447697929890913 0.07286274704194179 0.027880604563021445 0.059523334526192226 0.05860578586746817 0.046612141757769225 0.08465308085993511 0.0327470327845154 0.09634490459631728 0.05530143598977409 0.09430985584379335 0.09046239795373318 0.018286637589844768 0.07720413741092334 0.033584166246691846 0.08162029113769372 0.002674545675188252 0.006016144913429484 0.08875620816942933 0.09376667928064031 0.05404658353817389 0.08832098506643712 0.08664127431299541 0.03696752052474783 0.05111834349128044 0.05364942338680952 0.005992715219321102 0.027950302935290414 0.08449418587227452 0.019125800964918963 0.08207237678953862 0.045369891222875644 0.08608997208542797 0.01657981315912765 0.07054954292644278 0.03412822903740678 0.12327364023657919 0.09576170858056736 0.050975796888343555 0.08833960489928211 0.1206632238030469 0.03707474019737867 0.06553478557825533 0.08544765528069619 0.06480409503324842 0.05718973126300768 0.06288146082416493 0.08473402349050548 0.09479035639920864 0.08413163324169591 0.08769681950750052 0.10521621138628591 0.06750289283840596 0.0750830225566331 0.02302613497511446 0.03855494363075274 0.03044062254155359 0.0600697904620864 0.0920375646258458 0.07964385522737938 0.031297244060093946 0.10071452097002688 0.09064964996275993 0.08078544626066655 0.07448817544006912
 0.08038355749078753 0.06877162939542708 0.06422295674085897 0.051767097310383904 0.04459830906574967 0.023214988052621496 0.06678979802439988 10000.0 0.05539734869822001 0.06248115743110912 0.04700176996943377 0.04091026771038785 0.027920937682600958 0.017888053964660516 0.06726073744938492 0.03165552460907399 0.05176927677677963 0.07943391989680629 0.023307620316741034 0.06004007840188285 0.06514006361503616 0.07347172473160848 0.010521793557465707 0.04013948754869267 0.06737361784225855 0.08567410173472402 0.05762032202513213 0.038910127019128195 0.06846068204985174 0.015003044807622011 0.06905054345113854 0.051011240591536 0.06324859012495201 0.021303442620968605 0.051412307253509947 0.03790920211798893 0.05526029766523983 0.054790627535151196 0.059794616658110776 0.06967617715646246 0.048750419345807684 0.049329415589747766 0.04034058933475464 0.026313877522079646 0.0668684174285067 0.07215156551732865 0.03889268307178818 0.04057827528576688 0.023652702658482388 0.03434856317755118 0.05933420144033138 0.053313140311951814 0.022446442860994703 0.024208423555210846 0.07060994034732179 0.03972775175050565 0.07063316518553121 0.0534626759508936 0.04242907519064311 0.030506092392788557 0.0752416630314432 0.05036837621632787 0.004140842597515534 0.053214325601255295 0.07187052008557615 0.0690821964466686 0.041193264477967693 0.07025454913510838 0.06443093838518067 0.03047983967796474 0.07476663803435768 0.07378118566928066 0.07039360658208622 0.04277410785280196 0.0534198104956474 0.058702040406073734 0.07242941498179291 0.06269172701559651 0.04065210670772124 0.0457932476696777 0.0637936516254186 0.07762842132232257 0.050037769191299215 0.049788219516052994 0.049813361934242496 0.04972082495774155 0.06213411263688788 0.012885156929157324 0.03988036175911655 0.06672844423763213 0.026202855485010026 0.06817927689772901 0.05173012851248793
 0.05295865715609911 0.02273502268995227 0.009017642147979659 0.009588879210939405 0.0403602084864443 0.05468048886635649 0.09323084176097872 0.05539734869822001 10000.0 0.02245212639167846 0.02404107606052242 0.027893959525673445 0.055678041413098914 0.05144458825027203 0.09864241958144185 0.027571209534108868 0.07226816155512945 0.04728879109624473 0.03888200091482947 0.005563859690697899 0.030691146206060702 0.05454664157164373 0.06130855101313582 0.019930471207010733 0.05060804591402362 0.05363018488968642 0.03362678993758644 0.021837057295462748 0.03659312445752509 0.04065104753479003 0.07688668584523281 0.03674713901808044 0.04649257030965616 0.06710734185695176 0.008872675072379155 0.06226697959504949 0.0046547238173364 0.04308977254458232 0.0052574665600953205 0.02244567051327401 0.07754072616866646 0.016756191980883538 0.08406576087927854 0.03105106942393351 0.09484497811346265 0.09919452312577316 0.019338307181002216 0.022550708683443742 0.04435775137239508 0.025522301855226262 0.013060846404980167 0.05884162261667665 0.07350351498390874 0.04441309490714709 0.09899368121843856 0.07694589591706943 0.0294213461464296 0.09037149704391192 0.013453192912382074 0.050132989861399746 0.03399214034392972 0.08184650059624407 0.05315882126962271 0.06122139500884745 0.03321944867477693 0.017048221700302013 0.0423314743933737 0.025225784425382262 0.03673493698611464 0.07122370460906101 0.052184791124745306 0.03263834462868263 0.04790849231618068 0.03631341911863491 0.03469697654387031 0.014628876590596416 0.022489586469841463 0.01988214140692112 0.01611265168232138 0.0345714916373404 0.03848840318880792 0.0471050365679759 0.07020475601599346 0.05603258009776056 0.0632789466641324 0.03555819400382837 0.010604917741435288 0.053892630609475516 0.08157791895779036 0.01139167379020547 0.06879525316569571 0.029999203470227002 0.021049314429302746
 0.030527799201423303 0.0076034314107438685 0.021075731513792762 0.015539102079141238 0.02915363097105667 0.0692431002990408 0.08157259189880835 0.06248115743110912 0.02245212639167846 10000.0 0.016089452155033723 0.022731593377454527 0.07141731599418778 0.05199413269942766 0.08839077737101403 0.030850448513140737 0.06111515307041314 0.02491224174252267 0.05326453224198547 0.019126215022827374 0.008413927404986851 0.03317497340274589 0.07093228610422771 0.03850445062537183 0.030245725507349476 0.031384259204106334 0.015100191856769205 0.02372364850220642 0.014261572920804199 0.0500435055273656 0.06056884405963025 0.02211107893520883 0.026882682303963155 0.06729711085925016 0.016464248743804963 0.054864949127816885 0.027099453632109048 0.02663417297642352 0.019305713584736324 0.009100540363068113 0.06870602181579033 0.013626552360905923 0.08067181868323198 0.044481787958295375 0.08361255818559538 0.08723510538189488 0.03682028101983755 0.041877229047759375 0.043575097949397665 0.042323942940695754 0.009451210085468745 0.04478986178399941 0.07523316419328702 0.043332954478696666 0.08755312132408619 0.07163725554428693 0.008594648479317459 0.08318723558343423 0.02497851697438572 0.04526398937045762 0.013553940779008799 0.07344778303444648 0.06163325418485683 0.04756263003302096 0.05456835258459452 0.014662323490174486 0.03280131368772783 0.008128893020575673 0.059155051161200935 0.06840942285232572 0.03028487508460122 0.012032102306655806 0.02637280897747942 0.02670611604008903 0.01869115300939434 0.007845599765040652 0.0133202062338304 0.003073053854888976 0.033183507875205416 0.05554117874889376 0.01758833752305279 0.02465447259000302 0.0593055911263552 0.04302666246347988 0.05126113820698282 0.021771946737594732 0.01395852943868436 0.06541792331818723 0.07755030315683333 0.022559886331414817 0.0819670947244067 0.007777925121037911 0.010848416259250664
 0.0372493704748554 0.02329952157041522 0.02840539446881416 0.014532152109241707 0.016511013130040414 0.056454733842911796 0.06992963950541442 0.04700176996943377 0.02404107606052242 0.016089452155033723 10000.0 0.006651885666076392 0.059264065588804406 0.035907778265338454 0.07590678401483643 0.01590941852211409 0.04898596193296085 0.03421899316234268 0.041145659721407726 0.02445516050189837 0.018302454106499437 0.03473814739144156 0.05597312053808606 0.031279574743210754 0.02956879111336153 0.04087553142909956 0.013419332681826835 0.009949910820352346 0.02246550187004773 0.03568024115493323 0.052894470593499075 0.013101296773789857 0.024979497478222045 0.051280004026828564 0.015175323287526254 0.040590717115866454 0.02790950435490232 0.01969335878618289 0.024426126923196477 0.024568413330557322 0.05529617794923983 0.0073649986177008525 0.06532845862566919 0.03255775334954939 0.0717013602854555 0.0758243797333756 0.028975914067971557 0.03483618374242674 0.027500914878490778 0.03298497169375782 0.017199069006778138 0.034820477878807814 0.05915393946578759 0.02727174556464537 0.07579722843866196 0.05677487986122264 0.023743598674616 0.06913265301678134 0.01710839730047747 0.02987826170620534 0.02825278215516698 0.059865313868884336 0.04653121575330948 0.037246504973668 0.05664677975549382 0.02723145254451735 0.01907822160663255 0.02420247433911612 0.057867181320306306 0.0528371832857867 0.033806831459841646 0.026805622534508793 0.02905174638149769 0.012764472643232506 0.012009119123773289 0.015525559915724857 0.02828607800201903 0.017201688391506292 0.025879454235456265 0.049187726189609635 0.019969720955123282 0.03289883591235609 0.046991187024402144 0.03210756742165895 0.03963691665420668 0.011741317369971688 0.022345420595840715 0.051278754877913814 0.06235058203938847 0.03081181533394596 0.06813858918664593 0.021177508244746426 0.005462841252428515
 0.04124237404665697 0.029941969581244992 0.03354653638917852 0.018989167286618064 0.013197290986720065 0.052032180189087215 0.06533736619324233 0.04091026771038785 0.027893959525673445 0.022731593377454527 0.006651885666076392 10000.0 0.05517592697622712 0.029262666876076263 0.07086985182678628 0.011085457405530501 0.04437445689369805 0.039104773106048964 0.03739181057791093 0.029347445130044825 0.024245209543242288 0.03706072225474099 0.050205933954330664 0.03077995377974619 0.03136934858811748 0.04561234507068771 0.017358962699460207 0.00807684932731407 0.027711224447828687 0.030534722736948655 0.05047169341870187 0.013442542813836923 0.026708809342607907 0.04463563786353016 0.01939415740424934 0.034898815312890574 0.031158478304674116 0.019734460271996688 0.029267121695471916 0.031193027873556663 0.049935977274560076 0.012505141408658393 0.05895718238756827 0.02921808052352604 0.0669660777036354 0.0713007765109985 0.028311506059298785 0.03421422211670281 0.0208494254843927 0.031217306182867954 0.02323820784550984 0.03177877018355717 0.0525042375523222 0.0206203322431925 0.07110915602197132 0.05065726156691233 0.030213968029777185 0.06336872159648797 0.017933268427362675 0.023613360276447108 0.034584531432973256 0.05438290172894959 0.040719088538146236 0.033912450506637215 0.05917734951574689 0.0334691292251952 0.014501136839534318 0.030850467789654005 0.059050058667311424 0.04637793389744732 0.03689426521144442 0.03317117042477621 0.03215496185631644 0.0089023852058929 0.014158365297893265 0.021737510575740308 0.03484364937250341 0.023825580928265616 0.025777398467588947 0.048338725200664866 0.02392454055361576 0.03753462213588697 0.0423112329362595 0.028642829709856297 0.03549282139196018 0.011848437335489322 0.028069020230094457 0.04608048090160766 0.05605200297692011 0.036066799698317276 0.06300916948740938 0.027457473695998196 0.01207193497599202
 0.0963120389931412 0.07562262267543075 0.06438114270750205 0.05685875397808416 0.06395643950606711 0.004706165061942994 0.09463685668665806 0.027920937682600958 0.055678041413098914 0.07141731599418778 0.059264065588804406 0.05517592697622712 10000.0 0.043677552265454694 0.09516029175128822 0.04409083241867905 0.07866802053540527 0.09345121177955064 0.018220106261931455 0.06121527922420334 0.07684476408395924 0.091905494998094 0.021590245845208505 0.03581371407214507 0.08598313531008625 0.10012873866954956 0.07231202135172604 0.049349282177180896 0.0816214397074284 0.026005766413257556 0.09451855793374664 0.06809304700217024 0.08141118452020386 0.04901968379947952 0.05611197382809503 0.06458252153527508 0.05327106666699719 0.07351581540539168 0.060912691742289506 0.07597176499499281 0.07649952883430698 0.05801652429254827 0.0674459475602391 0.026997683846427138 0.09476794145384718 0.10004995874542612 0.036391508192469765 0.03373021900878752 0.046129354364376166 0.030223024744469904 0.06489720270086899 0.07714924385530743 0.04827114119227393 0.046712406337949784 0.0985271168130771 0.06762886729389478 0.08000029188839383 0.08119503296527801 0.04666669521149098 0.054895671584468585 0.08496900262079961 0.07826929115383278 0.02408732262075203 0.07767333550308811 0.057812489263905455 0.0724178144010288 0.06170083369541464 0.07774351068168481 0.04721178954021929 0.05835462608889114 0.09204168283071536 0.08344805164374369 0.08731784333304128 0.06075713401044792 0.06931881467872589 0.06516011725493545 0.07731210519602219 0.07040940216329608 0.03984122871325671 0.029117924716275324 0.07894011524139533 0.09216251826859863 0.07679640231573581 0.07342938703452001 0.07525569583504615 0.06654615676393366 0.06540512111735586 0.015037161180945039 0.0673887733539902 0.06633790433838284 0.015762524171311024 0.0786627894012873 0.06224022740315672
 0.06496290855623169 0.05913504062768146 0.05931539000115444 0.04507843239446563 0.028793491770642336 0.03913738346000192 0.05228164515069608 0.017888053964660516 0.05144458825027203 0.05199413269942766 0.035907778265338454 0.029262666876076263 0.043677552265454694 10000.0 0.05445245520333376 0.02398128374217975 0.03501928543975411 0.06501053398545498 0.03254298579574065 0.05491416688319089 0.052698135951682906 0.057051423002883246 0.028348589282396853 0.04209394140793771 0.0510109481227421 0.07084999885920436 0.04382022802068453 0.03072591979398133 0.05495287881830787 0.020616859508271166 0.05136427636634553 0.03617658486599665 0.0472143081575851 0.01579980761356768 0.04504741826090495 0.02092107964449652 0.052818997980535964 0.03878296960135385 0.0547345554711152 0.06032744490589273 0.03401412676179251 0.040477856886929536 0.033161330674693686 0.030335878364584908 0.05284348586911011 0.05803427975765908 0.04002772426395348 0.04396081017383269 0.008463975044711275 0.037902098564130154 0.05137343175030981 0.03545063119386686 0.02325874834735796 0.008782825183984592 0.0568643141601321 0.02812138277161681 0.05929336276679483 0.0425130022695475 0.03807075726064027 0.012727661574189158 0.06342645859976477 0.036751701262085566 0.020464779221789766 0.03532766315251325 0.07539266099624947 0.06167507667246884 0.024912652009492987 0.060110220247682145 0.07054969682428525 0.020506543969764226 0.05884005953435199 0.062078770934900475 0.05475294392200572 0.028051050520846606 0.03915738929038621 0.05021037357975807 0.0637829214394267 0.05298079927990091 0.040213318346639736 0.05368806822545187 0.04936426318656154 0.06298966495333697 0.03312499655495921 0.031964339811305205 0.032064386833291714 0.03514679276593404 0.05539981083911287 0.029357409208611292 0.031168723226994103 0.06193534320857459 0.04408217045478506 0.056300913987319866 0.041266609180644544
 0.08085401044575422 0.09580678701865242 0.10425241538337339 0.08984416218049468 0.05973980260287082 0.09045557366773321 0.008933270098706293 0.06726073744938492 0.09864241958144185 0.08839077737101403 0.07590678401483643 0.07086985182678628 0.09516029175128822 0.05445245520333376 10000.0 0.07302573604139093 0.027276230833637755 0.0856743075647262 0.08686897163694877 0.10015445158966899 0.08390309409760496 0.06960925692865505 0.074898476939787 0.09497476583876309 0.06650991432258735 0.0881430287564662 0.07392083946553386 0.0770709718289674 0.0821030480440972 0.07500461112201956 0.03674707998868656 0.06627994817831082 0.06644807336646186 0.04625094754366829 0.09026400575764904 0.036739843852967205 0.10149213616806564 0.06254064441353671 0.10008951741069773 0.09738684521106508 0.021340352722867936 0.08305251358818506 0.03031035341735267 0.08453861731752892 0.006259766210195013 0.008164945398882423 0.09264823228389527 0.0973656014212441 0.05747936883654267 0.09165738974527965 0.09289142958608657 0.044349788233533874 0.0493136479878248 0.057151122230294525 0.005644911728065887 0.02753331720714168 0.09181578127242965 0.014970299671411905 0.0869105290360355 0.04940974356383042 0.09366987817942544 0.01775167105936378 0.07121300163856796 0.04148615521674404 0.12765131735209048 0.10231159642858452 0.056829070596360186 0.09542991239492384 0.12427245424092333 0.03681129492088542 0.07389337800155085 0.0929546720714383 0.07292977466695712 0.06315173563243483 0.06975222195644706 0.09104134601635741 0.10168589906780362 0.09082862183472945 0.09190128528350977 0.10806229705815326 0.0750689780399738 0.08327941288952197 0.029109243376176163 0.04548577561859425 0.03716673604442998 0.06668341019582721 0.09820181887211281 0.08012814485635301 0.02888203808724681 0.1067002083109035 0.08972117820490379 0.08810357458922016 0.08070928125468035
 0.05229426527956926 0.03715698811869982 0.035336240426290244 0.021258974394844005 0.021691600087040196 0.04097051750965481 0.06864183458389972 0.03165552460907399 0.027571209534108868 0.030850448513140737 0.01590941852211409 0.011085457405530501 0.04409083241867905 0.02398128374217975 0.07302573604139093 10000.0 0.04817855437635118 0.049894093203314366 0.026376544993292554 0.03093618924022915 0.034196614619763074 0.04800791160412132 0.0401992430238171 0.022999621972644494 0.04221048589996983 0.05647706837757094 0.02833898797693751 0.007314761280409475 0.03827460516685472 0.019778519454791116 0.05775143935097574 0.024218195973523555 0.03757499997997134 0.03974964900527447 0.021153404774198498 0.03628850585189189 0.029357800103710308 0.030115172782569716 0.030754605923818158 0.038113637148999145 0.05168769714897914 0.017732385492153325 0.0565134148759162 0.01845898351259703 0.0699181971624825 0.07465690415627382 0.020506301531639633 0.026046841524792388 0.01683517357152214 0.021809785553165574 0.028151961944457002 0.03885560444188284 0.04664227531123193 0.01693181553983118 0.0741015073047062 0.049726739595277514 0.0391131375805663 0.0635173306959718 0.014424695763559014 0.023634056497821625 0.04382914302264081 0.05564729131618815 0.030824553550735455 0.0404674302537636 0.0546754121833705 0.03827708715242993 0.021022693798064065 0.03860090078521338 0.052464685516569985 0.04367155551705728 0.047965378494349245 0.04234305547315148 0.04323277375577449 0.017749591948673375 0.02523276189764187 0.02729790527281752 0.04107629505896446 0.03105052964066415 0.019075812484690393 0.039406426502411024 0.034944598599001786 0.04842373846543583 0.04604451134315133 0.0352998167714152 0.040624877851976174 0.022639287238133382 0.03169748369342464 0.035379990636503655 0.05408851224905516 0.037955746754701966 0.05226250384845131 0.03687247984526634 0.02019024490835777
 0.055966713733894356 0.06853362501065983 0.07739120816567763 0.06319320766915065 0.0326226811052853 0.07409081696969969 0.02097369770798247 0.05176927677677963 0.07226816155512945 0.06111515307041314 0.04898596193296085 0.04437445689369805 0.07866802053540527 0.03501928543975411 0.027276230833637755 0.04817855437635118 10000.0 0.0599361509470726 0.06664342968612726 0.07339168727053416 0.05674687096927427 0.04489635501145005 0.06149706445054051 0.07098545227315779 0.04084679855796039 0.06324110563036367 0.04669409635735639 0.051181592113967105 0.05525296926315523 0.05484887609109854 0.019820367622259583 0.039004120773274524 0.04006077172344693 0.03493018309607039 0.06367950867461523 0.014099382146351534 0.07542787656000868 0.0354217257041147 0.07334551679349716 0.07011224394954008 0.010334590928746149 0.056242640235700685 0.031382431500010154 0.062431677911521696 0.02272184066144102 0.026926361754471315 0.06853780824242175 0.07376702767418286 0.0347947034628643 0.06860847158378758 0.0657975713083785 0.017616111960949157 0.04211590109426571 0.034321788621242064 0.02681167661674858 0.021135762793664283 0.06466975375788914 0.025050861064815248 0.0612828045257434 0.02565916428124306 0.06672635311026139 0.014773323071237203 0.0550141254314837 0.014815795397707167 0.10262574027905376 0.075089480160987 0.030003340664408868 0.06818231041194892 0.10053526903621328 0.02687311513553086 0.048827589879386186 0.06594342193128828 0.04710998823694921 0.036233263384015 0.042479379473959085 0.06391523861145314 0.07440984427348102 0.06356600113085524 0.06724932509900611 0.08588211081735425 0.048184144067452334 0.05752323037386389 0.0021349161698375335 0.018279779170898666 0.009931970432294388 0.03942446482383993 0.07116251843198643 0.0641104439859035 0.027805354164500744 0.0797886766812463 0.07742298215492104 0.06096176714173016 0.05362349381685735
 0.007320367250897733 0.026185385717725593 0.044419268318584094 0.04016568569279028 0.036439255473610134 0.09067241478703943 0.07746261795336488 0.07943391989680629 0.04728879109624473 0.02491224174252267 0.03421899316234268 0.039104773106048964 0.09345121177955064 0.06501053398545498 0.0856743075647262 0.049894093203314366 0.0599361509470726 10000.0 0.07528366786114848 0.04345495466237977 0.01726165792277271 0.016828053287238232 0.08911802117564031 0.06277592144364251 0.019187047456390046 0.006717911418225683 0.02185985299277487 0.04410293584744863 0.011874737131646386 0.06960149633337884 0.05132382258842336 0.028837451194388946 0.020209220974562844 0.07814172292583932 0.041116748226659006 0.05946395000190166 0.05191228301187722 0.027334002967397807 0.04367674032059046 0.027293576918733513 0.06961423655665656 0.03625249880233121 0.0867277007347734 0.0666031882852193 0.07992931994215177 0.08227302467318011 0.060871443286474265 0.06625180121294781 0.05690596179537462 0.06590821158000487 0.03422800325600913 0.04241494887724393 0.08678928128731063 0.056461958450642946 0.08329005355903028 0.07642050697507988 0.018577557771897086 0.08473761192170721 0.048620212066125296 0.05447669079448187 0.015490232497187697 0.07438999396502877 0.07962884512563191 0.04514517282470386 0.0783989915162636 0.03528903667588755 0.04056486331300604 0.023849154979642 0.0838562594394438 0.07620751644034354 0.012312231700833173 0.0162233194250154 0.012829410384204999 0.037037861031791755 0.026061333936766847 0.03274970186276044 0.030334371617681627 0.027413682320651472 0.05731900632767303 0.08020096825953656 0.015697830968444456 0.00241295716414219 0.05874513032294589 0.04276100178976634 0.05053080299007223 0.029935691866324436 0.03787246719441066 0.08517481088579548 0.08318519302713605 0.04517979254052262 0.10209746567674095 0.017296489825274985 0.03149775558816639
 0.0783090428929795 0.05771003241045366 0.047834548624248435 0.0389775318633698 0.04722090276679723 0.016111336662327645 0.08479840729213751 0.023307620316741034 0.03888200091482947 0.05326453224198547 0.041145659721407726 0.03739181057791093 0.018220106261931455 0.03254298579574065 0.08686897163694877 0.026376544993292554 0.06664342968612726 0.07528366786114848 10000.0 0.04428874736527489 0.05862654817043907 0.07438427623496027 0.02458629686694649 0.019889385675563354 0.0685693031979366 0.08197253190375646 0.054316055470317766 0.031205097677514042 0.06343856185348003 0.011935660845561955 0.08040434475947918 0.050584028622260586 0.06394290625764353 0.04310696343221504 0.038279382656017505 0.052742153133612996 0.037193132106523204 0.056327441083565556 0.04399593740545236 0.058142948496152896 0.06654895975834713 0.039813487283204725 0.06252494447665669 0.008789567217378953 0.08538645239874348 0.09057343636391824 0.019708431920750235 0.019028637597529683 0.03210364926080032 0.013714596322263786 0.047061440982282786 0.0621559617292931 0.045667731082236415 0.032633219046984206 0.08940328352602893 0.05990581602121262 0.0618558955074945 0.07423128491388763 0.02870760481560907 0.04133270149156169 0.06681831086265103 0.06923749041774412 0.01946446903463205 0.0631032073948813 0.048999836765595384 0.05512444166830358 0.04549730763425833 0.05976498258740272 0.041127854142199834 0.05122257748645995 0.07427372548732733 0.06529622996078467 0.06952392102258523 0.043681409162326 0.05154394460801213 0.047199723490004765 0.059744479759856965 0.05235190089970531 0.022769627599740848 0.02254724920502665 0.060944472282167365 0.07403459370037557 0.06461088619682782 0.05842030837265883 0.0615831536328592 0.04900967783118899 0.04801881686614696 0.01600677877631257 0.06149459642570727 0.05001420647970692 0.02991824863065367 0.06045847196821699 0.044022155299171514
 0.04950673797770739 0.01801272878065329 0.00440295852124554 0.010388036349293486 0.04096136523349194 0.06015717483901449 0.09435359412852248 0.06004007840188285 0.005563859690697899 0.019126215022827374 0.02445516050189837 0.029347445130044825 0.06121527922420334 0.05491416688319089 0.10015445158966899 0.03093618924022915 0.07339168727053416 0.04345495466237977 0.04428874736527489 10000.0 0.027538508898515154 0.052089663420377845 0.06633709956702974 0.025491304096170845 0.04863202092242015 0.04959516052859847 0.03202409383431467 0.024480733140638353 0.033377851092330255 0.04548079782690439 0.07656766997561124 0.036344791887552755 0.04478380120851217 0.07068494281154043 0.010127882664350534 0.06420419394326639 0.009234920294009208 0.04235873960748169 0.0003076499884488478 0.017508171318076193 0.07928281086211592 0.01714950182734663 0.08706211334066934 0.036295103016443585 0.09608754325073658 0.10026309202421825 0.024845686139658575 0.028101416201128427 0.04743572734912779 0.031030566439856955 0.009831016535275287 0.05905232417608292 0.07740982727660853 0.04743123929783003 0.1001998040787507 0.07949024083748751 0.02514236813736255 0.09258174529943035 0.017641890933116904 0.05246072357960585 0.029456221297081003 0.08372275909559018 0.057984204311669035 0.0615689167550183 0.03545326381379511 0.011538764106368418 0.04340276610826183 0.020530688404776364 0.0404513717689576 0.07424822241419397 0.04937607793612132 0.028183618573925994 0.04533183999188456 0.0371643875403897 0.03384962384654039 0.01177529601892661 0.01711065921882127 0.016244821906357357 0.021538082867274433 0.03982923498400029 0.03616336403341856 0.04349125080137346 0.07137573034252208 0.056494215489031184 0.06409205374088503 0.035333435374160484 0.00568396286792958 0.0591030350939216 0.08442759896518419 0.007023620038709962 0.07420651656928975 0.02622185419284321 0.020430319754797022
 0.02230481079083461 0.013231126157456212 0.0293994441919654 0.022989591368291755 0.026588512026622307 0.07430311880338593 0.07662245972954877 0.06514006361503616 0.030691146206060702 0.008413927404986851 0.018302454106499437 0.024245209543242288 0.07684476408395924 0.052698135951682906 0.08390309409760496 0.034196614619763074 0.05674687096927427 0.01726165792277271 0.05862654817043907 0.027538508898515154 10000.0 0.024910340728441366 0.07425784640499469 0.045515035528623266 0.022460364824328165 0.023934614367092398 0.010244677162472371 0.0277424160644524 0.005901997787382596 0.05394099602605583 0.05404202993771696 0.01863621123876189 0.019629087676233847 0.06729217445880266 0.02394542736749592 0.0522721625302606 0.03534585088190907 0.021364073121121804 0.02771570583886895 0.014812569794643252 0.06511133161153139 0.01910394633219025 0.07897450326941649 0.04987011405026689 0.07880281284761748 0.08209860168856091 0.043624180025861777 0.048990352498740064 0.04425610883066179 0.04874377294851403 0.017812732571513314 0.03966012851733117 0.07560192875029821 0.04391567955203968 0.08261406308291569 0.06938610795892765 0.007924178150955577 0.07997062578797134 0.03140260464203379 0.044198811333091365 0.010901489077907663 0.06992742630209825 0.06480154853591372 0.04250986531880749 0.06298222605446259 0.022049196606974946 0.030660900872550596 0.01202794092232813 0.06742601951651138 0.06721918497435772 0.021887703044477676 0.00972375066238638 0.01809724298416352 0.025317416199241497 0.014994355689196874 0.016076908075959285 0.019052300835349832 0.01138443614222027 0.04006233767756869 0.06296752595900801 0.009976822921825494 0.016650387309427337 0.055092430131205745 0.03846710178684169 0.046815231942152126 0.018909117984397043 0.022333822823247213 0.06952625850505197 0.075670018460073 0.030747020977147623 0.0863430733728219 0.004226417498020224 0.014604536717930803
