NAME :TPP_input_18_4_1
NUM_VERTICES
69
NUM_CLUSTERS
18
Full Matrix
 10000.0 0.08136478925114596 0.04432763983338602 0.07051116039700715 0.04598488566499294 0.08974659964835281 0.08647366754509062 0.02389436495091209 0.07831726940512901 0.08230327146350043 0.028069701264384656 0.1024563858136051 0.05531181062168211 0.0672919001791025 0.0741075862445949 0.08568434265578309 0.09944248737154497 0.054691725142371035 0.06498289378401882 0.05367730363258064 0.09808519275716673 0.07047582636046701 0.0073419211418561175 0.10102998746829914 0.06622648297610664 0.09784420801437736 0.055798872668785714 0.06766658931741697 0.08536258774352407 0.03742978688017171 0.07211758909904406 0.090797348596415 0.07772245691777886 0.061146330309382414 0.034899801780038445 0.0920278148922438 0.07437175428684144 0.07590500467019416 0.09250189601487986 0.07528262348695887 0.09086637678322258 0.04602575130848546 0.08135451396471735 0.07611252828514295 0.0772577522614659 0.029540603914926657 0.10074834576183707 0.08288937121680237 0.08907362003167782 0.07654659456338363 0.09622192388300507 0.05740088968432897 0.0150587013398881 0.06797097095336738 0.03763336592372465 0.09942187874339856 0.07402692451026875 0.028123253037582247 0.10340369114813955 0.026919924187603157 0.045600945754448396 0.05423704853996548 0.09266046390609274 0.11513461335629192 0.1076234840809946 0.023074814323821104 0.06095329779523133 0.07656208584069926 0.04730046360846527
 0.08136478925114596 10000.0 0.05888538096050338 0.05731526211325049 0.05277114737974586 0.03441599258325752 0.03741622829595334 0.059132767370988645 0.013493501622320093 0.018232839499596386 0.06117769967740044 0.027016065909217072 0.059675282717457055 0.03958851579732147 0.027513946439677875 0.021759732890556056 0.06083319141254982 0.04681062511083674 0.04331206128967278 0.028541669215924593 0.022018545122592596 0.017326999799989928 0.0833308092201648 0.032928405362523824 0.04956278627121462 0.02088186578221659 0.06292823387596226 0.02857646089696511 0.02864897878470466 0.049165447394619574 0.06081828068161794 0.050016016527236695 0.017478444972707275 0.04359676782597219 0.05663857703114692 0.03483917931412398 0.02329245389570794 0.05284728064996029 0.04327721695555586 0.022995734006970536 0.03965553327762697 0.04971057537323425 0.024896698245626965 0.042900805255934975 0.06147358792941193 0.06238904422568908 0.047217564119149055 0.00712311730885186 0.010668674571945404 0.025665009500543904 0.038323691767786744 0.050076005672522815 0.06809009258054717 0.06150492592178023 0.04393044961956784 0.02819386675758497 0.007360431184714421 0.0580633996559448 0.02495398454380172 0.06607839375777766 0.039155901530790085 0.048893121601561354 0.056162457057219076 0.03657803298444324 0.028584206805379844 0.058762242376580266 0.06138288777842569 0.06100075257799127 0.03407724537278601
 0.04432763983338602 0.05888538096050338 10000.0 0.08224944409886675 0.006115733266873866 0.05154650400062319 0.046970412430989046 0.039665719153641664 0.06357935417111937 0.06947882077423723 0.04881175339302002 0.08547908916739043 0.07206958029414337 0.02746176874623816 0.06802286816488927 0.052316271151976415 0.10344198847163207 0.06304676460918035 0.06981209817395347 0.04289259455689039 0.06720126166538445 0.04229186078970375 0.050695350625458734 0.08891687138085547 0.0229614729582906 0.06761193956266835 0.012494347436799712 0.06276244652062991 0.07734736475906902 0.016841822093879657 0.027824001893114982 0.04820720091601526 0.04682153256484098 0.020552084580780557 0.0515346791185315 0.053924789086967746 0.04117658131052186 0.08372344939773095 0.0899062483075995 0.04204805087362823 0.08692965804687175 0.009295516259711829 0.04657188182518757 0.07841202356481684 0.032937958983114336 0.0149341476472954 0.09696574263322132 0.05658918757946889 0.06193418420975296 0.06901718997991935 0.08947469868213649 0.014556885796062893 0.030517627790446953 0.023794796994533015 0.029043629113350695 0.06552001482197342 0.05248416748312356 0.019203246360756362 0.07337325472279019 0.01746542812319056 0.04487357312386633 0.012625747533616437 0.09680785876910189 0.08374772187011212 0.07757403494251133 0.028651785581750938 0.016966147940197508 0.032238594753951126 0.0343920704299507
 0.07051116039700715 0.05731526211325049 0.08224944409886675 10000.0 0.07788638271174902 0.08892286226606284 0.09004614211796284 0.05000097066924012 0.04435801347176297 0.04219413311038852 0.04278586985672427 0.05790088178504679 0.015686106566336924 0.08159941934191978 0.0301966974294538 0.07721778014498432 0.03020600792231354 0.019230074855145315 0.014765970200009183 0.04308281201950509 0.07894605319869419 0.06381827337646875 0.06707670459507015 0.04969168233937564 0.08897160090000159 0.0776121041031386 0.09301805296255931 0.02904820462144947 0.03553653740515086 0.0654485899024101 0.10070146328716163 0.10147356835647275 0.06983365548569592 0.08085050171902165 0.03631674703651975 0.09001852161814838 0.07255949687988872 0.007917699828386167 0.031171981665996214 0.0729113948450776 0.03199760876983116 0.0748961419248505 0.0778885598945166 0.016577001032435167 0.10380262051671527 0.07409214463661204 0.03836638657481578 0.06397475257938588 0.06779380159543603 0.03266060769446597 0.03908405535622363 0.08379151628642956 0.06666008395948624 0.09897750489842688 0.0532257471063609 0.0855079800905946 0.05429190050663148 0.06718439379776169 0.0804609222851208 0.07581610378880753 0.03747040831807972 0.0805596563521794 0.024067475354430674 0.0906597164288358 0.08311415956089445 0.059723279221239135 0.09492186938131326 0.1031149201659181 0.0494986705766426
 0.04598488566499294 0.05277114737974586 0.006115733266873866 0.07788638271174902 10000.0 0.04678858587788496 0.04251474524927966 0.037958300323425787 0.05758041359147229 0.06351242801123301 0.04679236887756966 0.07937035915612539 0.06846207889482522 0.022802511830189314 0.06241483467685203 0.046735847490157856 0.09816936847245154 0.05878445601836861 0.0650288189198905 0.037492049570522164 0.06148409301276192 0.03622832932369262 0.05185268769585385 0.08289131003934212 0.02024225928845281 0.06184244969936254 0.01521697956482702 0.05731459465993008 0.07153763598639569 0.01339207485349734 0.027608897743497007 0.04505341934473027 0.04094591711748298 0.016007605952776557 0.04877412779871642 0.04916689423983068 0.03544504542704034 0.0789662374644263 0.0842988374072143 0.036332732685479055 0.08126611593071985 0.0033209784393925007 0.04111290688147502 0.07326413132149857 0.03240804850121642 0.016660998331827416 0.0912462866180543 0.05053844792601334 0.05594102455448951 0.0633094181854516 0.08364865584205251 0.011417394653815808 0.031393872767165154 0.024158370094637203 0.02506674973816509 0.060118559615915126 0.046375256262851515 0.018790305458991262 0.0676193790679787 0.01999539419810908 0.04041601831516187 0.008380467895621671 0.09159922284436994 0.07816486576054898 0.07184256365349156 0.02764893738330475 0.018190730641650107 0.03167381658679997 0.02921388889569824
 0.08974659964835281 0.03441599258325752 0.05154650400062319 0.08892286226606284 0.04678858587788496 10000.0 0.0056595596854058456 0.07330425173877163 0.04757032385670237 0.05264736315791097 0.07911732354972054 0.05614331214600826 0.08757564723926183 0.024089028709425347 0.060770800563886264 0.012675496628778532 0.09524917411143953 0.07457938170770058 0.07422546618080209 0.04971442501025437 0.023316927131346397 0.025737337778174794 0.09420798414468924 0.0649899689968266 0.030935231195379914 0.024666651477873835 0.04820733161727216 0.060042127423226524 0.06306393305332603 0.05231967039325188 0.03742242703066277 0.01683439434768217 0.019089906827009187 0.03099778413864054 0.07709988046020588 0.002380034427463418 0.017666204883434136 0.08565217867634324 0.07766565078164803 0.01700460330196765 0.07404414885933125 0.045324978589156115 0.011149466549522317 0.07616701906124627 0.03545537305701268 0.06255223506473286 0.08117528855725561 0.027366851387680254 0.027304057543156363 0.059411094514782645 0.07224681411435395 0.03738401066667984 0.07471321069635815 0.04030574843516116 0.05526043804027046 0.017288244635548813 0.03497703844101039 0.06181170099738654 0.028924831007435235 0.06623458022272273 0.060380565609851895 0.03892887755370025 0.09049991792216974 0.03571857539070916 0.03212194336185727 0.06742531827304418 0.0440142892833211 0.035310302531126325 0.0490011231824667
 0.08647366754509062 0.03741622829595334 0.046970412430989046 0.09004614211796284 0.04251474524927966 0.0056595596854058456 10000.0 0.07113944565496683 0.050125960069229224 0.05551210292186859 0.07745185309387777 0.06053735823062397 0.08770961264406964 0.01971782772295021 0.06276798644807784 0.016301937059872932 0.09804497140960033 0.07485731737398217 0.07528616869678008 0.049467216437465586 0.028622262650381602 0.02624727002725773 0.09123330033433659 0.06897098251106819 0.02567355646515823 0.02989351194771981 0.04294336053041094 0.0614788495053759 0.06594389265271927 0.04910479815860223 0.031769088823051954 0.012626079452046808 0.020763397632277882 0.02654000318913303 0.07590339818723003 0.007705819327382279 0.017568197041371535 0.08723218528958131 0.0806289049275381 0.017150712967566054 0.07701121450560548 0.041318163754831924 0.012674715530911599 0.07801354739725214 0.02982280772860719 0.058638766470247725 0.08456556802396761 0.03059266603913727 0.03143786406849423 0.06164051511465218 0.07564629211066444 0.032591981185469306 0.07141496836491638 0.03470321703868998 0.0531599295198367 0.022913705622683612 0.03693596931976636 0.058390001217467395 0.034388470154340316 0.062246017658347315 0.059717353986348004 0.03442887360490545 0.09303769186135781 0.0413774799350105 0.03769039373912346 0.06456026175538679 0.038598869483060586 0.029666766973742077 0.04775718725813989
 0.02389436495091209 0.059132767370988645 0.039665719153641664 0.05000097066924012 0.037958300323425787 0.07330425173877163 0.07113944565496683 10000.0 0.05481909691279029 0.05855770153322077 0.009301162666520613 0.07883228923110465 0.036312980210865556 0.05395540236775962 0.050225492406844575 0.06687649670314219 0.07733217325780536 0.03227534145145783 0.04217140049049602 0.030733393908222884 0.07764558582386191 0.050740286947744635 0.02436356723131039 0.07714519648217114 0.05632065325066665 0.07717889852931688 0.05210644792168942 0.043781609564135134 0.06147857611834064 0.02503520985965534 0.06543042358232216 0.07814356633983763 0.05840949289749245 0.04929008967388438 0.013994213825483087 0.07539364235959436 0.05635728832671466 0.05425836528991179 0.0690690561381274 0.05720115374541151 0.06726419842060598 0.036276384790146686 0.06352173296338977 0.053133639543957514 0.07001920857172 0.02702941991301271 0.07726837485277682 0.0616111679155948 0.06775386158477333 0.052652469676520444 0.07244188685136319 0.048165620665069526 0.01666262152936912 0.0621138036599754 0.018043817249577914 0.08016308820132831 0.051941360492900164 0.020773508892889904 0.08247723667322995 0.02754347412125451 0.021781299702265267 0.044527102296077564 0.07045786960828401 0.09435389790278147 0.08657782718227566 0.011395026061799372 0.055984563395115254 0.06927668131058601 0.02591204005087458
 0.07831726940512901 0.013493501622320093 0.06357935417111937 0.04435801347176297 0.05758041359147229 0.04757032385670237 0.050125960069229224 0.05481909691279029 10000.0 0.006136291089278341 0.054869383715035504 0.024207596457781037 0.04838112400788098 0.04901059705134815 0.014226129668583585 0.035015024759722777 0.04794471624696281 0.03609826525830363 0.030932576798239405 0.024944462706767995 0.03459732107225273 0.026547888359885183 0.07911960710137632 0.025383051610539515 0.058634661623957064 0.03325415366259107 0.0697992276980766 0.016580007013825275 0.016094341547439613 0.05089790387720781 0.0704308575118894 0.06259009085368793 0.02949342230274929 0.05166286663422487 0.049352753981485364 0.04814381621367812 0.03438941673473363 0.03950420264546615 0.03075381053412476 0.0343345021861285 0.027176537042375274 0.05430278296407632 0.03745567046626889 0.02947437577400429 0.0717918677533762 0.0639588125713936 0.03579153403334739 0.020573317924030655 0.023551595132028605 0.012191329653947326 0.027243824568531822 0.057392917471968015 0.0665452550520795 0.0704501686495355 0.04271572952400055 0.041382032421956635 0.01378576026088271 0.05855287441691224 0.03629684599219995 0.06736143499766789 0.0332318842639449 0.05548678883189879 0.042951936735220034 0.04707691266254648 0.03926525534825695 0.05704929058715399 0.06918862330851447 0.07124758483161943 0.032889432830772385
 0.08230327146350043 0.018232839499596386 0.06947882077423723 0.04219413311038852 0.06351242801123301 0.05264736315791097 0.05551210292186859 0.05855770153322077 0.006136291089278341 10000.0 0.057759367548350794 0.020449902838081905 0.048174233425633366 0.055101983757208664 0.012474504019163413 0.03999209508301746 0.042603959964130377 0.03668552954499811 0.02994915095675591 0.029680754514048863 0.03770858619935664 0.032573698718139726 0.08266586065713726 0.019765879569926186 0.06475422219105341 0.03623649408023497 0.0758887338912762 0.01702736506954801 0.010434706711041422 0.05639435864717041 0.07653046386240411 0.06805967812606495 0.03508000764974239 0.057799151521293717 0.05185078762184405 0.05305586834837603 0.04022681391223441 0.03652881458318507 0.025119936085679733 0.040123088233557425 0.021505697046801386 0.06022149969012119 0.04288804850337298 0.02634042204816356 0.07783171994924683 0.06933305674022464 0.029759153459147435 0.025323374119972073 0.027259623056205735 0.009663461179456798 0.021136219088735125 0.06351438518209437 0.07110686700925076 0.07657930765732394 0.04763708608085339 0.04500633949625168 0.019760441741866204 0.06372229008857187 0.0384840159438151 0.0726546465798163 0.03678197353184397 0.06157760366485095 0.03799586450946317 0.04846566534550691 0.04095599558181454 0.061645451474482756 0.07531795360255449 0.0772947183749036 0.03801118659743538
 0.028069701264384656 0.06117769967740044 0.04881175339302002 0.04278586985672427 0.04679236887756966 0.07911732354972054 0.07745185309387777 0.009301162666520613 0.054869383715035504 0.057759367548350794 10000.0 0.07820886236613105 0.02818726413747542 0.061279454400182225 0.04796184558440372 0.07157338565025737 0.07137920947215946 0.026707303372007662 0.03707391585053735 0.032802813839150485 0.08106785541779993 0.05521493738296629 0.026018005604590746 0.07524202951980095 0.06447963496066536 0.08043028822520172 0.06120203750039906 0.04168124911822488 0.059099541780850216 0.03359729403838689 0.07405461281026357 0.08529557917139408 0.06296584985460807 0.057131509488380056 0.006864272751693248 0.0810895395525785 0.06172205843393309 0.04787570927242254 0.06489857267070452 0.06250994837463103 0.06350690057203626 0.04489293868107408 0.06882763452128518 0.04822857601975579 0.07851168828990039 0.03632488712038778 0.07316938212121489 0.06459800775771007 0.07058777874629286 0.05065838077934235 0.06925527213277737 0.056599657392955055 0.02490560028821329 0.07088796230841336 0.024672775859608143 0.08437709975470074 0.05432796069676788 0.03005248010358641 0.0854458545840266 0.036732605937863184 0.022069527599416515 0.05294706667671684 0.06459132953461602 0.0973162712490096 0.08939784385258359 0.02069549990350899 0.06492458228067409 0.0777683118415945 0.030308379128081698
 0.1024563858136051 0.027016065909217072 0.08547908916739043 0.05790088178504679 0.07937035915612539 0.05614331214600826 0.06053735823062397 0.07883228923110465 0.024207596457781037 0.020449902838081905 0.07820886236613105 10000.0 0.06673384790733594 0.06630333398940674 0.031520101003464036 0.044309020392242514 0.04733290026445089 0.05626055340633223 0.04818875063045193 0.0491406018925414 0.03475971059799462 0.04433751694724389 0.10303121490555489 0.010991992527299274 0.0763045931611992 0.03311801061163037 0.08994081677478082 0.03708639140702343 0.02251775146718124 0.07426662934438116 0.08723035110494902 0.07291109107638882 0.04327110020665689 0.07058458627947814 0.07226351815984634 0.055666546353596295 0.04953181111615605 0.05084825278865681 0.030904061240335744 0.04906623923929928 0.028128958280585994 0.07621779022154208 0.04925037034620486 0.04133684263277599 0.08741462217106201 0.08747617443639805 0.029909494874587113 0.03158888723438827 0.029142617055827272 0.028554672784542986 0.02236886326548245 0.077092071487494 0.09073559379675562 0.08821095056764552 0.06680223499015853 0.04282723226276671 0.03299512197251182 0.08238169631446206 0.03208471197138497 0.09099536947621163 0.05710028717003501 0.07586685879966709 0.04545058537515316 0.03791648921620772 0.03241391385180562 0.08123735969890306 0.08835769737392306 0.08700255510364284 0.05688534785174378
 0.05531181062168211 0.059675282717457055 0.07206958029414337 0.015686106566336924 0.06846207889482522 0.08757564723926183 0.08770961264406964 0.036312980210865556 0.04838112400788098 0.048174233425633366 0.02818726413747542 0.06673384790733594 10000.0 0.07618145614694961 0.035767012905165416 0.07700129980280254 0.045808554402915425 0.013095207910841887 0.018545457803494342 0.0383448426470188 0.08167756663557571 0.06184025496239967 0.05155320183622083 0.06024251889656911 0.0822537811984143 0.08055622795346219 0.08365945478344883 0.03180365313503238 0.044449954621810374 0.05532253347255951 0.09343648912068245 0.09810713710489509 0.0688356610846697 0.07417864262928363 0.022318773621086047 0.08902473879905454 0.07022687909687401 0.0225348396576867 0.04423859705364587 0.07075528846423634 0.044167865531501316 0.0657728302538933 0.0764378578064552 0.027388422405084035 0.09710205199530368 0.0620990904313414 0.052100545390221985 0.06548722202293579 0.07032761023209609 0.03870298463145244 0.05103764943684586 0.07594963399314704 0.052836114410395534 0.09113834598614727 0.04340603713584342 0.08724818063857771 0.05493099036409447 0.0552781739565528 0.08430655748018547 0.06331859104620687 0.029448391736703508 0.07247264200574423 0.03947222309275443 0.09540284369420035 0.08752108106962446 0.046928323891766266 0.0862887877646186 0.09638135860931607 0.04240600163128723
 0.0672919001791025 0.03958851579732147 0.02746176874623816 0.08159941934191978 0.022802511830189314 0.024089028709425347 0.01971782772295021 0.05395540236775962 0.04901059705134815 0.055101983757208664 0.061279454400182225 0.06630333398940674 0.07618145614694961 10000.0 0.05856146860773429 0.026359673499155665 0.09544041301069753 0.06417030645227904 0.06713110379423859 0.038596625562477 0.041540506671712205 0.022658264922992166 0.07241179161587169 0.07239146305093325 0.010001321294950197 0.042247973127361886 0.025638309685130017 0.05534353541244829 0.06489419305562441 0.030304587538365672 0.021436803426797997 0.024208345335781895 0.023361016549945268 0.006909838534629267 0.06092968695317407 0.026468362368972893 0.01699559349546995 0.0804289706262868 0.07923201910089445 0.01762230274270093 0.07577246182173208 0.02166040974588242 0.020301694704058022 0.07248407440746074 0.023026658838421657 0.03898677009888921 0.08478602061603566 0.03487036773481415 0.0388632260776105 0.05836516477332429 0.0762380636323503 0.013569145434880279 0.052267385442422765 0.02192432952494073 0.036613736282549665 0.038682109576259116 0.03543340956773617 0.03917504593280409 0.047803883782788846 0.04255809186695456 0.04682702412895857 0.014840275041474085 0.08956399433183516 0.05729503771777215 0.05181870177929823 0.04611282387147964 0.02268083645269347 0.022428116708150793 0.03390646780248076
 0.0741075862445949 0.027513946439677875 0.06802286816488927 0.0301966974294538 0.06241483467685203 0.060770800563886264 0.06276798644807784 0.050225492406844575 0.014226129668583585 0.012474504019163413 0.04796184558440372 0.031520101003464036 0.035767012905165416 0.05856146860773429 10000.0 0.04846878824084554 0.03691583767331404 0.024742959352693474 0.017474655794936893 0.02535129461622414 0.0488119189165091 0.03745209760899055 0.07362285316424967 0.027283271031512676 0.06751237100199085 0.047451391134519766 0.0761791264754017 0.00644673137223679 0.01125555313399695 0.053092783534736676 0.0795312391813038 0.07493644325439873 0.0420188502970522 0.05986777544411589 0.04159712601824559 0.061556107755528236 0.04600620504570763 0.02533376775611189 0.02188657235379153 0.04613922271893306 0.018960589082822908 0.05910163469755815 0.05016263747164398 0.015456160850968957 0.08158480657953802 0.0652203769729828 0.02913745662092086 0.03444415622192672 0.037769143991539175 0.0029770468060726575 0.02265900054032229 0.06464814520406986 0.06439720842221282 0.07887923494919331 0.04257694369098945 0.05558330330825431 0.025856098647600672 0.05897336674327632 0.05028014513532564 0.06817197061182624 0.028892697164812506 0.06213998204415835 0.031026662528525244 0.06067637031616861 0.053023072908483494 0.05521229805802882 0.07651514304384069 0.08097696887961356 0.03412547704855157
 0.08568434265578309 0.021759732890556056 0.052316271151976415 0.07721778014498432 0.046735847490157856 0.012675496628778532 0.016301937059872932 0.06687649670314219 0.035015024759722777 0.03999209508301746 0.07157338565025737 0.044309020392242514 0.07700129980280254 0.026359673499155665 0.04846878824084554 10000.0 0.08258731477074353 0.06391242057085342 0.06264778506019082 0.04021777805754919 0.015182234947391626 0.01636835692796442 0.0893372870541076 0.05267733496583329 0.03560238907009895 0.015918536035874852 0.05199787610549818 0.04818982445440085 0.05040023099094863 0.048960980100385146 0.04481566678059257 0.028859542347133987 0.008627952155741163 0.032644999427377606 0.06870250033240188 0.013130804314843956 0.011571205168940205 0.07356557968990657 0.06499162414903911 0.010645329879051799 0.061370285557692576 0.04451205658231615 0.0060780329420417325 0.0639144293769734 0.044077079353560956 0.06080122245249719 0.0685483432405938 0.014692640480510784 0.015170096623965094 0.04697474591914792 0.05961941349696913 0.039652628589324904 0.07095342371784767 0.04674869393448806 0.04913048886145427 0.01380521360220338 0.022938921845242672 0.058681826465168174 0.02144568525980299 0.0646155629354821 0.05132373490383386 0.04006511262790307 0.07789368979929515 0.03143643114836288 0.025495802084866112 0.06272161262499383 0.04882014681522644 0.04376406303987114 0.041322769903649276
 0.09944248737154497 0.06083319141254982 0.10344198847163207 0.03020600792231354 0.09816936847245154 0.09524917411143953 0.09804497140960033 0.07733217325780536 0.04794471624696281 0.042603959964130377 0.07137920947215946 0.04733290026445089 0.045808554402915425 0.09544041301069753 0.03691583767331404 0.08258731477074353 10000.0 0.04506941886301806 0.03536388569119765 0.06069126066941681 0.07857086662135977 0.0738633219887054 0.09661495592220147 0.03643467999413765 0.10442590739435416 0.0769671104604946 0.1124792412072263 0.041036884233554796 0.03218724125144226 0.08747125969314674 0.11644624280181587 0.11053349974807909 0.0774361553982854 0.09674577596697731 0.06458564274814 0.09562025325623028 0.0821306380718096 0.0236333897832974 0.01776273868381211 0.08214541664147586 0.02134042056233928 0.09490641877576723 0.08538514573994004 0.02520294157082913 0.11846703382554485 0.09827305365432538 0.01777939478992118 0.0679029227470822 0.06921527449413692 0.03713726543030059 0.025138976569108712 0.10133272789402221 0.09363028969089758 0.11574326297166743 0.07578123857267349 0.08639628861113474 0.06150321761196018 0.0915315760222095 0.07769473430573784 0.10065538982376414 0.05997907219466037 0.09867161285065525 0.006892742029972938 0.08507894536334921 0.07892330130071637 0.08556761170280036 0.11314978241183414 0.11786578842468487 0.069050406354304
 0.054691725142371035 0.04681062511083674 0.06304676460918035 0.019230074855145315 0.05878445601836861 0.07457938170770058 0.07485731737398217 0.03227534145145783 0.03609826525830363 0.03668552954499811 0.026707303372007662 0.05626055340633223 0.013095207910841887 0.06417030645227904 0.024742959352693474 0.06391242057085342 0.04506941886301806 10000.0 0.010410171437646299 0.02578099620767007 0.06876682691695839 0.04885997677877253 0.05257721405899423 0.05115660151911559 0.0708581953100523 0.06768345242568659 0.07395975762396051 0.019748126645248096 0.03485404300854164 0.04623137098811101 0.08236646230416489 0.08550024295625387 0.055776292720437624 0.06272876376050086 0.01984303104524368 0.07599454746856933 0.05732675391934695 0.022114856232902345 0.03844845274197305 0.05782888054069528 0.037374878512000866 0.0558493574283084 0.06343334573349839 0.02155400489970332 0.08574131920370323 0.055029459570277967 0.04670865869203623 0.0524741994215267 0.0574301439126711 0.02771437888507195 0.043595034649875755 0.06516733621669848 0.048696922091752276 0.08039834603029228 0.034009647092757424 0.07420806246174406 0.04187532983832203 0.04812776457733332 0.07159279423684567 0.056911128205599064 0.018433443331441222 0.061834015462390944 0.0382061086132634 0.08285635211333357 0.07492423147546887 0.041091759944361636 0.0760571104534648 0.0850355614261938 0.030961034419805064
 0.06498289378401882 0.04331206128967278 0.06981209817395347 0.014765970200009183 0.0650288189198905 0.07422546618080209 0.07528616869678008 0.04217140049049602 0.030932576798239405 0.02994915095675591 0.03707391585053735 0.04818875063045193 0.018545457803494342 0.06713110379423859 0.017474655794936893 0.06264778506019082 0.03536388569119765 0.010410171437646299 10000.0 0.02887299027890318 0.06521308189058256 0.04905386448533475 0.06298240068659654 0.04197851135331417 0.0748051435787011 0.06395875190170132 0.07995373989190421 0.01474020694817886 0.025971073294564346 0.0532792917909333 0.08665276486545452 0.08671543603638612 0.0551368204869188 0.06672046681115809 0.030213570323437917 0.07536249889122171 0.05779377175041763 0.013938161139852885 0.028076130436922593 0.05814807768565078 0.027157959886401246 0.061906296189246916 0.06316574611573139 0.01115531242810327 0.08956385761204841 0.06328754425006611 0.03632468367947955 0.04974401084460601 0.05392728514003488 0.020341319585465246 0.0336015977983084 0.07006957040078594 0.05830813917446088 0.08514865468451914 0.04121773088474628 0.07144707414697199 0.03978002765593414 0.056462928919276026 0.06722345715696217 0.06549826240189807 0.025173312824720878 0.06697420880978569 0.028471509504810935 0.0779260080787218 0.07017160180967483 0.050213253816088266 0.08146567970344272 0.0888882843552166 0.036015061915922075
 0.05367730363258064 0.028541669215924593 0.04289259455689039 0.04308281201950509 0.037492049570522164 0.04971442501025437 0.049467216437465586 0.030733393908222884 0.024944462706767995 0.029680754514048863 0.032802813839150485 0.0491406018925414 0.0383448426470188 0.038596625562477 0.02535129461622414 0.04021777805754919 0.06069126066941681 0.02578099620767007 0.02887299027890318 10000.0 0.04838275256183368 0.024154457761628587 0.055061960793489934 0.04931761492977361 0.04594729725063944 0.04768744960803582 0.05187336881453919 0.019871416353979827 0.03550267224075215 0.027756654497900646 0.05777977615049379 0.05977803226543054 0.031662690124234304 0.037851652379434504 0.02888239899949053 0.05134237986593306 0.03213086547005763 0.042587947150851777 0.047147002964290106 0.03273078839636994 0.044309806336825304 0.03421909759610835 0.038695121944921015 0.035943890567414004 0.06074177293137873 0.04014638395715784 0.054481193632559904 0.031826463959149176 0.037786793827839546 0.02671618976952157 0.04756478519860664 0.041343845824400975 0.0416008088271246 0.05632913363811398 0.017971757837556997 0.052210967750270676 0.021545279956774376 0.034209600161846494 0.05264661794617524 0.04328598032191293 0.011218694147514984 0.038384197505791376 0.054166959419840184 0.06451395603452943 0.05659640642112856 0.03210532776728522 0.052925805720519685 0.06005938137367083 0.008786697248977774
 0.09808519275716673 0.022018545122592596 0.06720126166538445 0.07894605319869419 0.06148409301276192 0.023316927131346397 0.028622262650381602 0.07764558582386191 0.03459732107225273 0.03770858619935664 0.08106785541779993 0.03475971059799462 0.08167756663557571 0.041540506671712205 0.0488119189165091 0.015182234947391626 0.07857086662135977 0.06876682691695839 0.06521308189058256 0.04838275256183368 10000.0 0.02764847831057035 0.10109429013980807 0.04479572699180739 0.05067758994689405 0.0016514531012075757 0.06717877884674146 0.050510713292826 0.04725214743865868 0.06239481732449284 0.05936159520712858 0.03992388819382532 0.02091804224544974 0.047793381053546996 0.07721622531940579 0.022187892869376464 0.02604010584702142 0.0739716917738108 0.06084989780699181 0.025158237837011634 0.05734712676548341 0.059081444778282824 0.02124333320985551 0.06383832993442828 0.05811434875665106 0.07479980320071807 0.0626618596765496 0.016660994052366644 0.011352242307017013 0.0465844216749891 0.0539601978833009 0.05481006693895918 0.08374357779789741 0.06158164370462589 0.060672071848644725 0.008086898793955095 0.027362444774326356 0.07204093145323162 0.0062634918884942915 0.07862513918818101 0.05952362173790226 0.05510950505189417 0.07490685348533332 0.0171257070195834 0.010377085345499545 0.07501229232688743 0.06393856029725747 0.05787918767721292 0.0517399265637127
 0.07047582636046701 0.017326999799989928 0.04229186078970375 0.06381827337646875 0.03622832932369262 0.025737337778174794 0.02624727002725773 0.050740286947744635 0.026547888359885183 0.032573698718139726 0.05521493738296629 0.04433751694724389 0.06184025496239967 0.022658264922992166 0.03745209760899055 0.01636835692796442 0.0738633219887054 0.04885997677877253 0.04905386448533475 0.024154457761628587 0.02764847831057035 10000.0 0.0736853559491242 0.049812808792321354 0.03251326277882662 0.027516692676046395 0.045633073694123276 0.03547409315747071 0.042587781729046884 0.03498957705467553 0.04408159976317837 0.0378129735304422 0.0077509235382318895 0.026279319136270688 0.05237074315228795 0.027251191474278673 0.008756539562496524 0.06123625760922798 0.05713026351826126 0.00909758937658494 0.05360107177137247 0.0333591855609236 0.01461556219326716 0.05232359279429444 0.04525804494649018 0.04776151045209051 0.06232539336837547 0.014321156927563439 0.019961682917868605 0.036777706901462696 0.0536856935168519 0.03276283936304209 0.05609574276291164 0.04444590313511885 0.03326540699691882 0.02942392883951415 0.012823382680135054 0.04454019590479938 0.033209185217398074 0.05156739248023003 0.035112013389359896 0.03170578960716608 0.0683414259103236 0.04475686265709449 0.03748317555926776 0.0474017187788083 0.044069757769820965 0.044722623243008526 0.02501150536061194
 0.0073419211418561175 0.0833308092201648 0.050695350625458734 0.06707670459507015 0.05185268769585385 0.09420798414468924 0.09123330033433659 0.02436356723131039 0.07911960710137632 0.08266586065713726 0.026018005604590746 0.10303121490555489 0.05155320183622083 0.07241179161587169 0.07362285316424967 0.0893372870541076 0.09661495592220147 0.05257721405899423 0.06298240068659654 0.055061960793489934 0.10109429013980807 0.0736853559491242 10000.0 0.10082346967250634 0.07204755673199581 0.10074347920592441 0.06245901494525465 0.06724474846057035 0.08484010779068418 0.04217692559813273 0.07851759461412439 0.09623582637484876 0.0811427377284123 0.06652707853807859 0.03282102809038651 0.09644206590220072 0.07824593958377507 0.07298299738418045 0.0908992011625789 0.07913992021218945 0.0895241863987801 0.05157988383903734 0.08533227252948117 0.07413121888885538 0.08361002726420921 0.035775996946313726 0.09917088588889751 0.08543348748649351 0.0916113816693486 0.07621664777430046 0.095225171290562 0.06324518264939216 0.020461141035104904 0.07445821984325754 0.040438294705332264 0.10295012207947922 0.07607424947486909 0.03340949665314611 0.10618277888076913 0.033491234155545946 0.045936763187775204 0.05994984994883567 0.08993880549080704 0.11800971714871564 0.11034745859526977 0.026799115016983663 0.06750158611361985 0.08290301699011118 0.049581757168241536
 0.10102998746829914 0.032928405362523824 0.08891687138085547 0.04969168233937564 0.08289131003934212 0.0649899689968266 0.06897098251106819 0.07714519648217114 0.025383051610539515 0.019765879569926186 0.07524202951980095 0.010991992527299274 0.06024251889656911 0.07239146305093325 0.027283271031512676 0.05267733496583329 0.03643467999413765 0.05115660151911559 0.04197851135331417 0.04931761492977361 0.04479572699180739 0.049812808792321354 0.10082346967250634 10000.0 0.08231163137928699 0.0431443228742189 0.09467491893654995 0.033591605255264376 0.016333448244701725 0.07615022717417769 0.09371127422290448 0.08153148179036862 0.050242871896748496 0.07592209022315442 0.06886804673897304 0.06476136762114695 0.056209434867972106 0.04220182020402692 0.020618712668010856 0.05588204072772645 0.01831946694417364 0.07962916538737091 0.057046056706458625 0.03347048868631366 0.09439411288206272 0.08909831566579404 0.01892114308171056 0.03880565832696828 0.03768592988165081 0.024610922874692347 0.011823323180247354 0.08204069137654856 0.09046299437434495 0.09425190181635569 0.06728909968716332 0.05287798363752177 0.03736576058324629 0.08345162100617096 0.0426826659073342 0.09241061257525325 0.05546612842894986 0.08039296497465291 0.03493396146748734 0.04890779653305229 0.04327559567096876 0.0810572932251453 0.09366583879108997 0.09392579137679534 0.057750198880741475
 0.06622648297610664 0.04956278627121462 0.0229614729582906 0.08897160090000159 0.02024225928845281 0.030935231195379914 0.02567355646515823 0.05632065325066665 0.058634661623957064 0.06475422219105341 0.06447963496066536 0.0763045931611992 0.0822537811984143 0.010001321294950197 0.06751237100199085 0.03560238907009895 0.10442590739435416 0.0708581953100523 0.0748051435787011 0.04594729725063944 0.05067758994689405 0.03251326277882662 0.07204755673199581 0.08231163137928699 10000.0 0.051508910156553005 0.017278295881615745 0.06386120311708024 0.07437397317546153 0.031397156990140535 0.012026259227150176 0.02524941657438519 0.033301727560115416 0.008133319313259984 0.06514259399430522 0.03322074249724013 0.026938263891755482 0.08839617446611976 0.08855197271107407 0.027524911730437435 0.08514224093276852 0.020622366421660945 0.029534847158080208 0.08092439098342434 0.01488368563162863 0.036815220225524435 0.09433573863258195 0.04485702963737975 0.0487213834416349 0.06751728488786553 0.08587795777029243 0.00882564754352034 0.051588118348199374 0.011944903758813397 0.040374685311415484 0.04701354639130435 0.04520173930899977 0.038764409231025095 0.05691585417793199 0.03994440922931767 0.052838190119808184 0.012143922237111325 0.09838664663368323 0.06577724316873157 0.06080091151323434 0.047024666732166286 0.01330675833280657 0.01417761195090143 0.03994862558158368
 0.09784420801437736 0.02088186578221659 0.06761193956266835 0.0776121041031386 0.06184244969936254 0.024666651477873835 0.02989351194771981 0.07717889852931688 0.03325415366259107 0.03623649408023497 0.08043028822520172 0.03311801061163037 0.08055622795346219 0.042247973127361886 0.047451391134519766 0.015918536035874852 0.0769671104604946 0.06768345242568659 0.06395875190170132 0.04768744960803582 0.0016514531012075757 0.027516692676046395 0.10074347920592441 0.0431443228742189 0.051508910156553005 10000.0 0.06787735821862767 0.04927929921273804 0.045710479383030404 0.06239934141510311 0.0603950396137328 0.04134595080273431 0.021065786387546657 0.0483980213175822 0.07647119423196268 0.023617972375386338 0.026437717912225583 0.07256337175721961 0.0592537443455951 0.025575209072791587 0.055757973016580455 0.05937926837299152 0.0219964680069425 0.06241744517003091 0.059254288649286994 0.07491342134192928 0.06102368419416982 0.015873759947926745 0.010268028939179878 0.04518616215070739 0.052330403944901814 0.0554216207257951 0.08358809197645907 0.06253007635337583 0.06035350983342871 0.009737764972001007 0.02649327078877999 0.07201287206992767 0.00579262908927684 0.07873719322260239 0.05878715212464243 0.05561857600269064 0.07333819282486591 0.017291121957887883 0.010062589642231494 0.0747811788095119 0.06473809642696121 0.05900470604682389 0.05129587674027847
 0.055798872668785714 0.06292823387596226 0.012494347436799712 0.09301805296255931 0.01521697956482702 0.04820733161727216 0.04294336053041094 0.05210644792168942 0.0697992276980766 0.0758887338912762 0.06120203750039906 0.08994081677478082 0.08365945478344883 0.025638309685130017 0.0761791264754017 0.05199787610549818 0.1124792412072263 0.07395975762396051 0.07995373989190421 0.05187336881453919 0.06717877884674146 0.045633073694123276 0.06245901494525465 0.09467491893654995 0.017278295881615745 0.06787735821862767 10000.0 0.07145898156838161 0.08461656497238093 0.028419684813351657 0.01700253164845673 0.04103443102598505 0.048329101885288016 0.019751759685796153 0.06366251125570199 0.050498119322601696 0.042090132429368425 0.09388663979484821 0.097959226561893 0.04283082402551171 0.09478372980483823 0.018121911067196107 0.045938315403093885 0.08781112806087017 0.02221110377869783 0.027023112833284527 0.10455170218869722 0.059320817799439096 0.06392579527772739 0.07679241886857069 0.09659489651268433 0.01289781677143665 0.04262275747349649 0.012567133505570162 0.04027862068458567 0.06403890191128978 0.057386898992410076 0.03169548707538775 0.07344211705231521 0.02896789425571722 0.05556020118588201 0.014312473012290333 0.10601979731652404 0.08276007517804132 0.0774476832433201 0.041144470690171214 0.005533835310653207 0.021592892467148274 0.04396699481010884
 0.06766658931741697 0.02857646089696511 0.06276244652062991 0.02904820462144947 0.05731459465993008 0.060042127423226524 0.0614788495053759 0.043781609564135134 0.016580007013825275 0.01702736506954801 0.04168124911822488 0.03708639140702343 0.03180365313503238 0.05534353541244829 0.00644673137223679 0.04818982445440085 0.041036884233554796 0.019748126645248096 0.01474020694817886 0.019871416353979827 0.050510713292826 0.03547409315747071 0.06724474846057035 0.033591605255264376 0.06386120311708024 0.04927929921273804 0.07145898156838161 10000.0 0.017696968413798832 0.04739831413849633 0.07587815741868102 0.07328395781305655 0.04098749125843799 0.05600846133904485 0.03542447471691987 0.06105967295037944 0.044213126425195266 0.02577030025336971 0.02742618376936379 0.044470598553613176 0.02480374973348138 0.05402453044906354 0.04910659054048261 0.017143355927884792 0.07825663271009133 0.05925001554688054 0.035054123920467035 0.03502561775134642 0.039205284819150976 0.008982776917500527 0.028994689136785375 0.06034588437836755 0.05800768873577794 0.07492875759873935 0.036531798871018255 0.056708300828850935 0.02525331454499096 0.05289324680014471 0.05270243196026939 0.06211109221451285 0.022477866778877215 0.05764073767539134 0.03469522498758459 0.06363914991001686 0.0557944740871116 0.048867151097749195 0.0721346723374767 0.07762062947154717 0.028519603930405233
