NAME :TPP_input_26_5_5
NUM_VERTICES
126
NUM_CLUSTERS
26
Full Matrix
 10000.0 0.04196848971662499 0.08736997401137785 0.08761233507464546 0.06320218128988575 0.09023374020728779 0.0281301843555179 0.06413108231375625 0.05666757962630658 0.014877369747742205 0.008875886374387028 0.015398015660798493 0.06409349492710355 0.07268497389792754 0.025241412720528374 0.03547147572448023 0.07044520430332117 0.08268382184669935 0.0648011075150124 0.0702531945642247 0.0173063945319169 0.07917595109424398 0.06697257583814276 0.06360035162160695 0.025282765116040433 0.044741046922022576 0.05487020061012961 0.021053371356869743 0.09632658474525278 0.032167134958278 0.08695646388867712 0.07548354574425989 0.035188455358474244 0.0733451369783224 0.048292846536763946 0.05715520804364499 0.053236659797362494 0.03881753392420005 0.10048448200136996 0.04525983546971854 0.059157833622633466 0.08987737509007214 0.07256657536622052 0.04827693661510616 0.06386519842539976 0.08457715153058466 0.030445698817709907 0.09124587368758755 0.08728425507626252 0.011402031816101742 0.0886736467771832 0.022585851391282028 0.01682493841066774 0.08439311496470402 0.0674790900791315 0.07044845883260728 0.046525507013329144 0.08814974794841238 0.10065995263398379 0.0394416759129196 0.04126672683744841 0.07504447833619615 0.03604659737124418 0.04240435313691195 0.061578520462502034 0.08182266603007023 0.1092207556917309 0.035639397594410954 0.06745728902374978 0.07363111616339701 0.07543099106843026 0.08370944805709486 0.04095604243643405 0.08442550497259947 0.03810477542988695 0.05418557197944133 0.043505526631013196 0.055880484713785455 0.07190922566842517 0.07127589877940152 0.028676345508327542 0.032501011098228276 0.10136431566022668 0.06385721571077314 0.059648644440056936 0.02391954562912464 0.05743059862614635 0.014270176759263627 0.08994832351236517 0.03860841130743014 0.009929359968134089 0.08576137605075866 0.029315000974636282 0.07897409668364862 0.023944470498653943 0.10175892613021655 0.0704383592836463 0.07619731706957905 0.04370443093637751 0.09068671500498546 0.027520627629725673 0.0550381970333457 0.05640198252839578 0.07987571089635422 0.03218027208019846 0.07652167106249573 0.07611912102643226 0.08516325398509106 0.0845746533440035 0.05662374838765824 0.048935990534346385 0.06933140106853358 0.08592149099945014 0.08923174234376888 0.0566071703738118 0.08536428025078623 0.07058042515731479 0.11475429046518164 0.050864080057781376 0.031495721270621724 0.03485801771576133 0.009260429562777327 0.03756792744218477 0.06479714960259897 0.07748871478432698 0.07409680890112885
 0.04196848971662499 10000.0 0.04562658841891357 0.04759542643032408 0.027404265223927745 0.058567687869497044 0.045077342663781876 0.02359695870275531 0.017547327796108715 0.0403125038876671 0.033132323104834355 0.04236036255598321 0.042886922663345595 0.05240724280694009 0.04287377700290034 0.014014635753534382 0.03699166491886635 0.04075580823438417 0.04961406085566046 0.04437713346128774 0.031263941219598114 0.03766354631953471 0.03670335797905128 0.03060261187589268 0.029067854022502018 0.04503290538665239 0.015045295384915868 0.021864268744478107 0.05438240658722954 0.03750958655070653 0.05393526322725693 0.03935378888566433 0.023248223119810892 0.051349368778245724 0.013658341605886234 0.0329457654947518 0.01593891985668073 0.02640091925423874 0.06382884965787088 0.05247223674388155 0.03581183913830806 0.04820615991848276 0.033841674642004084 0.008580399737909052 0.04264993891541173 0.04553344135190978 0.015600664827210417 0.05587821496353902 0.046181722647916416 0.03172665507163699 0.047149312456842354 0.034515822369583164 0.026056663311440464 0.048698781308615345 0.025510642875932996 0.050270050090523745 0.00940358237056484 0.053882476510734446 0.058769638178233864 0.03817659421046901 0.025217598431774964 0.04854941041859503 0.013084970751905275 0.007677932858328574 0.03896673805856512 0.058194594212501144 0.06861302414747483 0.04800792362712572 0.025488855971208414 0.03469186445596606 0.041087643847015146 0.05912606924057738 0.034639520199433185 0.0445851330368235 0.03531394667077229 0.03578850993307912 0.02971311836802809 0.029609315950617002 0.03112202756425402 0.02944628918859602 0.013511179082730026 0.021463098336640184 0.06022379684732931 0.033004155543118995 0.048573928343354736 0.026808946324681296 0.027271509307103738 0.036948459957429965 0.054663210454155606 0.017852984822679264 0.04371160805289531 0.04379288723555987 0.030978970209226294 0.03723795086013111 0.018120620049859502 0.06135435007076363 0.04423407461458627 0.0349157719630338 0.021141770045207554 0.05689391711096677 0.022155304025366803 0.05679422043389034 0.021917311590141094 0.03796836617395234 0.010409125141443707 0.06296001012381766 0.03640740154330431 0.049211834637252386 0.04725396764116882 0.01608738516785476 0.009397946657880907 0.03488957827617908 0.043975534299667086 0.05886869860805924 0.02736431666595759 0.043933122569894706 0.04395837888917738 0.07447762724182705 0.015905795529574 0.04698695726915598 0.011830576947813833 0.044748225593480705 0.029686079519340557 0.02740283393534405 0.03817296080681015 0.032444514276730486
 0.08736997401137785 0.04562658841891357 10000.0 0.025950394709194025 0.03105535048634706 0.04154123972199318 0.08358056417580811 0.028947290293587013 0.03187965779754603 0.08322514490118353 0.07861834130954791 0.08513826995726329 0.05311267943063928 0.057626211353479895 0.08616947247436724 0.053701110352466684 0.04321911258688083 0.00599231526012537 0.07222529356244023 0.05747066690748956 0.0743865179740321 0.01677274011405778 0.048744929753110004 0.04369145191659232 0.07257922709359196 0.08093871042928805 0.036366711699775914 0.0665874682776679 0.010029362977467718 0.07365060665398106 0.049212330483912284 0.037634725451374355 0.06341227888125228 0.06569060957704578 0.04107149964174775 0.047856999716429975 0.04024219882007756 0.0590882756432164 0.04555631925308532 0.08975656829902523 0.05775720783633321 0.0027336834288554895 0.030569603243202504 0.03925307871322296 0.06257674250456147 0.029649441303651953 0.0600042447108632 0.04467673135643073 0.006324367742985445 0.07661587346446803 0.015933205998864747 0.07838103342598679 0.07089308871035242 0.028343888759494756 0.02068398020397273 0.0673113213981001 0.041459473323976315 0.04641905689785723 0.017495018839186114 0.07585992906674004 0.05615912039992047 0.058300902357801075 0.052865575887991643 0.04543602813613274 0.05046531858749452 0.05552774911101702 0.0346333506727102 0.08857887449724039 0.020701861647992384 0.019971413102452516 0.03084969420326734 0.054520254117432464 0.06524866740235666 0.026167972252953794 0.06790636237532106 0.06279834215147902 0.058338798570610736 0.04536551162168752 0.023844806993620463 0.018956131240293626 0.05869414386100655 0.05985912464647021 0.02553903203305231 0.03826824363088767 0.07533115840716208 0.07098554952517644 0.04802084174237617 0.08019184151160028 0.03139542894224817 0.05700029266768761 0.08925721152905257 0.006655395223967339 0.06900942225326819 0.00839868391878313 0.0637193022225764 0.03046735302303572 0.05696010234067639 0.011817047520544232 0.05077032446970862 0.04894287743414503 0.06597794181450811 0.08994340857724227 0.03612936393910111 0.011982310486994836 0.05592924274842488 0.08201949901962939 0.02673497524428312 0.04038049736114478 0.0359058547379752 0.03412842414283993 0.040893980553954455 0.031243666321036777 0.008628432751342171 0.04431805067231286 0.041750911584955544 0.01644487694838433 0.04572357293057312 0.04076319830152392 0.04365770731541899 0.08885492144021863 0.055423345765859645 0.09033326653303692 0.06285682610324234 0.03551634930192102 0.02806115109078043 0.013282777878329105
 0.08761233507464546 0.04759542643032408 0.025950394709194025 10000.0 0.047882565062805624 0.0667354249623076 0.09203273388909494 0.024005851074839653 0.04265642301783716 0.08787159514212949 0.07883146114829376 0.08992550840879324 0.07227613366043233 0.0787855131069256 0.07892581976814643 0.06019034567213428 0.024049347181373044 0.022095841778994346 0.053193279602099575 0.036876388114244034 0.07884315055046369 0.013170221825825681 0.030236362655393617 0.028230169624249873 0.06694638595625792 0.06788190470713802 0.03301812931800811 0.06912213956391357 0.02437994574083226 0.08337302765786386 0.023908019992356453 0.01694482680656643 0.05614760413164634 0.04414180218864484 0.05051995625399187 0.06463114429854763 0.034393338096193875 0.0697976524882228 0.020645336884970424 0.07674213600729646 0.04128420282100449 0.027490429723432817 0.015376923493878945 0.04545985649698783 0.04395397426547186 0.0050848676440317705 0.05728863304304563 0.018750890267866256 0.032183728106229915 0.07856825008162975 0.010364084831912052 0.07258058691825287 0.07311156090884634 0.053169151886061 0.026461495285692454 0.04659709688594473 0.04859676909482334 0.020832858076123343 0.021062313891432777 0.06466508454933313 0.06740447689120033 0.036173210873609606 0.0592171036383858 0.05142471443591842 0.06887717687954488 0.07866194204495351 0.021712905357497658 0.07827653883627005 0.026482973393415606 0.040564401743355676 0.053318688879631655 0.07804900442850869 0.07745426180107035 0.003231527528933446 0.07930316401306992 0.047650054842792125 0.07088173197618133 0.06136016653758339 0.016608695288059055 0.021174663710529847 0.0607229485339143 0.06758321856168466 0.015259411051016936 0.056830066962211614 0.057828462322077355 0.06640685645327105 0.03458876899783855 0.08448021625216014 0.056950346139647674 0.05058520505788308 0.08656743615325997 0.01938443556779495 0.07740414065837067 0.0259367016085584 0.06410827143051899 0.014191163102042622 0.03632041697935419 0.030272892770575707 0.0618757571424589 0.02313923566826574 0.061596672004953425 0.07424918052096108 0.05002471975848531 0.017335771510555962 0.05583712622885571 0.06046600576972075 0.011493402283261575 0.015218018609932611 0.010910329940216118 0.03158418620167216 0.03906195621589051 0.05142547081834432 0.01736118311678829 0.06925548410896515 0.05749306641591922 0.009636775248473332 0.06677774934385536 0.027146622575237225 0.03699144239763532 0.079770651556412 0.052772293960984595 0.08789961406070712 0.07363331176720608 0.023396230455176047 0.010297583041921595 0.027890776133825575
 0.06320218128988575 0.027404265223927745 0.03105535048634706 0.047882565062805624 10000.0 0.03124527953463193 0.05381486671114071 0.031164122246092534 0.010674005240299982 0.055770550876814866 0.055224909202380865 0.05748405824360081 0.02443815733126849 0.03176705384700363 0.06968396938984242 0.027739481376573415 0.05098786082706788 0.029473482697492583 0.07281480569385938 0.06303499770926814 0.04766079608218584 0.034725420578432024 0.05380537862943088 0.04704072955599218 0.0560745673024259 0.07207046013430198 0.03027619612512129 0.04238741231775703 0.0410681672740779 0.0435838649898682 0.06467787896933158 0.049344821729677385 0.050556242035147414 0.07120764337493508 0.015378720969826851 0.017171821343418776 0.03448060011037849 0.029138026854241276 0.06821544928336831 0.0797756789624641 0.05766579938057848 0.032670128859923125 0.04115244625281513 0.018845507930734647 0.06426907085835531 0.04872990594384659 0.04265221790486883 0.06337215982457367 0.027930628742780912 0.05181977967244151 0.04165267430218286 0.0612210279216922 0.04645043328299188 0.021740841375632668 0.022324307671062707 0.07123307187261084 0.01858839140274849 0.06316132817494008 0.04829713676695991 0.06539061817177899 0.026088094586384405 0.06603562108352615 0.02721248266185581 0.022308212284912268 0.020995919067006423 0.03425100841075256 0.06384477139453569 0.07537346198659423 0.022308139878863896 0.011841547009128484 0.013685316520779697 0.03451918713153482 0.03447331789553408 0.04605562044717361 0.037326734307524104 0.05979578543883236 0.027614324102825657 0.014374066710609886 0.03401616371454612 0.027248094674079047 0.036353104439843416 0.03187845941058795 0.05448208629745143 0.009152022224663625 0.07323685256725217 0.05355591463444528 0.04725705218363889 0.053181438296770904 0.02762294499656586 0.044785007483075887 0.06768030936734928 0.03349148809659494 0.03984327053928578 0.02448217803755335 0.04214844151097506 0.058110501668657805 0.0627004612626707 0.019818037251931004 0.02121169510554396 0.06624959561863601 0.049225955216050214 0.0834909274838283 0.0068020698239169 0.03131019259533453 0.036607693054240276 0.08542966010874607 0.04056174810296771 0.057109424051065234 0.05341265684207783 0.028862472605824516 0.029912069653971588 0.007528285868185001 0.03489742900575232 0.03179269650478747 0.010696671135321292 0.0397125773136847 0.020368740195886827 0.07013617599077525 0.03694823937569852 0.07418270263842118 0.03921856553380222 0.06841941565692616 0.032689138449599656 0.03966624454585025 0.0427348302222833 0.02064312598520879
 0.09023374020728779 0.058567687869497044 0.04154123972199318 0.0667354249623076 0.03124527953463193 10000.0 0.07352526990769805 0.058474366248780406 0.041752733998191696 0.07981766312323244 0.08322575269552557 0.0811153982646136 0.029436967548674857 0.026346893000072022 0.10015132263048102 0.056186050544359656 0.07785237300772885 0.04463964998063991 0.10276130638654896 0.09123900574051601 0.07328461826713986 0.05488590704154096 0.0818554275078297 0.07536302325117537 0.08679810130669152 0.10330985603642269 0.060217254970167285 0.0706559486926933 0.048346825674359675 0.06356051543751166 0.0883531818881987 0.07434263659323304 0.08177822232684724 0.0996468145082694 0.045708001035266815 0.0333609800381219 0.06464896621888318 0.05186852305101143 0.08694202367491766 0.11100611995954045 0.08744888058798773 0.04095746792598538 0.06606866594701645 0.05005401190046539 0.09374815275574379 0.06956872113760763 0.07352834506660813 0.08500399081844785 0.03526932578484398 0.07898750550632726 0.05729380997277996 0.09168657075411119 0.07425472702737025 0.013637546961026271 0.04776934193195748 0.10020726727982898 0.049467063199317554 0.0860350598278742 0.056612654433538405 0.09663320613754846 0.04915039232095662 0.09350437990893203 0.055947171821445006 0.05280886719840152 0.0302296358938175 0.01869280406165051 0.0748952504048995 0.10637591397705475 0.04776485320277484 0.02882660030227709 0.017753514471813055 0.016629605854317664 0.05285406596086115 0.06621870530485179 0.05625994123904019 0.09028179979850821 0.04783343169956404 0.03435328547992275 0.05824644738314769 0.050914489809681863 0.06606523066660537 0.057741152139566515 0.06640057782223667 0.026820926785088028 0.10377068822218859 0.08413501026760539 0.07685263348042938 0.07801472783227117 0.010473362492270502 0.07602925410147475 0.09624215258246019 0.04762286173663375 0.06263288824889064 0.041184475959978366 0.07183880867821751 0.07173944606156397 0.09083048343650318 0.037605543240527194 0.04663000957772664 0.08885748116828038 0.08004926346423244 0.11466126313548797 0.036853105507197066 0.04988926577387556 0.06728581459095194 0.11481287439499617 0.06379912450503947 0.0797880173612478 0.07546719820856207 0.058446004621932876 0.060814990953667256 0.023718074417353772 0.049641127568476724 0.003365173865021435 0.033965323062809874 0.057118023553542424 0.02059932044016023 0.08061051926694733 0.06744985212198176 0.10497103578054845 0.07032839609256651 0.09676451837958137 0.0540806903725903 0.06718981582085294 0.06572961442600739 0.0409766020907714
 0.0281301843555179 0.045077342663781876 0.08358056417580811 0.09203273388909494 0.05381486671114071 0.07352526990769805 10000.0 0.06830836231639394 0.05200858142082957 0.013325746909682386 0.028306348359157876 0.012801218018180838 0.04442584220458676 0.051071302374247056 0.051782498873731875 0.0318424074349955 0.0812452758031796 0.0803910037007448 0.08482833418245861 0.08562908146551822 0.017264211601216075 0.08076351119737972 0.07971325760830887 0.07447384586475242 0.046306284453641836 0.0686585306002937 0.06011824793325175 0.027076047385182656 0.09348926324855857 0.010347061961558771 0.09839876686263536 0.08430747393083955 0.05230341678499019 0.09082321079470763 0.04289365896986449 0.04108913093984835 0.06062573717375125 0.024691528129200748 0.1089060455076792 0.07119887423468066 0.07513554560185942 0.0856127011262132 0.07887976403041479 0.04675912792841538 0.08119941700835269 0.0904032410847771 0.04293093561757662 0.10084910471667327 0.08146239432582476 0.02349485326154239 0.08985881907570699 0.046479406407777965 0.025238023216219114 0.0716118464686461 0.06711404506339033 0.08863970992171147 0.043766459262360204 0.09864786737467604 0.09966785594356745 0.06215125511083042 0.02772964980754778 0.09028991417964513 0.032815732559021094 0.040631762898484476 0.043300004686893656 0.060891995517540334 0.11220663438754815 0.06205788402287585 0.06709042717302882 0.06562732564198076 0.06257072091180395 0.06311152083836563 0.020791123584439925 0.08916976874463171 0.017419514149447833 0.07200730197842294 0.026826949688585885 0.04156896300520103 0.07542532782431484 0.07206019060884791 0.03389521384303003 0.02452003258150434 0.10329237827134306 0.05043051217157705 0.08094291397414131 0.043643787188760934 0.06968115871053035 0.015114970753218715 0.07623416422829754 0.05243147038064032 0.03796402828286898 0.08415224185880349 0.01477569844813283 0.07575293300735596 0.03384530654388788 0.10526771321284269 0.08564768364292255 0.07176591407484205 0.03288033523993166 0.10158740447054661 0.04440923438596607 0.08019259816034521 0.04773742396125776 0.0796502023673428 0.03999305301461902 0.09777948459128061 0.08118685971609764 0.09421637808906494 0.09233104185114234 0.06102049781568826 0.05438367791421534 0.05754608016210163 0.08496237142509759 0.07168202836989451 0.04405650630600168 0.08695652749735656 0.052927618615566774 0.11830438058703813 0.059678468322338266 0.05825618425548575 0.04534725971324083 0.037389046802669246 0.02115893317329315 0.07240583934364464 0.08305419589218917 0.07096588866459504
 0.06413108231375625 0.02359695870275531 0.028947290293587013 0.024005851074839653 0.031164122246092534 0.058474366248780406 0.06830836231639394 10000.0 0.022455730113377755 0.06386708135933175 0.0552820756681675 0.06592046339950054 0.05463960313210774 0.06275757113711292 0.0584641941233698 0.03653210393856342 0.019880665623858578 0.023008370604260718 0.04516365561186267 0.03276956091508452 0.05483731763555651 0.015545125153173031 0.023385584857301963 0.01693336803728698 0.04539247210570147 0.051991428246347775 0.009265908670422877 0.04516090587453609 0.0352189325919493 0.060012784026963945 0.03412034747696015 0.018604036095607047 0.035354373456496814 0.04117244879423956 0.028364542467919394 0.04559113485512513 0.011918296656632051 0.047060626554491614 0.04107838521808109 0.06081482117870182 0.03000426482531857 0.031664104952296886 0.01112663412810948 0.022410194340127115 0.03575707920818638 0.022100927834026198 0.0342396017646235 0.034171613384690984 0.03236994046869344 0.05471811868677529 0.02483545091360226 0.0512042206937502 0.04919840918664097 0.04548385578155007 0.010859306091112875 0.04182510257890166 0.02563279311438476 0.033102673641941055 0.037576031980159325 0.04701006913910811 0.0449684929871171 0.03525329807402852 0.035554341887414846 0.027933678999945706 0.05082143624569897 0.06525003498098919 0.045245610064423646 0.05996343974518072 0.010859438198277801 0.02967716955661423 0.04156310847722504 0.06531452329062318 0.055057965517954305 0.020989677882227994 0.0565415532374724 0.03431452168205266 0.04887004255448479 0.042030669875086676 0.007778869751662766 0.010026279398982344 0.03675211285891295 0.044024019718526215 0.03723435848109657 0.04014727198290879 0.047352991326613664 0.04431346977698524 0.019637575396187577 0.06047905922370267 0.05089954351816704 0.029122036307234117 0.06395387721094717 0.02454075177149265 0.05382205446464447 0.021989942935922192 0.04036719221163544 0.0378863148565568 0.032367810282435246 0.02283745242311814 0.03964716567399629 0.03623049572068294 0.039319588202672014 0.06120219464919551 0.030575622885527204 0.017902241758358577 0.03206652897672689 0.05654722942950846 0.012879567678361882 0.027518201659815663 0.024696264722650366 0.007604437420825096 0.015225057270074544 0.037242294529906676 0.023915975780692312 0.0600645763101574 0.038377451379490696 0.021457358876542827 0.05153265070702754 0.05099451655957926 0.01520200257281989 0.06054665953725564 0.029590950407062968 0.06520559906445575 0.05080061518039608 0.008746109170876057 0.014771032565639275 0.019126158212423822
 0.05666757962630658 0.017547327796108715 0.03187965779754603 0.04265642301783716 0.010674005240299982 0.041752733998191696 0.05200858142082957 0.022455730113377755 10000.0 0.05141106670594557 0.04820239070008307 0.053302010436393925 0.032274691715541336 0.04073968842483182 0.06038150087915005 0.021939743842120385 0.04176104194269827 0.028384361452073972 0.062264015399266806 0.05307912885447884 0.042668015732901896 0.030046389733107113 0.04400530972673677 0.03721907273443916 0.046601224627296337 0.061602001585870675 0.019953815869271096 0.03561960282221522 0.04162390299063392 0.04236924396088982 0.05656563310339625 0.04105318221792022 0.04031367966736267 0.061112720617295155 0.009201471803947111 0.023139646831946383 0.02399892173917889 0.02801633976272507 0.062112065110966064 0.06945726597112588 0.04719333450720016 0.034120404518228675 0.033257912139523865 0.009103586725115504 0.05386530753952702 0.042496960399132075 0.03312184860029538 0.05617618996264848 0.03081497029144502 0.04553329800758857 0.038488504576915536 0.05198520200457912 0.039887404861712314 0.03121295136577664 0.016225182477749595 0.0609606255574036 0.010156162167689881 0.05543141938816171 0.04766304084786727 0.05502522734063296 0.0253162202313112 0.05633405079889533 0.021152396646300208 0.014281851338232275 0.028412448996714336 0.04437991430467625 0.06106873130764385 0.06546213724224481 0.01620300987005383 0.017384875857287076 0.02403103832442692 0.04483500527727077 0.035144343310938436 0.040318667714088034 0.03732843069249997 0.04915138162685437 0.02839753797894707 0.019592323594731818 0.02703449360563429 0.021509820253162736 0.028454775717725995 0.027995530449716234 0.051890092742200154 0.018535151070027813 0.06257869607833237 0.04427381085361386 0.036898914441104394 0.04844412867302135 0.037181859739086665 0.034373359311545636 0.05997241138041302 0.032153554747192316 0.037305935632589195 0.023812919187251567 0.034045498356143976 0.054582140193143495 0.052775370973618695 0.02013985141110198 0.019739197165744484 0.05855732652120102 0.039692062493499956 0.07291017944493358 0.008128038730746592 0.028025246540895526 0.02748289964508969 0.07499801210312362 0.033617124496794416 0.04964393442379204 0.046372662870889515 0.01877898304745822 0.019238471176821693 0.018122665845866304 0.033031583276124855 0.04242725996595835 0.0159223888635492 0.03589755831663394 0.030161485628493266 0.06730422032315563 0.026337517560325856 0.06452783395316096 0.029323353953438127 0.06085819797337593 0.03187907799506625 0.03041671495239104 0.03577532451308446 0.018973781740036354
 0.014877369747742205 0.0403125038876671 0.08322514490118353 0.08787159514212949 0.055770550876814866 0.07981766312323244 0.013325746909682386 0.06386708135933175 0.05141106670594557 10000.0 0.015684461398895348 0.002061459361825636 0.05205548224288484 0.059978972999810365 0.03867253100630675 0.029525631302312335 0.07410455236594087 0.07925352689520143 0.07402529943121468 0.07664253399505656 0.00906691920513671 0.07776593266143553 0.07173117028358661 0.06719253197005987 0.0345384220468786 0.05637515881146357 0.05497377453457668 0.019010343253003825 0.09278710127968949 0.018129705988213903 0.0911863737197863 0.07806669527690237 0.04201918497445161 0.08104986490865139 0.04230932802016504 0.0464702628457985 0.05453575200170321 0.028060738358852616 0.10310699681720806 0.058326215380157066 0.06577436317735313 0.0855195021785406 0.07367127593022911 0.04434666031026597 0.07138605273337945 0.08558057916877722 0.03395118001120279 0.09445764739084048 0.08209289665346456 0.01173071887860456 0.08717922308787293 0.033925994720226775 0.015601539048433146 0.07573354844710456 0.06479294040613755 0.07856816587982476 0.041839854970547895 0.09184523087157993 0.09813651727450788 0.050184773318802 0.030952034952451756 0.08140586251437545 0.030374024105397444 0.038017967342755726 0.05006477536278179 0.06948384297566332 0.10890746842843466 0.049023682634656514 0.06476967069343935 0.06711866920221721 0.06660031059533197 0.07152647888567712 0.0280254375418971 0.084824348280895 0.02483790989776226 0.06188890881218538 0.032016336976095704 0.04592668738997567 0.07143446613071974 0.06929071204771226 0.02725553255225321 0.023913677276956626 0.10040957382304469 0.0545285381866729 0.06964451645121143 0.032168192167234426 0.061731754303711146 0.0034562128529991177 0.08091508556893559 0.04338345234433707 0.02465012109818474 0.08273607621092559 0.01719042061691147 0.07499851614326664 0.02512428092002401 0.1016663196699116 0.07672869739162567 0.07154507953046826 0.034784279984768234 0.09463805190522562 0.03389101257294187 0.06758677095415455 0.049115613621846674 0.0774987414215301 0.0327458147458423 0.08660514301884376 0.076580049457732 0.08799842264391444 0.08666488669225404 0.05629214738556178 0.04895738163856513 0.06089314190055232 0.08324277393746295 0.07842656579139339 0.047476414332413876 0.0840468686249809 0.059499827674675376 0.11478969256936124 0.052937229483392134 0.04512771750980047 0.037313099757576754 0.02411505542621344 0.02577420645470119 0.06650173471852076 0.07824944079002522 0.07008122959579488
 0.008875886374387028 0.033132323104834355 0.07861834130954791 0.07883146114829376 0.055224909202380865 0.08322575269552557 0.028306348359157876 0.0552820756681675 0.04820239070008307 0.015684461398895348 10000.0 0.017191251444549964 0.058315837502131686 0.06732765592368134 0.023696962223984926 0.027547010158516856 0.0621946430980297 0.07387345289431373 0.05887814831867739 0.06289209105612609 0.012928629309588192 0.07030157084307731 0.05901380177779167 0.05530523393101967 0.01909270120154442 0.04069071351956357 0.046026011693292956 0.012839604331824395 0.08750937191990023 0.02935765236203075 0.07890940605021336 0.06701077240172895 0.027743850917605315 0.06659251102929921 0.04008475063244961 0.05062754509042376 0.04448828928634873 0.03285221458622111 0.09207477044057892 0.04289284227531512 0.05183850870894976 0.08114519877045634 0.06385147799557514 0.03964687765925006 0.05698404277473319 0.07587259092354443 0.021846492976334116 0.08294722449542008 0.07867096702670981 0.005367049175972351 0.07980011019377103 0.01826494013175299 0.00897180118242955 0.0766689769151529 0.05864003165213277 0.06390043631872509 0.0380463002244359 0.07996181410072108 0.09179088434357606 0.034552951907546696 0.034945256850662514 0.06769028590982092 0.02802023250699135 0.0339210211733578 0.05547736663514788 0.07607627101168704 0.1004110240716292 0.03382695577159206 0.05861834940832561 0.06532973647431063 0.06782820421367633 0.07782881753742589 0.03647845886398116 0.07565376349079546 0.03407600683437445 0.0473447525772144 0.037811711253689886 0.048991736631847194 0.0630586292466007 0.062405145363908364 0.019951842362189914 0.02574422746720183 0.09251135570825356 0.05656532256486787 0.05423343818367134 0.01701288660953068 0.04928879312538335 0.013206999307797337 0.08233336198166684 0.030442902273227802 0.013164315011229236 0.0769205609301457 0.02490654314648493 0.0702198698324671 0.015073027295958247 0.09296127146841522 0.06303784723670448 0.06753351450340916 0.036611334808403395 0.08257200858181138 0.019727200634404637 0.05197113341978786 0.04845287566355869 0.07101078189020824 0.02330531912973139 0.07120889226991921 0.06734100299608191 0.07676716255585492 0.07603304224984253 0.04776217603380151 0.040076627702985125 0.06163263163213876 0.07706378197803393 0.08243359357854123 0.04932894675700127 0.07649298619411479 0.06409346461398764 0.10597776287509876 0.042206910960160604 0.030163852679940754 0.026141010397810697 0.013555088850081038 0.03233715914226948 0.05614176107854035 0.06874352964001487 0.06535791285551183
 0.015398015660798493 0.04236036255598321 0.08513826995726329 0.08992550840879324 0.05748405824360081 0.0811153982646136 0.012801218018180838 0.06592046339950054 0.053302010436393925 0.002061459361825636 0.017191251444549964 10000.0 0.05310808987468029 0.06084814026973668 0.039774709115329314 0.03145083431876805 0.07614090160180231 0.08120584951765401 0.0757781849307028 0.07858577529001377 0.011103026944047932 0.07979169826564371 0.07373665550185073 0.06922709311895853 0.03618234079094728 0.0578358295084293 0.05703312596129019 0.0210684172814836 0.09472495471117669 0.018776458145756805 0.09321572612034734 0.0801216557556868 0.04388178908390039 0.08292294111590175 0.04417768243234172 0.04780359836463095 0.056595942598328924 0.02949414857893642 0.10516482942654792 0.05955171582143568 0.06769586937701474 0.08741886184848856 0.07573255925011171 0.046321693173808645 0.07326176431295985 0.08764085913762285 0.03594235154867026 0.09650769393256382 0.08394367067304091 0.013552591556495287 0.08919858495946337 0.035342628477510886 0.017621699405581344 0.07727882027055201 0.06678805540090835 0.08041143894116384 0.04378589882121709 0.09388652359566793 0.10011651865261798 0.05174321806861251 0.03243114214713414 0.08335389409013681 0.032310357196799366 0.03998891996601115 0.051234173283321256 0.07042580355255727 0.11094868065335707 0.05016457849497206 0.06676475418528052 0.0688903770139054 0.06814074154450288 0.07250124759909905 0.02897730363020942 0.08688028067138832 0.025714774382340825 0.06374096391900405 0.033282598657997396 0.047375866650263256 0.07348230973212973 0.07130528597273376 0.02931683042763867 0.025675824154586153 0.10243867579402362 0.05603477014413423 0.07132033579117833 0.033881548597343485 0.0637441555543609 0.005510746754746023 0.08240730777418756 0.04535347674177861 0.02529862889847187 0.08470389929021868 0.01850819660225301 0.07692780224854495 0.02714998657136979 0.10371280208349924 0.07867676414742625 0.07344067852615783 0.03642290440157279 0.09667480048535561 0.035746408982326075 0.06892308527289068 0.050860282766430495 0.07949518779591094 0.03480118985646012 0.08828979269499929 0.07863784301217838 0.09005231869698818 0.08872491148383091 0.0583474342175167 0.05101764108627247 0.06249115380755337 0.08522443213768348 0.07966210919230768 0.049030403564162835 0.08607227864845672 0.06072357514113949 0.11683620058694102 0.054990297691492 0.04620216597886724 0.03934356846901629 0.024653198445829565 0.027034819513482064 0.06856174399917295 0.08030909939126192 0.07201337463847993
 0.06409349492710355 0.042886922663345595 0.05311267943063928 0.07227613366043233 0.02443815733126849 0.029436967548674857 0.04442584220458676 0.05463960313210774 0.032274691715541336 0.05205548224288484 0.058315837502131686 0.05310808987468029 10000.0 0.00967002096096186 0.07855706285736166 0.0343459967894916 0.07402253882259847 0.0528412170698246 0.09228924896151819 0.08485830774230817 0.04678738789308385 0.05910724460529938 0.07600213277147502 0.06924198809470719 0.06654205797693014 0.08656873030638133 0.051646795213359235 0.04685051830682566 0.06269650065213103 0.03480257328717242 0.0886366677194559 0.07316707277619543 0.06471560115175627 0.09263173719493661 0.029627021619410616 0.009949817966883627 0.05518944458813747 0.02546848218342293 0.09265239070555695 0.09294925369994755 0.07785901576041154 0.05407832016892207 0.06515517194287601 0.03623426639161293 0.08469353104152788 0.07316093491619124 0.05468338571093652 0.0876878254286376 0.048461601294861045 0.05344780748476839 0.06557122892854447 0.07041730766285581 0.049642141890260214 0.030980175201694903 0.04665493497114556 0.09210393713318558 0.033913392102948435 0.08730155722500789 0.0705932081457762 0.0794184756960503 0.023500689111452304 0.088353281278345 0.034551558470321216 0.03535287677168666 0.003973225507146661 0.017768710477929148 0.0872578550202551 0.08650122575285445 0.04663758282906364 0.033277084215001786 0.023497923031685984 0.01961649895908224 0.02418403209001991 0.07049133962113631 0.027539530714813822 0.07856569520355718 0.020602958904561177 0.01342052252955587 0.058288483169625246 0.05166501579172813 0.044870838465244416 0.03283610546888489 0.07792303587531232 0.015464573201748264 0.09146075390603671 0.06355960962313663 0.06812601225435014 0.050759390371786 0.03413041961188358 0.06030526797817181 0.07145803230013154 0.056803508356801764 0.03507861040465171 0.04793331657008912 0.050058285641095795 0.08196388867058683 0.08459405269523927 0.04317812606536837 0.02365254299337815 0.09041062668032208 0.06053596882905506 0.09871271217716987 0.024169503204609723 0.05545812802874382 0.048278231918679075 0.10549545127175336 0.06487669436636657 0.08133493853089588 0.07774570072866753 0.05079603865087652 0.049254605288049536 0.021880750892495752 0.058421844349067824 0.027344932220959444 0.01652501087392238 0.06387355252761277 0.009385153970018071 0.09351059942111949 0.05683168704161867 0.08421876874181024 0.05295493316953495 0.07170712294940483 0.0265756794877231 0.06268776898680088 0.06705497724679257 0.04468854829658216
 0.07268497389792754 0.05240724280694009 0.057626211353479895 0.0787855131069256 0.03176705384700363 0.026346893000072022 0.051071302374247056 0.06275757113711292 0.04073968842483182 0.059978972999810365 0.06732765592368134 0.06084814026973668 0.00967002096096186 10000.0 0.08802349437395203 0.04398156862548423 0.08241548242118157 0.058251604299694795 0.10164690068976219 0.09371844139866659 0.05541958619390855 0.06566832200540779 0.08472469348908465 0.07794183185826387 0.0761486804491858 0.09623776780241333 0.060480281740414636 0.05618610646843644 0.06668081777398266 0.04215613676166485 0.09644457336316485 0.08108968291445204 0.07437785459800982 0.10161720965188517 0.03899797959040019 0.0194885455345063 0.06419482010397826 0.03453919348687892 0.09936697084264912 0.10260619288364704 0.08706792258216507 0.05818401019000975 0.07291829559451926 0.045484216680971135 0.0938795398786692 0.08012299823626579 0.06435232256480704 0.09501352167612459 0.05233354283051525 0.062331026203022985 0.07129478571427803 0.07994025874335384 0.05879837534242338 0.03214470713215009 0.05403696493447626 0.10121761793679623 0.043312588001579055 0.09490892929977013 0.07484875864626667 0.0890884006940868 0.032823963191336694 0.09706390812128249 0.04420420544725722 0.04492945678605033 0.013470631080669447 0.009878474171526532 0.09221906598056218 0.09609094873389902 0.054021737680390675 0.038571165823872364 0.0268089033417244 0.01220110295764104 0.031973990636808294 0.07726208902365972 0.03514762124893221 0.08798195267135701 0.02952327973052948 0.022810298192033854 0.06573807477352213 0.05880462907592863 0.05449197342488073 0.04213477648780204 0.08300093690695856 0.02264658951116827 0.1009623200435285 0.0731549681547865 0.077169257775036 0.058995997033328244 0.03367616093772613 0.06991736174313035 0.08041253735125173 0.06208134628833923 0.04341053762584533 0.05353486494820537 0.05961658688126902 0.08744808271471885 0.09343297048004037 0.048861847110739653 0.033299797041564695 0.09798915692961038 0.0701863463817682 0.108377558716144 0.032801365775605634 0.06160724780085984 0.05794824854531498 0.11478536491315201 0.07224018024929649 0.08882760778121754 0.085048255127937 0.0594781181996832 0.058445045780231505 0.02737471063376615 0.06384898826158436 0.02349324422304221 0.025520724800036036 0.06994058126829282 0.01205522779133101 0.09838292637584208 0.06599853207970519 0.09374997485907963 0.06260794840041366 0.08058847937341033 0.03515630725365349 0.07105589170714345 0.07440399832812604 0.05090426495052879
 0.025241412720528374 0.04287377700290034 0.08616947247436724 0.07892581976814643 0.06968396938984242 0.10015132263048102 0.051782498873731875 0.0584641941233698 0.06038150087915005 0.03867253100630675 0.023696962223984926 0.039774709115329314 0.07855706285736166 0.08802349437395203 10000.0 0.04466380516527796 0.05739406027179211 0.08058804352941915 0.043177817846500335 0.05269061997599779 0.03640840890139355 0.07391922051153813 0.0523889058492717 0.051370884207458195 0.013844498551969684 0.020763135834869165 0.04995357652130328 0.03200325764336146 0.09354259819802775 0.05285647517544859 0.07181704061751114 0.06380296969781746 0.023135839431889106 0.05353428759823228 0.05453778100232489 0.06972878563470189 0.04655109945553838 0.053812353693273814 0.0872514621569321 0.02002414171022486 0.042197197584519244 0.08888270521190797 0.0636386643948179 0.05129995638693528 0.044945397138945624 0.07485096825308932 0.02727311262142998 0.07750595298878944 0.08789888815845466 0.028948606112038727 0.0828650893634459 0.008472007158146994 0.030199888874855356 0.09132708268859753 0.06551730375307234 0.05016530384718951 0.05109960668507737 0.07379826492865675 0.09590977490742085 0.01755841019475877 0.055226673410098584 0.05721142700665182 0.04469224889872268 0.047455713407071595 0.07523939021088469 0.09598478160442275 0.10037424628177029 0.01041937832407176 0.0655004484636518 0.07755247487370469 0.08325353402571005 0.09746480847077162 0.05891976935265204 0.0757195572327235 0.05691684885208142 0.035895241376561866 0.05889340001643155 0.06735159150514505 0.06572556052700743 0.06771927035220612 0.034278092351245085 0.04599178921508262 0.09393346559882677 0.07348432950683118 0.03717646940843293 0.016136967936705666 0.04475989750258356 0.036697802684461905 0.09726221434790848 0.029361049493934397 0.016164079169053155 0.0827511860964143 0.04780436388592359 0.07809990095608324 0.028681938094583723 0.09287564651260283 0.053022633455941826 0.0767116385399347 0.0552175454557223 0.07579809551401788 0.020743879088197376 0.029938010311141298 0.06345067541230759 0.07620321196688824 0.03307958202910448 0.05336060997432169 0.06795666609076825 0.0723748001736038 0.07304643802159119 0.0521539630626479 0.04532204769291626 0.07694035678971556 0.08230893170540951 0.09995412650668138 0.06663851682749074 0.0794801564415254 0.08281952344026813 0.10512255152909075 0.04328238904950487 0.006477472289524091 0.03138032700844518 0.017487926136876 0.054226412769979214 0.05567760527375128 0.06870371285246339 0.07371236204636612
