NAME :TPP_input_29_5_2
NUM_VERTICES
141
NUM_CLUSTERS
29
Full Matrix
 10000.0 0.06558453679757612 0.04331161231602638 0.04514465335236968 0.05678270375117294 0.025858563394968167 0.015592955134747816 0.07740747666401825 0.04821150204268571 0.027619098598475025 0.04560698025353559 0.031752972317196634 0.06535767724589828 0.07369633741717112 0.028391091582677948 0.0175424115565569 0.02592747653297134 0.046322340186492596 0.04452862409927024 0.04706157920618089 0.06484958808913795 0.06836266829063053 0.01955298448476188 0.01841586018016269 0.028458406688057117 0.05504703419188437 0.013851063254729193 0.027970779624444546 0.02785951545588588 0.025385189569809834 0.05980541160850574 0.040717723334096456 0.05116729553923637 0.054385127396426085 0.028170107889668415 0.01705943772487833 0.060447803987954976 0.06018838446608518 0.052231473332431604 0.047783956064866 0.04704810712522104 0.05761522248294486 0.051501039522538004 0.029783547622280398 0.016318661568058536 0.023020325649847503 0.07537152443769086 0.06058718855320789 0.07472514058051741 0.043457840234610454 0.054148199151327334 0.013656109794208017 0.04279214403112123 0.04542670974909143 0.02695640222788958 0.0187591065573892 0.019343693831137664 0.07245726190979622 0.06369234857032752 0.03402409305254447 0.03079677257558186 0.026391382919633968 0.05346388651211119 0.02511646177201961 0.042855234966424294 0.03752235852843675 0.02174627193182477 0.025294468204569036 0.05130935955830747 0.03923611697175388 0.04778029669023795 0.07226647495789859 0.061251021045404384 0.019998332364684762 0.024259721661548116 0.05505287902671852 0.02708824329573299 0.042559839348881835 0.029330126614735053 0.030790491009719728 0.07144432617516519 0.004337712387939151 0.05576867502954186 0.066706603456632 0.048642010357818205 0.061214437877826454 0.0565493340258262 0.012098241139196704 0.031976162301452074 0.06042243125005783 0.06221575457668528 0.008833575216267701 0.07124294223671271 0.06077991121076509 0.045793834671383774 0.04865186992043138 0.06415188476918378 0.06422966100785053 0.022680765092308625 0.02945528179307331 0.04424147321012714 0.04255876931403666 0.05189511074020235 0.08332679736179532 0.06552468555033021 0.05461926861998072 0.01914820869898519 0.040294868991068 0.04793910671679274 0.0724170680148206 0.016238269900329557 0.03286426484799745 0.010940830066472538 0.02251669633701426 0.05191316237686565 0.05500747813564212 0.0759410773613229 0.026916693770292138 0.01283371968265536 0.055885542864547305 0.020387789442855544 0.05282839254323967 0.04091302244228452 0.06961308114336043 0.07902353656057881 0.03415804306406719 0.03051237549520477 0.06962823464267262 0.06385652175655694 0.05904089135374882 0.05625844338144611 0.04522324244716105 0.052819429767167976 0.05586770621695362 0.06734132454324078 0.0395563216817607 0.02770343172876121 0.03577632578837753 0.00870245699369065 0.005664457977860311 0.031122293266683018
 0.06558453679757612 10000.0 0.06476560386819695 0.07097719035887134 0.008817092688586438 0.06866372537092186 0.07288401807030188 0.024608748607066907 0.02114877404176762 0.07914599645710294 0.06823890679379475 0.09270881845109794 0.00721702814948679 0.04854407974630915 0.09396115081615573 0.07484140729321491 0.04779170077766616 0.06420573047772765 0.09127586393998892 0.0645557582687337 0.03774056104163379 0.04459042059850631 0.08470175260810581 0.07857236893105103 0.04312802264514626 0.05809466475595104 0.061489425168629964 0.0424833082785294 0.06774798034897728 0.0638033644702654 0.08132546529635583 0.10376034195037862 0.06264801614467917 0.050299486969933214 0.08081993380208635 0.05446230642669664 0.07410438099536878 0.08084908996891758 0.03734863002905996 0.035716240662304326 0.02620621710442874 0.028598226455435194 0.04924008349170614 0.09505105768280417 0.06245999014062558 0.06778295530433044 0.04709230183829399 0.07306429140503518 0.08594756670122289 0.09632793352947648 0.04412787763826523 0.0596382023515215 0.07067928595811537 0.024149014679512488 0.0830323747386497 0.06656174185594593 0.0837475015020592 0.035124942985104345 0.07176353188809087 0.03156448254519084 0.09403654657147978 0.04718539756262991 0.06784734601776231 0.05020429886695942 0.06531324532964486 0.029143507935249467 0.08466175055055848 0.044948733797936485 0.04682638171790172 0.08379958208393906 0.01803458293717701 0.01061858666237998 0.012604396000121209 0.05433926811683886 0.08059631018175954 0.02096250879651288 0.09267071314381838 0.0743871851347538 0.09378985748654763 0.08468267119022228 0.03446774702263223 0.061849042524360284 0.06783590101920262 0.06371808315893147 0.022298908264612095 0.024246133357788833 0.04955280163762329 0.06030000117877054 0.042659782662267186 0.007143043078706616 0.0667033799159265 0.06493652146478775 0.07531047945639817 0.06074067295958017 0.04566036454110117 0.021243692303086464 0.002745024041166184 0.07303250878747648 0.06551438204934101 0.050589502438413814 0.028338431764201134 0.03527474879114416 0.024620225663288652 0.029802240294908175 0.041416428963872744 0.04576255743315713 0.08185187295779808 0.02907003509185262 0.06311150847144079 0.015147548159100079 0.06865617912130466 0.09610948808392719 0.07645229523095598 0.04401208178767865 0.07808734643115428 0.054060386573302074 0.012847010395448697 0.09017730446088237 0.05775215041507584 0.0546219266718947 0.04969873968094598 0.05539385248378062 0.06720096044726198 0.057332859605081145 0.030005253957822574 0.04031447844456898 0.07210367865398032 0.06865558170194425 0.0177920431738205 0.01905142616122921 0.053135163150419995 0.08574276064936434 0.04550234836319198 0.013227234302480094 0.007438725299695586 0.09707327285815993 0.05671293189351169 0.09758453060431262 0.056882287617941465 0.06634215286985458 0.06322610289050244
 0.04331161231602638 0.06476560386819695 10000.0 0.08478818779059426 0.05850501637021131 0.01981307182849633 0.033506439397365584 0.0866980055719356 0.04406550756198294 0.02828038394577444 0.0036554068084463554 0.07228870508258262 0.06000051813644607 0.09733428907075425 0.05874956497436476 0.03357731963932928 0.056713689830252205 0.003417891490690784 0.08784020802599396 0.004048874998921131 0.08581791512741697 0.0917494887460319 0.04953479133933787 0.06102154884403858 0.055421817137423154 0.016007763784723236 0.029482397822990024 0.05404957857157242 0.017272178012770877 0.018176368471179826 0.09976270349937691 0.07798897291805126 0.08672389264267318 0.08395879557878054 0.07146598548308042 0.02899783334522 0.09811247213513383 0.09994329898977412 0.07561401655753049 0.029560078079901502 0.03860559857039992 0.07526244140446724 0.08115625269219455 0.056798069724743036 0.05698670673749208 0.022097539357269 0.09774837082979367 0.09787773563524987 0.11291419872421389 0.08626279369119012 0.02557005835445616 0.05286608107757945 0.08274519194587862 0.059149731829041666 0.06993743011464242 0.060770165835060744 0.046680935817572516 0.0897489579165099 0.09983604918663858 0.04510604239248121 0.06924521915503015 0.025493212531514018 0.010183840760840009 0.023704302954653776 0.0008618305578056197 0.04101663176110865 0.04404562697613574 0.029470045504828814 0.021441070537756613 0.0823873600569254 0.053993992138930025 0.07504234943582942 0.05370064048229274 0.05552490280887723 0.033680591929590116 0.04455956643300772 0.05827673494329162 0.08360609152120656 0.05285814053971723 0.07392727318077329 0.0887361897506892 0.04008580935944885 0.012594429345533347 0.09907331580594761 0.061847303093577215 0.07576684837843833 0.085306885422932 0.051760510642793606 0.025770901243755258 0.06395456096616575 0.09686627725391635 0.034734196193377344 0.1068025384364453 0.09343447745695807 0.019794160672028844 0.04380543400570794 0.06512486511902421 0.10068952780760013 0.02138271979774956 0.01946386363440891 0.03676516593720423 0.02957172195660641 0.0674645188585863 0.09270653940243635 0.0881607701498651 0.024631010129825662 0.04239056628744706 0.056851019108769996 0.0056893056223580605 0.07823477591175354 0.029306624932904375 0.07097666394203357 0.049339669409599406 0.035956452344068135 0.09241780423486493 0.08615890613227423 0.07761187557268091 0.06599294950610156 0.05051533407935788 0.08709140856592183 0.05168216340611595 0.015747696636910224 0.08005948738317782 0.09851340294054513 0.09080867343511109 0.027042347412249323 0.01795512644056954 0.10316222197364798 0.0741652846000904 0.04782159472479178 0.020523286360985042 0.08815167691719754 0.08039455130164593 0.05153843597692354 0.07057434489986472 0.08122843696932631 0.016784483606174346 0.07510285158132923 0.041147323863254946 0.03828472968847577 0.012275375388416256
 0.04514465335236968 0.07097719035887134 0.08478818779059426 10000.0 0.06397604178304367 0.07027993753882164 0.06058359267184515 0.06725129392797458 0.06582628928395652 0.0726485383431032 0.08777014629278512 0.042711634948628965 0.07519134306094573 0.046448536816284546 0.05918374454454557 0.06237010971194293 0.030093530838548425 0.08718796872878018 0.02563683076339486 0.08792581549649837 0.04481412096695378 0.043356254763709204 0.05663891899406723 0.03681915591545507 0.03353160682764065 0.09233345310739885 0.056960437647727596 0.03491250993145441 0.07191904166824582 0.06861103679454873 0.014985872867403398 0.053480406307561575 0.013025532840167805 0.026340270838404328 0.02762381617021121 0.05581372560875939 0.01607675707372026 0.01522520332325962 0.03600636592566675 0.0758636194940103 0.06879244738771498 0.046022841554989 0.025286608070860497 0.06297981170250921 0.028940912551745888 0.0674801497501244 0.049340959395443695 0.016593603883030595 0.029654702963845255 0.03430782320029159 0.0857658101148514 0.03249734099678903 0.002477141218189781 0.04753178087821658 0.032100684027377854 0.026658965047430414 0.05854641096881229 0.05423738766993153 0.0207210759219447 0.049884189619681614 0.04785911147555922 0.06089494905754007 0.09431190986336177 0.06173437595218306 0.08456129960825053 0.0568593993207646 0.06257095056267979 0.05738341875356276 0.08462180782797857 0.019815099628910822 0.056196500381221606 0.07123836728044902 0.07482256011801226 0.02933141453390312 0.06866080906934065 0.07397236092131057 0.05783071651447106 0.0057668228445913235 0.06553256769578596 0.029858116030976056 0.0536102337433957 0.04658925714816876 0.09622064771444663 0.028605228239705686 0.048783850621621036 0.05160650258000154 0.02864467543979274 0.03385105318619231 0.06386216705179469 0.06384630629058914 0.02165544628872997 0.053496158332625686 0.028145443730449284 0.023983885542426354 0.07930647492494235 0.06656823617808234 0.06839014775638019 0.02081197489858481 0.06663177657856555 0.06651310696792291 0.06706867886625227 0.07033611724332554 0.046755618647933136 0.07119292709787152 0.042790289096987025 0.08690322183281901 0.06085776634874835 0.043738453706404175 0.08820413795473858 0.06802561403550336 0.061245495520099974 0.04905984457079986 0.047467240038445824 0.05074769926325718 0.008029372655989147 0.023661344263471162 0.0747477115689327 0.04588416045850286 0.03455756471668807 0.023937414803898542 0.033764495565722155 0.08948986617769963 0.00482125522122249 0.03598823712085127 0.06538301260910663 0.06457831238001763 0.0751762097175283 0.029223021364228382 0.05806244445144834 0.07668326300990946 0.09138974797588933 0.017595600777099138 0.02936598847401595 0.06921154673220112 0.06782426367712513 0.040056193375227575 0.0680037505731964 0.04694753113498486 0.04400149139143845 0.05076652517750826 0.07361284275197608
 0.05678270375117294 0.008817092688586438 0.05850501637021131 0.06397604178304367 10000.0 0.060801327368439795 0.06438888691239625 0.028400955815227027 0.01447435302394933 0.07107110481591691 0.062073832138162456 0.08401203072504898 0.01121539587719987 0.04715543184240001 0.08516542978881636 0.06637971894468866 0.03940446693156954 0.05829819719219731 0.08330175186950083 0.05871682500678173 0.0355438426595069 0.042517568274320974 0.07594393507991545 0.0698356957297066 0.03472618242783278 0.05360483161261574 0.05302638167911841 0.03399722190568827 0.06004033327880626 0.05599006752812003 0.07516330583202932 0.09500925179470462 0.05661736183669596 0.04526041386482339 0.07236620569007962 0.046029255313733364 0.06848136758364798 0.07475684581154593 0.03233507908827536 0.030590292569236725 0.020173841850474678 0.02509589945665518 0.043802195237648084 0.08629230646304392 0.05383942282462668 0.05976116318819201 0.04623737349375337 0.06752572161045119 0.08108979942113793 0.08804597136813329 0.040183336131364975 0.05092534813924349 0.06348770970262693 0.016481627158286476 0.07446265748666833 0.05801109044289199 0.07503314184830986 0.03520528178436138 0.06668463120189785 0.022758814670018317 0.0852637576990052 0.039200602063933374 0.06258926967194434 0.04223346770643574 0.058983546075276366 0.02074587998923675 0.07603085650763475 0.03670129269465564 0.042275849065691554 0.0758277991854079 0.009274732875099228 0.01704884557078627 0.01234875893402368 0.04578242063257053 0.07227272695736026 0.017420414682936314 0.08387059593126123 0.06703211408755722 0.08509292907601057 0.07622331898869966 0.03436478660801019 0.053072970724384876 0.06286106469644584 0.05965169651998638 0.015378511719524762 0.022146826780055355 0.04489390976493028 0.051555315272054605 0.0350730644815915 0.005479939287943916 0.061794809468774185 0.05630243108813753 0.07091460189402968 0.05604511033480464 0.040219414103092474 0.01481179843789226 0.007555149907429949 0.06792821333789106 0.0575057425020478 0.04305243766744559 0.021746331412192364 0.02899744083836011 0.01921852203185923 0.03428769778366866 0.03903650022257345 0.04183571424943136 0.07321748524777967 0.020956892665084822 0.05743945992028904 0.019731184133241104 0.060268482956992595 0.0873397091178916 0.06764199357836868 0.03536282591091554 0.07135515953271525 0.04893560772034269 0.020236189666346074 0.0813977106104757 0.0489986332096333 0.04959575674848358 0.04103506838728435 0.05072527265497018 0.05997338034024085 0.05426925833338902 0.033017538943149495 0.032878581794081436 0.06446556204695476 0.06460075062809227 0.017466449126408205 0.017283385468673005 0.04910953136538412 0.07808203380210231 0.04040123148899397 0.008875130437930784 0.0122449198169284 0.0885486915099683 0.049101593347120366 0.08886989165561567 0.048080268579860724 0.05762428608499044 0.0558553553713844
 0.025858563394968167 0.06866372537092186 0.01981307182849633 0.07027993753882164 0.060801327368439795 10000.0 0.013756064749961034 0.0869961967243474 0.04774402981903966 0.011097728797859373 0.021104100514597744 0.052734405015009235 0.06570110669157356 0.09130975724132537 0.03910490147699463 0.013769338731905159 0.04560081862117124 0.02320205272930293 0.0697345366105288 0.02386007497600424 0.08072305435966048 0.08570183898606547 0.029739003493948563 0.042275486470922705 0.04586037503603159 0.034738420203958564 0.01350004715038486 0.044731829453553355 0.0025436606685400854 0.004897012854267548 0.08515700530137198 0.058175922411242975 0.07456123149800996 0.07473885084769355 0.05332215967950769 0.017524674494798626 0.08492635040162337 0.08547380442270543 0.06900662109167763 0.038530056761710174 0.04371984959500024 0.07127626238911075 0.07181368201108708 0.037428527966320485 0.04141169149016579 0.002839274885532845 0.09233214588924414 0.08490729788068686 0.09952243237203769 0.06732335387910936 0.03973345906602274 0.03780416491083337 0.06802321715378172 0.05592109557735921 0.051297261089162334 0.044467976233297186 0.026922365996432687 0.08648599775586227 0.08753862194973015 0.04138389695441621 0.04949267099648317 0.021618564618176492 0.029728092556754324 0.018587976126128232 0.019125395100031656 0.040330450591896154 0.02454543591752409 0.02455570906326095 0.03581404257417424 0.06490437382400414 0.05378019725982388 0.07783170429660487 0.05998989528585136 0.04225525603515685 0.014992450802032882 0.051462194159637875 0.03856624726040809 0.06816010572930864 0.033783524370247585 0.05541071055022031 0.0854409286693211 0.02371472205290703 0.03224954836860497 0.08878688726892028 0.05907771208740774 0.07322201795601944 0.07651896376304365 0.036429211679136514 0.026092359193597852 0.06579712649372993 0.0853474453448592 0.0170537071546756 0.09490604508343 0.08290345734022811 0.03153153307217045 0.04780210487642501 0.06822013186967445 0.08822345571006163 0.00401820024728744 0.018403467321162967 0.041065423492174805 0.03551601874401384 0.06400294655349956 0.09315703239082446 0.08236240427341034 0.03945015031172461 0.022695003905613124 0.05210950416521607 0.025320206613674942 0.07978409935821185 0.01006904829455371 0.05119685231130714 0.030015136133508265 0.028607208391592417 0.07739986950195207 0.07622747616081957 0.0810127196071882 0.046317225161082824 0.03591829178901619 0.07715580048527378 0.03984622933958959 0.03349720830397295 0.06580000552776673 0.0899656406192171 0.09010656639160876 0.0285597506189695 0.005019732182853334 0.0923250520669587 0.07348254359168861 0.05538765185796667 0.037958756309115875 0.0710076368061084 0.07201796370895917 0.056114181050213464 0.0729390776984263 0.061838455929832725 0.012331828140375731 0.055379769169643524 0.02670978516940462 0.020294526095262302 0.008629338626473502
 0.015592955134747816 0.07288401807030188 0.033506439397365584 0.06058359267184515 0.06438888691239625 0.013756064749961034 10000.0 0.08814441657841798 0.0531188295440304 0.012065830542069923 0.03485241635622594 0.03901808705893147 0.07118454124928195 0.08780309988176897 0.02618738049996393 0.0021956200891101382 0.040175357714252 0.03686739434617974 0.0569980752839157 0.037542486539830416 0.0782227426325748 0.08233317482541735 0.01638332181507909 0.029272094724682198 0.04180093820616994 0.04790928651737827 0.011410918531818146 0.04099816396277425 0.016269528779311107 0.016049953751750713 0.07509186303698595 0.04455487844629179 0.06672410484114262 0.06928092534012373 0.04072677851773808 0.01845367517978453 0.07601146964913334 0.07551375130502865 0.0658250369111288 0.04760209870520507 0.0502942315865431 0.0699642653676435 0.0663640008841476 0.025223643896633736 0.031893106736985435 0.011437444162118934 0.08924966832620504 0.07616649032275444 0.09021413179178889 0.053961371110370526 0.05100417802829927 0.029153703440071215 0.058198608104088737 0.05603711613499432 0.03827614755627626 0.0339845795139528 0.013839594875600518 0.08513963434229835 0.07928475105826735 0.04253810637198628 0.035746230943653944 0.02701464480834258 0.04348034209398407 0.024383505051535834 0.032843350888406335 0.043741189414996516 0.01266887890255121 0.028225990692109886 0.04739418490969279 0.05273575286449983 0.056173410023951986 0.08096469520257941 0.06610613619762352 0.035071611796159426 0.00910893065140646 0.058433424260566254 0.025463810272727042 0.05770417222858679 0.022390505924248013 0.0424563191168539 0.08410348667491413 0.015627677605245485 0.045995581448989645 0.0820925361949607 0.05930996884290221 0.07287097888411427 0.07134137435028594 0.027612396921338975 0.03271456923910064 0.06881790908410736 0.0777593723682791 0.009102912361681642 0.08683252044111049 0.07615884516463967 0.042472282753805136 0.05336249775616905 0.07194363047163967 0.07982213010221467 0.01260540653204956 0.02675338832236685 0.04744811318819334 0.04343672582885969 0.06343728387440932 0.09423641107089897 0.0792833558826754 0.0510023308699494 0.010153484988961575 0.051397740273093385 0.03891877869852252 0.08202011097577787 0.005031218197924255 0.03747031763683982 0.016588651454332682 0.029220402657776378 0.06712523203009896 0.0701526274761165 0.08443912129871314 0.032563804655307914 0.027992262693094745 0.0710481757408884 0.034334278973249 0.04636544194460389 0.05643851793380123 0.08458832432005765 0.09047025510696817 0.03528626315821188 0.017180094730705094 0.08512577597444725 0.07443475351649381 0.062496375061732355 0.050581159218336565 0.05904999018633421 0.06732861215497263 0.06141872908379122 0.07597968359101442 0.04819593611397082 0.02206757155529874 0.041625302812004016 0.020551019290588307 0.010301298216319156 0.021689989526547108
 0.07740747666401825 0.024608748607066907 0.0866980055719356 0.06725129392797458 0.028400955815227027 0.0869961967243474 0.08814441657841798 10000.0 0.042838760986733164 0.09650906289359594 0.09029885547637959 0.09897058177942365 0.03164296926058127 0.030146050322404964 0.10506629154953823 0.09028089375412737 0.053850288953869535 0.08662334078239914 0.0913615089060967 0.08705875272677606 0.023596319016424925 0.02848288932886765 0.09692923209872074 0.08601102396260735 0.04992391623450937 0.08185980763482298 0.07728107118550062 0.05000135977813337 0.08659507894565872 0.08238004434630229 0.07354590182106925 0.11063655642115724 0.055812669148647555 0.04167452536262325 0.08485681743285928 0.07067398643476243 0.06486930510489052 0.07283979487005776 0.0315837484008975 0.05894072374886749 0.048573692127094836 0.022075244460273473 0.042103389748556035 0.10701477924747294 0.06920223124013701 0.08555145865139908 0.027681512087073482 0.06361654102205748 0.07357370831237028 0.09831727217321488 0.06817309981818263 0.06774285128031445 0.06782545050420406 0.03217698325488387 0.08808565453791438 0.07229778607309112 0.0966816914777389 0.01581916505652635 0.06090926183346419 0.04590425474937352 0.10165755453552827 0.065578807413804 0.09098977657813291 0.06855687906184325 0.0871400934413709 0.046924112788353206 0.09853149257198215 0.06244053669434068 0.07052173267599023 0.0842129186915852 0.03335838610742923 0.014681899578782433 0.037171416645427384 0.061088346640661206 0.09674563744499581 0.04496248888229851 0.10365794840370122 0.07203348704175877 0.1067282558250944 0.08859343186511949 0.01582010778636195 0.07451656644621385 0.09123983100267531 0.05048543468989912 0.028907718865500406 0.016986881690337883 0.03984860299878042 0.068865136561844 0.06231515863392899 0.022925751819061885 0.0557137106517147 0.07932367962142456 0.06215493196558468 0.049657302809850985 0.0686197153979219 0.043204555192188 0.0230258509856902 0.06216786392133426 0.08337630500205935 0.07019676684861997 0.05004613699496729 0.05732628190173894 0.025696923882791864 0.006160846433504944 0.026787499802772043 0.06982374489572227 0.09575170397129522 0.037137435005317264 0.08581560936957629 0.009472995205696149 0.08469873856133751 0.10359828620003694 0.08747544219913406 0.0592459299003162 0.0727293038931917 0.04514438862915976 0.015098533670267087 0.09808722847562425 0.06665264071179387 0.04531035242130641 0.05800635940144754 0.07902691766082039 0.06478806601547606 0.04199928244313401 0.005764279537175782 0.06037623452384447 0.09110230560652838 0.05498566935915021 0.013709675391502727 0.04354218372199588 0.07717033408489715 0.08428084676487597 0.037956056717081146 0.03652883589584652 0.0173042413814112 0.1011316331505234 0.07601364287164403 0.10397300202353174 0.06913478558585678 0.07976150758955579 0.08305673192504956
 0.04821150204268571 0.02114877404176762 0.04406550756198294 0.06582628928395652 0.01447435302394933 0.04774402981903966 0.0531188295440304 0.042838760986733164 10000.0 0.058422035260542855 0.0476204003677769 0.07806035246589406 0.01812379022569753 0.05863047503835311 0.0760311056967323 0.05494741916682393 0.037299509626835155 0.04382387505408148 0.0814548261253099 0.04424321299899802 0.0467088282982423 0.05349079140579173 0.06632966697450154 0.0636961658226726 0.0329657838415241 0.03957502474792392 0.041745399892516584 0.031778673657790656 0.04671767094936281 0.042858105164877626 0.07878258235883 0.08831479564527092 0.061100060911786866 0.05218152430928329 0.06843648054643502 0.03473456861075296 0.07341752292325325 0.07854201491842781 0.04020828047637609 0.016507972424050832 0.0058366590875193304 0.03569170196069383 0.050095806132381716 0.07659360788816152 0.04930427706990908 0.04703607724912479 0.058207211363734794 0.07265636697913819 0.08717620823889792 0.08474970689561534 0.02676405037537759 0.045628842474290804 0.0648119427694777 0.021479391561629247 0.06972938073316474 0.05385522123365298 0.06498697095010421 0.048182292331253554 0.07270658184058966 0.016864140719873744 0.07837549014282093 0.026557366316546663 0.04819814915273222 0.029517626735436737 0.04455943976308755 0.010952868774640362 0.06536755049345656 0.02489496743268981 0.02833872668062706 0.07414586803986198 0.012746976220306697 0.031074429253551944 0.013127182344981163 0.04213107092644823 0.06029599463307654 0.00820365582917427 0.07484332771429485 0.06774992264088078 0.07481760864755041 0.072176425764981 0.04725362404959391 0.044087978520331625 0.04855738796903936 0.06754819542811653 0.022663110963422765 0.03433084578793999 0.05246307052278859 0.04584299456893771 0.02165492812183409 0.01994932945181653 0.06826286310783168 0.045888591219987854 0.07799742748548863 0.06306862253552421 0.02584938052489051 0.0007569500756944784 0.021163934606927524 0.07387019516709341 0.04476209325701438 0.029514696627785292 0.007308022037732978 0.014525510188685807 0.028246766243293277 0.04875774708649502 0.04984569247770022 0.028386295270133838 0.06259976558264796 0.022987019976925305 0.042977801485146315 0.03418260984785649 0.048597663870324395 0.08047189134225578 0.05911623551646249 0.025704683602038442 0.07370181412508822 0.05552115543477982 0.03386436917039342 0.07444979064905197 0.043271884084045885 0.05632271414283138 0.03678981613974093 0.036620375407517926 0.06131660577174962 0.06371155567100267 0.04729067648204445 0.019237477321321243 0.05102961417180543 0.07237454261717742 0.03110428825564826 0.011519857915940054 0.03543575281595121 0.07751076472371965 0.047504889404759824 0.008397657807333102 0.026517838345307604 0.08388032566573882 0.035656119724459256 0.08266969649009337 0.039767233578242245 0.047845518451900014 0.04208428405790678
 0.027619098598475025 0.07914599645710294 0.02828038394577444 0.0726485383431032 0.07107110481591691 0.011097728797859373 0.012065830542069923 0.09650906289359594 0.058422035260542855 10000.0 0.028412863072438104 0.04827054001337537 0.07647371219959583 0.0985166393575779 0.03151581235552313 0.010354089725286274 0.05135433840091534 0.03165766922190055 0.06807115826585788 0.03219986575828534 0.08847698713278036 0.09297499738190934 0.02355120970334575 0.04037130134171248 0.05248793076559147 0.044100807229360675 0.019745323740114232 0.05154260187409488 0.012959182165952165 0.015895255688434647 0.08713301467194692 0.05172230592656378 0.07864652614168804 0.0806374308588749 0.05204410665426935 0.02588267830167942 0.0880624684912289 0.08756246690353654 0.07632522117954277 0.04962684745241809 0.054616424490791994 0.07961812839643997 0.07770782462311067 0.029009172207805297 0.04393549449404705 0.011386031390734809 0.09979214897034878 0.08820628678716233 0.10227991672212874 0.06421913414924278 0.05046993665582641 0.04107582998537505 0.0702614306504369 0.06484905797428257 0.049218120470910745 0.046038072090418374 0.020477135054887994 0.09486972147235681 0.09128068278120816 0.0506150341724256 0.04408627129304778 0.031962879338592036 0.03718861179571886 0.028952031055799698 0.027466328742111096 0.05039385901177644 0.016889593127773606 0.03441819766747354 0.04646303098017931 0.0642483105644019 0.06361281616259182 0.08802642595212647 0.0708664651114521 0.046729326521780974 0.005979511284687513 0.06244565935482743 0.03130973257782093 0.06972230644594424 0.024805318750496953 0.053425608176951925 0.09382576811047051 0.02718581322718726 0.03976404494460861 0.09381772770873291 0.06807992746792464 0.08203721010360433 0.08261529523061274 0.03955052594292505 0.03685145367471156 0.07591167850266706 0.08965779853445661 0.020191032503655615 0.09881314658724816 0.08788443755196045 0.04243287425735684 0.05852208722169547 0.0785615983472456 0.09183457906381898 0.013660041231555136 0.02936573281742 0.05191431994962721 0.04655757828002869 0.0726706504697243 0.10265933099271071 0.0897944698277753 0.05007769955691941 0.01610381727769221 0.060621716945957846 0.033969032655599 0.08968469041619341 0.012707603601862584 0.0455095995166932 0.027476091727080428 0.037354079463451186 0.07915300114639297 0.08169343894995713 0.09130692611929359 0.04148539827859683 0.0397589448456162 0.08260052279367586 0.04547589462728152 0.04328070289442072 0.06850021180475865 0.09596164530987651 0.09930219763047932 0.039372735303980125 0.010403057209235985 0.09696335142821971 0.08286853823877235 0.06639720560038534 0.04792067919125896 0.07064466715726504 0.07842231762961277 0.06681627029559639 0.08308822703453865 0.057725541491347954 0.023376999303395082 0.05004998920387665 0.03163359739466365 0.022168364179822944 0.01917280797458652
 0.04560698025353559 0.06823890679379475 0.0036554068084463554 0.08777014629278512 0.062073832138162456 0.021104100514597744 0.03485241635622594 0.09029885547637959 0.0476204003677769 0.028412863072438104 10000.0 0.07383477670306009 0.06336607479207348 0.10095918086933124 0.05947586311849442 0.03470218411151414 0.059991398777956555 0.004656223199528109 0.09008708766784544 0.0047587478357583686 0.08945661820612694 0.09537097207894345 0.05054101518934308 0.06300388167085874 0.058815961128478686 0.01717942744494363 0.031876696799062076 0.057455146217067356 0.018624466841256352 0.020242041421085828 0.1027540081715557 0.07906752570342955 0.08998408808059812 0.0874408196088762 0.07367750442724347 0.03196083357424275 0.10128246802414954 0.10295411917747854 0.07920615038499074 0.03287073959211485 0.04211695299651047 0.07891204391828938 0.0846269209450375 0.05729469493586247 0.05972556021926401 0.023623052920965882 0.1013861720825794 0.10107139004769661 0.11607738808581747 0.08819231538593295 0.02816861657970832 0.05566631152833756 0.08569265215473289 0.06279971710859818 0.07197579101926498 0.06339510178946522 0.047611160914384866 0.09340436446707213 0.10310175726278402 0.04873053584584885 0.07055524441870493 0.028975899427934878 0.008808542088490936 0.027070671528644705 0.0034493762703425076 0.044672017282026355 0.04471530112053112 0.03295716554852748 0.024114120619250237 0.08480409190811468 0.05763832625649295 0.07855474098127183 0.057046417424887814 0.058578247800017025 0.034077244682839104 0.047907035262235186 0.05908750702602688 0.08644272361689023 0.05319690130109676 0.07601746181865765 0.09239158538280634 0.04257476072122867 0.011383273064234468 0.10250512857233401 0.06550159272908203 0.07942181007497755 0.088815066583506 0.054512905947305706 0.02940998435816022 0.06753006552577383 0.10019985377893816 0.036898948273505844 0.1101138661384112 0.09684240487596847 0.02299526796605023 0.047346697387542755 0.06864172878992089 0.10393956154242281 0.02322510676920431 0.02296280395495077 0.04032815001734647 0.03310809330099505 0.07111614387467738 0.0962974606036459 0.09178629508749335 0.027098278450397754 0.04325244854456038 0.06047305053904234 0.006798142715327764 0.0817995507591387 0.030962592841752137 0.07222745817104598 0.05103158122263231 0.03937657138495358 0.09533760338765769 0.0895992329607028 0.08108575957972802 0.06741615817693501 0.05337034169019544 0.09053274296238836 0.054869254562084156 0.01753876498934999 0.08306642008389992 0.10204749306348099 0.09443395213742148 0.030697352869890223 0.01842365683969272 0.10655818673293968 0.07780066929333121 0.051088143813349425 0.02224783699302077 0.09066083063486559 0.08391792034207578 0.055014942557116565 0.07411559935032669 0.08290370080583825 0.01986074291867813 0.07645960603460375 0.04395183513935776 0.04041064327767785 0.014514059310902794
 0.031752972317196634 0.09270881845109794 0.07228870508258262 0.042711634948628965 0.08401203072504898 0.052734405015009235 0.03901808705893147 0.09897058177942365 0.07806035246589406 0.04827054001337537 0.07383477670306009 10000.0 0.0938863218197664 0.08600512214886621 0.02086859019519003 0.03943233183325051 0.04569672599618692 0.0755803891279318 0.02411146597381946 0.07628140874476176 0.08072487056573593 0.08171319552330626 0.024927743690635586 0.014366132979772107 0.05013919823222574 0.08571364970791155 0.04437897260290738 0.050526514189784676 0.055212324748577256 0.05424802106609189 0.05257170047173941 0.011734673047624053 0.05461280296103388 0.06467319558209916 0.015491481002855552 0.04876205139266078 0.0579688407723463 0.05336564773256691 0.06876307603091963 0.07943864324640977 0.077790656272924 0.07711267009242372 0.062439617385815986 0.025099777435882716 0.03039255725447579 0.050243520352493735 0.0885051443687717 0.05876697859757555 0.06874333957955467 0.01707162823526383 0.08585292565925283 0.03308997840606464 0.040470722479847246 0.06964975722895302 0.011332830565202174 0.026757998729470985 0.02797748346870408 0.0898128260220213 0.0632022859466868 0.062096491675691735 0.005927477708219054 0.058141641691934844 0.082378760114953 0.05681570744597357 0.07167353215182815 0.06710927800260749 0.03207685523709692 0.056849641328851425 0.08290380933641728 0.024613889700950624 0.07473841174847815 0.09740229773952053 0.0906599999456936 0.03865264000214939 0.04243843933845854 0.08551126967541427 0.0200189683084408 0.03726216453356021 0.029246354328878853 0.012856321222440584 0.08893984491983245 0.0360501868832389 0.08486071052900783 0.0710743552408885 0.07243839474588651 0.08198392960268787 0.06718423800387012 0.0325386002972052 0.06367811843967391 0.08655478705438174 0.06434009614281411 0.03859771754958514 0.07032671557420568 0.06595665152578001 0.07743797422410542 0.078600548603062 0.09080097658234376 0.0631097659570635 0.050932717790774275 0.060994570169074794 0.0750845387597069 0.07410567549715118 0.07376652317808635 0.10424532060480643 0.07997391443972345 0.08627470069097784 0.03222436901462901 0.06432438033270967 0.07750615929429465 0.09622085152394932 0.04298212674242195 0.006490689691297819 0.02304257727235442 0.05308231490049126 0.04514159904816208 0.06336819267752011 0.10118560274386437 0.006857843981575649 0.03512345578388154 0.06396785825408376 0.04301804435117118 0.08375313377370423 0.041262230070844085 0.07751399307072822 0.09903186126058161 0.06578877946752514 0.05606243017179086 0.07193462571770494 0.0865407405525875 0.08935962391364549 0.08748297994294672 0.030491553638868272 0.06553489598069356 0.08496895080057294 0.09279555548043932 0.009508320531112458 0.0584251599938759 0.0050031061454464485 0.03895796480729485 0.03513693046139797 0.060142246092194256
 0.06535767724589828 0.00721702814948679 0.06000051813644607 0.07519134306094573 0.01121539587719987 0.06570110669157356 0.07118454124928195 0.03164296926058127 0.01812379022569753 0.07647371219959583 0.06336607479207348 0.0938863218197664 10000.0 0.05551523218188 0.09353078556339983 0.07303760364729564 0.05008096755935637 0.05915519300671604 0.09424341127656935 0.059449296641887424 0.044480002934423384 0.05139331698211349 0.08398774439075236 0.07958631360079933 0.045412646425291185 0.05216071370663043 0.05978945684507374 0.04457320178421456 0.06455758571053732 0.060805149029612315 0.08628389783249657 0.10462311082388788 0.06769066452329456 0.05595370928906071 0.08283534950091707 0.05275783370637147 0.07944426659849901 0.08586096352274207 0.04296587181027218 0.030515154440448153 0.022136100790085027 0.034837616446514376 0.054657356965622024 0.09430497128814186 0.0640381348903149 0.0650926969629229 0.0541546835589229 0.07845851360164131 0.09176108021320707 0.0987177787691718 0.038049411640383855 0.060857401470855145 0.07469447353261227 0.02768399298544349 0.08471220657389118 0.06834857463894324 0.08278695581012585 0.04227610452495924 0.07743697441901544 0.031847606253754164 0.09477017815503101 0.044673149304291025 0.06230531246945294 0.04761972756640254 0.06060389004409462 0.027938632333438948 0.0833368181907777 0.04296393179117226 0.041041724545534196 0.08677890433267312 0.019756092749023808 0.01723002981694336 0.006360409957214522 0.056160916821063465 0.07841949745503267 0.015465803956728027 0.09229657256236996 0.07821742503592526 0.09270444980924969 0.08667531346748553 0.041596850609844666 0.06139639031160278 0.06211504208853397 0.06989005618718014 0.026537894726389722 0.030895156511306976 0.05540747785434118 0.06134818836923749 0.039632522498619496 0.0128270180167599 0.0724650505356182 0.06374026999998281 0.08134924219064926 0.0666050135056637 0.04047093721400183 0.017967626591203094 0.009543465081125883 0.07869295027002972 0.06281995920388429 0.04735037220992928 0.024665205987132597 0.031006357925946307 0.029914722329850894 0.03660517802007086 0.04812317224571845 0.03965419781959887 0.08055323786492848 0.03199472839756119 0.05789105605740272 0.022172338852124888 0.06670542597663555 0.09686086019557318 0.0762975000695188 0.04311365136800314 0.08256184405163826 0.05967593443411272 0.018626765634104172 0.09086653876948611 0.05876287427427317 0.060294658976902754 0.05119165331322904 0.04958371032368493 0.0711779630568847 0.06388071794342719 0.03712636475894535 0.037142006538216206 0.06878079218006916 0.07484176865996209 0.0247468711281634 0.012737853105052174 0.04699983493836853 0.08918218985777394 0.05110665034212803 0.00976613916173884 0.014638473187194178 0.09886250602400425 0.053493340161018074 0.09866498361686701 0.05672342765690746 0.0654966843005268 0.05962117959250282
 0.07369633741717112 0.04854407974630915 0.09733428907075425 0.046448536816284546 0.04715543184240001 0.09130975724132537 0.08780309988176897 0.030146050322404964 0.05863047503835311 0.0985166393575779 0.10095918086933124 0.08600512214886621 0.05551523218188 10000.0 0.09762810212789665 0.08998603860836572 0.047807871421771016 0.09829045499572406 0.07208379182254909 0.09888633444161356 0.011929473840106323 0.0056275152615425095 0.09161500445601699 0.07569025354809038 0.04605758572683847 0.0972413433233392 0.07890683829697931 0.04697417214794087 0.09175820513183834 0.08751516340902914 0.047966273650527025 0.09756988877455901 0.033452778230690046 0.021332039791127078 0.07059942751396045 0.07378514115654661 0.03871523543165568 0.04711004238851854 0.022303148322848812 0.07471478306913945 0.06419890630800772 0.022961944315023467 0.023661051485481 0.10056312221386281 0.060404318426414055 0.08913185706511317 0.003119526594416939 0.03738797436674448 0.04459965513193783 0.08055341270939258 0.08530148739384288 0.060892309011800094 0.04790853862808896 0.038612523874509745 0.07467831560220943 0.0617431818775503 0.09233499488959865 0.01448175091959749 0.03368283238906832 0.052228791496989634 0.09010842183766754 0.07251286956726258 0.10411820431005063 0.07499561574989817 0.09753110313592059 0.0568958884909896 0.09530605158210025 0.06862854999677483 0.08641708712744721 0.06592075023495748 0.04597849440778114 0.04196105668993405 0.059155109090629876 0.053959786380743016 0.09691178488746953 0.06415659055895334 0.09617153750524567 0.05208741560931835 0.10160378556214121 0.07380318828497423 0.014759875443288946 0.07231631835652277 0.10506034358852015 0.02223080876559203 0.03643117251334393 0.025013970996134793 0.018820895507201556 0.06237944746187385 0.07157988833503653 0.04308592544556626 0.028903708639574862 0.07875912092506969 0.03314933723948296 0.023666552464903443 0.08286084644477229 0.05927475749831149 0.045998869459101345 0.03482520413564287 0.08731363456513092 0.07829792996115742 0.06440138690404283 0.07108094746099386 0.030653083555280614 0.03094104781769672 0.009174116792222107 0.0868963840414583 0.0928025589179423 0.04048742961145023 0.0981782741527919 0.03661773149232475 0.0858226633738204 0.0917431042474434 0.08149774880954412 0.06307900022072849 0.04952901952501429 0.023014676177560072 0.043918874327471435 0.08717627326534295 0.06099661553502653 0.022599329057935408 0.053544950533772166 0.09417846651071836 0.045858178771396314 0.01290691661600825 0.025479723168294447 0.07054277055657832 0.09612656438389193 0.026027695134928412 0.03077420341232015 0.06443573848788091 0.09370750639967926 0.06397043730788816 0.02118197864643944 0.055903596124421945 0.041719368965134694 0.08545372851582249 0.08295132780923768 0.0907781653791013 0.06725211413856591 0.07783840120232634 0.09014487715914715
