NAME :TPP_input_22_5_3
NUM_VERTICES
106
NUM_CLUSTERS
22
Full Matrix
 10000.0 0.03250825001977594 0.0292707540244254 0.06539298637637146 0.008509184889889648 0.02229814769596902 0.025302854403565556 0.041958315054888354 0.04551535915397166 0.04225907367708037 0.042425056277854166 0.04738938532570364 0.05796302940003458 0.03201642630335206 0.04595935732259327 0.03718769115807686 0.04363992824311065 0.024271947125288306 0.02450755602820173 0.01639471919522281 0.04866259695113022 0.030841373592692636 0.05435726158599659 0.04017266778117601 0.05412128845782275 0.024006375250864093 0.025668310710213783 0.05659665712785323 0.07126629314057577 0.07926376531650325 0.0352000708328526 0.054282584462500665 0.04591022425771808 0.034125475822082925 0.017791509939853425 0.0293127485427575 0.06053724666626289 0.03436165571335656 0.07057214555711178 0.0673999717697807 0.07552649711430234 0.02053784616939249 0.018578184310110428 0.06602216716874135 0.05378638122127428 0.026990622141479244 0.04931543618690691 0.032366575171246206 0.004514698373315188 0.04821489212342227 0.03269294938934098 0.06222422090791317 0.021052368740213264 0.016772402368911667 0.020236396979095923 0.02211736536270356 0.014958606421963934 0.04035532349202516 0.07147266713595159 0.031655805458461805 0.02280829686761544 0.062005992690486 0.0014674362628940216 0.04970937447432218 0.03328196544274769 0.07368935277916251 0.016813018251759883 0.04264871267881668 0.03231440511010153 0.013798141193214725 0.0200196852583314 0.04076943099821546 0.050365942362472806 0.0694571148413153 0.038318138801575516 0.0800888192752804 0.03181557065365357 0.06600572955473483 0.029454042155910083 0.023752128398813938 0.03537749699232115 0.0554788243853878 0.033035373885392114 0.015424550728478316 0.07016119852204764 0.0341910201381659 0.08335340221276658 0.026057174231941215 0.03690952270329361 0.06279229627193615 0.01066740385543704 0.019600279619047808 0.07308426789348796 0.04160102468814931 0.011042146264661937 0.03577623650920764 0.08966470992177016 0.0200923720408795 0.03521169437468573 0.0341542618314572 0.06550534757346563 0.015937465476107714 0.051821059547014214 0.013015460447779695 0.039504138977307715 0.05328241122240718
 0.03250825001977594 10000.0 0.04029310520760931 0.08919182212468216 0.029032009968786104 0.05064607224161286 0.05053227119538016 0.07445727540983232 0.07802332356161538 0.0743488559151709 0.07141272729717205 0.07963203976624848 0.06077256199755236 0.06045919090549341 0.0755048454328534 0.0678461165352912 0.058983114121406395 0.04123300155496744 0.022422512132124536 0.016442011021331724 0.07671164924550337 0.048193884169653964 0.0786199528633318 0.07143240506154241 0.0789357074723054 0.014292558354071304 0.04118217791854896 0.08522119298409911 0.09605086326068916 0.10836388288948441 0.003792651346385966 0.08527320590021745 0.07562587449213946 0.05610915827666436 0.05002173858656317 0.03396222043417592 0.08917242382008565 0.02146934622546235 0.10156257505090167 0.06962796193714163 0.10290369152944132 0.03506112729164165 0.03235447467650628 0.09851023349516502 0.07512911607943973 0.017721404742011955 0.07078962005535093 0.06463674185983363 0.036872058855610346 0.07100554884264078 0.055037329317576454 0.09414891099974958 0.052747838614196525 0.048224211843539304 0.02414288324284215 0.048063215396811416 0.023321700571054697 0.06618219093784308 0.08614701299303033 0.05082684015968953 0.05272928330464174 0.08637246864385055 0.0310694600228256 0.07607640844362383 0.06571140725974334 0.08343826264192018 0.04506665752377086 0.0714057806320938 0.0548593401856337 0.0400663797672108 0.05252139620715991 0.06106227996076977 0.07763117278092721 0.09213058467075826 0.03772394153912729 0.11140114274395113 0.06075402334350977 0.08360816428299345 0.05372540553142017 0.022237028799593193 0.06774867278887625 0.08050671850644099 0.06518192499861779 0.039643233708191915 0.07215064440539548 0.023693714815486166 0.11133389629730914 0.009559122668611576 0.012436715824494278 0.09356857657029007 0.035175638842876014 0.050379855155681316 0.08501047532021437 0.07391430901275538 0.04229900228958317 0.058444288706272496 0.11987060068278947 0.023607880543639784 0.016375620317227408 0.05438065351617316 0.0665705136127278 0.016784744263992117 0.07843661636588942 0.04158938216009514 0.06678670908311282 0.06083870882278096
 0.0292707540244254 0.04029310520760931 10000.0 0.05014584602251672 0.036209730374063775 0.04916650794653069 0.05352053967733998 0.05398262152373811 0.05761979252349639 0.05940703121668517 0.06627950623870127 0.05537477168509447 0.028739782428080413 0.05753683031661931 0.0436386692502764 0.05913810091191296 0.018701986035097977 0.05344938674914954 0.047708539570245345 0.03338845793408725 0.07302785769412393 0.00942583012136491 0.040331226907291885 0.060432500858564546 0.04102051401321411 0.042379655039337 0.005285206965839357 0.07977975928058906 0.05733450131243579 0.07321818770823733 0.04408498656782397 0.0737389460938212 0.06847508858071229 0.0627884306054697 0.03940688422706051 0.007556005208685837 0.054438345388219705 0.024254731064448948 0.07033802553995291 0.0381388990785987 0.06595115747156588 0.008774514126936408 0.011216503641496156 0.07509856125902094 0.03549846124236411 0.023069192093207874 0.031409351994935754 0.04323778793955953 0.031420034184396456 0.07599653336094783 0.01836920278033999 0.06658832325961221 0.03240420863276503 0.04105245435927967 0.01665575111903462 0.050347363992017745 0.020356191670345792 0.06708450699693307 0.04643503069799106 0.060843248894483434 0.04809650170625395 0.047752392940293424 0.028805595481834145 0.07545880787947473 0.049479396046660996 0.04593035119257314 0.021931419870037515 0.0388061107213752 0.060921692276573985 0.042758195500756324 0.037395910552563826 0.02182826855633305 0.07535043538143925 0.05251132606592366 0.013620444902940095 0.08050865882198674 0.030809811015586733 0.043336870845193685 0.01956718064583474 0.018064477548756046 0.051779766476224905 0.08181935347206687 0.05133421497025324 0.04461421739030376 0.04089807308300365 0.022047840359069232 0.07470035287779161 0.04090006549835261 0.034661711736216495 0.062370343457090416 0.03992563192940038 0.028542585594847167 0.046347765680814564 0.057491605647359015 0.026949966222217955 0.021237577845488218 0.08606137948757832 0.017223189033640347 0.029561150478989214 0.06315878494873407 0.0363420944551271 0.032826930050260016 0.07725324701677903 0.04123734185300665 0.03283960206301798 0.024314043578219785
 0.06539298637637146 0.08919182212468216 0.05014584602251672 10000.0 0.07384746510158298 0.07186369044957443 0.0779611583326044 0.05016475085033212 0.051486973233526606 0.06043811445769206 0.07638793127065265 0.04411085158567228 0.05173750779226119 0.07420995820136785 0.027103477555338866 0.0684451989956479 0.033481612050882875 0.08541309253179177 0.08971090397118923 0.07805550651763352 0.08211744444138125 0.04124625860544908 0.011037815824218143 0.06619209624698677 0.011388004565703732 0.08729187749924029 0.048136691688003365 0.08439336349308868 0.007379245052026406 0.02926291275679608 0.09290697402816235 0.07264932594526022 0.07522579418734308 0.08650323967147289 0.05993410446769143 0.05758416532405309 0.019302586371015385 0.07427071565270767 0.03635761820818686 0.0539931994343609 0.019012485452587387 0.05413081342521347 0.05686710531786568 0.054974196894638436 0.014936875098515538 0.07290671105682725 0.01874312031518522 0.04672298103029345 0.06382150695604091 0.09354890927117257 0.03431637356381069 0.04219739990131501 0.04868959992970119 0.06375777886401152 0.06509897181019825 0.0758048392033547 0.06639592380194002 0.08350977704217255 0.027238942346295626 0.0881986998927706 0.06837898324401213 0.003690154606071295 0.06607203702313695 0.0871912429093856 0.05520115122166647 0.039598820854302455 0.048584651377182354 0.026699525824158007 0.0848111879231652 0.0729707421116378 0.05473683716879623 0.02837185826028714 0.08523348823343288 0.005244454904086425 0.05978032610281047 0.044183719238404126 0.03526309550166749 0.01888919684473386 0.03644653303654454 0.06756662336870091 0.05620881702420131 0.09370398746388153 0.05891741715823868 0.07547773711046153 0.05513797543346624 0.0719506887751686 0.027326347306289335 0.08741097304130307 0.0847937415215846 0.03200923539663872 0.07348703390220793 0.047674392568153034 0.034361705694097806 0.05754197477159096 0.0551597351484595 0.03089696998710576 0.042852432815001645 0.0656194900647574 0.07970080819933167 0.0886045437782791 0.05583730339141787 0.07745427177144293 0.08774783274066224 0.06998547987851965 0.0267911935546508 0.04335565425605857
 0.008509184889889648 0.029032009968786104 0.036209730374063775 0.07384746510158298 10000.0 0.02176859293359979 0.02267366146219247 0.047135407867967764 0.05048354311369383 0.045734008429379525 0.04262213941018889 0.0533280151354925 0.0645174160125716 0.03170802725903612 0.05369441982186583 0.03881509148375554 0.051689413479258324 0.01776656966319251 0.016452131518385787 0.012825909592414027 0.048249859212694125 0.03885569298834363 0.06281613170548342 0.042454155585799506 0.06255016124665588 0.017732747247791687 0.033201667277660676 0.056621446861731976 0.07964418851366997 0.08689871316091427 0.031014852565490594 0.05624376909559771 0.04669593770039481 0.030183482086413256 0.022030104452496126 0.03492154176702411 0.06839918519549174 0.036274387283838125 0.07748569689523122 0.07402886492610052 0.08357073250668261 0.02746346040912989 0.025060299184617794 0.07108935804824808 0.06229023359372296 0.028562494286189916 0.05781581794021117 0.03848763574016213 0.010634685254932394 0.04501654131254333 0.04116494961133198 0.06846508347331753 0.028222822734801572 0.019592793943482664 0.024095819194985185 0.019805714645068497 0.018400795849603187 0.038496035699855415 0.0797053477718897 0.02645389189399959 0.023697408944753286 0.0704381211325874 0.008122982264843301 0.04829165422374708 0.03774210196915611 0.08145327602312576 0.025266119076506728 0.05063277316489342 0.028555753732944944 0.01127363906041166 0.025669155783309142 0.049196072144239 0.04947624401697295 0.07794697858196059 0.04349507287732623 0.08674680542117466 0.03989845768762832 0.07440901883135013 0.037962201141660525 0.026843117954873142 0.039594125029147095 0.05342928798600209 0.03671420110603915 0.011487231323167148 0.0767922689188839 0.036687537678905584 0.0912496600598569 0.0209122829942558 0.03613678438361853 0.06987608006726725 0.006373981404429737 0.027393284007226584 0.08107961089840175 0.04557750904610321 0.019017116808348156 0.04427236939886099 0.09686863190516318 0.023772761508241914 0.035709318638393786 0.029478126223563033 0.07190819319968703 0.012641461504276025 0.05056703968143823 0.012557400580491962 0.04778398901482182 0.06049575873077697
 0.02229814769596902 0.05064607224161286 0.04916650794653069 0.07186369044957443 0.02176859293359979 10000.0 0.006103933437272404 0.031561667890883494 0.03407783833796616 0.02669025425203565 0.020855599093987143 0.039239175724196086 0.07759540175478664 0.009981702858003434 0.046673543568110834 0.017735016202516395 0.05937483139203847 0.01688380858066659 0.033321889794333086 0.03459374338764941 0.026653473029651258 0.04765934386297802 0.061526730111782835 0.021895237666320504 0.06070001436010599 0.038054883873193404 0.04456272986155515 0.034905734020623295 0.07612644957757783 0.07739517189144154 0.05233350223164494 0.03500765293763452 0.024980015471625143 0.01507946571796042 0.012232600667656171 0.05079225616318118 0.06101105482751747 0.05651252419115448 0.06517034763724365 0.0867281272295799 0.07669505866443789 0.04102628352073615 0.03974649465373575 0.0538099721151328 0.06390103259100202 0.0489866344426389 0.05990167809405513 0.027006891250776672 0.01852348303580476 0.02684253930593632 0.04560360375122511 0.05429223740249839 0.023712495293741163 0.008872518351261573 0.042527828086458774 0.004692136781938472 0.0372223872071486 0.018177122382101358 0.08487647476292998 0.016432479971742794 0.003973466189072408 0.06818734180390838 0.02351943283770415 0.027411358964661948 0.021697335159585024 0.08968696019300477 0.029415339031026593 0.04546908721027159 0.013249798198702619 0.010579696981432046 0.0172186595815525 0.05367696380084464 0.028154304374911596 0.07672782414046779 0.059925103679372906 0.07320671032145078 0.03694041121105671 0.07785770454318854 0.041454894581509694 0.04603823180947072 0.02266988454168639 0.033255500708750704 0.01906316627692664 0.011350740580279019 0.08944212080412711 0.0564518107995103 0.08310463247422106 0.04198105685057478 0.057734189688763815 0.05857327800314515 0.015482356085067867 0.025984553149753096 0.08799000513344053 0.027461160107283184 0.022645545464070143 0.04768656191259843 0.08507453087576645 0.04239015028479877 0.05682540142990533 0.01680309707264497 0.08527047164199072 0.034406115019019676 0.029535484230971732 0.009560860867182353 0.04533763023337606 0.07162101709027197
 0.025302854403565556 0.05053227119538016 0.05352053967733998 0.0779611583326044 0.02267366146219247 0.006103933437272404 10000.0 0.03679068059767708 0.03903213482443664 0.030838861519465275 0.02154938137334929 0.04464294135710827 0.08216343380119027 0.011046449950963978 0.0527353536850216 0.020712961091533987 0.06472027292773663 0.012621362328291212 0.03128974678002237 0.0351646122077672 0.026252096828131535 0.052725125704319704 0.06759939384807727 0.025209046749670762 0.06678530824013114 0.03712260153812331 0.04915307872072252 0.03483007422452196 0.08222720969419242 0.08317500563728186 0.05180511557255922 0.03710946090981429 0.02620781399658421 0.009463911984087497 0.01820817509912792 0.05449021059219655 0.06701112181138066 0.05866052204299028 0.07063980730110643 0.09141378454367324 0.08268578478654412 0.0451090379975064 0.04354893310478478 0.05817268715712628 0.06985203866947182 0.050995755838273246 0.06580709830218184 0.032955809682829365 0.022202140683816388 0.022915028179647037 0.051200810071335576 0.059503197130327354 0.02969588714996651 0.014626636183020531 0.04533950073488768 0.0031994702390784583 0.039805648597643774 0.015841300310250026 0.09062353989014217 0.010354254679467488 0.009845669886588483 0.07428600211673167 0.026315708569278243 0.025691412726727994 0.027105000798011942 0.09511050317912959 0.03471691133189961 0.051571663564407934 0.00757600027638216 0.011785331282064538 0.023279673306832834 0.05934585194914246 0.02710289705950488 0.0828161348873582 0.06356010640439254 0.07841250662867115 0.042991017196819616 0.08372819697285236 0.047098183208021845 0.048609363198156834 0.02780822423462493 0.030769888526194434 0.02413521527086549 0.011198934860628961 0.09414791110737694 0.05884705317515615 0.0889934636616346 0.04140907508895603 0.05872033772199409 0.0642290327746979 0.0163774511053262 0.03178913954141072 0.0935683808798101 0.032010145898521226 0.027673446887400793 0.05340698197413402 0.09053388954067193 0.045134736994816176 0.05837272769123309 0.010797345473908452 0.08981319986506471 0.035079453694284175 0.028007463792613808 0.012394581359215858 0.05140673878739155 0.07652812102316411
 0.041958315054888354 0.07445727540983232 0.05398262152373811 0.05016475085033212 0.047135407867967764 0.031561667890883494 0.03679068059767708 10000.0 0.003738921220260197 0.01031106859866285 0.027067683496536044 0.008077375618180602 0.07681897638242359 0.028490556909253093 0.023264562023404916 0.01992331082190717 0.053687345707975426 0.048419709719062905 0.06241620691360393 0.058281845349385485 0.03220290862930695 0.047163063299101665 0.04244615291806873 0.01661824390156856 0.04101428618157661 0.06485258445622023 0.04874587203445574 0.03431489644350392 0.052068446845302464 0.047464453888666984 0.0771371064115845 0.023362863222458192 0.025218544131163662 0.04256941021915278 0.025122700946891077 0.0594283367889368 0.03414326615959714 0.07195422541159471 0.03397426745878098 0.08423343621987711 0.04898875133607357 0.049497510474107276 0.050162961743585276 0.024071072150471832 0.048390226930020104 0.06593658167583254 0.0459631203349365 0.0108814086990404 0.03768148135226155 0.04530528318063977 0.03980839014827576 0.022737620216067785 0.02301630024254251 0.028052521899078604 0.05718030793674996 0.03624931704139687 0.05393018195293922 0.03584806274731705 0.07116486801271517 0.04655933607430748 0.0276393281184156 0.04665192170525369 0.0433899111237799 0.037566373057585735 0.009937727137406703 0.07988654928384381 0.0334105863772939 0.02536571917708335 0.04135848732744022 0.039021520399168126 0.021938637662050394 0.044937723362700015 0.035334424574434295 0.0554088337351619 0.06751693539855295 0.04165533861264081 0.025049485340873104 0.06260268379468795 0.0363159392783227 0.061110022350031885 0.008988476644624021 0.04386017315000444 0.01266661772734173 0.04099806769046973 0.08658167117264946 0.07082468413912835 0.05397764404595669 0.06765764344992219 0.07753303453135976 0.028158645118758128 0.042621144808298976 0.02650717705566612 0.07642296097368431 0.007438015803136288 0.03285336975651522 0.0395446312611611 0.05381811032714614 0.05736308869069679 0.07465642738015671 0.04545676364163775 0.08403759666798602 0.0578534895310279 0.03786242790160039 0.03617091351406227 0.02949369023366482 0.06861640908427034
 0.04551535915397166 0.07802332356161538 0.05761979252349639 0.051486973233526606 0.05048354311369383 0.03407783833796616 0.03903213482443664 0.003738921220260197 10000.0 0.010124319508280553 0.027263616200910282 0.007680273664778646 0.08009670740240499 0.030069155934259212 0.025035319795315234 0.020830789179472616 0.056830586581272255 0.05096021960795392 0.06555386725521654 0.061798221933379485 0.03179576277157687 0.0506660346659675 0.04435398124084931 0.016965710190173608 0.04285791210358502 0.06821480497192782 0.05239500233746093 0.03297162785570199 0.05289204388448549 0.046571589676175404 0.08066179995450275 0.021278685870377994 0.024786699547402306 0.04420331010081826 0.028453948410414508 0.0631281611278637 0.034591437684897856 0.07569240869482542 0.03240482962379754 0.08736925675950767 0.04891334479227269 0.053220523649859824 0.053899275937472756 0.02060990853962025 0.05068019147194514 0.06966101757479862 0.048482053922518066 0.014606443238097096 0.04119814547438297 0.04573991932822875 0.04313601922725949 0.020649159334254354 0.026753781908395023 0.031208283003727657 0.060914196488624096 0.038734497254447754 0.0576359387069945 0.036644061126704604 0.07339509252310704 0.04852517792987159 0.030227272174739486 0.048063109061255396 0.046954755223301926 0.03736938838713003 0.012877761197772408 0.08246234024646334 0.0371429417255001 0.027663886937829545 0.04310895598040371 0.04203483067307568 0.02550869834023447 0.04797215283438629 0.03490938271898462 0.05672388336198047 0.07117318801569973 0.03946936254482047 0.02833743295175214 0.06473088209538129 0.03974221221391139 0.06484483576016252 0.011449805357883728 0.04341737677788438 0.015014676910758147 0.043923896302030564 0.08968222484121716 0.0745633866235812 0.053363661651423026 0.07110593794393331 0.08122974957773582 0.027281269682271826 0.04579624130101472 0.030243858869706076 0.07884647542881122 0.0076689773286961055 0.03655036169139633 0.0427204351898918 0.05206157834106974 0.06109505906983625 0.07838007017146231 0.04718747542976873 0.08725405918875569 0.06137889372093708 0.037427240294293625 0.03925996264562051 0.03221739596785039 0.07180764736702004
 0.04225907367708037 0.0743488559151709 0.05940703121668517 0.06043811445769206 0.045734008429379525 0.02669025425203565 0.030838861519465275 0.01031106859866285 0.010124319508280553 10000.0 0.01714077905867373 0.01764623110547264 0.08416149088411477 0.020892094806133164 0.03344552987439972 0.011087118925874608 0.06165192801741363 0.043261711202421435 0.05958895754036926 0.057911331110302694 0.021924705773623477 0.05369160920296272 0.052466578066160355 0.0069007472407077745 0.051081690230274375 0.06327945174925141 0.05412382522199629 0.024256612765100074 0.06237053098613914 0.05667686701598171 0.07663894346138703 0.014611405634800106 0.014923682331700425 0.034892755936287156 0.024468215349647323 0.0639923786721298 0.044344083075036934 0.07481118033038206 0.04229482855842814 0.09204660724383898 0.05893999687573449 0.05371901171567966 0.053853261658789196 0.02733785152157828 0.058039488855441 0.06816825269701263 0.0553275063972411 0.01726373257145425 0.03775439478885565 0.03561890931541153 0.04729539995366803 0.030272967272619276 0.027050919938097207 0.026175949827276612 0.059885304763436134 0.031123708147768794 0.05586024731090233 0.026637578856621533 0.08081297591180296 0.03966536515141456 0.023206361301865673 0.056904951246525975 0.04372622333116941 0.02737571782615345 0.009968445085161393 0.08902672418382412 0.037724902885448934 0.03517137925509073 0.03397006948807221 0.035981166956006574 0.02335677424964807 0.053295567518781686 0.025055252969586394 0.06568060712935621 0.07259192425014431 0.0487782037091817 0.03303043745561493 0.07238027144824566 0.04344225373037975 0.06381286151417352 0.007647455872095537 0.03358377009115268 0.0092245312582551 0.03750285948673024 0.09449719678988469 0.0739952958547899 0.06348790777512907 0.06664529473247402 0.0790174975627432 0.03740078131628686 0.04030702243521956 0.030898002338253797 0.08580950113482422 0.0028978019317015013 0.03516025204394946 0.04756703070509129 0.061746108103452074 0.059974411607800884 0.07677951266224632 0.03798115833783964 0.09157722676458983 0.057565041380615786 0.027583172992906507 0.03358907465905111 0.03869949376188191 0.07631966053575492
 0.042425056277854166 0.07141272729717205 0.06627950623870127 0.07638793127065265 0.04262213941018889 0.020855599093987143 0.02154938137334929 0.027067683496536044 0.027263616200910282 0.01714077905867373 10000.0 0.03474813917534542 0.09346728403432973 0.010953741179220645 0.04929776350000396 0.008177076830607954 0.07261936642698107 0.033668987946481176 0.05283876918752156 0.055445367869883536 0.006789128850774216 0.06261944349740557 0.0676081659270257 0.010449536154558242 0.06636580555998958 0.05844199694033285 0.06121310076991577 0.014173571602833304 0.07887676520352858 0.07377845737900943 0.07295903683191672 0.016315115281629357 0.004885677332412766 0.021206189380981306 0.026956031583932255 0.06924582759187409 0.061192472866365116 0.07677800712318099 0.05916744001394494 0.10207396362954392 0.07600764190674679 0.059013563653990735 0.05829895519880833 0.041805920173001825 0.07223340263206816 0.06939922304599674 0.06898856261315094 0.030322830596366052 0.03820628931534943 0.01852030266531929 0.058061448725820856 0.04698431461166198 0.03529386322127506 0.026111712927338 0.062349616013781736 0.023514195479955122 0.057338606224300454 0.010419131838446108 0.09472582572196125 0.027088462827287777 0.01961697421856157 0.07276852926879161 0.04376453032666889 0.010850864507143376 0.021480846318939643 0.10171876441408857 0.04462752570349016 0.0501816435533715 0.021002698203139682 0.03139239821619667 0.02919134008087228 0.06520666718849454 0.009480280207814686 0.0815965304202727 0.07832403871981997 0.06499490731261634 0.04544922394955673 0.08668683888226232 0.05388815306688804 0.06604429905172632 0.020209644367107916 0.0175155394862754 0.01793099414097277 0.03181024027450304 0.1046801195099792 0.07651469203582623 0.08062647802998321 0.06256567830644813 0.07854137121246473 0.054528075450154936 0.036311581298548536 0.038883766443914065 0.0990723014216379 0.019782648457477747 0.03950732359117466 0.059158601705684946 0.07831501270770208 0.062281121595728205 0.07745062026511045 0.024407184786742836 0.1011040123868798 0.05526128800180588 0.011804856403249242 0.03030475153069977 0.052564136737410484 0.086441942171771
 0.04738938532570364 0.07963203976624848 0.05537477168509447 0.04411085158567228 0.0533280151354925 0.039239175724196086 0.04464294135710827 0.008077375618180602 0.007680273664778646 0.01764623110547264 0.03474813917534542 10000.0 0.07585611793089178 0.03656396340555994 0.01831646814633207 0.027900714941673718 0.05228455679923752 0.05600771733814809 0.06907218484598535 0.06378051920763052 0.03945419358980021 0.04761736986385711 0.03753753081340733 0.02434422934720057 0.035978508093088155 0.07090584753070509 0.05030766760715215 0.040550903474819766 0.045278341624425435 0.03940582335641375 0.08251297900376847 0.02854260195178397 0.03244120359117573 0.0506294504035443 0.03162520266986081 0.06148645250397813 0.02691872573718935 0.0751953647267991 0.026003456433748934 0.08263665887439835 0.041295130244430524 0.05205707417693038 0.05313492180117683 0.019860575827616134 0.04433232398566185 0.06970663172186561 0.042534314632149364 0.015024279718263199 0.04335273783522738 0.053140950155421626 0.03939636008369454 0.015286444996470734 0.027018406787791396 0.03491162520765068 0.060749235054306856 0.04393005879910667 0.05810003379772291 0.04382138413874038 0.06685946847932678 0.05452763535611612 0.03527944487297374 0.04075873838923343 0.048765765768903464 0.044994147527917513 0.017557323208552342 0.0764481068118785 0.036472321276597684 0.021661141201089334 0.04939789281629445 0.046036988749190655 0.02767660472903653 0.043194978395884966 0.04257242072485774 0.0493313104646651 0.06899308233082097 0.03408196261669637 0.024833106005299446 0.05808560212068785 0.036485033998983556 0.0646138800626361 0.016954114822205563 0.051086364260576424 0.020616904037115493 0.04814365994790517 0.08483847014614415 0.07384260702566009 0.04599633885982646 0.07339680836012315 0.0816840535185774 0.02009018582730593 0.04929407624980872 0.029938817771355944 0.07258368187268667 0.014971896169327805 0.03740259974764964 0.03844373862023789 0.04589121374296344 0.06099631159870818 0.07839848596288958 0.053497435946848616 0.08277521920507606 0.06331276788921447 0.0450929160839797 0.04307139013744562 0.026935216681546297 0.06731293007988044
 0.05796302940003458 0.06077256199755236 0.028739782428080413 0.05173750779226119 0.0645174160125716 0.07759540175478664 0.08216343380119027 0.07681897638242359 0.08009670740240499 0.08416149088411477 0.09346728403432973 0.07585611793089178 10000.0 0.08548622676472016 0.05967811645236201 0.08586090557080032 0.023658332193042465 0.08201965845160576 0.07407241345156819 0.059422082448996855 0.10025637815131025 0.030873636010189776 0.0466369385792394 0.08644481343509439 0.04811920097880317 0.06742683378437543 0.03304124884720304 0.10635954015437425 0.058772971023734105 0.0803957418083569 0.06429758904845206 0.09877204584802489 0.09509439483567596 0.09148161771722912 0.06711427329246733 0.03002805212839287 0.06476466440098741 0.03952473483772999 0.08306577677849473 0.009525713607657464 0.07065563655949247 0.03742562885632086 0.03953603363325165 0.09414231493730527 0.03846672313927019 0.04371502193145532 0.03707708093743172 0.06699800050739936 0.06014100862576365 0.10442878613921648 0.03702562730348242 0.08328788229824144 0.0583453139156992 0.06919895212313298 0.04196187441091271 0.07900645819570333 0.047119485354034735 0.09525310769544457 0.03269672685596279 0.08957614754642718 0.07621071912372819 0.05126814765303561 0.05742593103856289 0.10318506847981337 0.07466195856765005 0.02469701250967528 0.04896529266506042 0.055128752007567804 0.08960877620339192 0.07149796168251908 0.06427787539160344 0.032842254267339575 0.10278158899886577 0.05122055091429459 0.023261288457980644 0.09262298200818421 0.05177495577712906 0.035660752591514966 0.040731169789283476 0.041108905954967835 0.07682880198854715 0.1097000016243768 0.07716269275945378 0.07334188121156583 0.012283566615036032 0.037157577973723065 0.07906314383966942 0.06472452872858081 0.050567901783956946 0.07606317863401363 0.06858831800563878 0.05463542593846089 0.028232814095537843 0.08182615487449726 0.0550406215351666 0.03745627751353547 0.09407949150894998 0.04245923758099883 0.04525897420804519 0.09189533956421916 0.007682342927343137 0.05894107174359743 0.10483172182454464 0.06993965647456203 0.04920124708962168 0.00892931377224971
 0.03201642630335206 0.06045919090549341 0.05753683031661931 0.07420995820136785 0.03170802725903612 0.009981702858003434 0.011046449950963978 0.028490556909253093 0.030069155934259212 0.020892094806133164 0.010953741179220645 0.03656396340555994 0.08548622676472016 10000.0 0.04770296014123866 0.01006443246654947 0.06589963960895155 0.023598252794607304 0.04215743805610059 0.044523133001426116 0.016698979716642474 0.054944320813629884 0.0645242470865717 0.014633683515162655 0.06348229534608642 0.04753960036211218 0.05267393500551332 0.024927518589518933 0.07765086501583718 0.07587024184247607 0.06201685423473501 0.02606927475404289 0.015346902346966422 0.014134416696486773 0.01839577255397511 0.05981790454474904 0.06111546081172531 0.06634587784243914 0.062376855477275395 0.09439766202085415 0.07656612951873364 0.04978246329919978 0.048774813453481565 0.04806687556609207 0.06803539076244931 0.058869084405277536 0.06436768790187918 0.02757551237239277 0.027991855435454748 0.019980590802306943 0.051592937999545264 0.05071408590680088 0.02867396158656294 0.016520193670100842 0.05216228164851373 0.012645801765310438 0.04697500471849167 0.01002172567012426 0.08990499279057552 0.01879974040474718 0.009521437284366822 0.07052440209793023 0.033297638741934865 0.017997954927618742 0.019827821059881373 0.09578870681678285 0.03658910169338301 0.047513884122543606 0.013093554748963754 0.020456592703517597 0.022013935901268388 0.059294264002788595 0.018366154775204115 0.07928498030565831 0.06895197890029278 0.06946391940269553 0.04071163963270577 0.08234968550964956 0.047370543713806564 0.05575790733076157 0.019746378784903516 0.024283326969916533 0.016236057004526183 0.020865091962451655 0.09706835728415587 0.0662064684845672 0.08217324274374974 0.05162757554556756 0.06771527768047687 0.05660916041369839 0.02537787779592685 0.031786240861794164 0.09362848075416055 0.022572349200768983 0.03059535581972745 0.05320125606442887 0.08211878481566852 0.052054679143060036 0.0667783293248659 0.01714153742431665 0.09316551212319375 0.04434943209962706 0.01995448918789463 0.019521371514551616 0.048650692447049074 0.07898728221939441
 0.04595935732259327 0.0755048454328534 0.0436386692502764 0.027103477555338866 0.05369441982186583 0.046673543568110834 0.0527353536850216 0.023264562023404916 0.025035319795315234 0.03344552987439972 0.04929776350000396 0.01831646814633207 0.05967811645236201 0.04770296014123866 10000.0 0.04140246032088097 0.036082602208899715 0.06181039971933095 0.07014618698565925 0.0613044325470305 0.05502272972258611 0.03463586804658054 0.019322625007384558 0.03908974685039971 0.017823820060961865 0.06979859985835707 0.03926576923956208 0.05757928578779413 0.029952978348449174 0.033314350043709806 0.07886666362335414 0.0463046139641481 0.048151993150705445 0.06066234508626044 0.03558189711155424 0.05073163460621601 0.014799015173596091 0.06636419216672713 0.026875016627370102 0.0656803621538501 0.030358360844325118 0.04298612114334943 0.04490017112368687 0.034569659029037594 0.02604820727646651 0.06233017112156249 0.024534022745511176 0.020159872791034154 0.043064314095713485 0.06666568591672611 0.025577704483728776 0.02378195251794807 0.02568949031884793 0.03947150031639773 0.053366874156572944 0.050997002201785865 0.05236146448029819 0.05669619155110534 0.04854666938829831 0.06308949243418804 0.04291304150305565 0.023512878446850526 0.047040490089659714 0.06009095743936794 0.02826632603489897 0.058257557815180744 0.030510776629884603 0.004872278611161986 0.05907958809789819 0.04991160274471588 0.030378903868465135 0.0269217849075033 0.058135817497154754 0.032327791021543914 0.056772274744780325 0.037037814951391974 0.014751341677352491 0.03979281323817203 0.024168513404030492 0.05685731189945902 0.02915173014029906 0.06660119233809646 0.03199620694245794 0.05236567023344157 0.0677229812913575 0.06456642082324328 0.03761967406005109 0.07118377696511759 0.07477159436574736 0.018819393306133986 0.051617869030057634 0.026370833248510035 0.05429518890023381 0.03054845660382202 0.034917448811709356 0.023505037628214764 0.04436766693271256 0.0537518879959929 0.07060682900345278 0.0630322115614489 0.0661656848620129 0.06074677005153536 0.06064822100867224 0.04678849819784208 0.011040522628248136 0.05086623531521856
 0.03718769115807686 0.0678461165352912 0.05913810091191296 0.0684451989956479 0.03881509148375554 0.017735016202516395 0.020712961091533987 0.01992331082190717 0.020830789179472616 0.011087118925874608 0.008177076830607954 0.027900714941673718 0.08586090557080032 0.01006443246654947 0.04140246032088097 10000.0 0.06467121104975121 0.03333035986634616 0.05103433106879911 0.051525544214898154 0.014722858162849099 0.05498726961286429 0.05951416747589071 0.004569305522271991 0.058294677477494374 0.055685179427861276 0.05398455528447784 0.020643732478126477 0.07115120271973524 0.06727898264860233 0.0697490162397476 0.017430574626817356 0.009337282798449734 0.02385431422739882 0.02037245424179316 0.06256910241028091 0.0537597768930092 0.07123213391283713 0.05322094861503203 0.0943404790500543 0.06884589034002332 0.05224934493203986 0.051781206686514265 0.03803405983034651 0.06406148790632252 0.06407743529140221 0.06081203330439708 0.022168949201333114 0.0327618568903316 0.025493803678260218 0.05009750331451084 0.041300684851844516 0.027532453984535108 0.02042463204662983 0.05652179866096749 0.02162711828088031 0.05181746253113637 0.015926494338482495 0.08654923498283638 0.028836749645815167 0.015124942099583975 0.06480767283546193 0.03860415287748093 0.018990445695872417 0.01335284356991316 0.09360573706031537 0.037285386450403496 0.04210609149940445 0.023011732726285754 0.028046139695742604 0.021765272989896802 0.057127200975649065 0.017599208934796058 0.07363650941416683 0.07155739129953677 0.05986373744307728 0.03729083376629314 0.07851438931135087 0.04595082358873023 0.060329850542672356 0.012251884860799377 0.02568275830649723 0.00975978328989674 0.0290703116354392 0.09692144611694234 0.07076930025406593 0.07388673915417318 0.05947136809497876 0.07395142484653122 0.04795606142353896 0.032798943856388145 0.03122766722633547 0.090917594626321 0.013165242016230382 0.03275582626417505 0.05109803101738467 0.07277746737764791 0.05650827721764646 0.07239607173837374 0.026974887150808976 0.09346725511524241 0.051266235796908394 0.01997049920862778 0.026259366210927643 0.04439239770638565 0.07866216321283766
 0.04363992824311065 0.058983114121406395 0.018701986035097977 0.033481612050882875 0.051689413479258324 0.05937483139203847 0.06472027292773663 0.053687345707975426 0.056830586581272255 0.06165192801741363 0.07261936642698107 0.05228455679923752 0.023658332193042465 0.06589963960895155 0.036082602208899715 0.06467121104975121 10000.0 0.06754205684033944 0.06509398892666939 0.0512886590066773 0.07934844608101364 0.012833875666440122 0.02540617672278536 0.06465204693553728 0.026593588119803675 0.06049718111899997 0.019119942209242895 0.08473164276456871 0.04085687873520104 0.05978538101677291 0.06277566920432706 0.07621609028931958 0.0736469353456579 0.07417938328905012 0.04772513929025072 0.0254008341011344 0.04253974784647182 0.041623442335894864 0.06038695242696063 0.03054673844269619 0.051104906687442435 0.025609995814727143 0.028509234489576384 0.07049071757920138 0.018568563880413787 0.041603650940702244 0.015459290793711907 0.04438849442046807 0.044287877139738384 0.08562647765685844 0.014576439499861383 0.059785222773349085 0.03744045264933631 0.05054200229900098 0.03526299083914482 0.061759930167899595 0.03834765879317842 0.07590478232111722 0.028284787883921848 0.07351786026895518 0.0572156135860948 0.03178761642774604 0.043650057519499255 0.08289459585655153 0.052571460768876324 0.030426216800908058 0.030005433231953513 0.03148467926292492 0.0722941047307405 0.05561227260316163 0.04394003957283356 0.009186694578699372 0.08208416796585953 0.03497404618269875 0.026336399148891895 0.07023275108919427 0.028722724412103075 0.024634979811206437 0.018731218332304667 0.03674647553854628 0.05461050884125332 0.08957164423192476 0.05543242665040864 0.057850896116512264 0.03290841195771213 0.0391956675111769 0.059864384310253156 0.0593651799227673 0.052659100820265405 0.053046131136588334 0.05397269621858836 0.034121650402450264 0.029448001258450103 0.05915798610189803 0.037124088417729836 0.014150843327252138 0.07327737455662363 0.035828077206848365 0.04733364643639443 0.07521537719750368 0.030497738589763627 0.05070289947653868 0.08430277595093019 0.05336857949049201 0.02554424269638931 0.015030443571729812
 0.024271947125288306 0.04123300155496744 0.05344938674914954 0.08541309253179177 0.01776656966319251 0.01688380858066659 0.012621362328291212 0.048419709719062905 0.05096021960795392 0.043261711202421435 0.033668987946481176 0.05600771733814809 0.08201965845160576 0.023598252794607304 0.06181039971933095 0.03333035986634616 0.06754205684033944 10000.0 0.020000420961211803 0.027795912946081306 0.037540174021954746 0.054863265365015186 0.07463162341613404 0.03781128021140526 0.07404412431446925 0.02708051836514351 0.049937074409222564 0.04613096042780022 0.09036055530798018 0.09357847327473356 0.0418563264788532 0.049575128829560756 0.038462768248238355 0.015022578719924688 0.026235252868557622 0.052642563630363716 0.07647930957526519 0.05316227219484822 0.08184175256267522 0.09150220432917858 0.09214113164777218 0.04467892590577798 0.04248388800900876 0.07053958826665303 0.07563864227855996 0.045487726495705455 0.07132831539245447 0.04302707233260104 0.02329091831356719 0.029783872497011556 0.05541170528225278 0.07113262173809168 0.036831458803130074 0.02235769835848854 0.04181937996567124 0.012234761609897797 0.03613346441226762 0.02606826727764897 0.09488751294721334 0.00962669708236678 0.02078055795480303 0.08181000770901382 0.02464485253437372 0.03574946423478283 0.0385188935003704 0.09779822781286894 0.03854568883963201 0.05989715133832072 0.014016273119356722 0.012512483431498028 0.03143368344686843 0.06367248814214727 0.03778917472886607 0.08998898610724697 0.06126135837602978 0.09003775421904069 0.05017580452027201 0.0887902502613208 0.05164797566805982 0.04438975940067869 0.039551892715367916 0.039531094857248435 0.035945909323800214 0.010034931300489118 0.09426637419748447 0.05385566111124208 0.09896804797540844 0.0317201494270544 0.05101308694362336 0.07503628629893498 0.01364106636922694 0.037799758845010495 0.09695633010379391 0.044238523922359024 0.031261509467541554 0.058129313828172255 0.10173307532251694 0.041476465018807994 0.05170086472942432 0.013150250804847826 0.08948298126022416 0.027909669069048366 0.03815568591678236 0.015430148237311406 0.05862755755946823 0.07755040350253643
