NAME :TPP_input_28_5_1
NUM_VERTICES
136
NUM_CLUSTERS
28
Full Matrix
 10000.0 0.04724777177121126 0.048521308223083454 0.04431810523706667 0.03391512093296596 0.02792290599055858 0.023463313315361896 0.016909930722149476 0.019016832088536103 0.01783060909117536 0.044596304965903805 0.05341308016567818 0.04648156086648145 0.05988384814685353 0.034486563187666304 0.05373229479798748 0.029262048454488508 0.046938790084228216 0.045233608461109964 0.04886782871730179 0.040177151363734946 0.0239375144737178 0.05154769325211054 0.04808965433720658 0.024737847516939113 0.038996643231998626 0.04364290514254518 0.04234590823575178 0.0330726319087119 0.04924538025828254 0.005638844289298719 0.029091977591379135 0.046579262351495135 0.058158886494167346 0.06585265453452448 0.04764332616752982 0.024919366494298545 0.02104074991455906 0.04256146966451293 0.053640336800051265 0.013737482205313237 0.012014064132642695 0.05173434056332474 0.0414511208874743 0.024092195424872034 0.05060085615398424 0.01928204917467998 0.06702479847185894 0.03549175185821704 0.04090265785022278 0.03639034703925314 0.06259455933789564 0.046448491008298294 0.04216723474781741 0.053294452836258624 0.04004831275206749 0.03747389508225011 0.01531000253012894 0.04684939400198626 0.057424598860449365 0.046598784265336445 0.03293202477369177 0.060025164941788306 0.04824766349200988 0.02977068880958364 0.019753160757446656 0.04985807524971367 0.02502868244727407 0.0398178823648054 0.04930949571591459 0.024995072239227836 0.042518186308188016 0.04133239791076617 0.03626105814619397 0.040025834838724905 0.03728597066918254 0.04402234645642039 0.05581165177228869 0.03945377188972555 0.04168136996882469 0.06002727457973286 0.027352102492397154 0.019787004569257045 0.0354145918448485 0.03663368744878611 0.03926980777081604 0.023880607563121038 0.05480789195769367 0.03863789085345959 0.041976116411605036 0.021095429199751086 0.019716986528332685 0.040905056028474475 0.012736163796077908 0.01540031352709898 0.029599671247100768 0.02931370644019169 0.05098580826673484 0.02590874378727574 0.05488548990057731 0.04429292383592253 0.012117266961673777 0.03308753807754427 0.018325159418573114 0.03195192811716769 0.03490968922573177 0.06116797971033577 0.038495786782857366 0.052585217005835565 0.05717451058452383 0.05180160534948768 0.03208025557649167 0.03742008284268004 0.033671696840837345 0.027201717938661534 0.04167712360452999 0.019798708787492805 0.05281757893714892 0.058112242785504704 0.022732284889075333 0.04959852692230694 0.030787311294993625 0.038134584472360206 0.015394760848600204 0.03171193544101105 0.022397670120074174 0.01793270448264898 0.03438578091740285 0.0470107286538759 0.034632474570912584 0.03153605729052264 0.028422900334719562 0.048965558328537044 0.0036056575712361837 0.040555622389879496 0.04300114824251902
 0.04724777177121126 10000.0 0.005932810317188504 0.08376605333465863 0.0755839249174963 0.0535839112445482 0.05691551025425324 0.0448634230034586 0.045439631540941335 0.06472540342171326 0.0720279136538827 0.05487447604821553 0.04985505131400279 0.1067724442603476 0.07977812642975565 0.013575044506239408 0.021799068068499478 0.09045304143560479 0.02850646971334915 0.09489921352250415 0.07812691038832738 0.0671433948055998 0.09847441040796584 0.07739604842256632 0.05440328282050478 0.07000635358768335 0.089254796938503 0.06561976210490926 0.06490443144429597 0.027807575120874534 0.04164110944995734 0.0758490599877402 0.09382684948621939 0.10438774060145162 0.11271889664969019 0.08626184379374831 0.07202641585287482 0.05405484129935376 0.028225232022591806 0.10072968283745111 0.05610552275110472 0.05902177154418243 0.0989463161347359 0.08799278018848473 0.05334868980590867 0.005199924918896514 0.06519524662144799 0.07588363622655872 0.030536483031952912 0.05854999531027839 0.08046001770404115 0.01826286770077318 0.09193252531954275 0.06388402396934241 0.1002668120894031 0.030633229661413006 0.08381114185392415 0.05441991331029296 0.022272793607013598 0.06447437555028422 0.03601707484639657 0.056464695316498774 0.07838306913379321 0.08897317917892923 0.07699421073556734 0.029455905486050028 0.05779099100242283 0.06942143111589107 0.028558400299507628 0.007496869304979613 0.06200875351490403 0.08912562281657221 0.08138335703651248 0.03803443444372974 0.07006551404870935 0.08130203703325661 0.0843041554849503 0.10076480168303724 0.05254650338706868 0.08842124693781037 0.10720694561958921 0.06662129938970432 0.04545286708225561 0.05175102841584907 0.08387613762807526 0.06905766676050594 0.027099430576082252 0.10166001321190878 0.021098624016057596 0.0860107518465678 0.03480262592932294 0.06691806763109111 0.06839551234496807 0.05993743684947523 0.061559613453472994 0.07338662315322074 0.06281726905473307 0.09813001698785898 0.06986211558459224 0.015039639167622864 0.08774324529545297 0.041825712639216917 0.08032530684608567 0.0294529658014312 0.03409914835698797 0.08215496944030046 0.10813411729309806 0.05860996404079981 0.08190303718253514 0.06842382144460508 0.04183899344996064 0.07501577679403124 0.06906271835565693 0.07235335920314202 0.02658926639796623 0.041816005342034265 0.04379983563171064 0.0967486477459555 0.011647058799318195 0.044384375377833914 0.08983015496833642 0.029276386197081162 0.029941656459845357 0.06180763509988787 0.07407729301942227 0.06659520896820179 0.051650111365598585 0.03325955186846056 0.012766988786528715 0.01479954670068188 0.015776234843703926 0.05079526086466096 0.09611575995359943 0.04898400074986218 0.05851679768138619 0.06327031337913915
 0.048521308223083454 0.005932810317188504 10000.0 0.08704928831960863 0.07844180098971276 0.05161008180884734 0.06032720332736622 0.048092749325006644 0.048882318192316754 0.06553460472016329 0.06942573971670064 0.05021984277101711 0.045602566611349565 0.1073103645961505 0.07981262134017834 0.007892543211431222 0.020840187541127535 0.0898994139849415 0.023598370421015084 0.09504539919743883 0.07675252902943445 0.06692227060079771 0.10004866555079168 0.08169865243391528 0.052861005325174085 0.06790256822409522 0.08929098823410989 0.07020366154074176 0.06308725056941458 0.022401267788300303 0.042883840472894695 0.07749818327773446 0.09493760307823382 0.10456155379343933 0.11321996416356622 0.08483566541067351 0.07343980498580564 0.052952280438057726 0.033910347987285795 0.10146841483462016 0.05612915927568538 0.05996452259506862 0.09987276119226698 0.0884122625363692 0.05182953874984021 0.010225583897982544 0.06709133595289453 0.0713092054878131 0.027126486854555897 0.06337672862708495 0.08016615701184825 0.02180540196707985 0.09190288438158437 0.06091202639530171 0.10089529825628461 0.03613847981829735 0.08567395534961712 0.05407824282344493 0.02818175823184347 0.060008032475103855 0.0417847383451599 0.05405559297564674 0.0746274402787552 0.08786684868211671 0.07801728039655088 0.03216226498060205 0.0631970899577679 0.06939232744109754 0.02445086322118091 0.0015960435915912533 0.06099269188986984 0.08957136027439631 0.08455480377691191 0.03452433685863415 0.0678392334387468 0.08098340777393258 0.083191039307354 0.10049654650777196 0.05751265401373734 0.08894480080658909 0.10804989741068305 0.06575662889578797 0.04897423333685222 0.05645602764418703 0.08493925678308396 0.06683372839145596 0.026536451241686104 0.10219050421196425 0.01744803242627607 0.0885362626008041 0.038369849617302346 0.06794970827939936 0.06591719587770464 0.06101956163814235 0.06213868344088287 0.07314586661955312 0.06130006274418501 0.09894364569530979 0.07225119827563084 0.020322129076298698 0.0872072013583451 0.04171913383812924 0.08153089354727938 0.03157263171990315 0.031206300622421693 0.08331838174967433 0.10872998209196176 0.05569314512469022 0.07927517500285204 0.06422909799281035 0.03671154949334221 0.0776558828800968 0.07300059355418331 0.07558275135880888 0.030587998342741753 0.047232075850488005 0.04256447045078205 0.09623116038196126 0.00983455945738987 0.04821962432847879 0.088622167509369 0.026770674663546594 0.03531514715942175 0.06352464395608262 0.07353581253760534 0.06889261263693372 0.0508150253487369 0.029993871159572052 0.018699796399019468 0.014186173990235088 0.017301220806191196 0.05496772312230639 0.09747515525161947 0.049866753971231755 0.06332035407708794 0.060162964000016375
 0.04431810523706667 0.08376605333465863 0.08704928831960863 10000.0 0.010804411243082908 0.06826209874104544 0.026866509109294254 0.03896581006142724 0.03833102084678366 0.03895161197315962 0.07865318946997682 0.0965291306093478 0.08984960677622691 0.051657583374150856 0.047592581480101766 0.09378841016724854 0.07139744573188336 0.058716954335120315 0.08907385843527257 0.050840993455396076 0.06533844316885945 0.04993798507691094 0.032270760939706086 0.019401413883953507 0.06420340944673082 0.07202670374017557 0.05011382847853312 0.02850121330958535 0.06764586933689792 0.09284301652660212 0.04866000008764637 0.026072531425291097 0.036622854629290845 0.055339415189544425 0.05603350213822414 0.06886503738107842 0.0299418724211419 0.06015691127683359 0.06466304674259699 0.04531686208676017 0.04939191705951556 0.03980187461402599 0.04170527681063988 0.04434909932801718 0.06404622841036832 0.08523933430973227 0.027468567310455872 0.10680401697838937 0.07964504862210951 0.035763934911474865 0.05203860225872451 0.09387821064899356 0.05204962999288251 0.08037395466503783 0.04662814682456657 0.060916157811767006 0.022659407998327195 0.05318469355821962 0.07232229039865307 0.0988391685251617 0.06272175807192014 0.07270361146860778 0.09643352373364579 0.06566402749557698 0.034295227265935625 0.054971076383945106 0.046869162100825916 0.047637555259301016 0.0837774825562007 0.0882451159963741 0.05875662422421176 0.04434817989033331 0.003086102266078634 0.0805170086955622 0.07349661707469778 0.052559158184396736 0.06395085280300727 0.059569672034603935 0.041048822087259476 0.043023614885906 0.04770257527020068 0.05719402323923004 0.038348476173708575 0.03843405741844713 0.03427045750078601 0.07319121810342169 0.0668334066033584 0.048769137259046025 0.08149189642264341 0.012791372850584163 0.04897701960903692 0.035855254779502896 0.07599730029651439 0.03807652015695958 0.0423335899132935 0.05027991566566842 0.06411532461827542 0.04289147587901013 0.019626443327946084 0.08508331214490637 0.05743428452172512 0.056319002184183294 0.031864356576727745 0.05610861058727131 0.07626379378386038 0.03260645623544405 0.05170682384221253 0.07834078085351104 0.08296818448260426 0.09722944659466111 0.0961044850194988 0.013583882138769729 0.018012288276028826 0.011477660806868547 0.05738197483528069 0.053372830054763516 0.06327231158513365 0.06102878724633767 0.09541270103660925 0.03981163090131232 0.06741139909828688 0.0747915165537837 0.059995691851960235 0.031199534070590958 0.054051980483862706 0.022758641589896832 0.058190567799869836 0.07867840423562475 0.07778644172518064 0.07500040545888473 0.07011466360639296 0.03503908361473423 0.03408914584516603 0.045721776802402886 0.03544342728469408 0.08172947581995589
 0.03391512093296596 0.0755839249174963 0.07844180098971276 0.010804411243082908 10000.0 0.05746126511699222 0.019832606860296576 0.030872343356364344 0.030689733380761534 0.028371673663387248 0.06823243943637136 0.08575106901119987 0.0790949058543694 0.047757468006491506 0.03864348347073412 0.08486100934902104 0.061771421148063554 0.05068012259943627 0.07898136704367413 0.04429498194699336 0.05559260991308061 0.039599430951118966 0.03020300403941331 0.024197108669348964 0.053408586256257225 0.06162329413618116 0.04255151396172965 0.028810605654275817 0.057080159600110175 0.0828586792328392 0.03853633181934053 0.016943594630111632 0.03184187294294766 0.05023673346068928 0.052842325086248455 0.05972284857815636 0.02001825746112952 0.04935872192550656 0.05905241433656512 0.040969813390765636 0.038596166061993474 0.02900308398451812 0.0375286330471975 0.03704574868030757 0.053244955904319095 0.07750350986536925 0.016672815951522316 0.09608026261487299 0.0693815227380142 0.034384845742654414 0.04300038648678499 0.08704039872008207 0.04480332536339334 0.06967495737501098 0.0419237345924445 0.05538245424977553 0.016680105031465844 0.042382853113867115 0.06628497299103712 0.08804215683511651 0.05835519757834754 0.061919731242776124 0.08592529766577323 0.05698321675826911 0.025328748075451702 0.046292264483664754 0.04621084708798394 0.03748648837795612 0.07362286085259079 0.07955183777225808 0.048129997824785324 0.03728464253675434 0.007718464546730643 0.06996785043364825 0.06307386292933831 0.04360839777341032 0.05483693496715687 0.05316504641151379 0.038436034756190125 0.03593744985340794 0.04473194473353066 0.04678799314563532 0.030879644065083943 0.03501585815759178 0.02691894916282292 0.06272951142005517 0.056963134354113404 0.04406233801575239 0.07173133890095718 0.011486998994674218 0.04116983793072253 0.02539541541728269 0.06547255959970098 0.027280204540163354 0.031626710451345554 0.04047519070751856 0.0534980551892644 0.038257016312616146 0.008831827633054097 0.07833990549313566 0.04909573315500771 0.045793096562154925 0.023759868950934314 0.047043390747994455 0.06584701522481816 0.024934302649199096 0.0481596334106519 0.06756579437608268 0.07294930855443284 0.0864777909896044 0.08559053351090744 0.003247013728540667 0.0175241057766571 0.006292881631587489 0.04973871494540666 0.04943284722688131 0.05257812642614179 0.0537740573626577 0.08718286931383196 0.032972914904729686 0.05872857663899347 0.0646035908351973 0.05419377357466515 0.020398851640685764 0.04424264993472478 0.01197682778127918 0.047387471449836585 0.06829599604449416 0.07075599098662547 0.06583015112851426 0.06126439625385344 0.02990429360733708 0.030617757446717506 0.035107888075849136 0.034002039864124 0.0710083976880143
 0.02792290599055858 0.0535839112445482 0.05161008180884734 0.06826209874104544 0.05746126511699222 10000.0 0.05123513870318257 0.04409363950369942 0.0462396072119999 0.03031508683591212 0.01945198716076084 0.029183976694433185 0.02334794947647912 0.06319316134308174 0.035153019831432104 0.05298056450644116 0.03194434310282585 0.04122563014675903 0.03521512304627855 0.04952281495958442 0.025759841135574495 0.02297245479279279 0.06364373705628075 0.07536862369846037 0.004175493118137565 0.01643511968916595 0.04360811377175593 0.07026645415699594 0.011526150905134092 0.03962183330459224 0.027627363095310338 0.04567216060882867 0.055663584552723154 0.0585915292666384 0.06856247618596135 0.03360860925192372 0.040697991806750905 0.008118055699297255 0.062363487890776025 0.058996055257096475 0.018882579769937385 0.028460958754041706 0.05877766344923999 0.045152047726112025 0.0042172527654518056 0.058472341757655165 0.040794851640994625 0.03933926309556508 0.02607024893811 0.06856525545294961 0.033488794014347255 0.07174349496534785 0.045646558511551596 0.014451914992573185 0.05777387377231192 0.06106197162118982 0.053845537199260836 0.015079465688065561 0.06365587575579003 0.030591204193838373 0.06851898760307272 0.005022428409386038 0.032403973107428714 0.03731206922708302 0.04085421009138532 0.03859883195498559 0.07668630020033627 0.026215948176217585 0.03052890511699158 0.05153952262413235 0.013020081145957941 0.046351232286851236 0.06517636614180294 0.02075362888657986 0.01660038179248447 0.03408470335722327 0.03273572687004015 0.05258160393924163 0.06647405410111565 0.04630484656221947 0.0657367229559373 0.01772842561522547 0.04697658179761169 0.06264855820052508 0.04673829172321459 0.015599654510175604 0.027424506065088367 0.05837177161573112 0.034967894382579044 0.06205805507863303 0.04444690170356742 0.033719674534789336 0.015561284635314395 0.03018918681688826 0.026400696009892134 0.027732518759280032 0.01053138606086871 0.05718025531147819 0.048635992493052824 0.0663793671149214 0.03875224814238488 0.01850175618123666 0.045079726797345517 0.03541527751456063 0.02119047309727176 0.04618514688586216 0.06486417696951347 0.010600736211203155 0.029078996885447933 0.029516955043823748 0.034054264352408964 0.054790229244802265 0.0647437866681467 0.059094155883075435 0.04653017503775244 0.06607617316815405 0.011266096911063443 0.04743262457954235 0.06103044505169672 0.049530198221018285 0.03779286496200306 0.02491518619677752 0.05909149215053823 0.037120314764537525 0.02622733077703209 0.04558821597081977 0.010347832976403907 0.023234111910757586 0.059651089302200415 0.03885885374742176 0.04019161467495991 0.05598797824538879 0.05973545901763282 0.02486381940260124 0.06823452332806185 0.015124503395331125
 0.023463313315361896 0.05691551025425324 0.06032720332736622 0.026866509109294254 0.019832606860296576 0.05123513870318257 10000.0 0.012309849008881291 0.011477495725724674 0.02984152014460282 0.06658673544235678 0.0764962729329604 0.06948966276602674 0.06338361518153805 0.046034807584510604 0.06724748717675857 0.04596723791304706 0.059370467367854604 0.06454992717624194 0.056507191538566114 0.05845858766756284 0.04090187926639235 0.04832853319196348 0.024933779236248895 0.04780476611223603 0.0604615284279328 0.052987581542735473 0.019371004548287024 0.05486396705585467 0.06795722083614147 0.02573839235632506 0.02853346287966147 0.04755663927473091 0.06426929759089922 0.06900092077527084 0.06463219668892707 0.027980520869332576 0.04389465211171073 0.03925309465383999 0.056470481455713865 0.03446228628039373 0.026538861384079137 0.0534388146700247 0.04855495733664041 0.04726289517524933 0.05839119838287639 0.019352994623418017 0.09046258815243441 0.05590238059882628 0.020209630413064592 0.04961125821279198 0.06739631950887748 0.055686907503908076 0.06524902806563422 0.05694967313321558 0.035607147056400716 0.0332769130122357 0.037349624777736234 0.04645377551000776 0.08086837991763805 0.03902628201443727 0.056206599639548674 0.08291169711602647 0.06352076888748007 0.03492831783602887 0.02847925969678986 0.03143122387183844 0.04024128846202877 0.05954090813431356 0.061565000321399554 0.04600899692938672 0.04921523540468901 0.024598242567874146 0.05827281195047631 0.061684460949454775 0.05042901207005092 0.06016575850313702 0.06503240830449612 0.021694742671876967 0.047972524311947 0.061424891549769114 0.04676273246563228 0.011482420862660141 0.017585552384015393 0.03971023452690318 0.06105992121547875 0.04208193034862834 0.058952794522747314 0.05619688940142784 0.031218275178354994 0.022115719888182717 0.028697239654405682 0.06312928877946103 0.025426137828363202 0.030828569065104297 0.04453280838213677 0.05101919320499582 0.053613798253200444 0.017830450681507893 0.05865187089550381 0.05714898284353451 0.03502084219867938 0.03573629579037254 0.03003017911791736 0.05332803166626065 0.03750614906903259 0.06414250080096022 0.06183490474552636 0.07353928588391069 0.08061256191644799 0.0732947727182708 0.020413493203002606 0.014402080392534348 0.015550195149347787 0.030524719146390312 0.030561463585048614 0.04308910985558226 0.06399922025586273 0.06856247352117606 0.013196193648873679 0.06515033445656573 0.05086227568508335 0.03437712169495856 0.019673110226432325 0.047836296036381384 0.016315498833022232 0.04101348661042709 0.055499159091054386 0.05117387845085779 0.04879818554158667 0.04362340289302379 0.010931721546299246 0.04769352939964889 0.02637143135215399 0.019806029596559763 0.06619616344003545
 0.016909930722149476 0.0448634230034586 0.048092749325006644 0.03896581006142724 0.030872343356364344 0.04409363950369942 0.012309849008881291 10000.0 0.0021468428883499404 0.030364117258147725 0.061456108410934566 0.06683029471302171 0.05978123536848703 0.0694234485841487 0.04778872378004671 0.05494923044204177 0.03395537264694569 0.06098937113637506 0.05281022392417377 0.06051161428185835 0.05649928114672216 0.03946235316083277 0.05676003975928477 0.036048223871577835 0.04127539335750707 0.055906415812019154 0.05607189235769516 0.027489192690637602 0.04997596592394325 0.056047389405670715 0.01660801835228155 0.03491506675779366 0.05429601979355846 0.06915093613381339 0.07528453278601963 0.06361245902167392 0.032657964183560435 0.03776808783430811 0.030398107073945857 0.06266163778340254 0.030366894587051513 0.02532372220483412 0.06003741622618293 0.052597782080242406 0.040533988687790755 0.046635645902681246 0.024063552260201546 0.08242564031214018 0.044627030609266594 0.02455021318694973 0.050583317284678374 0.05640280915140324 0.05889051423843683 0.05852048561838708 0.06279295467487006 0.0271165607339965 0.041518235503905224 0.032216979112617956 0.03666656916700041 0.07218331145755372 0.03234322982267967 0.049107416633539264 0.07646441890703569 0.06357309508394732 0.03923741861663684 0.016170378257709582 0.03295615121901083 0.03979339162458002 0.047973552103827546 0.049307186959546556 0.04184439586171882 0.05347089665057445 0.03652765478581373 0.04777073419953353 0.05692897565084095 0.051465326468234894 0.05963828733148306 0.06842744194545376 0.022570702073849466 0.05237786602243262 0.06832274949480627 0.04386081133952141 0.0028978286996248753 0.018602687785672364 0.0452388958553348 0.05616460049309331 0.030470563593320305 0.06462352257143708 0.044179824602989734 0.04173398499250269 0.010314554293725487 0.030606393022327393 0.05772780147956116 0.024961863350400626 0.029674294211354483 0.0444004041890626 0.046223260532424516 0.059823891497845276 0.02628389311689274 0.047809163246463504 0.05849378556975002 0.026193976279874222 0.041237950912154035 0.017846601896246397 0.042541542211560666 0.043133394336790476 0.07042306061760735 0.05447622260745948 0.06948957941035397 0.07263025650367877 0.06227881652828047 0.030651323734342553 0.026042212207764252 0.02751478257792793 0.018892917108975338 0.025830317024239408 0.03444183058332314 0.06636817994396076 0.0565010576469312 0.005901856220405154 0.0650518921709321 0.03956421017299139 0.02549454646868463 0.022194621540076932 0.04710095284904338 0.02350716236036899 0.03456067828348398 0.04453372169353161 0.040082873009966276 0.036512040018265156 0.03131457858434865 0.011971298616974001 0.05535394789122928 0.020483368187956697 0.024236611062178767 0.059207281620525826
 0.019016832088536103 0.045439631540941335 0.048882318192316754 0.03833102084678366 0.030689733380761534 0.0462396072119999 0.011477495725724674 0.0021468428883499404 10000.0 0.031999555209556226 0.06358281312389545 0.06883781113552474 0.06178942266384956 0.07047572994265154 0.04937835616128444 0.05588212617296538 0.03543411889282176 0.06262925629112266 0.054398000175785985 0.0618535392115789 0.05846011301136769 0.04134230697117926 0.05733709313685132 0.03447319942610463 0.043420350480311565 0.05801144843240731 0.05752507345556032 0.025548009949799503 0.05208868588594142 0.05755060281978217 0.018738172414283424 0.03578001463431552 0.05519320225056073 0.0703849109680388 0.0763055976233373 0.06551125225256886 0.033774072756803344 0.039905668465883413 0.029587839262119678 0.06367500980750358 0.03240732122555615 0.027096823254815196 0.06097482060435715 0.05391266648027103 0.042680231784949604 0.04698719345669464 0.025064619180204948 0.08454012093812482 0.0463843014310476 0.02242293770424417 0.05226841992656301 0.05637157017348135 0.06033553839688594 0.06066716694577595 0.0638641825405571 0.02618788240870813 0.04208180078873367 0.034316189436305024 0.036158282626288916 0.07426816658605073 0.03105613342997322 0.05125295812587275 0.07861124519094458 0.06537798727218093 0.04045611828513918 0.017296632998729352 0.03084130662852301 0.04158480142907981 0.04963462198747062 0.050137685881389046 0.043916955809377545 0.05475858655497056 0.03600098988223032 0.04968673032793418 0.05904191327571861 0.05314606018909322 0.06148931625448397 0.06986748537639287 0.020444015980269518 0.053640717043219814 0.06922451565538373 0.045863975777327454 0.0007741875430596285 0.016459679146291175 0.04630486134132763 0.0582817507874812 0.03215461273107365 0.06572660506801699 0.04563481709073344 0.041755563310457225 0.010647255422729133 0.032080647388005416 0.05985986408177001 0.026652568242429148 0.03147850926384012 0.046178532582138235 0.048329308350198365 0.060827400358448615 0.026680544711295134 0.04770482787815938 0.060158534870025364 0.028313166668250705 0.04228830152499954 0.019247641082161135 0.044415203538554916 0.044173730700270725 0.0714367005586372 0.05661757946173535 0.07158281212406312 0.07474957356203332 0.06407867029259177 0.030695332691971222 0.024674242786157548 0.02695275757772446 0.019126231782647055 0.0241734174458577 0.036556552053486374 0.06793221204300702 0.05708668833896893 0.0040073921453999415 0.06687301350672832 0.04132482767204131 0.02465691306865151 0.023475283747847246 0.04894345158773229 0.024092646516243196 0.03670200247271128 0.04636704310046638 0.04007312426994582 0.03768182438656518 0.0323338841877843 0.00985663660000418 0.05608376334410723 0.022578594596907364 0.022112769463615862 0.06135242919144083
 0.01783060909117536 0.06472540342171326 0.06553460472016329 0.03895161197315962 0.028371673663387248 0.03031508683591212 0.02984152014460282 0.030364117258147725 0.031999555209556226 10000.0 0.03991595909775677 0.059414900713389826 0.053224663282910714 0.04211320928044049 0.017449983577166123 0.07009004948081438 0.04532864348988088 0.030631630329005715 0.05846126853122969 0.031138009313644917 0.02892428081323727 0.011645901347006113 0.035756353676990225 0.04976517555829617 0.026142779799279172 0.0333347611844607 0.026133633298945226 0.04854958957592825 0.028711434009105256 0.06280929687945834 0.02323141809770574 0.015429614930362719 0.029549853782341973 0.0403555692432219 0.04807710612963289 0.03479626135895566 0.01043204870336875 0.022306253477356017 0.05940491542892854 0.03600582045351548 0.012075595820013163 0.005818245232948363 0.03433999395989834 0.02362635870045348 0.026213855792645673 0.0682784117216309 0.012393435745560327 0.06795511031351238 0.048247560649423774 0.05001437384248589 0.020299617295953934 0.08040680646634209 0.0289625207798283 0.04149457551753177 0.03556136807705019 0.056554454028132584 0.023846702606616896 0.015869802494908644 0.06429592550952032 0.060503660544247356 0.062471190942625716 0.03432034498791638 0.05755538750850915 0.03382229913757461 0.012654632610690183 0.037522936831883784 0.06085712841245896 0.010439065455797087 0.05298433196523018 0.06618348539636154 0.019810363562841986 0.024688062824069056 0.03591119908619831 0.046554776739009845 0.03476283944602475 0.021169408644065187 0.03033457864786179 0.03845250540737038 0.05064697076281711 0.023856662657838652 0.042527321378931796 0.01855494901660964 0.032714979050032664 0.04639774461713083 0.01955855258096638 0.03438683088096738 0.039605894384357666 0.037020310303465066 0.053617543203033954 0.031756582145006845 0.03767305740024916 0.0034123627194371934 0.03710185386839357 0.005498758277363971 0.00411487914137547 0.014701001773387132 0.025164419305456688 0.03342938065482928 0.01973754602193054 0.07271302591621912 0.02816287286525037 0.02474636466542992 0.01655932963395268 0.03614687699336459 0.04377115526657401 0.018172535181929513 0.04343540504804286 0.03981595795587966 0.04524774804630281 0.058488574798051134 0.06194348291646915 0.025380629765114238 0.03991770430278639 0.03147534204074962 0.0446730978312031 0.05616491219447296 0.028594270540868393 0.036045109931509826 0.0752733549899892 0.03599587248990021 0.03541282912442362 0.04433481541593192 0.05473413920374071 0.010305373501141088 0.018019356271006707 0.017470957656274808 0.021211991656228495 0.04634607039949134 0.06483203291548274 0.051403658297929894 0.04895021529218208 0.03906385671198655 0.032559887003847515 0.015741747350177 0.0496144044244609 0.042903018786206656
 0.044596304965903805 0.0720279136538827 0.06942573971670064 0.07865318946997682 0.06823243943637136 0.01945198716076084 0.06658673544235678 0.061456108410934566 0.06358281312389545 0.03991595909775677 10000.0 0.03261235852663033 0.03045502725613813 0.05926527190956327 0.03542410356085816 0.06963020905456278 0.05080500372158612 0.03462700870405545 0.049871116835463344 0.04580902638699798 0.01759940394405446 0.028726705872415593 0.06575844762237523 0.08914355892603187 0.02075669697050309 0.006632532643592312 0.04071581410098254 0.08595602002029565 0.011723288845702994 0.05385759227050449 0.04567720843793252 0.05329820162671079 0.056756955852516305 0.05322595719400287 0.06362769317666299 0.02211379461520672 0.04886367856832288 0.023782315625748073 0.08175337480960382 0.05703881706890162 0.03212457670762151 0.04076346790681434 0.058021080434658964 0.04455138749441036 0.021696775037253885 0.07705894472827321 0.05216793924500712 0.030657602803426477 0.04256451405230967 0.08537528323976862 0.03176047921991422 0.0902867044719165 0.041695941127711904 0.009564484177525595 0.055378148379033376 0.08035124751363433 0.06005689471986715 0.029446764134581926 0.08309875373424162 0.027581253191450727 0.08774986538613573 0.015642814804170433 0.01793762956371991 0.027473933975330597 0.04619090923368307 0.05782166922395947 0.09440401146574749 0.031231290313655118 0.04626884063184475 0.06914172007203816 0.0207046440986423 0.04556602513524033 0.07565911030694507 0.03565876428696347 0.0051588636698953715 0.03187512067826893 0.024170035084399206 0.04547740659491753 0.08402614701441811 0.04607932148198555 0.06319166500665704 0.02145998427457539 0.06434827017236154 0.08000935914948297 0.05009179719172774 0.005581119772650939 0.04666705813687769 0.055249314541615455 0.052141763011425445 0.06989473807021614 0.06318352310359052 0.042841274794819875 0.003911729961091992 0.04225297823599351 0.03711317838511696 0.02965885630521138 0.01556776338052341 0.05606429392354838 0.059653443847362465 0.08538403561752937 0.03300942787747938 0.0373297525091371 0.04998974263962793 0.054702912105703244 0.038223593553590784 0.05040821671306942 0.061012346072565414 0.014110540701556604 0.009875136156984113 0.023002533910933532 0.04390081228829873 0.06516817343381102 0.07885999448243826 0.07130003718887148 0.06584304679105293 0.08482197123452001 0.03069097955287246 0.03964741570225516 0.07840549606585366 0.06718177123603074 0.027052732681088498 0.04278837959548865 0.07837366557181322 0.04928819300037847 0.02623843990371441 0.05726493566011638 0.027064416433528006 0.03962828301149247 0.07887161102707682 0.05754516674561689 0.059389936645054056 0.0729886341859454 0.06140836461986565 0.041100859801469776 0.08501627497813959 0.011068104638051053
 0.05341308016567818 0.05487447604821553 0.05021984277101711 0.0965291306093478 0.08575106901119987 0.029183976694433185 0.0764962729329604 0.06683029471302171 0.06883781113552474 0.059414900713389826 0.03261235852663033 10000.0 0.00704907523485126 0.08985752850581731 0.06298201871918288 0.04709044222526358 0.039549393752745736 0.06594603474123589 0.026658413375327632 0.0760767360917307 0.04867891767376893 0.0517933474758143 0.09246880767342774 0.10137665381679231 0.033350489226146814 0.03602735284501128 0.07041845334090636 0.09428851080570577 0.03563564718744833 0.028851013512599836 0.05082776095595959 0.07481707201850915 0.08417435759884073 0.08440879912765875 0.09474603229349433 0.054526225629920426 0.06983078326518431 0.03710867082610127 0.07484432667692785 0.0865134876022352 0.0476521612123523 0.05702147988101105 0.08675252657461033 0.0729524964467549 0.03320809728967802 0.05999735344167929 0.06924089402933438 0.021101121986454217 0.02626754451997696 0.0908695480697238 0.06046494638038066 0.0719298472738181 0.07199311334631225 0.02361963889063516 0.08508821926183013 0.0749609234353311 0.08302845749141538 0.04377301928524757 0.07293744910238631 0.01010566816463387 0.08244721667837737 0.025946650921601394 0.027606667773566147 0.05966046448220803 0.06996464215388391 0.05552828095649433 0.09665225806004388 0.055016399767556894 0.026575346906456535 0.04928280690982751 0.04154049574108478 0.07410999282618143 0.0934518280427434 0.020048804231206245 0.03488397501913879 0.060875570354670956 0.05584710717315079 0.07721964394881703 0.08732450802683824 0.07426316765362985 0.09308749160113887 0.04559362504440041 0.06945909945791262 0.08413379559694144 0.07564197512749792 0.03424172865797289 0.03914359600351304 0.08536608702791185 0.03419529867662934 0.09107989320660552 0.06331545970940142 0.06282667961779936 0.031330460805390044 0.058757214466794515 0.05542617526498166 0.05579366140537891 0.037329358028308855 0.08500301719468971 0.07701227178437521 0.06987746195109093 0.06391166048090742 0.041492821871464 0.07418079041637939 0.05229408895409931 0.025641211198819132 0.0752163138340642 0.09158727677938884 0.021613954134187433 0.040056822458449826 0.015408108694207674 0.014751786656247289 0.08327400659256796 0.0907315747922149 0.0866541486441503 0.061583142059755014 0.08312849878796137 0.0336354125990051 0.07151681620062013 0.05686969967863446 0.07121020008578542 0.05943398494872259 0.03027674687238843 0.07322194197977078 0.0653753999753381 0.05350797624187646 0.0737758253244569 0.038534229469982514 0.024621994551941348 0.06560166571310257 0.043790537949570524 0.04848352632453398 0.07857662555349844 0.08843316425082308 0.05122831026871334 0.09060543408696031 0.021876479762990463
 0.04648156086648145 0.04985505131400279 0.045602566611349565 0.08984960677622691 0.0790949058543694 0.02334794947647912 0.06948966276602674 0.05978123536848703 0.06178942266384956 0.053224663282910714 0.03045502725613813 0.00704907523485126 10000.0 0.08548522048616117 0.058022414417486484 0.04337943368052259 0.03316344526008021 0.062125606785418626 0.022561855255144356 0.07169646299955179 0.04509824892144782 0.046277364029073925 0.08697941561450698 0.09438495463151729 0.027436589185742138 0.03268762544522064 0.06591254090920079 0.08724022843591255 0.031261031544226436 0.025596789350300693 0.04380123053676421 0.06865398723619452 0.07890500023225608 0.08033932143941379 0.09057738793549025 0.05160973220631468 0.06365671130578247 0.03099003105255586 0.06846713809096718 0.08176870087923553 0.04131019695205379 0.050538465638232215 0.08178798480232925 0.06804176289829976 0.027164669255917078 0.055037714372763946 0.06267063992859795 0.026325960063151473 0.020154210438009575 0.08383708826879642 0.05583567664248298 0.06740796511062687 0.06766949568922337 0.020935299393941866 0.08043059239973685 0.06843514579954317 0.07697951213000294 0.037437248700521175 0.06693419167386325 0.014808118605025454 0.07596294927507553 0.020850071577672127 0.029601909729076066 0.056456745024529034 0.06417661909706723 0.04862755563321075 0.08972158260036482 0.049520116505770595 0.021296690004793332 0.044818224942644876 0.0361410896849089 0.06922202793201705 0.0867789958251948 0.013379387081076749 0.031751162049389256 0.056317515407811304 0.0523674275622452 0.07351589299949675 0.08033607661418961 0.06928087865001627 0.0884326092466158 0.04049921031183515 0.062411578367182356 0.07711804995093628 0.07008133314390852 0.030973090598815697 0.03236371234274964 0.08084555395565436 0.028827591194902934 0.08474533757037837 0.05635683582763663 0.056634337586625866 0.028414731380033448 0.05226820509733303 0.04918148733612205 0.05069599694291477 0.03239995287801827 0.080111126777906 0.07039927676326463 0.06472104535829225 0.059932479103261514 0.034509134642840465 0.06840454871775876 0.04537265906459492 0.01891554317444787 0.06952972628952987 0.08719624007100556 0.017580048392736594 0.03901447290875457 0.01862674572763068 0.013518515613311443 0.07668124235204764 0.0837478426146089 0.07984210516763435 0.054856172517973985 0.07636140968517148 0.026749702394995738 0.06794609018371003 0.05300612725124686 0.06417490216521453 0.05642057322572997 0.0237482964872886 0.06666197075987733 0.05876295999060864 0.04870987123901989 0.06711928763645314 0.03213147490729594 0.018174830170592734 0.05998985683675186 0.03788386091489624 0.04225326940690081 0.07153199554667804 0.08304077273795198 0.04438534448990725 0.08357128535476264 0.01938841399870391
 0.05988384814685353 0.1067724442603476 0.1073103645961505 0.051657583374150856 0.047757468006491506 0.06319316134308174 0.06338361518153805 0.0694234485841487 0.07047572994265154 0.04211320928044049 0.05926527190956327 0.08985752850581731 0.08548522048616117 10000.0 0.028368163623832432 0.11133299379663904 0.08672778178840626 0.0247272465010598 0.09718291919648235 0.013793398810873703 0.04174662911343718 0.041475003806122866 0.01988620056618811 0.07063025864003442 0.059730925483674736 0.05424881487496013 0.019608990786587472 0.07654736760245086 0.054294009484347476 0.10165586015993756 0.06534214894497806 0.034946733069406176 0.01601351087935264 0.006990470300214194 0.005969679775043592 0.038364038950947726 0.03677785390668714 0.05752834350215595 0.0997557655904967 0.006919771112966829 0.05140319133635901 0.04789606789879507 0.01022905652417065 0.018947815291170112 0.06042405297228824 0.11038872781135031 0.04541120577978304 0.08935155028426216 0.08714740100897037 0.08157303943450914 0.02973521150399859 0.12247381556353769 0.017864493078779627 0.06668177982652154 0.00665606777672497 0.09653767339322994 0.031138738534972007 0.05402694024998367 0.10544931041836843 0.08664583346225915 0.10144470334236283 0.06468542291311528 0.0749965423867203 0.03279858454390667 0.030491291152401692 0.07938934344577774 0.09345022094987816 0.03854891513732024 0.09193998466994917 0.10785929452278378 0.05028991094837965 0.017766552548456077 0.0503143030948984 0.08344883307163459 0.05558450015922777 0.029198028535164133 0.03520000225523859 0.015496048026956373 0.08469725053360212 0.018368354778914724 0.0055872283560479494 0.04546708623939524 0.07103930158620389 0.08078900817739523 0.024184557713104633 0.056042031519627854 0.08095863937867032 0.0051198781433136045 0.09405345338534066 0.03894743305782346 0.07839160081973554 0.04026801075521228 0.05920579692149758 0.04718579701517 0.0452256087752378 0.035738211031940935 0.05318606400357374 0.009770639649705874 0.045673351492703254 0.11465301839327782 0.026268251810959316 0.06573617963019786 0.028190745298533704 0.07820482820851743 0.08226298849360002 0.02630216751553938 0.0017471999314797352 0.06827935223652026 0.05693519210842906 0.08226767258616675 0.09720900872703635 0.04529710150060074 0.06528157365487576 0.054030828990012464 0.08608718723608506 0.09368301815327566 0.067081969551935 0.0209352074873555 0.11711136915871473 0.07411885116772571 0.03387455439094794 0.08410610252238197 0.09488563045873928 0.047398271148451354 0.03697686684785424 0.04715242343328858 0.05842483713976483 0.08472732594582527 0.10674466885357728 0.09312595475808538 0.09099933260376965 0.07429599686778957 0.01757679431579352 0.05782030122843436 0.08117357661912153 0.06846507069250238
