NAME :TPP_input_30_5_2
NUM_VERTICES
146
NUM_CLUSTERS
30
Full Matrix
 10000.0 0.09697096124753586 0.019853680438795703 0.016262898609504455 0.10009427394999236 0.10317056584159558 0.09032728579930795 0.10506197062310038 0.06876332596399447 0.08085647170019146 0.09033353478115479 0.08445440191118807 0.015073489374712416 0.027528408518420207 0.07566660276131945 0.07878762644910031 0.07409302410828751 0.058843502817223295 0.08534329577237179 0.0865746651250625 0.07409590275958101 0.062321556818801735 0.08138731674175775 0.07954582343190102 0.06102963139832972 0.09877219477747819 0.0791659165050147 0.05750439515606089 0.04693358116838315 0.0387378496055875 0.08028129944540614 0.09845124093315777 0.07703156137395689 0.09460730421920237 0.07631968034134752 0.04899998162790293 0.0854956682403911 0.0972037836460417 0.07893073058545479 0.08919118637818449 0.014594419198301692 0.048797437154870615 0.061408405516457994 0.05687851361493723 0.06310842910577323 0.09710539859997912 0.0702291164854094 0.04357776942116006 0.1104744074090293 0.08297627785215253 0.019981117798200727 0.030536886783454145 0.0554756175460418 0.0407526278660962 0.037852004615897904 0.06049938960139369 0.047190520011939796 0.038775289359200306 0.07045447704129823 0.10809209263583873 0.10422502431369683 0.11095311016836643 0.06555378842437191 0.03971357789214631 0.02651218223640416 0.0578809393607516 0.10065219965439157 0.1102333851397828 0.06420464646830283 0.0876314794722381 0.0946962256386004 0.0918963107494939 0.04082933936864013 0.04911128878067928 0.09520334121570169 0.07445094109093409 0.033365346131865106 0.06492678148308823 0.056805748010960555 0.05744219622378868 0.04797805471863495 0.10377303922444261 0.06717375040533999 0.07818833981227595 0.07646447302083471 0.06395289251720523 0.0632410146625449 0.05905973558991424 0.05252802321728477 0.043123635255448024 0.06561568848100975 0.10798305084403363 0.11080838610664911 0.04463427046471727 0.0604813610125064 0.03638973114560348 0.09848655214426483 0.10980853656833629 0.06868239199321288 0.049224265772782196 0.05167860063570645 0.05731277510718946 0.0194729363370933 0.08647860059161973 0.08841447776923629 0.07473173300163818 0.1021921408718306 0.07725373620326574 0.070903732054807 0.05726298505301454 0.0760919120280547 0.07182258726708199 0.06387314718824984 0.048414836641263274 0.023646845099334686 0.053258500038367 0.07357022131807532 0.1006434210690156 0.09351764468218468 0.1098064264342298 0.08838270327359854 0.02796513260653991 0.10154680511664682 0.09591095369540684 0.09100912996445498 0.08921265129614449 0.05524451217785918 0.07275453845083202 0.07613729571568868 0.05485994362179123 0.07876016731953152 0.06040740382547678 0.06206611829264141 0.003171476364116502 0.0948391833706962 0.04818616558112959 0.0700226230515336 0.03956399274858433 0.033057321648312814 0.050546127552512324 0.06774078068473258 0.07964948990051293 0.06255748456544874 0.08459587276933483 0.055137833834484076 0.06674817391015864
 0.09697096124753586 10000.0 0.10545616948227715 0.0994430413211864 0.0996094622490066 0.014674407063263246 0.010923887774769294 0.03300747193588975 0.061140490583772494 0.04143609062691936 0.03265222084754707 0.0653995134472026 0.10761150565203834 0.07770929723188681 0.021389441513932225 0.07975428684088894 0.05063416305575976 0.03966968470170561 0.042814105610822474 0.07605974937902732 0.022902649296906098 0.07544680672023639 0.08870331673316356 0.01815490510093697 0.051094167044866176 0.023002307111580963 0.07839944843002564 0.059447495317035234 0.056485037499681326 0.059188425035730435 0.08793450167522322 0.05531082859725471 0.07585508669334003 0.07031532332374481 0.03200723269334472 0.09254401547966234 0.058215511736653555 0.041295821078402704 0.031197575477948422 0.012273261968253004 0.09340681309147408 0.07829308276148493 0.03912509800101839 0.07511584105026717 0.034639194989994716 0.018474001064672188 0.051830100588231856 0.05343397606748483 0.01674181393643309 0.029592846776419292 0.08975616375494613 0.07972882091306098 0.041580031741836034 0.060012710637419336 0.05930424155033786 0.03774533994399621 0.06448635925631857 0.062489814434616424 0.03489418724381009 0.03038811177144977 0.014836778192570435 0.025517554737614804 0.03494727323898525 0.10488513880323481 0.07150388422464306 0.03922796123673594 0.04276923652460731 0.030583412807035682 0.03966983769814272 0.05224756014543882 0.07615336916747585 0.09224995162391922 0.057266728120990915 0.10141438047924353 0.027466528788306927 0.0397892925600769 0.06573345045956672 0.06178419415319793 0.050648613943449286 0.051977863998687826 0.0970223763287786 0.01599404003118435 0.05362005322611008 0.08322283171608476 0.08006090404753108 0.08316498831556794 0.08272739211864377 0.08509370508657792 0.08137654419695718 0.0760780331415153 0.03679447163099479 0.018998359963041996 0.03421596102545001 0.053036475288253095 0.0460855986402041 0.06825434675548173 0.03557895227644472 0.02140144281031283 0.03960587930741965 0.05040677772126191 0.04535904784748581 0.04642708917282368 0.07783302005503138 0.05360176948604869 0.019735758819627382 0.0916584571582687 0.027619712321097157 0.05793508893925838 0.03271175130763483 0.061412780589547925 0.05530902263574096 0.09270198055209943 0.04612126209865739 0.10199413135103606 0.08287645954364259 0.07082816457328653 0.02391395698595497 0.04279213448939067 0.010190448059662273 0.01926023716440763 0.0961474860268899 0.07780916841040449 0.027025439765715937 0.028971632369040955 0.018781486969367843 0.007765450342334783 0.06771689917068334 0.08588586961079873 0.03016778935858796 0.04239523810354762 0.07484538862362439 0.04686415037151438 0.04506315682792463 0.09725180962805906 0.08773535338852045 0.06466878382782866 0.051428242194042 0.0898319285240033 0.06904289686423995 0.052026743748632726 0.0369670664246095 0.01773741095224563 0.060729515862921635 0.013300870589174217 0.042304892579612285 0.0357997733317295
 0.019853680438795703 0.10545616948227715 10000.0 0.0061783318299299325 0.08846885103332168 0.10919495900741125 0.09730857221771232 0.10755325284125944 0.06517209809699837 0.08163134205169717 0.0926367967826731 0.07937792925744351 0.008085035901829426 0.04576411446255846 0.0849401301341928 0.07010162051145492 0.07302400534679938 0.06583353811412324 0.08555111111470108 0.07906676592784916 0.08325971649071662 0.054816919102179416 0.07067049935228793 0.08931709967003 0.07682990106810689 0.10297630358142434 0.07082574136637206 0.07460124833399714 0.06209711966223078 0.046550136725087184 0.06968295340590759 0.09603573951141058 0.06927393161669793 0.08877231307645694 0.08954954931509063 0.03613200657080389 0.08212006677546461 0.09768820389454036 0.09221196075618461 0.09949474689809332 0.012385719242492235 0.04140356004503674 0.06710610431727845 0.04981856514224997 0.07384836491108415 0.10217007216823733 0.06920341867551066 0.05421997897584925 0.11707347019833521 0.08645241973066879 0.015849588980528545 0.027628612318993915 0.06559839372541515 0.05550330213338752 0.04950809624456227 0.07182744398217081 0.0461598826945068 0.0431622914813411 0.08365087817907314 0.11133001760005386 0.11031055481205143 0.11549941354734404 0.07143231605894818 0.022114805630611318 0.03482379421784111 0.066625151032777 0.10094709998315433 0.11362552314352199 0.06845317804240497 0.08563618694786533 0.08759037375895441 0.08110257589912276 0.05368121755983792 0.033261254714858676 0.09849862196234684 0.07632755855896979 0.04798328325340339 0.06147820468047624 0.05888972885573784 0.05877104461511905 0.03351799308876422 0.10957941901675029 0.06598294358864884 0.06862673464794909 0.06763060992883868 0.05408472950508618 0.05350268619163925 0.04862350329472872 0.043584063235312685 0.037730285685364816 0.0705889587122209 0.11359569796291945 0.11350343198508539 0.05663163750451167 0.07507789368745867 0.03811658734339704 0.10017731161318175 0.1151217120998813 0.0716763759036137 0.062425746029239546 0.06194072662126296 0.07143518579132592 0.030254768875042987 0.0841750851728111 0.09362387296490102 0.06293118433437163 0.10560234425575885 0.07407334679077361 0.07573696600890244 0.05500850671873186 0.0736427642869954 0.059605314590785045 0.07889665294740605 0.032343325229023716 0.022808478991879003 0.07182279657050222 0.08348119130039836 0.1009332568993795 0.10029434489892938 0.1156172369547739 0.07647818033052377 0.046287992199883214 0.10504651542717562 0.09890196673401352 0.09620882333999178 0.09789048564285673 0.05101034301046526 0.06231599438343605 0.08894803061957152 0.06548434005686118 0.07128939769308247 0.06293187001613933 0.0766294317676445 0.01682698589203766 0.08523659606210592 0.06563219834635473 0.06913742583243646 0.028240901244549775 0.049430283594683155 0.0649876708558912 0.08105473941554117 0.08918108143766842 0.05971611418433347 0.0941980319662822 0.06603835434878991 0.07172982282016457
 0.016262898609504455 0.0994430413211864 0.0061783318299299325 10000.0 0.08696469162040818 0.10342934501071196 0.09141821671344827 0.10228838419330517 0.06096807108195114 0.07658351142142855 0.08736180250901283 0.0756558873569477 0.010215291481407875 0.040476118536823695 0.07884793318142022 0.06742403723854357 0.06829635934338237 0.05986365630703175 0.08062838932796709 0.07605705754982975 0.07717165023117596 0.05162130781705332 0.06872951418980823 0.08320298913214225 0.07085959412853805 0.09743551062853795 0.06803674154632175 0.06884417459868078 0.05609334049668977 0.040443946519663765 0.0676908243949315 0.09171639651468545 0.06628427835321955 0.08530819871346852 0.08338390616415269 0.034770314867592 0.07797075764849985 0.09275687063497885 0.08604655206449027 0.09336390321218292 0.006207564800791779 0.037981265766574186 0.06126607883602383 0.04642255324004299 0.06768391726051423 0.0965102308015133 0.06444225331016182 0.04804365966489906 0.11125391871231301 0.08097185079095089 0.010272444226891334 0.022581508552612494 0.05944321914518156 0.0494822619893163 0.043337925839753724 0.06565170036904863 0.041170801063006454 0.03730093081124561 0.07748712630562911 0.10595250397495577 0.10453958316983764 0.10993526225944081 0.06558994787234855 0.023513323076911983 0.028651781662938802 0.060532145601576014 0.09606288786476962 0.10822859653494347 0.06279159908260107 0.08117755768580881 0.08449716170011488 0.07924378999824873 0.04753898087796479 0.033490874953025704 0.09308164503555474 0.07105958210600453 0.041987083107119294 0.0572076255753958 0.053480742502085114 0.053484889558680825 0.03293312211750781 0.10384046045657476 0.061233731185228436 0.06624478202251638 0.06498686201645007 0.05169630212644503 0.05106024731431932 0.046390823965853784 0.04072557122798223 0.033627406428610535 0.06484620587903635 0.10788715483822105 0.10821812750073498 0.050459984150419405 0.0689932062821061 0.03251746096965659 0.09503063043595415 0.10945364792712053 0.06620707001621293 0.0562816940075935 0.0557775160489792 0.06532401450778415 0.024144119815141477 0.07978008374058002 0.08792615091615637 0.061374948573675675 0.10018531050686828 0.0698310477480969 0.07003201920809496 0.0503925476570881 0.06922424096995394 0.05820236658844048 0.07284067244235626 0.03270494849740135 0.017137591043413492 0.06649116479657328 0.07735437694888501 0.09604999526035775 0.09443013649574045 0.1098874186502189 0.0750393838514307 0.04102431421351567 0.09961446176277527 0.09353366822207797 0.09051847879930307 0.0918538033863071 0.04682518129252878 0.06021369277366302 0.08277412381005936 0.05931622015122066 0.06822195321867647 0.05748337838052709 0.07053988451892124 0.013091432175948832 0.0829572036371032 0.05998327981506406 0.06434655361519732 0.025986903540027893 0.04365766927345735 0.05891073073475994 0.07489599350992804 0.08307945885328154 0.055283061150769974 0.08809777907080842 0.0598656449216629 0.06599081947784842
 0.10009427394999236 0.0996094622490066 0.08846885103332168 0.08696469162040818 10000.0 0.09085750442323105 0.0889217118961492 0.07443028552439515 0.044442788477281586 0.05855658651650208 0.06736184714073912 0.0343605571132154 0.0962815200401883 0.1083884628928055 0.09288175850452285 0.024611904963047958 0.0513475491301728 0.07931881388738794 0.05679693084611659 0.02388770842694509 0.09177186106007194 0.040032627352739734 0.01892642038332505 0.09680816891954537 0.11540426913921323 0.07969470730514562 0.02519556081886375 0.11998339799084556 0.10532265188514997 0.08134340785981095 0.02008778787583702 0.047770568310147955 0.028197158123006005 0.030369448924361633 0.11143391196305986 0.05235839912042726 0.04139532702241007 0.06126263389866228 0.11317967882703435 0.10425301785715745 0.08580984459547412 0.05208206223382835 0.07519755901126365 0.04519654109423438 0.09419054441116959 0.08303438523215972 0.05208995384471295 0.08885408023237223 0.09801941406790879 0.07037157383747193 0.08013716554535584 0.07065991741027008 0.08952783290163216 0.10125828765635862 0.09091160719253616 0.09559147613919944 0.06094084833989399 0.07426943135266884 0.10809042929290474 0.07971520321200157 0.09174893726053293 0.0878899433357509 0.07632425729573893 0.06836099160998169 0.08423474824710858 0.08521007352538955 0.06169000997654922 0.0816740705832257 0.07042055746324513 0.047485954687930945 0.024166475967263304 0.00905533825393415 0.09499874831556218 0.05652743312432519 0.07377139093978667 0.06235366926916358 0.09840234332716481 0.04655549832513441 0.06425503083822963 0.06203852276837532 0.05518283626924531 0.09010854234242081 0.05223671738011217 0.023334182102416813 0.026119134201311917 0.03634081734318728 0.0370922877104226 0.04103600270506384 0.047789446877307455 0.058495825988586964 0.0730654313560008 0.09152801472211664 0.07850630960165687 0.09322251792191674 0.10939265747617191 0.07095605680449103 0.06751603367438547 0.09108707319361171 0.06619664109445285 0.09872866757596833 0.08912339160440953 0.10573611595837182 0.0891863812167375 0.04603815512890069 0.07989314055914407 0.025592796793288675 0.0775024918452628 0.04313104484152989 0.07326634327894752 0.05319980002960651 0.04603212938965894 0.028863537006218423 0.11321402298681117 0.0576072966110603 0.07725223564930758 0.1259077356682486 0.09478966271703512 0.061661895733490575 0.08948393136338659 0.09360337287551203 0.0119989960445132 0.1089832181602847 0.0776220682085349 0.07262989325708506 0.0809138602450397 0.09640257842329457 0.050504969776486004 0.027493697725993544 0.10929299089518608 0.09115470701768894 0.02789546012706861 0.06495740619656884 0.11006293627672947 0.09746371549940783 0.011887689006395136 0.11617348461098687 0.052600281462265766 0.06103027870968492 0.10395980547139827 0.1040118769923365 0.1072365553416328 0.09576589898125527 0.049233415989034614 0.09845926660525997 0.09222734541191654 0.07322189262699469
 0.10317056584159558 0.014674407063263246 0.10919495900741125 0.10342934501071196 0.09085750442323105 10000.0 0.013421932329664186 0.019357915852969088 0.056856501840297044 0.03535900791997802 0.02398033774624386 0.05758503785193568 0.11233809025688714 0.08679663152452927 0.030731511047219256 0.07335058637786986 0.0457213171663827 0.044337022254934175 0.0351159365861428 0.06814112601931158 0.03176059133914468 0.07205291823256811 0.08219963086691275 0.029273214144909115 0.06359559955506985 0.011172231087541723 0.0718887355464292 0.0718973935912559 0.06679922898558677 0.06448218537631013 0.08157856318102805 0.04430296103259849 0.06967340845070802 0.06071233681173099 0.045592705630361045 0.09147354679936946 0.050100947982536025 0.0300863013722296 0.045129994023002926 0.02649657320091263 0.09766165653325454 0.07740172228964423 0.04222917975407299 0.0727857719919934 0.04401280037648751 0.00836681854727319 0.04791323591517585 0.06061103469492281 0.008324812822860832 0.02495620407214612 0.0933456557316715 0.08222719995766467 0.04937961963174234 0.06930294198262844 0.0666240840268675 0.04733621723493644 0.06515966036656756 0.06615685000969469 0.04759946878630186 0.01597456080852305 0.0011426244448163561 0.011030788981479165 0.037930397951369536 0.10561983021089377 0.07686498456102853 0.045810806786976785 0.03072588423999071 0.01595642347470651 0.040861590368719516 0.04362546300483118 0.06681834410801338 0.08425426064169979 0.06553872519720899 0.10057413168107077 0.017131095217475915 0.036376413290558934 0.0740771171233303 0.0583759753664877 0.05123336377409252 0.05200383704923467 0.09620874491147824 0.0013203135470529475 0.05037498923603094 0.0770354905236042 0.07407933146064079 0.0794616626051476 0.07914525917085534 0.0822628118391834 0.07971216576961661 0.07640458970336417 0.03860758422712212 0.005188059264845999 0.019693040240842563 0.06119509924981688 0.05802209259198464 0.07113389117330018 0.023867857975425077 0.007512917741060053 0.03867309235819658 0.059902883389754635 0.05292642832020889 0.05764834738132677 0.08371079219319218 0.04525783562429641 0.015805115970101414 0.086373870362659 0.014420018547153744 0.05175499855623046 0.03351121549534001 0.059923280169509874 0.049524148414610815 0.08793375014388179 0.058714919748988154 0.10128412074145753 0.08638714233317535 0.08310136777911148 0.03396262127801978 0.03075191713091789 0.010162490668105786 0.006668599520229714 0.08892889954030604 0.08698204180987094 0.014019483402197224 0.018227628303735623 0.01334848322755825 0.01914243075051868 0.06611299234585338 0.08071689138711556 0.04355132852672531 0.05059828488017471 0.06832087783957046 0.04715282099913927 0.05721081403962585 0.10302688556431355 0.07901249630706739 0.07609409165400534 0.04761735480954396 0.09027526153128422 0.078112151208514 0.06245594730576844 0.04931235962798183 0.028436763814153075 0.057981623128841406 0.025476234798713044 0.05078908655289708 0.03746868438109435
 0.09032728579930795 0.010923887774769294 0.09730857221771232 0.09141821671344827 0.0889217118961492 0.013421932329664186 10000.0 0.02642855527480282 0.05026982541910628 0.030575541433731947 0.02257636679760103 0.054636321881104614 0.10003360023220928 0.07338790871013952 0.01746785551844878 0.06883741056313183 0.03971335006395655 0.031715072852201445 0.03219029554510813 0.06528014740535665 0.01839863782143595 0.0647147547115428 0.07778576547588296 0.016707382657355743 0.050960577387304994 0.015853590694976404 0.06748707174543268 0.059173303210434285 0.05343657156383103 0.051807723551496744 0.07701356556045336 0.045654400158457065 0.06493418702653067 0.059937814990867436 0.034191637326938466 0.08236975045169918 0.04753861069898449 0.032075270491096264 0.03423181189185465 0.017494106428898402 0.0855191723538259 0.0681266840779672 0.03024698050875269 0.06457591725388305 0.030617394652469713 0.011405011598213922 0.04096615645837179 0.04739981027501417 0.02014930403602904 0.018707226656122098 0.08148753938012929 0.07087103953349237 0.03602387540762486 0.05588134184153015 0.05340649513591233 0.03394768079961856 0.054774653079047476 0.05414636344917411 0.03531207740532411 0.025430920947413935 0.014333307127292907 0.023544026979335535 0.025930651650607223 0.09534700997752488 0.06422471583844695 0.03263769269466096 0.0340570236356207 0.02644276635165729 0.02991342086480669 0.041731414882760484 0.06566798098921266 0.08144997729672998 0.05217383912441276 0.09132917671182808 0.01857294544261958 0.028918114702099047 0.0607186713342392 0.05101124917931695 0.04079842894641347 0.041945828799113995 0.08693500243570067 0.01434842088208473 0.04283784482831866 0.07230016441122886 0.06913705151533532 0.07240421189315747 0.07198307379109728 0.07448045727989772 0.07101053289637119 0.06629833459655007 0.027248426779987654 0.018584418785496833 0.029338464422552772 0.04783362106369959 0.045144077459211396 0.059529873299715846 0.02694256765126784 0.020808689448862095 0.02915531511640962 0.046486145614319005 0.039615741268052236 0.04450895874704874 0.07092135449212256 0.04300598395047559 0.009107419032913186 0.0807558845353479 0.021001864156367216 0.04702815787126204 0.02267058431807365 0.05100865233721386 0.04439044643477625 0.08183514178410245 0.046183806627882254 0.09194991520922206 0.07454303677292622 0.07023230089555986 0.020787118586913667 0.0340767761054717 0.0032747186936784686 0.02002399271708705 0.08526219984394434 0.07356921941570885 0.020273241344416017 0.020174772937195398 0.008834333975547063 0.008709855693367947 0.057315364644361766 0.07498575319650655 0.03197763272488496 0.0372068217462205 0.06393609772223838 0.036869852866501504 0.04444125989801305 0.09031860883274168 0.07706654163150269 0.06293072723271594 0.04057260948737795 0.08014447492172318 0.06469982259956276 0.04911963775334063 0.03675413403803807 0.015721147108098146 0.0500553397253294 0.01402159613975456 0.037379503365572074 0.026171622449955474
 0.10506197062310038 0.03300747193588975 0.10755325284125944 0.10228838419330517 0.07443028552439515 0.019357915852969088 0.02642855527480282 10000.0 0.04730294396741678 0.026464440172047885 0.014926691440254587 0.043269860179329205 0.11194925010699955 0.09329773113413596 0.04216168893979817 0.06002037737436478 0.036576798837779465 0.04817927665056233 0.023677162284213415 0.05318852760088654 0.04251208263844571 0.06259328607553007 0.06843821442210794 0.04267599640595182 0.07603840076243891 0.010579303212839885 0.0584878024742193 0.083978443961275 0.07587924647805129 0.06696814675081161 0.06801094853819349 0.026727998271076053 0.056779107667871316 0.04407727444578014 0.060496623261527833 0.08411449040105015 0.035918928554240434 0.013627824615384875 0.060641023338392976 0.043410795813140786 0.09706983121342225 0.07090020258379459 0.044484641246148864 0.06466624292396742 0.05355273101510687 0.015149261176953555 0.03987104531507511 0.06585592633935652 0.024549845946478962 0.022225572018381816 0.09201613696680291 0.079927091779622 0.05642530145342023 0.07682930430649552 0.07163681868652848 0.05679881356528206 0.06151447745895651 0.06637966422916312 0.06107978911379445 0.0053407059325133325 0.01982335890722099 0.013467422143397172 0.04086915196719851 0.10011980931213704 0.0786563545527997 0.051782355524800226 0.012743958969110502 0.007543681506924769 0.040952735564626315 0.029352859609434293 0.05028776850386545 0.06874335373315257 0.07189196395414423 0.09320318900545234 0.010369242044331694 0.031232637683738816 0.08005722855117219 0.049868430330364796 0.04887507224334109 0.04880621893541229 0.08901134451068361 0.01818640599083837 0.04294425475530243 0.06382571715165661 0.061237662275910244 0.06923870544235633 0.06908989792443712 0.07302544428517001 0.07208873325119977 0.07155161036482871 0.039953173901887025 0.017999944372366242 0.005979989498582352 0.06768388392868506 0.06984860003485092 0.06996911903415572 0.008153037298216922 0.017012661990841334 0.03643169789066086 0.06825225356252992 0.0593277483392737 0.0684788650741498 0.08586487543539652 0.03120951078020758 0.020602274651964125 0.07393548916832825 0.0054820184863322245 0.04008868341924968 0.03483988132981144 0.053851144115125864 0.03864627448565783 0.07607074291388827 0.07149279890094493 0.09405745062666565 0.08523727454229868 0.09458313530822195 0.04556126859564703 0.012772065847760476 0.02443183865477078 0.01978912207987683 0.07417060712805595 0.09360011249694836 0.006175050274975486 0.009309349371349005 0.01884615954341613 0.03484851919215686 0.05938256235222475 0.06861311534952022 0.05823977485237534 0.05802250693681899 0.055062347291882335 0.04497248544725455 0.0693848022124107 0.1043350207589353 0.06283425618061635 0.08642365986019204 0.03976516115546752 0.08491721235360651 0.08491972978685065 0.0719214014653721 0.06218670007652089 0.04158720635085613 0.05040050700391432 0.04044852245036419 0.0585467287686174 0.038884792432328674
 0.06876332596399447 0.061140490583772494 0.06517209809699837 0.06096807108195114 0.044442788477281586 0.056856501840297044 0.05026982541910628 0.04730294396741678 10000.0 0.021724455401618478 0.033931130788498194 0.016110709994531305 0.07117050625037502 0.06866793429852969 0.04990750669078886 0.020491842507151466 0.01117606068194602 0.034884460150202454 0.02363091537718275 0.022124369663867955 0.04860199729462425 0.015404914542028258 0.028975075082860628 0.05423905521605784 0.07108449300594165 0.04698632315235583 0.019529666347586943 0.07602797344680126 0.06181783309213275 0.03955125692927919 0.028007412551145434 0.030882741119991983 0.01654578308680657 0.02652560739180129 0.06748229256090002 0.037005507653904084 0.01700549038902374 0.034923174342471844 0.06938453944035931 0.06290450142787547 0.057053308848960455 0.02475268257191279 0.03085817159820394 0.0175405313850898 0.04982814189477206 0.048504559276299944 0.009312621622414786 0.04560268855976922 0.06509198708192383 0.03223694758587399 0.05123900575912277 0.03889521624509847 0.04512930559260523 0.05849436622656859 0.048664332780581215 0.05115444653417895 0.02185530772730981 0.033813936981438183 0.0638382520912099 0.05215822377106718 0.057955821297323865 0.05866392632735427 0.032396246400593284 0.05380205903660901 0.04611716203951375 0.040767285491168585 0.03770544021675948 0.05454431183221619 0.0263291646150976 0.02077333838578426 0.02827385529468911 0.03560492716108753 0.052142182837712256 0.046016723108864926 0.04107025777292139 0.021353101381661296 0.05698356492073003 0.003837919143079548 0.020057306785369593 0.017895998549178064 0.04191305917698492 0.056598211242194246 0.0081408273660066 0.02328159915459082 0.01998177961923287 0.022611705960435245 0.022318592134938253 0.02582249171578831 0.025043678209163305 0.027443208930494126 0.029172949627541696 0.05952781554143954 0.05312092744175832 0.049782503710013304 0.06499846125156862 0.0331369168788331 0.03917656592452833 0.06011659839690538 0.022971662966486246 0.054817610429566704 0.04492228412364567 0.061402803234149504 0.052645959281821544 0.019167901616458958 0.04227583326017102 0.030605348171755364 0.04741407018882635 0.008905449461708476 0.030432127347533835 0.01174004045710633 0.008977847785283839 0.03156531698267505 0.06878474482208295 0.0469078772465899 0.04553636067569558 0.08278578363498246 0.05136777025953674 0.0376858570795366 0.0518747125102843 0.061781031005545654 0.03731458659980585 0.06920066348194429 0.04712428094924255 0.040712499300278336 0.0441776250317657 0.05615001776671958 0.014166034128210946 0.02482763287680529 0.0654237718710692 0.046783692868956304 0.016551418374385483 0.020515746304639898 0.06563978054918379 0.0670109416296639 0.03409009433634862 0.0730252992711528 0.009727704364554854 0.03917925027048957 0.06271657695909529 0.0600898312419493 0.06287756040490639 0.053306751348036766 0.006388259752096997 0.05677188511030862 0.04785073236669803 0.02951100848013081
 0.08085647170019146 0.04143609062691936 0.08163134205169717 0.07658351142142855 0.05855658651650208 0.03535900791997802 0.030575541433731947 0.026464440172047885 0.021724455401618478 10000.0 0.012271655629326283 0.024196231778628976 0.08645775731407576 0.07326999933886362 0.03579667871564176 0.03846898949482766 0.010564283926954715 0.029669125445689615 0.004856795002766571 0.034777145971250624 0.035029220936083225 0.03710617658514814 0.047409712921848764 0.03912569842333933 0.06491257770442656 0.02526505286850074 0.03707256675506673 0.07161898942081418 0.059942648672527674 0.04457524716406305 0.04669394505557259 0.02153022879484983 0.034647328859129835 0.030822815579353915 0.05551294919906988 0.05789918682884523 0.01747901794761738 0.016355707968215765 0.056802500100708996 0.04579231297754107 0.0716483545799556 0.04447777850731868 0.024971308385678657 0.038571105845430824 0.04127676194190244 0.02699338756809208 0.013484183422445164 0.046293918102960824 0.043510873369382724 0.011878077115967202 0.06634622156708965 0.05404578458409889 0.04024610477613177 0.05889060743203219 0.05132157293429828 0.04378199171721815 0.035471702775248255 0.042220016375175556 0.05347767240272311 0.0309500024461844 0.03643492485739897 0.03703588478929378 0.02331787605227702 0.07366635166356063 0.05507715844698711 0.03511474346574327 0.019795735798426188 0.0333398231515867 0.019852470525678557 0.012908021946551393 0.03601773551702985 0.05090445974591993 0.053002179406119114 0.0670241706679535 0.019358997852655473 0.007333451889390276 0.06016942705939176 0.02377351884084707 0.024074375015730735 0.023460716907949895 0.06277416654075595 0.03501948048351449 0.016495123950697545 0.04204046908729124 0.038971855505098914 0.04429574122875029 0.04402767356807517 0.04748463934991228 0.045887302432423345 0.045134629689305227 0.020698216908405134 0.03782728096820936 0.03243118067813417 0.049339092633260785 0.058404013615386975 0.044803655973513226 0.01866665554004346 0.03839220901097751 0.014015044339332696 0.0521169715337816 0.0418893543273301 0.05570483165687511 0.06229468573938911 0.013557941958106246 0.021778322371911924 0.05107707718779867 0.025875187389491353 0.016628564885924377 0.01782552484777246 0.02739668688703126 0.014212827920337675 0.05257680501014612 0.06136750931828659 0.0678440873785896 0.059737331748068744 0.08063999529170388 0.038329384360333785 0.019786993015960954 0.031544403997308686 0.04008073649604165 0.05471784588953915 0.07368055250826043 0.025532900710651545 0.019078058299940633 0.023266787400230787 0.03784614792860456 0.03294576798483753 0.04538903851102637 0.05321681387316417 0.042062138221514424 0.033501920619421796 0.020735212666480374 0.05853295783896726 0.07978805825565305 0.046773376057487714 0.07135109851217525 0.013340863789308259 0.05845277884751721 0.06563051693265949 0.05686275162226204 0.05340854070700273 0.038013226494917514 0.024033781550970763 0.04016417306042546 0.0429324843765375 0.02011344100783689
 0.09033353478115479 0.03265222084754707 0.0926367967826731 0.08736180250901283 0.06736184714073912 0.02398033774624386 0.02257636679760103 0.014926691440254587 0.033931130788498194 0.012271655629326283 10000.0 0.03366533268254551 0.0970290605098383 0.07978352131643457 0.033439927422811024 0.04939772293128136 0.022813239135570332 0.03463557111191041 0.011151042215197958 0.0442762970783936 0.03324911745785845 0.0493326583303463 0.058227511071952794 0.035469844988511565 0.0660397007750515 0.013266070946235177 0.0479274316252391 0.0735181587436221 0.06378304955453185 0.05256708779908237 0.05761818930732537 0.0231535260020849 0.04576194407762032 0.03769751530330234 0.05320859209647293 0.07012844052851319 0.0262193606975618 0.010541058975263121 0.05396068728446295 0.03966499352743496 0.08215117918865192 0.056583185586871455 0.03053587856543649 0.05083524479062591 0.042549710601192454 0.015803676000295863 0.025705333845085606 0.05229076720437 0.03185002601449785 0.008605095707632779 0.07708951984127804 0.0650138866842264 0.04390846122585534 0.06396003713560905 0.057882278609084445 0.04557122519228593 0.046643831030730346 0.051589100897930514 0.052474894065736744 0.018923359028772794 0.02498550742672908 0.024765159791020258 0.027364291004478195 0.08567562952473477 0.0640178609562844 0.03896616860172885 0.013507698065147058 0.021292876095689375 0.026511127313831352 0.019884332906647616 0.04361282653696156 0.060448527379689664 0.05862463594993973 0.07925951319920042 0.007188499247358757 0.01630988795243859 0.06651217135659032 0.03604436364386786 0.03396111363223903 0.033880872321949876 0.07499357571070149 0.023453118577107062 0.028622866260808323 0.053102499957522906 0.05018972037398269 0.05642488192838945 0.0561833521583693 0.05973036291953248 0.058127880076498356 0.05687484608423622 0.025918414831279966 0.0258725141714054 0.02086664010386674 0.05456251594836606 0.05960300581851945 0.05505673033529085 0.00842474706922782 0.026262424703019677 0.021651691524816125 0.055973993949320636 0.04640416601466279 0.05761235060180066 0.0712477326125144 0.021417119514684644 0.013609500654983989 0.06260257668413681 0.013631038505879258 0.02796787148969345 0.021147653216584114 0.039298661687189235 0.025934250996188662 0.06432078916216194 0.06188870298662633 0.08006911199210713 0.07031258402574704 0.0835184194900276 0.03658760902603841 0.0135170805014365 0.022465468337911753 0.028116810514081284 0.06497638349804638 0.08012572159696164 0.013266887337186584 0.006806734457477208 0.01391184177901497 0.03100174371788994 0.04504616540538164 0.05700854481506032 0.05086978436689593 0.045625768576738966 0.04436449398985419 0.030087478875585875 0.05940348626759864 0.08953707850353984 0.055476420812510266 0.07479836034816377 0.025528606391072187 0.07039214899809605 0.07161971505304988 0.060133169496442776 0.05303414683045137 0.034305584112073545 0.03623399963618103 0.03496065653789795 0.04629625041069059 0.024933295671783377
 0.08445440191118807 0.0653995134472026 0.07937792925744351 0.0756558873569477 0.0343605571132154 0.05758503785193568 0.054636321881104614 0.043269860179329205 0.016110709994531305 0.024196231778628976 0.03366533268254551 10000.0 0.0858627444815464 0.08463316105742194 0.05901999143560746 0.01689846026001012 0.017957323111039813 0.0477613083658434 0.022717841930652603 0.010669168324407145 0.05802247325332732 0.02519843923222301 0.02516913571324352 0.0627519575753256 0.0844853487451316 0.04658331953459233 0.015356647880904302 0.09010659438849294 0.07650681997460568 0.05533593611333868 0.02475035411570429 0.019649156782338334 0.01413636138660424 0.010418496116172193 0.07813089709376107 0.04755466527749498 0.007508431740085419 0.029646006742370064 0.0796975571424933 0.06992511587554394 0.07219932415032601 0.03800689353635376 0.04321936827808468 0.029684409070278788 0.0618897367138569 0.04946898882470504 0.019869879833197317 0.060680694606596565 0.06521600416643317 0.036026176909583166 0.06629695753881214 0.05420034637059465 0.05853456398214503 0.07370617112805856 0.06420332410894483 0.06375530258396339 0.03789832251286483 0.04987423300536433 0.07530194739877796 0.04858382354526962 0.05855560444073938 0.056298588584598706 0.04349914472659605 0.06537754183236942 0.06222743870499238 0.05374234900009173 0.0312105058824729 0.05080817415100233 0.03803133725029803 0.014108202261946383 0.01312250747626959 0.02687647793174546 0.06737195410863105 0.055828803961206125 0.0404886452816778 0.028385587755942 0.07270255220216393 0.019827595664637192 0.03480055819029373 0.03283878529864064 0.05226381825576061 0.056974981059551434 0.021298529580049824 0.02070285899568613 0.01842905101767331 0.02935146966329141 0.029501786903040887 0.03438793009410393 0.03663807718717737 0.04209014681206558 0.040292217944836 0.05893514692478818 0.048341564364563716 0.06466461093194169 0.07816064439698421 0.04919509471102456 0.035486635735393054 0.05886999861128914 0.033055541458234555 0.06916472782758266 0.05895021910475167 0.0748548481570805 0.06872464834008372 0.01236846714023037 0.045663754698530436 0.031092543841722702 0.04523860479119166 0.00993729951757492 0.03964157403925637 0.027834366013869235 0.01272089589059911 0.033630594122681066 0.08166352039812393 0.05685511275695273 0.06098887776236795 0.09759807261127812 0.06116378311992654 0.031184263171849348 0.055338811115470954 0.06111742608320699 0.0313580504529597 0.08515609891316499 0.045208010435167076 0.03954839557309609 0.04682648470816727 0.06204237746441121 0.029244257634791916 0.026205263727623496 0.07591363960429899 0.06029315509224159 0.012139436945492368 0.034078119658455974 0.07860588170408048 0.08256670276629569 0.02260472363050651 0.0878865793443983 0.020361956543875386 0.0520068314776262 0.07843999167049111 0.07436049839698006 0.07476448304517073 0.06168152865934462 0.022497462367338666 0.06418759581937954 0.061318119262441254 0.04023778783443277
 0.015073489374712416 0.10761150565203834 0.008085035901829426 0.010215291481407875 0.0962815200401883 0.11233809025688714 0.10003360023220928 0.11194925010699955 0.07117050625037502 0.08645775731407576 0.0970290605098383 0.0858627444815464 10000.0 0.042489221677528055 0.08666837369016948 0.07736240112043717 0.07835975270540325 0.06833187419726587 0.09058022250699212 0.08612025873718464 0.0850240642333612 0.06172137464763099 0.07830630964695062 0.09085703155832582 0.07530623679505295 0.10676239585878472 0.07801900023939105 0.0722454425678752 0.06086179446881911 0.0484276682147927 0.0772958858762605 0.10189220937829628 0.0763352477074912 0.09548480697498594 0.08948040370812581 0.0439241388682329 0.08817487952468571 0.10269295655482195 0.09212713232377358 0.10084846995762381 0.01488211008132948 0.048121204117986816 0.07010929793814735 0.056566811002102785 0.0748681321457485 0.10564218367903062 0.07449505555312862 0.055075997180472167 0.12002410927238481 0.09041027169279191 0.020169966926739304 0.03262156116625269 0.06681657112206467 0.0544347760665235 0.04984414489700437 0.07256810186439176 0.05115237632414138 0.04624780303951601 0.08357292470180445 0.1154867086088162 0.11343465167212441 0.11921057369966906 0.07440989581796796 0.03016899351461535 0.03613495871896695 0.06843241382889512 0.10602495219378572 0.11773719024819158 0.0719990208834393 0.09132476420699813 0.09458911739141217 0.08878039522555634 0.05353410499802027 0.041338961071536846 0.10258305710232286 0.0807586889107288 0.04689362778697486 0.06740334708343526 0.06307627295095986 0.06320766439140468 0.041498869850553885 0.11280622726985395 0.07129545004580491 0.0760517986994036 0.07490938195450683 0.06148984891030255 0.06087839000997589 0.05609829239704565 0.05070076542087317 0.043842684313941775 0.07389372348668743 0.11690953295469769 0.11785260370117918 0.05691899750411649 0.07422905198057465 0.04199215510762181 0.1048077061414948 0.11855201005738496 0.07569210387285656 0.06220683015264452 0.06306031933783296 0.07081834367248027 0.030334182639658848 0.08994363166541898 0.09700238407408852 0.07070747828998178 0.10967778850100106 0.08002602510364767 0.07913736119851837 0.06051714000020472 0.07938716313036283 0.06742861061932404 0.07782998950725246 0.04042572917725339 0.02674035036964034 0.06832042858020927 0.08492831913350636 0.1060126220995437 0.10311269842732203 0.11886370790299504 0.08430492543094606 0.04294827225353198 0.10908869291103558 0.10309265851310807 0.09960393082715888 0.09993469112471065 0.05703407433910559 0.06987220826422172 0.08908596587034898 0.06648370646202505 0.07829834120418272 0.06701927445691636 0.07580615708471987 0.012712224293157659 0.09272626657455268 0.06300865903539407 0.07438593516311626 0.03563941063586151 0.047404755478371016 0.06416137934630708 0.08090508360181341 0.09082325930836116 0.06545138131397643 0.09583482709542376 0.06692140166713638 0.07504200209540046
