NAME :TPP_input_21_5_4
NUM_VERTICES
101
NUM_CLUSTERS
21
Full Matrix
 10000.0 0.02290137197217737 0.029931006044227524 0.07327057710094158 0.01542676207409881 0.05013724579377851 0.084496437039275 0.03433863179994488 0.07568011491623561 0.07008020282006899 0.026579613993090948 0.02694454191609169 0.02574471645228764 0.05050624258220015 0.04180464420927702 0.022982055043585144 0.009942035408435865 0.028740119253572834 0.07829274782241961 0.016362382080583885 0.07792429248313304 0.058300785555812584 0.022097607367076923 0.04672844077355976 0.036724166820993914 0.05985672583642645 0.062078420315041655 0.07046305164805289 0.044183809740745705 0.014352199491978666 0.03494284533983545 0.07806032413884166 0.009721554794059112 0.02886232496670945 0.03506409402104378 0.041297727019076906 0.00623024606297794 0.0852656208280835 0.016664760995392252 0.038387882282111964 0.01491907939672435 0.0501330526202835 0.03670442298831821 0.0583578519576421 0.07805291508993414 0.059508963491699166 0.040275826735652 0.031619463482480674 0.0667973849218209 0.030263218164475757 0.07345331607512336 0.07299385791098144 0.043730129242323224 0.04656621698902479 0.032291639797233054 0.061281763718724465 0.06382214738607983 0.045837667558472496 0.02136734738008217 0.03463458469201523 0.030042797367420992 0.04701517603267246 0.07820952677904915 0.021046455842341494 0.049411346678093965 0.0353134816732042 0.05741673052163271 0.002920748705803014 0.0524225685139888 0.07052113845961977 0.019186089345666693 0.017171352846560618 0.01879328369991011 0.0778858789181602 0.028018132235110106 0.04532352215001656 0.02884649873435178 0.028461660729362785 0.0682787798153294 0.018587114106307884 0.06345769059813602 0.009846825462866055 0.06097899684725512 0.044634813291088836 0.04465379103841033 0.020921733560666074 0.047574547393365425 0.061315221703870444 0.014999905598908935 0.014238665688494466 0.03235638457696727 0.07678128854479695 0.011664016388936629 0.014526499776448803 0.045216924376631946 0.007334740606175303 0.011853331569947933 0.040477857910299876 0.048856092053101104 0.04500735879441484 0.049166075649005624
 0.02290137197217737 10000.0 0.010999061877800613 0.05364039480316815 0.02873300834012438 0.03239652920186791 0.06670796489085003 0.017406353701883398 0.07501272894404651 0.049647653714769716 0.01687610590414529 0.025640989873896326 0.042402808431611386 0.02845058239101404 0.019862347519409844 0.012383434281793861 0.013285741041444582 0.012119393064071468 0.060892505245764506 0.038508251334711814 0.06301361856552454 0.07216016041402014 0.038639479914078304 0.06490442156877291 0.05854302399205892 0.043342524608480607 0.06640182093273216 0.07485906512403273 0.05976218926244395 0.03564120429661681 0.04167848412171788 0.06899723795874489 0.028571968835624358 0.014472470349796325 0.043423088272305156 0.02747887533613063 0.025666179496719625 0.06638524218574837 0.033384981410515914 0.01676362310666851 0.03742192277730217 0.05707467790937658 0.027198268793551462 0.037099637280993567 0.07941222285599359 0.04774904259890899 0.023615059795791062 0.034550086375669906 0.051305479788162904 0.05166007597905539 0.07450640033939611 0.051303593082381686 0.05547827847499462 0.037935628281339104 0.05429467043058952 0.05620938012010137 0.06865498836742177 0.06809902886568829 0.0028220468041911515 0.04969771756675785 0.041853035597746197 0.027946037035896126 0.07056694817789247 0.008527600677306634 0.07038343193254804 0.040019602839290104 0.04318811814553028 0.023624934514558472 0.07077389011956896 0.055556773368676496 0.005728933602999002 0.023544343994263844 0.026260081663954108 0.070431058264813 0.009070344594439134 0.04515071641180061 0.023071739356308567 0.008005047202145534 0.060396851826257314 0.04147860607011322 0.06544676285479747 0.028870372082984937 0.047101047948362625 0.021735194310534906 0.0642987558555319 0.037445637863832426 0.037228467872266365 0.07052634427370447 0.008376003707657474 0.014068592570189943 0.0320151405828138 0.08293901138599807 0.016409047256595102 0.0247613125685111 0.039009986694971105 0.02464117225663038 0.025750852045794838 0.06184318589621431 0.06581293936085415 0.06562309143195882 0.03592542618322658
 0.029931006044227524 0.010999061877800613 10000.0 0.056056623538147145 0.03879869498236704 0.03774577525202728 0.07037357158890904 0.006466972988511533 0.08526428484735393 0.051318854927884794 0.010538120956088685 0.020886116820254156 0.05230257882957411 0.021112000999564583 0.021775168690321523 0.009058307282933033 0.02186035216750923 0.021286613782220343 0.06502172091311866 0.04626436366761853 0.06872122259746608 0.08282972536805408 0.04848036020908447 0.07468289242371479 0.06661707679131744 0.0488189306121576 0.07728443616489254 0.0857131047299449 0.0700969907236943 0.04389635414753723 0.052663762913337214 0.07721299303498701 0.03268836871052663 0.024081504035647797 0.05436387106878547 0.03560834466050732 0.03413219350552571 0.06913344665850742 0.04302049114544806 0.02000414954004197 0.04294567022664387 0.06807289966961896 0.03686355863206062 0.03830276640841165 0.08993242434638266 0.05552644501691969 0.03066447627809986 0.04553913307707263 0.05706170671940148 0.06000854591731984 0.08501899297423554 0.051076200347034195 0.0662803668357875 0.04722566948346905 0.062208809050646297 0.0658477428368089 0.07956020170579889 0.07575778287912054 0.013808227144079456 0.06002325652924037 0.05251515425867428 0.017568939230430635 0.07922761867340132 0.019495316572558274 0.0790608816701922 0.051016925617436086 0.05002284654540417 0.02967778961716463 0.08053566141820384 0.06146598273178034 0.011098977242528969 0.03422092400659764 0.036961446678620336 0.07915276740922811 0.002075237543758938 0.0558246112906789 0.016630924373707622 0.0032273371013415574 0.06918451188090845 0.04774248471618952 0.07613671532483345 0.03770146341488599 0.05393084464661587 0.01866595588113426 0.07357985513857362 0.047258628878331765 0.046020920541854124 0.08151434799167359 0.017949712744033477 0.024530652318976214 0.042895424468578316 0.09387720234681572 0.02643562923580758 0.035040768197871205 0.04886498462867272 0.029086009392426185 0.03550083342484212 0.07025209567766941 0.07591104999746542 0.07447752648711363 0.043658121224231454
 0.07327057710094158 0.05364039480316815 0.056056623538147145 10000.0 0.06928351361876126 0.023513388456226622 0.015536387325890248 0.059373148969749094 0.06718003576670546 0.005693188803839054 0.06655982672069621 0.07686904326508875 0.07982089894839213 0.04537473883405548 0.03451081490695458 0.06386847919332855 0.06371371703438418 0.04456318325379531 0.012575863059639786 0.08493370844791213 0.02231609641126396 0.09576663814790748 0.0773755103857208 0.0986970778646804 0.10140188427500768 0.01739583748468925 0.07294187007859781 0.07832657251684004 0.08988555523436444 0.0812408481755639 0.06571888410737672 0.042823574760919164 0.08118380022685126 0.04450736275694069 0.06877254979683985 0.034224187107281964 0.07283116943299581 0.01309821491452854 0.07461087025916924 0.03707377785012714 0.0880373822221696 0.07283710671585761 0.04143270270868765 0.018003060020316344 0.07462646111168288 0.029752437909243642 0.03327055500596106 0.058641185755402614 0.017869373498375085 0.09441854997787423 0.0707815652480246 0.013317303535706992 0.08037600507541083 0.038863722755560506 0.09816524048514416 0.04785728986145611 0.07533021804972909 0.11140786354666773 0.05367152484100959 0.08214111845465337 0.072989653462177 0.056851195403183535 0.04747351969426903 0.05230217570215794 0.10957534681103673 0.062202952768481555 0.02396401495291943 0.07505868581005176 0.10383098298005992 0.019816528382753336 0.059330235524217324 0.06214610125554798 0.0632613064717602 0.04789557320152371 0.05614294271565288 0.055284520325752484 0.07266540368767375 0.05418623277330839 0.042250290225686264 0.09061879554499083 0.06754479812044001 0.074273205913802 0.023786296077997652 0.03883453692013587 0.10123431765681529 0.07665721762504676 0.03549457920124593 0.0853841418298421 0.059129704796425556 0.05928541704443801 0.05395173682501302 0.08768983144425865 0.062202179511750375 0.06564885547272471 0.043522315570915654 0.07730023625814939 0.06885955056142079 0.10310217975588125 0.09700636686623088 0.10453879514500457 0.02982117560012998
 0.01542676207409881 0.02873300834012438 0.03879869498236704 0.06928351361876126 10000.0 0.04583619340725634 0.07826055391163993 0.044513642713660845 0.06095524285496284 0.06717509036090011 0.03892814420079061 0.04154317702495876 0.01368440226017734 0.05690197146670759 0.042973041594386634 0.03445783731177124 0.017456706926450346 0.027905683518820272 0.07192748646377174 0.01640060975918286 0.0696161934328867 0.044594799404378375 0.009981510153379277 0.036189715824833144 0.03257973954280866 0.053700457525887715 0.04671492724819026 0.055065091185572415 0.03134298173098197 0.012641529720755522 0.019639446312638288 0.0662827944567555 0.024257092603016363 0.0264644895015337 0.019638091743793835 0.03518018835235912 0.009520005997994652 0.08005259493069189 0.005443980755036223 0.039510968563108005 0.023570453391838622 0.034706743209937815 0.028624689041055994 0.057163758872893905 0.06292382191190538 0.050052329495736805 0.03642755867398824 0.01765351109327387 0.05941769640643294 0.02547726157409268 0.05841166887305404 0.07181608167720281 0.028958252072375536 0.03638974536464699 0.029014044137358544 0.048313699766730674 0.04842064950022496 0.042607548250412894 0.026132372452917434 0.02129077512656745 0.014961882287565578 0.056332421106578524 0.06576836099768418 0.022226719679215218 0.042825424075002436 0.020397871648702905 0.04972857360504634 0.018252666967419996 0.04205872896620854 0.06256422189107086 0.027925392731433445 0.0072085474701634195 0.006238857992559105 0.06537095540228417 0.03672361403907782 0.03130301997702951 0.04257350963528394 0.03633920546267742 0.05626625037695082 0.023608021457706598 0.04836573962668531 0.007424601772147482 0.05279434140303335 0.04863256068159134 0.03596525216067596 0.008835819756329853 0.03829390066907729 0.046146918425212145 0.020855186683528305 0.014728849115200943 0.019838024194248634 0.06137109871249548 0.012390323621959022 0.0041930930346807446 0.03386443712193681 0.022684891672138847 0.0037876741076365013 0.034996004463665936 0.03713587168725619 0.03786464004943503 0.041560205648517465
 0.05013724579377851 0.03239652920186791 0.03774577525202728 0.023513388456226622 0.04583619340725634 10000.0 0.03463576205279348 0.04267021379559704 0.05765037950455734 0.021492836862294414 0.04759350180354276 0.05744856250700792 0.05683425610344714 0.03576007203498303 0.01704698307431487 0.043998815136177157 0.04085647188770702 0.02177670550011121 0.028630175287509548 0.06142046448054142 0.031001475656824193 0.07604519369548006 0.054195341289759634 0.07670270494961758 0.07813139000481796 0.011101659557097162 0.05756398767805148 0.06453354428513544 0.06839832871787416 0.057728110639104296 0.04434788244232284 0.04172920759019896 0.05847578616312627 0.021275743462197926 0.04733305914298948 0.011245042620171801 0.049387680450051416 0.035128888584807116 0.0511979299278146 0.01782660101319204 0.06476244522785977 0.05423407915206762 0.018818753824213247 0.014615455255334883 0.06417488360559472 0.020372807183344784 0.009870145680715937 0.03664950906331216 0.019317494831310802 0.07110254776480508 0.0595750509699084 0.02744503740959773 0.05969903516903624 0.020400753500086757 0.07478975151362367 0.036435542405830024 0.060072883654183756 0.08816048504101577 0.03179481297471781 0.05995449818253347 0.05067405943680403 0.04484167979082204 0.044789651762403335 0.02945481638407617 0.08683128750189403 0.04095917618124015 0.013328353242876595 0.05209388785972497 0.08208649681835278 0.023721048525728292 0.03809078574920326 0.038671952728537115 0.039884642119274935 0.04489458197919334 0.03718749541083091 0.036736632088235535 0.05397735579902567 0.035142995899220944 0.035747786096701095 0.06717592486532702 0.05351609577222111 0.05076405767549089 0.01695761653450566 0.0254859819588876 0.07873150856187378 0.0534196075667189 0.01711696055775167 0.06783078604656961 0.03658378180979218 0.035998344614095415 0.031883399386368944 0.07390717620689696 0.03885558123380602 0.04215190319431799 0.024834102622900093 0.05466979585883878 0.04534690755688178 0.08001400519785373 0.07549378940200996 0.08177610648180876 0.011145600756531293
 0.084496437039275 0.06670796489085003 0.07037357158890904 0.015536387325890248 0.07826055391163993 0.03463576205279348 10000.0 0.07414483803108549 0.06280669588892741 0.02120467276488469 0.0807554006745254 0.09095538001675701 0.08718257762478233 0.06086778041581396 0.04860331622974562 0.07769545876451119 0.07542359891211474 0.056408818181700134 0.0063347856423451344 0.09447715946866428 0.014054272841650187 0.09828316868978083 0.08525505111095034 0.10394734533481427 0.1092163032523752 0.024737116747559365 0.07242310631123444 0.07633098486086531 0.09459761630659752 0.09071311222469083 0.07103349806804425 0.035541475345680563 0.0930551077498023 0.05574771046565688 0.07404602284214934 0.043494680519081626 0.08317634676950897 0.0059926519753657065 0.0833258726590361 0.050737152658469925 0.09887197239941056 0.0750249452923065 0.04963690812806295 0.03313385855082244 0.07043519385202233 0.03125604701379232 0.044349350864178 0.06502843646523428 0.019286429468241047 0.10246920081412544 0.06732517974525185 0.027465168242763197 0.08435836193828487 0.04381984856718065 0.10641013924747807 0.04661316282165036 0.07459635474275599 0.11904789582511259 0.06632848456935074 0.0880178765832848 0.07930180927852995 0.07227239426129234 0.04053314053136174 0.06405908012146477 0.1159699675107074 0.06752918889421905 0.028810946659675492 0.08657502836272386 0.10862738847828984 0.01753268558798635 0.07243607782381475 0.07141877897150539 0.07204329800266537 0.04110232825019036 0.07025274611349987 0.058475507135921395 0.08699512196227804 0.06824413481653463 0.03861742219980023 0.10083673789573014 0.06631080477933524 0.08407357105782268 0.026463156356632992 0.05388881871995274 0.10727655840249566 0.08471129917685574 0.04097447846596482 0.08613023418534907 0.07121775552362768 0.07026718047268635 0.06067122114104099 0.08529836815408703 0.07300121179231683 0.0750440662305988 0.04799053894940169 0.08927444691393373 0.07847704746238164 0.11036161187656036 0.10160270331105806 0.11103320583567196 0.0367476872235491
 0.03433863179994488 0.017406353701883398 0.006466972988511533 0.059373148969749094 0.044513642713660845 0.04267021379559704 0.07414483803108549 10000.0 0.0916389709547945 0.054338083332271234 0.00998404120604598 0.019365973609016804 0.05784008003755242 0.019661643273597113 0.02599612467207138 0.011546522152603784 0.02722758922296737 0.027598268500873855 0.06905861044056794 0.05067095048271498 0.07344255513777191 0.08882199520096272 0.05400383582185055 0.0800625869662506 0.07100634697978316 0.05361966197966644 0.08374746905934752 0.0921789424800271 0.0758566143838063 0.048598660572581664 0.058996992870003935 0.08292486714234695 0.035566063299607 0.030434843651560677 0.06063138636173865 0.04151042600558516 0.03910066928346017 0.07246559690280566 0.048466600069458576 0.024860762804224574 0.04623375140634107 0.07446445165456136 0.04315966242599233 0.04139195675783654 0.09636521099777476 0.06115941465134135 0.03631631567446343 0.05195524662328681 0.0618917832043932 0.06460114122118835 0.09145119779268113 0.05309766941330615 0.07240037915846151 0.05338878181026989 0.06653761579290918 0.072069108928766 0.0860197358476851 0.07984986383379594 0.020193162129011046 0.06579980373610864 0.05854321382197223 0.012770238562657483 0.08510014046888933 0.025926541113104735 0.08374307637555586 0.05741459496294734 0.05534632522781187 0.033639357867094814 0.08588946693638243 0.06632427714294055 0.01658925691760077 0.04031462411151663 0.043060084689478716 0.08504758254464234 0.008337694579990867 0.06228505812114676 0.014361948060012118 0.009669400311224416 0.0751246343143202 0.05133056502571333 0.08259661294709295 0.04278760236622426 0.05921978909744142 0.020727594594074226 0.07865111431590953 0.05277346345799967 0.05204372458358135 0.08784584629953746 0.023814774051998815 0.03057839671468573 0.049356875756039184 0.10032834487423152 0.03226258653634661 0.040900700507758334 0.05517332821424723 0.03229930773603031 0.04107889213791947 0.07481498385165557 0.08149731963720723 0.07928549019618782 0.049358429658504226
 0.07568011491623561 0.07501272894404651 0.08526428484735393 0.06718003576670546 0.06095524285496284 0.05765037950455734 0.06280669588892741 0.0916389709547945 10000.0 0.0701249501865597 0.09143495765634822 0.09807208842050191 0.05895327229969286 0.09188371382530565 0.07166428723893122 0.0865915337005418 0.07262457728763165 0.06405768646632806 0.05879685861910904 0.07390024918256484 0.04876206510827012 0.047751348488264615 0.06004974413721574 0.062126453479869635 0.07688214502109812 0.0528447704846111 0.018922056661907462 0.016636515192046827 0.052912911510309205 0.07096373062762366 0.041728852354773235 0.02799344919224839 0.0850704262990123 0.06120443149111037 0.04280921714756236 0.05200472007171806 0.07034962212808947 0.06828698230029158 0.06267028468056189 0.07034324456305845 0.0836069966279078 0.030695440293388377 0.04857916755820467 0.07103206731003756 0.007628500792835342 0.038877717721134734 0.05793535967059063 0.044125694534135514 0.04934306870659824 0.07271929076115957 0.005777004600865395 0.07885615808896487 0.04305487572346861 0.039247288872793544 0.07660981800205705 0.021215837970676842 0.01937505568468781 0.08412476292584414 0.07255388393877571 0.05310870323897553 0.04976943435982669 0.09856978060253876 0.02320788032755156 0.06686476559572599 0.07640101736557374 0.04055751651758359 0.04630933442377179 0.07860078043016881 0.06418439479645933 0.04772479248257247 0.07857674471941872 0.05880008191978675 0.05690579383334499 0.02254297584447544 0.08367176439336707 0.030732952436079982 0.09708145510915214 0.0820378537089651 0.02495591962809316 0.08186068611716409 0.013687856374655156 0.06824208971252406 0.04455345395413938 0.08098737856003502 0.06788916417729517 0.06050036180521161 0.04162863318432932 0.03239360424176015 0.07220638784992298 0.06615380483281244 0.04439615014234086 0.02372841815830663 0.06669311476582576 0.06115373558709234 0.03660922448361005 0.08298461668590483 0.06404813770645168 0.07538662749182012 0.05778250932394892 0.07273926407063971 0.0467268535768572
 0.07008020282006899 0.049647653714769716 0.051318854927884794 0.005693188803839054 0.06717509036090011 0.021492836862294414 0.02120467276488469 0.054338083332271234 0.0701249501865597 10000.0 0.061853073390246385 0.07219335119456355 0.07832542943690159 0.03980589456120598 0.030100589343771234 0.059383478306133504 0.060355325143091304 0.041360007252098166 0.018100077597533914 0.08245018680983889 0.027296544118228596 0.09608489886968864 0.07567842524415805 0.09793908355216266 0.09957896482529495 0.01821346470402565 0.07455250731071224 0.08039046791572574 0.08939769079305349 0.07881282436065919 0.06522194364011547 0.04694910578858728 0.0776355007638382 0.04163229318856115 0.06825422587302075 0.03266739621867166 0.07006282120324905 0.01830792239922041 0.07257134381730493 0.03291403555058142 0.08494834296368547 0.07347244623821403 0.04015221611261367 0.013018427150639384 0.077441599521251 0.031758703812291574 0.03077595829433859 0.05780044190700951 0.021008471803018684 0.09253180541982356 0.0733987315034304 0.008822459986180926 0.08025069669195549 0.039106030230363784 0.09617582802866588 0.05011169783780685 0.07699095636914982 0.10961346735316164 0.0499059592969926 0.08124479444523633 0.07199782851111075 0.0513493826409025 0.051426763039548865 0.049034471044602845 0.10830123595704753 0.061749734084610625 0.025123886008140025 0.0717161841910794 0.10322426521962924 0.023769221029385966 0.05527244375019543 0.05997900898279523 0.06130579750580192 0.0518026329647421 0.051530327377309566 0.05579442375029674 0.06786292017441381 0.04961540837544671 0.04539138833055626 0.08779998979387585 0.06946330291657855 0.07174644700351608 0.025814267204963805 0.0336755335075066 0.10014408684092495 0.07489057148670188 0.03565244127119883 0.08643023959150195 0.055616905139418374 0.05633292671143173 0.05304901784131567 0.08981263230232986 0.05930944309670391 0.06338629465707747 0.04380928655124639 0.07372098627792581 0.06646293223730379 0.10150317854572292 0.09651722656691294 0.10324777210073555 0.029625781212165764
 0.026579613993090948 0.01687610590414529 0.010538120956088685 0.06655982672069621 0.03892814420079061 0.04759350180354276 0.0807554006745254 0.00998404120604598 0.09143495765634822 0.061853073390246385 10000.0 0.010348994342954124 0.05154469303381851 0.029550176621755953 0.03216785775341236 0.004889711536459714 0.021598831952216572 0.028917310667100595 0.07531027219289019 0.04254002345097544 0.07858460797227634 0.08350736327160227 0.04773529211796348 0.07320447461061971 0.06266494719767395 0.058694940109123565 0.08163770572416253 0.09016846243864513 0.0699235613194128 0.040906737776024854 0.055577206984521045 0.0857670366499155 0.026220279623427652 0.031347491553343924 0.05677766713619538 0.04412062024551908 0.03205944989365164 0.07962516879841296 0.04212603471455213 0.030126792115741506 0.03704256724380518 0.07132575445681841 0.04405120030409524 0.04883844464369124 0.09549828064329118 0.06434994268913911 0.03974774691250967 0.0493754336020115 0.06687449297740382 0.05656296224535111 0.09061858975714375 0.0615255984419701 0.06769749232565012 0.0548103794405555 0.0581545440596191 0.07301312500164862 0.08377047980667322 0.07113763437051865 0.019019988786007858 0.06001117940254138 0.05365164901171879 0.02221112295434801 0.0874207103058726 0.024586403488372943 0.0757041874195386 0.054543637840402975 0.05935347265822599 0.025332020209346252 0.07894316537956615 0.07123654165377885 0.0128950141554879 0.03609911053857645 0.03877522066674767 0.0872916344307558 0.010510758255607837 0.06113499576056124 0.0063975763719789115 0.012537932218629045 0.07725984881190598 0.04233019079829559 0.08127310116487722 0.03585294231036065 0.06327944653974837 0.029015165599780103 0.07122981603102436 0.04650599914278547 0.05407184922677715 0.08412273062284169 0.01984356252643473 0.02664742715253492 0.0476094575599448 0.0977877200164838 0.02748248149695854 0.03584375864248291 0.0557798701172733 0.023278799730896634 0.03523935877927328 0.06666580894923972 0.0750823049918598 0.0714468423000785 0.05246785815851643
 0.02694454191609169 0.025640989873896326 0.020886116820254156 0.07686904326508875 0.04154317702495876 0.05744856250700792 0.09095538001675701 0.019365973609016804 0.09807208842050191 0.07219335119456355 0.010348994342954124 10000.0 0.05267697985939652 0.038924337097016114 0.04242151352514463 0.013463335801373393 0.02574800718073664 0.03770468196603641 0.08543582294365219 0.04104095425223278 0.08836173967930788 0.08524532705885685 0.04904186248098265 0.07301234534615773 0.06014306461097244 0.06852907266478415 0.08678083930999393 0.09530843102731736 0.07108690385871816 0.040301864263569076 0.05994705176170719 0.09445505186104582 0.022809341123647166 0.03982801865045984 0.06067499621467495 0.053100919910894 0.033109987341116455 0.08992176050515109 0.04357667030464754 0.040240038999629066 0.0333374071425077 0.07564368197140983 0.05211347378599738 0.05918106959161162 0.10157564222907599 0.0733647680854677 0.04916151525170911 0.054715726780782396 0.07663766006648268 0.05476250419170746 0.096765050787641 0.07183147147850817 0.07041822072660942 0.06297568736608773 0.05564672062882303 0.0806440110678505 0.08876142880278556 0.06770289177881544 0.02721068034709517 0.06157807592403034 0.05649649571530308 0.02996265136095787 0.09580165149987431 0.032146546725974265 0.0735361466215701 0.05946972261697579 0.06878063698188804 0.024762311953316782 0.0785300238074966 0.08095566283632326 0.020504514697279406 0.0404366082026337 0.04289036811516331 0.09562801376682013 0.02073704853716402 0.06740254131542951 0.0051645994740867965 0.022723339362665223 0.08560007925243521 0.03890748220007461 0.08710659171496614 0.036790871634939916 0.07270079562914845 0.03929766817345764 0.07019399409280122 0.047862823317366444 0.06259499200797217 0.08766168435246065 0.025941432790590767 0.03197912158045403 0.05371625573549644 0.10236469123363362 0.031877872556840894 0.03927667658055847 0.0634201762066778 0.02123207977753768 0.03775763020648611 0.06443888230864493 0.07549991828011986 0.06970186471632887 0.061562101228838435
 0.02574471645228764 0.042402808431611386 0.05230257882957411 0.07982089894839213 0.01368440226017734 0.05683425610344714 0.08718257762478233 0.05784008003755242 0.05895327229969286 0.07832542943690159 0.05154469303381851 0.05267697985939652 10000.0 0.07057633508747978 0.0560583053396361 0.047335760282835086 0.030614422207205484 0.040949839477270815 0.08088424707251267 0.015768546574705056 0.07706751382960797 0.03259861299238421 0.0038375692393808987 0.02250607600621888 0.022087401706173456 0.0633081424774504 0.04200452472199271 0.049594723760029186 0.018461881366295636 0.01391911979028638 0.018698372735639783 0.06999763894082858 0.03203438787808061 0.03916613762877175 0.016626720164361945 0.045696056147900364 0.01968304647117998 0.08964887266000102 0.009429119156036232 0.05265310181466197 0.02641000672343217 0.02915812235111024 0.03838974577501717 0.0692546690474086 0.05925303832200103 0.05712906269608208 0.04805041005889661 0.022340961547352794 0.06794234788197315 0.015681745644385608 0.05529055150458501 0.08368181786277448 0.019418682324327356 0.04361152655292986 0.01979013464031197 0.05094904713204331 0.04312540418423318 0.03186599079913003 0.039815604649819224 0.00904007217851679 0.009510910618926723 0.06986667619310684 0.06852086538920374 0.0357994528961483 0.0301090767788559 0.021494243065026137 0.05837638694488938 0.0279828755992252 0.028375424505302806 0.07051962668345833 0.04130777809321 0.019996004417444698 0.01782479372311256 0.0680202058928723 0.05023137835074185 0.033225729677620906 0.054477620241319254 0.049935242897553946 0.06002075217206941 0.023430396564276056 0.04541650893478735 0.015921910293468528 0.06090578493297916 0.0621474838748577 0.022588423335331044 0.00507023050266681 0.04623965578034634 0.037453507451081856 0.0344168228234467 0.028412947494383733 0.0265170229645333 0.054203086382285326 0.02601611691112834 0.0177805974905889 0.03998644484317429 0.0319626937758878 0.016801802623164937 0.023302354941999098 0.02366027559378859 0.025057503976817785 0.050684093961655234
 0.05050624258220015 0.02845058239101404 0.021112000999564583 0.04537473883405548 0.05690197146670759 0.03576007203498303 0.06086778041581396 0.019661643273597113 0.09188371382530565 0.03980589456120598 0.029550176621755953 0.038924337097016114 0.07057633508747978 10000.0 0.020232604217368746 0.02988965073081815 0.04151613870371992 0.03183879078753752 0.05678037683606989 0.06663201619080733 0.06343693805286865 0.09880710463072813 0.06687541517004758 0.09306293471994523 0.08684806772327458 0.04503815867648131 0.08794587894359099 0.0958938744222575 0.0873163865827229 0.06395025453500447 0.06681826849947835 0.07739054983799788 0.05380024655012263 0.03456927807299459 0.06910593527296069 0.03995523849937722 0.05399413813702521 0.05801848247538977 0.0617472550092212 0.021985060109320352 0.06399910686586233 0.08095750477887308 0.04477730615120415 0.02811803941310864 0.09774729435803554 0.05611725546005738 0.03401317899379477 0.058846626325981345 0.05287210624932612 0.08003502586862572 0.09292631305765833 0.03634360390357897 0.08179770270372379 0.052700324060579125 0.0825333250034827 0.07091631983688 0.09039725567928594 0.0962528698773555 0.030853018948497065 0.07735295746736737 0.0689107014185332 0.01176397385772157 0.08054874602936106 0.034935585256097454 0.09882845579745564 0.06438384415156609 0.04902265208371458 0.05055038174228086 0.09892665036208165 0.0571864166807897 0.03132064220173785 0.051012026296279926 0.05358092161749211 0.0806543877087738 0.022763928871998917 0.06579298204901372 0.03381897556527846 0.02206219772179288 0.07140297888275952 0.06868081754155685 0.08534758083607431 0.05729526287791065 0.052449491791361484 0.01091759083907149 0.09269516277194792 0.06570524093246459 0.05026896067274692 0.0949212791674996 0.0367976716847275 0.04218420925105309 0.05503918443661122 0.10481699479702589 0.04475829429047105 0.05280206191876472 0.055917970458828806 0.050184384106005786 0.05411561962793521 0.09024453615885401 0.09366635031207812 0.09407364538204793 0.04562466053989484
 0.04180464420927702 0.019862347519409844 0.021775168690321523 0.03451081490695458 0.042973041594386634 0.01704698307431487 0.04860331622974562 0.02599612467207138 0.07166428723893122 0.030100589343771234 0.03216785775341236 0.04242151352514463 0.0560583053396361 0.020232604217368746 10000.0 0.029358593089244416 0.03186267184522913 0.015112373230710423 0.04326379009633716 0.056102893008025755 0.04747749279888818 0.08127768783105493 0.05269346781941723 0.0779704905498414 0.07515223697863904 0.02774065272181615 0.06811062253508768 0.07591298569442642 0.07106542085683748 0.052779049104593564 0.048792526624877375 0.05850569165113405 0.048356140925543946 0.017060062642669866 0.051377990380778754 0.01972699610329292 0.04313995790382207 0.047522349194528496 0.04832356884624115 0.003504815269211329 0.05666881003722254 0.06193570494645148 0.02497472298389358 0.01730817691214001 0.0775196017209084 0.036813657366510474 0.013787909521155464 0.04063224594846494 0.03600247863819214 0.06806231851902778 0.07270505923232741 0.031459351242004434 0.06425036674259134 0.03246772130387816 0.07121745079880308 0.05075697047048962 0.0705868139740522 0.08505993797184204 0.02061442292212987 0.06148995371910349 0.05246525067718769 0.028011321702833568 0.06127183052480948 0.02146210145227491 0.08579099902708072 0.04598553171157896 0.03023116012552051 0.042990516657142326 0.08372632841487707 0.04044195949179949 0.02533530680198683 0.03609807715333951 0.03825551010127429 0.06131888886516815 0.021686041035984427 0.04601662788673531 0.03839183868275515 0.019702670260668617 0.05177619214696955 0.06024028915571729 0.0652582108828892 0.04562555266764606 0.033964812548306536 0.009323470570160464 0.07864592223488516 0.05165430785227431 0.030074831298127786 0.0759449008686536 0.026830880072690085 0.029437373239374696 0.036377305657853805 0.08495008450254736 0.032451532518764356 0.038800680253562266 0.03574920690938999 0.044418479310842134 0.041114936019778496 0.077884706338116 0.07782741086508992 0.08081172659449412 0.025714845749887794
 0.022982055043585144 0.012383434281793861 0.009058307282933033 0.06386847919332855 0.03445783731177124 0.043998815136177157 0.07769545876451119 0.011546522152603784 0.0865915337005418 0.059383478306133504 0.004889711536459714 0.013463335801373393 0.047335760282835086 0.02988965073081815 0.029358593089244416 10000.0 0.017023764124560418 0.02450210857708027 0.07209799731241602 0.03923991430852578 0.07489873941086027 0.07905033653569164 0.04350735339846373 0.06925010839814427 0.059538623868908035 0.05507249408881139 0.0767554801343787 0.08528494637333893 0.06562579788693433 0.03731796463136042 0.05076162328108199 0.08138030647076408 0.02416034834895104 0.02681030177061443 0.05201280386127667 0.039836185749309985 0.028090856480590037 0.07686006251149267 0.037906999875772195 0.026963263247486404 0.03473430198388161 0.0664982891342256 0.039411166690931726 0.046434161994299464 0.09061941097038674 0.0601035955804954 0.03573333872073471 0.04449716294421339 0.06317459957372688 0.0532177863189539 0.08574195257298127 0.059694897105247044 0.06308582319799606 0.05021573505242371 0.055056829344805755 0.06830320605368663 0.07889337242347237 0.06831633789036835 0.014320231006766066 0.05565435284083788 0.0490561690720226 0.024316640861998712 0.0829197073428011 0.01977945282616534 0.0723752117340705 0.04968360875746797 0.05536108809697663 0.02212965603146019 0.07503275589974645 0.06749275695674835 0.00802138234109471 0.031337995795566134 0.03403287286520596 0.08277570255424598 0.008082882564125099 0.05625658040189712 0.01072545116750995 0.009830679536434359 0.07273957847231315 0.03979141560624708 0.07638536474963964 0.03185206621634306 0.05928442064972313 0.027542088621080194 0.06753843421014978 0.04227429852852731 0.04959598777289036 0.07936703552790472 0.01497850619007959 0.021814429026919685 0.0427216437985391 0.09292820791042183 0.022770802736201846 0.031231246778205213 0.05105692640346602 0.020789239451985398 0.03082598069626752 0.06340445176647372 0.0709544298068445 0.0679892556997719 0.04825549895774999
 0.009942035408435865 0.013285741041444582 0.02186035216750923 0.06371371703438418 0.017456706926450346 0.04085647188770702 0.07542359891211474 0.02722758922296737 0.07262457728763165 0.060355325143091304 0.021598831952216572 0.02574800718073664 0.030614422207205484 0.04151613870371992 0.03186267184522913 0.017023764124560418 10000.0 0.019169779467266158 0.0692983755289833 0.025226858104931107 0.0696412612583994 0.062035085176513044 0.02677753912496868 0.05287432873577189 0.04533856265635988 0.05097566132491812 0.06105318007448417 0.0695865083998195 0.04873152336597608 0.02243521312336758 0.03438231030997207 0.07172928695239807 0.01763173717303895 0.01969579971914207 0.0353587684263586 0.032815364051543734 0.012481401900557222 0.07591577166805882 0.02124253608120255 0.02844927210392744 0.024829432102333484 0.050141757604380575 0.029321073626204827 0.04848242393248832 0.07589716895460402 0.05202788047176026 0.03107439260895865 0.028976850235518534 0.058259819003796905 0.038524623917951924 0.07111210777878828 0.06308644833663472 0.04609974680334506 0.039857166959744034 0.04105191022868241 0.05622591118114464 0.06306044327396108 0.05483278313538486 0.011495652106198621 0.03871370506241629 0.03205656466296991 0.039406244573946064 0.07240072477228238 0.01142874308439364 0.05741435034615352 0.03374445026640458 0.04914310572037913 0.011361914571203285 0.058716147795253505 0.062168263009645355 0.01076889362842204 0.014790610669751958 0.017364423222280035 0.07214387953449047 0.019813319163847976 0.041892844751234094 0.02581461820910984 0.019804963398111424 0.06226746546438257 0.028455945159171034 0.061391994162977505 0.015898893509573568 0.05285549735732928 0.034954209691653026 0.05173033561926635 0.02554663500445528 0.04031423105458475 0.06264283517896764 0.005086561385466974 0.0066480257202809236 0.02824117701494183 0.07679532232758335 0.0061435829734883055 0.014245249470314534 0.03933924491373205 0.013892841986484305 0.013894189406556333 0.04874601033336642 0.054273844308588365 0.052745883857477936 0.04104255702704777
 0.028740119253572834 0.012119393064071468 0.021286613782220343 0.04456318325379531 0.027905683518820272 0.02177670550011121 0.056408818181700134 0.027598268500873855 0.06405768646632806 0.041360007252098166 0.028917310667100595 0.03770468196603641 0.040949839477270815 0.03183879078753752 0.015112373230710423 0.02450210857708027 0.019169779467266158 10000.0 0.050359668082352975 0.04169396680497143 0.051541526047609365 0.06713975506267601 0.03758332720958307 0.0629464333654355 0.060257093215030144 0.032249767022765795 0.0571860290111795 0.06544437871305543 0.05629742731168435 0.038219771096276126 0.03498501356900922 0.0568819620582291 0.03674015997750814 0.002932561805141148 0.03732248322240855 0.015402328911193908 0.028942520116184443 0.05675831710452925 0.033289049825942565 0.011709302778005661 0.04358895156269161 0.0492922924158193 0.015576966657473318 0.0300035569101914 0.06893409248586621 0.03566017560322393 0.012190644667711971 0.027015744728849416 0.03991889397184167 0.053150917452756546 0.0640213717301681 0.044749127853980095 0.05009400513051751 0.026054560535840918 0.056421892374713484 0.044585073857271326 0.059561160082199346 0.07021844007403195 0.010622765231155122 0.0465805017183303 0.03770180450130583 0.03541928355329197 0.058508925952782675 0.007743155375056943 0.07070065092556077 0.032565558592009984 0.031383165057436574 0.03049830359910663 0.06872811385336222 0.044047812008277405 0.01732070377705768 0.020986367209794517 0.023161691778238437 0.05838645785321057 0.01983913586569209 0.03523808106169018 0.035172715428650865 0.018077665493382737 0.048359854368568204 0.046544265088066326 0.055446643545760003 0.031047993423436393 0.035264569499296385 0.02194368464805175 0.06353611418465957 0.036549869073396545 0.025158003657487202 0.06319472988853989 0.014809346094104387 0.015091717255901756 0.02336173485094572 0.0739997226890856 0.018116572092220434 0.023753033566210308 0.027582328900353753 0.03291026254411982 0.026237718906651015 0.06287386997930829 0.06295376359186544 0.06571305217166548 0.02388384742345877
 0.07829274782241961 0.060892505245764506 0.06502172091311866 0.012575863059639786 0.07192748646377174 0.028630175287509548 0.0063347856423451344 0.06905861044056794 0.05879685861910904 0.018100077597533914 0.07531027219289019 0.08543582294365219 0.08088424707251267 0.05678037683606989 0.04326379009633716 0.07209799731241602 0.0692983755289833 0.050359668082352975 10000.0 0.08815113994567607 0.010736553588553854 0.09257972573443943 0.07893466053472568 0.09784121976915829 0.10290729901840334 0.0184648843921854 0.06730332702138507 0.0716269353391415 0.08854551666905906 0.08438622744268173 0.06487102542785907 0.03244262784602651 0.08692815304236182 0.04960623332498093 0.06789389916159545 0.03720852531472293 0.07689370173320641 0.009885787282721608 0.07699110634964276 0.04520012008510717 0.09261560710098689 0.06932446875778739 0.04330335271285984 0.02870537720908682 0.0664028675678538 0.02533927066653702 0.03824115034015661 0.05876391572132213 0.01307832457186994 0.0961492745185473 0.06302891112677945 0.025734650749676825 0.07838756773861817 0.03760273433343522 0.10008543563268256 0.04150593521332255 0.0695404372502633 0.11275023513766275 0.06040836462069933 0.08182752574840052 0.07306321867760374 0.0679413532569264 0.037348052340924205 0.05796807942784953 0.10975714953294964 0.06135791555740266 0.022507918138592955 0.0804048958218954 0.10258201383288175 0.011907883341351223 0.06661291810705337 0.06509364131776642 0.06570933814233461 0.03785880688495127 0.06479965986473757 0.05254162919537199 0.08160203008350447 0.06277489846713163 0.034116232375857605 0.09453575401760653 0.06134769359820141 0.07776030057977679 0.020297881401229165 0.04913482650436318 0.10108972832018866 0.0783857134349311 0.03470476622899161 0.08075852785893783 0.06516486117873596 0.06405671340775182 0.054379874978915756 0.08074403688216773 0.06676739178694213 0.06872068728518199 0.041841023570861724 0.0831687816541668 0.0721594195729036 0.10408160072266076 0.09557520278524367 0.10480868383295816 0.03041372317081763
