NAME :TPP_input_21_5_3
NUM_VERTICES
101
NUM_CLUSTERS
21
Full Matrix
 10000.0 0.0059108131998895615 0.0543315174733972 0.009180040838956587 0.01856192580196358 0.059399875539221436 0.04288566079936192 0.06041777069359033 0.04227681042182057 0.05885967408851202 0.024508088369016495 0.00965611868756956 0.035481860322817596 0.02890710847577463 0.032981278382826267 0.02807162752912706 0.02115054067253577 0.03367224953054543 0.017496787659336044 0.057940550611577 0.028234169923054275 0.06066033732999428 0.05359189017406903 0.04552149016013801 0.047006014217892994 0.04787525806156437 0.028269831703585418 0.03816069551688173 0.05527949736040884 0.03339184561857798 0.01563271037488043 0.051491348803462046 0.056739517410282714 0.01580360017575601 0.05536911204504102 0.033469843312640545 0.04805675632836421 0.03667550819797703 0.031234228627181164 0.04356667723264999 0.03188736672239694 0.03851465573828037 0.051672889381030825 0.015617563202318694 0.021213027707125215 0.0516751957493577 0.04486285466758595 0.05232441738084354 0.06566932420508596 0.011128650266251679 0.053784521400492044 0.020048219241309916 0.030552080565267953 0.03785290583280251 0.05375228230715956 0.021153011837063203 0.027397362352736692 0.042950874683070295 0.020543421309554454 0.024232579180349136 0.03731700007977804 0.02484866910524795 0.04612105361841486 0.045996275470906914 0.014183845101699706 0.06351267966376882 0.03623810847689159 0.02895858930285842 0.032773955888644235 0.03027272809343366 0.034180214009094184 0.01795627998864217 0.045476248157200326 0.050205465088266725 0.02921524601470192 0.017899333729386343 0.05150825658028952 0.057072856440569364 0.026664619139031058 0.03700759124228927 0.03812301600422586 0.02737759333503786 0.04032823635896553 0.06496565014056897 0.044714131308362985 0.044413907796414014 0.05489914691444293 0.02431185296563449 0.04556924340041878 0.021671409697421522 0.0649424870826293 0.05210111371673234 0.018103934454851377 0.03713729521687003 0.04091449589437467 0.03393455962105942 0.04356630848805403 0.05961309090129479 0.03239957294309872 0.04028778025734976 0.027273405982736955
 0.0059108131998895615 10000.0 0.05029203036511365 0.007784378424226977 0.024226771765630678 0.053634591660734594 0.04298774635302922 0.0630906591388434 0.046444058610565775 0.05309388346796984 0.02767442574388347 0.008783165701512743 0.030028606146260746 0.03389999262330886 0.03243179113403922 0.03397627332975056 0.02170078080701277 0.03832946284401218 0.023407576431461692 0.052322378149202396 0.03375803004728682 0.05589305208335766 0.05627565933262627 0.04041280379110052 0.041107769376905565 0.05231786790882743 0.027671547287647584 0.03657825641026662 0.049369048790701815 0.03146132877636383 0.01610243995107713 0.04671171874193305 0.05419274190742121 0.01446929210839476 0.04980859737517271 0.034689044349503734 0.05191024602446914 0.04175855185225921 0.036323145196979476 0.03940942469097801 0.03741904689162699 0.042425797744698256 0.056493320703267874 0.018465445960656544 0.017658762064263443 0.04607650790195729 0.04793119853348809 0.050313643049943284 0.06056628466956887 0.012514173588927344 0.048231784205847957 0.02552563290925162 0.032679089509274735 0.04364335693289424 0.047988270828969316 0.015320291520970683 0.03202332585942141 0.04333968787949237 0.023057252388370256 0.02190135914612262 0.04241430566245028 0.0200104995087807 0.04130602301423862 0.04009230908369358 0.019926361904491856 0.06178055778233201 0.030443012458239105 0.032415223883224986 0.037679210335755935 0.030961485834281436 0.040053121172126845 0.01858972157272682 0.05044364321716081 0.05296579417563307 0.023588849850833118 0.022618015222513485 0.0478926208123275 0.060213933889458816 0.022195701672263164 0.042879162188131224 0.03549818030204555 0.03328803996243742 0.03442319260907481 0.06777218222296122 0.047833993918047914 0.043433346889242865 0.050543568501358806 0.0287064169678346 0.039950555347822686 0.023008629128290124 0.06826160192512266 0.04619369539259439 0.01350911248283069 0.04108518256961611 0.035008022150933876 0.03564565873316898 0.04727187559726427 0.057207275557036634 0.0272530702924987 0.035215857915988864 0.027412119214539836
 0.0543315174733972 0.05029203036511365 10000.0 0.04542258311384599 0.06475836698112912 0.05415993049688003 0.08880144712955014 0.1128298645338666 0.09656711055298553 0.03197231797003488 0.05231112256522382 0.0453023999336949 0.026135587582714958 0.0829956544264432 0.033202096441118316 0.07617538874986224 0.041396381801158275 0.08796357492202721 0.06788265260250798 0.05769162483670547 0.08124037985155369 0.07340409052064191 0.10608031080348478 0.05970534581359232 0.04180829967626179 0.10220276107635576 0.03454010847604221 0.07837076620048172 0.04210663269448535 0.026284519980667026 0.043359486590479925 0.010099711729763648 0.08890448240207689 0.04006935250980172 0.02452080994873823 0.08319169277986073 0.10217775005530005 0.0905586410668069 0.08517778565714004 0.06786482301045686 0.07295637007947774 0.06302187645215969 0.08015198458775703 0.049811103021046584 0.03313526896828844 0.05479662974484169 0.09807226993988809 0.08822394870158651 0.07241184044471291 0.04704213080603105 0.056899447115408223 0.06412554793082419 0.08232143727683346 0.08870368316165797 0.03024196023182622 0.04471963485412444 0.06221242495604588 0.089793715697164 0.04870505362404819 0.031669888404765395 0.0911695146568689 0.05379020020117092 0.012833369943466713 0.036782690191332464 0.06247798568329574 0.09949025840097898 0.03173764402916874 0.055330948454430706 0.08691258696317362 0.0788909901460692 0.0840550913686201 0.0675598526083253 0.07702516428426388 0.10286566231890808 0.031906903451202784 0.0722212186453827 0.07756122370278909 0.11034642105720717 0.056698081030531464 0.0866814655632926 0.07360758535788955 0.07612477247170682 0.036517376599904755 0.11761338886905967 0.09800122635421832 0.08618154168154162 0.07377838369456713 0.07863442050853517 0.02536114154672677 0.044036212059041124 0.11846596624362438 0.03883951414609689 0.036808110543378986 0.09131195344441315 0.036743576301760825 0.0460878876450461 0.06428582464390124 0.09219442569238004 0.02548307826467653 0.019098848426317077 0.07475920933009943
 0.009180040838956587 0.007784378424226977 0.04542258311384599 10000.0 0.022569270162126752 0.05682417261905029 0.05062879044956704 0.06951470339062596 0.051356220082075625 0.052799621501227155 0.021353482721982963 0.00111441698736025 0.028632122411462083 0.03757927686750175 0.02472758792178051 0.03359338504162582 0.013986228371892586 0.04256128288471317 0.023727976428757135 0.05618518474266151 0.03618079347591654 0.06164584047068906 0.06268639930267005 0.04573905882228947 0.04327634882005054 0.0568338983792492 0.019962587353937 0.04434634790378703 0.050999171526349314 0.024358970420883704 0.00846891764199309 0.04320925371158778 0.06172248576702529 0.0068828837734432775 0.04852802717894951 0.04193119988046997 0.05720288775969054 0.04519822231836211 0.03979218473274585 0.04602403423348481 0.034718455299231295 0.0365552552007541 0.051764192055208026 0.012371346094089826 0.012324619457785523 0.05007929312254071 0.05401841728447478 0.05800108879363387 0.06571656533937027 0.0058615546518793775 0.052366658196126376 0.02313163924436591 0.03943359630876531 0.04483011868642573 0.04773415084462754 0.01920970908993426 0.0274190904487832 0.05090727935729947 0.016336541779003975 0.015070982925007395 0.04581973816466612 0.026224491108718113 0.03792266640021259 0.04138046165037135 0.018946371781874607 0.06950720934652092 0.030707968006707227 0.02624266646448673 0.041492397166704886 0.03839861302463931 0.04066448355140936 0.025958441754723737 0.046063647529063376 0.059313742064548376 0.02313094998845107 0.026874391355236164 0.05489116154313958 0.06624154243627176 0.028776004043222572 0.04346034837439541 0.04306057753160764 0.03316743882545384 0.03585567099376369 0.07409213680351724 0.053875648684366104 0.051216010731639915 0.05686368252249608 0.033372143239508496 0.039035870089133874 0.015538560306834266 0.07412199372551145 0.04750490279186793 0.010485276282576625 0.046278259800768315 0.03647455427925522 0.028172699170629367 0.041106439213039726 0.06477864806640793 0.024932307697931675 0.03253003400925447 0.035001005086777406
 0.01856192580196358 0.024226771765630678 0.06475836698112912 0.022569270162126752 10000.0 0.07785861613587253 0.05272152558561419 0.061514655123206176 0.038957441999107466 0.075367658031476 0.017133275764476402 0.022018361091792234 0.05114305348450569 0.023565216743475868 0.035360927340647004 0.011467517307259886 0.02387471847947338 0.029220315209074442 0.0059909871869751425 0.07649518337820618 0.019016263786648335 0.07870111427617099 0.05510195053968824 0.06391166131693071 0.06508063596842498 0.042636422489494424 0.03181284858545285 0.05186393212484392 0.07312621144044548 0.039569663327797704 0.021456646246062968 0.06437634648525947 0.07149196072633836 0.02535726809233197 0.07095722861510756 0.04151736377683931 0.04551655101522276 0.02917466820003993 0.024702952644795922 0.061043822323798826 0.013403887159726633 0.025013432605180953 0.03452916822270027 0.015036085135343174 0.033507629506286836 0.0702330628154354 0.04576469699880474 0.06619440937267372 0.08401286970511695 0.018445855119425078 0.07234643311513059 0.0025188798092869624 0.03657458456183107 0.02405830991001929 0.07030341895402335 0.0395296754410802 0.012655697135909713 0.05208697485457495 0.017561431127239936 0.033173239159606446 0.029626407910819972 0.04318114616852695 0.0593228340589637 0.06362326739894042 0.004445515464820364 0.07648703853220463 0.05319416707648902 0.01890184962217738 0.02707982228744837 0.04007063619511231 0.019308777028223277 0.030312840189880858 0.02806942883689367 0.05171358691017404 0.045679128843683074 0.018629546094309935 0.0681410870384671 0.05667492733567204 0.044716476380927135 0.021924277924156216 0.05360113988173246 0.011366740048795945 0.05801064132970828 0.06533554265606688 0.045441217727775415 0.05656359441488941 0.07249965386767873 0.023680014758341996 0.06157258263631017 0.021899600391981192 0.06339752415272484 0.06976128386701055 0.03300161225621581 0.03552116832043831 0.05861814384826301 0.029067903712394965 0.03032750215894399 0.07403398275100546 0.04725326293882184 0.05453898202507402 0.038708536322675624
 0.059399875539221436 0.053634591660734594 0.05415993049688003 0.05682417261905029 0.07785861613587253 10000.0 0.06359395479012996 0.09332553813107007 0.08845297908232753 0.024758855147289597 0.07716334604370535 0.057750559092347 0.03531155939698952 0.08176486495415013 0.06875291457793416 0.08722509870417887 0.06625743995463675 0.08404679846992912 0.07660539527327653 0.005398249097311351 0.08410544941215344 0.02341529488658695 0.08796490703864317 0.020166294945789708 0.014711033148641238 0.09502505973710015 0.06591050443948114 0.05084899917654282 0.012193638305228861 0.0618836543624534 0.06295050462030474 0.044068468519752074 0.04882669308418331 0.0582914309175615 0.03077744539807846 0.06553491039369204 0.09131222136795732 0.08916760335880441 0.08433689756081203 0.03100303452855586 0.09095005617880289 0.09237133259173903 0.10842784375262886 0.06891179591951416 0.051570574037678805 0.009391671387372737 0.083727516057426 0.05191895988142711 0.01937918084834145 0.06251214417598425 0.008776467552113565 0.07906499262352848 0.06862168782107594 0.09514075016598222 0.024329131974176636 0.038333870115499144 0.08423056688631224 0.06550026286522471 0.0719076459038966 0.05691036760728189 0.08983360292235623 0.036767917376289184 0.04249009054993501 0.01891570343982342 0.07355297919203674 0.05997482384727596 0.029392632399641596 0.08200633731166648 0.08466096949920522 0.06133882514868117 0.09237472176460916 0.05734657350311872 0.1028635391645285 0.0858506835727527 0.03632326893317874 0.07129949815122356 0.03646332314336809 0.09395376280217317 0.03681480326672257 0.0951295622907786 0.04383085788531463 0.08640747086335555 0.022692853824837073 0.09804874336218018 0.08393562249464363 0.0568802945761511 0.028289038113567287 0.07501313527038624 0.02949070569754015 0.06912834655350822 0.10186455649751636 0.015334755242138577 0.04825584009626357 0.08292255438566917 0.022106566733242853 0.07957685300796488 0.09627909313963715 0.051484412150730595 0.03976768390508203 0.03906812539337385 0.05767946762628426
 0.04288566079936192 0.04298774635302922 0.08880144712955014 0.05062879044956704 0.05272152558561419 0.06359395479012996 10000.0 0.02979109416417662 0.032605742309777086 0.07812116351302696 0.06605805228027113 0.051508789732899886 0.06347625952797917 0.036685310675041403 0.07535513067428153 0.0535923835954658 0.0639694556410634 0.03453993185986222 0.0471992712116359 0.05904060153314838 0.04255552434970774 0.0484807004874762 0.02494446269678768 0.04344021081939304 0.05996324994312815 0.03820092644488034 0.07059021840473165 0.012790032502007331 0.06782737215453198 0.07421948498323237 0.05837140286697606 0.08228969901989387 0.025657602886985875 0.05744113563471159 0.07872776043417969 0.011482235526634495 0.03223380432972174 0.04013671165476271 0.03826552368999364 0.032789388408551896 0.0634715654421768 0.07759020454967701 0.08583956898555226 0.05801806724249956 0.0594901782489352 0.054327093983326566 0.023569032199071218 0.0189695372807632 0.05632084233884307 0.05399375643283226 0.05487801217111601 0.0552172842038833 0.017154632292667733 0.052313902644472755 0.07388655822315286 0.04409223940009671 0.06523787879736478 0.002100097072121281 0.0629573787152376 0.06460456087940886 0.04058080643790837 0.035611682555279384 0.0772162905051666 0.06267679616070335 0.04941182561771568 0.02557029920743523 0.05962111609669195 0.06976002986395545 0.036770320860177556 0.01287591941356082 0.0529086557016877 0.02492961762681751 0.07934054505443984 0.02350568475515121 0.057070748793980094 0.03441220832088904 0.03134839038823155 0.031169906223632353 0.03310207977808937 0.0545785585462683 0.01977544097633565 0.05233279505131842 0.058550058862750734 0.034465421451422 0.023955851669395265 0.00803755773062002 0.040248269229781995 0.031549096934498894 0.0696934210714886 0.06454226996388168 0.038643159711953215 0.06682468154959677 0.054186047012052325 0.028891879827056335 0.05879056162792547 0.07657902825442098 0.08291431330316082 0.026652355808135818 0.06333398370720954 0.07043620251617472 0.015653713532016257
 0.06041777069359033 0.0630906591388434 0.1128298645338666 0.06951470339062596 0.061514655123206176 0.09332553813107007 0.02979109416417662 10000.0 0.023862739083898528 0.10650523708911742 0.07816123938071197 0.07006805731706216 0.08916716270885765 0.038308272788062515 0.09276883147127304 0.05651005287064449 0.08043935051937835 0.03292537333407128 0.05557931474130274 0.08882321130105972 0.04404832222649279 0.07771017368272158 0.006828490912237727 0.07315953062876841 0.08881295816622141 0.02408177763974644 0.08822255229908178 0.04247826828623311 0.09696800259605742 0.09380886685072587 0.07542734800008459 0.1077262354153746 0.05206790702195136 0.07622060855927718 0.10627143073570965 0.030194107264875578 0.017802570560167784 0.035534689080402075 0.03791707880975527 0.0625804824665473 0.06733381258016201 0.08528665629465851 0.08777285361665974 0.07245682914750515 0.08074919360468 0.08401701603279632 0.01591138355564424 0.04589574058411585 0.08562080564374015 0.07076518686999579 0.08463529235232654 0.06387273029136159 0.030523271109664154 0.04836709906505118 0.10199128664804682 0.06944961532028411 0.0735676625386081 0.027838033195760746 0.07686268201779436 0.08457310949249296 0.0354806206846774 0.06266422585192537 0.10240503229412941 0.09103882294770366 0.06007907924993056 0.04653320748773518 0.08638891054181379 0.0804149147578728 0.03545534992844055 0.03472546051794583 0.05161537154665973 0.045274739667565636 0.08190136569603518 0.0102229005623893 0.08240886025474531 0.04452538064831383 0.06042100195482328 0.006298222416337916 0.060703061718503405 0.05178521410829139 0.04949986204030798 0.0554048463309249 0.08642965237618704 0.004898837971841378 0.016176929064341962 0.03713648529695692 0.06954483184836596 0.03829061893625216 0.09675584623300677 0.07992815093038397 0.009473856033368706 0.09564710718550233 0.0762500418704936 0.02605380650700292 0.08675156479942372 0.08998552157001757 0.09032858737373341 0.05172852131839364 0.08803820872112128 0.0957358876676318 0.0389813184236349
 0.04227681042182057 0.046444058610565775 0.09656711055298553 0.051356220082075625 0.038957441999107466 0.08845297908232753 0.032605742309777086 0.023862739083898528 10000.0 0.09635595917476406 0.056017804508418464 0.051646243369594926 0.0756001170351297 0.015406248317365442 0.07246207704943353 0.032801555409029785 0.060129478557933276 0.009740619742713409 0.03325836851474322 0.08488710529647302 0.02053962574908241 0.07833547136977018 0.0185955683744121 0.06911385570116581 0.08046404411046344 0.0065747411496991075 0.06820158599365778 0.04152442070631957 0.08909287959944388 0.07473739077001215 0.05570743105081761 0.09308705399941047 0.05822202041796996 0.057497157464482807 0.09455388733375077 0.024314648895894728 0.006576852230895927 0.011691325874771773 0.014440495934706567 0.060487007037506896 0.04357178022540609 0.06181620023393107 0.06394265923444212 0.05154481490599452 0.06348436967798216 0.07915198852930276 0.010894919044286338 0.051543725623828744 0.08576820547441823 0.051187686952044384 0.08040986109727535 0.04115577212735587 0.02000057339421353 0.024786048305255784 0.09143232187740187 0.05690690269524182 0.05043480977784319 0.030697101518495678 0.055487498664162416 0.06615893897960243 0.0116821889426795 0.05301098906567166 0.0876747169203434 0.08145719903314494 0.03830485652085411 0.057203801147467405 0.07436300920273754 0.05772675508230977 0.01197991173592476 0.027730148043046025 0.02777753301373504 0.032259601822277655 0.05804062719743392 0.015869761535586446 0.06882199510584787 0.024522107923577834 0.06217530267120056 0.018224907173801194 0.05210978492738372 0.028093636004218905 0.04764482112546188 0.03174016733007141 0.07615299227942848 0.026963585879465866 0.01040598317841448 0.040334570106417014 0.07024987113152403 0.017984640289039577 0.08464612294169098 0.05909523252013293 0.024445520113232342 0.08692347894851365 0.059930326462677326 0.005669100209230019 0.07660459083411522 0.06796239753660117 0.06675923817229658 0.05924344186625203 0.07342860787723654 0.08139985814689882 0.03092197039836246
 0.05885967408851202 0.05309388346796984 0.03197231797003488 0.052799621501227155 0.075367658031476 0.024758855147289597 0.07812116351302696 0.10650523708911742 0.09635595917476406 10000.0 0.06924649298680315 0.05336802751803051 0.02438533724696635 0.08617083505549387 0.05535122522149018 0.08628568583325952 0.05728137651433293 0.08981777896640147 0.07604829666016527 0.029496303427535734 0.08675408404060152 0.04732870820571299 0.10035217795505896 0.03810611340343129 0.018530680610735286 0.10277495446334395 0.05400410131484919 0.0656673412356341 0.013087195100359002 0.04763268746136579 0.05595791300789727 0.02225250875307943 0.0694455077294463 0.05123184351526543 0.007522176129963361 0.07662469879170863 0.10057910172418254 0.09403666843735088 0.08870703358172441 0.04885933474925766 0.08703396464163467 0.08333961859986228 0.1005113655748945 0.06285997889509805 0.04302398361549801 0.029159011263013995 0.0942527867023343 0.07098001575014522 0.0441223042203804 0.057386495481256725 0.030502593838150176 0.07581549544542712 0.07803967565199446 0.09671207272836414 0.005107401725050404 0.03964630577177853 0.07809381945348694 0.07970489737464947 0.06428415265717662 0.04633299287093006 0.09470911080472462 0.04407489730487144 0.02301068382787211 0.015479875100148796 0.07165830658146476 0.08072999477679735 0.022661707159578385 0.07361301019498705 0.08969805393567482 0.07208553154858005 0.09295630762972354 0.06413557086579133 0.09588329083701012 0.09766738442929639 0.029778888765030025 0.07485637694359756 0.056952403039919795 0.10578376583759727 0.04582150811643711 0.09578229488884105 0.059202875728553296 0.08577367538918124 0.020290360139421728 0.1113942321499499 0.0943433564084496 0.07295003082259621 0.05041565081221778 0.08011104155827062 0.013988268387950477 0.06037229998664942 0.11402699163098691 0.011973696198417682 0.04239211703561683 0.0906917650623445 0.019893493986330453 0.06795969966160936 0.08620332643062585 0.07247504575094721 0.028725307839196884 0.02329269383114066 0.06790289164212596
 0.024508088369016495 0.02767442574388347 0.05231112256522382 0.021353482721982963 0.017133275764476402 0.07716334604370535 0.06605805228027113 0.07816123938071197 0.056017804508418464 0.06924649298680315 10000.0 0.020270676525410557 0.045165300689655234 0.04061156029017084 0.020017740540936867 0.02662562796187335 0.012006354056428463 0.04627784821708694 0.022772001728104497 0.07698669317101893 0.036127232368478444 0.08299342521728958 0.07160866927276503 0.06708582989653537 0.06300677404255833 0.059766442907573866 0.017774307959587676 0.06256150870161303 0.07000221503759885 0.026039374619314132 0.014212874769830719 0.054128835069855566 0.08124155742002076 0.018913375823232204 0.06358019597967701 0.05554724418512317 0.06255695543032266 0.04627387282651554 0.041829588709531525 0.06704436375120401 0.020858792904554196 0.015296814791333652 0.031550546224649215 0.009211216626543648 0.026484317482325524 0.07100331416647072 0.06229119099822517 0.0767965367138968 0.08701897276718326 0.01553737740395699 0.07334146929019117 0.015181297157108939 0.05132449957151521 0.039698414514934874 0.06446801954475381 0.04046675195023519 0.00990936609589041 0.06579059416004768 0.0052557012918889425 0.023090612493123126 0.04670910293856927 0.04740384688080677 0.04970319630066523 0.06032158523873332 0.018097127259230593 0.08788442131670395 0.049124701212409874 0.004907724281658542 0.04419252579476663 0.05318519442072039 0.03470345799569909 0.04159292374608191 0.02663866332474076 0.06818449236018255 0.041488259175612476 0.03403115274771501 0.0755467439891791 0.07354117531964487 0.04978778284035016 0.03689666214048263 0.06260010638736342 0.027056086015885404 0.055164825023402794 0.0821363870669721 0.06199959743466107 0.06849121352986186 0.07806379527958239 0.03992152408985911 0.055303274014289944 0.00892842293082522 0.08043196447366498 0.06625895039032426 0.02892661875904774 0.05234385193209986 0.055789419737006185 0.011946390066381509 0.019755350272724147 0.08412116037781879 0.04060654401054059 0.04644139594948206 0.05084503413304674
 0.00965611868756956 0.008783165701512743 0.0453023999336949 0.00111441698736025 0.022018361091792234 0.057750559092347 0.051508789732899886 0.07006805731706216 0.051646243369594926 0.05336802751803051 0.020270676525410557 10000.0 0.029126750505514165 0.0377020781498571 0.02385348203883716 0.03315054349986813 0.012934355904100608 0.04275652996202617 0.023440151024893743 0.05716571302138581 0.03612031463380051 0.0627372826785841 0.06324121637320469 0.04681609096388695 0.04412709769225673 0.05704995189272064 0.019090559462472758 0.045360957255031156 0.051786357140576667 0.02374995534687073 0.007384651485813078 0.04333761152724394 0.06280275267345392 0.006176558662136508 0.04897661290722574 0.04269108704024102 0.05755094030115932 0.04526335239264841 0.0398758662061012 0.04713826254422464 0.03397588806438495 0.03548993996494849 0.05078145623231393 0.011334391283651608 0.012315061381431671 0.0510742536562911 0.05451609674425586 0.05905165987573834 0.06677801599569606 0.004824677838974208 0.05336940169268967 0.022478209879008698 0.04008383569057381 0.0445665895262698 0.048315809749829956 0.02025247867883701 0.026480150356059832 0.051758731972047285 0.015235303710683512 0.014602590422233856 0.04587821300292343 0.027336956837905334 0.038084617190760235 0.04214817811132263 0.01852617300259936 0.07054515532173766 0.03139641648921182 0.025164548758013973 0.041624395949512734 0.03921492601084623 0.040332259155834785 0.026772559445718137 0.045118016951535896 0.05985818250282259 0.023777499656365178 0.02713399794992521 0.05600295842751662 0.06671716658954976 0.02989041340019995 0.04311647048490884 0.04413461378267473 0.03276167659035987 0.03665064612246113 0.07462147455544527 0.05436472001450082 0.052191608415910126 0.05797348876513314 0.03366450868546301 0.039554229864479394 0.014436158712888787 0.07456025427634519 0.04826419612675308 0.010984045493033676 0.046624527826506744 0.03727134069584824 0.02707502985114553 0.04002015286490106 0.06585327668286169 0.025319369767155115 0.03282179128676368 0.03586842588154565
 0.035481860322817596 0.030028606146260746 0.026135587582714958 0.028632122411462083 0.05114305348450569 0.03531155939698952 0.06347625952797917 0.08916716270885765 0.0756001170351297 0.02438533724696635 0.045165300689655234 0.029126750505514165 10000.0 0.06387270117814241 0.033654138077369056 0.06222283574655652 0.0333279007670113 0.06807973050457587 0.05219714961235677 0.03706346788217073 0.06370534662030945 0.04989972690170416 0.08258349847890885 0.03483902123419986 0.02067816546396828 0.08175239150115116 0.03126864332385438 0.05252347919931979 0.02572533918054101 0.02658924565233357 0.03161907644697695 0.01881600794401541 0.06288575428288051 0.026868376800281934 0.019948201503218986 0.059039550966430716 0.0805401179968949 0.07174927790717188 0.06632386703372617 0.04201515992706802 0.06265150194807965 0.05967686248007056 0.07663422816474227 0.03848891936858235 0.018737510809875232 0.03248503457368602 0.0752973662730837 0.062088715583420294 0.0506020813333724 0.033022821592567406 0.034865513097274016 0.051498623329144615 0.05907922928024267 0.07314150381817248 0.019433263402887004 0.01974052080379036 0.05378732100439381 0.06462983238569264 0.040100415652291506 0.02274495764278275 0.07240912285699001 0.02799418670749081 0.013806700840528771 0.01654796923710286 0.04757386136287298 0.07337959829354969 0.006530249499515832 0.04968439861299654 0.06759896876591949 0.054569448171566316 0.06916180580635435 0.04434508962137131 0.07177886121925951 0.07954927806625264 0.006821990014731545 0.052536875736713805 0.051833187233167766 0.08738814136004618 0.030787102996482272 0.07197515807336743 0.04753002794721157 0.06177702945990285 0.013051888582074268 0.09403724068692154 0.07529954716578309 0.06033039319041144 0.04893647130268579 0.0583529181503628 0.010447829546149047 0.03639995640387732 0.09564299234956425 0.02182868648722791 0.01815221159531002 0.07004177157853972 0.013545804631798643 0.045249522134308044 0.06293947905920366 0.06618414797685535 0.0047023998618705 0.007084014513271881 0.05033164745781586
 0.02890710847577463 0.03389999262330886 0.0829956544264432 0.03757927686750175 0.023565216743475868 0.08176486495415013 0.036685310675041403 0.038308272788062515 0.015406248317365442 0.08617083505549387 0.04061156029017084 0.0377020781498571 0.06387270117814241 10000.0 0.057371159811179094 0.01868536905496751 0.04511525451570856 0.005666949403879392 0.017856844573632912 0.07892951204210422 0.006249402607479983 0.07562332660529791 0.032179327622959476 0.06384570857592836 0.07184124210494715 0.01969655113090092 0.0532323333542916 0.041250388455333464 0.08048538718696893 0.06008898546423273 0.04098761540646908 0.08039357637756409 0.06040016591760614 0.043240999722480626 0.0834798071310793 0.02553377626654685 0.021953888588010978 0.007887479092523767 0.00258367295639561 0.057132208861428745 0.029497064639035838 0.04699689756634515 0.05110456444240717 0.03638648050030403 0.04989575732335115 0.07282976294066076 0.022971899934302296 0.054068570886914406 0.08241064552112981 0.03661361096050829 0.07444826519863341 0.02579971729716827 0.019727019787725144 0.015901243836390452 0.08111280664127726 0.046617418692942995 0.03528860825748394 0.035333876225202426 0.04017618606417754 0.05190966481007736 0.008554328923848083 0.0450603732307036 0.07501611836649826 0.07201823239604331 0.022982357981466188 0.06222472286384583 0.06362373721092353 0.04238817384516385 0.003931856061968088 0.026650617627652987 0.01626869853051108 0.024597472123634008 0.044846674317490405 0.028909321980874536 0.05729170052555944 0.011355720781656658 0.06121874152790753 0.033206187787410746 0.04500554952043233 0.017905692542713767 0.045811324543467015 0.01748865220105056 0.06645796380955077 0.04191640432867132 0.02258720723658894 0.04294994798148357 0.06803971439639439 0.006874786488314069 0.0735591579363994 0.04391140391113055 0.03983470846238232 0.0778505923713476 0.04699850840568835 0.012297995940207224 0.06697570476685873 0.05255630694923853 0.05208060710298448 0.06217830692767024 0.061134932815499234 0.06907970173507574 0.02791159580395598
 0.032981278382826267 0.03243179113403922 0.033202096441118316 0.02472758792178051 0.035360927340647004 0.06875291457793416 0.07535513067428153 0.09276883147127304 0.07246207704943353 0.05535122522149018 0.020017740540936867 0.02385348203883716 0.033654138077369056 0.057371159811179094 10000.0 0.04604890140654073 0.012373711880510129 0.06292366770365973 0.0399993179481299 0.06993351713894576 0.053935918051147315 0.08000108527787207 0.08598632808605285 0.06385683384405079 0.054041913879857385 0.07704231803488519 0.004765012033927828 0.06867827023128091 0.05931576645137771 0.007788340541863259 0.01743017512009551 0.03684018227842466 0.08501256020196425 0.0179736907556031 0.04868051837232277 0.06642043128278535 0.07878218270939895 0.06400307397954606 0.05905004066273937 0.06714590963391978 0.04085175119676386 0.029898142921943673 0.04716151798729663 0.020994340600051273 0.019146402542405808 0.06466996568618226 0.0769468558618362 0.08188903748103651 0.08231040763674721 0.022082971774458993 0.0671016887301977 0.03400932860109322 0.06345961072723015 0.05910269424210217 0.05115834105888677 0.03838081012756622 0.029801256427301425 0.07561126374284312 0.017820387395439702 0.012917395349574467 0.06451893405702537 0.04772943522196879 0.03334168427233851 0.050183376508108564 0.0345552863805443 0.0935242873672271 0.039362339630125386 0.022338646863803855 0.06121587648993963 0.06304549163125855 0.05416831446736475 0.05060773097251809 0.04382844733797743 0.08255716732117147 0.03290820723736447 0.048472244748342164 0.07672424560149223 0.08889042474680318 0.05070853333117335 0.05652374064458642 0.06664890239693974 0.046300886099447075 0.04608874884285191 0.09713748977156565 0.07673784480674489 0.0757676037408939 0.07686680200350106 0.054977095551168836 0.04221804341025717 0.013546489093768441 0.09638176432178105 0.055407476980209355 0.024477592895761673 0.06802516377953279 0.046662426235481336 0.01313309995709039 0.03164554867615142 0.08818827992206367 0.029048416581985145 0.0321458488529913 0.0597203892651434
 0.02807162752912706 0.03397627332975056 0.07617538874986224 0.03359338504162582 0.011467517307259886 0.08722509870417887 0.0535923835954658 0.05651005287064449 0.032801555409029785 0.08628568583325952 0.02662562796187335 0.03315054349986813 0.06222283574655652 0.01868536905496751 0.04604890140654073 10000.0 0.0350662252194978 0.02365061701603562 0.010625874850952009 0.08542480720602141 0.012555125739583626 0.08582537942843432 0.05064694007360018 0.07189629184929633 0.0750766310728081 0.03503618667980906 0.04282067078098359 0.055427393704120496 0.08333640414363447 0.050759273283502084 0.03291763199030179 0.07582934241705265 0.07519404475942999 0.03680062291584769 0.08211738813307638 0.042113143274672346 0.03927754625987017 0.021542684513917536 0.018625539068313948 0.06760879486834134 0.010851943706141272 0.029158068006752913 0.03259634578515295 0.02637725946468093 0.044897132600250515 0.07914576625734981 0.04156369471406617 0.0693281401310083 0.0917139029267595 0.029846536559491533 0.08113336912091178 0.01215229778360814 0.03649763563677488 0.013087229536283733 0.081196582226637 0.049177930581817325 0.01867180525473288 0.05254073061827263 0.028297441854214046 0.04462928986854892 0.021802770343248342 0.05134846953439954 0.0707548284069823 0.07398891890797983 0.014649148908053888 0.07864952012005637 0.06388561687138519 0.026761660212268154 0.021069063303736237 0.041898694136458726 0.008120894696072627 0.03488452836667081 0.026241880549364296 0.04745505628531498 0.05651346993638229 0.020033008658232872 0.07363585419817405 0.05102518894223608 0.05239464135377867 0.010553283275904216 0.05845020236437031 0.0012610997903131848 0.06833121785732975 0.059765141055941565 0.04116051117295896 0.0587946655707032 0.07903422533970123 0.022121639579121135 0.07260908321977055 0.03285036923875702 0.056828692962396815 0.08011115302237022 0.04407847228797527 0.030822420758631692 0.06892498062723838 0.038039095263364305 0.033993479946792526 0.07740044244024048 0.05846762674489896 0.0658689763310037 0.04169229811435441
 0.02115054067253577 0.02170078080701277 0.041396381801158275 0.013986228371892586 0.02387471847947338 0.06625743995463675 0.0639694556410634 0.08043935051937835 0.060129478557933276 0.05728137651433293 0.012006354056428463 0.012934355904100608 0.0333279007670113 0.04511525451570856 0.012373711880510129 0.0350662252194978 10000.0 0.05063231958821685 0.028011584283754533 0.06649055422952022 0.04193452617873024 0.07406082502162838 0.07366801883758271 0.05791029233822293 0.05184413466206786 0.06480739228209076 0.008129719665898809 0.05827011412768305 0.058493247328146626 0.01570351198069653 0.005636030953348822 0.042405399509361306 0.0756785111562058 0.008586582830171823 0.0515738467458838 0.05458238728180225 0.06642694449371511 0.0519129093707039 0.04686629046614184 0.05938642992392421 0.03172801944637697 0.02641382636714758 0.04331145464821669 0.008937697285553917 0.014852376598523604 0.060696733054744066 0.064598626846571 0.07198503516041602 0.07742000395397847 0.010031675816689477 0.0630867526722293 0.022919711085500352 0.051361419305140106 0.04791692327727104 0.05253885822082622 0.03126878113263336 0.021431677393868278 0.06408496946998918 0.007446642704777085 0.011092627239775351 0.05244838664492307 0.039542136084755285 0.037834385203263154 0.048860825384806565 0.022505967694142037 0.08347750622218889 0.03762612038500042 0.016362995023113645 0.048985690359892815 0.05141930891630142 0.04309996776227763 0.0390572910741565 0.03861201734343494 0.0702350247730094 0.030118609318437836 0.03609963247716107 0.06851904613692279 0.07652088348238699 0.042283452666356115 0.04561932475656996 0.057033742248578295 0.03514655198305251 0.04389450367163339 0.08478552376211937 0.06438488103953571 0.06501145940461625 0.0698901844376692 0.04260383892690385 0.04336387175961332 0.00309111826658866 0.08400942561858028 0.05469501301295662 0.018249390092514188 0.0556558058886638 0.04451395297573684 0.014507577227845493 0.030037939413604324 0.0787487767189649 0.028716731947358694 0.034435591761801075 0.04832272982221317
 0.03367224953054543 0.03832946284401218 0.08796357492202721 0.04256128288471317 0.029220315209074442 0.08404679846992912 0.03453993185986222 0.03292537333407128 0.009740619742713409 0.08981777896640147 0.04627784821708694 0.04275652996202617 0.06807973050457587 0.005666949403879392 0.06292366770365973 0.02365061701603562 0.05063231958821685 10000.0 0.0235231989059382 0.08092129594219268 0.011129834016539646 0.07636718802723434 0.026997911847061677 0.06550404560546148 0.07484120111037743 0.014314551525649533 0.058735125280263194 0.040775827290785584 0.08350551916271345 0.06546683316678069 0.04637909390487553 0.08501383955028409 0.05923936230468088 0.04844027279486914 0.08746882314679154 0.024063277263897252 0.016296804760029874 0.005769268857591715 0.005028277068604062 0.05800951042663625 0.03450080573411128 0.052380555434735666 0.05561989486022945 0.04195846575847674 0.05482871231623776 0.07493860660618498 0.017997921339608113 0.05272748322784589 0.0834260758432332 0.04193713791037325 0.07642461967112985 0.03143368191975171 0.018480657288584484 0.01810054049009694 0.08480203271973429 0.05017151014412917 0.04081820461927866 0.03296447536586641 0.04581119934570304 0.05711842300521657 0.006326676066075308 0.047645533756489854 0.07961557586663916 0.07533904413763136 0.028617879714375707 0.060059076525735534 0.06743419278367013 0.048015083040979616 0.0026547470130566064 0.02610992076123649 0.01983073744121844 0.026733827274912723 0.04949943064395072 0.023832776858226167 0.061400612124850075 0.015784247073345557 0.06121970750482752 0.027662412062543475 0.04724764392475665 0.02084772718811954 0.04599370929659147 0.022516109722742778 0.06986200600620329 0.036394824098503996 0.0175764159677585 0.0414397790954963 0.06855554939099723 0.009745439534223127 0.07753385425572105 0.0494967767571549 0.03417739838698961 0.08104478085771555 0.051651100904158205 0.007284909652223002 0.07035530738255841 0.058222886730489566 0.057404593377289495 0.06075692311569149 0.0655633300155844 0.07353508469634962 0.02818568923194121
 0.017496787659336044 0.023407576431461692 0.06788265260250798 0.023727976428757135 0.0059909871869751425 0.07660539527327653 0.0471992712116359 0.05557931474130274 0.03325836851474322 0.07604829666016527 0.022772001728104497 0.023440151024893743 0.05219714961235677 0.017856844573632912 0.0399993179481299 0.010625874850952009 0.028011584283754533 0.0235231989059382 10000.0 0.0748490243801375 0.013941034210137366 0.07574962674604337 0.049137744779505346 0.0615125728180532 0.06448160578274191 0.03725362287489871 0.036119141294032896 0.047117565341073614 0.07277594324387869 0.0434928498744984 0.024657742123688084 0.06668555454415401 0.06686581219983971 0.0278782568793418 0.07214169603221213 0.03588411349214795 0.039788321911711534 0.024017130171068365 0.019221252643040972 0.0577246515075016 0.017032140037799848 0.030859873767160886 0.039148189486787784 0.019090109690771757 0.03559122484002473 0.06856908478974581 0.039799773626931816 0.06135081629307626 0.0814406694513216 0.02086007602500541 0.07057746832970205 0.008460248857092912 0.030794296573361874 0.02112984308876731 0.07094693713634592 0.038562640350383884 0.018556961140910083 0.0464759964556172 0.02246935686814401 0.036230987733652166 0.02452392640382898 0.040877284019310275 0.06148062762784082 0.06347830123724747 0.005518403979621056 0.07136381037885026 0.053533681985088975 0.024845418002418414 0.021516969543331363 0.03470839652150504 0.016965341397833903 0.02579816910484977 0.032622311614961985 0.04574323839856009 0.046277348850924924 0.012861102344619523 0.06427349845591841 0.05081451100261247 0.04205657500676906 0.019778226305604933 0.04938390813242176 0.009882749470515312 0.05781313354114584 0.05944865314299729 0.03948137176407935 0.05140198918934243 0.06918879236239928 0.017691515188639477 0.06250547525146677 0.026454474856274373 0.05766077568048724 0.06958976904230034 0.034148917723155425 0.029630890082171516 0.058402072637222774 0.03471056361367848 0.03615350565735826 0.06929223312794348 0.048645183324818826 0.05624931685372853 0.03367645862243397
