NAME :TPP_input_20_4_2
NUM_VERTICES
77
NUM_CLUSTERS
20
Full Matrix
 10000.0 0.08186453993937917 0.03972867582730418 0.07668731952456757 0.019747382491334717 0.010748888450604874 0.03216687270726258 0.05693937475111378 0.09399264199476627 0.027717919828246174 0.08016279090408716 0.07202596910392273 0.06759680967022669 0.0213493185850702 0.06963154700395952 0.04749270811984471 0.041202618570056096 0.07394856534997947 0.07325964350742958 0.01400970798132756 0.03490964714875667 0.06370733390351559 0.03965814242512299 0.02513353802968712 0.0229503698329026 0.05885526707347811 0.048010875675554406 0.0653083549134182 0.058570200612409744 0.013159399204650646 0.062110505979338204 0.003705389764146109 0.055520920491898725 0.0728298424421893 0.051797320761758914 0.02368881807829628 0.014106888665898027 0.05229348946293 0.021395370415753973 0.03374401696816235 0.04585813875942048 0.036209952207516966 0.049155878381097834 0.05559306165947255 0.07828426843220232 0.018728431868378935 0.07622910528651118 0.07924038448996508 0.03169413703800288 0.05444049680903063 0.03744500477152512 0.06620761564167328 0.07723280544994351 0.06581088362143409 0.067758731728143 0.058441802202436444 0.04560221466196849 0.06921492407517954 0.07122405046709565 0.04468842932972232 0.025673830417141733 0.044257812462801784 0.08665935658160934 0.04089579843192849 0.07249577116541746 0.06304022724110545 0.005036418870575246 0.06875032758995389 0.017635364130314926 0.0780787562046919 0.06386486106397479 0.03148421114272214 0.06994198161230615 0.07272133549094896 0.04740199021972757 0.03573208740024165 0.04183506564736736
 0.08186453993937917 10000.0 0.05104954650911197 0.006924605373364943 0.06227550086919497 0.07386479001471984 0.0968486074646156 0.09054412075099791 0.029888156936555294 0.07030624832926612 0.045025443316752595 0.059666692156050236 0.046633582180196066 0.06439021024284403 0.03703526341294148 0.0408766932903354 0.07712091505484542 0.024195929457390426 0.033018099480223245 0.08805706115135066 0.047959952361238484 0.08036443134636205 0.06892803107616502 0.05687299251002519 0.10481431415280384 0.02300995655651409 0.0806330982321047 0.019716264991430518 0.034675509116775784 0.07393336508757305 0.058477574315732146 0.08150310991182749 0.02654669056368823 0.04039683047092282 0.058131116568125904 0.1037247984849446 0.09389177507157061 0.03561019235286077 0.09638106088346012 0.056944662743475746 0.06251091171290159 0.053988455214893226 0.050293940662615534 0.037718885667782746 0.0266494003298806 0.10059297168542183 0.017624992455372048 0.03335675906761484 0.05149810559348743 0.04809095050032055 0.09391084141824492 0.022640869690213453 0.014662355456817367 0.019534588506643805 0.014385759228052566 0.028321521981008967 0.07843583768589935 0.03907075370069318 0.058152541982616476 0.038922301974722656 0.09881938460109965 0.05450394295664329 0.02815629910959468 0.04791980818530638 0.06033367127464131 0.021751498912726524 0.07797079088355348 0.013725219430599345 0.06424058774857862 0.010415587362643043 0.036850347389450464 0.0782424804892692 0.0898156216976872 0.03395975366622229 0.03619458692629169 0.06724442082103509 0.043533701108242485
 0.03972867582730418 0.05104954650911197 10000.0 0.04822691258614773 0.02287785884752894 0.0371790754126676 0.06705236665345768 0.0790856368936586 0.07305811543931656 0.019554435736365384 0.07047708457707452 0.03548392027341089 0.061586650443780054 0.018390130943293052 0.029990919075619595 0.01024947453235735 0.027327220239793195 0.036159347813807086 0.05868824206839699 0.04039818158053569 0.02577931857602461 0.07791446423252436 0.01911389007821123 0.02369040340300803 0.060732848795667774 0.03112632947193619 0.06775660686419276 0.03154297846868918 0.04536550364432917 0.027718548964380984 0.026367827314496124 0.04128208672935141 0.026691729590409212 0.033102137217184406 0.0172658875501353 0.06338809731946658 0.04776517430120812 0.038262963730095044 0.05998070827170124 0.006612753147447752 0.0543946083253394 0.038070573459972085 0.010426886090654187 0.01664109341446026 0.0597127267720757 0.056807713122810896 0.04001510820691752 0.06385123950401315 0.012815824789312223 0.015293386671143822 0.06876172022592537 0.04532116158292557 0.05286851582794598 0.03184123760622134 0.0371046544472163 0.023049840875987083 0.06483183351063546 0.029496376307612867 0.03430902185933575 0.029388216776513206 0.063824187129533 0.007980349812256891 0.06709358794474517 0.03666753519574198 0.03610553252142334 0.029374231343451605 0.034762585162973494 0.041120448146635874 0.025413345090956066 0.04399217589876933 0.024340219743206503 0.05540320564091001 0.08696276530868585 0.05873327782677524 0.030288672663092944 0.050117919415155435 0.0090946143613695
 0.07668731952456757 0.006924605373364943 0.04822691258614773 10000.0 0.05731529168930909 0.06828452088635865 0.09044534892502791 0.083623321318574 0.027646532922265765 0.0670131896404954 0.03931141082863973 0.06109688707238277 0.04001056163478683 0.060140556506218315 0.038595246310000525 0.038339369024251106 0.07501495094091176 0.02658484619159206 0.026802745632314214 0.08362628371438034 0.04227398821430884 0.07348495394941101 0.06674579658806437 0.051571195917442234 0.09961570521189009 0.018217472297111542 0.07374486253276044 0.01839569953591775 0.027756041206245696 0.06946361025614661 0.05878004604412085 0.07611757133843904 0.022280256541942926 0.04246178081322104 0.05721063245920333 0.09808202982671951 0.08911159391441652 0.028934902370466278 0.09043924040218318 0.05372468076018355 0.05563170482878779 0.0475384977292857 0.04885569245824529 0.03658945102410547 0.021173412687693256 0.09539050757742258 0.020573962186194426 0.027861595676962093 0.047145653278021345 0.04735290397642668 0.08729903276727596 0.015716346891995955 0.009025885768149054 0.01843055251879854 0.011293346609628007 0.0265319887049979 0.07156797681944874 0.04055652598656615 0.0595387568196458 0.03292878391941273 0.09274257154919448 0.05255932348517983 0.024314401632530614 0.04143360878244181 0.06179494727719392 0.019961224701346533 0.07299523591137098 0.007942465650195223 0.059144396871282166 0.013939716458596867 0.03733941253282888 0.07166631088824085 0.08296093362386608 0.027691164289507242 0.03016153220472076 0.06056828543567779 0.04008746397378099
 0.019747382491334717 0.06227550086919497 0.02287785884752894 0.05731529168930909 10000.0 0.014448855999753225 0.044177362857030826 0.05879619488759404 0.07641814894185274 0.021263805617047334 0.0658850351576465 0.05795494733102617 0.054277217511563454 0.00875005533460898 0.051590992166293745 0.028747105371778738 0.036506233816694704 0.05465650270505732 0.05703737498426644 0.02710855849547986 0.016994443653297737 0.060578898702094285 0.031192429820721904 0.0069715442045350665 0.0426231373813624 0.03929694040520198 0.04787983195729209 0.04557942716198764 0.04210002672923278 0.013491565147013692 0.04840832371355428 0.020056256536556034 0.03583203814242236 0.055232602253328024 0.03839133731250494 0.04282426318208778 0.03183890364178184 0.035134479558238105 0.03784535013998869 0.018570298928166643 0.038342422383392194 0.02364886395218545 0.03322273090313852 0.03713221650333869 0.06102020443167195 0.03841707772220346 0.056618339344722005 0.06295185485181624 0.012306570543323084 0.03816974754326907 0.04610274730049446 0.047981587930961904 0.058550378502552895 0.04608760538158943 0.048084536300432024 0.03890921204099812 0.04499952260778325 0.05145762561368126 0.05688029334251654 0.026487179101475324 0.041439247014212706 0.029415455232516555 0.06931939536869729 0.02607524818886257 0.05853534275258729 0.04331749365998203 0.015699203903640924 0.04937519169913479 0.0025708568019493032 0.058332974169510984 0.0457064566493935 0.03369049605258897 0.06874536696547025 0.05666850134528959 0.02901758865744316 0.03103964128091741 0.02270376684517466
 0.010748888450604874 0.07386479001471984 0.0371790754126676 0.06828452088635865 0.014448855999753225 10000.0 0.03001248687078161 0.04917605451941872 0.08407733581117179 0.03067296040969235 0.06950853798812255 0.07177723968289218 0.056889145739653084 0.02032600367044446 0.066012123019955 0.043092892214244186 0.04568536163397736 0.06855789460807694 0.06297159029830306 0.023996547653986594 0.02601653565714795 0.05428178971950979 0.042240905853830606 0.017338778905514215 0.03203808060866508 0.050977686736286526 0.03932085881768282 0.0586197691217842 0.048457940335609656 0.016771162728509245 0.06205375272569238 0.00847097917489871 0.04809053417083644 0.06968026921986967 0.05183468251390383 0.02986580486768347 0.02482939174096292 0.04250864993757959 0.023625557093675024 0.032282320432118275 0.03532027999433328 0.025633845258464842 0.047405629844959114 0.0515146626401544 0.06830795809417013 0.027888388472595376 0.07003886727841428 0.06894236779867886 0.026543775046806464 0.052457485750344465 0.03291857318733104 0.056798189005124546 0.06806170426212535 0.05916408419330972 0.060131753990194964 0.052601832617858474 0.03669544463958631 0.0659012773130806 0.07077914388152454 0.03560127494362158 0.027054631413443452 0.04324106161626453 0.07667388429473174 0.030609152102903433 0.0723264035479846 0.056420676029613315 0.01084362654884889 0.06041532905166461 0.011878088503213835 0.0710766050245131 0.06012088782557067 0.023209306285423056 0.06117688071352097 0.06239264564586451 0.03837220952435977 0.025465109348833604 0.036941130244121906
 0.03216687270726258 0.0968486074646156 0.06705236665345768 0.09044534892502791 0.044177362857030826 0.03001248687078161 10000.0 0.03274259104116166 0.09948443117097312 0.0593296243728757 0.07878621566681003 0.10178404735549805 0.06607290447667691 0.05022139560895529 0.09512140426867223 0.07209136370710287 0.07334249170651919 0.0961098129732071 0.07709626029050337 0.04382349977533926 0.05053881978561871 0.045534218675498374 0.07124250201818427 0.04508884816913601 0.033350115131732146 0.0753044862640256 0.029416322565234864 0.08473247092517382 0.06523007343218988 0.044599843092232326 0.09203797570298874 0.028853279186984642 0.07345248525301015 0.09902304622408323 0.08178814791628568 0.023241830363839935 0.03848533333250303 0.06174661397964737 0.013895743214784904 0.06229479735377928 0.04016606804325825 0.0429091534840726 0.07735777605194716 0.08054110434248148 0.08421472797597432 0.03177577104253562 0.09654471681270728 0.0825351006282892 0.05565793266133913 0.0823455813305011 0.008720281300244447 0.076294461750019 0.08776859152728497 0.08532129041414872 0.08451043870460066 0.08005530606557518 0.02877128284143797 0.09518994497688872 0.10079126818261896 0.058260006037615934 0.01057812825549049 0.07325354847413588 0.09202494049123269 0.049025391454800046 0.10232933702745273 0.08271876097233417 0.03646902389008634 0.08314131314105021 0.04163949342608984 0.09625359987468764 0.08922458685711716 0.01964033447876783 0.0478717650236185 0.07622517177254755 0.06087352996614495 0.031196705337714323 0.06579012420392721
 0.05693937475111378 0.09054412075099791 0.0790856368936586 0.083623321318574 0.05879619488759404 0.04917605451941872 0.03274259104116166 10000.0 0.08327801591081799 0.07909923297840092 0.05863266122285086 0.1142306364533068 0.04815967400816552 0.06721739193151931 0.10135799125453263 0.08002398113993463 0.09441582391000915 0.09801140541884176 0.062274792933616346 0.07073772378331863 0.05493907499124202 0.015754332511220628 0.08990174740076412 0.05559900553749175 0.06541492201875782 0.07371703166827391 0.011410185697834049 0.08483173967044086 0.055868801572457966 0.06592076263386579 0.10543906552826547 0.05324317458655542 0.07378330799910152 0.10588787530860015 0.09609416815342192 0.05577453200081273 0.06762322062737253 0.056209710882025116 0.04557386035824597 0.07664851611157728 0.02861296426312148 0.04268261294811721 0.08920928638406843 0.08767491255757476 0.07030517899340699 0.06318601154953292 0.09621002300732857 0.06629109345821126 0.06627034789645937 0.09322379595774026 0.02402547574731547 0.06792273597490214 0.07797153784632765 0.08543469040911832 0.08171219224792992 0.08330163575649274 0.01430755200948391 0.10208222973653895 0.11293099483914162 0.057923425325881434 0.04311100819749189 0.0867497797363057 0.07651547402458762 0.04694183109301828 0.11489245962481213 0.08339136464213204 0.05942868847216776 0.07803740309970884 0.05692183932489005 0.09350835583221372 0.09587061749750958 0.025967983485529044 0.015196125086663308 0.06123059286510341 0.05963422373244533 0.029049625302458002 0.07410826063734749
 0.09399264199476627 0.029888156936555294 0.07305811543931656 0.027646532922265765 0.07641814894185274 0.08407733581117179 0.09948443117097312 0.08327801591081799 10000.0 0.09040700235228606 0.02569429021070469 0.08871903560765806 0.03520885501140626 0.0814076785095033 0.0661572936181552 0.0639444889565169 0.10036634353158752 0.053758119090610304 0.022389635504866806 0.10352600730445854 0.05954783173169674 0.06955102242742828 0.09211048698674702 0.06971179572570678 0.11609114301798439 0.04198153761045136 0.07596894910423242 0.0457689846144254 0.03570490118507193 0.08969070034092945 0.08631168345065383 0.09249927876003314 0.04641030199089125 0.06987084043953325 0.08409255842610369 0.11234597160225662 0.1076183615035026 0.04170319023065683 0.10313467877605231 0.0776678834185088 0.05981148464119562 0.05922291413036773 0.07540218546700111 0.06360080859623317 0.01579008452869444 0.11196188823012103 0.047346634868389186 0.017229218643872897 0.0687952086300218 0.0744655348772261 0.09416829331114362 0.028678752610304958 0.020443418213509312 0.04587854357198315 0.03825075743613294 0.05334996738701291 0.07465738331159597 0.06814044304308074 0.08716560080407812 0.04993147919447615 0.10441560561305092 0.07849904432791159 0.007515533966469452 0.05361739026953826 0.08941308600282188 0.0470517902723542 0.09128307291385078 0.03266865091436972 0.0776226708946114 0.040184368728393406 0.06496640588633537 0.07984607736227503 0.07762455885033433 0.0232784093491938 0.047451056338490276 0.06832233908008176 0.06419840785385081
 0.027717919828246174 0.07030624832926612 0.019554435736365384 0.0670131896404954 0.021263805617047334 0.03067296040969235 0.0593296243728757 0.07909923297840092 0.09040700235228606 10000.0 0.0840887224426969 0.04514276350539169 0.07345452127998453 0.012537848280153288 0.047471909151745914 0.02977296434880799 0.015369040011057884 0.05534194991800704 0.07364883347958291 0.022966317151855983 0.034925101451747514 0.08178108946968415 0.01195352856597176 0.027009782710083537 0.04466352770460251 0.049217110948954396 0.06853052145097042 0.05098927633889385 0.05914519583548382 0.014743894938362607 0.0352613346771585 0.03062151287788204 0.044885854978067685 0.04962895699291458 0.025198149022769206 0.04960838442756483 0.0310659720361484 0.05181261363212088 0.049089397499267544 0.013361792138631945 0.0595697323402355 0.04437609738167352 0.02534699340778055 0.035703575861686244 0.07605517557030045 0.04119545245673424 0.05950402126257869 0.07926967793621705 0.02211722212644134 0.03047575799811417 0.06338519144063226 0.0618982867593025 0.07074840999345848 0.0513125671144921 0.05613435064928862 0.042569424824379566 0.06570716231935898 0.04650587439724159 0.04451797357718917 0.042441331066328546 0.053389513491312476 0.01980798588114724 0.0839321225302632 0.04566060910683548 0.04554377688212212 0.048781494460811946 0.02297840803442095 0.059552589066975976 0.0225676094508211 0.06353377595612304 0.042372872794580047 0.05332956588233458 0.08977305088409132 0.07348882258602923 0.04428441752721175 0.05216046451247467 0.026926233464482044
 0.08016279090408716 0.045025443316752595 0.07047708457707452 0.03931141082863973 0.0658850351576465 0.06950853798812255 0.07878621566681003 0.05863266122285086 0.02569429021070469 0.0840887224426969 10000.0 0.0952741362212768 0.012962929474622818 0.07290418417027766 0.07434885098756355 0.06376361623819335 0.09683378047720137 0.06433490425780893 0.013283114905637577 0.09188642730648285 0.049465100219763726 0.044240359786402776 0.08905242294885875 0.0589314283642095 0.10040266305989379 0.04354972660763816 0.05256913935182124 0.052406004350132075 0.025193266476647387 0.07927286974078336 0.09029982930601899 0.07787712822000852 0.04711560239236619 0.07880701001625484 0.08522875242992917 0.09489333865466833 0.09426406888176601 0.03248148503186814 0.08482042617896987 0.07319515334674273 0.038725924991241535 0.043977166332574216 0.07616272350141813 0.06673992674726183 0.018387985257476716 0.09652227310729794 0.0591799777586668 0.011737454681147105 0.06212186001450583 0.0770249383977115 0.07238299619523392 0.028339312945358703 0.030450941253542668 0.052793909130497335 0.0453409553442368 0.05718400094766408 0.05174043690813149 0.07603831967323094 0.09369144754598482 0.04181275804512214 0.08529311718220582 0.07756913989887011 0.02034958912197666 0.039963530780323775 0.09601011432651424 0.052594584698495796 0.07862339139494144 0.03907148221976465 0.06629524256360951 0.05312468175553914 0.07120344877174316 0.05959015254497357 0.05200784601323856 0.012749005913733425 0.040367649908043514 0.04872371624845026 0.06149182011811572
 0.07202596910392273 0.059666692156050236 0.03548392027341089 0.06109688707238277 0.05795494733102617 0.07177723968289218 0.10178404735549805 0.1142306364533068 0.08871903560765806 0.04514276350539169 0.0952741362212768 10000.0 0.089614530104076 0.05164104907775431 0.022641831057248 0.03498758476480054 0.03804599249955457 0.035567895156126815 0.0821065483428891 0.06775335971237914 0.059677839257639455 0.11176392381830842 0.03426393819835718 0.059151654258466635 0.08961262820048445 0.05175637674179078 0.1028424591920198 0.04366629871465684 0.07242900304951572 0.05890779172040361 0.009923411526595847 0.07437316943123534 0.048505567570308834 0.01957699721520793 0.020229260459550348 0.09469747981290424 0.07597568390057625 0.06666787968761739 0.09328036455743972 0.03951223368046665 0.0882734453439165 0.07221755154887359 0.025117582389849902 0.02913766425651263 0.07988539399708888 0.08627748524804218 0.042211474645349314 0.08576616317556315 0.0481560653639696 0.021075241204330335 0.10405148154540593 0.06701882429855961 0.06919076433039037 0.04341738512283301 0.051261728942520145 0.0381027407602151 0.0999290471286857 0.02062128284432683 0.0015864673488415254 0.05987514563029084 0.09740905235713959 0.028565253337299087 0.08502854297129352 0.06951902605342589 0.0007382039012764739 0.043000895980284226 0.06702797010215834 0.057512851403822805 0.06039884747090976 0.049333173678911144 0.024234536354630208 0.0908868200869049 0.12113418254479512 0.08254498379487683 0.059521204164963225 0.08518234756822417 0.040364513121681884
 0.06759680967022669 0.046633582180196066 0.061586650443780054 0.04001056163478683 0.054277217511563454 0.056889145739653084 0.06607290447667691 0.04815967400816552 0.03520885501140626 0.07345452127998453 0.012962929474622818 0.089614530104076 10000.0 0.06177434002989492 0.07018065269707587 0.056187431100532224 0.08694299496875596 0.06189502363490666 0.01459673087564653 0.07967100453859374 0.03853074445830313 0.03519888279392532 0.07947435407675443 0.04741337909691945 0.08752439195807633 0.03849626591403761 0.04086175019435264 0.04888714173084384 0.017186037394517822 0.0674769109454894 0.08359114883861787 0.06519490583842498 0.04120346879209973 0.07482330300366377 0.07741492494175677 0.08193194356631275 0.08170276266875587 0.023524562405140937 0.07186287661498209 0.06347118946522219 0.025919557259445294 0.03157941457075001 0.06847088701284643 0.060518378889327186 0.022604074691318136 0.08367370855746077 0.05773443522921655 0.01813152351720294 0.05193094028864502 0.0700921638563098 0.05994121998983671 0.025533382332344784 0.032360415243431674 0.049377607708266304 0.04283410453074491 0.051885082285512064 0.03971989226990795 0.07165226760489343 0.08805858924318562 0.03221908083903109 0.07237665638322227 0.06911678236051311 0.02835589948497857 0.02820558964490264 0.09035187935001973 0.048514062462446814 0.06629589040803668 0.037177058499930984 0.05445214412714439 0.05274616822080062 0.06622526094796966 0.04674454797198534 0.044082293114896205 0.013536279593977496 0.03140881339590459 0.03577878270952299 0.052930365071045975
 0.0213493185850702 0.06439021024284403 0.018390130943293052 0.060140556506218315 0.00875005533460898 0.02032600367044446 0.05022139560895529 0.06721739193151931 0.0814076785095033 0.012537848280153288 0.07290418417027766 0.05164104907775431 0.06177434002989492 10000.0 0.04834775787881247 0.026734517061687266 0.027757259347266663 0.053435698574950306 0.06321261569076199 0.02371957706186336 0.02343922773004754 0.06932515445481648 0.02268883897323905 0.014653878578855022 0.04269296485320235 0.04192771380978282 0.056431378538967326 0.046233441180745266 0.0484016990418984 0.009828242331906618 0.041839777750419326 0.02308501282550591 0.03794571212158914 0.051484836336594286 0.031569257789823064 0.04499799871013382 0.03023280173610054 0.041169603753328794 0.04195603843543046 0.012483015236013553 0.04703230147350521 0.03197106930659798 0.02792474554103824 0.03452867023421303 0.06643235056753966 0.038671005370728546 0.05637161873706275 0.06900912070826079 0.013001454286224364 0.033172826774891175 0.05314911686119522 0.05273197185643342 0.06256889710159792 0.046669551014114505 0.050005452820674055 0.0385830609831206 0.05357130202119818 0.04788599585193432 0.050705015601230224 0.03197767092852319 0.04595288093235256 0.023282089955598016 0.07457265995488578 0.03368442923518271 0.052168002813476874 0.043940955617031874 0.016372578262328335 0.0523204720233925 0.010305683095853778 0.05912664849158146 0.042628623868694406 0.041762213211455367 0.077445332031948 0.06294773081832408 0.03417977167001892 0.039759802401034265 0.021690188391688625
 0.06963154700395952 0.03703526341294148 0.029990919075619595 0.038595246310000525 0.051590992166293745 0.066012123019955 0.09512140426867223 0.10135799125453263 0.0661572936181552 0.047471909151745914 0.07434885098756355 0.022641831057248 0.07018065269707587 0.04834775787881247 10000.0 0.0230323095259531 0.047712820876826406 0.013081652869315924 0.06106886574301319 0.06985375076628515 0.04687793284746747 0.09633633528473973 0.04069456763475498 0.05006932339292839 0.0906477156464538 0.03168752176371358 0.09003178770004153 0.021962515616118932 0.053261748245211606 0.05768290574035645 0.022582378899860096 0.07097721598173415 0.029440831365686666 0.00470056277654507 0.026015356331025963 0.0933170796216979 0.07750419804765872 0.04861353945158438 0.08938230033526891 0.03635926099300752 0.07357360567179927 0.05871478359053221 0.02214989214816032 0.014580332080141608 0.05805726835509546 0.08676280286847791 0.019697569582505587 0.0642093202522352 0.03955176349641171 0.01726977977353884 0.09553355305543247 0.0460429837063799 0.046924522789670055 0.021606439325524772 0.0293229306375803 0.018757631906229352 0.08722827064090745 0.0020507756772388964 0.021119472808105513 0.04383981485596195 0.09302981577574378 0.027700635824269074 0.06272326205255457 0.054604960201927774 0.023317335212387096 0.021827922820151942 0.06470333136805098 0.03566710443839979 0.054154468856666874 0.026739365898425516 0.005901123228171659 0.08079351128803493 0.1060006237777244 0.06161972893237208 0.04266837389281177 0.07285957623974063 0.02933247261835001
 0.04749270811984471 0.0408766932903354 0.01024947453235735 0.038339369024251106 0.028747105371778738 0.043092892214244186 0.07209136370710287 0.08002398113993463 0.0639444889565169 0.02977296434880799 0.06376361623819335 0.03498758476480054 0.056187431100532224 0.026734517061687266 0.0230323095259531 10000.0 0.03670424439699509 0.026707872404157573 0.05131416193478838 0.04986024371629084 0.025091530902747967 0.07681469871328982 0.028425599188578628 0.02706876700750446 0.06941707257099221 0.02204582419602743 0.0686159428741102 0.021304424475197516 0.039238827634486204 0.03650515400010699 0.027657869676890774 0.04849471883749087 0.01768523664267049 0.027002359338421673 0.021465143198006114 0.07111574271399038 0.056867191247476925 0.0327043940387885 0.06659216184044717 0.01655869443264589 0.05337886051469976 0.037526532442256864 0.012401896169552503 0.008455955374379764 0.051381854510285735 0.06536956755053255 0.030027875984437163 0.0560766082597043 0.016561069768500195 0.014195033482239725 0.07266386778997362 0.03709878968485121 0.04356519039269452 0.02159516076639675 0.027110535539160242 0.012802379705333232 0.06573811256688132 0.023144736858759406 0.033552156167397054 0.02506999828175917 0.07014442556854801 0.014566955397232588 0.0583483525429604 0.0345404882325022 0.0356968759145232 0.019155414030918697 0.04272501166154682 0.03154226410794053 0.03129001630064256 0.033761037043514484 0.01713362187908617 0.058200289414268226 0.08623953077631245 0.05149731880438524 0.025061224212415165 0.051081571449731425 0.006320976553318144
 0.041202618570056096 0.07712091505484542 0.027327220239793195 0.07501495094091176 0.036506233816694704 0.04568536163397736 0.07334249170651919 0.09441582391000915 0.10036634353158752 0.015369040011057884 0.09683378047720137 0.03804599249955457 0.08694299496875596 0.027757259347266663 0.047712820876826406 0.03670424439699509 10000.0 0.05828174822961986 0.08556787454643108 0.03244488508280636 0.0487426838063023 0.09708151511934507 0.008281579229610623 0.04183578942401523 0.05382701389049679 0.05839905058970621 0.08389318073260933 0.0574080780419973 0.071649374263736 0.029133581720559174 0.029223049184495153 0.04450260729296068 0.05396497775349407 0.0484496606305412 0.02178038563107408 0.060712134778095415 0.04051356952879053 0.06435349510984134 0.062041068612864576 0.02364040697781802 0.0746555744380368 0.05911931272923436 0.027230330791722327 0.03974673363835151 0.08697356555534022 0.05107973925498972 0.06361057607123922 0.09090242648503068 0.035018221842514644 0.030886275660046477 0.0780105863151296 0.07258958964356006 0.08011380530384693 0.057588708916087084 0.06374781975458026 0.04881902070046837 0.08107360072354985 0.046214578072002264 0.03793545061353653 0.055058885494488084 0.06643301899437204 0.02262018804978644 0.09441627101010931 0.05979627083901009 0.03822603522435628 0.055437649970716166 0.03694934630740567 0.06821292116412346 0.037915920743082566 0.06889545542029957 0.04389766259398803 0.06858239696909041 0.10513254650270115 0.08553611195152633 0.056488999305163615 0.0674923322435704 0.03632384130139297
 0.07394856534997947 0.024195929457390426 0.036159347813807086 0.02658484619159206 0.05465650270505732 0.06855789460807694 0.0961098129732071 0.09801140541884176 0.053758119090610304 0.05534194991800704 0.06433490425780893 0.035567895156126815 0.06189502363490666 0.053435698574950306 0.013081652869315924 0.026707872404157573 0.05828174822961986 10000.0 0.051138899857923206 0.07645723083585326 0.04585262350290046 0.09112517061296871 0.05063340953458482 0.05150655250025077 0.09609731245095045 0.024701122816084973 0.08697470076782934 0.013445659726269939 0.045810041901862414 0.06321298324821091 0.03540841785431615 0.07468175360834868 0.024236755533517892 0.016200946132801968 0.03726260183547173 0.0974275098758573 0.08356609645035366 0.04262539056869493 0.09218007528597909 0.04276479578102 0.06952072751025364 0.05628231197367438 0.031249129470804535 0.01963975512535618 0.04707885538139113 0.09202893852504025 0.006643873624403729 0.05353435666755294 0.042376280751795926 0.027461930656269676 0.09532854575916527 0.03663690027935904 0.035354273817895694 0.012875470231677377 0.019169521500210236 0.016071381799053073 0.084323284365415 0.01513163915118466 0.03407976410910313 0.04025989727263745 0.0954512569033858 0.03648576304099072 0.05089915102298267 0.05123785644274211 0.0362200291672221 0.014637769821816785 0.06928154249265299 0.02529249318065717 0.05710433558742184 0.01379885463531545 0.014586730951483703 0.0799423763153223 0.10085967597877239 0.051821681090629505 0.03838825852285596 0.07068790683927169 0.032113604468605235
 0.07325964350742958 0.033018099480223245 0.05868824206839699 0.026802745632314214 0.05703737498426644 0.06297159029830306 0.07709626029050337 0.062274792933616346 0.022389635504866806 0.07364883347958291 0.013283114905637577 0.0821065483428891 0.01459673087564653 0.06321261569076199 0.06106886574301319 0.05131416193478838 0.08556787454643108 0.051138899857923206 10000.0 0.08385386385860123 0.04009142338229247 0.049766003540819476 0.07758701386738319 0.05010084041608074 0.0947756982667773 0.030482477889043964 0.054168986707816676 0.039123093237221705 0.014938596437086052 0.07052535790897906 0.0773747091692594 0.07144218197285315 0.034232446734304645 0.06552389545583928 0.07272852408508018 0.09047636617333192 0.08717772838982968 0.022046255494905933 0.08103452134508296 0.06199996946985681 0.037512649382284505 0.03757019092141159 0.06366189042077085 0.0537748999459516 0.008057358261353507 0.09071646909592289 0.04614323660576404 0.0059815316681561615 0.05153189067705441 0.06422171465874124 0.07183392122668839 0.01509803928196998 0.018399223734802298 0.03951094509521069 0.03208539128969034 0.04405976900311831 0.0526688109377364 0.06276513706240193 0.0805219982812824 0.03129659506861671 0.08217374665580535 0.06544269774871277 0.014965754306027099 0.03237948816886394 0.08284126034954514 0.03933221248678555 0.07103352784399439 0.025849368692811268 0.057856076460413644 0.040345385281465876 0.05798393185929569 0.057459151911545575 0.05867550548862516 0.0010616515882333757 0.029366269171155094 0.04594565301940724 0.04960691725653127
 0.01400970798132756 0.08805706115135066 0.04039818158053569 0.08362628371438034 0.02710855849547986 0.023996547653986594 0.04382349977533926 0.07073772378331863 0.10352600730445854 0.022966317151855983 0.09188642730648285 0.06775335971237914 0.07967100453859374 0.02371957706186336 0.06985375076628515 0.04986024371629084 0.03244488508280636 0.07645723083585326 0.08385386385860123 10000.0 0.044033889045411514 0.07770657211330359 0.033587402339883075 0.033875131597974124 0.021867053458633316 0.06541796031943796 0.06200229799985239 0.06992194482721187 0.06893473268961885 0.014163006647187502 0.057967585544418825 0.017614679554934537 0.06155114279511684 0.07231502781217086 0.048083620647521946 0.02830015099386875 0.008242118651239064 0.06212863933839766 0.03097759676708019 0.03379587734468291 0.05929262472428897 0.04809838678026114 0.04795275360221488 0.05703818573799794 0.08809544773987933 0.018738754615055205 0.07981117683864229 0.08980743371569039 0.036563156289205034 0.05319434165858741 0.05019431386790878 0.07506575893940116 0.0854767332751332 0.07034826112605701 0.07367977327248529 0.06212265587220392 0.05960919301646695 0.0690425250600297 0.06722862571239428 0.053595662318714224 0.03534579308948332 0.0424966902787454 0.09641054014414728 0.05198971183194802 0.06810687317331629 0.06763142721525855 0.013489889484876156 0.07574376235200024 0.026018678093050182 0.08280733751862235 0.06447414083078333 0.045468301588907 0.08392362667595694 0.08342563505117415 0.0561159675004074 0.049428677830903274 0.04528344204711218
 0.03490964714875667 0.047959952361238484 0.02577931857602461 0.04227398821430884 0.016994443653297737 0.02601653565714795 0.05053881978561871 0.05493907499124202 0.05954783173169674 0.034925101451747514 0.049465100219763726 0.059677839257639455 0.03853074445830313 0.02343922773004754 0.04687793284746747 0.025091530902747967 0.0487426838063023 0.04585262350290046 0.04009142338229247 0.044033889045411514 10000.0 0.05230866961745165 0.041679049723112455 0.010167738630044741 0.05764860960826919 0.025299768127832214 0.043534006747310915 0.03419637789737268 0.02516995157718576 0.030456259795200356 0.05142321109062987 0.033987771047821545 0.022984765267545296 0.05127396870186296 0.04298847380893982 0.05581559999136712 0.04817487604092005 0.018140900312325153 0.04851490145570469 0.02582840447897491 0.028751288656976952 0.012542665512644971 0.03508393772175 0.03282225726189568 0.044061971137284536 0.05343453746599704 0.046006739231014344 0.045984687940205056 0.01396796537528973 0.038603184750987556 0.04948078047457735 0.03135594750727539 0.04232508491763834 0.034783899380734305 0.03455426960141198 0.029964910753233896 0.04066471120242738 0.04742426122868687 0.058312894354284085 0.009783781579910254 0.05117111253828445 0.03375966698315946 0.05238451145369335 0.011162844851243976 0.06036358056904788 0.032182696237215 0.03181260428964735 0.03442466715778247 0.01807494360295435 0.04598028918170518 0.041208251360217496 0.03420842487335389 0.06153404092072052 0.039753245964658845 0.012494089892866513 0.026072956171337883 0.019318828183385338
 0.06370733390351559 0.08036443134636205 0.07791446423252436 0.07348495394941101 0.060578898702094285 0.05428178971950979 0.045534218675498374 0.015754332511220628 0.06955102242742828 0.08178108946968415 0.044240359786402776 0.11176392381830842 0.03519888279392532 0.06932515445481648 0.09633633528473973 0.07681469871328982 0.09708151511934507 0.09112517061296871 0.049766003540819476 0.07770657211330359 0.05230866961745165 10000.0 0.09147160348213278 0.05582717302789211 0.07624344635749314 0.06642493973099932 0.01665580274567193 0.07768922499605106 0.04631307048533696 0.07025162762027355 0.10372247815126853 0.06018310052097131 0.06738099749889083 0.1010018289552879 0.09517968136245625 0.0674602021781357 0.07607780196872209 0.04849988344797354 0.056817240043729254 0.07676842272199952 0.023557384069954366 0.03985254013372644 0.08739029840555818 0.08366076241050574 0.05779815564256562 0.07344272571716418 0.08839217627911987 0.053036068386444805 0.06538020292213197 0.09074357186035158 0.03706293813955485 0.057897363491301986 0.06681807977610896 0.07826935839029081 0.0734158837140578 0.07768755511527535 0.018443654971480976 0.09734106724738623 0.11035106252479798 0.052591456716624664 0.05518159779772616 0.08586168110354661 0.06319343171150124 0.042292631182334145 0.11246430702914967 0.076582793078287 0.06509904368076522 0.06889893585086747 0.05923330884954827 0.08473487103405423 0.09125337549868635 0.032634525310152394 0.0097345236727828 0.048704384680775585 0.053671545129593885 0.029661625065649812 0.07147719641543078
 0.03965814242512299 0.06892803107616502 0.01911389007821123 0.06674579658806437 0.031192429820721904 0.042240905853830606 0.07124250201818427 0.08990174740076412 0.09211048698674702 0.01195352856597176 0.08905242294885875 0.03426393819835718 0.07947435407675443 0.02268883897323905 0.04069456763475498 0.028425599188578628 0.008281579229610623 0.05063340953458482 0.07758701386738319 0.033587402339883075 0.041679049723112455 0.09147160348213278 10000.0 0.035707941153271895 0.05545076854176186 0.05013555451240507 0.07906390183038758 0.04921176941387057 0.06386020152551543 0.026688333310901622 0.024637875845749717 0.04257284896541051 0.0457028904430596 0.04192161859909054 0.015506283361657805 0.06112668749933569 0.04182831067555961 0.05660693689948756 0.06100913919028792 0.016007276831605466 0.06858777998033029 0.052678651709815734 0.01939793509901807 0.03174028284246464 0.0788163103263396 0.052244109618116055 0.055753198675493935 0.08285302378366237 0.027751688336228382 0.023525544569427438 0.0751038248032434 0.06442603376321071 0.0718413423402796 0.04940576906948488 0.05548499707274013 0.04061059577906812 0.0761887443926831 0.039350119168079796 0.03383681299150584 0.04739386480249458 0.0653222481347523 0.014489646404223195 0.08620289922732981 0.0528264470619564 0.03458573887817361 0.047217140019977795 0.034931454893245846 0.059931492858791124 0.03298010260280855 0.060853016005732424 0.03646537474104233 0.06441083955173388 0.0998536530427753 0.07758474136877584 0.048685630420967636 0.06214032505578942 0.028161807015580114
 0.02513353802968712 0.05687299251002519 0.02369040340300803 0.051571195917442234 0.0069715442045350665 0.017338778905514215 0.04508884816913601 0.05559900553749175 0.06971179572570678 0.027009782710083537 0.0589314283642095 0.059151654258466635 0.04741337909691945 0.014653878578855022 0.05006932339292839 0.02706876700750446 0.04183578942401523 0.05150655250025077 0.05010084041608074 0.033875131597974124 0.010167738630044741 0.05582717302789211 0.035707941153271895 10000.0 0.04804512176092639 0.033883518392567195 0.0443654478886963 0.041283682534114664 0.035162284343357816 0.0204523838463734 0.05002609973912105 0.024633560899963963 0.03081581594815139 0.05406523687349503 0.040505787398544636 0.04707767118104014 0.038096676846172 0.0282604581587031 0.040807140796497096 0.02115428687568446 0.03290135518044029 0.01736641165138103 0.034038962910361244 0.03549513791950555 0.05422580542616904 0.0438200030946697 0.05274764087455307 0.05602668884774581 0.011067988859490636 0.03851910667428701 0.045686048784793265 0.0414358404406441 0.0522387292762365 0.04182992115157113 0.04294322107395267 0.03546674328113124 0.041442084448777276 0.05021164191859059 0.057946337373778835 0.019852923998813294 0.043959839732165745 0.031181443638047437 0.06255171312509054 0.019213634694877715 0.05978121317359796 0.03909042878019098 0.02174485015462703 0.04364047508851673 0.007914818377353723 0.05375342785824891 0.04418162965167522 0.03176694566978049 0.06441395741099928 0.04972016149880143 0.022480381464629537 0.02689201762001675 0.02074947057348603
 0.0229503698329026 0.10481431415280384 0.060732848795667774 0.09961570521189009 0.0426231373813624 0.03203808060866508 0.033350115131732146 0.06541492201875782 0.11609114301798439 0.04466352770460251 0.10040266305989379 0.08961262820048445 0.08752439195807633 0.04269296485320235 0.0906477156464538 0.06941707257099221 0.05382701389049679 0.09609731245095045 0.0947756982667773 0.021867053458633316 0.05764860960826919 0.07624344635749314 0.05545076854176186 0.04804512176092639 10000.0 0.08180537830950775 0.05959091023151174 0.08805567054219773 0.08042727510772825 0.03303195552628474 0.07980887429371464 0.023711338997890043 0.07844512844879163 0.09341146460474754 0.06985390397801976 0.010568777174969284 0.01363699924492168 0.07454577261522263 0.019844215855345362 0.05428902513643289 0.06336834258292387 0.057218960360098645 0.06913383419274412 0.07717160642585567 0.10031133691644882 0.004225215220247097 0.09875360812083453 0.10072147317422543 0.05427195474187899 0.0744327767997918 0.04174008471348112 0.08876673480212605 0.09993664755623852 0.08854382105726141 0.0906909062300039 0.08092302315694418 0.057959537840393933 0.08999402091840117 0.08907261737577164 0.06738590071291624 0.022797503924532385 0.06379888843374296 0.1086687454237999 0.06252583305060573 0.089970224628533 0.08577541633808747 0.027064725104836027 0.0916826259641493 0.04057774818349739 0.10088028358278424 0.08506802728357689 0.04438076340371445 0.08020099825198404 0.09415078374927488 0.07012996432827631 0.05275743996440267 0.06411295830154122
