NAME :TPP_input_20_4_4
NUM_VERTICES
77
NUM_CLUSTERS
20
Full Matrix
 10000.0 0.042557572300977266 0.0436280917290309 0.049284873213110474 0.05595427343552263 0.014217846886321649 0.04618099249704031 0.028303869223960988 0.03577310618623497 0.04744211313110799 0.0499681625040715 0.03486139457171488 0.04127536782809727 0.00881976112493637 0.054455692926437184 0.040496671215792285 0.05343651308603477 0.030332938712844225 0.033786366512963927 0.009139970937319044 0.04518883785465173 0.022214613082678823 0.009064491184634286 0.03278382768605618 0.04158290705772938 0.044713378221849565 0.023393506473862017 0.05217342071230321 0.01686570143187064 0.0603644628655181 0.04982174576289476 0.04808356344026673 0.05998525128136674 0.021521139335871586 0.059361415268115246 0.027257977808957817 0.02837503963195616 0.0312849510281383 0.032015532820027996 0.05424697798587071 0.06594591839569046 0.030666756699624823 0.027385038582386688 0.042750055531393154 0.03417762658431292 0.06551101788924947 0.04826641404188711 0.05581227137777513 0.04070115121507113 0.06458279396910364 0.04180250165488431 0.06034027612245455 0.03881456908410821 0.04234873015121278 0.026353202037196866 0.013460740231391637 0.04263674160886911 0.020224933002125776 0.027187866600420694 0.05342026314701755 0.05706820719975735 0.0592675747785251 0.05226353719489838 0.06072181114543261 0.071969881953154 0.05287946230028172 0.03212602683805998 0.02941115789220234 0.04539631607650521 0.033848697437102074 0.04862893079443094 0.0372319345319996 0.04548378194612405 0.053290367512902434 0.03854392617454251 0.033971674679907714 0.040071579507242966
 0.042557572300977266 10000.0 0.08027366752358969 0.06492638903390639 0.024254351307676697 0.04676310115269971 0.0583344008379495 0.048719313330578405 0.060131480208074586 0.08433936947344667 0.08889389693704582 0.03091978125002741 0.04284580884814569 0.05096991113835188 0.054664962489330046 0.016636105896136916 0.09518639306923973 0.0684415718927625 0.03757349150142148 0.04593955822564226 0.07178851088033744 0.06434854904968924 0.04828259473478363 0.07531212424878803 0.08405921094057263 0.08649086854164444 0.051220058924302654 0.09471794630547098 0.04684812519202502 0.08539722020730048 0.09215894693244205 0.048186178792838194 0.09486623243592464 0.02575018794304744 0.10145611234068579 0.054125009864365935 0.060051617203494785 0.06266797140598629 0.029302180892388518 0.05133481354237862 0.09577391003580714 0.043833413934536936 0.06362387053657728 0.08524833094811782 0.0288594788814007 0.09117061583235343 0.060753347543340316 0.09735160306729357 0.077539742212622 0.1044176326205957 0.049884184824469144 0.0867959557727769 0.009724386288018293 0.030995117604238773 0.018188542947899608 0.03138289757415065 0.08379954737066699 0.06169005431824514 0.04337641494193509 0.09510751566762451 0.09950896848715385 0.1001449582813985 0.07075535956327646 0.09504687884901057 0.10002221299019314 0.09397963573090894 0.07009297444399246 0.04281587612582433 0.07275275492619819 0.03605262157409012 0.016600664625651174 0.07802576448617624 0.025224314517830724 0.09221146042542254 0.08088438449888447 0.06915290137632811 0.0791186899083011
 0.0436280917290309 0.08027366752358969 10000.0 0.03788198501674456 0.08350315330509371 0.03379791067748483 0.04168070443012351 0.0674594282075994 0.026508688465533916 0.004065708134722014 0.05720811139741579 0.07846188770138175 0.052220788173095084 0.035713980732882546 0.0958581199362652 0.07072081816949764 0.04759269689488173 0.05025701584250878 0.05018084302785018 0.03612218814596349 0.021198641143099915 0.036432254368892546 0.04579513331990503 0.027748917086383638 0.03452643537325639 0.04286066968074388 0.060189090913246396 0.03432740247301454 0.03343125153233694 0.028763302097627664 0.040352845502118255 0.09015120117172803 0.01652391505231788 0.064701868052809 0.04864127335081457 0.027785847878907702 0.059110451069402846 0.018748035594526945 0.07564191644938735 0.09640677312802712 0.026270677606669648 0.04182330970983185 0.05273323908228575 0.02843404342434084 0.05765268696049802 0.031170951640360316 0.04163393709329926 0.0503554630873616 0.057242628502642924 0.06379183356355576 0.08255905792431335 0.0266877786837891 0.07303767548954943 0.06313329014115049 0.062087723563554915 0.0496428348520311 0.04537458977369069 0.03979943134035367 0.04008181662197885 0.02468766086606579 0.0429868373927723 0.05599300721146015 0.08579586234320834 0.01749378366680411 0.03324294759124709 0.05094358906350262 0.011568132678479316 0.07100786872014825 0.07342537656577763 0.0770455173053767 0.07901886591046896 0.014449925902585939 0.07033593116919185 0.05920992308509435 0.024710575758516894 0.0570273784857421 0.05173971878105472
 0.049284873213110474 0.06492638903390639 0.03788198501674456 10000.0 0.05739837900082127 0.03528995595853318 0.00702369359565746 0.07748941667386833 0.01545983804280579 0.04046679964619444 0.08708377868465561 0.07804900956431576 0.023398633989042322 0.047179622032241145 0.10165729549691639 0.04991737438496156 0.08170208510847679 0.0729239747126848 0.02735289989681958 0.04060100646707215 0.016971402168166897 0.05880380625827881 0.05700670683231874 0.05780284461833796 0.06739486918023249 0.07496058280687613 0.07254921228488757 0.07077982425002399 0.032491194803373695 0.0229998885236634 0.07495552221351327 0.09478668325166284 0.04298612540019621 0.06237216326835668 0.08432563466804201 0.02287335993792385 0.07610544207695367 0.02504519807327357 0.07491116759017212 0.10053945105130731 0.036247116431207885 0.0223160015157414 0.07257973639285896 0.06298703291376034 0.03617426174579672 0.028406452090643252 0.005162967724404025 0.08456814425996635 0.08261476788520873 0.09731577875090708 0.08999302428981562 0.02543347264035532 0.0554426089036313 0.03697479603191559 0.04972722106677825 0.04440116230136328 0.07589425347289139 0.060211531129142216 0.024456641145589857 0.06246234231299051 0.079174486802676 0.08988983711029497 0.10142529094736796 0.04212664761151692 0.038119961232331814 0.08397248536779517 0.0374952164360167 0.0775755122119934 0.09306216131243254 0.07932662867397029 0.05623934322363995 0.04827983990962396 0.04503671891261326 0.08982603258568671 0.05815467702288402 0.07874237292981759 0.07897041596957653
 0.05595427343552263 0.024254351307676697 0.08350315330509371 0.05739837900082127 10000.0 0.053882021756394914 0.05038341315802196 0.07016196349218115 0.058677924898977954 0.08740360593565016 0.105638429892685 0.05468507515527021 0.03423156870671995 0.06268453699796625 0.0789038010034116 0.015478881821624432 0.10905820856362708 0.0854300517825829 0.033560720599638647 0.05545633352701814 0.06933103021909402 0.07792219824083349 0.06385846063760685 0.08643293752049361 0.09624579052814032 0.1003894402806836 0.07105266400600871 0.1053968942241441 0.05264287355847231 0.08016487942839555 0.10475373850586313 0.07236327195742269 0.09544448961968392 0.046063527813856676 0.11459369189387796 0.05572139284820187 0.07937177816405967 0.06475734612543198 0.05270878833297597 0.07558819302491304 0.09261043435622884 0.041887937011961925 0.08139186161612078 0.09578755161000935 0.025936795030526223 0.08572888814196249 0.0523792606421611 0.11154244282229572 0.09538764186842684 0.12050734217738454 0.07348803754625297 0.08228795502934932 0.01941651771704719 0.020995935706905274 0.030311121105942338 0.04254877744378521 0.09855447111803264 0.0761770034414014 0.043422758714418475 0.1029581170456113 0.1115839407786096 0.11518803741041293 0.09368851185140949 0.09517626838916611 0.09534385055320588 0.10877577492134315 0.07548780632536395 0.06510710748991298 0.09388602014475636 0.05950579806684469 0.008330598595024377 0.0854360868565117 0.013218033117804034 0.10898137759724327 0.09089590502696182 0.08756448905471981 0.09569659598311869
 0.014217846886321649 0.04676310115269971 0.03379791067748483 0.03528995595853318 0.053882021756394914 10000.0 0.03276402732942759 0.04251229518916439 0.021565458234299024 0.037845045633907864 0.05725934181826391 0.04711044965154609 0.031078957195614217 0.012822079905813643 0.06831583258552877 0.03937050421700916 0.05688303029265099 0.039837201853038365 0.024792549530509387 0.005312804663297293 0.03138600239249506 0.027513254772982516 0.021756887702445684 0.03303992193958111 0.04318759985973148 0.04856417731289224 0.03727176913111175 0.051600933078582 0.002889627858227122 0.046600431492860896 0.051738806861979 0.06176979122643572 0.04927646242263168 0.0321028029351325 0.06172039916333966 0.013045297029718456 0.041088308984017885 0.018175638939160545 0.04406524655452734 0.06784375144689873 0.0532994664635019 0.019082941755068895 0.03839747316103914 0.04202719139331861 0.028702740019066413 0.051916253412087936 0.03468709557162485 0.05957632440909125 0.05014057310484048 0.07033729368760654 0.055881873124186444 0.04680828617746021 0.04029085945935187 0.03622343935068032 0.028622736044733574 0.015849043604316874 0.0477795994030939 0.02751314792164507 0.015520741637555712 0.04942864290965357 0.05817540486130581 0.06395965069229415 0.06613774046220003 0.04973459237218638 0.05894190406333841 0.05752550611369119 0.02333002178421602 0.04343831903381203 0.05816291690899333 0.046973203446566525 0.047913359930194875 0.03194544959397357 0.04156374471843985 0.060410230707490076 0.03706660596335623 0.04486554510371751 0.04790356816060363
 0.04618099249704031 0.0583344008379495 0.04168070443012351 0.00702369359565746 0.05038341315802196 0.03276402732942759 10000.0 0.0739914763173925 0.016344786827121777 0.044679343215047594 0.0872365072867815 0.07296128820555624 0.016394131215939016 0.045289935030897094 0.09709325391785176 0.04306804519521162 0.08311004072012594 0.07182870282290432 0.020841721295223534 0.038014336194452936 0.021870957495454663 0.05818638702820211 0.05443327418366945 0.05877877235974951 0.06871924614826484 0.07590805899140549 0.06957434016865273 0.07320045061479438 0.0298780508264501 0.029898996275865092 0.07662757838784447 0.09014213633486838 0.04863442858437496 0.05737438038413029 0.08625731710393411 0.021701251074162497 0.07384732341676306 0.026333418648580017 0.069839024976712 0.09575205583575894 0.04290792362628717 0.017010498598674848 0.0709506246888029 0.06489013997063402 0.029492690073336356 0.035378015536690566 0.0024777246683206754 0.08596930732501078 0.08182825202615718 0.09834344849538568 0.08583396486647997 0.032217925669632 0.048770757179069965 0.02996620109283309 0.04372927218718121 0.039711345921504784 0.07642068579933792 0.059154406624136534 0.01977118425017067 0.06580983918900539 0.0813737049290008 0.09112085991861538 0.0984306689786154 0.047916548015253066 0.04505791762135532 0.08501739842848871 0.03941171493234172 0.07352081150049408 0.09092674744062168 0.0745926990849081 0.04925463093541488 0.050543876558987344 0.038021590698736445 0.09012208649200729 0.0599003479014554 0.07730293137313758 0.07866578301311648
 0.028303869223960988 0.048719313330578405 0.0674594282075994 0.07748941667386833 0.07016196349218115 0.04251229518916439 0.0739914763173925 10000.0 0.06403368388239475 0.07073436640998396 0.04505461920867338 0.02175630565507963 0.06660640016090429 0.032998327127373425 0.028613925387364663 0.055864984282452075 0.05628882069326183 0.027062291018805366 0.05871951853536268 0.03732982480446112 0.07296835326595776 0.03341817429060432 0.022175283731743413 0.04651079527361773 0.05056581226757318 0.04874455224608832 0.00773470400349442 0.06255931299347249 0.04516477782245323 0.08798533007194315 0.05632343542302277 0.02371446160955655 0.08389483895894134 0.024112484571232773 0.06331787186807332 0.055534058025291246 0.014613819896416053 0.05872150917272821 0.021331245071960426 0.029819760466451704 0.0921019911610351 0.05765913933626068 0.021472770382292075 0.055201357092279656 0.0559219030581259 0.09287928151467868 0.07618121592825759 0.05757564946241847 0.0327057441844924 0.060622686244648255 0.015243798831935326 0.08767260567151268 0.050746070680952896 0.06357457081076913 0.041420670531190924 0.03573521721403906 0.0446223792858028 0.02950999409174004 0.054427318730359504 0.06891930122699828 0.06373540257226361 0.0584809076649438 0.025203460275140168 0.08494736556506054 0.09853341648805196 0.053372329385741234 0.05614387840119703 0.00711516507485069 0.02403395608253137 0.01667132196187456 0.06185220486218114 0.05689723002228868 0.063676869104264 0.04805993455830213 0.053081613818504375 0.02421305862034679 0.036702747767202636
 0.03577310618623497 0.060131480208074586 0.026508688465533916 0.01545983804280579 0.058677924898977954 0.021565458234299024 0.016344786827121777 0.06403368388239475 10000.0 0.029971362504087478 0.07168276332055656 0.0674906207408606 0.025914043292895303 0.03241112036187107 0.08969337947641468 0.047618220334322885 0.06686842840596754 0.05757546020796185 0.025181662317674835 0.026704248191151393 0.011668626095571415 0.04337015946279583 0.04271271617975724 0.04267206041212358 0.05249032306337468 0.05983836584492923 0.058502430114903144 0.056885297078451795 0.019079515059674715 0.026163138902333183 0.060319005450258284 0.08303978541200273 0.03676837963584377 0.05194110514714634 0.06991945660481852 0.00852175323860296 0.06136318214586182 0.010003867136790544 0.06437121735053548 0.08902982346453146 0.03564552965283108 0.01707281559209969 0.057449520576588635 0.04854862536491071 0.03366111096247578 0.03181519053897006 0.017129764049411415 0.06973172600096825 0.06718565575957276 0.08225471537869622 0.07740712509987367 0.027045059169908587 0.0515072955725147 0.03778462330140838 0.04283391203851771 0.03398728466926154 0.060589729974495195 0.044880250905469196 0.01677869285138534 0.049897176839562914 0.06503139053623466 0.07494379921513007 0.08721925875776876 0.03651204387316676 0.040085208469939924 0.06891133160604092 0.023072005859596043 0.06495067478129705 0.07816465358606457 0.06794847732813827 0.05534128916697616 0.03422996773515229 0.04548332430286601 0.07446099391717408 0.04356995184656915 0.0635055627264542 0.06351150891942534
 0.04744211313110799 0.08433936947344667 0.004065708134722014 0.04046679964619444 0.08740360593565016 0.037845045633907864 0.044679343215047594 0.07073436640998396 0.029971362504087478 10000.0 0.058141067659615235 0.08223206774935503 0.05581592122976433 0.03938495379970418 0.09922160835786421 0.07472491771287358 0.04757204714687201 0.052523561935319825 0.05401207921499443 0.040084719547067466 0.023543306006743966 0.03908066244741136 0.049273564733302994 0.02939813774332267 0.03517064212005774 0.04351411357175805 0.06336936571231569 0.03355710785341553 0.03749650112656322 0.02903768172810804 0.04028611395277703 0.09361339742229104 0.01319385853757089 0.06861057959012294 0.048027830211511274 0.031714236062171705 0.06189203368524145 0.022657534173975608 0.07943867118763306 0.09986833264870838 0.024571532153641745 0.04564629949008085 0.05530737164879161 0.028702886522422817 0.06158824776137989 0.030711455144691608 0.044470039465315546 0.05026190774498198 0.05899405411015638 0.06375938814673843 0.08589167589406901 0.026646528366372598 0.07709009839585416 0.06694964209785452 0.06615335969754207 0.05368581602965311 0.046365011776924626 0.04259032918145325 0.043996481531238765 0.022908612652597728 0.04221648651653726 0.05592982711536556 0.08844278004888301 0.014388524410565333 0.03158618482147631 0.05120078041974305 0.015316289880295746 0.0744781329359782 0.07575141281543686 0.08070457183903745 0.08300243942468344 0.015928734593867355 0.07422055684355858 0.05995638297924583 0.025548536841438794 0.059302863054557016 0.05327035751097909
 0.0499681625040715 0.08889389693704582 0.05720811139741579 0.08708377868465561 0.105638429892685 0.05725934181826391 0.0872365072867815 0.04505461920867338 0.07168276332055656 0.058141067659615235 10000.0 0.06657491813269326 0.08833825094736178 0.045010958623638776 0.06747127752905654 0.09016503668696377 0.015966324168975105 0.020470827991016342 0.08180130461229514 0.053249109289149915 0.07430205909232222 0.029749549677318115 0.041782018440914365 0.030094702193174366 0.02307800011316785 0.014914831188499284 0.03927149303157533 0.03013423303061519 0.05984877323383568 0.08561082408701368 0.021070082185423646 0.06549217698724279 0.0693649337277946 0.06333790498887297 0.022165132113073548 0.06560919059348448 0.030608169171032908 0.062116214590687446 0.06562819089874376 0.07047288232654096 0.08264035130684254 0.07625275544133715 0.025388774382835298 0.029902920279121246 0.08382861670873129 0.08837552206701556 0.08852213920497679 0.015534358965335088 0.012363139846371354 0.015724526018164313 0.05635626700571308 0.08378450069950497 0.08750245265559778 0.09193219203194831 0.07545798649681698 0.06340458707091214 0.011837172026260244 0.030195412034234086 0.07273427029022204 0.04205806449115397 0.02567069557539499 0.014105376210042292 0.04462022981164663 0.07100861887264344 0.08963306294046963 0.011261326300211075 0.050959532051272176 0.0521400290065261 0.02986865868307256 0.061703533673390244 0.09798606143587273 0.042779523410016486 0.09544981879696221 0.003346553064636374 0.03260208249504557 0.02088262020970756 0.009942210049380722
 0.03486139457171488 0.03091978125002741 0.07846188770138175 0.07804900956431576 0.05468507515527021 0.04711044965154609 0.07296128820555624 0.02175630565507963 0.0674906207408606 0.08223206774935503 0.06657491813269326 10000.0 0.061400807667684285 0.042931580251223234 0.025483569019956735 0.042768013983844035 0.07676389212031115 0.047548501359317645 0.05385941762289871 0.043136532725641746 0.07826016891156222 0.049933393998853715 0.03427886278065754 0.0630439206894264 0.06911804379744793 0.06871495106963467 0.027497682426041444 0.08100086849586095 0.048956857521666244 0.09340763200687036 0.07585730051058096 0.01847649902571086 0.09484600974023975 0.01569099199288746 0.08368745666152488 0.05929851162900131 0.03596677934015375 0.06524544459009969 0.0031407172032344322 0.023233944046357587 0.10032527352489214 0.05597599902066159 0.04197442136700777 0.07263592668703843 0.04804968166796727 0.09886304760794647 0.07539224869999571 0.07831199580311873 0.05428650154511944 0.08222860719441694 0.01897260275945109 0.09381386886234415 0.036125778394124765 0.05417729216703957 0.03144702762621922 0.033776156369415875 0.06494486469172349 0.04622879298246035 0.05359241144685752 0.08536902056497857 0.08340606180939471 0.07968714357296731 0.04019686390285642 0.09557924418225262 0.10605154114916071 0.0742674728005356 0.0669250982610119 0.014675774336392503 0.04449667808860633 0.005564748068925975 0.046514858788846106 0.07082263563298058 0.05167346420206372 0.06965274930168283 0.06954951456473761 0.04569463917234878 0.057795042528117506
 0.04127536782809727 0.04284580884814569 0.052220788173095084 0.023398633989042322 0.03423156870671995 0.031078957195614217 0.016394131215939016 0.06660640016090429 0.025914043292895303 0.05581592122976433 0.08833825094736178 0.061400807667684285 10000.0 0.043587869149418125 0.08650499618830579 0.026978642051542486 0.08716005274465595 0.07048121710991091 0.007898040622652598 0.035361590238032745 0.03556231655884234 0.05859085837042194 0.05029870673860276 0.0627392814309024 0.0730191305754582 0.0791316117983342 0.06367895556534255 0.07972945451162958 0.028530912749052666 0.04595342667679441 0.08143570532433149 0.07944522019609955 0.06223676551988455 0.046500848692127804 0.09139388770828438 0.02588722532810805 0.06960187875515486 0.03403552200607582 0.05838884983208176 0.0846131822441277 0.05843113454682409 0.012289551220657375 0.06835249240755305 0.0705847534430614 0.014284436036751069 0.05155382105028362 0.01859901469867965 0.08993439730197471 0.08088527601980444 0.10120553422979474 0.0764584549725983 0.04805650398821056 0.03314313918732671 0.013576418780687135 0.03036909777085566 0.03087125426112295 0.07867980367917488 0.058471385098202364 0.01566832486278942 0.07449726600361362 0.08721057773204001 0.0945882221223088 0.0917561014475403 0.061790505808543526 0.06112881734406847 0.08820670474547143 0.046613774969258545 0.06469975575621095 0.08651164437174838 0.0639460962326956 0.032867751892195034 0.057648522763330184 0.021644705216710983 0.09148450828638627 0.06546394462745293 0.07494151994682616 0.07894622983502972
 0.00881976112493637 0.05096991113835188 0.035713980732882546 0.047179622032241145 0.06268453699796625 0.012822079905813643 0.045289935030897094 0.032998327127373425 0.03241112036187107 0.03938495379970418 0.045010958623638776 0.042931580251223234 0.043587869149418125 10000.0 0.060699947267092505 0.04740888713017765 0.04640333853572572 0.027029964821861093 0.03681759442222736 0.008257701398881245 0.040233672851316 0.01557713065883938 0.01084007010507668 0.024424996639927657 0.03373438478323527 0.037779051191865184 0.026600111521558313 0.04382982995380852 0.01566187235934849 0.05509241525218111 0.04216446648819427 0.05470538985533945 0.05221160163933877 0.03025998648409508 0.05193425319329494 0.024318241315014977 0.02896924706964772 0.02588298028395541 0.04021866473437001 0.0609476887567907 0.05928253434812016 0.03181497981508023 0.025670053801712053 0.034302578215891735 0.03914432334129545 0.05990298286276833 0.04708879486979133 0.048935894645106136 0.03736848774218799 0.058757002358248905 0.047600588254551775 0.054695035999755254 0.04653864675690027 0.047136205515718205 0.034067021502292606 0.020469686888385172 0.036319773859544116 0.014905802121293022 0.02823101736762458 0.04462183628405437 0.04920081415191095 0.05285226324884383 0.05495301927743357 0.053067287110456884 0.06560755513488395 0.04639837504631297 0.02414626320618689 0.03561379315258371 0.0458825411531608 0.041332629024327334 0.055781940505990085 0.028456242375165385 0.05135670184785034 0.048237220251312336 0.029925666279897168 0.03208490860090902 0.03543191238457813
 0.054455692926437184 0.054664962489330046 0.0958581199362652 0.10165729549691639 0.0789038010034116 0.06831583258552877 0.09709325391785176 0.028613925387364663 0.08969337947641468 0.09922160835786421 0.06747127752905654 0.025483569019956735 0.08650499618830579 0.060699947267092505 10000.0 0.06799972115503082 0.08125842304755494 0.053444416608357144 0.07881960288597974 0.06354387639739797 0.099612152196797 0.06190619596396477 0.05013884666750363 0.07483827494746231 0.07789936391558504 0.0747551144072951 0.03624822531263824 0.08974145637238617 0.07063580314818227 0.11480698313244693 0.08264070045784101 0.007064869101577261 0.11234556187815357 0.04005550928383239 0.08826748366543671 0.08121880718203016 0.040726991630153524 0.08572033409944417 0.028299471730632724 0.004384255916751317 0.1199686296776041 0.08010816461068135 0.0482743998186937 0.0830929215013613 0.07342909982386214 0.11996481986659613 0.09946642480496012 0.08197593012759463 0.05570711648272015 0.08169440448570556 0.01337070199662041 0.11478955163105405 0.06112863815675391 0.07966057370956472 0.05687177423667607 0.05738763247669555 0.0702837676626416 0.05801371694409918 0.07739267201899887 0.09705784721092842 0.08971220710237292 0.08157050057921471 0.02651549466103881 0.11335033716864228 0.126208946311159 0.07755811813028339 0.08443204193023457 0.025133013407315344 0.03854980345289963 0.022602532974148017 0.07099303592873286 0.08550956764406098 0.0769908608009502 0.06985440917670513 0.08135666459438336 0.04859127675743055 0.06123869005425379
 0.040496671215792285 0.016636105896136916 0.07072081816949764 0.04991737438496156 0.015478881821624432 0.03937050421700916 0.04306804519521162 0.055864984282452075 0.047618220334322885 0.07472491771287358 0.09016503668696377 0.042768013983844035 0.026978642051542486 0.04740888713017765 0.06799972115503082 10000.0 0.09371075011973942 0.0699840547495019 0.02303777443848554 0.04044036289428028 0.05898550561334501 0.06252964063231842 0.04838855283732502 0.0714008550944297 0.08108050448760841 0.0850232450807585 0.05613694913842844 0.09053483830943854 0.03847400261078477 0.07151919241245912 0.08955452296199744 0.061125061321242014 0.08389452681635015 0.03184791593371486 0.09934295907873476 0.043161418888964666 0.06426158139956964 0.052178601263741284 0.040339144151678566 0.06517224128216759 0.08290153836536855 0.030580741997044924 0.06601982569426255 0.0809127632166674 0.014105790349820499 0.07726049177722541 0.04539962139364245 0.09616795511075384 0.07998937220730816 0.10503228226106441 0.06089286399814137 0.07323830251812864 0.007285393984574528 0.014419452713545845 0.014999170348118988 0.027128695295369574 0.08311848458865141 0.06072160400668718 0.03116932203214532 0.08877346150583108 0.09648400241677647 0.09975236527269062 0.08011524707900232 0.08383063060148516 0.08650375843706717 0.09334943232603625 0.06183263097372117 0.05138461833989838 0.07923721433997724 0.04698418023089529 0.008543585469418993 0.07125861050828229 0.009083697660109176 0.09350733218257626 0.07610599937743069 0.07225250799885297 0.08022369995756101
 0.05343651308603477 0.09518639306923973 0.04759269689488173 0.08170208510847679 0.10905820856362708 0.05688303029265099 0.08311004072012594 0.05628882069326183 0.06686842840596754 0.04757204714687201 0.015966324168975105 0.07676389212031115 0.08716005274465595 0.04640333853572572 0.08125842304755494 0.09371075011973942 10000.0 0.02930458287826137 0.08157052433764757 0.05403474660192463 0.06703983509847695 0.03122965357185936 0.04690835068537338 0.024529779544361193 0.014392909271222063 0.008728695027968207 0.04940632780342219 0.015554930685354771 0.059027273665531586 0.07633297947611438 0.0072876572212582135 0.0784874503396815 0.057239583049407884 0.07064253399239867 0.0070540074979633565 0.0623365463714045 0.04177569134149589 0.05688254700691827 0.07530597257197114 0.0838882256446837 0.07131876340461149 0.074871586556617 0.034920980459450364 0.01922308882048686 0.08522975748038694 0.07828256387806741 0.08399662142264863 0.0028662722013175837 0.025744421530800476 0.016205064048286942 0.06928377579391441 0.07412650915965747 0.09223306000548778 0.0930089506473171 0.07978798072678638 0.0666009750067567 0.01182759836331741 0.03352314394307256 0.0715860942546624 0.02812171435163534 0.009718284554579563 0.008402911672390854 0.05991050817947536 0.058964408721886546 0.07816434766610106 0.004853651615236452 0.044232843564879006 0.06307405825707363 0.0450223524251108 0.07243413811316257 0.10198405328944642 0.03400908999117695 0.09769518425983695 0.015683439858208095 0.023658327629141024 0.03280150236654593 0.020036966419506322
 0.030332938712844225 0.0684415718927625 0.05025701584250878 0.0729239747126848 0.0854300517825829 0.039837201853038365 0.07182870282290432 0.027062291018805366 0.05757546020796185 0.052523561935319825 0.020470827991016342 0.047548501359317645 0.07048121710991091 0.027029964821861093 0.053444416608357144 0.0699840547495019 0.02930458287826137 10000.0 0.06343730797508848 0.03515292478827032 0.06283630238847324 0.014599118437412696 0.021680297598827745 0.02378793581509036 0.02456503014100614 0.021707945660214816 0.020111385318254148 0.03630769176986087 0.042646023596021786 0.07622240824164167 0.029406237495018986 0.049901441306493856 0.06538241468055249 0.042962207290099974 0.03630305635342044 0.050279146262420193 0.012827898894350877 0.04907132676387475 0.046230881780250616 0.05561162788491387 0.07650118539823285 0.058836852087464114 0.005617086581698557 0.030292562964574964 0.06450425631115836 0.08004537361325874 0.07345658392202734 0.030766214631855592 0.010432370818832342 0.0359979388002711 0.040776092676461546 0.07501699862548503 0.06710057873963318 0.07267118647244422 0.05516452401394466 0.04357536144946072 0.01756882573219975 0.012716234983408263 0.055250290752027864 0.04449695024417152 0.036730746879190174 0.03237132966861058 0.036594167016271564 0.06677045616836981 0.08343298469785611 0.026738780207180575 0.04085581432396259 0.033775335284638386 0.023232570251414168 0.04313473004073701 0.07767619186570093 0.03678570774739699 0.07564980856731959 0.02380389437492612 0.02965121041636138 0.006779605797110577 0.010704943347559944
 0.033786366512963927 0.03757349150142148 0.05018084302785018 0.02735289989681958 0.033560720599638647 0.024792549530509387 0.020841721295223534 0.05871951853536268 0.025181662317674835 0.05401207921499443 0.08180130461229514 0.05385941762289871 0.007898040622652598 0.03681759442222736 0.07881960288597974 0.02303777443848554 0.08157052433764757 0.06343730797508848 10000.0 0.02856270694179174 0.03619920333576986 0.05214138111121492 0.04284567976914353 0.057413551013126826 0.06766651740851849 0.0733271511073154 0.05589581533133201 0.07518174448257132 0.022543250858901787 0.04848649295456064 0.07617780367034073 0.07176797904649852 0.06191673536303293 0.03877334652085561 0.08617013702961682 0.0225726392669793 0.06200340776664074 0.03146743387992523 0.05081356043479738 0.07702557889552772 0.05997785401085889 0.008367432126719719 0.06105080434761494 0.06580978935649734 0.008966045457704094 0.05423337179100077 0.023293848622760457 0.08429239318154283 0.07386676197590421 0.09512010904650789 0.06861683307715345 0.05020628247906621 0.028123736844299738 0.012961085892954688 0.02329827146087073 0.02298727470250716 0.07256235661659126 0.05171564707147319 0.010546325626034253 0.07100669362160368 0.08229797528369853 0.08874113557104094 0.08387980654799868 0.06169095927300337 0.06346885735564937 0.08231210740738433 0.04308495095668001 0.056815098126413686 0.07883739897781936 0.05623266354372303 0.030306898812465597 0.053729458882448566 0.02034421715411847 0.08500225248531097 0.06071764175594311 0.06764808896661861 0.07224752682087368
 0.009139970937319044 0.04593955822564226 0.03612218814596349 0.04060100646707215 0.05545633352701814 0.005312804663297293 0.038014336194452936 0.03732982480446112 0.026704248191151393 0.040084719547067466 0.053249109289149915 0.043136532725641746 0.035361590238032745 0.008257701398881245 0.06354387639739797 0.04044036289428028 0.05403474660192463 0.03515292478827032 0.02856270694179174 10000.0 0.036072221328126194 0.023681831774682218 0.01645274992761784 0.030984105181256872 0.04082645406344439 0.04551844685599525 0.03197193424961601 0.050106656270956694 0.008159833716175758 0.051263129735575196 0.04936064976945616 0.05710649814878194 0.05214277956474924 0.028678814520488007 0.059264554357561235 0.018214211828031273 0.035836884459546456 0.022309898477284557 0.04016444526314883 0.06323750160292094 0.05723391598817071 0.02372373514286105 0.03339614978258569 0.04048500832710057 0.031214326737282177 0.05645566586753286 0.03996723607691447 0.05664276950288178 0.04553684613237573 0.06683440143538463 0.05094022535733154 0.051300043183923144 0.04040389743303725 0.03910105252408764 0.02818285071891693 0.014565516119766557 0.04432586467871191 0.023162887492135895 0.020135474030975715 0.04924345799086196 0.05612801056021221 0.0607556600735036 0.06083003574759433 0.052746754298754056 0.0631129518356373 0.05429898519053006 0.02497251994874085 0.038537544874008435 0.05292580383032966 0.04259436123386193 0.04893644700598144 0.03208733183956978 0.04369725765666779 0.056463817347987826 0.035735194064328 0.03991907299790512 0.04368938948942298
 0.04518883785465173 0.07178851088033744 0.021198641143099915 0.016971402168166897 0.06933103021909402 0.03138600239249506 0.021870957495454663 0.07296835326595776 0.011668626095571415 0.023543306006743966 0.07430205909232222 0.07826016891156222 0.03556231655884234 0.040233672851316 0.099612152196797 0.05898550561334501 0.06703983509847695 0.06283630238847324 0.03619920333576986 0.036072221328126194 10000.0 0.048244689543736105 0.05100743974970721 0.04427094642960838 0.05306591923422511 0.061070829662174635 0.06682925998457305 0.054979146287909356 0.02932226360385124 0.015214731036092619 0.06001599895533973 0.09312933588221363 0.02690280413143334 0.06288408066289566 0.06896244784338688 0.019036198563416224 0.0685069648024288 0.014368443963298016 0.07516977576497393 0.09922175688978228 0.024013916960046188 0.02841869154981865 0.0636547771770769 0.04791682951363771 0.04492811772173536 0.020604516317177666 0.021272751415204134 0.0698836335139836 0.07165287255364532 0.08303183692790624 0.08697449340532032 0.015615584094234141 0.06309624518418709 0.04833541972884782 0.054484839410441785 0.0451626648205853 0.06266865922464596 0.0505173200313422 0.028417055339686085 0.04588574122886375 0.0635438545131496 0.07538674931178203 0.095016419580227 0.02632011301314782 0.02846719267520461 0.0698032111535299 0.02335428446632405 0.07459997709994143 0.0847545287803944 0.07834407151170776 0.06650312660797601 0.03305579028005571 0.05624455215185123 0.07676188651098276 0.043402467522117245 0.06922155733319553 0.06715806125057683
 0.022214613082678823 0.06434854904968924 0.036432254368892546 0.05880380625827881 0.07792219824083349 0.027513254772982516 0.05818638702820211 0.03341817429060432 0.04337015946279583 0.03908066244741136 0.029749549677318115 0.049933393998853715 0.05859085837042194 0.01557713065883938 0.06190619596396477 0.06252964063231842 0.03122965357185936 0.014599118437412696 0.05214138111121492 0.023681831774682218 0.048244689543736105 10000.0 0.016568369225943454 0.013252541506720946 0.01991911510222002 0.022514342492114797 0.025698079799058086 0.03137368887894307 0.030103021839350694 0.06167600885236217 0.027816836593900177 0.05710068414659949 0.05219545380439159 0.04080132051924644 0.03718730315283785 0.03649103282891909 0.02285313267273012 0.03458072256637883 0.04782438334455666 0.06323576445084021 0.06249494482345793 0.0465105615411779 0.0163090758985395 0.022706184453415802 0.05472047173237901 0.06560104090234258 0.05966696226004043 0.033642939942064735 0.023815774732257756 0.04318219694158189 0.048584238387088675 0.06053613279662204 0.06102640070475122 0.06270914632404669 0.048567585098369906 0.035402777768990895 0.020759972632054504 0.003910894548700875 0.04298628727234753 0.03575798491459159 0.03522402824211868 0.03734144720072162 0.04938075205449473 0.05346356987348326 0.06935663817449962 0.03089941705829158 0.026441354778205268 0.038626182719791645 0.0372310876454293 0.04674842736633013 0.0707670742309176 0.024007249944932793 0.06685698387728431 0.03289848770516361 0.019842672317735004 0.021123862726827675 0.020574496652061815
 0.009064491184634286 0.04828259473478363 0.04579513331990503 0.05700670683231874 0.06385846063760685 0.021756887702445684 0.05443327418366945 0.022175283731743413 0.04271271617975724 0.049273564733302994 0.041782018440914365 0.03427886278065754 0.05029870673860276 0.01084007010507668 0.05013884666750363 0.04838855283732502 0.04690835068537338 0.021680297598827745 0.04284567976914353 0.01645274992761784 0.05100743974970721 0.016568369225943454 10000.0 0.029114416171557158 0.036477270245522324 0.03822601164933521 0.015852793697875612 0.04789226233250298 0.02461234292305416 0.0659187157340123 0.044202999990961896 0.04435654068404959 0.06231346132902468 0.024234193073493598 0.05325677973737102 0.03436969897040996 0.019527485576474404 0.03668290577400301 0.03189737453571134 0.05061221667578109 0.0699810884107153 0.039458101931214004 0.01837318215716083 0.03896945729917727 0.0430590577314674 0.07074305209253187 0.05641173744102121 0.049073674863356676 0.03192015278538954 0.056821032086988174 0.03693145977356436 0.06553510132133462 0.04588611387314911 0.05123313992151357 0.03370245372067531 0.021927782411199054 0.03555596097016016 0.013488970555175056 0.035926115405593796 0.05118593664186582 0.05168453105929683 0.05202906663796724 0.04451684934324777 0.06326895198592108 0.07637243324498093 0.045776681963175435 0.03431300585401791 0.025213744751154146 0.03662112029918006 0.031858003761259225 0.05622619002069289 0.03669713091809316 0.053978329868902754 0.04512616053985294 0.035488952915240825 0.024942740045591143 0.03183981057748883
 0.03278382768605618 0.07531212424878803 0.027748917086383638 0.05780284461833796 0.08643293752049361 0.03303992193958111 0.05877877235974951 0.04651079527361773 0.04267206041212358 0.02939813774332267 0.030094702193174366 0.0630439206894264 0.0627392814309024 0.024424996639927657 0.07483827494746231 0.0714008550944297 0.024529779544361193 0.02378793581509036 0.057413551013126826 0.030984105181256872 0.04427094642960838 0.013252541506720946 0.029114416171557158 10000.0 0.010281105267441215 0.017169296177685308 0.03877610675463653 0.01941263981374789 0.03494240567906518 0.05565539029357215 0.01876425323342442 0.07022329432221021 0.04188697059843715 0.053055659101135154 0.028756789138008585 0.03781462155356725 0.034841623047454195 0.03277959537576737 0.060843273970770155 0.07631912414348717 0.05386571139349091 0.05046422233918059 0.02754666133823627 0.009989857403693429 0.0617147826045899 0.058699576534063505 0.05977960971800603 0.027355437471518914 0.02959669305029104 0.0395847554330155 0.06158106651380977 0.05395892640213788 0.07091515573237844 0.06925011751461768 0.05846536555670282 0.04480182132363536 0.018398027988480718 0.017130088781394017 0.047248772292822136 0.02250676104823688 0.02518119272319504 0.032361744545954294 0.060342037061210434 0.0433517729184489 0.06087438679640508 0.026245569417503976 0.020918172054678025 0.05186704654032965 0.04688552377669618 0.05997546348987979 0.07987123262721545 0.01347212489243299 0.07447702984068502 0.032491797120394995 0.006594010784514407 0.030476530134626856 0.023990897816034487
 0.04158290705772938 0.08405921094057263 0.03452643537325639 0.06739486918023249 0.09624579052814032 0.04318759985973148 0.06871924614826484 0.05056581226757318 0.05249032306337468 0.03517064212005774 0.02307800011316785 0.06911804379744793 0.0730191305754582 0.03373438478323527 0.07789936391558504 0.08108050448760841 0.014392909271222063 0.02456503014100614 0.06766651740851849 0.04082645406344439 0.05306591923422511 0.01991911510222002 0.036477270245522324 0.010281105267441215 10000.0 0.008350510641198142 0.043000831886489004 0.012001334379767558 0.04516579764539151 0.06321385766277361 0.008555689718934239 0.07402098160048423 0.04630716525941218 0.06071072673312416 0.018533306604318317 0.04799163305206316 0.0371723722866718 0.04251362157764372 0.06721649271635737 0.07988751931394183 0.05959905402751188 0.06074516023213543 0.029628285097655964 0.006942294162198269 0.07179717865182017 0.06564867462139942 0.0696199751635477 0.017250198418241557 0.026594180979961593 0.030003782238420006 0.06501606597351839 0.06121256454542729 0.08021900966835778 0.07941083467883284 0.06773134689603043 0.05420070721135447 0.011569306653252237 0.02318365529110889 0.05752694148155456 0.020583624176386994 0.015492943246466547 0.022495080029164786 0.06024723624865251 0.047941465783367124 0.066581547804839 0.016737322897260303 0.02999894863215531 0.05667811117756772 0.04581066987863189 0.06546422745845941 0.08949332179598572 0.02032805394325587 0.08447689554175263 0.02478585000714325 0.009846232210798786 0.030361172282193802 0.020153268997486748
