NAME :TPP_input_19_5_3
NUM_VERTICES
91
NUM_CLUSTERS
19
Full Matrix
 10000.0 0.08536448192958741 0.1053290278845111 0.05763074428456907 0.08277597181845797 0.07981136751308487 0.06332623633072157 0.09136744257024566 0.06752644944796565 0.07061622523287703 0.08471858309674311 0.0774066194451123 0.019016942550605175 0.035462607661183435 0.09341628327591622 0.0742784780771173 0.04362135391013361 0.08094418560599842 0.07039454932756721 0.05985030057550544 0.022225167125036093 0.06338569856620062 0.0459727367723328 0.09941619067160841 0.03193694642922266 0.11912140635365513 0.03832444809524583 0.049035251870880134 0.036522106263705854 0.07591210123225439 0.05583968310488232 0.06754370144584446 0.07045068749514265 0.0773620369732448 0.02933182353433702 0.09505090197092349 0.08103470803305733 0.11884420130308818 0.08787838610119332 0.08928706594733837 0.10458250050787612 0.08348219161775283 0.06154464547991442 0.08970456917904189 0.046453054289029475 0.02355433380181338 0.07574357945059937 0.07785833234443391 0.09775334137816148 0.013059709324297637 0.09896554250899087 0.04897144835407604 0.08444039935251009 0.09330755622984092 0.0568397779279789 0.07834483523777153 0.047320062196473466 0.09328346951639184 0.09310434984857506 0.099531769812427 0.07534246958952051 0.0909752782105077 0.02519810849571955 0.09583851241631186 0.0984279262796568 0.044861935777544895 0.07013740969820403 0.10286029025578397 0.0826662961185435 0.09122756017188724 0.073608779344605 0.07543544892850637 0.08086299886285647 0.06090568161319179 0.06197046935180888 0.0847444703239114 0.0534332851198803 0.07117496113052266 0.11688067702755166 0.12136677029626301 0.12118351366399942 0.09459399649315688 0.05592571133290842 0.0651795866234055 0.0789405060439397 0.0017605741343150315 0.021038104224593356 0.06632013102684073 0.07608755672273246 0.10911849126168079 0.07109767259266432
 0.08536448192958741 10000.0 0.059800074504222145 0.04619015890664299 0.06581617490662696 0.07233209946457801 0.08808287125295819 0.03993762938443759 0.07090195573382754 0.08889080919798162 0.07499347206881017 0.054897239162081835 0.09940033722778235 0.05015292340023302 0.05280896087189843 0.08632933638598499 0.0697566935894529 0.02274621490384132 0.08404072971501046 0.025561917500134042 0.07876242915568955 0.08448566333355598 0.03951978007878401 0.04793831755059652 0.0689853699353491 0.05812717631152132 0.06994921492211557 0.06516824148932972 0.08797488024454853 0.05050940156748253 0.05013963192889217 0.01986387815221991 0.04501992944904169 0.010025608309335134 0.057125827624421886 0.1083333598823029 0.054682120596955174 0.05806945612592248 0.07103081088014443 0.10715143135653915 0.07689758922765684 0.021822909817161916 0.09099094204562141 0.04565375008028565 0.09120060700816543 0.07532836626031789 0.0840398999380389 0.08398133484264939 0.0325243110568356 0.08310024970838308 0.06754456085834018 0.07114693177363028 0.006719652920666009 0.019861133558535162 0.04659757009442693 0.011321180766001132 0.04551962366570014 0.029044869297310066 0.11258596896844499 0.06558147703755242 0.09411853257996229 0.07302884367107355 0.0827687188924094 0.053979561190135784 0.029502984429675458 0.04798812900415417 0.07011101385743058 0.058232866156579695 0.08945300397349676 0.055536034715023753 0.03853758888742135 0.042797385534623554 0.008175649469944138 0.052737964786581965 0.02417771537077869 0.026291617253569675 0.04932811443471125 0.023432496981890934 0.0660916093653316 0.06063266031598185 0.06711579817545299 0.06245241645273435 0.0305365212229963 0.06726834026307275 0.08364101769707279 0.08392892052736316 0.0643724862371822 0.03606742667004607 0.07974300054920226 0.047807334340343434 0.09473929637329094
 0.1053290278845111 0.059800074504222145 10000.0 0.04801498473716873 0.02927541987793599 0.03748619646971873 0.06599078816354738 0.020466566690855947 0.047076393378259994 0.061405254588054826 0.035686038886198604 0.028790362040319106 0.10986987375031558 0.07642635867109757 0.011958006671324442 0.05588519577022795 0.06601433203571322 0.03922866709027178 0.05650315403464504 0.06674490466644305 0.08699836225920105 0.06232394897748476 0.07046860293985309 0.011884860287638967 0.07490152257533662 0.02004188197556986 0.07028645326298151 0.05927827131447027 0.08490954630401097 0.029488569517299588 0.04949300879839217 0.07036886636849236 0.03513018126263627 0.06622512588577038 0.08813482986331642 0.0675908944588923 0.025006463348795135 0.019689127183835448 0.028964596185103657 0.06989762799525166 0.02163699965271 0.038929064858822644 0.07034552221208937 0.01737527723122112 0.08129468589471396 0.08411215450096662 0.05233022400134557 0.050608284626678206 0.02862417130369626 0.0958701050853375 0.01496405445956419 0.0625855082913265 0.0532306468719947 0.04111592911455458 0.048775815196349534 0.06885060968365836 0.08912076577021759 0.0309972157498119 0.07441663785115822 0.01228895319349164 0.06373992032635416 0.02816339122356227 0.08787938257905238 0.009537797425086696 0.03257835149171207 0.06178104408591608 0.0442088073188607 0.002475923785242264 0.052960917529103334 0.014465685888837032 0.033913285525886114 0.030707595288095305 0.053500022442511654 0.04465161353477752 0.06002518775514914 0.034440793560243696 0.05197995534424806 0.04634322603547369 0.01164798495679888 0.020970338089803617 0.016426409959595156 0.014525965082719725 0.06168734163179358 0.04656694204795225 0.049394109343907845 0.10472872491357384 0.08803145419250936 0.04222338393087529 0.04767209104176034 0.01862858356509387 0.06753986887810555
 0.05763074428456907 0.04619015890664299 0.04801498473716873 10000.0 0.031309417716428124 0.033449732923541656 0.04206891610439324 0.03425734001979632 0.02696820080642691 0.043725667314877606 0.03783478826661145 0.02211671337584476 0.06458992177186008 0.029729864447318715 0.03605704571144021 0.04222971200379568 0.025100450546834647 0.02942718519061954 0.03930764054928599 0.03224098748337507 0.041403926200682714 0.03860617638504129 0.027203167624887302 0.04184755455065757 0.02929216312457069 0.061686114559803815 0.027063570130288598 0.019455911064706465 0.04500532878655052 0.019301634505161175 0.003988312868892158 0.040973974212314045 0.012895882267300107 0.044535755366756455 0.04148459563098187 0.06595708119208267 0.02514979087610678 0.061397319327933776 0.037450329760500674 0.0634929708577387 0.051616241411243304 0.032076815563839706 0.04482706621488063 0.032078402816591245 0.04616324996429018 0.03813021527178765 0.04069243911913543 0.04131228139579391 0.042887846763775946 0.049294378980887246 0.04408839121414931 0.02533187679306685 0.04131325659359708 0.0429908617300124 0.0008031506797172721 0.04716637261030074 0.04789821154012242 0.03907261981317802 0.06890452947855277 0.043977724627485906 0.04928933263231503 0.040501777382894094 0.04363709267239634 0.03847779892411369 0.044705221444762126 0.014020688612497358 0.027256796930077057 0.04553918021849478 0.04727300559123299 0.034425447811055145 0.016540557958463233 0.017812780602160846 0.03834855863214521 0.008200646057961208 0.026955682156625336 0.031244649221128226 0.004541622756062024 0.023093445008825046 0.05943561683101531 0.06386701337714579 0.06361129815172872 0.03900215681346045 0.02347614058099329 0.022999792313362962 0.04140989469424419 0.05692499325145034 0.040099076466304305 0.011542171472424027 0.03729465951058028 0.0520901988746466 0.049179497087664024
 0.08277597181845797 0.06581617490662696 0.02927541987793599 0.031309417716428124 10000.0 0.008678679383361355 0.03671670174644516 0.0317198404305151 0.01824140587958215 0.03243405981905179 0.009360422323485686 0.011175299680677353 0.0840762546792763 0.060560283965921086 0.021337437827880588 0.027220950354509107 0.04014368228527297 0.04327844965687309 0.02738682732336663 0.06095437676868153 0.06224820672589009 0.033054200350645394 0.05841717989750453 0.03189051742814973 0.05092772166724772 0.04884679318582094 0.045100279179273825 0.03394877112555594 0.05729666292373028 0.015621884404378178 0.030413638409093984 0.06807946218297406 0.02261802505323707 0.06825185384809636 0.07209686681755058 0.043959944757402745 0.011272594583924591 0.048494302362490034 0.006167760903285474 0.04439448249199869 0.021814061800732684 0.04479683844312094 0.04107010336440637 0.02490056351908374 0.05263186927223875 0.059859644449209964 0.02377754209141972 0.022436358534142734 0.04474393028464187 0.07171270498848534 0.017303114916313197 0.03571035524004363 0.05934954892992996 0.052959031561866106 0.03177738167859075 0.07109805297505942 0.07905555685001045 0.0438527412428723 0.04953752908947491 0.01881648390716878 0.035421483300451174 0.009193939537196274 0.062103772084410265 0.022762527577919186 0.04850088447463157 0.04450601574897971 0.015262219008591505 0.02738219992993001 0.026238849765877127 0.016803896903538413 0.027710415150152636 0.02317273216191793 0.057800440513919034 0.024136503612715552 0.054572579476268555 0.040966115384527144 0.033374114491019395 0.04426754747164438 0.04004158387770513 0.05008010468561476 0.045187903871121225 0.014876675590824241 0.05307788429342887 0.018681490691864266 0.021445550591420417 0.0825214983972727 0.06882862837022 0.03333953145905499 0.018921736800083883 0.04381966762233815 0.0387171266236606
 0.07981136751308487 0.07233209946457801 0.03748619646971873 0.033449732923541656 0.008678679383361355 10000.0 0.028765673998504094 0.04008297724246533 0.012530021678919818 0.02393770969821016 0.004962755354490546 0.017649105464772115 0.07930180861577632 0.06113236215043531 0.030015408012730026 0.018583262850246703 0.036296636869275464 0.05019704447376367 0.019025508765623277 0.06488786373723428 0.05844672587640283 0.025296133393605195 0.06049281357431451 0.0405690382001696 0.0479212458807505 0.05727591826986184 0.04153214442599871 0.03088531629226207 0.05155929436485883 0.021892764786721405 0.03154986093764878 0.07271771303631823 0.02769514291466021 0.07390116692174345 0.07224725434576645 0.036264439458997696 0.019013365854658675 0.05692247068350325 0.009493181983455697 0.03614047823470699 0.026223530040744153 0.051944808576107684 0.033148380772014256 0.03336487716416438 0.04590694488834664 0.05641495771326757 0.015111268440992618 0.013770579174994678 0.05308943691543875 0.06807288819553195 0.024268765369337857 0.03124900546450794 0.06604543528468267 0.0606926394181916 0.03373430455248259 0.0767274225338216 0.08117155497881201 0.05193208968511933 0.04139135988359563 0.026253478162264428 0.026747611704832752 0.012025399781042565 0.0576528082404306 0.0314071237581955 0.05676138441564132 0.0452569841904291 0.009715207523150547 0.03572777032323975 0.01791293081116464 0.025477295499992596 0.03380223637458501 0.029591236286004317 0.0642046989603304 0.025419666409227062 0.05885154027473257 0.04838391403050018 0.03441256185239009 0.0499131435049096 0.047822086968179495 0.05841368751042066 0.05301315999920058 0.0229612556695142 0.056511254368840955 0.014671459076237622 0.012824712479214535 0.0797336399374073 0.06773393746073561 0.03806630204093618 0.0102848848442328 0.05248983040867152 0.03015042375989589
 0.06332623633072157 0.08808287125295819 0.06599078816354738 0.04206891610439324 0.03671670174644516 0.028765673998504094 10000.0 0.06468609481360196 0.019960812188484413 0.007712600790548019 0.03187983655176462 0.040928630151063676 0.05710274258232257 0.05846061451839437 0.0572442919764818 0.013001592736457002 0.024752873698124248 0.06892658453994784 0.01029291724754305 0.07258291473674483 0.04125618892073343 0.003916449802274426 0.06277997378455098 0.06744894158970416 0.035587820510861706 0.0854556922625269 0.02896803444688907 0.025197587822951516 0.02833952667877267 0.04355113822124659 0.038242360689368184 0.08199767483787722 0.045271423563150774 0.08651331026807987 0.0667838287735803 0.03193324829874841 0.04397771390697952 0.08510489502751842 0.03808990926657619 0.026700344540700704 0.05378979623278338 0.07128741814098502 0.0043832163976140134 0.05878588587853474 0.019785955244156515 0.040796506764301535 0.01599351633393168 0.018360552875136202 0.07703568714187471 0.05032351682282938 0.05301527900023027 0.020067755808181927 0.08281987401003293 0.08162852073572999 0.04176420066987921 0.08908649825036054 0.08138150919848672 0.07471133832709188 0.031299374048393634 0.05501637289816859 0.01203096961098506 0.040130396493690206 0.03826768737979064 0.05901249338469213 0.08015029072143336 0.04625835434263176 0.022374513075829633 0.06408401659651257 0.02105162074468202 0.052935183242918196 0.05230989761926577 0.04971220509680258 0.08008725194994698 0.03544865769100609 0.06832725171406369 0.06892060214972769 0.03967688078279981 0.064705952059541 0.07656325051883017 0.0867636852280224 0.08174655116019185 0.05153531633420233 0.06364669586325686 0.02232688432239287 0.0197713659265151 0.06383175057043972 0.05862994050221449 0.05218987463631136 0.01935467997443127 0.07955584519837011 0.008530473647277619
 0.09136744257024566 0.03993762938443759 0.020466566690855947 0.03425734001979632 0.0317198404305151 0.04008297724246533 0.06468609481360196 10000.0 0.044749650673674264 0.062308497781819065 0.04085945797276133 0.023848259584418843 0.09879112843093496 0.05949979879901364 0.013286883388427715 0.057857430180652224 0.0570720225327873 0.01876224506517697 0.05705589112849858 0.04682743198442299 0.0755821311119692 0.060772121654853725 0.05219490082076225 0.009447207057764216 0.06339457496954787 0.027855604074637955 0.06026799293774506 0.05041089825500333 0.07716051562709203 0.02126884693944344 0.03700099308417384 0.04995749038866468 0.02251667859729475 0.04584344535743399 0.0708462939458516 0.07552925358868903 0.021296655889279387 0.02759643611737683 0.035211873353038 0.0761096227922746 0.03733129199381382 0.018555962477681806 0.06869168678054637 0.006943327442267001 0.07588346577414805 0.07235232714189997 0.05467889447394769 0.05370518467140094 0.013024203326122573 0.08354176339869408 0.028098208413944187 0.05516456023973169 0.033257229901200794 0.02279127302525325 0.03505962100901476 0.048507289452762316 0.06970633058028693 0.01273184905478095 0.08125500291838789 0.02590955070125373 0.06621103825593382 0.03630562530618735 0.07750829508239336 0.014120524699437382 0.016831334397034412 0.046550432851771024 0.04258142933926806 0.018591496727324436 0.05792356196684272 0.01692155297087772 0.017809139440709394 0.017071447181355434 0.03321890669231134 0.03420700627298872 0.04022361689260672 0.014025362833046054 0.0387501137492846 0.02638954261175904 0.029284574662920462 0.030201461306935483 0.03216229602929072 0.023475428244281542 0.042647607665595305 0.04256825291047426 0.052868067340518354 0.09052331748227027 0.07238704850719242 0.025249265496580322 0.04980127400219336 0.01783819519947686 0.06870522831644843
 0.06752644944796565 0.07090195573382754 0.047076393378259994 0.02696820080642691 0.01824140587958215 0.012530021678919818 0.019960812188484413 0.044749650673674264 10000.0 0.018294613111136733 0.017292451127891913 0.02096782716900015 0.06679637829807811 0.051426248345364835 0.037582306494604624 0.015500354731098247 0.023916363212499635 0.05033501228526482 0.013216914442545042 0.05919372182230852 0.04598457183816669 0.016058261742688595 0.05245313842329106 0.04761790300209832 0.03576193257413684 0.0660603854936214 0.02920209344523058 0.018988937876252995 0.039298052478355674 0.02372609876230921 0.023948504791156976 0.06789962628470411 0.026416247232102803 0.0707592248284483 0.06196959565663963 0.038994044726692746 0.024066519484428995 0.06571322101356934 0.021584387058847968 0.03667613917937044 0.03857965470066649 0.05252774807299312 0.024071821445581225 0.03883011696128766 0.034399051055751355 0.044045489636121815 0.01372448489887631 0.014455419074124903 0.0572085456780845 0.055626329833105 0.03547918793512896 0.018751109614351887 0.06514962243280123 0.06249193910894979 0.026973754248076104 0.07349023387240454 0.07278429383752075 0.05507214230292688 0.042114060481975565 0.0370577979611098 0.023245953108290345 0.02439904073126834 0.045122980425950227 0.039476933514519245 0.06042521269923438 0.03620921658262427 0.003005893432692496 0.04500507597575421 0.02046448104971221 0.033419090464332286 0.03342996463283284 0.030320004027734167 0.06275002027304731 0.01895953769606378 0.053858682798729275 0.049769751376046625 0.02639213904427561 0.04755421953095279 0.058141559743007 0.06751088547181462 0.06324590345112081 0.032972962118096916 0.05036336577090389 0.003984771069706697 0.014737571359295765 0.06751139199951003 0.056505075822721025 0.03493749679375887 0.010697132281302344 0.059718542302719994 0.02452272124302281
 0.07061622523287703 0.08889080919798162 0.061405254588054826 0.043725667314877606 0.03243405981905179 0.02393770969821016 0.007712600790548019 0.062308497781819065 0.018294613111136733 10000.0 0.026200506389483003 0.03850152493478676 0.06480617102432801 0.06333043320390337 0.05360514922349144 0.005937802738806421 0.030294168599109824 0.06861754364610581 0.005253773947039269 0.0753400481580454 0.04844491439579123 0.0074090337180733445 0.06664563218273038 0.06405607318652111 0.041838144587061595 0.08121093065613574 0.03500399887361022 0.029243351166461807 0.03601939563107411 0.04172765180978832 0.04016801855394 0.08448699107021827 0.044699771492322245 0.08818369989123791 0.0723504401335901 0.02539874107046851 0.04110965463338774 0.08085757930551145 0.03275478854707779 0.02098335571508275 0.04755169662531653 0.07082138156121091 0.011283118931915546 0.05601104867972005 0.02746526301531498 0.04774840687534452 0.009414506711488177 0.011602627509748744 0.07502786269522695 0.05767342775729253 0.04772242991427012 0.02504975166737586 0.08327472279059982 0.08075584034529101 0.043555763930972075 0.09085099042467182 0.08597083268992256 0.07312702958833117 0.026088252249692728 0.049916436610014624 0.005807580940890581 0.03441469357153242 0.04569629352439079 0.05516210267823914 0.07838278178745639 0.04998204618433727 0.01989184338995693 0.05966541972551325 0.01341977439484312 0.049140058641908756 0.051722182736276864 0.0485694923836566 0.08077319334052682 0.03629541129926426 0.0705695690351247 0.06804120964309787 0.04205526622079016 0.06547050254258975 0.07150880784967106 0.0823473256470291 0.07671034918675415 0.04688031810487419 0.0663835918312706 0.021668594095167755 0.0130146662795824 0.07105578314782802 0.06476424351018598 0.05282708868974431 0.013753986953450167 0.07610229422420559 0.006399179224662785
 0.08471858309674311 0.07499347206881017 0.035686038886198604 0.03783478826661145 0.009360422323485686 0.004962755354490546 0.03187983655176462 0.04085945797276133 0.017292451127891913 0.026200506389483003 10000.0 0.02011453457390208 0.08390623857220283 0.06591527058108182 0.029660265387441324 0.020436045514297476 0.041162492679834996 0.052547606689193435 0.021730278856696796 0.06883334260105745 0.06327381865788326 0.028678271391190162 0.06498632273075015 0.04018670410557993 0.05284813366221945 0.05569640713949778 0.04641784219764902 0.035831361331865264 0.055927027750746386 0.024544315783186103 0.03615028509499866 0.07639540973641883 0.03101598200637678 0.07709181045855826 0.07709689013041202 0.034684421572665936 0.020620937497041567 0.05534273601944825 0.006721463538049726 0.0354612610231346 0.0221115701602151 0.054115763166580094 0.036239195421721306 0.033967867452315774 0.04984876808846951 0.061291289352611175 0.016862781569177674 0.014978850720985416 0.05386522545431625 0.07291161981414994 0.021555046006231295 0.036043535702151956 0.06857564993436192 0.06231124112500485 0.03816664753386751 0.0799317978862134 0.08568337249578009 0.053133302044690245 0.04048470825961334 0.02383915586149855 0.028073164650579283 0.008261569312807788 0.06236640869200741 0.030712973659912747 0.05768149222677251 0.049983124221536945 0.014582945429005607 0.034169826508736324 0.01759041177982953 0.025108723160986248 0.0366526670333965 0.03222483765878207 0.06693385010213254 0.029940350947882544 0.06265378561653848 0.05031843330222176 0.03904814262682229 0.05306689369077804 0.045378406248628066 0.05664197715495198 0.05057860239678065 0.02132756978719668 0.0606133963023189 0.019619907694656154 0.013724134102659276 0.08465557710860747 0.07268171334992188 0.04161533163740886 0.012582638811138311 0.05181145877243607 0.032086354067297124
 0.0774066194451123 0.054897239162081835 0.028790362040319106 0.02211671337584476 0.011175299680677353 0.017649105464772115 0.040928630151063676 0.023848259584418843 0.02096782716900015 0.03850152493478676 0.02011453457390208 10000.0 0.08110829988904471 0.0518460947216535 0.01767834782709181 0.03426113979266531 0.03723120585189568 0.03258028801584613 0.03324796907756967 0.05005965757171891 0.058341767282127255 0.03702431436017951 0.04854643568932171 0.026999969689532635 0.04634892004724679 0.046219078866734986 0.04151760400755206 0.030488214197372424 0.05638796443743825 0.004454275083638255 0.022288224133572274 0.05697116723137855 0.011640115529128952 0.057093572619978494 0.06359105554769941 0.053912697470558685 0.0037840026238180136 0.045883005946857534 0.017038624561112607 0.053562256443289685 0.029536195741765754 0.03429669924851589 0.0450116239855646 0.017881447938626983 0.05359356254443244 0.05554688674835885 0.03124625255115774 0.030549080259795358 0.03653235393272642 0.06737823325866592 0.022090272976201024 0.033987710773599224 0.04851983745256407 0.04318767942758677 0.02272818668948485 0.05993879177073126 0.06898981737582506 0.03482888313552311 0.058885021094181464 0.022262745040883908 0.04260075940320854 0.01970310737291768 0.0590985231212762 0.01990120729541856 0.039950478017915035 0.03601125154861228 0.018733476131198884 0.026423943832737076 0.03538922927588023 0.014324700162001696 0.016569791326379618 0.012110866821083456 0.046823531638879194 0.016566316394410086 0.04358398672951108 0.03076673649200976 0.025128022791756226 0.03309690337213396 0.04041522352488409 0.04792681106185438 0.045188107252303274 0.017275417427771625 0.04244362243557609 0.019154997732735178 0.029894352643741896 0.07694192389440659 0.061569856227021554 0.022329942662249042 0.02645528207449332 0.03902191862952533 0.04489157464174724
 0.019016942550605175 0.09940033722778235 0.10986987375031558 0.06458992177186008 0.0840762546792763 0.07930180861577632 0.05710274258232257 0.09879112843093496 0.06679637829807811 0.06480617102432801 0.08390623857220283 0.08110829988904471 10000.0 0.04953131972306046 0.09834087582002347 0.0695568819875733 0.04410725576729713 0.09142606048269414 0.06599562068366648 0.07445881123009439 0.02321157923237189 0.058322227343109725 0.06009192974577619 0.10582631578317506 0.03542613741239387 0.1257846465023026 0.039590826013370176 0.050703512019896216 0.02883908374722509 0.08063661759880418 0.06182644650730156 0.08302444243351913 0.07658451539333981 0.09231541584773857 0.04635586125694192 0.08706189445296887 0.08488601910330493 0.12547841441378357 0.08829017188846075 0.08076347057431164 0.10531790245525907 0.09408517072570491 0.05420865392869255 0.09588852581606652 0.03770883009700931 0.026462939720003756 0.07179700466262823 0.07411770608054545 0.10704018092487494 0.016345867134642075 0.10117702307621801 0.048380332616222696 0.09751843930231086 0.10456359331982523 0.06379241731665798 0.09365022919212529 0.06516350341378821 0.10288622878293688 0.08375968329023832 0.10223167808461688 0.06851494833632765 0.091179410480226 0.02205649648925076 0.10070114938361582 0.10834796756420229 0.05423546219842205 0.06971602537923818 0.1074709120161942 0.0779390777006222 0.095415673460572 0.0811302954860342 0.08194411024444644 0.09393616389640598 0.06555683972179562 0.07531788676540244 0.09454203494527762 0.060066088889384514 0.08226785916304778 0.12151093514438094 0.12782732326230034 0.12620597694647195 0.09752798295306442 0.06899422514618805 0.0654612093658625 0.07539093760207176 0.020744871259535492 0.03633103730796694 0.07496646285907631 0.07335214569395886 0.11658518512257157 0.06360042410097408
 0.035462607661183435 0.05015292340023302 0.07642635867109757 0.029729864447318715 0.060560283965921086 0.06113236215043531 0.05846061451839437 0.05949979879901364 0.051426248345364835 0.06333043320390337 0.06591527058108182 0.0518460947216535 0.04953131972306046 10000.0 0.0646222543948708 0.06423624973286313 0.03379916658525838 0.04646931150381508 0.06049955409193183 0.02493625954109329 0.031120251314766555 0.05633734994337264 0.010635807914238295 0.06840442684110862 0.025557885075607703 0.0872325939288673 0.030473048695507893 0.034193409400241764 0.04464849034097868 0.04888450557529428 0.030147107013501512 0.033633517037116444 0.04185497414449185 0.04278428835045131 0.011798691326245263 0.08835567712466338 0.05482781533343075 0.08699212786155415 0.0665877365712568 0.08431249932462412 0.08132032990419717 0.04887118968304486 0.05921107435077994 0.05943650022836839 0.05150050868624502 0.02806495795195214 0.06398912915486737 0.06536233541730307 0.06386056166723358 0.03343839992247238 0.07378133155029855 0.03846746861323508 0.04898272773337424 0.058209918174037825 0.029124624880477578 0.044152164935225884 0.023036877370583693 0.05922459316981132 0.08933728600553718 0.07356600015427298 0.06910060123595037 0.06971348896942535 0.0359417092051587 0.06698694530897921 0.06404439394191527 0.016056214819719947 0.052929644402582465 0.0739807973514267 0.07126786631586172 0.06362670068206913 0.04266204005727562 0.04574998720733173 0.0454029237314923 0.03643400917111394 0.02650997951992811 0.05071942972045767 0.02718652219868546 0.03648384104241498 0.08740545100750335 0.08964048225165164 0.09108987748833722 0.06861928400116328 0.020496795352092177 0.047739351546639434 0.06591539800129338 0.03413786114040567 0.01445372251407885 0.03448524733130841 0.06202880069582209 0.07664032660495966 0.06692467712900636
 0.09341628327591622 0.05280896087189843 0.011958006671324442 0.03605704571144021 0.021337437827880588 0.030015408012730026 0.0572442919764818 0.013286883388427715 0.037582306494604624 0.05360514922349144 0.029660265387441324 0.01767834782709181 0.09834087582002347 0.0646222543948708 10000.0 0.0485330285980568 0.05474397274491524 0.030688843338969696 0.048460636353262844 0.05634909228092281 0.07535397995061188 0.05342509197183798 0.059021348344334174 0.010568645904562654 0.06320240291630641 0.02862318008555696 0.05882013726774472 0.0479653629510927 0.07406098781401267 0.017729406306693007 0.0375770789266802 0.060895586201894294 0.02317447396152563 0.05796043097598289 0.07636522106322463 0.06386454998930745 0.013980023138652504 0.028282325399342337 0.02337870547857423 0.06509567392088371 0.02413319697974589 0.031063420573312135 0.06150024916583034 0.00722589224607981 0.07113141944886357 0.07240638413058595 0.045110741018851375 0.04375548387989501 0.02537662551145904 0.08411249682813574 0.014836738721262704 0.05165725720068679 0.04609208084138822 0.03606980481437716 0.03681785420105555 0.060712338202469976 0.07814701416390232 0.025929415780216965 0.07003746191801491 0.012772553797680051 0.056757660215810135 0.023902978229268283 0.07642553257147196 0.0024242202846473555 0.029421630989981663 0.04984289005462735 0.034925767749508056 0.009482151804986074 0.0472086829697458 0.004563992148981981 0.022386447506640598 0.01887339762139567 0.04568470209048643 0.032898427871721286 0.04957144732539103 0.026538183116889956 0.04003526833114006 0.03627671291292715 0.023466480561819603 0.0302658656589465 0.027921569124077828 0.010267360847162758 0.050647795792439575 0.03643453506887952 0.042724743380036706 0.09280027695728808 0.07608593402391321 0.030683394560254807 0.04024279131569756 0.022505316926704377 0.05994440264801553
 0.0742784780771173 0.08632933638598499 0.05588519577022795 0.04222971200379568 0.027220950354509107 0.018583262850246703 0.013001592736457002 0.057857430180652224 0.015500354731098247 0.005937802738806421 0.020436045514297476 0.03426113979266531 0.0695568819875733 0.06423624973286313 0.0485330285980568 10000.0 0.0323884745429367 0.0654047473128134 0.003949620019068769 0.07432507002529996 0.05205406445519436 0.011239649462339516 0.06662081103588346 0.05905576850813777 0.04436610289013019 0.07578349388258646 0.03743760116714738 0.030096946944716978 0.04071944273783787 0.03781474866953162 0.038959216280430434 0.08320302023301583 0.04156878150704821 0.0862520124783332 0.0738703862376623 0.0242551684668878 0.0365633465217438 0.07542971584846168 0.027067491516857365 0.021263259796445864 0.041622476031270714 0.06749007964182467 0.016981800356719128 0.051377404481501986 0.0326861995629707 0.05103056353407888 0.0035742255030279725 0.005667386749140549 0.07072321506583266 0.061489964819822544 0.04199016532973191 0.026878412096089196 0.08049335119420654 0.07710922426079134 0.04216646163197795 0.0889772317704723 0.08646697862926192 0.06907964216328603 0.02667958366259162 0.044240884076741475 0.008354128544797666 0.028597671347685837 0.04971969758665161 0.04997993893190639 0.07420305666897212 0.05002727933337289 0.016307824943678734 0.05421607747916698 0.008447372711626858 0.04401761087819061 0.04847914770828691 0.04499795744165136 0.07816610939800679 0.034373465123861524 0.06918272325791834 0.06445994617784875 0.04115459640037408 0.06302355864579524 0.06580797297861092 0.07685157306963218 0.07100905968156045 0.041381594102347145 0.065422335495156 0.019339103567034176 0.0070771218455820155 0.074606428276477 0.0669354612632862 0.050423100678611485 0.008301178311063718 0.07103213420754906 0.011667991835073265
 0.04362135391013361 0.0697566935894529 0.06601433203571322 0.025100450546834647 0.04014368228527297 0.036296636869275464 0.024752873698124248 0.0570720225327873 0.023916363212499635 0.030294168599109824 0.041162492679834996 0.03723120585189568 0.04410725576729713 0.03379916658525838 0.05474397274491524 0.0323884745429367 10000.0 0.054526049865707686 0.028450174413269958 0.05046687795108641 0.02220237391764822 0.023000280279215416 0.0390517740144568 0.0630161428834233 0.012147897619163187 0.08284599901937935 0.005319897403790105 0.006789071241667523 0.020173908755850137 0.03726822192881372 0.021309020472193616 0.06016689036457388 0.034592730087347416 0.06624240644201652 0.04212340726684555 0.055681900391938204 0.041014304044038115 0.08252378715096753 0.044748600289476956 0.05108566537998942 0.06170302657879469 0.057177264672904016 0.025437691586036617 0.05313203583563802 0.02144883725104108 0.020131435864163646 0.0331179621342125 0.03501478526245803 0.0672361697395022 0.03179345205661824 0.05711189385276772 0.005569810393061575 0.06556814003949268 0.06809079386097462 0.02444688027189893 0.06855158730890834 0.056801823949264474 0.06373278408992916 0.05591985291599101 0.05812697309351178 0.03590893500295085 0.04776728964298766 0.022054818772553497 0.057047128531151146 0.06939950346901061 0.02330727512474267 0.026587303078712564 0.06365505749774351 0.04036983296917894 0.05155168778883101 0.04046213950233703 0.04002333829617883 0.06235484436126276 0.02286537391166389 0.04739252903226322 0.056204921368392446 0.021008110838970168 0.047600990569743276 0.07762086931545524 0.08473285027426995 0.0824192235391028 0.053423800727763406 0.041851633553825804 0.021810738769774584 0.03594918721194735 0.04364267988656501 0.03457871203056309 0.036642606677179494 0.032759842462017665 0.07442565737142105 0.03326854289141717
 0.08094418560599842 0.02274621490384132 0.03922866709027178 0.02942718519061954 0.04327844965687309 0.05019704447376367 0.06892658453994784 0.01876224506517697 0.05033501228526482 0.06861754364610581 0.052547606689193435 0.03258028801584613 0.09142606048269414 0.04646931150381508 0.030688843338969696 0.0654047473128134 0.054526049865707686 10000.0 0.06354164352288855 0.029198097372421287 0.06880078186087192 0.06512914647015783 0.037415767211071975 0.02789631769897622 0.057310763465707334 0.043117503343399616 0.05619393196586337 0.04874137146341044 0.07431887088122753 0.028312120722000084 0.033283690201730144 0.03129547378298498 0.02391899242404278 0.02729015936302274 0.05680645080448601 0.08642267573598236 0.03206130039729935 0.04294588571176778 0.04834789208694572 0.08570935891687079 0.05453811374316876 0.0026934737133947483 0.07231726942816645 0.023462964115128666 0.0754936868826847 0.06535423766489244 0.06281361324163048 0.0624987276166332 0.01767594993814505 0.07531995774323842 0.04517787819543119 0.0544709170907216 0.016135208099174434 0.013589166246155098 0.03008165269506351 0.030027618310466405 0.052565985611552186 0.012949495933085574 0.09110121263043229 0.04337992038138059 0.07349354265354578 0.050295077101172495 0.07181035137677957 0.0321498681537704 0.017577987111548312 0.03719105160178179 0.04910335985233791 0.03731730198958771 0.06771128692638465 0.03302433840950219 0.016929800983149033 0.020661713071824208 0.01511258171699571 0.03382906154515848 0.02305799405397191 0.0050984092001202155 0.033620462842404227 0.010021264242162695 0.04751021788097149 0.045666657675594705 0.049741418310647004 0.03994921987463519 0.027017509668824463 0.04703885519395926 0.06202130315119487 0.07983482887763302 0.06053763117627676 0.01788784607739249 0.05828178831705011 0.032107166690487354 0.07475464111848559
 0.07039454932756721 0.08404072971501046 0.05650315403464504 0.03930764054928599 0.02738682732336663 0.019025508765623277 0.01029291724754305 0.05705589112849858 0.013216914442545042 0.005253773947039269 0.021730278856696796 0.03324796907756967 0.06599562068366648 0.06049955409193183 0.048460636353262844 0.003949620019068769 0.028450174413269958 0.06354164352288855 10000.0 0.07122419744014716 0.04817397298376137 0.007772549991429038 0.06314070610266456 0.05888211535516459 0.04041714621858111 0.07622239812044225 0.03348913301749633 0.026318838932415867 0.03718505887565258 0.03649562768242606 0.03589376453014844 0.08022782106468046 0.039625588464108324 0.08360061820377872 0.07002202149292593 0.027873587988418942 0.03586688425004715 0.07586953027292152 0.028109489675759713 0.024403007315953434 0.043524347752384195 0.06571516953328688 0.014581023504272188 0.05077134119973469 0.02951265316122772 0.04710981691376724 0.005883214432864068 0.008262028315614695 0.0697753110575789 0.05763917707816172 0.043088924701727434 0.02295124325629542 0.07834160508245307 0.07558188408089381 0.03919283818016677 0.0862963886698375 0.08284474129408032 0.06789104773730091 0.029739404885743025 0.04519659582570561 0.010085021124213778 0.029991696500872113 0.04592592573632881 0.05005874739001378 0.07313640469325336 0.046505821820684044 0.014664540934160981 0.054709022673719174 0.012273683068770672 0.044018431029948075 0.046625852144687584 0.04339496324315693 0.07590193220356374 0.0316506648718884 0.0662455014190263 0.06287605906293064 0.03796050524700498 0.06065054661488484 0.06679233949571371 0.07740846588020013 0.0719898499627631 0.041981786669795275 0.06229092321532698 0.016776760136123094 0.009632535646915916 0.0707064719772081 0.06300798439635756 0.04801070956066913 0.009148956997832025 0.07094435010683457 0.011649458197714095
 0.05985030057550544 0.025561917500134042 0.06674490466644305 0.03224098748337507 0.06095437676868153 0.06488786373723428 0.07258291473674483 0.04682743198442299 0.05919372182230852 0.0753400481580454 0.06883334260105745 0.05005965757171891 0.07445881123009439 0.02493625954109329 0.05634909228092281 0.07432507002529996 0.05046687795108641 0.029198097372421287 0.07122419744014716 10000.0 0.05498274353162804 0.0695119091771767 0.014390243929708037 0.056267178907640734 0.04667350980299914 0.07230586351307172 0.04923379493332839 0.047618226241098204 0.06627714210474367 0.04584939448520987 0.035365964023161896 0.009731983941596438 0.038421279511290006 0.017872157792141734 0.03165409812784632 0.0981877640508146 0.05162443063749911 0.07213799281035371 0.06702226183899893 0.09556331934805655 0.0780256611908543 0.030788579613503193 0.0746018566627474 0.04959066308589688 0.07120326624012394 0.051666342681839124 0.07291237501921755 0.07355272408660302 0.04643629069497854 0.05829903004950164 0.06910033709287211 0.05334961425434027 0.02560140901683923 0.03746773722463016 0.03222053516835816 0.01942599372297953 0.02342018041083843 0.041752206821106294 0.10094373176478345 0.06797819000318611 0.08104108329503544 0.06976092670823568 0.05941240634857154 0.058341154000777926 0.04533259168801684 0.02716546251087787 0.059467048435323154 0.06455580388584677 0.07950772360593564 0.0571552528414834 0.03496039973548666 0.0394795896603009 0.022222632647233707 0.04038182143047392 0.006781513829487091 0.03426448123207711 0.033291340332745376 0.020450699304536413 0.07610152376988784 0.07485839279151216 0.07869656072424708 0.0635899435300054 0.00896056098493567 0.055216310626144384 0.0736348511548864 0.05839512802790123 0.03891410746292353 0.027757461277099712 0.06952028304857948 0.061292639527084546 0.08034830895379327
 0.022225167125036093 0.07876242915568955 0.08699836225920105 0.041403926200682714 0.06224820672589009 0.05844672587640283 0.04125618892073343 0.0755821311119692 0.04598457183816669 0.04844491439579123 0.06327381865788326 0.058341767282127255 0.02321157923237189 0.031120251314766555 0.07535397995061188 0.05205406445519436 0.02220237391764822 0.06880078186087192 0.04817397298376137 0.05498274353162804 10000.0 0.041179718520948684 0.0408007266268297 0.08264987896446967 0.012227599740981821 0.10260673954803412 0.01714908406413083 0.028341551862899057 0.016455224969324583 0.05762592634067592 0.03861603394227261 0.06427478320292751 0.05338769083751313 0.07270081370558587 0.032978545431801495 0.07311826748023176 0.06209815490739154 0.10230250883283934 0.06694795445197292 0.06752951118224947 0.08388480933211685 0.07148210481935438 0.03975843037871344 0.07271796720314112 0.0259024153421919 0.0034759231320207586 0.05355827756810839 0.055698158810332965 0.08401112414001644 0.009656007151226867 0.0790326953385399 0.02724330844372325 0.07616476716872338 0.0821366368405869 0.04060867156618124 0.07440491962163663 0.05161272593397059 0.07993770712792968 0.07158523793510245 0.0798988184989893 0.05328712439963473 0.06996966234319452 0.005133439855409332 0.07773341826336588 0.08545465982566175 0.031802758206100026 0.048731581923050445 0.08457666323256531 0.06044701009448451 0.07258491332732012 0.057943012917071775 0.058737557740053556 0.07263039360163005 0.042482954031983045 0.054616752016432756 0.07168179798801702 0.03687284562794141 0.059989468067944675 0.09864625523890799 0.10466831557158512 0.1032633248910379 0.07508931878780153 0.04827231803734242 0.04401300425471061 0.05680560538242502 0.022611296372285164 0.022350613507446458 0.05195858583591638 0.05406833801204501 0.09337363271410803 0.049223460165261766
