NAME :TPP_input_29_5_5
NUM_VERTICES
141
NUM_CLUSTERS
29
Full Matrix
 10000.0 0.06964039649840033 0.08555053921670343 0.07413539738196469 0.011602494799886984 0.04881919746864401 0.11088799390470651 0.06486943677930322 0.07224545792421584 0.07516766145858549 0.08203153971153608 0.052208441216124515 0.06704346177600219 0.09084596193560666 0.06270269459372693 0.05879069639438256 0.051689047045425734 0.1002298016145265 0.079377862512105 0.11314322157215605 0.07954361400667663 0.06579128575062766 0.09818993592477417 0.05510576526969761 0.08407427215003274 0.09821348992851935 0.04039148449215096 0.09503566606055833 0.08700909666648825 0.07406872614913597 0.058118732813606674 0.03382374815778321 0.0501291747287149 0.07987854952506039 0.11181830371853875 0.098904910132773 0.0996700519492885 0.09458494048056411 0.09497106949802549 0.1145351254353936 0.07559716611498465 0.07765810386970119 0.07484453603043044 0.01307935047540846 0.08779860983445156 0.09793269799761191 0.06205323164239388 0.11204626707947339 0.07797334454187163 0.05906546946287563 0.10295978122977921 0.02373621310538984 0.09421572618936482 0.07449454706527127 0.12025086745600054 0.09506521622690596 0.09395646869427471 0.040986388552711014 0.07863247929314551 0.11040755091199854 0.09882881315205863 0.034791266110648825 0.10061846208467108 0.10241795435566836 0.07060455237827376 0.06712643934561384 0.04635066617483878 0.07707969293429495 0.11505795257460098 0.09179268149439525 0.06845945068047067 0.11203189202100718 0.08789393050150725 0.05154560958974655 0.07843233660277853 0.10486390902244029 0.0689241864288944 0.022359380744316766 0.1072164837725549 0.0556091067941297 0.0826755538204125 0.09699145994728277 0.07809428112321475 0.07724173380480578 0.05504000464342539 0.04676651210778363 0.07432776279529159 0.07107126843542823 0.07096053951237842 0.08138105694854322 0.05513216690156166 0.08812406738085554 0.049888058040743706 0.12348120276952321 0.07887447867380765 0.01946152016207698 0.05739720406447186 0.08451845081824956 0.060664130307153306 0.0391455217921337 0.08734362555235065 0.10481726093884372 0.09865754381140458 0.025723121776760133 0.019499345218914867 0.09990331272630207 0.052794842348775343 0.024515079817114052 0.11450677520526915 0.04391189783733741 0.09810541677250882 0.032664340157480945 0.07200046416289223 0.09355894681726762 0.09605414251406302 0.0947749322130955 0.07877069017118427 0.09043182966694009 0.07769245212504808 0.07817006961127865 0.04953481886978898 0.07110137216804577 0.07069797001355412 0.03084085793418799 0.014035081910079955 0.08723945669513491 0.09462311868642345 0.08634612930246013 0.07169870893155979 0.11876657990849798 0.013332661648651937 0.10045022165849996 0.05282152793817835 0.10796013871223907 0.09443077989369957 0.08225191137165326 0.03837455991922853 0.06440957895266809 0.07343531976265576 0.09188856620848665 0.0785436576169231
 0.06964039649840033 10000.0 0.016902759339084705 0.04371240938942066 0.07323131400481106 0.02120742531417676 0.04366045183899737 0.04288906426565743 0.056166155520898875 0.006541915649930852 0.05288445568765757 0.020188164783128324 0.014306661948906509 0.031103803814704657 0.025801949236890147 0.016559103076786496 0.024434742458844694 0.04797518077659064 0.027084116366488067 0.05331837776019698 0.01541908135978098 0.009789334020158759 0.058768342166942995 0.05038270566166126 0.046792438906121815 0.08310240020136572 0.04847745877927824 0.07004433780816914 0.05904248092085143 0.01068238080323465 0.024030451699784662 0.03861964653455859 0.06981534086581535 0.024649239761524062 0.052995998894591716 0.035962030574380396 0.04637513328517145 0.06948495286249116 0.08649767828040845 0.04978721987311179 0.045220892561605164 0.01589457516925955 0.0787672998627979 0.061330060500148005 0.08148472500252141 0.0347975188788689 0.032864817087224524 0.04653460137345816 0.009739372330894464 0.025537877046691793 0.03873392257129999 0.0466916028658891 0.045041591118350585 0.07574936585753778 0.055341342428235366 0.03327899367117932 0.04874912471160678 0.038942406480303844 0.01087054110275879 0.05331105010455883 0.09481611114323236 0.034902798057087785 0.03743621983254588 0.05596992445143566 0.03240143967168156 0.011747284457007965 0.028428631762914658 0.06618594162382305 0.0489469064661033 0.07936545481457119 0.0037494903036607925 0.04806137212849401 0.03816903220954915 0.031076877618170018 0.07062171164136184 0.04799921733564609 0.040215281500137354 0.047548997296678795 0.04443823357355597 0.015590658213057416 0.0336291176045578 0.05602545328842396 0.06609864897264005 0.06694271516559284 0.017653183906638444 0.07634793633641512 0.005478230804827746 0.016464554470300704 0.04092423087514852 0.061109725027705064 0.02258695608643181 0.021214668771598014 0.02787159981612206 0.05997343536432659 0.014305512913297841 0.07501610087293865 0.06733254295581341 0.021205382741846805 0.05283096885551351 0.0449694148821374 0.032669126988079215 0.0487293129513185 0.029553004684373975 0.05131197398378868 0.07362936920280343 0.05096511153967965 0.05748764138315947 0.050223909029124145 0.05332952932359452 0.0335910217112799 0.07267483177506821 0.06441320878346139 0.07186416235902374 0.08463067626552544 0.03902337152492007 0.07410913165587933 0.040671330633626095 0.0759894038282543 0.0406458702625643 0.058907636492115736 0.04141560577259788 0.025463445665023964 0.05731923848370856 0.04840460833750971 0.06334395641430081 0.017883313824601007 0.07735365398595345 0.01671184867981237 0.06356759711844505 0.055958313674430264 0.05794402630807244 0.03515818032696365 0.03117497945094043 0.051591685692433595 0.02699359969203062 0.014798136817754944 0.03178342084986013 0.03340884122898975 0.016356732966807744 0.0475984831598845 0.026800755615065834
 0.08555053921670343 0.016902759339084705 10000.0 0.044051630393993894 0.08977596304687363 0.037875214144310415 0.03424056361428609 0.05636431694538959 0.06878085054764113 0.01058361339177806 0.06286772089769008 0.0339422663817503 0.028106053680300298 0.032094177011951566 0.04000987265273628 0.028119152781554777 0.041064146316334704 0.04982358209855709 0.034552767413639364 0.04967670414580482 0.009231610916405323 0.02511589841703984 0.06458533334117576 0.06560006585521498 0.05531934023045281 0.09327198680421633 0.06508337238131871 0.0789811111250623 0.0684628815402618 0.012481737564220009 0.03955618484728366 0.05311537534954833 0.0858792269884588 0.03139450531658847 0.050091121399790384 0.03274423714796649 0.04794061741629437 0.07845057254788756 0.09779834815983336 0.04251573505115624 0.04510684477928731 0.012121951776140668 0.09263611887883412 0.07788735916390635 0.09353008893375889 0.03167560448781894 0.03825838091126622 0.038855878594234554 0.007590621896286413 0.04070919356315366 0.03362655041493476 0.06211893353340986 0.04903520599465504 0.08943828925883984 0.047366340008437834 0.03184721043053977 0.053857001980013766 0.055722533955131305 0.014571648544406308 0.051492746423632274 0.10645588267237216 0.05079445020567982 0.03364939190696934 0.0593632641060965 0.044074623802582674 0.0259632387212622 0.045280407188586516 0.07866599285953943 0.0403426012036298 0.0903876796652173 0.017176920212701258 0.04173844459425249 0.04345427135734304 0.04115657625273602 0.0832498966001914 0.04712935508162477 0.04249013947572311 0.0632350762019123 0.03971967375684334 0.03249235076403402 0.040524985003211125 0.06165781491282296 0.0783789896494806 0.07945906742802956 0.03447360186926327 0.09277500364754505 0.011555826435237091 0.019090046719928526 0.042382868512674844 0.07220371470365353 0.03354675586092724 0.005736617022514443 0.03951449920677318 0.05283750856414924 0.009005953626343736 0.09181326079186966 0.08268884144669413 0.023015662679369484 0.06731484886112139 0.05668128212424045 0.03674644991414363 0.048229355729806155 0.018456348810840056 0.06817384965106246 0.09043978890701147 0.05398835922762642 0.07306193073900673 0.06702061494204563 0.048696399000263645 0.050381881833916745 0.08123441806496531 0.0812451081313917 0.08563406784601377 0.0959680191845647 0.03982460994894333 0.0837417370822733 0.05020613678681138 0.08686439905560725 0.03912181988962713 0.07050080108651441 0.05739072621582144 0.0367852852990711 0.07031161899616603 0.06166366842223935 0.0799956478365742 0.010046840027240675 0.087495016996861 0.006901539233797088 0.07680275709997257 0.04975907228891722 0.07332791997084803 0.02960137805242517 0.04071649322207365 0.050472320983917 0.02048662703054922 0.004067917063382512 0.04722257343621064 0.04690164675300999 0.01691088128543696 0.053309603516027454 0.023114596840176634
 0.07413539738196469 0.04371240938942066 0.044051630393993894 10000.0 0.0832129936851155 0.047630448927628376 0.07796609074133229 0.08223880585897037 0.09586908625964335 0.04173143493142817 0.09526450843189713 0.0351710003692652 0.05671627472986503 0.07345375433537021 0.06595980240286753 0.0314539046361477 0.05792835300107559 0.09103612670418433 0.07079386297320324 0.09342883197786832 0.035119474998151594 0.051697798843669984 0.10245532039621986 0.08521782208822384 0.09003157688038507 0.12461715527901909 0.07667844202372052 0.11267707764440806 0.10160877249295527 0.035179095903278175 0.06201433804189349 0.043282908743036724 0.09924868494639182 0.06833032966892817 0.09364905046525016 0.07610284842401169 0.0893148888687999 0.11211062299814292 0.12677908245869138 0.08653089713292111 0.0017691269421950787 0.03241067605365614 0.11510650281018782 0.07334830576198986 0.12094627457475664 0.07497221286633896 0.014695252042791918 0.0828538916763587 0.0412028793202678 0.06403873993563733 0.07749240249141176 0.053140424651694156 0.08860753712578719 0.11262103631058688 0.09123644877596365 0.07447500487888228 0.0924519076458173 0.06702957573112996 0.05236365832100412 0.09469218035531672 0.13447381927526947 0.04877282537088347 0.07720582753117682 0.09951093640075137 0.07453056058339709 0.05427726047902626 0.05819848985985402 0.10559427493910009 0.08416304202050584 0.12013654285235809 0.04000125165424815 0.0857884858510239 0.0818436379967927 0.0254492817779067 0.1096229829075728 0.08985889001606596 0.005531015302136983 0.055372195635012125 0.0835937854516941 0.04910854936605889 0.07733522779172876 0.09972931209239075 0.10578832449773959 0.10626608995271505 0.05192731547385917 0.1027753875239314 0.04212350092168725 0.02766573554159568 0.0036340092571515168 0.10234671575418115 0.028532904973733387 0.04102279769828404 0.029583299256636712 0.09680930344784953 0.035718777930687375 0.08870110984350624 0.10015000350841838 0.06338333375347076 0.08940471694291396 0.03502545696009696 0.0760905480330058 0.09079742641457969 0.06226442283504054 0.07045681027585131 0.08778401280429643 0.09439233543896819 0.09035503552164127 0.06803422310298518 0.09263327947569844 0.0628449666117901 0.11547115316056623 0.08717630281209383 0.10875801959436497 0.1249146266801583 0.08152198882909412 0.11622458801715346 0.08366141372748526 0.11699908179128093 0.006160808693257925 0.0997219671622091 0.07466177076944236 0.0682788166930935 0.0964098089640959 0.043305460101222146 0.07623681960992397 0.05341110627069451 0.11900833273925898 0.05036287540369502 0.10191800160504022 0.09380993481073335 0.061015740111966844 0.07348133446519697 0.024057565003016024 0.09336590853890733 0.06431222935483617 0.040402552772001506 0.0445746905996015 0.07362176325544237 0.028734658118243737 0.09131024815302544 0.021103511209237365
 0.011602494799886984 0.07323131400481106 0.08977596304687363 0.0832129936851155 10000.0 0.05202426170729453 0.11233532110888621 0.06118927223250539 0.0666311650919431 0.0792134487477896 0.07760573919017211 0.05777702410397578 0.06838324193945712 0.09099879092270254 0.06213189984910526 0.0645165134536002 0.05251120054714669 0.09847080085300114 0.07900646506875429 0.11243107720273328 0.0846914376112685 0.06797446516180686 0.09433197500650002 0.04988205319641271 0.08079012983658362 0.09073727499480211 0.036176505845115066 0.08911082205789608 0.08202172152139312 0.07902689186296556 0.058157261220928055 0.04097429282516779 0.04108538420719446 0.0799627627833404 0.11092077896848855 0.09939689569810933 0.09813021391395049 0.08870021316934008 0.08675914372615186 0.11506113670486966 0.08475883375720027 0.0830997423156355 0.06603063895157263 0.011901253986263557 0.07962950508841236 0.09850735450838882 0.07030674962810547 0.11286448886152396 0.08220371494081667 0.0587219098750934 0.1036411184908187 0.030594174367652268 0.09221922290837489 0.06606413324070347 0.12070647567962095 0.09544410361228438 0.09129405651867643 0.03959534659847962 0.08122321657599191 0.10918539236961913 0.08992503320182875 0.03955759735317825 0.1011075020415709 0.09952233771030611 0.06889528284632424 0.06889801760231491 0.047197005043454 0.07022201808461526 0.1160118089408444 0.08424610615806047 0.07261128090850107 0.11239163400900731 0.08639371800677219 0.059381071295342695 0.07101928279629816 0.10379454827435394 0.07784736220205946 0.02862476457380056 0.1073911873954914 0.05822850057460754 0.08145977482916787 0.0934498616125944 0.07132395756119578 0.07028235071950309 0.05710420792180237 0.03649802527292193 0.0782871983760051 0.07702408544688294 0.07988438529222343 0.07561664433881994 0.06169397173711335 0.09294491446153935 0.05700568297378351 0.12345215080275403 0.08391277537778036 0.007971115240016905 0.049138966490567815 0.0857592207688671 0.05508345154289689 0.048655528580952886 0.08675179862680436 0.10359308345590561 0.10125443952978655 0.023729753940757513 0.008280777477186033 0.09756286174284504 0.04613621881412799 0.023778745621500053 0.11407550457674652 0.043633242629083406 0.09208947079094372 0.02432158549320719 0.06394282823743098 0.08546544561353754 0.09540195517206375 0.08823244597814241 0.07609162849630167 0.08323239535585424 0.08628348563766013 0.0725089546385741 0.046378543068307715 0.07057772941418614 0.06480554764952066 0.04041606255735316 0.010162588753152594 0.09021545857932849 0.0876066298244565 0.0897112499357994 0.06487181507349647 0.1186452248641844 0.02256232246357838 0.10150361195062557 0.060732108078381405 0.10667351612922747 0.09633525154709627 0.08679959501010048 0.043703509422863225 0.062425116448613156 0.07926430348140158 0.08919821303040959 0.08545364826707136
 0.04881919746864401 0.02120742531417676 0.037875214144310415 0.047630448927628376 0.05202426170729453 10000.0 0.06245223031465094 0.03577958204629264 0.04912400049843482 0.027291634165928773 0.051155672953617205 0.01246619352958817 0.019839231668887722 0.04445325529374037 0.021980094307300316 0.017311864867958625 0.01082105061714159 0.05770702676710994 0.03492482546916988 0.06758445153665497 0.033839429600808 0.0173547409088705 0.06256798516555757 0.03759450018829225 0.048296537828054216 0.0785523412518334 0.030672361781302174 0.06831724064106029 0.05752677014079869 0.02807734929873285 0.016820728311545616 0.021113548141117763 0.05329257461270289 0.034275793796700524 0.0666739480121694 0.05167720645391562 0.05660262468319581 0.06775525341609315 0.07984389196161258 0.0669663029534155 0.04939116194896283 0.03284510447366534 0.06748256254171307 0.0401230320986277 0.07372053967407709 0.05060851986121632 0.03319818522218835 0.06416901627127602 0.03036220178730123 0.018833262650982716 0.05538241153513351 0.026816152681892327 0.052833208762723176 0.06499367950083307 0.0726923612325723 0.04812090098447688 0.0546655832366068 0.020617457716841075 0.029824935869631575 0.06601639740783861 0.08721932451401294 0.014721730210202772 0.05335351774119552 0.06307772738081235 0.03179121963145869 0.01916234141018262 0.01067785430090345 0.058519728702921776 0.06700720002643037 0.07356203644674714 0.020840725478568228 0.06471899163930188 0.04566331120813697 0.02468083271533236 0.06235067766246737 0.06036706420975925 0.04253299980352734 0.02724566853843462 0.060267954313771716 0.007104921768298714 0.040182744686056086 0.060362945742835 0.058833747471891726 0.059147930075576 0.007816549096028445 0.058445130970126366 0.026332143302283492 0.028475100017998203 0.04408141267538499 0.056511284161989965 0.019108190238439963 0.04147330308105379 0.019845263492617927 0.0765280497387508 0.032914764252427633 0.0539557800361457 0.052985312202387884 0.036634871849380204 0.04183098353781574 0.032017073341092564 0.04275057422826162 0.06067951517754064 0.0498384567532265 0.03047351145712265 0.05259425107790697 0.059058304573576186 0.043049237128527484 0.02917841966316515 0.06838684029569397 0.015719048575099728 0.07134161892177777 0.04484545258716123 0.06113588047880976 0.07799950153491883 0.051055385093311534 0.07097741606177359 0.041714878698576555 0.0706411341794003 0.047275161078062095 0.05360126704488189 0.02707465345770805 0.028189974677649606 0.04936271604409979 0.03224206278189682 0.04215039402604161 0.038464822950608296 0.07317508961575654 0.037751104392000884 0.05454256657107698 0.07203508801477766 0.03784777289511768 0.05247225929182243 0.025703514181307372 0.06382123973146377 0.045809754041359396 0.03514952111970021 0.013015600995196415 0.028498067623752194 0.0301592772225798 0.05291729839680036 0.03907801074083699
 0.11088799390470651 0.04366045183899737 0.03424056361428609 0.07796609074133229 0.11233532110888621 0.06245223031465094 10000.0 0.061304826576663696 0.06900682540443091 0.04058533250878004 0.05777383421695993 0.06384421922061342 0.044002473304994835 0.02358782127791736 0.051408199799057634 0.05953804248708349 0.059825497546739645 0.03158744208090357 0.03567433726318388 0.0209260952768348 0.043465337450970254 0.04516938160160725 0.05008476318343115 0.0742098428995308 0.04893327362122249 0.08411641220113164 0.08031005917900987 0.06863862253381767 0.06093313460348395 0.045630685751330904 0.054500394256277465 0.08200372356926743 0.09598383467198265 0.03364153159878568 0.022539798245031845 0.01520836977957142 0.02989585675828573 0.06824797507510105 0.09102593028307898 0.009568606789717375 0.07889414689866257 0.04634783905128783 0.09361593265850407 0.10073797888017949 0.08910372591346848 0.015568343074260598 0.07230536880835571 0.00616188543574186 0.03930197127475167 0.054317024073038525 0.010952367892248911 0.08920932259653355 0.035447978890583744 0.09014332195662408 0.013331374509332973 0.018950222097063648 0.04077210746945039 0.07344142067126487 0.03311919535610132 0.025535764817159627 0.09987649295920063 0.07712437675788118 0.01389999042173091 0.04121769696248699 0.04833393116283697 0.043763656430191165 0.065154545674819 0.07706751425343794 0.0062457643950129035 0.08361179555044501 0.04635152501028912 0.010539334654460997 0.03504909071159671 0.0737638692070634 0.0814948581451014 0.024519273653211087 0.07669503449512367 0.08969755034360222 0.012782914279520623 0.05544000439721742 0.03685969959029744 0.04744788955192266 0.07627895555605811 0.07785723181987077 0.05584836222506492 0.10455111450801768 0.04090702388523308 0.053006105184342366 0.07651026373025263 0.06797031885032091 0.06550468931989827 0.036993888991732504 0.07117648197404655 0.019100994822345587 0.043150506769024474 0.11228786668350928 0.08985592377313965 0.026576685598776666 0.07318888872868994 0.08845679001993109 0.030099415799847956 0.02591673220035962 0.015786049757330733 0.08879051931360879 0.11079985968589426 0.03664146628032111 0.08210283767375302 0.0885568172713804 0.018500252515472115 0.06886396902757448 0.06974299524773467 0.09747903330735685 0.0869680259489222 0.08945264121897223 0.02456305435986284 0.0743647096503523 0.04763403602567501 0.08010059776364647 0.07268255203631947 0.06779197710194791 0.07017035299126172 0.04356529086900855 0.07131539261180468 0.09204904924173397 0.10217275759232382 0.026529173224916887 0.07887524300912187 0.028957158670249155 0.07756108991081834 0.017129988372235 0.1002990234531724 0.011250637797890874 0.07357441636001627 0.026145385768839666 0.016764967021815548 0.03819268088401705 0.07466458845826059 0.0543425907468276 0.051000348950943596 0.041645302260212506 0.05686414085732516
 0.06486943677930322 0.04288906426565743 0.05636431694538959 0.08223880585897037 0.06118927223250539 0.03577958204629264 0.061304826576663696 10000.0 0.013647401582129933 0.048576416485135464 0.017526964116238424 0.04780089523549816 0.028802692553357868 0.037722163149296085 0.01711263363280956 0.050790088222433145 0.024958847259896663 0.038827654330723646 0.026111473737511964 0.054494921079286746 0.058110093919233156 0.03311057288612968 0.03333829571955512 0.013438320407231785 0.019630380372753883 0.042778869678479714 0.025015629142254556 0.033317239767587686 0.023296441963389668 0.05355069304355746 0.02025442294688462 0.052708697624508805 0.034848236509215993 0.02882221802771211 0.05260900551455378 0.04621198283236023 0.038945603495204345 0.03277459261344357 0.044551512443217346 0.06050830381974268 0.08395638261652354 0.058783527787665116 0.036272427998986355 0.052004459374153246 0.03895002982090737 0.04574907909632139 0.06835376361948371 0.05946808377121671 0.051388059902168826 0.018272386073043108 0.05065504268057125 0.05246178776773155 0.03237016574492487 0.033098252625131185 0.06556502432455065 0.042360629115454365 0.030481835240481907 0.025047523168977535 0.041981518685079114 0.05022411040292804 0.052440259139829276 0.043837982566055596 0.04770499927532395 0.03844688690635133 0.013400920575858748 0.031276801722567214 0.02688553103409971 0.023541217963584125 0.06282868331057634 0.037945571813440646 0.04564467564626776 0.05749584010121386 0.028088861000884792 0.06045834495134408 0.027839467007329508 0.04540503193242745 0.0774894165855173 0.05130043776478824 0.05228738444722359 0.03313037355765402 0.024677813041773383 0.03228786556470665 0.023622176972167713 0.024261319523122587 0.030324927039927518 0.043708293312463106 0.047570539448737285 0.0581104592293975 0.07883956019832317 0.020788716247992858 0.054278460401804667 0.06190535514178513 0.055624518558719416 0.06677575291243908 0.05698618314458556 0.05815165018396825 0.028630420988288812 0.03831809033608061 0.011966860105283483 0.06580179867745958 0.03134962525412837 0.044853537787259305 0.056733354556956855 0.03914753198210938 0.056682313675001074 0.03701549240767339 0.021039617024442535 0.04057130223516326 0.056770700327941195 0.024889401765183984 0.03643992378835287 0.040137334221122936 0.02927454421127598 0.042684431405294716 0.038740986495777716 0.03537766876113043 0.01574837595908598 0.03491840068299228 0.08082824614565876 0.017824650840391643 0.015370835577650547 0.020081411114855657 0.014481238189135907 0.06335222451791987 0.052019378260002525 0.050064367686219816 0.03740282643518526 0.05171686268759622 0.020683883637221068 0.061942735664576073 0.059982396328152686 0.05020838370166729 0.06146032197436124 0.0476697831872341 0.04953562828199723 0.05610794024679665 0.04536209829570709 0.009535575310804437 0.05868901715967153 0.028391411410904097 0.0691045752553161
 0.07224545792421584 0.056166155520898875 0.06878085054764113 0.09586908625964335 0.0666311650919431 0.04912400049843482 0.06900682540443091 0.013647401582129933 10000.0 0.06161568258550234 0.013409168686985324 0.061298492329369035 0.04191979418782596 0.04605833840151006 0.030567254359087276 0.06442647629897212 0.038341536188912215 0.04181336488158801 0.03609732974588144 0.058328585211207214 0.0712041038224804 0.04644294068551088 0.030105618432982935 0.01716033198930494 0.02099216584597456 0.029623008447895678 0.03205949032037186 0.022813546895378147 0.0158110017510867 0.06684840908219489 0.03390163239333526 0.06479817229689502 0.03227590217383383 0.039180581377941434 0.05619038877581684 0.053841472506339694 0.042551149984127325 0.02235136176376018 0.030910864892157098 0.06647916920918942 0.09758969921645033 0.07203147201336133 0.02486845375190772 0.05916637670260434 0.025372130368146912 0.05363116088206813 0.08192163673475593 0.0661366471145353 0.06430479550645433 0.03191745879380891 0.058065040169301085 0.06323323054334298 0.035709625910373695 0.02143896447899608 0.07093866688622344 0.050358775577061615 0.03190673861179489 0.03560210904610603 0.05423040553806346 0.05325078004823981 0.03882510562291273 0.05587153767899516 0.055107680811593805 0.0379988725656721 0.02472242376879081 0.044450304998486824 0.03966639317611187 0.010019916989135808 0.06943750972753425 0.024438042383146757 0.05906004838596224 0.06342132485335927 0.034021404559748315 0.07378314299728601 0.014510724552807988 0.04938470619299696 0.0910902558759147 0.061779037591604184 0.05839371358699457 0.046762541651696056 0.03255813559607092 0.03029388913839544 0.009994447677783826 0.010781315319862329 0.04394388973564063 0.04148964867856733 0.06064016222007602 0.07164649932374956 0.09245842604876968 0.009147695557639437 0.06782023126134351 0.07442828603581195 0.06894291063344363 0.07105611253674697 0.07008269520433531 0.062143560422496615 0.02375619210472449 0.04893737812358458 0.011603820477205219 0.07817364460830172 0.03919204150974567 0.04849826244380563 0.0669319158834972 0.04713181851646372 0.06077969831411962 0.038495427148797105 0.020983623511053078 0.049085771416025485 0.06103144802485439 0.036805319555367685 0.025912762310230597 0.043206223614388084 0.01802638407040831 0.029045660158987664 0.04483932116738708 0.023340234978345493 0.021435743225698484 0.021583013873127433 0.09447343192896525 0.0059251810714048316 0.025296766603899637 0.031997540881258814 0.002537463011498086 0.07500774733273842 0.0585566793516417 0.06166288549125623 0.02455640583722131 0.06363259603748951 0.008601456547929875 0.06641811359067526 0.0694164465518942 0.058448410065703185 0.07482607982792851 0.050810578094970665 0.059490457378470835 0.06886802114428495 0.05787529475296431 0.02281441651345659 0.07215036084417972 0.03010554317486081 0.08259617626325516
 0.07516766145858549 0.006541915649930852 0.01058361339177806 0.04173143493142817 0.0792134487477896 0.027291634165928773 0.04058533250878004 0.048576416485135464 0.06161568258550234 10000.0 0.057381601330659684 0.024170910232024206 0.019773727821966982 0.031732824711873976 0.031632398205499075 0.019081491154574543 0.030974593211764535 0.049321875245363245 0.030225634883454804 0.052610992885295686 0.009601804552334678 0.01582033433816665 0.061753385768897766 0.05664288864024058 0.0506970403446987 0.08779274712978741 0.05501895568762199 0.0742518095580107 0.06337118568568972 0.00658833289509684 0.030305744315708063 0.0432185940789879 0.07629331848251392 0.02740169102985873 0.052569803994030904 0.035092006851700275 0.04758826819288777 0.07370042802561162 0.0915853723519914 0.04762908636639939 0.04309261925956623 0.010864307490088423 0.08467467964513958 0.06732078463698349 0.08681222651518566 0.0339301070045854 0.03274853643976117 0.04417323135930258 0.0031984104757678895 0.031705955280856284 0.03720891613359803 0.05188388174817687 0.047178854943426926 0.08159704788943138 0.05297439601461746 0.03302249730988465 0.05136681052220703 0.04547373878044226 0.010639507651490143 0.05330925967280667 0.10003318090745839 0.04037905498528714 0.03638661265484931 0.058007387970385224 0.03734611396491021 0.01732152564970999 0.03493972775679093 0.07162209554715246 0.046261792161995795 0.0843414675133496 0.006712071573961905 0.04624564284781132 0.04069716527092089 0.03317859997777443 0.0761186677682212 0.04829178251086296 0.03893416193780099 0.05290862286770383 0.04318194622429986 0.02204987449234055 0.03670588579709331 0.058917821114402094 0.07146729272408683 0.07239311172969178 0.024184179303589456 0.08288012092635885 0.0010741770874943127 0.014131421940819709 0.039328746069341544 0.06605034281964235 0.024966702260426462 0.014672903219699775 0.03074761411624609 0.057978686892572524 0.008486369951506544 0.08123356395801976 0.07364991948898952 0.021653133195527325 0.058880592610422056 0.04807537840290623 0.034588912841190624 0.04917618844725793 0.02552260008744017 0.05761775478449949 0.07986243418421059 0.05280565693267994 0.06385094603522833 0.05644253572270813 0.05223833668990721 0.04012149285245173 0.07675696136712251 0.07092372063117404 0.07773070806544721 0.08972681555339355 0.039801281355446944 0.07858228707767992 0.04489489311330457 0.0809053589580862 0.03790516398150795 0.06401454416582222 0.04785751198685071 0.030156534904769605 0.06290043176849587 0.052347967424631096 0.069416393123388 0.01406328748970221 0.0820175780213069 0.012000890245859975 0.06924679781415109 0.054289618643515516 0.06312751306561888 0.03336512954431288 0.03300331773978584 0.05183840636376698 0.024513132500710272 0.008257501854995521 0.036944341152377914 0.039044330455298766 0.01306903376032258 0.05043477391822071 0.02284414258913331
 0.08203153971153608 0.05288445568765757 0.06286772089769008 0.09526450843189713 0.07760573919017211 0.051155672953617205 0.05777383421695993 0.017526964116238424 0.013409168686985324 0.057381601330659684 10000.0 0.06234465523287555 0.03882690732239696 0.03598883758140476 0.02970003886141939 0.06413806150305404 0.04058232315284658 0.028884388814891374 0.02842028627013518 0.04540617218692807 0.06688136729756146 0.0437965601209642 0.017101708691839166 0.02784898333873925 0.008857499753135241 0.03046523887302073 0.04174766848802879 0.01743363226201606 0.006407436818168876 0.06332458199965525 0.034446862281346 0.06958001139874656 0.045536903219542076 0.03162480648095036 0.04321668872592316 0.04290681843233082 0.029815690885646656 0.016866227359187403 0.03517976691531623 0.05429130864672125 0.09691148744748995 0.06820201820277301 0.036225293035392694 0.06905196241554368 0.031874409403143206 0.04288764743814504 0.0821757237064299 0.05431659964834181 0.059653238388559356 0.032389368011160685 0.046860171518554636 0.06989669271092157 0.0231028135617574 0.032767158794965015 0.058433230858732796 0.03982132626578077 0.018790384331327938 0.04257386117235216 0.048469303245458846 0.04016028008710875 0.04400193072457078 0.06081970274990585 0.043976814677893696 0.024591865294195946 0.02074369384225128 0.041364694842475055 0.0434933937135419 0.0194297767613247 0.057536381402967685 0.027671306389103343 0.05625150243003329 0.05125473788080008 0.022965598536278317 0.07545653630142184 0.02375125826798673 0.03663513188824338 0.09093423319654338 0.06878656416782042 0.04640457221351225 0.04705548324083397 0.023205988594531435 0.016975728037972412 0.01856012712494027 0.020197885802422343 0.04454155427291843 0.054770709848952416 0.05652538390235923 0.06919776626618328 0.0920671229668939 0.01025045375524501 0.06846961122413314 0.0686043373572828 0.07070350225672135 0.05815944466535758 0.06579317147935992 0.07381677495725424 0.037152505762583755 0.041017098684841005 0.02325136395853967 0.08234532755586729 0.029143652908089117 0.03564942161220101 0.057879556194024934 0.056367827048161366 0.07239680441671781 0.025248941466548633 0.03342259748496431 0.05792820064115997 0.04821548975565105 0.04215468306020092 0.02032596819089549 0.05510896617301228 0.029980547497246286 0.03339877309497199 0.03322803860152395 0.021229513385677388 0.012661697722686136 0.02410368928166405 0.09303729129565565 0.010206976451115127 0.032779216908354315 0.027421012238276973 0.015938615968924853 0.08043389368993085 0.06884635352156468 0.05453898971562374 0.02468148455916091 0.05694970754401858 0.020969508075054027 0.05362083098832483 0.07750283292801857 0.04783158301221945 0.07631634929997291 0.03777678819813563 0.05038563294621866 0.06370263147749002 0.06193822836790431 0.022658080160168667 0.06924110409821631 0.017146842262134202 0.07967313597626625
 0.052208441216124515 0.020188164783128324 0.0339422663817503 0.0351710003692652 0.05777702410397578 0.01246619352958817 0.06384421922061342 0.04780089523549816 0.061298492329369035 0.024170910232024206 0.06234465523287555 10000.0 0.026597574009530722 0.04962554045001745 0.032662558688095714 0.006746902670548782 0.022996547175124886 0.06499562152866376 0.04237424179779535 0.07255163431201264 0.02734294851272705 0.022264269585408426 0.07231280278548531 0.05004688656872179 0.05853940113558664 0.0905458864909011 0.04226097386371894 0.07969981727425969 0.06875138051515842 0.02196000660956426 0.027998558814303402 0.019173938414743203 0.06498139536432782 0.040905423837025195 0.0719943718121944 0.055541205570770025 0.06363846577005274 0.07913373490672745 0.09212040339239218 0.06984924035784774 0.03693340864405878 0.025474938009160758 0.07993567890111537 0.04617443318854283 0.08608376555594956 0.054394285424635626 0.02074904705164149 0.06665823472642662 0.02655243925073124 0.030069934459228807 0.05862087599328595 0.02850937637490941 0.06089333608727445 0.0774589524330354 0.07544711911907771 0.05249691926649721 0.06351712585970128 0.032332307572609596 0.030932613781168492 0.07189500767873655 0.09959623274796932 0.01827299090529345 0.05709881135516209 0.0715940597484304 0.042144797547914725 0.02484058493356581 0.02304351836314737 0.07082409373947374 0.06911947015195273 0.08571643031197211 0.017703403157999342 0.06800861463749981 0.05367535893947523 0.013250944533920152 0.07472277454421929 0.06636699347040784 0.030070135033323727 0.029882290700299224 0.06413833873771306 0.015331284840459489 0.04839917150991915 0.06989053100782561 0.0710977105507629 0.07146750175724112 0.017811016049071225 0.06948137870620547 0.023546014454848423 0.019268769169286458 0.03161631259330221 0.06837309181949117 0.0066421027900299 0.035998829040382006 0.008779507742188108 0.07994549813854754 0.026701767551507306 0.06113482837434552 0.06520547782378133 0.040367742460650474 0.054288256223546584 0.02496281261480661 0.04953254360184168 0.06690809655021684 0.0494438970395126 0.03910569743026657 0.059908747700825354 0.06710251820377465 0.055326670102117025 0.03720490876036344 0.07284708881019139 0.02782801488232844 0.0826574713245457 0.05491086590659557 0.07360201585008018 0.09026835584307123 0.0570856922457666 0.08267787580687268 0.05193518141265759 0.08271929442370958 0.03501915147763161 0.06555781891342442 0.0394989218836671 0.03720602658178972 0.06164721673868761 0.028284177466655475 0.04865807241662418 0.03777512587297485 0.08508109471563369 0.036096260235892054 0.06694356356669358 0.0757990259393238 0.03958402793887301 0.05517589248963695 0.014001536606265847 0.06993861134410378 0.047177390323017106 0.030360026687458744 0.014079575271301412 0.039871871264481946 0.02148728156956962 0.06196120264369493 0.028600003655049278
 0.06704346177600219 0.014306661948906509 0.028106053680300298 0.05671627472986503 0.06838324193945712 0.019839231668887722 0.044002473304994835 0.028802692553357868 0.04191979418782596 0.019773727821966982 0.03882690732239696 0.026597574009530722 10000.0 0.024623153489338988 0.011958373091193448 0.026396844050217836 0.015911701737647155 0.03854693033301777 0.01579340673086227 0.04774522502651823 0.029320995716773286 0.005018611484515239 0.04629694872292976 0.03750440082001433 0.033330323774933696 0.06888439785347915 0.038477808906465245 0.05613268151322127 0.045079646216525125 0.02497230558487431 0.011923259258343463 0.0408614772113136 0.058108377639871214 0.014613597277722252 0.046849069007990095 0.032083213147556425 0.037282666436563604 0.055569004230956995 0.07219134290433447 0.04759235608277863 0.05832151905761917 0.030118761983065137 0.06494115994278975 0.0567413331601516 0.06720425520122587 0.031055977155991787 0.04437166161900491 0.04501308315706088 0.022615200722222766 0.012749163932090812 0.03598906816032398 0.046344681702020454 0.03429586488197322 0.06184067031297557 0.05332251370336198 0.02840697939715551 0.03704870032797353 0.030205934816804433 0.01465828786576103 0.04627576528274967 0.08051644939852845 0.03435353195840488 0.03378235991222458 0.0450176229183756 0.018177750003246382 0.0025660189761054376 0.02118748623287551 0.05193784309850149 0.04801482354019951 0.0650699801037553 0.017475143754936123 0.04520355156479348 0.027078347044359654 0.03964489264413909 0.05640351103797813 0.040641031913381434 0.05267023277243517 0.04650211988750244 0.04059839877859725 0.012876068393349952 0.021837847043246823 0.04373188130693833 0.05182601973312981 0.05270098514161262 0.012321838248098065 0.06543491942251352 0.01877028475350472 0.03039199107570519 0.05365040092418685 0.04682846168826645 0.03161980030050222 0.03343603777262062 0.03537107055378046 0.05690039088845497 0.02819752285925756 0.06870818430872269 0.05459601525458927 0.017488098630670284 0.03930074275119705 0.050639269565168024 0.02322681860879808 0.04101878577100516 0.03356225616992083 0.04498302003356921 0.06723937965966582 0.0405078145451163 0.04503705460784412 0.04461179919386819 0.04857465499666032 0.025248632170256045 0.058854098556288106 0.05540355677540386 0.05798220483127742 0.07032419368139263 0.03130681652378491 0.060008074413474395 0.02694875032713295 0.061706053253616576 0.05424309797965588 0.04460234427481809 0.029748113221036834 0.011563884639080172 0.04314753950734877 0.05186542442990236 0.05822473300101351 0.023827426657621855 0.06315165751281536 0.02458414593246636 0.04947519810641662 0.052334790024943796 0.05708775142225562 0.033407937221965445 0.0401815940592028 0.04413617943909797 0.02802040332888054 0.02742815666624242 0.03283293436871601 0.01927119538649408 0.030561457749888707 0.03558495565267562 0.04103692946978055
 0.09084596193560666 0.031103803814704657 0.032094177011951566 0.07345375433537021 0.09099879092270254 0.04445325529374037 0.02358782127791736 0.037722163149296085 0.04605833840151006 0.031732824711873976 0.03598883758140476 0.04962554045001745 0.024623153489338988 10000.0 0.02897349742253061 0.04742237071286398 0.03916276184746397 0.017825316420096927 0.012367052104562818 0.023166072860504174 0.039263410856225166 0.027734213614159342 0.033205678889574944 0.05064854340761962 0.027248930023149764 0.064806103535167 0.05749261173687221 0.04961981182859927 0.04026709811392227 0.038275004663912454 0.03289706728373081 0.06539225970546513 0.07240854911008257 0.01103880189939351 0.022417584056898286 0.008698915946864916 0.01599855961343449 0.04914266180025937 0.07073009099235082 0.02413919873792459 0.0747916799005187 0.041584379649108515 0.07088524226444519 0.07976320050592801 0.06785473316446142 0.008079151784068142 0.06384265825144851 0.022335724278343187 0.032426905847954504 0.0322819664825291 0.013163590782943822 0.07089746391124643 0.017262587136889173 0.06743039109925866 0.029727589093000602 0.004704391321092153 0.022464867289547174 0.05149981999539507 0.021138981339421138 0.022314345064951883 0.07962634762439455 0.058956086240434996 0.010338554779083096 0.0272795804104063 0.02479368456366323 0.025473819448653005 0.044495332043502575 0.05471042335574969 0.025649549818283057 0.06319022071676071 0.034748262599343556 0.02140054980217187 0.013255725786815583 0.06180201218628518 0.0592623651851497 0.016905688298181273 0.07060486924426378 0.07095838068924924 0.01641083826319781 0.03742873831980932 0.013520405856775148 0.030264035559850168 0.054045151087238064 0.05551616888762816 0.036906902489867714 0.0810232896356698 0.03140373198193745 0.045854627521063535 0.07105191003155208 0.04620890600218353 0.053337868083795065 0.03740944549217202 0.05810706387048936 0.032635485006955484 0.03841426411304342 0.09022479375674139 0.06630061673608405 0.010094684544869436 0.049625379296474315 0.07442972416923213 0.006905802722839033 0.017629418399617916 0.022157762158889458 0.06727115617165771 0.08872369453713173 0.02189807248330344 0.05852837379765328 0.06739212793144776 0.02396272553642593 0.04740868555113445 0.051403883821375465 0.07456552334713613 0.06408471208425062 0.06902279628501701 0.008068679686806777 0.0549711106060346 0.02464458186693797 0.05960551409266252 0.06942894112502628 0.045539817969603144 0.04712414921001286 0.02067212273168878 0.048261823945193766 0.07628308054259281 0.08089038755455702 0.022168050371898004 0.05920122593717003 0.025230621201266304 0.05465904978249378 0.027935031136008974 0.08149389835735099 0.012526984839957811 0.062038484046962085 0.020499955998641923 0.014805671316991512 0.034534595817937885 0.05742128369416732 0.03094824587388203 0.04473370969143133 0.022372870342961045 0.05381015849431106
