NAME :TPP_input_30_4_4
NUM_VERTICES
117
NUM_CLUSTERS
30
Full Matrix
 10000.0 0.04919124422093103 0.040645319659037046 0.03100594483184404 0.06935577774840515 0.08247636861156413 0.04812797920196955 0.018944600625660706 0.08800925965622856 0.04155658048016218 0.03664416549409986 0.01994896814328884 0.04364387228020447 0.02961367278807424 0.04823025214765043 0.06700928425980518 0.08430626212177313 0.052766771220722104 0.07618039100346174 0.0750225170445751 0.04852011073833737 0.061894839753319664 0.04297081492360104 0.0765141928062316 0.04329281994518835 0.023665354233501253 0.035495648994323066 0.08662247529841145 0.07753006538888994 0.07965992092068473 0.04545364976124407 0.04304550984679224 0.03690777522883372 0.0697519542005766 0.085297182854665 0.007968627374716795 0.03264073915916704 0.05768109059236538 0.07836649719245477 0.07565313721237159 0.0701240367943807 0.07976209019841606 0.008122369231552237 0.029898655354183595 0.07473289248746183 0.024646137153464125 0.058764590648499086 0.0911205461548412 0.06025576776327384 0.06306768341182585 0.013057215271571233 0.012691495738071969 0.02984344960447893 0.052323738940477475 0.06128065635234469 0.013636161519997369 0.06144063561612344 0.049715351414221155 0.06807661158838954 0.02394794984308861 0.07680265123225176 0.046944049523850784 0.07488490864597046 0.07748404893435737 0.07596534284265817 0.07080663791859655 0.007888433951507323 0.008559123808533943 0.006916714050436789 0.017257062024123724 0.061727330653641915 0.05974527487011193 0.026440282738260826 0.0662815401677582 0.019560588486305566 0.05463389999004905 0.057348536974228585 0.0622047742496675 0.02178133301450047 0.028668045995562344 0.04070200890417618 0.0838757557847178 0.05442113168384855 0.0663350890142372 0.06536004306523444 0.01784977651094462 0.07120468559247553 0.03371248673877952 0.0729296317394756 0.011667337771223599 0.0328866860297039 0.06224360516663779 0.008098086384058345 0.08632478238508985 0.0401726964646763 0.08782777974550832 0.03852771431671761 0.03575877865744067 0.06537432611254458 0.11531611133068208 0.05063272444848551 0.057362763980084816 0.0794928731044871 0.02501001951301555 0.09419977251097614 0.03627288353882027 0.04279562482830371 0.07717707578894867 0.08305945461022614 0.052789783550701075 0.024757836839093134 0.07870247349727859 0.06868194211939098 0.08501993490661762 0.05365515696510259 0.018839595011390774 0.022273460342286857
 0.04919124422093103 10000.0 0.008803017626777043 0.06435110910835763 0.04118989020848038 0.0472824002543196 0.02926683829677816 0.03656761963180863 0.06957762625387777 0.019147467311827922 0.061085247160131244 0.06067430334317806 0.010430115138124012 0.021456720640699072 0.017733867085539985 0.06157567166293962 0.0798215944957046 0.0651091001723178 0.06104720465254704 0.055857758759066005 0.062190548375762926 0.01915964804557281 0.06371003759631201 0.027507480088346786 0.01878201122203719 0.030106407517419557 0.02746338622384981 0.09473569555092276 0.029968588869257733 0.0333040717465927 0.023144841800500252 0.037358039643697785 0.055146708215408145 0.07956539693295431 0.037219268868229405 0.05266029762507271 0.016668261144371657 0.07828159126343168 0.03056787852178156 0.06380589348698287 0.08385601203329887 0.030682846683661592 0.04265464068625167 0.01946098355307921 0.07631224560630158 0.02661887683775635 0.017930467419494774 0.05408161945164414 0.03078418074333395 0.06361625249010963 0.047299618441559964 0.03650200115536169 0.029677499111549495 0.0540285373670303 0.052869961294717 0.03922451461803527 0.015605106287737532 0.011266358322218907 0.04551375897640591 0.04295057794541075 0.08471540502356166 0.014782862500076465 0.026075941538360906 0.062457376397271606 0.027411282676821053 0.04938535118765997 0.0487242725825693 0.04849557761227009 0.05282446034914194 0.03200767560911608 0.06916375116621948 0.022631867453051995 0.05716963393237847 0.033988879791734816 0.06874877591731061 0.06990310402357919 0.027591860231998232 0.023797435715958475 0.04284975496376061 0.02239939296476885 0.008494245385789197 0.036427304110188144 0.058303440900352096 0.03211259738489189 0.06484876349283777 0.04989705334964202 0.07150517758923391 0.015700347272781762 0.03450733141765501 0.05726106263522189 0.06173544550974415 0.016814828418002768 0.05613131021289667 0.04467142244536903 0.01658770137572045 0.049756315824021784 0.026931723612380925 0.06107442003702225 0.0435285380403362 0.07774023232193321 0.01118745120601861 0.014788917648812759 0.04754082260165852 0.024419647444752158 0.07130495066466812 0.018346584186452665 0.05787766619925817 0.04642418281023236 0.07663242902826642 0.008968614812894956 0.06572003513928411 0.06762943693806725 0.0385950853293922 0.05585771647880627 0.006963661278650473 0.03050299477101599 0.035664187109756586
 0.040645319659037046 0.008803017626777043 10000.0 0.057929875371648676 0.04528850150995676 0.053376836376513435 0.02953443333232145 0.029450066093183153 0.072592063348857 0.0178845009204242 0.05576526081968786 0.05321242007440346 0.006748972371532401 0.014628852328943696 0.01966946664161922 0.061604220882466545 0.08033792059165414 0.06195960359317348 0.06307357475184369 0.05854415529770955 0.058660622987856494 0.026232949789305092 0.05909466028007588 0.03586979753981498 0.01834052009977545 0.0214351148547688 0.023913162622678636 0.0932908247072519 0.03740476833600598 0.041760094950152114 0.019392166829126496 0.035378108957597056 0.05041321272121189 0.07742575375500019 0.04598323147080513 0.043889995944066944 0.008004955501632728 0.0742604354606416 0.03927764686933284 0.06525108431375821 0.0811561538737956 0.039443828280812505 0.033924149095857205 0.01145549079873155 0.07556927603846583 0.019325074641956375 0.021456365982035364 0.06075799209036 0.034479872974893064 0.0625604477448289 0.039741175751803734 0.027962692163332595 0.02174957061716911 0.052183839887940175 0.05303369075209862 0.031447175106482025 0.02358975203262747 0.01217223532643943 0.048462428229549354 0.036849249168704655 0.08306492421695783 0.016561379752152827 0.03426979937780732 0.06451731772959042 0.036206125312601346 0.05227736092481361 0.0406836166420045 0.03970339749962282 0.04460584252505554 0.023608873786472858 0.06707176485800108 0.02485565619669215 0.050752747380191886 0.03875741090880966 0.060175258453715186 0.06646759728895654 0.03103950128677587 0.026711282495252276 0.03641244153336581 0.013653324548502772 0.0021868848472567574 0.045103794697869855 0.05631860876832739 0.037310595069664575 0.06405648543199842 0.04281629781364713 0.07083416471097036 0.006962417633115743 0.03810670285329493 0.04847728981531582 0.055812611645867566 0.022788538144671966 0.04743083348892049 0.05222389539101854 0.014544036375506867 0.056582242379662175 0.024358101739187444 0.05562443728154964 0.046175641153755276 0.08483281064227702 0.012766692435315042 0.02146680820512958 0.052866042289347395 0.01571586515514937 0.07529602601159012 0.014314528105677241 0.05385145587477156 0.05141785397384884 0.07743215143136459 0.015509158332837168 0.058373059542914926 0.0690602689043736 0.0430455243388323 0.06079895070066559 0.014801850983533829 0.021854046573734534 0.02710692083851282
 0.03100594483184404 0.06435110910835763 0.057929875371648676 10000.0 0.06483249620366383 0.07963451114785443 0.04722017612192892 0.028729363536346347 0.07331385407580508 0.04828088001274106 0.010411818750471624 0.012160450872240967 0.0634468539970377 0.04332714594408113 0.05429427507235334 0.048945103511434794 0.06230647213324002 0.02798981789384636 0.06172965040959962 0.0633194793917592 0.02443192837135741 0.0689795865114488 0.01621180486803756 0.0907434992586784 0.049686714054579056 0.04993498252868551 0.03894301438206502 0.05868371221307504 0.09427488290821885 0.0865305563112306 0.07019432084628599 0.03700068129073527 0.016429557503513072 0.04275755853991253 0.09396304425209259 0.03773624091695084 0.051255650110565626 0.027790439784462037 0.08723920862442647 0.05933743267195232 0.04146552210923994 0.09140133626860604 0.037433006901541055 0.046868030007648886 0.05101674959880943 0.038727456716865054 0.0791934439295959 0.0882560641395133 0.05959521585125288 0.042456361185209956 0.020816010646319615 0.0364807937876671 0.05691904026170493 0.034941157645425665 0.04690192054024438 0.028611168913042984 0.07088295201766809 0.06968629075192408 0.06038354287318409 0.021434602299581815 0.049796845478692266 0.05485927964772411 0.08973444777010495 0.06268412044274947 0.08638395371822859 0.06160167233013129 0.02390392587052263 0.03954181999826231 0.024348292236511575 0.038052201574552656 0.0373936697576479 0.08181187661536361 0.007189343218592179 0.06529773474623057 0.03265617378043458 0.027599706294692845 0.05806280082387048 0.08398212374414828 0.021550216188460567 0.05120485542228713 0.05684054793416039 0.09166806776510232 0.03461405835267194 0.06656761740121374 0.04476275468134005 0.01605715063615868 0.04880625793760101 0.05242355885412186 0.09538970068994822 0.03909292258028911 0.0053146961885408165 0.08057539105948842 0.034496036962791604 0.08781036346032864 0.049184530156782084 0.0862220401699426 0.04104385826237403 0.009360621218302828 0.058091546441282664 0.1102741997411067 0.07042504671123385 0.06572780246169461 0.07499155532113455 0.046010981192586516 0.08130158472029486 0.04633559614982963 0.02058645542929404 0.07236684804426341 0.06227636660200606 0.06358938122347024 0.010475071310783844 0.06129966656267591 0.06557830427077364 0.07760446194483267 0.06580163614151516 0.04145533968832296 0.050990985539874946
 0.06935577774840515 0.04118989020848038 0.04528850150995676 0.06483249620366383 10000.0 0.014832812192874125 0.021244307441507987 0.05046053925192417 0.028899470610338165 0.030497994756049886 0.0560654504590677 0.06885996044477441 0.0506655556283693 0.043530170355005934 0.025888214621838324 0.030711159324914125 0.044514724337493004 0.047782918510142124 0.02293152828281866 0.0164619355102082 0.04755787820533022 0.02488571776944739 0.05418705367519524 0.04889995828599449 0.029085916180430764 0.06223581796030243 0.03394151864214105 0.06513397329579663 0.0565581196556735 0.031954709187878 0.06394595547698925 0.0284588689046244 0.048916720338412004 0.05457093225258965 0.04026177616804815 0.07619740349426395 0.048364901796892845 0.06246660300526767 0.03604885976408049 0.027166315757795257 0.06076661050438632 0.04401347826605192 0.06691951117452931 0.04676363756056248 0.04592152615927705 0.04670471005909196 0.05698703650519246 0.023428567674310227 0.01083686675891061 0.03692112068128122 0.05965000217032589 0.05967051342755115 0.06544290885496579 0.0341228247028491 0.02413394149190943 0.05572534984187863 0.030119418843502634 0.05240818287887124 0.007445039684346451 0.04871784524151833 0.05693394497473463 0.02885187655147466 0.049620403014128366 0.02409291772680049 0.03851396660578029 0.010347636140232297 0.06414823608652408 0.07353141455858579 0.06879644050028998 0.055390085557548346 0.045835403707722246 0.062268627863112436 0.05947951513449339 0.007730064599265514 0.08617342481530282 0.05281083936056409 0.014310378507178263 0.06264992265135269 0.05037405481045262 0.05523955281073133 0.04320851567265502 0.03710373822375061 0.03744865057715106 0.010286395767273393 0.03670302159621955 0.058398300423821936 0.041548655234858865 0.04836263109407826 0.07115355087429472 0.08067512785096978 0.05991020407979467 0.05267568941935017 0.0774472766224156 0.025214605846587697 0.03343988555825536 0.02159362418374975 0.03093203740694064 0.056770414887830245 0.00802604735505319 0.046451885294950805 0.052220291774342814 0.02736402393826693 0.010386986577738238 0.05322058498834759 0.030144088067940316 0.03664222453806202 0.047097148372933995 0.007892246808598583 0.040697975820831726 0.03236499951610507 0.07202546690826969 0.03058921203968961 0.0030952986632632037 0.016134604171266016 0.03512541506202129 0.05664549962694897 0.06798525982602246
 0.08247636861156413 0.0472824002543196 0.053376836376513435 0.07963451114785443 0.014832812192874125 10000.0 0.03468921523850327 0.06381869400249021 0.03223898926974064 0.041762133059594954 0.07089548810646526 0.08333233039143637 0.057583824447838376 0.054926404386472685 0.03584317425405 0.0428713439697108 0.05304239545949999 0.06200170786056688 0.03164914458454776 0.025122088295003855 0.06206313194691855 0.02830749432446105 0.0689134933601707 0.046227243909376936 0.040124284077343586 0.07261006570359305 0.047041415803839505 0.07559782129821545 0.05442899625103331 0.025845137081986488 0.07037945375544745 0.043035217747906244 0.06374952725003664 0.06704586888550176 0.03294847792079204 0.08891224767702653 0.05807452904008057 0.07649628909729925 0.031150753448009716 0.03653473669034726 0.07349811526820749 0.03957407843671272 0.07926225407473829 0.057378480056507336 0.05702058292593369 0.0588013827130945 0.06014565386476975 0.00877821471699474 0.022220623108790857 0.04990414530973218 0.07355280863651006 0.07196111474035563 0.07477350600778389 0.04853737904677675 0.037700824480112714 0.06895276040554038 0.03290991436109522 0.05778268592887524 0.020673722502121853 0.06295772939243707 0.0684378217484329 0.03825514579411838 0.04757219278744167 0.03231927170975319 0.03495586746910089 0.021563108894379138 0.0778036374182785 0.08590464278222984 0.08249482229405228 0.06744128710664637 0.05912033383880872 0.06545318982441221 0.0741811188599425 0.016223986448584193 0.09998397378951175 0.0669119835075392 0.025224141037495557 0.06526031099213339 0.06450049398426393 0.06511076373042822 0.0515370549250735 0.029813433173906643 0.05158974294373559 0.01662073830305944 0.04927785119360291 0.07266107424971673 0.05312312362680317 0.057820504188670456 0.07190464491600172 0.09350070963512329 0.07473384464598172 0.054720127745931255 0.09056564808260524 0.01322679185364537 0.04413568410743717 0.006939160968132151 0.04401382719709176 0.07160294050326578 0.022292400043284942 0.03287736254759122 0.057366003981168104 0.03249592509802485 0.005769938768434304 0.06399885426571353 0.029082308468461875 0.04779218029784583 0.06185146231129587 0.00811632205900463 0.04907480160495749 0.03843618108965516 0.08665279895170082 0.03913628686297686 0.014254406908264489 0.012140167508461149 0.040426766717039486 0.06820703536457583 0.0784900023421293
 0.04812797920196955 0.02926683829677816 0.02953443333232145 0.04722017612192892 0.021244307441507987 0.03468921523850327 10000.0 0.02927357427457083 0.04431491322071685 0.011803273356077431 0.04014978578109464 0.0491733401847948 0.03603635800801741 0.02336820827615462 0.011772811532306502 0.03238371780222086 0.05090744836782403 0.03828801704179092 0.033939685538827015 0.03020134662793529 0.03626467906817728 0.0234619446437609 0.040350361812120546 0.04861367408209621 0.011196388649978177 0.04252392462340373 0.01270510884576749 0.06564292841569067 0.05442541671078384 0.03981984549141905 0.04890360270866624 0.010944444703150914 0.03302640535725287 0.051036368872125315 0.04770021322713025 0.054961137598307494 0.029991338044577386 0.05265949517048384 0.04135474923095751 0.03578843446163733 0.05588350288563929 0.047002499781595465 0.04577703311212602 0.027342675226844724 0.047056894343018324 0.025828477288976245 0.047165587356759284 0.04344663197332107 0.012809184007886958 0.034478575419734765 0.03887149603185378 0.03857386571411583 0.04673195822968516 0.025680492082745678 0.023703758553502943 0.03450740689302009 0.026956072534589207 0.03986076338647664 0.02112067145414062 0.028552023699514404 0.05576798095966882 0.014503847683525257 0.0483395518250339 0.03539098527955768 0.041486365545757006 0.024541257914068554 0.04313822855544406 0.05236409392063456 0.0478215274724545 0.034439341470868585 0.04072740679033167 0.05188304508505871 0.04097019439481189 0.01885379580504235 0.06529788046532124 0.043415104446848395 0.010853472058065515 0.053049811751925975 0.029954671556942366 0.0362921009425027 0.027356233306741685 0.04512909718936597 0.02998674666156613 0.019643708361751215 0.03562008074873799 0.03821607066454278 0.04224611255692494 0.030325084224408813 0.06349651999181452 0.05943117704170818 0.04289313006542965 0.04501934525704185 0.05622332242553265 0.04089494888842932 0.015216115383955224 0.04057377355758694 0.009714737936579402 0.04058438364006051 0.018472166154637523 0.0673410303342293 0.04003381096271666 0.021794689165398777 0.031380518080954475 0.033353118787169594 0.048511662352198115 0.01724561941392331 0.03344062736251221 0.029049096828793104 0.0479229359912707 0.02292868582163196 0.05291788116154804 0.0395809944611192 0.02062278999048612 0.037124491611471654 0.02605517633843068 0.03600444485192202 0.048034139954629324
 0.018944600625660706 0.03656761963180863 0.029450066093183153 0.028729363536346347 0.05046053925192417 0.06381869400249021 0.02927357427457083 10000.0 0.06965408996745709 0.02407612725602989 0.028501012198254013 0.02416269419929586 0.034740608447511784 0.015115780346767761 0.030838364845742806 0.050022855797298184 0.0682191858379447 0.04013147948852705 0.05795853184631987 0.05637362810598157 0.03604122047254116 0.04532387190238516 0.03335856346435271 0.06379212787275337 0.025787831834376464 0.023662684100133047 0.0167900826626326 0.0742445922402862 0.06647721080519027 0.06336799945858028 0.04195363607147601 0.024417234135169302 0.025151705628283085 0.05727908870124927 0.06981569951479419 0.02620225903293399 0.022531541886403085 0.04916547564325434 0.06287118152522707 0.0578655154579003 0.05918375208898878 0.06561644139113361 0.01827798203594653 0.018188496685184193 0.0598335754729834 0.010125000562840008 0.05052367856398679 0.07252272990092402 0.04163115456922723 0.04727025746225863 0.01107708721399767 0.01237175445023705 0.03046766956802697 0.0360310604883937 0.043458974602519775 0.0053391427843704296 0.04585563256285757 0.04100455772782544 0.0491588363164283 0.00938546112790236 0.06398420190161842 0.030195263073858187 0.0625290450107855 0.05930815011123903 0.061144673494098745 0.051954813542570824 0.0141896314706293 0.024346659602348695 0.018884936433798426 0.01102679862225767 0.04794175474077204 0.053083389568617315 0.021645127732896386 0.047701162475947946 0.0363923847559726 0.043397070398866734 0.03888416165562529 0.05525462638569667 0.007951939222709113 0.02297882689844352 0.028574188270385877 0.06800917013580013 0.038934937511542915 0.047951439542388605 0.049421825722983426 0.013380566034483822 0.05578767427820451 0.023702818684337375 0.06666033870594464 0.030463461290804465 0.02732214255168357 0.05222792390299839 0.027011901087632694 0.06847825260774104 0.02355448894312737 0.06938703349935997 0.019809516259456948 0.028074372454801693 0.04645321116349474 0.09658352859090302 0.04176326972394051 0.04118437810977729 0.06065352745708648 0.017697273707946014 0.0755210969915535 0.019918964630781535 0.030295574584383658 0.05830490961599211 0.06650147847346406 0.03761765235627208 0.029155756885124506 0.06113120349379016 0.04988215567446454 0.06607686197524301 0.03924409610750837 0.01447601604095826 0.02681547308752636
 0.08800925965622856 0.06957762625387777 0.072592063348857 0.07331385407580508 0.028899470610338165 0.03223898926974064 0.04431491322071685 0.06965408996745709 10000.0 0.05582289567109005 0.06299129783425526 0.08128470550590614 0.07849761778447868 0.06754749309174457 0.05294474397303043 0.02470135631451443 0.02364646997985285 0.04766217760544093 0.01192922969255269 0.014138350281242966 0.0499034535069896 0.05375246159300655 0.05836634364802686 0.07668057636430609 0.05482263934100773 0.08671089642552689 0.05564596317009156 0.047504524214460254 0.08463342001009483 0.057502468679338815 0.09177825917571714 0.045264158187716085 0.05724978280056151 0.04441868536355073 0.06504775206264676 0.09568553513792193 0.07420204214661986 0.059191588693506755 0.06247004535824623 0.014105331894028105 0.05101969287882093 0.07084507989267042 0.0877544440979656 0.07165386208513905 0.032008544991639 0.06929090823804754 0.0858390660980628 0.03507147516807761 0.03880066127102316 0.03218081400784817 0.07605986238809784 0.0810047718129197 0.09104360264698134 0.03847686911679744 0.027179838432551714 0.07490315368026784 0.058984909559161865 0.08084393849783135 0.024163267483162186 0.06444493806729794 0.043010769176769124 0.056079469030575146 0.07766034184758544 0.010761506669243895 0.06572390877407314 0.020321253847870643 0.08126977237009606 0.09399338584240932 0.08546011547583066 0.07747668233550485 0.04053444687087525 0.09110048185642837 0.07032208679743364 0.03660445628713151 0.10149742161579546 0.05110975275062112 0.042007975861462585 0.09153124875004826 0.06653460866008187 0.08060534861427172 0.07042756829056922 0.061873883619495994 0.03885023105215954 0.03906084571166261 0.03025599466730885 0.07306141679367119 0.030057021449911337 0.07444913621808878 0.10000001324519218 0.09967473665865627 0.06800219036697903 0.08157187513044573 0.09571572448845427 0.04527610434641248 0.05915835088749672 0.0372475562946082 0.053102356547607345 0.06399826085914766 0.026421900095175505 0.04515147176667783 0.08072785501299676 0.05620767501514571 0.027505770690491274 0.07754585588894687 0.009007236444529087 0.06154465830607683 0.05275257647320188 0.026752559574281666 0.019984834780690262 0.060953718311744266 0.08279896823631731 0.013248372188651453 0.03186108831127044 0.02033893436002161 0.06383295412150448 0.07957325358323104 0.09207236084510409
 0.04155658048016218 0.019147467311827922 0.0178845009204242 0.04828088001274106 0.030497994756049886 0.041762133059594954 0.011803273356077431 0.02407612725602989 0.05582289567109005 10000.0 0.04341803423463923 0.04724668918628653 0.024517247633136383 0.013197644120115952 0.006768926635008095 0.04372636576702715 0.06245627965072132 0.04599873719421188 0.04569909819835133 0.0416846879933717 0.0431835949775512 0.02138173344369259 0.045304625818770844 0.04283821861302163 0.00173832315527912 0.03175437470383274 0.009384614150642522 0.07591981821954931 0.04733488300026576 0.039417159133964395 0.03717860209343723 0.018233295340443212 0.036965093309453266 0.060494442042720205 0.04621517265511589 0.04744761408282189 0.01838866401563994 0.05940897856646581 0.03933960542330232 0.047587430965847666 0.06471148901339303 0.04312067612546701 0.0376088388625125 0.016290652220791586 0.05786525817844555 0.01717538860912647 0.03692496787828335 0.05015691828391799 0.02002149948504359 0.04495014982435785 0.034988187400311725 0.030321538074705376 0.03536043692775138 0.0349904074260311 0.035149407121258906 0.02859529183645573 0.022642751126857676 0.028862450901619718 0.03207851425540959 0.027226034279080914 0.0658013556171537 0.006581609975421247 0.04206314805171507 0.04714998561157328 0.038159498011018554 0.03572784591585436 0.03817725517608475 0.04423899118795227 0.04282667821132873 0.025723112539709016 0.050091147141078776 0.0412918080523347 0.04131556483762429 0.02564110637039538 0.06021059693072712 0.050844472570751476 0.01668935165975082 0.042710217949059666 0.02784160374552952 0.024981634954787175 0.0157327919653667 0.044214155402437484 0.03923782690721847 0.025215777821928062 0.04634881351720451 0.03594186563932011 0.05309982448435969 0.018630798962588683 0.05362459525946483 0.052102841115948366 0.044877967667902155 0.03580115103662954 0.04953055863099052 0.04477042196198961 0.0034134412776928857 0.04659473111885401 0.007993892996773905 0.04356715263966455 0.029566884309027004 0.07457244870718452 0.02915612402915832 0.017590789859914833 0.039695417875710855 0.022723816762948774 0.05946773827589721 0.0061525976938093885 0.039123521869590144 0.0377235233709036 0.05957674247482903 0.015530513485820878 0.05175893085117431 0.051375274328269376 0.02896451015071167 0.046617693120254704 0.018124435276135283 0.02647149863100744 0.037487601189468
 0.03664416549409986 0.061085247160131244 0.05576526081968786 0.010411818750471624 0.0560654504590677 0.07089548810646526 0.04014978578109464 0.028501012198254013 0.06299129783425526 0.04341803423463923 10000.0 0.02082060165153959 0.06186571452549762 0.04129767822441161 0.04875277426317814 0.038552524453987526 0.05211794347682289 0.017923597638457984 0.05148509782479418 0.05335165445687603 0.014142581121715445 0.06298278436478312 0.006526673537715958 0.08625217930196472 0.04459615680989363 0.05175333904992561 0.034108048767024064 0.05031294334166645 0.09054987534360234 0.07995239197704294 0.07031945840664172 0.029365498552120034 0.007231140391743336 0.03376174672852077 0.08772162491491964 0.044167554514116136 0.050055883334002904 0.021323898515864817 0.08120062858529065 0.04897963765345883 0.033528539314794034 0.08608090208046663 0.04162986763086159 0.04551866773169334 0.04103014792896065 0.03750787154071398 0.07721773000791014 0.0793803963219238 0.05189601641814771 0.03205698710485843 0.024309414575836342 0.03887060652398484 0.058700062442906986 0.024760796746687585 0.036843438174338716 0.030269930216080345 0.06550297093385016 0.06787851943461955 0.05110121454161933 0.01940405466245685 0.040867919345347566 0.04984268769017108 0.08547051666639133 0.05240528607526206 0.08081530717663056 0.05202707208085535 0.028841610014327727 0.04509457992405428 0.03076496106147709 0.03918757613267937 0.027389841501667442 0.08041251034280646 0.010409475325278812 0.05730991752542417 0.042044746477839276 0.018414497608390396 0.05078678807267944 0.08240443355597708 0.020550293960800273 0.051434138228953735 0.05435270140681978 0.08523066279374537 0.02422360935121525 0.05883223109148023 0.03437041817304622 0.019101272973999668 0.03858594300635306 0.051160513286887414 0.09383392280081287 0.046343730365508796 0.005223929904154333 0.07777029475838838 0.04170238188130092 0.07985880492337256 0.04496440572477623 0.07762551710130618 0.035620168029248625 0.0010914518341236883 0.04894714530831208 0.10081463216105341 0.06851964132642956 0.06024129356553761 0.06600841599205666 0.04615404292506948 0.07107259710548584 0.042738800757950154 0.010240885893045427 0.0633729946307376 0.051963226282782535 0.058948275892720656 0.02057466995092075 0.05089694471939984 0.05709578241061612 0.06807057453816891 0.06147631122753607 0.042700310233661935 0.05392221296060709
 0.01994896814328884 0.06067430334317806 0.05321242007440346 0.012160450872240967 0.06885996044477441 0.08333233039143637 0.0491733401847948 0.02416269419929586 0.08128470550590614 0.04724668918628653 0.02082060165153959 10000.0 0.05789455902437357 0.039225038841116416 0.05382552923609816 0.057701867326908136 0.0726317364899969 0.03869013161988708 0.06942781460534204 0.0700341370456686 0.03474422607444073 0.06861026792472147 0.02727196344093063 0.08795447974317697 0.04886215990718432 0.041396877029610014 0.03854213923187959 0.0706148993450421 0.09049958059514815 0.08660496971183708 0.06270768156981905 0.0404057511637822 0.024450793561961334 0.054395525211228625 0.09344145485862322 0.025980943481580338 0.04575418482977712 0.039939369295040966 0.08653848538503685 0.06766950211697188 0.05347822050237086 0.08966387972237833 0.027266690384361338 0.04176518610020855 0.061767764893135166 0.034070708303317744 0.07368636976590344 0.09209765506562295 0.06197253106203362 0.05199734220203562 0.01347782542776668 0.028092796015276762 0.04819200853731379 0.04297768801490381 0.05420648310634358 0.021869648463135646 0.06963695447061036 0.06420690316893815 0.06551145365983349 0.02067071418584207 0.06148412633823863 0.05368751580994037 0.0866800038483316 0.07052729999212304 0.08505832929416962 0.0673376389394768 0.014127184405639317 0.028261804276208443 0.013040143512657034 0.030853436910327655 0.048150267579346935 0.07564227393466165 0.011164556751792426 0.0679715298866757 0.021257507770984722 0.03907708956670271 0.059849058066668716 0.07796313773916488 0.019560285994780463 0.044186504734098714 0.052532679588673664 0.09145875428835426 0.04361310296978436 0.0688041188941499 0.05435106331882474 0.01130858815129762 0.0590972033848731 0.04693673320185564 0.08918276820441025 0.027014328581469536 0.01585415907983376 0.07596195269490652 0.022458573639070833 0.08999155888280905 0.04730039137607042 0.08955816182891004 0.04120402836701003 0.019746217993441288 0.06299747145625995 0.11516892242369225 0.06503360077595353 0.06476694125923768 0.07923377969975581 0.03933629878629036 0.08873576048114798 0.043865999258333926 0.029876061486945923 0.07667477095023198 0.07220495037839374 0.061608291802443 0.005304267031754597 0.07005404007574119 0.06907862472286669 0.08298716634592934 0.06335633163939483 0.03390003258212406 0.04141345007914315
 0.04364387228020447 0.010430115138124012 0.006748972371532401 0.0634468539970377 0.0506655556283693 0.057583824447838376 0.03603635800801741 0.034740608447511784 0.07849761778447868 0.024517247633136383 0.06186571452549762 0.05789455902437357 10000.0 0.020569034520202204 0.025617594629446835 0.06823780009656899 0.08691741194969546 0.06861010107203147 0.06928803539192453 0.06453963866564917 0.06525744980956336 0.029574900177903606 0.06543384703060873 0.0338368305440535 0.024852252166982898 0.021916825506504777 0.03061660919917471 0.10003978741502703 0.03394018861716894 0.04316017177184941 0.013301367951077586 0.04212658348850433 0.056746066820330725 0.08415931749595146 0.04623823336245068 0.04580526070827054 0.012229689472516089 0.08072878809159857 0.039907373941123134 0.07162376916594188 0.08784392858762521 0.03862940308401745 0.036277420404572054 0.016583200759453385 0.0822910769411945 0.024735912638209102 0.015821932997807788 0.06449393154044475 0.03997943344174899 0.06929465298312151 0.044448963959854884 0.031223533633867456 0.02003496484364065 0.0589325693378227 0.05963556135236519 0.03602766914761425 0.02595890353885335 0.006313289949366328 0.05433435084425689 0.04270990951248268 0.08981304314198986 0.022471717957784416 0.03195545426332555 0.07072480727449129 0.03627719622624195 0.05818283902699401 0.04474782385366005 0.04141582268021801 0.048318528270080166 0.027367467539802976 0.0738109898806673 0.018546983166447144 0.05631453356753957 0.043764760738431586 0.06290186674454479 0.07306817279910949 0.03661482929947382 0.02058937991908937 0.04208584524970822 0.015074250994636582 0.008813296744316567 0.04581985443107891 0.06306456833449092 0.04206761611820229 0.07077591165229308 0.047952611112617116 0.0775486713969856 0.011049580993761758 0.032027739786879984 0.0502050767745194 0.06163227645031342 0.018599799565158722 0.04976138540296339 0.05505095714012999 0.021222927867370782 0.06017956450816259 0.031106937407822402 0.06167078385084583 0.052146201570540555 0.08816596758028829 0.007147351365511074 0.025110178581624332 0.057599442971491874 0.01888975331816262 0.08079621623910015 0.02104215374112762 0.0603608142067159 0.05634686988579507 0.0839592058155032 0.019148286269556964 0.06313911565843787 0.07544237685344514 0.04824030528977831 0.06577957142243923 0.0173935360679272 0.024941609164344073 0.02692398860668469
 0.02961367278807424 0.021456720640699072 0.014628852328943696 0.04332714594408113 0.043530170355005934 0.054926404386472685 0.02336820827615462 0.015115780346767761 0.06754749309174457 0.013197644120115952 0.04129767822441161 0.039225038841116416 0.020569034520202204 10000.0 0.01930198910890348 0.052348876823541224 0.07127132684842823 0.04892827572078875 0.05674635407492904 0.053489422241818255 0.04533401118591077 0.03230685146985855 0.04495563051145322 0.04877713857773366 0.014804255917254781 0.019171379822847296 0.012648016244328757 0.08160484647717518 0.05136483532834515 0.05005180421079713 0.0302708294636585 0.02482210493190359 0.03627541304246053 0.06517609773935253 0.055870825800030666 0.034793011414790236 0.009188187593106805 0.06040223571761314 0.048918550710736204 0.0579367349570672 0.0683163818473125 0.050978217287567476 0.024761004102837388 0.004881587213844869 0.06494271669312228 0.0052808311160643774 0.03603699214741482 0.0632556317287091 0.03319529966558132 0.05183605352770231 0.02589646331077681 0.017582350769998065 0.023883761426339 0.04080483578035905 0.04432301185971662 0.01804491571834947 0.03191171397148664 0.026615618374648407 0.04444524448578693 0.02223305311081712 0.07126573243728955 0.017552376154156862 0.04746279063000031 0.058187872890925446 0.046787456688170526 0.047908978814641665 0.027752272151140043 0.03133178865163519 0.032118194024572055 0.01285002949108505 0.05502742766970396 0.03911517140572078 0.036143741313128475 0.03883584664772735 0.0489155704674762 0.05312290822014615 0.029885052081206714 0.04111762740129023 0.021791731366013107 0.013605076929574701 0.01353557285702641 0.054336509138578806 0.04463886002119157 0.038340251191793295 0.0536265006625632 0.02847206361900899 0.06039348978191126 0.010155516835704313 0.052553463363143336 0.03948999319037111 0.04119526650641459 0.03726674369281924 0.03732020787287513 0.05723411100134979 0.010948044531688763 0.05959805727690983 0.014637135340545991 0.04111173113108247 0.04182216902407041 0.08769048924095739 0.027289510254013827 0.027749212102117712 0.052880275608348626 0.01000027876411572 0.07186792663013852 0.00714531271645632 0.040178094288232435 0.05087611617347784 0.06882378357787383 0.023336984528790135 0.04426366775775171 0.06159885379198904 0.04211760030307726 0.059664678898158935 0.024563918914314874 0.013281617004844844 0.024676744791080018
 0.04823025214765043 0.017733867085539985 0.01966946664161922 0.05429427507235334 0.025888214621838324 0.03584317425405 0.011772811532306502 0.030838364845742806 0.05294474397303043 0.006768926635008095 0.04875277426317814 0.05382552923609816 0.025617594629446835 0.01930198910890348 10000.0 0.04387542044136134 0.06209229656166165 0.04938678620795426 0.043710636946750085 0.03893722650576696 0.04698668835904963 0.014817136559541573 0.05002815464908985 0.037864700423278844 0.0050506319286736335 0.03686244386353037 0.015456334474668394 0.07741247513687664 0.043132409353746626 0.032779748651352886 0.03885725989922149 0.021339913470207167 0.04200069892586555 0.06273426971928354 0.039788848356731785 0.05394780276596578 0.02258806335403628 0.06338514907819172 0.03298463070520271 0.046229833560633496 0.06744024257757274 0.03733617233946436 0.04400673278850184 0.02153997248319025 0.05876073099796522 0.02370257052388578 0.035521013483021495 0.04403060193030245 0.015060743802437502 0.04624769973253275 0.041719001610566527 0.03675809737306627 0.039620763066173854 0.03727504320536124 0.035167263049153075 0.03535498542503916 0.016751117598885916 0.028682784901794475 0.028798960631873042 0.03356987794601426 0.06753756667325653 0.0031458766862151187 0.037350899909537674 0.045141884954457284 0.032149328572823654 0.03262418600790123 0.04494617169183355 0.050607104610462104 0.04959446735236599 0.03208426384663406 0.05238934389170497 0.040351086195824726 0.04745403482892962 0.020057362559447574 0.06696732285207571 0.05441796630635868 0.011583069653543878 0.041415868325688096 0.03433010213591871 0.02955857457702317 0.017522984716460376 0.03767423403437304 0.04158745560597448 0.019224459627053395 0.04735877129560414 0.042517531572923456 0.05394499323703542 0.022516382181995295 0.05174585360328115 0.0586238902861755 0.05062277605725858 0.03324677190279978 0.05616575164941153 0.038111903533247816 0.008365675886384987 0.04031049821078774 0.013270822203014197 0.04899745002604278 0.02654865267118932 0.06847205104343063 0.02875688572490586 0.011501156290188736 0.034313910259687525 0.028156978732205105 0.05570286212799988 0.012184065917219574 0.04348198730851172 0.03256175111985342 0.05892763344676417 0.011250836611949248 0.05824136404498168 0.05005590280817345 0.023911547213248056 0.04176073962130817 0.014331144474095383 0.032511846065471035 0.042717594706839876
 0.06700928425980518 0.06157567166293962 0.061604220882466545 0.048945103511434794 0.030711159324914125 0.0428713439697108 0.03238371780222086 0.050022855797298184 0.02470135631451443 0.04372636576702715 0.038552524453987526 0.057701867326908136 0.06823780009656899 0.052348876823541224 0.04387542044136134 10000.0 0.01893083529094147 0.023040437250020213 0.014136175656951726 0.01866779839689871 0.02521029964761105 0.051443384430707076 0.033695842224390496 0.0772584192863311 0.04343771276103143 0.0706068676967734 0.03970323729934224 0.03490025698512456 0.08418986339952475 0.062398843351738904 0.08078799639352185 0.027561061278813227 0.03329849671050642 0.02417701167760119 0.07077894214096547 0.07493163281257419 0.06065566777633547 0.035602256667062855 0.06604108564271727 0.010598519181563805 0.03064278953938705 0.07352848781187708 0.06823663812484378 0.05707831925701112 0.015581561169791567 0.052461171852245594 0.07939352725408509 0.049606102520542726 0.03481008009153537 0.00783676591385382 0.05432189295335816 0.06221874873320122 0.07611625350526587 0.014903176034316049 0.008708162752357569 0.05488908914977164 0.05620984447099796 0.07224282931619093 0.023293895667882727 0.04306639201373085 0.026243478617132502 0.046795104661877446 0.07753137755338495 0.014657257056705524 0.06786929834530045 0.02138376035941738 0.05967014289021984 0.07395152244690255 0.06345965585707143 0.05954470080996556 0.017019805368096677 0.08420749484897078 0.0465708649739586 0.03669463534007791 0.07849136995526318 0.026837609747061692 0.0365487626015214 0.08528936374149858 0.045237010275424185 0.06595233371167492 0.05945868176490451 0.06766075660559312 0.014331052886665424 0.03929233922494198 0.006543201975392367 0.05061833206063313 0.010949701081374138 0.06124409177257747 0.09545137606729569 0.07850026904819404 0.04366017655927961 0.07676283757873863 0.07423276695136771 0.055262794308627766 0.047064210603356534 0.04965680564198588 0.03805809809577482 0.039587872247351386 0.023072636448520964 0.06664444743533829 0.0724166478283017 0.05177897843156439 0.03711094777155454 0.0618382730786901 0.03324896507945667 0.048069960385584365 0.028370199845201467 0.034829555713032964 0.01661115710784126 0.05451896936203339 0.058734430915155476 0.01238507840825031 0.03340053720710803 0.03515254434073878 0.057687714257248605 0.0622757353376722 0.07527268098627675
