NAME :TPP_input_20_5_2
NUM_VERTICES
96
NUM_CLUSTERS
20
Full Matrix
 10000.0 0.09796327070663007 0.08115895726260267 0.07845892703770342 0.03687813396340435 0.04966792762434923 0.0778923693040099 0.0612439115063591 0.06971812316098076 0.050082873133444054 0.025278471616112186 0.056240915597650355 0.01724836260483554 0.07327843500662241 0.06984232439879527 0.04752705050665001 0.02069550122539577 0.07985893840510794 0.07846226898665082 0.05469482166723283 0.07329477617082437 0.045396733258787125 0.01462334606847564 0.07296742037010939 0.027847156074337142 0.058212255481390876 0.06542783983789174 0.06189349934149366 0.08239299803430622 0.06849603736093823 0.00621239237787879 0.06376888839029729 0.09474839303191121 0.07085156282717506 0.1008697048306638 0.020511915508552615 0.027878490261288275 0.05266569114217737 0.00685696366368589 0.08995556856966848 0.06408255987488724 0.049612339497598856 0.059304305619628815 0.023333587072806007 0.014970049247733324 0.05486869078728442 0.06788731229429516 0.011277878779152197 0.08162016729676508 0.04322874415820334 0.08605348845065532 0.04279642243827105 0.07028776317993295 0.0653467410569257 0.0677934990427009 0.10006332007476632 0.0662812447873382 0.08835378396464652 0.002497860893367063 0.025172431367127105 0.01577871321162857 0.0643114497327241 0.06063920613031924 0.044034116467016916 0.08094457705753877 0.0644472049118528 0.07814507894185907 0.03579879287589947 0.03252253851320018 0.029337969993656787 0.07240207101392483 0.047676004875968556 0.0415456633806841 0.04375577401015871 0.07914870250886871 0.06104821378369019 0.029302940160433336 0.046529993903463907 0.09138381431135788 0.03726098050434832 0.07630452199851745 0.025153010706714773 0.08020326047239777 0.08393333711628766 0.05501685364859324 0.030040328217430825 0.011925236443019589 0.058513645960471324 0.04652689504854831 0.044184659736752625 0.0806416992714181 0.08818685297056496 0.07715302609760231 0.07790145759907163 0.03939495773622055 0.06678904776487712
 0.09796327070663007 10000.0 0.03413650831325974 0.03052364166407777 0.08564379988253312 0.06670268473338647 0.042405641973046033 0.06887504811933162 0.03731430422842953 0.0940528979335266 0.0747587927525844 0.041828280996569836 0.09159637392465908 0.05952598108515614 0.0856440481101766 0.05295172399453509 0.09636904731037753 0.03539552553076215 0.04707814405159123 0.04350054344665747 0.04013937116523487 0.09357813940760479 0.11154355648469867 0.06417420135387504 0.09482414698634921 0.03996625091696324 0.06025910190347309 0.05689164773033665 0.026686602942216895 0.07312555057437845 0.0938392905551129 0.03428600378497254 0.007958991199324028 0.05983474050123083 0.008074257532407744 0.11720925411970734 0.12398330992247295 0.04541532569186717 0.10222695051797995 0.021151531474712285 0.08423239483810892 0.06382383991683302 0.03938415221223227 0.07938428579718958 0.10828459790255911 0.04455326222389351 0.04021325524351278 0.09925745559844892 0.06834762720654507 0.09148571596794094 0.01776656143306942 0.08699369481037028 0.04190549061745347 0.050001871356785195 0.055248855715004756 0.013700920314783267 0.04591165756394052 0.009746413948415378 0.09559467455651804 0.10223018596095218 0.08263567875260103 0.05065211844463598 0.062143735160455606 0.08431620436537901 0.041944068536065644 0.044324871231314164 0.019829491104898896 0.08124079224441604 0.06656938786411633 0.07444708187752297 0.03958043727908452 0.09297039169351513 0.07690295675979314 0.08053796147832562 0.025708077604873956 0.08740593818399107 0.09786254811821093 0.05158057643754393 0.012199160722715218 0.06994777877150266 0.021694502821784607 0.11544003980181504 0.075546246349465 0.01731804685645994 0.08363367551801491 0.0882533174116769 0.08755168613845793 0.07114870880141362 0.09077903156184065 0.054075719217773745 0.04546318828957842 0.021635147478560365 0.022113854217773846 0.02921993003681956 0.06421239572765806 0.03782092935514725
 0.08115895726260267 0.03413650831325974 10000.0 0.005930653048389758 0.058402171006164655 0.06888516595802148 0.05949793602053196 0.03644927097835758 0.048058177340548194 0.0952073380627182 0.05588672460192012 0.031851533323009516 0.08081394718051266 0.025510102583501826 0.051964159507273844 0.04855771915220094 0.07315860400788939 0.05374109453625403 0.06429900485839198 0.03725339263314785 0.00847859149418659 0.0930952378261484 0.09575022564044054 0.07750713569567931 0.08785683875576948 0.029906340591725217 0.07033537028175117 0.025580616669288743 0.007699536914077996 0.03947182092902997 0.07885880214346368 0.03146154968364046 0.026428553946996468 0.07254734832444885 0.0418261123122517 0.09749351201450601 0.10331852078685021 0.03416302033863446 0.08350085285315934 0.04672389642465676 0.051151587635127456 0.03593584526958638 0.03698933877691649 0.058749151143345585 0.0877155596588921 0.028909284674371878 0.013279113632249376 0.07882680867383375 0.034378280910733146 0.09043860869522992 0.03991055324065193 0.08616211524187203 0.011429269278442927 0.05972273488667832 0.06659478713134188 0.04615996663472775 0.016006961765929407 0.03053858312491645 0.07919085994856756 0.09345712661396141 0.06550957715700603 0.01990233889786507 0.03042399217082444 0.08413089562401732 0.00803206129581236 0.016874315467100318 0.02730600009600792 0.05484276567758909 0.04901316602099107 0.05282322699651885 0.05298060672159841 0.06284105504999271 0.0757401173120923 0.05175596964697004 0.04234672082633628 0.05478454916058714 0.09111864320455629 0.042113242261091414 0.021962198555345973 0.06559661158438583 0.027768562926536563 0.09273148875478124 0.04144062630923322 0.01855766176186247 0.05202557071860507 0.08240420829890115 0.06937827705880788 0.03920529814973482 0.06089113682045992 0.039847450955413366 0.011541457071352481 0.045902644188755407 0.033300548134458666 0.007933819474926983 0.04208778386218076 0.015247956232892611
 0.07845892703770342 0.03052364166407777 0.005930653048389758 10000.0 0.05822439685748633 0.06349001493727341 0.053584183430852736 0.03853629366933281 0.042132479166121395 0.09008215749257815 0.053313734521485974 0.026890632314185557 0.07703800957796958 0.029259584924803243 0.05512862705546936 0.04346926883777806 0.07187951800704309 0.047877946703777964 0.05837745884181775 0.0320569951530965 0.009632235574831862 0.08811329232719374 0.09296476245440766 0.07161572085817958 0.08358910263217803 0.0248561534014273 0.06451267382166685 0.02683849089148917 0.0044850549108367424 0.0426152483829006 0.07578344504196376 0.025761319758516976 0.02326961599376131 0.06665805380593878 0.03783915511882664 0.09553225808912584 0.1016062304888023 0.029498075109985467 0.08122331100183208 0.04136848243539894 0.05376220432605591 0.03568249714458758 0.03142927327194404 0.05663949110788917 0.08588673006533581 0.02475118509466831 0.011447560433395352 0.07689591022237025 0.03908404328433426 0.08549661332943842 0.03448772274739445 0.0811699422695187 0.01170394349283526 0.053862738673909824 0.06071997026474344 0.041712229664343785 0.01612610220806184 0.025720378689397663 0.07639266688447581 0.0894821123206566 0.06270377451446299 0.020691963235057606 0.03199971379881734 0.07906170822176836 0.013389860344812432 0.01566340695537909 0.021565937068845825 0.05433543165643686 0.04601124864876864 0.050869070023585046 0.04704996300249711 0.06382936004427148 0.07069864229931595 0.052093805144828115 0.0365434084419371 0.05706742297818405 0.08684571484060742 0.03748028382846165 0.018713464439985925 0.060783468291597746 0.02193147865692724 0.0914604624291595 0.04581877550276686 0.013824891431964229 0.05368432031468766 0.07794656210149499 0.06684248788981086 0.04099056408448457 0.06176254581924941 0.035915618721197834 0.016723454130589052 0.04046019018890811 0.02748256712147144 0.00201948166287806 0.04004187348837108 0.011672029213129358
 0.03687813396340435 0.08564379988253312 0.058402171006164655 0.05822439685748633 10000.0 0.0660591112204099 0.08298982961659487 0.027617979192992494 0.07108872934950895 0.07917146042654184 0.023748689111523738 0.04797413307906309 0.04857277679144096 0.041727075050127876 0.03298639730297513 0.0512109262219439 0.018716024737868868 0.08176745039201957 0.08564483653344679 0.050468017721648155 0.04994243474664964 0.0749151703922105 0.04939255968691318 0.08772623488914576 0.05995243941879057 0.04894841580447816 0.07884432369846683 0.03356780505044766 0.06270332559699157 0.033234643909304785 0.03914291561607891 0.05655902354003368 0.07992204098397462 0.0839045532876405 0.09112350991732532 0.04458507804573269 0.04860549022642167 0.04511781251908474 0.03477400019943641 0.08596038742780804 0.027241430331525675 0.022559119149410008 0.05539097973349852 0.01927524806314449 0.0348851641547581 0.042750652133649834 0.0468416881014273 0.028156761476993326 0.04738451636397707 0.07219742298762893 0.0800183611870333 0.06991161549310683 0.04709902568580488 0.07351511445944033 0.07880245245371162 0.09262238099877136 0.04247484907461067 0.07745258458308253 0.036449232802790395 0.0603338437822722 0.028637241462840014 0.03856868951990046 0.02998857675185302 0.06982726135195072 0.0549981407582963 0.042581410458016423 0.06793874987397362 0.004875477532194087 0.02823420880136062 0.017956294019713843 0.0756877974548512 0.012989713656137667 0.0636146761329477 0.007988800312473659 0.0758690467549291 0.024211623424591395 0.062458042203331655 0.04448411397165535 0.07563036606941423 0.05393371414377094 0.06657049325125632 0.03644685943173216 0.04455679989902357 0.06871842643946222 0.018171896986601647 0.05875956914576445 0.027572458183276836 0.024373891542808047 0.011018705605480648 0.03797778335316058 0.053386054824638866 0.08431539879533372 0.06995634109282244 0.058596189769189705 0.023345220516336612 0.048160302221881744
 0.04966792762434923 0.06670268473338647 0.06888516595802148 0.06349001493727341 0.0660591112204099 10000.0 0.031947158874663595 0.07379009656066134 0.02976429247762122 0.02757228471255508 0.042465189760070514 0.037434972267344324 0.03481715284229289 0.07778531631974162 0.09054145334365968 0.021090290329084545 0.06213785173830283 0.03647996545228775 0.030868241009908374 0.031745897617261404 0.06483877508325049 0.0268792377686367 0.058023862644447116 0.023436318462853777 0.032065859670967894 0.03918042968060113 0.015837821287513456 0.06580087352867135 0.0652544054870769 0.08228613088673932 0.04353385108649459 0.038134843701382135 0.06740329440645516 0.021218342470538915 0.06596415493778338 0.06959422055750321 0.07695830039725977 0.0360474370614049 0.056330168470215956 0.05064435645226165 0.08556993660997761 0.05925122658767289 0.03217381275936605 0.04766243880223613 0.06442656500003374 0.04225220117414327 0.058630226390191255 0.05780408462258066 0.08950583745668833 0.02487079008030828 0.049899885721861874 0.020420873726313585 0.06289293976484765 0.019170899425676853 0.01896674089748384 0.06269131181762135 0.06164858049132798 0.057542874524458394 0.047332074420370795 0.04040513070416428 0.0416136018191824 0.0633658365889856 0.06854945466976482 0.01766121327614858 0.07358870401012425 0.058099917824349985 0.049625823577668586 0.06169171843105527 0.038578553237470045 0.048151437539832614 0.02937203161609503 0.07891434075816568 0.01125831538243932 0.06768144501407684 0.04161648286813224 0.08521389499028026 0.03443695776645998 0.029245632169072545 0.06610239597955371 0.012979731294474868 0.04786398244603582 0.07442065132371473 0.0924393798322777 0.06007518738832507 0.0785034009753873 0.025389526512517458 0.046111606317239595 0.07306589444081929 0.07674325189420776 0.035106495755683996 0.07546469436578034 0.04909667050017734 0.04510569318157595 0.06182730912530993 0.047337563953391344 0.05479371944096095
 0.0778923693040099 0.042405641973046033 0.05949793602053196 0.053584183430852736 0.08298982961659487 0.031947158874663595 10000.0 0.07987882658469983 0.012860286706962747 0.056096294185427366 0.06259631373119655 0.03772189199095723 0.06536656410465225 0.07793219841782184 0.09830904467523612 0.0325734773304808 0.08536167963533249 0.007012511722289921 0.004940530370871666 0.03337120970220298 0.05950214079315988 0.05691846104305716 0.08834849465167527 0.021842864145846946 0.06396898920365265 0.03790254361822709 0.01967701281564632 0.06869510009416177 0.05307826808958879 0.08731456625051624 0.0721849597351937 0.03131824851624774 0.046234966881630826 0.017816792265163764 0.03884140882448567 0.0983891345158647 0.10576833969215207 0.03937234493812647 0.08398670081450205 0.022125340361225022 0.09458246551293324 0.06783517860251707 0.029166398910357962 0.06828152923329585 0.09169587477674028 0.044193500793412846 0.054849414509364425 0.0837831950908891 0.08954865397732219 0.05550550680332715 0.024816821405113182 0.051357055888153966 0.05896949841712537 0.012990859703158053 0.014583584824069363 0.03407174686251208 0.06014212368951799 0.03562671763272931 0.07541065040529826 0.07227501301461284 0.06603352787084416 0.06383134432521421 0.07316500224125923 0.048463249913026245 0.06662320850032001 0.05667395040752392 0.032780934748961585 0.07812927954453831 0.055536699442569136 0.06608363953095923 0.0076096918842663425 0.09445206071384563 0.04318992555544592 0.08160097431322406 0.018193304891268348 0.09583118951191359 0.06638373829232742 0.03850585496442984 0.04695395641023882 0.04145251995939664 0.031922152700882 0.10104690696095797 0.09475421764874727 0.04378496230436539 0.08989408448064427 0.057237868593213656 0.07119621126723966 0.08051468206233059 0.09209491376040772 0.04512103851527982 0.06959991698807343 0.02111771290648428 0.02661439714300577 0.05156950216879979 0.06004615023748376 0.050462982581877744
 0.0612439115063591 0.06887504811933162 0.03644927097835758 0.03853629366933281 0.027617979192992494 0.07379009656066134 0.07987882658469983 10000.0 0.06702145445853519 0.09397572624717983 0.03949847521740932 0.04226020006570027 0.06850275712865728 0.014489855958005695 0.018470815099396888 0.05389223879931981 0.04594347251350083 0.07641240678413885 0.08374916434923119 0.047263389844655015 0.02894533195847305 0.09041774345787021 0.07508772086009262 0.0911763701319094 0.07878814862599803 0.04197655379295139 0.08243360517761314 0.012215747338663919 0.04276652607821407 0.00856476127117248 0.06169008877983945 0.048907854175392985 0.06180158349658067 0.08656006514219433 0.07578922630584285 0.07195226419011222 0.07621068130004167 0.04122201561091254 0.06075498150569755 0.07554504215289048 0.015586745980413999 0.014738773580705375 0.05083106947683455 0.038635638611166624 0.06210260954026188 0.03576856509479501 0.02906720220363388 0.05453556211330692 0.02039083237306923 0.0875625297904391 0.06876289967368343 0.0842347056484083 0.026971477559647284 0.07411650679068266 0.0806534025361147 0.07888541695118233 0.023112833545350164 0.06269387935429471 0.060130189847424846 0.08142722254416411 0.04851420868428704 0.01837387418663785 0.007023499424061289 0.08326194531603598 0.03077319448089967 0.02542111311443788 0.05518551455623633 0.02631594233447646 0.037709372345084896 0.03330965071590639 0.07228774528794979 0.027523317806658537 0.07551883028776248 0.019648226660963674 0.06737439772639527 0.018538172081778548 0.08178104585432068 0.04544417089463392 0.057247382228676265 0.06450485259576179 0.0544617822092051 0.0640406915231711 0.019828330788497116 0.051663275804495465 0.015761249788207168 0.07559643829084274 0.04994350201447439 0.0033431192321132677 0.02594502843632124 0.038891632605780144 0.028277005990626623 0.07419244189270854 0.05931791321868333 0.039678878047790314 0.027577845058056823 0.032478671954623034
 0.06971812316098076 0.03731430422842953 0.048058177340548194 0.042132479166121395 0.07108872934950895 0.02976429247762122 0.012860286706962747 0.06702145445853519 10000.0 0.05681726509582638 0.05188731324838697 0.024913939789889837 0.0592081526404694 0.06527508677548684 0.0854569669978256 0.022451416084602795 0.07493017178608648 0.010791267357216557 0.017011264839282322 0.020856386838472046 0.04727559731472493 0.0565746527191782 0.0814258800165183 0.029777925719941156 0.060000314673596865 0.025044990881394266 0.023808931819439556 0.05585217156047492 0.042229850052758845 0.07446171204499813 0.06441689320890627 0.018560009091021658 0.039099944822864746 0.024885879987719572 0.03620005252032449 0.09016353229592496 0.09745529164132613 0.02674287942168554 0.07536430625664055 0.0213826386896939 0.08176860277730863 0.05511905088886225 0.016401903141469384 0.05750674082715006 0.08273113750947203 0.03136643887219673 0.04233687558828195 0.07438483009405716 0.07696713841610618 0.05463231979563735 0.020148280972619854 0.05018452501524653 0.0465379939864969 0.01302904519848321 0.019265460569276655 0.03312762714184297 0.047475654793755116 0.028678029436910557 0.06722094235909398 0.06797899805399804 0.056531447430658355 0.05106120282410844 0.060305151889053915 0.0474183316860311 0.05479451811969696 0.04396462792663035 0.02283156216988375 0.0662136595345798 0.044348875863070326 0.05472239307476112 0.005319096420762346 0.08220735936279742 0.04051630844783424 0.06926178231008757 0.011859609278081247 0.08309137101740313 0.06279367748332715 0.02685571399743381 0.03871695308582163 0.03558815020691461 0.021513754160846686 0.09163795488310846 0.08202198291371661 0.034109300773574235 0.0772330590884799 0.053225336584388806 0.06176420910580607 0.06768232643270292 0.07984438397697076 0.03311331513110739 0.057613254750909684 0.019717790545055326 0.017080934286909266 0.04015150893047043 0.04789738743174214 0.037937684279913966
 0.050082873133444054 0.0940528979335266 0.0952073380627182 0.09008215749257815 0.07917146042654184 0.02757228471255508 0.056096294185427366 0.09397572624717983 0.05681726509582638 10000.0 0.05643079156813185 0.06336146460029361 0.03303201088059148 0.10065894812216675 0.10864208362081475 0.0466504811655915 0.06880328367566615 0.061887931518848645 0.053411410455175536 0.058025283672853034 0.09030140934733659 0.0046959361956486825 0.05120860477778563 0.038506011528987735 0.022449257487124497 0.06530521806889303 0.03653237926185928 0.08819321277177762 0.09219405678038599 0.10250719809940809 0.044458096942817535 0.06529459531184549 0.09496515956391453 0.039923900220907166 0.09281760542660059 0.06552517283211344 0.07208910393428714 0.06130240522103644 0.056660156396969065 0.07687570402514161 0.10315412207631826 0.0792906755741732 0.059241529202137794 0.05997969525884798 0.06427584538279749 0.06717339334765923 0.08396763364863528 0.06099970359955779 0.11188018336336589 0.007051726968078169 0.0769135214968493 0.009744658411637564 0.08803929787555885 0.0448006412397981 0.041528324334358255 0.08906908780327703 0.08608544479950232 0.08502716080497001 0.04859632641001604 0.028346106817569137 0.050694485928913874 0.08696230558688428 0.08990791337741388 0.011166121711379425 0.09915700978578436 0.08274032255906937 0.07719280211727556 0.07578622532070418 0.05630184875994797 0.06302001156409227 0.05551531531261297 0.0919817614386239 0.01955927823349116 0.08318046502398575 0.06863909013491042 0.10171025800021889 0.02195165868101963 0.05361310056452874 0.09366420745509733 0.030374285727120264 0.07542244017318452 0.07426584694100213 0.11358510250690271 0.08754825050411369 0.09493264921632631 0.02076427596992467 0.05307989819353866 0.09252013849203804 0.09016627701244773 0.05792139220240429 0.10064554123953685 0.07545741824007063 0.07264265192912084 0.08853506390146625 0.06639795239964486 0.08050354798710019
 0.025278471616112186 0.0747587927525844 0.05588672460192012 0.053313734521485974 0.023748689111523738 0.042465189760070514 0.06259631373119655 0.03949847521740932 0.05188731324838697 0.05643079156813185 10000.0 0.03312037304718095 0.029024195993804437 0.049666135123463795 0.0524049095166933 0.03002337954416791 0.02308012765404958 0.06265311730349597 0.06456255873275156 0.033159435552374966 0.04802620263601693 0.05242250098899596 0.03988854602616486 0.06468159575210629 0.03938761995629593 0.03485220002726652 0.05591679419392336 0.037626951949800515 0.057340158858466786 0.04767196089377985 0.023585021335343872 0.04144188796755502 0.07077798702331546 0.061143511440218644 0.07858903732738558 0.04271824481226429 0.04929007491491498 0.029582845932342356 0.02802455802917831 0.06987871590093436 0.04682602690650005 0.025930249645216667 0.03819462115084573 0.005689472991092942 0.03354294185925332 0.030500004698434523 0.04262086261578501 0.024500588657525364 0.059259330631788086 0.04961776299219701 0.06496038887718214 0.04690778222109915 0.04502506906349727 0.05179927394951069 0.05642232380355048 0.07866551273320008 0.04108147743403515 0.06543681450246536 0.0233759627801569 0.042022227874478894 0.009866144488445123 0.0393740999539818 0.037284943863893395 0.04655465680063597 0.055785506207015965 0.039172735933188936 0.05522115057421592 0.019713009775847834 0.008233168290461803 0.006609486370691535 0.05580991241421113 0.03672010387958082 0.03998177667880156 0.026775873726437246 0.0591389953790796 0.04528041680618029 0.04232568209933296 0.025445631008393164 0.0671375581201454 0.030189109180561925 0.0534924145572589 0.04097882835359439 0.059286088526831295 0.059692955214425907 0.03850211200541862 0.03676319065674947 0.013529824607645916 0.0374086932509983 0.03465197681649666 0.020897308357054105 0.05564615020863007 0.06812831946544239 0.05532947763713503 0.05284642545830038 0.014306943815623927 0.0416666480807258
 0.056240915597650355 0.041828280996569836 0.031851533323009516 0.026890632314185557 0.04797413307906309 0.037434972267344324 0.03772189199095723 0.04226020006570027 0.024913939789889837 0.06336146460029361 0.03312037304718095 10000.0 0.05164463662149062 0.042188678501420426 0.06063604817469435 0.01672386855358498 0.055463600053106125 0.03489439586199245 0.041493636581892646 0.005830137670815031 0.027410442456273637 0.06126430456703606 0.07008846837244437 0.050058169811758986 0.05716588194799723 0.0021450153522186263 0.0417525088223006 0.0315705513507235 0.029527997872635506 0.049954986445448935 0.05240458965851166 0.008668237644493397 0.03859460856203727 0.04522906272473115 0.04547331208541384 0.07538590461133776 0.08219808269324139 0.0035873824867881593 0.06039867147285724 0.0380625222016091 0.05686159921015341 0.03027448408537495 0.00857660441382547 0.038052205286596585 0.06654634671301417 0.006492492564186941 0.021253440171633785 0.05755813246364769 0.05407797861010596 0.058627602275853 0.03243171688328135 0.05432593079057378 0.02556738086025364 0.032377688662999636 0.03917717899653007 0.04578345278640674 0.02489224451226359 0.032368302982847895 0.053909557096422374 0.06353391137231813 0.04081376980253699 0.027546614948379147 0.035696097468094 0.05227936644182038 0.036156061244922814 0.021249661304687317 0.022131505595100093 0.04315704524654755 0.024888843453694867 0.03369963292216396 0.030112974402532675 0.058169016862852946 0.04388990861353561 0.045113979067343025 0.02790343767343659 0.05820057001558848 0.060401537087819514 0.010922694539834844 0.035484661886902163 0.033897603624021645 0.020378503505359157 0.07405436815247814 0.05832528325735617 0.028129887858438795 0.052434293378203475 0.051290847680458544 0.0457265710893445 0.042798663113092605 0.055809722990466826 0.012272224945081671 0.0380684822015727 0.03639069324057296 0.022500645542798653 0.025502194139644923 0.0247251947645633 0.017359916366927016
 0.01724836260483554 0.09159637392465908 0.08081394718051266 0.07703800957796958 0.04857277679144096 0.03481715284229289 0.06536656410465225 0.06850275712865728 0.0592081526404694 0.03303201088059148 0.029024195993804437 0.05164463662149062 10000.0 0.07837773043479966 0.08035111754775641 0.0387594481108987 0.0360077480721705 0.0684502474303914 0.06514717946291043 0.04844722974452128 0.07384973260933872 0.028379098218050628 0.02321368873809502 0.05743421715543482 0.011513173671038332 0.05377875278009986 0.0506033368087546 0.06607397774839355 0.08041849893248382 0.07659140829459464 0.011430303382453535 0.057643360856099335 0.08969337473574915 0.055900731595617106 0.09322903594851491 0.03534735706018693 0.04258984543723661 0.04834499400735448 0.024023655186313282 0.08038517934026386 0.07462746053720236 0.0548364097269795 0.05222664973354846 0.030533687934483907 0.03197739504646131 0.0523077874734495 0.06779868296951141 0.027973575909464962 0.0882538376071149 0.0260891106055329 0.07755073974987686 0.02555227468595771 0.07102446566834403 0.052419573368283234 0.05366453648296526 0.09146687492581028 0.0677165062643542 0.08185051978839852 0.015592306934248094 0.013101426249088721 0.020402052569219505 0.0669204562833212 0.06618144104091081 0.0268705265541768 0.08229745421527489 0.06512848493612976 0.072011541152848 0.04604350748343045 0.032915524945999745 0.03525386249077587 0.060907979897791814 0.0608251836426712 0.025309081264862556 0.05397491214834007 0.06990411707979852 0.07237493888939411 0.013885594390317679 0.04082016105505942 0.08694503595016412 0.02396283066496483 0.07010182121082592 0.04215816954352713 0.08825543441365205 0.07969484316797372 0.06582158908509546 0.012797979987771414 0.02113989898561185 0.06632164904096864 0.059262098986134465 0.04112284612644767 0.08273645999055436 0.07865589032240414 0.06974795220765585 0.07606609908781467 0.04245890577674009 0.06565018621146279
 0.07327843500662241 0.05952598108515614 0.025510102583501826 0.029259584924803243 0.041727075050127876 0.07778531631974162 0.07793219841782184 0.014489855958005695 0.06527508677548684 0.10065894812216675 0.049666135123463795 0.042188678501420426 0.07837773043479966 10000.0 0.026622213402942952 0.05684717706207302 0.05959955558897475 0.073398364804028 0.08228516312201913 0.047885272971278335 0.02007855325263822 0.09754018797453973 0.08754006211716445 0.09223734141203813 0.08783665309122499 0.04119814601507522 0.08392131090453953 0.012535512787140083 0.03284154498227983 0.014326125770590784 0.07292583814046306 0.046727296308810826 0.05191327758784405 0.0873871450610857 0.06703906602702203 0.08553461300461518 0.09012697402428643 0.042377991320088015 0.0735520662648261 0.06969084194405474 0.026569093443056004 0.023813398041551942 0.0502408851399564 0.050045895632096944 0.07560895949924443 0.03618424549625914 0.023241774370576933 0.06762817399918285 0.011891249261926631 0.09470035475975798 0.06275426060541987 0.09097529910504587 0.019493220696657258 0.07446305246056535 0.08132036625070484 0.07096040667977889 0.017799560859735268 0.054884381435959494 0.07189545329145726 0.09147240220263016 0.05930988938408383 0.01465939760172668 0.012644840740435469 0.0896088589229296 0.018344737189183898 0.021338344116384193 0.04916776117886734 0.03983160926474626 0.04585889419315424 0.04421249433721047 0.07058164824809635 0.041837973987216746 0.08144366161806174 0.03385725658088606 0.06307702392936582 0.030741617010090615 0.09097516015178289 0.048541978356305054 0.04741313001053592 0.07038934621548944 0.048917778430048464 0.07815693778315423 0.01703698904089634 0.043077606455433515 0.029680931340078882 0.08382264867958614 0.06156280025192338 0.01782894918237117 0.04036071165932195 0.04303078932391999 0.015205772974789894 0.0685717763415668 0.05429423369455719 0.030882319801413597 0.03594445351054707 0.027557023658449323
 0.06984232439879527 0.0856440481101766 0.051964159507273844 0.05512862705546936 0.03298639730297513 0.09054145334365968 0.09830904467523612 0.018470815099396888 0.0854569669978256 0.10864208362081475 0.0524049095166933 0.06063604817469435 0.08035111754775641 0.026622213402942952 10000.0 0.07140558519673298 0.051056276522579186 0.09488307340402947 0.10212659849649564 0.06549835055428373 0.04555019279993096 0.10475486304706234 0.0822195611489033 0.10899031288579185 0.0913793208939917 0.06041495054898487 0.10016110271826205 0.030337441700012006 0.05903373830815846 0.012522395470667412 0.07176111370354596 0.06737866441596664 0.07820963846046507 0.10446752681535905 0.0929101747248497 0.07588451946336645 0.07857478325554598 0.059428046173458586 0.0676130002619502 0.0936995688398481 0.005770886653881141 0.03158370722201564 0.06921261517812233 0.04984737596890144 0.06673820423390135 0.05414531545203235 0.046814752916617436 0.06091899465537255 0.022942350130643996 0.10193058235617086 0.08685960681092328 0.09899774776566785 0.04410609894776154 0.09221374483171553 0.09863603092394721 0.09639832658766018 0.04079342299623652 0.0801877435452404 0.06931585258723844 0.0926837347415868 0.059955688568916296 0.03619576859258079 0.02538090238106226 0.09835765229883907 0.04496666543115015 0.043483763286577014 0.07321586866261069 0.034461781674543716 0.05279756194950442 0.0458004910573432 0.0907108151489328 0.02488368622169414 0.09105869267036125 0.026434737472577713 0.08576256916236254 0.009467892540865736 0.09413067547304899 0.0630647962057864 0.07367031304720412 0.0802885980384459 0.07259850551881597 0.06581117885069966 0.01626665704085008 0.06874378000838129 0.014825506001133117 0.08916026584600743 0.05995033234344919 0.01795714978209634 0.0248782741452394 0.056296015768054875 0.04177565213916649 0.09239285162869612 0.07757930267986894 0.05653346317755752 0.043270941814198396 0.050527464494000175
 0.04752705050665001 0.05295172399453509 0.04855771915220094 0.04346926883777806 0.0512109262219439 0.021090290329084545 0.0325734773304808 0.05389223879931981 0.022451416084602795 0.0466504811655915 0.03002337954416791 0.01672386855358498 0.0387594481108987 0.05684717706207302 0.07140558519673298 10000.0 0.05284877019482689 0.03301733831020313 0.03466476250491539 0.011459071390424036 0.04395042179307784 0.0446578168886678 0.059870956411142144 0.03771346816951361 0.04221576292177452 0.018655073292304574 0.028815017915216214 0.04507665241021533 0.04578290511160269 0.06223622975436486 0.042482579085431474 0.019773013114133875 0.051633440826517274 0.03339479739540279 0.054493943128888944 0.06787603613375268 0.07512616640808915 0.01499008262143663 0.05299559406849127 0.042467916838786514 0.06681652385392868 0.03982187845815805 0.01387146944666165 0.03570974139707454 0.06029194409064747 0.02116771592357809 0.037680671937311346 0.051938084684569515 0.06863645159278654 0.04207016750163694 0.03898430139094774 0.03771290319062763 0.04189755838195758 0.022305611003286978 0.027882141157419424 0.052986970721585314 0.04055884216194605 0.04322204028333201 0.04503807932934086 0.049350783539292405 0.03408293249592546 0.04234233053417235 0.04819440715177687 0.03559602698097285 0.0527624820516968 0.03701618620893971 0.033642216835373315 0.04642798261667001 0.023188715627051302 0.033776783463087774 0.02591347322117199 0.06331189372571754 0.02722983546350759 0.050935567177729804 0.03170567593987642 0.06710774317833736 0.04535678129802579 0.008474314435089609 0.04936395686402122 0.017776748848599373 0.03173224855005939 0.06919891218186874 0.07192001078395997 0.04249902058963502 0.06064384695682912 0.03588988204195724 0.03931450693559749 0.05356284204483569 0.06099659211029426 0.015110122126565708 0.054502909187234785 0.0407027462627574 0.030999328121139768 0.04197318428556522 0.029350934218555717 0.033993978737634996
 0.02069550122539577 0.09636904731037753 0.07315860400788939 0.07187951800704309 0.018716024737868868 0.06213785173830283 0.08536167963533249 0.04594347251350083 0.07493017178608648 0.06880328367566615 0.02308012765404958 0.055463600053106125 0.0360077480721705 0.05959955558897475 0.051056276522579186 0.05284877019482689 10000.0 0.08567750478016127 0.0870487275485369 0.056079470241070364 0.06474297167744006 0.06422003150034843 0.03128592413665322 0.0853362698481961 0.04740410873446978 0.05700103047806044 0.07691050646514673 0.05001898932926435 0.07623067248386776 0.05193510701210187 0.02490005884656357 0.06400613168225194 0.09166513217385344 0.08229758318930448 0.10077724211944915 0.02600883655698486 0.03065835617719201 0.052039145386802044 0.016827018510848418 0.09282578157481503 0.045421428478609444 0.03782975155369121 0.06114396825153443 0.017594799787995476 0.016196338371676344 0.05183628657050797 0.06050365583029401 0.010108736439550924 0.06599359465190288 0.061770620933053855 0.08771207717468635 0.06047799454979933 0.06174181460628061 0.07406298069653347 0.07809216839434932 0.10124073942984345 0.057236915210656616 0.08736137437570915 0.021179228174505793 0.04575932651639851 0.02052433305373118 0.05405960865655689 0.047300858035180283 0.0611176245443721 0.07100658030672143 0.056454191735972895 0.07726909638271294 0.019768036074610293 0.031018401224214426 0.021929977198467395 0.07874115181933974 0.027500204776021178 0.056656486911760576 0.02658551978757386 0.08213397985356845 0.04183828593761728 0.04931287086143551 0.04850320137345225 0.08770180648806902 0.049172166028906256 0.07563424865756442 0.019589548958101843 0.06326686319795922 0.08039151135290881 0.03645681240427294 0.04808054267044164 0.01634484519594078 0.042801200483581964 0.026664116710621452 0.043523813197321425 0.06988264232221023 0.09108433385338204 0.07792086669241592 0.07184723342187697 0.03234339653337029 0.06074677013234329
 0.07985893840510794 0.03539552553076215 0.05374109453625403 0.047877946703777964 0.08176745039201957 0.03647996545228775 0.007012511722289921 0.07641240678413885 0.010791267357216557 0.061887931518848645 0.06265311730349597 0.03489439586199245 0.0684502474303914 0.073398364804028 0.09488307340402947 0.03301733831020313 0.08567750478016127 10000.0 0.01179990475544677 0.031366080509408575 0.05440592572853631 0.06238226185344001 0.09108498396695426 0.028813648642371226 0.06809072076886603 0.03470068078085723 0.025924472529093717 0.06486009819503537 0.04703528576595419 0.08351621955663413 0.07438951764762652 0.027505441247371542 0.03929633327477375 0.024642620494217306 0.032003505200661135 0.10035634439054408 0.10768723766476393 0.03707571579923281 0.08567247028617982 0.015359031356572845 0.09145250277004856 0.0651568469056403 0.02663854374818601 0.0682820783080517 0.09315763651418253 0.04119685495358574 0.050169306111052324 0.08492356463136051 0.08482556268769599 0.060783397792785 0.01781824476730934 0.05650286438653299 0.054135856038761136 0.017386122766197137 0.02077031485457046 0.027479450253909906 0.05571474037019191 0.028720752299053926 0.07736198573558231 0.07628689350974505 0.06707019342728456 0.05966549357556673 0.06955353827681247 0.05363151226167866 0.06110632679177788 0.052373172497657404 0.026624593040694772 0.07689213496315166 0.055139960110942764 0.06550762597829907 0.007545811613901055 0.09271797841092762 0.047698840592181886 0.0797240246759987 0.011642796452004172 0.09301091041470314 0.0706798445981895 0.037638468908719726 0.040158848135311835 0.04452209663305861 0.0259793246263703 0.10219617063247667 0.09035954393574472 0.03736175156414575 0.0873233903230396 0.06130396122174825 0.07229380994447863 0.07730389022547153 0.09035380076460929 0.04381747962362843 0.06420418710872632 0.014227277689090339 0.02049303102582956 0.04585863891382481 0.05851113725814128 0.04584228123005633
 0.07846226898665082 0.04707814405159123 0.06429900485839198 0.05837745884181775 0.08564483653344679 0.030868241009908374 0.004940530370871666 0.08374916434923119 0.017011264839282322 0.053411410455175536 0.06456255873275156 0.041493636581892646 0.06514717946291043 0.08228516312201913 0.10212659849649564 0.03466476250491539 0.0870487275485369 0.01179990475544677 10000.0 0.03680956532810962 0.06409852721090022 0.05458704431861641 0.08829322429866757 0.017528779147016303 0.06288440943710202 0.04183994137897326 0.016928391796062068 0.07276364109838795 0.057951982327340945 0.09132840276817221 0.07260682135582407 0.03556992598143737 0.05109375347700811 0.014013111792017639 0.04318071432341272 0.09888289664484157 0.10627747040524471 0.04287474281103607 0.08473492468948852 0.02647260106362416 0.09825768832885158 0.07134784350450392 0.032918980311478906 0.07024953522129074 0.09257635967310947 0.04798602217306469 0.05930481607936713 0.08491856198991683 0.09396500893520487 0.05337713452885619 0.029605436953510485 0.049394187041409805 0.06347273966241194 0.013162516804966183 0.012234310866045258 0.038158207384384295 0.06448560511990775 0.04050544047276574 0.07600366816342545 0.07124124556331647 0.06732916235307558 0.06805723659723155 0.07711966726570539 0.04650202631230486 0.07134883076325067 0.06097558488566922 0.037690598287842825 0.0808099219878972 0.05783664186315576 0.06842338276367914 0.011705234950534157 0.09737237621779868 0.04193653935516999 0.084636877587073 0.023131180360340054 0.09934442513744023 0.06512959173291562 0.04126596099146933 0.051874337269098035 0.04148592635662582 0.03679890692380194 0.10211914765959662 0.0990271109841416 0.04871901575917156 0.09328748078310704 0.05624900613675049 0.07241968418836989 0.08425870404751847 0.09502497729356885 0.0480432519130747 0.07428426802060456 0.02560473738090309 0.03152707655297824 0.056366266837191294 0.0629816086296578 0.05490844385080303
 0.05469482166723283 0.04350054344665747 0.03725339263314785 0.0320569951530965 0.050468017721648155 0.031745897617261404 0.03337120970220298 0.047263389844655015 0.020856386838472046 0.058025283672853034 0.033159435552374966 0.005830137670815031 0.04844722974452128 0.047885272971278335 0.06549835055428373 0.011459071390424036 0.056079470241070364 0.031366080509408575 0.03680956532810962 10000.0 0.033168133502624715 0.05610876410659133 0.06806570732492256 0.044445067626947644 0.05307545522421126 0.007436168337042932 0.036038015114322655 0.03698756852101851 0.03432439265459965 0.05516322435265408 0.050372039582158405 0.009241169911411683 0.04124645599912941 0.03966173041971597 0.046187410460362684 0.07441476983880778 0.08142040833893095 0.006079057632688276 0.05936965148561595 0.03674681430032411 0.06148775646613657 0.03453876325065363 0.005078348034643386 0.03848775915896934 0.06597985417670518 0.011794559923520768 0.027055893689716264 0.05714493047016363 0.05977628181885441 0.05352831730687501 0.031863795437746735 0.04916392602494447 0.03138130461561021 0.026939701182365827 0.03364283290431494 0.045711199661983504 0.03069927851940869 0.033796487356122 0.052283338437692305 0.05982907231386826 0.039776875672806696 0.0332273182683757 0.04088546027371735 0.047014541579755154 0.04186653447629941 0.027060717315464736 0.023711212612657604 0.04559679719166245 0.02506378824821379 0.03485877017254811 0.02580752371902812 0.061371913106752385 0.03866905267341341 0.048409079096130396 0.02608192175861643 0.06253803632195745 0.05627233981924059 0.008166860715383596 0.038601644905686315 0.02910550065791713 0.02182117859882356 0.07403497430096531 0.06385320240684832 0.031503665886120163 0.05653295465740792 0.04695402224380093 0.044888120675175475 0.04756730685398709 0.059008139524474076 0.012761824631517505 0.043850104141848305 0.035004911663005255 0.022515692350005674 0.030530669108788204 0.02716107926641843 0.023087718373477572
