NAME :TPP_input_25_5_2
NUM_VERTICES
121
NUM_CLUSTERS
25
Full Matrix
 10000.0 0.018778486195302053 0.06523121582628093 0.03916661617847615 0.052463144932928016 0.02440516087350269 0.034453117623700326 0.08357379940508652 0.028301478881556284 0.08713084499798492 0.09960639752332395 0.09487989393000959 0.07515564728222943 0.09520163751164104 0.10221254232176247 0.04581844294291949 0.06509445237928867 0.050073793673060356 0.08617260212315182 0.0650992330382892 0.028337821693859955 0.08621260195391656 0.035393330219984684 0.06701505359729473 0.05950420347887528 0.04160839608025711 0.048261306185935424 0.11663887797152288 0.05595723371171793 0.011545652417036069 0.07550368006305203 0.07235335146781635 0.04825541986152109 0.07796678518829525 0.0629309454783597 0.02793008185677188 0.09596902095561566 0.021202252011106232 0.06231819894152792 0.06668737463463609 0.06775207261697284 0.07423151112980982 0.0771479785290973 0.027019169760965897 0.0420310289050378 0.06372041437376698 0.07002441971184427 0.03945902915584662 0.04420679914179998 0.06836129707775045 0.0395399272735647 0.09601681398724643 0.08462326798618784 0.09386732401445665 0.08069064179466655 0.0767322703603029 0.019468178646186662 0.05824140989655284 0.04454170627818685 0.007691553709967887 0.053840046544974283 0.023304889752089383 0.07729831019387029 0.07731856441420609 0.029941706535736586 0.06078406779603598 0.10281284427296586 0.08869320115225796 0.04235848964742866 0.03069241862677975 0.04041247932601419 0.06306834995742668 0.09475866573397847 0.029396645947987448 0.06408096592943532 0.043466088443195994 0.01438157059593303 0.06719988133328621 0.07960512818055845 0.10022544531611749 0.04571323993185424 0.05802392841062601 0.08292533968184293 0.028027702173009966 0.1010202351343024 0.0451728454059848 0.07249696626708357 0.029491429545885812 0.057346315679696926 0.07432537601238694 0.030269347962661244 0.04140033892201451 0.03463927323179515 0.07060437490172498 0.0431448639962098 0.09174145287753517 0.021128707887183937 0.06579195692172356 0.07574921388983445 0.08657266727017311 0.04557843497431602 0.09292038451397679 0.09543046979939021 0.05825559842254706 0.06795073353289614 0.05783656164213294 0.07704482079668724 0.0796340217721805 0.04948289981637828 0.05034086298251395 0.09025878099522584 0.06797864360866726 0.061015100505620354 0.07939616682283257 0.032822307318961 0.09383970916504006 0.0857766825013505 0.07730319228119227 0.08309089573994459 0.07121953494018869 0.09177922091008893
 0.018778486195302053 10000.0 0.047328630227472336 0.02155907702004664 0.039685691796037814 0.014538418086934742 0.024020736519960822 0.06489028061031796 0.021306937854946695 0.06915259083192914 0.08455363055451716 0.0762952214605365 0.05656460611138832 0.07643077692545668 0.08610575064176437 0.031180840779257174 0.0616157698475621 0.03139903877495755 0.07406346629118211 0.0478489371507535 0.011337685475609243 0.06791851286822621 0.016711903059163223 0.04832655518066081 0.04340698950869318 0.022865240614969345 0.029533961558876883 0.10195195820933708 0.045663003478264096 0.021510293059757782 0.05678303354291421 0.05515752997320443 0.03245638725003431 0.0599442072791846 0.04611643988458603 0.016195342701758948 0.07815889240074544 0.01815704296977642 0.04457669846805848 0.05010123370027598 0.05049879416154488 0.06284841649065613 0.058392930278558124 0.00911101939342837 0.026525207309140795 0.04630571722263535 0.056474663000008904 0.023458396591079594 0.0265196031629732 0.05805641612903165 0.03089781838671508 0.07881621820620849 0.07519270668497283 0.07884595320738384 0.06401687975666996 0.06614462243487751 0.01486392721239828 0.04773257949635198 0.02760214375129062 0.015064502749455488 0.04492114149454822 0.00544026233295401 0.058614932325067794 0.06301225343441441 0.019210216399116672 0.05268118976322307 0.08810466896572186 0.07224649100416161 0.04218241000603476 0.030399217080169304 0.02398762637776654 0.049597261647690696 0.07623513343853305 0.023573776756799777 0.06082689545775025 0.03053808572794495 0.025557501509755613 0.05383872851395602 0.060851378885371066 0.08249315435666796 0.027198374033387214 0.04127469582017538 0.06680425009654362 0.009326789509501787 0.08642609036431963 0.046384682968257145 0.057312913520418424 0.02603314859708737 0.052667282924808455 0.05557891119825241 0.016431930461400714 0.02588943418395108 0.040913099681990195 0.052530748580588926 0.04108837982745755 0.07431063546232224 0.012195744038704789 0.04715974873268701 0.05770613774342715 0.07070932614449617 0.03146412119910745 0.08018946897865561 0.07753612699973249 0.05183808024646234 0.06509699148689777 0.05534296068572564 0.06787245433194877 0.06503332110535164 0.04927148283625658 0.033097623609785506 0.07466899218214545 0.05416196574582145 0.04224722339534379 0.06508565985773092 0.021815799801346528 0.0775178613566309 0.06939413522429512 0.06180059108735431 0.06547912026581955 0.058990589275503186 0.07815768776500161
 0.06523121582628093 0.047328630227472336 10000.0 0.026064613839789752 0.05457153788034883 0.05350754775493919 0.054603164732905406 0.02226216564342496 0.058489722507265016 0.021899647424141706 0.07430062262564427 0.042445641751708965 0.028391967628046008 0.03741670842959309 0.07034909800840733 0.04658518228529463 0.08883309956332279 0.018199908572505256 0.07758904684033767 0.03879527908599852 0.0368941118616968 0.021428924005486415 0.033743828231972146 0.011794551960686704 0.04385409689490368 0.028439578190474053 0.02039507685819901 0.09039227082931446 0.06394909636773602 0.06264317402277209 0.016906374191473512 0.04235332591768292 0.020201368539672575 0.03805707626486338 0.04094941519318812 0.039884710679206445 0.030830826927587485 0.06074625166538977 0.0031970856300237278 0.04382388629996605 0.03980039471589532 0.07177635433468298 0.01940016252656375 0.03838588822110932 0.025417722134626425 0.004406531249130111 0.060588494343144304 0.04212983267422067 0.03477651247403841 0.07156456653333385 0.06000444450811764 0.057988308990967984 0.0864364590643373 0.06998611495716792 0.05086575038906408 0.07641885471579823 0.04952613877382238 0.06459296614729147 0.03815636217590936 0.05912422401178044 0.06664815249624065 0.04216636950939071 0.017161189720748985 0.06179167294244603 0.053115355990772876 0.07328134505187724 0.07869499229756204 0.057822665879672504 0.07871543896689888 0.054584889883913267 0.0255554838897205 0.05700728230757816 0.030808275146923567 0.0607340499517615 0.08860105631712133 0.051168191537556085 0.07246426095484262 0.05970766373934363 0.021102128246044613 0.056927810212199635 0.02873783900238431 0.03990989585757751 0.05585804467525117 0.039505109366896794 0.07783320015246746 0.08355937382559912 0.05454930144576732 0.06447157259135598 0.07993795631648112 0.017149124454760387 0.04798038490655577 0.04348865065451406 0.08377236975016737 0.03373271261060359 0.07561930347835787 0.05290042140674162 0.054072727521069563 0.02380676606348495 0.036584072618415744 0.05991156823367858 0.048202246527118714 0.08015914165226226 0.03022905140570895 0.07616164315870073 0.0927062527668455 0.08556706100585576 0.0815156327907949 0.061906466313892544 0.0841043658414142 0.015360208807114735 0.06415438332242931 0.05827305948806976 0.018570062805647755 0.06314426401721608 0.05315928716429863 0.06243482650221718 0.056173581404652784 0.05576778276555488 0.045248021213190805 0.06659910502696845 0.07530361416435857
 0.03916661617847615 0.02155907702004664 0.026064613839789752 10000.0 0.04318832400454805 0.030584032516408403 0.03524769695027071 0.04546382479255184 0.0367723605753173 0.04796425848373609 0.0790888670002806 0.06046819550709904 0.04145959105904865 0.05865219836818216 0.07824454554794229 0.03346085193328042 0.07353686036259734 0.013399007166797974 0.0745501317447647 0.03968146675463205 0.010830572622398163 0.04716472165100693 0.012762032190174208 0.029268682383855736 0.039332119152196324 0.012490244828892097 0.012615440839795489 0.09652633430074106 0.051803670085174156 0.037269862577905245 0.03778935245775024 0.04632695827707245 0.012450054700314843 0.04770840504105348 0.03958272695338061 0.015696455683429814 0.05683375232848068 0.03706170919761504 0.023175265337397378 0.04367493089418611 0.04198577159683094 0.06535646679899733 0.039781924265278906 0.01246824446882088 0.008560851012877391 0.02476591238927549 0.05603747594051711 0.02580618157057183 0.022027960181191426 0.06260130167833436 0.04200222004305135 0.06840704533460132 0.07951814297730084 0.07374131319148373 0.0559652242638494 0.06953588023626238 0.024571366056707587 0.053267850735125535 0.025396388116510623 0.033194319752042976 0.052937607283379096 0.016235818002172508 0.03927935550214495 0.060480496892053585 0.0320982069106535 0.06064161904074006 0.08317381596019377 0.06424514873270613 0.058434609756497696 0.033846746265133835 0.0049028673665953895 0.05017625372009489 0.05600385586023967 0.03921779880001865 0.07301149658977851 0.036119876582414855 0.0470544100556512 0.05405354127714121 0.04216485714080016 0.07026021159878897 0.01758595673941122 0.03576718240383295 0.059982506209720524 0.015156511863115682 0.08179807076225827 0.06312602393041133 0.05351312320907643 0.042675378144214016 0.0642461013405137 0.03691086837515785 0.026955846160942504 0.02825637083779264 0.06058789079671465 0.040654725904911586 0.05616521802828673 0.0634052158927303 0.030205980581166813 0.032373283105606054 0.04554042528466277 0.06423795101815004 0.03468221299426354 0.07927075448452892 0.05627407798623852 0.061770773665363564 0.07734058237612308 0.06862551935564695 0.07305917602363747 0.06173811825116204 0.064827325782746 0.011555864838813872 0.0685772703060297 0.053499996977012736 0.025942437185388446 0.062364897937071465 0.033245018676513034 0.06953875286364149 0.06173583059536909 0.056850212104750754 0.05445396041755308 0.06055135887420524 0.07580617026728823
 0.052463144932928016 0.039685691796037814 0.05457153788034883 0.04318832400454805 10000.0 0.02810360157249803 0.01813588822598579 0.05867804787406357 0.025039080213640732 0.07046077602833349 0.04768842256234234 0.05728833559501907 0.041420436473451276 0.062454767954336146 0.051671308180315914 0.009759250374712496 0.03460998250017821 0.03832705705558295 0.034396700596659904 0.023313275167727635 0.042636010681693697 0.06666230175861762 0.03106644392235223 0.04658047062573558 0.014553663533580154 0.03117548778934894 0.036603728768162876 0.06435150563062372 0.009383710632553246 0.05997881460691963 0.051525811337837214 0.02811149624453275 0.054332000698155504 0.03748882985156112 0.01971821238022974 0.05171592207906393 0.07926634221894303 0.03238179541055393 0.05381891019589785 0.02110638104878531 0.025059101404209222 0.023293073759704904 0.051437183402776934 0.040257902127364235 0.05174113573473987 0.05684622899370702 0.017584437161782825 0.01792552968510695 0.021690673840796315 0.019487376114895334 0.015421108707900066 0.0487546310775627 0.03663400344109384 0.04200240504394733 0.032893838993786985 0.026955158406972317 0.054263051939850905 0.010303426307073493 0.018063164612403912 0.05292692119762535 0.01243631757619377 0.0404732342442128 0.05385745285323058 0.025145319742036324 0.022524758106187388 0.018724137742681293 0.05060928994241657 0.0395141554093854 0.03201087052581281 0.0693680318804398 0.04809114804865672 0.010674103106551229 0.07083451050009516 0.025016386021034807 0.03452122981610516 0.009213874643518463 0.04718253761964527 0.014741502176310813 0.053346094738831604 0.05500906728180228 0.02755917833162769 0.016985979678580374 0.033302807416870236 0.03406551360249503 0.04876511780981543 0.036231084303385244 0.021654119594653645 0.027254724682341608 0.026249400236729954 0.04976350710446463 0.023368525274841217 0.015264845716640836 0.04399466427087174 0.032440052669223784 0.02783985031516239 0.04577839427909427 0.03142450953659825 0.035937702702562496 0.03593041877684853 0.03615178525538506 0.008748097068864728 0.040727376724293496 0.07812147129644836 0.021870075781806147 0.038439341788310044 0.032610866215069756 0.02991265880253164 0.02765279727736283 0.034438510366550594 0.04964301510835218 0.03919679502521888 0.015669302788651425 0.03732141832831296 0.02719020268989801 0.01964159578676984 0.044060704008949944 0.036624345087851846 0.02671334162260105 0.039043646858499925 0.019308249570996947 0.03931718290546302
 0.02440516087350269 0.014538418086934742 0.05350754775493919 0.030584032516408403 0.02810360157249803 10000.0 0.010417766421260778 0.06729248122585071 0.006864443078927531 0.07438864912201994 0.07524969439254468 0.07450940626451429 0.05522914666410003 0.07651052108359092 0.0781487049508225 0.021678722511230413 0.04708109260464151 0.035575929269832 0.062131239706853525 0.04231548288698024 0.023258459655894913 0.07221335363262107 0.019778665719301567 0.05125924894033411 0.0357886108475883 0.025316667597426713 0.03339060683477581 0.09223768448274375 0.03245122966476945 0.03223813474060113 0.059072223096750136 0.049352814443723525 0.04288631447985782 0.0561435588451382 0.03971838492760831 0.03031015009194025 0.08362651678998004 0.007488124612000093 0.05128129097936195 0.043197209409681525 0.04490986758904487 0.050395372762312124 0.06016863163574933 0.02039577748304031 0.0377215153768431 0.053611535078866575 0.04563594351459211 0.01661758923971188 0.023279178797381627 0.04497176063002164 0.016726381676346335 0.07274681056103711 0.061819056676832296 0.06951377803069553 0.05708948038426085 0.053260185125350114 0.02907648535050689 0.03465711882408259 0.022314479540925625 0.02516357135995844 0.03109953742515274 0.018195884510438808 0.06119998634221261 0.0529174428510801 0.005616698557536877 0.03867969624918913 0.07841766978106669 0.06487233890028649 0.028452379051094448 0.04465576525288843 0.034475410980595436 0.03867435368979092 0.07938570836107789 0.009253193059614974 0.04629975796197676 0.01906119867178384 0.02211858189198176 0.042822996403902594 0.06257514969630287 0.07758125142200374 0.027123319719254607 0.03487571193399767 0.05895841471225914 0.015501325725419941 0.07661976822904097 0.032951153153647605 0.04823598628392452 0.012282684447212013 0.03813470697002521 0.057584097137075255 0.006975768169519662 0.017944490834066337 0.03035090517552689 0.0490663639776123 0.026889311353649973 0.06876553839465238 0.003332039409161012 0.046427284231895835 0.05401677568343092 0.0624680252379088 0.02128629391967543 0.0687216267283555 0.08280713989049283 0.03745662535231 0.05057912426430709 0.04088750917832422 0.05435421773719694 0.05525017339245349 0.035310526419112157 0.04153807869482648 0.06604231706679596 0.04357471972698863 0.04330812051935672 0.05499402000089183 0.00853012193803955 0.06991681085262211 0.06193594490364604 0.05311210478357203 0.06045800097118841 0.047079442477397246 0.06741393093351238
 0.034453117623700326 0.024020736519960822 0.054603164732905406 0.03524769695027071 0.01813588822598579 0.010417766421260778 10000.0 0.06515113718522719 0.007210727391811607 0.07412135061159487 0.0657395788239626 0.06931317756000474 0.050877286406929435 0.07252350729495893 0.06924657472714117 0.013772312268639666 0.03881119294834981 0.03644028187534056 0.05179589264339455 0.035650195933781326 0.03049367741680441 0.07130466125433535 0.022718031640678107 0.050106375408899194 0.028030258502217287 0.026465426500359077 0.03426993254803821 0.08248582708572579 0.022046379238540977 0.042654989367506904 0.057119399761416015 0.042203142395701256 0.0476500722759774 0.050084259776953535 0.03259085319093156 0.03868713599964182 0.08334260976489972 0.01434596242509619 0.05286386019319041 0.035560294305884955 0.038080648175854145 0.03999777596494571 0.05781032678068297 0.027683935626020166 0.043330901916460655 0.05553759926006654 0.03571450487496475 0.012843432092893186 0.020617376859211632 0.03456492186174633 0.007113727782937548 0.06491926269741828 0.051477355911484377 0.060029367115302226 0.04902796556263542 0.04284401335650874 0.03886426490784188 0.024242405590064554 0.01815061548403134 0.03558106038918884 0.02092227188942686 0.0265005090994262 0.059381558879529575 0.043239150676402036 0.004904782874808451 0.028660484820961698 0.06873069764883226 0.05642006556536372 0.02412447918090364 0.054419500454446344 0.03978077978508639 0.028807113345047722 0.07748617594060699 0.0080469314230746 0.03817441480592077 0.009687194569672574 0.0294894576664233 0.03285933528026639 0.06009732573151456 0.07036470984299623 0.026114110245039568 0.028058560773424602 0.050336054569628454 0.021684819166368576 0.06689384923698843 0.028964914939014198 0.0391310339122987 0.011442603318282637 0.029576711320813902 0.05548597956660148 0.008623063797337226 0.012509914084696289 0.031057448681382365 0.043503553759323035 0.021252180016249147 0.06130605088965459 0.013721905988905806 0.04292124540554758 0.04810355805407427 0.05358205388121008 0.012813647781085725 0.058475095993283654 0.08239122100495452 0.028069984288371957 0.04251535670561535 0.03344770359794121 0.04405153558281283 0.045688251412080605 0.029896786261050266 0.04491402911577599 0.056919249848620714 0.03378779924670078 0.04128752434823519 0.04529621150036933 0.0022480082663172305 0.06127722945762193 0.05348106672007377 0.044127950388159656 0.05348777468748969 0.036786973736147435 0.0573842254931131
 0.08357379940508652 0.06489028061031796 0.02226216564342496 0.04546382479255184 0.05867804787406357 0.06729248122585071 0.06515113718522719 10000.0 0.07070560985860713 0.01503890389819083 0.06216078516095887 0.0223902950750644 0.018705935255613645 0.0154521241927851 0.05599044318016071 0.053574590886813774 0.09281921996741646 0.03350184589775602 0.07172951698472162 0.03670783781563201 0.055897547368572637 0.009940561380525216 0.04894294881951372 0.016563852322572785 0.04476351439571676 0.042702593073897344 0.03536697004290624 0.07614291785162713 0.06732700838692025 0.08273034769066302 0.00823363741168016 0.036208350494576984 0.042228467548069554 0.02766962961596628 0.04008810293552446 0.06062539105195427 0.02185426040016299 0.07477972242599455 0.025351085311377194 0.04100230083861351 0.03616929571075809 0.06937675596166612 0.007377801762824252 0.05669564690077449 0.046909019241944606 0.02622235909533165 0.058025773765784404 0.052421459679278554 0.044715619059894775 0.07136234967182555 0.0687896084698982 0.042722648915766465 0.0831640048016257 0.05910513448231025 0.041525496584594604 0.07394855586388535 0.06995371258141204 0.0671996691279808 0.04701175896874748 0.07833804591387346 0.07103785115345833 0.0603191411025212 0.006275984418842972 0.05626660805145907 0.06523218225184108 0.07607207616458268 0.06646255346138759 0.04609173172764986 0.0880865387375246 0.07651174331289554 0.04630935365648488 0.05694948156615838 0.012363096937770858 0.07257040663414975 0.09287302923102203 0.0587659217811966 0.08841044995033653 0.058218739596375545 0.005336318419292797 0.03931624427066879 0.04017052614289327 0.04172867263451845 0.04648555203251073 0.055962714991307935 0.0660860672566566 0.09281808996951521 0.049984101198338085 0.07628712374305852 0.08487912406507166 0.009724063586984577 0.060717688374483686 0.0527053023715055 0.09608677604134158 0.028015755077722554 0.08437176435603075 0.038218793712868564 0.06875476387510762 0.022869935938748566 0.02748764028722748 0.04973656389558252 0.05516117356079971 0.07225955034582647 0.020539473894995164 0.0802311127802539 0.09653177194168233 0.09128796686558892 0.07995057088596617 0.05537535400266675 0.0921650195831128 0.036597612759959944 0.053342384360385665 0.056265985601363776 0.02404426053271372 0.05696805712973166 0.06434446402851798 0.049512974542464776 0.045459963183319886 0.04911916685659988 0.03323031175841602 0.06448184415075041 0.06665613342744457
 0.028301478881556284 0.021306937854946695 0.058489722507265016 0.0367723605753173 0.025039080213640732 0.006864443078927531 0.007210727391811607 0.07070560985860713 10000.0 0.07880646467406224 0.07272545696301323 0.07601376852791131 0.057260868482568686 0.07883544882051888 0.07640104050438605 0.020875133076370685 0.040342017686895625 0.0403303630054314 0.05797109962683844 0.04264497043748744 0.030023638594101502 0.0763034326184642 0.0251612370765443 0.05514491080402812 0.035191090396715946 0.030051256925268784 0.03812753771384777 0.08932862502388987 0.027658511069058284 0.03745005239418153 0.06256280338515967 0.04930826450681719 0.04918112055587834 0.056980211606813505 0.03966800720541402 0.03717248698219434 0.08805644751007122 0.007385863662024187 0.056464070926498466 0.04272234452563065 0.045117732233677106 0.04596269228438511 0.0634357142172651 0.027152323812925094 0.04422311128200437 0.05894839617216449 0.04253092934120783 0.01843432892063234 0.026007835247341255 0.04006741865471196 0.01124860984955235 0.07211955437225813 0.05650660303792202 0.0670327495295791 0.056234775910323734 0.0484354525575891 0.035595596953813174 0.029947189924434153 0.024130682610698055 0.030473369103561417 0.02565430415511052 0.02505521638515875 0.06477255467042282 0.05018395209389308 0.005496975752178147 0.03290911153639613 0.07562638946800808 0.06362594701215354 0.021781896904277016 0.05112625869616431 0.0408808828007336 0.0356956087127449 0.08296382877382212 0.002462125266903848 0.03953532403042474 0.016888451895524213 0.02229878363068639 0.03965520488088397 0.06578228598433275 0.07750935256787456 0.030839571854992996 0.03505286204813505 0.0575339756806676 0.02193787462533162 0.07376935966460506 0.02639136208411219 0.046276391095054804 0.006012455718977851 0.031501995030676105 0.06098799906737979 0.01050936082161889 0.0188078620791996 0.02552672168982033 0.05024663635832097 0.02004461305550353 0.06847421167103056 0.009291926769232342 0.048953238197191724 0.05495738866611391 0.06074898876936038 0.01999465232676281 0.06483688646358197 0.08717035622662828 0.03117433180554899 0.043795251710850434 0.03404848746355506 0.048958294752565364 0.05268256564480601 0.028520700351411937 0.047371846019693326 0.06403874313266086 0.040702982288618565 0.046677473902944175 0.052225625956466536 0.006793304392200898 0.06846906336452026 0.060687531121167544 0.05128829180777948 0.060580852214477975 0.04313251493837026 0.0640409110623461
 0.08713084499798492 0.06915259083192914 0.021899647424141706 0.04796425848373609 0.07046077602833349 0.07438864912201994 0.07412135061159487 0.01503890389819083 0.07880646467406224 10000.0 0.07717579981587376 0.035982226017206284 0.03302133697860469 0.02715020886030498 0.0708219041019242 0.06406432023362982 0.10502589926978478 0.03885050552150393 0.08637793745799484 0.049981488123884345 0.05879354354549162 0.005150120376616623 0.05485655324801331 0.024227653666769204 0.057365527776761065 0.049072118126340464 0.04101733735960228 0.09088729521938657 0.07951476876946807 0.08428679517113703 0.01941559162770004 0.05049142869466524 0.04087619613750962 0.042478186979728806 0.0531118533318028 0.06140438958291971 0.009250666333523963 0.08177691848673595 0.024857642971787348 0.054618077292297784 0.04985433824028739 0.08333004738003666 0.020341495233522754 0.06026071353773833 0.046663248555106 0.023888687837926616 0.07189572281057258 0.06130100449130947 0.053562309661078764 0.08475930018804327 0.07870775509147954 0.057517745722306585 0.09740990559435501 0.07414222962210806 0.05640493670474528 0.0879567404220688 0.07110943843627351 0.0796598862446926 0.05646604474647259 0.08097674762289107 0.08289422271156202 0.06403819827669438 0.017216928256385506 0.07074672590065807 0.0733288696587132 0.08856937229639589 0.08146486329733278 0.06113008874312417 0.09790216274104831 0.07463246282143937 0.04724263059565976 0.07012067575965898 0.01273185868160388 0.08091216219743759 0.10497301188245318 0.06908867468554586 0.09409316106099519 0.07181546218684645 0.019405430749152627 0.053553914006464795 0.04807109407663502 0.0539227384649084 0.06140648382328195 0.061070197664954175 0.08111076701167276 0.10272408716109928 0.06420027003789662 0.08467614998372494 0.09665997537185413 0.021150567005493615 0.06838774281101288 0.06213441703855229 0.10431337965520719 0.041912653748741785 0.09446714740385628 0.05314011678908626 0.07526474420267988 0.03483536033302163 0.04209379761010469 0.06473251195897155 0.06569930813418978 0.0871621725322138 0.008437060250331163 0.09230638115466532 0.10882206414861192 0.10280412120735459 0.0937850497134282 0.07001506455306597 0.10265291701774104 0.037044192970410936 0.06837292087629677 0.0699714151637063 0.03346701755700279 0.07156551041769214 0.07295772723009843 0.06451862087664742 0.06046909389842839 0.0637154812485648 0.0482488147574605 0.07831825735720023 0.08160549056714642
 0.09960639752332395 0.08455363055451716 0.07430062262564427 0.0790888670002806 0.04768842256234234 0.07524969439254468 0.0657395788239626 0.06216078516095887 0.07272545696301323 0.07717579981587376 10000.0 0.04394515731269376 0.04638280310191614 0.053685357296879024 0.009584273759795595 0.0538792449575268 0.06244663723534814 0.06768344095554667 0.022958845395060636 0.039424013623809255 0.08358662421826789 0.07203719376126104 0.07091338690243527 0.06252215671987336 0.04131116032067575 0.06729846918898688 0.06736601247355595 0.017536700358019554 0.04776088946329151 0.10589868484526987 0.06041435822261182 0.03322536580646933 0.08579882210374126 0.03638666030721448 0.03970250722725971 0.09247800848678067 0.08266680209615741 0.0800517329311601 0.07568794038627467 0.035550702632891326 0.03722779868874786 0.03227273392927535 0.058438687312908535 0.0820428966802494 0.0863286174134726 0.07842989420911564 0.030413943694954267 0.061109434792259776 0.05929881899627188 0.039204912435628216 0.06264702225140487 0.02085432908580839 0.03642044466252831 0.005740234975983022 0.023773038646330187 0.03373894775776446 0.0977939866720586 0.045643022093735525 0.05728922957177645 0.09904020926815538 0.05179126093929626 0.08363161741544846 0.06184129945274071 0.022558719010729943 0.0698367814991164 0.04951726771746872 0.004400785929275143 0.0165325783938033 0.07465496577908048 0.11137779052221507 0.08331246416226384 0.03706315129336608 0.0695215659414831 0.0726488086205011 0.06327799450963484 0.056269357116991464 0.09482731090002795 0.03329075273347773 0.05845134240461523 0.027802962732106123 0.06183391114631538 0.044073262254494386 0.019210848710219754 0.07673964223542756 0.004036211474247564 0.07742064022397857 0.027261661463976756 0.07460153252418669 0.060147990009511036 0.05919967322746248 0.06949143970868629 0.058770874359024804 0.08877839008767814 0.04092552969409241 0.07059175304350383 0.024296326983534608 0.07848826027790369 0.05102329962676568 0.03772490888849185 0.014931596463841464 0.054032974868849656 0.017348617491862263 0.08129012877796686 0.05512927237064574 0.06453335619947619 0.0662986900870721 0.03922824860779552 0.02005134565929268 0.0735247566544595 0.07925822187918036 0.010549223608694201 0.03204742084706488 0.05751876465999009 0.02054743753620672 0.06704637843659583 0.012668751941956742 0.018183993773922283 0.022818555527243423 0.029487548108401297 0.031957615197779746 0.012633080795436366
 0.09487989393000959 0.0762952214605365 0.042445641751708965 0.06046819550709904 0.05728833559501907 0.07450940626451429 0.06931317756000474 0.0223902950750644 0.07601376852791131 0.035982226017206284 0.04394515731269376 10000.0 0.01973139779722303 0.009819431046261847 0.03619104094806652 0.05582871787028011 0.08810617371080455 0.04712090198666619 0.05878660572849444 0.034261573258764604 0.0695673361388031 0.03098573353082751 0.05958493036539563 0.03257383392870125 0.04289701657741585 0.05352835767562091 0.04829289627388759 0.055668594421930354 0.06408200139243095 0.09643724158371607 0.025539979241502805 0.029423149461944006 0.06075849569311276 0.019801563501294583 0.03774919182490308 0.07616324668087048 0.03968455821363756 0.08165854191288793 0.045128176021956165 0.036296841744521365 0.03226166160439122 0.0600861232531696 0.023048070900599748 0.06954478644463351 0.06425565028900375 0.04678836448280684 0.04994296757541781 0.0580062943399579 0.05140138756790737 0.06408521627242986 0.07080769820229967 0.02314945735319056 0.07191197870591731 0.042315201862360804 0.02918368926448037 0.06416534249555397 0.08462799649171152 0.06319302595995109 0.052241981590723754 0.0909902403745637 0.06841186703980606 0.0727120022115298 0.025523846194483724 0.04533938668084176 0.07095306261374676 0.07136185433015674 0.04791090290744728 0.029972140021565945 0.0891632066447734 0.09378779887721242 0.06270819174991785 0.051618510849182515 0.02614917890905669 0.07732961958112508 0.08844394540835308 0.060809301956892985 0.0966091220787062 0.05121925516646041 0.021463503002756717 0.017787226169816518 0.04916665543513288 0.04160380877639074 0.03298954020900563 0.06696846876230317 0.047981269623279164 0.09349673238618593 0.041151721248937394 0.08072633793941372 0.08163801337710326 0.025469531971923476 0.06753558287357074 0.05723131025115352 0.09984660597532045 0.02581228797871461 0.08505146570061463 0.020011019567110145 0.07677799459397022 0.029145636820826215 0.021478950110220815 0.03477850169554353 0.05712427897860721 0.05731011548575661 0.03832888397161617 0.0764586551709324 0.09144943175888828 0.08841720243649664 0.07058457937644687 0.043512375094300317 0.09163701361485728 0.05433968017870123 0.037213749324688315 0.049030593772052794 0.03472292350961551 0.04525527824793935 0.06922753665062706 0.031623812475444206 0.03061731353157132 0.038175703999401525 0.020125052161870185 0.056006506389978554 0.051406192813105246
 0.07515564728222943 0.05656460611138832 0.028391967628046008 0.04145959105904865 0.041420436473451276 0.05522914666410003 0.050877286406929435 0.018705935255613645 0.057260868482568686 0.03302133697860469 0.04638280310191614 0.01973139779722303 10000.0 0.021659529545726062 0.0419700535006185 0.037949952361018766 0.07485103090127909 0.028068441625392557 0.05337194355351147 0.018488415254424437 0.050078638064368006 0.02823237779656539 0.039855353358794206 0.01669052099336709 0.027007288764240366 0.03382298769020926 0.028997560697931298 0.062072443732823515 0.04955931811160154 0.07681928736054502 0.014341340827593689 0.017532378747220426 0.043598365197551746 0.010047181808416532 0.02202725168688382 0.05707308493336859 0.040535050094503616 0.06250990167708499 0.030246618266307704 0.022446107143674107 0.01761789673176395 0.050670975334044716 0.012783310634842225 0.04992898588631664 0.04618898716537553 0.0327041732178361 0.03932982570868227 0.03894860606706752 0.03197498319886903 0.0527831098942721 0.05328508879416668 0.029677656863613996 0.06450651365462663 0.04250502536746707 0.023833131521592558 0.055243779838128886 0.06522850485262298 0.04921261346351303 0.03318187119487308 0.07128721761894673 0.053512483790571864 0.053033679557936614 0.016133846545253988 0.03772940562326283 0.052023596992316526 0.05799027179084613 0.05078147096323117 0.02985365326543285 0.07228743670789774 0.0751835322813012 0.0441985320147057 0.03854172692078625 0.03002826492444927 0.05877069474434859 0.07498061012425614 0.043123591936605324 0.07724792105231744 0.03959319434631591 0.01367914608543722 0.029549797975210398 0.029444850240050984 0.024553740136692048 0.02891764327571357 0.04723797387905845 0.050080099324711545 0.07685942775385833 0.03130097724946073 0.06231202464717822 0.06728312051539534 0.012944270113670567 0.04828418690669134 0.03848518307058899 0.08183298647763929 0.00943610578600068 0.06834590264905135 0.024556455479312293 0.057350853731630166 0.00943889355180441 0.009184238498097966 0.03261882746105068 0.03940628969434591 0.05445608914314291 0.03923249715497405 0.062435803814420245 0.07848999703821566 0.07386010324298257 0.06124999375043648 0.037016189300689756 0.07564769174393202 0.03691391524302526 0.036630222454421796 0.037608655902346015 0.015522487070436514 0.03855156947116711 0.05053930877569445 0.03420476854743265 0.028563664329475342 0.03070622457763946 0.016979803768696917 0.045786752065549094 0.04907213049194163
 0.09520163751164104 0.07643077692545668 0.03741670842959309 0.05865219836818216 0.062454767954336146 0.07651052108359092 0.07252350729495893 0.0154521241927851 0.07883544882051888 0.02715020886030498 0.053685357296879024 0.009819431046261847 0.021659529545726062 10000.0 0.04601046956292719 0.059579187984193954 0.09476408701882541 0.04574731540243442 0.06762099314420703 0.03914796317929864 0.0685343387809647 0.02241326090096129 0.05986340985281628 0.02949119358252251 0.04790215017279071 0.053607910554526024 0.04727812186129985 0.06542402713228837 0.07001900666351903 0.09557674814850763 0.02123516107302564 0.03571415472612387 0.05696727924475112 0.025787576695176825 0.04274986107213096 0.07421461469498881 0.030038877270846365 0.0838767894390161 0.04039938712615284 0.04212849341246923 0.037610640872263845 0.06793986244575992 0.018997097736027334 0.06891762967395804 0.06120247440034774 0.0415246442263331 0.05729099247678873 0.06045403457117604 0.05324329496360601 0.0713663612062828 0.07488663094432192 0.032939984658151074 0.08040729620836708 0.051848711643412655 0.03739537833869413 0.07220164460807792 0.08319737615993834 0.06938326775945118 0.05471264265797009 0.09063333732913419 0.07418475818081052 0.07233983227785443 0.020363618670418922 0.0534851006111314 0.07354470112769619 0.07788432101930065 0.05769042193012338 0.03924738033217857 0.09377973733386165 0.0909325338316291 0.060175850162979105 0.05808386907074416 0.016450025821078604 0.0803909351420602 0.09501041542281062 0.06473442494472387 0.09836834129726217 0.05823772800768339 0.01675731873117971 0.02748272968462654 0.04995667751375029 0.04589899639323354 0.041645098580516335 0.06718819366864147 0.05772093979970047 0.09829410061640594 0.04856896651697873 0.0839519502841013 0.08775416070320709 0.021833563353623107 0.0696207633948511 0.060099736597412516 0.10349244267278723 0.030031901072869037 0.08978511056645498 0.029569796630340865 0.07845419715585272 0.030084914128937136 0.026861001166556653 0.043851784108299686 0.06101443601152605 0.06658571207166214 0.028698618797638863 0.08271256137716584 0.09824860089354052 0.09445653418412606 0.07855360959562097 0.05189906823949656 0.0968673755135265 0.0509605019435856 0.04658165962157746 0.0560880010803041 0.03418704071286445 0.05362557525101556 0.07214318537450846 0.04126285054144322 0.039589613259856826 0.046192831221202615 0.028195356428850644 0.06356641648478964 0.06070799064101487
 0.10221254232176247 0.08610575064176437 0.07034909800840733 0.07824454554794229 0.051671308180315914 0.0781487049508225 0.06924657472714117 0.05599044318016071 0.07640104050438605 0.0708219041019242 0.009584273759795595 0.03619104094806652 0.0419700535006185 0.04601046956292719 10000.0 0.056478208575590036 0.07031577423046317 0.06601759925487607 0.03172880558583717 0.03897129607808639 0.08387195806809714 0.06567471312838237 0.07138871435681007 0.058592209516508675 0.04280842410448248 0.06709770877575189 0.06601160363318527 0.020245006244716916 0.053295065632059796 0.10760930569411341 0.05532427501528943 0.03196879788248382 0.08369507065138714 0.03244190709948162 0.040105932190372756 0.09246751702669576 0.07562483318229316 0.08357356386288456 0.07207281016524834 0.03603878322121883 0.03647123215272487 0.03964653149068663 0.05315265395568921 0.0826175262821813 0.08490667308227721 0.0746306921232975 0.035459282013446114 0.06296417391607256 0.0599984465637623 0.04625727320538706 0.06702531595919466 0.013312634402545001 0.04549120183471594 0.012154378965655646 0.02242422863004071 0.041779709604108685 0.09857347131131915 0.0513491201735408 0.058510018514453345 0.10093813264851798 0.057572939472564845 0.08458913028312913 0.05648410256772755 0.027485752332360523 0.07296075004550982 0.05632997129593798 0.012434099285876667 0.0140659052910999 0.0806666691801606 0.11140150025910414 0.08214499765880982 0.04144746753137386 0.062225049493177566 0.07661448018048297 0.07107386958373092 0.0595821758311596 0.09869033065310397 0.03820172314843625 0.05281793197420055 0.01906992719897252 0.06161759361145507 0.04486723858238288 0.01932693955145451 0.07775049623356865 0.013166435553493597 0.08378822428580943 0.03012604446735351 0.07892141914819688 0.06719592091854582 0.05430472661007688 0.07194427822246303 0.06085534934503239 0.0943800842564999 0.03826716109062773 0.07650496872153022 0.0178655429090098 0.08127361938646571 0.048075536296584294 0.034187121228510836 0.01568736604537368 0.056899981590941465 0.026743177007857114 0.07425432511356198 0.06201415314342316 0.07265241759416377 0.07359576675581703 0.04763921751884554 0.024712347890519133 0.08020740147539687 0.07702112522762286 0.012551979294079666 0.0365649900516679 0.05485350052730036 0.02577222823753041 0.07030153343089426 0.008731809222233105 0.01678508939044126 0.025119487665795723 0.02517338257830557 0.03837177631975632 0.021567489502427987
 0.04581844294291949 0.031180840779257174 0.04658518228529463 0.03346085193328042 0.009759250374712496 0.021678722511230413 0.013772312268639666 0.053574590886813774 0.020875133076370685 0.06406432023362982 0.0538792449575268 0.05582871787028011 0.037949952361018766 0.059579187984193954 0.056478208575590036 10000.0 0.04232988173739562 0.02948299389241399 0.04323766454394386 0.021911978060138736 0.03308446937756564 0.06069207988853983 0.021317455017717195 0.03985168599035288 0.014348010770313318 0.02160665042572969 0.02760659121731725 0.07109329904149135 0.018500722348240087 0.052183983158020655 0.04587514416373698 0.028439023446345652 0.04477681610734595 0.03641297452589892 0.018818547428034436 0.04221693524422536 0.073117707572635 0.027553773912195545 0.045503854618029325 0.021871260984187638 0.024315631846599392 0.03271146028434948 0.046201173287399575 0.030809372429666675 0.04201926584333056 0.04845922548431537 0.025316737180991564 0.008315355836168102 0.012382691957774578 0.029242812039666184 0.015362823911388402 0.05136138224152602 0.04635141981185139 0.048140286614691996 0.035558217770331364 0.03657158894308287 0.04537099650397563 0.01983255770784506 0.00873164438026153 0.045245222801245065 0.02035870926485628 0.03133730129187071 0.048199652536004216 0.03191430028396484 0.01665731265849816 0.027643642607602978 0.05723373362377133 0.04322211182293239 0.03456390502799487 0.06019487945705635 0.03836315366749095 0.018508294854838372 0.06592365240726228 0.021797974728641097 0.042053769659543085 0.00521350546942102 0.0428984627476754 0.022739335331437443 0.04834156054643719 0.056636044911362045 0.01848523384857083 0.0143372369997512 0.03728153952802723 0.024714100698811414 0.05549736156621458 0.03925982827562603 0.026688333857227974 0.025002419196186065 0.03335734032513279 0.04415680642730081 0.015613109875515405 0.005632889113787301 0.04405216353970696 0.030043595558541636 0.030798338346914304 0.04762020802815689 0.024798233574486187 0.030789428338004736 0.03448095924710882 0.04080421296013687 0.0016393717043420193 0.049102213836754956 0.0720555680770723 0.029771931867477282 0.04620910521905015 0.03905244598105227 0.03967189067343731 0.03405233953220641 0.038688217287342425 0.0403487995649419 0.04444157802573401 0.022982789572583238 0.030599601396442015 0.033995327778912995 0.01423755042543332 0.048242099923036144 0.04028264835855669 0.031488860288211115 0.03971956482147546 0.028351802335663263 0.04697921068054001
