NAME :TPP_input_26_3_1
NUM_VERTICES
76
NUM_CLUSTERS
26
Full Matrix
 10000.0 0.08472873349855646 0.04037686789135815 0.08966577973985002 0.05422063168633893 0.06524401837167923 0.08491111812982358 0.06338832148041976 0.048351271989190196 0.06020270603013701 0.09203354042941031 0.02184383788580186 0.05271633769130881 0.05855408128570569 0.030869951381971086 0.06619558291424797 0.0656359280454876 0.04647614552763105 0.03530194828561841 0.0868276414518977 0.08632714912720041 0.06495335254707775 0.07875465497758573 0.045466707154458726 0.07757228942450846 0.029843285203457717 0.01850700233491261 0.06530427753716923 0.04440000107297722 0.021475494510700837 0.08463373984806197 0.07719510715475021 0.04362920294689354 0.011882966536753203 0.039471803968960606 0.0787221999213053 0.07993719005080968 0.05146312661348133 0.0669530779613436 0.037741627958283626 0.052183600173742795 0.07280614334071045 0.09893270727713785 0.052217250837066784 0.06115460266828314 0.06531970623517777 0.09228804377541354 0.04476196530670733 0.07669016653072368 0.04897292235443475 0.012904614119348156 0.017472777410106038 0.07086717871166077 0.08252819415727755 0.08950937777640597 0.06287868380324169 0.07792971058926022 0.05089808741908576 0.05665932635072549 0.08641901781202743 0.07649701764538168 0.0716388538194965 0.06368284140210104 0.08885046886145259 0.05691628490672217 0.11382014090471806 0.05694070923332798 0.07354381280988657 0.04461089802446175 0.06752346829807074 0.016219969736976845 0.07832908535107268 0.06706954652932991 0.08431078429626516 0.08902806303710493 0.02747099436783306
 0.08472873349855646 10000.0 0.05220567492277313 0.039470151647711144 0.03117635790507818 0.050558795013255255 0.038396094612815804 0.056373863446883166 0.050652779200751334 0.04920998414824892 0.03569715867464795 0.06296243046678081 0.04272880944036294 0.03167249680495376 0.0635969997086899 0.021995426554359522 0.026622839420877623 0.040843609111804846 0.06465975160272266 0.05798525998775442 0.0016259919804340129 0.02691082994361894 0.026494294123422725 0.049299017630347136 0.05544963250527121 0.05750714901290567 0.06716414528722717 0.028418066365007492 0.05535590934223342 0.10241966204702024 0.03360900496270839 0.009794082366239337 0.04404653378964133 0.0728654111548509 0.08967213178956444 0.0771838087314643 0.08444453720988736 0.041033334566791105 0.02154653072486671 0.049470382754681595 0.06144786957093555 0.028236635872794083 0.016625350473592464 0.043393808175200034 0.08546170298128987 0.041940463678799965 0.010791795522163007 0.06322329500222008 0.0598877088909494 0.05909460639583924 0.09744735742037719 0.07824138752332946 0.04347494438357957 0.08627411543665621 0.029230127442523287 0.03381686389378623 0.025829567995967015 0.044146586421987224 0.08282667886031796 0.02932047522851969 0.010631538599958018 0.05552458118594878 0.06993010442819722 0.03777867122793384 0.03957092943581353 0.03582980784864163 0.03792101872972948 0.06462571029905333 0.059462491940961294 0.05200607475325974 0.0757529447528408 0.018466952576458043 0.046255457505133976 0.045258438128915626 0.030880070190861995 0.0700821565808728
 0.04037686789135815 0.05220567492277313 10000.0 0.04930689638099746 0.02246850484723776 0.059673854223374394 0.04454763250368887 0.061716624379459635 0.04436941712692583 0.02085485292247418 0.05186915467627072 0.022012425593157633 0.04206735474558227 0.039149120040778265 0.03953787827970435 0.030542541535031588 0.02779583274233187 0.030483449276129893 0.012602495710089133 0.048139734335660885 0.053600323807766484 0.04373247288059738 0.03939585393014932 0.005107195928156108 0.03911501482662014 0.02956075924124266 0.0224838243320501 0.026867047921554536 0.00762939140518242 0.05296586839502757 0.04447767439075698 0.04292459224585115 0.030394817134766546 0.03070626946362747 0.037984385208098013 0.04760619728809142 0.05189805477838531 0.012155791900088406 0.04203627767118551 0.00825462518238028 0.056108207701035716 0.033404586634519104 0.06325574124037955 0.011980236331124435 0.04147942420423151 0.054410292199287384 0.057001455403322285 0.05141900311654718 0.039466008280877006 0.014823631586506278 0.05286346792208754 0.028018244428116235 0.030675709737758114 0.05451996797350525 0.04987374950626222 0.023296495061971834 0.05695123783834751 0.010676003197306438 0.03739174671898671 0.04669193707919945 0.04737658672918092 0.0676181052440502 0.0330754950938978 0.048529879215311454 0.016849294406527177 0.07554678006461905 0.04282721716668846 0.03833636162676461 0.0482984258111135 0.028818562113500333 0.026479980942314706 0.05367074175998341 0.02719216190872128 0.04410634816790709 0.049191517508634916 0.01822897643981832
 0.08966577973985002 0.039470151647711144 0.04930689638099746 10000.0 0.04329142042899906 0.08306652020901427 0.004764370162128675 0.08797395446151672 0.07598523672966624 0.03154268100422384 0.005514162003151212 0.0698570988216208 0.06924130669828345 0.05903292610282999 0.08134210216169488 0.03260347326244816 0.02864960570976303 0.061061453549561946 0.057399601931377754 0.02096902609915715 0.0393706567369695 0.057865125506610104 0.015784103553739496 0.04424612210406707 0.023260843281242633 0.07202304114581716 0.07149046241503669 0.027731754376349383 0.046595436745207185 0.10081563625868802 0.006864678671093206 0.0334857933734386 0.0635026796031414 0.0794838805002253 0.07650962410752574 0.04518642906398664 0.052750044520245745 0.038659897076636855 0.052113375235941506 0.05295067539692487 0.08881826813831378 0.019682841012599442 0.0348615810009453 0.03746793498620085 0.06197175951724893 0.0746443437076142 0.03321399995897615 0.08760558451914889 0.028033476873571366 0.045101677665663295 0.10215867091689175 0.07636048934168517 0.01998431497682277 0.05381822847022121 0.010788821514922367 0.027772106294332476 0.06319063269570849 0.03878639469784139 0.06128254429733645 0.01015616822658554 0.04585301616921934 0.08970109741533529 0.04488456280335264 0.0017131286477593231 0.03290672656904796 0.03416565529024724 0.06608234118862182 0.034426007953899794 0.08370095384891174 0.027393849548456403 0.07538453426939139 0.055963799509404784 0.02449065887067198 0.009402879514344896 0.008883798935253892 0.06541179739631624
 0.05422063168633893 0.03117635790507818 0.02246850484723776 0.04329142042899906 10000.0 0.044030566607771646 0.03922040580526651 0.047771163486590947 0.03334800598712388 0.029537162796204205 0.04342955909603741 0.032385753716459895 0.027604814272801037 0.020019073716968323 0.038556802714166574 0.012565933793183796 0.014672791721232639 0.017922760559186193 0.03502807368162101 0.051750650036236044 0.03270772784854857 0.022841549222715907 0.02850527280399559 0.02115407576248645 0.04473608591160018 0.029991421938469293 0.036212228237170796 0.01561101775164955 0.0276803897103765 0.07127000014787169 0.03671419347626443 0.023001895544058647 0.0202211901918993 0.04250389637696117 0.060429900028388474 0.0611517032627592 0.06713249331242653 0.014539950085797192 0.019996322101586035 0.01837190401640908 0.046328538767842396 0.023622480862717548 0.044712083196751316 0.018155182341314028 0.06155191377403736 0.03687672952864825 0.03807124179190294 0.044444246162274964 0.047404987681540854 0.033465703885221035 0.06708521210854082 0.04709547432863432 0.03194559680842682 0.06951186960689316 0.03897017970095587 0.017475498555625385 0.035184028933279314 0.018111621141588263 0.05797689691934407 0.036411272387882894 0.025056546078738837 0.05167908256639823 0.04924565689695078 0.041900305898629066 0.017547521313761708 0.06032286816198873 0.02593339272510548 0.04932877895333025 0.04057702096197466 0.036318411233320046 0.04457691619996374 0.03131159116202773 0.03142989018154882 0.04248451997550054 0.039166109393169335 0.03943187757067828
 0.06524401837167923 0.050558795013255255 0.059673854223374394 0.08306652020901427 0.044030566607771646 10000.0 0.0799402393497775 0.006057778448235066 0.01748495262503853 0.07325122046983394 0.0813152504954753 0.05073427689134988 0.017615659646960852 0.024541761899556484 0.03441142605260439 0.05098623000812172 0.05620340169081878 0.029222582795121563 0.06937040563572179 0.09521243453472257 0.0518223094093008 0.025331654372092872 0.06729074318541202 0.06129492952280714 0.08867046005130924 0.037705017920932615 0.0560426354631111 0.05784129806035098 0.06703581934519694 0.0867107155762421 0.07621099247885214 0.05112866812983443 0.02944413236008219 0.05572418430982454 0.09185033284623328 0.10465334545501372 0.11015018402977467 0.05744685204383015 0.031236892247129 0.051667514335873715 0.016295018027315 0.06444073630624984 0.06668980284966616 0.06111136961249851 0.10107742082164335 0.008685610566627717 0.061344236802650165 0.02266513761964441 0.09143528315456538 0.07403148340949807 0.07464096448575482 0.0701815755983162 0.07567342318237873 0.11264384483610639 0.07533169233185072 0.0611079156039867 0.026662126236390905 0.06065843257896865 0.09685653787248973 0.07390983481475577 0.04028797279536765 0.007945420005639954 0.09161752252391135 0.0814290690306839 0.06146386688696495 0.0861857169378103 0.01809723721312382 0.0931806566917257 0.021217979476765497 0.0803197281644652 0.06675276830970106 0.03288472574370719 0.07544748358545689 0.08472083563241987 0.07635335991977607 0.0690427890461668
 0.08491111812982358 0.038396094612815804 0.04454763250368887 0.004764370162128675 0.03922040580526651 0.0799402393497775 10000.0 0.08469404219033039 0.07219491922072481 0.026930708002649285 0.008791599078902191 0.06517394669268659 0.065634130290795 0.05568416801688209 0.07700002458585858 0.02909803721024186 0.02469648783250509 0.05708741318352172 0.05268448611560585 0.020012604704590813 0.03849137040754837 0.054914615157164004 0.012941385991518327 0.039484043612342576 0.020419547516034683 0.06758991831267777 0.06675457608438608 0.023609689736906646 0.04186023322965115 0.09609424352759491 0.0048469950872465735 0.03147919791714012 0.05943833368939535 0.07476541776944755 0.07212777135466143 0.042837387431378396 0.05042445643847955 0.03398171644485621 0.04928168890108662 0.04827953872237476 0.08509082636271535 0.015802077184632928 0.035872198223194283 0.032724056862517455 0.058365438594532755 0.07162756591625113 0.033349832234322474 0.08363978743086845 0.025278068598859095 0.040514015740876874 0.09739630797772815 0.07161034380871478 0.015404166123389991 0.05168687040310149 0.011739010636446391 0.023238161508526346 0.06108587084782383 0.034041872453280206 0.057448412550623745 0.009779533753858692 0.043826914605613734 0.08675788696229499 0.04124891569982397 0.0043182284674814515 0.028196795872909085 0.037479808955270484 0.06267650769497372 0.031455461496698964 0.07975345401630962 0.02324884061090185 0.0706226765579527 0.05400177718912187 0.019950911030716653 0.007251723126691676 0.009829032490257602 0.06067653669481526
 0.06338832148041976 0.056373863446883166 0.061716624379459635 0.08797395446151672 0.047771163486590947 0.006057778448235066 0.08469404219033039 10000.0 0.0177350547901871 0.07652516873204578 0.0864338841271364 0.05066557621675566 0.020368592471473573 0.029018553481376923 0.03260589201240737 0.05562130107456264 0.06060641354087682 0.03170824747833057 0.07065598147967611 0.099358054231852 0.05766792273077399 0.030625821793005412 0.07219130929776747 0.0637723435064006 0.0925058965465615 0.03744449641019272 0.055828018337059054 0.06215700498594408 0.06922648484159083 0.08483803524204904 0.08110950883311571 0.056537893054988235 0.03133486138484736 0.05461513106633226 0.09218904660464922 0.10765896333546887 0.11289296165497338 0.06058990571863652 0.03656325899599099 0.05354791106477521 0.012058255962439063 0.0690559044303574 0.07259986343532632 0.06420471921567207 0.10282613697477301 0.014439131502863722 0.06716549575185221 0.019234799815000255 0.09505941276927451 0.07633240287443818 0.07202929324419313 0.0697917552364811 0.07966006236344357 0.11542984344892082 0.0805511630569519 0.0651054767461961 0.03271729202959476 0.0636494350287093 0.09849912988253832 0.07901079543599707 0.046004680275602984 0.008367748707524221 0.09421045153120987 0.08635895659569996 0.06495313246494137 0.09207750569845438 0.02213366598875177 0.09647036555470732 0.018777736010912614 0.08383166150770427 0.06635823364970013 0.03886957291805234 0.07915935779041293 0.08921758676990126 0.0815052721556827 0.06962299137327986
 0.048351271989190196 0.050652779200751334 0.04436941712692583 0.07598523672966624 0.03334800598712388 0.01748495262503853 0.07219491922072481 0.0177350547901871 10000.0 0.06050946313795138 0.0753407293834147 0.033298805938762346 0.007929042045449539 0.019073119259092546 0.018046752511310868 0.04348945059844002 0.047511673949772314 0.015651231739060422 0.052942349345783776 0.0848871899070854 0.05218660188093521 0.024029508837575604 0.0604955162172378 0.046805034722187264 0.07738823918335716 0.020221250801125558 0.038580628817804434 0.048749042035096855 0.051954033211310445 0.06973126293586766 0.06920763342578141 0.04783768802591104 0.014371657085514569 0.038381490486104376 0.07462407675862096 0.09106492089409055 0.09597695984036367 0.04456701250650884 0.02910678292565518 0.036135503599462944 0.01298154347831165 0.056402557493200896 0.06725109667859469 0.048045008530337246 0.08521533025502344 0.017225725543442174 0.06102054776585611 0.01259280510405536 0.07949965481084408 0.05911815964032864 0.05852904977739405 0.05270360731797284 0.0650226163538483 0.09855367079880224 0.07003903320380472 0.05075329928675613 0.033304727561084796 0.04734000348778452 0.08085336923625164 0.06798729977676733 0.040109577546394465 0.024888206545430964 0.07719613274399618 0.07448373305812406 0.04947817605880678 0.08602858289844678 0.012921337368359657 0.08032843784949173 0.008815536083956238 0.06815716017379833 0.04927328772191382 0.036669379674331995 0.06392202817654136 0.07581372213354617 0.07065693119133075 0.05195313218295561
 0.06020270603013701 0.04920998414824892 0.02085485292247418 0.03154268100422384 0.029537162796204205 0.07325122046983394 0.026930708002649285 0.07652516873204578 0.06050946313795138 10000.0 0.03539343363419989 0.04286653962585739 0.05615689993223681 0.04955426165717138 0.059276310575199324 0.028694413234228718 0.022983458176085762 0.04504941411488286 0.02617784098772124 0.027285381004550358 0.05016284679034471 0.05197026246975665 0.027169667455373508 0.016047138806164252 0.018322383340348355 0.049232098226706614 0.043051366779885476 0.021029742189612278 0.0158433184335895 0.06951439552935142 0.028540312127016805 0.03949854851040052 0.04617326117436236 0.05133426044531886 0.045623348161496304 0.03162019419677377 0.03779406861190726 0.015971678910867766 0.048072323740723615 0.027435925532032703 0.07317273068864033 0.022325476388016963 0.05503349566817777 0.012471893076231108 0.03632994210038192 0.066377092693557 0.04995357447249768 0.06959413963315321 0.019284479015503397 0.013590865434756669 0.07215938181829935 0.045491206049784634 0.011561154475820025 0.04009711184449825 0.03550707237559954 0.01564081015194628 0.06302178847081552 0.013276032359204616 0.03402410521536392 0.032320717471197406 0.04871994990600776 0.0810209485067755 0.020981987559766383 0.031233269381827345 0.012053273889680827 0.0626156490077263 0.055219585844439506 0.01994812978721687 0.06609056207570582 0.008095235836029568 0.04493616326410941 0.05764657827094349 0.007154185629649078 0.02454239931707116 0.034223699648691965 0.03435933474287365
 0.09203354042941031 0.03569715867464795 0.05186915467627072 0.005514162003151212 0.04342955909603741 0.0813152504954753 0.008791599078902191 0.0864338841271364 0.0753407293834147 0.03539343363419989 10000.0 0.071679626736814 0.06830086153319105 0.057731736702105976 0.08189287174921064 0.031886920139966364 0.02881794354643743 0.06084730271700039 0.06075333671854353 0.026424959673452715 0.035427713989634124 0.055991699450759706 0.014962008734410566 0.046903731595818794 0.02864094189752137 0.0728651279617222 0.0736773568535894 0.0282633593575359 0.049845346191555145 0.10407086047921488 0.007400583761623824 0.030750457052696807 0.06346268017509019 0.08150724216968709 0.08080053440314629 0.05068337740999902 0.05825147087052092 0.040631911320309 0.050125296163665345 0.05477914401012282 0.08801431125487215 0.020085447597798407 0.029700787450680104 0.03989972854096477 0.06707353830596038 0.07276995938812776 0.028565316783111812 0.0872620505821365 0.033446735216322555 0.0489778408833695 0.10467506918151756 0.0793964874142478 0.023989544106372714 0.05933077227086683 0.006471125012611942 0.02933643486787928 0.060245671367292856 0.041213314152691784 0.06622174566733212 0.007428517194545081 0.04295390764909185 0.08767248309035906 0.04996044870329444 0.004680280424221263 0.03512448676549364 0.02884239128474939 0.06482717810121 0.03979191971100939 0.08333239202199742 0.03203820415448671 0.0782236633716579 0.052908567941221125 0.028555406019394457 0.014822457287018918 0.00501741337024853 0.06861032612045077
 0.02184383788580186 0.06296243046678081 0.022012425593157633 0.0698570988216208 0.032385753716459895 0.05073427689134988 0.06517394669268659 0.05066557621675566 0.033298805938762346 0.04286653962585739 0.071679626736814 10000.0 0.03513251614685185 0.03850687564021271 0.020981097060133413 0.044471270648222996 0.04429961410360965 0.026423289027439914 0.023519824685975497 0.07015183728521758 0.0645531391835629 0.04474193908797416 0.05780422773977226 0.026918910118830908 0.06111555396365826 0.01322930533911192 0.005398576173986509 0.044156566808806474 0.028299438056142087 0.04035755436736237 0.06433037338162917 0.055351617240491716 0.02408056566868491 0.010165196738838301 0.04161483982040682 0.06752291244472777 0.07063105326255174 0.03119720197949324 0.045987854515932465 0.016918630463236425 0.04176525819603187 0.051959522867081845 0.07709551717251574 0.032727946941656066 0.055729668190613924 0.048510843712625026 0.07044721466355118 0.03536987069855539 0.06128725122584148 0.034717040755869975 0.03469957285740891 0.019568485158630546 0.05227690232006812 0.07330443700167068 0.06863008718885148 0.042344007642841235 0.058216175147330025 0.03144531213833491 0.051117398643742686 0.06563452554494446 0.05502424723790845 0.058172285699951136 0.05232647055633704 0.06887465413477727 0.036996560821977525 0.0922432810206364 0.03841147866310607 0.05959074013040169 0.03336320623428937 0.05081688342898262 0.016182083308279745 0.05769974611005739 0.04906548060752793 0.06557883157199967 0.06831250789015722 0.019710363830770822
 0.05271633769130881 0.04272880944036294 0.04206735474558227 0.06924130669828345 0.027604814272801037 0.017615659646960852 0.065634130290795 0.020368592471473573 0.007929042045449539 0.05615689993223681 0.06830086153319105 0.03513251614685185 10000.0 0.011227036249879736 0.02400560192501375 0.036638317059813706 0.041102081289581 0.011607847774510087 0.05202723839621063 0.07934381555975414 0.04425989614709438 0.01613795842217471 0.05359168733504553 0.04371399888440995 0.07227225447924872 0.02311228566612315 0.040531086955262134 0.04250127746306045 0.04942041060142503 0.07373637622546841 0.062410696344490216 0.04014478943780843 0.012056725870003377 0.041876970334936446 0.07520560526252361 0.08734456412143699 0.09268991317985797 0.04022786067600973 0.02118511987130997 0.0341052845502778 0.019754136101497805 0.04984386970463179 0.05933288245593199 0.04385185290584297 0.08349933187835086 0.01341677830827796 0.05312575407388614 0.020497844056052917 0.07473384982915592 0.056425152587646014 0.063729273369603 0.054676071538928034 0.05955038443592469 0.0952056316970494 0.06281955123690162 0.04505428753944974 0.02633713722058 0.04332006791895904 0.07930803692071654 0.06090191376360923 0.03218056660395846 0.025560866870361996 0.07408814553235372 0.06769481066973959 0.04461196289411826 0.07816129655831844 0.005126775576483083 0.07610277520214236 0.016744489056679426 0.06348320113408407 0.051309395900935646 0.029048068943711283 0.058879861290950415 0.06966520828121946 0.06353082430324893 0.05228498819370475
 0.05855408128570569 0.03167249680495376 0.039149120040778265 0.05903292610282999 0.020019073716968323 0.024541761899556484 0.05568416801688209 0.029018553481376923 0.019073119259092546 0.04955426165717138 0.057731736702105976 0.03850687564021271 0.011227036249879736 10000.0 0.03287496563824426 0.02660288874833544 0.03167581831946693 0.012149498054317124 0.05066935119701876 0.0706780376036002 0.03323085637680986 0.006414717856315831 0.04326757434846984 0.03949805506742425 0.06427335707813313 0.02895163881385805 0.04370226385191116 0.0333000665323438 0.04578895480073484 0.07866910853135017 0.05217004329287919 0.02896572576768628 0.014929576587144111 0.046968953698531116 0.07533752459118669 0.08116292802277977 0.08706636057262561 0.03421983235081296 0.010184081201270935 0.03218697250049097 0.030771405253261278 0.04003978198162878 0.04822868496978661 0.03790305374758337 0.0802239265189897 0.016909706690686168 0.04195548330760869 0.031665423502928 0.06720630323935885 0.05230506140021873 0.07046121756365123 0.05725991451436834 0.05120440386506992 0.08947173404837877 0.05205916239120061 0.03666034730550511 0.0197159990700918 0.03767014301043534 0.07634160970536667 0.05030566528318617 0.021248550496724063 0.031918021933391105 0.06895956255908438 0.05743670117415654 0.03756048757847611 0.06695628278681871 0.007098937160372942 0.06933202249884292 0.027847147120997857 0.05624933950118026 0.05409722113736392 0.019967376055553637 0.051182832672169304 0.060243299544769736 0.05287605857063422 0.052689961231769576
 0.030869951381971086 0.0635969997086899 0.03953787827970435 0.08134210216169488 0.038556802714166574 0.03441142605260439 0.07700002458585858 0.03260589201240737 0.018046752511310868 0.059276310575199324 0.08189287174921064 0.020981097060133413 0.02400560192501375 0.03287496563824426 10000.0 0.05082953231964182 0.05307606883779539 0.022878729473090484 0.04415338369867427 0.08594616663487666 0.06521128570018123 0.03901640748615983 0.06702691014979577 0.04355225304327271 0.07743469198639805 0.010051271427368114 0.025265341569811355 0.053708830305688626 0.046879127148561885 0.05234539898975413 0.07498780279917372 0.05856010642048223 0.01972187483242089 0.022300936927708733 0.06185094113267975 0.0869434296061997 0.09066515667535985 0.044637382439807374 0.04280565337574787 0.031924501188346464 0.021956238599058257 0.06188725918747016 0.07967864147285943 0.04737736739044341 0.0766293979378163 0.03527246048320273 0.0731051135166381 0.014887450628152854 0.0784865982797327 0.05387119173428057 0.04051509681039325 0.03831586716308586 0.0666304374212529 0.09332852661609259 0.07752371702518655 0.053909824516216516 0.0503335925280242 0.04630616541698682 0.07203464797772417 0.07495695575429069 0.05367757549575022 0.040798901811618646 0.07202360863187555 0.08005813286135889 0.05042630293490586 0.09731686970332393 0.028931328667807843 0.07783460836673188 0.013897245267730141 0.06736132452004659 0.03495078453443842 0.05250788997958929 0.06435521621917503 0.07907687143241614 0.07771324818412746 0.040649924753157776
 0.06619558291424797 0.021995426554359522 0.030542541535031588 0.03260347326244816 0.012565933793183796 0.05098623000812172 0.02909803721024186 0.05562130107456264 0.04348945059844002 0.028694413234228718 0.031886920139966364 0.044471270648222996 0.036638317059813706 0.02660288874833544 0.05082953231964182 10000.0 0.006029145980594392 0.029048609956176467 0.04282887293984404 0.04480508406370629 0.023281616579073534 0.02640415094906427 0.017006197627176062 0.0273529605062366 0.039462050088833384 0.042518065007237385 0.04789099766871877 0.008028849844419272 0.03336068649760817 0.08223557184478338 0.02577446995708252 0.01242750111321013 0.031785987981267014 0.054634877636536364 0.06770154421468311 0.05907392038606876 0.06585391599847845 0.01905804557722931 0.021238554717170937 0.029040134749755475 0.05625124112585216 0.013455218143681846 0.033143318081875026 0.021430634266979314 0.06431390685794076 0.04283929391690401 0.02667926737807177 0.05538014372137102 0.04310937967851632 0.03728864425352966 0.07909706628973873 0.05755113261069278 0.02628246232203225 0.06796849123922008 0.026891013234097903 0.013123968427226285 0.03519621780110466 0.022155032368368428 0.0613968864006098 0.024599327591984153 0.020026733969705193 0.058019290231745575 0.04967328551421881 0.03105858606606513 0.01788957774251841 0.04786361998011374 0.033578669737103425 0.04656779548032544 0.051448625446066015 0.03326706368838325 0.055362074739883034 0.029226083144110005 0.027576865276277156 0.03376275998625216 0.027314089597359086 0.0486702698648262
 0.0656359280454876 0.026622839420877623 0.02779583274233187 0.02864960570976303 0.014672791721232639 0.05620340169081878 0.02469648783250509 0.06060641354087682 0.047511673949772314 0.022983458176085762 0.02881794354643743 0.04429961410360965 0.041102081289581 0.03167581831946693 0.05307606883779539 0.006029145980594392 10000.0 0.03242093938447423 0.03952183128871768 0.039157824741729276 0.02773398472580327 0.03206822239167839 0.013996586327440459 0.023911384132135928 0.03351637923741927 0.04414582604620643 0.04714439047015406 0.0020131107446495784 0.029406920402034804 0.08047105475075132 0.02204155511558274 0.016828766176016672 0.03485892513050465 0.054408946748034606 0.06380838628065982 0.05306484664625279 0.05988244298263661 0.015703055459637363 0.027105385269475698 0.027922272532410853 0.06043043180426872 0.008966780122384884 0.03555909690375717 0.017274095578673432 0.05896468125584334 0.048243853658561965 0.02948861130401525 0.05897281084049937 0.03710019137996673 0.03254684383702997 0.07851632373682586 0.055568179845445105 0.02031321453986143 0.06197752981447764 0.02471034353702901 0.007345720262416778 0.041221001732207836 0.018228915593618427 0.05622817805915158 0.021962898434209177 0.025879227040941376 0.06341304778075113 0.043950269524721565 0.02723725536592941 0.013036491750737305 0.04828486948890652 0.0384752673440821 0.040546575993119234 0.05507671518823936 0.02725814177022882 0.05366418925232873 0.03523211935527893 0.021553559027872485 0.028622342516599095 0.024717011519082066 0.04601035157644945
 0.04647614552763105 0.040843609111804846 0.030483449276129893 0.061061453549561946 0.017922760559186193 0.029222582795121563 0.05708741318352172 0.03170824747833057 0.015651231739060422 0.04504941411488286 0.06084730271700039 0.026423289027439914 0.011607847774510087 0.012149498054317124 0.022878729473090484 0.029048609956176467 0.03242093938447423 10000.0 0.04077763739320749 0.0692486670487349 0.042465244757243455 0.018503735096307216 0.045891339084029543 0.03213283176736204 0.061746193497691386 0.0171694619457375 0.031677647954116386 0.03349969364740748 0.03781332758919195 0.06652105700621744 0.05438515772238545 0.035735869702842524 0.0032041602573406394 0.034836998463480415 0.06460112699627538 0.0759736491191413 0.08119176294867445 0.029078069931854356 0.020812869616616044 0.02260777898532023 0.028590199291624405 0.041383139237439186 0.056809619285364835 0.03262923638151838 0.07194379680928888 0.024200741692958782 0.050227721353992866 0.026553741959160337 0.06392112441959014 0.04482053446343062 0.058533404770402774 0.04543336353142433 0.049384057840543984 0.0837240011704892 0.05593210344491583 0.03518604262130157 0.03181290031820139 0.03200930269945565 0.06778656808974652 0.05362680665576845 0.03123946664190466 0.03716727419015689 0.06254088986863239 0.05962266832907159 0.033851177899212104 0.07451196064700787 0.012848327822520867 0.06494814415584614 0.02266758012828983 0.05259457302448909 0.04220373616646805 0.031866824256895805 0.04828254732074082 0.060381803074996285 0.056352656760120134 0.041716967556392814
 0.03530194828561841 0.06465975160272266 0.012602495710089133 0.057399601931377754 0.03502807368162101 0.06937040563572179 0.05268448611560585 0.07065598147967611 0.052942349345783776 0.02617784098772124 0.06075333671854353 0.023519824685975497 0.05202723839621063 0.05066935119701876 0.04415338369867427 0.04282887293984404 0.03952183128871768 0.04077763739320749 10000.0 0.051781387894101416 0.06602486721851135 0.05566886822689226 0.04977746015380523 0.015613932614790056 0.04253207605334551 0.03504947669165912 0.02099371090446329 0.038334757313842095 0.01093753655474825 0.043418956881949466 0.05352947977996227 0.05525362756761861 0.03998940265563192 0.02871481712053836 0.025401884996942358 0.04466618855206138 0.04726155323412211 0.023902505627236482 0.054366573719120646 0.01848699353232839 0.06348847372092038 0.043918048332315544 0.07507427791704739 0.02247746780441351 0.032646859917354866 0.06497819151922092 0.06898052078844072 0.057814258142909775 0.041413988424903375 0.013745227792616744 0.04652888683249557 0.019413932872207502 0.037587576690473315 0.049933497207081345 0.05971465707199638 0.03403308676702389 0.06909484970455415 0.02137907576035581 0.02813406761364566 0.05647631973026493 0.05997716443522908 0.0772425609978674 0.02937922402696211 0.05690951373130599 0.02729013290991119 0.08619563416402184 0.05354578984297578 0.038319736799989845 0.05523868257025384 0.032759880455996496 0.019297658153535038 0.06611098005613643 0.03332086974326667 0.0507189647204266 0.05876833773224395 0.008238992626363344
 0.0868276414518977 0.05798525998775442 0.048139734335660885 0.02096902609915715 0.051750650036236044 0.09521243453472257 0.020012604704590813 0.099358054231852 0.0848871899070854 0.027285381004550358 0.026424959673452715 0.07015183728521758 0.07934381555975414 0.0706780376036002 0.08594616663487666 0.04480508406370629 0.039157824741729276 0.0692486670487349 0.051781387894101416 10000.0 0.05820924235946783 0.07118541960660511 0.03161953778030431 0.04329599339391213 0.009258216398740714 0.07596993372766515 0.07019819038474777 0.03742127784600915 0.04259424950639995 0.09369664253802243 0.024837366201581227 0.050238687780670276 0.07097982568464088 0.07848465882910836 0.06489735025481441 0.025378240669913975 0.032722495481116165 0.04139650334825393 0.06600816563684413 0.05444930906996524 0.09783860898488987 0.031860955312527646 0.05564693182364996 0.038574327551079264 0.04572678500595207 0.08737801355932633 0.05336130842065765 0.09512625872436715 0.011432877398443526 0.03804670628924622 0.09831026174598251 0.07108940118672101 0.0198648186160617 0.03345442018079411 0.0313768568335254 0.034290193614938645 0.0791608049971626 0.03967569675773382 0.04625562274227348 0.0297726014240294 0.062285698226323426 0.10253067697068385 0.02980374389474001 0.02224515245478417 0.03580943326951607 0.05407135907072207 0.07727644851037647 0.017401939828045068 0.09142674110907499 0.01942586200769164 0.07105772361910102 0.07240565664669792 0.02159104066909569 0.012822799972115915 0.029417876495533027 0.059968078326748935
 0.08632714912720041 0.0016259919804340129 0.053600323807766484 0.0393706567369695 0.03270772784854857 0.0518223094093008 0.03849137040754837 0.05766792273077399 0.05218660188093521 0.05016284679034471 0.035427713989634124 0.0645531391835629 0.04425989614709438 0.03323085637680986 0.06521128570018123 0.023281616579073534 0.02773398472580327 0.042465244757243455 0.06602486721851135 0.05820924235946783 10000.0 0.028387738312080787 0.026859931352530887 0.050621248929203055 0.055923162119450996 0.05913304990455427 0.06873532236705826 0.02948840077285379 0.05663218381281883 0.10396588775306738 0.03367486444135269 0.010944816811138463 0.04566839922920694 0.07446641139383454 0.09098216116922123 0.07779115239513751 0.08509139674023843 0.042337801534864 0.02308668783555874 0.05097529651684649 0.06289974834815606 0.028919142632597462 0.015147515666560906 0.04463051165671591 0.08645485744136758 0.043229268004191704 0.009551611765389764 0.06474935096243946 0.060412656906044845 0.06025600720032946 0.09905236577028857 0.07975022705461764 0.04412669586798218 0.08688658280864807 0.028980210463729696 0.03486318045612037 0.02678553378466348 0.04540847825815728 0.08387731621312179 0.029249917428059675 0.012111111965616898 0.05666026519124493 0.07080240915799013 0.037692098611758935 0.04072747914773583 0.03445561208124496 0.039427414325272095 0.0652580070899485 0.060998991114827754 0.05275164617386336 0.07727960678156225 0.0194872414897215 0.047022946524371015 0.04543949321119553 0.03068457374146875 0.0715217106771619
 0.06495335254707775 0.02691082994361894 0.04373247288059738 0.057865125506610104 0.022841549222715907 0.025331654372092872 0.054914615157164004 0.030625821793005412 0.024029508837575604 0.05197026246975665 0.055991699450759706 0.04474193908797416 0.01613795842217471 0.006414717856315831 0.03901640748615983 0.02640415094906427 0.03206822239167839 0.018503735096307216 0.05566886822689226 0.07118541960660511 0.028387738312080787 10000.0 0.042128598985540174 0.043494173373132494 0.0654351234154419 0.03536542673028158 0.049879906494740084 0.033892790436524246 0.049939310886955045 0.08498364946241134 0.05102953806744968 0.025919513916200506 0.021338354854496994 0.05334064654780019 0.08065244908984015 0.08352340028239405 0.0897421160433421 0.037380646520320505 0.0059377101383492415 0.03730258171120701 0.03455702385934712 0.039717551159540926 0.04352999255787328 0.04099175290603817 0.08419729018888208 0.016792205657556004 0.03753460021158505 0.036490039043036014 0.06872085953678615 0.05612295788379703 0.07687587957465139 0.06327209781211778 0.052231382504836506 0.09206620153736463 0.050002140998559375 0.03795878438298748 0.013687617706756165 0.040944534101982434 0.08048048985796409 0.048593873014510645 0.01628108353663144 0.03185114163354971 0.07205626107326732 0.056210526976050765 0.03992436518152489 0.06265155994539662 0.01112591175681274 0.0713864478068493 0.032827799508262694 0.05811314152724087 0.06016106295883417 0.013588938926713161 0.052762124641129615 0.060070239829772235 0.05102423037843617 0.0582212127175947
 0.07875465497758573 0.026494294123422725 0.03939585393014932 0.015784103553739496 0.02850527280399559 0.06729074318541202 0.012941385991518327 0.07219130929776747 0.0604955162172378 0.027169667455373508 0.014962008734410566 0.05780422773977226 0.05359168733504553 0.04326757434846984 0.06702691014979577 0.017006197627176062 0.013996586327440459 0.045891339084029543 0.04977746015380523 0.03161953778030431 0.026859931352530887 0.042128598985540174 10000.0 0.0347656341315752 0.029135813275889044 0.05814230805176491 0.060261004255556506 0.013717168891315029 0.03893824568926781 0.0923229449875428 0.008921909305119765 0.01872631395899292 0.04850092628933989 0.06781532664327507 0.07222497723634905 0.0513092390049187 0.058740108503468114 0.027465826536731144 0.036427178847599724 0.041079239151861 0.07324511544925741 0.005996862353917821 0.028155033814033795 0.02759764663430211 0.06271377587585905 0.05889182975240828 0.023802763241695727 0.07233464748966775 0.033727259616825246 0.039879953679113574 0.09155848180557645 0.06739409385179002 0.01826225250486309 0.060397679644151214 0.010831590033633732 0.0161014481197487 0.048191406725478475 0.028839902252505937 0.06088125269762536 0.007969029893902737 0.030992177750614115 0.07397805650173746 0.046081527343547035 0.014170932197939188 0.022669062312244737 0.03641865254608803 0.050329735217235015 0.03893802535805715 0.06840888472285377 0.027338659267488765 0.06584402970345607 0.04117056796632254 0.022031123646896154 0.019101503943778398 0.010721089039825285 0.05710748564736557
 0.045466707154458726 0.049299017630347136 0.005107195928156108 0.04424612210406707 0.02115407576248645 0.06129492952280714 0.039484043612342576 0.0637723435064006 0.046805034722187264 0.016047138806164252 0.046903731595818794 0.026918910118830908 0.04371399888440995 0.03949805506742425 0.04355225304327271 0.0273529605062366 0.023911384132135928 0.03213283176736204 0.015613932614790056 0.04329599339391213 0.050621248929203055 0.043494173373132494 0.0347656341315752 10000.0 0.03436801984464203 0.033506441560917755 0.027580960136259464 0.022765398037075835 0.0065267100047273745 0.05757423501595097 0.03952476004238102 0.03977472268734776 0.032528099407790945 0.03578751301504737 0.04037715985525252 0.04436779830532454 0.04918151502712202 0.008318119858669914 0.04113310308460783 0.011638988141952297 0.058973172962951355 0.02880353633411087 0.05946866801366573 0.007169571335318644 0.04075316029163092 0.055460343486708065 0.05336740585363665 0.054722351441855346 0.03500598976154571 0.012844003828630437 0.05791258452049414 0.0326794358463485 0.025578942607049668 0.05175092060310603 0.04510147313215775 0.018738812776126077 0.05628053739207839 0.005935723125144683 0.03698632968012918 0.04189795095419458 0.04536225391214469 0.06922690343429491 0.030442244589898 0.043494612398536796 0.012099596593912071 0.07107667114198367 0.04389092478258808 0.0343809257657679 0.05142580580491038 0.024104727117233046 0.03133529148207212 0.05240563742501582 0.022165742122333954 0.03900386645671754 0.04435236108370207 0.022389306979357582
 0.07757228942450846 0.05544963250527121 0.03911501482662014 0.023260843281242633 0.04473608591160018 0.08867046005130924 0.020419547516034683 0.0925058965465615 0.07738823918335716 0.018322383340348355 0.02864094189752137 0.06111555396365826 0.07227225447924872 0.06427335707813313 0.07743469198639805 0.039462050088833384 0.03351637923741927 0.061746193497691386 0.04253207605334551 0.009258216398740714 0.055923162119450996 0.0654351234154419 0.029135813275889044 0.03436801984464203 10000.0 0.0674119134659555 0.06102660861187298 0.031607972785983526 0.03338044848141861 0.08464819973939851 0.024642898837624248 0.04681318225964746 0.06325750512695316 0.06930968123310093 0.056558003181479244 0.022543580831670983 0.03011199007506748 0.033203942545193446 0.060617280040150996 0.04570799417296229 0.0902606983326642 0.027663058683104064 0.055821482641922486 0.030129540628142697 0.03918457291155645 0.08114418658492323 0.052503550931788996 0.08717509134643552 0.004860777948166087 0.028804946785232426 0.08906031758059511 0.061859629405685575 0.013213786882781315 0.031530665622663066 0.032082441358706526 0.02762191424839143 0.0745411128536868 0.031147146822009926 0.03903646358645074 0.029712343509540908 0.05826718973823347 0.0961861675217627 0.022383210941784082 0.023986884030984704 0.027926370492918347 0.057426407198659976 0.07060046530408509 0.011165922378840027 0.08355370258573916 0.010298737426202312 0.06180278019324796 0.06816583750706584 0.013467946330377933 0.013859126890036986 0.030213800302305957 0.05072725731192021
 0.029843285203457717 0.05750714901290567 0.02956075924124266 0.07202304114581716 0.029991421938469293 0.037705017920932615 0.06758991831267777 0.03744449641019272 0.020221250801125558 0.049232098226706614 0.0728651279617222 0.01322930533911192 0.02311228566612315 0.02895163881385805 0.010051271427368114 0.042518065007237385 0.04414582604620643 0.0171694619457375 0.03504947669165912 0.07596993372766515 0.05913304990455427 0.03536542673028158 0.05814230805176491 0.033506441560917755 0.0674119134659555 10000.0 0.018404002269496435 0.04460204254767985 0.03697752146089557 0.05064776981082022 0.06581747284518544 0.05141485369342092 0.014097945008422015 0.01876518494626193 0.05482660255347695 0.07707454562016794 0.08097574257815449 0.034748147398330195 0.03798103991273977 0.021874923903083803 0.028743376994117845 0.05278538682881931 0.07300267318461424 0.037395871397318786 0.06769035112685698 0.03618930327251312 0.06634149712856201 0.022768265704460736 0.06843583385663798 0.04403473255159826 0.0415147171211443 0.03248694066617782 0.05676218205525036 0.08363075937811952 0.06880385815516894 0.04438826957012129 0.04811632772796322 0.03630481235196947 0.06315232969123989 0.06610831871141029 0.04826369854031435 0.045025783967636776 0.06225734026631562 0.07079802761838085 0.0405863077341369 0.0898719246917108 0.02712680370669738 0.06781457391080911 0.020370150955664596 0.057319784045338384 0.029055033546806976 0.04889097701580638 0.05438360353994589 0.0693723788875752 0.06886280639694434 0.03259352853521543
