NAME :TPP_input_16_3_2
NUM_VERTICES
46
NUM_CLUSTERS
16
Full Matrix
 10000.0 0.0496147987672538 0.07025870676694064 0.044408664261435166 0.047802011782533106 0.04755596121133327 0.01807389992828625 0.05910033744708826 0.026094325488967916 0.06545655197516823 0.06762213999643588 0.02827750326174239 0.044776886667240556 0.033116162553535326 0.052846099264061024 0.011248645813812881 0.015794519269593396 0.029030824073570858 0.06151182597711847 0.015689361653574405 0.06736884542165239 0.03183708028405835 0.03366228908380533 0.02399387022612834 0.05885040483735983 0.0814474612537118 0.006912584090331829 0.037563327787429844 0.01765652469196013 0.04479509166261208 0.008217133820105008 0.06756969302616246 0.018592646197101204 0.013734136955883505 0.014748608603341063 0.056146141891753265 0.0406831276000413 0.0031732970991229523 0.06940088343133488 0.056182035793492 0.02348539761290313 0.07132914367807588 0.012784979629525371 0.044555973809875575 0.03256043996779803 0.025631444216845545
 0.0496147987672538 10000.0 0.053865217243728156 0.023961358595010345 0.07944767680853118 0.08070245401519777 0.05721912649511812 0.07540797236841446 0.07520336090783776 0.028794701398457447 0.07199786057775999 0.04939379701297294 0.04273971919956661 0.07816411046740125 0.02796914901302702 0.05047145416246141 0.05305432295574911 0.02144943221020024 0.09630179324482031 0.05605897050320128 0.0883548402168078 0.08126642948311358 0.037708661882066466 0.07184959282134973 0.07312215602800992 0.0778661952423836 0.04347144686441082 0.08253189807428851 0.03703167407884823 0.09221525861147516 0.04289623275586788 0.08748716403535875 0.05800249591595203 0.036616714569229464 0.0643519445734153 0.05663523549574561 0.06137730018031949 0.05252047509921288 0.07694606099398797 0.025488068910104824 0.0654823197106495 0.05052227077177029 0.06191075758701193 0.00590149943228862 0.017489397459116526 0.06220415823810886
 0.07025870676694064 0.053865217243728156 10000.0 0.03289525615196215 0.061685932661032825 0.06408627444729001 0.06195341013553389 0.04294560523384343 0.08507054377984487 0.030292745874871487 0.028961096392672612 0.04562955123172697 0.025739288398162696 0.10297767198784018 0.02609729786522436 0.07894749317913319 0.059900159271019084 0.05184051640313173 0.07583633714563161 0.06294278270754361 0.0550423047843986 0.09632780409382041 0.036598124951878044 0.07931446279332943 0.03978618924850156 0.026328746668285406 0.06402950097239088 0.0809335599900306 0.053202221938204425 0.09279860809404182 0.06961503294643685 0.05338566634367887 0.06234758960176069 0.06586065293492034 0.08099497317173136 0.021282483605076275 0.04381471998683773 0.07118490634525441 0.03473509900956695 0.028607357225020336 0.06738556677747759 0.005960903880812681 0.08138051554963745 0.05082186514413229 0.058276725734544864 0.06040783098897536
 0.044408664261435166 0.023961358595010345 0.03289525615196215 10000.0 0.0595837859855311 0.06124336660320589 0.04397602068045356 0.052195646304336415 0.0659816504674253 0.021468458093854087 0.04804313796162246 0.03112643151090715 0.019074837677040834 0.07722354823239543 0.00872504211165281 0.05048246205684147 0.04034094922533633 0.01969691302455227 0.0764280610205012 0.04374333219985635 0.06539499576720964 0.07501252343288999 0.017494859794226558 0.06123706273269139 0.04972232335758665 0.05470715105309808 0.03751097128036064 0.06853322541239114 0.027035537848612807 0.0796073901241658 0.04108224708448265 0.06438738839292929 0.044662689940965596 0.03601800036570549 0.058001625822328096 0.03267388311417667 0.04020025550158969 0.046375853367994734 0.05299321446790088 0.011886700425352335 0.05177240573722546 0.03126360548094759 0.05700949157737491 0.0193689364474097 0.025408838090224137 0.046562242197266006
 0.047802011782533106 0.07944767680853118 0.061685932661032825 0.0595837859855311 10000.0 0.002524235307381761 0.029783959749401786 0.023129552217968936 0.03999255977473801 0.07755252696661707 0.039750271113368256 0.030093946920073715 0.04334601115773556 0.06673953508494664 0.06331640257317671 0.05864325035069313 0.03285159760582942 0.0601421281560807 0.016913654224046972 0.032145715070405034 0.023057821113364595 0.05196147054445359 0.0424454650145952 0.034764176245957755 0.02543892004862283 0.055399987962476305 0.0475632770866012 0.02600915188905844 0.04568298357425784 0.036243814679046624 0.05448039034609967 0.024084539568175713 0.029222706300138266 0.05686326109982867 0.045798248715092554 0.04040380325155546 0.019836421817020822 0.045667552935342706 0.03731787162736139 0.06871087115950572 0.025631630555198938 0.06635145158361817 0.04916661893696108 0.07357463433549281 0.06819647499592307 0.022207651194726907
 0.04755596121133327 0.08070245401519777 0.06408627444729001 0.06124336660320589 0.002524235307381761 10000.0 0.029673108919382313 0.025614824821964345 0.03841216383092628 0.07950587020085616 0.0422697442762028 0.03130907822830479 0.0453487564997559 0.06532691598901831 0.06520149579061905 0.058242775751654256 0.0329602536518307 0.061103012692383406 0.015630244598757802 0.03199757010624789 0.024927968597472126 0.05024001662171595 0.04398327218566406 0.033353926807680276 0.027952525679256154 0.057906846005462184 0.04768328204486608 0.023892672907920555 0.046380211279627714 0.033886873778554205 0.05446290783123959 0.026055437111559002 0.029066493433238368 0.05710624786517439 0.04478715230978252 0.04280474875759632 0.021836619680851016 0.04529830268172129 0.039794506207990105 0.07057859788253988 0.024889692816415433 0.06870301323261252 0.04827077889092227 0.07481531390415064 0.06904240468637829 0.02214517391271061
 0.01807389992828625 0.05721912649511812 0.06195341013553389 0.04397602068045356 0.029783959749401786 0.029673108919382313 10000.0 0.042327487365883695 0.023255274980682732 0.06523499255279354 0.05310596285661729 0.016324232793640415 0.03659005475102849 0.043564706838626135 0.05099318995189281 0.02912692778609302 0.004184464002343099 0.03591723795378773 0.04419535715663208 0.0023891397849797585 0.04958392384337858 0.03441377593360621 0.028009673776814695 0.017781498614582645 0.04253624080432739 0.06806190859388238 0.018232488324144456 0.02537200469079648 0.02020634446680727 0.0357992366375537 0.024800020255702916 0.04989570730800992 0.0007887937172591068 0.0278730560677795 0.020566506866343242 0.04420886573608015 0.02461598623006757 0.016210766559324876 0.05393997679833001 0.05555640504267878 0.008266843117973516 0.06441814094781834 0.022516980665959405 0.05144935061295094 0.04258268737309611 0.007577263097318613
 0.05910033744708826 0.07540797236841446 0.04294560523384343 0.052195646304336415 0.023129552217968936 0.025614824821964345 0.042327487365883695 10000.0 0.05973304300761809 0.0653257920688993 0.017026124309630457 0.0324823729118666 0.033186201822362926 0.08481092313332934 0.05275825565159936 0.07031699913149692 0.04344048409398711 0.060313310427104784 0.033698361087409937 0.044540487874252174 0.013367711377379141 0.0720777099785396 0.03858494067446229 0.05391275175262782 0.0031606401951875473 0.0323546686855101 0.05618566484239161 0.04832950252686373 0.04977931075970231 0.05917376511619758 0.06357345724895858 0.012212314659236334 0.04214184507844303 0.06371429956414927 0.06219461449349446 0.02312885339769029 0.01852642185057607 0.05799648743886413 0.01419582164382437 0.05804842070954534 0.042336554149325765 0.048411660725870546 0.0646821950734492 0.06998519741546377 0.06890773678630008 0.03604267918138651
 0.026094325488967916 0.07520336090783776 0.08507054377984487 0.0659816504674253 0.03999255977473801 0.03841216383092628 0.023255274980682732 0.05973304300761809 10000.0 0.08744244551373974 0.07335371754014691 0.03949385227551829 0.05983623260055316 0.02716299615976571 0.07354732633594603 0.031139333334863677 0.02606220292127105 0.054015799414840825 0.0474018625970622 0.022707573536595856 0.06298168483937276 0.012352126667517782 0.051005640112715245 0.005985416029874173 0.06085072982657624 0.08895347795755393 0.03174424409403342 0.01735500513864911 0.03968794213163913 0.019785262509199847 0.03399139133799368 0.06387890647715547 0.022789361523072524 0.03982218450624847 0.01266866410836999 0.0665185800361499 0.04477361820644799 0.022981208937131157 0.07303748330369494 0.07780005732748248 0.018289787612773827 0.08765840130414916 0.016643865126274325 0.06987132119232872 0.05849850245199459 0.02542923136040839
 0.06545655197516823 0.028794701398457447 0.030292745874871487 0.021468458093854087 0.07755252696661707 0.07950587020085616 0.06523499255279354 0.0653257920688993 0.08744244551373974 10000.0 0.05588819044431823 0.051351181081100886 0.034235351795535086 0.09784928715841684 0.014574434441491198 0.07049125115090613 0.06170640724628951 0.038216985466430375 0.09394036582418472 0.06511448739149178 0.07862154989995963 0.09641475125235606 0.037759968326148884 0.08264374924420567 0.06237894739702884 0.05654720050488298 0.05854523691978086 0.089331742394338 0.04836886636835217 0.10063337321716997 0.0613280755530645 0.07727270994881394 0.06589843280133201 0.05572131480351533 0.07934087436213166 0.04255063030481064 0.05771617021689084 0.067589604862843 0.06161105525744191 0.009679076328638804 0.07284668410122223 0.02528162601960838 0.07817169778232742 0.02849099579944813 0.04060808493808936 0.06724256574655033
 0.06762213999643588 0.07199786057775999 0.028961096392672612 0.04804313796162246 0.039750271113368256 0.0422697442762028 0.05310596285661729 0.017026124309630457 0.07335371754014691 0.05588819044431823 10000.0 0.03935224278329914 0.030054264155214335 0.09665263841972799 0.045790815142311064 0.07839185556322144 0.05303225884909691 0.06122468942155488 0.050521142312496735 0.054990315189009736 0.026842823022379166 0.08563438952619766 0.03956576254216027 0.06738379163439165 0.01434951469048034 0.01587416054229213 0.06326298517319343 0.06391321209708971 0.054598249918975654 0.07519783754407612 0.07037303471247496 0.025069763802506077 0.05313724713340206 0.06902069352470916 0.0736609297884848 0.015414415882000205 0.02876768174834209 0.0672310428314587 0.0058269410353547655 0.050483925174962536 0.05520569753828989 0.03485805907160768 0.07548887255757325 0.06727014989789062 0.06951128166433271 0.04825306562518941
 0.02827750326174239 0.04939379701297294 0.04562955123172697 0.03112643151090715 0.030093946920073715 0.03130907822830479 0.016324232793640415 0.0324823729118666 0.03949385227551829 0.051351181081100886 0.03935224278329914 10000.0 0.02040646206019144 0.058742386416449605 0.036793333692562005 0.03907977358017818 0.014633275347645653 0.030316570014550143 0.0469117213709042 0.01742581588802054 0.043084024812580515 0.050721950085228125 0.013697552664903457 0.03383410702953139 0.031618052923999065 0.053335286389445985 0.024159599249674365 0.03809935962840874 0.017459286911932152 0.049637865486046776 0.031460023811957484 0.04280055933044704 0.01672479990888755 0.03123358608273593 0.03601245670726036 0.02849715372843768 0.014305531193796775 0.028045794780298134 0.04135504503196639 0.041819954383194066 0.02237648308269503 0.048185783284024494 0.03709538116492521 0.04350859059264088 0.03863694689148155 0.01604837559869193
 0.044776886667240556 0.04273971919956661 0.025739288398162696 0.019074837677040834 0.04334601115773556 0.0453487564997559 0.03659005475102849 0.033186201822362926 0.05983623260055316 0.034235351795535086 0.030054264155214335 0.02040646206019144 10000.0 0.07728598551614166 0.020292798208181705 0.054031115823156575 0.03427516682341406 0.03148495697824475 0.05971408196285799 0.037404619335814855 0.0464604809840877 0.07079970915814514 0.011460815011805956 0.05422806162243884 0.03065907885727671 0.039678873828921844 0.03881928912661318 0.05768467311405577 0.02832320197072832 0.06944435228338604 0.044938445519715584 0.04539536681179444 0.037047485288165566 0.04201864037257632 0.055264270958974654 0.014809966043302009 0.023518455114726427 0.04554394680425064 0.03453265892357427 0.02572108324755451 0.04270670008224745 0.02782968842673898 0.055657491599853046 0.03764396814366005 0.03958129234206161 0.03606193117505324
 0.033116162553535326 0.07816411046740125 0.10297767198784018 0.07722354823239543 0.06673953508494664 0.06532691598901831 0.043564706838626135 0.08481092313332934 0.02716299615976571 0.09784928715841684 0.09665263841972799 0.058742386416449605 0.07728598551614166 10000.0 0.08578384136759304 0.02784094191392926 0.044162035599534945 0.06004525581369582 0.07443199577135148 0.04178940606436222 0.08949285275469822 0.01747938385148719 0.06650610600635809 0.03198200733347115 0.08546435200913338 0.11159380011488007 0.03986638020873481 0.044149303083990434 0.05076404388806271 0.042379765549760896 0.036577339371955155 0.09025383278408247 0.04351580765444168 0.042485817397593474 0.02299820791303157 0.08723487414784889 0.06800581533291263 0.031826881336521985 0.09724575247653368 0.08883460514297267 0.04252444642291841 0.10432042061925498 0.02170211044300302 0.0740841789705644 0.06076577112563514 0.04885533147758508
 0.052846099264061024 0.02796914901302702 0.02609729786522436 0.00872504211165281 0.06331640257317671 0.06520149579061905 0.05099318995189281 0.05275825565159936 0.07354732633594603 0.014574434441491198 0.045790815142311064 0.036793333692562005 0.020292798208181705 0.08578384136759304 10000.0 0.05918304474358194 0.04760763222689936 0.028248684581941144 0.07987430365176054 0.0510131448081467 0.06612521352846146 0.08301116101437635 0.023259577284803223 0.06856710913611004 0.04998675664693795 0.05005058089311332 0.04597829469047921 0.07481982461529303 0.035305640257197776 0.08618743002947697 0.049767439781434705 0.06491938326816336 0.051633352941211 0.04474277727066998 0.06614235849646653 0.031051981343028473 0.043511551863879505 0.05468804004812617 0.05119379075699442 0.00542997922210961 0.05845553374784362 0.02352225918066323 0.06533872204129784 0.024726005456147625 0.03323877305235372 0.05272539101876714
 0.011248645813812881 0.05047145416246141 0.07894749317913319 0.05048246205684147 0.05864325035069313 0.058242775751654256 0.02912692778609302 0.07031699913149692 0.031139333334863677 0.07049125115090613 0.07839185556322144 0.03907977358017818 0.054031115823156575 0.02784094191392926 0.05918304474358194 10000.0 0.027040279675080568 0.03239059531865256 0.07166588172106458 0.02673922522199921 0.07858319915853489 0.0326705261303475 0.04262019827451617 0.031034224241444704 0.07001215541381124 0.09182844602115857 0.015356891911994412 0.04562167440131065 0.025782231155015548 0.05088047083694006 0.009464372865947328 0.07880264683103651 0.029586058511313223 0.014790244154098369 0.018473818016966757 0.06631326533883648 0.05186487844423399 0.012979930144115947 0.08038312043713275 0.0617634569043921 0.03362543635666567 0.07942737259802743 0.014563176537277685 0.04625931931311311 0.033008277353733496 0.03661010322304553
 0.015794519269593396 0.05305432295574911 0.059900159271019084 0.04034094922533633 0.03285159760582942 0.0329602536518307 0.004184464002343099 0.04344048409398711 0.02606220292127105 0.06170640724628951 0.05303225884909691 0.014633275347645653 0.03427516682341406 0.044162035599534945 0.04760763222689936 0.027040279675080568 10000.0 0.03173618587286342 0.047812941834355485 0.003408874266023331 0.05160520784695742 0.0365451680796888 0.024949984739032233 0.020960784625350948 0.043349362981790755 0.0675819169228811 0.014725902389746996 0.029501258886377373 0.016030931177953654 0.03973790211073953 0.02167881700342026 0.05178291886121056 0.00497305398892477 0.024199514154506857 0.021379254306467334 0.043086081629849365 0.02518798450148041 0.014565005687928958 0.054313358049649034 0.05203126383945884 0.012429556498226147 0.06205037548890304 0.022599503379088032 0.047295604465734685 0.03842181147098597 0.010896255543782117
 0.029030824073570858 0.02144943221020024 0.05184051640313173 0.01969691302455227 0.0601421281560807 0.061103012692383406 0.03591723795378773 0.060313310427104784 0.054015799414840825 0.038216985466430375 0.06122468942155488 0.030316570014550143 0.03148495697824475 0.06004525581369582 0.028248684581941144 0.03239059531865256 0.03173618587286342 10000.0 0.07671411634929871 0.034663933823423095 0.07233316998598256 0.060864631136533266 0.022032871263631584 0.050464517870995665 0.058595978174779934 0.07092422139448859 0.022479150689152162 0.06114872524169636 0.01572071293558617 0.07076751277906229 0.023507946647377983 0.07177557450325327 0.036704513085459994 0.01760373771589819 0.04371570085468428 0.04625038903634075 0.0438536544044783 0.0317242303112596 0.06518597550101637 0.029906199398114897 0.044158541523715 0.050784322278404306 0.04171370038912057 0.015892094027084292 0.008594554386934407 0.04133089900283761
 0.06151182597711847 0.09630179324482031 0.07583633714563161 0.0764280610205012 0.016913654224046972 0.015630244598757802 0.04419535715663208 0.033698361087409937 0.0474018625970622 0.09394036582418472 0.050521142312496735 0.0469117213709042 0.05971408196285799 0.07443199577135148 0.07987430365176054 0.07166588172106458 0.047812941834355485 0.07671411634929871 10000.0 0.046403340169085545 0.02613535637239632 0.05780379268306387 0.05935262878730232 0.04354708883776785 0.03671243500361805 0.0649521354676051 0.06241816192527144 0.030313673181168684 0.061862731382637114 0.03607923628261189 0.0688793610887504 0.0278979010010021 0.04351464543345144 0.07200254469162044 0.056325246690801585 0.05484350406216051 0.036398124829444024 0.0589681614978824 0.0465612748204945 0.08529158174401712 0.03809371758892838 0.08093143036244578 0.060181005359371834 0.0904195634262576 0.08460089445952117 0.03692032563073228
 0.015689361653574405 0.05605897050320128 0.06294278270754361 0.04374333219985635 0.032145715070405034 0.03199757010624789 0.0023891397849797585 0.044540487874252174 0.022707573536595856 0.06511448739149178 0.054990315189009736 0.01742581588802054 0.037404619335814855 0.04178940606436222 0.0510131448081467 0.02673922522199921 0.003408874266023331 0.034663933823423095 0.046403340169085545 10000.0 0.0519470476546021 0.0334016157857247 0.028299807168428243 0.017554069364998336 0.04467815332978144 0.06980610853531323 0.016104090445297998 0.0264848136803863 0.019044768707850455 0.0364754071760133 0.022514516225831813 0.05224467833099939 0.002931166174518025 0.025789469288263124 0.01882817173930163 0.0456656201980493 0.02666400366667729 0.013833570484026579 0.05596874781246974 0.05543965910988312 0.009631423279101702 0.0652170703908122 0.020512114720473915 0.05034218031460921 0.04104730740253203 0.009947640952613416
 0.06736884542165239 0.0883548402168078 0.0550423047843986 0.06539499576720964 0.023057821113364595 0.024927968597472126 0.04958392384337858 0.013367711377379141 0.06298168483937276 0.07862154989995963 0.026842823022379166 0.043084024812580515 0.0464604809840877 0.08949285275469822 0.06612521352846146 0.07858319915853489 0.05160520784695742 0.07233316998598256 0.02613535637239632 0.0519470476546021 10000.0 0.07501212821179593 0.05106784780270789 0.057609641899970705 0.016242909798670647 0.039632645697912174 0.06550803032608939 0.04876299069038072 0.06052843952355814 0.05806958437930052 0.07284611020766012 0.0018537122477848735 0.049215991363701146 0.07382868659406795 0.06786142875391427 0.03622184728888489 0.028807128907959452 0.06577355114329088 0.021836983465710915 0.07141556286001753 0.047451762030288315 0.060729353288204335 0.07090261496880709 0.08283383313349309 0.08090142883834436 0.04239126429796705
 0.03183708028405835 0.08126642948311358 0.09632780409382041 0.07501252343288999 0.05196147054445359 0.05024001662171595 0.03441377593360621 0.0720777099785396 0.012352126667517782 0.09641475125235606 0.08563438952619766 0.050721950085228125 0.07079970915814514 0.01747938385148719 0.08301116101437635 0.0326705261303475 0.0365451680796888 0.060864631136533266 0.05780379268306387 0.0334016157857247 0.07501212821179593 10000.0 0.06125503239581508 0.018268413806481032 0.07320225076026454 0.10117933684468357 0.03848677492753842 0.02756147533653438 0.048056114595284694 0.024907023263242567 0.038477102525648205 0.07597105261183591 0.034072277273482526 0.04473316874178868 0.017207868678697138 0.07835832430806869 0.056980132854154625 0.029205735719185208 0.08538245807063718 0.0868991657086621 0.030456657418463342 0.09859426310489482 0.019366563486414173 0.07634266034863385 0.06395424939054802 0.037529088794357325
 0.03366228908380533 0.037708661882066466 0.036598124951878044 0.017494859794226558 0.0424454650145952 0.04398327218566406 0.028009673776814695 0.03858494067446229 0.051005640112715245 0.037759968326148884 0.03956576254216027 0.013697552664903457 0.011460815011805956 0.06650610600635809 0.023259577284803223 0.04262019827451617 0.024949984739032233 0.022032871263631584 0.05935262878730232 0.028299807168428243 0.05106784780270789 0.06125503239581508 10000.0 0.04575373566782034 0.03670002566122359 0.050676502215772266 0.027492971949728568 0.051572837822934876 0.016872779594805855 0.06293146955941356 0.03348435550741027 0.05035305884368344 0.028605871967392293 0.030634060000131916 0.04505305075695572 0.02518181475439756 0.023696257781951377 0.03467931766504194 0.043260047147068464 0.028172895488702953 0.03524191590648675 0.037848443009002176 0.04505136081663706 0.03199976591464053 0.030568038105992595 0.029482611835869386
 0.02399387022612834 0.07184959282134973 0.07931446279332943 0.06123706273269139 0.034764176245957755 0.033353926807680276 0.017781498614582645 0.05391275175262782 0.005985416029874173 0.08264374924420567 0.06738379163439165 0.03383410702953139 0.05422806162243884 0.03198200733347115 0.06856710913611004 0.031034224241444704 0.020960784625350948 0.050464517870995665 0.04354708883776785 0.017554069364998336 0.057609641899970705 0.018268413806481032 0.04575373566782034 10000.0 0.0549659311996355 0.0829714675716717 0.028753905742778967 0.014770431802495857 0.03554525632252953 0.02083323697156337 0.03218268179969115 0.058437450988300305 0.01724474832883952 0.03757524882514233 0.013285396986045875 0.060587915790647436 0.03878867709306013 0.020823730618514544 0.0671237605899782 0.07297346606717815 0.012311146486891895 0.08201907709278618 0.017390678336213047 0.06635522925770808 0.05560457595031221 0.019458507104876132
 0.05885040483735983 0.07312215602800992 0.03978618924850156 0.04972232335758665 0.02543892004862283 0.027952525679256154 0.04253624080432739 0.0031606401951875473 0.06085072982657624 0.06237894739702884 0.01434951469048034 0.031618052923999065 0.03065907885727671 0.08546435200913338 0.04998675664693795 0.07001215541381124 0.043349362981790755 0.058595978174779934 0.03671243500361805 0.04467815332978144 0.016242909798670647 0.07320225076026454 0.03670002566122359 0.0549659311996355 10000.0 0.029974386053343672 0.055598183657277936 0.050133679299068784 0.04868589586812773 0.061189096674247725 0.06296442545395747 0.014944604033057477 0.0424081221403358 0.06280078244807039 0.06269072112348202 0.020056339694076133 0.018177511367684758 0.057908720201322976 0.012308773486261705 0.05524118243155581 0.043150259442838186 0.04525210844168141 0.06501259011991038 0.06777430203961309 0.06718098749258371 0.036609399827451636
 0.0814474612537118 0.0778661952423836 0.026328746668285406 0.05470715105309808 0.055399987962476305 0.057906846005462184 0.06806190859388238 0.0323546686855101 0.08895347795755393 0.05654720050488298 0.01587416054229213 0.053335286389445985 0.039678873828921844 0.11159380011488007 0.05005058089311332 0.09182844602115857 0.0675819169228811 0.07092422139448859 0.0649521354676051 0.06980610853531323 0.039632645697912174 0.10117933684468357 0.050676502215772266 0.0829714675716717 0.029974386053343672 10000.0 0.0764995919495909 0.07978698426040053 0.06695603388973478 0.09104781711749349 0.08330776839239586 0.037778945105334735 0.0681614448724161 0.0811815941619764 0.08860940234145484 0.02564680201234356 0.04419946065401238 0.08137688998245755 0.01845224476116845 0.05368561579022968 0.07072267990550656 0.031876685426011055 0.09017466513558901 0.07393894656501072 0.07865658588994748 0.06368082160471218
 0.006912584090331829 0.04347144686441082 0.06402950097239088 0.03751097128036064 0.0475632770866012 0.04768328204486608 0.018232488324144456 0.05618566484239161 0.03174424409403342 0.05854523691978086 0.06326298517319343 0.024159599249674365 0.03881928912661318 0.03986638020873481 0.04597829469047921 0.015356891911994412 0.014725902389746996 0.022479150689152162 0.06241816192527144 0.016104090445297998 0.06550803032608939 0.03848677492753842 0.027492971949728568 0.028753905742778967 0.055598183657277936 0.0764995919495909 10000.0 0.0411300479205118 0.010967764558998028 0.04950680307222422 0.007391073756825677 0.06552431773913493 0.018933389935988205 0.009703790822550348 0.021289494346829647 0.05096116553890931 0.03766411147366041 0.009282120105557514 0.0654980361178581 0.04927244168362004 0.025361669460558983 0.06486274458961569 0.019658238224714433 0.03821843199954614 0.026866430374117112 0.025574208677448505
 0.037563327787429844 0.08253189807428851 0.0809335599900306 0.06853322541239114 0.02600915188905844 0.023892672907920555 0.02537200469079648 0.04832950252686373 0.01735500513864911 0.089331742394338 0.06391321209708971 0.03809935962840874 0.05768467311405577 0.044149303083990434 0.07481982461529303 0.04562167440131065 0.029501258886377373 0.06114872524169636 0.030313673181168684 0.0264848136803863 0.04876299069038072 0.02756147533653438 0.051572837822934876 0.014770431802495857 0.050133679299068784 0.07978698426040053 0.0411300479205118 10000.0 0.045501530339180654 0.01186615910734733 0.04574782240224075 0.04993839532301299 0.024599473856894302 0.05056834803725613 0.02804250790279049 0.06049720245335186 0.03744187998279276 0.034486130943436936 0.06239945674360289 0.0797223165884393 0.017120671108877727 0.08454208799581127 0.03215790220206244 0.07679153155189172 0.06734871512691758 0.02209454161547283
 0.01765652469196013 0.03703167407884823 0.053202221938204425 0.027035537848612807 0.04568298357425784 0.046380211279627714 0.02020634446680727 0.04977931075970231 0.03968794213163913 0.04836886636835217 0.054598249918975654 0.017459286911932152 0.02832320197072832 0.05076404388806271 0.035305640257197776 0.025782231155015548 0.016030931177953654 0.01572071293558617 0.061862731382637114 0.019044768707850455 0.06052843952355814 0.048056114595284694 0.016872779594805855 0.03554525632252953 0.04868589586812773 0.06695603388973478 0.010967764558998028 0.045501530339180654 10000.0 0.05540588736546621 0.016615659468812615 0.060259602693373604 0.020992501809130818 0.014424331263357605 0.030978185334606532 0.04130923763681749 0.03176478728781356 0.019382480648712484 0.05745252187466818 0.03890501823180745 0.028460187857619654 0.05391443851079907 0.03003309256128486 0.0312982135858015 0.02285904158239331 0.025766412443211872
 0.04479509166261208 0.09221525861147516 0.09279860809404182 0.0796073901241658 0.036243814679046624 0.033886873778554205 0.0357992366375537 0.05917376511619758 0.019785262509199847 0.10063337321716997 0.07519783754407612 0.049637865486046776 0.06944435228338604 0.042379765549760896 0.08618743002947697 0.05088047083694006 0.03973790211073953 0.07076751277906229 0.03607923628261189 0.0364754071760133 0.05806958437930052 0.024907023263242567 0.06293146955941356 0.02083323697156337 0.061189096674247725 0.09104781711749349 0.04950680307222422 0.01186615910734733 0.05540588736546621 10000.0 0.05295230527911775 0.05942677668783221 0.03507048461461858 0.058408084597770096 0.032413295963787454 0.07231419242922142 0.049252391470991225 0.041621863244665255 0.07334799485238785 0.09098457511683429 0.027835046011492094 0.09639875605253621 0.03642656931547935 0.08660314703103389 0.07629285141770908 0.03359017531145989
 0.008217133820105008 0.04289623275586788 0.06961503294643685 0.04108224708448265 0.05448039034609967 0.05446290783123959 0.024800020255702916 0.06357345724895858 0.03399139133799368 0.0613280755530645 0.07037303471247496 0.031460023811957484 0.044938445519715584 0.036577339371955155 0.049767439781434705 0.009464372865947328 0.02167881700342026 0.023507946647377983 0.0688793610887504 0.022514516225831813 0.07284611020766012 0.038477102525648205 0.03348435550741027 0.03218268179969115 0.06296442545395747 0.08330776839239586 0.007391073756825677 0.04574782240224075 0.016615659468812615 0.05295230527911775 10000.0 0.0728834559675324 0.025434296897888512 0.006279807999520104 0.021996616622825226 0.05768909435362946 0.04505362600995055 0.01136871750291105 0.07274505647891516 0.052464027150016516 0.03114875213866896 0.06999893426207564 0.019122582924821427 0.038216956681564704 0.025495847509140294 0.032322489492557865
 0.06756969302616246 0.08748716403535875 0.05338566634367887 0.06438738839292929 0.024084539568175713 0.026055437111559002 0.04989570730800992 0.012212314659236334 0.06387890647715547 0.07727270994881394 0.025069763802506077 0.04280055933044704 0.04539536681179444 0.09025383278408247 0.06491938326816336 0.07880264683103651 0.05178291886121056 0.07177557450325327 0.0278979010010021 0.05224467833099939 0.0018537122477848735 0.07597105261183591 0.05035305884368344 0.058437450988300305 0.014944604033057477 0.037778945105334735 0.06552431773913493 0.04993839532301299 0.060259602693373604 0.05942677668783221 0.0728834559675324 10000.0 0.04955371270555055 0.07370894624590763 0.06845552060856315 0.03480080844714208 0.028495911390422207 0.06605061411053403 0.02000995891442534 0.07018353437578714 0.04805918252370917 0.05909892963124182 0.07142456498458903 0.08200757220875497 0.08035712205394847 0.042802778439652404
 0.018592646197101204 0.05800249591595203 0.06234758960176069 0.044662689940965596 0.029222706300138266 0.029066493433238368 0.0007887937172591068 0.04214184507844303 0.022789361523072524 0.06589843280133201 0.05313724713340206 0.01672479990888755 0.037047485288165566 0.04351580765444168 0.051633352941211 0.029586058511313223 0.00497305398892477 0.036704513085459994 0.04351464543345144 0.002931166174518025 0.049215991363701146 0.034072277273482526 0.028605871967392293 0.01724474832883952 0.0424081221403358 0.0681614448724161 0.018933389935988205 0.024599473856894302 0.020992501809130818 0.03507048461461858 0.025434296897888512 0.04955371270555055 10000.0 0.028589562634315183 0.0205250764286718 0.04444293532749285 0.02456703936505595 0.016637410687604468 0.053886179975261184 0.05622076936494952 0.007487826410306269 0.06486919307820024 0.022607795058704198 0.052230434027644275 0.04336923914839969 0.007040473036695733
 0.013734136955883505 0.036616714569229464 0.06586065293492034 0.03601800036570549 0.05686326109982867 0.05710624786517439 0.0278730560677795 0.06371429956414927 0.03982218450624847 0.05572131480351533 0.06902069352470916 0.03123358608273593 0.04201864037257632 0.042485817397593474 0.04474277727066998 0.014790244154098369 0.024199514154506857 0.01760373771589819 0.07200254469162044 0.025789469288263124 0.07382868659406795 0.04473316874178868 0.030634060000131916 0.03757524882514233 0.06280078244807039 0.0811815941619764 0.009703790822550348 0.05056834803725613 0.014424331263357605 0.058408084597770096 0.006279807999520104 0.07370894624590763 0.028589562634315183 10000.0 0.02810645134672518 0.055555071567438614 0.045378910970791136 0.016880156795626138 0.07184652236354022 0.047090644235563486 0.0350553810676761 0.06581704342325784 0.025368946402871444 0.03197298116330552 0.01922425581518918 0.03509519083183578
 0.014748608603341063 0.0643519445734153 0.08099497317173136 0.058001625822328096 0.045798248715092554 0.04478715230978252 0.020566506866343242 0.06219461449349446 0.01266866410836999 0.07934087436213166 0.0736609297884848 0.03601245670726036 0.055264270958974654 0.02299820791303157 0.06614235849646653 0.018473818016966757 0.021379254306467334 0.04371570085468428 0.056325246690801585 0.01882817173930163 0.06786142875391427 0.017207868678697138 0.04505305075695572 0.013285396986045875 0.06269072112348202 0.08860940234145484 0.021289494346829647 0.02804250790279049 0.030978185334606532 0.032413295963787454 0.021996616622825226 0.06845552060856315 0.0205250764286718 0.02810645134672518 10000.0 0.0644328845835038 0.045056831790460425 0.012007873794280385 0.07434515846544541 0.06987932169258589 0.020410019181882202 0.08280203423406303 0.00413650850601244 0.05930242324674354 0.04720764131963245 0.026152894894458593
 0.056146141891753265 0.05663523549574561 0.021282483605076275 0.03267388311417667 0.04040380325155546 0.04280474875759632 0.04420886573608015 0.02312885339769029 0.0665185800361499 0.04255063030481064 0.015414415882000205 0.02849715372843768 0.014809966043302009 0.08723487414784889 0.031051981343028473 0.06631326533883648 0.043086081629849365 0.04625038903634075 0.05484350406216051 0.0456656201980493 0.03622184728888489 0.07835832430806869 0.02518181475439756 0.060587915790647436 0.020056339694076133 0.02564680201234356 0.05096116553890931 0.06049720245335186 0.04130923763681749 0.07231419242922142 0.05768909435362946 0.03480080844714208 0.04444293532749285 0.055555071567438614 0.0644328845835038 10000.0 0.023061905164271493 0.056300110382146884 0.020360689530241987 0.03604623940033417 0.048331043568489496 0.026106481670260646 0.06559154959568761 0.051860548113583926 0.05439043791897968 0.041183991745171795
 0.0406831276000413 0.06137730018031949 0.04381471998683773 0.04020025550158969 0.019836421817020822 0.021836619680851016 0.02461598623006757 0.01852642185057607 0.04477361820644799 0.05771617021689084 0.02876768174834209 0.014305531193796775 0.023518455114726427 0.06800581533291263 0.043511551863879505 0.05186487844423399 0.02518798450148041 0.0438536544044783 0.036398124829444024 0.02666400366667729 0.028807128907959452 0.056980132854154625 0.023696257781951377 0.03878867709306013 0.018177511367684758 0.04419946065401238 0.03766411147366041 0.03744187998279276 0.03176478728781356 0.049252391470991225 0.04505362600995055 0.028495911390422207 0.02456703936505595 0.045378910970791136 0.045056831790460425 0.023061905164271493 10000.0 0.03973884820212514 0.02932413679777951 0.04891840496265389 0.026523624154822855 0.047887711942940045 0.047130635655901525 0.0556214673664972 0.05235668848476362 0.019500570751196503
 0.0031732970991229523 0.05252047509921288 0.07118490634525441 0.046375853367994734 0.045667552935342706 0.04529830268172129 0.016210766559324876 0.05799648743886413 0.022981208937131157 0.067589604862843 0.0672310428314587 0.028045794780298134 0.04554394680425064 0.031826881336521985 0.05468804004812617 0.012979930144115947 0.014565005687928958 0.0317242303112596 0.0589681614978824 0.013833570484026579 0.06577355114329088 0.029205735719185208 0.03467931766504194 0.020823730618514544 0.057908720201322976 0.08137688998245755 0.009282120105557514 0.034486130943436936 0.019382480648712484 0.041621863244665255 0.01136871750291105 0.06605061411053403 0.016637410687604468 0.016880156795626138 0.012007873794280385 0.056300110382146884 0.03973884820212514 10000.0 0.06875345875605025 0.058214623116348146 0.020875898216622966 0.07250058954250244 0.010651227814896616 0.04737807511911414 0.03557754365102664 0.02364426064553928
 0.06940088343133488 0.07694606099398797 0.03473509900956695 0.05299321446790088 0.03731787162736139 0.039794506207990105 0.05393997679833001 0.01419582164382437 0.07303748330369494 0.06161105525744191 0.0058269410353547655 0.04135504503196639 0.03453265892357427 0.09724575247653368 0.05119379075699442 0.08038312043713275 0.054313358049649034 0.06518597550101637 0.0465612748204945 0.05596874781246974 0.021836983465710915 0.08538245807063718 0.043260047147068464 0.0671237605899782 0.012308773486261705 0.01845224476116845 0.0654980361178581 0.06239945674360289 0.05745252187466818 0.07334799485238785 0.07274505647891516 0.02000995891442534 0.053886179975261184 0.07184652236354022 0.07434515846544541 0.020360689530241987 0.02932413679777951 0.06875345875605025 10000.0 0.0559929445322648 0.055173727702720936 0.040648837244964514 0.07645295320160937 0.07206632581767 0.07359913432896636 0.04845584560735533
 0.056182035793492 0.025488068910104824 0.028607357225020336 0.011886700425352335 0.06871087115950572 0.07057859788253988 0.05555640504267878 0.05804842070954534 0.07780005732748248 0.009679076328638804 0.050483925174962536 0.041819954383194066 0.02572108324755451 0.08883460514297267 0.00542997922210961 0.0617634569043921 0.05203126383945884 0.029906199398114897 0.08529158174401712 0.05543965910988312 0.07141556286001753 0.0868991657086621 0.028172895488702953 0.07297346606717815 0.05524118243155581 0.05368561579022968 0.04927244168362004 0.0797223165884393 0.03890501823180745 0.09098457511683429 0.052464027150016516 0.07018353437578714 0.05622076936494952 0.047090644235563486 0.06987932169258589 0.03604623940033417 0.04891840496265389 0.058214623116348146 0.0559929445322648 10000.0 0.06318514468733627 0.025034456735189847 0.06883390077676008 0.02329050775474806 0.033631138798957176 0.05764426730910608
 0.02348539761290313 0.0654823197106495 0.06738556677747759 0.05177240573722546 0.025631630555198938 0.024889692816415433 0.008266843117973516 0.042336554149325765 0.018289787612773827 0.07284668410122223 0.05520569753828989 0.02237648308269503 0.04270670008224745 0.04252444642291841 0.05845553374784362 0.03362543635666567 0.012429556498226147 0.044158541523715 0.03809371758892838 0.009631423279101702 0.047451762030288315 0.030456657418463342 0.03524191590648675 0.012311146486891895 0.043150259442838186 0.07072267990550656 0.025361669460558983 0.017120671108877727 0.028460187857619654 0.027835046011492094 0.03114875213866896 0.04805918252370917 0.007487826410306269 0.0350553810676761 0.020410019181882202 0.048331043568489496 0.026523624154822855 0.020875898216622966 0.055173727702720936 0.06318514468733627 10000.0 0.07033399914351196 0.023580282519453356 0.059715909235602785 0.05067310944608559 0.007155558150743916
 0.07132914367807588 0.05052227077177029 0.005960903880812681 0.03126360548094759 0.06635145158361817 0.06870301323261252 0.06441814094781834 0.048411660725870546 0.08765840130414916 0.02528162601960838 0.03485805907160768 0.048185783284024494 0.02782968842673898 0.10432042061925498 0.02352225918066323 0.07942737259802743 0.06205037548890304 0.050784322278404306 0.08093143036244578 0.0652170703908122 0.060729353288204335 0.09859426310489482 0.037848443009002176 0.08201907709278618 0.04525210844168141 0.031876685426011055 0.06486274458961569 0.08454208799581127 0.05391443851079907 0.09639875605253621 0.06999893426207564 0.05909892963124182 0.06486919307820024 0.06581704342325784 0.08280203423406303 0.026106481670260646 0.047887711942940045 0.07250058954250244 0.040648837244964514 0.025034456735189847 0.07033399914351196 10000.0 0.08289936896075657 0.04800166530987396 0.05657616791212606 0.06350251238635402
 0.012784979629525371 0.06191075758701193 0.08138051554963745 0.05700949157737491 0.04916661893696108 0.04827077889092227 0.022516980665959405 0.0646821950734492 0.016643865126274325 0.07817169778232742 0.07548887255757325 0.03709538116492521 0.055657491599853046 0.02170211044300302 0.06533872204129784 0.014563176537277685 0.022599503379088032 0.04171370038912057 0.060181005359371834 0.020512114720473915 0.07090261496880709 0.019366563486414173 0.04505136081663706 0.017390678336213047 0.06501259011991038 0.09017466513558901 0.019658238224714433 0.03215790220206244 0.03003309256128486 0.03642656931547935 0.019122582924821427 0.07142456498458903 0.022607795058704198 0.025368946402871444 0.00413650850601244 0.06559154959568761 0.047130635655901525 0.010651227814896616 0.07645295320160937 0.06883390077676008 0.023580282519453356 0.08289936896075657 10000.0 0.057040665709530175 0.0445880581757499 0.028770697853131723
