NAME :TPP_input_15_3_1
NUM_VERTICES
43
NUM_CLUSTERS
15
Full Matrix
 10000.0 0.06101628505717528 0.026112937251947597 0.04421223729933789 0.07111952179089526 0.0724707495733252 0.057176760983046276 0.0840685237835102 0.08142486985376025 0.08243322911123097 0.08083065561147187 0.05538404646484941 0.04085663722517021 0.07308738348815434 0.0644245465151392 0.08270431064694016 0.04383541387594604 0.07369809665463332 0.02776270885017083 0.02135836848719167 0.03763563010345555 0.05312805342145932 0.035960927552788874 0.056482912777924194 0.06950450480869447 0.017340933260678874 0.01657572787176468 0.05987757089484716 0.07863867915833624 0.04003810672525801 0.08840329949566404 0.03105876021372498 0.09864721869887588 0.058571391024837716 0.010241949925835775 0.09016440244378042 0.027650673646022694 0.027240742186663756 0.034895420277406955 0.07425133450535291 0.06810618626565029 0.07508006309414726 0.07383776906546029
 0.06101628505717528 10000.0 0.045160440085500034 0.01893041491430619 0.026932674279414197 0.03308652620013014 0.03211835095776623 0.025135217747619138 0.027621067081873913 0.028669691667186286 0.021280439325993467 0.07043681874257014 0.046363645604540184 0.029275183861465076 0.03355809186133871 0.06471376893188659 0.029452873070627626 0.033303991528644335 0.03870673995760336 0.05667210775263078 0.054355584370206454 0.07492094849062961 0.030105541770151498 0.06775020762129633 0.024291641761960657 0.049888781074862616 0.046929998497069275 0.07168311918774715 0.027795840271683057 0.04996746289968062 0.04710847993680184 0.05678005361184461 0.040014022977615464 0.01817207201447044 0.053629061765641015 0.07863910606205345 0.033565830156677065 0.07723466058464902 0.02753245645510145 0.05914674688474884 0.009199908051386584 0.0646111950227337 0.013117576642941891
 0.026112937251947597 0.045160440085500034 10000.0 0.026230213272518507 0.06408559103856439 0.06768808742239904 0.05565684820312036 0.07023356149941791 0.07078981152867796 0.07186852774439628 0.06643219078895922 0.0709514024139115 0.049062450052881165 0.06646196639578619 0.06201689651193881 0.08797972192994515 0.04214526955236825 0.06863134202186723 0.030901698426987662 0.011691223890411372 0.015676329207862525 0.07105049353706842 0.015107793760107076 0.07067640644743024 0.0618052240753135 0.03021280782325577 0.010911666289124667 0.07469149463222467 0.0693382530019391 0.015614385439495719 0.08423337483155101 0.046735002441095054 0.08515076094228505 0.036530975564639474 0.02677156208690658 0.09856543933659284 0.017106127410775097 0.05245203339436277 0.018481373270103876 0.07989630836244205 0.05392155133317529 0.08269095853924865 0.05814251472833234
 0.04421223729933789 0.01893041491430619 0.026230213272518507 10000.0 0.040610478716345925 0.04542643516902496 0.03748657633773051 0.044027261936652316 0.045263911613242724 0.0463426952144897 0.04020595817875516 0.06711124640701675 0.04202853797122125 0.04308038227215911 0.042118372722767514 0.07203145221911275 0.027482546701338435 0.046106229325854564 0.027879891583510574 0.03776887886378871 0.036342094281769814 0.06991907388972506 0.011199383380625056 0.06535856959321946 0.03807930241255674 0.036544791659232086 0.028878812859071328 0.0695373966203741 0.044381324833035835 0.03246286159135046 0.061409475218635906 0.04793126867684168 0.05893207081083304 0.015901141766303546 0.03844238791921806 0.08472068663652954 0.016789484808740696 0.06424918089944705 0.009352757953591294 0.0649513299549916 0.027781121668971596 0.06930138449792461 0.03194031671696153
 0.07111952179089526 0.026932674279414197 0.06408559103856439 0.040610478716345925 10000.0 0.006587827327536259 0.017474005406412974 0.022674015186049962 0.013589091991378142 0.014181693848687824 0.02265037440007965 0.05765821234094074 0.03970368148385487 0.0024736650609327756 0.01258963825923958 0.04009006866512509 0.027698298393434427 0.006475205588645546 0.04360583636379559 0.0742783275968805 0.07656932689351427 0.06394482179998408 0.05071708353861625 0.054038334367932234 0.0026559489593626622 0.055374356726038694 0.06160069916556387 0.057178861157237935 0.00914940625488784 0.07299231863772158 0.020827838242314815 0.05406205576725573 0.032460667267383905 0.045052634638149326 0.06149628135860814 0.054448258571347254 0.04813319581104972 0.0783346095748194 0.04579725502722309 0.036356590896201864 0.020358580488436723 0.04252903909707929 0.024670492119970633
 0.0724707495733252 0.03308652620013014 0.06768808742239904 0.04542643516902496 0.006587827327536259 10000.0 0.016047650850194977 0.028222180646145147 0.018178330746981837 0.018471054329347824 0.028691560482410127 0.0536281358913031 0.03804854138926281 0.005062211236519219 0.009285293436715244 0.03356949734833571 0.028636384180881172 0.0013525508393848935 0.04471305838380637 0.07738921299081747 0.08083316490329967 0.06024012919784326 0.05500129139312921 0.04985057625533415 0.00900242493601032 0.056062205619386914 0.06425837130987434 0.05271936336613354 0.01352149639183729 0.07751291918763026 0.016569691303306384 0.052752287898917796 0.03612855288769018 0.051075400205721704 0.06255295641980145 0.04794187879231063 0.05120176267932755 0.07734617185246752 0.04974079895673871 0.03019926131638238 0.026903922146107897 0.03645427793655489 0.031232203635411765
 0.057176760983046276 0.03211835095776623 0.05565684820312036 0.03748657633773051 0.017474005406412974 0.016047650850194977 10000.0 0.03882238555490329 0.03090817226049061 0.03158296437177437 0.03774299868212884 0.041266883233283716 0.022310710392800363 0.018448292189859286 0.00726278243611911 0.0345608781222035 0.013927337397754083 0.017383168062385584 0.029512903838724507 0.0642640282191332 0.07003186144427302 0.04711673082062833 0.044965654928431485 0.03792863792419896 0.01741125475801412 0.040392826895577626 0.05060361995565024 0.04145670754949326 0.026607352682627938 0.06743721738909783 0.031254701512694445 0.03686579469806575 0.0498767381620921 0.04769067892475211 0.047090861643935444 0.047616081783527886 0.03859620041524596 0.061376374191111256 0.03909102895425962 0.027804168666958548 0.03023486560924775 0.03279726117867003 0.0365111993756321
 0.0840685237835102 0.025135217747619138 0.07023356149941791 0.044027261936652316 0.022674015186049962 0.028222180646145147 0.03882238555490329 10000.0 0.010654448032710359 0.010901283484394737 0.004045251629597022 0.0799285279081839 0.05987136663517921 0.02324284363680621 0.03516590367254655 0.06087271588867566 0.04481924690052459 0.027381824029112926 0.058711992585901346 0.08166462717619483 0.07924481753634136 0.08593270713331784 0.05522119390336789 0.07642347092923193 0.02172650920017032 0.07066930698224387 0.07121831571927825 0.07969306694724633 0.01495427757233713 0.07467500897780341 0.03352110518517514 0.07323304527294802 0.0149339606944164 0.039975503648410814 0.07561809505671856 0.07516878513145905 0.05748481607789115 0.0963634513987374 0.05227285859959514 0.058344759365243345 0.016387576161996913 0.06463505208327477 0.012849097528227927
 0.08142486985376025 0.027621067081873913 0.07078981152867796 0.045263911613242724 0.013589091991378142 0.018178330746981837 0.03090817226049061 0.010654448032710359 10000.0 0.0010802579721891038 0.012515413421054219 0.07119715411317161 0.05291497136664858 0.013470515176778214 0.026091977114573926 0.05026138726326372 0.039472265124742965 0.017188742358157365 0.054679327235032195 0.08176512384463162 0.0815074344902097 0.07752828201786954 0.056279243553025216 0.06753834046401852 0.013579066775277988 0.0666714547245657 0.07012837778839157 0.07059408695069498 0.004664117180308959 0.0773333120456303 0.023331737700647864 0.06699513642950909 0.01898893742070366 0.04489831015601177 0.07229160252593077 0.06453582998306277 0.056310255205942364 0.09092858383789565 0.052344330998543395 0.04799568629864373 0.01856275881235497 0.05431427065954764 0.018887580660937153
 0.08243322911123097 0.028669691667186286 0.07186852774439628 0.0463426952144897 0.014181693848687824 0.018471054329347824 0.03158296437177437 0.010901283484394737 0.0010802579721891038 10000.0 0.01306206738807231 0.07169329602700561 0.053658618388709285 0.013892707758279839 0.026598086363232028 0.05018405198075299 0.0403720563932581 0.01742900127240708 0.05563929261634171 0.08283930758019965 0.08258268961042807 0.07807218389951882 0.05735941461195944 0.06801067300001046 0.014332414329379688 0.06762498685249267 0.07118557460709363 0.07102547740647486 0.0050835149409371415 0.0784034312429871 0.022796385372689337 0.06779401732582022 0.018294686309847527 0.045892167356259526 0.07327504007569463 0.06442309968484224 0.0573697527211754 0.09177971078170932 0.05342178910508531 0.04809799818792821 0.01959167820405316 0.05442498408495328 0.019739823315017828
 0.08083065561147187 0.021280439325993467 0.06643219078895922 0.04020595817875516 0.02265037440007965 0.028691560482410127 0.03774299868212884 0.004045251629597022 0.012515413421054219 0.01306206738807231 10000.0 0.07900376968325454 0.05813549318632184 0.023630965581894526 0.03478945374266438 0.06193516571033253 0.04258521575863167 0.02801068567384245 0.05593663785160108 0.07790903048140249 0.07525875533199752 0.08479704686133832 0.05138598008206614 0.0756065425923215 0.021266689197392854 0.06782713672682347 0.06768152744256424 0.07900604662397015 0.01614738766946827 0.07066692771988024 0.035838914143330194 0.07113370484052499 0.01873719648014111 0.03593581184816503 0.07257321779027626 0.07629634055955697 0.05400905231541045 0.09389960106585464 0.048591252908293525 0.05887976247572558 0.012807329261710044 0.06510744651793902 0.008805877108327002
 0.05538404646484941 0.07043681874257014 0.0709514024139115 0.06711124640701675 0.05765821234094074 0.0536281358913031 0.041266883233283716 0.0799285279081839 0.07119715411317161 0.07169329602700561 0.07900376968325454 10000.0 0.025113459764571012 0.05781904449769792 0.04510520009166437 0.038786579723381245 0.04137530314761668 0.054863602242910266 0.04146478408760081 0.07348996679081701 0.08647070233232357 0.0073846080780715605 0.06852392285912241 0.00405199243635769 0.05823682681405948 0.04144916926383461 0.06095470126676149 0.004763681646544095 0.0666103988372053 0.08634964497019403 0.06200084820684247 0.024849043507877346 0.08972064571898747 0.08174191142442971 0.04722967447211752 0.03954773933806733 0.05717433583729479 0.039821264653553845 0.06289935548171136 0.03229904429389397 0.07080193546657093 0.028811436351429846 0.07734920315882789
 0.04085663722517021 0.046363645604540184 0.049062450052881165 0.04202853797122125 0.03970368148385487 0.03804854138926281 0.022310710392800363 0.05987136663517921 0.05291497136664858 0.053658618388709285 0.05813549318632184 0.025113459764571012 10000.0 0.04075898425797688 0.02879109788926656 0.041871668519995686 0.016910783788429067 0.039400938992773776 0.018178864296671638 0.05417703341526871 0.06472237561425344 0.028677281282219958 0.04421831419907667 0.023389389251673873 0.03933653296167734 0.02367595467999269 0.04044975132895336 0.027580017184232107 0.04877468971538511 0.06376758467998228 0.05159052008716151 0.014772055145194914 0.07189678905151774 0.05666506614744927 0.030783623994944918 0.05033474700319698 0.0335111362220478 0.03944283930680298 0.03836839604156002 0.03341734726059198 0.048157741327524595 0.03472742467421908 0.05487606566604185
 0.07308738348815434 0.029275183861465076 0.06646196639578619 0.04308038227215911 0.0024736650609327756 0.005062211236519219 0.018448292189859286 0.02324284363680621 0.013470515176778214 0.013892707758279839 0.023630965581894526 0.05781904449769792 0.04075898425797688 10000.0 0.012772475744743762 0.03855865067927988 0.029480271393471997 0.004537714107892703 0.04548219680495691 0.07659005417243582 0.07901563331843851 0.06425728567336633 0.05315940652533717 0.05412222238256818 0.0050925064281372185 0.05716404273427352 0.06383089389988086 0.05713616140887439 0.008824246753889623 0.07545428843393694 0.01835426132807529 0.055264423420448114 0.03196408733466471 0.04742001519912471 0.06338581302745913 0.052937296338856535 0.0504226693405547 0.0796671541137991 0.048204984460521294 0.03525321992817066 0.022421531040778934 0.04149764911249333 0.026371744448299702
 0.0644245465151392 0.03355809186133871 0.06201689651193881 0.042118372722767514 0.01258963825923958 0.009285293436715244 0.00726278243611911 0.03516590367254655 0.026091977114573926 0.026598086363232028 0.03478945374266438 0.04510520009166437 0.02879109788926656 0.012772475744743762 10000.0 0.03119934925361344 0.020943253719240454 0.010636245190425702 0.03673002108880352 0.07100427679589207 0.07600204478762548 0.051489903360058424 0.05053017508871494 0.041458658374475515 0.013529454316619522 0.04765404860022078 0.057475489803387445 0.044591063843136804 0.02151471298466781 0.07313309386555573 0.02399304615080832 0.043522185741866865 0.04473635807601319 0.05051119024735043 0.054350027345629257 0.04508748092039765 0.045081489647379486 0.06814946591525266 0.044847552155522365 0.025764585441902077 0.02965697202011767 0.031545934249966025 0.03525230355927477
 0.08270431064694016 0.06471376893188659 0.08797972192994515 0.07203145221911275 0.04009006866512509 0.03356949734833571 0.0345608781222035 0.06087271588867566 0.05026138726326372 0.05018405198075299 0.06193516571033253 0.038786579723381245 0.041871668519995686 0.03855865067927988 0.03119934925361344 10000.0 0.04628046472071759 0.034047792570659055 0.05816292821088971 0.09492655801385033 0.10310565112394644 0.04606914317657184 0.07893805396504379 0.034958729959639355 0.04225335691347323 0.06554191816659494 0.08097467827759779 0.035152056367483864 0.04595593482932587 0.1010269891315905 0.031067936960899958 0.053644300753578594 0.06491110348629427 0.08163989895230873 0.07265514572655146 0.014379730176475284 0.07101213529332864 0.07582371163413174 0.07291614415474258 0.008454499669811282 0.05998792062373449 0.009998183757268542 0.06475344107543207
 0.04383541387594604 0.029452873070627626 0.04214526955236825 0.027482546701338435 0.027698298393434427 0.028636384180881172 0.013927337397754083 0.04481924690052459 0.039472265124742965 0.0403720563932581 0.04258521575863167 0.04137530314761668 0.016910783788429067 0.029480271393471997 0.020943253719240454 0.04628046472071759 10000.0 0.029863318821300017 0.01608677304052723 0.050393679953135435 0.05694136766429464 0.04551488969516204 0.032794288130084455 0.039029483823460165 0.026447896164191825 0.02768681183637177 0.03668493733680529 0.04311540853596123 0.035974252558133905 0.054747531277460064 0.0447304203837849 0.028580226034486636 0.058038935854786186 0.04077564819228364 0.03396911077929866 0.05801321601346247 0.02504031777169308 0.05164247952156531 0.026726573539910693 0.038552416259711696 0.03171412116170715 0.04230433807930724 0.03843643027398619
 0.07369809665463332 0.033303991528644335 0.06863134202186723 0.046106229325854564 0.006475205588645546 0.0013525508393848935 0.017383168062385584 0.027381824029112926 0.017188742358157365 0.01742900127240708 0.02801068567384245 0.054863602242910266 0.039400938992773776 0.004537714107892703 0.010636245190425702 0.034047792570659055 0.029863318821300017 10000.0 0.045946872379993314 0.07841465144486737 0.08165782536549664 0.06150481524252915 0.055808916273641505 0.0510703645955265 0.009046439406303472 0.05733484126458693 0.06534108237052291 0.05390239676611665 0.012556793172140337 0.07828112417423509 0.015603027319748405 0.05410338294097477 0.0349357547403891 0.0513664393286619 0.06380111847905519 0.04842751962862192 0.05221862753488288 0.07869471606304672 0.050611038895830664 0.030968647856403537 0.026819587897060817 0.03725338202444128 0.030904979129308945
 0.02776270885017083 0.03870673995760336 0.030901698426987662 0.027879891583510574 0.04360583636379559 0.04471305838380637 0.029512903838724507 0.058711992585901346 0.054679327235032195 0.05563929261634171 0.05593663785160108 0.04146478408760081 0.018178864296671638 0.04548219680495691 0.03673002108880352 0.05816292821088971 0.01608677304052723 0.045946872379993314 10000.0 0.03677203040091751 0.04655002414886986 0.04306359080424992 0.027158869831344166 0.040584040166161635 0.04215887214339316 0.012014398265607235 0.022833025293291776 0.04472189713257879 0.05152350334094614 0.04563216888536149 0.06067614979561218 0.02008579523669109 0.07270876163030669 0.04368885330580089 0.01790433663750649 0.06793673207480563 0.015719131473569008 0.038545837721130495 0.021810986350008728 0.04984989281532348 0.04380561926152736 0.052116060032149074 0.0502176105143899
 0.02135836848719167 0.05667210775263078 0.011691223890411372 0.03776887886378871 0.0742783275968805 0.07738921299081747 0.0642640282191332 0.08166462717619483 0.08176512384463162 0.08283930758019965 0.07790903048140249 0.07348996679081701 0.05417703341526871 0.07659005417243582 0.07100427679589207 0.09492655801385033 0.050393679953135435 0.07841465144486737 0.03677203040091751 10000.0 0.01660310709641206 0.0724088851207156 0.026744623660217504 0.0738509179607447 0.07211836198098621 0.03210942333215701 0.01395581900933391 0.07763697868901938 0.08006020011500496 0.01992146196877532 0.09395291628296691 0.04865224735810431 0.09659611567411437 0.048046178978801056 0.02647091671925672 0.10447279323081854 0.02619956091321595 0.04855285196588649 0.0295049536715767 0.08662190548722418 0.06530449578916266 0.0887394617880451 0.0697091390404599
 0.03763563010345555 0.054355584370206454 0.015676329207862525 0.036342094281769814 0.07656932689351427 0.08083316490329967 0.07003186144427302 0.07924481753634136 0.0815074344902097 0.08258268961042807 0.07525875533199752 0.08647070233232357 0.06472237561425344 0.07901563331843851 0.07600204478762548 0.10310565112394644 0.05694136766429464 0.08165782536549664 0.04655002414886986 0.01660310709641206 10000.0 0.08629233281566627 0.025862945182016643 0.0862893918670158 0.0741218965955286 0.045356464774051496 0.025666753048685282 0.0902807712053925 0.0807233088574328 0.0053006409751492406 0.09718997288466932 0.062035690276864265 0.09386338707914153 0.04111077321625505 0.04100654949257579 0.11401400359115552 0.03212178434170853 0.06487035471590126 0.031193069992425115 0.09513555193765225 0.06352850363768911 0.09813301209414642 0.06654695541827695
 0.05312805342145932 0.07492094849062961 0.07105049353706842 0.06991907388972506 0.06394482179998408 0.06024012919784326 0.04711673082062833 0.08593270713331784 0.07752828201786954 0.07807218389951882 0.08479704686133832 0.0073846080780715605 0.028677281282219958 0.06425728567336633 0.051489903360058424 0.04606914317657184 0.04551488969516204 0.06150481524252915 0.04306359080424992 0.0724088851207156 0.08629233281566627 10000.0 0.07019192721616589 0.011412748680326056 0.0643518703514281 0.04093597502440407 0.06062612897867677 0.011134992270649463 0.07299194367447147 0.08662404302885537 0.06919181830133811 0.02431908345470576 0.09621768955599838 0.08504528159035772 0.045937984434334604 0.0460046581733649 0.05852478215370398 0.0345883128998671 0.0648495103269526 0.039681260611929975 0.07598644515868798 0.03607653961193948 0.08262387445768588
 0.035960927552788874 0.030105541770151498 0.015107793760107076 0.011199383380625056 0.05071708353861625 0.05500129139312921 0.044965654928431485 0.05522119390336789 0.056279243553025216 0.05735941461195944 0.05138598008206614 0.06852392285912241 0.04421831419907667 0.05315940652533717 0.05053017508871494 0.07893805396504379 0.032794288130084455 0.055808916273641505 0.027158869831344166 0.026744623660217504 0.025862945182016643 0.07019192721616589 10000.0 0.06739562352259411 0.04828628626801247 0.03236979842714786 0.01960716790454196 0.07157279424491139 0.05516671635379691 0.02261573811437568 0.07132899258436495 0.046609085535373955 0.0701181103275114 0.02275531185361289 0.032250904756176264 0.09078967729914 0.011858210961628668 0.05895979066848337 0.006085648613168021 0.0713337927076965 0.03897770396503147 0.07502657556801065 0.04304491288296597
 0.056482912777924194 0.06775020762129633 0.07067640644743024 0.06535856959321946 0.054038334367932234 0.04985057625533415 0.03792863792419896 0.07642347092923193 0.06753834046401852 0.06801067300001046 0.0756065425923215 0.00405199243635769 0.023389389251673873 0.05412222238256818 0.041458658374475515 0.034958729959639355 0.039029483823460165 0.0510703645955265 0.040584040166161635 0.0738509179607447 0.0862893918670158 0.011412748680326056 0.06739562352259411 10000.0 0.05470451046904952 0.041742419043276094 0.06096816728501371 0.004191605130110363 0.06293138590707999 0.08592030767082968 0.057973934529661035 0.025519745192825374 0.08597005219344593 0.07966767433741659 0.04787746203857566 0.03650081532477607 0.05628575344445109 0.04260292066894888 0.061642755004346184 0.028308604145637115 0.06773658762613664 0.025023080740893905 0.07422372613562424
 0.06950450480869447 0.024291641761960657 0.0618052240753135 0.03807930241255674 0.0026559489593626622 0.00900242493601032 0.01741125475801412 0.02172650920017032 0.013579066775277988 0.014332414329379688 0.021266689197392854 0.05823682681405948 0.03933653296167734 0.0050925064281372185 0.013529454316619522 0.04225335691347323 0.026447896164191825 0.009046439406303472 0.04215887214339316 0.07211836198098621 0.0741218965955286 0.0643518703514281 0.04828628626801247 0.05470451046904952 10000.0 0.05402734739025989 0.05958836439349839 0.05796846734559532 0.009594723952874426 0.07049376913911191 0.023420081930592973 0.05347516619590847 0.032565794265947974 0.04240196875532306 0.060001967550317066 0.0565781200604843 0.04602825150176599 0.07755345486596289 0.043456666346280974 0.03818642231660463 0.01791518213050767 0.044281873199935255 0.022540542964970406
 0.017340933260678874 0.049888781074862616 0.03021280782325577 0.036544791659232086 0.055374356726038694 0.056062205619386914 0.040392826895577626 0.07066930698224387 0.0666714547245657 0.06762498685249267 0.06782713672682347 0.04144916926383461 0.02367595467999269 0.05716404273427352 0.04765404860022078 0.06554191816659494 0.02768681183637177 0.05733484126458693 0.012014398265607235 0.03210942333215701 0.045356464774051496 0.04093597502440407 0.03236979842714786 0.041742419043276094 0.05402734739025989 10000.0 0.019691151659162503 0.04553647415074158 0.06345313225793585 0.04582539581006944 0.07163483755393645 0.016721146303592133 0.08471931685835137 0.052357302197099415 0.007135684653445603 0.07359847449301336 0.020767438742244775 0.02777686756528032 0.028507744002496914 0.05708861851341123 0.055546026428952344 0.05823169641302816 0.06184023020408229
 0.01657572787176468 0.046929998497069275 0.010911666289124667 0.028878812859071328 0.06160069916556387 0.06425837130987434 0.05060361995565024 0.07121831571927825 0.07012837778839157 0.07118557460709363 0.06768152744256424 0.06095470126676149 0.04044975132895336 0.06383089389988086 0.057475489803387445 0.08097467827759779 0.03668493733680529 0.06534108237052291 0.022833025293291776 0.01395581900933391 0.025666753048685282 0.06062612897867677 0.01960716790454196 0.06096816728501371 0.05958836439349839 0.019691151659162503 10000.0 0.06488586796229678 0.0680042262043892 0.026402151318572178 0.08076653625069019 0.036387707218236996 0.08608855228703215 0.04235303416159801 0.01586013071612555 0.09065275555363361 0.013833409617115667 0.041830594577236466 0.019593052354972603 0.0726790099833592 0.05488234733466402 0.07487925276344488 0.0600217019713412
 0.05987757089484716 0.07168311918774715 0.07469149463222467 0.0695373966203741 0.057178861157237935 0.05271936336613354 0.04145670754949326 0.07969306694724633 0.07059408695069498 0.07102547740647486 0.07900604662397015 0.004763681646544095 0.027580017184232107 0.05713616140887439 0.044591063843136804 0.035152056367483864 0.04311540853596123 0.05390239676611665 0.04472189713257879 0.07763697868901938 0.0902807712053925 0.011134992270649463 0.07157279424491139 0.004191605130110363 0.05796846734559532 0.04553647415074158 0.06488586796229678 10000.0 0.06595997291766507 0.08998132092948616 0.05993114784697858 0.029108197077339457 0.08883815146212663 0.08379724367461554 0.05151479064071772 0.03501489533636223 0.06043184221278377 0.04454996697836033 0.06582847735813976 0.0292401016297576 0.0714440542322136 0.025158208309235545 0.07787961834481748
 0.07863867915833624 0.027795840271683057 0.0693382530019391 0.044381324833035835 0.00914940625488784 0.01352149639183729 0.026607352682627938 0.01495427757233713 0.004664117180308959 0.0050835149409371415 0.01614738766946827 0.0666103988372053 0.04877468971538511 0.008824246753889623 0.02151471298466781 0.04595593482932587 0.035974252558133905 0.012556793172140337 0.05152350334094614 0.08006020011500496 0.0807233088574328 0.07299194367447147 0.05516671635379691 0.06293138590707999 0.009594723952874426 0.06345313225793585 0.0680042262043892 0.06595997291766507 10000.0 0.07674688091882119 0.020486518866786676 0.06302218639782436 0.023316209121820548 0.045661157096727 0.06929102823428836 0.06028096121721191 0.05426146851017382 0.08714555766439273 0.050858062208263236 0.043445405756508085 0.01924875110324793 0.04975310431794095 0.021087078484209335
 0.04003810672525801 0.04996746289968062 0.015614385439495719 0.03246286159135046 0.07299231863772158 0.07751291918763026 0.06743721738909783 0.07467500897780341 0.0773333120456303 0.0784034312429871 0.07066692771988024 0.08634964497019403 0.06376758467998228 0.07545428843393694 0.07313309386555573 0.1010269891315905 0.054747531277460064 0.07828112417423509 0.04563216888536149 0.01992146196877532 0.0053006409751492406 0.08662404302885537 0.02261573811437568 0.08592030767082968 0.07049376913911191 0.04582539581006944 0.026402151318572178 0.08998132092948616 0.07674688091882119 10000.0 0.0937277222355013 0.062304962924164445 0.08919212294666486 0.03608743422103793 0.04218582916137599 0.11235598168259944 0.030493174420664997 0.06709804362306106 0.028349476539196818 0.09320803041505774 0.059164789384282074 0.09649235383287857 0.06191249758493236
 0.08840329949566404 0.04710847993680184 0.08423337483155101 0.061409475218635906 0.020827838242314815 0.016569691303306384 0.031254701512694445 0.03352110518517514 0.023331737700647864 0.022796385372689337 0.035838914143330194 0.06200084820684247 0.05159052008716151 0.01835426132807529 0.02399304615080832 0.031067936960899958 0.0447304203837849 0.015603027319748405 0.06067614979561218 0.09395291628296691 0.09718997288466932 0.06919181830133811 0.07132899258436495 0.057973934529661035 0.023420081930592973 0.07163483755393645 0.08076653625069019 0.05993114784697858 0.020486518866786676 0.0937277222355013 10000.0 0.06630215948375447 0.03430779547331648 0.06526589958379275 0.07834235855766322 0.04434795509986058 0.0677696514763342 0.09093576537493875 0.06619461742080521 0.032066499348624336 0.03928988606733085 0.03806208439474917 0.041570908792251435
 0.03105876021372498 0.05678005361184461 0.046735002441095054 0.04793126867684168 0.05406205576725573 0.052752287898917796 0.03686579469806575 0.07323304527294802 0.06699513642950909 0.06779401732582022 0.07113370484052499 0.024849043507877346 0.014772055145194914 0.055264423420448114 0.043522185741866865 0.053644300753578594 0.028580226034486636 0.05410338294097477 0.02008579523669109 0.04865224735810431 0.062035690276864265 0.02431908345470576 0.046609085535373955 0.025519745192825374 0.05347516619590847 0.016721146303592133 0.036387707218236996 0.029108197077339457 0.06302218639782436 0.062304962924164445 0.06630215948375447 10000.0 0.08589944772686643 0.06366584824050409 0.022407481052435833 0.05959899355158501 0.03477957166473252 0.02467177135574982 0.04166024155050486 0.04535661561632723 0.060179585077633165 0.045118042935278886 0.06687529101167528
 0.09864721869887588 0.040014022977615464 0.08515076094228505 0.05893207081083304 0.032460667267383905 0.03612855288769018 0.0498767381620921 0.0149339606944164 0.01898893742070366 0.018294686309847527 0.01873719648014111 0.08972064571898747 0.07189678905151774 0.03196408733466471 0.04473635807601319 0.06491110348629427 0.058038935854786186 0.0349357547403891 0.07270876163030669 0.09659611567411437 0.09386338707914153 0.09621768955599838 0.0701181103275114 0.08597005219344593 0.032565794265947974 0.08471931685835137 0.08608855228703215 0.08883815146212663 0.023316209121820548 0.08919212294666486 0.03430779547331648 0.08589944772686643 10000.0 0.05385962464608844 0.08995700364510065 0.07857714138160032 0.07232238635462808 0.10965275113626309 0.0672045585620531 0.06426662311988458 0.03131754534186142 0.07057457977987593 0.027324368462918365
 0.058571391024837716 0.01817207201447044 0.036530975564639474 0.015901141766303546 0.045052634638149326 0.051075400205721704 0.04769067892475211 0.039975503648410814 0.04489831015601177 0.045892167356259526 0.03593581184816503 0.08174191142442971 0.05666506614744927 0.04742001519912471 0.05051119024735043 0.08163989895230873 0.04077564819228364 0.0513664393286619 0.04368885330580089 0.048046178978801056 0.04111077321625505 0.08504528159035772 0.02275531185361289 0.07966767433741659 0.04240196875532306 0.052357302197099415 0.04235303416159801 0.08379724367461554 0.045661157096727 0.03608743422103793 0.06526589958379275 0.06366584824050409 0.05385962464608844 10000.0 0.05380365628185014 0.09519117114365815 0.03208478941675225 0.07997087433305658 0.024224858002824243 0.07543417543657986 0.02646073162149353 0.08046727716945534 0.02718093320744577
 0.010241949925835775 0.053629061765641015 0.02677156208690658 0.03844238791921806 0.06149628135860814 0.06255295641980145 0.047090861643935444 0.07561809505671856 0.07229160252593077 0.07327504007569463 0.07257321779027626 0.04722967447211752 0.030783623994944918 0.06338581302745913 0.054350027345629257 0.07265514572655146 0.03396911077929866 0.06380111847905519 0.01790433663750649 0.02647091671925672 0.04100654949257579 0.045937984434334604 0.032250904756176264 0.04787746203857566 0.060001967550317066 0.007135684653445603 0.01586013071612555 0.05151479064071772 0.06929102823428836 0.04218582916137599 0.07834235855766322 0.022407481052435833 0.08995700364510065 0.05380365628185014 10000.0 0.08052309531817085 0.021737628505380777 0.026757922262793672 0.029578904804036847 0.06420091711283979 0.06002659183063735 0.06524799391479959 0.06607280990028161
 0.09016440244378042 0.07863910606205345 0.09856543933659284 0.08472068663652954 0.054448258571347254 0.04794187879231063 0.047616081783527886 0.07516878513145905 0.06453582998306277 0.06442309968484224 0.07629634055955697 0.03954773933806733 0.05033474700319698 0.052937296338856535 0.04508748092039765 0.014379730176475284 0.05801321601346247 0.04842751962862192 0.06793673207480563 0.10447279323081854 0.11401400359115552 0.0460046581733649 0.09078967729914 0.03650081532477607 0.0565781200604843 0.07359847449301336 0.09065275555363361 0.03501489533636223 0.06028096121721191 0.11235598168259944 0.04434795509986058 0.05959899355158501 0.07857714138160032 0.09519117114365815 0.08052309531817085 10000.0 0.08195178214318703 0.07909838197307863 0.084710044688871 0.019819820922932992 0.07423440389428212 0.01588100337421767 0.07909969926219991
 0.027650673646022694 0.033565830156677065 0.017106127410775097 0.016789484808740696 0.04813319581104972 0.05120176267932755 0.03859620041524596 0.05748481607789115 0.056310255205942364 0.0573697527211754 0.05400905231541045 0.05717433583729479 0.0335111362220478 0.0504226693405547 0.045081489647379486 0.07101213529332864 0.02504031777169308 0.05221862753488288 0.015719131473569008 0.02619956091321595 0.03212178434170853 0.05852478215370398 0.011858210961628668 0.05628575344445109 0.04602825150176599 0.020767438742244775 0.013833409617115667 0.06043184221278377 0.05426146851017382 0.030493174420664997 0.0677696514763342 0.03477957166473252 0.07232238635462808 0.03208478941675225 0.021737628505380777 0.08195178214318703 10000.0 0.04799406840300199 0.007878774765330877 0.06301474057643539 0.04120178321918966 0.06607436906984393 0.04656113114838099
 0.027240742186663756 0.07723466058464902 0.05245203339436277 0.06424918089944705 0.0783346095748194 0.07734617185246752 0.061376374191111256 0.0963634513987374 0.09092858383789565 0.09177971078170932 0.09389960106585464 0.039821264653553845 0.03944283930680298 0.0796671541137991 0.06814946591525266 0.07582371163413174 0.05164247952156531 0.07869471606304672 0.038545837721130495 0.04855285196588649 0.06487035471590126 0.0345883128998671 0.05895979066848337 0.04260292066894888 0.07755345486596289 0.02777686756528032 0.041830594577236466 0.04454996697836033 0.08714555766439273 0.06709804362306106 0.09093576537493875 0.02467177135574982 0.10965275113626309 0.07997087433305658 0.026757922262793672 0.07909838197307863 0.04799406840300199 10000.0 0.055865715724355273 0.0679514027861381 0.08214143290327022 0.06644062211124133 0.08865503175051667
 0.034895420277406955 0.02753245645510145 0.018481373270103876 0.009352757953591294 0.04579725502722309 0.04974079895673871 0.03909102895425962 0.05227285859959514 0.052344330998543395 0.05342178910508531 0.048591252908293525 0.06289935548171136 0.03836839604156002 0.048204984460521294 0.044847552155522365 0.07291614415474258 0.026726573539910693 0.050611038895830664 0.021810986350008728 0.0295049536715767 0.031193069992425115 0.0648495103269526 0.006085648613168021 0.061642755004346184 0.043456666346280974 0.028507744002496914 0.019593052354972603 0.06582847735813976 0.050858062208263236 0.028349476539196818 0.06619461742080521 0.04166024155050486 0.0672045585620531 0.024224858002824243 0.029578904804036847 0.084710044688871 0.007878774765330877 0.055865715724355273 10000.0 0.06527502812798561 0.03588706891105624 0.06894219236695465 0.04064988488575678
 0.07425133450535291 0.05914674688474884 0.07989630836244205 0.0649513299549916 0.036356590896201864 0.03019926131638238 0.027804168666958548 0.058344759365243345 0.04799568629864373 0.04809799818792821 0.05887976247572558 0.03229904429389397 0.03341734726059198 0.03525321992817066 0.025764585441902077 0.008454499669811282 0.038552416259711696 0.030968647856403537 0.04984989281532348 0.08662190548722418 0.09513555193765225 0.039681260611929975 0.0713337927076965 0.028308604145637115 0.03818642231660463 0.05708861851341123 0.0726790099833592 0.0292401016297576 0.043445405756508085 0.09320803041505774 0.032066499348624336 0.04535661561632723 0.06426662311988458 0.07543417543657986 0.06420091711283979 0.019819820922932992 0.06301474057643539 0.0679514027861381 0.06527502812798561 10000.0 0.05533898016416298 0.006335739438020845 0.060640322268947396
 0.06810618626565029 0.009199908051386584 0.05392155133317529 0.027781121668971596 0.020358580488436723 0.026903922146107897 0.03023486560924775 0.016387576161996913 0.01856275881235497 0.01959167820405316 0.012807329261710044 0.07080193546657093 0.048157741327524595 0.022421531040778934 0.02965697202011767 0.05998792062373449 0.03171412116170715 0.026819587897060817 0.04380561926152736 0.06530449578916266 0.06352850363768911 0.07598644515868798 0.03897770396503147 0.06773658762613664 0.01791518213050767 0.055546026428952344 0.05488234733466402 0.0714440542322136 0.01924875110324793 0.059164789384282074 0.03928988606733085 0.060179585077633165 0.03131754534186142 0.02646073162149353 0.06002659183063735 0.07423440389428212 0.04120178321918966 0.08214143290327022 0.03588706891105624 0.05533898016416298 10000.0 0.06120028522346825 0.006727785984570126
 0.07508006309414726 0.0646111950227337 0.08269095853924865 0.06930138449792461 0.04252903909707929 0.03645427793655489 0.03279726117867003 0.06463505208327477 0.05431427065954764 0.05442498408495328 0.06510744651793902 0.028811436351429846 0.03472742467421908 0.04149764911249333 0.031545934249966025 0.009998183757268542 0.04230433807930724 0.03725338202444128 0.052116060032149074 0.0887394617880451 0.09813301209414642 0.03607653961193948 0.07502657556801065 0.025023080740893905 0.044281873199935255 0.05823169641302816 0.07487925276344488 0.025158208309235545 0.04975310431794095 0.09649235383287857 0.03806208439474917 0.045118042935278886 0.07057457977987593 0.08046727716945534 0.06524799391479959 0.01588100337421767 0.06607436906984393 0.06644062211124133 0.06894219236695465 0.006335739438020845 0.06120028522346825 10000.0 0.066648564463035
 0.07383776906546029 0.013117576642941891 0.05814251472833234 0.03194031671696153 0.024670492119970633 0.031232203635411765 0.0365111993756321 0.012849097528227927 0.018887580660937153 0.019739823315017828 0.008805877108327002 0.07734920315882789 0.05487606566604185 0.026371744448299702 0.03525230355927477 0.06475344107543207 0.03843643027398619 0.030904979129308945 0.0502176105143899 0.0697091390404599 0.06654695541827695 0.08262387445768588 0.04304491288296597 0.07422372613562424 0.022540542964970406 0.06184023020408229 0.0600217019713412 0.07787961834481748 0.021087078484209335 0.06191249758493236 0.041570908792251435 0.06687529101167528 0.027324368462918365 0.02718093320744577 0.06607280990028161 0.07909969926219991 0.04656113114838099 0.08865503175051667 0.04064988488575678 0.060640322268947396 0.006727785984570126 0.066648564463035 10000.0
GTSP_SET_SECTION
0 
1 2 3 
4 5 6 
7 8 9 
10 11 12 
13 14 15 
16 17 18 
19 20 21 
22 23 24 
25 26 27 
28 29 30 
31 32 33 
34 35 36 
37 38 39 
40 41 42 
GTSP_Visit_SECTION
1
1
1
1
1
1
1
1
1
1
1
1
1
1
1
EOF