NAME :TPP_input_21_3_1
NUM_VERTICES
61
NUM_CLUSTERS
21
Full Matrix
 10000.0 0.0632060064541614 0.06022041555060639 0.02377253483948246 0.05561735275066789 0.08462011872858863 0.028319734105909426 0.07898234049706364 0.07351993286055512 0.02063897362128627 0.07104487828795547 0.03868668500269552 0.017814098096667418 0.09073564400150874 0.018254282877859934 0.08353041491513408 0.09313892901057792 0.09216161682727776 0.02959370111214053 0.05142674379076913 0.048178583755188686 0.03737015152544811 0.01130367604406706 0.04213641964103235 0.09855871775290416 0.01607915111612906 0.048908532336325396 0.07832201906896873 0.07352793231923363 0.062187331163478334 0.050664906926409556 0.08223167609821075 0.07168886092623857 0.09125810188685365 0.06198699381047703 0.012908939823273107 0.05421803241675941 0.08761280767319447 0.03392989520239163 0.07607648845039716 0.002462875187329002 0.05437145179777822 0.06713229227087444 0.054187557323005044 0.10005475201420955 0.01997093622298982 0.08839126390604132 0.05211779501677706 0.05360253551317661 0.056532497278078894 0.11469600476338077 0.06454961552395108 0.028513633413414296 0.05318634951796134 0.0537465955832081 0.08327154692658884 0.03164757409026507 0.06269178985378637 0.06448411941320395 0.018416482588444465 0.011921683753076855
 0.0632060064541614 10000.0 0.0904626207277723 0.046318093931852815 0.0811963830347125 0.0400169898873153 0.04284995891707351 0.03470597555635025 0.03046137813758835 0.04986218627603771 0.021014198924542014 0.026660087809112016 0.06199892995372343 0.05495089055198823 0.05233133636968361 0.0392012859432505 0.08373734089777478 0.07791322837727714 0.03723516973442288 0.08030242274447508 0.0551953417514587 0.0857644619102804 0.07162851643886302 0.07141984102921373 0.04559458139775035 0.07670780683117077 0.014423969122725505 0.06641792316483894 0.07640726806500993 0.01169171259565463 0.059724714390851155 0.06615760889579939 0.015642339238932292 0.0942414563814966 0.0013955991026163947 0.0756642061761033 0.01009418609328938 0.09511983369274467 0.07275935475166097 0.028089060188190646 0.06074415603001329 0.08553710774465736 0.007595754570078617 0.07023804380396814 0.06947203899527978 0.05130102024579732 0.03836107254578477 0.06534855636409512 0.03238690435309571 0.06746213049492747 0.0658869710551416 0.041103862712620336 0.038345902290727096 0.03538722572021817 0.01088698089738591 0.029315823062307 0.0777464784267342 0.027263973823662777 0.05106945208718957 0.07523529098777443 0.074005801341388
 0.06022041555060639 0.0904626207277723 10000.0 0.05159305839232847 0.009535229090372781 0.08299458842683989 0.05219942065490648 0.08030978501579167 0.07744428446985178 0.05025348510052566 0.08259771532626577 0.06694287514068455 0.04340407652597164 0.07751890564328455 0.04982176977617625 0.08224194299477276 0.05374538496073534 0.05773471245680369 0.058765773278447696 0.010504914603743738 0.03599239944524336 0.02832996485987605 0.052162636329795155 0.02069157967245331 0.09955976811669201 0.051159117385372294 0.08157519687139586 0.04983029258712808 0.033565408037413015 0.08158120862681557 0.032014448914769164 0.055132313202886044 0.08785169685859834 0.041647889552270646 0.09000458636791638 0.05691158343969703 0.08084532777194445 0.035539860924240184 0.02635092429792152 0.08252544217599964 0.06052122540024002 0.005967815364898466 0.08901277586014895 0.02185689115683138 0.07756017544069872 0.04930957706882871 0.09018994851486446 0.026455889854701677 0.060089582341738584 0.026421366854700815 0.10596222305223797 0.059385630481583046 0.07724966188352762 0.0571966856517201 0.07996710555088908 0.09140295208240126 0.029762875385645336 0.06984594137427412 0.04997557961153659 0.04532478171405541 0.05494218305263932
 0.02377253483948246 0.046318093931852815 0.05159305839232847 10000.0 0.044029411664059624 0.06132846903833744 0.004667913174313022 0.05586030567158362 0.05054202722959775 0.0038095470120664255 0.049339279018368064 0.01965800626655042 0.015740669943403635 0.0669631334457553 0.006591507527978587 0.06024642667211383 0.07223871802902193 0.07030212204830114 0.009110172331054003 0.04119783919176312 0.027345981715978972 0.03991696896193183 0.027762194383324355 0.0309060818282196 0.07591852981676807 0.0323229229410617 0.03372216763295716 0.056229960055569315 0.05452218051668427 0.042095159971528955 0.030975876484950385 0.05967938873629064 0.05122062639084824 0.07340285173851174 0.04537079427405254 0.03316033247371114 0.036323406087433535 0.0709885942101079 0.028307817107652674 0.05359243363219062 0.0218886800808755 0.0457736198269458 0.04827497950642396 0.03782510424701195 0.07651016802739025 0.005165688510757207 0.06560593394352353 0.03425937485198568 0.030041456888695164 0.038425131567305995 0.09125932184134533 0.04078267135772678 0.025964654087304067 0.029454472125712096 0.03561933071850492 0.061394448402525024 0.03192239518506011 0.03968322777222046 0.04134996691805123 0.029609726436499215 0.030945945745649676
 0.05561735275066789 0.0811963830347125 0.009535229090372781 0.044029411664059624 10000.0 0.07374835122063012 0.04410706342958109 0.07092410442726112 0.06796914363762534 0.04316139946333234 0.07306248811611027 0.05822336833461158 0.03805533377993258 0.06893858800439553 0.043124769576745305 0.07297280569513624 0.04852079002992999 0.05152424089075463 0.05057364434065912 0.004732173964849082 0.026487919209871046 0.028990061117662645 0.04893329221242604 0.013746306207693945 0.09035153640765342 0.04886429404025295 0.07272006815293446 0.042171266243060446 0.027267211732161255 0.07214676216673015 0.022479298323478822 0.047500155066950156 0.07833098311635112 0.03928360987556826 0.08077430107271397 0.05428155072725802 0.07167577871406845 0.034086567177268684 0.022161187620764716 0.073031725309983 0.05556784798175651 0.006911572704794367 0.07958528101815103 0.012432636750853373 0.06998284835554844 0.04237866159980429 0.08087254306011596 0.016935612280488694 0.05058427776913291 0.01721687221344256 0.09742435968113933 0.04996752272705163 0.06995734338822061 0.04768027234430885 0.07079299354764144 0.0819191135923539 0.027765006325033443 0.06031071322970911 0.040781846906708163 0.042839193488428774 0.05208374005315443
 0.08462011872858863 0.0400169898873153 0.08299458842683989 0.06132846903833744 0.07374835122063012 10000.0 0.056660917899506925 0.006007236588982188 0.011602915842889262 0.06495505232183786 0.019152238385986564 0.04817244768004426 0.07477648185778822 0.01627483901268221 0.06771869366756482 0.001092514576272116 0.05341405450665993 0.046102169163144496 0.0552264292103257 0.0752603828918334 0.04978233372584317 0.09120728208826308 0.0887899196726484 0.07038202244770042 0.0166416664794399 0.09294182382534762 0.04787012402809592 0.039886298450432456 0.0560114944372023 0.03023749545589035 0.05232281806206218 0.036771346822753986 0.024692257258141743 0.06887484909642717 0.04104607782532575 0.09442036862021762 0.04007731821993591 0.07225777439006746 0.07686007914839606 0.0119643144195531 0.0824608521556477 0.08013259861827436 0.0325693286910493 0.0613419609991297 0.030918248232808147 0.06605950925013493 0.007642186819492286 0.05721586730013091 0.03138786449695835 0.05658128018768292 0.03014808050635163 0.024413509044603578 0.06929681358610304 0.03257692159419402 0.03977205104796254 0.014382016996122763 0.0842056658548099 0.022036641971984836 0.03302464238361682 0.08907016804360424 0.09213671476008001
 0.028319734105909426 0.04284995891707351 0.05219942065490648 0.004667913174313022 0.04410706342958109 0.056660917899506925 10000.0 0.05119476538015692 0.04588492089731498 0.008377791570092915 0.044844819426827776 0.016362803296001645 0.019774022863475505 0.06245199713699449 0.011175065463711949 0.055578741283822106 0.0691359202667553 0.06684764872186481 0.006604712328285175 0.041704985662726284 0.024848985316807445 0.04294537319833399 0.03237544767873972 0.03159873559653253 0.07127821656519692 0.036866642967541476 0.030945898763404336 0.052742498457706934 0.05220984674136425 0.03794939243143204 0.028867363983056407 0.05597197471194669 0.046942124693818824 0.07128559234340776 0.0419786329125243 0.03781884893050445 0.03277514959587646 0.06925304032990257 0.03046966510144494 0.04897993210294715 0.026362149843367242 0.046530540683179 0.04434554331295136 0.036712194321684696 0.07224866824258963 0.009620390102276976 0.060957424058714606 0.03275024268206786 0.02538728929922072 0.0367039493636005 0.08660033911206745 0.03631430442731063 0.026851056549852266 0.02486686319306308 0.032025831232822065 0.05685143603804775 0.034922008798486184 0.0350289684816543 0.037424026009673324 0.033922490181478665 0.03559203546317995
 0.07898234049706364 0.03470597555635025 0.08030978501579167 0.05586030567158362 0.07092410442726112 0.006007236588982188 0.05119476538015692 10000.0 0.0056221591131381254 0.059532713129605765 0.013693091406907455 0.0422290724708053 0.06964986319737024 0.020429303745011836 0.06231196228441259 0.004962440410809156 0.05487484712068509 0.047877749184357894 0.049499509975908934 0.07211232407309971 0.046081534533080754 0.08695987089992295 0.08345360830832746 0.06661738168798843 0.020642208534900817 0.08770319930325726 0.04196480320260851 0.03998992716441267 0.0551206454444114 0.024491380361169872 0.0489971263639979 0.037582812999135046 0.019820064716466523 0.06930509148197264 0.035664047882918624 0.08900619963297964 0.03420672060608079 0.07217768164604416 0.07259138335950997 0.006781272771120793 0.07679389350699005 0.07710872880186634 0.02741928738197203 0.05849295820007124 0.035132760563435304 0.060674841835754494 0.010346106293604595 0.05414511871202836 0.026148489579335233 0.053929052007836334 0.035987250794816045 0.020982962672829925 0.06329159180849966 0.02763217022904641 0.033874214968919035 0.01253865217184649 0.07977604180632901 0.016293751252364395 0.030706908204103503 0.08399522065770622 0.08675284961303936
 0.07351993286055512 0.03046137813758835 0.07744428446985178 0.05054202722959775 0.06796914363762534 0.011602915842889262 0.04588492089731498 0.0056221591131381254 10000.0 0.0542467627233725 0.009823043126214698 0.036608327101690125 0.06459558908764973 0.024577281469559377 0.05703523147783146 0.010535258656455234 0.056068041801230886 0.049439593467995376 0.04399068341989274 0.06884819911359095 0.04245610555609751 0.08264366069834175 0.07821343329964561 0.06280054492938011 0.025500585394663707 0.08253743719124686 0.036695915942747195 0.04014542160848566 0.054115314348645305 0.01962837749942323 0.045711496526292104 0.03844352466057014 0.016622871051969045 0.0694201783315283 0.031302466923486004 0.08370227338181611 0.029028288352057206 0.07179640089442332 0.06828916481970097 0.005268164052582386 0.07131239745858312 0.0739398500060776 0.023529721371689866 0.0555888181880588 0.03901353677915099 0.055418083438077775 0.015122352730481396 0.051061614471189176 0.021167554582410156 0.05125084937642644 0.04159324161416611 0.01824748718740955 0.05770534767552935 0.022951260977532674 0.028640629068969355 0.01397068399881793 0.07531180936590409 0.010863357908554173 0.02875221010125025 0.0789664376779635 0.0814734347125809
 0.02063897362128627 0.04986218627603771 0.05025348510052566 0.0038095470120664255 0.04316139946333234 0.06495505232183786 0.008377791570092915 0.059532713129605765 0.0542467627233725 10000.0 0.053144718408976874 0.023226186269259926 0.012138291246173874 0.07022115634626307 0.002798122913170564 0.06387599811337492 0.07395156843857528 0.07235729159481878 0.012637810501724234 0.040010326470965835 0.028805902867879516 0.03683553287526211 0.023997714535706642 0.029692754072254923 0.07965342581127334 0.02852151021580033 0.03698962768994546 0.05835270812497986 0.055577482029079625 0.04586914374555568 0.03205447451587509 0.062010012565944614 0.05501762209100286 0.07421940171903689 0.048884413637291554 0.029474709890074818 0.0399163570571899 0.07148111014540422 0.025959626239663358 0.05735585674665235 0.018936826899446636 0.04435207090770402 0.051987424589672156 0.03798825112898354 0.07942279825702839 0.0014399765779941895 0.06932811497258305 0.03479373848134139 0.03361005536113079 0.03908772662067439 0.09482259801421679 0.04400904320437222 0.02699957609579865 0.03288205099163043 0.03923057675060549 0.06519084956863498 0.028904585099961588 0.043395737313007096 0.04396053926852431 0.025828124040639618 0.027227053568768016
 0.07104487828795547 0.021014198924542014 0.08259771532626577 0.049339279018368064 0.07306248811611027 0.019152238385986564 0.044844819426827776 0.013693091406907455 0.009823043126214698 0.053144718408976874 10000.0 0.03262819420147274 0.06440289745589897 0.03398940941061319 0.05593038598827443 0.018279638900400758 0.06550500813966352 0.059044163579526895 0.04161547253972392 0.07337349054585177 0.04675896257454829 0.0846633812416743 0.07702155381982793 0.06627345930827595 0.02821772581052432 0.0816605031565838 0.029268697087487326 0.0491051860946976 0.06197068591116399 0.011313872180658735 0.05058347273287828 0.047812964852833886 0.006910116968869772 0.07815397643302832 0.021974581781498515 0.08213208916766254 0.021401873361680656 0.08011258209267 0.070502463815371 0.007197932668388939 0.0687116185846293 0.07858830047758662 0.013814100349439263 0.060934393585193286 0.04859672156165098 0.05444713382602856 0.0189909093412522 0.0561798419664667 0.023092433667591627 0.057034583645567134 0.04707737468056514 0.025283241969632102 0.052038792239329244 0.025711351031671905 0.021229534301368286 0.012229944987701488 0.07699178950992416 0.012752002205319005 0.03610133408626097 0.07870827123338543 0.080052117778056
 0.03868668500269552 0.026660087809112016 0.06694287514068455 0.01965800626655042 0.05822336833461158 0.04817244768004426 0.016362803296001645 0.0422290724708053 0.036608327101690125 0.023226186269259926 0.03262819420147274 10000.0 0.035354068978389205 0.05778094120250382 0.025752631843596035 0.0470896885128667 0.07386337111288192 0.0699809106560783 0.010588456884701756 0.05647800650167052 0.03463271890960085 0.05928620668947934 0.04579306870533388 0.04680418567548115 0.06062864742625876 0.05073958550265362 0.014789940832315013 0.05628713796957214 0.06053836026515077 0.02353529455158022 0.039270902254782185 0.058169886881643644 0.033013642337807285 0.0796669943090084 0.025721383805865115 0.05038413071543137 0.01669096743557079 0.07884643574998085 0.04673337642978265 0.03826288517281557 0.03629934326421209 0.061540821574735526 0.029014127434743697 0.048921859214551194 0.06995647791134123 0.0246624811342241 0.050774124980946085 0.04431738848835531 0.0209910452345815 0.047512750339401576 0.07818055202529686 0.033917938136518486 0.022089326326237457 0.022512892915672017 0.016015447953683936 0.04483650913290576 0.05126264705650557 0.026417547085021722 0.039586789086324375 0.048814450795207256 0.048492427395710434
 0.017814098096667418 0.06199892995372343 0.04340407652597164 0.015740669943403635 0.03805533377993258 0.07477648185778822 0.019774022863475505 0.06964986319737024 0.06459558908764973 0.012138291246173874 0.06440289745589897 0.035354068978389205 10000.0 0.07826306148353449 0.009810158626829725 0.07372071249245594 0.07624975540575486 0.07585778249575804 0.024767234327926182 0.03405083726127666 0.032098526493236954 0.025389157744547704 0.014999061278980328 0.02442962191052012 0.09009608469221114 0.018355694984413858 0.04904608456354462 0.06235540395626792 0.05610873368589783 0.057712820207207784 0.03388210419649029 0.06665514358326845 0.06670817147258118 0.07354037701987945 0.061022677709622726 0.021136699610575377 0.05203981567273314 0.06980847833599947 0.01719090275092204 0.06810801994099262 0.01753817606464401 0.03745559307994011 0.0639980728878866 0.03647233023223356 0.08597310833452741 0.010698732035999149 0.07971443340863374 0.03469147199982634 0.04350202466915924 0.039086269450412256 0.10415745827140356 0.05229322822571212 0.03619235678289711 0.04221397995425488 0.05134562892530898 0.07625945580368074 0.017776025472352148 0.05387834995769586 0.05003276102456649 0.014380087414069079 0.018648456356085783
 0.09073564400150874 0.05495089055198823 0.07751890564328455 0.0669631334457553 0.06893858800439553 0.01627483901268221 0.06245199713699449 0.020429303745011836 0.024577281469559377 0.07022115634626307 0.03398940941061319 0.05778094120250382 0.07826306148353449 10000.0 0.07281796246665449 0.016699842054353972 0.03936417936525688 0.03174421436897983 0.06266984626312441 0.07138211827456593 0.04886699092051253 0.09064002109333251 0.09303393217673003 0.06865659699862164 0.026803503176069055 0.09660207911756621 0.06070577560919445 0.029312248672975254 0.046743104110013874 0.044181539907841905 0.05002729193069331 0.024852072139358816 0.04024837182379917 0.05630540151967807 0.05583835664844627 0.09900126681580633 0.05327201525948281 0.06062945230268001 0.07671653565465554 0.027208479690756817 0.0888137951380963 0.07573434227427293 0.047790225920921574 0.05708432012790383 0.01473442428428216 0.07108883662737622 0.022383642303687865 0.053836988764576627 0.03779399248492356 0.051985172716553944 0.02848631677586361 0.02621467827678506 0.07977706464272205 0.03767768072701587 0.052799122117690445 0.030603177930598156 0.08448446261526643 0.031913275470884434 0.029773428914227667 0.09199355405933922 0.09658364770841119
 0.018254282877859934 0.05233133636968361 0.04982176977617625 0.006591507527978587 0.043124769576745305 0.06771869366756482 0.011175065463711949 0.06231196228441259 0.05703523147783146 0.002798122913170564 0.05593038598827443 0.025752631843596035 0.009810158626829725 0.07281796246665449 10000.0 0.06664079162748059 0.07563623296290742 0.07426012271066412 0.015188527039942125 0.03974316358945763 0.030466444923315857 0.03494365256694032 0.021200512529798893 0.029482432941937274 0.08244790317746911 0.025731424144588476 0.0392464998345649 0.060314460016529015 0.05686362929810174 0.04856982202994052 0.033453436945739844 0.06409245682947194 0.057751575215005374 0.07530915550879749 0.051327523935618985 0.026702680708517303 0.042436899889872454 0.07235134518506725 0.024828501686765155 0.06015387295716409 0.016709588939095073 0.043878394457970905 0.05461556281116763 0.03873439498870574 0.08183087126218135 0.0017334023121517667 0.07212019229192 0.0358158241126526 0.036358895117216725 0.04017066400520086 0.09755940728522543 0.046603534999634766 0.027697349877986145 0.03557667647702506 0.04176807597156347 0.0679839907132761 0.02711101847238405 0.0461865602450033 0.04623162358120568 0.02314457683263207 0.024442028580653922
 0.08353041491513408 0.0392012859432505 0.08224194299477276 0.06024642667211383 0.07297280569513624 0.001092514576272116 0.055578741283822106 0.004962440410809156 0.010535258656455234 0.06387599811337492 0.018279638900400758 0.0470896885128667 0.07372071249245594 0.016699842054353972 0.06664079162748059 10000.0 0.05334074424388368 0.04608187283985525 0.054134161146022486 0.0744396402359754 0.04887818346697026 0.09024641122578707 0.0877178481961409 0.06947747885585699 0.017490796108461618 0.09187756073320319 0.046884630628376646 0.03954906473610793 0.05552436296661978 0.029302486136225697 0.05146867907266737 0.03655505518236693 0.023959002694439683 0.06862277169380616 0.040213359077280894 0.0933429221173178 0.03910435759381877 0.07191771673886524 0.07589463540853227 0.011116659255519393 0.08137014211472308 0.07933057453508591 0.031786373340355376 0.06055798797874302 0.03140085428119508 0.06498299139729628 0.008135744326200962 0.05639888694278174 0.03031644540521027 0.055822849378480026 0.031240549278450356 0.023513031334718035 0.06823718096768461 0.031528575185576085 0.03878879029612329 0.014151115496756921 0.08322250145132869 0.02094424077892279 0.03228948329308543 0.08801995624099077 0.09106130336132477
 0.09313892901057792 0.08373734089777478 0.05374538496073534 0.07223871802902193 0.04852079002992999 0.05341405450665993 0.0691359202667553 0.05487484712068509 0.056068041801230886 0.07395156843857528 0.06550500813966352 0.07386337111288192 0.07624975540575486 0.03936417936525688 0.07563623296290742 0.05334074424388368 10000.0 0.007673779242909733 0.07296207865302867 0.05278948169784486 0.04517338856890867 0.07687643779141379 0.09059445523392129 0.05610117401491973 0.06616765912071947 0.09230250882010949 0.08345818908160028 0.01774634092913735 0.0215444663995065 0.07205775411734897 0.042486012301387356 0.017706696813560404 0.07241295713432387 0.01835198137305144 0.08413502113931222 0.09666647187695986 0.07798363025188143 0.024251600550537544 0.06626601839269823 0.060764822122642344 0.09204306238784542 0.05495699914138636 0.07815894522221205 0.04158371010835997 0.030678669901211382 0.07409176069437774 0.06069754173225269 0.0418880070303578 0.054234902759900325 0.037676256926056174 0.06309460245079819 0.04285571054585711 0.09425128507243653 0.05191465806737076 0.07721382424961876 0.06719076104506554 0.07368232987954064 0.05647763377513921 0.0344259347993593 0.08648972473287402 0.09420098858077065
 0.09216161682727776 0.07791322837727714 0.05773471245680369 0.07030212204830114 0.05152424089075463 0.046102169163144496 0.06684764872186481 0.047877749184357894 0.049439593467995376 0.07235729159481878 0.059044163579526895 0.0699809106560783 0.07585778249575804 0.03174421436897983 0.07426012271066412 0.04608187283985525 0.007673779242909733 10000.0 0.07009597847061244 0.05547367024566294 0.04399718754146006 0.07899179027984621 0.09054577646849844 0.05745341859406086 0.058542270896744866 0.09265700355642315 0.07861403955430847 0.014108041971659487 0.024313804304545394 0.0662241634342103 0.04202091229747366 0.011998133507780537 0.06594926938174411 0.02565693835867847 0.07839340953423286 0.09668166163008547 0.07273673525543171 0.031122493372857645 0.06743374165849064 0.053964417390459 0.09088755886548798 0.05823555874504456 0.07202724235560629 0.043034160566120465 0.02329119763368049 0.07264369452121323 0.05328563633701467 0.04245671568095769 0.04968125131769914 0.03857262644229233 0.055614578697971116 0.037606259453650495 0.091005336616508 0.04761855408903264 0.0720026234637268 0.06005371914800754 0.07509190082636379 0.050771447387950676 0.030443260897618167 0.08700479619307115 0.09419265507264207
 0.02959370111214053 0.03723516973442288 0.058765773278447696 0.009110172331054003 0.05057364434065912 0.0552264292103257 0.006604712328285175 0.049499509975908934 0.04399068341989274 0.012637810501724234 0.04161547253972392 0.010588456884701756 0.024767234327926182 0.06266984626312441 0.015188527039942125 0.054134161146022486 0.07296207865302867 0.07009597847061244 10000.0 0.048265552499965426 0.029922404685364556 0.04895423396774136 0.03564320013139231 0.038191287842169935 0.06896570911464248 0.0404789490183915 0.024685578906527856 0.0560264381037075 0.057140852856115136 0.03355886164718257 0.03423129715390466 0.05879421623908754 0.042875615522914086 0.07633036614411284 0.0362732026193435 0.04055281719199557 0.027278626292403383 0.07465844039818487 0.03688932763922419 0.04648548913518212 0.02734296791054138 0.05311829504838162 0.03944612530965535 0.042709225826348604 0.07348895745424575 0.014074042753502117 0.05880399010930159 0.03853096255629727 0.02489279215558994 0.042292488450124684 0.08536552574688822 0.037054787256461566 0.02157088213307048 0.025169425333046745 0.02659555385471198 0.05381338466706741 0.04094257031572026 0.03321233666456561 0.039968456838271195 0.03830357767004872 0.038529535224199794
 0.05142674379076913 0.08030242274447508 0.010504914603743738 0.04119783919176312 0.004732173964849082 0.0752603828918334 0.041704985662726284 0.07211232407309971 0.06884819911359095 0.040010326470965835 0.07337349054585177 0.05647800650167052 0.03405083726127666 0.07138211827456593 0.03974316358945763 0.0744396402359754 0.05278948169784486 0.05547367024566294 0.048265552499965426 10000.0 0.026622492495343455 0.02437287448507684 0.04441635241955581 0.010321420684209628 0.09190049577029201 0.0442186874885921 0.07114226563221789 0.04548185114224475 0.03136880179387098 0.07172485467124876 0.02314567096314437 0.05079026891457519 0.0783526458415624 0.0439939820407123 0.07980442363207377 0.04968422393479076 0.07059484220550519 0.03881813930992119 0.017698956111719698 0.07380406966140471 0.051482882260051446 0.005266662345497942 0.07912820031508905 0.014298354759291672 0.0732082044194313 0.03912809055828014 0.08221259497976989 0.01804610025443851 0.050552228322644714 0.019402545885289394 0.09984255371427828 0.051136505264656316 0.066968524501462 0.04774468736363378 0.06972157195349205 0.08272414159223337 0.023050250204744223 0.06064840923098505 0.042554397639280345 0.03820304712541294 0.04751440011222901
 0.048178583755188686 0.0551953417514587 0.03599239944524336 0.027345981715978972 0.026487919209871046 0.04978233372584317 0.024848985316807445 0.046081534533080754 0.04245610555609751 0.028805902867879516 0.04675896257454829 0.03463271890960085 0.032098526493236954 0.04886699092051253 0.030466444923315857 0.04887818346697026 0.04517338856890867 0.04399718754146006 0.029922404685364556 0.026622492495343455 10000.0 0.04193383149303903 0.04701055248971105 0.02059980702024574 0.06634700926491524 0.0496641774018903 0.04817625460939779 0.030293239593262414 0.027362040628492165 0.045736979405890686 0.004673622419136419 0.034564229500094565 0.05186788277294045 0.046475350950285224 0.05488045801800746 0.053168869198690814 0.04603311715445618 0.044765883563884494 0.027860188844957334 0.047308513629981924 0.046963278482574526 0.03182945243174787 0.053182491858701254 0.01504335395126063 0.054590059591021874 0.02891873363277134 0.056348878063053866 0.010160652986285127 0.024097833246676595 0.012889317848979072 0.07659012883178307 0.02536883447912586 0.05141662361241123 0.021210735742954588 0.04514268936728216 0.05623242393669832 0.03561826151810889 0.034027116620985266 0.019178590303191186 0.044413435228090194 0.050672701550012994
 0.03737015152544811 0.0857644619102804 0.02832996485987605 0.03991696896193183 0.028990061117662645 0.09120728208826308 0.04294537319833399 0.08695987089992295 0.08264366069834175 0.03683553287526211 0.0846633812416743 0.05928620668947934 0.025389157744547704 0.09064002109333251 0.03494365256694032 0.09024641122578707 0.07687643779141379 0.07899179027984621 0.04895423396774136 0.02437287448507684 0.04193383149303903 10000.0 0.02705338561332671 0.022251634239544994 0.10754566387803856 0.024529478787530853 0.07363003591215173 0.06775030594610988 0.0553406896314705 0.07988047598429744 0.040686878824302 0.07289679189371027 0.08817084023637108 0.06818928400733633 0.08491571557318589 0.030454109826690487 0.0756745487261333 0.06270043893136869 0.014368533761527573 0.08696775491534231 0.03852047296590662 0.023923156840594338 0.08674072302090137 0.03606511073167112 0.09478970972241117 0.03544462775528389 0.0973053948572938 0.03771169388565906 0.06191619181253801 0.04086968028869253 0.11852191617285432 0.06694727008596241 0.06133388936876179 0.059760020828120375 0.07490464870765116 0.09568993362559516 0.008023808010737675 0.07273631167857149 0.06086795312186804 0.019514683919087457 0.028952195322108326
 0.01130367604406706 0.07162851643886302 0.052162636329795155 0.027762194383324355 0.04893329221242604 0.0887899196726484 0.03237544767873972 0.08345360830832746 0.07821343329964561 0.023997714535706642 0.07702155381982793 0.04579306870533388 0.014999061278980328 0.09303393217673003 0.021200512529798893 0.0877178481961409 0.09059445523392129 0.09054577646849844 0.03564320013139231 0.04441635241955581 0.04701055248971105 0.02705338561332671 10000.0 0.0363017718000935 0.10364400126883633 0.005175210123387622 0.05767245884377472 0.0771926680953225 0.0699664194447836 0.06917520420790661 0.048526123832234716 0.08157351183847354 0.07851867416391499 0.08656826813633782 0.07049340194015333 0.006158530298639369 0.06213787774202125 0.08228347364944388 0.02677598978957641 0.08135162423775849 0.013198931636434172 0.046560007341987876 0.07478239620344766 0.04985427172715799 0.10096325469609253 0.022796486394078695 0.09330939132738228 0.04874564387154112 0.05740207199205504 0.05305454552977936 0.11848000701332213 0.06693911674766402 0.039170898842871095 0.056411724567660096 0.06156525252645256 0.08912512047935087 0.02253190941124554 0.06737380690267804 0.0650229320267782 0.00755537348619084 0.0036621794989524377
 0.04213641964103235 0.07141984102921373 0.02069157967245331 0.0309060818282196 0.013746306207693945 0.07038202244770042 0.03159873559653253 0.06661738168798843 0.06280054492938011 0.029692754072254923 0.06627345930827595 0.04680418567548115 0.02442962191052012 0.06865659699862164 0.029482432941937274 0.06947747885585699 0.05610117401491973 0.05745341859406086 0.038191287842169935 0.010321420684209628 0.02059980702024574 0.022251634239544994 0.0363017718000935 10000.0 0.08694236706011378 0.036987421666459366 0.061561241731060465 0.045660924660910145 0.034721750268499774 0.06350998643602147 0.018634087985045105 0.050745924835493506 0.07074673470775174 0.050328310067140704 0.07083355881383294 0.041999301625581575 0.061537838716485764 0.04599180437608073 0.010202766386644907 0.06750336792792341 0.04196762671233435 0.014936590573969115 0.07081618910144681 0.014525434768235486 0.07254256575646327 0.028825824386504252 0.07691194384328524 0.015490605772934585 0.043187858974135046 0.018922596525071427 0.09676937313546607 0.04596857524075428 0.05664727799409874 0.04060066646931293 0.06068030099496145 0.07640058518580775 0.017646498864001527 0.05373953431737024 0.03895281291551011 0.030989420545193064 0.03966685881786768
 0.09855871775290416 0.04559458139775035 0.09955976811669201 0.07591852981676807 0.09035153640765342 0.0166416664794399 0.07127821656519692 0.020642208534900817 0.025500585394663707 0.07965342581127334 0.02821772581052432 0.06062864742625876 0.09009608469221114 0.026803503176069055 0.08244790317746911 0.017490796108461618 0.06616765912071947 0.058542270896744866 0.06896570911464248 0.09190049577029201 0.06634700926491524 0.10754566387803856 0.10364400126883633 0.08694236706011378 10000.0 0.10801371939393009 0.05683727953502463 0.05481301771523103 0.07163860502467272 0.039022039625853745 0.06895707717945426 0.050979840031848356 0.030476781729786434 0.0829093248142704 0.04689137850457665 0.10906252410260187 0.04906476436566552 0.08690961915502757 0.09317984296027401 0.022486135434027554 0.0962902947121374 0.09676276756962642 0.038164169435243755 0.07795741180807422 0.03868649135902219 0.08084982326698827 0.01038626403811914 0.07385526908061604 0.046638384554461856 0.07316425888188285 0.02061718386166734 0.04099337304720222 0.08018718772530956 0.04824999056162653 0.049034410839603804 0.016591260238260915 0.10040556213706885 0.036282027198021954 0.04958744889926203 0.10446599057502069 0.10686444591488105
 0.01607915111612906 0.07670780683117077 0.051159117385372294 0.0323229229410617 0.04886429404025295 0.09294182382534762 0.036866642967541476 0.08770319930325726 0.08253743719124686 0.02852151021580033 0.0816605031565838 0.05073958550265362 0.018355694984413858 0.09660207911756621 0.025731424144588476 0.09187756073320319 0.09230250882010949 0.09265700355642315 0.0404789490183915 0.0442186874885921 0.0496641774018903 0.024529478787530853 0.005175210123387622 0.036987421666459366 0.10801371939393009 10000.0 0.06279922273776202 0.07957452760391905 0.07133142266691843 0.07403733362094989 0.05076195258909102 0.08411974045307732 0.08333374161388359 0.0872727067103766 0.07558342414826275 0.005925406359543877 0.06716301215425688 0.08267736787803176 0.026991849234390203 0.08581497582578272 0.018150821844028574 0.04580135846715359 0.07974953247857025 0.05106242278129769 0.10402507209486939 0.027246328680852003 0.09765435778039248 0.05043255703460828 0.06158003612892883 0.054630568576589635 0.12245782316602105 0.07064843055494126 0.044265261220826954 0.06043792330484848 0.06657709678341941 0.09371114810401829 0.021443502020897568 0.07173255378057214 0.06812371415219592 0.0060370339620168766 0.004736845901445368
 0.048908532336325396 0.014423969122725505 0.08157519687139586 0.03372216763295716 0.07272006815293446 0.04787012402809592 0.030945898763404336 0.04196480320260851 0.036695915942747195 0.03698962768994546 0.029268697087487326 0.014789940832315013 0.04904608456354462 0.06070577560919445 0.0392464998345649 0.046884630628376646 0.08345818908160028 0.07861403955430847 0.024685578906527856 0.07114226563221789 0.04817625460939779 0.07363003591215173 0.05767245884377472 0.061561241731060465 0.05683727953502463 0.06279922273776202 10000.0 0.06571761686258955 0.07259794994109456 0.017982763342689456 0.05284943811336223 0.06661591345581334 0.0265206246966686 0.09138166827896875 0.01314192219058513 0.06148294271325474 0.007866897342094182 0.0912403533806376 0.06141001685653043 0.03626112022475995 0.04644570387927869 0.07624222936844498 0.019776281122520528 0.06290514425299697 0.0743964488068929 0.038421033190836 0.04820815616976619 0.05816378447808724 0.029275053528766505 0.061013578400221764 0.07629948125051429 0.04105293873329482 0.024245720281016292 0.03181121957242794 0.008099628721593746 0.04025187990853375 0.06562346581821323 0.02927602024640673 0.04919817225794603 0.061705373653276635 0.05990447674153685
 0.07832201906896873 0.06641792316483894 0.04983029258712808 0.056229960055569315 0.042171266243060446 0.039886298450432456 0.052742498457706934 0.03998992716441267 0.04014542160848566 0.05835270812497986 0.0491051860946976 0.05628713796957214 0.06235540395626792 0.029312248672975254 0.060314460016529015 0.03954906473610793 0.01774634092913735 0.014108041971659487 0.0560264381037075 0.04548185114224475 0.030293239593262414 0.06775030594610988 0.0771926680953225 0.045660924660910145 0.05481301771523103 0.07957452760391905 0.06571761686258955 10000.0 0.017501448641025985 0.054789000986557146 0.028826540320209176 0.005329569847615464 0.0559508470711874 0.029339129722852818 0.06674869267835408 0.08334786710344047 0.06033578573610722 0.03237191569991432 0.05527107255653012 0.04516829548469826 0.07698436752353786 0.049080207520763364 0.06117407011221804 0.031821982731219084 0.02781691399758458 0.058679216033766926 0.04750844184534163 0.03022059079831755 0.036488700328254554 0.026889450449870584 0.057015107271765356 0.025341160215531205 0.07704336078197803 0.03418982260855397 0.05955436648014 0.052528549907936865 0.06308796776609775 0.03918620568106333 0.016730384540423807 0.07407399896089356 0.08085221561183208
 0.07352793231923363 0.07640726806500993 0.033565408037413015 0.05452218051668427 0.027267211732161255 0.0560114944372023 0.05220984674136425 0.0551206454444114 0.054115314348645305 0.055577482029079625 0.06197068591116399 0.06053836026515077 0.05610873368589783 0.046743104110013874 0.05686362929810174 0.05552436296661978 0.0215444663995065 0.024313804304545394 0.057140852856115136 0.03136880179387098 0.027362040628492165 0.0553406896314705 0.0699664194447836 0.034721750268499774 0.07163860502467272 0.07133142266691843 0.07259794994109456 0.017501448641025985 10000.0 0.06531394997814848 0.02355886824369314 0.022483419995587606 0.06847787585851349 0.019216308275971858 0.07645770251004673 0.07594666297165774 0.06871155873983323 0.018747578687503486 0.0449201086020174 0.05936001787159068 0.07268487188493497 0.03392972167690782 0.07237608537174862 0.02029455200747595 0.044438109727354486 0.055469654859791294 0.06363948816636004 0.02142744642769362 0.044212265793175866 0.0170232397306832 0.07450051277023198 0.03670715644793889 0.078697327637567 0.04131682432583255 0.06785074967078478 0.0674845170769944 0.05222045459436142 0.05033799963818315 0.02592275104118604 0.06543044907491583 0.07351498578177108
 0.062187331163478334 0.01169171259565463 0.08158120862681557 0.042095159971528955 0.07214676216673015 0.03023749545589035 0.03794939243143204 0.024491380361169872 0.01962837749942323 0.04586914374555568 0.011313872180658735 0.02353529455158022 0.057712820207207784 0.044181539907841905 0.04856982202994052 0.029302486136225697 0.07205775411734897 0.0662241634342103 0.03355886164718257 0.07172485467124876 0.045736979405890686 0.07988047598429744 0.06917520420790661 0.06350998643602147 0.039022039625853745 0.07403733362094989 0.017982763342689456 0.054789000986557146 0.06531394997814848 10000.0 0.05008100379198011 0.05446725071940465 0.009522708974173162 0.08284762110306468 0.01220693836223633 0.0738952283735006 0.010122556130887972 0.0839558608764654 0.06619039501941355 0.01841298101130793 0.05978310189084555 0.07699131522141331 0.007445934986109771 0.060657461952965286 0.05847117816603711 0.04725825341812597 0.030225486420884712 0.05576532897131169 0.02195495305490104 0.05746441002295454 0.05831781930322982 0.029522814719981017 0.04124118964372633 0.024980512601148405 0.010023618027035849 0.022510426084451907 0.07196827462354041 0.015605213624800812 0.03970484195956052 0.07169725676046382 0.07196654325532989
 0.050664906926409556 0.059724714390851155 0.032014448914769164 0.030975876484950385 0.022479298323478822 0.05232281806206218 0.028867363983056407 0.0489971263639979 0.045711496526292104 0.03205447451587509 0.05058347273287828 0.039270902254782185 0.03388210419649029 0.05002729193069331 0.033453436945739844 0.05146867907266737 0.042486012301387356 0.04202091229747366 0.03423129715390466 0.02314567096314437 0.004673622419136419 0.040686878824302 0.048526123832234716 0.018634087985045105 0.06895707717945426 0.05076195258909102 0.05284943811336223 0.028826540320209176 0.02355886824369314 0.05008100379198011 10000.0 0.033505723957924144 0.055914766294001245 0.04246526425250169 0.05943596222628583 0.05466550093168324 0.05064170134960138 0.04044241099964941 0.02713425481069771 0.05069682030801635 0.049624435564838115 0.028231619885882915 0.057524987634815616 0.010576481959517025 0.05451532717011587 0.032004616264938654 0.0591489791400614 0.00568761713532762 0.02827272508941999 0.008243248482608793 0.07815114533274982 0.028046429994818357 0.05561739165961023 0.025316065132301575 0.049751163123809915 0.05960985767014387 0.0350091973414263 0.03783192236489572 0.02032588090625665 0.045248802549886176 0.05217501610747143
 0.08223167609821075 0.06615760889579939 0.055132313202886044 0.05967938873629064 0.047500155066950156 0.036771346822753986 0.05597197471194669 0.037582812999135046 0.03844352466057014 0.062010012565944614 0.047812964852833886 0.058169886881643644 0.06665514358326845 0.024852072139358816 0.06409245682947194 0.03655505518236693 0.017706696813560404 0.011998133507780537 0.05879421623908754 0.05079026891457519 0.034564229500094565 0.07289679189371027 0.08157351183847354 0.050745924835493506 0.050979840031848356 0.08411974045307732 0.06661591345581334 0.005329569847615464 0.022483419995587606 0.05446725071940465 0.033505723957924144 10000.0 0.05471844165591455 0.03213156069999019 0.06659584338672404 0.08773199465690927 0.060773970829457534 0.03593478732460773 0.0602357229905491 0.04323936202585684 0.08080003473552635 0.05440938508381054 0.06047311931657656 0.037055554715120495 0.022487568887110853 0.06242493732774588 0.04429705256370721 0.03526699792992837 0.037722294871319485 0.03207710089293711 0.05207124909790184 0.02561981343528875 0.07942214946743527 0.03572810855703447 0.06003324864343436 0.05004780305173138 0.0680790763955295 0.038936415363523914 0.018850430010781308 0.0787076846566737 0.0852356908034797
