NAME :TPP_input_25_5_3
NUM_VERTICES
121
NUM_CLUSTERS
25
Full Matrix
 10000.0 0.019764028334724314 0.06256528727945818 0.051037092241522586 0.08040354535246359 0.06837247131006513 0.060554388818149986 0.03747585876135935 0.06049088188207008 0.04975675724857838 0.02230759928736844 0.04259984941209805 0.0503279574371356 0.07891019401200627 0.04378513141414254 0.0340863234650124 0.03557285734588993 0.05869204054960733 0.05725208458446167 0.022408920025215013 0.03939291143264684 0.0517840041773857 0.05480170470942237 0.0276650468021973 0.007667172985918056 0.009592499910487344 0.033501676680335865 0.01749628684806171 0.023374731902922198 0.05387430405557741 0.07366168806304473 0.07586950420192712 0.030267584918149303 0.06780940071213994 0.010370451425824188 0.03374471924041088 0.08083831590335014 0.04305894532777903 0.040184616330263 0.049627014861862224 0.036278167470782594 0.013870038075604938 0.05338188340392103 0.038945452412109956 0.023034833528034485 0.026126676147302377 0.03980068456189492 0.030392031409723994 0.06499669047471426 0.04088247103571703 0.01770807725898274 0.06455280272084027 0.04404321775176438 0.05855253910378593 0.05346367423969697 0.023259001964916624 0.04627611526546971 0.025935495356507333 0.045978719919163503 0.06157200157921034 0.01634728790433585 0.011644380870911313 0.04847419846141864 0.03904963559087201 0.023758607308644753 0.025431419270490023 0.03200228691547066 0.0428100483700369 0.05962753952002222 0.04288825908784974 0.019833563380539074 0.0026892182405040092 0.05308914104131622 0.06382017647003639 0.05152347738324432 0.033141807077945125 0.07900464264911006 0.06560823992805796 0.02543837981803994 0.01861398809119336 0.01909784971717275 0.056519120586756656 0.018111583708042906 0.018527818063845253 0.029976741754987123 0.06661044195509995 0.011462361353511688 0.04457985856788732 0.00879854088741032 0.045227906754600006 0.056494061507134534 0.041158670508250776 0.027441793845549307 0.03730795193613098 0.02119111495436841 0.05237952645228087 0.03679593946721611 0.024272807947587675 0.028773482461975444 0.03651130599613285 0.02254091149938718 0.011185771236684681 0.042324250641095705 0.0719224430580068 0.023506806874962247 0.0283909159222787 0.057882527872017905 0.009954324827298485 0.012114873870311543 0.06810987611575464 0.07753622015688875 0.026650206309740538 0.026850311064960046 0.031113219934937784 0.045207775840784434 0.0153920942108314 0.08326120617097703 0.06381250839876541 0.011207196224762132 0.06553377071345522 0.055778451743423295
 0.019764028334724314 10000.0 0.07469077471011294 0.07034226079041751 0.09971042082664681 0.08653839133326986 0.07984901713554646 0.05667262620029117 0.06713523999744067 0.06865443696073971 0.039043843581782305 0.049734265929333804 0.06704984689699148 0.09186390107549902 0.061292790771389424 0.05304229606569993 0.03949611725284247 0.07832776954293734 0.07640314942331279 0.011663393483586347 0.05116390910835374 0.07106079270162498 0.054894875670688355 0.03949211300784229 0.02146805736274159 0.010389563797804554 0.03686736109179907 0.02521276138587364 0.018663347856911903 0.05462382077302321 0.08674568672533409 0.09467156372281454 0.04842298734267303 0.08458943052764653 0.029138145005702 0.04065035767221718 0.09519670219029139 0.055504257434401766 0.05905116197717578 0.06622697760832641 0.05355105607365145 0.030531643289228725 0.07313584025963699 0.05539685461022564 0.022447090646034094 0.029706343003302136 0.038503438621921196 0.03841108610942943 0.083086947573389 0.05449788151205722 0.033575899381841086 0.08174316243679842 0.06060552495830432 0.07503226336183969 0.04852895454673109 0.04208849233691771 0.0437961751611273 0.04341260028821168 0.0636948432263691 0.08132205742455889 0.031140855657510787 0.009079760489004357 0.06642447308633542 0.05289205217726677 0.02190905636387345 0.04519448729157684 0.04771461184965397 0.05042305395529841 0.0702785238309494 0.05251014537148239 0.0008344206926497488 0.022277117839178254 0.06230448768964272 0.08306452333383545 0.06922112092548835 0.052900062871549844 0.0983927582695641 0.08319507493420253 0.014455162288501031 0.02385685724812923 0.038726869982905185 0.07355826019357171 0.03572953094579444 0.01914903333425426 0.019295950927193776 0.0860067773292847 0.01253409093485094 0.0642236254050162 0.023622044717568912 0.04343113694574144 0.0751641185704999 0.05971370834912201 0.028521707959896114 0.037751065835498615 0.039480858644293446 0.07207284504266707 0.02895009833553311 0.0419570514904541 0.029737742569247133 0.04437281898106327 0.04226698584812248 0.01266367514114483 0.05571582200453834 0.08960985436837744 0.04210501126540072 0.045002692064104295 0.061459360127643727 0.029378027455895607 0.008139394441334236 0.08075823182227929 0.09652242760334571 0.0313253802803695 0.04552068531575163 0.049612346188665314 0.04305027528450882 0.022637177893250676 0.10255704450216811 0.08159160753897103 0.02967778606491049 0.08528755561975755 0.06914579874141451
 0.06256528727945818 0.07469077471011294 10000.0 0.044269681700653825 0.08602114250974705 0.03731147006907975 0.04675855805691142 0.042835071950971755 0.021435226295745048 0.039310322819802186 0.07093427141177651 0.09900984281425361 0.024009975855551844 0.01734418584439975 0.03001637483160736 0.04162290336945242 0.09561969092540126 0.05274848442347684 0.04363638016703478 0.06634065131339058 0.02362203221588766 0.04401354167691209 0.041846848655030314 0.035551228272561346 0.0559705755566941 0.06910175309929152 0.09410923417777939 0.04950513585040424 0.08574940519593893 0.04004821627087614 0.012534255518482225 0.08876578846863292 0.06893760148584428 0.026424674340491863 0.06344360145144422 0.09195849573579365 0.022778340881439086 0.019558738736280157 0.03949548467252811 0.08486062732198646 0.0749777794809754 0.06844285699366755 0.055788507743058845 0.028211330767937266 0.0541254467776513 0.04641009461096942 0.1017627595686212 0.036674643899242965 0.08705286030762398 0.0879359440508851 0.0450012663234828 0.027968861132404182 0.08168615823839231 0.09111439072918072 0.055081584382932126 0.04550957878943459 0.04879886449603125 0.0397911188448525 0.03054439111175406 0.05878711255046853 0.07217170632763202 0.06664797946162902 0.07796578151819475 0.0237493707105462 0.08632292111060612 0.05438978410072409 0.03195164424958996 0.09867183294176107 0.0071145936163197875 0.09626078143189694 0.07413159841667934 0.06221062322498926 0.015565170606341758 0.07611833149209042 0.02963520721190156 0.05464910131884453 0.0837901713955783 0.0905429902829437 0.0660881294262649 0.0804892946655197 0.052205471034104015 0.02526913524425836 0.06745376401771246 0.056008484861645794 0.06535432363247695 0.07563233804417774 0.06254536994354579 0.04921414340058194 0.0689691955114943 0.10710952747213572 0.07762491083773856 0.07085701553051602 0.04901079884794504 0.04479453313138608 0.04500333631303556 0.05236577746628802 0.06049508813472124 0.06888163761715724 0.04834454665989868 0.09331057176316694 0.052631445008590044 0.073025866538394 0.02036090281168829 0.035066106801552394 0.06518984467216235 0.07364364786362493 0.031591699332844475 0.061170071934098555 0.0677983410905487 0.00632088383787594 0.05098106409435181 0.04449244570420374 0.042947484474734184 0.0400883413795829 0.10719572968973759 0.05213281580551552 0.0882159320381866 0.032159159359877634 0.052561414140230765 0.06516744191171538 0.00820185584663789
 0.051037092241522586 0.07034226079041751 0.044269681700653825 10000.0 0.04295739217293894 0.02111527188174144 0.00951854541354109 0.013687283614811314 0.05997872854051647 0.0050325907514888815 0.043688064787676305 0.06948638278527024 0.02042074023770687 0.05133575099591373 0.01690696296368233 0.017516678862343184 0.07085859506654155 0.01016569110510565 0.006500041633155309 0.06855323267082734 0.03947134481967381 0.0008342987119823245 0.07193489577748795 0.04125022144389374 0.04937934779151035 0.06058911959692675 0.07046424453092444 0.051150448651160876 0.07130735517491672 0.07009089979607176 0.047232801841832504 0.044637447652663496 0.036228757803935335 0.027628519618596258 0.04441780049413823 0.0655576369327499 0.04750248300931452 0.03750982603223485 0.012030707862076972 0.04507655696833537 0.039565096191355696 0.04689072453614275 0.011529877057917479 0.02372289283097811 0.060442291098730234 0.055725972645776736 0.07993096192383618 0.04850832351719028 0.043223420479163915 0.05361221945118308 0.038714722639529575 0.02334251739646264 0.04368283425437208 0.049424091312946346 0.08034002918464365 0.028352229685697422 0.0718505333987222 0.02874503976886529 0.015011593098775158 0.01581703057713401 0.049595948401571804 0.06140220490035015 0.037195300337946595 0.03320862911711036 0.06987482828090301 0.02734553482235916 0.029557775337126942 0.06869046247462984 0.047862956270654095 0.06459119077303688 0.0702464407587478 0.048908966495830916 0.049512869555935576 0.031848821844794054 0.014647144752488806 0.021361932385116775 0.04080807387549019 0.046987764874874556 0.07038308862055587 0.06193539686245981 0.03205522072914906 0.020002770973312992 0.04277160602285665 0.058775836344341824 0.0728554214795212 0.03149520746572372 0.058939654731836766 0.008674359843350205 0.05172406831322709 0.0844330313074112 0.03430404949903363 0.03215569184308615 0.059265984765485245 0.06293809329143554 0.031268949518852916 0.008106806462377996 0.07406779006603417 0.040062094706364085 0.05968557176195202 0.06517653202609412 0.029066737576462585 0.061553873863569496 0.034423224618773327 0.026366825581305837 0.036814284190615186 0.042791567592176206 0.06617940090553971 0.04302658913382609 0.06223718791791262 0.045380433067671325 0.02677437651569848 0.054171516013841875 0.025137020863506127 0.021521948864335762 0.08483872934475667 0.05236020864259759 0.04543836289575695 0.019611299771585388 0.04069214626699095 0.022158866462281965 0.03678317841533142
 0.08040354535246359 0.09971042082664681 0.08602114250974705 0.04295739217293894 10000.0 0.05217621491241895 0.039337684771374865 0.05186979439149906 0.10290605975891651 0.04792336095520084 0.06210759018193563 0.0749000013567609 0.06297809504819825 0.08914308898017244 0.059774169839340995 0.05571229405486578 0.08216597547319794 0.03342837035422498 0.042397032230772035 0.10199416749775383 0.0818963449665619 0.04295551804467609 0.11417671786249152 0.08135998465813639 0.08228901552610238 0.0893360146016677 0.08319164853907295 0.08763144451156411 0.09299127455136642 0.11238252145565436 0.08616960172351854 0.009768515166537367 0.05199224709418957 0.06348428806750564 0.07057361934666803 0.07635847106813666 0.08280569539381412 0.08031994866491743 0.05272477434911674 0.04106352906574546 0.04876805986547671 0.0697713697403643 0.032544490830210576 0.06611289852242982 0.09709843163757154 0.09425508824410993 0.0924468493252037 0.08890870185562628 0.022727779906883405 0.0570408358023297 0.07514231600082616 0.060062266547877476 0.04501388834079738 0.0366358627628319 0.12128382469434662 0.06363641557477903 0.11269869980397555 0.06697774518778685 0.057968545112406254 0.02738820956007762 0.07036682103719685 0.09204385217369931 0.036083660444197155 0.07570400127827316 0.09012090337031936 0.0559201258895707 0.07056884469370785 0.07366733613685049 0.09037024166293027 0.06826602040980506 0.09992462731687907 0.07774434896963967 0.09246625446712116 0.016660914866386937 0.05687243441980319 0.04848269090424207 0.002247563835558143 0.026158470028769955 0.10458476235585351 0.08234702479464065 0.06332018003383107 0.06076166725949448 0.06444939473193302 0.09419462640066054 0.10822695598964245 0.013874514501467627 0.09109349596594347 0.04214400003359814 0.07655906762666978 0.09505602067916878 0.025883230279764188 0.040677649807414326 0.09758628779993024 0.1032195566969296 0.06699817269899244 0.03558897304734657 0.11181176984780164 0.05855996342855976 0.09831590996651844 0.07383320322997333 0.05948244363737733 0.08797274825279912 0.07722509712089991 0.05710765931625421 0.05774059869802012 0.05713004726923671 0.1090297744181537 0.07048621774656394 0.09249926039764488 0.08589177177066744 0.04338050717753364 0.09306478047773808 0.061865758713434235 0.060024749428704505 0.09574779096061764 0.08794887897592646 0.002862678322457659 0.05540799357619381 0.07344157747187344 0.02094906259524524 0.07912240511162355
 0.06837247131006513 0.08653839133326986 0.03731147006907975 0.02111527188174144 0.05217621491241895 10000.0 0.01543560775550724 0.03196480262110308 0.05763228324021758 0.019648298758644975 0.06429502039597634 0.09057168920917957 0.021544784699987617 0.03706654125578959 0.025448750319167265 0.03461407824336982 0.09157710206824339 0.02276638111879761 0.015345549686874958 0.08258042000379076 0.04453412931184932 0.020308373478718365 0.07478442099710786 0.05130083585615205 0.06507117607431394 0.07757679693772157 0.0910394026767541 0.06415198235098277 0.09020952358893325 0.07287335216899213 0.03451599331207557 0.05723209564689753 0.05728589171507705 0.011640557359632495 0.0633913568240873 0.0864015601112064 0.030706268069561726 0.04080811191569426 0.0285772064177316 0.06525645441837055 0.06064795357392014 0.06656689357358679 0.029369109618558244 0.03227181059237006 0.07253244495055257 0.06629495811596893 0.1003681437029854 0.057234527795983016 0.05991358363624575 0.07467414903530294 0.053121981037970674 0.009357214078170464 0.06439460545770359 0.06850469145677927 0.08587232636327134 0.04514093767148038 0.0779908285541194 0.043128804919330285 0.022935004247187255 0.027603124719459304 0.06957729469108173 0.0774591253642072 0.057198527573628796 0.03903589486425729 0.08918213956708733 0.047155349348336734 0.04009269112403129 0.08978855744076565 0.04332157817429582 0.08570606268308115 0.0862996113975949 0.06661985782289517 0.04860650703236574 0.04684246105712268 0.017537688960429846 0.0421003406887793 0.049944157287930314 0.06410350343332484 0.08379141588590139 0.081480945262926 0.05038184916363609 0.015295996273130514 0.06291939622768337 0.072020527733099 0.08525505684606849 0.044942449786906744 0.07434308660234422 0.02978343787996968 0.07062236674462326 0.1050284619997524 0.05239541269913499 0.05296483334383132 0.06978540049792628 0.07060077279689063 0.04727967620740154 0.026701326544749802 0.08425533360394796 0.06079982083540837 0.06981963409005466 0.08616713908961247 0.048095312630204536 0.07940492684975792 0.03831196225255756 0.005611453726479729 0.05739654422304158 0.06379197133808259 0.06640643932775642 0.061691346855026384 0.07843333264521965 0.035401678125257435 0.013893900422202773 0.06444660094072649 0.041530339429707845 0.037259252010627734 0.10539691814202395 0.06598445406598424 0.053908098578574266 0.005914419926491783 0.05730722337560155 0.032935531232954236 0.03267891541129918
 0.060554388818149986 0.07984901713554646 0.04675855805691142 0.00951854541354109 0.039337684771374865 0.01543560775550724 10000.0 0.023178534632130425 0.0646575182350627 0.012096657762390495 0.052361338389662795 0.07715177372158523 0.024605727263990733 0.0505856519069934 0.02372061856198287 0.026924481954120304 0.07928579417501244 0.0073605177130936505 0.003988649663980876 0.07787153261543206 0.04632023169451126 0.008788257958204756 0.07857618089239725 0.04959823430269107 0.058828839510007065 0.07010765145417504 0.07904198431074713 0.060243595155657144 0.08063962305545903 0.0766936533271904 0.0471932897331818 0.04304069021209005 0.044222803837485426 0.02515804820306855 0.05380168068966054 0.07383786845333827 0.04527680088624917 0.04370756681303722 0.021177363953204752 0.05014496778389283 0.04667768785242861 0.05608009563793553 0.014100307267550015 0.03109727716434822 0.06942217404223708 0.06436031068481561 0.08860037034105377 0.05661600928727721 0.04461733103787303 0.06051421150339811 0.04795681683052934 0.02128018627292164 0.049665256467141455 0.05309938431498191 0.08785836941043512 0.03782162893434925 0.07948363678728405 0.03787534543777016 0.021305872369703042 0.01272343708400005 0.05864819679852506 0.07089621462657296 0.04205192902465849 0.04011196885830308 0.07910983265721415 0.036615385870888306 0.03778493167433217 0.0762788206391616 0.0514474272804025 0.07189535148240024 0.07974737614566567 0.058417331798857795 0.0545374983428087 0.03177609359764017 0.018459015311600154 0.030163018035507572 0.03709672338645532 0.04875985514432068 0.07962184232237776 0.07111601669319839 0.04155598944114487 0.021495667278008418 0.0517766625981873 0.06794924051910634 0.0819425947022763 0.030259893530326903 0.0683848248081031 0.017122968065631534 0.061099930234561894 0.09295353935043682 0.03695980592657356 0.038451687660160966 0.06791569861127461 0.07091664462704173 0.04067747135072463 0.011831214833984359 0.0827295669891934 0.048625734464886876 0.06825138774595933 0.07318222071540838 0.03850620093354362 0.07104220053970144 0.04071510981902995 0.021046066990467707 0.04556413624549131 0.05089792219188616 0.07187989529898216 0.052464588698187695 0.07173865953751855 0.046582514632659465 0.017532858661849827 0.06272574665823936 0.03454341437547984 0.03078156137187368 0.09339345605751898 0.061564051109995764 0.041472110379739684 0.016699141261404753 0.05018783861775571 0.018754953412515853 0.04016841145021902
 0.03747585876135935 0.05667262620029117 0.042835071950971755 0.013687283614811314 0.05186979439149906 0.03196480262110308 0.023178534632130425 10000.0 0.0541676021708457 0.012502191558451801 0.03296377898649481 0.060446572851582114 0.020275238041124886 0.05408719596133413 0.013020944093416973 0.004080123684827898 0.060176503194412805 0.02257512965890557 0.019779005435712885 0.05498998390254953 0.03089301453259021 0.01439167642935944 0.06257976790675646 0.02957736229221144 0.035702367246156504 0.046990852127433154 0.05944952282044367 0.0379431395255357 0.05841943001671225 0.06083314727199138 0.049261211329143455 0.05124085049305516 0.027706460484712665 0.03463183949852922 0.03151373659548158 0.05527715611642885 0.052421805903212375 0.030350960794499088 0.0039006118090553973 0.04202788160712867 0.032884356741963126 0.03460801479155175 0.019660481300855234 0.015977287276627405 0.047366929242099835 0.0432521557790454 0.06862086013255321 0.03710113445287266 0.046113498537404665 0.046579255932569175 0.025333735252856038 0.030597349804084056 0.03903069099287447 0.048450326545435865 0.06944892928554289 0.014669649642544566 0.060867920110091386 0.015739763034389714 0.013408940008856467 0.0269778743030789 0.03767664133702528 0.04771896905393365 0.03522670096055152 0.02506103714975054 0.05726416926702876 0.015352229633913694 0.01877912423327575 0.05982368441730735 0.04444157548723351 0.056392390011463345 0.05656886053651558 0.03543212466729578 0.04360951697365133 0.03771916783902037 0.01765764244650822 0.01226394269986209 0.04991976834683126 0.049073326325484355 0.05691300727541117 0.04952060580359099 0.01870209454570804 0.023972697570458095 0.03113081796958365 0.04541632197699285 0.05958202209539333 0.038725145740582174 0.045263453254449415 0.00975895964184312 0.03879162017597917 0.0734134161357084 0.03625370316942201 0.02802788129009614 0.04673240612643134 0.051496022197985165 0.017650211819212492 0.01726785273157564 0.06141751443237643 0.029782996317583247 0.04728849739808395 0.05550285227186552 0.016146667997907312 0.048163611376193786 0.027387435693816832 0.036349624764530554 0.026158217974780875 0.033573019236154564 0.05849681968537641 0.029920617845430098 0.04856022204868511 0.04578107811121656 0.040072774917927344 0.041854015566735264 0.011549596748525747 0.00843180466161811 0.07374228631174985 0.03897608665166704 0.05459611015780235 0.028424483409810478 0.027009688179525357 0.032517255699467326 0.0346561621406733
 0.06049088188207008 0.06713523999744067 0.021435226295745048 0.05997872854051647 0.10290605975891651 0.05763228324021758 0.0646575182350627 0.0541676021708457 10000.0 0.05498770923995876 0.07495728334480842 0.10154313553668108 0.040120660094554395 0.034827521616420616 0.04341367570646915 0.051544556151585395 0.09589139438993939 0.06958191247603927 0.061054240626432006 0.05675647852014019 0.024506985306986282 0.05995361897788042 0.021877376090112647 0.033689993960017525 0.05292832028921617 0.06438299774517268 0.0939301621837864 0.04394857180626728 0.08178979688141066 0.020323549988230136 0.03164398632997324 0.10424142966673584 0.0758594753502033 0.04741591342626028 0.06479232909731236 0.09335828191197504 0.04249718393414704 0.023873632826712905 0.051829836186523384 0.09435726347965954 0.08260835592174676 0.07012034489692391 0.07097492415761734 0.03821691901381284 0.044755068216837036 0.037474314029320714 0.10010190434798504 0.030201201854621443 0.10026676010720359 0.09388698421221169 0.04527619837724344 0.04832958911402442 0.09023494815286467 0.10177232215163938 0.0358902130804755 0.050839725850994735 0.031364235368299784 0.04481107828656907 0.04500068419974179 0.07556979792619399 0.07378256647032334 0.060724678818986605 0.08855712183933061 0.029364780277699797 0.08327915237382061 0.06129526176470964 0.03737847281906697 0.10147584460214518 0.014549123017454148 0.10015044624557656 0.06642443476985255 0.06106885262128985 0.010595682685987786 0.09096500888900666 0.04629309315321899 0.06411771181803597 0.10073596342243875 0.1032260251639342 0.05550587691430305 0.07909469093891427 0.05667064768896814 0.043781427957161605 0.07076804163317979 0.04810220403535871 0.05328909447077917 0.09119663440122605 0.05654481720415161 0.06264319142975334 0.06850642441548258 0.10553190411110487 0.09042081021384743 0.08067642757962545 0.038749015075748 0.031016933641475807 0.04895400353040547 0.06767572680012492 0.04611567068012092 0.07394049407559009 0.037639873601979505 0.09550504090975324 0.05848487474875996 0.06915668861309428 0.026782781884726624 0.056041428790868784 0.07058993686627425 0.07908143573471789 0.010758781661199038 0.06255178946005908 0.061839611989579345 0.026319805368316 0.07150367090799505 0.035988642776953246 0.049615814667916834 0.04843333477172957 0.10544990554029078 0.0465689462739521 0.10533158285354259 0.05206311689423862 0.05305845917786318 0.08200034059272818 0.025036215777491995
 0.04975675724857838 0.06865443696073971 0.039310322819802186 0.0050325907514888815 0.04792336095520084 0.019648298758644975 0.012096657762390495 0.012502191558451801 0.05498770923995876 10000.0 0.044691542391729455 0.0713746196622505 0.0154037995934923 0.04696723188448823 0.012178140944192858 0.015675132022427905 0.07198392142363248 0.01480641500798896 0.008180168421380857 0.06609756159993484 0.03489060307605294 0.004968268885962078 0.06733432370191042 0.03751950790069157 0.047386234913297444 0.05919387371198618 0.07140915620339838 0.048274046832354124 0.07092150135492473 0.06547627863193156 0.04270524945383944 0.04966481489177397 0.03810666261962654 0.024216422184497946 0.044011880412105735 0.06687340325032788 0.04362808517503811 0.03272473737239664 0.00960629953292731 0.04872570773847904 0.042129272312544465 0.04699037600239269 0.016485312135494194 0.019302077709664727 0.05738616662445867 0.052263737635144664 0.08072125292561702 0.04459630649843945 0.04796363847787878 0.05618204761505775 0.036147013891016766 0.019942896396205646 0.04690141308017278 0.05356729653072912 0.07610115332703954 0.026599493604958408 0.06766532264357229 0.0259962043275845 0.010101959477040293 0.02066295565650831 0.049949899553243436 0.05962258452534166 0.04101670212167059 0.028627729622146453 0.06974310327089679 0.02752066948554874 0.02571432653542224 0.07064792297125554 0.042832469912676065 0.06679793899462272 0.06850239116893692 0.047801701605098536 0.04454607159596459 0.03682222280074109 0.009758607998503827 0.022645757468080282 0.04576179718891361 0.05163968562960215 0.067748489600642 0.06195856819716446 0.03117719724276614 0.015487341504216712 0.04327312506782715 0.05602831035350104 0.06994987022278738 0.036524184698700696 0.0568995919441222 0.011485517145085231 0.05129321890838389 0.08539753966317559 0.038848680930503754 0.03536043086126436 0.05581924184299372 0.05894969696028534 0.029208139901533123 0.01306652693742529 0.07063295481406869 0.04125280301696572 0.05615622169596082 0.06677597313696378 0.028626302422271422 0.060568942830567025 0.029652272062423195 0.024377298219958373 0.03779735089262614 0.044467713907884635 0.0613335195306456 0.042420351502293334 0.06051656489234818 0.04059952477504797 0.027867993228655213 0.05063054872015798 0.023134003587270868 0.01912095248864241 0.08576005966842026 0.049679427576383786 0.05037649003636535 0.016842085793367403 0.039009382810242986 0.027060160475032163 0.03176822492121826
 0.02230759928736844 0.039043843581782305 0.07093427141177651 0.043688064787676305 0.06210759018193563 0.06429502039597634 0.052361338389662795 0.03296377898649481 0.07495728334480842 0.044691542391729455 10000.0 0.02819149774192822 0.05199022517988073 0.08497094949827927 0.04443486542100138 0.03168003997171648 0.027293088780854454 0.048039620673321605 0.0501370026445532 0.044450367552877554 0.050951649994702135 0.04452226406972826 0.07400899929714538 0.041576346618911374 0.02799582883212789 0.029143229563367807 0.02678117452370094 0.03730788656184064 0.031093217177949332 0.07279186984585193 0.07984745362052698 0.05616384711443568 0.010174361526379799 0.06756256407780506 0.012401308242879284 0.022316485056007824 0.08455189848970654 0.053194072036831096 0.03678919623983596 0.027485653767075697 0.014507557938462498 0.008678232848941777 0.041131293597591344 0.04310771741881642 0.04472761048893294 0.046139187480471355 0.036258370201893264 0.0471225729109079 0.044111445123975454 0.019616624099441028 0.03004013881431745 0.0635587194341543 0.021861624835733603 0.036398923441075405 0.07470325634654185 0.025437487658023124 0.06697600306383117 0.03131853194794536 0.045675051760145934 0.04889643701407692 0.008281086228478469 0.03301640970970382 0.027464802435176218 0.04789782249883741 0.028562671647224952 0.017763192591447412 0.039287898342669436 0.027777817216654337 0.07010762527646655 0.025463569298303883 0.039428141800352284 0.019832461666484447 0.06574017028210614 0.04554899948093481 0.05049114074233705 0.022326149140757007 0.06105800351150924 0.04415462542131786 0.04758837944488734 0.020518336203626742 0.01881757342175989 0.056670245121088134 0.004551146467683245 0.040437327861689285 0.052244549238885066 0.04892128817815626 0.03370564638924978 0.035279800176493535 0.015466522255451266 0.04076144574207817 0.036687537220634406 0.02143340212654807 0.048240020077305455 0.05743465277002129 0.02639976543578689 0.04152026207912963 0.05898061857626474 0.0038897281571230007 0.049470808922758215 0.02279101068422635 0.01848869869228679 0.026580513201462798 0.051272183540716915 0.06904314321650577 0.006898773654673657 0.006114903486355429 0.07487636481572839 0.01398639682251776 0.03309193965090362 0.07531717509123653 0.06984628157536915 0.04607852379223717 0.028091334381257455 0.03151583796201615 0.04115556810845671 0.03598886418700412 0.0648910598275377 0.061274118390838545 0.022870927497774564 0.051087551764704205 0.06301251604958005
 0.04259984941209805 0.049734265929333804 0.09900984281425361 0.06948638278527024 0.0749000013567609 0.09057168920917957 0.07715177372158523 0.060446572851582114 0.10154313553668108 0.0713746196622505 0.02819149774192822 10000.0 0.08001204707038537 0.11315630205887249 0.0724462313701871 0.059614252142072284 0.011315005473933208 0.07154600332539746 0.07564311461191024 0.05963461496528557 0.07823274522291924 0.0703056742704742 0.09739824979156139 0.06785431209446775 0.05014018146381646 0.04372251238798005 0.013821664278013145 0.06006442084293974 0.03236919839000111 0.0964717687204929 0.1080379220184472 0.06640006160674339 0.033297653817043464 0.09501098413795961 0.03675358036867675 0.009217128344098737 0.11256731036260845 0.08084952237137531 0.06433894342393875 0.03385207065325699 0.030680582513138273 0.03143026382829997 0.0640969570325907 0.07129461763099955 0.06488908755841197 0.06872111150895897 0.019699886279355386 0.07222452469536426 0.052613228742204574 0.018163867484871282 0.05629904484045923 0.09088929282510991 0.030584483090051552 0.03942613371406738 0.09515655249369148 0.0535114211578699 0.08850728227157914 0.059252416212824774 0.07353323895502797 0.07067581597413364 0.02776157857410287 0.04860704268818538 0.03998350671421484 0.0757119128522322 0.02860840056414501 0.04569904309051691 0.06718114263107301 0.001291168046000567 0.09786699184572732 0.006683163423100483 0.050467864489269876 0.04126428333773659 0.09290885964155807 0.060474581758339065 0.0781035665479512 0.048770857838964864 0.07463855636599843 0.05024896510889566 0.06291227556730805 0.026353981983008166 0.046804384205736974 0.08439320130281243 0.031571109146075575 0.06026964955072621 0.06800883286722423 0.06440356089630465 0.0514090198581945 0.060813283806911436 0.03385861362112889 0.02071855707141387 0.05000703497527033 0.0395952164225582 0.06985551117457035 0.07983622405124141 0.05414135834440464 0.06548263747499239 0.07681305136343765 0.03080444619498374 0.07120911274359973 0.006103559327278428 0.0466789594213936 0.03875597884012444 0.07911838017429673 0.09565334939451293 0.03452880809570982 0.02694107571390761 0.10010361013129397 0.0390054934609224 0.048017621975913125 0.103487994243665 0.09405698967964535 0.06923258780326899 0.056271507714952776 0.05969070233858135 0.021493874744137338 0.05798672042800854 0.07726131209274374 0.08820298867000398 0.04848514118435773 0.07084145977552388 0.09114860400657156
 0.0503279574371356 0.06704984689699148 0.024009975855551844 0.02042074023770687 0.06297809504819825 0.021544784699987617 0.024605727263990733 0.020275238041124886 0.040120660094554395 0.0154037995934923 0.05199022517988073 0.08001204707038537 10000.0 0.033812313598587176 0.007565817878596153 0.020409321367129928 0.07861675423018101 0.029558990245620823 0.02093821157042053 0.0619645045911949 0.023161603154949233 0.020247932372547912 0.05453629446328717 0.030002708872756873 0.045782677960432484 0.05890378967364592 0.07756934490082948 0.043439585889878375 0.07331517687035849 0.05263313727657143 0.029020758022284897 0.06505526519936493 0.047835851931673674 0.017569347051872606 0.04759295517562972 0.07413623961604722 0.03256515583153303 0.019780837043276003 0.016511585972086126 0.06182400623821331 0.05315954361425553 0.05178878718622235 0.031876858850131425 0.011653447468152386 0.05138787402244864 0.04489669756994405 0.08624978489288035 0.03570451730612735 0.06304994284749067 0.06680376732645334 0.033539964246781816 0.014810245752897733 0.05916161551716466 0.06757398977355293 0.06482510800063238 0.02828619814094127 0.05675771194010412 0.024401176465237265 0.006945936729631135 0.03559027050657434 0.055276292303292326 0.05805936347825604 0.05457898514197622 0.017499761562190852 0.07292082236422741 0.03431418733782268 0.01943761317307561 0.07947501162348951 0.027472325449083568 0.0763226554715635 0.0667174009315613 0.04903808740195969 0.029932592011287583 0.052211429902723025 0.006173039347658189 0.032536178290816 0.06078252561650089 0.06657464720598345 0.06292379845628569 0.06584143490062278 0.03469870598129428 0.006646501493564019 0.04937638429525851 0.05124901518823113 0.06407446090978683 0.05191120257657712 0.054585240428355095 0.025333239420718294 0.054345648150615156 0.09132010840878672 0.05367388012692413 0.0479262793782588 0.04835520349443118 0.04910707903557745 0.029402945413489954 0.02846379449605611 0.06273901055125962 0.04920982298834636 0.04834314288467763 0.07477666171336603 0.03371203768863922 0.061511460597504626 0.01703851548315844 0.023155501365044094 0.0454832689316138 0.05340857148871702 0.04733729205728103 0.04554563303158257 0.05911002964409147 0.025929636808935154 0.03462706157508658 0.04301979737715378 0.02482917799003055 0.020788730216242238 0.09155686585749245 0.04548896440695729 0.06533543371426768 0.015757439138313453 0.03914276537361287 0.04203020183176204 0.016364433144930763
 0.07891019401200627 0.09186390107549902 0.01734418584439975 0.05133575099591373 0.08914308898017244 0.03706654125578959 0.0505856519069934 0.05408719596133413 0.034827521616420616 0.04696723188448823 0.08497094949827927 0.11315630205887249 0.033812313598587176 10000.0 0.04120555760958924 0.05394583511467857 0.11073850111100662 0.057629309110347804 0.0485268516243624 0.08367370493146978 0.04070139622266274 0.0508319419156038 0.05661504134422872 0.05250753861460163 0.0726449377196543 0.08591208828233052 0.10941069790828878 0.06665237255260385 0.10224429786051413 0.054969051776795896 0.005254496642111611 0.09360213546767862 0.08155172176762158 0.02566615505116936 0.0787608019230363 0.10669170803430203 0.008906239047933053 0.036421243353481084 0.05031084632960996 0.09531520328842202 0.086970971415797 0.08351611305480044 0.06248560583416097 0.041961070787452606 0.07146827568821065 0.06375426801265782 0.11748002999116784 0.05400353715577876 0.0943514670687071 0.10056637168440642 0.06120956524332027 0.029311555902483025 0.0928880304077778 0.10052259644688913 0.07044862026613215 0.05997678776956177 0.06492509140228853 0.05473647841707652 0.040719806512277475 0.06330610397470532 0.08718364743576343 0.0836725731112038 0.08782090575562308 0.03986965842600239 0.10258946399946008 0.06762189519102092 0.04733277387040049 0.11270064953897212 0.023214930678325158 0.10981247403025703 0.09132269211666354 0.0783245297925203 0.03215907996753962 0.0821204243331913 0.037591525492729934 0.0663457888249359 0.08690203217907991 0.09823847530219063 0.08343168969353781 0.09636717164823022 0.06670569969559748 0.031484998156831985 0.0819011030657589 0.07329784450263385 0.08264747960883226 0.08083073822520431 0.07961487587543373 0.058194824121605856 0.08475433068878176 0.12275154176058523 0.0856356346550328 0.08154553788559515 0.06633929284178555 0.061763561142221306 0.060056419154265524 0.05917335416268976 0.07750895649246022 0.08248618576899876 0.06565375920300208 0.10769214510806549 0.06648325314573225 0.08962803912039496 0.036657894437394346 0.03265678787190099 0.07874671352373164 0.08691393783419882 0.04558620514214312 0.07653671057593454 0.08481849158965665 0.01111986472101966 0.04865187189022975 0.06183581876820915 0.056966047705842376 0.053468576333957914 0.12289149059498436 0.06925140724004711 0.09094386842807614 0.03393489257772662 0.06845924671004075 0.06923878488380035 0.023133774143043507
 0.04378513141414254 0.061292790771389424 0.03001637483160736 0.01690696296368233 0.059774169839340995 0.025448750319167265 0.02372061856198287 0.013020944093416973 0.04341367570646915 0.012178140944192858 0.04443486542100138 0.0724462313701871 0.007565817878596153 0.04120555760958924 10000.0 0.012848312397974232 0.07113564044697336 0.026958142529894636 0.01974019280488994 0.05714188868504219 0.02272877242100319 0.01703843088433434 0.05515861788407382 0.026505993467991797 0.03984659759156958 0.05267413422850608 0.07012945170728978 0.03875492128580304 0.06646906683996132 0.05329909853005986 0.036307742267587755 0.060829426197436524 0.04035525594097903 0.024183823297878368 0.04038152632406079 0.06660679070124385 0.040128218440822545 0.02060286981403967 0.00949272303204174 0.05496146659879045 0.04582010904416858 0.04442839173676953 0.02757092773902385 0.007453837475713507 0.04734446682984594 0.04152080831414929 0.07889483632679758 0.033162607911355405 0.05755503846206065 0.05936085956287449 0.027755497121212513 0.02077270980784348 0.05205056898827338 0.06109805662875119 0.06413830919521385 0.02114688526990219 0.05576777039944522 0.017975020236376225 0.002614093973989522 0.03272248886929478 0.04786881996567413 0.052228530842778245 0.04795802258984201 0.016473772629591803 0.06591052088403139 0.02674860714599238 0.014862588836950475 0.07191001349656441 0.03226723451819421 0.06877775743572992 0.061020455223316304 0.04231391560080593 0.03285837317061974 0.047597633739726426 0.007946532954646405 0.02520371656373604 0.05764756808950063 0.06085449291460691 0.05840961460208276 0.05867666844572532 0.02737271093562821 0.012856645184282844 0.04187709964704472 0.0466250073331142 0.0600594193816065 0.047787031101487805 0.04898958037616286 0.01955807103032693 0.04727218446581008 0.08392545365306882 0.04792140784325991 0.040983822294938965 0.04506545705139156 0.04731354006476007 0.022626804534398075 0.024304086514842498 0.05978630399103227 0.04164412479649213 0.04525375237591177 0.067218016992541 0.026210659709813625 0.05495556094423564 0.01751679017479038 0.028325393764964065 0.03791746093940747 0.04586098162043247 0.04928356348858273 0.03839466247885324 0.053234406520667875 0.03276416760365376 0.03706350125253959 0.03976465648688702 0.017594412295510647 0.013421709069340754 0.08417712837313829 0.040543426558892905 0.06229584061818944 0.020302521295643743 0.03258290476662822 0.03905789288072074 0.021911074849565653
 0.0340863234650124 0.05304229606569993 0.04162290336945242 0.017516678862343184 0.05571229405486578 0.03461407824336982 0.026924481954120304 0.004080123684827898 0.051544556151585395 0.015675132022427905 0.03168003997171648 0.059614252142072284 0.020409321367129928 0.05394583511467857 0.012848312397974232 10000.0 0.0586067195721226 0.026630783220183824 0.023375360554926148 0.0510468598172912 0.027770019400694314 0.018176675265459824 0.05902059566592591 0.025655509535111712 0.0319082644655565 0.04352013242849992 0.05771991059904235 0.033882030115240894 0.05559783350690711 0.05730114499051313 0.04897067342474539 0.05477008504792895 0.02763932078264764 0.036111885144970435 0.02884215045391166 0.053933272219567 0.052953195718561455 0.02767215750248362 0.006106949614565441 0.043531413611206875 0.033397847743119505 0.03236413335188433 0.023666297960925883 0.013785554842019966 0.0432949493186906 0.03918814893876347 0.0666955912654683 0.03319918905228449 0.04901758337915905 0.04668823937825532 0.021299722492928243 0.032268723346622924 0.04009907355494733 0.0504300024532512 0.0655717871572489 0.010954058574966423 0.056986893607026655 0.011662425647020093 0.014000023811327018 0.03105367945736806 0.03563009262957349 0.044039959521595506 0.0371733724100755 0.022212217171175393 0.054638573606735054 0.013936182470272526 0.015239626882808164 0.05906849195764369 0.042611923482506586 0.05593826672822546 0.052910854658880936 0.03216593884374187 0.04106958731262743 0.04124271456866678 0.01900337369463706 0.013077474471857871 0.05379105618001052 0.051776462918201024 0.05292225684110764 0.04706035203126823 0.01577605764443257 0.025040561237113797 0.029357411611734458 0.04138699311707463 0.055537448801388875 0.0424279308474538 0.041461631903080054 0.013725253850027519 0.03603033571019433 0.07161422963785301 0.039104898555218794 0.02956974502509175 0.04266267984371874 0.047552964366588506 0.013757268494065038 0.021338211431683546 0.05733957898680177 0.028809814258405172 0.04322841814082466 0.054435212045154883 0.013823144306864777 0.04494931730888231 0.02482919254716966 0.03865976584759189 0.02509033910595307 0.033020694713020604 0.055351749478055344 0.027088242814207363 0.04491114850002361 0.04506249680071666 0.04351158041921022 0.03780492896942441 0.007622815530109021 0.0043763245038790696 0.07190402016593314 0.03495110006468335 0.058459070285274875 0.03059669824612149 0.023369468387577048 0.036550853454293666 0.033424243024881894
