NAME :TPP_input_23_5_1
NUM_VERTICES
111
NUM_CLUSTERS
23
Full Matrix
 10000.0 0.046855708734156176 0.042210055626547574 0.022803868071438204 0.05429177338959519 0.05285566065729799 0.029848815343736783 0.03999392853298164 0.05484137258590721 0.025962192956244808 0.04131231626879845 0.06621457656991361 0.047577571079135184 0.046563304640415804 0.01944823089044919 0.05551332388599738 0.03587876835155822 0.05595968838919586 0.005815528889908297 0.031800960777301504 0.02591964386560398 0.024847114340377254 0.04236724399603154 0.05697989857893728 0.048872831571598004 0.05414219571246458 0.03510508859410872 0.005772539708534579 0.04839605308465537 0.008966916345493077 0.012064832246122096 0.03738189186697287 0.026278079229055118 0.004453449696126627 0.025562788968658087 0.04763550566908018 0.033337116625148155 0.02944019270477792 0.03283766776463858 0.015776028737337047 0.05300414139251239 0.028927811918362144 0.011178717961222807 0.03278957575247002 0.0475301217449261 0.03896352981059118 0.03944649614833144 0.05583100098737051 0.05156135462645021 0.049525981227103846 0.05776809698066056 0.03383492893599042 0.048266657710090435 0.011763856586301379 0.04710763827553871 0.04683757862133066 0.04450230066273177 0.055087243639047545 0.009996068466439412 0.033552881597634275 0.02188447532735012 0.05647549069762976 0.06159742004465847 0.05931117127132293 0.04401522950268111 0.03816733964654995 0.054761459287078734 0.010519272727765233 0.04539931399534914 0.039447062339374624 0.029540812140022608 0.05915502042536972 0.033416098535079215 0.05322966628985941 0.03716326454134584 0.02075353461330017 0.04312274911476544 0.04160712971504956 0.04306462985586019 0.03394255183629558 0.05120271485907668 0.05417339226766615 0.01925984779426755 0.03659963984299663 0.022655816826196162 0.04019488700693444 0.04255420674519978 0.007988134005171591 0.04443690099567811 0.017552245663883134 0.05177326586808716 0.04929403705514617 0.04885668061000723 0.041726084253575345 0.053881668429904446 0.040391872321961425 0.04381171192057448 0.04979520525078912 0.014647174979688381 0.022949599676857342 0.049535620867308276 0.06548493593394651 0.02129079517209359 0.041963885117302153 0.02839025735199954 0.011919655308427838 0.037156265298439 0.03581892963171412 0.012077406061213328 0.038274856592550734 0.0062995021810538605
 0.046855708734156176 10000.0 0.08152935488268528 0.06689063287914856 0.03768508830157287 0.019901794112121184 0.07080952870643137 0.04499479363005127 0.06404607372450222 0.0609553250903691 0.08056666263880465 0.02006936772752994 0.08087380617395844 0.09334979540585231 0.06277542154445144 0.009356832450576598 0.07660533450485735 0.009146398776271127 0.04685547793913161 0.019788655301359474 0.027754109644325436 0.04627827653648532 0.07690892258623859 0.010133664355246208 0.005440466754320981 0.03284318940645742 0.02073404575605148 0.041191812195833385 0.048691746088936665 0.05577161460483909 0.05177638348391771 0.0336431362845523 0.06705393057472978 0.04669204850426264 0.06642116446762654 0.0834278327975087 0.07987059594596141 0.07580824752697231 0.02291101926839867 0.05649755336582741 0.01102909431204818 0.03757482384577655 0.03567892294020967 0.06629167912985365 0.0444059344733246 0.08226025522818972 0.08597541818417709 0.08204932766690345 0.018948219484553747 0.03826794132651851 0.07031310326663544 0.06382866883675985 0.0932094271272489 0.05502642579663114 0.07804012919059998 0.03625847050942044 0.0864262775635131 0.008275295072302272 0.05150588450927252 0.017964610965946134 0.042129270451020356 0.03560594285392576 0.029389195217461927 0.035264723877000984 0.07800099605425846 0.044697634055431826 0.024637401043825998 0.05366360868648716 0.07920803528908588 0.012666965506488707 0.06047573060471902 0.07662913754569478 0.0732573936628751 0.04706794405702491 0.03582409330271448 0.03441622723757588 0.07758652365274211 0.07321701550957593 0.025810634474281394 0.03121548072897577 0.07742988781518884 0.012379899127688184 0.04524195704303579 0.06816789703769432 0.04552292035235082 0.017546256980760313 0.07708759930583559 0.05189088041455508 0.07384657542410038 0.04137957924877819 0.07553706135153135 0.07222360369387103 0.017070553836536394 0.08712741337667147 0.013937652269935069 0.07753327067002054 0.041689601787286576 0.051656827318884865 0.05881990518033701 0.04806167881882689 0.09475984900139084 0.01953332902346569 0.029517847380476993 0.02592130808708838 0.0743366680071635 0.05624223530266028 0.07212970522940383 0.03995557702644667 0.03835470123383562 0.07701901741790693 0.04058488378131769
 0.042210055626547574 0.08152935488268528 10000.0 0.02062759168962319 0.06846895451743533 0.0783318586252295 0.012380296071887327 0.04756058129049474 0.04606656290882797 0.02061681958572226 0.06186761933942111 0.09762444138584013 0.01260516504862567 0.039083993661062855 0.04615002606945784 0.09088151792231083 0.006600090168876111 0.08967417177752131 0.046878894017788615 0.07179566437389197 0.05398000957089993 0.0364026374566427 0.009910516925446311 0.09113259863632674 0.08135455468441197 0.071704269329895 0.06274204635989629 0.04694247939277795 0.05284984599030593 0.035912504357871716 0.03168409657031395 0.07957762947899402 0.052264136346881804 0.03932525259908052 0.0166767343966716 0.008556248207876647 0.02547661790581424 0.024364243922597447 0.06010003925220662 0.026985514594138275 0.09035718931570995 0.07105165474148473 0.05054543385242222 0.0638302415246197 0.0556089378836881 0.05267372635547249 0.03938821942723572 0.026238100194639277 0.0913874866294589 0.09173345364099363 0.04358683141400718 0.020735542905657905 0.05249716303961708 0.030475438016775297 0.0163477912423039 0.0890339276798626 0.05882070260034785 0.08951081065879272 0.04732620639052011 0.07320994375750153 0.0635028180767316 0.09841229013607135 0.08323795089114892 0.0762974664618717 0.07034170370967667 0.07970045695407599 0.07772203085425243 0.04556729025667412 0.011242413482524749 0.07813010133864232 0.02231999866144392 0.03860582190137898 0.008845088576179053 0.09520355087677666 0.05305650800128089 0.062902055436252 0.009969785691914267 0.015193365788363167 0.06505422948347553 0.07605621873491836 0.024398347971203212 0.08412586453095973 0.03632709810339124 0.01698572893470193 0.03654622191514847 0.08029583584580628 0.009899125685119465 0.044583323980372486 0.07489524463548053 0.04015480328659176 0.027931313777073457 0.028408662097086708 0.0756081101802667 0.019400135160389947 0.08287828350120521 0.00549805093410658 0.05404886543701156 0.05177911758978564 0.04411008960478848 0.06294459650786186 0.05209946292931235 0.09668741601358975 0.06259550296883898 0.0835296558172556 0.022237301910684442 0.04383829356880712 0.06495799567842092 0.04859623352279585 0.05420042759904656 0.00451582130896173 0.04705013608740933
 0.022803868071438204 0.06689063287914856 0.02062759168962319 10000.0 0.06324859815658566 0.06812590922546463 0.008863406185136521 0.04376810100159342 0.050804866407415473 0.014987584420824911 0.04455741078365699 0.08494677471812127 0.02932600422043528 0.03222115746130798 0.026149436251139007 0.07603011236090974 0.014028348865089973 0.075676402895791 0.026790658166954893 0.054122484003855734 0.04114649768777826 0.028106142879019868 0.024170422735757202 0.07692912275909455 0.06781936673725963 0.06501959043749006 0.050782427203892214 0.028169463568890243 0.05127254427760693 0.015463180722466576 0.015212075372762935 0.05993604499099154 0.032871354621188134 0.02095187389940438 0.006754047986265536 0.027684548383508225 0.01563200888109237 0.01164821280106188 0.04813635185380026 0.010811197405783568 0.07440929358427775 0.05105520250024381 0.03269942585264083 0.04399333359922681 0.05245436992877124 0.036996125237454165 0.028204342337037 0.04094593442635668 0.07395355433150642 0.07198334240520746 0.05104419225919103 0.02276503750523995 0.04087923517399497 0.011985021255499714 0.030643593420792342 0.0693627768366547 0.0434539802545966 0.07514041240735013 0.02675949585823089 0.05575385514246319 0.0432284067388173 0.07923317120284278 0.07505961404017318 0.07010759541853183 0.05177014047614457 0.059295590236279984 0.06870598965084554 0.024949131915353504 0.027160014229986377 0.0612945007945942 0.02022396221242439 0.04916144533738778 0.012666276006129846 0.07495971018860133 0.045773804888463485 0.043463059399099536 0.024829528986619807 0.025971457369064477 0.05587661695090387 0.056640523780664434 0.037203464789449484 0.0719142277856574 0.024926289823094073 0.022745046812901373 0.02698835353451242 0.06262194826846622 0.024324287989175308 0.024060926094313928 0.055458522745048686 0.027321685366357998 0.03932873240857962 0.03803775857101538 0.06468813345121109 0.020317668051573985 0.07110476810332808 0.02054374547350157 0.04966174079041757 0.051370054532426726 0.023631991001127364 0.04237045218429651 0.04125038772997374 0.08410140977727648 0.04399810319745077 0.06476425986421337 0.009091932799588557 0.023223053956955154 0.0458254948856533 0.042292352428029936 0.03484953887039453 0.01754453003809278 0.028455475625048517
 0.05429177338959519 0.03768508830157287 0.06846895451743533 0.06324859815658566 10000.0 0.019564423169215566 0.062225788737006925 0.020908416195217577 0.032512173020176456 0.05037308537743126 0.09551242526190352 0.04036770059528106 0.062145995992135016 0.09523395783889503 0.07373465240915325 0.043760299536266756 0.066229986497468 0.03952644324897159 0.05815752008974352 0.048416689556801194 0.02955345615784943 0.03514332789566617 0.060264075202249474 0.04126650635756927 0.033064461913103395 0.005577478145736198 0.023840010385184116 0.05106062814554479 0.017496200592418912 0.060485705556811376 0.0502951690444902 0.06501779413629981 0.0804663269328841 0.051080393044295104 0.05909599762496986 0.06640465156755064 0.07885132182590222 0.07475790419343903 0.024552681850099397 0.053132807422509275 0.04831569171849183 0.06424085408501055 0.046881789166337846 0.08505462427561936 0.013460478109092015 0.09293003286870379 0.08998697223953113 0.05736930151153271 0.056524081183469584 0.0732658951773721 0.039186734869970506 0.04773341191629472 0.10101421210536003 0.05475426767197109 0.05798263638010341 0.07077058039343118 0.09869602644910996 0.04091570401848259 0.06351712512822515 0.04773224236201876 0.0641826708040365 0.07261261370226205 0.017307332508837595 0.008158863039357027 0.09700187644905812 0.0742033531855117 0.015499902490490665 0.06463560993809077 0.06132627266440452 0.046385737302172096 0.046729083519260695 0.04713178730707598 0.06276795245575728 0.08153924847300167 0.017731108503261445 0.05645233656104077 0.060695738305045696 0.05505655652228466 0.014012909953480097 0.061320942229984084 0.05380342771501255 0.029527080593715962 0.038896613916244556 0.051646940430674824 0.03635456901826633 0.05182730023437963 0.06038856891825115 0.06213617192998653 0.09559779864518521 0.03802559257552845 0.05056172144012268 0.047541939870260744 0.020867585923534274 0.08178775503156763 0.027278231340498404 0.06316543888520255 0.01442018902777648 0.019966363015448362 0.06892459809466939 0.06922264016962873 0.10195021418304195 0.03935554923578056 0.05108473720269972 0.060262973940176885 0.07232415886405681 0.0662108409142408 0.0902150321312244 0.020972598878378237 0.05410277318649669 0.06439125999948474 0.05029994882026329
 0.05285566065729799 0.019901794112121184 0.0783318586252295 0.06812590922546463 0.019564423169215566 10000.0 0.06960699275482657 0.033859292102470594 0.050297480807743405 0.058220188653282746 0.09178180526070145 0.021631798793203105 0.07463130694597611 0.09825728560998925 0.07149048629375897 0.02448713823187525 0.07467313418485128 0.02006100138928399 0.05497100668598127 0.03567992831346951 0.027466839671464623 0.04204272714278604 0.07166278400354624 0.021776409116518868 0.014637198662631091 0.014108514709398693 0.01783704757989687 0.04808204870801168 0.03445404757483751 0.060876406452187094 0.05328580402084909 0.05166696100681931 0.07717084554496188 0.05100196002982515 0.0656918353441662 0.0781700392061798 0.08294782823297714 0.07874303634143953 0.02031113441911362 0.05732473371962781 0.02964399908135712 0.053415015015449506 0.04278078315654162 0.07907047625698023 0.02990595090425422 0.09138488023034753 0.09180973207970852 0.0725906874326317 0.03871430151171029 0.057809747330206655 0.05694575049346113 0.05834113896651906 0.10111815523931511 0.057414988350846796 0.0710013072972856 0.0556240877050485 0.09643440356659483 0.02157636291122116 0.06027587094167437 0.034387055432368537 0.05576672360239939 0.0555032603226427 0.010258781376084526 0.015526167972842994 0.09114099563968121 0.06212051397348576 0.004764037751759346 0.061991581564137095 0.07337205504424475 0.031043771675780565 0.056040954885431586 0.06433460230273705 0.0711452656160913 0.06650835847352478 0.025871178734336614 0.0476186195804569 0.07223084224818296 0.06703794103214795 0.013419296640285204 0.048555990742657616 0.06843895457757676 0.009979597299306957 0.043489548398406866 0.06266035811785677 0.04226168565875025 0.0364587855925147 0.07181832844118967 0.05973778655825071 0.08822372515146266 0.04080707087284852 0.06575638486573697 0.06250781582011675 0.004235286722846235 0.08815127502934596 0.0077206491106153316 0.07351870343639304 0.028518726173496472 0.03735532574774576 0.06693113310656079 0.06148547574216094 0.10238839880151811 0.020602205234874396 0.04207633903501519 0.045078279572910815 0.0767193071706778 0.06416492045595365 0.08471008147434625 0.030569063297546103 0.04832000192970018 0.07391009881296493 0.04733319131448303
 0.029848815343736783 0.07080952870643137 0.012380296071887327 0.008863406185136521 0.062225788737006925 0.06960699275482657 10000.0 0.041746243845498535 0.04543765656255603 0.011855312116811978 0.052820488986036196 0.08783576989293375 0.020510435540723678 0.03611312940388261 0.035006451978441336 0.0801118553393997 0.006101993397942097 0.07926291048646492 0.03450684357193746 0.05991183354578139 0.04378924886922328 0.027815478625717347 0.015427055091430388 0.08063839918693826 0.0711051052929966 0.06471079342492032 0.05304782877063676 0.03468476713398288 0.048426206854607697 0.023662082928849373 0.0197371584501963 0.0672278172042618 0.041649628728069196 0.027096883466274844 0.004498915262445467 0.018866410959486095 0.01981261243351839 0.016904890870705333 0.050373091512490996 0.014928461015021854 0.07914297992716242 0.05867161961629715 0.038517240195296364 0.05284755428763846 0.05032719337398037 0.04464615705999773 0.033846740524236925 0.03256131804889996 0.0796309285249955 0.07937462538235057 0.0447471464305168 0.017019097366460553 0.04700812411230452 0.018145792726847215 0.022116026266718554 0.07668412002822401 0.05105364461093143 0.07893869673643068 0.03512330167405947 0.061399474724229165 0.051142524185346996 0.08615655044019639 0.0755658988027339 0.06961181874556324 0.06040858528262093 0.06736336195775425 0.06958160109542479 0.0334639889017857 0.0183659313242729 0.06654606018961028 0.016009544720242 0.04188942912132997 0.0038356360192872735 0.08283071306821167 0.045484137982018974 0.05056818189815945 0.016058458832622257 0.017854682233770656 0.05670813920427357 0.06373811933943228 0.02912444462200869 0.0744872692253204 0.026307183945382256 0.015639369290067682 0.027360463005187817 0.06843534035866243 0.015572197830865326 0.032346008171519045 0.06427328166882762 0.029676895546058547 0.03162906835698763 0.030765564263786894 0.06651787989713555 0.019641853535341897 0.0734357645268979 0.011682968448719366 0.048046721850258794 0.04802695571202404 0.032447914015035155 0.050724611275681446 0.04707434132359409 0.0869371275476928 0.050427478532111505 0.07135880808690778 0.014179695057729098 0.03190410799688565 0.05457699084528631 0.041437653081703926 0.04186754146595221 0.008793735963427179 0.03482727765579134
 0.03999392853298164 0.04499479363005127 0.04756058129049474 0.04376810100159342 0.020908416195217577 0.033859292102470594 0.041746243845498535 10000.0 0.019660585293149457 0.029976128197320834 0.0807194387230711 0.05522846747380211 0.04166679633509821 0.0759890934134115 0.058614979142026485 0.05348775256435539 0.045456035544626516 0.05048853172751862 0.04504328237062904 0.04702412920392734 0.022442387941696396 0.016397761790615875 0.03947073332658526 0.05222430747739629 0.042289540289271614 0.02444556691163521 0.02457696432314562 0.0386264435004329 0.008406417191485747 0.04407924253103507 0.032723280903202215 0.06229115688365615 0.06588616854453798 0.03594886946255746 0.03895247258330324 0.04572077632771819 0.05936676652492037 0.05541372730479613 0.022996482152735545 0.034501113743275164 0.055889792440274526 0.058463316619576024 0.03626199560449747 0.07265913074226615 0.008689230337603746 0.07652013392734879 0.07146210233996074 0.03873623624593994 0.06147559007236007 0.07286349965793538 0.02551012147024635 0.026825052811614875 0.08329771453083015 0.03705937142415171 0.037705712482831166 0.07007297014119059 0.08265909423155715 0.05116550391203896 0.0499496686299148 0.04720348512528233 0.05569830100598395 0.07503811619942602 0.03647102546949133 0.02880365621662323 0.08400915135073238 0.0691008603875564 0.03190700030203267 0.05044381279724784 0.040694526670971225 0.048657050302228215 0.02597710220829653 0.03165372880831224 0.042031503409537284 0.07998353610705478 0.009172338811968965 0.04930482762357755 0.039931456540457023 0.03436865837582703 0.02086287581542837 0.05820748815524458 0.03459742581038371 0.04212228755015216 0.021461788932460254 0.030763708877148764 0.01823162138364774 0.05332814921837938 0.039601674343175394 0.047929704282048666 0.0840948031525589 0.02244320645587664 0.03191169309696758 0.02865219527498841 0.0324836171991236 0.06138521189555665 0.04027122511039208 0.042263495324501965 0.006488807461170607 0.0100277300180902 0.053875920722525256 0.05956472061955797 0.0840100333021603 0.05420776385134602 0.04492202745108158 0.06052316794193539 0.05283578549269623 0.051385724327116064 0.07714985714453278 0.005716493979638105 0.04403283806193351 0.043497634708801323 0.037967138166487245
 0.05484137258590721 0.06404607372450222 0.04606656290882797 0.050804866407415473 0.032512173020176456 0.050297480807743405 0.04543765656255603 0.019660585293149457 10000.0 0.03585954702152297 0.09302898300107545 0.07189971937204313 0.035854009771409324 0.08155033731295167 0.07146036224019044 0.07212138612304117 0.0467380363445499 0.06871071184948627 0.06045458896201535 0.06656321866333231 0.04185901698825642 0.030126684294806843 0.03626386057172349 0.07047718842291228 0.06084333410122391 0.037775491820647225 0.04403989481210085 0.0549494667918947 0.015857380989696145 0.05644156033509019 0.04478304836932252 0.08147386001993098 0.07894280609046116 0.05042983320675609 0.04446791837837642 0.04087924620170435 0.06513930321009218 0.06181506771079265 0.042604628672000176 0.04456259226693686 0.07504228790492959 0.0769585504460355 0.05375219615452529 0.08737320505275677 0.020403921197652504 0.0870683614646705 0.07881150953058165 0.026898726977185893 0.08102747926022608 0.09231793245106802 0.006692246103516495 0.02845882960487365 0.09167102279603653 0.048382147636330884 0.03126884709474108 0.089507103113905 0.09348059604471581 0.06961687159557275 0.06470727307318744 0.06680729943732261 0.07326646717818909 0.09469095757454335 0.0498190407954546 0.0403419599479283 0.0979223314409123 0.08760627029477942 0.047180918632932944 0.0646420131873355 0.035948225346425014 0.06830701024493491 0.030588137668835245 0.01473012728404351 0.04401892818077942 0.09921978505630435 0.02858484644844859 0.06759503523838833 0.03636734347302765 0.03087466420877945 0.03872221772812594 0.07736849928735211 0.02463891260358973 0.05957825010718002 0.03566726164376786 0.030274976993043302 0.03233628026744519 0.0729864851382119 0.03630893470067117 0.062272508739500805 0.09916206058827223 0.03832286036459526 0.020764493231817456 0.018652016190526508 0.049931668516842005 0.0638402521828582 0.05751462095802721 0.040654935917011935 0.02244486597038809 0.012942784190607515 0.06705493099466964 0.07644617696683276 0.09197623318238206 0.07087072412293181 0.06364985514732217 0.080107260401837 0.059047257658199875 0.06493697741204435 0.09119077422630238 0.02531903534279759 0.061339156192715655 0.043228375839618735 0.05440281075077371
 0.025962192956244808 0.0609553250903691 0.02061681958572226 0.014987584420824911 0.05037308537743126 0.058220188653282746 0.011855312116811978 0.029976128197320834 0.03585954702152297 10000.0 0.058114881901093665 0.07708863207889094 0.022096369014229414 0.046671785300304885 0.03761666807301206 0.07031130194857922 0.016455815050431123 0.06905801389779585 0.03157453778517556 0.05230389416952151 0.03336360274978425 0.0161996195238754 0.017149978687805604 0.07052017580164287 0.060739428195400805 0.0528814488900404 0.04219408963812504 0.029338455699019442 0.03693098808281665 0.02330017905041993 0.013925418677040481 0.061974076830274394 0.04496914635354496 0.022013634149267228 0.009121078261854775 0.023227088654387818 0.02999475643281808 0.02633153057825402 0.03953993750198508 0.010783028897216003 0.06997500735658331 0.054333266578381785 0.031775028066664913 0.054939147276008876 0.038605334705453055 0.051422605355612175 0.043156902066899115 0.030025194690416233 0.07155141295547994 0.07412590871500677 0.03645452809058828 0.00865765429073529 0.05586217497736861 0.015288417024659504 0.021179190431394372 0.07132706616858682 0.057869324733042675 0.06890614037569784 0.03398371615953758 0.053564743762020514 0.047788627262366865 0.07990249962039071 0.06385215882969741 0.05776466464602903 0.06421246119934822 0.06400755842697187 0.05797977057101023 0.0330245369795747 0.020012304222036176 0.058118089835916244 0.00528798568573602 0.03550758515564662 0.01292565962376408 0.07867293212673782 0.03369504776091341 0.045394643868108084 0.017901955968718766 0.01566086351819094 0.04514587709127323 0.058169447098967694 0.025540415649731175 0.06362091302962898 0.015720672183489427 0.010665381191062877 0.016052937911085904 0.06069359646166417 0.017340755532226942 0.031167659983026837 0.06677943716027578 0.01963276417095246 0.026668927776664634 0.02469783088985874 0.05530269214097389 0.03144185375540541 0.062437032735449274 0.016694671696448424 0.03622660616072909 0.03676410044987043 0.03384823924061189 0.04875143327606662 0.05623572063211161 0.07616111650988282 0.044053016774257936 0.06474040122349349 0.023608137526826497 0.032370733037564076 0.05779769248216434 0.029592973673638966 0.03692571992236494 0.016101174304630005 0.02922707451969446
 0.04131231626879845 0.08056666263880465 0.06186761933942111 0.04455741078365699 0.09551242526190352 0.09178180526070145 0.052820488986036196 0.0807194387230711 0.09302898300107545 0.058114881901093665 10000.0 0.10059363785308252 0.07299267671169275 0.03301166149710064 0.022108606541418344 0.08724100009502843 0.05604177098153639 0.0893791559879423 0.03746862249928829 0.06112970333677009 0.06647153156953557 0.06466427420611395 0.06814377510002625 0.08984328923772009 0.08424403605923184 0.09502614474086418 0.07479725477576903 0.044603769375242595 0.08909703369922005 0.03686531038051612 0.04856821568632267 0.05404376917968531 0.015048306312836117 0.04494310967907368 0.05127284322570053 0.07022029386601357 0.037110466569099984 0.037511797725557315 0.07288699704282176 0.04848629289791798 0.08245906207996746 0.04554310015097193 0.04937694853570958 0.015632769318305498 0.08862215170332921 0.010578881428480819 0.026365548448401704 0.08537064621240167 0.07650751603116326 0.0618295865954716 0.09443955433999947 0.06664107885965301 0.020550476932345393 0.04469201719557315 0.0749353662345448 0.06049478311803827 0.008261145103946457 0.08790845246104784 0.03206616873478138 0.06308772602870823 0.038829699699351426 0.07171859886471553 0.10130726020288151 0.10012803815865515 0.0105476322058915 0.04538639139635214 0.09443629000582597 0.030880296300434217 0.07095053844227382 0.06931826549479816 0.06328680818597268 0.09345482015741756 0.0562252101331907 0.059148498677679004 0.07847375193685609 0.04617000706306068 0.06872418490206732 0.07049285558475872 0.08365407237977505 0.05356792693384134 0.0817499952636769 0.09073139518981406 0.05930518833839192 0.06721413929484756 0.0626342683997896 0.06693600252805157 0.06827511683568602 0.03338953727068454 0.01810186009731767 0.05853759425607614 0.08385488235705328 0.08241172718730777 0.08758015339724858 0.04695243854196436 0.0910429613906875 0.06384990659254165 0.08498337687958722 0.09017307672673386 0.02688091295419247 0.033055691197482265 0.022602305788527302 0.10009371956952594 0.05112533381250308 0.06313870254135212 0.03968441515744499 0.029475198142790038 0.010487110457853815 0.07695062150780668 0.043488671997577714 0.06043326899849341 0.045373397457609
 0.06621457656991361 0.02006936772752994 0.09762444138584013 0.08494677471812127 0.04036770059528106 0.021631798793203105 0.08783576989293375 0.05522846747380211 0.07189971937204313 0.07708863207889094 0.10059363785308252 10000.0 0.09511747145885877 0.1127734213758619 0.08274917070191705 0.014627180702117664 0.0933269715891393 0.011297022998289398 0.06665988247717655 0.03957893098434697 0.04406560001620203 0.06130674026713799 0.09176583465524614 0.011211091536377633 0.017352180569672 0.03479401374721061 0.03489454279482633 0.060682794236396866 0.05607145084974576 0.0750052708879742 0.06973722742784294 0.05151777772656832 0.0871209382182818 0.06556664866570039 0.08362361210781728 0.09832510661798782 0.09870269598970183 0.09456561629958478 0.03755150350307767 0.07425587582020378 0.021119611319093692 0.056860643003592753 0.055118987091601186 0.08616435893700207 0.05152549495574237 0.10230459226090233 0.1055825929808638 0.09393079188420543 0.03093926521407156 0.05302047400104771 0.07855933312212529 0.07840777306363561 0.11317046123170736 0.07337757278371378 0.09172239114077918 0.05170195146063074 0.10649557913717388 0.013013526716191747 0.07143753016020606 0.03766726441448829 0.062008806227831045 0.04720132405002809 0.02472827939913266 0.034222901985912504 0.09774591562235815 0.06276298792072096 0.02492683138851349 0.07354984570959174 0.09370713959369163 0.03172123190433491 0.07565112074633057 0.085964331510911 0.08985724559844743 0.06174415380778543 0.04677487920355105 0.0544245125410327 0.09238013909749548 0.08744536476556866 0.0344043540229891 0.04982020349607218 0.08966426537136561 0.013540930261630274 0.061583754882853295 0.08278202370189382 0.061079395562997005 0.035459769024324905 0.09193147921295164 0.0716919838477146 0.09325014307690523 0.058188416546559464 0.08712736593108408 0.08385110714264371 0.022818063425650653 0.10526274674255445 0.015068742623962118 0.09313580646228578 0.050110269422136894 0.05895777274612045 0.07870411345873682 0.06792845303175293 0.11469150501608706 0.0010296347460276487 0.04958581566290762 0.04260066389986013 0.09289304026107674 0.0760846315516593 0.09201215027776732 0.051448969609793435 0.058335765768559325 0.09312635284303174 0.06003231935829827
 0.047577571079135184 0.08087380617395844 0.01260516504862567 0.02932600422043528 0.062145995992135016 0.07463130694597611 0.020510435540723678 0.04166679633509821 0.035854009771409324 0.022096369014229414 0.07299267671169275 0.09511747145885877 10000.0 0.05167964018189502 0.05546270708588844 0.09016846272287289 0.017102596787465667 0.08831621460128096 0.05293311874196036 0.07407685306558788 0.05318682386015784 0.03459830431442157 0.005289687506084006 0.08990070941499048 0.07985952075649792 0.06608690718841886 0.06083406340817224 0.051352562976976455 0.045335352266042066 0.04313592336919357 0.03577432842785521 0.08406131490808814 0.06216005377377794 0.04389413905261666 0.023366161083582825 0.005116248525201449 0.03756121425799455 0.03587598790305695 0.05833459256428913 0.031824869956848696 0.09057575918157486 0.07628952510768204 0.053855189448028175 0.07330732015698144 0.04877457671733907 0.0642864412565233 0.05168270635692032 0.013634693395370656 0.09297720456741446 0.09621873726821392 0.032365628219673 0.017049424794141923 0.06487202821149073 0.03610956914656615 0.00458536040750783 0.09342211678836675 0.0705685036939927 0.08844542996398787 0.05451227289296293 0.0752366305093611 0.06945452620353024 0.10193589522399267 0.07813095215018413 0.07023969075507218 0.08086454940961288 0.0857446579740441 0.07328924041591069 0.053124306268582465 0.0022121636464556968 0.07943321008825992 0.020690662467906424 0.026525899094594782 0.016858672160485776 0.10064541000072307 0.04876697912783338 0.06745304612336203 0.004564596037926264 0.007692449276396543 0.06121725262767655 0.08026536007044868 0.012250359026446035 0.0816002870984158 0.036452298950892185 0.012750732526555357 0.03549360904643313 0.08235761757830243 0.005113419826453984 0.05167267191260213 0.08477803955324427 0.04064395972918333 0.016069158514257675 0.017304573309925905 0.07246428064933326 0.03199536301759187 0.08008364817819184 0.009153876824840557 0.04799784993887882 0.04371924066472431 0.05267442733277033 0.06986486656180803 0.06455041392028252 0.09413336776821794 0.06613146135835606 0.08673785722542558 0.03344887268933552 0.05186395782079772 0.07508404841914845 0.04407924809214701 0.058922054649038255 0.01261729773737762 0.05127446867027296
 0.046563304640415804 0.09334979540585231 0.039083993661062855 0.03222115746130798 0.09523395783889503 0.09825728560998925 0.03611312940388261 0.0759890934134115 0.08155033731295167 0.046671785300304885 0.03301166149710064 0.1127734213758619 0.05167964018189502 10000.0 0.03316228172592433 0.10180464550272424 0.03567648181668756 0.10247753432051719 0.04683924826707374 0.07677251044866765 0.07079124470566021 0.06017429471685646 0.04818410553420959 0.10344961578365701 0.09542635671687645 0.09666590828904655 0.08046391130714194 0.05216421641735321 0.08343690652944323 0.03780299596616739 0.04538143302294539 0.07624552125688173 0.03347858150205614 0.04748244851247856 0.03757485726890892 0.047408022637108437 0.01668673434702836 0.02057641119091581 0.07794738919918379 0.04211591867166467 0.09872446471186687 0.06666604718092925 0.05770286977419673 0.04371550545842321 0.08467472766373195 0.022541608564159103 0.008257508936351833 0.06529683090717894 0.09562911425341 0.08670316230796742 0.08062207609786012 0.05311903894876909 0.015425854453211584 0.041040377445175864 0.05512872010161017 0.08466850496382518 0.02626236016262943 0.10153973782823465 0.042984687088542285 0.07869302216346843 0.05828757814737093 0.09582676167610536 0.10603849880863185 0.10181902474963254 0.0435232073204612 0.07086337106953745 0.0994381404122389 0.040609317944647984 0.05016703881428162 0.08494268294607148 0.051611776767309894 0.07691138206337542 0.03781190224526063 0.0864540381534715 0.07759986296100059 0.06266991676202419 0.048487674259080744 0.05249281532998498 0.08685364042266694 0.07422731911073223 0.06307152813473481 0.10055183751412847 0.0564446516966906 0.05151728020425667 0.05887967524252195 0.08455182740372226 0.048239938078768134 0.04190323256182716 0.05068058496323125 0.058055587679689685 0.06627001452655071 0.06605139051693518 0.09449219872135874 0.019859322994695523 0.10011274573993317 0.04326146008122596 0.08184479009404579 0.08341402330399382 0.035706340410007614 0.05423937837839607 0.014270004886724409 0.11203672207857386 0.065675611195913 0.08377440153647463 0.023174364298297716 0.03787666385983574 0.041251547446324234 0.07435262541120022 0.055865343052805834 0.039933025795369205 0.05278664737512113
 0.01944823089044919 0.06277542154445144 0.04615002606945784 0.026149436251139007 0.07373465240915325 0.07149048629375897 0.035006451978441336 0.058614979142026485 0.07146036224019044 0.03761666807301206 0.022108606541418344 0.08274917070191705 0.05546270708588844 0.03316228172592433 10000.0 0.07054350889616459 0.0396627952117389 0.07188110393964943 0.016531294032785613 0.044694850940269606 0.04515976810807678 0.04262154934363963 0.05027191422931221 0.07262851524981047 0.06570623335322222 0.07354960986204183 0.05399813720179626 0.0234586957867773 0.06699740062473732 0.015019845077819258 0.02672098781673675 0.043098898493352265 0.0074842997542662396 0.022872680797949883 0.03230260038068232 0.05372497632191071 0.026233429047088308 0.0241563340155129 0.051885120549257556 0.027284563796552856 0.0667725297819187 0.033511121959416544 0.028716540016538904 0.017845043779340843 0.06652366162662547 0.019902611754289645 0.024989597575873556 0.06660084827606137 0.06284662621797618 0.05380860959571679 0.07332017022003909 0.0462739994660501 0.030434565876750683 0.02314385255165774 0.05653971915769143 0.05166587015769693 0.0251208080981824 0.07068333968977628 0.011365950410848268 0.046667387504678866 0.025125921257004514 0.06274333181781976 0.08060371473995671 0.07870516900525447 0.026655853380129428 0.03846517725244005 0.07373404985626503 0.009498976156675354 0.053286378611523744 0.053024359813903126 0.04254331891966201 0.07309759019654877 0.03878026321047355 0.05437737221076703 0.05650462101291586 0.029991374033744845 0.05094592083612953 0.0515571703716081 0.062369584907295585 0.041083035882069206 0.0625293063600232 0.0716752762599142 0.0372208818714665 0.047562842271975686 0.04056655460084869 0.052006022439237534 0.05043061073634364 0.011813952695286336 0.02942635508720033 0.03644853964031317 0.0641285934202549 0.062303810195228904 0.06737528851674061 0.03692043569218972 0.07168026491953151 0.04667084994696149 0.06290182269214702 0.06810988917022216 0.004816106712549168 0.021303982099416894 0.03201079669883693 0.08212632078864936 0.03370660063321285 0.05067733722979077 0.025075687126028257 0.0075327021346958305 0.020181769425720558 0.05486445062237132 0.02442137080711522 0.0435654654973183 0.024220111510357228
 0.05551332388599738 0.009356832450576598 0.09088151792231083 0.07603011236090974 0.043760299536266756 0.02448713823187525 0.0801118553393997 0.05348775256435539 0.07212138612304117 0.07031130194857922 0.08724100009502843 0.014627180702117664 0.09016846272287289 0.10180464550272424 0.07054350889616459 10000.0 0.08592917644812705 0.0048561268413790494 0.05505209961282301 0.026176617516673075 0.037095965356586484 0.05558397863799883 0.08624076286413097 0.0037369740033961307 0.011278212309670316 0.0384784927392969 0.029706112083876492 0.049781449144743466 0.056491615513902214 0.06447176455841143 0.06097314217649699 0.03694659063603156 0.0743094290298844 0.055626356358708724 0.07570945586873962 0.09276530725421304 0.08871900076808399 0.08469873863939768 0.03201772977745046 0.0657216251573284 0.006689916013895299 0.04271197180227436 0.044354537559007284 0.07245463684208328 0.052069715277263354 0.08968492717370935 0.09427231262199078 0.09105772533381752 0.016780817976735064 0.03864339055301948 0.0785272704759734 0.07313016320592458 0.10092448032240274 0.06411710582265395 0.08728036356825875 0.03719643555385407 0.0935099063616994 0.002954439194487477 0.05943745319087882 0.024198964778983503 0.048432053929200664 0.0336322366442347 0.032191021378171494 0.03986281055127178 0.08382100374129348 0.04818643982212452 0.029126992700126454 0.06167943938455915 0.08851995762804882 0.017922747754696815 0.06981142606123364 0.08512972447161198 0.08259158457568644 0.04743930304219386 0.0443673521166126 0.0412425027163117 0.08691540411530546 0.08250225554659825 0.0334384621522906 0.03541869206838162 0.0864825790132375 0.014721031147009917 0.05459867645828548 0.07747727760993978 0.054861060210629024 0.021044098296704217 0.08641886793804181 0.06006229890901542 0.0790353633448365 0.05072892534445258 0.08448052298367024 0.0811634261232666 0.022992967187631434 0.09621234768815742 0.01695141299271847 0.0868892680633012 0.04967658683117599 0.0594711984470205 0.06681427976572074 0.054288983084183715 0.10254534793107807 0.014538209766456216 0.03687237124914191 0.02797389420615891 0.08331036657369217 0.06432464741231976 0.07830190734131907 0.048676384205142295 0.04625398833370252 0.08637195683798429 0.0492151334241085
 0.03587876835155822 0.07660533450485735 0.006600090168876111 0.014028348865089973 0.066229986497468 0.07467313418485128 0.006101993397942097 0.045456035544626516 0.0467380363445499 0.016455815050431123 0.05604177098153639 0.0933269715891393 0.017102596787465667 0.03567648181668756 0.0396627952117389 0.08592917644812705 10000.0 0.08496405578324162 0.040410273447737004 0.06599738943788938 0.049366291125561956 0.032653219865026006 0.012761003687544507 0.08636794040040116 0.07674459952087516 0.06904835649018914 0.05845977806185474 0.040773776335638494 0.0515447984560177 0.029352189897453255 0.02581432532058238 0.07325976188605504 0.045916172350941316 0.03319370878423484 0.010583397670502903 0.014261798364160704 0.020598162142464422 0.01877520185253857 0.05579162335391554 0.02101839300947142 0.08508938484326377 0.06463090411988258 0.04461506323524261 0.05740113784829894 0.05385036205086744 0.047193596119445194 0.034817942350262004 0.030264103362468278 0.08570016619183986 0.0853935196511914 0.045172215801752055 0.019208360907152788 0.0480597402006924 0.024216327696563383 0.019805569234915596 0.08271468944756036 0.05346639798241772 0.08469257719815096 0.04074541428490806 0.06747443004954926 0.05700355880674994 0.09223894619179861 0.08021445524073945 0.07382991075569123 0.06422820377728104 0.07317067076720107 0.07441192453749708 0.038972087491321486 0.015204822644604018 0.07257895858406875 0.019501534788520333 0.041238718262383824 0.0035335733655032513 0.08872356284810334 0.05000034113612337 0.05661830196551168 0.013189500253923457 0.016818597750962852 0.06159306423775349 0.0697965243652522 0.027550842112108405 0.07991133622208456 0.03174673971338704 0.01649230969962083 0.03245638424081205 0.07451898475016046 0.01284794973904492 0.03801275279305165 0.06857376658079951 0.035315443007191 0.03061864196632099 0.030398258866756574 0.0717225954859117 0.01710252612959056 0.0787854508070918 0.00799765449363354 0.051882580711092294 0.050831280816643835 0.03753169354579035 0.05636374753284621 0.047864511867357754 0.09241379851988574 0.05652735442956043 0.0774573026807925 0.01638844574763083 0.03723876011721814 0.058696647547126696 0.04575003623952177 0.04792096944033964 0.0045062111351860425 0.04092304673557345
