NAME :TPP_input_26_4_2
NUM_VERTICES
101
NUM_CLUSTERS
26
Full Matrix
 10000.0 0.05267953927605346 0.07752347723860076 0.046246417107451886 0.07489162877983101 0.01024230779670721 0.0820631970626461 0.035216410662324386 0.04091257122622824 0.04955095844846726 0.10941910372908041 0.0986446937897491 0.0830976079487009 0.1011146053037136 0.0920238220373863 0.020445932658183157 0.09896077170698588 0.05785515385829767 0.03599790550713257 0.08493718277774603 0.10461559520996586 0.06934368971200026 0.09435736961535025 0.0651685197894443 0.012046135100858309 0.04938215286580936 0.057577642207397514 0.0657603556982814 0.04089953558152094 0.07036584880961233 0.09303320991861129 0.04604564470259932 0.09394626556798906 0.07979498246789771 0.06836529056853896 0.09426934127564654 0.07831902017240522 0.09347950695122906 0.05446880782412616 0.061738951271905346 0.08668629903390417 0.0521296800506755 0.09779625213704642 0.0420933220296526 0.051808653660550416 0.09170988488817328 0.09939019749157589 0.07696015662237439 0.030206560407803472 0.08973367831134725 0.008361054188051572 0.06956728151801811 0.055283550178487406 0.051010093548104644 0.0833092863473087 0.09432652915502462 0.023297326145558284 0.054621110882134595 0.10970453854643603 0.09373567309062333 0.03476006777092022 0.0818573523517787 0.052621453740809836 0.06709564407025188 0.017313454871985424 0.09454442195248379 0.030111532748894485 0.02835080861438477 0.08846458058582894 0.056815190112032225 0.11281762459517387 0.0952660739134958 0.10650011330888962 0.07801870953812481 0.07822689097447369 0.07999036820695785 0.051747255463344216 0.07827923246216927 0.08832496556985965 0.09834994999170138 0.03665322283600167 0.10214392436743286 0.049771561522272585 0.10311986197397245 0.04098625424068849 0.10984766979096805 0.019369024275501644 0.08089190653995601 0.04459742388981947 0.07800179340066613 0.09486029836019828 0.09338199232283362 0.11556364267327697 0.05828516517978496 0.07832700187745734 0.07111084269607536 0.0991613784668153 0.0885547398637872 0.08462042292920134 0.06634861867988394 0.055607255429095684
 0.05267953927605346 10000.0 0.03566275781487089 0.008499756801086956 0.06277978684178105 0.05021804456219249 0.06228336785645011 0.03909879958940666 0.0187101082050508 0.045311077580901415 0.06797441669521108 0.0524707795631169 0.031361092649271144 0.056790981777241546 0.04130073759568231 0.04826016854512183 0.05345442507331181 0.013412980032399534 0.029432979115223235 0.048746791835015686 0.05742293544470626 0.05464290893955237 0.04402426638463965 0.02017912521955548 0.044273180904100096 0.0619890321388687 0.01868183737715922 0.03649572179898175 0.02804845255354384 0.04661769672815496 0.06129430623745773 0.013744967664260236 0.041958911531530356 0.057064377620545656 0.037014936360005385 0.04811612242528282 0.08280127780611196 0.04868775630554978 0.0021754603298460955 0.06385286899877725 0.034968656285734194 0.0161561347839602 0.04528742445283544 0.060371095074692877 0.03779137973978236 0.04973529101311484 0.04716583684501843 0.02437852269614152 0.032799262689467285 0.039198294330847004 0.049028467844982014 0.022202921757592683 0.017629917261088295 0.002792114900938787 0.0334871826647472 0.04639967527236142 0.029431128986191157 0.007934232063252925 0.06868449451071552 0.061382431941034994 0.03507180703005221 0.03845174510235442 0.03009338185458246 0.03250091818580113 0.056770782248600486 0.04404136992936944 0.05667729086271538 0.030049303702233514 0.06522481678200877 0.010341981218029697 0.06437440969651584 0.06762541264264312 0.05595364374360664 0.07634356634735119 0.03166926442981728 0.03628227353813803 0.0023831190101182924 0.03735365520256751 0.04125132696311654 0.055832064332313934 0.04368320514057377 0.0545632290141511 0.05845474204782495 0.05808442097650514 0.04952149377992036 0.06820664142666259 0.04254274561826428 0.03365068234823073 0.01192195357777502 0.05737446560118464 0.04241972429460147 0.04113954576595512 0.06789148829558625 0.03885027490629118 0.030038764109677887 0.0501636776841331 0.05166465100494008 0.05774613242228909 0.06254441948424551 0.03780901222737121 0.055470791019359866
 0.07752347723860076 0.03566275781487089 10000.0 0.03575808909671155 0.04290244170637326 0.07885136115474063 0.036538270263675246 0.047899870921331175 0.0369480176209057 0.04210615376080919 0.033075005080809024 0.021572739651541734 0.02367420634316281 0.02359720037891692 0.050724055772452536 0.07998280856842414 0.021602936684677762 0.02300706057645867 0.042388108882710746 0.014263885731257314 0.027848637763703908 0.036290602679980244 0.053633137490986874 0.015498412625220493 0.06615266236202907 0.06078898058721556 0.05180847996261612 0.01763038063004416 0.06354887045378978 0.024672956904347124 0.027520033671307023 0.0328608841799511 0.029992399891370643 0.030728962234872027 0.014985904453724724 0.017464920678271836 0.06892948811098391 0.016067437685773837 0.033673677276814216 0.0544078968660616 0.04341984517526094 0.051095705970296314 0.04441325553637925 0.06366945406477562 0.03335799977515375 0.014666053583487514 0.03500748791176174 0.033518940767937586 0.048343518031762386 0.021792304789935664 0.07695848296097292 0.014448459440678275 0.022826557515963318 0.038438462846356936 0.016937874552574284 0.019332715417151394 0.05626089262338676 0.028428389393263077 0.03363164949507486 0.02729169856213394 0.0457937717215613 0.0046001817457228126 0.027330438523098972 0.012354854234007825 0.08694560400196596 0.024673654606403996 0.06685688913699489 0.04924610114202312 0.03611438730343226 0.02569066180856762 0.03661005171336663 0.035269762487086014 0.03411278667451603 0.059834568939980556 0.0530939907002826 0.05942961722211673 0.03802792933973359 0.06281622695087212 0.013481088429659598 0.021224917685824213 0.050332179273478134 0.025830070028451887 0.05627640996850133 0.025611296659735012 0.05263474059084118 0.03339559133296799 0.0738839446894289 0.05329708650372755 0.035409769112896644 0.032682051947090535 0.033762771574161125 0.04409280858525726 0.03867294427857271 0.028077618657355693 0.04955849081579461 0.02869468751458845 0.023023557177154007 0.025042883015218072 0.03495840538742319 0.01829882331403433 0.048488936628939105
 0.046246417107451886 0.008499756801086956 0.03575808909671155 10000.0 0.05682281317584133 0.04507327694859831 0.05757069097089367 0.03062904194425363 0.010267019936143752 0.03759952172038876 0.06880218596754718 0.05484217078119537 0.03685160496921828 0.058469424885961255 0.04958790878345255 0.044694848684249895 0.055555580595234494 0.012972815537779254 0.020951411872163286 0.04741207770490464 0.06031425762633986 0.048748143462001826 0.05236043568937461 0.020828499419082748 0.0369380341443188 0.05372321276916526 0.025276510840135994 0.03245338282573997 0.029016347328339288 0.041968053982204837 0.05914940354645763 0.00610978669001233 0.04770084045305561 0.052718915904642186 0.03359572971534421 0.05040544456818394 0.07545429526107572 0.050401137304620584 0.009368871216370601 0.056295734724216784 0.04304004092884899 0.021390008178728406 0.05276126312173288 0.0519145908277846 0.030714747731025227 0.050372139914321455 0.05316516312400078 0.03193728168619489 0.024360999214265707 0.043745093670196085 0.043576817801665245 0.02439106001661431 0.014002040227083321 0.008934712020275641 0.03750053186730795 0.04950247299153415 0.023045571376307864 0.008517731767712228 0.06938337609068772 0.05939800903952192 0.026588632354028724 0.03930256932286842 0.023704087015412417 0.029713403339129075 0.05241157119512606 0.04859719752471184 0.0482321659198914 0.021846876598945 0.06127708671547427 0.011019647841955612 0.06791550326283333 0.06468447179521933 0.06059871488511319 0.06946677772548339 0.04010785318512617 0.0445408076210655 0.009346511176824217 0.04532390578617273 0.04384308955577908 0.056811448560806145 0.035237124310456475 0.057601057369944655 0.050302200273833295 0.06006574677491582 0.04116132930724184 0.06910376917189011 0.038683583822819397 0.0421315205958205 0.003518586458288968 0.052630462235725754 0.04872204388730795 0.04889133712561931 0.07110001772274484 0.03277360087423243 0.038536644559447004 0.045142017350050474 0.05462726513587435 0.05525104854286713 0.058276523438004706 0.033682278954565936 0.04784001947642537
 0.07489162877983101 0.06277978684178105 0.04290244170637326 0.05682281317584133 10000.0 0.08138142885825302 0.011279429640255034 0.04028795043561082 0.049339949314283316 0.025571331538130758 0.05480355227393995 0.05755998891501676 0.06609156598804383 0.055047191061818004 0.09213867602708174 0.08748424360501807 0.05629885371990054 0.05103281252822325 0.04422958060393119 0.03468770465923912 0.06321767686916817 0.008137770100023369 0.095147528025644 0.04897743549734785 0.06332576693829116 0.03245194629755021 0.08142529576809214 0.028393041406865535 0.0837913835724629 0.018560017788025743 0.030924562090771147 0.05078473379871844 0.0728368797149464 0.014556149910032784 0.029618056186598914 0.055380051904832826 0.02663442933674327 0.05222132547740191 0.06186767610261894 0.01899824556799535 0.08459896718727171 0.07812351782352318 0.08717891303734739 0.039455926945450394 0.02724219259308957 0.04622304495129231 0.07764817596691594 0.0732920415065347 0.04789603773877117 0.06455597265674393 0.07887495425300416 0.05207714115118179 0.04543266242487266 0.06469579723043434 0.05978423204312658 0.05944640478843175 0.06363584553303236 0.055372229263441194 0.054284666309229526 0.03209900192567541 0.04214236465340089 0.04598585466986741 0.03312312216278441 0.0344395147035386 0.09034989183638742 0.0668356824098575 0.04953068259005338 0.052069552964761026 0.018303813274751918 0.053882248177812016 0.07162791474346988 0.027162959507090897 0.0740126387253721 0.0170747737971373 0.09057877922384111 0.09643294661200455 0.06477216548761039 0.09868503647061996 0.0549300814564549 0.05017844781816221 0.038243032111302845 0.06270635399750886 0.029077924806424276 0.057602132925550005 0.034506533243753294 0.05542002972125771 0.08196891093728342 0.09157168702884017 0.05388915216319113 0.0115946208035102 0.07666242039578505 0.08641353944045639 0.07151164142651875 0.024057846918709453 0.0876180305968296 0.014400969916233047 0.06085145374360221 0.02773557118617161 0.015017192651589321 0.027124661115848384 0.02036856931628036
 0.01024230779670721 0.05021804456219249 0.07885136115474063 0.04507327694859831 0.08138142885825302 10000.0 0.0876319044382552 0.04110583943589322 0.04193896082379831 0.05581118523857729 0.1115085159393012 0.09932291095203245 0.08144813869766888 0.10235023698355597 0.08739723802669924 0.01026027426168372 0.0998377284491377 0.05759887165898637 0.03957228928754133 0.08769567622236915 0.10504582558819668 0.07522007994407298 0.08952516537792345 0.0652875848293222 0.01844674507290615 0.05809916361839687 0.051867954027571876 0.06900148058198238 0.033535247296246316 0.07482434244564592 0.09686824547676072 0.04623011563027685 0.09214836609502225 0.08481295753909951 0.07137974966961036 0.0948924909627674 0.08701769473326545 0.09447108626713548 0.052209325409151075 0.06967979301782622 0.08266046766762818 0.0466702862405225 0.09434863786557318 0.05113598811826636 0.056603043163573216 0.09337946258501975 0.09738381917094605 0.07385004339371902 0.03438488014452649 0.0887611016794411 0.0025500315574426883 0.06930159074377262 0.05608500882170019 0.04814432985434864 0.08257062570001562 0.09440011863576388 0.022610589249072124 0.05358899789467734 0.11190098280859707 0.09747189295490531 0.039728647319709265 0.08295540198266127 0.055959947227635455 0.06943451051655165 0.008986931874993059 0.09362202876095785 0.039455722674952086 0.0312954338937538 0.09366511325378939 0.05605237219654738 0.11287995573766836 0.09989311282664581 0.10562378054799486 0.08600691192040781 0.07265722743204485 0.07373782787480436 0.04887895467125461 0.07156703826519654 0.08858279029678419 0.1000101919588216 0.043433678180377445 0.10242076390729198 0.058005022463269426 0.10418574103680103 0.04855110605092408 0.11189444904397122 0.010552096556123915 0.07540068271404311 0.04416721479802301 0.08329788366815016 0.09260791883319762 0.08965901312827469 0.11592597744905274 0.0627216426883544 0.07319505446192781 0.07607226976858208 0.09943382584341047 0.09244747746296565 0.08990106138165033 0.06975534140589641 0.06294301531017804
 0.0820631970626461 0.06228336785645011 0.036538270263675246 0.05757069097089367 0.011279429640255034 0.0876319044382552 10000.0 0.046866516875090816 0.05170261479887717 0.03269977301520893 0.04383641639051557 0.048223472061296076 0.06021048944166894 0.045091520898394306 0.0871029246799521 0.09278271529991726 0.046790501138034485 0.04948138053713313 0.04879812242157384 0.0257931423874892 0.053531373467838296 0.012899567406383492 0.09004945573313143 0.04577580233803257 0.07017288505597676 0.04299550271084516 0.08087923704623715 0.02587422364946245 0.08590567306053927 0.015678095791078414 0.019882199332479342 0.05185526763920765 0.06570589507754092 0.005832525341328529 0.025956889753408815 0.04656060423966275 0.03656785731892788 0.043236233056432365 0.06102903339836781 0.030093061745246365 0.07968961885046069 0.07824081322566971 0.080798021291814 0.04957338889134854 0.0312763183014988 0.03697675238632096 0.07011604620677579 0.06903093410993863 0.0533614320148513 0.05737729696582662 0.08519405828983945 0.04796852778376425 0.0446632069700203 0.0645280616382568 0.05336339148485793 0.051004851452666755 0.06818816051609518 0.05446894537660271 0.043260767896337524 0.02106660224970451 0.047903335026020157 0.038799032752094065 0.03475534727479915 0.03091872681309319 0.09661106415162608 0.059050869184301184 0.058783217278732765 0.0570483620360266 0.007248219493649348 0.05253225472575947 0.061643077182346934 0.01598544622260738 0.06508290418004802 0.0266846520541406 0.08751457628559735 0.09362627941179406 0.0644753721228584 0.0963473846128969 0.047152284727819384 0.04017282475446566 0.04573809355166861 0.053328029797836324 0.039273877462943425 0.04759998306788575 0.043125104268414635 0.044456599387990424 0.08699967271774076 0.08818484374340571 0.05508555726245107 0.004940480016120679 0.06974041509151778 0.08063089276593982 0.06119940934672974 0.026025558415858588 0.08428236291542189 0.01252613092465366 0.051750704879226506 0.01714136828958797 0.0037378203012162613 0.024541553926146015 0.030094831618710103
 0.035216410662324386 0.03909879958940666 0.047899870921331175 0.03062904194425363 0.04028795043561082 0.04110583943589322 0.046866516875090816 10000.0 0.02039089622126799 0.014720094364420734 0.07708791322766809 0.06942235366207891 0.061227332805475855 0.0705878870125082 0.07937139733355893 0.0474356378742425 0.06927840387473305 0.03537618011994276 0.009687669838878293 0.052057943892314794 0.07573320760899428 0.03423053150734356 0.0822603895367578 0.04013063686548853 0.023309298137931592 0.023964757123932475 0.05436141463238373 0.03280029530614679 0.048992155057354825 0.035589877006246565 0.05857923678981102 0.02584412139583989 0.07161224832155985 0.04463182632742649 0.035685831011651334 0.0653646567050469 0.049888897063926164 0.06376312370957506 0.03963446861893025 0.030822038807523964 0.07237286372435428 0.04943158008411599 0.08046539273509283 0.02129274741903382 0.017095000446877538 0.06061712166098409 0.07731351799914311 0.060583511885589525 0.008956174004045565 0.0652786983252951 0.03860966174372425 0.045048620326960484 0.030027649080775883 0.03939234644440004 0.05869535136698225 0.06676017532952036 0.025012145597857225 0.03554535871256017 0.07719176643248646 0.05937453719022594 0.004094360509271624 0.05249702982963106 0.020600385118532565 0.03590197021617055 0.050083438255801575 0.06961875820897166 0.019488315409322395 0.013658898766186124 0.05325441389504843 0.03624805059567879 0.0845084192964089 0.06021358834931666 0.08080140637011 0.04666308682996609 0.07073572163637817 0.07503899799032202 0.03988893979392149 0.0754879733348999 0.06063370575555212 0.06705597143281262 0.004714158625239618 0.07371625370766022 0.021397992313124864 0.07288402721700644 0.011163619645971333 0.07758009205022634 0.042169921628085937 0.07274948100951989 0.027177256084879507 0.04278850805406778 0.07385679281654456 0.07735915745222899 0.0864819532701698 0.02378368508675232 0.06911585146555338 0.0359971099096495 0.07087045249677786 0.05408988535062741 0.04940567308483561 0.03306362327067457 0.022939853858610432
 0.04091257122622824 0.0187101082050508 0.0369480176209057 0.010267019936143752 0.049339949314283316 0.04193896082379831 0.05170261479887717 0.02039089622126799 10000.0 0.028054370348751998 0.06959532363369564 0.05778319927890733 0.043749823692666084 0.06050783450796279 0.05930606603484317 0.043908671519772846 0.058165225320364375 0.017499135191421034 0.010746349791169976 0.046209652860730185 0.06371255774539371 0.0414998103019677 0.06214521562553292 0.024358712821371746 0.030172756939740555 0.0435155403376379 0.034926655400990415 0.028568502185533785 0.034481704169346136 0.03665502826940136 0.056536516093981436 0.0059557062991940505 0.05455452312665785 0.047449521771281505 0.03049152884019346 0.053390212004881664 0.0661114387235386 0.05272635684903893 0.01928306923630632 0.04679544817160452 0.052502826396822064 0.0304900604337148 0.061444896792451666 0.041661880275956166 0.022280548174965244 0.05144138530042542 0.060193791626795105 0.04097413195101936 0.014845279064939739 0.04943617065437778 0.04001407685624928 0.028939729494882716 0.014378673654354426 0.019139339048640548 0.04287950558890551 0.053433757547079845 0.01942805416594031 0.0159117486145981 0.07001075628370575 0.05697968224077819 0.016381033121254288 0.041139442959984875 0.016953340957981573 0.027831676754318118 0.05019850259870733 0.05415297123474598 0.038466827061345965 0.013505988677639408 0.05632162889308094 0.01729534420759553 0.07191287201801655 0.060939194536456444 0.0659877230157168 0.060697544729050375 0.05036483698739751 0.05479334590551493 0.019591725360249595 0.055477783448253826 0.04741552910230559 0.05807439421652887 0.024977024278264315 0.0612313668793409 0.040186888134654875 0.06241673629654825 0.030907009953022313 0.06997372663899923 0.03780119287357242 0.052360093691223235 0.0067884405200990825 0.04683556531000314 0.05615710722713425 0.05793120521308473 0.07465803048760147 0.025826208782027706 0.048726966939936237 0.039192565757255646 0.058248866362574155 0.05230570832798216 0.052972222571644835 0.029580251962171504 0.038304072218124
 0.04955095844846726 0.045311077580901415 0.04210615376080919 0.03759952172038876 0.025571331538130758 0.05581118523857729 0.03269977301520893 0.014720094364420734 0.028054370348751998 10000.0 0.06722517743620668 0.06262774882043647 0.060243750015112195 0.06261859141579601 0.08224220257406759 0.062059467095498026 0.06210050722743166 0.03724752374874096 0.02006606511302706 0.042437749276238834 0.06896487032640827 0.019853018452232647 0.08524922423482892 0.039267569018078145 0.037832247579436415 0.01905571562052725 0.06281623061449601 0.024753372037127783 0.06105940324903185 0.023703156004393773 0.04653849929578181 0.031668196629064935 0.06965627695190003 0.031189276841850747 0.027665802076863897 0.059024942126934724 0.03806581255452112 0.056806493856837455 0.045153460130134854 0.01874541945351497 0.07482977979841933 0.05853074468161427 0.08093487044879147 0.02167611886864989 0.009213425580883665 0.05253479846580187 0.07522088140654169 0.06282116161179054 0.022700411808033484 0.062307326732309286 0.0533070688531392 0.043870998846148035 0.031065739638032556 0.04644011858233618 0.05607479960697317 0.0614281280920651 0.03880558893531313 0.03954497625660376 0.06714379038372288 0.047465794538892936 0.016883841013030598 0.04656187685342369 0.017392070110667186 0.029829213516542774 0.06478223469292989 0.06606744315271379 0.027413330579878638 0.027140239991147494 0.0394156841550177 0.039201371965952615 0.07789176690617929 0.046965096084166234 0.07619838258716168 0.03322166403014726 0.07636283073351502 0.08142923421480233 0.04675052913679706 0.08266473189318627 0.055558113391343894 0.058505368793778885 0.013038934710069445 0.06738735663278683 0.014683693236696166 0.06508917769143009 0.011547393923184482 0.06776928263266972 0.05667066675096076 0.07798712548276403 0.0341587764193193 0.028995564671403663 0.07259265496414337 0.07867208563772467 0.07921454469459893 0.014168888352003339 0.07412425511127899 0.022987393825902695 0.06477024326049262 0.042135258859881015 0.035524586445105096 0.024446185420944986 0.010258775587508255
 0.10941910372908041 0.06797441669521108 0.033075005080809024 0.06880218596754718 0.05480355227393995 0.1115085159393012 0.04383641639051557 0.07708791322766809 0.06959532363369564 0.06722517743620668 10000.0 0.018534788287802334 0.04481723273349239 0.01251435208059637 0.06904311175573945 0.11301430035850459 0.016729462774702015 0.05594284853453785 0.07353840710770285 0.02505417224643232 0.01844913750584673 0.05250533380830265 0.07125924242121433 0.04820165166541658 0.09768321809945113 0.08323659300743988 0.08219625360253693 0.044307804408072846 0.09602286875651739 0.04378024499269007 0.02395520289341499 0.06585819246180943 0.04224873532622288 0.04052665662190133 0.041473260705110766 0.021698756823743618 0.0801790745721921 0.01986373808436223 0.06587491650605469 0.07245155937981652 0.0635142383105526 0.08248513461052893 0.05765298030970294 0.0882531281327774 0.06040515443308331 0.0184300521026118 0.04340701326439924 0.05818106492354755 0.07946462932066364 0.036538891923197876 0.1095171810652193 0.04580242644555887 0.055790548596866774 0.07076524425732368 0.038226851900299195 0.025849964825138686 0.0890165723079778 0.061209441999470565 0.0012299533960831845 0.02277025977718445 0.07589696344326409 0.029611304682227092 0.057133008887011213 0.04232433402917306 0.11977810686935683 0.03421430609027564 0.09438552367339723 0.08109552077162056 0.03799633289130577 0.058453290495333446 0.022348711943709798 0.030151180184373235 0.03170582364095218 0.07029962618673466 0.07779459375903568 0.08402190633008916 0.07027379731980395 0.08826355727025828 0.028325870747178773 0.012145747458911161 0.07835937943601769 0.020633687975973453 0.0789032481026129 0.012791253999182373 0.07874899783971046 0.0006224046180738782 0.10690699980879655 0.07702106547135319 0.0684721311013161 0.043575020081627405 0.046274340340252386 0.060316584718518425 0.019919693831051424 0.05381282022897563 0.07399465730411986 0.04572059571209658 0.02179087968950907 0.027174423800365426 0.04023347507498896 0.04402937721463722 0.06971901377187131
 0.0986446937897491 0.0524707795631169 0.021572739651541734 0.05484217078119537 0.05755998891501676 0.09932291095203245 0.048223472061296076 0.06942235366207891 0.05778319927890733 0.06262774882043647 0.018534788287802334 10000.0 0.026489722244964806 0.006136926427845752 0.05066631138730479 0.09953579658882686 0.001974562258549077 0.041923039435809405 0.06389658849814164 0.02288408279684184 0.006354011262774344 0.05278099223606187 0.05297381989139694 0.03410806268535197 0.08747363137156199 0.08069799254925773 0.06500233334118743 0.037896738020028464 0.08025511902684289 0.041780492768079734 0.030915717938943446 0.0530983011468246 0.023984598795002633 0.0432502806503765 0.03496561369298831 0.004439747772012753 0.08417366212704107 0.005824156121890602 0.05030461105245023 0.07245020290105654 0.04499440693983333 0.06586018625252023 0.03976800246483326 0.0843037371238759 0.05431265429471086 0.01133756244410844 0.025928399900702413 0.03992477398712159 0.06983570299967996 0.0180168870785088 0.0975640174081904 0.030576086188391118 0.043411644691361974 0.05520935200060179 0.02037976760582673 0.0073486309127196465 0.07673724781031535 0.04661896018481033 0.01964326455995857 0.02995030209725655 0.06736612834781766 0.017014671549149544 0.04882566061065835 0.03359755513167371 0.10708513806769111 0.015860254361137527 0.08821555792866714 0.07052344712478639 0.0445771265499637 0.04392701157321726 0.015268639708164765 0.03930928895853408 0.017090720853897505 0.0744513583315318 0.05934414078288706 0.06553947998929123 0.05463562430039248 0.06982929683248686 0.011224637669012565 0.009564409045455623 0.07170082725862263 0.00514688187586375 0.07618410602705118 0.006054750193763801 0.07359242813668376 0.018469222512285895 0.09352227042252778 0.05851507374582856 0.055232675021441566 0.046043345289794715 0.028139265681705758 0.04204979618668714 0.017102620141434714 0.0484608571514142 0.055543644151473774 0.045060396202423685 0.003944417277834728 0.03165321282662458 0.04530938868415724 0.03818950587559069 0.06772092113630249
 0.0830976079487009 0.031361092649271144 0.02367420634316281 0.03685160496921828 0.06609156598804383 0.08144813869766888 0.06021048944166894 0.061227332805475855 0.043749823692666084 0.060243750015112195 0.04481723273349239 0.026489722244964806 10000.0 0.032314542554775456 0.027297438186445207 0.07954695066948972 0.028151938033167546 0.026352247365268335 0.053019462724011084 0.03654812081645499 0.029449127578565455 0.05897303269496065 0.03012740596791796 0.02127993039634118 0.07345122996314249 0.07926924166669401 0.039750764534787326 0.0386625230037466 0.057044245064603614 0.04756803690714738 0.04928380603729139 0.037908222064200775 0.010868798768152329 0.05439625851597667 0.036769602814888926 0.023153194999002764 0.0914894079815656 0.025534657702724978 0.029294424434087585 0.07546029947689706 0.020306224136604087 0.04158081810887424 0.021232108372192787 0.08046338959419097 0.05103259484146075 0.03008993231442739 0.01645095074317209 0.013443718078528516 0.058265061036426244 0.009023185123123697 0.08013881020728414 0.0164550102855625 0.031204926991889436 0.033704809057909575 0.007426286278970897 0.019175464679528804 0.05987288727312868 0.02853940109594889 0.04585285686038726 0.04875974668270146 0.05796951608735189 0.022096283640036116 0.04306183727066605 0.032399328167107694 0.08813185876098432 0.013400748724406235 0.0806610027771451 0.057226459517213064 0.05954962096151108 0.02658333873279412 0.03461806324986226 0.05763401060927938 0.024861301099577453 0.0827684917890042 0.03302977767145207 0.039317129675768045 0.033003139771808285 0.04346870792889733 0.01708429276339528 0.03374614561622306 0.06488382778421836 0.026469217864808863 0.07492733008836905 0.03253224606851165 0.06893530703517224 0.04481692694888335 0.07388917089868037 0.032437979984109466 0.03870690551897148 0.05627909824712489 0.012629992392391215 0.020429816269066623 0.038630100855532534 0.04764403814179603 0.029237192976593936 0.05170863598947797 0.024077553325421806 0.047713218097854844 0.05858947403597229 0.03972749495189683 0.06847852094244279
 0.1011146053037136 0.056790981777241546 0.02359720037891692 0.058469424885961255 0.055047191061818004 0.10235023698355597 0.045091520898394306 0.0705878870125082 0.06050783450796279 0.06261859141579601 0.01251435208059637 0.006136926427845752 0.032314542554775456 10000.0 0.056803094110568116 0.10308824829054576 0.0042416355097970836 0.04549713094488421 0.06578491357634042 0.020979795373862378 0.008718127052188478 0.050994646440776975 0.05910813630603232 0.03764341318374072 0.0896921860720745 0.08009939333233602 0.07017615151948377 0.03821487227299643 0.08476307717082784 0.0405680220451018 0.026637059398055385 0.056193255631898045 0.03011030642480211 0.04052656680056923 0.03525216716146714 0.009272282846005309 0.0814871282513868 0.00811352788352909 0.054648270316132425 0.07095097336942006 0.05109738959566888 0.07074962376428501 0.0458359457648431 0.08421087302499816 0.0547651385693681 0.010094144423833697 0.03186709229116866 0.0457006978433837 0.07175392959987409 0.024050334616712764 0.10049477198918133 0.03462845647999413 0.0462652853280942 0.05956350501792921 0.025844576031712228 0.013361425926093662 0.07974162715833873 0.05048716384142933 0.013583720645979543 0.02557716707413395 0.06884640595791226 0.01939549834598212 0.05005914129558492 0.03474579871887549 0.11033073235685205 0.02199253059498344 0.08892834614287777 0.07281561794894692 0.04075976868780336 0.04774912542088336 0.016586618987192662 0.034724379600936474 0.0218564390870217 0.07166043748472897 0.0652804397625986 0.07150857319102828 0.05902660441816441 0.07575073380382036 0.016102265258186074 0.004921868002017888 0.07250654000983982 0.00959091854437285 0.0756201524254738 0.0025749579650448675 0.0738652796878445 0.012502389802151731 0.09702477004593357 0.06451324640311971 0.05854687087505706 0.04345270122437669 0.034246935252136505 0.048181456081797226 0.016819892865510794 0.048565952263118106 0.06148043861420981 0.04345822433373431 0.009785971293365638 0.02807543948244312 0.04192724264944799 0.03829455124607194 0.0668503156672045
 0.0920238220373863 0.04130073759568231 0.050724055772452536 0.04958790878345255 0.09213867602708174 0.08739723802669924 0.0871029246799521 0.07937139733355893 0.05930606603484317 0.08224220257406759 0.06904311175573945 0.05066631138730479 0.027297438186445207 0.056803094110568116 10000.0 0.08235381871857095 0.05258534747008507 0.045055804737558644 0.0699560595726535 0.06384453155812606 0.051272490028308436 0.0846043482654427 0.003034966384274232 0.0438827886480156 0.08499463807003176 0.10062853702470657 0.03609233904335295 0.06392533366650738 0.056003470321116335 0.07360947859365399 0.07649635844954955 0.05357526262447723 0.026809490710632575 0.0812707500545021 0.06252062772170547 0.04845493244792495 0.1165453408750646 0.05142209076453782 0.040221289593751895 0.09925192994978398 0.0075657243376063285 0.04087656710111906 0.013259446921474823 0.10026214691232606 0.07335204431394093 0.056737681481181856 0.026869730548999642 0.019451878141293906 0.07391498486083399 0.03323280817977171 0.086837396672466 0.040169124545153555 0.05119373606951818 0.042079719050060235 0.03464419073949617 0.043617663686094904 0.06953661263538133 0.043847790282713225 0.07019954083753625 0.07593119889272909 0.07551879172960585 0.04939328083023029 0.06495750980689576 0.05774409791908123 0.09193415506559295 0.034838575388464466 0.09773949620649343 0.07134631069628969 0.08677593674018001 0.04345712261368912 0.05268517228956628 0.08489719261304964 0.04057869038880215 0.10835064374785025 0.016746877565495408 0.020201648584115627 0.04139552531152288 0.024965745111902648 0.04356200369548285 0.05934269346032358 0.08370985606724272 0.048653589112995346 0.09660926456231267 0.05625312561453801 0.08892496627968037 0.06890141160250769 0.07782792474578573 0.014148547824640187 0.052729501972379446 0.0829601956688366 0.02294158899590332 0.008939526081550504 0.0571131936914668 0.07146137395562174 0.014715994205292422 0.07776885630356686 0.04725224757428054 0.07500950278269036 0.08567451138546507 0.06513161056965 0.09155601045767497
 0.020445932658183157 0.04826016854512183 0.07998280856842414 0.044694848684249895 0.08748424360501807 0.01026027426168372 0.09278271529991726 0.0474356378742425 0.043908671519772846 0.062059467095498026 0.11301430035850459 0.09953579658882686 0.07954695066948972 0.10308824829054576 0.08235381871857095 10000.0 0.1002436529998448 0.05764333679484798 0.04400122826650169 0.09010671196136665 0.1049529861508191 0.08080427608678073 0.08424712678706898 0.06549326475071682 0.026622472584324895 0.06653960762497399 0.046291239421100014 0.07217583240602414 0.026699443651465215 0.07906314382391472 0.10023406986050364 0.04715827749523078 0.08994983848342455 0.0894596708040328 0.07429081602505781 0.09509973731712149 0.09525585285402056 0.09505087176179432 0.050386272930437674 0.07728225659157856 0.07829592075223954 0.04155181039016 0.09044296056724314 0.05994279031733716 0.06150655418685276 0.09464614094534349 0.09491438584451493 0.0705721459290778 0.03962803301030236 0.08744184916181316 0.0121729914055924 0.06902825212438686 0.05722841413143764 0.04584354408388632 0.08157628406910558 0.09406314400632805 0.024926519283040228 0.05298499616107613 0.11351016206012239 0.10073464087189257 0.04534477068851477 0.08379421313287769 0.05953562981873393 0.07173012911010888 0.009718937254030148 0.09229233418041441 0.04865310972357712 0.03573588350825547 0.09840004514902853 0.055636115894690426 0.11234893033027785 0.10401025013163857 0.10421378781328497 0.09353456952804258 0.066810695899915 0.06715305789419644 0.04654381110200806 0.06452088116417937 0.08850369513128832 0.1011945870860756 0.050429765281813414 0.1022000382958509 0.0659991849031921 0.10473647768899363 0.05609179243998585 0.11335461474241465 0.006118993400685304 0.0695994362706673 0.04458917087060202 0.0882303489776485 0.0899417192550896 0.0855219605083557 0.1156710390230591 0.0671554300000763 0.06780459700819196 0.0807735753679626 0.09923960378900856 0.0959149490258056 0.09474957424850314 0.07307390816329293 0.07005207400045414
 0.09896077170698588 0.05345442507331181 0.021602936684677762 0.055555580595234494 0.05629885371990054 0.0998377284491377 0.046790501138034485 0.06927840387473305 0.058165225320364375 0.06210050722743166 0.016729462774702015 0.001974562258549077 0.028151938033167546 0.0042416355097970836 0.05258534747008507 0.1002436529998448 10000.0 0.04260080405550884 0.0639909658897465 0.02169503807288413 0.007034079744259337 0.051714335032565346 0.05490881644342834 0.03475601877439155 0.08769740787473931 0.08000397329867497 0.06635411493991115 0.03743019386794708 0.08132847408268977 0.040859129285310124 0.029188716949501294 0.05361027174220348 0.025933693796476195 0.04191510034840674 0.034480108639682636 0.005393044761648197 0.08288319635845819 0.005539050386353619 0.051296053967471104 0.07148423904429824 0.04685598049926797 0.06708771533521746 0.041737443068953446 0.08376704164989295 0.053921106780836864 0.010152364867190988 0.02790083534580667 0.041564232248608446 0.0699452964379172 0.019815204054881703 0.0980434144740972 0.03142096427321943 0.0438217056493353 0.05620874956663878 0.021838188762559465 0.009124773755767337 0.07723429560768708 0.04741713732151098 0.017814269412182206 0.028201949551974175 0.06732520991237306 0.01713268867301822 0.04868031648704878 0.033387446090800264 0.10768163522729685 0.017803465946055284 0.08793611258195178 0.0707629783796285 0.042972770916217824 0.04470384440584413 0.01588772289496158 0.03753096810423026 0.018799662952522944 0.07312825484253929 0.06108042468267392 0.06729703237451008 0.05564959482759262 0.07155709369921844 0.012344387755122546 0.007655219468324074 0.07144094297460123 0.006583869283679907 0.07549767425740948 0.004655703204731981 0.07316335116933602 0.01669323145422079 0.09420964257958334 0.060291709497900865 0.05582822108630127 0.04474752175192424 0.030098914451017846 0.04399016943965127 0.01723183946284833 0.04795043193313808 0.057279941997367176 0.04403388338599282 0.005873742251988792 0.030082866494558137 0.043810347816104434 0.03765659049339624 0.06693573989432994
 0.05785515385829767 0.013412980032399534 0.02300706057645867 0.012972815537779254 0.05103281252822325 0.05759887165898637 0.04948138053713313 0.03537618011994276 0.017499135191421034 0.03724752374874096 0.05594284853453785 0.041923039435809405 0.026352247365268335 0.04549713094488421 0.045055804737558644 0.05764333679484798 0.04260080405550884 10000.0 0.02675364131737056 0.0354947497430754 0.04749313192278398 0.04294399273417464 0.048048148345205925 0.00785603071942438 0.04755335630082443 0.055589038833009224 0.031537608037919405 0.02360961096074188 0.04069390769626205 0.03393318390830962 0.04790614139941728 0.011856447883150458 0.037100846767490814 0.044092433124954956 0.023822437588347834 0.03748358032159509 0.0729937302280148 0.03742886016833642 0.011789958488656866 0.05480862507276514 0.037723154659113745 0.029537499764508097 0.04509957648283814 0.05559538836957739 0.02855085656833511 0.03752274208776238 0.04276252354718751 0.025725063665716672 0.0319137427203787 0.031998168349375855 0.05595711866012449 0.011746034898305295 0.00620594876984684 0.016038429806193646 0.02549174689448104 0.036801674729699876 0.035156495649285836 0.00558752747003794 0.05655548473278902 0.048015208539805676 0.03188838095574848 0.026376949001036633 0.020177309497094027 0.019168598352305766 0.06519357320798991 0.03675879690550304 0.054623504595050464 0.031004872024940937 0.05204074246105459 0.0031102219775658085 0.05529012771205965 0.05422347608330951 0.048670192699528755 0.06570613283052058 0.03998640110258732 0.045595096051773885 0.01577582033029498 0.047666640750487835 0.0310141511228386 0.04390413886742778 0.039364069245734656 0.04483334560042376 0.05155350340346756 0.04709860294598269 0.0441260574231275 0.056229832900078755 0.05161065157350148 0.04130358847149052 0.013440995277373788 0.04463013624691325 0.03887584266903462 0.042153617898661434 0.058341220853070856 0.027829796369184548 0.03736778594546718 0.037700604054981886 0.041848890267246336 0.044333643422922724 0.04950252889941288 0.024944921875051016 0.046816471412681734
 0.03599790550713257 0.029432979115223235 0.042388108882710746 0.020951411872163286 0.04422958060393119 0.03957228928754133 0.04879812242157384 0.009687669838878293 0.010746349791169976 0.02006606511302706 0.07353840710770285 0.06389658849814164 0.053019462724011084 0.06578491357634042 0.0699560595726535 0.04400122826650169 0.0639909658897465 0.02675364131737056 10000.0 0.048942992893361084 0.07008286397516181 0.03707532016841464 0.0728166283627939 0.03241653604488451 0.024150317421005374 0.033294372376558336 0.04485537165138415 0.02978341795284562 0.04105137130030007 0.03529506917153548 0.057371825489187005 0.016385584938653844 0.06364127351228527 0.04550464815094719 0.032367521924474785 0.0596492251874828 0.05764952173502249 0.05845523547503449 0.03002679177206318 0.03827880030123849 0.06306221019701239 0.040046970861611145 0.0715933169387235 0.030980369300992107 0.017532128134036085 0.056116316187283036 0.06933464646288459 0.051393335474103956 0.005969698376240282 0.05782525030542942 0.03727771849531518 0.03728420654767727 0.022041087700838697 0.029705679653049582 0.051206200240093196 0.06044736657964333 0.01948324437506487 0.0262647014635857 0.07378826002170648 0.0580120810614445 0.005638887332185271 0.04689265550643383 0.01663695269287945 0.03128369690865312 0.04843080440215593 0.062361369094136386 0.028013596960541277 0.008335403086606387 0.05443001436442776 0.02723596458146204 0.07864729570657289 0.06035883379846437 0.07389957045193454 0.05328278671973412 0.06105346559996193 0.06535757902142864 0.03020128128253115 0.06585265726149934 0.054312016759274606 0.06272169742842633 0.014344315827505033 0.06783924094826203 0.030299505006228473 0.06792371284196935 0.02052303539235795 0.07398174722092048 0.03820256662266657 0.06308067959853664 0.017517840921139827 0.04422919199561273 0.06559803265060786 0.06828096709230806 0.08098822716739201 0.023243879401087117 0.05946441853378595 0.0367940652753743 0.06490985202573363 0.052928543639966096 0.05075635128549863 0.030417317381753343 0.029902657751856035
