NAME :TPP_input_19_4_1
NUM_VERTICES
73
NUM_CLUSTERS
19
Full Matrix
 10000.0 0.025227000085226787 0.07639781375221542 0.07305987510432474 0.00890379205163716 0.07615449386613171 0.04989395180169294 0.061752987547107945 0.08288718624590966 0.04979353531164962 0.0379567703720325 0.083058951562964 0.07956142155837641 0.08097187464995419 0.0790949620406124 0.0867977819334244 0.04916282836011687 0.04138757544798873 0.00499779241913282 0.08337750942308007 0.0557034040559912 0.07952966457353813 0.05754555262673427 0.08186432174394963 0.04645688551395004 0.05543344214093546 0.07919221316614893 0.009298022731652311 0.07537707857286403 0.06634318516697994 0.05934990327838036 0.08292047956123429 0.05878924967598607 0.061047908306096764 0.06603972557061705 0.018019019440316558 0.04165363865816205 0.031981072639199006 0.08263290006146565 0.04582988375715331 0.05719127329570566 0.062207450975736246 0.05084429362694719 0.08512062917713638 0.08213399489670939 0.05501223289019834 0.07760028633165429 0.02845905867795791 0.07683780843454126 0.04225187800614003 0.04270804937625228 0.07534514390877799 0.030338197428390525 0.05331887457235299 0.09276889257731488 0.06664517125795817 0.054833936242037966 0.047167260678764374 0.04116326890698022 0.0688151479745258 0.030507222839069283 0.06077431096603128 0.039134641536222294 0.017965732662310198 0.029941676901422087 0.045108470065501255 0.010898361675692182 0.08890045262376414 0.050426524447181736 0.06428303871914912 0.04048675780808716 0.04390758709912928 0.07590542060410946
 0.025227000085226787 10000.0 0.09081140890196754 0.048590593943626796 0.02050356561635468 0.08363655139273489 0.025351259957162392 0.07647798226352767 0.0663023593709591 0.059707250843086056 0.025259016061901063 0.0705832003214099 0.06274154172865136 0.08693605935005391 0.07247935972169318 0.07346460887064893 0.04285388345946409 0.016970719633391897 0.028991715322548486 0.0777780870879646 0.032609648413703826 0.07127517630208154 0.05699625080924246 0.06721572707207694 0.026386707008732704 0.03494813285865843 0.08615516158042986 0.034008427414835514 0.05274091538255652 0.07580683530771075 0.049570564878503955 0.07703781547568696 0.0750028338870968 0.05207804346799392 0.0408957340878028 0.03306872346912465 0.021238228433654915 0.02241095930705748 0.07955153314100642 0.05654981734627879 0.04572958521365729 0.039154298402567234 0.058289632866847435 0.07362429886200011 0.0709217309919024 0.0490825859038758 0.06855077034810449 0.0496374155690764 0.06499419453338537 0.04827647659905557 0.05424650446300452 0.08659235611210409 0.04388623898515794 0.053069924878125035 0.08887315199464199 0.06909462744255138 0.02965159770025063 0.023999770731958955 0.058861700883515555 0.07025045332455322 0.011190413303964775 0.0577761834616545 0.01730450889026691 0.027903409072069035 0.009914619018436375 0.021277655060089724 0.03205952756348094 0.07405062211283399 0.030900670363045096 0.049984531661876684 0.029525811672936258 0.046774161350075415 0.08680521231915733
 0.07639781375221542 0.09081140890196754 10000.0 0.11935577847886833 0.0736009943351965 0.025217515055788883 0.10331488800512882 0.01466989434491154 0.0976030592691569 0.03231160647095321 0.07671682347629159 0.085781582498374 0.09648376482273913 0.030721723387751747 0.06777825941967952 0.09012192094363058 0.06432645944339352 0.09759482039434406 0.0716576314803487 0.06637614028696003 0.10177450818137833 0.07248066158900184 0.05045729613117766 0.09140362693942168 0.09006019417834603 0.09455607935343767 0.027147851365131936 0.07615373053060569 0.11263042241353417 0.02131576442655677 0.07145015566932113 0.0670214811466644 0.018137931753100286 0.06980802721800733 0.1241085767509517 0.059652219763756495 0.08917514659631569 0.07380659008176292 0.058843148591179 0.03467152624157121 0.07489321224857769 0.10557131085385633 0.035988158083168284 0.08396129440024779 0.08178144855374284 0.06286258775828034 0.0739846686154672 0.05004653381674132 0.0812994824845581 0.044967489488429595 0.03663054397833217 0.012260360769852516 0.04741763608410987 0.05092316924369927 0.06527468796255977 0.041203808268915794 0.11410657541060566 0.09726008693157022 0.03567215205270259 0.043814079054300445 0.08560479280196058 0.05577602339327167 0.09086058995981129 0.09380497313521893 0.08636894109584214 0.09796131012699483 0.0655099370623344 0.09576818040950101 0.09032526328729965 0.08309448220827177 0.0737708750529511 0.04918648939717989 0.013447649950983886
 0.07305987510432474 0.048590593943626796 0.11935577847886833 10000.0 0.06621601019498485 0.10268151999185718 0.023258502515014955 0.10735631580061343 0.0421193634392276 0.08760115814929333 0.044366052564970206 0.055517161445545964 0.03944598992026873 0.10293591805369617 0.06966425939148296 0.05526911015788743 0.05531828516825022 0.03174452485174714 0.07595675371352584 0.07533312457634542 0.0187508421161748 0.0654902463291672 0.07104429386046496 0.047983086112242966 0.03066058721544493 0.02480145492156366 0.10391083682332201 0.0822068830779047 0.013336207736051625 0.09937023748647682 0.05114865354305456 0.07424691613145566 0.10811215574515684 0.05371869397372946 0.0195375398709961 0.07431269652898931 0.03363923417131765 0.049305132984515436 0.08148144798006074 0.08629607149381739 0.04654903183271102 0.013809805167363033 0.08339375741848667 0.059807265550972454 0.05872258438712347 0.05817701697104443 0.06207726095735889 0.09195072733469287 0.053694685548073384 0.07511749260595837 0.08559141433216491 0.11093197231329158 0.08033603452803147 0.0693038851455176 0.0869260304584243 0.08363764816193864 0.023831092027530566 0.02635218304688066 0.09619033278084328 0.08280755055492846 0.04320112860584128 0.06746135651277592 0.03462653529001001 0.07521690193939953 0.04347710882493277 0.02799050990582885 0.07717823027082159 0.05178584826394178 0.02928580533249706 0.0411887608123132 0.046265993518027515 0.07031661234164399 0.11058510901154228
 0.00890379205163716 0.02050356561635468 0.0736009943351965 0.06621601019498485 10000.0 0.0706921322345125 0.04338861674791916 0.058964311229153105 0.07405694747243063 0.04478171640874699 0.029155582439618667 0.07417438696923156 0.07075303628171571 0.07508723959578589 0.07062025456189366 0.07789890776369898 0.04048486340371847 0.035003197712108865 0.009930352073163682 0.07505131620074501 0.048299089365583046 0.07088775822907767 0.049789481005388575 0.07296642155305175 0.03837840766442179 0.0472767944195055 0.07359499809597525 0.017717388481184634 0.0675905171359416 0.06144102643799042 0.05051272063859381 0.07455504485342618 0.05670641895006363 0.05226334065420166 0.061037852392854745 0.013980420170225378 0.0337890692524248 0.023118964217014242 0.074678733228184 0.041035771019144976 0.04829450603910265 0.05469719585302871 0.044995014823402325 0.07627360556450899 0.07329447518283701 0.046433879594981374 0.06888343265062045 0.029253981841621177 0.06796378232450592 0.03573336880640927 0.03816460505042508 0.07120601918238946 0.026271842826852975 0.04555114747127028 0.08474072678101507 0.05966253615058843 0.049769462299200165 0.03996463626315861 0.03967270840927767 0.06162215696144344 0.023068952564832473 0.05263968603001433 0.031741730353158026 0.024421832946054826 0.02273890234785906 0.038265005155318575 0.011588272045651682 0.08000185089281125 0.042161323071365484 0.05539669818454562 0.03159228811303544 0.036594249582537056 0.0716378695567506
 0.07615449386613171 0.08363655139273489 0.025217515055788883 0.10268151999185718 0.0706921322345125 10000.0 0.09024518634111141 0.026149519012865573 0.07542136255402353 0.026442528221145928 0.06402163905012617 0.06241148377054124 0.07480951530633324 0.0065528460972527494 0.043690289566669274 0.06655076666182387 0.047913674129634806 0.08614685076386085 0.07222029927952411 0.041642448463384274 0.08666961045333128 0.048636185479481286 0.0316562120982544 0.06875693911154902 0.0758966933624832 0.07841644125658057 0.0033066133777477874 0.07892646257399594 0.09411304952104467 0.0109162008511033 0.05206121063071446 0.042371492189680414 0.03159256012153064 0.04985961743274086 0.11070769709400234 0.05813547475079481 0.07634357771592634 0.06301812116492933 0.03385795049992715 0.030496336337695103 0.056311839788007155 0.0892839412909362 0.025763346297213507 0.06012782454667169 0.05822442342759394 0.04450494178178195 0.050572019485482796 0.05600642716921447 0.05861990175303567 0.03554829993203544 0.03375366838467208 0.012958186460490568 0.04605541762353598 0.03386564114616042 0.04007051383295952 0.019316001535365706 0.10189135855390699 0.08392844063768909 0.042414979130093566 0.0209697411384836 0.07586008265048236 0.03554067004758654 0.07902828212889344 0.09409864072124591 0.07689318253816557 0.08538771767385697 0.06612369499865742 0.07238936113183131 0.07504085473629594 0.06333480126218602 0.06019523221475094 0.037049590175822766 0.011806892185035918
 0.04989395180169294 0.025351259957162392 0.10331488800512882 0.023258502515014955 0.04338861674791916 0.09024518634111141 10000.0 0.09015196277835437 0.04881099986889326 0.07100449146034685 0.026681050407572633 0.05768023890720519 0.045304156658691606 0.0918444938062968 0.06606763122005245 0.05925645784446482 0.042775292637013115 0.008508925811755006 0.05297346741679326 0.0718791459100106 0.00962197685353253 0.06318437791676015 0.05933511642708453 0.05204162268320081 0.014642937769266739 0.017125854154747887 0.09207313152564932 0.05899251086136271 0.028584447296405274 0.08491420257081118 0.04348921893586053 0.07091114119722587 0.0900590500781395 0.04636707360741813 0.020798747935827595 0.05272710383739315 0.014158939417420791 0.02982481919080689 0.0761395391687641 0.06894100141636421 0.038580410861612444 0.015231720721027105 0.0677224124168314 0.06155540982943591 0.059472801531040044 0.0475930446748273 0.05989605705776292 0.07039311216429414 0.053518944107748635 0.05835074471897858 0.06761431505348314 0.09645700585413723 0.060392342579476475 0.05649458552560158 0.08376218028489828 0.07245417249295731 0.01197035185802354 0.006330356427089401 0.07635676446150377 0.07247902468889512 0.02078584661591025 0.05748795630055601 0.012970196974260951 0.05242732334744778 0.020815198887813094 0.005570347278136473 0.05463387715983422 0.057993325209272355 0.017066252051007723 0.03794433918636316 0.030125684697341157 0.054527646270905436 0.09633672727541712
 0.061752987547107945 0.07647798226352767 0.01466989434491154 0.10735631580061343 0.058964311229153105 0.026149519012865573 0.09015196277835437 10000.0 0.08938333921823725 0.019817077089205538 0.06381518486488666 0.0790592794353143 0.08783317916229594 0.03269213326991836 0.06255403985718339 0.08356032101484573 0.05329646935108232 0.08403689276835506 0.05703815266281409 0.062395763699031145 0.08932066638887785 0.06673882056942826 0.04159519541427513 0.08375421340131879 0.0774196833649899 0.08262082090582196 0.02919801714555517 0.06175914143337809 0.10160215650988956 0.01674731828018778 0.06178062573206822 0.06283116975866662 0.005524716854582955 0.06056416063619358 0.11088031078637968 0.045002935299576226 0.0761048567796904 0.06039688403923317 0.0558273994463406 0.02123724218888684 0.06462094166525316 0.09354896354677868 0.0246437780838616 0.07789002399917039 0.07538915336285802 0.052928752382946614 0.06763166326730917 0.03590328561485403 0.0739174547261023 0.03225296426590126 0.02266763497545339 0.016953789249148376 0.03284682552057618 0.04101744296608799 0.06395729611246301 0.0355609497981565 0.10061263858063405 0.0842431392428198 0.02134728264449582 0.038669923388333555 0.07176876583354835 0.04744456532679993 0.07747655205059105 0.07923092616463162 0.07246744284559456 0.08470611810411777 0.05087327604550964 0.08885554484448747 0.07810316400582999 0.07331398784080335 0.0612370314002427 0.03715078767811852 0.0180671303218019
 0.08288718624590966 0.0663023593709591 0.0976030592691569 0.0421193634392276 0.07405694747243063 0.07542136255402353 0.04881099986889326 0.08938333921823725 10000.0 0.07084659720676366 0.044935039516311136 0.015217772111836303 0.003587710935245697 0.0733700566494333 0.0336161216114599 0.013544153135308058 0.039579913241594065 0.053033201784170265 0.08332684297262122 0.03825548288759459 0.03932451750246805 0.02853551308529849 0.04779546940545315 0.007252902029002623 0.04008203025997675 0.03250865012023571 0.07549086436170846 0.09170250580164166 0.028934035839305622 0.07628962368686047 0.028689344930584105 0.0371696935181936 0.09217443652813002 0.029185404404382435 0.05976231310231778 0.07445470131221474 0.04513473021962353 0.05094627465188595 0.04596385282561145 0.07156589206849324 0.02790058050801396 0.0355701006401079 0.06531245473613055 0.01927849435826166 0.019366652286304898 0.03734489726310422 0.02569089115152782 0.0891197220860889 0.01692946178871546 0.06128548801868181 0.07253316480661737 0.0866655306199382 0.0736939515733158 0.04865818351616173 0.04843350168910461 0.056702197255668635 0.05820437586739848 0.045290548626620915 0.08668771326234417 0.05453659035143197 0.055624769855848584 0.04204860910342712 0.04933111353840279 0.0932868309738349 0.05675554287135067 0.04865438369309045 0.08128182682078185 0.00973065571222716 0.03556338714508599 0.01917122287819102 0.04265989979724048 0.05553353363879335 0.08590708677843642
 0.04979353531164962 0.059707250843086056 0.03231160647095321 0.08760115814929333 0.04478171640874699 0.026442528221145928 0.07100449146034685 0.019817077089205538 0.07084659720676366 10000.0 0.044431673718987756 0.06185251937278473 0.06902953565636735 0.03170060872671239 0.047411660155923754 0.06640595674958584 0.033590038259404806 0.06535773540874909 0.045787804732853384 0.04869141366421604 0.06969822063823107 0.05084465535290866 0.023774126904284064 0.06569612646299841 0.057877919654746424 0.0628392681248975 0.029569335279690898 0.05253569649519878 0.0818087390907132 0.016662169779714714 0.042627817357721115 0.04885378949554856 0.021520478532753018 0.04170537418255944 0.09179718334011051 0.03179039120597309 0.056869129403500585 0.04154674610405803 0.043799371349098774 0.0040887121938124014 0.045126168773491245 0.07379137028106708 0.005682015832800426 0.06130966184517442 0.05856925694577911 0.03374977605360276 0.051080828153562984 0.03102942460220874 0.05624485206257165 0.012671204119086545 0.007396024460099665 0.026896736748291458 0.019612904775485027 0.02220353306774 0.05341197259935929 0.022910388244028385 0.08183198765975859 0.06496433752338249 0.019863390966083208 0.026075876315570016 0.053598054130192814 0.02980302178388791 0.05857185574498328 0.06775641311260357 0.05443270591900986 0.06565129390760312 0.03968142764008665 0.07131250181544167 0.05838530809661169 0.05398697539029138 0.04161916616665692 0.01733537014539521 0.02716156213427893
 0.0379567703720325 0.025259016061901063 0.07671682347629159 0.044366052564970206 0.029155582439618667 0.06402163905012617 0.026681050407572633 0.06381518486488666 0.044935039516311136 0.044431673718987756 10000.0 0.04640995336148226 0.04160558754188761 0.06611008243457409 0.04723838508194734 0.049743532007773685 0.01833320577756006 0.0221743227814158 0.038627344958478686 0.05259330281600574 0.025789285346802866 0.04604611866043221 0.03411951451204546 0.0442505548257598 0.013769758714815476 0.02078908879549763 0.06603745848122745 0.04685122065193444 0.04165689492153227 0.058276068653370226 0.02435569428174622 0.05183039572451901 0.06410266633709566 0.02682357892467988 0.04746859611861832 0.03197324674796418 0.012527890327301108 0.0062320222758288635 0.05479236122340637 0.042580562268332095 0.02078971717846927 0.03083040294640791 0.04104177352460934 0.04908742017148175 0.04626243751323105 0.024317473005733288 0.0433864460832583 0.048943330230800525 0.04049465600595719 0.03176067724828034 0.041535592587751746 0.06979713227927026 0.03610946415595811 0.030756049910441643 0.06384670179145578 0.04705678145807887 0.03798042299365893 0.020548153956386053 0.051863700188871834 0.04757177693813119 0.014366206407618435 0.033652722683274024 0.015032516794947229 0.04940770839101267 0.01566165727133454 0.021510647281211725 0.03733250055747433 0.051277760936189874 0.015574642959976449 0.02658491396270104 0.004424033879467639 0.027852784215648053 0.06969698876054606
 0.083058951562964 0.0705832003214099 0.085781582498374 0.055517161445545964 0.07417438696923156 0.06241148377054124 0.05768023890720519 0.0790592794353143 0.015217772111836303 0.06185251937278473 0.04640995336148226 10000.0 0.01662146862900914 0.059699238732811626 0.019164697067422902 0.004553998949699681 0.03509335337837103 0.060045373139861274 0.08258204716896021 0.023280473418370643 0.0488930333988627 0.014021856107097637 0.03808360855524064 0.008039932218013201 0.0460536669940725 0.040558578841603195 0.06211559692387863 0.09122524484179084 0.042830586369538334 0.06466224768717373 0.02397533530357428 0.022219340657166714 0.08246175769784168 0.022911849348166757 0.07172581088177804 0.07170018781466514 0.05052356303143232 0.05161604960150238 0.031223911130886423 0.0633116391908261 0.025927810346762246 0.04667729644236044 0.05617404804446419 0.004294982851204262 0.004346983032299643 0.030742075880540547 0.011851443499650074 0.08429076062716574 0.006332532882713054 0.05422951607597078 0.06486298541452178 0.0743112890108918 0.06842097106787119 0.04006273566231491 0.03321595786738468 0.04458391085890655 0.06838881665227374 0.0529628128843749 0.07952917985329457 0.042016073111184625 0.059419728694062465 0.03205473771972252 0.054915198188761866 0.0958043478346106 0.060677082864284054 0.05618380194918968 0.0794843152017761 0.010000888321170407 0.041895958363422685 0.02072751266972225 0.042985038846739355 0.04870151076223706 0.07344102651790194
 0.07956142155837641 0.06274154172865136 0.09648376482273913 0.03944598992026873 0.07075303628171571 0.07480951530633324 0.045304156658691606 0.08783317916229594 0.003587710935245697 0.06902953565636735 0.04160558754188761 0.01662146862900914 10000.0 0.07305906547422739 0.034012957194259244 0.01582816155814269 0.03712979362058672 0.04945229801307098 0.0800894287109703 0.038976527192601376 0.03585123475137248 0.02905999573206773 0.04633758118689371 0.008681763292486242 0.03650183324621982 0.028931680547764214 0.07503488286985334 0.08842402101866083 0.026445159684896035 0.07517465632053005 0.02654042147560367 0.037876073062636385 0.09045330005083577 0.02733555259955488 0.05670289634286539 0.07147942748982714 0.041561939198850505 0.04766367721605547 0.046422580562695936 0.06957401375785162 0.025274756671587087 0.03227427413300684 0.06356104316072 0.020868862587998145 0.020451925120538925 0.035342665791616525 0.025990720400721406 0.08640851821588384 0.01699967239890214 0.05909735764203689 0.07040942076762774 0.08576241060930001 0.07110678127568183 0.046917492951636525 0.04961309386914692 0.05586032275223947 0.05484038336773412 0.04171962247599984 0.08440383133438785 0.053852425319418994 0.052095145273945064 0.040743636182862114 0.04575037845025845 0.08978066614425861 0.05321843779446829 0.04508251997354573 0.0781661452843063 0.012891874522268119 0.03198152202095969 0.01631363474568968 0.03946576561444894 0.05334277524523001 0.08504740757290548
 0.08097187464995419 0.08693605935005391 0.030721723387751747 0.10293591805369617 0.07508723959578589 0.0065528460972527494 0.0918444938062968 0.03269213326991836 0.0733700566494333 0.03170060872671239 0.06611008243457409 0.059699238732811626 0.07305906547422739 10000.0 0.040629319421555725 0.06364213855691657 0.049118069806525666 0.08828163265963329 0.07721864346035043 0.037856587853649766 0.08763421201845482 0.04571941976674628 0.03255598831551789 0.06648161633166808 0.07731489529230831 0.079107210857891 0.0036471306285320824 0.08420253938689141 0.09370539344732458 0.01721568709707874 0.05186226920639672 0.03869046470376889 0.03814303391644862 0.049440586620743375 0.11202964996320113 0.06299014499034812 0.07818484026999911 0.06569068613223646 0.02977544215982161 0.03578926988474561 0.05638695437617558 0.08979768021610499 0.030156998325856228 0.05706920504425186 0.05541574592349317 0.04500823143027321 0.04798865004627973 0.061934227260167195 0.05644731773868137 0.03948314857740278 0.039092677799105975 0.018603977885976758 0.0512055586966822 0.03541923685081857 0.034855373649858204 0.01948283936315869 0.10364679986494524 0.08551428399758342 0.048611282878385814 0.02014500288609945 0.07860346984045274 0.035478663600284725 0.08113697556900562 0.09884695336220357 0.0796941874329056 0.08719393260717566 0.07120717209833351 0.06957530869565999 0.07608633546117621 0.06272914104919802 0.062082848446747704 0.040164327084545225 0.017344966086291665
 0.0790949620406124 0.07247935972169318 0.06777825941967952 0.06966425939148296 0.07062025456189366 0.043690289566669274 0.06606763122005245 0.06255403985718339 0.0336161216114599 0.047411660155923754 0.04723838508194734 0.019164697067422902 0.034012957194259244 0.040629319421555725 10000.0 0.023012978549293166 0.03044777775062027 0.06603243425663516 0.07748802768303432 0.005834194901117263 0.05879171106224354 0.005148150432004678 0.02472820910851881 0.02644525859677627 0.0522137293993179 0.04972150936200065 0.04317313537486095 0.08609358101786202 0.05817856950038614 0.047103099400457454 0.02331089017974795 0.004843510362541616 0.06653639014182544 0.020580695091075265 0.08332111704071234 0.06465395219806591 0.05547404925705984 0.05073018724599751 0.01241027880508143 0.04972879306501113 0.027892011688782345 0.05849665100670141 0.04185753165852404 0.016466752008834 0.01483695662198425 0.02426786201439572 0.008028578303391312 0.07402949028856921 0.017037867462300484 0.04284420590706068 0.05193882399020303 0.05597622230801546 0.05835582989048191 0.028146083427920153 0.01773935111439088 0.02708040763180965 0.07777610937523892 0.06032170351097375 0.06660812454909157 0.02413916348799864 0.061562090806667746 0.019441964442477526 0.059636752849972496 0.09426288961883514 0.06286394836208553 0.06309552717162922 0.07321786962190822 0.028955853007711547 0.049029249635751754 0.029038104856581076 0.04295731521913758 0.03818922753226407 0.055026943217441886
 0.0867977819334244 0.07346460887064893 0.09012192094363058 0.05526911015788743 0.07789890776369898 0.06655076666182387 0.05925645784446482 0.08356032101484573 0.013544153135308058 0.06640595674958584 0.049743532007773685 0.004553998949699681 0.01582816155814269 0.06364213855691657 0.023012978549293166 10000.0 0.039290388287438784 0.06218388695520082 0.08646725149981976 0.026593910435950042 0.050182979469867876 0.017944016631212818 0.04263617577450805 0.007424586728867311 0.04836242619015529 0.04223158666264648 0.06615235349366197 0.09508620919620901 0.04225418495363733 0.06905422692609732 0.028062154638211056 0.025580835365568703 0.08699285617647452 0.02718917945754561 0.0722215983556663 0.07584228025986989 0.05302180635522654 0.055142969100941325 0.0347098816975729 0.06786138049683538 0.02960861794764152 0.047408552391569055 0.06072723153098688 0.00669608199855208 0.008349965184645133 0.03513580896429072 0.016137671374797023 0.08867435139066314 0.010628289510892966 0.05873068584449185 0.06939959342826002 0.07857481756862178 0.07282151703391922 0.04460687292902263 0.03567399525721542 0.04894811539626125 0.06957474024913789 0.05486843945638823 0.08405570332531388 0.04632055081197216 0.06235781196107004 0.03660708037162047 0.0573981317176093 0.09913915514965504 0.06359369767132074 0.05815297811516335 0.08351698796629896 0.005991465228655711 0.04406308705368236 0.023488095012780926 0.04650671985584904 0.0531806072233373 0.07768404032770003
 0.04916282836011687 0.04285388345946409 0.06432645944339352 0.05531828516825022 0.04048486340371847 0.047913674129634806 0.042775292637013115 0.05329646935108232 0.039579913241594065 0.033590038259404806 0.01833320577756006 0.03509335337837103 0.03712979362058672 0.049118069806525666 0.03044777775062027 0.039290388287438784 10000.0 0.03990417605311805 0.048081994598650715 0.035340151787348305 0.03875899477753306 0.030406469778495426 0.016569707754763963 0.036025091255901635 0.028202106482741556 0.030680852586878356 0.04951915326361177 0.056760223483448655 0.04839526717773601 0.04405492013922896 0.011324008267771924 0.034704652803465234 0.055013085209865795 0.01223424801255911 0.0629273775481823 0.03661867179911557 0.02943017519163643 0.020580954107789415 0.03670077928337764 0.033322996553058246 0.011982439839324724 0.041668147621352666 0.028714397895608812 0.03650666763780236 0.033473102800458045 0.006283826978357658 0.028445899592646925 0.04979380451762732 0.028762287499387695 0.02232466341636745 0.03370079057632068 0.05561402275555035 0.034172627107079176 0.0140942069599736 0.046091261055793836 0.029686027998396314 0.054649611081941274 0.03645133802352126 0.04733595323152012 0.02976079437770372 0.03247015032527437 0.015331118925505802 0.03283423645408776 0.06384000792450024 0.03373494671662394 0.03831047797101867 0.044559256457132934 0.04269784052268928 0.027127216413202534 0.021101386933791114 0.01392960525345417 0.01666376331663069 0.055277344304116974
 0.04138757544798873 0.016970719633391897 0.09759482039434406 0.03174452485174714 0.035003197712108865 0.08614685076386085 0.008508925811755006 0.08403689276835506 0.053033201784170265 0.06535773540874909 0.0221743227814158 0.060045373139861274 0.04945229801307098 0.08828163265963329 0.06603243425663516 0.06218388695520082 0.03990417605311805 10000.0 0.04451403090982589 0.07173622284143434 0.016026847418228525 0.0637331440273044 0.056151529115085905 0.05528167872331016 0.014104993502415238 0.020532224500317404 0.08820046827686512 0.05048442714331619 0.03606172694396788 0.08002872368334157 0.0428199458586698 0.07083873000085963 0.08358080242105911 0.04565062646839878 0.02728907555198122 0.04490317157035092 0.010678753217553431 0.02381424618196132 0.07516195631263273 0.06297585749414691 0.0381404480079236 0.022449609705104435 0.06254831228327103 0.06363498887944306 0.0612739611260796 0.04538359610555203 0.06060743487674528 0.062491322207239824 0.05523324708910068 0.05284242178187711 0.061378759544220694 0.09144269698725807 0.053308109247548856 0.05290238126265828 0.08346703311520973 0.0691683915041841 0.016587808873671096 0.007913486575815828 0.06919145306180984 0.06955513358165717 0.012932344393577823 0.05513064489567058 0.007145182652684188 0.044454162927570054 0.012726111355671322 0.0046534277096057525 0.04634696519263487 0.061691447495907416 0.01815270577941219 0.039511805576792916 0.02625893861778393 0.04958546685891251 0.09141801923253073
 0.00499779241913282 0.028991715322548486 0.0716576314803487 0.07595675371352584 0.009930352073163682 0.07222029927952411 0.05297346741679326 0.05703815266281409 0.08332684297262122 0.045787804732853384 0.038627344958478686 0.08258204716896021 0.0800894287109703 0.07721864346035043 0.07748802768303432 0.08646725149981976 0.048081994598650715 0.04451403090982589 10000.0 0.08153208934712558 0.0581778179146925 0.07823395512833203 0.055154341182337877 0.08187142364047856 0.04830048591903816 0.0571825887274639 0.07530918632401307 0.008678423451156046 0.07752032602012404 0.062213463844574636 0.05867988499747283 0.08113277578081775 0.05395700162413467 0.06018040079445393 0.06988456051116568 0.014339336504355397 0.043717835656742796 0.032461936996308303 0.08033549438890251 0.04176767107396936 0.056910217149758795 0.06459850331342759 0.04720703404634913 0.08441703887341612 0.08140282352475338 0.053688929854432424 0.07648436950492571 0.023461285190534947 0.07629923422429016 0.039064728400685894 0.038577995489587076 0.07093290712654991 0.02619743366279062 0.05096730410153811 0.09052679972603572 0.06358008283004087 0.05863119416515775 0.04978678603131022 0.0362932816034032 0.06589186748483634 0.03291649027272875 0.058766904805904956 0.0415990150923483 0.022293687103584543 0.032517667635538226 0.04797007460069544 0.006229105830112357 0.08888571514349372 0.05204511619963654 0.06445046845849392 0.04067967032592139 0.04124873149901598 0.07153099801870032
 0.08337750942308007 0.0777780870879646 0.06637614028696003 0.07533312457634542 0.07505131620074501 0.041642448463384274 0.0718791459100106 0.062395763699031145 0.03825548288759459 0.04869141366421604 0.05259330281600574 0.023280473418370643 0.038976527192601376 0.037856587853649766 0.005834194901117263 0.026593910435950042 0.035340151787348305 0.07173622284143434 0.08153208934712558 10000.0 0.06462568825980373 0.010005531796531807 0.027382412570664427 0.03100797211226624 0.05796974556289158 0.05555568309660953 0.040714760098800803 0.09006978093084576 0.063681564606519 0.046339847064774904 0.028942957036639683 0.0011057458571024493 0.0667077634216434 0.02615877745101981 0.08914390487293081 0.06833697387323907 0.06114737404766999 0.055821641720094156 0.00820461474490019 0.05137872189752584 0.03360764045317286 0.06429204984040528 0.04333085303242889 0.019898091140369195 0.01896772335290156 0.02907267338455425 0.013332667714819087 0.07665289109087312 0.022200852720763393 0.045558315443029476 0.053840710185430525 0.05431757787480336 0.06123012281397834 0.031200225242691025 0.011905777390531174 0.026927168997368144 0.08360140571522227 0.06610812334842643 0.06829881929457368 0.023750912243249673 0.06694984413138999 0.02282998172798015 0.06527571170691278 0.09893758278323088 0.06824882542661374 0.06885715552599593 0.07701517100712986 0.03258076818790288 0.05483241344828451 0.034849290127720804 0.048262005656324894 0.04134348462393496 0.053282499772895
 0.0557034040559912 0.032609648413703826 0.10177450818137833 0.0187508421161748 0.048299089365583046 0.08666961045333128 0.00962197685353253 0.08932066638887785 0.03932451750246805 0.06969822063823107 0.025789285346802866 0.0488930333988627 0.03585123475137248 0.08763421201845482 0.05879171106224354 0.050182979469867876 0.03875899477753306 0.016026847418228525 0.0581778179146925 0.06462568825980373 10000.0 0.05549878990590979 0.055152206234743775 0.04287553243490148 0.012019886563507453 0.00909301056428397 0.08821495183899954 0.06497576052015827 0.02013194573834056 0.08237756650308353 0.037209257447294426 0.06361219454569113 0.0898181602299979 0.040038698332411055 0.02483649615962457 0.05566699648257706 0.014974767586420258 0.030561934429680127 0.06952989743254469 0.06813932920038504 0.03227866523161138 0.006567583649773263 0.06580708880894795 0.05289405084948199 0.05098988174061389 0.042682940461706564 0.052131055280575385 0.07326745392394747 0.04515193438721025 0.057086947940393935 0.06725348660090129 0.09398100108929511 0.061616543076181564 0.05283968426829649 0.07652805389618729 0.0681526048951303 0.019506851635702527 0.008654154731570773 0.07750117582774971 0.06778471300999535 0.025270033659448417 0.052463614268775445 0.016591208393998358 0.06037955791563871 0.02576379027449592 0.011428816723613712 0.05892752806071674 0.04862695602836875 0.011641758098601056 0.029976274227165402 0.028088374454662238 0.052588021317014656 0.09373504156331267
 0.07952966457353813 0.07127517630208154 0.07248066158900184 0.0654902463291672 0.07088775822907767 0.048636185479481286 0.06318437791676015 0.06673882056942826 0.02853551308529849 0.05084465535290866 0.04604611866043221 0.014021856107097637 0.02905999573206773 0.04571941976674628 0.005148150432004678 0.017944016631212818 0.030406469778495426 0.0637331440273044 0.07823395512833203 0.010005531796531807 0.05549878990590979 10000.0 0.02749539769355146 0.021337701193168176 0.049733842802123916 0.046503793685185923 0.04820834010969753 0.08689252999539593 0.053708955865626885 0.05161956809649692 0.021705035731143203 0.008900002554311845 0.07053723482707698 0.01925998401218762 0.07977000499610613 0.06588508887226913 0.05333194395720437 0.050057209088864504 0.017429214459752457 0.05288946757610833 0.025836045077251128 0.054770636728913275 0.04520967531074109 0.011509544350052879 0.009704471258162936 0.024550744072273343 0.0034260289283717924 0.0762746057731381 0.012199571253177943 0.04522059343330307 0.05489763484395897 0.06078629133787015 0.06045255866088854 0.030463872594808015 0.021444126930875412 0.03150152249187381 0.07472267011111272 0.05763887272851968 0.06964205756019896 0.028696760505948837 0.06020382414832799 0.021749843774089228 0.057596807498646915 0.09409763609689578 0.06150633725680021 0.060545110440063214 0.07427652386192182 0.02385678849241349 0.04627298948958986 0.025531099189402277 0.041918196494752154 0.04021626483320606 0.059865102531006846
 0.05754555262673427 0.05699625080924246 0.05045729613117766 0.07104429386046496 0.049789481005388575 0.0316562120982544 0.05933511642708453 0.04159519541427513 0.04779546940545315 0.023774126904284064 0.03411951451204546 0.03808360855524064 0.04633758118689371 0.03255598831551789 0.02472820910851881 0.04263617577450805 0.016569707754763963 0.056151529115085905 0.055154341182337877 0.027382412570664427 0.055152206234743775 0.02749539769355146 10000.0 0.04222226467314335 0.04477181332075866 0.046781588876116637 0.03306924683608996 0.06349854594561959 0.06287551302187412 0.029321349791998085 0.021066824240498414 0.027235204242149695 0.044584765314964 0.019352254310073785 0.07947461240783071 0.04144457337218424 0.04583929518266292 0.03476248939527839 0.025188783618337724 0.025469743574470828 0.024900320267981366 0.057628663013925 0.01809321874834036 0.0375895377104379 0.034814229677634825 0.012905268250640138 0.02742015949452884 0.04937195641514899 0.032561131303340395 0.018203363984549695 0.027402420067092717 0.04052754245069436 0.033851663052667166 0.004238549668397812 0.03539745964987329 0.013119075318590662 0.0711863837883933 0.053007982282179504 0.04214982717048402 0.013463105296544287 0.047511350510182696 0.006029401912445954 0.04902255319307351 0.07417309546050886 0.04870133490456044 0.05479274616459931 0.05022811563839877 0.0476143083705152 0.04356598555121557 0.03268497766640778 0.029900411318783255 0.014116168689077306 0.0400176382874064
 0.08186432174394963 0.06721572707207694 0.09140362693942168 0.047983086112242966 0.07296642155305175 0.06875693911154902 0.05204162268320081 0.08375421340131879 0.007252902029002623 0.06569612646299841 0.0442505548257598 0.008039932218013201 0.008681763292486242 0.06648161633166808 0.02644525859677627 0.007424586728867311 0.036025091255901635 0.05528167872331016 0.08187142364047856 0.03100797211226624 0.04287553243490148 0.021337701193168176 0.04222226467314335 10000.0 0.04164485372176051 0.03510874576008961 0.06870209726718797 0.09040528096153991 0.035087550522227486 0.07012677915401351 0.024738766216430532 0.0299240923962145 0.08679711837080302 0.024604745158995567 0.06479986232760643 0.07202413204439356 0.04644979809262612 0.04994343960040706 0.03875545767365731 0.06672109847981549 0.02514461109657553 0.039991782771821076 0.06007889869143972 0.012224669243258157 0.012118554070545646 0.0328510395080728 0.0185953815486023 0.0858162855381583 0.010151364160984075 0.0568834190910083 0.0679354959774913 0.08025176045941185 0.07013031904980518 0.04352546550746283 0.04123111147999741 0.05030299065735906 0.06221859607107808 0.047833504935404336 0.08236021530989637 0.047990519679819085 0.05621786784095958 0.0363117661911443 0.050792022871258016 0.09343689099326362 0.057422089538945606 0.05114819288480582 0.07932525348368581 0.007038106398782947 0.03725468554559669 0.01766570044348478 0.04137904251644485 0.05118218203770564 0.07945132607803854
 0.04645688551395004 0.026386707008732704 0.09006019417834603 0.03066058721544493 0.03837840766442179 0.0758966933624832 0.014642937769266739 0.0774196833649899 0.04008203025997675 0.057877919654746424 0.013769758714815476 0.0460536669940725 0.03650183324621982 0.07731489529230831 0.0522137293993179 0.04836242619015529 0.028202106482741556 0.014104993502415238 0.04830048591903816 0.05796974556289158 0.012019886563507453 0.049733842802123916 0.04477181332075866 0.04164485372176051 10000.0 0.00899942990637464 0.07763534769946606 0.055735476827260946 0.02935598306077123 0.0710206648837657 0.0292147922550347 0.0570429401367674 0.0778318207055157 0.03208391063273611 0.03481146806375753 0.044308597447955046 0.005170180236826256 0.018727329061931537 0.06182028397795883 0.056209600494217804 0.024394019038146458 0.017353996454430858 0.054164009537385406 0.04957801448641586 0.04718529949318205 0.03295121083216835 0.04656965009853774 0.061761140270268536 0.041143020710215125 0.04523007861140628 0.05526366135172882 0.08261190868122677 0.04968267851736454 0.04205835655136357 0.06978202946032931 0.05788699712580397 0.026599745028898662 0.008393375461077634 0.06553032833125687 0.0578556144891813 0.016425235253526262 0.042845605040620564 0.00924939512081509 0.053964874381345486 0.017355086264558246 0.010890936460361919 0.048318340912808594 0.048260065985699624 0.004527815818128624 0.025437479152553098 0.016291115538143847 0.04091585948497537 0.08242402657672815
 0.05543344214093546 0.03494813285865843 0.09455607935343767 0.02480145492156366 0.0472767944195055 0.07841644125658057 0.017125854154747887 0.08262082090582196 0.03250865012023571 0.0628392681248975 0.02078908879549763 0.040558578841603195 0.028931680547764214 0.079107210857891 0.04972150936200065 0.04223158666264648 0.030680852586878356 0.020532224500317404 0.0571825887274639 0.05555568309660953 0.00909301056428397 0.046503793685185923 0.046781588876116637 0.03510874576008961 0.00899942990637464 10000.0 0.07983134165248482 0.06470373703864243 0.020921300503852457 0.07467091947593706 0.02820771522744675 0.05454732114593766 0.0835222201011346 0.03101650509794982 0.03387957958301624 0.05247396441843504 0.014041186470277902 0.026553316647930012 0.06044231115909802 0.06164292826981468 0.023298891321364004 0.011025113725013138 0.05859247812313904 0.044431416525174836 0.04237588810973945 0.03409939755794096 0.04315527897226083 0.06967591274719097 0.036450194789771274 0.050418949586280376 0.061084179738249506 0.08625411093012315 0.05677710128899948 0.04475141276974397 0.06746031824573576 0.05965395021484874 0.028257958490405577 0.012804579245550271 0.07236607715042469 0.05913338341205165 0.025385129854813334 0.043759751299919075 0.017645140708046975 0.06272496792557493 0.026268208471611775 0.016160706032811282 0.05696645586189492 0.0413098198347309 0.0052912095632117965 0.021030603637293827 0.02187178387268207 0.045533486914241146 0.08594116710489441
 0.07919221316614893 0.08615516158042986 0.027147851365131936 0.10391083682332201 0.07359499809597525 0.0033066133777477874 0.09207313152564932 0.02919801714555517 0.07549086436170846 0.029569335279690898 0.06603745848122745 0.06211559692387863 0.07503488286985334 0.0036471306285320824 0.04317313537486095 0.06615235349366197 0.04951915326361177 0.08820046827686512 0.07530918632401307 0.040714760098800803 0.08821495183899954 0.04820834010969753 0.03306924683608996 0.06870209726718797 0.07763534769946606 0.07983134165248482 10000.0 0.08209118580584948 0.09502323449374342 0.014222756646615212 0.05302550340103219 0.041505292745264655 0.03467524808611172 0.050713532066079606 0.11242471975997403 0.06117655827744119 0.07826600643956204 0.06527485080755573 0.03273844406639729 0.03363936779905475 0.05741416242703613 0.09062577588567892 0.02860671318986162 0.05963971935762957 0.05787088814035658 0.045782548811669564 0.05032791214711376 0.059295653036436406 0.05860689148846677 0.03825250183768377 0.03691305345255699 0.014984515772207748 0.049174249994960395 0.03558424981437758 0.03826490058458657 0.020278867915316037 0.10379270005098773 0.08574648002796038 0.04572157496358197 0.02147426915214996 0.07815646742230947 0.03652217072573085 0.08106618259378247 0.09712071242983213 0.07921334761915229 0.08730173242904514 0.06923421280474222 0.0720481869100429 0.07661335007710775 0.06412117299333386 0.06212097163881523 0.03944093356454291 0.013736046976722927
