NAME :TPP_input_27_5_4
NUM_VERTICES
131
NUM_CLUSTERS
27
Full Matrix
 10000.0 0.03591997093200672 0.005992736810227511 0.0065666637564029354 0.05117360153373059 0.04706930933686216 0.041210051365244554 0.03838392922889296 0.03790996599299525 0.06656709535752783 0.05029766442888364 0.07028666736114984 0.038678185422260626 0.07494061037949937 0.06287781809717818 0.01807197464793069 0.005900532961232762 0.08294047150719787 0.027367781443229454 0.020473100064333307 0.05528341681741153 0.06993160519044736 0.05152657710623084 0.04480324112014243 0.05073701345759624 0.08227131835983259 0.004856799569362263 0.0738497117512202 0.02397092691763805 0.07314581482792144 0.0558960059022335 0.0019353084628216971 0.05313807970519527 0.09014018959058862 0.02621289291408349 0.05730289530475984 0.05579614225900458 0.09599355678299376 0.06746156941819231 0.07948630120868459 0.04254960837246293 0.012392960147412018 0.03210909340460748 0.07725239127645106 0.08203900804634422 0.06854067891728739 0.06761844083531564 0.043130879279581875 0.05814833231109354 0.025488933351802214 0.09405684722780377 0.043333005728328995 0.07429859651084955 0.05568688300255038 0.08641701440844568 0.06194560378538392 0.0212339462841561 0.01974656590507705 0.04694575729014708 0.06745575954877486 0.06778551394567908 0.08823059907504363 0.023992104793020712 0.01921007215099317 0.05552342024599324 0.045071790959552833 0.026708550684932504 0.09147666577509114 0.01252244219902117 0.034543477652113574 0.021930696793546277 0.04296326813193079 0.026063617582578302 0.04753594031885497 0.016015351326014667 0.06496515639722773 0.05962574450454104 0.0350068537088207 0.02932988966040504 0.0754966538111764 0.0324102609486204 0.05240791004169356 0.017234802536265574 0.030601872573752013 0.05241214414577141 0.009174199358337158 0.020553424673565555 0.02822412142518817 0.018840621606905708 0.040409081010165424 0.04537123265825415 0.03227110953611596 0.02454247191743526 0.0774446190706404 0.0745451202658805 0.07033189547652294 0.03929990851539438 0.036041077325547004 0.0381351628401981 0.053648902230101575 0.07310978544951173 0.0888592314618979 0.05846943614226944 0.07365544200308562 0.09661075667607291 0.0881236868024205 0.0829892080297425 0.07015016328234847 0.06363791113657588 0.024669901950610584 0.01697460026726655 0.013360212020681914 0.07110319327392427 0.04017097219850902 0.06315772426068775 0.07667637419678006 0.05944315397249107 0.04262628770765411 0.07301885452646734 0.050714491527622065 0.0046142690717961635 0.010749743156732466 0.07451640674159507 0.03847804031066436 0.064903043504145 0.06663287515755496 0.07228532752010758 0.024443204023028096 0.07204370069765981 0.09451187384418622 0.07161660765145354
 0.03591997093200672 10000.0 0.03495365937552373 0.042381159247063725 0.02042337367634934 0.07003364266311127 0.03684282786924912 0.007748029081978457 0.02093712308958896 0.055534350331801235 0.05682414367695299 0.045127961893405275 0.004727688577554187 0.042598881965662146 0.053057255357737705 0.01890680264180634 0.041796361625437026 0.05994387125999515 0.023696276800833856 0.05118467552381765 0.05496551663918645 0.034493055461978686 0.057731977696995625 0.03557997218458772 0.04244705209609617 0.07201185998608504 0.0339123234852107 0.037939926843657976 0.033892466445388264 0.03976942015952684 0.04126375906243536 0.03398538263749052 0.0257542779191936 0.07873068956354176 0.02098457373772158 0.03366815229508714 0.023265221192930976 0.07705394198505681 0.04539386884815274 0.07120451060955006 0.06315594895990247 0.025505980280653383 0.03607579600391989 0.06628297139696454 0.06397000840756216 0.03355572472255258 0.034752419419217764 0.008693071564806124 0.024666068329802168 0.021987839338950366 0.07654105266074143 0.019604835108414615 0.038393361099847256 0.024417732900150334 0.06542863446864754 0.041629047460031855 0.03863586674241014 0.01879483359316029 0.06950543551384157 0.03384903035894064 0.03924795595607921 0.07807943284613718 0.05459155286885019 0.05273998199564147 0.05776506108424407 0.011210124786257934 0.05756985260038639 0.07586514858619534 0.031512058494721995 0.05226317561135145 0.030881177230246477 0.02237971526759107 0.010918748843189573 0.05051678312439784 0.04647300239741447 0.08048855494785757 0.025557703941948305 0.0077880584643713205 0.04726270951206647 0.050829999279759876 0.025865304441781232 0.048671510993783446 0.04767283716782022 0.020054428144418705 0.0745758452277374 0.03182583400006994 0.054545375453616256 0.05632951526859464 0.017156820822777526 0.06040025947843594 0.011822788927025972 0.06425159050833125 0.05415510594097287 0.07272253396055597 0.0653732791687183 0.046843510650358695 0.007442188250156988 0.031973536138620126 0.022457926981277024 0.04005821819188824 0.07294899431412435 0.0773194889402629 0.022648024968393944 0.0646097567588026 0.08076590187746929 0.06514727224100104 0.05739477646242306 0.03433548531831564 0.04900352227571347 0.01636203577879371 0.021831884476908238 0.03286124649588178 0.03535464881157729 0.030414030604857464 0.027685989241942696 0.040805502638020026 0.02353608023260117 0.006970432065202834 0.0375776459716216 0.026713640538913078 0.03140974504485917 0.045038216918413664 0.0438828463277723 0.06394240635721296 0.02907876029975866 0.04932730450391891 0.05706485287809588 0.056148404593031526 0.06702177742989686 0.07517304301564315 0.035697499029376745
 0.005992736810227511 0.03495365937552373 10000.0 0.009107878589272837 0.05195658357373636 0.05297456945550828 0.04547618064027864 0.038571036092461514 0.040240625757227366 0.07075354787319979 0.05584641603411048 0.07253684144638446 0.03829313145197795 0.07569093906646725 0.06713954247172282 0.01904265764566134 0.009720335531104678 0.08571786347175704 0.022698401934117898 0.0260548448661206 0.060369914998774914 0.06805443383337412 0.05707027721367613 0.04863243464758594 0.054891730368006424 0.08674237561479443 0.010136061937807255 0.07252881356102213 0.018112504338736596 0.07356348901804434 0.05941290171185693 0.005884942139599615 0.05462826019402333 0.09455507387307874 0.022016869288275048 0.05955049945494942 0.05627163946462754 0.09950939427124209 0.0701769166538568 0.08413806839515656 0.04853583196678536 0.014927316869815728 0.03688548760673957 0.08159223142086396 0.08554814536752503 0.06828602319783508 0.0681522683737324 0.04281969627688141 0.05563874252479713 0.02839554905782766 0.09775489103684695 0.0396921712031782 0.07319892352024658 0.056464715249643804 0.08954759527183224 0.06481985082228055 0.026839364401277852 0.02129212640592441 0.052868312460402245 0.06775462472144128 0.06936140848509512 0.0927666406582703 0.021066437198666466 0.01789802545528231 0.06082993198925467 0.04305841955987816 0.03207951625626357 0.0954032929210163 0.006975236111012947 0.0404826924981178 0.026491068408426872 0.03892386178085535 0.026206132369505624 0.05276183247906893 0.02178977109055364 0.0709543225111665 0.059698110790630414 0.035359875281913755 0.03521786764637271 0.07790536318458596 0.03579153412662997 0.057108209676541365 0.013920769124923186 0.02645871207117035 0.05832561307409985 0.013951574798591444 0.019634186432412947 0.024481302952801248 0.01870663804350409 0.04640167121139471 0.04535523971738062 0.03724492822962707 0.021211130318076036 0.08241993019810688 0.07905005948190687 0.07286656336590942 0.03725082715522555 0.04006376748896836 0.040679628472039465 0.05723786234695245 0.07842756330672743 0.09324907798763844 0.05758587967472893 0.0781631355102416 0.10054830835097471 0.0909554846857302 0.08531792408095833 0.06862738775473162 0.06733237797012046 0.021594960175810748 0.019080844255579852 0.018458114961794073 0.07030123879744736 0.04369825077448171 0.06259905607211676 0.07522297499572575 0.058380745707259846 0.04129287913035496 0.07249722238585932 0.05269902974654522 0.005784821719407235 0.010134937756925762 0.07571119137508625 0.044306701581129336 0.06342772545154035 0.07002988004693214 0.07605008003280979 0.022077594223701688 0.07693604579786882 0.09795892354820963 0.07043279732871695
 0.0065666637564029354 0.042381159247063725 0.009107878589272837 10000.0 0.05769628864003389 0.04600937204840785 0.046059666129253975 0.044950567095537346 0.04408080483808442 0.07133504899221563 0.052965440290658264 0.07638825021622066 0.04522107311749279 0.08145168827682099 0.06758199169666448 0.024632534848527777 0.0019341101761348376 0.08875922347564218 0.031798938684691906 0.018436936295116144 0.058904682517071386 0.07621202760882545 0.054196945735702544 0.05003299042054007 0.05562212540588169 0.0866604792749854 0.010344255353328701 0.08028101618138415 0.0262803203864451 0.07969379880111281 0.06130920512467294 0.008480755674684641 0.05952730906981125 0.09457548514710364 0.031101881598336385 0.06343403239584841 0.062345931124793565 0.10129265296436503 0.07334649273870746 0.08365234578799895 0.04240296739526391 0.018796337677846317 0.03647385985531964 0.08181262812555984 0.08737159375102235 0.07510336913413161 0.07415813714645182 0.04968290264558051 0.06417660761660687 0.03151750816284848 0.09920934417461644 0.04868988261338335 0.08077355179894052 0.06220637673309486 0.09201318330101041 0.06775815408483925 0.02432892198110731 0.02624512222668548 0.046011009344764875 0.0740132477489459 0.07412932371846821 0.0925216137806104 0.019294556971567838 0.013506006735274466 0.058722654628317245 0.051277438433907335 0.02389705029965708 0.09642840105484568 0.015932251551590677 0.03576903528570238 0.026803653455829222 0.04800652634215207 0.032625781602664904 0.05096591048325112 0.014972752108695031 0.06520635506800564 0.06619200744568093 0.04157199990143494 0.031033093376030465 0.08151810691974723 0.03808929755563675 0.05664344537057544 0.013441958081084258 0.035543588154732624 0.05136939950034303 0.014548440965084843 0.014560226467689938 0.024171001037076784 0.0253645647361863 0.04056616186597767 0.05193686721372746 0.02853542072662105 0.020209940841902144 0.0811380769567547 0.07891837611417718 0.0763028998160972 0.045480475487907304 0.04118439486417351 0.044216219082773046 0.05901802179241811 0.07618408654594525 0.09332751238469182 0.0649706035228625 0.07802859491205834 0.10154151041055617 0.09390263767061444 0.08903567518085898 0.076531935804185 0.06887723145693936 0.030326449537858405 0.02339611116726707 0.017957211990383314 0.07762196237691843 0.0456748404967835 0.06969982725730096 0.08307907953431394 0.06591604825553522 0.049024540085329534 0.07956705753641316 0.056962582708741015 0.01097147938468508 0.005551427780895899 0.08094876300407106 0.03706024063905644 0.07129293890950208 0.07209278493032632 0.07743434620874894 0.019249996255308276 0.07589089987462536 0.09986722307777432 0.0780746931083991
 0.05117360153373059 0.02042337367634934 0.05195658357373636 0.05769628864003389 10000.0 0.07318161025812174 0.03176343358377717 0.013849289155120818 0.01734634610450374 0.04127435670567014 0.05253880228798612 0.025116278014568 0.015726252716430283 0.02378020016751235 0.03985851634921075 0.033175226859889904 0.056621688382915564 0.040064820073955724 0.044113138755757474 0.061279972087535974 0.04704679539326679 0.03180648495858503 0.05308999818675156 0.0276498241052301 0.03259891694460246 0.0565509135772454 0.04778510503657628 0.03057452411278166 0.05405637036238284 0.02213820534305915 0.02745555963130031 0.04932311164570975 0.006747482255821733 0.062342711421647455 0.041361958444978156 0.015480154903483635 0.0052652729375910505 0.05788295788072695 0.02650890527709482 0.05677043077342258 0.06578345923649107 0.0389715207914077 0.03671307245327388 0.050913293538332835 0.04555798512067815 0.01976239370181376 0.016527310059068753 0.012168433912416893 0.03056772037650607 0.028337935307271068 0.05784087406445205 0.036752105436701155 0.029476063801676843 0.004517847235769839 0.04595428487918533 0.024089934700972492 0.0454186157669167 0.031457234187076126 0.07247055833583034 0.01675946271178511 0.01882530186750608 0.06228851264399547 0.07272002926967343 0.06974413578812357 0.05082298658842278 0.023595852931627883 0.0669424786902911 0.05787656100134017 0.05007189403317204 0.05520207355487203 0.03732682898386851 0.04018219037307019 0.025816335781768156 0.045527307817015895 0.05719173952143899 0.07819382933601395 0.010451274526090765 0.016706451414642165 0.05151240605780819 0.03077079816758261 0.026171239060122684 0.0400539139718306 0.06559513385417258 0.04040754924264001 0.07677411552993915 0.04436377250938057 0.07134961669018595 0.07515339775104395 0.033286861413758764 0.06308903291824018 0.008964385189216608 0.07374539176434465 0.07254638977410781 0.059978890715001454 0.05099586285123042 0.027285102812823887 0.02496816962879947 0.029646942158714037 0.018410376264663054 0.027301974580874497 0.06261111831575354 0.060947557136406795 0.01653205136185757 0.05037224024118421 0.06251604729709212 0.04516705579035931 0.037066831900913984 0.029158860559040253 0.033637021688085855 0.03645495897233536 0.03439621806841433 0.04335913801957163 0.024942562268616 0.024872278354400687 0.01705611422749187 0.033809789633085986 0.018502809143365547 0.019054589039059194 0.025061888140811117 0.010643852366876986 0.0472171257835384 0.061484971770627214 0.023970698350188672 0.06928075432201977 0.02511315446499753 0.032416728967900675 0.04040259637045655 0.07396351223402568 0.054670991326050314 0.0559287589188306 0.027830198900880846
 0.04706930933686216 0.07003364266311127 0.05297456945550828 0.04600937204840785 0.07318161025812174 10000.0 0.04301829709907116 0.06713336710063442 0.05597529920877773 0.057596978602281426 0.028516090613875677 0.07794020956330346 0.06977729321340612 0.0922239718949317 0.05424206967573498 0.05337110749227294 0.04441094993155722 0.08380289093017551 0.07288885618775562 0.027623468873299462 0.03903575071734238 0.10245612964980368 0.029106449012058694 0.04843567099342315 0.04819688390747207 0.0661801150794202 0.044275994594663325 0.10321373101089898 0.07104019172588892 0.09280571625189239 0.05724562673262514 0.04785614621916713 0.07044083218726253 0.0733488789293742 0.0709499173432027 0.06831686512593695 0.07837575219981793 0.0879936141130773 0.07210276242672493 0.061703229018506146 0.007427079490638585 0.04813489607983656 0.03648272052087013 0.06376424118363277 0.076382463131682 0.09284863507394024 0.08748537419856979 0.07271658358465843 0.0946430924299258 0.04827806466238309 0.08451207195300796 0.08523499255057708 0.10245848803509351 0.07657667361082127 0.08354603178314525 0.06678283927903747 0.03170968026794778 0.05221414763925377 0.0008990974537184198 0.08875720144503833 0.08088185982918768 0.07028493143356442 0.061283519339485386 0.05416979574191531 0.03556626432506831 0.08123511019723705 0.02337872523627345 0.07994688371874033 0.05953979222791981 0.018128313639104804 0.03915348438929875 0.08606346484360933 0.05963202764311682 0.033466428579144517 0.03127526327608569 0.021553889065418004 0.08363265411170187 0.0641986625438509 0.022778817089163267 0.08081650886177999 0.04731450831842444 0.042889773376701634 0.058061160818860626 0.0748616725414343 0.0053646923182694576 0.04287489668686009 0.05354430743326198 0.06682717822957292 0.05658430898345499 0.010092607682406196 0.07302215860659009 0.023128164322050945 0.06286709041739223 0.055705577882846594 0.059706783570445655 0.07574698654061254 0.07654295429057795 0.043644935587124484 0.05479803139320352 0.055231363949678175 0.046969132379907 0.07256957391013426 0.0876254495095807 0.059000041654534 0.08421459617615307 0.08764676430566257 0.08757702528621043 0.10092785707158447 0.0606663604537349 0.06734445082441651 0.049773140217762565 0.03947149964736323 0.0980549411965301 0.04895072570811196 0.08993173310762133 0.10643967954669126 0.08931895353035273 0.07660343910530383 0.09819522030049259 0.0656318257126553 0.049910531484290095 0.050383932088227466 0.08893483960415316 0.009098670098113012 0.09604220470071201 0.06559413563587925 0.06621342900321235 0.059835504436082175 0.052757814320645274 0.0873942664500858 0.10051663700060412
 0.041210051365244554 0.03684282786924912 0.04547618064027864 0.046059666129253975 0.03176343358377717 0.04301829709907116 10000.0 0.030707545685480425 0.01660483364061596 0.02535706683098355 0.021011702818218996 0.03598887701987596 0.03425679994470588 0.049206335307701195 0.021682728110378118 0.03044265056824663 0.04427402241509735 0.045068882942806386 0.052486890419527886 0.03983709798833411 0.018227486177510962 0.06312058041156544 0.02170126741235109 0.005586730551490883 0.009562593682909546 0.041298129557650075 0.03637800239582645 0.062335649894012454 0.05761631173991028 0.04990087401415166 0.01652303928099017 0.040132663900308764 0.027883389220848213 0.049083508810653 0.0495536477086437 0.025352784430803525 0.03664876627875721 0.05548995155285128 0.030925963092980322 0.03891629661715068 0.03563078563591099 0.0310393874547309 0.010181754320244879 0.03611690766870836 0.04170149153911285 0.05077156247230983 0.044698868954727 0.035350212488607494 0.05865588011011419 0.01909794034479396 0.05322770192275042 0.0561324433929082 0.06115692533238066 0.03447671775449742 0.04710053598668388 0.02519176701406346 0.0234757270618152 0.027733212184548814 0.042221654835703615 0.046161190484761395 0.03796107644724617 0.04736304718673132 0.06509386407393564 0.05954553854865957 0.020932805360272214 0.04697561962154081 0.04357111921853573 0.050369242498397436 0.04807960738258287 0.026156238133770993 0.0193130346376005 0.05845361962137214 0.030553909883459674 0.014149681776214337 0.03755045954575943 0.04646569440881229 0.041971913143545515 0.029152301995838764 0.024399690042918094 0.039812017264002096 0.011844279587209176 0.012603808223671478 0.05844479355957499 0.05153359151174559 0.04596052196964973 0.03203590145959722 0.06043051105279909 0.06943140220154882 0.03344064582396103 0.03313786828303674 0.034372280586364976 0.04972336217072908 0.06573515968053852 0.03822520973432649 0.03364490649977635 0.03446059398632694 0.044284389413165814 0.005768708256580141 0.01505305174489042 0.014165283223347754 0.03666176250409056 0.04777382024264722 0.0477441697587141 0.03276297085318162 0.05548547516407964 0.049835514561489686 0.04716003719054363 0.060799272852659764 0.023182556387856306 0.044039174455425954 0.028098730769225633 0.02812140834832582 0.056537407012629166 0.007070363204499038 0.04881417242991031 0.06556885903487092 0.049637765087199005 0.0415243005961643 0.056137944578625525 0.022911550033076877 0.03970911389028609 0.05142756982407339 0.04600759216609714 0.04105275714172331 0.05643416830218619 0.027044603334566163 0.03150396839272656 0.06527972732228411 0.032505440005443635 0.054172975034157446 0.05959070483215079
 0.03838392922889296 0.007748029081978457 0.038571036092461514 0.044950567095537346 0.013849289155120818 0.06713336710063442 0.030707545685480425 10000.0 0.014208209125253442 0.04798121967422169 0.051322376911257656 0.03778995998285528 0.003674563884406622 0.03724242997039119 0.04561947664398567 0.0203501248888774 0.044061799712653844 0.0524916300490699 0.030772513203571775 0.05102329372283054 0.0485129146386506 0.035436716688149066 0.05214297012693428 0.028757120951138943 0.035416084104148406 0.06438352077573041 0.03550362938430874 0.037264206988948285 0.040337134208904286 0.03499253331496809 0.033667057326652226 0.03647854874817675 0.018393910246614253 0.07103470984357288 0.027911025162056707 0.026019148519073425 0.017734717231900735 0.0693953566258268 0.03775623456965113 0.06368732980891788 0.0599899066870792 0.026660510341413944 0.031633186057957376 0.05865137422689541 0.056246619502159145 0.030224573658548245 0.029606901513175396 0.005636857057145927 0.028318289309702312 0.01906896550908976 0.06882868858781335 0.02697919432013564 0.037142255791394796 0.01822320994274854 0.05784265461211297 0.03389426550288058 0.03670624884256455 0.019170793130960342 0.06653178203422969 0.02919355781529398 0.03245956517598584 0.07043037125938251 0.0591021672859336 0.056454109002809186 0.051576883255252184 0.016296806117995985 0.057140917017898835 0.06811923407811828 0.03630172690243155 0.04906029479829001 0.02853819082418302 0.029938170378335457 0.01240030134254523 0.044725880479925366 0.046553542064270086 0.07581011026401925 0.02124580162444423 0.003458797244636967 0.04447369995952122 0.0434901932626222 0.02077103223925953 0.04198095858874255 0.052013245960977575 0.027500228871786745 0.0713655594050235 0.03260061488906278 0.058133965436339016 0.06138459540017242 0.019879803492968928 0.05722335496679099 0.007047260405690777 0.0639435456367731 0.05886368790332561 0.06545303519849166 0.05784518030722005 0.039331917491650416 0.014503051291851421 0.026401821907975898 0.015775144762381253 0.032559375243178396 0.06612284447242456 0.06962321317069685 0.021336494142183467 0.05709595375920044 0.07302550249303721 0.05772652084897587 0.05024816570574724 0.034333176067079856 0.04132271015904338 0.022777714100260173 0.022298387824185573 0.032554668270584765 0.03340867572923982 0.023913514835973395 0.025201526760952598 0.04037167648842521 0.022765766299269262 0.010821178775284938 0.03490143350362827 0.018998439314393264 0.034174932419979515 0.04834581137005993 0.03780398905685907 0.061833511960426905 0.029231034774880704 0.04158098893838148 0.04933119350358065 0.060433971751712556 0.059791117862927644 0.06752813231500202 0.03473855114443036
 0.03790996599299525 0.02093712308958896 0.040240625757227366 0.04408080483808442 0.01734634610450374 0.05597529920877773 0.01660483364061596 0.014208209125253442 10000.0 0.03532270809413027 0.037473190227151267 0.0323900999718582 0.01783154271332332 0.039197425730431834 0.03253309301246811 0.021591981327958698 0.042691707198200445 0.0455505820012199 0.04021103628781854 0.04475978328384531 0.03430605494482922 0.04721232446025518 0.03822902993055555 0.01465450813799807 0.0215222044132937 0.05199577202544701 0.03375342451626131 0.047299499591976886 0.04766605214055788 0.038563993517902136 0.021504131031911608 0.036270026311475315 0.01631624710787872 0.05911856769085179 0.0371891836830448 0.019397235771710934 0.022604533454161472 0.06037951201599237 0.030010013460550225 0.050780352174822393 0.04860779848260674 0.02561134686709631 0.019503774795687597 0.04632285256569573 0.04658788166168928 0.037108739164435245 0.03295229444573488 0.018751966296972917 0.04206217459229846 0.012658570328724136 0.059143552533778086 0.04052917832254606 0.04648481799702879 0.021165977371019908 0.04974128606351988 0.02485359670988661 0.028408498788150157 0.019056700137615318 0.05528437281180621 0.03370426874487945 0.030336567775343833 0.058139831751276703 0.06126339704916994 0.057104985201127445 0.03739179034766186 0.030504040561397116 0.050118508108989324 0.05761709684915766 0.04043899370132869 0.03792610528579707 0.0205613150094073 0.043176826610399635 0.0176409687526718 0.030724809010310754 0.04099593073794749 0.06249178458188368 0.02776235059224717 0.013155055875270466 0.034166204725396596 0.03768137656277314 0.00882820398570155 0.02782181705048073 0.05414648598393281 0.03816404988764395 0.05972870801276282 0.029757601264327756 0.0584583786788111 0.06462457124462422 0.023354098313183254 0.04588903146202769 0.017957049500781242 0.056871675780472364 0.061451422232564556 0.051887819045404904 0.04500744926428207 0.03262714052411079 0.028284354601333037 0.012942171623293268 0.0015676016417447579 0.019888367830646132 0.052047307187191826 0.05771930919651226 0.03198685503949863 0.04420636150097791 0.06269920986520351 0.05081345573569183 0.045130648544816805 0.045259295936049146 0.029622847821026872 0.03154683752939368 0.021191649352248845 0.027729479310596914 0.04208974418958296 0.009710513850263131 0.033958498801896 0.050534857573936096 0.033792469007213985 0.025019672404071967 0.042400361455233494 0.012958140798026428 0.03475083246603811 0.04864443391114746 0.037654806458765615 0.05193463125427179 0.040602819413600916 0.031111502605052636 0.03820293898131422 0.06207406832374651 0.04616294912616629 0.058682871614700344 0.04458592722126988
 0.06656709535752783 0.055534350331801235 0.07075354787319979 0.07133504899221563 0.04127435670567014 0.057596978602281426 0.02535706683098355 0.04798121967422169 0.03532270809413027 10000.0 0.029089747055607292 0.027165679468552396 0.051579685505062874 0.046254025778778546 0.003840084982804366 0.05461619508946528 0.06952186934240027 0.027094314129585816 0.07533069805004772 0.06320767970563267 0.01858010241974554 0.07147829954060965 0.02858023203175106 0.02242414554921737 0.015862297369260824 0.01669358206241508 0.061734174772543324 0.06784873012167486 0.08182223284356747 0.049132258663937216 0.014343110247452514 0.06547651701120553 0.03469885571462432 0.024092968668794876 0.07231452094894614 0.02652923866250758 0.0440313343020543 0.03147369212139554 0.020754362310157634 0.015733990748223365 0.051259135440270165 0.05611751172879143 0.03494806028734265 0.011097026809225292 0.01883266032164708 0.054376659980967884 0.04580614528470247 0.050586705748191296 0.0718345917062281 0.04331989776445569 0.028637827713548072 0.07495618102698616 0.06578374523142348 0.04119347559178141 0.025975327306884764 0.01872033122284696 0.04797370422230573 0.05185946945204679 0.056699380185251176 0.048230486617576875 0.03443096581353439 0.022852699313965736 0.09043463642771274 0.08478701571894706 0.022368426529667775 0.06323706690015025 0.06571025796043167 0.025234069164268506 0.07296930239252068 0.04539520217897671 0.044660723251606346 0.07789545042987447 0.052690110231188574 0.02494228483342566 0.06171737598280387 0.05081926137645264 0.04839774298135946 0.04800595081156173 0.04606274154962435 0.02718012531346482 0.03560349727314229 0.015971911354758565 0.08380185505896007 0.07347704135095398 0.05842615139383389 0.057392962850341005 0.08560165122590861 0.09478770018691783 0.057224060224025895 0.049594390464556784 0.048237602048873784 0.07101858626281767 0.09108987587292468 0.0189521522633629 0.009884482438864783 0.023673676920358457 0.062468264243057875 0.0306957271443709 0.03402820624587781 0.015505021001521952 0.023921715949916825 0.022728649579868872 0.057117584723868894 0.009177357512066405 0.03028864375584032 0.030318547907292805 0.03225045071473194 0.06801334694144139 0.007972109824004828 0.0666646810883296 0.05277539139374993 0.05343890916707828 0.06111920184635826 0.027841817349449273 0.05548252307859078 0.0707768507270883 0.05907185713812428 0.05789629406094887 0.05910185769375456 0.030844459558245413 0.06497322710615275 0.07674198852841502 0.04107185593662867 0.05917945266810466 0.06508180727191876 0.011680893647836242 0.008685723898660389 0.09057779372410302 0.014220121769520762 0.030510427218686742 0.06529128441662864
 0.05029766442888364 0.05682414367695299 0.05584641603411048 0.052965440290658264 0.05253880228798612 0.028516090613875677 0.021011702818218996 0.051322376911257656 0.037473190227151267 0.029089747055607292 10000.0 0.05123333571434444 0.054752541869941905 0.06755265377343898 0.02580447099309939 0.04617514208762683 0.051031666288995005 0.055580526897536654 0.06878845051802888 0.039521063860597616 0.010519660267032322 0.08408870305525011 0.0012324502381444071 0.024963855977696413 0.021915680089531722 0.03879758845169413 0.04572024201698004 0.08302766892926164 0.0714410537265097 0.06897838797450062 0.03069206389568181 0.04996666184318065 0.04803645567264823 0.046417422593043836 0.06609000856675491 0.04361669615130608 0.05724051905023573 0.05967557432512407 0.045013041634880485 0.03464658897272876 0.022431906374973398 0.044083773412554726 0.021657339625579343 0.035712125174143766 0.047866500451179746 0.07098570870919482 0.06416000161642747 0.056202972779661735 0.07950536512560555 0.03623230755577144 0.05631819823844809 0.0754664890345644 0.08170619977311157 0.0548919378722952 0.05505577444514709 0.04017761804523691 0.029063728953392196 0.04384987437131061 0.027617720514463158 0.0659185453484721 0.055598381923102874 0.04362481078903322 0.07195239577170427 0.06531078039040006 0.007373907501411524 0.06742804603521481 0.04009590399748501 0.05196044290076677 0.06046064218455167 0.019208270844461008 0.03103364024759585 0.07740619210153646 0.04888080272813087 0.007026476723259731 0.039771567328065104 0.025786707931304036 0.06253003684504262 0.04939361767223108 0.022377350727210314 0.05340116441847497 0.03095893797917268 0.015218823318224902 0.06639503749548678 0.06886658886151158 0.029494680260338732 0.042070839284743825 0.06556857414940837 0.0770743052759104 0.04958211722132162 0.021112284734367687 0.05535482390293428 0.04425722182897769 0.07305495397234359 0.029955397475664315 0.03177509228010923 0.0486136385508862 0.06421253375222996 0.02494925934574635 0.03594999651999966 0.029076677991235065 0.023434269706156047 0.04546305042141942 0.06870361808390608 0.031004393184820633 0.0564706017624266 0.05924753001701317 0.05978020261518397 0.08167395012826172 0.0326893401891278 0.06101047429944733 0.042936600596096886 0.03751137461886927 0.07702558643473359 0.02808197731371844 0.06951975592574794 0.08624569236481218 0.0706102209867639 0.06206136430910198 0.07631233016764573 0.042992045523637994 0.05066672262632418 0.05847331456330509 0.06350493011553168 0.030912745742104134 0.07739376523470438 0.037688302075583206 0.0377287798231859 0.07141158863351464 0.025764462086104608 0.05899626598899706 0.08028376031585568
 0.07028666736114984 0.045127961893405275 0.07253684144638446 0.07638825021622066 0.025116278014568 0.07794020956330346 0.03598887701987596 0.03778995998285528 0.0323900999718582 0.027165679468552396 0.05123333571434444 10000.0 0.040406751050415184 0.019366456866001882 0.02821623744300364 0.05363045949087343 0.07493767739700981 0.014954600238875713 0.0685621029204561 0.07470202995564681 0.041985158232239306 0.048430010258697 0.05120492956578721 0.030417486157848814 0.02978736576546548 0.03756140988909238 0.06604460851967821 0.04325987156331964 0.07782992358821786 0.022798401118997415 0.020734092723235516 0.06865900362607352 0.019403021558806615 0.041386120537664106 0.06568829362546413 0.01299711534019963 0.024646781380077754 0.033185510302692914 0.006517709827085086 0.039483912024218255 0.07075649496801147 0.05800075766292868 0.04537779731200757 0.032749455385630726 0.02232163755378572 0.029799324386142 0.020815359838440118 0.037245753172350404 0.052684163161677344 0.0448708230859274 0.03367868310312257 0.06174604981491639 0.04083710301144817 0.02222900064740705 0.021094404587980873 0.011165080852320146 0.057855684844772076 0.051253160185526794 0.077089244076608 0.023479885934347668 0.008781408895074273 0.04227342283769848 0.09359391984166049 0.08948970028230505 0.04627568924880692 0.048406591191367615 0.07909962452275275 0.034693891274960136 0.07214837470658325 0.0620139603305329 0.051233246749854286 0.06522372879681308 0.04795740854545379 0.04493371254433673 0.07163798656140702 0.07588247003230034 0.026902020095745802 0.03976721666322063 0.060344899842093624 0.005703491870562113 0.03882847682593981 0.036025533402728065 0.08645722944535979 0.0651755187882659 0.08007957563549625 0.0619379085956677 0.09082365217108683 0.09678774679930612 0.054839949122118606 0.06847138454674355 0.03407064463969392 0.08546830845343525 0.09372531298048854 0.04506333061733578 0.03459469037118198 0.0037068897634772065 0.05008395654068401 0.03803175928460997 0.032173083268503856 0.022709702293698588 0.05107501080504716 0.040103970423476826 0.0364504329100863 0.03432032360542133 0.038823433948107576 0.020061318184657215 0.012797251565531572 0.04445540073192144 0.0199395850944226 0.06044104708017159 0.0535550624760514 0.05941782822246173 0.03648177980158286 0.032383881285071414 0.0328728683584401 0.045850769526108844 0.03815495661023931 0.04413821566045614 0.033739020527108074 0.019934958535502055 0.06711691937581403 0.0810280481520733 0.01397097413741148 0.07690682630839828 0.042798300766567744 0.015488427333487665 0.021516909548207022 0.09444977529009228 0.04112792845265107 0.03118052938404748 0.04098840204752721
 0.038678185422260626 0.004727688577554187 0.03829313145197795 0.04522107311749279 0.015726252716430283 0.06977729321340612 0.03425679994470588 0.003674563884406622 0.01783154271332332 0.051579685505062874 0.054752541869941905 0.040406751050415184 10000.0 0.03827236043534756 0.04925747496951499 0.020946755391357423 0.044475844782562536 0.05523631432870344 0.02838848624422896 0.05255837447180481 0.05213475123677021 0.033233522917425214 0.05559507227007364 0.03241521584825406 0.03908969573469258 0.06793447817888625 0.0361943935233591 0.035752013260633576 0.03843233403379656 0.03564216566920419 0.0372511118961679 0.03674883837962221 0.021045484733623818 0.07451884988644021 0.025639737464944724 0.029057649223538727 0.018806712010461506 0.07242986757162588 0.04076459676362408 0.0672963254385576 0.06271782898913161 0.027480115203949433 0.0347208449295432 0.062201502493152934 0.059430727217895565 0.02999955661527359 0.030475232876328938 0.004529743230864332 0.025157700864623128 0.02151189908653589 0.07197807072899458 0.02338053063485904 0.03589356579859047 0.019800104504932536 0.06076206601462215 0.037130684826621976 0.038911496421572184 0.020226705028662723 0.06920101294182628 0.029744977217309256 0.03455019264108289 0.07396387660137957 0.058402555431007204 0.056178301253749056 0.055156248689223475 0.012719765450718524 0.05880451482806866 0.07140155305864439 0.03539107828412996 0.05178118338497926 0.030856213444951118 0.02640664368482142 0.01271657825606209 0.048218109426349555 0.047970926756761394 0.0790390559771174 0.02153085973957904 0.005614017722439086 0.04703412821318565 0.046108029372798176 0.024008737557917006 0.045631283374288796 0.051394525579121816 0.02478149170072432 0.0741232179507085 0.03364372740608077 0.05792675671304262 0.06037912067291401 0.019867583460464765 0.05995072649788993 0.007360289785172492 0.06556980276929054 0.05805312980696664 0.06911637113062899 0.06145124735083229 0.04215426588077584 0.010889512247747389 0.02980536765570238 0.019395701975940666 0.03618580498744235 0.06978977437446048 0.07310727987013889 0.019975970517156796 0.06070768192332008 0.0762701334392951 0.060433333608350404 0.05266834854941267 0.03250973186486399 0.044836161178384945 0.02084040946196152 0.02337048442028735 0.03407014219314224 0.03247467768346814 0.02752148045090617 0.024479605959664304 0.03876708811675625 0.021172078799385763 0.007309197989071029 0.03434845317705152 0.0221929684921936 0.03429990262099997 0.048260338475846105 0.03933892023299159 0.06417845996031928 0.027304585254662592 0.0449461830488652 0.05275084892886288 0.05986008431669594 0.0634587118318166 0.07053877898067488 0.03334085131570996
 0.07494061037949937 0.042598881965662146 0.07569093906646725 0.08145168827682099 0.02378020016751235 0.0922239718949317 0.049206335307701195 0.03724242997039119 0.039197425730431834 0.046254025778778546 0.06755265377343898 0.019366456866001882 0.03827236043534756 10000.0 0.046859382643530664 0.056955422971989064 0.0803450317715383 0.02965316058378932 0.06579035891592158 0.08395714009670778 0.059326685361684776 0.03237750101356839 0.06773856087711765 0.04384706496081535 0.04564351347372309 0.056697750046338986 0.07146806681226547 0.025778712610446196 0.0764144345443524 0.004586809935210937 0.03717689703866418 0.0730965498988652 0.022900542804682344 0.059869693304419234 0.06330845004315752 0.024064478974513033 0.019533169926788496 0.04812619924420998 0.025534262155670232 0.058810763161573895 0.0848295083977003 0.06269345776241717 0.056854860860773335 0.05205386809096993 0.040212637671933636 0.013888282003113898 0.007877669104749978 0.033918771486825136 0.04047467393229573 0.051378006013035854 0.049758225377929816 0.054276900012236735 0.023070750091411043 0.019262474103571403 0.036532939089791806 0.028370690700344755 0.06750316788360038 0.055206566078856344 0.09142793546007626 0.009416887479383532 0.01214083764875066 0.06108425596679857 0.09634207261392579 0.09350870296371672 0.06358723602208491 0.04114960468476632 0.08925135462974065 0.051957811325147 0.07350796066458691 0.07499939177772941 0.05975807411056503 0.05789111196176199 0.049498795625664185 0.06076949233836888 0.08013849554823002 0.09301211074010905 0.017415863642822722 0.0403457912468218 0.07220499919355206 0.021863993425778317 0.0476396233218054 0.05276119770327475 0.08924391115261314 0.0615126609032807 0.09506335115131177 0.06792194658553413 0.09512442730542363 0.09857179784127292 0.05699318375950795 0.08230600369588706 0.030912437743920343 0.09596497784285897 0.09610322484188139 0.06441695800335784 0.053960662844439344 0.023058848899422182 0.044865750486676535 0.04925632608054916 0.03976455021412666 0.038535556934432696 0.07015745659134606 0.05866389144582027 0.02498792877597408 0.05367987062008292 0.05534340010175996 0.033148537853340515 0.023442272381449317 0.02811301801913499 0.038647246759749586 0.05895799427326574 0.05810355823725286 0.06657701083753127 0.01945786321524371 0.04360398555892984 0.01951891675612983 0.0278692225830771 0.025997752962873145 0.03871321702841237 0.015922027481426754 0.027072730671612793 0.07099682032524689 0.08526352392858207 0.005656904408829512 0.08972107799901514 0.028171966446111786 0.03461522586038173 0.040869675223893225 0.09764746458183171 0.060363111314844994 0.046100582842276756 0.02400840222855943
 0.06287781809717818 0.053057255357737705 0.06713954247172282 0.06758199169666448 0.03985851634921075 0.05424206967573498 0.021682728110378118 0.04561947664398567 0.03253309301246811 0.003840084982804366 0.02580447099309939 0.02821623744300364 0.04925747496951499 0.046859382643530664 10000.0 0.051276067251704444 0.06576112597942056 0.029890327257761615 0.07229000021153253 0.05937079218158098 0.015386908076858127 0.07067362458516013 0.025381324460203424 0.019083447775360397 0.012290480820261953 0.019868491964580647 0.05803745323104161 0.06744105387200496 0.07852143051171499 0.04944448168510357 0.012433146742639017 0.061815107379525676 0.03346045020305999 0.027498845698392997 0.06928149379113924 0.025739034043878915 0.0429932857618648 0.03526676548488177 0.02170104689449955 0.01825055417132361 0.04777911832121897 0.052573906857541465 0.03116108162298957 0.014482256930793424 0.022406669453800186 0.054098880459561495 0.04576119019133047 0.04854565871334261 0.07030739214806822 0.03993035541313962 0.03247050141862385 0.07258329624679714 0.0654900739099497 0.04018261408705245 0.029325236381247927 0.018671361099819574 0.044151017755625035 0.04852008383295875 0.05334673251380579 0.04808463325487988 0.034828100590475336 0.026017997060232997 0.0867109431203156 0.08102081412048671 0.019392699415258643 0.061182922924424246 0.06190637270467431 0.02906222590765156 0.06949327295172875 0.04166421334913012 0.04095534764287971 0.07543671033926894 0.04968198810304267 0.021301410098402394 0.05787970875179867 0.04843869552703734 0.04759363770583557 0.04542682900240002 0.042247042913872504 0.028959031451870947 0.03222688196908511 0.012187811301545427 0.08011018611708585 0.07059011391312998 0.05526099642133901 0.053704516086984753 0.0818197021941139 0.09110188497157508 0.05396427929287668 0.0460449890416682 0.04635352314996932 0.06725625577097685 0.08738488727439614 0.020162528929223433 0.012521195251202157 0.02493421742842866 0.06012184841150085 0.027120987649461917 0.031173337725879744 0.013093222641311153 0.023594708722645262 0.026163066282104852 0.056013671795804215 0.01169684756627556 0.034104377578884335 0.033443206390486084 0.03459124462053457 0.06735076794725922 0.00828098735553685 0.06363927060259303 0.04932857007690968 0.04970906916135082 0.06078203723496347 0.024587335308194475 0.05475866787015603 0.07044147164095084 0.05798333263476929 0.05577841865944194 0.058985951896564415 0.0292673065453779 0.06136487079103331 0.07300330549189338 0.04189092199793508 0.055571296724235 0.06417605569261223 0.012969532498637826 0.012008277749843484 0.0868292196362255 0.014823778958888572 0.03426519511702027 0.0648304403940827
