NAME :TPP_input_19_4_4
NUM_VERTICES
73
NUM_CLUSTERS
19
Full Matrix
 10000.0 0.049746117374124973 0.025167900081358097 0.064606719052499 0.08442391954549902 0.07536403493968094 0.07058449223611078 0.03669584334958854 0.07980471694628512 0.08784089152592157 0.095428747971749 0.056284345552766665 0.07425570760787042 0.10040296324311929 0.03557737714068952 0.06380498972575428 0.06999962452427827 0.0466476039981394 0.06369954970974853 0.09968553235050366 0.08106293084634811 0.07778595091162673 0.11604009721930518 0.03451031168658171 0.03279340764281133 0.06696983085864382 0.1106110620603733 0.08935162182953227 0.07122446766495352 0.06411916711910112 0.06821259932212505 0.0872964176577546 0.01098584321021741 0.07429061636742579 0.09941405789450711 0.009293760739720377 0.060958642334667905 0.03910941909304277 0.09055379804807752 0.016815153098907624 0.028406399859455568 0.11427012953039041 0.0522669468877487 0.05681506311512592 0.0757365868450786 0.06443294330321372 0.043326780086350554 0.05343331274306506 0.0444214663568701 0.06236204553890476 0.045615892748476765 0.06735905253933949 0.028460344774239633 0.048213514956356694 0.09506630059205297 0.04452120266171555 0.07908926608380247 0.10059074786967549 0.09675696940477638 0.05493838026095876 0.010646310956246897 0.02781675524381044 0.08204211266003449 0.09411404482874212 0.04929189479692792 0.05537543098297597 0.10014431447958311 0.10433357777848191 0.0609442896169439 0.015374722596981048 0.029685386980489885 0.037672496876321224 0.058051729088736966
 0.049746117374124973 10000.0 0.055897212195170715 0.02830098256194222 0.03980494329641769 0.04106806994742784 0.028322463766099554 0.03091560209350626 0.04048254572716854 0.06550005189092675 0.0512835248552162 0.024777674767775346 0.024510079441753072 0.07460143652734104 0.060012576426652045 0.015706827020174972 0.07157902227518288 0.003140269761695328 0.02293210641273288 0.05606435227504581 0.07027115709349097 0.02993486552343478 0.08271364486139664 0.01938809173642637 0.02004403676446413 0.017727087750772856 0.07796622138189824 0.04089617977008229 0.06689393635821672 0.015830975760101885 0.019202536480118965 0.039526691527898256 0.052454921151871406 0.02834272598925576 0.07012103854866351 0.04303596792361607 0.05752745125470406 0.010698037671658658 0.055445490710475415 0.0389389399889481 0.035107947562007844 0.08209078983725974 0.0028639459228337327 0.028302792963970123 0.057269275277015586 0.01634258070425234 0.05585858636765118 0.05159299572214459 0.012759022672938538 0.014039043181307715 0.021890484191010633 0.0835890182803869 0.05622613003388064 0.02251362353213963 0.0713605947448791 0.005459916227747659 0.06320464810586444 0.07337958102759286 0.06272834948405918 0.04398543371556778 0.05214804958631113 0.022824208869759582 0.037477488318070254 0.04518869100644181 0.07071477486875365 0.009431011227284737 0.057745316707177884 0.0721609113530919 0.011353616081182384 0.05383129001614522 0.029510362366458084 0.05789298415861782 0.03421379542913854
 0.025167900081358097 0.055897212195170715 10000.0 0.05896407154686453 0.08075042075315894 0.06644916190511402 0.06710248017050663 0.029067512809248523 0.07306030104207528 0.07146586739180578 0.09037950685817589 0.05070977125384074 0.0785002457708951 0.08442164623817901 0.010499310564003836 0.07158107226025358 0.046973882081348284 0.053382360142317495 0.06072922011197591 0.09389206009168373 0.06088405811714183 0.08582971544164167 0.10263232720517111 0.04829780367876066 0.03586160617844734 0.06996854998117237 0.09717269443841006 0.08922239397050392 0.049860357275456256 0.06623537447010833 0.07495879277601791 0.08638868512539666 0.014363062701682732 0.08391786374492284 0.08511442434031677 0.03197597383434341 0.04073009249363889 0.04609562765372493 0.08006987269193726 0.038571936186788565 0.021502480779914943 0.10037174996358571 0.05875887080920947 0.04952986069427716 0.059187615156415734 0.06630470375432043 0.02061052754087047 0.0342205958440221 0.04553671684111758 0.06992461161785951 0.061132523789871496 0.04219326265844214 0.0035549931659875516 0.043460482682824125 0.07860201904348213 0.05054487245018247 0.06103019724416066 0.08522658095754836 0.0850866996670957 0.03955112772868043 0.0357501268854463 0.03433514570244192 0.07857981540130449 0.09449472155806644 0.02412838701164979 0.057594551829198704 0.09338176044683995 0.09107905624363641 0.06529480938256474 0.040463316235114816 0.04827394927249245 0.013347469871279195 0.04798344604330353
 0.064606719052499 0.02830098256194222 0.05896407154686453 10000.0 0.02187227456073803 0.012909118414724884 0.009167999364631061 0.03025163547693834 0.015203415100982632 0.03798066114612594 0.03159073939538746 0.008485749373717516 0.030804313291856532 0.04634911411597303 0.05803981767320098 0.035033219730626466 0.05348672960680248 0.029888555173201325 0.006692214012899509 0.035455833895625954 0.04636320814571599 0.04371713132920821 0.055294862535848976 0.04481278755379951 0.032679469491632404 0.023375999593313244 0.050299756892790475 0.03234741224898165 0.04662129075885419 0.019913365226382894 0.03422921932345064 0.028975651107716445 0.06241748078683974 0.04604597822213763 0.041858851644814246 0.06117855056063809 0.04010348473030013 0.03245490848020646 0.0280289918601765 0.05995921895955819 0.03886470802277674 0.05437533530323356 0.028960166165029524 0.009624088680653618 0.03181116127075953 0.01937495063005934 0.04866880297362879 0.037385103977559044 0.02238374389484162 0.03385908689474271 0.050143988728805655 0.07119427440641879 0.05755940821748543 0.016506843592509285 0.0433742296410191 0.029071790158854548 0.03802817491714565 0.04508095839190499 0.03514603381138543 0.027405361348883998 0.0707765255318539 0.03837015834510392 0.019813800798093938 0.03773169922539264 0.06382566062263795 0.01927375221190195 0.03559930329222034 0.04429907111442213 0.024841440383869953 0.07382169708769479 0.054586680420205744 0.054340515518522134 0.013862055072358302
 0.08442391954549902 0.03980494329641769 0.08075042075315894 0.02187227456073803 10000.0 0.0202636290845841 0.013947333538597817 0.051841338898235355 0.011700659982381241 0.0449837907339955 0.01149936415855277 0.030044933867316784 0.025767101400981037 0.047691473891342956 0.07986716881488458 0.037321289287355584 0.07103920420083264 0.04254933887727045 0.020787127354582137 0.01625943805770953 0.05943811587000478 0.0384257281175106 0.04752297294293562 0.059047154193872235 0.0516674825973676 0.02454494379988402 0.04389455140018995 0.013889784713670625 0.06318380476017472 0.024439544267651 0.03378463594892055 0.010287611234787455 0.08338923695977886 0.04317680084290828 0.04074474528183048 0.07978481456284807 0.058957967438970686 0.0480073277689109 0.023827924569124227 0.07724635609614788 0.06025169930554117 0.047902057351956545 0.03883839764354747 0.03147586334325791 0.044643964155496485 0.0238269525568408 0.07013888334857687 0.057743618316806064 0.04014610713835251 0.03706033701685728 0.06011894086739808 0.09074191545987452 0.07941362200241488 0.03761979934019211 0.04744654280774739 0.043158144918923745 0.05032615306357459 0.045346005065118634 0.030121298903509237 0.04777554078601818 0.08936064541464003 0.0569689550566771 0.0024045203733669292 0.018521972477386142 0.08504352390244614 0.03099804731533783 0.018180648747427735 0.03943526029148363 0.030340177792608617 0.09183885054181602 0.06921335401332598 0.07610454216945764 0.03477363319795444
 0.07536403493968094 0.04106806994742784 0.06644916190511402 0.012909118414724884 0.0202636290845841 10000.0 0.01569249269142658 0.03934127524345393 0.008710474583094286 0.027274811186327113 0.025747935652169898 0.019692069894249795 0.0390482750505325 0.03400708329256981 0.06366427873954571 0.046074588259843514 0.05086041018447609 0.042764423406985164 0.01839849373641777 0.028275992298245598 0.03953900675618047 0.05250121840185169 0.0425239722289368 0.057664315950904266 0.04454921874157536 0.03331112331878327 0.03745455455181477 0.03381377798993066 0.04293223873658121 0.030634931723231246 0.044382936800605094 0.030136568357209362 0.07194006307346715 0.05580359324985944 0.02906498607651892 0.07276403645776044 0.039245576957174524 0.04526341638027038 0.015484341489833294 0.07211268882060552 0.04813637126593923 0.04150999800894419 0.041528802762768595 0.01855839707022335 0.024597656262303688 0.030005457155291987 0.05273776645817798 0.03904014300997866 0.03498634451357076 0.04511380138194816 0.06295138214777785 0.07105102644259484 0.0645017058107211 0.02745509298726814 0.03168991022550458 0.04198049368151879 0.030502693706548036 0.032514819455660884 0.022393039856598365 0.029462877935998864 0.08228208962087717 0.05029574747703907 0.019365335165551285 0.038722015914113804 0.06691189478677632 0.031844774980634344 0.027170711356006245 0.03140969920093345 0.03628699988415224 0.08557903744205328 0.06735580398855485 0.05956380806165842 0.018472699639460445
 0.07058449223611078 0.028322463766099554 0.06710248017050663 0.009167999364631061 0.013947333538597817 0.01569249269142658 10000.0 0.038085851230656144 0.012305352512306087 0.042926364490474114 0.02487368028334048 0.016492918040205605 0.02354094822669987 0.049294643646116285 0.06676858669225184 0.030672642929797735 0.06219562163920295 0.03066952408125008 0.0068850005489298795 0.02928162265990203 0.053706306505710774 0.036930040206242964 0.0547081267329836 0.04685613792438411 0.03789958864404421 0.017683830911365158 0.050177603284755484 0.023206164295909902 0.05504002903190737 0.015365294817615473 0.028725814827077388 0.019892448467991868 0.069444234425994 0.040112317262799686 0.04367067555881781 0.06621452077135148 0.04904365426097439 0.03515620148310886 0.02775438782900396 0.06406637237940435 0.0463875593763123 0.05431753897828904 0.02806079282113691 0.018535490032236198 0.03880441225792715 0.014708841837469106 0.05771443040606052 0.046539680054908876 0.02652349892465179 0.02983842851054856 0.049865036836002394 0.08030316489168202 0.06591065467431821 0.023765907068465045 0.0473248056125526 0.030730469605938126 0.044970634355835974 0.04755756040707724 0.03503707678865788 0.03654617033240701 0.07581929580168943 0.043313264370952065 0.01163232122754115 0.028597459667314543 0.07293063173402528 0.018941781089861418 0.03025886133157248 0.044647744534179426 0.021329686707649058 0.07847146891171504 0.056969663496558 0.06317679262160696 0.023017349686349678
 0.03669584334958854 0.03091560209350626 0.029067512809248523 0.03025163547693834 0.051841338898235355 0.03934127524345393 0.038085851230656144 10000.0 0.04493062912895459 0.05195676927109813 0.06183818490690956 0.02183637584156086 0.05074062476854931 0.06417424433240969 0.030251217853023486 0.04616047326665642 0.043938949648796646 0.02929516803560578 0.031662101306830656 0.06560659556637895 0.04865064170452073 0.05978434647726327 0.07934498232318513 0.03289864676412508 0.014415953819936843 0.04198729401437087 0.07391524431750456 0.06020076625282263 0.04149277273736505 0.0380513346510067 0.04864702229646488 0.05732946219741406 0.03260648089515703 0.059033971143836975 0.06279360705078536 0.03597005892247937 0.030901602816481584 0.024041086417442945 0.05417462838299272 0.03772924856976832 0.008798942648855883 0.0775832293371844 0.03364751781916024 0.021206498990068157 0.040289756999607136 0.0380289734992543 0.024947608764023108 0.023561637544362694 0.01855844481592367 0.04448051510027401 0.04449089235240493 0.05297246324906017 0.028143921553121624 0.014392974326826038 0.05909542283932442 0.02641003028476651 0.04458174912572057 0.06417294984259138 0.06016877924716728 0.020201976664477678 0.044904851506518 0.01807765783499587 0.04962718759008416 0.06549932877026446 0.0398832379606274 0.029904770453497643 0.06545765514851852 0.0676377576751258 0.03818455253033159 0.048837299726305246 0.03896998476950587 0.027505634071149865 0.021437273745364836
 0.07980471694628512 0.04048254572716854 0.07306030104207528 0.015203415100982632 0.011700659982381241 0.008710474583094286 0.012305352512306087 0.04493062912895459 10000.0 0.033895032049589935 0.01764093281570872 0.023565827114711235 0.03340265972777606 0.0382461181217093 0.07104617024655448 0.042445067531943756 0.05956724515980289 0.04269010373501064 0.01788221070640732 0.02083565295807242 0.04775623755786754 0.04679632394089254 0.04240277474798935 0.058599139370497315 0.04779053058935172 0.0292232690405402 0.037900514758489025 0.02548341024456954 0.05160820359304642 0.027448083647192072 0.039952690683423296 0.021823501029451225 0.07737826759450082 0.05074339169966913 0.032043911425765736 0.0763111943609079 0.04787802586625839 0.046562508054838456 0.015597616461605564 0.07484060532715336 0.05367087752958965 0.04203983420603827 0.04033674091492116 0.0237342621935795 0.0329434878156466 0.026783596378670522 0.060562079509282704 0.04732746558674991 0.03707958117433445 0.041750996743699156 0.062138302155848174 0.07969557945423611 0.07135786554229309 0.0316423540640175 0.03711952048684529 0.04249847369767157 0.03865125177745097 0.03623656727526318 0.02282631904030531 0.03754857171999705 0.08591898012908111 0.053440810157866954 0.01114431268566385 0.03022220314370401 0.07505044150908644 0.031056623212059927 0.020536056158908605 0.03246805487831291 0.0335061558216643 0.08888574068903694 0.06862056706310585 0.06706747049488065 0.025440695868634167
 0.08784089152592157 0.06550005189092675 0.07146586739180578 0.03798066114612594 0.0449837907339955 0.027274811186327113 0.042926364490474114 0.05195676927109813 0.033895032049589935 10000.0 0.04503780145682439 0.040981547379622466 0.06631659135391726 0.012958887460208672 0.06487661905407469 0.07282559092046169 0.03670838514499274 0.06650910322613678 0.04448914001305952 0.04478829312786506 0.018688169531207492 0.07977437530514389 0.0328203143145308 0.07915628391761223 0.06263169862961011 0.06040111559382184 0.027708110086442958 0.058823956139393646 0.028427441577291036 0.05744446415302191 0.07148103644926865 0.055266311386929286 0.08132490116380822 0.08301962200718813 0.015498643958215546 0.08792288515048492 0.032332625474886946 0.06690945979576332 0.02352928875289293 0.08933223796700308 0.05953687605476639 0.030062307610905364 0.06656702005293008 0.037855561623592854 0.012314740568804694 0.05684486251244106 0.05238219067516303 0.03742804284467411 0.05631657708826811 0.07173395357633926 0.0868116091216959 0.05911179643801527 0.06851380836543271 0.04619515935314625 0.007239307195603108 0.06500919812968933 0.011827263632345963 0.014059568143402094 0.022259888917653375 0.03297891813076049 0.09672172709217863 0.0680228265845564 0.044917096220506075 0.06303063549301476 0.062237770815515785 0.057014448967569104 0.0416556958802061 0.02264136006899278 0.06274715627615945 0.10076041019665027 0.08782789672605967 0.060480134352368764 0.03307922496415517
 0.095428747971749 0.0512835248552162 0.09037950685817589 0.03159073939538746 0.01149936415855277 0.025747935652169898 0.02487368028334048 0.06183818490690956 0.01764093281570872 0.04503780145682439 10000.0 0.04005165226415543 0.035312617180870004 0.044516361979291784 0.08865262148806961 0.047844052986607814 0.07563523183299585 0.05404430487652006 0.03175120247871126 0.004856684596043664 0.0617249837669124 0.04679897057145771 0.03964648340826079 0.07054472752045697 0.06277307907750476 0.03554469181134155 0.03695471854279085 0.018267292694554856 0.06736993033034268 0.03579712410924578 0.04390301286122863 0.016093353482517274 0.093903930192989 0.05211207970001447 0.03694751728702446 0.09105177261748947 0.06479799993383553 0.059469953502943616 0.021608647978086717 0.0886677006847893 0.07044802606421915 0.04064828807283667 0.050254753133400956 0.04085548945189307 0.0477590090970876 0.03520108358048412 0.07819511825698519 0.06477627171098557 0.05136199108484979 0.047758990212606135 0.07135204327984186 0.09650573366222129 0.0887951898659131 0.047944487974942884 0.045731669205535 0.054651708406180916 0.05271740491747867 0.041811026250376214 0.02571631585771234 0.05510168602922054 0.10064678373394831 0.06817259709301643 0.0138724624638818 0.020330365568953967 0.09259996102196714 0.042494165137700886 0.007693611866890473 0.03373419310773262 0.041581670332986743 0.10320697286737517 0.0807104256252988 0.08469583509714552 0.043051465778949194
 0.056284345552766665 0.024777674767775346 0.05070977125384074 0.008485749373717516 0.030044933867316784 0.019692069894249795 0.016492918040205605 0.02183637584156086 0.023565827114711235 0.040981547379622466 0.04005165226415543 10000.0 0.034150066724595154 0.05093152858037621 0.05031655247292159 0.03508722481540044 0.0499977553761971 0.025558145208963275 0.010784944499533326 0.04394157324604819 0.04593745378432365 0.04597773489841452 0.06205652593275834 0.03880549043210921 0.024865254980941963 0.025692713576222156 0.05687370852545998 0.039373862715692994 0.04404540863692014 0.021675764433922884 0.035478955299571346 0.03622996218581464 0.05393263249791367 0.04725826451111327 0.04740172985106184 0.053193023719921 0.036051095399863155 0.026365266331213704 0.035176407467296215 0.05242169364274669 0.03039658633262463 0.060858857134507054 0.026213512117265792 0.0037576596870515524 0.03251897058238209 0.02133515653255191 0.04167971499650647 0.031987581459076625 0.01577428272289014 0.033653359272082524 0.045830338384032304 0.06590696253665071 0.04944044851505688 0.008079457822014174 0.04716866192373386 0.024039069676470064 0.03851635652647769 0.05006222053177525 0.042002205099294206 0.022480491154657157 0.06275357883895617 0.030609650375380503 0.02787187301967523 0.04475997184419389 0.057047613127205285 0.01733306051251932 0.04404365968480266 0.05070738422165035 0.024948158987813312 0.06595347537890135 0.048154626084314325 0.04679620091441643 0.009993940659270211
 0.07425570760787042 0.024510079441753072 0.0785002457708951 0.030804313291856532 0.025767101400981037 0.0390482750505325 0.02354094822669987 0.05074062476854931 0.03340265972777606 0.06631659135391726 0.035312617180870004 0.034150066724595154 10000.0 0.0716487636190017 0.08098671877868378 0.013618517365511233 0.08383703951659739 0.027618938260362096 0.024456629791158715 0.04003065217744059 0.07698692350761477 0.01346976922968096 0.07328749167115514 0.04240346317224479 0.0434349953591701 0.008805528427022846 0.06956812444705755 0.019438832270266996 0.0773033784133514 0.012871107865969962 0.008959340899010617 0.019782069823665354 0.07657397420664339 0.01750411676317887 0.06530985533556109 0.06741136171662847 0.07006281025699286 0.035168879551460655 0.04848066649515738 0.06283489240543844 0.05705141501733856 0.07360907331316013 0.02206390396529518 0.037611449219008275 0.06219257689488338 0.013043280483854284 0.07441006371757725 0.06609924366966595 0.03296463565626806 0.014167460556583305 0.038957317715417716 0.0999432531022276 0.07828862682157449 0.03772476056272059 0.07030019929020102 0.02978830561902098 0.06839076991826756 0.06961172131361447 0.0553178893662251 0.056613558686086564 0.07633733801658799 0.04705936818441926 0.02431427127211264 0.022353193343322357 0.08982520654488539 0.02095094564701025 0.04291206540877186 0.06484686959975541 0.013478569823030966 0.07768413793823582 0.05188271641272818 0.07816356879441949 0.04352056634285709
 0.10040296324311929 0.07460143652734104 0.08442164623817901 0.04634911411597303 0.047691473891342956 0.03400708329256981 0.049294643646116285 0.06417424433240969 0.0382461181217093 0.012958887460208672 0.044516361979291784 0.05093152858037621 0.0716487636190017 10000.0 0.07778543237871229 0.0799451708122856 0.04794642229993402 0.07598257626155581 0.05234608559855753 0.04287989465460098 0.02903590808580449 0.08502962269166969 0.021193418862844086 0.0896834252810935 0.07399395043984139 0.06695252784238331 0.016779499598220057 0.060844287665059026 0.040089157508385806 0.06454189258477454 0.07792061545394542 0.05757602563761997 0.09413926053782218 0.08895126218268366 0.007703069403404393 0.10010870763114905 0.045084578817801965 0.07727360618238295 0.023904319430805263 0.1011332996323242 0.07202221899367198 0.01813952293915322 0.07530458066578533 0.04823477869155336 0.025245815653270994 0.06390051508550627 0.0652854410805808 0.05037739981687411 0.06665021563368871 0.07904614549144065 0.09634023796695544 0.07014422064642903 0.08147258546145869 0.057057329499000824 0.006041216356010849 0.07480336344807968 0.024228009735425087 0.0029364945536934834 0.018839558607878247 0.04572945146225848 0.10906475423216842 0.07953641675889946 0.04827327135973275 0.06425947794612516 0.0746768806410597 0.06561055404972846 0.0392221260187542 0.013700870218837126 0.07027877861349079 0.11300412827900093 0.09876059869139295 0.07339430087552523 0.04424324238834814
 0.03557737714068952 0.060012576426652045 0.010499310564003836 0.05803981767320098 0.07986716881488458 0.06366427873954571 0.06676858669225184 0.030251217853023486 0.07104617024655448 0.06487661905407469 0.08865262148806961 0.05031655247292159 0.08098671877868378 0.07778543237871229 10000.0 0.07564982271019137 0.03731886239899342 0.057850087947336516 0.060908779747204225 0.09176350703044296 0.05255187741170685 0.08961502526603848 0.09693768673309719 0.05538018512462477 0.04050762190912666 0.07223845640424506 0.09153673616002939 0.08963486270490502 0.04110043954111024 0.06829693802458063 0.07852994776582731 0.0865421228688897 0.024854397825249175 0.08835211702248102 0.07926684747023924 0.04190984573639345 0.032969567880024205 0.051127367441517586 0.07612712611653738 0.04811749108566809 0.024982378634554155 0.09448199660175563 0.06285485365981751 0.0484157851049143 0.052835215985299305 0.06826440510435855 0.012501488075144972 0.027567032016600195 0.048432057610034294 0.0739678246400024 0.06824978805947213 0.031829298533011335 0.007118346914776985 0.044039794922010114 0.07182936311525193 0.054927796162083625 0.05382126578646701 0.07887164429328297 0.08047676909376274 0.03491377369962559 0.04619401351677057 0.04034511501451694 0.0778518425299648 0.09500343957020181 0.013934311655688857 0.06010840067448762 0.09083497128892686 0.08562060144233972 0.06828282302691824 0.05091500921209275 0.05672604249321281 0.0044065291658092545 0.04560624568087693
 0.06380498972575428 0.015706827020174972 0.07158107226025358 0.035033219730626466 0.037321289287355584 0.046074588259843514 0.030672642929797735 0.04616047326665642 0.042445067531943756 0.07282559092046169 0.047844052986607814 0.03508722481540044 0.013618517365511233 0.0799451708122856 0.07564982271019137 10000.0 0.08458671046459516 0.018244977859876523 0.02839166914316056 0.05266603905346276 0.08073876403338731 0.014325062569539726 0.0841889292766512 0.03031043966764125 0.03571947303747393 0.013245666536020984 0.080050529525823 0.03299448305534063 0.0790532185190142 0.015441683836014197 0.004944626305475982 0.0330081361555897 0.06754745792444464 0.012903344204387225 0.07430509070687781 0.056220057387963096 0.07049393286372854 0.025810063920698817 0.0580327197220108 0.05094756415712279 0.050793347158162534 0.08416713300633853 0.01284359785013681 0.03884377193719313 0.06662015870042128 0.016069139122270246 0.070979537503759 0.06528741886329203 0.027618508065440715 0.0016839023258744667 0.025425449267876935 0.0982001169244884 0.07193293395093284 0.035686346675122896 0.07773910040562383 0.021040254652603386 0.07280209431764341 0.0782302006614934 0.06520318767691995 0.05675472850035561 0.06468685729408057 0.038055282373355336 0.035438994698372285 0.035935164211519356 0.08604367367799381 0.018016711876699985 0.05523573660155142 0.07485152033639705 0.010273600739205526 0.06560126198135897 0.03918653987635546 0.07341874435341907 0.045080926654051535
 0.06999962452427827 0.07157902227518288 0.046973882081348284 0.05348672960680248 0.07103920420083264 0.05086041018447609 0.06219562163920295 0.043938949648796646 0.05956724515980289 0.03670838514499274 0.07563523183299585 0.0499977553761971 0.08383703951659739 0.04794642229993402 0.03731886239899342 0.08458671046459516 10000.0 0.07092734552658833 0.05944190708877437 0.07695256274820637 0.018991183424823546 0.09597369343857828 0.06901847203338414 0.07683645121113794 0.058336972917024645 0.0756182025514006 0.06416674652938614 0.08416104562788794 0.008512888942482229 0.07164768781029296 0.08541005802257855 0.08051730586532052 0.06042462191861053 0.09709628194815763 0.05216822836911296 0.07385342228606612 0.014103781104325728 0.06727536245003751 0.05658033304701118 0.07817866565314163 0.046721758520236745 0.0660481048421258 0.07383803578346773 0.04636183504090331 0.02839081565585058 0.07127886925181329 0.026760777704077227 0.02045865791825052 0.05902304988462265 0.08304500134189025 0.08822532331614721 0.022404180546224804 0.04343831238592414 0.04920083397225002 0.042053396114764933 0.06833752382529498 0.025154277555505367 0.04995372045610763 0.05784614896750475 0.02783415414873893 0.0804526567708746 0.061713254213929314 0.0698841637901378 0.08929061981128025 0.029055902991749805 0.06657108197112123 0.07461045027519339 0.0593436086857021 0.0747223941770781 0.08510547379414286 0.08231832100492664 0.03367512575094332 0.04032522974092261
 0.0466476039981394 0.003140269761695328 0.053382360142317495 0.029888555173201325 0.04254933887727045 0.042764423406985164 0.03066952408125008 0.02929516803560578 0.04269010373501064 0.06650910322613678 0.05404430487652006 0.025558145208963275 0.027618938260362096 0.07598257626155581 0.057850087947336516 0.018244977859876523 0.07092734552658833 10000.0 0.024934480371974238 0.05879967700441429 0.0704584602966499 0.03255931822722535 0.08473881940356942 0.01650856109115621 0.01754586260569527 0.020848205469931633 0.07991198053131321 0.043988517198413485 0.06656664540747284 0.018823273032129155 0.02202987794028709 0.04256420806643052 0.0495364004751484 0.03059209461964892 0.07174178194582422 0.03989630703000441 0.05695056231250806 0.007697965504514604 0.057422945967915764 0.03583006198302936 0.03287803260101782 0.08402375958582177 0.005675036202870908 0.028912006847539796 0.057836776704643184 0.01931003457180338 0.054215590359264335 0.05074606739225213 0.011916210125734092 0.016614227921329116 0.02036676234814616 0.08219839044676963 0.05383764673029106 0.022294472561099607 0.07254571220625866 0.0029309987611787916 0.06366917936489125 0.07486146359792031 0.06467909772704832 0.043578422553930615 0.04901130585558595 0.01992381323431686 0.04020027768612941 0.04831265099396492 0.06888119705815322 0.011748252211215724 0.06038353857431979 0.0740311045141468 0.014493087056264462 0.05071887944835001 0.026669113394429286 0.05588893923232266 0.03459761421553627
 0.06369954970974853 0.02293210641273288 0.06072922011197591 0.006692214012899509 0.020787127354582137 0.01839849373641777 0.0068850005489298795 0.031662101306830656 0.01788221070640732 0.04448914001305952 0.03175120247871126 0.010784944499533326 0.024456629791158715 0.05234608559855753 0.060908779747204225 0.02839166914316056 0.05944190708877437 0.024934480371974238 10000.0 0.03612082198042258 0.05299304242299801 0.03715430713717198 0.05981612709404464 0.04071702114293208 0.031024132366655452 0.01673979168118007 0.05503676326247674 0.028728990542171 0.05284792027655058 0.013221475976244802 0.027540804660152022 0.025714497674808257 0.06265692837219211 0.03936640604226684 0.0474194883948148 0.059381271388466515 0.045790736750186016 0.028729936356455023 0.03252089238092532 0.05737912489062674 0.03978314049400375 0.05915978317207819 0.023184835243057946 0.01367262719555342 0.038495531061354823 0.012686718736511098 0.05246415534188611 0.04238502269717968 0.019712915111097663 0.027255258603683247 0.044795726977683914 0.07633490152621569 0.05968532325567118 0.01727000827392445 0.049664900733101966 0.02462385086928477 0.04471084739158533 0.05090999457422326 0.03979844510567989 0.03259890179329604 0.06899139711780111 0.036465379928792924 0.018438400991601666 0.0340946683168048 0.0678308004251571 0.01355721309260427 0.03696447189941238 0.04923499343548542 0.018258214699863592 0.07169990185238075 0.05074554104114712 0.05747744451655674 0.01921456900076765
 0.09968553235050366 0.05606435227504581 0.09389206009168373 0.035455833895625954 0.01625943805770953 0.028275992298245598 0.02928162265990203 0.06560659556637895 0.02083565295807242 0.04478829312786506 0.004856684596043664 0.04394157324604819 0.04003065217744059 0.04287989465460098 0.09176350703044296 0.05266603905346276 0.07695256274820637 0.05879967700441429 0.03612082198042258 10000.0 0.06217844089204181 0.051256105212340225 0.0359971634797554 0.07528987374076347 0.06712756504053538 0.04040129367346646 0.03376590378739837 0.022386121436333672 0.06857210753170959 0.04062868292866532 0.048680369955061385 0.020571676094802097 0.09787173101000736 0.05666732581645085 0.035196901844034505 0.09549466009733802 0.06672098040991026 0.06411237815444377 0.021307373533531695 0.09324978589677844 0.0742885855094393 0.037262288466721756 0.05507262273274993 0.04447653180781491 0.048742471956950084 0.04002870120517222 0.08100573454774873 0.06720805946365183 0.055805105501423875 0.052597696859342465 0.07620500676481456 0.09822899004429993 0.09218985737338403 0.05192644586577212 0.04470944256071473 0.05935094364189491 0.05332342291047495 0.0400674596257701 0.02409201485648242 0.05773330111179485 0.10510061833989452 0.07258540175571852 0.018599550147328805 0.023706571290409095 0.09513408876263937 0.04720594045379802 0.00384607596859676 0.031189207612184227 0.04643120959923205 0.10773109129050101 0.08545702441295618 0.08772759242340042 0.04620064112765677
 0.08106293084634811 0.07027115709349097 0.06088405811714183 0.04636320814571599 0.05943811587000478 0.03953900675618047 0.053706306505710774 0.04865064170452073 0.04775623755786754 0.018688169531207492 0.0617249837669124 0.04593745378432365 0.07698692350761477 0.02903590808580449 0.05255187741170685 0.08073876403338731 0.018991183424823546 0.0704584602966499 0.05299304242299801 0.06217844089204181 10000.0 0.09006637827443371 0.05018846605921001 0.0800653451292178 0.061909533394338336 0.06972874074999552 0.04547408794404532 0.07322859055570852 0.011805415422404293 0.06614377865203307 0.08046016384513258 0.06955980071084349 0.07283174652476855 0.09231706686705056 0.03377061887863084 0.083075818326642 0.020293881527649736 0.06878097547378684 0.0409770803425208 0.0860049370480331 0.05429375161890912 0.047170745472491865 0.07199264052111051 0.0422221258751906 0.014982485237745096 0.06564269224458587 0.04041247566901107 0.02763550739452791 0.05891411914388172 0.07938979157733238 0.08981551212072225 0.04110904955333644 0.057548459196925486 0.04827250894116241 0.023239097483220342 0.06833675332608787 0.00912085268613528 0.031165978874040667 0.040794604385014435 0.028595281219818705 0.09092582862418261 0.06650839088378217 0.05880954822946827 0.07794887886768344 0.0469556647166853 0.06325763083138368 0.059350063906980506 0.04098667944031254 0.0704746745406886 0.09534999778217118 0.08733934549754245 0.0483688090110406 0.03610987525524726
 0.07778595091162673 0.02993486552343478 0.08582971544164167 0.04371713132920821 0.0384257281175106 0.05250121840185169 0.036930040206242964 0.05978434647726327 0.04679632394089254 0.07977437530514389 0.04679897057145771 0.04597773489841452 0.01346976922968096 0.08502962269166969 0.08961502526603848 0.014325062569539726 0.09597369343857828 0.03255931822722535 0.03715430713717198 0.051256105212340225 0.09006637827443371 10000.0 0.08577238403639549 0.04373207887911298 0.0499785498097749 0.02047063388616519 0.0823046300016286 0.02910404669687039 0.08979634733534479 0.02434570347917122 0.011141909885138449 0.030712426751070682 0.08182945799870703 0.006050145239164856 0.0785799456562203 0.06991677453603933 0.08201484580270223 0.04013423108114876 0.061683674226553825 0.06423133777208491 0.06488538071984055 0.08628715333708549 0.027075981118809208 0.049620444369687364 0.07537726702655896 0.024747726783358282 0.08434319828923365 0.0774624958676968 0.04126184641761535 0.015945122258593257 0.03638927080935846 0.11094646382861195 0.08610048129934968 0.04817571888461803 0.08375986399101015 0.0353254831945314 0.08159035830613916 0.08294567410476812 0.06838054609432741 0.06836228332987987 0.07804233065523497 0.05237599216292905 0.037246486611648616 0.029919598266471822 0.09957878465271261 0.03034419651761962 0.054492581604270306 0.07781695555736243 0.021857798167650683 0.07858951444076515 0.0517904449082574 0.0872216398955816 0.055735770447480945
 0.11604009721930518 0.08271364486139664 0.10263232720517111 0.055294862535848976 0.04752297294293562 0.0425239722289368 0.0547081267329836 0.07934498232318513 0.04240277474798935 0.0328203143145308 0.03964648340826079 0.06205652593275834 0.07328749167115514 0.021193418862844086 0.09693768673309719 0.0841889292766512 0.06901847203338414 0.08473881940356942 0.05981612709404464 0.0359971634797554 0.05018846605921001 0.08577238403639549 10000.0 0.10010214600564518 0.08673855186587635 0.07098724551692626 0.00547393838812916 0.057895648613992115 0.06099641689621441 0.06968396019316064 0.08107596992757364 0.055445305523618364 0.11099406831625218 0.09068440800197829 0.017685623275190077 0.11445861630906405 0.06497257191270428 0.08774594581999391 0.027329872732907476 0.11435519335276252 0.08780900767209711 0.003223977036765198 0.08270476545185636 0.06033083590740259 0.0442170739253006 0.06901933820123786 0.0845371820460277 0.06937700677221445 0.07750987900505668 0.0836771536237527 0.10448779696841808 0.09129036707423363 0.09993289189376699 0.0694570484405654 0.026970199110890537 0.08423251051961388 0.04462912077919183 0.01906652104679607 0.020149725223973382 0.0631235259716499 0.12381200697684755 0.09247422193971966 0.04905038725846579 0.05969316395573971 0.0950328419196413 0.07328996280267475 0.03225086221813191 0.011716094539939317 0.07578512945137954 0.1273775273738243 0.1098641903728181 0.0925324140375204 0.058060393652959105
 0.03451031168658171 0.01938809173642637 0.04829780367876066 0.04481278755379951 0.059047154193872235 0.057664315950904266 0.04685613792438411 0.03289864676412508 0.058599139370497315 0.07915628391761223 0.07054472752045697 0.03880549043210921 0.04240346317224479 0.0896834252810935 0.05538018512462477 0.03031043966764125 0.07683645121113794 0.01650856109115621 0.04071702114293208 0.07528987374076347 0.0800653451292178 0.04373207887911298 0.10010214600564518 10000.0 0.01854280078324398 0.03681003789374356 0.09510713379852279 0.0600338117761906 0.07409363177728334 0.03521217563755339 0.0350667220590816 0.0588356058201904 0.04037738701812688 0.0398838599831435 0.08615540633859495 0.0262333771873687 0.06365488647330751 0.012453681243781054 0.07280123929887924 0.020637168324643473 0.03197806315177499 0.0991728408783117 0.020977279555012777 0.0414753703553303 0.06914711437430965 0.03572988347362024 0.05540818570494972 0.056445999485233794 0.02304042173958165 0.029070323130540376 0.012883667352963054 0.08392233976003349 0.049809082338672796 0.032982327040227445 0.08568018144466763 0.01613002307500931 0.07447985937811033 0.08886550361286259 0.07995604924141454 0.051655971346371274 0.03439275652159029 0.015652454646931085 0.056691188854145834 0.06407852782667031 0.0682538762624097 0.0281214217623827 0.07681052384755166 0.0890708796919359 0.030301281298831355 0.035353761766963275 0.01016723804118127 0.05464822179950318 0.0461318776592999
 0.03279340764281133 0.02004403676446413 0.03586160617844734 0.032679469491632404 0.0516674825973676 0.04454921874157536 0.03789958864404421 0.014415953819936843 0.04779053058935172 0.06263169862961011 0.06277307907750476 0.024865254980941963 0.0434349953591701 0.07399395043984139 0.04050762190912666 0.03571947303747393 0.058336972917024645 0.01754586260569527 0.031024132366655452 0.06712756504053538 0.061909533394338336 0.0499785498097749 0.08673855186587635 0.01854280078324398 10000.0 0.03534785756081382 0.08147917745259965 0.056884872488218934 0.05557848386756057 0.03205108221433049 0.03917916612216251 0.05466243337630851 0.03329063953260104 0.048132086703978734 0.07140004286913904 0.02852208719912025 0.0451140270681811 0.010638659307608992 0.0600311494848869 0.02761706746299482 0.015561478524352251 0.0853976413620409 0.02290281799110756 0.026425736235008053 0.051856121013380954 0.03227602497018311 0.03813694643460436 0.037919356118283024 0.011648954567713218 0.03406354805053917 0.030140658215399043 0.06661403604090332 0.03629804461106749 0.017293545958480296 0.06948049073115664 0.014686561482932172 0.05684419072095907 0.07353480235836196 0.06678079137415417 0.03335260749404011 0.03813365355794307 0.005747490837004644 0.04927876599375753 0.06181233431760342 0.05213442652738492 0.02316503290477574 0.06780298977657748 0.0752538464077341 0.029985827910748775 0.041149106043342064 0.02553467810733042 0.03883336530531894 0.029752101735514753
 0.06696983085864382 0.017727087750772856 0.06996854998117237 0.023375999593313244 0.02454494379988402 0.03331112331878327 0.017683830911365158 0.04198729401437087 0.0292232690405402 0.06040111559382184 0.03554469181134155 0.025692713576222156 0.008805528427022846 0.06695252784238331 0.07223845640424506 0.013245666536020984 0.0756182025514006 0.020848205469931633 0.01673979168118007 0.04040129367346646 0.06972874074999552 0.02047063388616519 0.07098724551692626 0.03681003789374356 0.03534785756081382 10000.0 0.06681258147935716 0.023228429311680364 0.06933848391435324 0.004095542443650654 0.011082014504827958 0.02214142298499565 0.06862615032381808 0.02273557006864941 0.0611582890616226 0.06064213227561159 0.06173004326028799 0.02796293573827328 0.04479981971066374 0.05666449992539695 0.048480804840995866 0.07093195633687806 0.015833242625960583 0.029264447231106456 0.05516590413566831 0.004360878004242481 0.06560882816998516 0.057517964455920195 0.024472170106343966 0.01269614392578858 0.03588442646448322 0.09128918438952471 0.0696623354102557 0.02892911165764212 0.06498905265001395 0.02254946601629013 0.061384954638379646 0.06516049995222266 0.051959726551895985 0.04816679081576322 0.06983899318185606 0.039379043907358906 0.022510868653332 0.02746464013254947 0.08102137465069087 0.012386984162372387 0.04268015661471749 0.06160750817803055 0.00651251530060056 0.07155777640823464 0.046750633932138755 0.06937913155971294 0.035319276838737784
 0.1106110620603733 0.07796622138189824 0.09717269443841006 0.050299756892790475 0.04389455140018995 0.03745455455181477 0.050177603284755484 0.07391524431750456 0.037900514758489025 0.027708110086442958 0.03695471854279085 0.05687370852545998 0.06956812444705755 0.016779499598220057 0.09153673616002939 0.080050529525823 0.06416674652938614 0.07991198053131321 0.05503676326247674 0.03376590378739837 0.04547408794404532 0.0823046300016286 0.00547393838812916 0.09510713379852279 0.08147917745259965 0.06681258147935716 10000.0 0.05502754301347069 0.056039840834321404 0.06531611343049881 0.07711636166733933 0.05235755808129702 0.10552453322237566 0.08704088545028586 0.012362231271746824 0.1091045324077564 0.05970016656541163 0.08271700008341556 0.022525204998808643 0.10909009039142813 0.08236078633902778 0.0041399373057197045 0.07805749261312217 0.05505661836422542 0.03888268826071678 0.06465095376864682 0.07915395679409153 0.06398474625299619 0.07240994096371635 0.07946979119750668 0.09979921089939635 0.08650807638016844 0.09448408432171282 0.06418821548753885 0.02225257038278638 0.0793180319011819 0.03953537343420643 0.014340254071893606 0.015238352409722648 0.05765638507494445 0.11843663672487667 0.08720760625896729 0.045255336818880214 0.057242082725413805 0.08982270604379275 0.06856227141233782 0.029931183023162496 0.006280704684091986 0.07139426650133246 0.12202985830597148 0.10480680965655587 0.08713269544118128 0.0526639257357328
