NAME :TPP_input_29_4_2
NUM_VERTICES
113
NUM_CLUSTERS
29
Full Matrix
 10000.0 0.02128625650060427 0.05770726124520158 0.011861684304015118 0.01717637587964988 0.037868975284814074 0.03300915942136478 0.009292927229968731 0.01392542631402972 0.05728276291718959 0.06456774634619306 0.048404740382824024 0.015877415019075976 0.03464652165253309 0.02439334290805711 0.037728538248716054 0.05471959200973093 0.03273793111426831 0.02988286379468934 0.057072747923973176 0.03368246932014022 0.0306614306117505 0.042082205394870856 0.06746912846098481 0.017981680966967967 0.018736329079318607 0.04565251043174711 0.034908798678587497 0.04232033997160336 0.03169590792147599 0.01882193727696295 0.04759592066823853 0.021354319498554937 0.02018716803308958 0.055299203678449024 0.005734983568622174 0.038235095477461165 0.01822172856143095 0.03635559615048125 0.04723230263477273 0.05266574108822674 0.014437164719742103 0.07425396293397225 0.06624490450382396 0.05097176203369732 0.07093539666140243 0.06930439093497831 0.07470174792773905 0.0077173170184521266 0.03442808273259924 0.03004329367080696 0.06188120582488054 0.05290248645986649 0.025254378708998146 0.07588395583653437 0.053439763610049054 0.024011270264850927 0.040573852673298876 0.00501490308598141 0.05029936390257781 0.060281937250414246 0.047707656980505095 0.05724093729797445 0.039449577230005965 0.0734516604439577 0.040527842679633046 0.04086649311150668 0.04809446873449946 0.06968236709963406 0.04488818523748493 0.07291809214529603 0.06877749458695286 0.0342066828110736 0.038767495363039715 0.022491581798857296 0.05639821999881561 0.013985373538228891 0.032958054132361705 0.06299203706572988 0.048659488881662195 0.08070350253753682 0.04844572722013238 0.012010553240805568 0.04858559782018853 0.07976635266599097 0.03421320832928434 0.0281638692759194 0.07779571276503867 0.02212115604297124 0.02842737334062996 0.04062292960905768 0.038168529298667785 0.06998788215677082 0.04418345878163812 0.026882154875077682 0.03754852109441715 0.04774345870143103 0.06074430796646044 0.042379425074597146 0.04445437902798657 0.03685334845899795 0.04665218874394432 0.02815634230386723 0.03682182299792002 0.051142017740471286 0.010528028474774964 0.06674910605753737 0.020953887021292417 0.037230261695289375 0.019086327619939267 0.02939752116060109 0.04476188510327608 0.04110601676332656
 0.02128625650060427 10000.0 0.07552643341896936 0.015459660841414563 0.03360935259945902 0.02430272627637397 0.024174366800595 0.012831092833008583 0.03144820526056895 0.062220779952963386 0.07995839676216286 0.0643334728260279 0.008398286977357368 0.04974105556108196 0.0197505202660142 0.051857116417796355 0.0684482999713123 0.019462488572341112 0.032465076593651596 0.07459460831046198 0.04899000422171368 0.04639865106538198 0.052948872456189296 0.08138951046616802 0.035134132065950625 0.006391739510346891 0.05007161217161035 0.05498643420526049 0.033893202895881 0.05270387004899548 0.03848110641098755 0.058995071567539165 0.04135800323382539 0.02160986554336059 0.07635765994761123 0.018530348021560977 0.05620353613865692 0.016240921753412175 0.019737318709315242 0.06751658324810712 0.06299065055435651 0.02704585725912777 0.09358775296309287 0.08677987191491622 0.059075612563785206 0.09118346777945423 0.08586618976848895 0.09289902412194628 0.019133510533287865 0.05531412780410042 0.01407240832728733 0.08005534077808432 0.07289341823771918 0.035456972297305316 0.09697298360094866 0.07248921050419634 0.04329956135706424 0.02958192154003591 0.024867056787287692 0.062387689263024064 0.07075082727126304 0.0679784277497506 0.07767711802779187 0.06071446095077717 0.09448876876361426 0.060784193614905495 0.04883110183614359 0.054234989102434 0.08947275873539358 0.04444272295074665 0.09420327987884869 0.08990518118558287 0.05486800614478194 0.05713754584446797 0.03813381132149567 0.06631213325088728 0.03450181128638831 0.05306485218191274 0.08237098495683828 0.05560121181004969 0.09373361056198626 0.06927308061076325 0.02426116752525249 0.0693396382015805 0.09220435046765592 0.043355543630812746 0.012020110177897303 0.09494618049190995 0.033912764844530006 0.03590293120119898 0.04166245147639786 0.058128660479081384 0.083788512618471 0.0654048141674514 0.04729411993092085 0.058738663365073294 0.03357357125526613 0.07630852224382846 0.05996381777502014 0.06003016398970814 0.04345200982990929 0.04465373972605354 0.04509379958129535 0.057095028526702486 0.055921270645036276 0.020851096136829374 0.08248329162077436 0.020304179780944343 0.05513517326759295 0.005189395869113433 0.04972935493994904 0.05609119435587912 0.06120177429565847
 0.05770726124520158 0.07552643341896936 10000.0 0.060130655718574774 0.04197906794551871 0.0955609256197878 0.09048856510589928 0.06322292255717543 0.06014583646818491 0.04697140409393716 0.08542092913828578 0.07395078043706473 0.0729428535523993 0.026825765239090128 0.08171774974396495 0.02626028604941452 0.08387738808954277 0.09039732441782916 0.08327555240326996 0.001822780180764747 0.027306098341079544 0.06673811763752786 0.08208083177595558 0.09197560082437485 0.04057095704334712 0.07005650700737517 0.0936063198451519 0.05221887680090261 0.0993002187663013 0.044835014138984025 0.054687358227600534 0.08457709236928894 0.053035944129859056 0.05728035076019025 0.046404290803033765 0.06324744306177069 0.06268863376546549 0.06161689080681934 0.09356818847721425 0.018910381127673147 0.09005021989415032 0.0485629446064951 0.07369535955997161 0.05876409808989407 0.03750775955547613 0.06440038810673399 0.08437631181268139 0.08067469878482067 0.05659929171544254 0.045911625321452 0.08721084525255719 0.07266167060398666 0.05736253814524736 0.07355558519617027 0.056209305373976816 0.06366759256726692 0.05555715308932529 0.0981369389300647 0.057710293530718895 0.025623102518161796 0.09521674211534206 0.01863373333306042 0.05534616137979269 0.03859341853085946 0.05577307612555419 0.02208844713920583 0.08575006948543225 0.09337645720463825 0.06751831974917334 0.09751998904975093 0.0461167528057099 0.034998238657077636 0.04803938502413617 0.06130520232659755 0.0645846623596571 0.09348545635073238 0.04426971530472042 0.05190841110398398 0.06653749701091861 0.04066143032385438 0.10445234682330425 0.04796276550059161 0.06600690145350714 0.04889013307292861 0.1053598665869548 0.03917578779360008 0.0851946095481301 0.08783600280402722 0.04274337194109473 0.045107020760847896 0.09281904256279784 0.053354758210574796 0.09413432635273741 0.04018281013969473 0.05028641689079194 0.032476240884671 0.10544859434916933 0.08234726166615466 0.015569140866569589 0.07297293940511934 0.08469784083725432 0.10016864779453115 0.030434878191521006 0.05112106797550751 0.04629661895253494 0.06663405963614556 0.08571616509749211 0.07782868104378483 0.06260573027314091 0.07107779546389782 0.050558633826410834 0.08291175774375455 0.05300039223575312
 0.011861684304015118 0.015459660841414563 0.060130655718574774 10000.0 0.0183766034038704 0.03804038089101856 0.03553404245906274 0.005487390406739476 0.025700796254756356 0.050101790665311355 0.07639828428818508 0.06024347523097182 0.015379555237547684 0.03429903175513161 0.02822495569878044 0.036509259105650525 0.06634835148791404 0.03283637118830742 0.03755387707344189 0.05917031551354404 0.033537267956893324 0.04241650072822477 0.05301621152736913 0.07916725400087472 0.020002555007818862 0.0100537406581796 0.05462270952614985 0.046189249048101254 0.045497947211744355 0.042109768824841416 0.030509331213699097 0.058727257219901866 0.03287372570384464 0.009548258330478305 0.06532078186445568 0.014011700143664294 0.05005961451567553 0.006389983942208801 0.03455128977678435 0.05307485342973088 0.06358934765509454 0.011592404351665095 0.08564673220909456 0.0769338050388383 0.04547409684128215 0.08184631089315185 0.0811638256333998 0.08640456876196367 0.0051260739045853754 0.044994102069584235 0.028384155309361402 0.07361515445442787 0.06407843890244366 0.0355638344266267 0.08570632351735957 0.06500617431248067 0.035723087959095234 0.042317844704106565 0.016869558233491823 0.0475170316329648 0.07130554448425752 0.053521521454033376 0.06807314911539743 0.04889290594169804 0.08340379510699099 0.046393857212445364 0.05094232031295516 0.057717402647509734 0.08088497149723538 0.05191134496675284 0.0817746958176975 0.07644973207117627 0.045050612873813345 0.05054456304470473 0.03413823283334682 0.06725336033656679 0.02122206659160522 0.04424537934701944 0.07440677959307658 0.042426716841301136 0.09231369332686581 0.058923994759715694 0.02200560565051251 0.05915772126086998 0.0912815124495815 0.029033332622659308 0.026268097880996457 0.08962386006187974 0.01863049856351136 0.021907582357333318 0.048136271585492246 0.0494783047582241 0.0816773501128573 0.053822034361831146 0.03806403767912512 0.04579078568224321 0.04781135700911972 0.07258032515020522 0.0445843463521037 0.05625978437648699 0.04637150719082072 0.053050989882674475 0.029723898227571037 0.0479578431042628 0.04377352543090289 0.01926516143387823 0.0785986550592156 0.026268656834496307 0.04906281813578384 0.010994763808457937 0.04059371988409303 0.05584542412515867 0.05231125639284226
 0.01717637587964988 0.03360935259945902 0.04197906794551871 0.0183766034038704 10000.0 0.05417088565050153 0.04995617647121727 0.02126078594054835 0.026045850460120427 0.042923945588756465 0.0718718595585666 0.056116501334787086 0.03121527221438055 0.01749911093953907 0.04147448336686469 0.020557463299081615 0.0642402734390215 0.04894091826416362 0.046512233874368154 0.04111877854874016 0.016556216541752287 0.040573542033664915 0.05467189467142598 0.07615061340017151 0.0018136915902036623 0.02842467125005437 0.06107111643819023 0.0370104245134655 0.059429761789024024 0.03060939615510826 0.025783279725563147 0.05943269715530924 0.026631469197136298 0.01850153730354226 0.051521990494376516 0.022899257384299494 0.04422958920135528 0.02123852983903402 0.05172145769441374 0.03515521656931404 0.06491208313187774 0.007323852686051161 0.07519422781084802 0.06431311929783796 0.03529073704295695 0.06973065700549637 0.07498029979114271 0.07775750245693261 0.014623796648441927 0.033595158239050266 0.04537929862925433 0.0655728422891112 0.053385227311161264 0.03992567739927373 0.07107083499028392 0.056066102148821295 0.03019273176455311 0.05740635440099011 0.019289712465699053 0.03328122623741745 0.07205502881449788 0.03558266660374982 0.056106120703208764 0.03478072897958561 0.0690373197092314 0.02860739121705522 0.05512936826911142 0.06275929426763541 0.06976172452390024 0.06155109108823824 0.0658011272398439 0.059364351411490435 0.034438840916720816 0.04403843542010291 0.03400928849499599 0.06871376630678751 0.00961618587348741 0.03528230782396822 0.06434135414233022 0.03368899054367479 0.08971223172951671 0.046379980802790585 0.02819437920815967 0.04683813938334088 0.0893164845820664 0.019252920128827018 0.043330845083085885 0.08233354490423049 0.008037180994545838 0.01607806257916332 0.05712581456666277 0.040145722210780464 0.07867598867179629 0.03977340490265693 0.029435247384075894 0.03010271594067386 0.06409717517960285 0.06805273477448383 0.026411275612706297 0.05290206827967084 0.05195845362729368 0.0635168066869071 0.011584021603060513 0.0380624139343886 0.03724963032371627 0.02749013589138022 0.07355716722001793 0.03812851419700988 0.04345112320590533 0.029368390620153124 0.03167700717898688 0.05684569829989733 0.04235060851629982
 0.037868975284814074 0.02430272627637397 0.0955609256197878 0.03804038089101856 0.05417088565050153 10000.0 0.008111646486201822 0.03343625303516753 0.04006495070355715 0.08652069059982218 0.07690666539696896 0.0636017754821639 0.023069309707697414 0.07144570298997627 0.015432057729424575 0.07406112883096913 0.06413005800902091 0.005246636697109393 0.024493178707723943 0.09489158571116778 0.07057101778541439 0.048358562087300445 0.04734720284179895 0.07611838530643589 0.05532836999236833 0.030624747325629982 0.03768842808141385 0.06271975685551488 0.012058337158577645 0.06348966154128151 0.0478817459865735 0.05295599383749219 0.05082050582620935 0.045674542593145954 0.08592912813256719 0.032455629036148695 0.05971016379720989 0.04034238375331521 0.006627832617667187 0.08435814920262195 0.05505005411522242 0.0488692950335272 0.09682203958008875 0.09365853219816342 0.08310773507429009 0.09694460332660236 0.08421721107817016 0.09374682716364251 0.0399351209516664 0.06537647943803228 0.010266093673570061 0.08161773579448243 0.07889152673420562 0.03444814899193601 0.10599703465282465 0.07633613346000291 0.05110724355812727 0.006347547791737464 0.03859217209864512 0.08552629292120062 0.06203730186595454 0.08484093540490634 0.08466526919350653 0.07273781070077881 0.103265237235778 0.07777853727595599 0.040734448713326335 0.04290581578401868 0.09402445440466774 0.02813516416843655 0.10561657258406432 0.10365319305676844 0.06419315024065622 0.06120496998440258 0.0422129118646702 0.057446897287768514 0.05163286907480774 0.06108121106271424 0.08628508630444315 0.07975333489996783 0.08642619082675673 0.0781180980746206 0.03201918079902811 0.0778964075380648 0.08421336159719034 0.06698527994718535 0.012282963267387571 0.09376220510097219 0.056495265295487276 0.05967607005890633 0.027777351771157675 0.06525513720377982 0.07817099737044315 0.07665830915501722 0.0567542965033877 0.07290729764716186 0.009926379167391827 0.07381631342433635 0.08016411627116025 0.05933933120129919 0.03528733571845858 0.026675682093284452 0.06564376647281843 0.06510127382375398 0.08021616408476374 0.030104582966006543 0.07975970792003638 0.01978419655818723 0.05868581958077574 0.029434268279384876 0.05868475422850208 0.05045567706188899 0.06836926281654934
 0.03300915942136478 0.024174366800595 0.09048856510589928 0.03553404245906274 0.04995617647121727 0.008111646486201822 10000.0 0.030383543303147797 0.03310406099449608 0.08530786310515434 0.06890191718777558 0.0554924256108941 0.02016775968992974 0.06743846784625998 0.008805746477173927 0.07031226479347369 0.056164762651258346 0.007061405560428216 0.016410152525835626 0.08993738768633176 0.06650891653796777 0.040360473379973706 0.039378376255245554 0.0682850891378298 0.050921571925828184 0.029935205146006092 0.030623349668726475 0.05511170781536736 0.009990276379949484 0.05632299513819162 0.040785692711171564 0.04506824762506773 0.043659623967258566 0.044128966508400466 0.07837507990568128 0.027329645589736447 0.05172894654061975 0.039010382671261994 0.012784260369665379 0.07828255091638615 0.047400218508637855 0.04543781047400432 0.08873564796421264 0.08578128424389954 0.08100671224780277 0.08897522199014368 0.07615770839789637 0.08563671769141241 0.03643722117313548 0.05806570646742956 0.01229714662866944 0.07351027473431909 0.0709945374908513 0.02642884952797263 0.0982919539312995 0.0683072128929532 0.04367871088209628 0.007687031725429287 0.03286669694875723 0.08234101367153335 0.05456245549714986 0.07876659010889851 0.07682950225492735 0.06567560702910645 0.09554128619871011 0.0718192774983192 0.032940443050141176 0.035696033314103384 0.0859918694098071 0.0221167825325161 0.09822991438928515 0.09668857201459277 0.0567843883709969 0.053252527165822156 0.034491119550694144 0.04995732930797326 0.046242003245795985 0.053527865285919525 0.07823687986683388 0.07792960834876558 0.07887809142011426 0.07051859702421519 0.02539164002995537 0.07026277915527064 0.07675658062258903 0.06447666629181605 0.01346498349244049 0.08569764534274049 0.053295292996017284 0.057440592481298514 0.020842132457636817 0.057550769201966556 0.07038124278039107 0.06942206103100981 0.049473354791435345 0.06628114231776112 0.016044186613112355 0.06577384689177893 0.07530983489879134 0.05122788879829037 0.02741528704743982 0.021440473576486384 0.0611569564373753 0.057502709229114046 0.0789660914715776 0.024021828076115366 0.07174318427490597 0.012971832383719937 0.05071371526758695 0.028834352900397982 0.051294939884789024 0.04251347043365295 0.06064369255757102
 0.009292927229968731 0.012831092833008583 0.06322292255717543 0.005487390406739476 0.02126078594054835 0.03343625303516753 0.030383543303147797 10000.0 0.022121594356925962 0.05553592204151473 0.07267459818776749 0.05659587855896217 0.010412910213058476 0.03814443851579163 0.02283476299876022 0.040649563686132956 0.062195210044627816 0.028193368011057877 0.03211662097497455 0.06237882058886313 0.03730742797661761 0.0385869319595441 0.048309242142534875 0.07509674951879813 0.022659108209958305 0.009452333595079231 0.0492900778317386 0.044162934850662895 0.040300324623979825 0.04094008572129268 0.027925324586537317 0.054121608641299 0.030558005428996986 0.014978297096451444 0.0644986034323164 0.009377532325770882 0.0470044297110691 0.011068203945231333 0.030521112134856768 0.05468936220193213 0.05883988167363255 0.015440996833400606 0.08343801305701465 0.07553624327851582 0.05068611689915382 0.08022429445904186 0.07779525993099548 0.08364949172111218 0.006649710576742569 0.043698285723486274 0.024209034525850208 0.0707984177377571 0.06216440531120124 0.030680649939497255 0.08505524829319534 0.06254322135538529 0.033057580785953014 0.0373688720956311 0.013855092006991554 0.052168796776698535 0.06659556732594955 0.05515198467514687 0.06653372278075621 0.048469094544403714 0.08264965030641566 0.04795610111059627 0.04587778147148192 0.05250595948350844 0.07893080722223872 0.04642561846526202 0.08180626609537867 0.0771947347884648 0.04349859220381621 0.047655436727484846 0.030191596042685506 0.062456908466055776 0.02171354720466133 0.04221304964056891 0.07217337448811165 0.04774062103850819 0.0880863048649532 0.0577159496772812 0.01727435459285112 0.057865756112085664 0.08693732765959816 0.03409583053382147 0.022133142068430228 0.08647783583321851 0.023092678769579246 0.02714718120788537 0.04266848149213827 0.047411216176104706 0.07758736616701119 0.05327273066934885 0.036163231358484094 0.04611136987513162 0.04331193245575379 0.06888928443802304 0.047661257758127906 0.052493641422652816 0.041172645018954616 0.04756821119463569 0.03284305556481887 0.046100201691739555 0.049214625081357745 0.014272989997744382 0.07497589239356832 0.020783663016696655 0.04597395881598233 0.009869650682310618 0.038674028491050234 0.051218370115137836 0.05037005932755654
 0.01392542631402972 0.03144820526056895 0.06014583646818491 0.025700796254756356 0.026045850460120427 0.04006495070355715 0.03310406099449608 0.022121594356925962 10000.0 0.06873629878197815 0.05070691592235296 0.03456697351375208 0.023689988148782207 0.04170789791287779 0.024656834027903925 0.04528903730943763 0.04082202782334852 0.035698189463998914 0.023139803521198016 0.059923840044657395 0.040660766362390514 0.01673650301974794 0.02898652043280145 0.05354595128008002 0.025927885732717138 0.030931422730454277 0.0353685753036735 0.02392546656265656 0.04042087818777624 0.023467254712047546 0.007873879014163587 0.03418198766097386 0.010868171616769383 0.03403294799695318 0.046486947078867434 0.013218500491993355 0.02500702273152354 0.03208825578979808 0.04085939379768112 0.04589485118416148 0.03946044896977692 0.026500442544422 0.062142516782203894 0.05579933984794802 0.061336540961969416 0.059950301570819674 0.05567646345345563 0.06175139608786481 0.02158510172446718 0.025524218820843412 0.03525323446701285 0.048884700546688156 0.041594863118814135 0.014188422365396384 0.06695250706793146 0.04105429700560646 0.012011089845063121 0.04063192288103364 0.008950416531655164 0.0584549056955006 0.04691058534263075 0.046376107138176186 0.046657915639574554 0.03267296052829469 0.0643254371070729 0.03973930113658765 0.02908952245692793 0.036752006905874136 0.05806243081760807 0.03752594797917867 0.06573207081270177 0.06362416760645528 0.024573348140575074 0.025799135732533954 0.008658526163866679 0.04324457680324508 0.017809165931021758 0.022073104480333415 0.05092278955654085 0.059641150675379534 0.06680504368480611 0.03891908661783973 0.008262537923953973 0.03884211549083296 0.0659174961892695 0.04510075615357374 0.03391478617667335 0.06437462062396193 0.033102798873508435 0.04047351616257492 0.032859896388131915 0.026930202027346622 0.05606601339744946 0.03666152652630777 0.01693886678886995 0.03326025353330721 0.04912186278225744 0.046895691752413995 0.04608155936988556 0.03055909254506292 0.026185520800006107 0.040057986152350795 0.03424040114090304 0.02617400147777613 0.06285219291813407 0.01114222391903147 0.05294002201760666 0.020303607476970943 0.023958364111020397 0.030936308463381967 0.019114023325968104 0.031432496475561775 0.03005707240833292
 0.05728276291718959 0.062220779952963386 0.04697140409393716 0.050101790665311355 0.042923945588756465 0.08652069059982218 0.08530786310515434 0.05553592204151473 0.06873629878197815 10000.0 0.11327121884916454 0.09808934639872605 0.06522480626652774 0.032629538624112005 0.07832219159023333 0.029315355116441046 0.10672749240900774 0.08159184981847946 0.08686355713588645 0.04515188245890981 0.03343996693789151 0.08341939904387934 0.09756703009825775 0.11816591044150555 0.0434423252704526 0.055907003390667065 0.10291420393281933 0.077167202055744 0.0952960252614683 0.069564524948616 0.06856037734797323 0.10235313497878426 0.06906193240613615 0.041178949494326676 0.08410025029649569 0.06219488145353594 0.0858860671441747 0.04635532558539877 0.08165325114619262 0.05721494731087937 0.10783585341817367 0.04287785592668415 0.11115979495969261 0.09770032442809497 0.010154702882555572 0.10354184035243691 0.11526788424293749 0.11576669973513354 0.05072475133305015 0.07220840833168989 0.07628857381536498 0.10472548806288023 0.09057642120089164 0.08214558830810498 0.09944598985261122 0.09492384563115303 0.07262811033375385 0.09157881583039967 0.060976112202739394 0.021555683868917173 0.11495540831841554 0.05732870537422884 0.09133072563833176 0.06953308448268804 0.09830698479878601 0.05423366750093301 0.09763889502181315 0.10511410301175117 0.10512434446857633 0.10164433536681552 0.09068663712105221 0.08048355617011428 0.07369889844728077 0.08537164440741589 0.07690398687675332 0.11163757474756679 0.05225902963344838 0.07575799806151606 0.1014618048604985 0.009484407614004096 0.131716294084268 0.08181481852108959 0.06928573131618906 0.08254979764028458 0.13156511278945623 0.023677610843542307 0.0742400971413922 0.12149597796694071 0.0356540477601974 0.028886540634827918 0.09760933683089269 0.0798890650588507 0.12065983510431459 0.07368949681373427 0.07068445839029655 0.06278093993271516 0.09567113495244245 0.10954207290189308 0.04058783819889266 0.09522373850027502 0.09401209390871922 0.10300245995383543 0.039077823045985956 0.07754040296832064 0.006342236263319955 0.06756352218463303 0.11462951739639242 0.07624524758126497 0.0852398102089088 0.05709212065261798 0.07253492671157442 0.09976912038350041 0.0813378565657854
 0.06456774634619306 0.07995839676216286 0.08542092913828578 0.07639828428818508 0.0718718595585666 0.07690666539696896 0.06890191718777558 0.07267459818776749 0.05070691592235296 0.11327121884916454 10000.0 0.016171617554807463 0.07156865784269356 0.08129074199504199 0.06470486208461874 0.08495819214873927 0.01288849991216946 0.07510807282666235 0.05254312542443945 0.0862876689101523 0.08035221482175291 0.034088407863667736 0.029578167178127373 0.00728987189088549 0.07085299973266661 0.08092654950285363 0.04247619420408482 0.03623574035917992 0.06915807142748742 0.04408765455941151 0.04690101330442845 0.024287259492996715 0.04541927305628455 0.08436838741072045 0.04192354545267209 0.06341117280786232 0.027643297925600614 0.08277983819629807 0.08122217946401047 0.06651390099851419 0.024201189184732356 0.07521406546980808 0.028044084917200972 0.03647923592638033 0.10411176949872869 0.034962567364620514 0.008190673337853404 0.02037363900240033 0.07209085703116698 0.04177974874886875 0.07792947743134318 0.01531904035168564 0.028897925617327614 0.04492010603767889 0.05037365119541192 0.02206765114383491 0.0419508529607789 0.07335892211271021 0.05955351316576301 0.09705385989119276 0.021185690629780513 0.06678744175341268 0.03318934620803773 0.047235525109472876 0.04784892963807011 0.06472093392253388 0.036585049888338786 0.037517206018881415 0.029765557355587082 0.053521376558192106 0.05776544315352715 0.06463770991910872 0.04000360348822572 0.027952631128600174 0.04249664522615269 0.02402445795974771 0.062282363997859545 0.03754024836725706 0.024064199542723815 0.1037871772954225 0.019110945238402705 0.03779976739475169 0.05607554004393359 0.0368629731111136 0.01996749946820822 0.09036074206431516 0.07758176427703795 0.017396929429578184 0.07989541271964716 0.08791637112580297 0.05116359231294155 0.03381448878994788 0.008928117822527285 0.045244370600574915 0.04269308624663987 0.05400602464743184 0.08181976449959477 0.0038479548212816566 0.07822114602162221 0.020180991855823734 0.04173812934819809 0.05677117948825341 0.07428694058056906 0.03622452707921023 0.10825224503767117 0.05947073499883562 0.0029285048603007804 0.06165872180547296 0.028429584581557907 0.0807142734222145 0.04074551095906581 0.026535383791687128 0.033114711940781506
 0.048404740382824024 0.0643334728260279 0.07395078043706473 0.06024347523097182 0.056116501334787086 0.0636017754821639 0.0554924256108941 0.05659587855896217 0.03456697351375208 0.09808934639872605 0.016171617554807463 10000.0 0.05598422142213596 0.06664563458072467 0.050271181641795004 0.07037378979980172 0.009945390883465154 0.06119452474601867 0.039151658007616684 0.07458291603661371 0.06566709781510519 0.01806800348612091 0.01819085978552912 0.020087499662201812 0.05519083708540185 0.06499586034598581 0.0334582293297061 0.022215311040526046 0.057352786823112074 0.030142888076538303 0.030828671194266685 0.015510755079726593 0.02951547456496773 0.06820302974964948 0.03561516973454176 0.0473853923043899 0.01227703589154289 0.06662150373606154 0.06727833839606184 0.05524444556109959 0.019192638515098188 0.05917089122200351 0.03409427645291408 0.035799833457737226 0.08920308750977825 0.03690583416077866 0.021546429849958307 0.030146348651852287 0.05591933574968113 0.028366897621951957 0.06342584739588676 0.018411864394390774 0.022872778585934162 0.030034076166987108 0.05016089666864028 0.01679825094922647 0.025989750403101246 0.060836546629244884 0.04338994687358621 0.08288940545947539 0.021956445282214212 0.05558906267260076 0.028930795614320905 0.03540848704468393 0.047347083375932304 0.05228647135232835 0.02566631773231666 0.029620291559279335 0.03271755100309159 0.04362607587940495 0.05477153759650614 0.05899873893209039 0.026338432872165227 0.013122603847694708 0.02648496068250428 0.02158086461814403 0.04650114444269778 0.023092632417548175 0.024980403499226943 0.08861530661880965 0.03365419220754332 0.029166782859373668 0.04022836581934235 0.028324661388645058 0.033506877706298156 0.07488428959968034 0.06287302210066469 0.030798978735005037 0.06410409250831664 0.07209083559562507 0.040282393413172746 0.02061927295453142 0.02259658920892789 0.03482539298294208 0.02745148182014508 0.041575417696965704 0.06964547102256048 0.012340320682595426 0.06492629003292347 0.004369346623931614 0.029734553987491714 0.04706575336639104 0.059394909605122705 0.022919578824159362 0.09287746417498317 0.04364496579684418 0.018380708722779845 0.04686102484679721 0.012856407938159023 0.06483131943151495 0.025813982259069876 0.01613986705206302 0.0211247793694606
 0.015877415019075976 0.008398286977357368 0.0729428535523993 0.015379555237547684 0.03121527221438055 0.023069309707697414 0.02016775968992974 0.010412910213058476 0.023689988148782207 0.06522480626652774 0.07156865784269356 0.05598422142213596 10000.0 0.04839215258881363 0.013418751319256222 0.05099257688999613 0.060056119707377224 0.017822673745885004 0.024954059295941734 0.07218649573202725 0.047527270888082236 0.038101862503242545 0.04465216446278873 0.07300110666940474 0.03245936094919779 0.01131353568533691 0.04261929883817886 0.047528332478478146 0.030146648252557952 0.045926539144721064 0.031089199710273668 0.05068727750832157 0.03404652021687842 0.02408330971081011 0.06950477474800884 0.011586049706469268 0.048120919615016654 0.019141857743111973 0.02065104985147234 0.06310756331155287 0.05478724597466218 0.025811471621228564 0.08567688780562352 0.07940966734611116 0.06085150432976152 0.08363430532403213 0.07752534310864455 0.08473422268838814 0.01686611793332452 0.048382217003545544 0.01429514838856829 0.07191327992761154 0.06528386755898209 0.027087413674421128 0.09010497313631526 0.06456038685067128 0.0356792873607223 0.026984625902644194 0.018276454385653628 0.06258128153107935 0.06256487640188027 0.06358245375888907 0.07027561111268103 0.0543949102824124 0.08755225739886217 0.0563987897755391 0.040788478324433754 0.04652234620132439 0.0817251440860203 0.03805207529320301 0.08794334887046708 0.08436686920507343 0.04775065171429138 0.049126803006515854 0.02990734549959388 0.05816585520986799 0.029840886662432755 0.04563862268810976 0.0745023888582458 0.057762520625702245 0.08539153929888908 0.062195000859457165 0.01609347552423588 0.062197793631461176 0.08389803754497283 0.044384409067735074 0.012339625853063526 0.08664333904011967 0.03350536988765652 0.0372855148655216 0.03480172255575362 0.05059127839197459 0.07540479468323154 0.058905493687698 0.04009597032207002 0.05312536896073029 0.032973519626460536 0.06792626051474357 0.05744004907520684 0.05167020528424639 0.035522567469926054 0.038735641262122526 0.042759506789526364 0.04971659201646258 0.05888317354940514 0.012740053621337908 0.07410236859065131 0.012729993375598972 0.04704823978194771 0.010539218707995892 0.04245492498996882 0.04777706623367728 0.053703675377749796
 0.03464652165253309 0.04974105556108196 0.026825765239090128 0.03429903175513161 0.01749911093953907 0.07144570298997627 0.06743846784625998 0.03814443851579163 0.04170789791287779 0.032629538624112005 0.08129074199504199 0.06664563458072467 0.04839215258881363 10000.0 0.058973587474797 0.0037603470195154407 0.07577988258665333 0.06620176659787305 0.06350189726952937 0.025587182886231498 0.0010512014556583787 0.05374259218261404 0.06884100269811509 0.08657305310823053 0.016713842499723377 0.04392630079507632 0.0770712757188835 0.04505526967080682 0.07692851654205007 0.03726348783785558 0.03914170942360887 0.07290405284059995 0.038874303772008574 0.030515191343054766 0.051996412878777466 0.040378698112306384 0.054368807502769644 0.03503878452802815 0.06863138728358781 0.027376722320973233 0.07851664554463025 0.02279538908426425 0.0786816555094095 0.06559033271780486 0.022957020810685444 0.07139363829040359 0.08286225589422029 0.0831386052740189 0.03154373380242535 0.03978620122540661 0.062344286555694135 0.07216007380014162 0.05794851994338001 0.055893738378808726 0.06883634682073707 0.06235769261058604 0.04229723447905917 0.07485552712018043 0.036283526512428804 0.016881499344641084 0.08510675816310342 0.027640263221050062 0.05884994117462055 0.03693598901020844 0.06736403288429603 0.022769788307622697 0.07042777494380581 0.0781901381486498 0.0727046437172917 0.07847783026270208 0.06127064025916294 0.05247230095811374 0.041388790415165445 0.05364862239564194 0.04864284046250155 0.08227057277676084 0.023899374708720358 0.04379684365973625 0.06884987373012674 0.023353669793551773 0.10003312691403903 0.04925124953490785 0.045210476404355944 0.049968381874489744 0.10011508371401168 0.014136311936242908 0.06025728661345536 0.08889874695383938 0.016105150417599832 0.018628013012299584 0.07395249544742721 0.047604879566246004 0.08902323859485646 0.04120986996340482 0.03927366148295888 0.030269190104638376 0.08136139828389505 0.07763806371171021 0.012365624283573427 0.0641893107964769 0.06788475405712285 0.08060534478628925 0.007601980687522822 0.04522139142312509 0.028623835418641462 0.04481799057862547 0.08248426704367612 0.055597246130361246 0.053836872726045294 0.0450114951612566 0.04083581233489222 0.07058476897955515 0.048871492564501254
 0.02439334290805711 0.0197505202660142 0.08171774974396495 0.02822495569878044 0.04147448336686469 0.015432057729424575 0.008805746477173927 0.02283476299876022 0.024656834027903925 0.07832219159023333 0.06470486208461874 0.050271181641795004 0.013418751319256222 0.058973587474797 10000.0 0.061942097870355955 0.05233172539236447 0.011466085678393733 0.013349465667507361 0.08118428636809327 0.05802594234771037 0.03384767573518675 0.035832422853224875 0.06495780882222739 0.04236454623076388 0.02443545497485192 0.030570339516246697 0.047411095423200926 0.01795792135905087 0.0480601115601891 0.032455239630391694 0.04182338688582618 0.03538936687989553 0.03733612199862833 0.0705659893408349 0.0186729737505681 0.045047703704146694 0.03252233007224409 0.01728698850371703 0.0695144586415098 0.0450648894748598 0.037357703842343035 0.08259334379564137 0.07863354300499681 0.07345581356515923 0.0821336848900254 0.07150647638639465 0.08020883537156948 0.02843995796769654 0.04994869461524245 0.013225369332753626 0.06774831324735545 0.06393060643418225 0.020295772656806647 0.09072974051362777 0.061795133191785985 0.03571600508351101 0.016491970550454746 0.024065045007539143 0.07418909433098254 0.05264668530189203 0.0699984352268036 0.06957960364632874 0.057325748526127714 0.08801767935777098 0.06303275331997109 0.0304956197735233 0.03502677439724855 0.07945316905199722 0.024803851934696756 0.09019328162574355 0.08827465639967262 0.04878463578993623 0.046440869400116234 0.027092162668600987 0.04808411582243313 0.037457507912512365 0.04573796912138073 0.07181160048782358 0.07056952493857867 0.07645959678559586 0.06278664237469056 0.0167242678559983 0.06258924282098616 0.07462306889535304 0.05676854287744873 0.012997276866554636 0.08095317809084132 0.04527135002709128 0.049959471835552285 0.021913441977853363 0.05002846331811503 0.06721080030247363 0.061226360858750016 0.041325324900821955 0.05766911899241284 0.024567030756147707 0.06133489344477214 0.06658388851744121 0.045915783320979446 0.02489458735581932 0.02533364198442883 0.05254357508627335 0.049782409226924305 0.07198999638298546 0.015217997443460925 0.06744775024966781 0.004355291506911605 0.04399742977340912 0.02349768959185005 0.04327426402949838 0.039043817814723006 0.05316011243188615
 0.037728538248716054 0.051857116417796355 0.02626028604941452 0.036509259105650525 0.020557463299081615 0.07406112883096913 0.07031226479347369 0.040649563686132956 0.04528903730943763 0.029315355116441046 0.08495819214873927 0.07037378979980172 0.05099257688999613 0.0037603470195154407 0.061942097870355955 10000.0 0.07952899487771607 0.06881460277748645 0.06686857854810613 0.02484345505579726 0.004788620066805127 0.057492484024493466 0.07256993983026536 0.09028270958972388 0.019956571240989852 0.04587946935773527 0.08065751799756596 0.048724058777584955 0.07989792547471157 0.04090016331526836 0.042868982892070195 0.07665579643310813 0.042628036552039686 0.03187386474483173 0.05494128768395909 0.04344182911844166 0.058097904074740574 0.03667134667728379 0.07101254971165034 0.029340286525625467 0.08226709623535447 0.02521069333591592 0.08185550577740569 0.06854906670496401 0.019469067388293713 0.07437417308435541 0.08643319695339215 0.0864993734533934 0.03413040750855434 0.04338036228323163 0.06477264609549864 0.07565350815785439 0.06131400234556417 0.05946476596024955 0.07125614791099125 0.06585498194334007 0.04605523902621285 0.07765626772405627 0.03961343351979208 0.013193816013012154 0.08886611870173483 0.02955625880007313 0.06202330094002306 0.040233508563101275 0.06988456609109978 0.025327100460084722 0.07408732703828358 0.08184276373838313 0.07583655246178486 0.08187302744446624 0.06333280703525755 0.054132107877144266 0.04501760403049489 0.05736129928935427 0.05232769934022793 0.08602289975843046 0.027485717965240165 0.04749047565362239 0.07216548425397673 0.020211662425573488 0.10373069709015643 0.05250097170567438 0.0485506937888607 0.05323969633363051 0.10383255269096389 0.013122498741817154 0.06267067445792643 0.09235657433830341 0.017950494697901543 0.01889038028834211 0.07737513046667281 0.051233952521017936 0.09272826041978624 0.04437903770201897 0.0430189309868671 0.033465646596355 0.08395465205134739 0.08131765052999973 0.013270411242785217 0.06793848739929596 0.07147421509771672 0.08394405375349868 0.0113329122307269 0.048843405771624306 0.02566927988711101 0.048023791410351006 0.08612323399736133 0.05867290913315266 0.05757354649556549 0.04699843969237803 0.0445607733593783 0.07432931115120418 0.052437432922817356
 0.05471959200973093 0.0684482999713123 0.08387738808954277 0.06634835148791404 0.0642402734390215 0.06413005800902091 0.056164762651258346 0.062195210044627816 0.04082202782334852 0.10672749240900774 0.01288849991216946 0.009945390883465154 0.060056119707377224 0.07577988258665333 0.05233172539236447 0.07952899487771607 10000.0 0.06248508572263054 0.03987199294735424 0.08449396427500246 0.07478135804815732 0.024187049286677365 0.016786916994683307 0.012963702403092591 0.0634658105694547 0.06994420557926473 0.029791053972821988 0.03196222057068426 0.05626989840575587 0.03982060116750101 0.03850919291012038 0.011403056779291675 0.0376930980681336 0.07485421582747537 0.0447808593102885 0.05282410593989519 0.021691541540386654 0.07272787353808374 0.0685918026659826 0.06518777428713272 0.012140870872454685 0.06661018861886381 0.03828157511065521 0.04312146429652252 0.09808756773197402 0.04316103690746468 0.020735722764653745 0.03208366305159654 0.06240459305089652 0.03818629073442174 0.0655284021889081 0.023070953211439756 0.031662562233900675 0.033040475819514754 0.05755139026869869 0.024996707737563736 0.034120444943686615 0.06049016044536359 0.049771419404868504 0.09222087550279379 0.012443812774789821 0.06553337540404018 0.03735782806530855 0.04535111873941151 0.05481244747473264 0.06215605611632554 0.023697806416534635 0.02500815474147292 0.03839227743543038 0.04076320587284922 0.06320007719447689 0.06820640732214991 0.03612424999798911 0.022794780251719868 0.03223330507434156 0.01322147204967505 0.05466360489695164 0.03268864817317463 0.0312322931606689 0.09728769243746704 0.025984246715396522 0.03876526066379666 0.04513422112393355 0.03789290350933936 0.02519068421156606 0.08329202578916266 0.06528942472391959 0.030194932814617447 0.0721136953664378 0.07999505540698924 0.038293461331095804 0.030527120887039353 0.015416004814953293 0.044719452479086215 0.03651485203257711 0.05147085647100088 0.06893228694024044 0.01038808144971548 0.07460561050599626 0.011590574281805922 0.028894322117779717 0.04405787752096303 0.06840425672171987 0.032797927681178986 0.10133821561903571 0.04844453574641383 0.015802202324372357 0.049510146070434156 0.022069227583272295 0.06962792214450712 0.03512629918718729 0.013685781139936825 0.031063839230261573
