NAME :TPP_input_25_5_4
NUM_VERTICES
121
NUM_CLUSTERS
25
Full Matrix
 10000.0 0.00913950713615063 0.021588101064436736 0.03261686834039274 0.04833299093842872 0.04222834939480015 0.03009643738849272 0.02267517606051357 0.04865809097976849 0.01637660430702679 0.037270673266238424 0.037938040754687936 0.04094558452529668 0.032222988530271585 0.04924610891861502 0.037476733272580116 0.04238195390316408 0.004182000853749666 0.03846361602788257 0.0317213945575539 0.010457721564806061 0.06728502082562342 0.05696128814720253 0.03734978307645586 0.061187787023644497 0.029902255197517946 0.025612062485930752 0.023117479375223828 0.07483545269887151 0.04810662412511699 0.02794286247572231 0.06673552875699437 0.04428326091097084 0.019767887588041592 0.026077087711172994 0.027752560236495447 0.039357067647042054 0.03950024525547335 0.03954225630122683 0.058006653549192 0.03743984273116048 0.024913546794605966 0.0685077369323984 0.037232013974484356 0.04561271970096569 0.030814393829266408 0.03562211589382158 0.057713654119970405 0.0717810751463121 0.06683304268660306 0.05318047063279632 0.04942609828808826 0.08032931073762864 0.06166047612578152 0.02523301235029295 0.02433044164202478 0.005320525140263461 0.029642583364029817 0.058476868129834526 0.047724873509054654 0.030011578959458867 0.055884667171182414 0.05982094210372264 0.007918925990526437 0.060990860258055266 0.06731570701161074 0.029002928914316158 0.007813316601511034 0.04155977761487395 0.03513116308809344 0.0595975391604066 0.02940667192502835 0.02073338754988087 0.05795528602008776 0.004119237326121111 0.05115871715706238 0.02888391581663233 0.04864601061168346 0.0504435627939571 0.020174054455090233 0.03347962103520992 0.04469046643967774 0.02527812370558026 0.026471133852382277 0.03450604997725973 0.08410200704111204 0.012285149231582892 0.052481785780111014 0.07881989881696057 0.046458334031102076 0.04404081599792118 0.05775033905823128 0.020390672021038714 0.05427508367818231 0.031320561325867725 0.05938611308940346 0.05623373063750915 0.06270814938647735 0.0212691638124608 0.07615442423498493 0.06650715843178055 0.03781956799194156 0.048631647416632645 0.011283108271995896 0.04328343278338433 0.018320152468319983 0.0536916908221438 0.03689472060894041 0.014661764431356137 0.025427288088720936 0.045467778368745 0.04335379143547115 0.038944385837862285 0.03425086607041423 0.03973841969378677 0.06498063239550418 0.00860448259726637 0.029194313439804335 0.027903962464074086 0.04562924795742252 0.026662453019514906
 0.00913950713615063 10000.0 0.029275574256228912 0.04001888109080714 0.05549436103899398 0.050256072186761785 0.0349777556474967 0.02094294866680208 0.0474824485987276 0.011422288616458085 0.04617769764331052 0.03224319659681991 0.04809204932157065 0.04061204941826822 0.049963703235232464 0.046599975676491365 0.051466667373587384 0.01215780625813395 0.044680219097164874 0.02873155480381278 0.004721405990050087 0.0756410637644712 0.06228988148581269 0.04589821458062991 0.07030733112864178 0.038811187920864264 0.01698328857498191 0.02205404347165978 0.08140920110096678 0.05704825516510123 0.035049587098431104 0.07586148651705363 0.042914514731120686 0.02349690182720347 0.03521378526553554 0.02711503035055761 0.03545780973589183 0.0443206920627488 0.04868085494196206 0.06660025895935863 0.03350509967552131 0.016483598712334947 0.07756874872717572 0.04591097504835399 0.05456511376877902 0.03951630241421614 0.03670762428994969 0.06456988395045268 0.07983462872902941 0.0759049027470346 0.06082897730895806 0.053193246381615704 0.08853969321560297 0.06990057751450658 0.024117210290648134 0.015341463867945921 0.008508373792806705 0.021595498292726757 0.0676124029717708 0.05133789802436033 0.032846885393799465 0.06409946610770013 0.058678678165521754 0.006913887873884205 0.06995728232861842 0.07456567708658197 0.03242462749676137 0.0014855537228320843 0.048196835562913314 0.04226784592724923 0.06616820791128684 0.03275484557873464 0.01958447241040147 0.0632137185008779 0.012706195018377695 0.05880648364302738 0.03460206358801777 0.055256862969706715 0.05553036926231994 0.011728804084083156 0.04116693791774249 0.05329561141204826 0.021893401841985998 0.03347371126979987 0.040062780848164795 0.0928017653609 0.018901537435472925 0.058468940681881895 0.08774499065097695 0.0555794960050414 0.047281692967915144 0.06688970830592236 0.012195775465636542 0.06254277778700171 0.02230209301687877 0.06852343029189133 0.06509598164565054 0.07178209245199899 0.012967794171011657 0.08298905356774018 0.07455468072823593 0.044763655996922204 0.056144576405259015 0.009166817862586855 0.049541059830439584 0.02612828411930868 0.06282226084893616 0.03307919673017026 0.01857656558774282 0.026493941597056425 0.054607255290909304 0.051991794029400476 0.04794793404719036 0.04335955736352648 0.03613219718783145 0.07325275967532792 0.011595686977593065 0.03085255609794647 0.035002553485327235 0.05355041971386215 0.017768895738814416
 0.021588101064436736 0.029275574256228912 10000.0 0.03558082763651784 0.02679314949908977 0.04039525289078157 0.014280076757148768 0.026578071163023936 0.06693000195635161 0.029033761293763196 0.01973152189458776 0.04536845469016792 0.04326905675024514 0.030356218304100447 0.06516499042857049 0.026075672749302246 0.031384337013941985 0.017547671780017506 0.04435737026795345 0.0345633189658417 0.027599839351673906 0.04655232694739023 0.03725247208291645 0.033182625076877865 0.04515922191602704 0.013473817010445113 0.04203218051222542 0.02545828907555748 0.053511422331203505 0.03868861777777365 0.033270033131960995 0.05072923769050315 0.06293313667889504 0.03515694966009061 0.017012907681676497 0.02690971463634666 0.060119707009849865 0.02187573907650748 0.02676209969073424 0.037963738027842364 0.05826245611377274 0.0457583629976874 0.05599054476587793 0.018094595656165464 0.03635094308749697 0.012426458542107848 0.05204006086244579 0.036283952147296634 0.06703027258114098 0.04968968805393499 0.0316426866886331 0.03303273377701823 0.07431696602598617 0.05652178707092352 0.04482325633819965 0.044300389333049035 0.020865056967854855 0.0439766074261881 0.043232688952984474 0.03182356810536041 0.019811419072280786 0.05136421186406821 0.07767582691434206 0.029445691945076027 0.04285177583264924 0.0665164212687472 0.042851274834003035 0.027792061713039433 0.045619640039864656 0.038561328022223514 0.061890133603060234 0.04330800912361937 0.04076799914388001 0.03832428080327464 0.02088754848092386 0.0500099528324122 0.03806633759656053 0.027476854749250604 0.03138981256451632 0.04099733948250837 0.011930536005677434 0.02490707258052781 0.03116071804094929 0.0057252869463255964 0.015899274920192503 0.07478550187033581 0.025870020554917935 0.031954339598397295 0.06768152509148785 0.03127437294132462 0.02941234765418435 0.043000404370730404 0.03660175819276634 0.033410988906614834 0.04873264141352827 0.04424454977631442 0.0374542300695158 0.0457045917423665 0.03753015181893086 0.05468181733543427 0.04528567254707063 0.016509978810025028 0.027051272219307036 0.03267343082707642 0.022653477919229094 0.02495071397351088 0.03840653247127375 0.04024222932370663 0.031400429311571776 0.043025989368793094 0.031626268189883976 0.023747561450085726 0.02995740976059005 0.020154807557954468 0.06032355674219479 0.05942397717191403 0.018769434893030484 0.022341615467751496 0.03327123302860962 0.024275044966702256 0.04683519421567442
 0.03261686834039274 0.04001888109080714 0.03558082763651784 10000.0 0.054441482171187196 0.011236597523076245 0.049844069074407374 0.05380977908870863 0.04427122191840022 0.04898711790916174 0.03244154663333481 0.0704757814230347 0.008426205784265652 0.007893157169489422 0.03796366085334313 0.022472788156224378 0.023531776804321627 0.033074650538582794 0.009225334868805142 0.06310246549172448 0.0428528611826491 0.06158621465028428 0.06964021677008876 0.01152453315643735 0.04425264882996041 0.02902213698129847 0.056884071056636946 0.05370732097776632 0.07993378956642046 0.024312260232795334 0.00515769530822346 0.04869139632834133 0.04200406164911178 0.020668466678424834 0.02041930324691462 0.05741772898732177 0.04704868170086308 0.05699930189392162 0.025234572702915906 0.05137095881531153 0.0459288988852991 0.050304792525985347 0.04453486314191424 0.0355395024834149 0.022564620038602472 0.03205293476412439 0.028996546573515265 0.06361486547609956 0.04015149712208394 0.051022217351030984 0.05534858995016105 0.06819913821142722 0.0490851940624934 0.030760951179918214 0.03255839501917735 0.0520076202750052 0.037482703093698666 0.06160803035935692 0.04071412540839034 0.0671603971452457 0.05437501275973557 0.025030616063471917 0.05253640616764198 0.033893231245874296 0.04851701326894426 0.03470196402216164 0.019244388258501516 0.039218045797953585 0.010073068640937252 0.0029834025728354753 0.02745711278533989 0.01951446868582705 0.031990573962780815 0.07075499652726826 0.028511713260856004 0.01881517036208195 0.010130742302239036 0.057450781107422584 0.06499151268303649 0.046726192974887906 0.04121658100278652 0.041119451632544705 0.05720491660272657 0.040683989964136934 0.05096091403717317 0.05510316345933752 0.021123808921271272 0.06328653673902214 0.05201527312610206 0.032486828545716794 0.06497329501786252 0.039293344198963895 0.05220414810481928 0.0515793614272282 0.061380615991202835 0.041226876853458466 0.046425372889680974 0.04738154095450516 0.05298656148384826 0.07976869047505925 0.06354897805870129 0.04785581130425115 0.052652923440023994 0.03405515988107767 0.05484792390590638 0.014330002905406583 0.0372885112862518 0.06863067904577234 0.023278601561419057 0.02672331503704991 0.029621256837682512 0.03983697425569498 0.01916092858426249 0.026000914576948923 0.04638081788929736 0.034140733402560464 0.03950263600743517 0.05573140436360324 0.005214300810705973 0.04773421657048517 0.05351819713455062
 0.04833299093842872 0.05549436103899398 0.02679314949908977 0.054441482171187196 10000.0 0.05412557612219635 0.023808352623590857 0.04618737872977252 0.09235607622527676 0.05262665937919102 0.022834742068183686 0.06273562867340676 0.060021771276180205 0.047029231869424884 0.08929841904818761 0.034645344321218116 0.037710464164733296 0.04422894841543828 0.06363841507477545 0.05071542400377105 0.05306894332192978 0.02487136465517339 0.017218512452914607 0.046798894200798115 0.037336104736130755 0.0255604292794797 0.06582976425786419 0.04448167855109728 0.02696187200173818 0.04429681477167666 0.054197717864673374 0.04158859703383278 0.08861932497220022 0.060497345929197914 0.03437992445255654 0.0429008491073306 0.08674859524860783 0.018857615278129933 0.0329271686504728 0.021001390109644153 0.084917006876094 0.071879346963051 0.05237161726107297 0.019215989413876162 0.04299665449859843 0.022643566230833273 0.07690124626535971 0.009692984330009065 0.07275614666140384 0.038224663541771293 0.007101826158508241 0.02428332642262958 0.0775968765450878 0.063319216452829 0.07118181446127392 0.06993652827784262 0.046986396986478496 0.06637590121252585 0.03762558126985778 0.02487190459045421 0.031033900403441318 0.059832648979050704 0.1026918682843822 0.056220711934556786 0.030566636936795892 0.07683431963439846 0.06698202429478009 0.0540357211158458 0.06334086668689486 0.05710206433990932 0.07585809356184334 0.06742963237414468 0.06730992173716231 0.01823554141116153 0.04762014305309905 0.06235862676100751 0.060339163658976874 0.004753811983334905 0.016207486335656274 0.067178564177563 0.015247303944983628 0.016614273631739562 0.05054404019050355 0.022027313739986135 0.018217911141956592 0.07347434125962016 0.05160145752288237 0.010573000527322454 0.06446809105997267 0.030671027207672872 0.026583740885626574 0.03845562977995202 0.06076129355050418 0.014187666194982716 0.07267905160501652 0.03854396153965012 0.025101329630502562 0.03551933558333069 0.061626678148489586 0.02791611388321713 0.02146175112982292 0.010782203765046227 0.0033926077978051307 0.05946574657628897 0.009031243909681132 0.04854841339029479 0.03436466744288111 0.05528715402763001 0.05740017651267396 0.06873692038968411 0.033342034931169585 0.017193521187851283 0.03961094444761985 0.02903686875807793 0.08688936966937261 0.06523289816771245 0.04420964812884913 0.035353382065119426 0.05422266388151693 0.007842830310676136 0.07252608308955824
 0.04222834939480015 0.050256072186761785 0.04039525289078157 0.011236597523076245 0.05412557612219635 10000.0 0.05444055756073299 0.062015969590789054 0.05327701778961919 0.0583896478889709 0.03129083847657667 0.07953269852405882 0.00807296603739945 0.01050457018284947 0.04572567622033782 0.019550496814010075 0.017932676141794238 0.041971990073485906 0.01486789001755042 0.07123154194653089 0.05265932711848877 0.05657239319261446 0.07053979373219574 0.007549642524296181 0.03629806976723101 0.030442541215925933 0.06723046218100145 0.06166851822262086 0.07775300424584028 0.015542505984710098 0.016303928557760996 0.04005100504582337 0.051560639029754954 0.03190455300182132 0.023472543466040004 0.06486885357882857 0.05774991983338542 0.06030267301155802 0.02166049905907762 0.046739358325547146 0.05673341161765595 0.06137326755424411 0.03414931685151617 0.03496571516474239 0.014637419566927004 0.03342627314660177 0.03879311367224563 0.06253310916046201 0.029587746903001953 0.04304209767335543 0.053571798030378835 0.07126911784770239 0.038310281889980285 0.019752641422375115 0.043678623051470064 0.06291015756027768 0.04670188067165964 0.07171717612240971 0.03271970564829382 0.0705099369007981 0.06009081933836205 0.013959244122754195 0.06038803101283837 0.044483510662171745 0.04193076995624464 0.026281962443131 0.029764134090640305 0.04932563404779174 0.011834855204966877 0.010590701634280652 0.022079773920744464 0.029968857879462487 0.04322456869094444 0.07163924538982892 0.03812359148050019 0.00965110510999805 0.020908037590045597 0.057809726499423834 0.06678678664567432 0.05766544482754443 0.04303135760741773 0.03882412578522559 0.06577953678177423 0.044667778891858766 0.054419685824997274 0.04387341115563747 0.0315801873951433 0.06391151790255144 0.04091644266836479 0.02723648038330057 0.06894734021946432 0.03114389348465332 0.06234042015282135 0.04838458032699868 0.07203846543002054 0.03303244002265591 0.041042649730887955 0.03980777590037928 0.06316359558334665 0.0770871413581961 0.05938183050200715 0.04954774569898711 0.051772515256577126 0.04493585229257297 0.05635659587077473 0.024128643952780936 0.030208322997388362 0.07689969922234882 0.03434035493464151 0.03773929315041284 0.02404625929535361 0.03776101294800266 0.014734079993167512 0.025232748630135044 0.05699719983071145 0.023131799047964256 0.04819577053349611 0.062096789339431434 0.01636365301611814 0.04668786982441603 0.06451137617140382
 0.03009643738849272 0.0349777556474967 0.014280076757148768 0.049844069074407374 0.023808352623590857 0.05444055756073299 10000.0 0.022413883146536445 0.07831822068760666 0.029718722606266817 0.02939478568055745 0.039242771467180394 0.05754416213353609 0.04456312032520471 0.07765603455041625 0.038576716989232915 0.04361666679837381 0.026030350238779826 0.058547555399512646 0.027284158292110127 0.03157975023350176 0.04798782740925181 0.02731317422793322 0.04709406789030767 0.05338809481040075 0.025399298049897986 0.042666580346804796 0.020687367324448293 0.04724988678318103 0.051087283943646464 0.04736691016142706 0.0586673152530834 0.07406918123186974 0.04731843421516288 0.030968083040887752 0.01929301513289438 0.06935192960655939 0.009430040099098933 0.03860430297283779 0.041650840607481955 0.06741826167207415 0.05057077556508009 0.06618583541804654 0.02631345545271136 0.04892370661273176 0.023110141845722493 0.06420316953527123 0.031348945843590804 0.08008063834480889 0.0566013870516913 0.03057323370118943 0.01969190828913131 0.08689141568341884 0.06965567637975531 0.055205568165976396 0.048006354506485036 0.026916195592355467 0.042759466965593795 0.052222425341075254 0.018201398826211235 0.007974356133792802 0.0647520329281321 0.08935096460334353 0.03771870159464935 0.049073571676513945 0.08037844121385937 0.055709243788670065 0.03365523113804692 0.05989231990573528 0.05282624997336122 0.076099901924264 0.05616138404000946 0.050780259189840554 0.02823687123939619 0.031130358414375343 0.06399745212216361 0.05179946455213102 0.021915109553966725 0.020567872952385644 0.04610498012268444 0.015756483490691465 0.030712456024780798 0.02673624200780835 0.009921886499963757 0.005708527275867915 0.086103257957705 0.03801109267564226 0.023894286636209378 0.07827839593619207 0.04125134683279955 0.015290708524522727 0.05237362033416356 0.03789058853442628 0.03554175725205998 0.04947836001080589 0.053250661415528984 0.0432758000045428 0.05299090100776864 0.03869895731384295 0.04924680318047831 0.045143878254820455 0.014006075925319526 0.02580652414835464 0.04117655544365361 0.015769275606641053 0.03857257372415056 0.047696294340549235 0.032269676625281726 0.042917827471912064 0.05453693438676095 0.04244336471787729 0.030062888997919385 0.04298346737274696 0.03214143544671057 0.06978744127078461 0.07238919436721095 0.02342250021073853 0.012088047699641707 0.047364544333696225 0.025733562246446382 0.05060018330662163
 0.02267517606051357 0.02094294866680208 0.026578071163023936 0.05380977908870863 0.04618737872977252 0.062015969590789054 0.022413883146536445 10000.0 0.06842413890659041 0.010475105002396757 0.046284861547214284 0.01880866143255927 0.06223421641704654 0.051528668666678816 0.07063759459662748 0.05170998259692266 0.05706638991241174 0.02092191758226491 0.06061912902589416 0.009292799497119569 0.016233205557943345 0.0699240906185587 0.04755682023609244 0.0558591406666415 0.0716872595363044 0.039917753315015916 0.021294893950644374 0.0018241386765836688 0.0688775295270265 0.06401717781761222 0.049621439092223316 0.07723525698142161 0.06385311815543122 0.04227790794798502 0.04098004498796481 0.006440849849944925 0.05578504407006504 0.02995725397460124 0.05283813088394819 0.0627159555215905 0.053852801758303113 0.03239728997466913 0.08238673600617878 0.044335613207446875 0.061560296070609755 0.03899423401719655 0.05718407485799589 0.05362420370727755 0.09081883398045865 0.07597469277331202 0.05282608330697763 0.035997212681377615 0.0987863590036122 0.08036000100752343 0.045019244548388765 0.02886352615465065 0.017356603262691183 0.020498560505132393 0.06981009902234488 0.03399975706413118 0.016343398625620884 0.07479489612362229 0.07961578788534832 0.026949280877221416 0.06886808206812947 0.08803789796161143 0.051529829936250895 0.020340531470229913 0.0633596501359799 0.05656983851372288 0.0812339345623499 0.05191804512449861 0.04044843231840127 0.04828038441372284 0.026276596364986932 0.07147742472095933 0.05138851901811661 0.044257666346063824 0.04069275675056679 0.02880480122918127 0.03553792155349065 0.05046341937276262 0.0046346038193717295 0.027164735355711706 0.028099599367440563 0.10053332894258021 0.03482449617585702 0.04552188170845325 0.09387611570650155 0.057831819547217264 0.029616479503595236 0.06957142833148042 0.017496765143726688 0.05710291313561797 0.027850094704669502 0.07082244210258765 0.06325785101369504 0.07206330315856631 0.018092685362837414 0.07114243538093089 0.06739244653263879 0.03596788250510383 0.04800772791981768 0.029888997965962654 0.0380987380058875 0.03967508644568277 0.06498421729679212 0.014887748367181399 0.037123263784885174 0.04686965610049162 0.05803059618950398 0.04948978031869512 0.05483794293229471 0.046352164391568494 0.05658888051153422 0.08351066261260437 0.014483708046679217 0.012638645119779421 0.04959167912414652 0.04725737310648253 0.031289020283976565
 0.04865809097976849 0.0474824485987276 0.06693000195635161 0.04427122191840022 0.09235607622527676 0.05327701778961919 0.07831822068760666 0.06842413890659041 10000.0 0.058501425749327284 0.07358741084041705 0.0762960563940081 0.045547140991445925 0.05163114948030584 0.010235294947974987 0.06587718512336575 0.0677056469077763 0.0524787326923319 0.038499078583377394 0.07578066960860913 0.05219176783603694 0.10461206818217694 0.10414292650610245 0.05578923788702085 0.08851776088822026 0.06786074155090889 0.05606788981101418 0.06951439978107395 0.11924966181855386 0.06827149245207968 0.04143809641463452 0.09285278071471978 0.004598310178543249 0.03190234261709035 0.05947190058955442 0.07456200005906913 0.01697413708747006 0.08754607368540278 0.06872258532663161 0.09434830369132056 0.018145062367608787 0.04170394989595668 0.08726475950150472 0.07572144522866976 0.06672322811522226 0.07036079743594109 0.01580655237222335 0.10204434191951087 0.0739124654316914 0.09529132006139432 0.0952659898275025 0.09790995239847947 0.0826930651898 0.06820996982766354 0.023602119348714874 0.04594130650136043 0.05301958584286937 0.06162126312512906 0.08497104010246262 0.09626933830926176 0.07864706540110313 0.06374689994698789 0.011221813148795041 0.041993664180994275 0.09258168823171209 0.0626088477841161 0.026169452738537918 0.04816477042999488 0.04224183351486003 0.04330078311742442 0.05153672158391117 0.025767901017228863 0.02821362708158406 0.105201841066148 0.04718820713449341 0.05503301957283396 0.03471272713461073 0.09399689673115598 0.098033898793042 0.04248293517641008 0.07724564076913303 0.08257395571185512 0.06899578634552941 0.07259893043517536 0.08207215409744746 0.09264974118500667 0.0410715661592432 0.09884249405092461 0.09236587312150456 0.07634233110897798 0.09267631135231874 0.08352898922890749 0.05502819503644412 0.09331188773304219 0.055570291521003276 0.08546155106844802 0.09000049328946441 0.09164495594500814 0.05515719989959891 0.11980918561811699 0.10580430198012204 0.08310672170681138 0.09154844651659606 0.03874499474785505 0.0895609156197008 0.04405045250963975 0.08153223014098876 0.07942278088565691 0.03559542737636152 0.02391993188298323 0.07365413322667848 0.08117440274382615 0.06325976501869084 0.06763344214953729 0.015567113827595203 0.07109138144706988 0.056764858083823845 0.07751369591461613 0.04138802552049836 0.08725543625210505 0.04516449084687578
 0.01637660430702679 0.011422288616458085 0.029033761293763196 0.04898711790916174 0.05262665937919102 0.0583896478889709 0.029718722606266817 0.010475105002396757 0.058501425749327284 10000.0 0.04822866751018732 0.021614713812902437 0.05732218479528913 0.048181161520667926 0.06134637443836006 0.05131207653080072 0.05652972237222964 0.016573990825385753 0.054678908743135204 0.01736447413618854 0.006894738926722686 0.07502805203026251 0.05637503460881284 0.053084621966369816 0.07344458823246833 0.041167697546532385 0.013247827352389536 0.011987723978363356 0.07696030935715059 0.06289862768181372 0.044311970503573085 0.07905210269581374 0.053909918201252356 0.0344657461372113 0.039947613666502096 0.01691505897055074 0.04539811815118548 0.038367919460286705 0.052939379599398984 0.06688696232343362 0.043474795418686894 0.022093604972499525 0.08254795384979272 0.0470504482553652 0.060393515056309785 0.041017882570993335 0.04812839727478783 0.06090458765319832 0.08784358409778423 0.07841146410787607 0.05877400119662341 0.04566452471946031 0.09624824309904913 0.07759891756645627 0.03538780119271696 0.018820537998826405 0.011703341135554626 0.015050458332759276 0.07114616473179144 0.043701279303371476 0.02534034665278679 0.07186428642728923 0.06964105687739425 0.01812781752846169 0.07178697138128169 0.0836795138700938 0.04357095349490886 0.011271244687377205 0.057886838689934925 0.051506779098517856 0.0759315622989697 0.04392095025324245 0.030916260568934463 0.05718513602403255 0.02047540682274961 0.06745701184706844 0.04486922381117923 0.05143312769162996 0.04948225032468516 0.01834741214241394 0.0399553006785225 0.05393453418635599 0.010531388707865021 0.031532048484144794 0.03533935255466869 0.09932875206770163 0.028437227972616188 0.05357340106598885 0.09345614107752159 0.058970917421777534 0.03939496022128439 0.0706667945662467 0.008180132311538144 0.061926607027429616 0.020088073544550417 0.07212043389322977 0.06646531252187324 0.07435820738362701 0.009015428920809431 0.07895587671892403 0.07313139073071773 0.041937325891574624 0.05393974962444357 0.020588092377914025 0.045361350927517766 0.0346730331484941 0.06627712912850144 0.021675112176829492 0.029383700912522452 0.03791302120648921 0.05859517318199899 0.052781261612257324 0.05361115072471583 0.04687416786056484 0.04623585383169171 0.08087906404583874 0.011129140650340655 0.022315117258797326 0.044272383086308556 0.05231293512917294 0.02134559034146408
 0.037270673266238424 0.04617769764331052 0.01973152189458776 0.03244154663333481 0.022834742068183686 0.03129083847657667 0.02939478568055745 0.046284861547214284 0.07358741084041705 0.04822866751018732 10000.0 0.06504433994206496 0.03736079922352321 0.024715118947453547 0.0691258285294489 0.01185828359789668 0.01559320988787721 0.03406358443393446 0.04147635234158179 0.05398270603279151 0.04565638152358568 0.031508356934480335 0.03944930097986314 0.023994098030610662 0.02542991712231531 0.007370271440514674 0.06081926147374455 0.0451078449548074 0.04749651656791359 0.022837373649160008 0.03310781511340779 0.031007656635042864 0.07034375459061765 0.04279564559285835 0.01419367346122037 0.04610521090860631 0.07102263936157041 0.03202519040512727 0.010494648356346267 0.02148749966155868 0.06937818758432822 0.06215135421654194 0.03691116417079233 0.0038439025286905494 0.02108220870035737 0.007309785857205463 0.057792937416696645 0.03145503081376923 0.05210065082314357 0.030184782409849953 0.022918768832927608 0.04206756316346973 0.0581799225754594 0.0420420657225835 0.054959353161113396 0.061515040724427164 0.03850693646997396 0.06327548853003817 0.023560312359809515 0.04172564748010475 0.03696377294097325 0.037908116861718945 0.08319614016092165 0.044141645505971966 0.023809026999725303 0.054676033739791574 0.047472396831890196 0.04473140328476772 0.04079440352626757 0.03490066577349196 0.05308290718948478 0.04789124769068263 0.0519025350162457 0.04053442322631136 0.03478993699232544 0.03965753848430034 0.03968837613525855 0.026618351734608435 0.036323408315673274 0.05743330605297287 0.014187506497598009 0.008991954735894366 0.05088156149288503 0.0202018794588994 0.02696581170542963 0.05672353951010243 0.03530183067773873 0.032763797964203985 0.04892472235422385 0.01191910283942639 0.041232150115463294 0.023434052105762684 0.055322893110848835 0.019729366345290808 0.06730576764852526 0.024580159818412935 0.018973944311988542 0.026130914310912252 0.05626240497441106 0.04735635412147311 0.03223278851514082 0.019713190014563405 0.020564548514824983 0.04671842388235848 0.025937623166716283 0.029902437799353466 0.01878308882224249 0.05957034077600267 0.0410911338201473 0.05117249851215779 0.013111372756884886 0.007605945790995557 0.01685533287022531 0.006447254399265503 0.07086526648429671 0.04439394825053396 0.03736547511430009 0.04044253919860038 0.033143860240748925 0.015511210618940974 0.06390225415341393
 0.037938040754687936 0.03224319659681991 0.04536845469016792 0.0704757814230347 0.06273562867340676 0.07953269852405882 0.039242771467180394 0.01880866143255927 0.0762960563940081 0.021614713812902437 0.06504433994206496 10000.0 0.07884815087895351 0.06916363330965256 0.0806765990516188 0.07040183967393339 0.07574838503148697 0.037578535424348296 0.07629273400145045 0.012020542521192364 0.02825723274601897 0.08721819554590632 0.06042763847318899 0.0738079990207157 0.09041177373357916 0.058726412293401156 0.020431431548365304 0.01993890756038404 0.08258362338393788 0.0825922300477325 0.06587673888453359 0.09593996723070519 0.07174010419466549 0.0557289615251841 0.05948370649017446 0.01995267213758023 0.061076996470538526 0.044724766212717336 0.07160222222338095 0.08067497876315678 0.059329573441713454 0.035120776272644524 0.10118387788349213 0.06297763405951264 0.08011664592694438 0.05776879295124663 0.06806150012041842 0.06898805228657684 0.10876104125810805 0.09454590056855403 0.06967893940355167 0.04716613097625108 0.11694634411565193 0.09838800376076784 0.0546346981732181 0.03079115672165239 0.03299747045575598 0.015276621381978455 0.08858920914861729 0.04522190495640101 0.031702320518062425 0.09272849608315809 0.08703184479004257 0.03915690988359519 0.08732174212715262 0.10512018644877161 0.06464944808672302 0.03247913414760882 0.07948829110022629 0.07304858025425372 0.09753067376940064 0.06497130911693985 0.05053397914326473 0.060911730505729685 0.04200220999053631 0.08877006967147391 0.06645014989813786 0.06005062517210927 0.05398634037451727 0.03381397432495851 0.053739371254226814 0.0688423960055745 0.014321511008633788 0.04556908494193719 0.044586257841357044 0.11914500531343075 0.05005192906654332 0.05999958537200521 0.11262611483081908 0.07663465794106966 0.04100490780102443 0.08836853487762668 0.02154626051270498 0.07474065617336778 0.023381882603411612 0.08960389784314633 0.0816406150471781 0.0906816010347104 0.0212702740189787 0.08528055137421207 0.08419385290589469 0.053240544719845045 0.064977876465665 0.041037955706465415 0.05402900290653898 0.056145778521375866 0.08377203089641311 0.00844083019368386 0.05074272100133478 0.0581871484114116 0.07683419155318891 0.06793853590570653 0.07335697461961779 0.06514166029955447 0.06219915958201208 0.10160472702733052 0.03135739210701568 0.027383271350900143 0.06583844729931627 0.06489563661392568 0.03222266728259931
 0.04094558452529668 0.04809204932157065 0.04326905675024514 0.008426205784265652 0.060021771276180205 0.00807296603739945 0.05754416213353609 0.06223421641704654 0.045547140991445925 0.05732218479528913 0.03736079922352321 0.07884815087895351 10000.0 0.0133392776193779 0.03773505925443409 0.026111692039563376 0.02542038478752751 0.041494326961077105 0.007063687966581663 0.07152673568513285 0.051096432021008956 0.06421442375339445 0.07590531700308546 0.013607186615690726 0.04436480242935617 0.03523007303302248 0.06483504532057399 0.062122143196467985 0.08453451882061373 0.02361266760854692 0.013063702566302758 0.04810939043296949 0.044068339949331126 0.02727802622866995 0.027176114123542438 0.06579276694472108 0.0511203183305703 0.06426815134532274 0.028542673904834687 0.0542438143207295 0.05025350944700021 0.05742582229665296 0.0417177110791421 0.04082345385149093 0.022618906986245274 0.03828768556391035 0.03155064617786309 0.06881514989695199 0.03301664664118465 0.051113067038554755 0.060108954978356124 0.07541515290911095 0.042110335627771125 0.02450900028581841 0.03798823527408853 0.0594326096599339 0.04586792444033946 0.06968291548401637 0.040785013325680824 0.07448130881270476 0.062417765284115766 0.019161794688127856 0.05237838309398601 0.04176630317537197 0.04986260893413718 0.026475317715525387 0.02331853696231965 0.04735835112568217 0.00380343558176763 0.005833630339025922 0.019071960912378658 0.023445872338824933 0.03821876145308321 0.07701615801755317 0.03685518205115495 0.011451222131734017 0.015268609925050063 0.06339900900070922 0.07166006154183235 0.054118701807360156 0.04776234445272292 0.04547078767999427 0.06562666641793552 0.04812136479805528 0.05826271699872296 0.049388254775351366 0.029210704034048744 0.06939400035801144 0.04751814548401136 0.03477707627323925 0.0725156881459376 0.0392136314281154 0.06028754374284939 0.05543748483564563 0.06906968840026473 0.04110425886290191 0.04872092094485643 0.04785584991823062 0.0610469748383166 0.08405541718858454 0.0667973191805936 0.054395309078237634 0.05791461211393419 0.041619195084374755 0.061342874657293524 0.02271822192743819 0.038176563574252954 0.07705687981208567 0.030662701861006527 0.031858576270525775 0.03163814065422227 0.044308869820280206 0.021704189055002612 0.03100831618907948 0.05026855826330608 0.027799815101344057 0.047926334062625225 0.06392849430769493 0.013108051420327706 0.05287171085221548 0.06078419547784565
 0.032222988530271585 0.04061204941826822 0.030356218304100447 0.007893157169489422 0.047029231869424884 0.01050457018284947 0.04456312032520471 0.051528668666678816 0.05163114948030584 0.048181161520667926 0.024715118947453547 0.06916363330965256 0.0133392776193779 10000.0 0.045721497307125984 0.014600835563684238 0.016120578090139198 0.03166847877969486 0.0167623879240356 0.06073421089077753 0.04268052340044115 0.0537291532302808 0.06265220065997149 0.00551292811886006 0.03720101635318351 0.021938048390869228 0.057577386351302835 0.05116738808076976 0.07220113620703997 0.018348216239323204 0.010368010565777025 0.041926795176491775 0.04909812562563011 0.025097377065943883 0.01386997330534843 0.05437371892887031 0.05300254463711059 0.05100490689236417 0.017385886649039527 0.04350088636751233 0.051718233234648574 0.052924330715045376 0.03927860023714688 0.027951051109734504 0.016215607674001816 0.02499732107493165 0.03607850195644827 0.05605162121561627 0.03966537986255104 0.04391092679864014 0.04763251191979289 0.06212546340102507 0.048115126171393525 0.029447593242509958 0.037716249219976655 0.054036743138852254 0.03647782277394558 0.061849143571409027 0.03373011446342449 0.06122649327660163 0.04987680314925364 0.02368986223133977 0.06022745361517802 0.03528966900977195 0.04095661904423908 0.03673636065058053 0.025923035326117196 0.03958072413965337 0.016376869980078416 0.010187500206116805 0.03153869539161369 0.026256302677338215 0.03632702150940207 0.06376483272326333 0.02816895247118864 0.02009043387149498 0.01695416461021809 0.05024297324044997 0.05832795972705116 0.04891035055507304 0.03443270495989611 0.03329056387580761 0.05533085500311011 0.03497478315152318 0.045020522578155024 0.05234110288247117 0.022506579204219123 0.056185378127823656 0.048034139439744786 0.024780393969083048 0.05937400546614345 0.0324069114233335 0.05253161838483238 0.043704136858531584 0.06271243294301682 0.034329998482664756 0.03864261995217192 0.040139553582139234 0.05338283172431193 0.07196949472091729 0.05565603374984287 0.04107062997173692 0.045097834034123756 0.036205792326922774 0.04802883232372792 0.014755722070461143 0.02999128351071302 0.066408712564345 0.02630883978934348 0.03234123308537501 0.022026117166495558 0.03202664417896571 0.011646208428308123 0.01826904067675903 0.05246756847887142 0.03275924938630564 0.037807091672104415 0.05173730064917577 0.01042445916658353 0.04012312179307237 0.055829860511122605
 0.04924610891861502 0.049963703235232464 0.06516499042857049 0.03796366085334313 0.08929841904818761 0.04572567622033782 0.07765603455041625 0.07063759459662748 0.010235294947974987 0.06134637443836006 0.0691258285294489 0.0806765990516188 0.03773505925443409 0.045721497307125984 10000.0 0.06028885596348277 0.06144376613596947 0.05264792459248853 0.030881707568948282 0.07869293945164431 0.05464915173490877 0.09939631310797292 0.10230981218321303 0.049245229028367025 0.08172035204058459 0.06408493633049303 0.0610170408856697 0.07150799216727367 0.11589280913622983 0.061115617375357055 0.03609898218618063 0.08573311514176073 0.012217318356456652 0.030340750152932933 0.0553750011235631 0.07644708813433218 0.02528853757420383 0.08657311346231282 0.06309692629625833 0.08914065712592721 0.02594807199047444 0.047390407535573345 0.07919099668751711 0.0716518170156403 0.05980677025439724 0.06680972289941908 0.01362631311417046 0.09890531309022561 0.06433083184458646 0.08850495341294783 0.09151426840968073 0.09734534305965749 0.07298363207248712 0.05920672953288058 0.026104990724116723 0.051391177042349426 0.054125034466433304 0.06666501390698579 0.07814205665679255 0.09583658734526519 0.07901982045141201 0.055070787392139726 0.014678502400384527 0.04369029283637445 0.08643797007483389 0.05273758420901001 0.022408054765911924 0.05036485051466285 0.034168468554887886 0.0364658626351417 0.04169796428083962 0.02195345528385659 0.030449504104247283 0.10339753551535136 0.04699410561533691 0.046300746324930905 0.02944133062532813 0.0914075264606759 0.09655355796927588 0.04723031705874683 0.07453445027059767 0.07808376010754686 0.07185369333240232 0.07089016561857606 0.08083049603894793 0.08330574501053062 0.03965184713089492 0.09662433660515851 0.08353361149510602 0.07044881879651495 0.09254184118888424 0.0766280915326029 0.059135357839410034 0.08877194444766448 0.061532997201104875 0.07854653254033973 0.08436178842083573 0.08503789420012717 0.059414287442456824 0.11615921311928291 0.10105265863273452 0.08074264481350603 0.08814167908502636 0.040826257658662324 0.08746766936899632 0.040829270673365316 0.07505502704782259 0.0828533858259987 0.03495196948648022 0.023876540963321875 0.0675758596662069 0.07672138300898072 0.05711619486638509 0.06289454206544874 0.02387646282376412 0.061951290101640834 0.057755598343448775 0.07843797006094638 0.03605831866605345 0.08357566545565011 0.051062200824923035
 0.037476733272580116 0.046599975676491365 0.026075672749302246 0.022472788156224378 0.034645344321218116 0.019550496814010075 0.038576716989232915 0.05170998259692266 0.06587718512336575 0.05131207653080072 0.01185828359789668 0.07040183967393339 0.026111692039563376 0.014600835563684238 0.06028885596348277 10000.0 0.0053601398035883685 0.03531327698775286 0.030983888412752774 0.06027224404860697 0.04727994634364839 0.0391296338325057 0.05130021809378093 0.012517487122879277 0.024605797030895712 0.013177967724866478 0.0627710844289081 0.05085976343979318 0.05843179366448872 0.012628525981979208 0.024449806397532525 0.029914246660884873 0.0631025450695293 0.03715817925924225 0.011460490570481357 0.052859057929581094 0.0657377754569674 0.04277589555849177 0.002846884944222323 0.028900727195251198 0.06427980596724726 0.06128536518596147 0.03125097261969404 0.01564199661905445 0.010363560238747896 0.01564963041106207 0.05016401231105591 0.04298586611826042 0.04152885658362651 0.030951971746260583 0.0340838195486231 0.05328783397838103 0.04839178748771848 0.03116665111070043 0.049883039227300044 0.06148087532133259 0.040229884914365924 0.06611721880449982 0.02149750583855269 0.05277617049378209 0.04544341734683338 0.026570158480973095 0.07474294309861078 0.04290725781267548 0.026931213527634876 0.043060743215055465 0.039838481789590374 0.04528952920240017 0.02971788371978176 0.024511538843763867 0.04122908390337986 0.040210759061337024 0.047629638030018934 0.052387463899691004 0.03405951504340709 0.0278046665682268 0.03119502192271668 0.03847647515813574 0.04799827614907371 0.05680217699433621 0.024883830984585464 0.019379705745732927 0.0560858645760666 0.02871239176149494 0.037256275153281115 0.04886388523992186 0.03164946184048988 0.044619900349642784 0.04227558411894025 0.01061880664895948 0.05183294692052778 0.02055179413639764 0.05735107996574054 0.029396890986535883 0.06875464565518795 0.022317256022003462 0.024142344093289785 0.026935768011853167 0.05827421560568445 0.05795183956381265 0.041123515582162845 0.031036535638014156 0.03222937054010493 0.04479168215745936 0.037562444242267096 0.024608574976836984 0.017006586156858936 0.06600715946263656 0.03683595201829053 0.0451633041343235 0.008488312467826465 0.018258955385288284 0.005002975696907666 0.006540940968349599 0.06536351720421442 0.03382443019122783 0.040193359594149 0.0483385824543562 0.024498537164374116 0.027143010145764798 0.06363120558595241
