NAME :TPP_input_20_5_4
NUM_VERTICES
96
NUM_CLUSTERS
20
Full Matrix
 10000.0 0.1087953295526792 0.03747214407398293 0.017577992804741656 0.060358682486595774 0.08809217505338574 0.10080207806932623 0.06486071217860814 0.0688796705020208 0.0914445519742185 0.018319740003577147 0.06945417223279866 0.08125122692899184 0.08034675329081757 0.03183041052291481 0.046910993194507686 0.05797884495616287 0.01107591207301314 0.09083860335803239 0.03714971337670113 0.0870738590210195 0.07911295609863064 0.10036608944848234 0.03588826686231705 0.015107009039378285 0.06573880471172204 0.0422872630496945 0.08399571671026121 0.09201033211784623 0.08005972218146769 0.07080191759584369 0.0698663444478207 0.05914232192457245 0.06544514429439453 0.09044444515311902 0.06613189149537146 0.08357997546790571 0.02491510550446735 0.03108260320929949 0.09120331012242282 0.0630969655199321 0.06289223583664273 0.018516386116652503 0.061374833275991664 0.07071890921482976 0.09500770702675593 0.04680374324883154 0.05250679800908102 0.030740643150938204 0.07325554966846629 0.058492197491249065 0.020275531247471917 0.03996084374188692 0.07105468723597708 0.07039678395253351 0.042439797016990376 0.06098499832735369 0.10148321536146462 0.07709837114123944 0.064988470524448 0.058122400294233795 0.04890767562381205 0.04331778993507093 0.07190911342471971 0.09559214302727925 0.039382718523718906 0.0785982371018015 0.08176488496088602 0.09974040731288666 0.04704771953621123 0.026009797565246545 0.04228819416072922 0.09652390464907286 0.06722238596931529 0.07854310812451297 0.06664874957281722 0.08398348001492568 0.05262681631856614 0.05443076850422843 0.06803067094162081 0.05782856359780867 0.04494382264224871 0.014855288445561006 0.027601265893433685 0.04574684769458713 0.07763558864811512 0.04108248014604946 0.05589765336273433 0.055297577057504765 0.07641327266009633 0.07354881497561651 0.07050165287343041 0.05869708566166274 0.07389072423568359 0.05919295712740089 0.03879747296320475
 0.1087953295526792 10000.0 0.07246237794142055 0.10251661970370869 0.06861866282690676 0.06273505733067783 0.016060010673478273 0.07352686844422651 0.06404460284602934 0.06300963241615092 0.10992698594218688 0.0640726408968495 0.03447738381226794 0.08092922039771637 0.10943431316621346 0.07445801819647999 0.05887040913689914 0.10481475480260857 0.07550908447558183 0.07585428156568391 0.032517830223352445 0.04520614306772166 0.009888625624078119 0.07727102802441328 0.10180005271570575 0.06972292369562712 0.11124398284287117 0.05591885245844053 0.046413116914424374 0.09068674463797015 0.05245497251770265 0.0470939005958647 0.09329616640523987 0.09731432855778809 0.028376068449248542 0.04266573560416193 0.04087437846926867 0.12116175631874183 0.10562370167061115 0.033830667924022624 0.04704351706653996 0.06216466792493561 0.11031870627229641 0.05402961465630791 0.03852879116507072 0.06536628985502792 0.07862985497243404 0.06246486546411061 0.08062721150765226 0.0368317008029478 0.07998478081128037 0.0895889077661206 0.08696680588686936 0.06187309719150132 0.05898908353919095 0.07008831792705399 0.05091914767093671 0.029502595478325615 0.08697186966674338 0.04957378417720079 0.07506309099515196 0.07161707110444679 0.06712761991615208 0.06294374313670106 0.08182907877129142 0.08994494760665774 0.03615899997516502 0.02708517436432203 0.012134566897814147 0.08096380650686058 0.10214017303922752 0.0735536542619414 0.05329989459465352 0.06713774427548898 0.032088972651317896 0.04228754278404891 0.051916457637186664 0.07892528444449759 0.05756513760542593 0.08891388404388906 0.05244092765596758 0.06481663110701887 0.09598006474726091 0.10162430784853309 0.06772726704673276 0.06889221770911644 0.06888519323441561 0.05292398747360727 0.07180041966834282 0.033323415270864326 0.04552160184492615 0.054171274524112904 0.06883090809965182 0.06066937653866344 0.08895284301851386 0.07150012305070191
 0.03747214407398293 0.07246237794142055 10000.0 0.03739731847437731 0.04391134408044841 0.06810185859823925 0.06654242706385564 0.05155657852086691 0.03696733695735344 0.07127358374672578 0.04453979415097215 0.03758708479628305 0.049500385295086734 0.06918292440488676 0.050935269068236484 0.03357459133999608 0.03353433985938636 0.03674111401243571 0.07570537819470503 0.007222172843914781 0.04967896830313854 0.051697359630357445 0.06473007363822614 0.022199982307268433 0.03537439560828048 0.03619769169241602 0.05828279862168668 0.06143197696459397 0.06576944157253274 0.07355278069867287 0.03510292418428236 0.03283111050065175 0.05849702279528872 0.06563527832457627 0.058254070767228626 0.030433097694924832 0.05492230507006619 0.055810844720010265 0.04759512834843548 0.060806698868158406 0.030341055451047125 0.02954903871389723 0.04495237442428731 0.024556508767839835 0.0359779731204539 0.07535625193186724 0.022384884449361653 0.02879765700265959 0.008444862376198271 0.03925199923174378 0.04962592368165571 0.01739094355815204 0.03821598311100522 0.03843645384770418 0.048859885682178784 0.02163849612845036 0.030711212034307482 0.07024739650305069 0.06938437834888349 0.03608682299122726 0.046001235089281514 0.018599772195971566 0.017661744132179778 0.05258882489102714 0.08223102983922878 0.026543776109037027 0.046844750981309836 0.045915663369791526 0.06272166776948887 0.02467974703636397 0.041714364533996864 0.026547180841510514 0.0724353637708585 0.050134780485329426 0.04449034343276988 0.031559264294994414 0.05977662813914133 0.028463866591401987 0.017084271914288435 0.06303376571712095 0.026211308494021184 0.016495976112737887 0.027749914814515334 0.04220798295991217 0.010383946409004492 0.061117162866921135 0.015641084754695275 0.02103504438217151 0.026260909545902933 0.03941966636977205 0.045185910119322055 0.046286616931015774 0.04225956927562896 0.05344185529953841 0.05589168041627457 0.016162421517928346
 0.017577992804741656 0.10251661970370869 0.03739731847437731 10000.0 0.04593874950692164 0.07330034262580101 0.09242689735551422 0.04925702248100023 0.07350774080798686 0.07660467006317322 0.007515020426332833 0.0741208407952202 0.07178314679483468 0.0637303561519137 0.016072916478053353 0.03310347632553411 0.046717366106359626 0.006512455461349381 0.07474640501771716 0.040337789210271 0.08546797483528232 0.06745708568677394 0.09336702326855256 0.025402949853090974 0.002978698026702128 0.07163448303648567 0.026066776632436863 0.07017425308953881 0.07928557237874374 0.06280959876215918 0.07249169042479574 0.0696810408036447 0.041687441440821545 0.04789032157853645 0.08085993231119011 0.06063954500941457 0.07229289080973525 0.019005443900724863 0.014258534643652059 0.08050822193298945 0.05550196494155071 0.06648369724064955 0.007924030346730622 0.061722377437021886 0.06401980461595634 0.0799231987849357 0.053908100656159086 0.04170083050756462 0.03400057052384978 0.06579238746803186 0.042233565768844364 0.02481230299837841 0.02373607654299925 0.07526479833157373 0.05690536727087935 0.03264222595087274 0.052134722729607536 0.0909360600324814 0.06003217740264304 0.05502792365598468 0.04265475628979685 0.05364807806347318 0.0354168873105358 0.057591098479053957 0.07906480774791486 0.04977654596961139 0.069268624616181 0.07561700187808253 0.09490862040173532 0.054982200691928926 0.008547311043832266 0.030400000739268837 0.08281590754960387 0.05250150240979586 0.07082769463606144 0.060530972954904276 0.07075787655566619 0.06033254112145532 0.053854313001836566 0.05081177156466275 0.050090049372104206 0.0378799401901577 0.010439300622580226 0.01009403882775536 0.04751912529321227 0.06225212989771494 0.03382497794295205 0.05054988014544858 0.06103960591069187 0.07219851809544982 0.0626661578685702 0.05800393747759405 0.044420113069712934 0.059826171440578176 0.04198547912028395 0.031155372985188553
 0.060358682486595774 0.06861866282690676 0.04391134408044841 0.04593874950692164 10000.0 0.027736261897358262 0.05466911823933671 0.008114036218876188 0.07310660382816082 0.03109136274061979 0.051706977220449694 0.07365399726163999 0.0341495550982247 0.025384626394814955 0.04558230023119095 0.013494780152388043 0.013940513507248514 0.05121739692103068 0.03234806409171384 0.051126753098207474 0.06598966727333595 0.024988805111870654 0.058730049591678636 0.02611929802213085 0.04695132553123727 0.07490136494200898 0.044373997226440615 0.02429164989370293 0.034177055488866084 0.031138622838358238 0.06491264213910035 0.05811188039030716 0.024961765287661402 0.03005608851251298 0.04156054755509543 0.03802079683775088 0.03008780158057394 0.060874940487515794 0.04216504010511947 0.03877573066797691 0.02912336114907584 0.0655848863757017 0.05198966546854943 0.05445382071560878 0.03648380072785715 0.034724082738674125 0.06577465442743083 0.016030634748980005 0.04960742186511551 0.035387999272785575 0.011519337313523633 0.050404137290162125 0.023084532059339226 0.0733447271001033 0.011682975077508435 0.022677874903906638 0.023738788418659788 0.048759945662525506 0.026737557305396946 0.021228060466310462 0.006446971702275404 0.06038756043845003 0.026260241772288393 0.01166024074223701 0.03851067711266601 0.07015805356620633 0.03253351136576847 0.04617347914436973 0.06542366729168816 0.06826571342323819 0.04125946565264486 0.01943594848790062 0.03692175488555098 0.0069534165821939 0.038227192621443876 0.03613495159541981 0.025305061367509894 0.07127254738094083 0.047935029389689104 0.02330424139407402 0.02667568709983516 0.027872733364065254 0.0456322955660332 0.04008540094814537 0.05075469983327076 0.017975356208288704 0.02831590968068704 0.03394605679212666 0.06717773800993718 0.04898973667524135 0.023106600245735916 0.014928237382343331 0.0017566893601297883 0.013912583114437868 0.020667832525909147 0.028398494134769324
 0.08809217505338574 0.06273505733067783 0.06810185859823925 0.07330034262580101 0.027736261897358262 10000.0 0.0466931955545027 0.024489902006220452 0.09013439791392562 0.0033598270497531176 0.07859387247961855 0.09058437358462096 0.03377993962549045 0.020014114798915593 0.07062367615999172 0.04121651513745234 0.03456855014841525 0.07880259296101683 0.012904287393023548 0.07519105966227506 0.07333112161520414 0.022285044073081205 0.05384566942802469 0.05342021326694704 0.07449689130155913 0.09330012168799402 0.06682733913505377 0.008308883682946295 0.016529704015170264 0.029790474258186525 0.07966734479762984 0.07198203718744715 0.04150422915025178 0.04201589323537536 0.0351884508704379 0.050784911044569093 0.023998521761449884 0.08685146818075039 0.06763672300863409 0.029030717097101623 0.043348969927021745 0.08340954588844117 0.07884223440741568 0.07132022763517455 0.046071092943765525 0.007277018664518384 0.08828063509389351 0.03954460732206676 0.07499616628602862 0.04287846300960471 0.03247056854193096 0.07731268021519533 0.04978903842995662 0.08964725641017388 0.019275806749703438 0.04875599262199001 0.03973640899531422 0.03482708188096791 0.02708143928383331 0.03435718240567621 0.030758494417408216 0.08190648779319376 0.05102159551623437 0.01635372585937279 0.019768112826464672 0.09461219276973949 0.034323210882550505 0.05026100619855731 0.06464648741570513 0.09094561162983746 0.06784721755569269 0.046674559640295536 0.012685868234153816 0.020890563892651023 0.042151351238312575 0.048393160034367264 0.012132288865857573 0.09291457819997934 0.06689062207186414 0.03297806313655232 0.04437582856911768 0.05164723439205329 0.07336505958117338 0.06651372079176282 0.07264150712011429 0.011838358169524832 0.053420513965202684 0.052141353127789385 0.08760150553198058 0.05752799101593913 0.027507035250296786 0.02226816367866738 0.029414749468296673 0.014849129538998954 0.03791690825296405 0.05424365791138755
 0.10080207806932623 0.016060010673478273 0.06654242706385564 0.09242689735551422 0.05466911823933671 0.0466931955545027 10000.0 0.05881304259184791 0.06682949011050208 0.046951239689067344 0.09962788090647866 0.0670050612031511 0.02110612045271208 0.06511865183817556 0.09760627231253013 0.06217703015670133 0.04667112922984638 0.0954939604075346 0.05945120045239847 0.07120369826935125 0.03816123512470487 0.03023918225448115 0.008420435943524492 0.06704168693389119 0.0920922151501351 0.0720241734021168 0.09839158468504171 0.040023938533595836 0.030353779900700692 0.07493353397936488 0.054693590985478636 0.047836055281881056 0.0788288907164858 0.0823970674716717 0.013187381498271006 0.03620647293511953 0.02554229899950795 0.11052256128372755 0.09385511389938941 0.017921979023558597 0.03770538517005197 0.06315172890852061 0.10000077535508256 0.052853698995724466 0.030594537414602736 0.04935119937565744 0.07711391380201428 0.05103303950356818 0.07497498277410515 0.027628486885076076 0.0657437359154568 0.0827841500889911 0.07468907131099213 0.06509517757751634 0.04426963615347255 0.05981352861052079 0.04033735705138122 0.014139317830476738 0.07132217758017856 0.03765306726614023 0.06104293027536854 0.0698234927301022 0.057743818707609196 0.04784944267650434 0.06577832242170262 0.08761072552411381 0.023383080563316186 0.02170347833275683 0.021112448656140977 0.07968279932572062 0.09099410355341361 0.06241648395781161 0.037368107381761016 0.05239173130294371 0.022312062725323573 0.034985858970552855 0.0360745043482488 0.07872749085215884 0.05414653532086651 0.07378434332551759 0.043008459820494296 0.05588655297293442 0.08706579988854739 0.09029885297806885 0.0640085993399389 0.05322749524193166 0.05982997883539013 0.0456799161551315 0.07172289277306457 0.03104975083171892 0.031788989949738646 0.03983428002903477 0.0551104793162423 0.045451629710863466 0.07449774780867806 0.06226945595078691
 0.06486071217860814 0.07352686844422651 0.05155657852086691 0.04925702248100023 0.008114036218876188 0.024489902006220452 0.05881304259184791 10000.0 0.08121698294916606 0.027677625017468822 0.0542354717774552 0.08176340040584934 0.03923417456559045 0.01764536310987577 0.04621134228960531 0.019309094744077007 0.02189897802316093 0.05503181070592559 0.026145425402915843 0.058744619661210494 0.07327926235133368 0.02857507169407364 0.06368702521364658 0.032458586809506904 0.05068170594421882 0.08300841902567357 0.04315016117952315 0.023565938842758077 0.03472477570777376 0.02303125370219435 0.0729323797182016 0.06604873390240468 0.02010296866489908 0.023838680364969684 0.0456322248623452 0.04566344778834254 0.03341165449487463 0.062363574773517116 0.0431638130924065 0.041848078191127625 0.03676357045535253 0.07369882562413115 0.05447108812016904 0.06254161379725505 0.04364538885469747 0.03075919477793216 0.07360307202515096 0.024118415264199052 0.056844388020862044 0.04216048568492315 0.008191161451784047 0.05677631711203561 0.025550375043880667 0.08144198130270558 0.014563093015655181 0.030041297929020817 0.03145787367348268 0.051176704935164005 0.018625743985234613 0.02835293472817759 0.006747742246204866 0.06835383093264362 0.033989373878727656 0.011447403717737186 0.0316671358466503 0.0775679128594237 0.038009530388094036 0.05265201953927311 0.07135461953997967 0.07605873933040877 0.04343324954960935 0.026070286257942575 0.035577496005284176 0.006421328570976543 0.04443232811532855 0.043678092328426114 0.025808653402045766 0.07919294688251192 0.05604887577821692 0.01603409159816585 0.03464750726939198 0.03577331998956495 0.050478034358184674 0.042070871297417 0.05872109772088748 0.013020009237621286 0.03591569213523389 0.04201813353922534 0.07521407344046985 0.05624954708814471 0.02837665840425181 0.01944396615930112 0.009513651182840987 0.014086859375256656 0.015824650064880638 0.03573210636720373
 0.0688796705020208 0.06404460284602934 0.03696733695735344 0.07350774080798686 0.07310660382816082 0.09013439791392562 0.06682949011050208 0.08121698294916606 10000.0 0.0926750801623157 0.08019317471133643 0.000619757147318294 0.060100074127817676 0.09773156246804582 0.08778437273225861 0.06673264874171199 0.05956079200541003 0.07160513808236132 0.10082040285296304 0.03318603105198751 0.03175631619909154 0.06871799213429862 0.06081411620456687 0.05796009300066308 0.07114723754736302 0.005854425759986874 0.0952387410903836 0.08204664024625422 0.081288195346362 0.1042451137442575 0.012143027717023644 0.019508662686966473 0.0928143503274098 0.09968753483691367 0.06552818423600965 0.03948124022221648 0.06934798115980823 0.09094369912592579 0.08451555143111113 0.07098320406653087 0.04692003719100133 0.007741710511904906 0.0805927477330713 0.01896795903426309 0.044878616135293335 0.09669637760986646 0.022860083945112963 0.057250001139919196 0.039645404121710776 0.04859969600113985 0.08184627211224209 0.049806228450879134 0.07413544399854076 0.0026571165456108626 0.07307015959481393 0.054831926611182025 0.051236437900704326 0.07694179941904031 0.09984272547435637 0.05614920347724133 0.07724859465390121 0.02011890774039742 0.049754363474552275 0.07789536035097659 0.10797627909716112 0.033780257588396805 0.05828847539096411 0.04654711304409091 0.05193061611297887 0.023705150942664188 0.07854788994441672 0.06046569031292381 0.08952082633218604 0.07762321395925639 0.051547991166333844 0.041879799294536266 0.07892717291655232 0.018989045558125334 0.025277452043064624 0.09537082922804087 0.04712220326902949 0.04711002164133314 0.06327262626910199 0.07911211828920932 0.026601140534492824 0.08711456919529462 0.04893825976960402 0.03937077983447131 0.013812428912607673 0.03672590611613734 0.06275845298439443 0.06854453087657965 0.07182325323193338 0.07762158059258151 0.0895671217556041 0.05071095799270662
 0.0914445519742185 0.06300963241615092 0.07127358374672578 0.07660467006317322 0.03109136274061979 0.0033598270497531176 0.046951239689067344 0.027677625017468822 0.0926750801623157 10000.0 0.08184829223760923 0.09311467201969499 0.035412891174848166 0.02165079346204223 0.07372125608636698 0.04457414026458551 0.03775387499514472 0.08213076323612785 0.012634324091534066 0.07834042824076651 0.07503546179422113 0.024345042909134723 0.054382361465982396 0.05677288738653325 0.07782099475835008 0.09595281623938336 0.06971568748428354 0.010629748182497827 0.016598584352907415 0.031171272815424877 0.08204803454585193 0.07432858377098321 0.04416747768291439 0.04430118455611453 0.036007586034157706 0.053241502633325166 0.025474915650761917 0.0900112613286045 0.07077701826577866 0.029633134899746835 0.04603252453781262 0.08604555115703207 0.0820931546005868 0.07393131321397643 0.04833593134785309 0.00412357386782728 0.09128985699827749 0.04278986714891223 0.07823419819173626 0.04502319134604126 0.03557970234879138 0.08064072773092341 0.05305852794996392 0.09212404363933673 0.02251248076129925 0.05206733576155513 0.042601906004113385 0.03448570584602252 0.028831836875679917 0.037161980316394574 0.034022938585868766 0.08485248003275575 0.054268795650005024 0.019708079091066383 0.018864686859687188 0.0977628437342364 0.036170905880747846 0.05191726805363343 0.06553802036732556 0.0939636752374334 0.07108272269867735 0.05002769335880403 0.011118691083945411 0.02423388759829764 0.04396931754670255 0.05084344260266795 0.01400188150484748 0.09584515628672098 0.0696941391794917 0.035342267320335054 0.04727732324199021 0.05484211060640831 0.07672182755085304 0.06973694511781636 0.07564184294700675 0.014843764486425968 0.056678208349142424 0.054991794223774856 0.0904439668322339 0.05951681493508617 0.0299297269773847 0.025253308529130797 0.0327723971716392 0.018152680696221356 0.04070157502266107 0.057535708100391485
 0.018319740003577147 0.10992698594218688 0.04453979415097215 0.007515020426332833 0.051706977220449694 0.07859387247961855 0.09962788090647866 0.0542354717774552 0.08019317471133643 0.08184829223760923 10000.0 0.08080162710441015 0.07887173002897642 0.06758008360966349 0.013743603046580103 0.03938866349599169 0.05359799111085377 0.009136992599101668 0.07906940176189421 0.04702040878536206 0.0929300809386552 0.07407988909234549 0.10072706689710327 0.032707663997619575 0.009166100461072907 0.07805334474999695 0.024176802033499457 0.07599681684304786 0.0855031882855381 0.06564417589383229 0.07963581033215139 0.07701868462321702 0.044181335836009014 0.04973975999760889 0.08789633217260187 0.06813843896986359 0.07898953267778315 0.01149995472483882 0.013830558481384583 0.08731553782247521 0.06289152574918208 0.07332176120308226 0.00041515277697853957 0.06898329224822215 0.07145549589576432 0.08499371706364872 0.059919678673824806 0.04873149653298672 0.04055344953704166 0.07316285169725292 0.04675276575978427 0.030770850377015525 0.028822970503380674 0.08203449417184563 0.06297795146800175 0.03993907615763737 0.05940417216105017 0.09774219469721655 0.06325909334672065 0.06211113611757389 0.0478360004359312 0.06018867098290744 0.04287037153681442 0.06327396070722056 0.08291009792592463 0.05478000427200252 0.0763901182263936 0.08306783309400492 0.10240289885033853 0.060787703505408394 0.010877905113776166 0.037354862814464214 0.08861710170366668 0.05802018808644346 0.07815991480663295 0.06800628577579573 0.07683262779680536 0.06624486559551174 0.061173967855476935 0.05383970936940916 0.05748711117289144 0.045366316425082404 0.016952389523267695 0.012369189384554915 0.05451676182818981 0.06724732423532193 0.04131757598145038 0.05806117135622182 0.0674293556682029 0.07971303628309583 0.06951445186686697 0.06443594672372498 0.050283261428537625 0.06561455423992094 0.045170525954129674 0.03864351943673226
 0.06945417223279866 0.0640726408968495 0.03758708479628305 0.0741208407952202 0.07365399726163999 0.09058437358462096 0.0670050612031511 0.08176340040584934 0.000619757147318294 0.09311467201969499 0.08080162710441015 10000.0 0.06045205527226833 0.09825622451146138 0.0884031867437931 0.0673213125721238 0.06009321531155798 0.07220826263987278 0.10130123367767291 0.033796978141015115 0.0317343982345846 0.06913370102211434 0.06093439628715727 0.058571851827254856 0.07175788184802502 0.006017994383744595 0.09585830661131292 0.08248719700881574 0.0816632255956108 0.10479261403353496 0.012348397171276363 0.01980086139285377 0.09340590938361774 0.10027493864719778 0.06581744309901293 0.03990577738523684 0.06972888008792871 0.09154583372865036 0.08513498819885432 0.07130201578764386 0.04739251885969323 0.008341568787787834 0.08120103459004285 0.019465928575780667 0.045268209853100864 0.09713170354557657 0.023373655019194747 0.057807712548457055 0.040252498229618336 0.04897681355361778 0.08241912215458416 0.0504040129352131 0.07474575899561206 0.0023853983967787595 0.07356446716172671 0.05542822356628664 0.05173448500774959 0.0771969827054513 0.10038902133793275 0.056628678108420864 0.0778138136969163 0.020714498616932763 0.05034845451323226 0.07839660791145124 0.10846109251228714 0.03423271550550563 0.05865739735500288 0.046804025830492 0.05195176832374175 0.024177366122303635 0.0791666680025712 0.06106361838378698 0.0899065269250447 0.07814891762652909 0.0518801997054139 0.04230496320504699 0.07935321591183087 0.019402044072813915 0.025845573503294566 0.09594013035595736 0.04763744206618674 0.047698995819090255 0.06388274551257114 0.07973145062805324 0.027220710240021158 0.08761562881907758 0.04954006844424248 0.03989710664223306 0.014344492859128767 0.03699216877358264 0.06319345410660476 0.06902317688506193 0.07237537470978501 0.07811022517838462 0.0901525665692939 0.051318230120944
 0.08125122692899184 0.03447738381226794 0.049500385295086734 0.07178314679483468 0.0341495550982247 0.03377993962549045 0.02110612045271208 0.03923417456559045 0.060100074127817676 0.035412891174848166 0.07887173002897642 0.06045205527226833 10000.0 0.04879164025357971 0.07650794786062899 0.04107165546197911 0.02559694641159067 0.07519645115551482 0.04638529906706346 0.05525121745220706 0.03962269518984704 0.012094441135254886 0.024590743012390413 0.04652451407802917 0.071622536366514 0.0642523683020172 0.07737669486134749 0.025612086722405326 0.02144267750104011 0.058103746826327095 0.048571164932501215 0.04080817793241245 0.058845898764546545 0.06307224402011029 0.009195485045971038 0.021859223562077486 0.009991464094988519 0.08962610127696959 0.07276290008407761 0.011638778823213083 0.019171747123980752 0.0544470895290087 0.07923646658869905 0.04254730749908197 0.015707428012386383 0.03899189471493505 0.06434076176537083 0.030147111907905453 0.05785295651539811 0.011805581101099886 0.04551031894822853 0.06439587147603026 0.053583426902477055 0.05909284585349946 0.024834799833450476 0.039370686611882436 0.02026993629213304 0.02077256225156962 0.054066394876425575 0.01676149694693175 0.04059103985534402 0.057155505810440606 0.0379346500002141 0.0291995235699266 0.05347341652355239 0.07345436056313383 0.002689136836719516 0.01650613530506487 0.0325413926519166 0.06705014716165159 0.07000540312938276 0.04154114453264697 0.029856069875445906 0.03291333725804895 0.008824547528777083 0.019727243527678566 0.02164961287485208 0.06742161972804445 0.040850818392163916 0.054919177692013786 0.023844962574215898 0.036496897670899135 0.06706889800283944 0.06927297287686293 0.049495032408648665 0.036444625322780144 0.04020978678385035 0.028690827596009293 0.06099160335849895 0.024598174067892952 0.01104512751052597 0.01979481384373136 0.034411051771066625 0.027214312329176486 0.054504076380427736 0.04245431203573867
 0.08034675329081757 0.08092922039771637 0.06918292440488676 0.0637303561519137 0.025384626394814955 0.020014114798915593 0.06511865183817556 0.01764536310987577 0.09773156246804582 0.02165079346204223 0.06758008360966349 0.09825622451146138 0.04879164025357971 10000.0 0.05723822228466739 0.03668141090214588 0.03821113554908757 0.06992346970063677 0.012461886712356275 0.0763785517669458 0.0865286160446459 0.03673976866168616 0.07154355173434486 0.04981810953366809 0.06558221264954167 0.09987237423005409 0.05134546496546791 0.025132931046346566 0.03597266021184742 0.009901222665793264 0.08873808401849712 0.08150775789097521 0.025102313287914495 0.02346498257101486 0.05264021170831041 0.0604176106991566 0.0403099631758479 0.07398446432630579 0.05491852194563407 0.047197435696297294 0.051751289278008754 0.09036218786335613 0.06774640443744279 0.07884719903563442 0.05723999172089276 0.022459081012846813 0.09115149541455658 0.0412988404046641 0.07445870547073594 0.05494112624780025 0.02197541265226184 0.07398836435228609 0.040386768725732894 0.09776426602712904 0.025735272285168347 0.04768653248449989 0.04682183329731779 0.05431892793150198 0.0071994245070973115 0.04262728061598004 0.023759892214875126 0.08575054001867605 0.05157966596411617 0.02070580575257181 0.015347367961645325 0.09520685818521507 0.048428206408789524 0.06434219572547284 0.08118542281723594 0.09363109791580979 0.056749424809755665 0.04359856363892278 0.03258826265558627 0.02010976490350276 0.05588838087502931 0.05821198282955093 0.029044212325587078 0.0966527330206662 0.07282103610411042 0.015173024483371354 0.050650033599036054 0.05325690666504464 0.06652477772482632 0.055218081938196995 0.07612060223348593 0.012347551791231703 0.05354508343755436 0.05836100725894743 0.09245866697150203 0.06972650927775038 0.03943801844569178 0.031013368455171022 0.02697068306082134 0.02198264480148288 0.022758166752385307 0.053374391367855836
 0.03183041052291481 0.10943431316621346 0.050935269068236484 0.016072916478053353 0.04558230023119095 0.07062367615999172 0.09760627231253013 0.04621134228960531 0.08778437273225861 0.07372125608636698 0.013743603046580103 0.0884031867437931 0.07650794786062899 0.05723822228466739 10000.0 0.03545466282768657 0.050947564146984516 0.021447795506569035 0.06928217277221049 0.0549496851803781 0.09630122653581534 0.0698189461464957 0.09983965948380066 0.03358956723718452 0.01903407300489573 0.08639729174379922 0.010462928808295977 0.06930208970856434 0.07972226694816258 0.05401268701433193 0.08549123421029156 0.08176154636374898 0.032636815938882964 0.03736388798257399 0.08512049173300464 0.06952486472914046 0.0749039413585456 0.016760128437340597 0.0038265922312611935 0.08352481797540189 0.06289936217668085 0.08047075539741946 0.013650970096942522 0.07432766148519233 0.07175039108488032 0.07646912414478184 0.06927642516569268 0.04697427286314645 0.04893019688841469 0.07276226312982285 0.03815314226008015 0.040504208280829346 0.023057555806739894 0.08934820792192272 0.05725763908231641 0.04018066849084969 0.05856923932982962 0.0938085924544052 0.05213786491746104 0.06010658436226258 0.040516401028144765 0.06834365890134415 0.04431451741918144 0.056525985824238796 0.07234791491714708 0.0657542746957353 0.07424821470206183 0.0833541577570971 0.10320278863874545 0.07052618926666468 0.009236909340473404 0.03598598544159488 0.08166559172724447 0.05104100571265167 0.07734613680704706 0.06891970881374115 0.07079118450768566 0.07576002486237436 0.06626474419355574 0.0426627747129082 0.057721617400817264 0.04717925696383535 0.02614377224101938 0.008803846074292644 0.061305940586481075 0.05888165936303485 0.0434515607666348 0.060111439604401885 0.07590998998425112 0.08158817309309384 0.06622877058223019 0.05975730740314879 0.044469760060318685 0.05906535783581601 0.03448019560508434 0.040845063375237946
 0.046910993194507686 0.07445801819647999 0.03357459133999608 0.03310347632553411 0.013494780152388043 0.04121651513745234 0.06217703015670133 0.019309094744077007 0.06673264874171199 0.04457414026458551 0.03938866349599169 0.0673213125721238 0.04107165546197911 0.03668141090214588 0.03545466282768657 10000.0 0.015613048516894696 0.03803796367142042 0.04526664366393217 0.040575847353903655 0.0656744230640306 0.03483190250241187 0.06473153904360132 0.013158779250750059 0.033848913640867215 0.06758702866194982 0.03688129744969576 0.03726002383718372 0.04619053413744627 0.04008325273531796 0.06034509884252853 0.0545186945924244 0.02611112738729086 0.03295849289054709 0.049673944081410036 0.0373310939569245 0.039830862162392754 0.04935894278755991 0.03173619810492556 0.04833360028939411 0.029314068527387705 0.059004465101673495 0.039706420806392334 0.04915524223085304 0.0380358803185312 0.04821847941676062 0.05594921884647714 0.012589936021609464 0.03798238126807553 0.03833491760616318 0.01605849595167658 0.03746884062789771 0.012541101569570019 0.06741917674447634 0.02383312956861543 0.01216875075765841 0.024299760578618643 0.05871142615820507 0.036012534800015185 0.024890879979422267 0.012926554464618644 0.05145739595109858 0.017060242104214307 0.024998754040798165 0.05097353386507049 0.05884039724039179 0.0388560101270746 0.04926065243705738 0.06919707278686506 0.05825045535784561 0.029528547849262447 0.007084329489105424 0.04987767001645682 0.02042699601770473 0.04250785722149509 0.036104800305727325 0.03766723853235305 0.06190537273661889 0.04164373631579351 0.029486202139158802 0.024860891125120212 0.019622709337310404 0.032150231554670866 0.028600273181039505 0.041994861972092574 0.031239929441444495 0.018327298910463627 0.030005248185834457 0.05877466987936402 0.04938974304438141 0.03081612449534601 0.025055887238160598 0.011801772645426206 0.027027308137106926 0.022867504822417836 0.01741217879209083
 0.05797884495616287 0.05887040913689914 0.03353433985938636 0.046717366106359626 0.013940513507248514 0.03456855014841525 0.04667112922984638 0.02189897802316093 0.05956079200541003 0.03775387499514472 0.05359799111085377 0.06009321531155798 0.02559694641159067 0.03821113554908757 0.050947564146984516 0.015613048516894696 10000.0 0.05069573315998565 0.0427538881825307 0.04064202032127747 0.05253067329189061 0.02113917861893747 0.049124956054375724 0.022152087911400442 0.04685659841595119 0.06167274253880254 0.05238890888526975 0.02814593242954213 0.034307643261175205 0.044863786900357076 0.05103567645553957 0.04417625259835217 0.03758594823774194 0.04338379112242759 0.03441460323171448 0.024266018195828486 0.025733655746129583 0.0641507385819457 0.04718755321846528 0.03379855150557151 0.015446428491446906 0.05215479778355218 0.053949833723794235 0.040752714797638444 0.02348422924706738 0.04182749296424978 0.05419287236346557 0.005544409855603707 0.040553966037618655 0.023169082214201237 0.024530635516841644 0.043951501631561606 0.02815164330976027 0.059677683915289534 0.01533632480773568 0.01568325957273261 0.010021857798685512 0.0442234610164759 0.040442408682940946 0.009299123151223498 0.0193481931243413 0.04821763818429318 0.016719805735544244 0.019355028459920733 0.049597434728577916 0.06005684035425751 0.0233011843569916 0.0341697459978349 0.053997441396035906 0.05680486496079024 0.04445122870001455 0.016323740653396736 0.0398491368192826 0.01811495218493931 0.02702720562093987 0.022520320955719823 0.027021502425663646 0.05923826907699536 0.03461893761340461 0.03717220299169763 0.012750573189773054 0.01708931247264782 0.04326267754454746 0.04368902308798478 0.038697568903876114 0.0283280537323785 0.01919462969433101 0.020214175057043624 0.0545624422533521 0.035660346119052985 0.01594984450821685 0.013186359542390695 0.013010173202178182 0.01995818344648252 0.03350769923065934 0.020481747781989697
 0.01107591207301314 0.10481475480260857 0.03674111401243571 0.006512455461349381 0.05121739692103068 0.07880259296101683 0.0954939604075346 0.05503181070592559 0.07160513808236132 0.08213076323612785 0.009136992599101668 0.07220826263987278 0.07519645115551482 0.06992346970063677 0.021447795506569035 0.03803796367142042 0.05069573315998565 10000.0 0.0807503770453159 0.03854090529370964 0.08593736272652075 0.07171182608208533 0.09591105482130331 0.028722194732200175 0.0043596926781003615 0.06926199161310173 0.031787835526483135 0.07529105892491005 0.0839957309049322 0.06923298092754143 0.07165726047068154 0.06952296423119046 0.04817375943660857 0.05440211157044264 0.08435475351054755 0.062431492262371394 0.07642059864198537 0.01934601438070038 0.020252383097734243 0.0844326340224935 0.058075431979333285 0.0649057252680763 0.009481640645877006 0.06129759997037724 0.06630751156197753 0.08554809119458312 0.050948727343541486 0.04544317481915635 0.03199739860442499 0.06839003414481895 0.04825813815603459 0.021901872733867535 0.029678732054711856 0.0735253249142029 0.06185075450531119 0.03582608100290417 0.05517951521022011 0.09483285296555545 0.06638975521172535 0.058541462966154395 0.04835454854174173 0.05152289986486509 0.03785027102275903 0.06287097612325689 0.08523461782244503 0.04564345265430909 0.07261595361787082 0.07776135354498019 0.09663412582993103 0.051745721630182456 0.014948675721602786 0.03445567928301848 0.08791474821462844 0.057927928741597495 0.07355290617215648 0.06256566276210114 0.07564209892513409 0.05722896190194653 0.05368973506801556 0.057220322851098494 0.05266919008750168 0.0400137050745904 0.009138221327034974 0.01653252079179351 0.04638446220993582 0.06796645755773177 0.03595460631503613 0.052184306169030324 0.05863738306631806 0.07358184758688618 0.0665934759425619 0.06255424910220327 0.0496323758694812 0.06501138447907454 0.048385438374443375 0.033381907254795694
 0.09083860335803239 0.07550908447558183 0.07570537819470503 0.07474640501771716 0.03234806409171384 0.012904287393023548 0.05945120045239847 0.026145425402915843 0.10082040285296304 0.012634324091534066 0.07906940176189421 0.10130123367767291 0.04638529906706346 0.012461886712356275 0.06928217277221049 0.04526664366393217 0.0427538881825307 0.0807503770453159 10000.0 0.08291694281118689 0.08574023145357743 0.03456869761377078 0.066715343102736 0.05830370636996045 0.07639079546726965 0.10359486141224634 0.06372692939286555 0.020782418035531287 0.029124697647948797 0.020311114605222003 0.09085079622466172 0.0832839452851623 0.03748730576038553 0.035831307537795606 0.048092164430263075 0.0619459397379323 0.03676437423817457 0.08597869113553934 0.06679428147536196 0.04190069540702354 0.053924400978077484 0.09380713652663274 0.07926028316750565 0.08186875381317679 0.05771891976442551 0.011575675385694791 0.096920740973807 0.0469589774781036 0.08183623440295501 0.054780692260407694 0.03251343750159691 0.08265258490365657 0.051073086719656186 0.1005290351338086 0.02790885437738295 0.05494246947219388 0.049683107992457703 0.04712001747804557 0.01919813164159976 0.044672791931723396 0.03287421326321327 0.09095710837331109 0.05811113473745534 0.02341248849379658 0.00723769374774945 0.10217623531755166 0.0467166450532097 0.06277722242192472 0.07754515122774915 0.09951396766241445 0.068193864877193 0.05171096374864675 0.023480443491096365 0.02567377500117178 0.05452863085101285 0.05959336984655239 0.02481283639667949 0.10198377827979827 0.07674416872293194 0.02762819787091168 0.054069401098716545 0.05928315025052943 0.0765822762839388 0.06670930589368575 0.08145143328272322 0.014589602138802811 0.06033072496109192 0.061946079073719504 0.0971419579681142 0.06959998148612082 0.039081836657916334 0.032280392415332836 0.03409701429410941 0.023264326388477533 0.03488436248146873 0.0606456749864794
 0.03714971337670113 0.07585428156568391 0.007222172843914781 0.040337789210271 0.051126753098207474 0.07519105966227506 0.07120369826935125 0.058744619661210494 0.03318603105198751 0.07834042824076651 0.04702040878536206 0.033796978141015115 0.05525121745220706 0.0763785517669458 0.0549496851803781 0.040575847353903655 0.04064202032127747 0.03854090529370964 0.08291694281118689 10000.0 0.05060128877709311 0.05826570860155589 0.06869626014777133 0.028703717137774108 0.03796133902231925 0.031448836779059006 0.06301379612242812 0.06840435379920323 0.07234885103940956 0.08062374014974358 0.033668767891450936 0.033031226608576846 0.06507860552017468 0.07224603834913351 0.06375103798158141 0.035031827992463176 0.06125767027302878 0.05788357336401486 0.05184715778654235 0.06673016103701603 0.036262109404658814 0.02636520186142058 0.047421701983551286 0.024496986292914344 0.040948465227806874 0.08243341169528236 0.01566967733828763 0.03598878943656032 0.006573908069384336 0.04446712146362404 0.0566335540694051 0.017093919258153057 0.04436511185309675 0.03501791651852645 0.0559777237486258 0.0287678833472122 0.037218539793782 0.07587024947114579 0.07648368879191822 0.04269439879863316 0.05311963467650155 0.013394831931333668 0.02488290587289197 0.05976863654996763 0.08945223730710496 0.01942245233684837 0.052641201627101446 0.05000590475685822 0.06547203549497328 0.01777155037536865 0.04573293037939741 0.03350946428115591 0.07920700660619893 0.0573557645608316 0.049566628376287156 0.03648732363193865 0.06662784107867542 0.02200920891535582 0.018514167178768182 0.06996484403504392 0.03258658422997295 0.023668665974037245 0.030088339259391157 0.046429732442427415 0.008769842163299263 0.0683299983965582 0.022834430073309774 0.026560513357561523 0.020989382924038295 0.04253358817972263 0.051707725690398915 0.05326201874632211 0.049470423380852384 0.0605797335179459 0.0626358735057224 0.023197794974024313
