NAME :TPP_input_18_3_1
NUM_VERTICES
52
NUM_CLUSTERS
18
Full Matrix
 10000.0 0.07078469399797098 0.018767538075756904 0.0698953189937252 0.038628733984846036 0.06470097877303368 0.009645661699078972 0.06971653573672522 0.08445622304879694 0.01452173623389167 0.08818063922774022 0.07020418547827145 0.08572592940348081 0.07580081497910679 0.0190450599109649 0.05682464797774544 0.07376260416476237 0.057250291645259 0.010745014453450843 0.045033183598017654 0.047704668816691304 0.08363030521168632 0.02452361974046504 0.07056173958548524 0.05385683213817354 0.06644309962169805 0.045550870399266405 0.017881423182843893 0.04111823983322948 0.09030871257854853 0.028829164531059635 0.08181223299751546 0.09144582265519566 0.08125812368674103 0.056162736899853676 0.08378131269103632 0.08489035223808625 0.01493738015138729 0.06574127627848503 0.03748929220059565 0.014910624613390986 0.027524180893005935 0.023581841065798775 0.06066631355180988 0.08542627543525665 0.07608001380702684 0.04804677614306161 0.05366164967620987 0.017287032781938463 0.029957861407420686 0.07038131065067989 0.09467170809217364
 0.07078469399797098 10000.0 0.08135565517744507 0.07818395673808258 0.05107305169270283 0.028950497908205582 0.06343221770661114 0.017864202734145018 0.021942719774247565 0.06252088798401469 0.01784518613131747 0.003887581456268892 0.040970162354641196 0.005708563413680137 0.05617040387805799 0.017072679912126784 0.014669243970974234 0.03373129547627265 0.06178823345378288 0.06843554055138189 0.02330951486019111 0.05896591296203727 0.07579698942354116 0.039666295184525587 0.08495000008645517 0.021222174017130547 0.07678379572872478 0.05889976699119445 0.0316860794861526 0.019710360747687256 0.04287647251679344 0.04400170297710128 0.028827973848370624 0.06715382270661982 0.03925195006456894 0.0773820441161097 0.023539874606529437 0.06320152670513646 0.031020045480966915 0.07309768589948457 0.0597776622856531 0.06502325864551338 0.07836186116117856 0.058055993993327705 0.045140563536838305 0.008881427063597572 0.023100694854215502 0.04251792581962353 0.05407374041747711 0.05339173334904994 0.022469659322717266 0.026889844993386133
 0.018767538075756904 0.08135565517744507 10000.0 0.05979588086275886 0.03788762190781516 0.08038267704367959 0.02785473248479014 0.08360902052239692 0.09127180027594783 0.03312561121017929 0.09769315212227042 0.08155561382165212 0.08771315190908632 0.08680650829061394 0.03675709162887004 0.06977014406115219 0.08120091983002198 0.0736046018377952 0.021219319287590403 0.03593378028931935 0.05817699790798536 0.08059917808274761 0.011241856909585948 0.07161559247005403 0.039571203682436384 0.0809310609805611 0.03309736704602799 0.022456596607990396 0.05510122148396218 0.10104685193646265 0.038722502526623265 0.08255642966918762 0.09765602309320912 0.07570659594756271 0.057526345895552625 0.07579024005406038 0.0913392926332773 0.01817450717699874 0.06908334041192328 0.02603297790709669 0.021856981797204852 0.046250370977771106 0.0082464251671103 0.05589534886197287 0.08628597406434041 0.08508713016782424 0.06018519799760335 0.054136059341977225 0.028673856079339203 0.03075944576707064 0.08498762324734738 0.10249277179957192
 0.0698953189937252 0.07818395673808258 0.05979588086275886 10000.0 0.03747292690610331 0.09661358396491121 0.07302962179426292 0.09169109137193947 0.07217329910202633 0.07774642647176257 0.08591196572917358 0.08100491709722125 0.054261309769836175 0.08334829292569317 0.07621881522607453 0.07904367216271675 0.06765564629145497 0.09458066656983628 0.06163289179716659 0.02487444436473011 0.06534272799656371 0.03415112673890867 0.048700035150665975 0.042155738935443866 0.024411479039267853 0.09209567329148821 0.026986835535557283 0.05419190917581114 0.07426510447610134 0.0927990424650996 0.058992018819879935 0.04703332895483411 0.07472929253329429 0.023465393417256057 0.03906894797850338 0.01763454779325691 0.07101243747525003 0.05547232294354996 0.048315453744281645 0.0338123680799613 0.05736566249823101 0.0912545944737075 0.05155035145406784 0.02013955623796792 0.04979283674336681 0.0753186630303886 0.07117560276346263 0.036272438183350644 0.06151720444715831 0.04412111114080569 0.09552318625977366 0.08370520090678824
 0.038628733984846036 0.05107305169270283 0.03788762190781516 0.03747292690610331 10000.0 0.06217354303350437 0.0385461631964031 0.059940539443615846 0.055520939709451454 0.042417928626960553 0.06466931425885634 0.05264844592899157 0.049826052621315 0.056776820913110565 0.03975220132464552 0.04592138253793416 0.046517336019969956 0.05876446112859868 0.02831667124129877 0.018305745536388432 0.031660140334806255 0.04500648491735791 0.028568869684101793 0.03374647368588643 0.034838590771523806 0.05914634669552923 0.02600858242612592 0.020765902538796736 0.037771152216160064 0.06962769463201048 0.02152059776407914 0.044776802429607354 0.061245393823866706 0.04321735904175244 0.01968159197372851 0.04746570124151143 0.05527405766348985 0.02402534658923941 0.031658348215897185 0.022119891101535005 0.0238698937470696 0.05497899526720869 0.03180071987034001 0.022844576501322513 0.04849807361402864 0.05209710044757727 0.0366875847456403 0.016254123371494514 0.025581034651507267 0.008681411441728501 0.06300367499867145 0.06733094386299542
 0.06470097877303368 0.028950497908205582 0.08038267704367959 0.09661358396491121 0.06217354303350437 10000.0 0.055372147219804074 0.012263304512287234 0.050772913938229663 0.05206527902517886 0.042396509456036464 0.025191879720644756 0.069140385890701 0.028949439445331702 0.04610614497236337 0.01791890041425118 0.043141680467470224 0.008549238262943999 0.05916727326183846 0.08040287079440149 0.03129483312299722 0.08448516642359762 0.07871308792147122 0.06447515829621843 0.0966744205686209 0.007879506809698277 0.08739685206255625 0.05995986386943457 0.02604325590987831 0.0390170191822014 0.04444475368010777 0.07112718467148141 0.05733436444394249 0.09080985889357658 0.05881628564861194 0.09990834179369223 0.05242868769817559 0.06337462980915139 0.055207103363999054 0.08148684337495068 0.0592632366367505 0.04817828975686222 0.08031542424368225 0.07713174863682841 0.07283131559171419 0.03773189286389004 0.02563809790922037 0.06077929156571625 0.05196155582611017 0.06026993746958785 0.0089061712678235 0.053390208185139426
 0.009645661699078972 0.06343221770661114 0.02785473248479014 0.07302962179426292 0.0385461631964031 0.055372147219804074 10000.0 0.06096604432268432 0.07867145709307889 0.0055234231286237345 0.08110326498902905 0.06250651211649759 0.08228983189409415 0.06819032946638011 0.009427808530071833 0.04859967198639125 0.06784669967583516 0.047768498401456264 0.011501249489007942 0.0485939580528693 0.04091175309087606 0.08278375820204237 0.031593741391060595 0.06792577406256814 0.059598937039920585 0.05749515731023311 0.050678852052990116 0.018851146040344036 0.03271352652642593 0.0826783935962487 0.0236443774379281 0.07907494174183138 0.08585780485316484 0.08176242860489474 0.05385419456870107 0.08551358112952571 0.07927487988426238 0.018043051780418522 0.062067629633578474 0.04261950359427887 0.01566395942653542 0.019650146990322748 0.03138944015341699 0.06133872680476081 0.08256229694892543 0.06937735022107498 0.04038184837909223 0.05193089729050032 0.013434166377087808 0.030103516862713023 0.0613685780796469 0.08829531153544992
 0.06971653573672522 0.017864202734145018 0.08360902052239692 0.09169109137193947 0.059940539443615846 0.012263304512287234 0.06096604432268432 10000.0 0.039135211806497025 0.05854766417677332 0.030133317223252888 0.01397684614688341 0.058801596702511255 0.016900638473743276 0.05223751012842532 0.014328945121566182 0.03250586009605403 0.019394467527169616 0.06262176731461501 0.07818452621092584 0.02833685910224813 0.07591420600990063 0.08030695923473463 0.05614195597798879 0.09477286289787154 0.0046994441286481465 0.08586694804933055 0.06190163325610989 0.0287127141488961 0.027009167557656026 0.04552849228413649 0.061538232609449454 0.04543305201217131 0.08328311851552582 0.05283356136858231 0.09301602536639032 0.04085729338925994 0.06578243426208476 0.047045280149651765 0.08082348378085875 0.06184283263252289 0.05711748212385527 0.08233597042971613 0.0717044067942096 0.06286552748082717 0.026266800616650942 0.0241534977105776 0.0554190702858913 0.054966288186432954 0.05977208219450648 0.004609031679839318 0.04114998407784558
 0.08445622304879694 0.021942719774247565 0.09127180027594783 0.07217329910202633 0.055520939709451454 0.050772913938229663 0.07867145709307889 0.039135211806497025 10000.0 0.07894823030481876 0.015291419901234234 0.02559435428268529 0.0231346533203255 0.02245150244327741 0.07292299078003943 0.03794127690830607 0.010850910796701148 0.05562205003587024 0.07430758581920932 0.06971930518198349 0.03823372023355802 0.04517956449975138 0.08352386956395433 0.030020970882758576 0.08500953167226376 0.04294747251463508 0.07845442728459891 0.0695351172511446 0.050079412454465934 0.0230731731918462 0.05564237704434101 0.02865021094865172 0.007412915280991176 0.05556220557767193 0.03769477817362406 0.06659185025788403 0.0018534244091289514 0.07391120633117848 0.02535568265339789 0.07695366246986349 0.07127844456225403 0.08390689143098308 0.08655231982833544 0.05335787404850186 0.028239991034364215 0.013069315680721578 0.040866414865605966 0.041666806230273044 0.06716929343242796 0.060817270391705515 0.04361760556977241 0.012048236423608602
 0.01452173623389167 0.06252088798401469 0.03312561121017929 0.07774642647176257 0.042417928626960553 0.05206527902517886 0.0055234231286237345 0.05854766417677332 0.07894823030481876 10000.0 0.080330413165602 0.06127128420100907 0.08408808311494645 0.0670006492465556 0.006406272892138347 0.046932615429200984 0.06809751188353753 0.044151888297636666 0.016661020705741773 0.05353412368363794 0.040783855938503075 0.08593541577018458 0.037115400970588776 0.07026578602275321 0.06495692087764625 0.05482133177390173 0.05595299559967802 0.02361882184061691 0.031092796818265458 0.08139245587188813 0.025360887543224235 0.08128733770689148 0.0862401714060217 0.08551088905111179 0.05649749150400387 0.08972481269202787 0.07967219415592906 0.02328702941479735 0.06386776246187865 0.047922767295973945 0.020539582955891388 0.014197375711346957 0.036898106095072714 0.06526138379645667 0.08468574828664119 0.06899332710037233 0.03944120935942881 0.054886796466861905 0.01684381805209044 0.03423556098603204 0.058575636618575115 0.08807096985272699
 0.08818063922774022 0.01784518613131747 0.09769315212227042 0.08591196572917358 0.06466931425885634 0.042396509456036464 0.08110326498902905 0.030133317223252888 0.015291419901234234 0.080330413165602 10000.0 0.01977922855524649 0.0383985600796104 0.014299944244752923 0.07399324563958132 0.034554902762734534 0.018749011902632735 0.048954634882588645 0.07883543314398332 0.08063590115193375 0.04047771145217589 0.06037357469078008 0.09124415605521087 0.044116222136976274 0.09662322833521653 0.03465438180996749 0.08929229537103885 0.07531586092301418 0.04952938518573237 0.007806251444284317 0.05980302481169623 0.04388729129541115 0.01823924747865236 0.07051882656028527 0.04912029547883528 0.08147325772484175 0.017023502771001956 0.07968521017224409 0.03779619489717388 0.0867219727376169 0.07649637589809866 0.08271535071135373 0.09402033666226121 0.06643693024563141 0.043528047046175244 0.012693950833971535 0.040889801546689294 0.052938482646525335 0.07122182277537184 0.06844815460824366 0.03401322024623447 0.011250632148429866
 0.07020418547827145 0.003887581456268892 0.08155561382165212 0.08100491709722125 0.05264844592899157 0.025191879720644756 0.06250651211649759 0.01397684614688341 0.02559435428268529 0.06127128420100907 0.01977922855524649 10000.0 0.04485068259532069 0.005737651827334625 0.054880423165975946 0.014810112249959616 0.018548581619517706 0.03031219919398635 0.06156759174137164 0.0703182087153194 0.023392776288691214 0.06262316258883367 0.07648269761246984 0.04317319489963846 0.08690143687792318 0.017410105455669605 0.07853699041034837 0.059144887218205724 0.030210922268601312 0.020172079777104945 0.042874762226725635 0.04780483514698824 0.03231210772272316 0.07060944362362204 0.041960820139366445 0.08072416391250567 0.027237977049697822 0.06338151770010364 0.034371280412194574 0.07451718008617604 0.059817325580094574 0.0629886711935645 0.07893655252954372 0.060865617474078496 0.04899408348871618 0.012540463726145331 0.022175460872922617 0.045064995176810174 0.05380324434792611 0.05438128535902619 0.018582078352101274 0.02963790723147029
 0.08572592940348081 0.040970162354641196 0.08771315190908632 0.054261309769836175 0.049826052621315 0.069140385890701 0.08228983189409415 0.058801596702511255 0.0231346533203255 0.08408808311494645 0.0383985600796104 0.04485068259532069 10000.0 0.043524701465739835 0.07892377841593691 0.053115473783773244 0.026302102432291273 0.07210985945146166 0.07499116145807068 0.058821975867443116 0.04711461108002269 0.023043666033878883 0.07808630627628431 0.01622303814579056 0.07171516990405918 0.06178482532589095 0.06716621832400305 0.06854405299111978 0.06045059597716767 0.04619643223192013 0.058789666630804156 0.00722861407069126 0.022315167994227045 0.034309780046574846 0.030234313232463724 0.045379452357291655 0.02137554852231769 0.07256665033047636 0.020234452976176008 0.06798632525586448 0.07107966850057543 0.09232192545794142 0.08139825455997006 0.03849177578551942 0.005270834718183262 0.03332192560591384 0.05194814534575148 0.0335898833285571 0.06921459825499765 0.05742406471007484 0.06341054154389021 0.03208954992422966
 0.07580081497910679 0.005708563413680137 0.08680650829061394 0.08334829292569317 0.056776820913110565 0.028949439445331702 0.06819032946638011 0.016900638473743276 0.02245150244327741 0.0670006492465556 0.014299944244752923 0.005737651827334625 0.043524701465739835 10000.0 0.06061195317054385 0.020491852045822934 0.017746959053782686 0.0349239712229817 0.06702438816616692 0.07409152341818728 0.028651166403348208 0.06278087376212771 0.08141259069564265 0.04396471464451841 0.09058437689422652 0.02107476827469269 0.08246258662893713 0.06436090190599465 0.035947275499710184 0.014510600569823607 0.04821432032071985 0.047269737908944315 0.028543244381813337 0.07146470877463586 0.04457217436105238 0.08189113313206499 0.024230204538406748 0.0686373426028478 0.03567470930793496 0.07880600262489423 0.06514800373007432 0.06864946448651213 0.08394713851354249 0.06325551429947332 0.048032467951305634 0.010202896456269728 0.027824249317971374 0.04793600588429234 0.05927722708878682 0.05906492871917542 0.021263937449904784 0.02468820601749615
 0.0190450599109649 0.05617040387805799 0.03675709162887004 0.07621881522607453 0.03975220132464552 0.04610614497236337 0.009427808530071833 0.05223751012842532 0.07292299078003943 0.006406272892138347 0.07399324563958132 0.054880423165975946 0.07892377841593691 0.06061195317054385 10000.0 0.04052638765762325 0.06207954064969484 0.03839152917510102 0.01753207111212199 0.05268447130203422 0.034697822359388515 0.0820094083968116 0.03904226415390216 0.06558956326531339 0.06535266417394492 0.04858067785124624 0.056069289599673854 0.023087380446201584 0.024691074682606645 0.0749933393041648 0.0207200011768754 0.07645940715592539 0.08024939334815538 0.08232436954479883 0.05218693486838025 0.08721223875447236 0.07369683162648394 0.023951494184288744 0.0587743656146196 0.048226748650872016 0.02042800837636987 0.015228482752943941 0.039356483269462526 0.062424247815428824 0.07977369679489088 0.06275363251022076 0.033115083522420034 0.05091429692620216 0.014740560809776544 0.032141992790498584 0.05237932700873877 0.08185947464221026
 0.05682464797774544 0.017072679912126784 0.06977014406115219 0.07904367216271675 0.04592138253793416 0.01791890041425118 0.04859967198639125 0.014328945121566182 0.03794127690830607 0.046932615429200984 0.034554902762734534 0.014810112249959616 0.053115473783773244 0.020491852045822934 0.04052638765762325 10000.0 0.028414410455987523 0.019030009519320067 0.049022873771727184 0.06421798653835202 0.014273399170840459 0.06691933165190728 0.06607923035323388 0.046907793120430044 0.08074942140691413 0.013271552342791799 0.071739037726647 0.047807546384967495 0.015903006719867042 0.03459188705430397 0.031362769418698505 0.05428803319042036 0.045189160319161696 0.07293776700951925 0.04092620692946358 0.08198948490005795 0.03930531895653564 0.05178672659017628 0.037642604781142786 0.06654628360021013 0.04792722677476271 0.048178983292069155 0.0681785481316687 0.05937883517677279 0.05632733928212183 0.025388068993800767 0.009841216287014558 0.04300061526866109 0.0412775798431041 0.045455904383596306 0.017082309104419668 0.04396084091458789
 0.07376260416476237 0.014669243970974234 0.08120091983002198 0.06765564629145497 0.046517336019969956 0.043141680467470224 0.06784669967583516 0.03250586009605403 0.010850910796701148 0.06809751188353753 0.018749011902632735 0.018548581619517706 0.026302102432291273 0.017746959053782686 0.06207954064969484 0.028414410455987523 10000.0 0.04691736169606866 0.06371902119260664 0.06198498830492092 0.027400843235603038 0.045070538128647544 0.07391490647180236 0.026718478066606488 0.07789094459657032 0.03561680158678464 0.07067010443363149 0.059210967575132285 0.03947555438051843 0.025170923113168826 0.044933672275443655 0.029560998668625767 0.01818042269321901 0.054059646286508695 0.03037129199118502 0.06469022983964165 0.011674020075641783 0.06360078556361279 0.019341696243322652 0.06840540702101458 0.06082148552220657 0.07323365768448759 0.0768471168020597 0.04792672596164446 0.030516878668717325 0.007975341346703723 0.03027062945923207 0.03419597311094944 0.0564834413574243 0.05108401027485756 0.03711479677038642 0.02129232942761835
 0.057250291645259 0.03373129547627265 0.0736046018377952 0.09458066656983628 0.05876446112859868 0.008549238262943999 0.047768498401456264 0.019394467527169616 0.05562205003587024 0.044151888297636666 0.048954634882588645 0.03031219919398635 0.07210985945146166 0.0349239712229817 0.03839152917510102 0.019030009519320067 0.04691736169606866 10000.0 0.052490880899895564 0.0766895896297359 0.029772838063853495 0.08552565430974346 0.07276852794503211 0.0655800272120685 0.09259609092253789 0.014695730355413156 0.08316996072256577 0.05406415840277342 0.021171703734862397 0.046382894906507106 0.03943287211315011 0.07329130202769957 0.0625558940115461 0.09087064549382148 0.058138745136328315 0.09936176123132279 0.05715441374098944 0.05717596881831158 0.05636341828829803 0.07679246319184224 0.0530348974842006 0.039664184807818796 0.07413284294455347 0.07569169408634234 0.07535716339786165 0.0426018474858732 0.023738685714092992 0.059587197160336766 0.04563788580329438 0.05579413395930128 0.017011838044353297 0.05961217701753851
 0.010745014453450843 0.06178823345378288 0.021219319287590403 0.06163289179716659 0.02831667124129877 0.05916727326183846 0.011501249489007942 0.06262176731461501 0.07430758581920932 0.016661020705741773 0.07883543314398332 0.06156759174137164 0.07499116145807068 0.06702438816616692 0.01753207111212199 0.049022873771727184 0.06371902119260664 0.052490880899895564 10000.0 0.037108488442326705 0.03849161434812588 0.073212085545396 0.02157536875969134 0.059823748621776925 0.048343791403910985 0.05980599124126561 0.03929419170356035 0.007701519721649486 0.033985347930882454 0.08146537404838293 0.01903746358964839 0.0710734480483463 0.08119070515350159 0.07134440999361795 0.045434646645393956 0.07453407955183561 0.07466387150175285 0.0066381812300079735 0.0550405379888727 0.031276086656260464 0.004481529957298878 0.030810668836698647 0.022174397043438637 0.05078393358203586 0.07468388274028402 0.0665077407349819 0.039686416405098436 0.04299318173482157 0.007779187429500866 0.01964963458785788 0.06384942159131636 0.08480759150741955
 0.045033183598017654 0.06843554055138189 0.03593378028931935 0.02487444436473011 0.018305745536388432 0.08040287079440149 0.0485939580528693 0.07818452621092584 0.06971930518198349 0.05353412368363794 0.08063590115193375 0.0703182087153194 0.058821975867443116 0.07409152341818728 0.05268447130203422 0.06421798653835202 0.06198498830492092 0.0766895896297359 0.037108488442326705 10000.0 0.049949704743374936 0.04650113286711135 0.024692238499035866 0.042984315808489104 0.016627087798184576 0.07745029017229253 0.008735130743110395 0.02993047491866369 0.05555251476028307 0.08623421356733829 0.03805863896100716 0.05240246555043951 0.07446720282502269 0.04015040582834024 0.032024994600973807 0.03991468352498111 0.06913009911503355 0.030770592786465205 0.04446330961360763 0.010411318257580056 0.0330001811535248 0.0673776943064804 0.027832968856616836 0.021727952586212768 0.05600675003070727 0.06840272845095664 0.05498064675203864 0.028056707868492466 0.03798306110229199 0.02166055826955614 0.08129927710985078 0.08176172713076318
 0.047704668816691304 0.02330951486019111 0.05817699790798536 0.06534272799656371 0.031660140334806255 0.03129483312299722 0.04091175309087606 0.02833685910224813 0.03823372023355802 0.040783855938503075 0.04047771145217589 0.023392776288691214 0.04711461108002269 0.028651166403348208 0.034697822359388515 0.014273399170840459 0.027400843235603038 0.029772838063853495 0.03849161434812588 0.049949704743374936 10000.0 0.056754834275920846 0.05325046681502629 0.0372583854927411 0.06649627965700311 0.02753220818245281 0.0575362470248088 0.035753585679932746 0.01334654798823382 0.043011146676634714 0.019573645493285555 0.04648829691097651 0.04558062331670352 0.0612896349270233 0.028398758030935355 0.0695957505444733 0.039048962185717025 0.0400029485512145 0.028489189746291943 0.05256241924342444 0.036498182901670694 0.04617852811524665 0.0556208007719845 0.046055893894208 0.04920445326638594 0.028482859880153175 0.006042581336048642 0.02984136961306946 0.03080308996733198 0.03169941198262538 0.03135069656327193 0.04739709009473775
 0.08363030521168632 0.05896591296203727 0.08059917808274761 0.03415112673890867 0.04500648491735791 0.08448516642359762 0.08278375820204237 0.07591420600990063 0.04517956449975138 0.08593541577018458 0.06037357469078008 0.06262316258883367 0.023043666033878883 0.06278087376212771 0.0820094083968116 0.06691933165190728 0.045070538128647544 0.08552565430974346 0.073212085545396 0.04650113286711135 0.056754834275920846 10000.0 0.06975323454465746 0.020018355978065224 0.05550293790411581 0.07797266120077402 0.0534983086967854 0.06575425045192147 0.06939560728327296 0.06804867849959485 0.06137739064005588 0.016556217893819683 0.04531187665799967 0.011659883708515466 0.030118648648917643 0.02250786440789745 0.04357655384248663 0.06897993446945148 0.02929079582845402 0.05680312780234823 0.06881089594098413 0.09682297825648613 0.07309689690119936 0.024923492623509427 0.01783819884194505 0.052946395639064135 0.0625939164752131 0.031100219588897558 0.06938655555749298 0.053672461481412075 0.08040078434256025 0.055037003433632534
 0.02452361974046504 0.07579698942354116 0.011241856909585948 0.048700035150665975 0.028568869684101793 0.07871308792147122 0.031593741391060595 0.08030695923473463 0.08352386956395433 0.037115400970588776 0.09124415605521087 0.07648269761246984 0.07808630627628431 0.08141259069564265 0.03904226415390216 0.06607923035323388 0.07391490647180236 0.07276852794503211 0.02157536875969134 0.024692238499035866 0.05325046681502629 0.06975323454465746 10000.0 0.06188152357012397 0.02970855450940586 0.07816972836392908 0.022314411516666747 0.018756707168285855 0.05273986778492724 0.09527176152440334 0.0347943134192437 0.07259335867189792 0.08955129140246262 0.06454678615385337 0.0481799075275672 0.06455650961933417 0.08342019487716898 0.015741097089658426 0.06021500425688111 0.01488793650631722 0.019852911184811053 0.05117259896173777 0.003363917418963778 0.0449275296619609 0.07632154159961589 0.07855132131722452 0.05625586822961564 0.04456563482814061 0.027249305814029068 0.022845777423327874 0.08224788915099318 0.09509204689344376
 0.07056173958548524 0.039666295184525587 0.07161559247005403 0.042155738935443866 0.03374647368588643 0.06447515829621843 0.06792577406256814 0.05614195597798879 0.030020970882758576 0.07026578602275321 0.044116222136976274 0.04317319489963846 0.01622303814579056 0.04396471464451841 0.06558956326531339 0.046907793120430044 0.026718478066606488 0.0655800272120685 0.059823748621776925 0.042984315808489104 0.0372583854927411 0.020018355978065224 0.06188152357012397 10000.0 0.05673498493052164 0.05804013299777535 0.051490353977175135 0.05304899807168097 0.05026408923447022 0.051337790638143976 0.044958228008723566 0.011251112726777854 0.03293381518348601 0.027511056796742935 0.014439607652615037 0.037987484601740826 0.028864140002882087 0.05693139827135299 0.009272501305436836 0.05188735358225406 0.055740610767439434 0.0797827122276162 0.06520014928146604 0.023886022098808083 0.014896881456444303 0.0346829673001675 0.04294306502938024 0.017495385900850292 0.054594983180651875 0.041597174174539966 0.06057794656306981 0.04160658594922899
 0.05385683213817354 0.08495000008645517 0.039571203682436384 0.024411479039267853 0.034838590771523806 0.0966744205686209 0.059598937039920585 0.09477286289787154 0.08500953167226376 0.06495692087764625 0.09662322833521653 0.08690143687792318 0.07171516990405918 0.09058437689422652 0.06535266417394492 0.08074942140691413 0.07789094459657032 0.09259609092253789 0.048343791403910985 0.016627087798184576 0.06649627965700311 0.05550293790411581 0.02970855450940586 0.05673498493052164 10000.0 0.0939530226099344 0.00952873279549613 0.042321150246133366 0.07142544730548138 0.1024606635643192 0.05340469178254976 0.06481403219023285 0.08922887627778943 0.04642517024558211 0.04757757833905982 0.04204276502918987 0.08426903381167365 0.04170663400205424 0.05965743297968374 0.017126821992338385 0.044937118959023185 0.07914186373459685 0.031695240034829535 0.03322340510703409 0.06817651220476269 0.08458005300244266 0.07140682431469528 0.04370118948593222 0.05118040371402409 0.036864210909015996 0.09783063866884643 0.09704392335230821
 0.06644309962169805 0.021222174017130547 0.0809310609805611 0.09209567329148821 0.05914634669552923 0.007879506809698277 0.05749515731023311 0.0046994441286481465 0.04294747251463508 0.05482133177390173 0.03465438180996749 0.017410105455669605 0.06178482532589095 0.02107476827469269 0.04858067785124624 0.013271552342791799 0.03561680158678464 0.014695730355413156 0.05980599124126561 0.07745029017229253 0.02753220818245281 0.07797266120077402 0.07816972836392908 0.05804013299777535 0.0939530226099344 10000.0 0.08488480419869471 0.05958171328993778 0.02583089931247924 0.031704464600425177 0.043403823593778 0.06410436647045534 0.049463623637491363 0.08484385683749168 0.05359507260330786 0.0942949471901398 0.044620210963334704 0.0633214842601228 0.048826091230693404 0.07950037495140108 0.05930849155725494 0.05279243810890662 0.08005729702466939 0.07228423626442217 0.06564132319956728 0.029932986800236823 0.02264147720226913 0.05591261496295377 0.052259074310630815 0.058311104721459436 0.00407967719677337 0.04557559587789162
 0.045550870399266405 0.07678379572872478 0.03309736704602799 0.026986835535557283 0.02600858242612592 0.08739685206255625 0.050678852052990116 0.08586694804933055 0.07845442728459891 0.05595299559967802 0.08929229537103885 0.07853699041034837 0.06716621832400305 0.08246258662893713 0.056069289599673854 0.071739037726647 0.07067010443363149 0.08316996072256577 0.03929419170356035 0.008735130743110395 0.0575362470248088 0.0534983086967854 0.022314411516666747 0.051490353977175135 0.00952873279549613 0.08488480419869471 10000.0 0.03299013701430597 0.06200690609309808 0.09480037116397139 0.04391046907710931 0.060597251844362314 0.08317699880002476 0.04595340193087122 0.040760104214703025 0.04383533284694509 0.07786244390575976 0.03266686941023951 0.05319205124043676 0.008095712465881347 0.035707957170929734 0.07009608658446327 0.024881617397253034 0.029317759111265967 0.06414503193068236 0.07700259093853895 0.062277709654311716 0.03679136709805949 0.04176648226550849 0.02739220504012889 0.08880184160722242 0.09049681049570853
 0.017881423182843893 0.05889976699119445 0.022456596607990396 0.05419190917581114 0.020765902538796736 0.05995986386943457 0.018851146040344036 0.06190163325610989 0.0695351172511446 0.02361882184061691 0.07531586092301418 0.059144887218205724 0.06854405299111978 0.06436090190599465 0.023087380446201584 0.047807546384967495 0.059210967575132285 0.05406415840277342 0.007701519721649486 0.02993047491866369 0.035753585679932746 0.06575425045192147 0.018756707168285855 0.05304899807168097 0.042321150246133366 0.05958171328993778 0.03299013701430597 10000.0 0.03401453643870542 0.07859037058026061 0.0164716985388695 0.06428952810110351 0.07617917761909918 0.06367003658457404 0.038610002484289634 0.06685160178420364 0.06973919500422529 0.004392724802236691 0.04889100601507901 0.025216601426277817 0.0032361407981587854 0.03747359465903499 0.020475874609472935 0.04309887852699286 0.06794482294152045 0.06275429388371838 0.03807235954624566 0.03592054498450689 0.009048718398721615 0.012086082796262108 0.06366124226273846 0.08047680634724863
 0.04111823983322948 0.0316860794861526 0.05510122148396218 0.07426510447610134 0.037771152216160064 0.02604325590987831 0.03271352652642593 0.0287127141488961 0.050079412454465934 0.031092796818265458 0.04952938518573237 0.030210922268601312 0.06045059597716767 0.035947275499710184 0.024691074682606645 0.015903006719867042 0.03947555438051843 0.021171703734862397 0.033985347930882454 0.05555251476028307 0.01334654798823382 0.06939560728327296 0.05273986778492724 0.05026408923447022 0.07142544730548138 0.02583089931247924 0.06200690609309808 0.03401453643870542 10000.0 0.05030315266302733 0.018456685364422125 0.059773323927412844 0.05749223855262362 0.07303179351992455 0.04004139657448806 0.08057233483931323 0.051110164305034435 0.0375981692273502 0.04170268819410062 0.05573143106463085 0.03354314770102171 0.03385301156104536 0.05445386494855731 0.056125789164600544 0.0625348517799542 0.03884609755175666 0.009213954425297497 0.040681538222303984 0.026432170930460543 0.034647814202182915 0.02988663491799427 0.057971648143143276
 0.09030871257854853 0.019710360747687256 0.10104685193646265 0.0927990424650996 0.06962769463201048 0.0390170191822014 0.0826783935962487 0.027009167557656026 0.0230731731918462 0.08139245587188813 0.007806251444284317 0.020172079777104945 0.04619643223192013 0.014510600569823607 0.0749933393041648 0.03459188705430397 0.025170923113168826 0.046382894906507106 0.08146537404838293 0.08623421356733829 0.043011146676634714 0.06804867849959485 0.09527176152440334 0.051337790638143976 0.1024606635643192 0.031704464600425177 0.09480037116397139 0.07859037058026061 0.05030315266302733 10000.0 0.06258286371695496 0.05160293128711452 0.025778943512029317 0.07804478196767269 0.055257620773858734 0.0889462426938756 0.02482121346021575 0.08290151848469675 0.04450191372809645 0.09174758399986575 0.07948801863679644 0.08243269980244444 0.09790584392517529 0.0730954600263868 0.05131286561607914 0.01789500525471302 0.042328848339474756 0.05895876562273668 0.07373314459801299 0.07267490342394857 0.030213686653875593 0.017612478224694302
 0.028829164531059635 0.04287647251679344 0.038722502526623265 0.058992018819879935 0.02152059776407914 0.04444475368010777 0.0236443774379281 0.04552849228413649 0.05564237704434101 0.025360887543224235 0.05980302481169623 0.042874762226725635 0.058789666630804156 0.04821432032071985 0.0207200011768754 0.031362769418698505 0.044933672275443655 0.03943287211315011 0.01903746358964839 0.03805863896100716 0.019573645493285555 0.06137739064005588 0.0347943134192437 0.044958228008723566 0.05340469178254976 0.043403823593778 0.04391046907710931 0.0164716985388695 0.018456685364422125 0.06258286371695496 10000.0 0.05593532411754976 0.06267926876572125 0.062278305961932734 0.03147095566177447 0.06802470401510546 0.05611090255119281 0.02057476377666029 0.038556028901850295 0.03736089586386985 0.016942931013063545 0.035459185200395926 0.0368199206016471 0.04302814220456838 0.059325068295597826 0.047476578950468216 0.02160294020668515 0.030330537815176327 0.011560954312891803 0.0165574060957552 0.047478439899658394 0.06588448064007457
 0.08181223299751546 0.04400170297710128 0.08255642966918762 0.04703332895483411 0.044776802429607354 0.07112718467148141 0.07907494174183138 0.061538232609449454 0.02865021094865172 0.08128733770689148 0.04388729129541115 0.04780483514698824 0.00722861407069126 0.047269737908944315 0.07645940715592539 0.05428803319042036 0.029560998668625767 0.07329130202769957 0.0710734480483463 0.05240246555043951 0.04648829691097651 0.016556217893819683 0.07259335867189792 0.011251112726777854 0.06481403219023285 0.06410436647045534 0.060597251844362314 0.06428952810110351 0.059773323927412844 0.05160293128711452 0.05593532411754976 10000.0 0.028938457012989055 0.027422943633944635 0.025680943518756588 0.038522719440714386 0.027028276043454546 0.06814846608601252 0.01814095649667944 0.06184443888681796 0.06699071027762069 0.09040412234486343 0.07593517467897455 0.03162582897270336 0.0037309337468168983 0.03719514203472156 0.05179977592072765 0.0285868598552372 0.06578107817189154 0.05277347454562323 0.06611761376609936 0.03858447356783852
 0.09144582265519566 0.028827973848370624 0.09765602309320912 0.07472929253329429 0.061245393823866706 0.05733436444394249 0.08585780485316484 0.04543305201217131 0.007412915280991176 0.0862401714060217 0.01823924747865236 0.03231210772272316 0.022315167994227045 0.028543244381813337 0.08024939334815538 0.045189160319161696 0.01818042269321901 0.0625558940115461 0.08119070515350159 0.07446720282502269 0.04558062331670352 0.04531187665799967 0.08955129140246262 0.03293381518348601 0.08922887627778943 0.049463623637491363 0.08317699880002476 0.07617917761909918 0.05749223855262362 0.025778943512029317 0.06267926876572125 0.028938457012989055 10000.0 0.05636033569995555 0.042635213865210186 0.06746062126804227 0.006582926914312425 0.08053414067749641 0.030086335858817443 0.08222237940954273 0.07803801938826993 0.0913175861857934 0.09264717208800574 0.05678555675556378 0.027581188133927757 0.01998401866245808 0.04827911965700493 0.04660221801335317 0.07416545952290758 0.06702251833239173 0.04980047723411607 0.009804659734120114
 0.08125812368674103 0.06715382270661982 0.07570659594756271 0.023465393417256057 0.04321735904175244 0.09080985889357658 0.08176242860489474 0.08328311851552582 0.05556220557767193 0.08551088905111179 0.07051882656028527 0.07060944362362204 0.034309780046574846 0.07146470877463586 0.08232436954479883 0.07293776700951925 0.054059646286508695 0.09087064549382148 0.07134440999361795 0.04015040582834024 0.0612896349270233 0.011659883708515466 0.06454678615385337 0.027511056796742935 0.04642517024558211 0.08484385683749168 0.04595340193087122 0.06367003658457404 0.07303179351992455 0.07804478196767269 0.062278305961932734 0.027422943633944635 0.05636033569995555 10000.0 0.033024567656991174 0.011100576482914078 0.05406604896901779 0.06633501055776568 0.03628906464848018 0.05054351405869211 0.06686429855937377 0.09747139369070067 0.06779643296222948 0.020592554229432753 0.02922501097806369 0.06203347053724547 0.0673093330848799 0.032571529126316535 0.06867790807026987 0.051758951470439324 0.0876245886692295 0.06597368738181367
 0.056162736899853676 0.03925195006456894 0.057526345895552625 0.03906894797850338 0.01968159197372851 0.05881628564861194 0.05385419456870107 0.05283356136858231 0.03769477817362406 0.05649749150400387 0.04912029547883528 0.041960820139366445 0.030234313232463724 0.04457217436105238 0.05218693486838025 0.04092620692946358 0.03037129199118502 0.058138745136328315 0.045434646645393956 0.032024994600973807 0.028398758030935355 0.030118648648917643 0.0481799075275672 0.014439607652615037 0.04757757833905982 0.05359507260330786 0.040760104214703025 0.038610002484289634 0.04004139657448806 0.055257620773858734 0.03147095566177447 0.025680943518756588 0.042635213865210186 0.033024567656991174 10000.0 0.041238570468668294 0.03713068103172196 0.04250023052906596 0.012550222965728743 0.03961821596914269 0.04131729412313364 0.06681796621475594 0.05144429466899274 0.018948140231770546 0.02933637314231327 0.03738680036794058 0.03444033566701896 0.003978313469241292 0.040449762785589524 0.02721871579983842 0.05682598490802282 0.04973675799953445
 0.08378131269103632 0.0773820441161097 0.07579024005406038 0.01763454779325691 0.04746570124151143 0.09990834179369223 0.08551358112952571 0.09301602536639032 0.06659185025788403 0.08972481269202787 0.08147325772484175 0.08072416391250567 0.045379452357291655 0.08189113313206499 0.08721223875447236 0.08198948490005795 0.06469022983964165 0.09936176123132279 0.07453407955183561 0.03991468352498111 0.0695957505444733 0.02250786440789745 0.06455650961933417 0.037987484601740826 0.04204276502918987 0.0942949471901398 0.04383533284694509 0.06685160178420364 0.08057233483931323 0.0889462426938756 0.06802470401510546 0.038522719440714386 0.06746062126804227 0.011100576482914078 0.041238570468668294 10000.0 0.06511692789312813 0.0689201310043272 0.04636681935523271 0.04983846632482328 0.07008773707442079 0.1024405554331489 0.06761489755883782 0.024997829170049994 0.04025796234596459 0.07266166932433887 0.07563703802238463 0.039946082934229084 0.07295610921230784 0.055494108875559625 0.09725647328922664 0.07707159797643832
 0.08489035223808625 0.023539874606529437 0.0913392926332773 0.07101243747525003 0.05527405766348985 0.05242868769817559 0.07927487988426238 0.04085729338925994 0.0018534244091289514 0.07967219415592906 0.017023502771001956 0.027237977049697822 0.02137554852231769 0.024230204538406748 0.07369683162648394 0.03930531895653564 0.011674020075641783 0.05715441374098944 0.07466387150175285 0.06913009911503355 0.039048962185717025 0.04357655384248663 0.08342019487716898 0.028864140002882087 0.08426903381167365 0.044620210963334704 0.07786244390575976 0.06973919500422529 0.051110164305034435 0.02482121346021575 0.05611090255119281 0.027028276043454546 0.006582926914312425 0.05406604896901779 0.03713068103172196 0.06511692789312813 10000.0 0.07410403915846332 0.024680865316347615 0.07654536010527128 0.07155298017784248 0.08489682511696525 0.08647982681235754 0.052379217206064754 0.026512587744494526 0.014697617318201846 0.04189791710025445 0.04110873942321688 0.06760691433326756 0.060786728602242115 0.045356026184145776 0.012834974812087646
 0.01493738015138729 0.06320152670513646 0.01817450717699874 0.05547232294354996 0.02402534658923941 0.06337462980915139 0.018043051780418522 0.06578243426208476 0.07391120633117848 0.02328702941479735 0.07968521017224409 0.06338151770010364 0.07256665033047636 0.0686373426028478 0.023951494184288744 0.05178672659017628 0.06360078556361279 0.05717596881831158 0.0066381812300079735 0.030770592786465205 0.0400029485512145 0.06897993446945148 0.015741097089658426 0.05693139827135299 0.04170663400205424 0.0633214842601228 0.03266686941023951 0.004392724802236691 0.0375981692273502 0.08290151848469675 0.02057476377666029 0.06814846608601252 0.08053414067749641 0.06633501055776568 0.04250023052906596 0.0689201310043272 0.07410403915846332 10000.0 0.053048528104644915 0.024639633607333 0.004141931694649924 0.03744772732862921 0.01696573193908675 0.045746391928517725 0.07182490292989756 0.06713402654201331 0.04211702627348754 0.03965151117898406 0.011550867889910185 0.015488949966287607 0.06739704864072282 0.08486849317888008
