NAME :TPP_input_18_3_3
NUM_VERTICES
52
NUM_CLUSTERS
18
Full Matrix
 10000.0 0.023213266307070265 0.04162830158622519 0.0517692784328943 0.03802620604837531 0.04362169796334689 0.045399131785373026 0.029292701949523794 0.047684863103329894 0.014010017627599776 0.04599621184593042 0.041274368858834 0.010654971263919857 0.020099361002707324 0.041471168022839594 0.00912411249798792 0.05003025201529426 0.04481430270457454 0.035795008683643124 0.040764955228294375 0.04686382479043115 0.022056271497095974 0.061652381896899235 0.06197204065738109 0.03592188303312627 0.04354429307640964 0.05619073000765563 0.03175682548263995 0.0034198393617071686 0.04204079464203317 0.056508847205845446 0.05463149643113103 0.03804455775260568 0.04088342413214557 0.03546845497066367 0.04400138118228791 0.05781328077790274 0.03897846771772571 0.06107763504797741 0.03049049917793826 0.05288644196045493 0.01795913722352333 0.02739837348914646 0.04173646112762415 0.03696381486923948 0.04300332713501427 0.057138786603486966 0.027282754919497863 0.05605034715474 0.0377940262908572 0.03952687534703235 0.048387034507923726
 0.023213266307070265 10000.0 0.03920825223929502 0.06432769301560495 0.05070243447937839 0.03284190976949825 0.038529700180759546 0.021432451203906973 0.06926823078804736 0.016338762325382786 0.05672436791196973 0.02788636926196403 0.017054310761540677 0.018182926384092322 0.05206615166811744 0.022493059279322016 0.059573202232951 0.06695582141939717 0.01862018511159129 0.0493934427237981 0.06103083005422166 0.040839204750189095 0.08401752110000082 0.07937200809175533 0.04751819115677725 0.06608846839807858 0.078061358277141 0.01590426588235291 0.021167104520865936 0.03680438747856711 0.0741708823317086 0.07373782079090054 0.05904558516636099 0.0329407210093344 0.054138488739770015 0.04713160273577919 0.05307594371186839 0.03595774893061267 0.05349546211311657 0.010817941207308614 0.0760033569699563 0.03565769234317849 0.02645326127566395 0.03222543813203736 0.014050812174460869 0.045673657329099226 0.07397766767458717 0.040746400579470675 0.07730713102382042 0.04473592728684993 0.062011277490760394 0.05614068924528752
 0.04162830158622519 0.03920825223929502 10000.0 0.03681955569272029 0.07962809958267149 0.014910522531527208 0.0082046976494105 0.017831025008231558 0.06111601871432333 0.029345450063099653 0.028558514836628662 0.0669889025585315 0.04647681393116181 0.023484349277207342 0.025623589481116205 0.032577373437428225 0.028664279151338755 0.07952995375542804 0.05731412771683808 0.021058828643020708 0.037277837088296066 0.0630861810646864 0.07683699886119989 0.1021562859263121 0.07738771195450675 0.0629508280044027 0.09072275775546138 0.05504635141520372 0.038387908378561084 0.07535457852136292 0.09667070548129127 0.05710437809374735 0.07582384495319924 0.07192389177692746 0.07579042757814394 0.011570534645106576 0.01620862302627892 0.0032509218785650947 0.020516304921408463 0.03229690343946405 0.07582179169476713 0.059490465151466165 0.014566802891187466 0.07137787156499817 0.04707223957384041 0.010138086400842445 0.09775192408656717 0.06884787808446381 0.09203855131985668 0.016569531458542255 0.05947849157482094 0.023672539858374395
 0.0517692784328943 0.06432769301560495 0.03681955569272029 10000.0 0.08401248967865575 0.051566093881783494 0.04480138550122136 0.04803921968303817 0.0352467048249401 0.048427300502798955 0.00841489189247147 0.09043620709717512 0.06162516280537574 0.046422130033414305 0.012560312785428424 0.04497730774128506 0.008930352320548667 0.06788289429413637 0.08247266715285313 0.016409337033614968 0.006285870612056986 0.06528096503526423 0.04816253970679442 0.09642204027719041 0.0832217967716284 0.041305483350406354 0.07689478238557107 0.07903822353904508 0.05029241557465187 0.09365150325176894 0.0914125525049289 0.02454798782589144 0.06906031640900061 0.09198387071707842 0.07369520944866455 0.025602254569093732 0.04303968612728381 0.03837695166664002 0.050383637945173455 0.062407783332412155 0.053324447429095014 0.06441109699450914 0.040140915645204785 0.0924432175565937 0.07649334326588172 0.026837625878187173 0.09365026153409288 0.07479696870633495 0.07992334051016586 0.021549641355228293 0.03974087842609467 0.013948643889117377
 0.03802620604837531 0.05070243447937839 0.07962809958267149 0.08401248967865575 10000.0 0.08002748037029574 0.08292793564339519 0.06584861370119362 0.06445188317802952 0.05093651873303142 0.08024057994535895 0.045130435432276135 0.03513304240330406 0.05719303911204747 0.07623681381372124 0.04713685982562763 0.08471155609289215 0.034985014618953134 0.04837988414881255 0.07667425996303243 0.07809173014410326 0.018736547616495205 0.07176679615783721 0.03052782076920183 0.003577002535511774 0.056635048638508774 0.04135647215697773 0.045468845221372296 0.04124046889349125 0.03312968466279594 0.02615191035558506 0.07721541736064184 0.025240036774153842 0.03697382207833851 0.015574811455463746 0.08156172077698033 0.09578426259030792 0.07691167260372579 0.09871962755544611 0.06132731447855977 0.05770653418782687 0.020585591587974957 0.06525998114597881 0.03956520891422095 0.058987079608268454 0.08067917480751309 0.02484406575827925 0.010805885328676495 0.038034707029477255 0.07461085956797633 0.05423764729801266 0.08417576779799635
 0.04362169796334689 0.03284190976949825 0.014910522531527208 0.051566093881783494 0.08002748037029574 10000.0 0.008225194387060264 0.014351176109897003 0.0729837466901041 0.02965542839218522 0.04322079719232168 0.05891304285601504 0.04503705486440609 0.023531973350337035 0.03992026934212184 0.03567950114678074 0.04355483763057091 0.08613447338721235 0.048874020862016636 0.03546577883130498 0.051555870883103795 0.06565152651648146 0.08888414565946634 0.1055930185460354 0.07730070143371619 0.07361771238322441 0.09758185868156952 0.04748845365430309 0.04020433491213358 0.06953257718534603 0.10013050749978608 0.07067430698619839 0.08089161043028155 0.0653873416706947 0.07908568646751422 0.026478160891229747 0.02178696643645965 0.013237131155462574 0.020782187695615482 0.023193555077570326 0.08610798203713833 0.06126172389900485 0.0184731204783453 0.0643438861041151 0.03666227513689927 0.025046551741571072 0.10071903355467852 0.069315758992008 0.09823836627650023 0.030597397693153044 0.06984588464254844 0.03858160413270299
 0.045399131785373026 0.038529700180759546 0.0082046976494105 0.04480138550122136 0.08292793564339519 0.008225194387060264 10000.0 0.017721246351414525 0.06902449536417352 0.03199263271324114 0.03662459542209777 0.0655653638057655 0.04858715556363748 0.025744919307840085 0.03381194532725002 0.0367165861923799 0.03643423978837127 0.08566184876397694 0.0556132277655371 0.029237496373495955 0.045456076821384334 0.06734745972631699 0.08480870804571107 0.10697837390845752 0.08043435364650613 0.07052429718677393 0.09698881582761482 0.0538632858622467 0.04201764561594614 0.07530791874457124 0.1014892462032469 0.06530196924758798 0.08129140010149317 0.07144628418709517 0.08046139238278475 0.01926132687111839 0.014595756529715414 0.008193055897816938 0.015807132964775168 0.029887750817011276 0.08330411701577889 0.06334612051264453 0.018196839234887137 0.07060390673067822 0.04405084713360895 0.017966860519423894 0.10234718587764283 0.07212705476702022 0.09803873915310748 0.024769532060896157 0.06694723104259226 0.03135286048487192
 0.029292701949523794 0.021432451203906973 0.017831025008231558 0.04803921968303817 0.06584861370119362 0.014351176109897003 0.017721246351414525 10000.0 0.06295881593012632 0.01530729544354207 0.03975874946315804 0.049159299764595495 0.03107557277992146 0.009258101673563036 0.035504592278640695 0.021630756342755637 0.04159665318330626 0.07243842147179651 0.03949766949136733 0.03180755513819143 0.04630494087909488 0.05130626436371336 0.0787862455816003 0.09125590330879589 0.0632031279761312 0.062399045495457495 0.08391318749042422 0.03722491168860674 0.025879564166189473 0.057923816836756715 0.08579747038654548 0.06313603423773408 0.06680403899580192 0.05429429192847021 0.06476114978044716 0.026845857535364438 0.031972841128707664 0.014583742201198577 0.033375138588922236 0.015069979049388234 0.07438739223317964 0.04691416805510245 0.008091401357418171 0.05365167555248562 0.029887116089465173 0.025310418487742174 0.08636921223481203 0.055097792935768886 0.08436067089320182 0.02669259006475314 0.058449371575230655 0.03738044098724229
 0.047684863103329894 0.06926823078804736 0.06111601871432333 0.0352467048249401 0.06445188317802952 0.0729837466901041 0.06902449536417352 0.06295881593012632 10000.0 0.05405794038945686 0.03847066996903446 0.0883102062562651 0.05796768478982391 0.056264105862980855 0.038207456371419625 0.04691352431444945 0.04222146561833309 0.03753099024751115 0.08347469668077769 0.04229586911977309 0.029763732432275865 0.04797225434105138 0.015909717079254954 0.06725591111530492 0.06510864988733901 0.008404004838115962 0.044156828488358266 0.07942571249470966 0.048622872709262334 0.0856927963788553 0.062995127145148 0.014834680863165816 0.04248552685766705 0.08606646254503224 0.050275351219007544 0.053243798654155565 0.0730562683747301 0.060930168711301164 0.07975079567032363 0.07287395112242429 0.018196110869931798 0.05000687437015964 0.05555793995481897 0.0874977496589985 0.08330596045843412 0.05372147668756578 0.065863264998858 0.05850244023971251 0.04794980004228628 0.045222886858651515 0.010227205001040636 0.04569583525308427
 0.014010017627599776 0.016338762325382786 0.029345450063099653 0.048427300502798955 0.05093651873303142 0.02965542839218522 0.03199263271324114 0.01530729544354207 0.05405794038945686 10000.0 0.041152981125244494 0.042203486332864804 0.01715244054745516 0.006265287666001507 0.03644819702229744 0.007641605724644824 0.0443838268298455 0.058008329875902626 0.0340512005154901 0.03428336485611919 0.04484030002617608 0.035999127373527125 0.0693102880742801 0.0759519127498316 0.04845775140953422 0.051803614810025836 0.06947048556118339 0.030629931683397348 0.010613520909360866 0.04758359809990454 0.0704963076073632 0.05757544872501466 0.05182657705062735 0.04493707144460141 0.04946884961380127 0.03424881128345649 0.04521044034235629 0.026384070727781928 0.04779069958950104 0.01903744757085642 0.06277987693729666 0.03164038476908598 0.01478383825584189 0.04496157205942241 0.02985882563023032 0.03297743811010557 0.07106369527164554 0.040137953889236 0.06963123130171266 0.03007435984111013 0.0477215487254073 0.04148860392355275
 0.04599621184593042 0.05672436791196973 0.028558514836628662 0.00841489189247147 0.08024057994535895 0.04322079719232168 0.03662459542209777 0.03975874946315804 0.03847066996903446 0.041152981125244494 10000.0 0.08334251532272033 0.055348137474593176 0.03864625795673526 0.004708567054710854 0.03848384005538052 0.004616202247135916 0.06759681842423831 0.07507239596553453 0.008010398265459245 0.009557363986629618 0.06156599980005739 0.052791111186406406 0.09511731239842404 0.07913550461910271 0.04322826801095541 0.0773735865315171 0.07176115759822155 0.04414935549395614 0.08739207592057618 0.0899277368185723 0.030313462422599004 0.06753685198894831 0.0854206850315545 0.071154258063402 0.01760620794087709 0.036116836515823994 0.030008053379644732 0.04332113140917223 0.05428413174292939 0.05590435605226288 0.06009527540598651 0.031943187674825034 0.0857259386432754 0.06853811040759022 0.01872857438328483 0.09192053206297783 0.0705278119928499 0.07999257976492345 0.013159969593831944 0.04094205728861118 0.007270221008151642
 0.041274368858834 0.02788636926196403 0.0669889025585315 0.09043620709717512 0.045130435432276135 0.05891304285601504 0.0655653638057655 0.049159299764595495 0.0883102062562651 0.042203486332864804 0.08334251532272033 10000.0 0.030637738365564302 0.045637267385580736 0.07863486779952737 0.045781195266191635 0.08656951031884896 0.07395440064253805 0.010057826146422904 0.07643624999766165 0.0864067937948309 0.046360252715090255 0.1011198424044564 0.07548851751556425 0.041582578638799945 0.08310350794608248 0.08330640676954622 0.011982716648706699 0.04141187639348967 0.01496658501547292 0.07127931559426973 0.09590316651283362 0.06419533646052504 0.009662256206800748 0.05598568251568951 0.07495830126515891 0.08015187048158091 0.06373972682816384 0.07964198763666519 0.035763461994378125 0.09013817087750318 0.04184800768330827 0.054264843642940944 0.007233726542699714 0.023558122406592424 0.07351654953140738 0.06980772958843831 0.03967626042288638 0.0810030290812952 0.07203708202458958 0.07931286545132818 0.08348892323867134
 0.010654971263919857 0.017054310761540677 0.04647681393116181 0.06162516280537574 0.03513304240330406 0.04503705486440609 0.04858715556363748 0.03107557277992146 0.05796768478982391 0.01715244054745516 0.055348137474593176 0.030637738365564302 10000.0 0.023081571255051697 0.05070887934851533 0.016894605124324967 0.059133641576018456 0.05032366118635194 0.025685452831390312 0.04943355904473355 0.05699801121122275 0.02378551285691649 0.07146196026852748 0.06266716885556187 0.03229278806491806 0.053326637090931196 0.06126046897231216 0.021602287440305748 0.011349984353170247 0.032059864145786175 0.05738812888298331 0.06528088210303451 0.04209586140397896 0.0304734051763415 0.03712101884234161 0.050986444586952555 0.06221634540013376 0.043472942931631724 0.06436613741867346 0.026864990350766522 0.061750995523992006 0.018606325402204308 0.031928685068316406 0.031190449938731674 0.02922320983397163 0.04979714902635319 0.05737846932165513 0.02460771225856638 0.0603457840844866 0.045857853494484346 0.0493936628934508 0.05696107713690079
 0.020099361002707324 0.018182926384092322 0.023484349277207342 0.046422130033414305 0.05719303911204747 0.023531973350337035 0.025744919307840085 0.009258101673563036 0.056264105862980855 0.006265287666001507 0.03864625795673526 0.045637267385580736 0.023081571255051697 10000.0 0.034025970826228706 0.012451969184576264 0.04139918948589523 0.06332576048823427 0.03674888151464789 0.03122146681549745 0.04354644533820863 0.04214829922126463 0.07187055258314856 0.08206963883387987 0.054690716522509744 0.054869084933315576 0.0748030433759329 0.033740328961189336 0.01667991368898911 0.05238583667989902 0.07660376187833629 0.05820767772068937 0.05755714355675124 0.04934658302760606 0.05555533518468721 0.029520887874822026 0.03913646334541041 0.020421068332422677 0.04154897713859476 0.017051827756464806 0.066425984612167 0.0378662687976959 0.009119769855159596 0.04911104787834429 0.030176942166878596 0.028143988621123644 0.07722896180885616 0.04639718719226616 0.07516842892253768 0.026558650487216347 0.05083694050574947 0.037979170256367746
 0.041471168022839594 0.05206615166811744 0.025623589481116205 0.012560312785428424 0.07623681381372124 0.03992026934212184 0.03381194532725002 0.035504592278640695 0.038207456371419625 0.03644819702229744 0.004708567054710854 0.07863486779952737 0.05070887934851533 0.034025970826228706 10000.0 0.03382956489827869 0.008593947624570627 0.06511275557262083 0.07038487669498439 0.004591716030807589 0.011664993160142668 0.05763157274081234 0.05317287553528441 0.0920591415501063 0.07502753274237994 0.042136879330854034 0.07521936748623885 0.06706134801380845 0.0395475107202156 0.08273924822133397 0.08680350718246789 0.03179718107780267 0.0644745511537748 0.08073350952483659 0.06764080818574976 0.015566342006552854 0.03506664427611394 0.02669222270588856 0.04202581015916368 0.04985365064985104 0.05502400438252957 0.05595541947929914 0.027582648200844568 0.08102682876952105 0.0640021899474928 0.01639354297783982 0.0886854858688239 0.06637684938966806 0.07762326864049983 0.009352984881928332 0.03949377643405269 0.008644920568331703
 0.00912411249798792 0.022493059279322016 0.032577373437428225 0.04497730774128506 0.04713685982562763 0.03567950114678074 0.0367165861923799 0.021630756342755637 0.04691352431444945 0.007641605724644824 0.03848384005538052 0.045781195266191635 0.016894605124324967 0.012451969184576264 0.03382956489827869 10000.0 0.04223920360846517 0.050876047713092745 0.03868105643877843 0.0325754962099976 0.04066643857227229 0.030665448056419426 0.06196282891898569 0.0702891815420625 0.045044843286863485 0.04431242312853287 0.06235318904194561 0.03491459278172846 0.006169721264856263 0.048910113183958 0.06480304678659446 0.051429555928714316 0.04521907111284434 0.04702340646814995 0.04375816905749937 0.03501207353889983 0.048780332710608165 0.030003865901303807 0.05226422098996378 0.026609931397518053 0.05515485341842293 0.02691444698122717 0.018556568884918738 0.047469477436640165 0.03646087514124105 0.03397078485069613 0.0656306014371438 0.03640481991675439 0.06273253814674284 0.02919248152004544 0.040224290388919115 0.04013646809950774
 0.05003025201529426 0.059573202232951 0.028664279151338755 0.008930352320548667 0.08471155609289215 0.04355483763057091 0.03643423978837127 0.04159665318330626 0.04222146561833309 0.0443838268298455 0.004616202247135916 0.08656951031884896 0.059133641576018456 0.04139918948589523 0.008593947624570627 0.04223920360846517 10000.0 0.07213679122501775 0.07806478631478739 0.010180080035207987 0.012581951422460432 0.0660621569578455 0.05607234323552107 0.09972849203558368 0.08355503842549664 0.04735826928326779 0.0818303924615175 0.07486778528745312 0.048040983135956304 0.09111701217990623 0.09454217027107352 0.032960087964559195 0.07214980187527682 0.08898834389183059 0.07575253869179754 0.017178509414209266 0.03411002424228024 0.030549934557241507 0.04145362118298576 0.05641827721249448 0.05990176463836556 0.06449408842894269 0.034069702717780245 0.08920259077382078 0.07091163054726976 0.018537332501000793 0.09653672006656597 0.07492165407963408 0.08450281324000379 0.015020477793315197 0.04522014221656006 0.005133224263464284
 0.04481430270457454 0.06695582141939717 0.07952995375542804 0.06788289429413637 0.034985014618953134 0.08613447338721235 0.08566184876397694 0.07243842147179651 0.03753099024751115 0.058008329875902626 0.06759681842423831 0.07395440064253805 0.05032366118635194 0.06332576048823427 0.06511275557262083 0.050876047713092745 0.07213679122501775 10000.0 0.07343510916514197 0.06759108506402221 0.06162163599494719 0.02786928301463777 0.03946458367039727 0.02972739137267506 0.03726399327389048 0.02918882985619849 0.011477294443344648 0.06958958135895858 0.04785296968195826 0.06542213094322945 0.02556038326193098 0.052272372854744294 0.010075951700941724 0.06796942872539782 0.01961341143922409 0.07637864128343277 0.09489548296631377 0.07785954259648377 0.10004167133388142 0.07525633323636113 0.024709183157654736 0.03287455985428556 0.0679376649829141 0.07021425055246047 0.07951556295920077 0.07613195602586915 0.028578130632064325 0.03492934810482733 0.012626549284766413 0.06794383628031446 0.029002275426632123 0.07374945482666569
 0.035795008683643124 0.01862018511159129 0.05731412771683808 0.08247266715285313 0.04837988414881255 0.048874020862016636 0.0556132277655371 0.03949766949136733 0.08347469668077769 0.0340512005154901 0.07507239596553453 0.010057826146422904 0.025685452831390312 0.03674888151464789 0.07038487669498439 0.03868105643877843 0.07806478631478739 0.07343510916514197 10000.0 0.06788830914437077 0.07881881877019287 0.045580150209746505 0.09714634948175077 0.07886508078882162 0.044815690236084275 0.07900999528591872 0.08356178815649526 0.004085777776435847 0.0352037621195507 0.023071056657844546 0.07424179341339297 0.0898300226145487 0.06414590140032862 0.018006399484489784 0.056906935430449 0.065698566345666 0.07018571526093062 0.054073243991062926 0.06959081168322417 0.025758262020532784 0.08721319514182964 0.04058011251906946 0.045049011968797265 0.016256015922025944 0.013864677722726348 0.06422641880619748 0.0731946611776289 0.04097291220888333 0.08178180388917916 0.06330359934548438 0.07506729347516622 0.07472789719175404
 0.040764955228294375 0.0493934427237981 0.021058828643020708 0.016409337033614968 0.07667425996303243 0.03546577883130498 0.029237496373495955 0.03180755513819143 0.04229586911977309 0.03428336485611919 0.008010398265459245 0.07643624999766165 0.04943355904473355 0.03122146681549745 0.004591716030807589 0.0325754962099976 0.010180080035207987 0.06759108506402221 0.06788830914437077 10000.0 0.016219660424193576 0.058264315567686624 0.0574632445347204 0.0938524649560493 0.07526389721183063 0.04578593155205689 0.07797135576280298 0.06470757654067714 0.03853566210297659 0.08129485774747351 0.08852799760739487 0.036363280168593394 0.06633715957630462 0.07902976528305261 0.06890563916119928 0.01109024273712954 0.03078444023147746 0.0222286525777771 0.03763370067006182 0.04645183694142817 0.05874260182181669 0.056196030216839755 0.02408201865766848 0.07918188869932301 0.06083959083366451 0.011838069166761788 0.09026815794784983 0.0665506427023295 0.08017462120023197 0.00515080096070678 0.04293521604945829 0.007625928487084083
 0.04686382479043115 0.06103083005422166 0.037277837088296066 0.006285870612056986 0.07809173014410326 0.051555870883103795 0.045456076821384334 0.04630494087909488 0.029763732432275865 0.04484030002617608 0.009557363986629618 0.0864067937948309 0.05699801121122275 0.04354644533820863 0.011664993160142668 0.04066643857227229 0.012581951422460432 0.06162163599494719 0.07881881877019287 0.016219660424193576 10000.0 0.05938179488539125 0.04350547077081505 0.09013732820681122 0.07739821260832076 0.03537737755585439 0.07072280407126907 0.07524935647685557 0.04565146076960404 0.08888935605940909 0.08513277767487559 0.020756321863501775 0.06278771129427965 0.08745974947560585 0.06752187248127195 0.026848655097133262 0.045669399229464024 0.03833970662212594 0.052854670315717375 0.06008326302394644 0.047647308263547086 0.05871416526559483 0.03823865590440837 0.08804832102294353 0.07372085553662948 0.027834222372842228 0.08738128723996623 0.06905312038552991 0.07370039965733273 0.020958862474598012 0.03363356351540818 0.01669967657557535
 0.022056271497095974 0.040839204750189095 0.0630861810646864 0.06528096503526423 0.018736547616495205 0.06565152651648146 0.06734745972631699 0.05130626436371336 0.04797225434105138 0.035999127373527125 0.06156599980005739 0.046360252715090255 0.02378551285691649 0.04214829922126463 0.05763157274081234 0.030665448056419426 0.0660621569578455 0.02786928301463777 0.045580150209746505 0.058264315567686624 0.05938179488539125 10000.0 0.05768847337514325 0.03996307962749981 0.018134529152007344 0.04085300417957923 0.03812499438099535 0.041766433334574325 0.02547528973299319 0.03950398228214824 0.034521650284428565 0.05967875587049667 0.01870043805906789 0.041204878532183846 0.013604209540001428 0.06382380555060141 0.07928647388809076 0.06062399560269985 0.08292966293959726 0.05033284562771214 0.04501734325807955 0.005236988943069857 0.04921970439359237 0.043230407633300154 0.052400819089126555 0.06305509010432647 0.03508260159605969 0.01055432683053999 0.03678461842911435 0.05650210598792111 0.03782977487543308 0.06569386980914899
 0.061652381896899235 0.08401752110000082 0.07683699886119989 0.04816253970679442 0.07176679615783721 0.08888414565946634 0.08480870804571107 0.0787862455816003 0.015909717079254954 0.0693102880742801 0.052791111186406406 0.1011198424044564 0.07146196026852748 0.07187055258314856 0.05317287553528441 0.06196282891898569 0.05607234323552107 0.03946458367039727 0.09714634948175077 0.0574632445347204 0.04350547077081505 0.05768847337514325 10000.0 0.0676270595899715 0.07312181198181507 0.01813788151017321 0.04199374951781121 0.0930640864796933 0.06301379752134165 0.09686793415704072 0.06432497883037999 0.024003305650206003 0.047297886927048775 0.09787536082165299 0.056463775427331504 0.06852175362363286 0.08822692276460721 0.0767493506323321 0.0950817532057878 0.0882677793520256 0.014761834670385015 0.06075517133068238 0.0714464557720675 0.09955405412515837 0.09806259527609175 0.06910198884871091 0.06756946730095481 0.06780301901994758 0.046544057796449156 0.060729039332084324 0.02212564425604674 0.06005795384731993
 0.06197204065738109 0.07937200809175533 0.1021562859263121 0.09642204027719041 0.03052782076920183 0.1055930185460354 0.10697837390845752 0.09125590330879589 0.06725591111530492 0.0759519127498316 0.09511731239842404 0.07548851751556425 0.06266716885556187 0.08206963883387987 0.0920591415501063 0.0702891815420625 0.09972849203558368 0.02972739137267506 0.07886508078882162 0.0938524649560493 0.09013732820681122 0.03996307962749981 0.0676270595899715 10000.0 0.03410451063241755 0.058914881225970786 0.026091398490830423 0.07584562859180945 0.06539051392858915 0.06258259972457712 0.005490545648030709 0.08199587989469632 0.027589827411660498 0.06692221071557139 0.02653812121092378 0.10128171979619018 0.11822670880788959 0.09991667216053385 0.12236278673471629 0.0895299818483164 0.053109300667433516 0.044600185454349586 0.08878365205371729 0.06957239423495641 0.0889611097599048 0.10075287417615852 0.005687761392909152 0.03884840092989909 0.021350452795778393 0.09324985674917549 0.05855561474915722 0.10065101850041315
 0.03592188303312627 0.04751819115677725 0.07738771195450675 0.0832217967716284 0.003577002535511774 0.07730070143371619 0.08043435364650613 0.0632031279761312 0.06510864988733901 0.04845775140953422 0.07913550461910271 0.041582578638799945 0.03229278806491806 0.054690716522509744 0.07502753274237994 0.045044843286863485 0.08355503842549664 0.03726399327389048 0.044815690236084275 0.07526389721183063 0.07739821260832076 0.018134529152007344 0.07312181198181507 0.03410451063241755 10000.0 0.05748219162173395 0.044221847541425045 0.0419312329364339 0.039040720238926144 0.029800833678334724 0.029712082669454694 0.07747739322910634 0.027324834275909694 0.03351919343932527 0.017658365691147402 0.07974166847644654 0.09349370051796586 0.07460904731639169 0.09623961565076651 0.05820120723638669 0.05930411312289095 0.019081991140959296 0.06293732659087402 0.03609341651746073 0.055527199734912346 0.07881083294711841 0.02842033036960218 0.008739871335747695 0.04107110804230226 0.0729981575624302 0.05488184159499451 0.08281577210380774
 0.04354429307640964 0.06608846839807858 0.0629508280044027 0.041305483350406354 0.056635048638508774 0.07361771238322441 0.07052429718677393 0.062399045495457495 0.008404004838115962 0.051803614810025836 0.04322826801095541 0.08310350794608248 0.053326637090931196 0.054869084933315576 0.042136879330854034 0.04431242312853287 0.04735826928326779 0.02918882985619849 0.07900999528591872 0.04578593155205689 0.03537737755585439 0.04085300417957923 0.01813788151017321 0.058914881225970786 0.05748219162173395 10000.0 0.03633433722418715 0.07492825340601775 0.04499920637736258 0.07942121980323456 0.05460939525779213 0.023085052168317178 0.034148484055380304 0.08016467756285992 0.04215468681524744 0.056319712665897845 0.0761012625576659 0.06233470550267484 0.08244210698360208 0.0708369463104429 0.012988805830975819 0.043388557395282204 0.05553753728805891 0.08175561016106106 0.08011272524265146 0.056581257341744316 0.057464108782493695 0.05127813223037793 0.039927732583401605 0.04794104793718654 0.004089878836382168 0.05023521327436086
 0.05619073000765563 0.078061358277141 0.09072275775546138 0.07689478238557107 0.04135647215697773 0.09758185868156952 0.09698881582761482 0.08391318749042422 0.044156828488358266 0.06947048556118339 0.0773735865315171 0.08330640676954622 0.06126046897231216 0.0748030433759329 0.07521936748623885 0.06235318904194561 0.0818303924615175 0.011477294443344648 0.08356178815649526 0.07797135576280298 0.07072280407126907 0.03812499438099535 0.04199374951781121 0.026091398490830423 0.044221847541425045 0.03633433722418715 10000.0 0.07982122894789388 0.0592693268729724 0.07358816355917634 0.023788406935658694 0.05893798406221793 0.019436058265887932 0.07663339958930215 0.0274402729893883 0.087135551827723 0.10592067397872995 0.08913097600870895 0.11121501464996911 0.08657569352183374 0.027944492701717047 0.04329799565633512 0.07934609589717255 0.07901444465701067 0.09033914866460822 0.08696263647127712 0.027227258058999736 0.04368836791502424 0.004756293173041028 0.07864272456243239 0.03720918557729943 0.0838045787112274
 0.03175682548263995 0.01590426588235291 0.05504635141520372 0.07903822353904508 0.045468845221372296 0.04748845365430309 0.0538632858622467 0.03722491168860674 0.07942571249470966 0.030629931683397348 0.07176115759822155 0.011982716648706699 0.021602287440305748 0.033740328961189336 0.06706134801380845 0.03491459278172846 0.07486778528745312 0.06958958135895858 0.004085777776435847 0.06470757654067714 0.07524935647685557 0.041766433334574325 0.0930640864796933 0.07584562859180945 0.0419312329364339 0.07492825340601775 0.07982122894789388 10000.0 0.031248835183148364 0.022731981436454454 0.07111891019076835 0.08591786588122152 0.060390201431315224 0.018091686856598687 0.05335445983393552 0.0629895270864391 0.06845894959019064 0.05179586234583583 0.06826903301889209 0.02430431149830158 0.08314048455874364 0.036716270950347886 0.04229664769331164 0.01686323919161378 0.014593133935049912 0.06154329780560266 0.07019558573552731 0.03759954316949091 0.07813694439889823 0.06022302538199717 0.07098863298336204 0.07166997527255844
 0.0034198393617071686 0.021167104520865936 0.038387908378561084 0.05029241557465187 0.04124046889349125 0.04020433491213358 0.04201764561594614 0.025879564166189473 0.048622872709262334 0.010613520909360866 0.04414935549395614 0.04141187639348967 0.011349984353170247 0.01667991368898911 0.0395475107202156 0.006169721264856263 0.048040983135956304 0.04785296968195826 0.0352037621195507 0.03853566210297659 0.04565146076960404 0.02547528973299319 0.06301379752134165 0.06539051392858915 0.039040720238926144 0.04499920637736258 0.0592693268729724 0.031248835183148364 10000.0 0.0433626180194744 0.059926323523998855 0.05469062874736121 0.04131178631866366 0.041810286996964194 0.03888306631294707 0.04117821889483385 0.054549336242963264 0.03568947195237706 0.057717855207088546 0.027666762585734285 0.05486962465111845 0.021328499031231855 0.024072302790534288 0.04245899548304605 0.0351370022418505 0.04012756158935378 0.06055789007263287 0.030462291103213995 0.05924117527922165 0.035298069293116865 0.040936298821342115 0.04612973622461864
 0.04204079464203317 0.03680438747856711 0.07535457852136292 0.09365150325176894 0.03312968466279594 0.06953257718534603 0.07530791874457124 0.057923816836756715 0.0856927963788553 0.04758359809990454 0.08739207592057618 0.01496658501547292 0.032059864145786175 0.05238583667989902 0.08273924822133397 0.048910113183958 0.09111701217990623 0.06542213094322945 0.023071056657844546 0.08129485774747351 0.08888935605940909 0.03950398228214824 0.09686793415704072 0.06258259972457712 0.029800833678334724 0.07942121980323456 0.07358816355917634 0.022731981436454454 0.0433626180194744 10000.0 0.058822075208821836 0.09525699365472232 0.055365451072539505 0.005314994910376134 0.04625189530255242 0.08175997688893645 0.08981201402822027 0.07213828958780567 0.09026137965500841 0.04657633567244429 0.08451803679600291 0.03611414039702039 0.06147625257467707 0.0078119168186445926 0.03685552405127939 0.08043901252750926 0.05697265559748251 0.03054140210583883 0.07070891511407554 0.07745818644834543 0.07597434857156471 0.08873867291358675
 0.056508847205845446 0.0741708823317086 0.09667070548129127 0.0914125525049289 0.02615191035558506 0.10013050749978608 0.1014892462032469 0.08579747038654548 0.062995127145148 0.0704963076073632 0.0899277368185723 0.07127931559426973 0.05738812888298331 0.07660376187833629 0.08680350718246789 0.06480304678659446 0.09454217027107352 0.02556038326193098 0.07424179341339297 0.08852799760739487 0.08513277767487559 0.034521650284428565 0.06432497883037999 0.005490545648030709 0.029712082669454694 0.05460939525779213 0.023788406935658694 0.07111891019076835 0.059926323523998855 0.058822075208821836 10000.0 0.077639659116936 0.022405595201283667 0.06296251834932103 0.02105871797081751 0.09586061913163106 0.11274672924186716 0.09442707276675004 0.11687250610980561 0.08425221350513427 0.049648766249218386 0.039212929987156454 0.08329419500937107 0.06558708416670637 0.08401907369015839 0.09531943624433992 0.003446615473729088 0.033838235840521015 0.01908047787149806 0.0878584327443357 0.05401637860949921 0.09537825296025865
 0.05463149643113103 0.07373782079090054 0.05710437809374735 0.02454798782589144 0.07721541736064184 0.07067430698619839 0.06530196924758798 0.06313603423773408 0.014834680863165816 0.05757544872501466 0.030313462422599004 0.09590316651283362 0.06528088210303451 0.05820767772068937 0.03179718107780267 0.051429555928714316 0.032960087964559195 0.052272372854744294 0.0898300226145487 0.036363280168593394 0.020756321863501775 0.05967875587049667 0.024003305650206003 0.08199587989469632 0.07747739322910634 0.023085052168317178 0.05893798406221793 0.08591786588122152 0.05469062874736121 0.09525699365472232 0.077639659116936 10000.0 0.05663941030971148 0.09494750176370956 0.06381626063128412 0.04733321853230561 0.06641624075269471 0.057707081666158365 0.07357216389910666 0.07525946270043479 0.032151100674860746 0.06082843599932681 0.055153674192385434 0.096069045346587 0.08743381649179535 0.04819050908008778 0.08043713553276799 0.0701919612705674 0.06277721049558986 0.040534961474186525 0.02384510619890317 0.03741041893859492
 0.03804455775260568 0.05904558516636099 0.07582384495319924 0.06906031640900061 0.025240036774153842 0.08089161043028155 0.08129140010149317 0.06680403899580192 0.04248552685766705 0.05182657705062735 0.06753685198894831 0.06419533646052504 0.04209586140397896 0.05755714355675124 0.0644745511537748 0.04521907111284434 0.07214980187527682 0.010075951700941724 0.06414590140032862 0.06633715957630462 0.06278771129427965 0.01870043805906789 0.047297886927048775 0.027589827411660498 0.027324834275909694 0.034148484055380304 0.019436058265887932 0.060390201431315224 0.04131178631866366 0.055365451072539505 0.022405595201283667 0.05663941030971148 10000.0 0.057988473806401104 0.009689385058065592 0.07409567849546833 0.0916670844846922 0.07382818097006662 0.09626419607473247 0.06798947478930444 0.03284458960664106 0.02389632486070583 0.06319825348498964 0.0602666948313193 0.07102524095923744 0.07365121774042753 0.02460031893541989 0.02491443402710812 0.01826173781179007 0.06592497101004686 0.03279465501687733 0.0730742735288997
 0.04088342413214557 0.0329407210093344 0.07192389177692746 0.09198387071707842 0.03697382207833851 0.0653873416706947 0.07144628418709517 0.05429429192847021 0.08606646254503224 0.04493707144460141 0.0854206850315545 0.009662256206800748 0.0304734051763415 0.04934658302760606 0.08073350952483659 0.04702340646814995 0.08898834389183059 0.06796942872539782 0.018006399484489784 0.07902976528305261 0.08745974947560585 0.041204878532183846 0.09787536082165299 0.06692221071557139 0.03351919343932527 0.08016467756285992 0.07663339958930215 0.018091686856598687 0.041810286996964194 0.005314994910376134 0.06296251834932103 0.09494750176370956 0.057988473806401104 10000.0 0.049195705284880424 0.07885348378640518 0.08601001687374912 0.06868607610078423 0.08616127297521559 0.042275938193680904 0.08600366802106577 0.03731581659691968 0.05835168668404599 0.002676147717805749 0.03185834177787374 0.07748885777073998 0.06127236084353748 0.03308141504393205 0.073978491710924 0.07499105010201383 0.0765769905143418 0.0863669042687731
 0.03546845497066367 0.054138488739770015 0.07579042757814394 0.07369520944866455 0.015574811455463746 0.07908568646751422 0.08046139238278475 0.06476114978044716 0.050275351219007544 0.04946884961380127 0.071154258063402 0.05598568251568951 0.03712101884234161 0.05555533518468721 0.06764080818574976 0.04375816905749937 0.07575253869179754 0.01961341143922409 0.056906935430449 0.06890563916119928 0.06752187248127195 0.013604209540001428 0.056463775427331504 0.02653812121092378 0.017658365691147402 0.04215468681524744 0.0274402729893883 0.05335445983393552 0.03888306631294707 0.04625189530255242 0.02105871797081751 0.06381626063128412 0.009689385058065592 0.049195705284880424 10000.0 0.07554148472560916 0.09192360736470737 0.07347952614595928 0.09589921068827588 0.06384624308240239 0.04222944216716967 0.018568371277446656 0.062272085491036896 0.05157463899488586 0.0650705277055033 0.07490928148993287 0.021961987617111007 0.016309631448946885 0.025033122786376056 0.06777883207981246 0.040210918645144665 0.07605139094755514
 0.04400138118228791 0.04713160273577919 0.011570534645106576 0.025602254569093732 0.08156172077698033 0.026478160891229747 0.01926132687111839 0.026845857535364438 0.053243798654155565 0.03424881128345649 0.01760620794087709 0.07495830126515891 0.050986444586952555 0.029520887874822026 0.015566342006552854 0.03501207353889983 0.017178509414209266 0.07637864128343277 0.065698566345666 0.01109024273712954 0.026848655097133262 0.06382380555060141 0.06852175362363286 0.10128171979619018 0.07974166847644654 0.056319712665897845 0.087135551827723 0.0629895270864391 0.04117821889483385 0.08175997688893645 0.09586061913163106 0.04733321853230561 0.07409567849546833 0.07885348378640518 0.07554148472560916 10000.0 0.01983585168113161 0.013819586572237811 0.0265601492354406 0.04190270246858426 0.06930783446028756 0.06099658279523115 0.020693514278816702 0.07862979463078944 0.05673257184234561 0.0015552323191132351 0.09732367607483103 0.07101811007333775 0.08900509243375423 0.008537743603899072 0.05325318704483783 0.012127692774950403
 0.05781328077790274 0.05307594371186839 0.01620862302627892 0.04303968612728381 0.09578426259030792 0.02178696643645965 0.014595756529715414 0.031972841128707664 0.0730562683747301 0.04521044034235629 0.036116836515823994 0.08015187048158091 0.06221634540013376 0.03913646334541041 0.03506664427611394 0.048780332710608165 0.03411002424228024 0.09489548296631377 0.07018571526093062 0.03078444023147746 0.045669399229464024 0.07928647388809076 0.08822692276460721 0.11822670880788959 0.09349370051796586 0.0761012625576659 0.10592067397872995 0.06845894959019064 0.054549336242963264 0.08981201402822027 0.11274672924186716 0.06641624075269471 0.0916670844846922 0.08601001687374912 0.09192360736470737 0.01983585168113161 10000.0 0.01888477066940456 0.0073966845839990095 0.0444389689573978 0.08908939477511772 0.07569471104169355 0.03055871028611161 0.08519141225884444 0.05838610096059845 0.01952249832214476 0.11388449908243117 0.0849930967013737 0.107479075007077 0.028165657744779207 0.07295649527064253 0.02921078382488654
 0.03897846771772571 0.03595774893061267 0.0032509218785650947 0.03837695166664002 0.07691167260372579 0.013237131155462574 0.008193055897816938 0.014583742201198577 0.060930168711301164 0.026384070727781928 0.030008053379644732 0.06373972682816384 0.043472942931631724 0.020421068332422677 0.02669222270588856 0.030003865901303807 0.030549934557241507 0.07785954259648377 0.054073243991062926 0.0222286525777771 0.03833970662212594 0.06062399560269985 0.0767493506323321 0.09991667216053385 0.07460904731639169 0.06233470550267484 0.08913097600870895 0.05179586234583583 0.03568947195237706 0.07213828958780567 0.09442707276675004 0.057707081666158365 0.07382818097006662 0.06868607610078423 0.07347952614595928 0.013819586572237811 0.01888477066940456 10000.0 0.022465534642229296 0.02913222257542399 0.07511110032069296 0.0569005910220605 0.011675148890139106 0.06813141428845314 0.04393542393532585 0.012294894261642026 0.09542915453849002 0.06611649086131532 0.09030515337747655 0.017391472961104954 0.058754185905277014 0.025696189603840538
