NAME :TPP_input_26_4_3
NUM_VERTICES
101
NUM_CLUSTERS
26
Full Matrix
 10000.0 0.07578377833172523 0.048279237899516214 0.051592089443624575 0.021993073095329156 0.0213015536010765 0.04472175463633735 0.08469880986596096 0.05211274192160393 0.01770076361583919 0.033744842687772086 0.015691307093269827 0.028283137848599607 0.08839915359831219 0.07972644431263874 0.09389996362657661 0.011280917804815513 0.057825479369939765 0.08352834837980982 0.05337547418351492 0.023021167380199735 0.02933983880501459 0.03443548134135871 0.023051306141119342 0.08385884453534309 0.05194813809176331 0.053288392917026944 0.06093488335614895 0.07372111562736773 0.024408713101592466 0.015326827160653238 0.02626238690773359 0.031982315688353906 0.06145832728931936 0.07266952950118961 0.008165008582874134 0.026077046414829694 0.040051576896399564 0.05457766607164539 0.04724688375283803 0.04895816834397879 0.08997559537971013 0.04060509740070218 0.062102258449750605 0.0354654271485313 0.04742164414775345 0.04273350182757783 0.014470435599121137 0.025154431567750348 0.07451191722450573 0.026986314126255972 0.05010591313492226 0.05595576759188751 0.06995014262459612 0.06635986311284359 0.06527919813211337 0.04113214021584546 0.04077083617865455 0.07247551629355403 0.06595715776668831 0.08146768688670372 0.04245186929396198 0.06729640313103048 0.04749231539370342 0.0825569033552143 0.04023740212495298 0.0385824267847065 0.03920878966738562 0.06218102394996744 0.06338670937599267 0.07227334622572772 0.05896535330958031 0.06416746870095885 0.07329389061480639 0.0459269413508936 0.03726964439414188 0.02979166215051912 0.01945882206082841 0.04038517802872837 0.07675872043685279 0.005209178858912491 0.04226691066413013 0.05539127879432235 0.001003080134117898 0.04470897555869512 0.026888033347765974 0.03160374262487831 0.04108899327073102 0.035392717885602346 0.020009916125147433 0.0482913916735448 0.023983471419529067 0.010827004527717511 0.09366584850049378 0.0224074401217266 0.029863629075819027 0.012038313840053922 0.06203153876426284 0.029644638477034278 0.029318152508667702 0.08831899599390021
 0.07578377833172523 10000.0 0.10873545715261806 0.1034183124333903 0.054426518320116635 0.07904933750544853 0.033488378673581495 0.09597359661205211 0.12090977907978868 0.07433492342597799 0.09784274018995111 0.08397988554778851 0.09107930351368371 0.09396363057042441 0.05291179623236683 0.09536709418241945 0.08549064852093281 0.09330067990518444 0.04526999103836293 0.022479966643595417 0.08172747480602277 0.09567366977340479 0.07791764456015522 0.06242187332312207 0.07697926429709195 0.07027444432115218 0.05301706905439493 0.019931634139687977 0.0846133960850055 0.06912042957632748 0.06188659489471461 0.06925571404740541 0.04675377180349131 0.04096394065747666 0.011059327786266473 0.07125704317531646 0.07653892257349956 0.057179767483197703 0.02312011762924054 0.04688531239642831 0.028213934103013996 0.02557371472080601 0.06866099286822056 0.04524446908062455 0.0981023404619489 0.11419152585151823 0.11235772354572783 0.08536436335604292 0.05432020316376899 0.06516763989643591 0.06569095711103756 0.036807482595614366 0.08924662428346154 0.08586878432484932 0.010980236701433983 0.047269323807329115 0.03478784283504694 0.039873225019015336 0.07161824460592535 0.08982835120105649 0.0862290328105132 0.10190760720642415 0.029392898167725702 0.09769446948080886 0.09797902405518961 0.03908122248871698 0.09972065646219785 0.04534281954269995 0.09304028715753085 0.06244076663777146 0.0698438437384195 0.058279369500198686 0.09184849094118884 0.06487193170683751 0.07848648279648696 0.04835935044356431 0.04603947978543719 0.08805021318308252 0.07393538261940678 0.06218233042244839 0.0710994738175217 0.06767197407001276 0.04137509488770666 0.07668124428555369 0.06278057412374834 0.0775578119656625 0.062388463278664034 0.11287337613233514 0.09940886108316521 0.08419859730122868 0.0531868733274753 0.053816251036409204 0.08545738193831444 0.08927853347694197 0.07510323505577635 0.063865388368718 0.07555489057903836 0.0498992784894653 0.1016756633093698 0.09273761769856145 0.030853438843385882
 0.048279237899516214 0.10873545715261806 10000.0 0.012432640062949878 0.059258658094277356 0.06733369236689973 0.08535183036670337 0.06316857202056173 0.01819984715161254 0.06523966831307794 0.014549052998979585 0.058257394071686217 0.02045639262594268 0.06949993821826786 0.08661142671369775 0.07578182425974887 0.038507221427508356 0.0317642559540348 0.09520387811432762 0.0877193198129545 0.02884976100634393 0.019135292754706754 0.03130669183652567 0.07098468471835709 0.07577294598271117 0.04811782242842624 0.06295853146728239 0.09992400765804621 0.058081156115404584 0.04001753623807076 0.06124371602782149 0.0396189260425837 0.07561305943672127 0.07692653833856139 0.10154202817076605 0.056412585825226284 0.032483773261688616 0.052970006718654164 0.09289022128511767 0.06429589882008381 0.08089442099908652 0.11324324359728384 0.08879928497674298 0.07469800872558348 0.012866729941503278 0.011518984504365734 0.017074249776419366 0.03394779145433022 0.05626404320461858 0.0731849616331498 0.07526296589006556 0.09396976955263016 0.03384643265160671 0.052631721774194964 0.09782807910054854 0.07600962209535511 0.07659519462579452 0.08387227158802389 0.06646581125173512 0.044565901468223555 0.066270993710862 0.006880763982315492 0.08817492200682822 0.015351460324515825 0.05882891126041122 0.08261487412081628 0.00998955972369154 0.08439786254921368 0.03713263115456009 0.064016238305722 0.06752531267806307 0.06324406359423822 0.04061890420757552 0.07209178855647629 0.03603521853328536 0.06041213020777849 0.06769343333018692 0.028857979233126566 0.03745094815401909 0.077591705416103 0.04907610470829367 0.09050642591514084 0.0725588586329873 0.04821747364459822 0.09294986295944498 0.03138721543332009 0.0464049888319195 0.02247334583146755 0.01294672914717923 0.029087120149811463 0.09574807576529128 0.06851117608278175 0.03936054652365331 0.07967973511888594 0.03467047882944966 0.044871989582618906 0.039256037931597966 0.07159299082584476 0.024796126845916568 0.01915202211064942 0.10842173003328434
 0.051592089443624575 0.1034183124333903 0.012432640062949878 10000.0 0.05794684310127557 0.0721558797577473 0.08321763883504388 0.05073632399104258 0.030515687682029335 0.06922946693814726 0.020802843890704897 0.06388053561199745 0.023783578549559415 0.057086126241392574 0.07648548776027392 0.06336464756507698 0.04359268074098325 0.01954803844104532 0.08562656358899941 0.08351485194064703 0.02923904040768073 0.02534754250175164 0.02583486477391814 0.0730302653779806 0.06395843357818998 0.03832819577552116 0.054542559249782664 0.0967046895891481 0.04594872702075653 0.03722494988027631 0.062455064317918134 0.036275192868235155 0.07504202850732516 0.06877877730955766 0.0953617574357575 0.05936176825219298 0.030134863883862818 0.0463875973632019 0.08967863275274998 0.0573731154765333 0.07636550255870583 0.10544418844697263 0.0919318705322304 0.06609148383323746 0.018503811312111047 0.023945042357854 0.029050601142581168 0.038367727708437945 0.053736328960752776 0.062252835318532845 0.07798989721052606 0.09281471102820084 0.022031779975843175 0.04048582854054486 0.09243814162545562 0.06697306748254007 0.07328988056702189 0.0827268080925932 0.055127991182716815 0.032300649166504054 0.05403537298415833 0.01180610183206551 0.08063234555148717 0.005729335112486211 0.04640530757269609 0.08123548074097797 0.01540205188922615 0.08416856115767067 0.024800090029885397 0.05379610606159478 0.05631744914111317 0.053731448730384906 0.028299345865029232 0.061215874075347364 0.0267084053845464 0.05532926662075749 0.06572441403627531 0.033401326899899386 0.02978602743633351 0.06682353217282258 0.05112487611173878 0.09347739856971687 0.06502776281676267 0.05176995065365629 0.0952383319657584 0.028951313120808283 0.04150361465480303 0.034236547777922365 0.01988874489567153 0.03158863619644851 0.09675819438733106 0.06868231196967493 0.04452084682225673 0.06738143668539207 0.03330279515239402 0.04039570385267724 0.04074985274315726 0.06256715825523525 0.03399122163918413 0.02322088278774707 0.10007516511062875
 0.021993073095329156 0.054426518320116635 0.059258658094277356 0.05794684310127557 10000.0 0.03378692621277583 0.026204815139361824 0.07670233970098236 0.06826638476595094 0.02829149801436302 0.04617575555122271 0.034013112943966264 0.0393977038065542 0.07885952318055114 0.06118997092065548 0.08352643216450795 0.03107214579512563 0.056615306361043116 0.0634681965874897 0.03195072764941047 0.030427604275114397 0.04307420222731022 0.03352148819734067 0.022120562292068973 0.07029331157691515 0.042106737985889486 0.03676180679373645 0.04156350311925144 0.06453496735133941 0.020951848279704394 0.012646776266689327 0.022258154328852864 0.017260785159777477 0.04167773082338109 0.05073395899844783 0.020018896802748164 0.027814765522197516 0.025788628898461664 0.03470936391037282 0.02873604780900364 0.02703661071018777 0.06802624284503311 0.041188553778770544 0.043176786471667505 0.04702971172087861 0.06218526157245423 0.05923680383244429 0.03114929916412034 0.006686257388856625 0.059285944779337324 0.0283378124392858 0.034924372097942365 0.05349470738937527 0.06210996328452928 0.04461884042070376 0.04666195561474418 0.019651983956185774 0.024811975086139453 0.05936491833144654 0.06069929413507768 0.07107456664919393 0.05248141781340941 0.04590660834174044 0.05259348841207936 0.07579688996549298 0.02341883731517082 0.04938946234727568 0.026499939607781246 0.05940756207155177 0.04887672437639952 0.05867285317157667 0.043677906806344625 0.06026556125575373 0.058157208558701184 0.04142350165505421 0.018302845515357203 0.008801693799143714 0.03437673896406435 0.03508957146669655 0.060494998289761764 0.016968840478024567 0.04201505991152931 0.03565414772386519 0.022963284667976643 0.04161085083248004 0.02899840997474791 0.021135592510047523 0.059075405087155315 0.047868934196634925 0.03136685157701189 0.04029915745274573 0.012576068337292926 0.0310649587060419 0.081593997038072 0.02485682681092817 0.020733675480904455 0.02170415141008085 0.044179965453147216 0.04764947307173336 0.04096510610175798 0.06662332831435083
 0.0213015536010765 0.07904933750544853 0.06733369236689973 0.0721558797577473 0.03378692621277583 10000.0 0.04556899594851327 0.1053504735386443 0.06731317706191635 0.005510479603748451 0.05294026661596748 0.009862716795765083 0.04842850382246548 0.10868680363693342 0.09497671507628201 0.1139686319146616 0.028886002289665858 0.07912113408088202 0.09692080297430947 0.058337986014754574 0.044225269674359254 0.04823998365192701 0.05559094338828903 0.01662765956671727 0.10259663781637493 0.07176307925384619 0.07005198526826312 0.06084644263060556 0.09400492159150557 0.0447125425390008 0.02120913231169825 0.04659022652145804 0.03242092090500742 0.07535971658167315 0.07890092816316498 0.015599515194317477 0.04728352401817869 0.057794123166526636 0.05601184870804441 0.06246071163339929 0.056412191396012216 0.09791898135699456 0.023605597855240468 0.07696275197458034 0.05493967942467079 0.06417046324524307 0.05826851062992795 0.03385698758329682 0.03965539799129328 0.09229086112128143 0.014659070629281033 0.04586112461983297 0.0771929597986287 0.09053513736111866 0.07160379708551941 0.08044701803633647 0.04764651870320509 0.039433976214054076 0.09134036153846346 0.086975000914096 0.10145437377298412 0.06217544542619391 0.07831034936553534 0.0683972051913055 0.10343957827116233 0.040006188487790584 0.058190583521239715 0.03491015086060858 0.08342494436288307 0.08146968222600984 0.09090665701012596 0.07656553903436109 0.08533202482522281 0.09111691180182299 0.0668458098495483 0.05200329375387974 0.03764857084744219 0.03893140971475317 0.06105703172725368 0.09388685190937374 0.024044377609564623 0.025600297893378164 0.06937913758737664 0.02085549823944645 0.029884191226790365 0.04813617561425074 0.05047300282223738 0.055073886460910146 0.0544443299598134 0.04073999995811077 0.03708215441256957 0.026455669984538754 0.028005848829145242 0.11312431313479816 0.043564067529388906 0.04906089530542831 0.033313692897079694 0.0778816390606041 0.045007582794427396 0.0491922831573448 0.09791785834318165
 0.04472175463633735 0.033488378673581495 0.08535183036670337 0.08321763883504388 0.026204815139361824 0.04556899594851327 10000.0 0.0926691507142903 0.09428993095510715 0.0409348057604049 0.07237958161046443 0.05090059518219346 0.06560181947676555 0.09311124464622211 0.06299416658188693 0.09655998710420016 0.055434916197775824 0.07891763315237162 0.06070174294855776 0.014690929459371354 0.05657986247745012 0.0692107712990474 0.0577982788722523 0.028942156624706332 0.08021195596196509 0.059735950564115514 0.04716717785370783 0.016244778627327348 0.08020706024887829 0.046029852772106715 0.029749520121127148 0.04694624873431601 0.013501100947844407 0.04347653345739467 0.03455894733911176 0.03897081044626238 0.05336401428534995 0.04266791619518008 0.010478636853449599 0.03788794276116306 0.017237889244822894 0.054168545652716706 0.037500503863476364 0.04702232451385257 0.0732241764171683 0.08834108032952868 0.08515306129534658 0.05655328952558046 0.029484796483073596 0.06783577045288629 0.03235623089745558 0.011534158432702758 0.07530209020060617 0.07927430371220939 0.02691439462416255 0.05054265122629055 0.012109535458314618 0.0067943082624677695 0.07100691158405456 0.08011292085599005 0.0849322698896772 0.07853358288625578 0.04002768550508667 0.07767385638137997 0.09296943062562843 0.005618282697737884 0.07553631066578868 0.01297249315107596 0.0806201298154975 0.05998687054532748 0.06972872986576226 0.0545412818970634 0.08068277955547438 0.06699054037730327 0.06312940484598496 0.03166303592591349 0.017663769560897925 0.06024005980934395 0.057138393075296064 0.06712545461142547 0.040707084458130656 0.036994233926658106 0.03925139191698199 0.0455052570787165 0.03317075621819822 0.0545333726070095 0.04291446475649425 0.08461383763278332 0.07407355700846946 0.05752502416193054 0.025766171284548944 0.021160862312965385 0.05520455122842325 0.09267471608437687 0.05074429389986698 0.043466860180491486 0.04764927362650522 0.05031302707096489 0.07307270252965176 0.06716977602471838 0.05580806905669079
 0.08469880986596096 0.09597359661205211 0.06316857202056173 0.05073632399104258 0.07670233970098236 0.1053504735386443 0.0926691507142903 10000.0 0.08116261596973763 0.10064779690686469 0.0672831247371693 0.10019773537491489 0.06597625283095333 0.006936343747800744 0.04767778276279439 0.012891289128840674 0.08231486672354818 0.032014470954607965 0.058462156411879296 0.08467284420854772 0.0642389053926279 0.07041637810351434 0.0507340405350081 0.09837119859144734 0.023225333137123015 0.034595617504925576 0.04588877727965503 0.09944029075852849 0.012475487164392823 0.06063822887137001 0.08753268773605576 0.05876086848087753 0.09174831545315691 0.055150905144612385 0.08518344138998014 0.08984325323734484 0.05904011087997161 0.05148102930139549 0.0936771155266938 0.054902249569420934 0.07787566008036657 0.08536421023313238 0.11784860469220292 0.05082183554979059 0.0652488834412165 0.07467333285181063 0.07935831840047615 0.07714538086395216 0.0700697672330127 0.03177172141470161 0.10452627400637678 0.10419057170119919 0.03144331837212492 0.014828457129403519 0.08653287894260105 0.048721096504791624 0.08056016308043175 0.09589342528739826 0.02441269351249605 0.01988524180574314 0.010405752436987301 0.06094381799261188 0.06671267533330011 0.04904252977454585 0.005007233493628959 0.09385541281769147 0.06319827676590528 0.10027955107107758 0.02645201858443667 0.03399298321444569 0.02623930455057302 0.038955417714555844 0.02317260513903282 0.03173298083731972 0.03888385242764263 0.06179290829986504 0.07996029863548888 0.07381975189648192 0.04433600048570451 0.0359455590515455 0.08131623851241261 0.11871563165192617 0.05617973161965617 0.08539210038073136 0.1181089354922943 0.05845770330180506 0.05597545551726545 0.08420952137068585 0.0672260725061193 0.069253192121313 0.11521510792619409 0.0891997069086917 0.08318336237476158 0.018844266712040182 0.06248825274616676 0.05695456068601513 0.07292405399811303 0.046226523491754726 0.0809247620193378 0.0665619622279305 0.07777657059787557
 0.05211274192160393 0.12090977907978868 0.01819984715161254 0.030515687682029335 0.06826638476595094 0.06731317706191635 0.09428993095510715 0.08116261596973763 10000.0 0.06667521073499655 0.02322061331958589 0.05750952969659835 0.02986766785104431 0.0875816807323192 0.10362824337381013 0.09385335706001584 0.040910840590105406 0.04995825368485732 0.11172923857358004 0.09901273133300739 0.03919596335396358 0.02532006148485512 0.04632300929388325 0.07499407195517242 0.09388059258697623 0.06525631201284159 0.07886351094976969 0.10982357457866086 0.07627886737084519 0.052013233860475454 0.06695765331761276 0.05216763190388995 0.0829352814095209 0.09238630288165035 0.11474833559948465 0.06003757345672853 0.044890380337560785 0.06761193858937604 0.10292726596627841 0.0789001064383816 0.09270485671362165 0.12799571369929885 0.09047378031528953 0.09058404963262097 0.023396196115605332 0.007428706837958501 0.009379323227124283 0.03821414320379459 0.06681942516183208 0.09082995063272728 0.07807883444817725 0.10145311173343559 0.05201266453161267 0.07083083528450622 0.110239902114774 0.09223911373710618 0.08716820218153487 0.09163092818571107 0.0843667448974177 0.06275628884640319 0.08446874946790596 0.022581581685810086 0.10292823526843423 0.03341517047604576 0.0767176460097752 0.09070679985609031 0.0228015598869668 0.09096124337994478 0.05529881512876256 0.08125049119374722 0.0853532067208277 0.07998846711119839 0.05879189882725914 0.08970600325133535 0.05316557416056836 0.07341242092139649 0.07705358226741883 0.034089018455069446 0.05354055865506279 0.09511337211435811 0.05461195890456246 0.0923681339476018 0.08753712370965497 0.05170393992678692 0.09574735847993414 0.04401511012814405 0.059880937015240714 0.01247186040526878 0.021779257542742878 0.03699555780875344 0.10029018714076716 0.07519230288083298 0.041504381215227176 0.0978660926080837 0.045867632054732835 0.05805869263033635 0.04664200538186767 0.08786357045466726 0.02268293238126947 0.028206561059267398 0.12374683897097694
 0.01770076361583919 0.07433492342597799 0.06523966831307794 0.06922946693814726 0.02829149801436302 0.005510479603748451 0.0409348057604049 0.10064779690686469 0.06667521073499655 10000.0 0.05071666932431392 0.011027063027181804 0.045716089099628585 0.10382406661274744 0.08947858910918932 0.10902559488475291 0.026809472377191716 0.07512780669171516 0.09141653397517817 0.05329890735415563 0.04068789604031316 0.04611041754671239 0.05136337103982461 0.012196339885319088 0.097367325769912 0.06681651090578068 0.06465076635548192 0.05653313430751217 0.089159886510642 0.04006051037513472 0.01569990676753377 0.041930451284397534 0.027586999740130073 0.06984948059767807 0.07382449618694689 0.010850392514529128 0.043160677617680145 0.05252231577530385 0.051411307505935686 0.05698595367823716 0.05112743621022986 0.09272185143757267 0.02386703045515062 0.07146367176458181 0.05259814898752747 0.06298338424178392 0.05744771549554401 0.031350910065113154 0.03422175700813112 0.08694780397716483 0.012089052142703427 0.04216899080297914 0.0730267943817802 0.08582041185182375 0.06660669192338879 0.07495345016382629 0.04238037549081497 0.03504909257903615 0.08614641078984253 0.08253190611188149 0.09650017073107367 0.05973793997916524 0.0728665942985011 0.06519116708201256 0.09887280457998998 0.03544708549340474 0.055797932138248504 0.0309965972667734 0.07926203951953653 0.07617721149253316 0.08567570478051195 0.07122676735580924 0.08104107699935906 0.08578002187346419 0.062372421757561254 0.046530076143566995 0.03221497419791303 0.03646834216964453 0.05646018370909574 0.08848195418743245 0.019595595293204256 0.02572007641065035 0.06387041741285102 0.017463139236036592 0.029190621384914066 0.04407692323728404 0.045408680019691686 0.05470274713204446 0.05229342163474204 0.03764533061163055 0.03513393417327683 0.021206642218642897 0.02600601370483276 0.10802011368273046 0.039403173253167945 0.04407109857463219 0.02942213523527371 0.07241459217620014 0.044069922843906095 0.04662601661867099 0.09258516789491184
 0.033744842687772086 0.09784274018995111 0.014549052998979585 0.020802843890704897 0.04617575555122271 0.05294026661596748 0.07237958161046443 0.0672831247371693 0.02322061331958589 0.05071666932431392 10000.0 0.04406073467757876 0.006833161791175042 0.07289827067391381 0.08217307006978067 0.07912483186678483 0.024059626052325703 0.03544719782811132 0.08964518042766464 0.0761317742139363 0.016164548971474273 0.004748996406102067 0.024002275554724277 0.056537273192240924 0.07564306261558473 0.04458913378622453 0.0564939090975208 0.08749446559154664 0.05972663191989056 0.02881594386561512 0.04702973471497608 0.028947158277405044 0.06193436989814296 0.06964117241694318 0.09153716813759034 0.04188930763416381 0.021677088623052333 0.044671180780479165 0.08051846770161754 0.05587833570289759 0.06967191515990444 0.10490127393936559 0.07425029050859126 0.06810357297528515 0.0023052026777367588 0.0163508664767536 0.0157193155118811 0.01940054119542093 0.04404547283807811 0.07071755082065323 0.0607311475847528 0.0804232990318007 0.03591628334992363 0.05455783051727305 0.0871157142190778 0.07000947185289605 0.06449104501202742 0.0703900341114461 0.06518794534251086 0.04750247967229725 0.06819119137497913 0.009449071068018258 0.0798736470229452 0.019237044986699477 0.06359267707608612 0.0692584062262322 0.005487482491667094 0.07051628575411281 0.04096599844936847 0.06039890874904789 0.06588302742091554 0.05842206682584851 0.04412535913678931 0.06953012991366375 0.03298217342615553 0.05019262679064281 0.054846315346727036 0.014309315038889133 0.03184912893038591 0.07464260445233846 0.03473846764979921 0.07595820713713818 0.06460269714180751 0.033671352185297605 0.07843741165363807 0.020825225726866486 0.03670567083610543 0.01871648270464381 0.0017173887600503697 0.01504625310749532 0.08144064280746414 0.054588548711032664 0.024934475588680144 0.08170486025741998 0.022739521751921916 0.0348578235289524 0.02526210870640874 0.06570557284641357 0.013799470257790972 0.005218585843054723 0.10083976754572978
 0.015691307093269827 0.08397988554778851 0.058257394071686217 0.06388053561199745 0.034013112943966264 0.009862716795765083 0.05090059518219346 0.10019773537491489 0.05750952969659835 0.011027063027181804 0.04406073467757876 10000.0 0.04010675464675153 0.10402009960404635 0.09429962081815435 0.1095589787396023 0.020288203012992827 0.07243681193955527 0.09732801339784312 0.06233740335545863 0.03715433683613659 0.03931783955060941 0.049648259009376576 0.02288296230117502 0.09947639172366472 0.06763941156127501 0.06831196604443143 0.06681865463359815 0.08935334930077168 0.04009633380794882 0.022719615540929775 0.04194592740714251 0.03740322952270216 0.07536771488070289 0.08262655495996796 0.013996168229544258 0.04126794867578907 0.05532353187483523 0.0613508558065099 0.0616194419892258 0.059326547520653035 0.10103256172312133 0.03341426608315103 0.07643563551275612 0.046154208711520456 0.05454802367523021 0.04852318909755614 0.025582213184357244 0.038808931265298205 0.08991661173113139 0.023028291606001 0.05298501603447689 0.07087429920670386 0.08549617121188038 0.0756692115811876 0.07975782104712001 0.05077247592883809 0.04538501421584756 0.08810244065728871 0.08122276614340222 0.09714157638559084 0.053431006599605396 0.07984795994793138 0.060504467797959205 0.09791607648208833 0.04557138465678066 0.04942952205586517 0.04174461314225961 0.0770553065861379 0.07884458488236114 0.08786261197245779 0.07428188685215442 0.07923017322318526 0.08870756593599666 0.06134109120384451 0.05130755066336352 0.03985050599251226 0.030479645792486708 0.05595525774534324 0.09198487339551893 0.020037627160277745 0.03539172226891368 0.06929325956909313 0.014899651222962183 0.03946941822298967 0.04196533364362851 0.04713703962376582 0.04523410186769272 0.04548809775753102 0.03305704969098609 0.04602844143014364 0.030185456289962186 0.019359779036542582 0.10935548996455594 0.037726104997628365 0.045458937985620326 0.027277425199852053 0.07676402667721641 0.035339558901131767 0.040694585813124344 0.10026746567921861
 0.028283137848599607 0.09107930351368371 0.02045639262594268 0.023783578549559415 0.0393977038065542 0.04842850382246548 0.06560181947676555 0.06597625283095333 0.02986766785104431 0.045716089099628585 0.006833161791175042 0.04010675464675153 10000.0 0.07117422299041308 0.07711637682998516 0.07729874747575516 0.01982008630056805 0.03492301910449005 0.08416858928791113 0.0693171822844204 0.009357545735682869 0.005549924389265838 0.019054306974726994 0.05065477885270176 0.07232198942667387 0.04038916621543492 0.05094964138326389 0.08066930142635946 0.05741629418357872 0.022170738344505492 0.0407893180383478 0.0224370018573487 0.05533782086111282 0.06372808846243296 0.08490493934307108 0.03630591081491903 0.015288953772912763 0.0386583514884828 0.07368982561684083 0.049722378439636034 0.06289233734250302 0.09859121042249623 0.06888121903854329 0.062414700363464075 0.007711425779373717 0.023148953168413408 0.021808466249565502 0.014591468301519377 0.03721450825775865 0.06649591363449021 0.05514528121241528 0.07378598211860807 0.03460724960927555 0.052486438296311264 0.08038114599606436 0.06450104628571866 0.05765855911443556 0.06372659128710978 0.06151760391231409 0.046094023030973715 0.06585960757615947 0.01422353267183846 0.07363319028854914 0.02061771230543553 0.06265701211824624 0.06255765217517266 0.010495835341860727 0.06402288859019696 0.040227156741520456 0.055853377391557275 0.062052556769627495 0.05344346843994037 0.04310255525047433 0.06528443942853362 0.029454682066811615 0.04361595550780457 0.04804284314349768 0.0096329745528548 0.027219626836185715 0.0701937672156836 0.028674795957691433 0.07052207310356225 0.05852221548590455 0.028345833506476105 0.07272907530931756 0.014564959396486641 0.030365323709626933 0.023861752507021185 0.008493627582170009 0.008634632707845522 0.07530438686278579 0.04811174202525552 0.02075178628937016 0.07925312391884116 0.016000262933759935 0.028450547454968642 0.018809442406737237 0.060269119492882245 0.01585914332849113 0.001661107703248047 0.09472814787828589
 0.08839915359831219 0.09396363057042441 0.06949993821826786 0.057086126241392574 0.07885952318055114 0.10868680363693342 0.09311124464622211 0.006936343747800744 0.0875816807323192 0.10382406661274744 0.07289827067391381 0.10402009960404635 0.07117422299041308 10000.0 0.043831242753153025 0.0062895300558872946 0.08674391734060583 0.03800532466390725 0.05443441655344548 0.08417490369214967 0.06876977390012835 0.07581592344067793 0.05502852889908091 0.10079904006744336 0.018482341452597365 0.03708035944967159 0.04595543434644977 0.09879807504114312 0.014689565843803657 0.06408517732048426 0.09016761847961949 0.06221089663607168 0.09319096791148744 0.053635765061877096 0.08302363521098903 0.09310462189599475 0.06318549910455964 0.05321493381467989 0.09334072155644291 0.05522872977337711 0.07764552245779163 0.08172937747969511 0.12003700555389941 0.049307016074095475 0.07093070198342258 0.0809726483702827 0.08544966799888101 0.08169162215076782 0.07217809970813091 0.028881715557830843 0.10699821231142356 0.10464227274052378 0.03698850154933791 0.01882884379225086 0.08496506523949408 0.046817408907856385 0.08105008502612547 0.09676321172125718 0.022714976190843016 0.025429135412277686 0.008186388809360273 0.06696324507350754 0.06457249042769381 0.055073200708146815 0.01193842643491731 0.09469929333367726 0.06903100045171151 0.10144961721306972 0.03248232296837688 0.033342275461075876 0.024343701024236632 0.038664221855875126 0.029072141005603156 0.029102005966068767 0.04310007363809021 0.06299534994206181 0.08141526684852657 0.0786291623167111 0.04808502950980711 0.032499306638344674 0.08474700907363208 0.12080080254674284 0.05539944349080431 0.08913966845662219 0.11988256179120652 0.06269902826165359 0.05863363729631757 0.0901926195949822 0.0729393877736995 0.07388604874882411 0.11643513692972071 0.09120701219588317 0.08758807270081183 0.011997413256834708 0.06648373344228764 0.059808373639678475 0.07683534424587284 0.04487509940889315 0.08640660410070146 0.07186099467605148 0.0739729872271414
 0.07972644431263874 0.05291179623236683 0.08661142671369775 0.07648548776027392 0.06118997092065548 0.09497671507628201 0.06299416658188693 0.04767778276279439 0.10362824337381013 0.08947858910918932 0.08217307006978067 0.09429962081815435 0.07711637682998516 0.043831242753153025 10000.0 0.043830387455727586 0.08382631036978835 0.059236593780020594 0.010831252701639732 0.05004626175377303 0.06990871076056722 0.08266619732330997 0.05821707540442705 0.08174174739125806 0.025508632785440685 0.03849442197665676 0.02697394816939445 0.0627924921647834 0.03916459683797569 0.05860864356369252 0.07379728081339194 0.05730236520226734 0.06882850639105094 0.020179842609845077 0.0418972994791976 0.08062411566545877 0.06285799885437436 0.040473139536756374 0.05916087720228619 0.03269045768443333 0.045756486108371575 0.03790079369060517 0.09777303348694914 0.01801580530118125 0.08115466610459796 0.0962016463584046 0.09774880096301876 0.0804796595021643 0.05559740335246074 0.016556495954109116 0.087599733291466 0.07357882105599067 0.0555599149663745 0.042794473424943635 0.045889154440827966 0.014559401671422488 0.05270370501530162 0.06865583448729351 0.024910292455125146 0.049913501237017904 0.03727418022909617 0.08111249030806322 0.02491900143374602 0.07169725088424028 0.051080119133619546 0.06665617349904711 0.08099923511735992 0.07460618430034766 0.05614800582923608 0.022690900275476784 0.023088784871040595 0.023752862902833405 0.05345763731081144 0.017073655929435497 0.05059320409263678 0.04308979069275263 0.05880679774274534 0.08003007665817859 0.0503558804528659 0.011871244233677443 0.07469739375728043 0.09784745719053269 0.025810459085323846 0.08070419254182123 0.0951139474139514 0.06319334050874259 0.04961366531879371 0.10077620853116785 0.0831166672652653 0.07474481760195704 0.08870810732081681 0.07059881826820408 0.08435630713037208 0.036979858932169235 0.06421688169941538 0.051664791978254625 0.07166674719787633 0.017763214709701224 0.09244965241144937 0.07852848650196956 0.0301598581628449
 0.09389996362657661 0.09536709418241945 0.07578182425974887 0.06336464756507698 0.08352643216450795 0.1139686319146616 0.09655998710420016 0.012891289128840674 0.09385335706001584 0.10902559488475291 0.07912483186678483 0.1095589787396023 0.07729874747575516 0.0062895300558872946 0.043830387455727586 10000.0 0.09257927063535559 0.044292602390135175 0.05406095300648413 0.0869325991978411 0.07467090309500464 0.081991909912406 0.06086804526457842 0.10557158400886275 0.01847524878096924 0.04221155406090477 0.049466711602819895 0.10137650074290382 0.020296823054451064 0.06951968878771381 0.09508780840841309 0.0676534921042251 0.09734989745045924 0.05578331150267226 0.0843414155720933 0.0983706321794825 0.06894241749110128 0.05776042925288041 0.0961878371359922 0.05881815495853616 0.08065018024334708 0.08156617755954713 0.12462547536668474 0.051513748370739416 0.07717080345130882 0.08725802269332361 0.09173696546262325 0.08758047985585926 0.0768410566217453 0.030335173572671133 0.11178546555133591 0.10806104146426722 0.04322951792013803 0.024839805625421332 0.08681269087972764 0.04872027877689057 0.08458366843684992 0.10051219966243567 0.02556363517322535 0.03169021658652401 0.012530016630247979 0.07324763135349872 0.06604008101942259 0.06135959082590236 0.017763500327980204 0.09843632823782489 0.07529577747605257 0.10539744380212233 0.03877159038857487 0.03657475610037625 0.02693371668113247 0.042038141662125286 0.03535830327958401 0.03079883446856801 0.04895336202304841 0.06712907700150468 0.0856231515131762 0.08462072228450314 0.05372548333055051 0.033236741443941765 0.09011853255787926 0.12532202857679056 0.0581417283556023 0.0946624756264079 0.12420150115436143 0.06849706420424757 0.06368035816856431 0.09647181366266205 0.07918441771819347 0.07981835485110456 0.12038230829283894 0.09574146561075678 0.09341230131522474 0.007978325110585074 0.07216770191211655 0.06495535420170923 0.08245831344669917 0.047292385866333615 0.09259806317900304 0.07801319204589865 0.07367258833818977
 0.011280917804815513 0.08549064852093281 0.038507221427508356 0.04359268074098325 0.03107214579512563 0.028886002289665858 0.055434916197775824 0.08231486672354818 0.040910840590105406 0.026809472377191716 0.024059626052325703 0.020288203012992827 0.01982008630056805 0.08674391734060583 0.08382631036978835 0.09257927063535559 10000.0 0.05304692970329303 0.08883629509014616 0.06301098005510648 0.018093782334353888 0.019379080030363535 0.031717756431034326 0.034094511238576215 0.08458899905020112 0.05193135061834248 0.05687546699100009 0.07154976886030961 0.07229037640864211 0.025466381058038983 0.026501536590321992 0.02701437436144724 0.04302804791414383 0.06694503567236047 0.08152705625097491 0.019129264103886198 0.023729723096516674 0.04335838022600354 0.06500964335445583 0.05236651929467099 0.057950027770371594 0.09794511772835178 0.05057071084060399 0.06691362913614728 0.026055767955485896 0.03649832264290336 0.03153533651294835 0.005426056217603232 0.03246670215800215 0.07649476322661244 0.03748736511269273 0.06129653685892787 0.05189742488439989 0.06794652546139597 0.07564383238132869 0.0697741414865862 0.050703959555550605 0.05182563160345258 0.07325908952067897 0.06279308922502376 0.0804519757807187 0.03330232805438123 0.07427534319492389 0.04029017101442658 0.07959041275042279 0.05118329095492264 0.02931170757368418 0.05046530029960242 0.0579505631752397 0.06531761414197308 0.07334807575632081 0.06154340939346647 0.06040350722081367 0.07525697889059538 0.04364484277879094 0.04331173810206675 0.0395432524270521 0.010191471145894746 0.03910070628860292 0.07933886339598602 0.014731404287457119 0.052353863810291314 0.061021491933871436 0.010805429471667615 0.055260066256648074 0.02409615488392283 0.0342477098603559 0.029811593238194024 0.02558318063678649 0.013313612026865715 0.05938932711280671 0.0350662509197839 0.0009399001944946328 0.09330603527287812 0.020881578902057756 0.032224958018823795 0.012185620776726731 0.06609272902905565 0.018369690318338423 0.02042435288049861 0.09559440782114056
 0.057825479369939765 0.09330067990518444 0.0317642559540348 0.01954803844104532 0.056615306361043116 0.07912113408088202 0.07891763315237162 0.032014470954607965 0.04995825368485732 0.07512780669171516 0.03544719782811132 0.07243681193955527 0.03492301910449005 0.03800532466390725 0.059236593780020594 0.044292602390135175 0.05304692970329303 10000.0 0.06908311719891586 0.07582826880153322 0.035291146634467536 0.03888238852535968 0.02400951801462809 0.07581093888359493 0.04457057690618849 0.023465194017980005 0.04104571566977819 0.09014724806338051 0.026402130566659167 0.03648155431437817 0.06466375100617372 0.03482835943532107 0.07365179035927504 0.05502807019733821 0.08405098470104318 0.06439421403030744 0.03198410353074663 0.03720526744370604 0.0833731632866402 0.046457422812890586 0.06846007973592899 0.09135046707253643 0.0955393980960055 0.0516453043612824 0.033348126808437524 0.043125965247513866 0.04744439975742938 0.0476522294480012 0.050854976873113134 0.04398554847662183 0.08154741144405996 0.0896947291530024 0.00408315510573996 0.02093871912458619 0.08249382123095872 0.05174344076265633 0.06757932924143886 0.08003420687451289 0.036356067542196904 0.012803956840759755 0.0345133125702535 0.028965821164166017 0.06749712593775709 0.017069097111043256 0.028157611311548893 0.07823906298199595 0.031197276183075814 0.08286327882928894 0.005562813570555722 0.03693734692768052 0.037720781194000574 0.03819805527196708 0.008936389076245927 0.04305071486993703 0.0157973013410014 0.04790862083393223 0.06269061931545185 0.043628537650767914 0.021853388245333828 0.048738061014871444 0.055607060253012576 0.09678372508887202 0.05253344325751055 0.058321344626885534 0.09743218860277893 0.031050949866662098 0.03623174570252573 0.05221765396712276 0.03529116140822743 0.03973623980484954 0.0969127214088829 0.06884507561931004 0.05396881277129359 0.04791860343772504 0.03575147500976706 0.03609789980633349 0.04581012932600082 0.04752057264807888 0.049199961806063314 0.035268347914479144 0.08521424237120616
 0.08352834837980982 0.04526999103836293 0.09520387811432762 0.08562656358899941 0.0634681965874897 0.09692080297430947 0.06070174294855776 0.058462156411879296 0.11172923857358004 0.09141653397517817 0.08964518042766464 0.09732801339784312 0.08416858928791113 0.05443441655344548 0.010831252701639732 0.05406095300648413 0.08883629509014616 0.06908311719891586 10000.0 0.04666945367504418 0.076346933641166 0.08969466218109615 0.06566798583409399 0.08256705253909827 0.035994228555482816 0.0473153295731245 0.03321933570184065 0.057800912056083356 0.04994607821353645 0.06428831864060981 0.07576805092990564 0.0631995821869645 0.06845844786531546 0.022070401071662197 0.03461773621208538 0.08339717989727613 0.06936803070268736 0.0461042484965092 0.05523198053170917 0.03650311890511959 0.0438324826059622 0.027520917947108973 0.09708237272568199 0.022031990484273987 0.08881848810557683 0.10430818611552885 0.10534336907386348 0.08598707183226595 0.05860519873778444 0.0273365731844933 0.0881122862137331 0.07043779573750635 0.06528399453252116 0.05343886290381347 0.03990725714113331 0.019667686576198024 0.051791666168213235 0.06690221292258612 0.03565295493647438 0.060333206777741295 0.04805641154419211 0.08940244884678517 0.020701104431927367 0.08061250302172517 0.06190770924160902 0.06502155094765741 0.08895285884887144 0.07307886532546953 0.06630747409841309 0.03216042170191455 0.033808739409551446 0.03198112110810413 0.06375554163869035 0.02778287354306342 0.059238677958792105 0.04626258263217932 0.059632946402584826 0.08610085578631937 0.058189101958282724 0.02269998878069467 0.07836655812815459 0.09693091504863942 0.028139256908532854 0.08452625100976084 0.09366231255829792 0.06984765313315557 0.05517953459090506 0.10800994480341082 0.09071414303077603 0.08091297492993842 0.08638491493883911 0.07141455272577867 0.08927680340062735 0.04687573064237886 0.07024990802678367 0.05725828971486461 0.07666893841457474 0.023939672153747264 0.0990440640537055 0.08566151890800641 0.019613071195470226
