NAME :TPP_input_20_3_1
NUM_VERTICES
58
NUM_CLUSTERS
20
Full Matrix
 10000.0 0.06361813138729723 0.08742477661420595 0.07290527253341156 0.055013334584808116 0.08126668619979759 0.03962803599268584 0.028863809146437193 0.02810445154120966 0.08571097095838781 0.06784419381322934 0.06476424289147213 0.08295335918244658 0.043039241462327495 0.04980101789505939 0.06132089645679207 0.07412011494719964 0.06210693765278864 0.05109043280546552 0.05029467206387033 0.07103599098112297 0.04549780040224159 0.06423275988331822 0.06326078931170408 0.08684110438100884 0.0768549410738774 0.02037732086950963 0.06945227779605219 0.07028508160566477 0.004564425682687989 0.07766544521378804 0.04670180831165731 0.07831394182867882 0.07790223639209051 0.04118183321727966 0.057888714743957306 0.07762510510158194 0.03582120734330786 0.030237174819829418 0.055286097294083375 0.0793046273605096 0.08505547613093982 0.06410766196547803 0.07220455766039882 0.0701231463141675 0.07242505733981915 0.03874997865439694 0.03344914548028985 0.07702253734209481 0.09418286308295028 0.07121443541267605 0.08272812546951007 0.06979350589813296 0.07291331214076069 0.031113369986668086 0.05532000919392767 0.03698535168532567 0.027045608230620324
 0.06361813138729723 10000.0 0.02968723891463823 0.009532500088028709 0.01543555640154197 0.0255002270784386 0.025151984491822023 0.05786801232628422 0.05383273289448206 0.022093882104897926 0.043791318393831664 0.05866420347766735 0.06632462767760257 0.06543049629293417 0.03377964043576203 0.018783189771228413 0.06002708600755635 0.0479289363271674 0.029790050180258487 0.049677069068519215 0.02468791913480991 0.04115824768492103 0.005496456708867403 0.050048057321943534 0.027457995580174747 0.029175717847387983 0.0617294501281324 0.006796142590853216 0.05709935515611386 0.061063258291904905 0.01916599217025107 0.01711021509749812 0.06878106817269318 0.01467504716417563 0.03654668854833334 0.05618213376378182 0.026995550074874135 0.05534107776749524 0.07325019853996825 0.0678923272874215 0.03126848057052817 0.03128870106524813 0.05368023223884335 0.01857867240937995 0.06407511056993828 0.013215652598552364 0.0597435069103422 0.05928520349119026 0.01926799095315363 0.032514958914883124 0.01566552424341046 0.02661142539404424 0.06519911044535323 0.07162068351308583 0.07676379095437005 0.011334688655472923 0.049308013534252036 0.08600265834837413
 0.08742477661420595 0.02968723891463823 10000.0 0.02593157473878198 0.0450658323578285 0.0417616424662805 0.052936374931158874 0.07312825645090237 0.06977494568234431 0.020907032232684926 0.07077431925688145 0.08718400294274373 0.09217390552514586 0.09503602727836902 0.06335286842757643 0.026485600680660186 0.08709414054665549 0.04696539899449471 0.05932816378574117 0.07923150447351407 0.04870029334508672 0.05093745663335577 0.02586361345246731 0.07832492550193407 0.03767816551264454 0.05053510704419841 0.08945401215764233 0.028861431701067548 0.05202701037123314 0.08401074487068531 0.03603549907090965 0.044597508336255476 0.09594902271028305 0.018366192085508843 0.05033800330092895 0.05810145111185746 0.012361656149410368 0.06793407974043057 0.10167816064928732 0.0974833941585172 0.0515673857628488 0.006699908585088982 0.08201851475605391 0.040871502754508016 0.092197031632004 0.03384824277505639 0.07096457113219902 0.08848519065481626 0.03702179418558247 0.03509164326844869 0.038222357527578195 0.0418801421847962 0.06188700614940537 0.06802062898905359 0.10504951899741793 0.04099407984500317 0.062013133894470045 0.11222726676067449
 0.07290527253341156 0.009532500088028709 0.02593157473878198 10000.0 0.021394201896006184 0.01920820709750232 0.0338864979491272 0.06719057063978427 0.06318640183738986 0.013004375624589313 0.044847312655250895 0.06139411714341448 0.06646486826441399 0.07158611183206286 0.03879527679882124 0.024899118493363386 0.06117874269546621 0.05432335337720363 0.034757434137679274 0.05441375066372729 0.023044590593090143 0.04953511852576109 0.011801270880854916 0.05249322089905517 0.01918331838804317 0.025813167294845264 0.06994930483769358 0.0037593987358984977 0.06279976337256236 0.07045794916703181 0.012531542536288048 0.026219215645682446 0.07003369014794361 0.007791961326669845 0.04544345923934177 0.0634445791366076 0.027451597462073325 0.06437172848588668 0.08095634346502166 0.07264130931483741 0.02735628931456271 0.029470599789255158 0.056191072284086055 0.015378533283381119 0.06630566780167568 0.008274143348806894 0.06864842767824833 0.06633778494910547 0.013124859501537437 0.023206881031687783 0.012517681642750142 0.019974668211999547 0.07150709299944744 0.07797555350006875 0.08454942638801856 0.018667917050697543 0.05828257696940856 0.09467978604017546
 0.055013334584808116 0.01543555640154197 0.0450658323578285 0.021394201896006184 10000.0 0.026386887645740695 0.015694457735110894 0.05645971195912678 0.05232830130165859 0.034025316559676826 0.030626941483651682 0.04381903540552578 0.05338195954371261 0.050377890887162116 0.01834695558941371 0.030336866847588836 0.04627864904589536 0.05643940225637297 0.014374917790935339 0.03424359701974767 0.018107901073125435 0.04535003840791715 0.02014709943333067 0.03549454484719905 0.031856621124520874 0.024104457360620623 0.04923265721893331 0.017656613036141938 0.06640266951032857 0.053371038010254744 0.022744165496082717 0.01196138342490085 0.05481123506271305 0.02868341263675888 0.03909059704363785 0.06258346782621076 0.041918468891030604 0.055953232136366396 0.05974533222466363 0.05245765717072299 0.026649212456985566 0.04666406893803046 0.03902421603420506 0.017273102156029587 0.049468747392390836 0.017990793794220375 0.06080493147167538 0.04494868757161608 0.022043862934278274 0.03952626559809398 0.01622195500870932 0.02783900028707418 0.07323178210849861 0.0794003580206459 0.0633764931045097 0.004796352725643649 0.050519425718493785 0.07451545882891643
 0.08126668619979759 0.0255002270784386 0.0417616424662805 0.01920820709750232 0.026386887645740695 10000.0 0.042070966519691576 0.08140899989563322 0.07728236050053935 0.02158636695718009 0.03371364605402484 0.051918757090890104 0.0522349878268748 0.06899465098056644 0.036700065437193785 0.04359551075596364 0.04884038793276492 0.0730692199700226 0.03338096241410065 0.04965763756567021 0.01253658441139337 0.06648456169214056 0.02992228041896697 0.04316733243169537 0.0074736586292834285 0.010263054879896937 0.07348548773451542 0.01934468267679469 0.08182816724626586 0.07974099887402263 0.006686554884069029 0.03688903290926395 0.05743425884625958 0.024367260862744027 0.06142797262993743 0.08165183722119958 0.04606814185038081 0.07979733999759062 0.08232228531208619 0.06667604403495203 0.010333502580377565 0.04672658297653932 0.04667206257321753 0.009116682540504701 0.055598588660235065 0.012293977119467015 0.08440643298406761 0.06641257229552475 0.006287201070117253 0.016277013183718787 0.010824670404190733 0.0014626127343480876 0.09032469379961706 0.09677929063526172 0.08604892764893231 0.027294971718862276 0.07392929982996044 0.09922545812501175
 0.03962803599268584 0.025151984491822023 0.052936374931158874 0.0338864979491272 0.015694457735110894 0.042070966519691576 10000.0 0.042097859479643215 0.038037532559713316 0.04687886881135499 0.03901295016444002 0.04671712184945838 0.06045855830152343 0.04401113051669889 0.0205271425857089 0.030901295542899533 0.05217739833290746 0.04994841664454863 0.018634802054542987 0.03332888526519438 0.03317105045523013 0.03557272781169301 0.027324553279741096 0.040154121735730186 0.04729277365938653 0.03920684627739738 0.03673584148044237 0.030265482330583272 0.060212054141739864 0.037765887101296775 0.03808728687396068 0.008357571497658303 0.059729138546661814 0.0398255713569576 0.028579849115572046 0.05359054887396403 0.04626554503183971 0.04273737124105603 0.04874271365674456 0.04975840487853713 0.04175374137137799 0.05262624714711268 0.0430083693876811 0.03295434614028168 0.052875110479421374 0.03279827137629056 0.04769635558467382 0.0361325349806361 0.0374861346795367 0.05455661241980887 0.03171285271071468 0.043519689289922635 0.06537002240980695 0.07106885918381314 0.05213350726899791 0.01572099107390532 0.03795804290055771 0.060870175106603995
 0.028863809146437193 0.05786801232628422 0.07312825645090237 0.06719057063978427 0.05645971195912678 0.08140899989563322 0.042097859479643215 10000.0 0.004138034781641998 0.0782878025863959 0.07993696328737551 0.08295280372741325 0.09949041063907947 0.06735362586392621 0.06058270792306022 0.047257093466887376 0.09068968135123304 0.03651434301694871 0.05988412202359181 0.06788316585636352 0.07456002312589807 0.02293929466628793 0.05595034677125864 0.07868954855961707 0.08495888573994752 0.08056415283273381 0.04647335944605986 0.06463681143045874 0.0430945543885398 0.024400765698338468 0.0760259038977217 0.0447935400392482 0.09682458022485868 0.06952076318154835 0.02294745008201041 0.02997594174878479 0.061411038969171536 0.007542052158660271 0.05832280716691371 0.07829349938301103 0.08310823369482866 0.06893534158624917 0.08068475370707981 0.07261994826154361 0.0889758183431962 0.07002371742700378 0.009902624020504408 0.05706988861672559 0.07577982002837888 0.09036311315365772 0.07058436008037255 0.08275969741641027 0.04130111576191465 0.04409515153125366 0.05965751087390185 0.05431183791445503 0.011656233739501094 0.05459850076374422
 0.02810445154120966 0.05383273289448206 0.06977494568234431 0.06318640183738986 0.05232830130165859 0.07728236050053935 0.038037532559713316 0.004138034781641998 10000.0 0.07440043528046195 0.07606050790448346 0.07950078323287778 0.09583739781002945 0.06477875597892552 0.05673078945561038 0.04369835289518037 0.0870669401420979 0.035172578912582186 0.055937986153633906 0.06446659004384361 0.0704305578679695 0.02034956369453679 0.052019228325227845 0.0750288688436871 0.0808706095185836 0.07643249028966988 0.0445008841781545 0.060591546763546306 0.04252646738810608 0.023547095890629484 0.07192078637718367 0.04065551397091154 0.09334768820799512 0.0656580452419246 0.019446439684676704 0.029829174568123548 0.05821898948040976 0.007893548316574305 0.056754170471593576 0.07543288258725761 0.07897601226577447 0.06577704707554287 0.07710347415374157 0.06848556852670641 0.08556052849398485 0.06592496052548454 0.011880621634960781 0.05448863984820461 0.0716672708758956 0.08634016024221754 0.06645770734337025 0.07863530084384059 0.04169821478479776 0.04503319218261248 0.05831740161768919 0.05017498644616687 0.009606497222107626 0.054566561124014215
 0.08571097095838781 0.022093882104897926 0.020907032232684926 0.013004375624589313 0.034025316559676826 0.02158636695718009 0.04687886881135499 0.0782878025863959 0.07440043528046195 10000.0 0.05345725901369377 0.07104518422340723 0.07347164612579987 0.08365236490366076 0.05056282518481725 0.03274376600142692 0.06936612422220938 0.060587470477465134 0.046594830607059115 0.06573264570247135 0.030825605351132594 0.05892077725189578 0.022456301948607888 0.062094122498602994 0.01679356581836941 0.031229146666462003 0.08290592320420713 0.016701827628456768 0.06780535085942298 0.0831373307154751 0.016931806943274463 0.03910934592730276 0.07813346641536863 0.008839698150241581 0.05581455046797675 0.07075330768951446 0.028204125790121125 0.0747642408394305 0.09375511840753598 0.0837644029440723 0.03181284087152446 0.02670701134930801 0.06575945035008669 0.023227087593910473 0.07541938567922923 0.017382509666594832 0.0787314677980439 0.07889873462515352 0.018058225345773355 0.015194564893724685 0.021351926067126034 0.02146162308513015 0.07719294917648925 0.08360974465860982 0.09737221784271687 0.03162894125332146 0.0686179491114952 0.10768409338843794
 0.06784419381322934 0.043791318393831664 0.07077431925688145 0.044847312655250895 0.030626941483651682 0.03371364605402484 0.03901295016444002 0.07993696328737551 0.07606050790448346 0.05345725901369377 10000.0 0.018281903558441663 0.02276744925946201 0.040214918234840503 0.019375597735466866 0.06082565325836598 0.016360367649264997 0.08667634489171971 0.020386993786256306 0.02098510991285994 0.02263253954218022 0.07407115042984487 0.04921077319806052 0.009935965671522039 0.041062788301669984 0.023535742477685747 0.05292318532483544 0.042160883813105766 0.09676806351152603 0.06823459188573909 0.036591913198393076 0.04074669001755889 0.02520623927289765 0.052469808413487334 0.06726235011227785 0.09189592505538692 0.07065562653759572 0.08147780620447714 0.057441015647452943 0.03456329258874061 0.02429594730941429 0.07402174558232376 0.013133396971159797 0.030355339957440858 0.022003214520752733 0.03706826892134104 0.08644028932445684 0.04159414193400928 0.035449235391076576 0.04965347055163267 0.03270333423183611 0.03461860116901549 0.10312319928876544 0.10912030180877866 0.061024649706127844 0.0353311046630808 0.07692718409265431 0.07759280664210723
 0.06476424289147213 0.05866420347766735 0.08718400294274373 0.06139411714341448 0.04381903540552578 0.051918757090890104 0.04671712184945838 0.08295280372741325 0.07950078323287778 0.07104518422340723 0.018281903558441663 10000.0 0.018488146988825626 0.027534178440585075 0.02680993104300619 0.07375133166508305 0.010216282037234367 0.0966113958798291 0.030092186850955917 0.015095795415470455 0.040376652675028074 0.08204573656417306 0.06378622019230262 0.008955620687585444 0.05930687509896074 0.0417945497267525 0.04633105983395161 0.058322624252651806 0.10687207767653518 0.06636225205557868 0.054376737098130255 0.05122449225656216 0.013894094796338569 0.06916506909662967 0.07497523284046914 0.10006213465630766 0.0855933773324534 0.08604708059318031 0.046716654177602665 0.018146454360705725 0.04257149995352834 0.089778257262646 0.005290870438458532 0.04781823298585067 0.006188519814655881 0.05411759426896584 0.09087634015607018 0.03298866928481254 0.05322904586500954 0.06792798013232285 0.049856493379053145 0.05286202520370996 0.11202174749697842 0.11760209644390426 0.0498849196343547 0.04857537990042305 0.08248553848026614 0.06804381793956901
 0.08295335918244658 0.06632462767760257 0.09217390552514586 0.06646486826441399 0.05338195954371261 0.0522349878268748 0.06045855830152343 0.09949041063907947 0.09583739781002945 0.07347164612579987 0.02276744925946201 0.018488146988825626 10000.0 0.04548168874740071 0.03996703579399553 0.08358857400502503 0.008901694369981407 0.10917655619572518 0.04206922531688571 0.0327169787882569 0.043480009300733514 0.09596363112224887 0.07178619208382701 0.02080882124504743 0.058842036892268273 0.042249649409880505 0.06480561998745742 0.06412283887133484 0.11932326821088175 0.08432754979843167 0.05664987021762464 0.06314688516987645 0.00849762109134065 0.0738152935970831 0.08902073365128955 0.11392637041760693 0.09298925649248121 0.10190822834938061 0.0648220512340518 0.03445990745560293 0.04191130387794809 0.09590826023554018 0.019030815405759398 0.05130242981845156 0.014590314993969537 0.05834970599509945 0.10682698071778501 0.05147383567934201 0.05556505069110982 0.06655595485929384 0.05399345419170317 0.0527316789149173 0.12540657454052573 0.13129610653011542 0.06784044302145809 0.05809695821568084 0.09782676592385729 0.08623255966754582
 0.043039241462327495 0.06543049629293417 0.09503602727836902 0.07158611183206286 0.050377890887162116 0.06899465098056644 0.04401113051669889 0.06735362586392621 0.06477875597892552 0.08365236490366076 0.040214918234840503 0.027534178440585075 0.04548168874740071 10000.0 0.03314412948203708 0.07490182745170686 0.037730535235326 0.09048262627447626 0.03706613671499959 0.019740605201603142 0.056459168420756496 0.07383495714072971 0.06928901171722676 0.03121756650524551 0.07633251323598328 0.060249048664345786 0.022702542534024928 0.06791253514648433 0.10043106405507125 0.04593409164568682 0.06901332834563804 0.05163045019848665 0.0387849600879418 0.07904177244453313 0.06707004806184307 0.09081270856789556 0.08987478382433976 0.07236889162764958 0.019357300516342695 0.012620040617550189 0.06190554841044124 0.09574798354672052 0.029775645657969797 0.0620527918903828 0.031012176502085678 0.06642559118915277 0.07665863026509696 0.010291281142938764 0.06795141844681604 0.0851140069456922 0.06295903625931808 0.07026931983005426 0.10330964220388948 0.10796813877570856 0.022381430095186998 0.054096148891450584 0.07053718330392462 0.04078765066912566
 0.04980101789505939 0.03377964043576203 0.06335286842757643 0.03879527679882124 0.01834695558941371 0.036700065437193785 0.0205271425857089 0.06058270792306022 0.05673078945561038 0.05056282518481725 0.019375597735466866 0.02680993104300619 0.03996703579399553 0.03314412948203708 10000.0 0.047214532564521426 0.031652034748396396 0.07001328183015527 0.004047512055749834 0.015897445842082705 0.024406382019324442 0.056094074471285935 0.038407216182551794 0.0196686273754929 0.04379727304461193 0.029266972434289967 0.0377740511254509 0.035221371936421095 0.08025708245872457 0.04969360554212665 0.03601378327141653 0.024414723804709496 0.039337239647940586 0.04643245254512987 0.049106829400796595 0.07410261689310196 0.06005882088243711 0.06232421082789026 0.04567059749180456 0.03413145823351951 0.031407377756516905 0.06499702038797117 0.022681107512188357 0.029102762037745145 0.03284509093652678 0.033287459856284375 0.06727744945896827 0.029712548390521943 0.03498286281039035 0.052460474525588864 0.029842158459689735 0.03806767629362424 0.08579197242669064 0.091555722111457 0.04940022721839776 0.02279104298365798 0.057989876989102115 0.06350247131599132
 0.06132089645679207 0.018783189771228413 0.026485600680660186 0.024899118493363386 0.030336866847588836 0.04359551075596364 0.030901295542899533 0.047257093466887376 0.04369835289518037 0.03274376600142692 0.06082565325836598 0.07375133166508305 0.08358857400502503 0.07490182745170686 0.047214532564521426 10000.0 0.07661491838430076 0.029486321544549676 0.04368309241268517 0.062459244986162205 0.043356292478412196 0.026348906885636923 0.013724948974020925 0.065695776657332 0.04404396882015658 0.04795881537324061 0.06548972766959386 0.024258809480425466 0.038368064767577065 0.057744847116170964 0.03697539063287553 0.023548842594950856 0.08513329276718815 0.024004176443586003 0.024309650247066463 0.03862384205927629 0.01643764669989731 0.042780991561147445 0.07832640626792593 0.07994104076566295 0.05003559186697117 0.02374907968429185 0.06914688777323172 0.03732914548089635 0.07957010490929944 0.031430743748594434 0.04641329872737751 0.06688865435536975 0.037313145104829776 0.04684989147784001 0.03437611387282716 0.04454438673760697 0.046730528783024056 0.053188107857873694 0.08145219401902651 0.025557145416410215 0.03667370525992554 0.08682131828405527
 0.07412011494719964 0.06002708600755635 0.08709414054665549 0.06117874269546621 0.04627864904589536 0.04884038793276492 0.05217739833290746 0.09068968135123304 0.0870669401420979 0.06936612422220938 0.016360367649264997 0.010216282037234367 0.008901694369981407 0.037730535235326 0.031652034748396396 0.07661491838430076 10000.0 0.10137889188620489 0.034079000795050045 0.023845895154257852 0.03866712616942104 0.087746067956451 0.06540528319752736 0.012125393735799754 0.055906843328729576 0.038591169660786205 0.05620813945992995 0.05852077402670206 0.11157863126123242 0.0754470094266583 0.0524355746191377 0.05538399927749334 0.008855071971853711 0.06876429123138007 0.08075503884462804 0.10575192297959923 0.08695365833864901 0.09323050844477243 0.0569329338787142 0.027696398767460925 0.03877285458877695 0.09038205847214002 0.01012935953494893 0.0464836260326747 0.008568074309763897 0.05331960155301473 0.09813519012436464 0.04302086758070916 0.05130794694445067 0.06413764826869729 0.048943081342408594 0.049553728208119166 0.11738498170427887 0.12319051651077423 0.06009389273325083 0.05105948692033065 0.0892558376185485 0.07825410112501553
 0.06210693765278864 0.0479289363271674 0.04696539899449471 0.05432335337720363 0.05643940225637297 0.0730692199700226 0.04994841664454863 0.03651434301694871 0.035172578912582186 0.060587470477465134 0.08667634489171971 0.0966113958798291 0.10917655619572518 0.09048262627447626 0.07001328183015527 0.029486321544549676 0.10137889188620489 10000.0 0.067304280141605 0.08315640995602627 0.07190555995940207 0.017154156583662577 0.04315485928260141 0.08962246450448036 0.07337511311471584 0.07691396067437864 0.0744784294730093 0.05372503452753353 0.010263811598231783 0.05760923061143606 0.06645999930020192 0.04603395243331518 0.10933287725926104 0.0523614245759669 0.02346894407857841 0.011307388279578468 0.034772022209998935 0.029153400834862567 0.08765422852563934 0.09854030385892223 0.07910892565621794 0.040939739148926874 0.09269280287517569 0.06647901010060965 0.1027427108150187 0.06086094501555608 0.02968810244531944 0.08081061317928834 0.06678353650159764 0.07542984771072779 0.06359240366718505 0.07402929738941076 0.0172731900562308 0.02371355370423223 0.08993616105176204 0.052074490617402804 0.025593305591597747 0.08909887897900373
 0.05109043280546552 0.029790050180258487 0.05932816378574117 0.034757434137679274 0.014374917790935339 0.03338096241410065 0.018634802054542987 0.05988412202359181 0.055937986153633906 0.046594830607059115 0.020386993786256306 0.030092186850955917 0.04206922531688571 0.03706613671499959 0.004047512055749834 0.04368309241268517 0.034079000795050045 0.067304280141605 10000.0 0.01990514910022897 0.02135099332559566 0.0539303720020352 0.034490563332447856 0.022399293721200413 0.04033184837732946 0.026584799749958567 0.040404824635010245 0.031176484237575606 0.07751357487033007 0.05063061510345988 0.03231342556754936 0.021370138617965356 0.04210913622412892 0.042386807466661465 0.04703612621560941 0.07186579367704903 0.056200019911351096 0.061148444447862556 0.04896326044388062 0.038156318033841036 0.02886089714286824 0.06103896908951296 0.025660069395345302 0.025465607854416417 0.036001443168005624 0.029368971988712796 0.06611273765637692 0.03318274822435882 0.031308825915295206 0.04891465676584622 0.02603605288952437 0.03477959607297998 0.08335777928973585 0.08922751657804115 0.05268655716983829 0.018907195091886157 0.05654250676447902 0.06619311086025799
 0.05029467206387033 0.049677069068519215 0.07923150447351407 0.05441375066372729 0.03424359701974767 0.04965763756567021 0.03332888526519438 0.06788316585636352 0.06446659004384361 0.06573264570247135 0.02098510991285994 0.015095795415470455 0.0327169787882569 0.019740605201603142 0.015897445842082705 0.062459244986162205 0.023845895154257852 0.08315640995602627 0.01990514910022897 10000.0 0.03714720854102917 0.0679526373883458 0.05426486197532604 0.013438574013297703 0.05707383093079497 0.040622116679626334 0.03305979787910589 0.0509191132211038 0.09340861709380742 0.0516114020174222 0.0502525610155425 0.03908831455674927 0.028989659026200338 0.062124858613771004 0.06087240688080343 0.08588772141029748 0.07583484816015837 0.07111690049041729 0.0364710220697375 0.018264436046969864 0.04221085038276382 0.08088045020780732 0.01381731652678445 0.04328712648117231 0.021095829135462027 0.04835080994136018 0.07591427443093006 0.020804239027035383 0.049151099412073934 0.0658883192916661 0.0445499370752691 0.05088299171989092 0.09803067103385181 0.10343804775476119 0.0400421495021358 0.03863978100931734 0.06773608462197137 0.056886731814406566
 0.07103599098112297 0.02468791913480991 0.04870029334508672 0.023044590593090143 0.018107901073125435 0.01253658441139337 0.03317105045523013 0.07456002312589807 0.0704305578679695 0.030825605351132594 0.02263253954218022 0.040376652675028074 0.043480009300733514 0.056459168420756496 0.024406382019324442 0.043356292478412196 0.03866712616942104 0.07190555995940207 0.02135099332559566 0.03714720854102917 10000.0 0.0625949746477588 0.030100368501703494 0.031465396918222345 0.019926737325964998 0.006040144371523032 0.061738989887473464 0.02102803579832763 0.08141606551846872 0.06994797333443828 0.014008194399099345 0.02997175071607951 0.04748923184413171 0.03033723459135947 0.05668894134042033 0.07918273837727084 0.05010145126715346 0.073991783691263 0.07007561022447857 0.05436460091376902 0.008591013845025123 0.052514909086511435 0.035086526901782475 0.007847044979337374 0.04460065011098746 0.014871765729946338 0.07881452308565717 0.05407129133951839 0.01286093508448032 0.02874140083231355 0.010531997174622313 0.01381852873641964 0.0890750727184152 0.09541140076675654 0.07380538770210157 0.020966744031636425 0.06846777435362666 0.08752769232295168
 0.04549780040224159 0.04115824768492103 0.05093745663335577 0.04953511852576109 0.04535003840791715 0.06648456169214056 0.03557272781169301 0.02293929466628793 0.02034956369453679 0.05892077725189578 0.07407115042984487 0.08204573656417306 0.09596363112224887 0.07383495714072971 0.056094074471285935 0.026348906885636923 0.087746067956451 0.017154156583662577 0.0539303720020352 0.0679526373883458 0.0625949746477588 10000.0 0.03773951742833878 0.07572480588891554 0.06848811419006134 0.06819659215376256 0.05733022739119502 0.04780241871296084 0.026677227481060942 0.04108525286257179 0.06030673175881017 0.0337153813851384 0.09525724929356277 0.050100033224020735 0.007081636835471938 0.018030085821132198 0.038902848840178375 0.017028344169437267 0.07050025443776245 0.08244987236925888 0.0706079488647317 0.046327412213398596 0.07853158755367651 0.0586025287943837 0.08822998516252013 0.0542989054504006 0.020163743508520425 0.06400136560818442 0.06034506012786043 0.07245270133653114 0.05602791930910397 0.06766804647250951 0.030085898737224913 0.03555676677680469 0.07279097473832447 0.041693342923194085 0.011337830517396402 0.07254317610935797
 0.06423275988331822 0.005496456708867403 0.02586361345246731 0.011801270880854916 0.02014709943333067 0.02992228041896697 0.027324553279741096 0.05595034677125864 0.052019228325227845 0.022456301948607888 0.04921077319806052 0.06378622019230262 0.07178619208382701 0.06928901171722676 0.038407216182551794 0.013724948974020925 0.06540528319752736 0.04315485928260141 0.034490563332447856 0.05426486197532604 0.030100368501703494 0.03773951742833878 10000.0 0.05525559687301797 0.030896236872731974 0.034399723525219646 0.06404294479700455 0.01058123639596454 0.05208353466506115 0.06135677932390263 0.023349325060374397 0.018973649018916447 0.07413412870630397 0.013926755567419348 0.033818249297737905 0.051871728815071606 0.021811511766946914 0.05279117310425898 0.07600231398792832 0.07238744809135628 0.03640754438895888 0.02665503094413904 0.058862812505596086 0.023696651676659655 0.06928304286764386 0.017712737887745144 0.056981040006769165 0.06262213266804269 0.023635123342370522 0.03482164715833594 0.020714869832352836 0.030912863176378123 0.06041909430265341 0.06686798639859004 0.07943063224700724 0.015625102954972745 0.04667323247532706 0.0876538736256643
 0.06326078931170408 0.050048057321943534 0.07832492550193407 0.05249322089905517 0.03549454484719905 0.04316733243169537 0.040154121735730186 0.07868954855961707 0.0750288688436871 0.062094122498602994 0.009935965671522039 0.008955620687585444 0.02080882124504743 0.03121756650524551 0.0196686273754929 0.065695776657332 0.012125393735799754 0.08962246450448036 0.022399293721200413 0.013438574013297703 0.031465396918222345 0.07572480588891554 0.05525559687301797 10000.0 0.0505937936371897 0.033140081091158256 0.046493588045417866 0.0494681680629923 0.09985210610824619 0.06426529061897002 0.04545344886069819 0.04376759023577758 0.019718845640722862 0.06025433436826509 0.06871328843369685 0.09374466764166892 0.07702981043845333 0.08112750410388288 0.0493454085706575 0.024670313791512688 0.03408151127946047 0.08103899132688615 0.0036983064094509633 0.03886797359962978 0.014028802660587864 0.045168137103646776 0.0860387546275365 0.034089468826404436 0.04430594729311958 0.05927790517974738 0.040902012352045956 0.04415655205848719 0.10546054109430862 0.11121392851391834 0.05280344517485548 0.04028510590881369 0.0771306392449424 0.07011607282922738
 0.08684110438100884 0.027457995580174747 0.03767816551264454 0.01918331838804317 0.031856621124520874 0.0074736586292834285 0.04729277365938653 0.08495888573994752 0.0808706095185836 0.01679356581836941 0.041062788301669984 0.05930687509896074 0.058842036892268273 0.07633251323598328 0.04379727304461193 0.04404396882015658 0.055906843328729576 0.07337511311471584 0.04033184837732946 0.05707383093079497 0.019926737325964998 0.06848811419006134 0.030896236872731974 0.0505937936371897 10000.0 0.017529984616887977 0.0800752240279332 0.020710434655112075 0.0815767893989185 0.08505367936310303 0.009225524188240448 0.041262641485075593 0.06439408585557131 0.022015696856316838 0.0640031644482818 0.08262420797120087 0.04377566307567572 0.08275014592412548 0.08928653809295743 0.07414864001155325 0.017137057314915726 0.04327029028523985 0.05407517392538018 0.015088004503479018 0.06285954509526072 0.014997113072911955 0.08719118363747924 0.07348189055473732 0.00981870152241371 0.008818038531579198 0.01563496051373751 0.006445101809034086 0.090486123028943 0.09695590737965297 0.09300656367415285 0.03186304209882974 0.0767435814729398 0.10572922939266027
 0.0768549410738774 0.029175717847387983 0.05053510704419841 0.025813167294845264 0.024104457360620623 0.010263054879896937 0.03920684627739738 0.08056415283273381 0.07643249028966988 0.031229146666462003 0.023535742477685747 0.0417945497267525 0.042249649409880505 0.060249048664345786 0.029266972434289967 0.04795881537324061 0.038591169660786205 0.07691396067437864 0.026584799749958567 0.040622116679626334 0.006040144371523032 0.06819659215376256 0.034399723525219646 0.033140081091158256 0.017529984616887977 10000.0 0.06694141386479155 0.02453580196010384 0.08624380935278768 0.0758543003480877 0.01454513488369029 0.035907269554875144 0.04721786746252991 0.03241385710786293 0.0624240878129287 0.08452907581146232 0.05325851607898884 0.07990339255282848 0.07474393105929424 0.057053381432279775 0.0025515424897578154 0.05492916281351849 0.03657971362826029 0.010758140092625731 0.0453545307641977 0.017593808892605926 0.08470641288711958 0.05862759855409042 0.013521504089010997 0.026143178667841556 0.01377738488392281 0.011089266121570726 0.09414572196497696 0.10052323606233729 0.07847008923409998 0.02674220106020416 0.07433131429040568 0.09271486353854679
 0.02037732086950963 0.0617294501281324 0.08945401215764233 0.06994930483769358 0.04923265721893331 0.07348548773451542 0.03673584148044237 0.04647335944605986 0.0445008841781545 0.08290592320420713 0.05292318532483544 0.04633105983395161 0.06480561998745742 0.022702542534024928 0.0377740511254509 0.06548972766959386 0.05620813945992995 0.0744784294730093 0.040404824635010245 0.03305979787910589 0.061738989887473464 0.05733022739119502 0.06404294479700455 0.046493588045417866 0.0800752240279332 0.06694141386479155 10000.0 0.06621521213284294 0.08380503034624776 0.02355498366742102 0.0714079568470884 0.04507137059562942 0.059356441579365364 0.07637648120818501 0.05132860284211048 0.07274193542062332 0.0817320817062406 0.05235819111442595 0.013264742224626636 0.03509735069945763 0.06914618658315985 0.08858193879884242 0.04659893715039195 0.0649877903589208 0.05119823486368695 0.0671759055422888 0.0561893395731194 0.013602871680376681 0.0705407379556475 0.08831413875595781 0.0648322391613276 0.07491838855963116 0.08516159047971267 0.08916057883413132 0.01603735755304501 0.05128354628386949 0.051680983731491256 0.02578911311328748
 0.06945227779605219 0.006796142590853216 0.028861431701067548 0.0037593987358984977 0.017656613036141938 0.01934468267679469 0.030265482330583272 0.06463681143045874 0.060591546763546306 0.016701827628456768 0.042160883813105766 0.058322624252651806 0.06412283887133484 0.06791253514648433 0.035221371936421095 0.024258809480425466 0.05852077402670206 0.05372503452753353 0.031176484237575606 0.0509191132211038 0.02102803579832763 0.04780241871296084 0.01058123639596454 0.0494681680629923 0.020710434655112075 0.02453580196010384 0.06621521213284294 10000.0 0.06255533754526853 0.06709270474227069 0.012774304478391691 0.022752485743255276 0.06736619078954825 0.011212803455727678 0.04331968033977517 0.06240785203939841 0.029074471940397438 0.06213434892129959 0.07719736079795024 0.06916862753427801 0.02634353631919392 0.03186774952877921 0.05316027476814518 0.013799673530982897 0.06336738972428207 0.007222648741779882 0.06652440060958215 0.06259109394974814 0.013058509644806463 0.025800996029634884 0.010786151244664205 0.02033327120872563 0.07098307409392303 0.07743606562323346 0.08079142213565717 0.014931978786123122 0.0560956425212385 0.09100060661970354
 0.07028508160566477 0.05709935515611386 0.05202701037123314 0.06279976337256236 0.06640266951032857 0.08182816724626586 0.060212054141739864 0.0430945543885398 0.04252646738810608 0.06780535085942298 0.09676806351152603 0.10687207767653518 0.11932326821088175 0.10043106405507125 0.08025708245872457 0.038368064767577065 0.11157863126123242 0.010263811598231783 0.07751357487033007 0.09340861709380742 0.08141606551846872 0.026677227481060942 0.05208353466506115 0.09985210610824619 0.0815767893989185 0.08624380935278768 0.08380503034624776 0.06255533754526853 10000.0 0.06573292124261025 0.07516258750902477 0.05620624987127375 0.11956642114625571 0.0600175336068553 0.03336420274664457 0.013436483699825467 0.040494158795752556 0.03555254535956998 0.09688459789194663 0.10868647726944967 0.08836709291680586 0.045545792356409744 0.10293796328862317 0.07567439065481141 0.11300100118378761 0.06975982025835374 0.03477653227322353 0.09065793157801909 0.07556865564397049 0.08289958736527157 0.0727352147343758 0.08270916414400634 0.009920692739546053 0.01601071058805251 0.09901706118898267 0.06195360345439906 0.033302349926632495 0.09705077162042655
 0.004564425682687989 0.061063258291904905 0.08401074487068531 0.07045794916703181 0.053371038010254744 0.07974099887402263 0.037765887101296775 0.024400765698338468 0.023547095890629484 0.0831373307154751 0.06823459188573909 0.06636225205557868 0.08432754979843167 0.04593409164568682 0.04969360554212665 0.057744847116170964 0.0754470094266583 0.05760923061143606 0.05063061510345988 0.0516114020174222 0.06994797333443828 0.04108525286257179 0.06135677932390263 0.06426529061897002 0.08505367936310303 0.0758543003480877 0.02355498366742102 0.06709270474227069 0.06573292124261025 10000.0 0.0758408170519686 0.044377144933744145 0.080069490653891 0.07514594528652319 0.03697302938747435 0.05332455595065005 0.07394891070254067 0.03128466028632101 0.034275611029026 0.05792877761456595 0.07834093577295874 0.08142754717158975 0.06535785711241185 0.07063702489788107 0.07190307171587002 0.07043869971038613 0.034300056578325376 0.036039116055598716 0.07525103802966994 0.09216120953722959 0.06947748522067645 0.08119728879146522 0.0652412737644972 0.06840365877212946 0.035361214948839315 0.05330806198886909 0.03243116089505571 0.03149762497154029
 0.07766544521378804 0.01916599217025107 0.03603549907090965 0.012531542536288048 0.022744165496082717 0.006686554884069029 0.03808728687396068 0.0760259038977217 0.07192078637718367 0.016931806943274463 0.036591913198393076 0.054376737098130255 0.05664987021762464 0.06901332834563804 0.03601378327141653 0.03697539063287553 0.0524355746191377 0.06645999930020192 0.03231342556754936 0.0502525610155425 0.014008194399099345 0.06030673175881017 0.023349325060374397 0.04545344886069819 0.009225524188240448 0.01454513488369029 0.0714079568470884 0.012774304478391691 0.07516258750902477 0.0758408170519686 10000.0 0.03206783845813256 0.06120208761286882 0.01812753052810108 0.05548493862711194 0.0751745633097195 0.039595592846217324 0.07406484398036847 0.08104506972296509 0.0679161367595886 0.015552938088451134 0.040644904897149364 0.04908595430106981 0.006973880526273579 0.058584824622615134 0.006055847481818239 0.07859118716779821 0.06545995856048462 0.0011476961138430887 0.01690982943523115 0.0065905297916970815 0.007569364315217715 0.08370430807666421 0.09016328629128566 0.08474803355261658 0.022639731799017918 0.06811921152235656 0.09695620255459016
 0.04670180831165731 0.01711021509749812 0.044597508336255476 0.026219215645682446 0.01196138342490085 0.03688903290926395 0.008357571497658303 0.0447935400392482 0.04065551397091154 0.03910934592730276 0.04074669001755889 0.05122449225656216 0.06314688516987645 0.05163045019848665 0.024414723804709496 0.023548842594950856 0.05538399927749334 0.04603395243331518 0.021370138617965356 0.03908831455674927 0.02997175071607951 0.0337153813851384 0.018973649018916447 0.04376759023577758 0.041262641485075593 0.035907269554875144 0.04507137059562942 0.022752485743255276 0.05620624987127375 0.044377144933744145 0.03206783845813256 10000.0 0.06347926708978999 0.03172106752719828 0.027258485848924804 0.051282248072914725 0.03828140331519195 0.04402289284785967 0.05709031926005575 0.05640049713813132 0.03843458599025769 0.04444394601470944 0.046981775878618376 0.02793312756440205 0.05724146799987661 0.02634866688507834 0.04885920993825612 0.0441964841185439 0.03164061558892173 0.04790820354168837 0.026123600704005136 0.038285839343294936 0.06237697572974799 0.06839663851705534 0.06048933024491157 0.009597464139572803 0.03855879911254871 0.06895509370206372
 0.07831394182867882 0.06878106817269318 0.09594902271028305 0.07003369014794361 0.05481123506271305 0.05743425884625958 0.059729138546661814 0.09682458022485868 0.09334768820799512 0.07813346641536863 0.02520623927289765 0.013894094796338569 0.00849762109134065 0.0387849600879418 0.039337239647940586 0.08513329276718815 0.008855071971853711 0.10933287725926104 0.04210913622412892 0.028989659026200338 0.04748923184413171 0.09525724929356277 0.07413412870630397 0.019718845640722862 0.06439408585557131 0.04721786746252991 0.059356441579365364 0.06736619078954825 0.11956642114625571 0.080069490653891 0.06120208761286882 0.06347926708978999 10000.0 0.07761750001570579 0.08821557469637456 0.11328709539248022 0.09573526837135407 0.09981953918065993 0.058106260908602755 0.027051835379108335 0.04726512657419914 0.0992231268504298 0.01672574761358541 0.05531527993098094 0.008193350729508896 0.06216870940439673 0.10466920460216747 0.04580021986090108 0.06007942404224659 0.07248147138784082 0.0577913450652672 0.058093355693255896 0.12509092858703214 0.1307901555534455 0.06093764868407243 0.05960448766505106 0.09613715222777847 0.07952913326987089
 0.07790223639209051 0.01467504716417563 0.018366192085508843 0.007791961326669845 0.02868341263675888 0.024367260862744027 0.0398255713569576 0.06952076318154835 0.0656580452419246 0.008839698150241581 0.052469808413487334 0.06916506909662967 0.0738152935970831 0.07904177244453313 0.04643245254512987 0.024004176443586003 0.06876429123138007 0.0523614245759669 0.042386807466661465 0.062124858613771004 0.03033723459135947 0.050100033224020735 0.013926755567419348 0.06025433436826509 0.022015696856316838 0.03241385710786293 0.07637648120818501 0.011212803455727678 0.0600175336068553 0.07514594528652319 0.01812753052810108 0.03172106752719828 0.07761750001570579 10000.0 0.0469883162283207 0.06228249219769956 0.021865229529548575 0.06593022644394796 0.08775588009360792 0.08036857124071171 0.033640747027838716 0.02253469945150961 0.06395261409103425 0.022517079601512762 0.0740322819054588 0.015482417787583606 0.06989190555984197 0.0734660465114678 0.019016509362430687 0.023075899840402037 0.019857977066937635 0.02476791770671343 0.06920213699650454 0.07565237400276327 0.09130062875195447 0.025420612679720535 0.059783456658432606 0.10066148139311386
