NAME :TPP_input_23_5_2
NUM_VERTICES
111
NUM_CLUSTERS
23
Full Matrix
 10000.0 0.029708162580954826 0.025621742179482345 0.05738899567514723 0.0938140419665436 0.06992757908816931 0.06328742878260384 0.05276645959393455 0.04162055525657461 0.07557628074803067 0.06170816941664887 0.021657852664349806 0.05754655531435617 0.07757521281251105 0.05112161070409531 0.014768086293059908 0.04684582245920247 0.008200609644907084 0.10192128481503696 0.02080332532715175 0.0748031016056718 0.0715097312866795 0.061133411352128596 0.08652215960916979 0.036297647100854355 0.0659606307863991 0.020654464960298047 0.021614411915456468 0.0720543450748122 0.031670887203858904 0.0360076948108575 0.008622476866632853 0.017968411360103274 0.03818063688512683 0.06403443037836772 0.025577386251029854 0.016607639405462914 0.02661247153984653 0.05784496855150182 0.061086770128442214 0.0342003227480054 0.05556622098711202 0.03591888105675318 0.04098267368371449 0.013836787902712278 0.07968085894896114 0.05099444270330154 0.07191031742644387 0.03738839418704272 0.0640718386894318 0.06627840545478675 0.06679217757085577 0.05299949129970366 0.04705692884085677 0.0350025142793299 0.04842850397339641 0.045033088788690716 0.014179130794247706 0.10121036445132467 0.0578097472586117 0.05520099338552412 0.04829765365229835 0.04313215877699511 0.08929003134635866 0.0234694177472188 0.02263156714121372 0.059272018063738476 0.01526868652154655 0.07375827287727649 0.024870337351881017 0.05423656689216028 0.043936467525487584 0.06357499278284263 0.032396596125308055 0.043357055611344876 0.055397578209717004 0.08269465511251833 0.03646756280992053 0.049868913061862356 0.01647402846365306 0.019371725940445162 0.05918020840904074 0.05413841728485461 0.07144232199734692 0.07390861739951154 0.03435230434213565 0.010691861094322007 0.03677937422380675 0.044872005976326 0.0853788325162756 0.08013651198146664 0.02896268712379588 0.009390248632373288 0.02671317236425703 0.07077795490322514 0.032758648767123845 0.008297924271351502 0.02657841320733823 0.04401114888092187 0.056948831909062136 0.06831255411827863 0.09217842301750458 0.06614480415924476 0.083813192173047 0.0717295974931413 0.0633160569064235 0.08865230318635196 0.061657179893466786 0.028244379738550776 0.028752241744911734 0.05987257872665742
 0.029708162580954826 10000.0 0.004467562710712665 0.06741835502026647 0.0907067683763871 0.0754044224956815 0.07187689774465796 0.0690818290042073 0.061151844662890614 0.09942618652893853 0.07484501892143469 0.04547258267614724 0.08340605058382533 0.087428472516638 0.07334501486521908 0.04017184281856263 0.05982679953103084 0.02155736168204575 0.10285644673371226 0.023937659679958378 0.05766911734370171 0.0930625514442615 0.06795533881879502 0.08346791725726035 0.06290048099231589 0.0877686753577123 0.04945196026733426 0.013739638234745624 0.07262505239987545 0.04286842563498281 0.01682849962678515 0.03728492385690853 0.047673419594917735 0.06439625477450239 0.062169243424794914 0.004476486875033679 0.01457360084139589 0.05403749457139077 0.08324462505678507 0.08237431957173254 0.05033984863587396 0.07390860368235312 0.027027488885883567 0.052521613352030004 0.01930956404821485 0.08955733622659104 0.035950417650674756 0.055593752401513236 0.06332148619468221 0.08651444567065383 0.0672679601561278 0.09107575614625661 0.03007164806752191 0.07318133257550449 0.062119280071694385 0.06979255678431676 0.06621655459902144 0.042587338248292285 0.1020467224385708 0.049226271435703225 0.029482730427414696 0.06332350402870564 0.04914647551229232 0.08811854797222009 0.03792004237207556 0.0406359651099986 0.0404782018191554 0.023086724607934244 0.0961331174239905 0.04556126830842654 0.0809242162183764 0.04958610897100254 0.08175250265808187 0.04728115453850386 0.02594889052071802 0.029351568277832227 0.09367976243166892 0.049460127784665714 0.05586837286491081 0.025421877696821308 0.043695813675963154 0.056461065860165964 0.06054241797186623 0.09412449061964379 0.09781981743154125 0.039850204576454995 0.025574563726541582 0.061506228803967944 0.07017519553166005 0.08095965119965663 0.07523496167654468 0.056786795267676285 0.03748075585291416 0.05274963159092642 0.07835090335382239 0.014344770093962619 0.026774249997931432 0.006154779378335469 0.07183230919484267 0.052441540113617464 0.08727597120349234 0.09609426065871465 0.08902664183057986 0.07904246703964156 0.09662004596648424 0.061081799184781765 0.0970548890765542 0.0761346773727126 0.007291300080472037 0.058390661728153624 0.05821700734961065
 0.025621742179482345 0.004467562710712665 10000.0 0.06677502592418598 0.09223942602017247 0.07553899143659372 0.0715047376584234 0.06751008864837894 0.05899922915371882 0.09681430060330294 0.07381727197960028 0.04100625243274656 0.08036831869897193 0.0870094823816877 0.07088910437192657 0.03572105098133593 0.05863099139407802 0.017425998508597242 0.10387050174016124 0.019865483933859975 0.06095746660699401 0.09082855929378765 0.06780125855745983 0.08494245871769583 0.05963335230051847 0.08546688049890304 0.04568525061672977 0.012469492393532516 0.07346483568192497 0.04152594072212011 0.019424499454814555 0.033452894347702794 0.043580962053739604 0.06120746001166827 0.06324491638875636 0.003275993276143126 0.011575631851955934 0.05056641950981418 0.08029282394796307 0.08012999476769542 0.04849942558995044 0.07207284776008843 0.028181136388088328 0.051400078219530146 0.014842004707095343 0.08915038630090909 0.038597717703478175 0.05874746536022645 0.06017595557777867 0.08409925209644684 0.06798215622753778 0.08835730598755591 0.03390303606385003 0.07005381352712267 0.05875294678303721 0.06744710316908512 0.06386720620074492 0.038237307835903525 0.10307095861583376 0.05111962012926895 0.033708882254816726 0.06187530382938564 0.048768107721029894 0.08935144521614619 0.03365306105685495 0.03826078460250648 0.043821693548274906 0.018678839314542443 0.0937711565414758 0.04296989670928762 0.07771686939464978 0.049274393469651054 0.08000456443234212 0.04554499443381437 0.028696592776331017 0.03361743476353025 0.09313142666387222 0.048053374884740915 0.05564478549650524 0.021064953135899157 0.03922851998187647 0.057577188852364125 0.06034244368971442 0.09170135747635981 0.09519173038608895 0.03924395619670659 0.0224926436759618 0.05855080526204517 0.06718104784772472 0.0826141932998808 0.07691214005584536 0.053257121759427976 0.033733882450598066 0.04950281104167754 0.0781997144962645 0.01648286247058314 0.023407739770988433 0.006688053096766066 0.06836193226636544 0.05376035232251467 0.0854386283822905 0.09662882038347925 0.08654774659445684 0.08073302273374196 0.09380752841577653 0.06219757415179071 0.09692132051487631 0.0749149240935451 0.0055424999262294996 0.05436693511692298 0.05920009977292358
 0.05738899567514723 0.06741835502026647 0.06677502592418598 10000.0 0.04545511621768137 0.014974667072723892 0.006251489091505708 0.014575328120350839 0.023687291295579685 0.04950135136446368 0.009521240409247277 0.07527292019030311 0.04645200580743683 0.02049914130090353 0.030605861265102185 0.0690741487532018 0.01120035898498288 0.05958108415773212 0.04766959151944446 0.07602296923545657 0.05942569535205365 0.03865367496164831 0.007461285135083576 0.03967842847857913 0.04289760824059683 0.03583619083972005 0.050914957162002124 0.05430608210670853 0.023996142271783483 0.026343520175180282 0.05552362256160656 0.05246071488118028 0.05783147397024978 0.041694058997949764 0.025371690980153745 0.06389340276063459 0.05681639758072053 0.04559812421919211 0.04464562380100021 0.0313951260726195 0.02390220223989199 0.02033109666437455 0.04317814904280289 0.01646141190467167 0.0667527735102643 0.02264524821554786 0.048292695716883216 0.05632613026424936 0.04063829303665379 0.03685056054607814 0.020475776098300466 0.04518642379457139 0.062216624846179215 0.04324948251326913 0.04469478843261189 0.02754708844961193 0.026923014965177756 0.06441492487390665 0.04710610910768319 0.037359568318359675 0.06867311887037907 0.012827360283696755 0.018472645321468684 0.039031758912999676 0.08075447737067773 0.034887269606544466 0.05635515206505788 0.07059604955874907 0.042958091525917196 0.03431427239124004 0.048584151393068986 0.01819482866179007 0.023406853305650732 0.025084455931336937 0.05211009807078512 0.0695024276783778 0.026373942384635588 0.020921438713650462 0.012732056434438463 0.07265115943729666 0.07317601353392283 0.026396950267035757 0.00919957622509202 0.042372928392338104 0.048530095875702346 0.027578425955595225 0.04952208692615669 0.03687579154117794 0.039498478219642086 0.041084472994259096 0.03844212000821116 0.047006940678215224 0.051163413480777825 0.04164254195202987 0.013759388509540726 0.055642435475054174 0.05078006815435728 0.06127715665382634 0.05000638930521064 0.0297917814293716 0.02864296617696593 0.036146776868969166 0.03961025786864732 0.040601599945409 0.050849835715439835 0.02594024185737958 0.03129771108482439 0.012621700119805169 0.07225076373416908 0.05869020060825164 0.024357675073641154
 0.0938140419665436 0.0907067683763871 0.09223942602017247 0.04545511621768137 10000.0 0.03094090230482856 0.0400648606724961 0.05961637963252327 0.06890325495113524 0.08896963382460128 0.05034978638335195 0.11454194509839019 0.09082405212985017 0.03957136941500787 0.0755259435873566 0.10775964409874364 0.055358135293535865 0.09277613576735198 0.01673796593099025 0.10786179169127531 0.047391552680048916 0.07761389955341336 0.038270221584875 0.0073703927817202345 0.08804698930657565 0.07690150273873442 0.09355243170858862 0.08146854564530845 0.022645308899993617 0.06348537314493019 0.07424365964027094 0.09164753888240823 0.09963453295452929 0.08698470331964005 0.029895832087898238 0.08896343326379236 0.08626109803133779 0.08941671458937883 0.08886300542285266 0.07387928765555803 0.06595967093313505 0.06436167957661712 0.06408226257443052 0.056958139797981304 0.09860348749382772 0.039638481133484144 0.05669190777482503 0.0463115317892055 0.08587195832539014 0.07878046902591401 0.02812306636240569 0.08722381359898145 0.06959687845405786 0.08862633693358438 0.08972300114788696 0.07280931980982815 0.07237458725577868 0.10433551569367111 0.01597890458392488 0.04174158032329431 0.07569087139356684 0.05817041850600117 0.05141473873072094 0.006922298392863662 0.11664590698544572 0.07417013164822239 0.05797949544675623 0.10331063077938403 0.08175482557805584 0.07578854989860552 0.0935102448279249 0.05055076746867027 0.0640642882134793 0.065625453559078 0.06605277346653195 0.07657773281092542 0.04337802359543726 0.06129930470584528 0.04563998026860083 0.10585211819944332 0.11227680753434559 0.03518273534557784 0.04260259867475177 0.08215237774049773 0.08850264257997037 0.05948544537253352 0.08368005800547884 0.08202270534861425 0.08493378192716616 0.010012817514910689 0.015673375273096337 0.09125290349094987 0.09043620341837284 0.08531788205710264 0.03488976144881043 0.07637532191227656 0.08575877664789802 0.08558198181277007 0.09545821725477549 0.03855089407193717 0.06728366524674072 0.022115075031088362 0.08112116346610589 0.012033018066912664 0.09209920514753646 0.030734049865155235 0.03600937102730688 0.05366828134274903 0.09751146536542034 0.10257722605199374 0.03409860083078119
 0.06992757908816931 0.0754044224956815 0.07553899143659372 0.014974667072723892 0.03094090230482856 10000.0 0.00916326583744084 0.02870843294081621 0.03865813733226649 0.05978395624178287 0.019619308433761903 0.08893892068322036 0.05995948867054457 0.015468223800107902 0.04458506825361523 0.08251204700655536 0.02581285816757373 0.07099850092155478 0.032952756568182896 0.08724692063881269 0.0543827410540664 0.048432595546032714 0.008893895018962908 0.02583905598187052 0.05786439145802782 0.04691601996359262 0.06543283153656188 0.06330935291556024 0.012038329640708112 0.03825730943347033 0.061323420304712606 0.06589379492285359 0.07214893991151415 0.05663242719670776 0.01941845353801552 0.07242894455785562 0.06677344394750666 0.06039924746958199 0.05802582972119312 0.04340084436277543 0.03791458580869629 0.03346849470736074 0.04906456553092117 0.029450832316952138 0.077827225591752 0.01708882910978129 0.049565692976138644 0.051684764265348696 0.05559294599121738 0.04852914633028284 0.01217887725751777 0.05702173633682738 0.064133878165611 0.05776345228164001 0.059668952588722804 0.04191521813012721 0.04165515205958253 0.07820594866985714 0.032348538874746556 0.03550941560028742 0.07079267399006327 0.027791786132210772 0.02743545283259063 0.02430353998457856 0.09339427793793682 0.04804477770766723 0.0557842110988164 0.08204095224596882 0.052727737857512516 0.048300115374456956 0.06257236284116169 0.02676387252744854 0.03393189806194302 0.03848464028151342 0.05585580399559837 0.07168073358847556 0.0220663136337086 0.03408721929386438 0.020400844121973596 0.0842956068785168 0.08677607002432379 0.023511826270088982 0.01586527143825428 0.05273348936713525 0.059101697831907496 0.03708124921172478 0.061063562826939824 0.05184562361412287 0.054141283671617496 0.02802129407505534 0.02674313256208361 0.06190035074742494 0.06460949612084622 0.05639456044306237 0.005660052294259949 0.062222933558343144 0.06266327785820122 0.06944343918085644 0.0647786120306314 0.02811460352876764 0.03793140940413892 0.022255532923287236 0.05103956340352666 0.027996219495798492 0.06223119045302181 0.020505075681912854 0.022127784601410384 0.023061685655199265 0.08108125792725684 0.07353751357569314 0.02106439786636583
 0.06328742878260384 0.07187689774465796 0.0715047376584234 0.006251489091505708 0.0400648606724961 0.00916326583744084 10000.0 0.019555369067640275 0.02968684647995538 0.05203879712318845 0.011163746980545421 0.08144198203527592 0.05099453943887563 0.015556582820882866 0.03548377538844097 0.07519750941122944 0.017447670109527486 0.06516200374510381 0.041485330355904786 0.0815769451615686 0.0586670708992438 0.040835664599908665 0.005117212266554304 0.03471110779018392 0.04885612127718165 0.038757114943646774 0.05716619093109258 0.05906975933953233 0.019704871033443715 0.03192903296255067 0.05911789425527593 0.05856966996075814 0.06407793844051261 0.04757189134523174 0.02357884676943897 0.06853317188824072 0.06191924483244098 0.0518130147038942 0.04909404913565143 0.03486570484545636 0.030084364526644734 0.024513934526993988 0.04670134148859464 0.02230730369838349 0.07224456251392847 0.017680947137353725 0.050042310281449336 0.055713200797349934 0.04655735591194692 0.04014679783189155 0.017425226043899365 0.048619788740307035 0.0643456776590308 0.04860184729800374 0.0506999665224821 0.032758319814223835 0.03250808062686425 0.07060035611945749 0.04093549331180131 0.037658381094687415 0.07092120771396618 0.0188289056580524 0.022749739909941315 0.033463009349651684 0.08670562120999173 0.040899425566580404 0.05743597167418357 0.07620714921193183 0.045168422408405406 0.04050960159939567 0.053489558900490175 0.022290804267929037 0.02584598193236306 0.031124905549703732 0.054884224403605485 0.07177816083569526 0.021963702388045344 0.02686963066354894 0.01608279460036585 0.07832405018543812 0.07933249552295185 0.025930862466074706 0.011538393983998982 0.04491437710251288 0.05122713841521739 0.03229391417967215 0.055113349639037634 0.04285314613669807 0.04497967370759136 0.03654408212179685 0.03454345986611766 0.0531775688181211 0.05727373504267318 0.04787213079085747 0.007561055153438598 0.0595317333138223 0.05647892315101782 0.06577571288392935 0.055630083586886925 0.029963500572913047 0.030427930364420187 0.029895378713405186 0.04276807821069723 0.03628910208565395 0.054029259677386345 0.024389003293218928 0.025696410862278626 0.014698508535192879 0.07702023752656595 0.06488252045595976 0.023620090312885617
 0.05276645959393455 0.0690818290042073 0.06751008864837894 0.014575328120350839 0.05961637963252327 0.02870843294081621 0.019555369067640275 10000.0 0.01231511355727784 0.03684408015269273 0.010895328786553565 0.06769002609368263 0.031888274650335516 0.027857319169146674 0.016045016679293797 0.06216230516064613 0.010676503445413751 0.05684411498582522 0.0600457999445995 0.07297013814076012 0.07173849622300585 0.026989954254850654 0.02203514874895782 0.05410618105268985 0.0303593925226809 0.02303883197171511 0.04157999026367593 0.05537171156381513 0.03855782936013075 0.026281026814363916 0.060171000548684093 0.046182790724029234 0.04895547857585032 0.028811539463304375 0.039245958148876055 0.065041295137209 0.05644464812026833 0.035167450973956 0.03010614961541342 0.01794521381832534 0.019262837952615516 0.006514011306704829 0.0486114810770899 0.017516307949604366 0.06425201499435891 0.02967121076065741 0.057248626373649476 0.06851640692324588 0.02795140367847618 0.023442234982038228 0.034952237632544805 0.031418573487641516 0.07002038489837563 0.029068180912194118 0.03237107790910381 0.01320841751922496 0.013327213192194924 0.05680638309629318 0.05957707076178688 0.048921833317704506 0.07607881425890055 0.00601454334478269 0.025004669647776704 0.053011797502262675 0.07516642331009714 0.030690292128084527 0.06620211451055685 0.06736505002465851 0.03103562008427615 0.027932117381449264 0.0340487463344367 0.0252525356478046 0.012977356018523718 0.02201105146163829 0.05888128439074842 0.07683230847547971 0.03139994163289509 0.019682434226261807 0.02278436684308542 0.0690259952415573 0.06579275600215795 0.03925466280659378 0.02161616377463734 0.029919704041369004 0.035659897543273054 0.031018072946587236 0.04716342324545723 0.024567561763972012 0.02552939938763608 0.0556367451931053 0.05299674659405351 0.035912778473508086 0.0449221473985923 0.031661096981447076 0.02572176031542838 0.05947203892566288 0.04774177423287049 0.06300210781307354 0.03628523173720517 0.041841267014320616 0.018730890671642398 0.047668133529353444 0.026311795289432845 0.05517532257102082 0.03729664489975922 0.0396501095881346 0.03920357079783868 0.009369435398181991 0.07268839100213863 0.04763634987268759 0.03754302147472317
 0.04162055525657461 0.061151844662890614 0.05899922915371882 0.023687291295579685 0.06890325495113524 0.03865813733226649 0.02968684647995538 0.01231511355727784 10000.0 0.039184485387368254 0.022987094934176975 0.055489076852326825 0.02774274887962552 0.040011499875844514 0.01312754741018862 0.05011539321744128 0.013819297859022058 0.04653598170038315 0.07109216551008599 0.06221872334377678 0.07366922704200964 0.03191879096935793 0.030638982983883484 0.06277224826514793 0.019212378678760553 0.026696786852770816 0.029266553674483584 0.047478268894994326 0.04675750165317484 0.02046276065988881 0.0547723744976602 0.03448767993278045 0.036653165402311706 0.018081669707570643 0.044804691744126615 0.05687087074117282 0.04754598031137399 0.02291435384897263 0.02656229240655106 0.021248778157920773 0.011481173363036648 0.013946485221503348 0.04448224271108461 0.01607556180762236 0.053907994610937496 0.04188297289375237 0.055827650962397855 0.07035954996029876 0.01697937235188842 0.02571084264850534 0.04218777569259274 0.031661339776447174 0.0669968604999346 0.021241823867004444 0.021016970106890742 0.009130041667143294 0.005902725247866334 0.04464005565514937 0.07056623109565509 0.05072406226636928 0.0725125648518552 0.010869086391482824 0.02510093517863027 0.0626231947956931 0.06340393980988893 0.02083405765661783 0.06533527182624012 0.056606076269105486 0.035128177566946577 0.016912595636607942 0.02811887849828794 0.025716061102661426 0.021963507028311388 0.01472523336250448 0.05533930207129951 0.0731772213662337 0.04371505285353163 0.015015452529819595 0.026331543285238766 0.05806300931241217 0.05363149424087454 0.043267294150665415 0.027357119183735488 0.033267863228493254 0.03768428498244469 0.02716435836342163 0.037386233846529435 0.013188553827045946 0.017162102540439452 0.06366718752445981 0.06021888920091045 0.023839485272099423 0.03326403714533453 0.019348788690144322 0.03669542742796837 0.05345224242228299 0.03754349473213397 0.055290577631207004 0.026878788214546402 0.04466269407319437 0.02689869409102616 0.05908128103919981 0.028406812264559222 0.06289735561663529 0.03763748464588837 0.044896488979667026 0.051401436380191255 0.021680562301466852 0.06386838673957902 0.03560464225896776 0.04211962802353498
 0.07557628074803067 0.09942618652893853 0.09681430060330294 0.04950135136446368 0.08896963382460128 0.05978395624178287 0.05203879712318845 0.03684408015269273 0.039184485387368254 10000.0 0.0409174362312375 0.08182873016502401 0.019634609823495845 0.04971192452890447 0.02625270347742988 0.07877211254702626 0.047243717950164625 0.08223482847176561 0.08352411395166952 0.09612032588054836 0.10845579197530666 0.011387258509901731 0.05627080980002176 0.08515679856525273 0.03985519360499221 0.013823550695581211 0.056722928626174306 0.08598551483644386 0.0715296683039024 0.05956960227041143 0.09395638604458495 0.0671199803833131 0.06325120098677205 0.03776853333520246 0.07485172541988964 0.09502374583039852 0.08523886232953191 0.04959331687407552 0.018531781746580062 0.01900812335998634 0.05066063222815122 0.030332826643018004 0.08347848011144865 0.05314828248447669 0.08918233785681788 0.050109070897637845 0.09366948187585121 0.10526172446168727 0.03836582910727358 0.013711029189551386 0.06937833816643778 0.008855699204459952 0.10574156038547607 0.029370729664275615 0.041594444065743065 0.03008866271048903 0.0335654783295784 0.07265830865857928 0.08336620705711811 0.08573735466587114 0.11146494281128601 0.042315658412189316 0.06151504260903428 0.08204894581359644 0.0930991039343317 0.05883218184833229 0.1028315228591715 0.09074562139604174 0.007232132950736868 0.053876414224758334 0.02439241836686662 0.061858415332780664 0.02623723641954785 0.053906890066377985 0.09422333053251461 0.11215714333427694 0.047729744272298216 0.05364345620645267 0.059594770601365886 0.09153206624856029 0.08071230798326702 0.07565719340436072 0.057947430026507894 0.007139662910364618 0.0016724781520709915 0.06588793711643587 0.07442935185245567 0.0388423275059619 0.03080140185867173 0.08772937692833148 0.08640439446120819 0.04793965770970552 0.06621139506735409 0.048872739115716844 0.05473294920171581 0.09259008076366598 0.0739424825054214 0.09379314159757308 0.03558200278292279 0.07854726865395457 0.021867102620035855 0.07074135282684677 0.010868068513876174 0.08777746451126343 0.00618846766540364 0.07544095880210482 0.057156803886706714 0.037397707568286156 0.10126275667418927 0.055496863933646494 0.07375315644068485
 0.06170816941664887 0.07484501892143469 0.07381727197960028 0.009521240409247277 0.05034978638335195 0.019619308433761903 0.011163746980545421 0.010895328786553565 0.022987094934176975 0.0409174362312375 10000.0 0.07783545944219197 0.040487935050720826 0.017024896148172722 0.02558220238137773 0.07206398488537412 0.015328462465328412 0.0649421400705962 0.04947939010736014 0.08131655028827726 0.06875428377975755 0.029784994515226662 0.015430464736468679 0.04545835767482815 0.041237968999321084 0.02759388144174111 0.05210847574045679 0.06139921398033703 0.030835880377090837 0.03241703752509168 0.06394388876813281 0.055753277305331604 0.05940327853653537 0.039652393204396966 0.03418361573490352 0.07109085860123714 0.06330366797787124 0.04590123700542434 0.03851565204652876 0.02380890382234886 0.027513162328699867 0.014134126961972915 0.05174644257341954 0.022424244213805653 0.07228409812427386 0.01890768756782154 0.057686533674786086 0.06569042942782499 0.038821368917830626 0.02902328311135694 0.028463830024431945 0.037508711551381496 0.07146454255108374 0.039247083710190776 0.043260592263640325 0.02350127037982257 0.024125807090265128 0.0669174995583836 0.049046252475019037 0.04685738422124089 0.0778614922240286 0.013506143284466232 0.02689861920067858 0.04355927343351129 0.08462840205230533 0.03913924856707476 0.065852589797465 0.07576831599083042 0.034118091030661504 0.03729221700028394 0.04336415029002608 0.026784997777409232 0.014694719187758885 0.029604256773992668 0.061102188730555736 0.07867771590919229 0.02113317020557576 0.026135390398238176 0.021963703288984875 0.07762181508452363 0.07586773275142668 0.03572301235030387 0.01871724100621413 0.03378456978192996 0.040080483287939686 0.035199247174459644 0.05498333571111328 0.03546284975939025 0.03595968263484434 0.047528490636691186 0.04569506476044 0.04675094399896247 0.0544672962353675 0.042279916315712644 0.015606336216752666 0.06379596328276309 0.055904890287514185 0.0686916568080787 0.046791332770320326 0.039260793701414796 0.01949137615087955 0.03693707895009485 0.031618310510499036 0.04735716747853959 0.042873310309796665 0.03487245371186092 0.028416439156341497 0.003534889636667978 0.07919552751751979 0.05849348515398104 0.03359199013432569
 0.021657852664349806 0.04547258267614724 0.04100625243274656 0.07527292019030311 0.11454194509839019 0.08893892068322036 0.08144198203527592 0.06769002609368263 0.055489076852326825 0.08182873016502401 0.07783545944219197 10000.0 0.06229335111510679 0.09455551110662741 0.0613329797175252 0.0069172053598159046 0.0641727343271767 0.02656043204521743 0.12157895332697839 0.024584136542205794 0.09613128150823816 0.08066228961289125 0.08004537680040597 0.10732975840467517 0.04280297198358604 0.07523882410309231 0.026747299932376727 0.04171086512619116 0.09237383596713679 0.05129303947152756 0.0559931007411846 0.023092546743340034 0.01934597207849821 0.04500021924438251 0.08500481130737489 0.04238134656432933 0.03603729555617133 0.03401036825375705 0.06329762090449233 0.07128378906701098 0.05137077378681419 0.06881181012165281 0.057420998083787034 0.05949026051615985 0.02617219146951981 0.09656900208683684 0.07229177589057655 0.09331025936166874 0.04483513814218973 0.07281356389284303 0.08664818367922751 0.07307697648413587 0.07277685859570326 0.05258674913954959 0.040785845064944704 0.05982108374387195 0.057022590994171854 0.010920689610239521 0.12090686752876106 0.07945614983468684 0.07397400820986448 0.06441703270307009 0.0632604667191626 0.10967672669970555 0.013168215450933482 0.040947611537002215 0.08017414635883993 0.02274726140364761 0.08188607532208485 0.04097581831276119 0.0578592874922219 0.0641075271333356 0.07630147198541203 0.050466399152994675 0.06410502510381422 0.07401692836827632 0.0989250710218621 0.054852832508097076 0.06960663452758363 0.0209650484198474 0.002298236879509497 0.08037166400260963 0.0735285521179705 0.07937491162822057 0.08018677644147988 0.055173407577835565 0.0323482638198118 0.04613384206002707 0.05203441697735721 0.10642912626425864 0.10131421758033908 0.034716871741908246 0.024361340223341715 0.03660615300861754 0.08900164235620553 0.052614682256206226 0.029929095920581864 0.04454607298033801 0.04651029409637967 0.07837618094936452 0.08007624308238372 0.11109053902159245 0.07422703801735578 0.10493283841392269 0.07681220337102546 0.08435841667627235 0.10591154477392274 0.0770300297852187 0.04096589802955234 0.026588266384126806 0.08089856316678441
 0.05754655531435617 0.08340605058382533 0.08036831869897193 0.04645200580743683 0.09082405212985017 0.05995948867054457 0.05099453943887563 0.031888274650335516 0.02774274887962552 0.019634609823495845 0.040487935050720826 0.06229335111510679 10000.0 0.05453075125797171 0.016036351800924324 0.059491740349497065 0.03993838519940686 0.06473144146020716 0.08895674180423362 0.07768087804297368 0.10131055103171678 0.021851371376260677 0.05390269773286693 0.08570482313457628 0.021254956546663033 0.017985833994285952 0.03782610600625414 0.07049078426947146 0.07038702969478412 0.047352157095384644 0.08027209989557008 0.04894697048260389 0.04399132178085669 0.019387179021299262 0.07078219834531214 0.0789362737482729 0.06890168443711173 0.0310169345422817 0.0021241027927830377 0.018029080287294125 0.0383882960814923 0.026494376893989424 0.07115557542951391 0.04374062449196611 0.07134687392173601 0.05565220952173558 0.08337072590128056 0.09800839959163583 0.020283354210469822 0.015125838711306712 0.06682655482333436 0.011204829851978371 0.093858668959425 0.010489630207537678 0.022706013407574364 0.019723426231940552 0.021991148344766467 0.05338627532886943 0.088622617502968 0.0783198064461209 0.09900553013076985 0.035397247197835685 0.052755629963379354 0.08404680554027591 0.0738047567381884 0.04376679031235952 0.09294504693941762 0.07245963079629518 0.021270303920683176 0.03842756965358011 0.004989986659286408 0.05332784475068537 0.028009313718024096 0.04143042618210622 0.0820975704678375 0.09960656621464874 0.0549641575381579 0.04262072324966828 0.053070029926237064 0.07302629362403357 0.06124130017946073 0.07009262811235809 0.05297489434372104 0.018773775457714588 0.018031740585945623 0.05448238093770221 0.05789577027508094 0.021933999442500934 0.013249404271416257 0.08743068778644357 0.08488494521411527 0.029013685658307285 0.04816986109692964 0.031063845188536266 0.0560591053960631 0.07842521020997273 0.057030859269210844 0.07814703837583667 0.015947735129893215 0.07196235558619518 0.02747855808770717 0.07606580675010584 0.014739869003807355 0.08702614216834219 0.01457271800968092 0.07107493863413397 0.06439795988614923 0.03725531302125928 0.08440715104699284 0.035878837330438486 0.0686551796180075
 0.07757521281251105 0.087428472516638 0.0870094823816877 0.02049914130090353 0.03957136941500787 0.015468223800107902 0.015556582820882866 0.027857319169146674 0.040011499875844514 0.04971192452890447 0.017024896148172722 0.09455551110662741 0.05453075125797171 10000.0 0.041196446908595925 0.08862466697277252 0.030751724557580674 0.0800444868566189 0.034534272790743004 0.09648950574769813 0.06976021802242865 0.03847785781143223 0.019881594119093914 0.03671490142134704 0.05805638749964674 0.03856238820680833 0.06907649376995079 0.07455931555299485 0.026607811229156224 0.04683227090523066 0.07455293964735397 0.07214686471839438 0.07632863842977439 0.05638193223859066 0.034884849528750386 0.08405834675703584 0.07725723101444837 0.06292507488358245 0.05243676969551112 0.03660662338779808 0.04355787588005043 0.02979274815107813 0.06214048287181516 0.03687790768039007 0.08724003116490815 0.0021488871516606666 0.06439164301560764 0.06710858247571738 0.05562027821419557 0.04081899054670617 0.027642980801907465 0.04897336578542587 0.07889004723138157 0.05508212338458162 0.060117509370058636 0.03979793953142362 0.040871812387428694 0.08363653420952524 0.034254194727037716 0.050807552587096794 0.08552555058433454 0.030163326757435455 0.03828853213817485 0.03270416960078843 0.10079897546211927 0.0549580047615782 0.07103501310609665 0.09104014658769906 0.04248009203819863 0.053722683795819876 0.05811500269641325 0.03784354356925307 0.026540511211359696 0.04517899400508189 0.06994833070778923 0.0864007819359976 0.006723629143512132 0.04120719321263798 0.03162664954976812 0.09305774893337639 0.09254279839090021 0.038778822130791465 0.027025723740794247 0.043115901419669575 0.049378472197122894 0.0477702707354939 0.06998793049738365 0.05237520951576361 0.052139311902518116 0.0399736012838319 0.040203388336850866 0.06376154292693319 0.07085144781966685 0.059284959559335354 0.010231275355998997 0.07504507220889915 0.0711897271355166 0.08132234529199386 0.06295230763275898 0.04328348427375996 0.02851518991346053 0.021600419858470173 0.042813901592750024 0.040514357718840766 0.05333206662558603 0.03596328844740666 0.011408406643058724 0.018865387488493764 0.0925153821197352 0.07549297611659125 0.036332022695416265
 0.05112161070409531 0.07334501486521908 0.07088910437192657 0.030605861265102185 0.0755259435873566 0.04458506825361523 0.03548377538844097 0.016045016679293797 0.01312754741018862 0.02625270347742988 0.02558220238137773 0.0613329797175252 0.016036351800924324 0.041196446908595925 10000.0 0.05696452549805136 0.024003238015039455 0.05709600215663685 0.07494516255072317 0.07192044732272307 0.08569049010104111 0.0203953143109609 0.03806695873227628 0.07012875026625118 0.019162199089034646 0.014858187944600481 0.03466673639388355 0.05981838544120571 0.05459857421136273 0.03358576279292992 0.0677846006346106 0.043085164665340916 0.041990442884144906 0.01706222242703162 0.05474585092531257 0.06897628426908359 0.059327153231972796 0.027334721538167496 0.014427111735914263 0.010083364377473206 0.024573298755015904 0.01152526035365696 0.05760955899546665 0.028404800245088683 0.06428495550716552 0.04264487911190452 0.06874141132744715 0.08240377092173186 0.016835659976242787 0.013221071351657685 0.05087253533778782 0.018534598312192837 0.08011203281372946 0.013886508896202583 0.021338292345199197 0.004060995836041815 0.007338240268101475 0.05102025002876118 0.07453943666825823 0.06268326308638975 0.08563990605513486 0.019379591399368238 0.037309122535466546 0.06885010190339712 0.07100653741273447 0.03270905058038176 0.07817266793246869 0.06638547112660614 0.022934239644700698 0.027943514072356773 0.018014681401153303 0.037816716602844906 0.016288950617806202 0.02780429572270162 0.06846458009846239 0.08630358774845365 0.042984703742429436 0.028030198939425342 0.03713629226462278 0.06750059866841362 0.05978721305059158 0.05412486996446349 0.03693895125133292 0.02081364856900635 0.0247059512468119 0.040248849123453875 0.04869840338565249 0.015228763925174298 0.011254748581234198 0.07168066774948158 0.06897131878328173 0.026786959475324248 0.042014147729365625 0.025251917928472 0.04113510408976192 0.0663577713025225 0.048447180970265694 0.06763609823779686 0.02186797024503617 0.05613338524268523 0.018931486152101322 0.06224190214830502 0.01568211689590696 0.07120550594955911 0.024512197470746115 0.055041667971624485 0.05193669967766747 0.022713777372523794 0.07551033066455111 0.037428746118600136 0.052647850062897614
 0.014768086293059908 0.04017184281856263 0.03572105098133593 0.0690741487532018 0.10775964409874364 0.08251204700655536 0.07519750941122944 0.06216230516064613 0.05011539321744128 0.07877211254702626 0.07206398488537412 0.0069172053598159046 0.059491740349497065 0.08862466697277252 0.05696452549805136 10000.0 0.058057468308855865 0.020197610718728245 0.11503480797764781 0.021636088614989196 0.0894058033783141 0.07675835883354251 0.07362545847610134 0.10052943363153923 0.039112081159835214 0.07125982291324758 0.02238981481689742 0.03527258299538394 0.08566495887634593 0.04465039312814656 0.049653989017375645 0.01663641081503541 0.015521727166161913 0.04128000153885721 0.07816658481916958 0.03676310758664009 0.029700038802076684 0.029753160718134608 0.06029933583629556 0.06701742809082878 0.04520788800819737 0.06371427258522261 0.05061480831395814 0.053097458576484666 0.02098276876677692 0.09066570417912827 0.06556992026487624 0.0865554712165763 0.0409359032661774 0.06896567104342198 0.07992490163311924 0.06993917011844833 0.06654503221382678 0.04940150415706068 0.03723904262296797 0.05512121478395127 0.05213507458992825 0.006113872792369487 0.11435332209600396 0.07254688850465402 0.06804739012503588 0.05858098058407206 0.056556788542729414 0.10296350231074723 0.014327130773922312 0.0344675331318519 0.07359525495026314 0.018445106627253408 0.07828296313400038 0.0349076334587926 0.05533248313463169 0.0573973269736947 0.07138991254820205 0.04411305954354786 0.05755912038002849 0.06813625770927208 0.09319338147274037 0.048462987976074415 0.06299057896590732 0.017308953758170417 0.004619925045741204 0.07349568212400605 0.06699186373358741 0.07581007918900529 0.07711035603709858 0.04833901317763464 0.02545072208874092 0.041749733112383454 0.0483698255874137 0.0995828789995715 0.0944449635800216 0.030945911873235678 0.01792932793637294 0.03181234065113838 0.08275745833902069 0.0462985162609249 0.023022000211977412 0.03866475204749545 0.04410467894410852 0.0714687565572607 0.07544531141232812 0.1047139755786844 0.07057857376507447 0.09807406016969888 0.07406404465692679 0.07750760254841728 0.09993362946375114 0.07144182613402968 0.03637629009543362 0.02485499578523215 0.0740492347701476
 0.04684582245920247 0.05982679953103084 0.05863099139407802 0.01120035898498288 0.055358135293535865 0.02581285816757373 0.017447670109527486 0.010676503445413751 0.013819297859022058 0.047243717950164625 0.015328462465328412 0.0641727343271767 0.03993838519940686 0.030751724557580674 0.024003238015039455 0.058057468308855865 10000.0 0.04970527467313879 0.058719140092369 0.06611624146331738 0.06186546599609072 0.037643326942859705 0.017281940946315112 0.04907262469969257 0.03273007262935881 0.03351493470594186 0.03973647426668357 0.04626509839552177 0.033026920024021925 0.017133086109253275 0.0499292620162132 0.04149135677431055 0.04663119670594156 0.031783821096077865 0.0311836808317356 0.05597122711886 0.04800100328008218 0.034589406206126674 0.03841723370110967 0.02824009479935039 0.012856874910759748 0.017026093390159175 0.03814640599608585 0.0073359669628689185 0.057019471115444365 0.032846148318998465 0.04659947204736885 0.0586007588166168 0.030617582001715445 0.03365163927679705 0.028370924132112316 0.04124007158981691 0.05935744059187889 0.034788191042661606 0.03436928375278486 0.02021643736052587 0.018432033830595627 0.05329166963231913 0.058133572202040705 0.038895447311263334 0.06544642933521934 0.004933861255685817 0.014348901475562885 0.04924062594938985 0.07004892098590235 0.024216688809935195 0.05562369403351836 0.0605960001913096 0.04164350702589058 0.023197134055623066 0.0411330385030062 0.014635965060736576 0.023478677793380066 0.014477274210060339 0.048277483867094066 0.06620701934843741 0.035914908348822557 0.010810819310287396 0.01313626860767079 0.06251660693128291 0.06209799504945649 0.030155782363736422 0.013559073759283809 0.04042857574347557 0.04598830852237991 0.020753029299969555 0.03970978586818864 0.026723926242811915 0.030781327040630347 0.04986960898490872 0.046404901655820216 0.03614972181995964 0.04019361570537241 0.03058214189818648 0.02495174981888427 0.04943427974021744 0.04071262126032905 0.05368714438921591 0.040697991562490814 0.03215936241592316 0.02925520081377044 0.047340042877016715 0.03653776296098755 0.049081603521162906 0.047226623484349105 0.031357646378322654 0.04194236416432993 0.01630858771902663 0.06396942883279343 0.047739481263230944 0.02877306271936343
