NAME :TPP_input_21_5_1
NUM_VERTICES
101
NUM_CLUSTERS
21
Full Matrix
 10000.0 0.08859701159285828 0.11276939325430604 0.0928067841219678 0.08168598912088969 0.09992655225750129 0.06752264876006119 0.04680456880983041 0.1291892707802036 0.09941156326996908 0.11330458864410832 0.03765579736676405 0.051644205304995694 0.09640078847478506 0.08916122521639376 0.046953844090909226 0.06871705415971036 0.06826415720582034 0.08026618208494578 0.06620516054606182 0.037721211859048406 0.09016585648908383 0.08891137765206893 0.08839578333338387 0.06031805092179286 0.0657728025365995 0.1083832082334004 0.1120987577203497 0.026706633337225155 0.09683095163013082 0.050914523607357993 0.13280999940427327 0.05515472334019607 0.005619308648896766 0.08423673264449154 0.08776170453721698 0.03627307135634308 0.10608731017774563 0.03396702598218247 0.07335877181695001 0.041837885131410846 0.12652915135732884 0.0860969867085785 0.08967259457474658 0.07315743282644756 0.10511659329725109 0.08770232631817274 0.03474359340104398 0.1010133902219258 0.07947962307020866 0.08689263557867724 0.06865367906116686 0.09285696200762615 0.08843384440982635 0.1044102692704367 0.11323939085019762 0.086099203463653 0.07528298272444174 0.12118511539723541 0.09613282519812176 0.1139899276495987 0.05507919517237542 0.08750659019990653 0.08104505762102021 0.0290230843785963 0.11476811132756586 0.05263284340048735 0.09614233428822244 0.07333481509730258 0.055193826461889764 0.05878435681889368 0.12005522501004573 0.08071752786924774 0.024120920428513278 0.07667553970621682 0.11881357411086033 0.05367386123386714 0.07158782444335514 0.10063913685932278 0.018469052379114306 0.11324926876241087 0.06799299158687429 0.10229663901378412 0.06329977365364403 0.11643091174642238 0.029212076267122897 0.0992916476957013 0.09282275275477074 0.11418777621012066 0.09538241837843096 0.12558554140600894 0.07470927296232892 0.07113463408231648 0.10427930945823972 0.05185892109154261 0.058925741782007136 0.09157391030648465 0.10874091059165038 0.07148577537053853 0.10310706323451456 0.09845922527653486
 0.08859701159285828 10000.0 0.03775503283719164 0.015574765446947492 0.043650013322467936 0.016119542877341783 0.021605168584405948 0.04180377136547398 0.04504230317223932 0.06116237963302026 0.048108161189296596 0.053937097091303156 0.07475963908426735 0.04662541311828138 0.013360920496884986 0.04263218960257531 0.023941434424433514 0.04528691511763672 0.009309364717123184 0.03788837285908894 0.052099576801635954 0.004504197925519075 0.06986124353776008 0.020928327985291612 0.03173014164141047 0.023192948811803924 0.04738025787182584 0.02649431003123333 0.06248583005238534 0.0105266451218289 0.04017759761901801 0.0493444238670506 0.0587682187221733 0.08303021676555643 0.0851617545125205 0.035147027652137224 0.05232394772599276 0.02908348175284658 0.07058399388305098 0.046031371804058856 0.059564606121511356 0.047993757366076854 0.030968695950309186 0.039535745376381395 0.018503013437361104 0.05360801474322141 0.06364998841941977 0.05423266636711161 0.01327308251004758 0.01243127991976634 0.02658115309478641 0.020732431641267743 0.04960723610971496 0.00023423694773687132 0.03633401986935096 0.05207290741495135 0.016363053116666207 0.05086163071005644 0.044910419888352815 0.008532659027549917 0.02539304705661778 0.04321004983973845 0.07398317031079381 0.012617919227700622 0.06658495036166767 0.03868813761942313 0.04752830036023908 0.04717103797934295 0.015412368563134419 0.07291934404252694 0.03510424338609281 0.04117889612242183 0.026313512173011776 0.06450053681161916 0.027341442838219047 0.030971957490872726 0.05714870071451204 0.05848677478165543 0.0302697617389935 0.07028072570952024 0.043797411575178795 0.04169913688821711 0.04269608256478595 0.035930868993543794 0.044399217483452734 0.06238035024000157 0.03828134628886256 0.043606520047611654 0.03417348838310003 0.03523471031082553 0.04738041860835736 0.024204442967344034 0.022535869484834183 0.018378197271373253 0.042255675649425825 0.03177579420659561 0.02163968491831159 0.02756690590644191 0.018091749425150593 0.03135259605231582 0.0593229651508687
 0.11276939325430604 0.03775503283719164 10000.0 0.050438750935313886 0.03760802164469615 0.022066464965012952 0.04946748092394584 0.06892806256301594 0.020995841361110837 0.040372858793613006 0.01399355544420877 0.07512169100221795 0.08098395088429708 0.027429296007963195 0.04985715765416041 0.07285842321044146 0.045299567284375473 0.08274057699816272 0.039794181560526394 0.07491339395191875 0.07531246492014203 0.033361307691532005 0.05655261611171814 0.024965878370418467 0.053020786156581984 0.05122587528026121 0.0173263955237774 0.01891955968474171 0.08628973257035222 0.027966507254009614 0.07229603370602368 0.022798399714414587 0.06613479537064203 0.10767153878097167 0.07589013175645476 0.027294196081545045 0.07872244900522146 0.008698765591125753 0.08562415410474365 0.04566692177979765 0.07432319234397315 0.013841459851133045 0.06804240331854344 0.02790749414774208 0.04232823753042616 0.02754508225802739 0.05075550871345854 0.07879525225845505 0.028280985763364137 0.049673267851985746 0.06351300143133878 0.05440430634070744 0.033229089619760864 0.03798307807787813 0.01000068101330276 0.01929484996635766 0.053622214739934795 0.04757650149728614 0.008469743021096479 0.030645025796105032 0.03282873289329089 0.0782510346779625 0.061816654741081264 0.035715293002614806 0.0970624701698392 0.002180848297811429 0.06150832870023001 0.0281721609742533 0.046157558225413974 0.07762908804607041 0.06971897835346792 0.00822561706517888 0.06400462316644981 0.08961819696452464 0.0650723681364348 0.02667226191972541 0.06590314311778032 0.05607336405417127 0.012137718237341853 0.09464333208816263 0.008173209042644292 0.04747015982264991 0.018038432562434925 0.07223653291678017 0.006902495685528437 0.09165864874440359 0.07240390454077149 0.027981451747976383 0.007569019309402575 0.01959638319045148 0.012866343490677863 0.061700190304799216 0.04281443217199951 0.042969233098617776 0.07586641529737587 0.0649220346501379 0.021860313586840076 0.011691644466415291 0.04564688129622775 0.009662578729504438 0.03898393457851458
 0.0928067841219678 0.015574765446947492 0.050438750935313886 10000.0 0.05894767511012568 0.028494786341735027 0.031001688652873314 0.04751424764370811 0.05256755110842771 0.0767308934934381 0.06217327113046691 0.06173440538875005 0.08671957650122548 0.062140115293407336 0.0038996239643275064 0.045880045612971786 0.03600947896373228 0.03766038527247973 0.022354847304672562 0.03238641275555705 0.05901998917226485 0.01960815430242919 0.08515467608881182 0.036485989850528984 0.04223785640298667 0.0319972119932145 0.0620771730908693 0.03509040773874887 0.06824581606357989 0.022715237018494466 0.04199324550567918 0.057006513261979086 0.07116833786696772 0.08719075802602118 0.09984490659607971 0.05071558724101632 0.05733734632959987 0.04213855556488945 0.07990876557093511 0.060646819531215694 0.0696411713118852 0.058446651196661176 0.01821576997894446 0.055110232119506976 0.03101724763470452 0.06887976892152382 0.07899330941276722 0.06020216720087335 0.022352446235265364 0.014442483807129194 0.013717350560764468 0.025264962196099604 0.06518193848604713 0.015441916885155197 0.05075141614022619 0.0665081198354967 0.006938637643735742 0.06563486361542284 0.056504246685887646 0.019977074277356784 0.027218717186687454 0.041066249438443614 0.08913455568730197 0.027291106762493494 0.06751356429710795 0.050935263041002106 0.0588088182255744 0.06269802551543902 0.02509500783114066 0.0853373770766516 0.03469360114336344 0.05210555450070697 0.01665330198239683 0.06935818408703713 0.01969744595495345 0.03558576130403543 0.06927719535875446 0.07285498304856479 0.04482362671936039 0.07523104455381495 0.05736413121074349 0.05559516853667294 0.057776221317280566 0.03246384018554119 0.05731627616715334 0.06454284875718229 0.022863827919317372 0.059170898044208546 0.04536977150069881 0.0506125540712776 0.05802344505461763 0.019247298557989453 0.035337858866715866 0.013173127713019437 0.04214148728081464 0.033886216137815874 0.037019267396622604 0.03912289959843746 0.02886161420361768 0.04553296848618285 0.07489218463982708
 0.08168598912088969 0.043650013322467936 0.03760802164469615 0.05894767511012568 10000.0 0.03949996444989748 0.036082799806597635 0.046283535220484805 0.05823985275903223 0.02179132955768793 0.032972480856904 0.04545713620065024 0.043533570397629485 0.014739107772073191 0.056015117699957 0.05280709718843887 0.028542558115003742 0.07532277446846791 0.037178508072075046 0.06671881623983113 0.047342702497032076 0.04044429469751606 0.026216486557273183 0.024255823559589815 0.03068451874504334 0.036902661355217366 0.027480855054626108 0.04791565190042958 0.057143301461488084 0.041779127618806165 0.05488128533593463 0.06039081421487736 0.02953571035511231 0.07726817476305153 0.04249729033979289 0.011190365875957183 0.053143994739579176 0.035105367645929676 0.050705580528921164 0.008717373963073436 0.04030477891946595 0.050718289589069224 0.07062878224037127 0.009737420680044477 0.030817422022214932 0.023524095006210954 0.020052132726484876 0.05142460588465996 0.04591471802081837 0.04866936243207306 0.06703498948521702 0.04510115644232432 0.011693099723144038 0.04373946135985065 0.027631837878874025 0.03191947107303119 0.05749601207982727 0.010018011425448408 0.044799527693948356 0.04362818273099456 0.05853291079610443 0.06441197460675527 0.030406050799355166 0.031765146061193496 0.07345583248807007 0.039782133765989554 0.02926141300120782 0.014457630512608989 0.038140232068522156 0.040072016790013404 0.05684941454018951 0.04583360725907934 0.0640105504926032 0.06121952438424903 0.06270213747197194 0.05724205895320966 0.029855882343676605 0.018673196955654916 0.02729335124756465 0.0650523994100279 0.03465145191929771 0.014025840810081664 0.0219993903291131 0.062371063846972476 0.03848723485298466 0.06724262876115937 0.08082609801925794 0.011418022894222024 0.042627135784838004 0.018081816212342977 0.04970027110623538 0.058117194553657894 0.027348417934592608 0.060016510571343426 0.059923960109772786 0.05096746150491295 0.02558452791819683 0.040433026703918004 0.034760889029079194 0.029432555170168528 0.020162153145472605
 0.09992655225750129 0.016119542877341783 0.022066464965012952 0.028494786341735027 0.03949996444989748 10000.0 0.03278132891852537 0.05362154929751895 0.030066285594287496 0.05231112696502038 0.03382599224988004 0.06330622756885093 0.07796229844941324 0.037309615611063905 0.027790790348360437 0.0559487791135041 0.03147511352201947 0.061406309585311986 0.020709093762378793 0.053949181323243174 0.06236453844129473 0.012063213830251118 0.06444366095447665 0.015806031922663135 0.040036701546368854 0.034595284374538446 0.03432143160826963 0.012172556959808095 0.07327542988789595 0.005904392614335904 0.05432032475157658 0.034162150918691035 0.06189490261506954 0.09449863488155648 0.08194043135871958 0.028762438945300735 0.0640783311966359 0.013644778169258432 0.07760827196178671 0.04473859133946451 0.06613004004625642 0.03189674849091255 0.045975949231747554 0.03231519370750408 0.026772269267080977 0.04233473240823579 0.058125817722038564 0.06518407668887172 0.007347760143839446 0.02846572279075371 0.04144710138183157 0.03517056512589599 0.041700290645264176 0.01635343071691111 0.022854163578732937 0.03839059567230263 0.03158496101142545 0.04865655158122043 0.02884563077135395 0.008582852301845885 0.019097172970837496 0.05863626107906469 0.0691989524451086 0.018882920847924232 0.08035041450311826 0.02278169528774938 0.05318605463320141 0.03798988485141813 0.027814451159854984 0.07539490414758618 0.05028373758115456 0.025061883333344637 0.04207749238740482 0.07591640706759872 0.04338677177894739 0.019836794841946347 0.06083799002152194 0.05718433364188728 0.017365278068562716 0.08145811780276353 0.028880063458370315 0.042910325625644834 0.03091744080026572 0.05177830565402259 0.028893203144793596 0.07559144639854501 0.05087162205123041 0.035332887130884914 0.01805539817926054 0.025376086251083136 0.03126917196071188 0.040323352539402696 0.02920047931500456 0.022998053772669416 0.05708815789463776 0.04623892783581774 0.013928486454411726 0.011447431117532861 0.028729808675021545 0.017514359848225084 0.05055119955242481
 0.06752264876006119 0.021605168584405948 0.04946748092394584 0.031001688652873314 0.036082799806597635 0.03278132891852537 10000.0 0.02088186147589471 0.06269527828941704 0.057421884676731365 0.05515144357428898 0.03233905753800683 0.05582667358169357 0.04560898007754879 0.027156953850929783 0.023527737387954998 0.007559616655285292 0.0393510560488802 0.012775532772352657 0.030729438198530475 0.0305462878150157 0.022670697646836917 0.060484235007769595 0.024880129641791583 0.011256814311424246 0.0018212864076621411 0.052166023373797825 0.04489357751786277 0.04110984526753124 0.029317896420652512 0.022889312937304323 0.06663256027897715 0.040574916322236886 0.06201818231728756 0.07213689281713781 0.03296296031209816 0.031400009887268016 0.041417374567250635 0.04944015249158962 0.03423194728755388 0.03879928161610183 0.06231154808291099 0.03661411952374384 0.03714343258448662 0.00726226132633303 0.05453114703320161 0.054957465559674956 0.032882884992781386 0.03350528610858618 0.016852671376189923 0.03388776420182467 0.009200482567429901 0.04603625618449951 0.021478060635623755 0.04371186220463491 0.057448965595868505 0.026417478780745744 0.03942044990570521 0.05779466319516664 0.02864763497574522 0.0467717024682406 0.030162711212303725 0.0634845114898173 0.014182457768314451 0.04793377372008697 0.051111358240392535 0.0278550501138961 0.0458595085463917 0.006310222856960402 0.054640177738012406 0.021841741146780454 0.05543179363761764 0.029513837240113836 0.04341176918465784 0.0274214499567161 0.05129267406590575 0.03854684837347647 0.045007273357832014 0.03828742543998137 0.049089292102702436 0.05274823496490284 0.02758376693773516 0.04611529218004698 0.02656727982759733 0.05483999799728143 0.042919625116506946 0.048778833783227095 0.04169449339526881 0.04883444556054818 0.03764625824101963 0.06148509508951493 0.02279858741445412 0.008944400674332555 0.039163923429982164 0.026856202658091154 0.01625239326160921 0.02777820958854105 0.04270562246651291 0.0040541082549774765 0.040420319406187885 0.05566701185146268
 0.04680456880983041 0.04180377136547398 0.06892806256301594 0.04751424764370811 0.046283535220484805 0.05362154929751895 0.02088186147589471 10000.0 0.08340688285644843 0.067803738248031 0.0725183102329518 0.015294412570001619 0.04683345129471403 0.0592560068538726 0.043681312555626295 0.007343715407753093 0.02362933344260181 0.037077203782017 0.033527050829119456 0.03011888120414894 0.011796787189133065 0.04341149483106514 0.06527577181159523 0.04396305332670757 0.01661144060775702 0.019090342250726536 0.06860310316904954 0.06575814845258696 0.020896776660634102 0.05016673576986446 0.01161551379341112 0.08725933565871975 0.0354016471328011 0.04125457810849011 0.07156031422402906 0.047771359028734514 0.010551109935569807 0.06136022368058212 0.03441846778239771 0.0406036978350823 0.026648186461619292 0.082248500361953 0.04572177373963815 0.05107667183915044 0.027149573530760838 0.06855290716229329 0.06107060887147552 0.012721205453384387 0.054260644068209705 0.03342958505892213 0.04490438745906618 0.022408084709360027 0.05782093338127485 0.04164365862379754 0.06192967569106147 0.07385762562648414 0.04129866175824062 0.044984539278358986 0.07737985475345603 0.04936465786236842 0.06719347836413266 0.022174582752289278 0.06673703913638218 0.03483675409321464 0.028402981065342194 0.07073678880341112 0.02261751988819262 0.05928010885863566 0.02653882258579402 0.047182180912643215 0.01862191948148618 0.07547530026491638 0.03895411963356769 0.022697154211293907 0.035283390841466034 0.07210999300621768 0.032888330735604994 0.04693011761649499 0.05714204614052007 0.02848583581287128 0.07107315761956814 0.03316979260422471 0.062323288471088124 0.02543124074197078 0.07366038623468198 0.022753221072959667 0.05936001775836348 0.05525081581164145 0.06911240592710827 0.05424433524402399 0.08137279585287328 0.0318216245709786 0.026113633277878037 0.05803147425394203 0.016692983950180887 0.015130750128035435 0.04708864480502165 0.06320593985692315 0.02491382315052774 0.05947381881853741 0.06628704206779464
 0.1291892707802036 0.04504230317223932 0.020995841361110837 0.05256755110842771 0.05823985275903223 0.030066285594287496 0.06269527828941704 0.08340688285644843 10000.0 0.06062117913065548 0.03222285093364173 0.09194974689491722 0.10123388587802001 0.048364695100983415 0.05355558452091092 0.0859964780952438 0.06048197846198634 0.08923937489351381 0.05077262256998402 0.08250260639533685 0.09147174938821424 0.041668897959620366 0.0773454547626345 0.041204183762361665 0.06888304611796624 0.06451598835592462 0.03709065539548589 0.018548346618043995 0.1024831598795323 0.034691962495737666 0.08436753676054902 0.004439749958191827 0.0859486509679996 0.12385895218003486 0.09677816781123717 0.0474878890833537 0.0937565019574386 0.024063626148213405 0.10436102385801439 0.06596099062990037 0.09288714013095298 0.012540326623725546 0.07070800333619219 0.048648184075346164 0.05629540923023481 0.04738901930081362 0.07165200519561538 0.09455306929548607 0.03201272732016297 0.057363742558290215 0.06626381125322434 0.06511425982378666 0.05418845344615941 0.04526923766025682 0.030895682739546897 0.03726546163592312 0.057855827005507406 0.06825433569878851 0.016636905578005352 0.036517193028508685 0.026776569266797907 0.08823611513637872 0.08263324496915318 0.048578611324165376 0.11041021020480732 0.018933217915747626 0.07985488124154415 0.049101041740206075 0.05787995178375923 0.0980243695633938 0.0800323889500301 0.013120204915394645 0.06865203944614451 0.10537617974441126 0.07083963744005525 0.017763671510990998 0.08547561119962023 0.076843206127536 0.031294665049539684 0.11077025335082101 0.027025532630897627 0.066874304269234 0.038916752499320965 0.08090151347992318 0.023340454140114836 0.10559256193294665 0.07106150957857482 0.04896617741991693 0.01588166212032347 0.040163098002381915 0.013100172460829923 0.06856531568697143 0.05805536688866567 0.041087432651006076 0.08699974909999517 0.07622270955088246 0.0381018207611137 0.020478079667283912 0.05864356397681881 0.028960044632975895 0.059371369381858156
 0.09941156326996908 0.06116237963302026 0.040372858793613006 0.0767308934934381 0.02179132955768793 0.05231112696502038 0.057421884676731365 0.067803738248031 0.06062117913065548 10000.0 0.02877719667475298 0.06522749593941322 0.05386473602496887 0.015005960889313847 0.07432306340285767 0.0744814466774185 0.04997436836344021 0.09677137270109788 0.056457987991038336 0.08815050239522382 0.06767775329514637 0.05722804462817428 0.01802731409438058 0.04024851655394934 0.05246579004580839 0.05838162291711314 0.023538882779416872 0.05675028651364294 0.07665427378366518 0.05637338844928765 0.07666234374966689 0.061250764262511796 0.0444297336515425 0.09552083204927408 0.03744988082734238 0.026192751068863 0.07397506727904402 0.04261106032529068 0.0663301089437338 0.027620335458996847 0.05762373834022024 0.049777630679576995 0.09036564235124493 0.021710624894246126 0.05154842625263179 0.013352428325290058 0.014181097919744829 0.07180588674497065 0.05957360061339193 0.06839216894474345 0.08645738839002333 0.0662180704044547 0.01171484584127403 0.06130273844828271 0.03197088021133431 0.02449925672110222 0.07648159526854856 0.024406878786303092 0.0443285957829908 0.05876790520623629 0.06974157177723724 0.086188248985035 0.023213276823080674 0.05077002288169761 0.09431739481408016 0.042138544008567376 0.048830490769265614 0.014341097011570787 0.058718475318826804 0.04980986812171031 0.07854779488946459 0.04754682037073772 0.08411581866180859 0.08090866056984372 0.08322778123109739 0.06577947335737198 0.04575149637698194 0.02835855145071569 0.03561971472499108 0.08409060958026185 0.03360110969160509 0.03477455173861294 0.02282035384457499 0.08390896618737491 0.03739343460853566 0.08802867243514402 0.09937220972186046 0.01756473641005737 0.04753882668339365 0.026959853672035607 0.04885656555042337 0.07873293725802497 0.048521797398381965 0.07500073082414449 0.08171472050733754 0.07267320932378302 0.0400365437980833 0.048410809133835386 0.05565554682453255 0.03655353231730206 0.0018424355797939868
 0.11330458864410832 0.048108161189296596 0.01399355544420877 0.06217327113046691 0.032972480856904 0.03382599224988004 0.05515144357428898 0.0725183102329518 0.03222285093364173 0.02877719667475298 10000.0 0.07596982896422216 0.07591041101672948 0.019227714639690786 0.061042734869430314 0.07751569493057152 0.049481964659202814 0.09160395149863447 0.0478985501573168 0.08336736435800304 0.07693999238876553 0.0436043802773259 0.04625013146421943 0.0306058316828375 0.055950443446168355 0.056744679900796 0.005816541142972916 0.032830651389372856 0.08757591448609572 0.03947157608249278 0.07784079776056199 0.032530650309284405 0.0625023147171405 0.10854575076789472 0.06584557554078817 0.025579949940945035 0.0814439032125923 0.020446384933747386 0.083526194359873 0.04167902833558723 0.07278698597875562 0.021000804279374015 0.07904076927693963 0.023853030172504838 0.0479127414695806 0.015424773413973025 0.041082342287060786 0.08076089822556833 0.040768312522947124 0.0590472942038863 0.07459690346039374 0.06170063802618845 0.024799709614869707 0.04831893245732435 0.011935052228054906 0.005336921017327619 0.06443798026540859 0.04207995134270524 0.015666407719046087 0.04221010756986756 0.046736728886834514 0.08512603396964145 0.051552805738243015 0.0428632626368651 0.10091322755113477 0.015050789336912437 0.06076717230716192 0.019822152480558467 0.05324468870462479 0.07220646150227733 0.07663478828062613 0.01945455737510734 0.07427679790544277 0.09130547882717309 0.07478451359790042 0.04062785477040101 0.0628031073594721 0.04979278343569451 0.017995744089263035 0.09581866106653585 0.005841377858048923 0.045581914663258255 0.011097446678565397 0.08013423686027725 0.00891602336511838 0.0951015662930306 0.08469539581752697 0.02164648317031468 0.021519846226455225 0.018321529481817363 0.02008448321798374 0.07097238867196738 0.04714266192413061 0.0560629482861362 0.08200531901001078 0.07131853605921823 0.028184989651213858 0.025113199809783663 0.051790363176335515 0.016760638306529744 0.027718311747284553
 0.03765579736676405 0.053937097091303156 0.07512169100221795 0.06173440538875005 0.04545713620065024 0.06330622756885093 0.03233905753800683 0.015294412570001619 0.09194974689491722 0.06522749593941322 0.07596982896422216 10000.0 0.033098340696827384 0.059899596835649015 0.05784601111190794 0.020931806284318698 0.031831331846165815 0.051239157621193854 0.04491108839956638 0.04493841691478278 0.004280131086589718 0.05465384467963097 0.05873454844170727 0.050905337698452395 0.023270073243703882 0.03081667549115196 0.07124927130522227 0.07540731161582058 0.011709222756198673 0.06087718980464696 0.025981728862101372 0.09544745543011823 0.025109875480693017 0.03266100281993989 0.06123320542212116 0.05039046525768008 0.011443831658195246 0.06856569476876502 0.01912898570549196 0.03781110077261405 0.012861618396987606 0.08889666892781115 0.061006542991740055 0.05263921279869875 0.03675225422879271 0.068945919524835 0.055745273937603514 0.007542111161144943 0.06532202094503127 0.04735595670958874 0.06008731405673513 0.03648518430455521 0.05704327640775992 0.05381338705690162 0.06678785601388706 0.07624814363451692 0.05586182539601876 0.040903013844360896 0.08353141107321194 0.06059528120143288 0.07892430861156248 0.035801137165105336 0.05905974074122816 0.04462087909512411 0.0301222575053249 0.07712925906780432 0.01641294166889578 0.059730990001462085 0.03860495581057066 0.03419919597917903 0.03370396428987976 0.08246725085895153 0.05419488565367051 0.015775206117590326 0.05056277890372356 0.08274634661944831 0.022717128318516116 0.03997414140230543 0.06298836815934429 0.019852030325005914 0.07567963059046648 0.03144050785163584 0.06506745419266309 0.04038776460933173 0.0788075523048532 0.023845762183973357 0.07463098791686765 0.05612824002077615 0.07672262370724298 0.05787993832333488 0.0879485743316714 0.04700774990793972 0.03413133623702343 0.07129400667090822 0.030374406541220318 0.03041233699871669 0.05407263588994814 0.07147171020507742 0.035937745119564116 0.06545912686356174 0.06398912143670274
 0.051644205304995694 0.07475963908426735 0.08098395088429708 0.08671957650122548 0.043533570397629485 0.07796229844941324 0.05582667358169357 0.04683345129471403 0.10123388587802001 0.05386473602496887 0.07591041101672948 0.033098340696827384 10000.0 0.05674249848817856 0.08292218546009204 0.0535117112322381 0.051032273421284295 0.08384186233772221 0.065627053718091 0.0769061890285231 0.0373777033315373 0.073601509949036 0.0394924086216713 0.062413562618487385 0.044577898930682126 0.055059891909339305 0.07017615119102351 0.08860197077666215 0.038841145607950815 0.07794216387990707 0.05833787007859623 0.10366685385362369 0.016142557063465065 0.049532630028896914 0.0326417331176781 0.05378630828845756 0.044350859987928065 0.07741898521529897 0.01894731865492543 0.035326066836855796 0.020367206407761566 0.09424548238106885 0.09053784131963084 0.05326102801934704 0.05637439565694445 0.06343201136386507 0.040160111366770654 0.040079650128849655 0.0826061048062978 0.07267612020581725 0.08868885775752153 0.06329258707396652 0.05152222555880905 0.0747249312600961 0.07107520758986306 0.07388380791943698 0.08218993909435723 0.03387721754725678 0.08833028423365827 0.07876696726046993 0.0965035442977192 0.06860253313182466 0.03699322649337781 0.06260996116740392 0.05991065016667634 0.0831645975472368 0.027987183939015024 0.05620150637258447 0.0616272967561563 0.004098507015771063 0.06530090249985346 0.08919120815793644 0.0833879813637531 0.042752334602705507 0.08026044712295698 0.09749518937162957 0.017610939548775427 0.026350840254532756 0.06994294240687808 0.0424737211002718 0.07811294293348053 0.03511929654480015 0.06526767306543499 0.0721629849277224 0.08198971710672075 0.05429314056216335 0.10367632459321373 0.054384763022420624 0.08539619007784383 0.06138849037918661 0.09322753646105764 0.07608804509309904 0.05223153204901986 0.0931346091505445 0.06310786190289612 0.060887772393155785 0.06496816646820457 0.08215059822295907 0.057907720423748935 0.0722790843908851 0.05349842463802924
 0.09640078847478506 0.04662541311828138 0.027429296007963195 0.062140115293407336 0.014739107772073191 0.037309615611063905 0.04560898007754879 0.0592560068538726 0.048364695100983415 0.015005960889313847 0.019227714639690786 0.059899596835649015 0.05674249848817856 10000.0 0.059909662637816205 0.065269566344362 0.03857002870684452 0.08465681943165196 0.04270731729782351 0.07606697181216392 0.061529935049081996 0.042553429375585185 0.029225748430688335 0.02572677639491801 0.04290009001411664 0.04683348019498735 0.01344768170944645 0.0422733848476617 0.07160786089645228 0.041402225814395364 0.06666843620454561 0.04971745431972181 0.04381804628237922 0.09193762462813752 0.04846486638038149 0.01271757743669258 0.06694860913123087 0.02817872632195925 0.06530865464209878 0.023322033026320903 0.055032918517260034 0.038955414114341995 0.07648531794870625 0.008482339287100004 0.039054251752527615 0.009297104568205195 0.0233327979247372 0.06555557872272613 0.044567642977182194 0.05470369938761065 0.07242779064127858 0.05385929542239278 0.005850761392343743 0.046778559421815455 0.018003915278226507 0.017364342529978167 0.06231633287046819 0.023027272762097824 0.033098977350536046 0.043828723483903397 0.05494942472465799 0.07542524897696386 0.03445009755852122 0.037009743716214315 0.08710285498380253 0.029438728710110416 0.04387807610582086 0.0007542218032358678 0.0458704706222376 0.053004665303009485 0.06734410357031247 0.035311011443523284 0.07052155205913593 0.07560836394140405 0.0699816224281864 0.05147037136610135 0.04435442710031656 0.03056706115532897 0.020836766922935384 0.07961281489988674 0.022255393136867408 0.028520043373961912 0.009469773763757421 0.0721126073633397 0.026257073772823162 0.08098958574732541 0.08490604757379669 0.004020782088894477 0.03399618897036791 0.011955359365646852 0.037958016230873505 0.06561502733065348 0.03670914335179138 0.06000930874727304 0.07143045984118504 0.06157769687941919 0.025212457937257585 0.03399654029781656 0.04322892700735816 0.022027772864861288 0.013241970795419595
 0.08916122521639376 0.013360920496884986 0.04985715765416041 0.0038996239643275064 0.056015117699957 0.027790790348360437 0.027156953850929783 0.043681312555626295 0.05355558452091092 0.07432306340285767 0.061042734869430314 0.05784601111190794 0.08292218546009204 0.059909662637816205 10000.0 0.04221110643729454 0.03234049770477129 0.03587939284720005 0.019060964063409774 0.029969818154579463 0.0551546768025086 0.017715035301153096 0.08217857571181049 0.03418348033097574 0.038404506119001085 0.028123780138357903 0.06059930765490559 0.03559822274213562 0.06444902297460485 0.02189474790662203 0.038442801073963896 0.057989899670646085 0.06742854192609256 0.08354287848979307 0.09653536925503843 0.0481891528831134 0.05356897886562296 0.041367918225318365 0.0760094133527224 0.05736822077376516 0.06575522097378969 0.05865539440137763 0.018186106183636568 0.052632880618399214 0.027453621662035216 0.06696892611099517 0.07606553047246768 0.0563812590582117 0.022344655686002426 0.010543076035501201 0.013657312395935277 0.021388644872581245 0.0626992818966713 0.01318865577198387 0.049415750498240735 0.06518937279733258 0.004338771977484108 0.06240421804137391 0.056337602997667637 0.01921481500148348 0.02912405950567701 0.038067297093959895 0.0860559711182093 0.02425480081202196 0.06419065801966621 0.05051492350288945 0.05498859117716689 0.06044041523247042 0.02132377875425594 0.0815847596191816 0.031351647235182786 0.05213154306508022 0.015096520888189061 0.0656249392799351 0.017551014572104763 0.03707259043302873 0.06551175991521939 0.06947206437101873 0.04339888887402944 0.07150003555429986 0.05645396580832485 0.05212806561818805 0.05603073261628212 0.029603454170033773 0.05667460536275297 0.061056530260440556 0.025051721248443334 0.05680112539954007 0.04526264029476798 0.04859068895181877 0.058171325338636094 0.01635828838024629 0.03177234723275909 0.015885735683940562 0.038832411986486313 0.030240004115782388 0.034999639671537526 0.03884229034718308 0.02512755810285337 0.04430240357162753 0.07248109437635905
 0.046953844090909226 0.04263218960257531 0.07285842321044146 0.045880045612971786 0.05280709718843887 0.0559487791135041 0.023527737387954998 0.007343715407753093 0.0859964780952438 0.0744814466774185 0.07751569493057152 0.020931806284318698 0.0535117112322381 0.065269566344362 0.04221110643729454 10000.0 0.02805136329297061 0.030376335342648202 0.035308631517601614 0.02407759352882188 0.01683774843476208 0.044921233934592866 0.07251029063374927 0.04801660763770367 0.02237600921117796 0.02172501833815485 0.07391800931667786 0.06789628364938942 0.02315888546760504 0.05188682695740647 0.0051156709959184156 0.09001103618353551 0.042647312816171935 0.04133480814497059 0.07887686959983904 0.05338534392512063 0.012164157938238303 0.06491971199768963 0.03979731934023188 0.04754782141620193 0.03317036265081232 0.0858269109193662 0.04142427708377764 0.05694563189985269 0.03053887002087419 0.07454383848686194 0.06819881052016757 0.016011101235592212 0.05563641935092525 0.03262169496575789 0.0412518460395234 0.022050582025185287 0.06419949752635849 0.04244497220198282 0.06652001488209933 0.07920700672347607 0.03924406717668547 0.052056240988264835 0.08123530573081154 0.05072159379118195 0.06784029797868281 0.015112847348052247 0.07404449559434753 0.03768326274400266 0.024435717507237092 0.07455444835544986 0.02995936118890079 0.06534421750382022 0.0281647470499973 0.054085713349243926 0.01330314445230967 0.07895523928539314 0.0351056365990571 0.023621419236427046 0.031193800089053807 0.07351314679680263 0.040128799419563294 0.05423598550926435 0.06139723726097139 0.029461911864505422 0.07565004106928823 0.04007028400505644 0.06767595970222959 0.019660675880603582 0.07799038020662762 0.01976854024570884 0.05509603439885678 0.06124942277579743 0.072358133534626 0.059409167504191666 0.08499349864440768 0.02841232778268841 0.03044122377568938 0.05740049764423984 0.009605560860491332 0.012001004203699666 0.05103938442063726 0.06618855285081768 0.02751552001704889 0.06363000644043768 0.07292004928409557
 0.06871705415971036 0.023941434424433514 0.045299567284375473 0.03600947896373228 0.028542558115003742 0.03147511352201947 0.007559616655285292 0.02362933344260181 0.06048197846198634 0.04997436836344021 0.049481964659202814 0.031831331846165815 0.051032273421284295 0.03857002870684452 0.03234049770477129 0.02805136329297061 10000.0 0.04681664863891388 0.014671805801089106 0.038201706671076675 0.03101853926418753 0.02356083140833882 0.05301133277434525 0.02033659653836337 0.00856407001086478 0.008408357929981312 0.046044086896200806 0.04358891354918204 0.04201119713476652 0.029280741503356876 0.028525907445689103 0.06416197916480258 0.03524058578035829 0.0633770281344005 0.06517979650342891 0.02608157636149815 0.033554429961876873 0.03783251430510128 0.04701959290189648 0.026827425236050174 0.03579635026931428 0.05867260260265794 0.04363980107265164 0.030088125924388004 0.005444742298383013 0.04763997197864178 0.04743214177161696 0.03408237173470627 0.03384603185229356 0.022742570180235375 0.04062842712644635 0.016707365150147317 0.03868314509759694 0.023882131350389305 0.03850062344961441 0.05134274549531674 0.03235115080573478 0.03202422925934789 0.053754035653380196 0.029315565655385484 0.0477122900992813 0.03686089772654311 0.05611767800947715 0.012920317128891015 0.05187412419640253 0.04711791053673838 0.023586961709003016 0.038774448497026395 0.011245069878225286 0.049431260419558115 0.028806593383027844 0.05194484971300005 0.03664323401584578 0.044922078121575185 0.034785039240042365 0.05098471821104151 0.03345683404133315 0.03798292291985007 0.033543959352152555 0.050288478022081196 0.04764175675608302 0.020459789073735458 0.039859399676138406 0.03393646993374389 0.050101575569370525 0.04637101741140663 0.055319462837841 0.0346026112248258 0.04572586665216386 0.03148610087662379 0.05778581448057549 0.030155601564540845 0.0024894731078003024 0.042277989815981167 0.03303000059403616 0.02301156430239481 0.023472516898079224 0.04006436747821322 0.00736074278632722 0.03585609889004189 0.048234316351272
 0.06826415720582034 0.04528691511763672 0.08274057699816272 0.03766038527247973 0.07532277446846791 0.061406309585311986 0.0393510560488802 0.037077203782017 0.08923937489351381 0.09677137270109788 0.09160395149863447 0.051239157621193854 0.08384186233772221 0.08465681943165196 0.03587939284720005 0.030376335342648202 0.04681664863891388 10000.0 0.043706181231980626 0.008622068501444832 0.047053906330491585 0.04949869809561575 0.09866132246650598 0.06127484877156716 0.046113736658557204 0.03842541840602926 0.08963174410556307 0.07095762144951814 0.05091950254430461 0.05571705169820925 0.025506753998253855 0.0936555533682355 0.07211954877837622 0.06311219182323136 0.10762238574095467 0.07194026288434585 0.041141371402001845 0.0740445948765816 0.06977513745465411 0.07245417368878398 0.06353086182417765 0.0932537211878695 0.02212793680002404 0.07626054608774031 0.04560326460896344 0.0933201049543556 0.09352966230647727 0.045471293453949506 0.05742504737285255 0.03307583976169418 0.025308292897210895 0.030798535487740218 0.08536855221208378 0.045053101795656504 0.07968442634072834 0.09476539504438536 0.03154065436853922 0.07750051895002562 0.09015533115792682 0.05338530494816218 0.06483823617642863 0.015515934774167076 0.10104275007415404 0.0489010257717268 0.039360542743176394 0.08382595404559283 0.0588222479914994 0.08495979128587015 0.038962913767478166 0.0842590870054827 0.01944712855298578 0.08646199224268823 0.021007083334073685 0.049599163964845275 0.018403389237461848 0.07295024727982767 0.06963994731038327 0.0815517516946366 0.07368985614051718 0.05458940204883229 0.08803989335348622 0.0651963020438459 0.08396961494075286 0.013058267844750992 0.08915956069262486 0.03961192372595632 0.03287131339760843 0.08082266731402139 0.07945828336809493 0.07557496554692307 0.09265616515028816 0.02108949548019373 0.04827218590645873 0.050728413880171595 0.020866794595598922 0.025065300586479364 0.06345093658683532 0.0728534166694384 0.0414288090663492 0.07529309999142107 0.09501803604879917
 0.08026618208494578 0.009309364717123184 0.039794181560526394 0.022354847304672562 0.037178508072075046 0.020709093762378793 0.012775532772352657 0.033527050829119456 0.05077262256998402 0.056457987991038336 0.0478985501573168 0.04491108839956638 0.065627053718091 0.04270731729782351 0.019060964063409774 0.035308631517601614 0.014671805801089106 0.043706181231980626 10000.0 0.03550462888383233 0.04328755572000703 0.009901179520680519 0.06324227898139069 0.01776191760006557 0.022442153078610125 0.014497394609488087 0.04605945702210292 0.03258765341519289 0.05388535462409549 0.01667335547311616 0.03362023112160812 0.054864535879754046 0.0497151648533334 0.07474627334151315 0.07750354998756638 0.030323035486068257 0.044074973596944345 0.031247073804430328 0.06130270726029601 0.038317791832458696 0.05025764348720649 0.05169222136405322 0.03390793633898636 0.03482434642592309 0.009260662880355658 0.05067452564324209 0.05718982356461299 0.04565653575880433 0.020747228417752072 0.011996837375604292 0.030047896339967305 0.014719923235388932 0.044744190980649676 0.009235452445735726 0.035984582322810835 0.051130133935025884 0.020320845666824548 0.04334370176019749 0.04774431485074534 0.015875113330725714 0.034040775910646255 0.03853274379313962 0.06703504620603437 0.005705309533845115 0.05967026631876897 0.04115241792245407 0.038250853060836656 0.04314605191301622 0.007145786907239729 0.06389605073992813 0.030035591408615597 0.044754204938514223 0.02781468967613464 0.05614729510866121 0.027470507684773073 0.038583139015393744 0.048023913453389314 0.05050147461677602 0.030017655560768908 0.06184820876920669 0.04446888752645323 0.03330130122023745 0.04061101475303929 0.03251722132513226 0.04587320428826513 0.055021991736083686 0.04365289097175886 0.039232461307575225 0.037882222183527985 0.03240701645526952 0.050947839100948654 0.02332159950438013 0.01342952807366484 0.027606731603462574 0.03655477210494813 0.02563220234699115 0.01975714580147822 0.031438440746014804 0.00897544586020383 0.031720844798856444 0.05462170553284728
