NAME :TPP_input_26_5_3
NUM_VERTICES
126
NUM_CLUSTERS
26
Full Matrix
 10000.0 0.06540930514231047 0.05864312694510002 0.011212375608925003 0.023485038081540132 0.035494891727212145 0.06768686150039237 0.0728523080195453 0.046856070017466736 0.07911494461646898 0.08245724060706823 0.03278237181920217 0.08924432447858913 0.07424930207491642 0.05584144688754488 0.054711396721462344 0.05448805518700469 0.0036565420443337372 0.06337104671415757 0.020937951662730485 0.037436553260010406 0.020850674299316637 0.02460466020182116 0.06378571168423595 0.02265161219725443 0.07296922047453763 0.0442514701653952 0.09320950562647233 0.05948298761376444 0.06492331677049853 0.03670598075389489 0.07160864684653401 0.06655756208948928 0.09239029295147082 0.03489183231160236 0.03713315518996768 0.06241742270636532 0.0586144711971997 0.021729408257286663 0.02645404173618227 0.026637598953191 0.013766813841918813 0.07590144483379001 0.09217831505308377 0.040657733227995 0.0487859379385344 0.04496722871682853 0.058344363221052874 0.03937412858788272 0.07664616983816486 0.03672334294992603 0.06461339528896647 0.08555110102993586 0.09861084107528206 0.057492736615540704 0.06474097357447568 0.07957541237454732 0.08440184744674097 0.038700162096216115 0.03219973085794469 0.060269853041313916 0.07858488528948031 0.08886397634533567 0.04796331404981039 0.043110290656965984 0.08866599550640057 0.041509646981620546 0.07674361000347485 0.0733506504724856 0.057596034554568284 0.01593039092710363 0.08326764323697898 0.06830424077421345 0.06582419011416468 0.06863562357772339 0.048985468573792885 0.03514573235248582 0.04217984227039076 0.09208426761989712 0.0307669746134758 0.02187558887908864 0.053394422670288794 0.036350035549193874 0.024509198018612344 0.0522866921747455 0.05162645587520326 0.05321870417316441 0.06493547206191723 0.05294885945678876 0.08494542215010671 0.06781435289600214 0.021113177733992496 0.10305674088738799 0.06304365072116752 0.04890161057977577 0.03940226818966174 0.024470959523701204 0.02028427372280397 0.0849032094503215 0.024830687223281783 0.020689394422246623 0.05298369087677556 0.0485149587999999 0.08960925232917684 0.021248227446108728 0.002499242876809379 0.03360216820530029 0.08695890361273051 0.08619201401068251 0.00400272759549298 0.08985386911890611 0.04910512640064332 0.08406580826581864 0.07338045952551052 0.0597811555927309 0.03980872381385938 0.006188325629801014 0.06000619090284012 0.0103951094648091 0.0881235253714483 0.025164453794981605 0.010817241703078967 0.03790137045733855 0.021993544600193607 0.07929157220501935 0.027141096480141545
 0.06540930514231047 10000.0 0.011689177747718672 0.05459394252444192 0.06411702710944144 0.0646834235956698 0.09567206150083259 0.036857054418961005 0.01858535504016272 0.024894087284776722 0.08037612876574819 0.09154754785468706 0.05603244147495092 0.05796455277594107 0.05174735409773406 0.01728086948700611 0.0268002076837784 0.0677397386439999 0.029518657222562646 0.06115685844459629 0.05123549173282292 0.0639142464800433 0.040900078643465204 0.08919732274255321 0.07036416624047913 0.0511647080497771 0.06585013036267598 0.07383701049494877 0.11202006786709288 0.08676471582730928 0.06563206306275747 0.05838568682063324 0.07955406640030604 0.08287153167399347 0.03382541727319379 0.033079218186578975 0.09903961413722104 0.05133460595992982 0.05644831647596933 0.052482581264579366 0.043126850090289194 0.053120703944259245 0.054263966819504475 0.0335295721004912 0.06495448985474397 0.027878931846878667 0.047292890917500496 0.013551805603025274 0.027628064353115486 0.06764583532366256 0.04331261720964482 0.08263449741465717 0.09351378053505044 0.08269900112528557 0.08428739624751279 0.08878705207591926 0.0487039090797029 0.042196070595088134 0.06451912115807798 0.0798663629107855 0.02185099252834218 0.013381088070978448 0.02823181812657882 0.06713226740256203 0.030637196454718924 0.03404707334511656 0.0858208967153783 0.03923781567161889 0.09375385215089836 0.02975194434366664 0.05261170534211631 0.024221388590016452 0.047270891996409395 0.011368632422175605 0.061184166086616275 0.047816418682617476 0.06376112651503281 0.09784225270768018 0.08778234114301268 0.08868534427089642 0.07814944424701002 0.08494999200855063 0.032543791154230395 0.04400552799815237 0.08588930299398707 0.027867623999590783 0.09897118932399844 0.0464543327505291 0.10601580690674899 0.05243659971411828 0.018728536297882986 0.07122599608307797 0.09455497247401329 0.07152018954828548 0.020941210331003397 0.09071534204546819 0.054798847322664754 0.08249145044770086 0.054509019113212286 0.05540346899666065 0.05251884237248343 0.08823410966924994 0.061494522640351566 0.07410278842781555 0.0463421956888263 0.0675600690092558 0.05849439138730881 0.08087588998411978 0.09378521715051057 0.061436737125377144 0.06919447493315878 0.09577812341520688 0.05242978975970236 0.01638321201333512 0.09480356728399512 0.025603779362354074 0.06116406536548493 0.0679929023348614 0.06826353600316727 0.027309738568928866 0.07381691821182045 0.06319379338862804 0.09225931943271369 0.04351544665360989 0.06948836377069748 0.0502742711440545
 0.05864312694510002 0.011689177747718672 10000.0 0.0484987001936328 0.05424670297384042 0.05374036211319265 0.09745686158533923 0.04603571098374054 0.013727354059199986 0.03631277191879588 0.08653780668113342 0.087258468265927 0.0659107814120345 0.06523417532157098 0.05606998266014886 0.021830489405498258 0.0318917783566981 0.061376201233691606 0.037235702692293995 0.0580021830511484 0.05158262276872497 0.06068345376878985 0.03507856604171793 0.09114870012134206 0.0670866580108223 0.05890899245961897 0.06682741256243523 0.0824060651366691 0.10963238438133067 0.08921729666175714 0.06522103955722494 0.06514303176231057 0.08314532515532684 0.09030061057623986 0.03147498954032043 0.023369061463967694 0.09941654366800808 0.05626279130443479 0.046892593682323826 0.050333911608042216 0.03985767052479881 0.04549383648921368 0.06221037860464892 0.045183028918364815 0.06532844565291972 0.030816609133051266 0.04945616920114353 0.019882655985760393 0.02510533558228365 0.07429046074060133 0.04332900813706731 0.0855312938708677 0.09858834314725934 0.0910647160641477 0.08574551403049983 0.09095631044620504 0.057860640831235606 0.05276121660458635 0.06455665168041258 0.07732212928431356 0.02911327303948342 0.023616612063655684 0.03979140734196141 0.06869137951485668 0.01978126020240006 0.045676987523643756 0.08422245456412199 0.04889286508158795 0.09676888470780035 0.035813462066994685 0.04777527895477277 0.03590913799683961 0.05451920147579259 0.021487106109059913 0.06711921155363955 0.050891968223642364 0.05282956957333557 0.09443437742621143 0.09458913146133685 0.08451359178338595 0.07389893517459353 0.08560417415750317 0.030528386809313093 0.035462543185945335 0.08623044550086487 0.031928510170732345 0.09763926418235527 0.05310114068731399 0.10338275923908996 0.0620564908304957 0.02865255461733888 0.06760848288056791 0.10219916052998262 0.07538539721751661 0.01052182501353188 0.08800025657837136 0.05229119910587774 0.0771019035508638 0.06390759968022165 0.05299093930085663 0.04338900893115331 0.0884012866568068 0.06361967097203272 0.0821060749685668 0.04176496229644295 0.0605789750323424 0.04763646602856692 0.08769739939469005 0.09892941115325853 0.054643034517185586 0.0777759662954107 0.09415843425266889 0.06191634305358469 0.02778496389882626 0.09530647543167531 0.02011203425465086 0.055187407514401786 0.07167794124293159 0.06302870285154695 0.038862722341523374 0.07067606933192598 0.05819451993288793 0.08897548089697903 0.03757814674610728 0.07637105137260808 0.04029050399363456
 0.011212375608925003 0.05459394252444192 0.0484987001936328 10000.0 0.02609585779829405 0.03665629764076681 0.06626151857716359 0.06217513693517579 0.036146989330240326 0.06791676390602512 0.07585636644236618 0.03973348580019101 0.07920801998311207 0.06533075906448411 0.04720847216425795 0.043500808939063225 0.04347776605484712 0.01315300318234149 0.05248070044621238 0.017203669351963553 0.02934146479087923 0.018610934343738325 0.013698612109841088 0.06152343574615096 0.023306471258974802 0.06339921662873174 0.03926779812173751 0.08465822048201485 0.06477741699640838 0.061900951893564156 0.032604993629030896 0.06291731946913658 0.0617568902499778 0.08507553698644736 0.023712529878471555 0.028534826857215503 0.06295435131843252 0.04979153941161661 0.02087268269750617 0.018602981603650037 0.01585725624682207 0.0084586948849821 0.06647957703136334 0.08096789030343732 0.03586019087346161 0.03774893354276005 0.036000615029116625 0.04715358666935016 0.028190744536855286 0.0687635233329407 0.026950382056268082 0.06072700437282635 0.0807667190435812 0.09063686048491701 0.055149233603344255 0.06221443777994774 0.06945896438119288 0.07365453502012619 0.03401253423714963 0.03422226368588828 0.049121671102771186 0.06766109925918327 0.07766028996305568 0.04285913731251722 0.034780623616012085 0.07749963369299613 0.043111779799235334 0.06608977063328883 0.07047607846693928 0.04674512008944945 0.006338767302771222 0.07205815104153376 0.05857701311650555 0.054644822580776374 0.060522150556766074 0.04002453801991537 0.03605830950668708 0.04810544379800992 0.0855168939335378 0.03723056204731864 0.026921106706272936 0.05198826956198161 0.02516522342160685 0.017012725115249913 0.051363909193500035 0.04063624496950399 0.056029998002790876 0.05526703181990577 0.05824256941907218 0.07485629610135587 0.05661092949443612 0.022724708697176486 0.0962067069556127 0.057124879801837655 0.039245165780621635 0.04346117868800886 0.017480160269176596 0.02868577277980224 0.07498710549701597 0.0181008059591543 0.017527836394535434 0.05257983545505982 0.04208360809223455 0.08141008063826034 0.010252265566986284 0.013619552161133992 0.03295999446186086 0.07993912186580085 0.081366749887411 0.007603027921783588 0.0810521354764063 0.052015675534313834 0.07402263542261665 0.06217680592933105 0.059740478517290495 0.02908213114553853 0.006688801988749225 0.05375687514162155 0.014975615555384994 0.07692315587704754 0.026725456896824575 0.010946874951776795 0.043110336261716065 0.011089831046629296 0.07142529528632016 0.023518522719770573
 0.023485038081540132 0.06411702710944144 0.05424670297384042 0.02609585779829405 10000.0 0.01213317418499582 0.09081292483612982 0.08274617069442441 0.04679657208278731 0.08372691645591107 0.10181307554568914 0.054229046991088624 0.10150319560783337 0.08980564014358916 0.07224930368890756 0.059347805881996486 0.06301060115226897 0.0268473466610806 0.07233499115897764 0.04244055658218065 0.055069176687379956 0.04312892136232666 0.031069544253777285 0.08658502051625047 0.04594519624059112 0.08695017251614434 0.06526007338821131 0.10936338347414382 0.0815092050821397 0.08735591028855652 0.05830908297850282 0.0876786322812357 0.08777959094824433 0.11072926573113348 0.04340794401018338 0.031070925212854466 0.0858922141756397 0.07460463696047002 0.007982985743418127 0.04461111385450327 0.03917146275011046 0.018647311292715497 0.09022955838043727 0.09568037685810214 0.061794438404044486 0.057468701208403444 0.060966110108310226 0.061823535709011175 0.04474920686356501 0.09416120205565266 0.05131057407890959 0.08651895219683961 0.10681110645356211 0.1158398075459977 0.08022968562792249 0.08742431460969508 0.09172204027845346 0.09358184016722337 0.0599069010248408 0.055682311470497875 0.06691051428289578 0.07733538383441214 0.09123764367273586 0.06888639168306485 0.0347821268825253 0.09378143941213637 0.06499234313704051 0.08664779464722053 0.09588913655256319 0.06709026669665157 0.03231664728245611 0.08619879477339377 0.08193529880907814 0.06848523223615906 0.08582201077571393 0.06489412414369898 0.011908963668091604 0.06411466948286429 0.11146302955061668 0.05273028196609423 0.04499221800827377 0.07647190548356003 0.04454751392496699 0.021460139506956497 0.0755010764441169 0.06049586948165488 0.07649615558579954 0.07880694028077155 0.07508953142405968 0.0970888087634183 0.07272649671951685 0.04453157924913154 0.12203779149779653 0.08321577909781726 0.04374823209518483 0.062436345072800936 0.043575543770935414 0.04123239184939178 0.09764110787383225 0.044189189223702546 0.012651304248312178 0.07632033551659204 0.06815574694540823 0.10647835646065335 0.0338409149032658 0.022852142696579456 0.012035046915548736 0.10574509037542802 0.10741741508054242 0.02240936382627305 0.1055012101345125 0.0723849360685786 0.09638749204855242 0.0763905572994738 0.08319719674386719 0.04104059836330444 0.027206307598905934 0.0798254725513571 0.03387605310114864 0.09037520095730384 0.04861779412885921 0.033293009456090907 0.06043339991247242 0.02953213866371619 0.09681636871385953 0.013956644860465366
 0.035494891727212145 0.0646834235956698 0.05374036211319265 0.03665629764076681 0.01213317418499582 10000.0 0.10237892516062005 0.0881023336597051 0.049220233594223395 0.08651582602212443 0.1113037962642293 0.06625870412130644 0.10760020335642102 0.09763773573636587 0.08078251347448218 0.06314221197534184 0.06841076767151937 0.03892195283116204 0.07756917145629098 0.05359125483385684 0.06453527533431268 0.054525269580783825 0.0383834133500329 0.09794459518960293 0.05774194997406144 0.09410600442657788 0.07586570258884327 0.11723070514064575 0.09356031061553313 0.09849910887306881 0.06924805106535142 0.09578005085083212 0.09828848000685331 0.11965099897885438 0.050036217181393595 0.03242966678575292 0.09781145841513869 0.08290706834009605 0.015888609266578244 0.054626930799795345 0.047660575110726716 0.028454082127611687 0.09748689421358893 0.09760322321113922 0.07249634650562847 0.06321057185958766 0.06961629361243102 0.06492667276478413 0.0499354354113586 0.10284434776744293 0.05977292201894655 0.09738194820720125 0.11723787970008079 0.12417309999963604 0.0915719399704266 0.09871165569569645 0.09793467366434255 0.09834707304891548 0.07066180953613123 0.06768060633419536 0.07127549382275951 0.07735027575116792 0.09269773162752742 0.07941372313435618 0.034063916060027566 0.09655603502427437 0.07698758232693327 0.09191262292556435 0.10706520168217426 0.07275698306452348 0.04254746441535579 0.08807730157035261 0.08903199164191178 0.07086056775417257 0.09446124652194371 0.07339472282366157 0.0009315161200497023 0.07617761352035611 0.12089708323799078 0.06481731943082715 0.05711217724979344 0.08803416918128876 0.0509487520834807 0.02709122161653143 0.08716013814425663 0.06616754459205734 0.08860734171431003 0.0860810783074456 0.08716226637496918 0.10320297399517106 0.07603148912040278 0.05641854260500382 0.13120534028576633 0.09325609400782109 0.04374250272294896 0.07456743256055896 0.05393641641604533 0.053272026940604046 0.1040283361252903 0.054609643045912 0.020108683136771804 0.08807539904806852 0.07813950556752197 0.1147208134280353 0.04285651536043748 0.034965205790047 0.006253012631878434 0.11492585125672077 0.11782310324492587 0.034078480349213125 0.11316612892034049 0.08449490986865071 0.10259833149947795 0.07862296705646543 0.09502479812925449 0.04470972874491562 0.03876260623944453 0.08973755220039459 0.04585487975657763 0.09179566654348424 0.060531079977431894 0.04491722475487216 0.0725544447982165 0.0374888684927374 0.10547394703499703 0.016963330686197823
 0.06768686150039237 0.09567206150083259 0.09745686158533923 0.06626151857716359 0.09081292483612982 0.10237892516062005 10000.0 0.07208221514629608 0.08433327312380909 0.09011497749936238 0.03816057559157856 0.04910580966385706 0.07278729088855553 0.05278877314497241 0.04576063700358085 0.0783920966159542 0.06939835666724208 0.06478293278848703 0.07095053687024368 0.049057852845620364 0.04613782020296202 0.04788020828506263 0.0711713983341871 0.0065438427833456846 0.045042595873630374 0.05845004687734421 0.03081265109526761 0.05996064299161787 0.03960485089299681 0.010122261311189307 0.034619311999518225 0.04971946535679916 0.020749740515621312 0.04938240356767538 0.06725563094129558 0.08854399284353681 0.012137424369849966 0.047431192799074956 0.08696076623859457 0.051137889893538756 0.06172431588563236 0.07472017807766157 0.05831968790374577 0.10130281982515782 0.032941668513834045 0.06782184796077155 0.04841424558952839 0.08228792475462347 0.0730679772896112 0.04504751031957936 0.054353461472650945 0.015263128988558257 0.0283820238358519 0.058780733219799 0.011850750220146596 0.007391116514303806 0.06793171276109772 0.08020626443822644 0.034225536244814454 0.036964874974884834 0.07582986232091207 0.10374403795355715 0.10199705421187172 0.02876943118719013 0.0942351013483007 0.09463063194309804 0.028663540153203815 0.0738814103071237 0.010396014491406468 0.06771326964203571 0.06122383967312673 0.09693608491533187 0.05807993027758304 0.08757170469379957 0.0439938663970791 0.04800926690046038 0.10188001925926975 0.04291267892591058 0.043861990443134845 0.04791191286259573 0.04903343173670349 0.014346229935611304 0.06780465394511617 0.0812401215417061 0.015447067672758313 0.06790222188389806 0.026041746224987963 0.05625260437314825 0.038891087754634755 0.07074559803788164 0.08329913594489788 0.04670772363648924 0.053838684420670434 0.0278429509464894 0.09318814986787985 0.036509997265268754 0.05060118179108805 0.057123144041449206 0.06860754635009943 0.0498165672549032 0.08378249935140308 0.015256199729502349 0.03417838314967185 0.05460475747317355 0.06369815621512133 0.0689434688901821 0.0991697287176334 0.043749940663321295 0.029054864343873606 0.06840804806161199 0.06007447171575552 0.027937630123715345 0.06963897920129712 0.0908182637989001 0.010665025663105676 0.0799214022251419 0.0636459791682833 0.030106682754728706 0.05746719124766572 0.1018099959279524 0.04286335056826068 0.05752399305191636 0.041084014278086084 0.07023356573730662 0.04612291403217301 0.08957514819904223
 0.0728523080195453 0.036857054418961005 0.04603571098374054 0.06217513693517579 0.08274617069442441 0.0881023336597051 0.07208221514629608 10000.0 0.0409678980084812 0.019166463987017168 0.04676187396501283 0.08709865436040233 0.020244765240072776 0.02333582149108 0.027451835944319204 0.02625257150339519 0.019768096487596427 0.07345402969020208 0.01053461741250244 0.058036356940539637 0.04024708639182405 0.06038292261612206 0.05195784833274852 0.06568494372352353 0.0656553782211572 0.016069526514378617 0.048625840323870566 0.037038046399733175 0.09961270844939818 0.06205405547325226 0.05283612959604061 0.02496543844167589 0.05235521684290832 0.047014955527408656 0.03957661843552818 0.05688265962112345 0.07923146188474044 0.025105978032501284 0.07490029202451372 0.04876923932050339 0.04632540435837158 0.06576462846454076 0.018482845821440684 0.02922417005452319 0.04983193707912539 0.025286221459557393 0.0321107921757205 0.02648893502026379 0.03823640583565493 0.033695683192664215 0.03690619763585336 0.057069309385995776 0.0616434059858388 0.04596461320567941 0.06270863434348474 0.06469205188652163 0.011872475373281881 0.01162046321601195 0.050558868401554304 0.07124226267045097 0.017748244471733968 0.03762099942063574 0.030402306890452847 0.04781385853762981 0.05828692503784746 0.022591603715177894 0.07339589885310208 0.0039320194060474345 0.06693374064583153 0.015696365986811157 0.05693254395824257 0.025987428409949272 0.014291215288446917 0.025491099014204523 0.029630081054802627 0.029342402713553074 0.08719768297301991 0.08986643431950758 0.05274070566766048 0.08417049567367736 0.0752731642659047 0.06569478605865677 0.038325440410106576 0.06160057699235979 0.06747015474179058 0.02225616882178729 0.08432044995804461 0.015834315281314636 0.09483575392776372 0.01613760875449404 0.018188057149245075 0.06744280695503768 0.05831349601522484 0.044466895065599255 0.050214358709115794 0.08124714288113322 0.05143152203637413 0.08277451072566716 0.01787354422834777 0.05155962755229754 0.07013210038305716 0.07007701343668457 0.04162452478412568 0.03770306022743848 0.05193954401525345 0.07535127921861821 0.08204710928589198 0.04599043308283009 0.06175031986812025 0.06970309989117979 0.03240527575563132 0.08231948251499942 0.01591020150424957 0.0234551797338592 0.07498840617990507 0.04368406357926134 0.06687511382216142 0.04197634087530257 0.07021116257677493 0.030364634283985465 0.06805521222096166 0.06538540572326941 0.084449219404272 0.05392259889749964 0.03493302311166945 0.07125024046603719
 0.046856070017466736 0.01858535504016272 0.013727354059199986 0.036146989330240326 0.04679657208278731 0.049220233594223395 0.08433327312380909 0.0409678980084812 10000.0 0.03732558337298611 0.0763251260870432 0.07403855838473404 0.06118374565555725 0.05661301960435736 0.04486493155211679 0.01474505364871029 0.022992500922203916 0.0492627917677953 0.030776021942138937 0.04439133673598205 0.03825178412125755 0.04709461116830859 0.022457132581313776 0.0781151870666748 0.053523275117874414 0.05107992834161754 0.05357162691491627 0.07508157934534007 0.09596903757748562 0.07640953660353514 0.05161400617207096 0.055943336080335054 0.07099000698849027 0.08137008954428539 0.01776760702495153 0.016814549316821564 0.08587872732880382 0.04555039712627144 0.03890841045465598 0.03660720278046723 0.02619989632796 0.03457945934086889 0.05452784256881642 0.04890488217557233 0.05189705826335419 0.019959685727249644 0.036974280327621595 0.015777613669721795 0.011450993778317011 0.06475745497785317 0.030000030987563448 0.07296505537039429 0.08731777514499033 0.08331100471387642 0.07255071797733176 0.07801367721041644 0.0521259259651344 0.05004638661673278 0.051044091586494963 0.06365186665330888 0.023264217379757392 0.031887191944250645 0.04446130280024829 0.05563804691879581 0.017321610806029293 0.047385093291913774 0.07049532959765743 0.04447328550804243 0.08419342535306132 0.027478555769651497 0.03466166777623237 0.039408278389561326 0.0462500843520186 0.021781300465192055 0.057028665636637596 0.03893252639880998 0.048289603018485235 0.08094839418658904 0.08491839938492607 0.0712454071119666 0.0606372327930696 0.07216359373852718 0.016874316314651916 0.02589744670593117 0.07271255803333938 0.021971856493012847 0.08391249067870422 0.04419756869758134 0.08974934209022266 0.05696664069903666 0.02687344602994436 0.05412886997114616 0.0933787482531498 0.06348613593962082 0.010174769756259696 0.07436559391690005 0.03858242916110221 0.06437691022553232 0.05835895818784641 0.039276641961982696 0.03466506050919268 0.07484172386553724 0.05087006205516699 0.07401135818942886 0.028496793253657903 0.048986720445542246 0.04297509024816676 0.07812911799371408 0.08771001564669657 0.042874896333610434 0.07056041231591038 0.08043273349233376 0.0565908083460422 0.029656189289980768 0.08180416975031223 0.007065744841699961 0.04277333136795644 0.059708685732865856 0.050182075727803484 0.043607681342720875 0.05709174791953591 0.045208495864023916 0.07545216923396215 0.02505805738793119 0.0670517360136033 0.033387700195557854
 0.07911494461646898 0.024894087284776722 0.03631277191879588 0.06791676390602512 0.08372691645591107 0.08651582602212443 0.09011497749936238 0.019166463987017168 0.03732558337298611 10000.0 0.06584814878898343 0.09896119773155802 0.033838666526316376 0.04243756359496828 0.04449597181720532 0.02474795804984432 0.025915201680282534 0.08054210621863443 0.019877318637721075 0.06841643074310333 0.05288146855842346 0.07105042603231768 0.05536647000288214 0.08362328856343242 0.07703398791533801 0.035185385325676985 0.0642194045454804 0.0540108494721508 0.11465641880328122 0.0802361328235579 0.06694937342413221 0.04413115303835758 0.07095969361619002 0.06530285697555586 0.044231798103840536 0.05408616459845829 0.09635127865064694 0.04268381636419779 0.07575679113256881 0.05886152294376069 0.05302980950592268 0.06923430352056426 0.0373500143231726 0.013298268277125762 0.0647025549322589 0.03107414221877676 0.04583048593921704 0.02190434454569747 0.04019046899870822 0.05280724764207668 0.047141517537768525 0.07538414205794061 0.08080908595802888 0.06301637401146232 0.0800857403657125 0.08276078110279166 0.029020927417241216 0.018924035180380775 0.06502070624153931 0.08437614372676543 0.01915853321077548 0.020240174450482224 0.01199790925671281 0.0641109538064016 0.05337419030585285 0.010069655909409945 0.08800910937904315 0.019321810639851666 0.08560526588698461 0.024776829226758803 0.06391082954727362 0.006888079477952459 0.033281272948701854 0.015725560424096056 0.048686166405174015 0.04421626037231083 0.08558450329743755 0.10316306664590642 0.071427130151342 0.09599699889265306 0.08620076628026983 0.08243941404443929 0.04276951971943614 0.062365571116570914 0.08398901513336941 0.028714508150407762 0.09991077622285618 0.03427550218348905 0.10938852500141073 0.031121801322650914 0.011324841053974579 0.07849925781655702 0.07610682479175303 0.06292638721854828 0.04391829280525114 0.09494222284434634 0.061548939673776656 0.09256336790688947 0.033645387038907834 0.0618948458762626 0.07126533341197169 0.08656247647213032 0.05786492270509775 0.055590833342486726 0.05798218716145213 0.08153631603408666 0.0802647472318471 0.06479470416644055 0.08091334563535596 0.07545903919674787 0.049543830816837234 0.09747296713216234 0.0314776994043963 0.008531717991682921 0.09205337685611105 0.04268827286795013 0.0737120384904896 0.060135274854407623 0.07888999003814509 0.011722451952450468 0.07995153069896223 0.07376444532179746 0.09758038217267408 0.057801052162740445 0.05393414796484607 0.07063003715006393
 0.08245724060706823 0.08037612876574819 0.08653780668113342 0.07585636644236618 0.10181307554568914 0.1113037962642293 0.03816057559157856 0.04676187396501283 0.0763251260870432 0.06584814878898343 10000.0 0.07776653562190076 0.039033102115257116 0.023426174297804515 0.03190354810922082 0.06474443912948019 0.054648570814763556 0.08090433398660943 0.05102969536041764 0.0616040180430276 0.046809849012728694 0.062216470189349685 0.07359922722409616 0.034066679158404736 0.06346081082157244 0.030692360123198946 0.03875672000106401 0.022175031326382735 0.07650330067348883 0.029659567561121158 0.04663308149599716 0.02218074640325547 0.020070391930183062 0.011756940141582333 0.0640232094468173 0.08725922821333038 0.04962404915984528 0.030810409205658185 0.09555945189784451 0.0572540546465888 0.06380550024987192 0.0832640208140674 0.02859255423173886 0.07393999130839012 0.04232182266477335 0.05640947726147756 0.042221684685641823 0.06735109839933193 0.06746509187731964 0.0130777080129892 0.052000406977408015 0.02543138407534846 0.01578860445289914 0.020853818197858486 0.035978427730480336 0.03237325662767361 0.03789426083680943 0.050597796204648514 0.04426123391091797 0.06136907008395235 0.05853104874505275 0.0839571984914001 0.07642691088624137 0.03512872883376751 0.09134868770792563 0.06692131036527506 0.05718154144042071 0.046747605758386206 0.02869076334911844 0.05090990054288391 0.06954915125310918 0.07255741658712371 0.033476246999726976 0.06973420844920637 0.019421375995530007 0.038885575377809956 0.11056503725714546 0.07503253420965988 0.009662905382044826 0.07555897284360281 0.07163702992211884 0.04171026911497568 0.06372608011944997 0.08522166426488838 0.0441362102613661 0.05477256561202443 0.061332607759211365 0.03392742788103687 0.07439065324512001 0.03852243516484264 0.06329268816817046 0.06566379766715519 0.020648749685317047 0.019772671176698984 0.08647488334600696 0.06669096621300502 0.0585654261872978 0.08078447387348718 0.035897072407828357 0.05804778406583848 0.09119514900951918 0.04612439803726068 0.03397473181164962 0.01689307967787272 0.06844822228306083 0.08455295493782158 0.10641742176886976 0.005750507948229466 0.015699432441473305 0.08127426474037522 0.023247967987937566 0.06165363473388172 0.037594768333463154 0.0697641769380866 0.04658535527543189 0.07497311259716784 0.07667042927258463 0.02247455771608401 0.07441207403864467 0.07654072501029804 0.06341994985967953 0.07178781701640803 0.07127787001335381 0.07403267442940156 0.012034970834710465 0.0952892332835182
 0.03278237181920217 0.09154754785468706 0.087258468265927 0.03973348580019101 0.054229046991088624 0.06625870412130644 0.04910580966385706 0.08709865436040233 0.07403855838473404 0.09896119773155802 0.07776653562190076 10000.0 0.09831644860731799 0.07924642355546861 0.062317994019122934 0.07722001994419485 0.07306761313843518 0.029152631757589635 0.080044222455419 0.030828407922393188 0.04688849908543537 0.02809967887230202 0.05231470965757041 0.048199769599363854 0.021933511753421068 0.08100443455335035 0.04200652730198817 0.09493925842635866 0.027312069761099702 0.05134570173311621 0.03535003940475489 0.07596389894343082 0.05808512682175141 0.08933257573330328 0.05781920201477558 0.06826127771297288 0.03940532933198455 0.06533423149819054 0.0542474371022649 0.04025257690696971 0.048435888673776406 0.045891336632891196 0.08295039092385602 0.11220922744808667 0.03932420115746563 0.06823643730569676 0.05500161058702272 0.08140866897169254 0.0639200060721693 0.07723572796415662 0.051819717769077546 0.05366949143293176 0.07457912222546062 0.09760015678139716 0.04342503064173112 0.04974831729288857 0.08979796982981307 0.09839015903301766 0.03794848474000237 0.016987128286410805 0.08002861009824726 0.10376544842754673 0.11023559900554092 0.044792432006965636 0.07449104393580419 0.1072185406960938 0.021203338286820167 0.0905307720855152 0.05805793294849135 0.07450143332328739 0.039483862794168954 0.10448002391143521 0.07758679032930986 0.0887791823650606 0.0711013846109458 0.058067735521742304 0.06611454174818594 0.010014859199604965 0.08637461081046906 0.0029643134309922563 0.01341125017810498 0.03762769643009943 0.059172455365379274 0.05629007202177543 0.03542966511269963 0.07032131751205156 0.026019743899886073 0.07433588010404539 0.020993405659926308 0.09460955427516925 0.08843701677844153 0.020603524163242033 0.09752689892271389 0.058757610738317506 0.07864452113795439 0.012615656487959396 0.0376250222810509 0.012997564806082903 0.09362552059559809 0.037195777948102964 0.05346932219900272 0.034450988395429115 0.049238688548335297 0.09017734877949707 0.04554977338949071 0.03228014041118928 0.06556224012722175 0.0833007489635631 0.07528525539318807 0.036010497720915066 0.09290683633998897 0.022459179621717496 0.09353819783228362 0.09530804653714536 0.03873451989034794 0.06720730843619918 0.03338619560977807 0.05738000407280106 0.024762388473783068 0.10966045092156085 0.019106518793825127 0.029195129656518964 0.00827078432128169 0.04994245561401204 0.07952760521662579 0.059923032814315776
 0.08924432447858913 0.05603244147495092 0.0659107814120345 0.07920801998311207 0.10150319560783337 0.10760020335642102 0.07278729088855553 0.020244765240072776 0.06118374565555725 0.033838666526316376 0.039033102115257116 0.09831644860731799 10000.0 0.020425401594801693 0.03603912881301373 0.046489596820828885 0.03929518579906353 0.08929409763060091 0.03049610919310648 0.07195736245792443 0.05334908944230968 0.0739160257335568 0.07044588826638583 0.0670593274207903 0.07822900198628575 0.017318033813849942 0.05683175025238581 0.021325681982065924 0.10611210691090829 0.06280345553040556 0.06296923942421172 0.023758643765404295 0.052040068893456415 0.03442843478192388 0.0580996370868938 0.07689164914764611 0.0822512784952341 0.033008008192208185 0.09381012859883285 0.06350887386305618 0.06351654177981061 0.08382713003596852 0.015601935866048798 0.037555600508034984 0.05911151501352398 0.04439065827231367 0.045054184899755136 0.0466437475288777 0.057685740703758676 0.028066402589851283 0.052521070172567026 0.05766086794386985 0.05480853966455099 0.030047928953424757 0.06593936117976018 0.06568276411493566 0.009798785875456871 0.015005268363196416 0.06038597243276314 0.08155291474695706 0.03799233379545733 0.05406314244886222 0.04147965224869029 0.054783610008732046 0.07849333216967824 0.030854786366483058 0.0815374978070861 0.01703386720758275 0.06524556144378434 0.03486759510266353 0.07344232741232241 0.0392897901109845 0.02123116826784404 0.04477485412040234 0.02948842308036489 0.041296310731488116 0.10670939365086732 0.0992505477409514 0.041560616704766726 0.0955229365599887 0.08788859314429324 0.07029737530784164 0.05699588729784293 0.08076152416132336 0.07246763445146809 0.041436402885806745 0.09036360443448187 0.024631805970946104 0.10226530707398829 0.004414780792373645 0.03741019220464375 0.08025620147259097 0.04376298377785978 0.04566619246424776 0.07045334154551715 0.09039356906784392 0.06597269311456391 0.0962139455660332 0.0046954702385878155 0.06590757244161224 0.08902227901135902 0.07500180969194309 0.049412498828670076 0.024397416629466075 0.06920962822321156 0.09172226090838109 0.10164158878926893 0.03590990364071846 0.05468418250513371 0.08649019278957334 0.017459780968578188 0.0892042829600918 0.005185596668478559 0.04085795248108871 0.07833582072449818 0.0635954987654697 0.08309140646953143 0.044715261942417414 0.08500352355064836 0.041874355106983174 0.07996835963500296 0.08059084482669295 0.09422963834704663 0.07215213759385476 0.027675219065051482 0.09065913495168185
 0.07424930207491642 0.05796455277594107 0.06523417532157098 0.06533075906448411 0.08980564014358916 0.09763773573636587 0.05278877314497241 0.02333582149108 0.05661301960435736 0.04243756359496828 0.023426174297804515 0.07924642355546861 0.020425401594801693 10000.0 0.01845923628648315 0.04350676296581342 0.0337862207242439 0.07369178518102854 0.028451728301911124 0.05514001574582129 0.03690745100497996 0.05672439139340642 0.05928285174593456 0.04687615153900709 0.06024099982090732 0.0072665767400777745 0.037300114927362335 0.01959906207924726 0.08574887741846862 0.04271348148519531 0.044065034438856975 0.0033782947751496285 0.032088559430611 0.025068034086973223 0.04783028141120888 0.06985373196468501 0.061903698788307635 0.015634842054653292 0.08263542913174213 0.04780893623696008 0.05064587904965377 0.07132154067032338 0.0056717836259653044 0.05106888847587094 0.03994205302913413 0.0369358849639059 0.029368490314672153 0.0455045104655538 0.04960929054770907 0.010369707208935153 0.038586456779730216 0.037554762522666 0.0384968481392563 0.026955936364338646 0.04553131725321993 0.045565259644797663 0.015485337875025913 0.02823773566512355 0.04142346939477223 0.06230478710501371 0.0363640867731498 0.060669398370543755 0.05320118779261878 0.03489940450396953 0.07297188609535103 0.04407524980599734 0.06156158286325074 0.023478092065312598 0.04594642753836788 0.02952682321194382 0.059135724742588054 0.0491777046433835 0.010741267710174892 0.04697901455641572 0.009064084720467125 0.02533447626860315 0.09680798984401778 0.07947724159576067 0.029875619383832396 0.07654797683888283 0.06971527590186989 0.0498801668293706 0.047115000868334894 0.07060508655764346 0.05206393136142071 0.03465472723364628 0.06999139900171317 0.012417819313062678 0.08202670505743508 0.01797299673238923 0.040238174451124264 0.06237263001919331 0.03698127603134581 0.025317920584144667 0.06672758319430361 0.07061817871711687 0.04995383176602832 0.07842757002452759 0.01597262890789815 0.04971779693789569 0.07794192902464848 0.054589610584468644 0.030007743688559713 0.017508168254126148 0.056110548469679604 0.07663827603371247 0.09211630312002969 0.022996525730706673 0.03856347862311844 0.0720491928926378 0.01573323428909997 0.06893159016682382 0.016859324891182706 0.04645811652416399 0.05794962197717651 0.056733656140766996 0.06807626960662347 0.02429530631968294 0.06850843869290936 0.053272927390392875 0.0615406541445223 0.06460399973509084 0.07462591771501415 0.060422109040671614 0.011693992843830152 0.0808399867428378
 0.05584144688754488 0.05174735409773406 0.05606998266014886 0.04720847216425795 0.07224930368890756 0.08078251347448218 0.04576063700358085 0.027451835944319204 0.04486493155211679 0.04449597181720532 0.03190354810922082 0.062317994019122934 0.03603912881301373 0.01845923628648315 10000.0 0.0348532187763854 0.02495253309252963 0.05523563937973887 0.02519733379281757 0.03674702050757924 0.018451762056006064 0.03842897799221754 0.04250845780220642 0.03923363160900757 0.04232077075921984 0.018724309827888367 0.021561207118731072 0.03747004059813965 0.0723890652140782 0.03608052121497361 0.027009731944189482 0.015774375134829016 0.027885729104670406 0.038954009856107086 0.032219418892235306 0.05537696556671089 0.05198010873478915 0.003037263085073972 0.06538138650188187 0.029387897513387946 0.033195308840238934 0.05362985863052516 0.020965737816536913 0.0562474321934949 0.023351208203437925 0.0252937474551794 0.011286635280711079 0.03820789640718494 0.03558271022787998 0.022066086853771764 0.021027528753596734 0.0314839691113448 0.042560462035502684 0.04359100015471827 0.035605113510337495 0.03846977363732618 0.027569494955482488 0.03749694495482638 0.02447199957893829 0.04566498458890934 0.030632930977148906 0.05838830304099394 0.05645460384021634 0.020404293668499066 0.059459599504275686 0.049891086164834106 0.04656126453784493 0.030076911807776618 0.04232724165377245 0.022403599804233853 0.04094087571706797 0.05126310651377461 0.015416910253839749 0.04249095498218996 0.013682458751997747 0.0073896528703057155 0.07999202923698882 0.06375334298213366 0.04104626784825777 0.059505826320215394 0.05193495847671833 0.03828211493871827 0.03185844616139275 0.05409249862282894 0.04002418398885238 0.02425553728349796 0.056963197292277425 0.012384660426527958 0.06785213247577349 0.032292378034624654 0.037661107417845875 0.04439510850588568 0.05071105308746058 0.019793746230581145 0.05492658160347984 0.05495444513334789 0.03149865962112496 0.060429494919981445 0.03136124482554606 0.03125859113939599 0.06079773010673468 0.04262993224569666 0.01430010242534845 0.03425836593250143 0.03840859412967697 0.05821575586781877 0.07555089979277113 0.034605487344586024 0.04292450936097537 0.053740896179433464 0.03401318214038965 0.055122179892695806 0.03122027292712897 0.04512689870698629 0.04770395596979842 0.04310528636674614 0.04968047462154122 0.016382528829465066 0.05009004986241021 0.05621724820458656 0.04394553456162996 0.04614523154040981 0.058558552526172994 0.04329723871301071 0.02469154133734071 0.0642977782494162
