NAME :TPP_input_15_3_3
NUM_VERTICES
43
NUM_CLUSTERS
15
Full Matrix
 10000.0 0.021823631958613803 0.04369541238655405 0.049823534255124105 0.043535968518642124 0.0117884399072519 0.054271853879025424 0.025113312739590877 0.04686626218993203 0.04725285914932684 0.03050828158206623 0.02416415032235675 0.05542654938025214 0.04918495817245717 0.015165188704456599 0.018183722474898585 0.046827633529601516 0.03785169907532375 0.047495816749743854 0.04440346019828934 0.03709238419629479 0.028917263492583695 0.012980325148068888 0.04979006015944131 0.036381736625457614 0.04233556825448891 0.04889778006024228 0.03209690811146084 0.028664737990967134 0.05312867532204476 0.05145772278435462 0.023718375268382493 0.024873006930403733 0.006871133536388822 0.04243676276756813 0.035591054446128464 0.020148306280204274 0.04416371128409168 0.04872004541850744 0.0600500961091 0.04660341701861441 0.0276857323820102 0.04891731875252548
 0.021823631958613803 10000.0 0.0592901211327709 0.03433971417835416 0.050064435424596744 0.01601751807974805 0.03257059900511082 0.04683313400121198 0.06294678102636926 0.0627404744886628 0.03883630259959525 0.04215387045239966 0.03360993197382416 0.059210357064437794 0.036883144543339505 0.025768104464991292 0.027533944004592165 0.03853496218162951 0.031451775645690246 0.06588248276362718 0.03767472860804969 0.05033097489921084 0.009040320926997214 0.06375497576268714 0.05103279349066129 0.04842683385608264 0.02755148576647528 0.0438509107800091 0.048089715697572304 0.07351400723527002 0.0412240857729647 0.04129602229082968 0.005209892969192217 0.027348035880080127 0.023238342455100522 0.04884347481881982 0.0052081885197719615 0.05078613871211665 0.05104576857183711 0.05373043522364861 0.05270017738131724 0.008826288272241982 0.027639943085684914
 0.04369541238655405 0.0592901211327709 10000.0 0.06697480740236599 0.02423310285562185 0.05539636685112839 0.085684780447455 0.03187995661783757 0.0038459181052979594 0.0732146366933988 0.024045206880530478 0.01987435941755862 0.08903469136015663 0.016863771347951546 0.039076429641688566 0.06057059989283625 0.08682273117690614 0.03562659599630696 0.06649590138277384 0.04806177386946211 0.07946666357289528 0.027933492922345877 0.053360338374015326 0.007624335424447074 0.008382490826797533 0.025150721907567338 0.07914647120415205 0.016966880974473596 0.0520406222451749 0.061666762885362526 0.09511973496075554 0.054397648714703775 0.06411413027616408 0.044846574802902245 0.08250702655790536 0.011505496007534713 0.060503980416771595 0.02406440372484973 0.08933189634965104 0.10342017085424648 0.08486815393950495 0.059488153100546455 0.08586869707706998
 0.049823534255124105 0.03433971417835416 0.06697480740236599 10000.0 0.04628216530193924 0.049350373792359604 0.027620847459559558 0.0703651861874959 0.07073875292668844 0.09582919552301752 0.0431246767427928 0.05822272300345953 0.03314688756496887 0.057799569897866616 0.06377565190688723 0.05975455628091094 0.04535238535382558 0.03205226141745161 0.0030423223609647586 0.09239913703341238 0.07139512960262381 0.07195905658368393 0.04101059039389258 0.06768598952264329 0.05926199133989798 0.04466296815324453 0.022329389234967183 0.050349159966363924 0.07848684945383133 0.10253641465340436 0.06890102322895812 0.07300451425750178 0.03692655619641069 0.05665626392222309 0.04337918437639052 0.05562062117785464 0.03950274498708895 0.046860504511845376 0.08468803246194863 0.08316644863246675 0.08694646738551592 0.02551342846268331 0.037547902630220335
 0.043535968518642124 0.050064435424596744 0.02423310285562185 0.04628216530193924 10000.0 0.053096051120201666 0.06920176279942158 0.045632018449846726 0.02737939895109909 0.08516400969142505 0.013029012595782109 0.02895284640889827 0.07351734291985193 0.011517497566431069 0.04727039166149022 0.06164202092649324 0.07616667016820887 0.014518119347680712 0.046522851688227486 0.06655983379432989 0.08022980877293343 0.043824908183475 0.04763485657992495 0.022336935674823994 0.01951384967841891 0.0017461177025942774 0.06263289559453437 0.014316520396922217 0.06348200078072308 0.07971345593374525 0.09055286560320787 0.06276825126948639 0.05527405927466553 0.04802794979751936 0.07225786584470195 0.016029144625692292 0.05320734996311108 0.0007237174647612435 0.0922336433392358 0.10154851442143607 0.08993575918335293 0.04676619871639367 0.07276478554994104
 0.0117884399072519 0.01601751807974805 0.05539636685112839 0.049350373792359604 0.053096051120201666 10000.0 0.04765035561550453 0.03514505917845346 0.05861720979678949 0.04681836951777739 0.04027488238116361 0.035950285585568086 0.04776819095535124 0.05987567031691499 0.02399998864484595 0.01065090719009494 0.03648863857636297 0.04506046797282948 0.04661801313835571 0.05159011326243942 0.027343464036364295 0.03948486380989198 0.008427031664852952 0.06131463606028682 0.047914067997569865 0.051721747172739266 0.04318497494768171 0.04294216187582822 0.03254581460185303 0.058120203694710076 0.039723377866118716 0.02541112578060995 0.01672241139274142 0.013915614427533595 0.03219905859604969 0.046855393977183725 0.011974724760636235 0.053768437230103966 0.04003147788308007 0.048902925072577215 0.039664567425241846 0.024317355250798308 0.04001576044134064
 0.054271853879025424 0.03257059900511082 0.085684780447455 0.027620847459559558 0.06920176279942158 0.04765035561550453 10000.0 0.07898757670235605 0.08952485043125052 0.09250729802856043 0.062102216356037014 0.0717514896007365 0.005695323332942129 0.08036408640483748 0.06940654098362956 0.05550534091204461 0.023443204455680072 0.054789759708145834 0.025552277156339686 0.09845222751651411 0.05972005224678648 0.08210894653515845 0.04160893543347704 0.08828067979478293 0.07735654999143692 0.0674651906094761 0.006602933969834187 0.06881365438267405 0.08019380785139343 0.10575539127137552 0.04915005990168425 0.07294725102459809 0.030943659315767914 0.05991169710417137 0.023911862389540028 0.07427671255681748 0.035691214982914124 0.06987531486425667 0.07172123437533255 0.06374873631066087 0.0764909087845642 0.027556509053645976 0.013896906093529324
 0.025113312739590877 0.04683313400121198 0.03187995661783757 0.0703651861874959 0.045632018449846726 0.03514505917845346 0.07898757670235605 10000.0 0.03336696310057005 0.04144194500573924 0.0352534260553284 0.016694276363539953 0.08042833467087826 0.04515178066836068 0.011408020721148054 0.03526748193780904 0.07151196827532251 0.0479871065568211 0.0685755017991622 0.022533118876742846 0.05233339949131982 0.005054036699309496 0.03809160674680113 0.03947800352626431 0.02876319088197661 0.045311339817682365 0.07331574358400428 0.03132525594609588 0.020176326870711005 0.034653105501529315 0.07189718357700337 0.023542751804236175 0.04997181108595053 0.021268821792662405 0.06716510305067493 0.03078941265890633 0.04520308154495555 0.04596858375152411 0.060051051256378725 0.0771810683989947 0.0544598926358951 0.05173533085176902 0.07402094007837448
 0.04686626218993203 0.06294678102636926 0.0038459181052979594 0.07073875292668844 0.02737939895109909 0.05861720979678949 0.08952485043125052 0.03336696310057005 10000.0 0.0743704141166069 0.027870893164431098 0.022807597081957023 0.09285868072581228 0.018926173217813917 0.041350185124550194 0.06341931891331594 0.09047127159523329 0.039262060429033976 0.07029084186923742 0.0479797467699414 0.08221187318899606 0.02907461572355506 0.05685376853686816 0.007644620919746173 0.012192757827766824 0.028414167519569128 0.08298864536239728 0.020810435079915156 0.05352181247275917 0.0615555184635236 0.09832366954912578 0.05636594281124978 0.06773110562877731 0.04765960486683075 0.08614332869768553 0.01534535920152895 0.06405021432290044 0.027149581803095596 0.09177239260598971 0.10634452432293671 0.08704880900600774 0.06327811433127928 0.08962700767325558
 0.04725285914932684 0.0627404744886628 0.0732146366933988 0.09582919552301752 0.08516400969142505 0.04681836951777739 0.09250729802856043 0.04144194500573924 0.0743704141166069 10000.0 0.07310031919366033 0.05691770085860742 0.09131352756149694 0.08629630188112239 0.037995665751192634 0.03727049591004626 0.0750073886397288 0.08360982822413163 0.09320664404321544 0.0322397590704901 0.038097576152208545 0.045325164632459905 0.054926831925038014 0.08083570326119426 0.0700178776677329 0.08449389620937212 0.08898761544802912 0.07109291539078891 0.021758848464315656 0.025524088113368527 0.060786701979276755 0.02362633185215264 0.06233888904297009 0.04055503516227948 0.07178613228976782 0.07164192398134314 0.05816452046934119 0.08561896942810607 0.035287455524165505 0.057618062178480006 0.026566203483909277 0.07113039630780285 0.08196647594920348
 0.03050828158206623 0.03883630259959525 0.024045206880530478 0.0431246767427928 0.013029012595782109 0.04027488238116361 0.062102216356037014 0.0352534260553284 0.027870893164431098 0.07310031919366033 10000.0 0.018973909298046612 0.06577601147787344 0.020399806451082872 0.035107064221016324 0.04862925158159585 0.06585817881089863 0.013521777515700826 0.04251207621280448 0.05730087929036381 0.06728435424427252 0.03449868601422014 0.035313131292947525 0.026212699513601213 0.0161391130861694 0.01189260851167647 0.055517466062971935 0.007224789672254719 0.051622328419271696 0.0698893148506494 0.07842342452015728 0.0502655704499662 0.0440016426677629 0.03509142833187347 0.06174354519054323 0.012562709632605945 0.04139885700590327 0.013655908007827776 0.07921404925064367 0.08896739947084505 0.076932027401977 0.037053775421724854 0.06359014276221153
 0.02416415032235675 0.04215387045239966 0.01987435941755862 0.05822272300345953 0.02895284640889827 0.035950285585568086 0.0717514896007365 0.016694276363539953 0.022807597081957023 0.05691770085860742 0.018973909298046612 10000.0 0.074262150313972 0.02952888624592432 0.020100001119610755 0.04069678103185456 0.0693082202124233 0.03223011087746972 0.0569171558430459 0.03834913149853829 0.059603367606039646 0.015524778730811576 0.03503298421705555 0.026651294582985426 0.013788537648153092 0.028617261234409257 0.06550659153101475 0.01463805673465149 0.0351650686168099 0.05110581334260537 0.07559223223709877 0.03589328382442059 0.04653272533545211 0.024976434948873135 0.06491590925149131 0.014773652427527787 0.04242794409989861 0.029304322227344814 0.06969342325838357 0.08357060713461306 0.06563144106848202 0.04433788536780975 0.06964307655264414
 0.05542654938025214 0.03360993197382416 0.08903469136015663 0.03314688756496887 0.07351734291985193 0.04776819095535124 0.005695323332942129 0.08042833467087826 0.09285868072581228 0.09131352756149694 0.06577601147787344 0.074262150313972 10000.0 0.08452518632012625 0.0704127912300575 0.054778536694410594 0.019393638968255057 0.05922896055013398 0.030960339450273107 0.09913894640324165 0.05719190309036824 0.08381008440463815 0.04251759539191569 0.091988231377673 0.08066639832358619 0.07177356660920652 0.011250241151344572 0.0722964498643983 0.08020976980409572 0.10579283863809313 0.04489055371115953 0.07271474770037184 0.03113742077007196 0.06065665417819868 0.020730146656781995 0.07772831506215734 0.036006153698635905 0.07420369059398993 0.06869960178163971 0.059379532361883945 0.07396057858063192 0.02994703823135342 0.010074449868493523
 0.04918495817245717 0.059210357064437794 0.016863771347951546 0.057799569897866616 0.011517497566431069 0.05987567031691499 0.08036408640483748 0.04515178066836068 0.018926173217813917 0.08629630188112239 0.020399806451082872 0.02952888624592432 0.08452518632012625 10000.0 0.0494870011887142 0.0672923450273909 0.08604201944591956 0.02595227314011329 0.05802324349156076 0.06387729464362635 0.08627401087378812 0.04219068092916013 0.05554079223388442 0.01222759591982998 0.0164005918287747 0.013159490631296128 0.07377350121814684 0.01709643807598274 0.0645919811425834 0.07741301649447502 0.09864912632515133 0.06531567897673898 0.06438695144998031 0.052463151827054556 0.08198908208460572 0.01477087709232496 0.06178083608516154 0.010947896404984052 0.09753805443815287 0.10877155295804791 0.0943108378843859 0.05689992231741534 0.08324981238596821
 0.015165188704456599 0.036883144543339505 0.039076429641688566 0.06377565190688723 0.04727039166149022 0.02399998864484595 0.06940654098362956 0.011408020721148054 0.041350185124550194 0.037995665751192634 0.035107064221016324 0.020100001119610755 0.0704127912300575 0.0494870011887142 10000.0 0.023993828185482815 0.06048085920641599 0.04608535467487982 0.06166142832533516 0.029284569160613803 0.04167708047505323 0.016187753392179538 0.02789971938582099 0.04632568933817553 0.033865715633003904 0.046541888086952296 0.06406292525304573 0.03341515695148504 0.016642673911212817 0.03877422560487878 0.06059291769701178 0.015828708123672108 0.03951008905984641 0.010095026327014815 0.056172513561104 0.03472548984176625 0.03465951401267265 0.047750899244162974 0.050463529191501474 0.06639745383821907 0.04579472632247447 0.0427855666750346 0.06348740172735036
 0.018183722474898585 0.025768104464991292 0.06057059989283625 0.05975455628091094 0.06164202092649324 0.01065090719009494 0.05550534091204461 0.03526748193780904 0.06341931891331594 0.03727049591004626 0.04862925158159585 0.04069678103185456 0.054778536694410594 0.0672923450273909 0.023993828185482815 10000.0 0.04052791395621335 0.05484947841707084 0.056964222739351394 0.04737105525212865 0.019050921512389143 0.040160789683929304 0.019051290249809574 0.06713965244107684 0.053824730628383645 0.0603954037807947 0.051748566407758864 0.0501960577898296 0.026545342283824058 0.051696916676378546 0.036629947031777195 0.018547174311866914 0.025068624814325036 0.015763616606107093 0.036661115292490415 0.053412797552786766 0.020975499492478348 0.062280639515374644 0.03059933818265592 0.04295978788419605 0.029293856861280602 0.03443579093982569 0.04599840014138802
 0.046827633529601516 0.027533944004592165 0.08682273117690614 0.04535238535382558 0.07616667016820887 0.03648863857636297 0.023443204455680072 0.07151196827532251 0.09047127159523329 0.0750073886397288 0.06585817881089863 0.0693082202124233 0.019393638968255057 0.08604201944591956 0.06048085920641599 0.04052791395621335 10000.0 0.06316792893713645 0.042501998542480685 0.08742695547956204 0.03889816678589041 0.07564506677043395 0.03440562959374202 0.09121337495787227 0.0785649025540505 0.07445842806569233 0.024648933905990596 0.07125024422486838 0.06702988169490957 0.09219243187783374 0.02570715782253454 0.059073173457896755 0.022805434454668396 0.05038723524996164 0.004406093346387792 0.07632426328630414 0.026962232604176514 0.07688878550630288 0.049684859223498606 0.04031534456487371 0.05548575932061227 0.02944581158397876 0.009553225855017089
 0.03785169907532375 0.03853496218162951 0.03562659599630696 0.03205226141745161 0.014518119347680712 0.04506046797282948 0.054789759708145834 0.0479871065568211 0.039262060429033976 0.08360982822413163 0.013521777515700826 0.03223011087746972 0.05922896055013398 0.02595227314011329 0.04608535467487982 0.05484947841707084 0.06316792893713645 10000.0 0.03211055334865405 0.0703352326674715 0.07232659542958832 0.047694700437719825 0.038161854629696526 0.03568107486073161 0.028625767122847545 0.012815890854384473 0.0482454800375835 0.020151141803709326 0.06271492946773898 0.0825960421002332 0.07972993720687163 0.0601657469610897 0.04364208764573962 0.043741941172397485 0.05947947067564862 0.02479576797255545 0.04245340509652807 0.0151624483322323 0.08508090104859757 0.09174292850818837 0.08405403025509509 0.03379036320281471 0.059036209488376006
 0.047495816749743854 0.031451775645690246 0.06649590138277384 0.0030423223609647586 0.046522851688227486 0.04661801313835571 0.025552277156339686 0.0685755017991622 0.07029084186923742 0.09320664404321544 0.04251207621280448 0.0569171558430459 0.030960339450273107 0.05802324349156076 0.06166142832533516 0.056964222739351394 0.042501998542480685 0.03211055334865405 10000.0 0.09045727281518239 0.06839763633800089 0.07034021098189987 0.03832066981633252 0.06754829818139282 0.05863530714592966 0.04486375545652467 0.01993728937398744 0.04971732593436837 0.07613565963591233 0.10038013080646575 0.06589958281181527 0.07050815483570447 0.033936941882418706 0.0542966954005605 0.04044363205749759 0.05506381247666776 0.03659510750536662 0.04712820318429068 0.08168095077761822 0.08014574087657196 0.08400076778845549 0.0226309240029611 0.03487587623084027
 0.04440346019828934 0.06588248276362718 0.04806177386946211 0.09239913703341238 0.06655983379432989 0.05159011326243942 0.09845222751651411 0.022533118876742846 0.0479797467699414 0.0322397590704901 0.05730087929036381 0.03834913149853829 0.09913894640324165 0.06387729464362635 0.029284569160613803 0.04737105525212865 0.08742695547956204 0.0703352326674715 0.09045727281518239 10000.0 0.05935762656080789 0.022870901501467072 0.0568433139773782 0.05536979300978347 0.04792936125864235 0.06649223216429666 0.0932583709954586 0.05254467491953634 0.02136366654798376 0.013605156574903006 0.08178709100383288 0.0293709484516983 0.06801431278736264 0.038545451496219865 0.08331959363105092 0.05080836810601928 0.06313905863458481 0.06679442927257326 0.06248578303821102 0.08324653400271517 0.054744352877507084 0.07206607005698996 0.09160357908136088
 0.03709238419629479 0.03767472860804969 0.07946666357289528 0.07139512960262381 0.08022980877293343 0.027343464036364295 0.05972005224678648 0.05233339949131982 0.08221187318899606 0.038097576152208545 0.06728435424427252 0.059603367606039646 0.05719190309036824 0.08627401087378812 0.04167708047505323 0.019050921512389143 0.03889816678589041 0.07232659542958832 0.06839763633800089 0.05935762656080789 10000.0 0.057375223828720186 0.034427171317637076 0.08613628681029123 0.07285110516811419 0.07890960843692144 0.05791236068769744 0.06918090219979729 0.038205582388786956 0.059691105318874456 0.02308356482781908 0.030722211656605828 0.03447272628071641 0.03462949466222504 0.03653439284906077 0.07246265872980333 0.03251096915204684 0.08088724383961104 0.013371297991317177 0.024869914420705942 0.016782221633037598 0.04625613105249699 0.04721455404782166
 0.028917263492583695 0.05033097489921084 0.027933492922345877 0.07195905658368393 0.043824908183475 0.03948486380989198 0.08210894653515845 0.005054036699309496 0.02907461572355506 0.045325164632459905 0.03449868601422014 0.015524778730811576 0.08381008440463815 0.04219068092916013 0.016187753392179538 0.040160789683929304 0.07564506677043395 0.047694700437719825 0.07034021098189987 0.022870901501467072 0.057375223828720186 10000.0 0.04180301347457303 0.03555729102950389 0.025843838701408956 0.04368872697507663 0.07626889469998702 0.029704597657233052 0.024575816441061736 0.03588867442930906 0.0767762980389868 0.02848331991500306 0.053752292961274206 0.02574458670277523 0.07127232378296622 0.028338827039948344 0.04906289767353519 0.04409250958752706 0.06507027096671919 0.08221617815553788 0.05938090443342634 0.05465624217974891 0.07776199638203259
 0.012980325148068888 0.009040320926997214 0.053360338374015326 0.04101059039389258 0.04763485657992495 0.008427031664852952 0.04160893543347704 0.03809160674680113 0.05685376853686816 0.054926831925038014 0.035313131292947525 0.03503298421705555 0.04251759539191569 0.05554079223388442 0.02789971938582099 0.019051290249809574 0.03440562959374202 0.038161854629696526 0.03832066981633252 0.0568433139773782 0.034427171317637076 0.04180301347457303 10000.0 0.05854090491199608 0.045368385362152396 0.046133877156508976 0.036543099701812035 0.03915903263441775 0.03926119534104932 0.06458504870223311 0.043119041679653684 0.03275000323535674 0.01195893850160341 0.018308033468800902 0.030000083147461724 0.04368939328757698 0.007443443656251218 0.04833574780280649 0.04751692627279485 0.053976650027132415 0.04777305395516686 0.016362871929910348 0.03596464616666359
 0.04979006015944131 0.06375497576268714 0.007624335424447074 0.06768598952264329 0.022336935674823994 0.06131463606028682 0.08828067979478293 0.03947800352626431 0.007644620919746173 0.08083570326119426 0.026212699513601213 0.026651294582985426 0.091988231377673 0.01222759591982998 0.04632568933817553 0.06713965244107684 0.09121337495787227 0.03568107486073161 0.06754829818139282 0.05536979300978347 0.08613628681029123 0.03555729102950389 0.05854090491199608 10000.0 0.013409703330069809 0.02366776766527396 0.08168742541440457 0.02000275913882065 0.05962329881116263 0.06896767046959783 0.10095780874198179 0.06180086329886841 0.06874510607656757 0.05152812398775514 0.08697212925102303 0.01492400025096111 0.06545083873085866 0.021955737420830634 0.09633969145745391 0.10978752477406879 0.09210321897064869 0.0630205043996231 0.08956733339142753
 0.036381736625457614 0.05103279349066129 0.008382490826797533 0.05926199133989798 0.01951384967841891 0.047914067997569865 0.07735654999143692 0.02876319088197661 0.012192757827766824 0.0700178776677329 0.0161391130861694 0.013788537648153092 0.08066639832358619 0.0164005918287747 0.033865715633003904 0.053824730628383645 0.0785649025540505 0.028625767122847545 0.05863530714592966 0.04792936125864235 0.07285110516811419 0.025843838701408956 0.045368385362152396 0.013409703330069809 10000.0 0.019939380861496766 0.0708306264067922 0.008919250882512652 0.048378146888084846 0.061362165965761536 0.08758045314300965 0.049616981056658224 0.05590913579957932 0.03830454462561509 0.07426636655435272 0.0038475733693966625 0.05241123209277574 0.019577879700848854 0.08330549273705959 0.09639416329428531 0.07939919993930974 0.05110632788275981 0.07749976174023786
 0.04233556825448891 0.04842683385608264 0.025150721907567338 0.04466296815324453 0.0017461177025942774 0.051721747172739266 0.0674651906094761 0.045311339817682365 0.028414167519569128 0.08449389620937212 0.01189260851167647 0.028617261234409257 0.07177356660920652 0.013159490631296128 0.046541888086952296 0.0603954037807947 0.07445842806569233 0.012815890854384473 0.04486375545652467 0.06649223216429666 0.07890960843692144 0.04368872697507663 0.046133877156508976 0.02366776766527396 0.019939380861496766 10000.0 0.06089455779561321 0.014014726005792963 0.06285768121181577 0.07955887207978264 0.08899441328816525 0.061940246628135895 0.05363548414448814 0.046979192845924826 0.0705603671702722 0.016314690733479735 0.05162441473873159 0.002450793803802106 0.09099418099098959 0.10007750130198519 0.0888167308596362 0.04504902248974163 0.0710253242361297
 0.04889778006024228 0.02755148576647528 0.07914647120415205 0.022329389234967183 0.06263289559453437 0.04318497494768171 0.006602933969834187 0.07331574358400428 0.08298864536239728 0.08898761544802912 0.055517466062971935 0.06550659153101475 0.011250241151344572 0.07377350121814684 0.06406292525304573 0.051748566407758864 0.024648933905990596 0.0482454800375835 0.01993728937398744 0.0932583709954586 0.05791236068769744 0.07626889469998702 0.036543099701812035 0.08168742541440457 0.0708306264067922 0.06089455779561321 10000.0 0.06225573100159076 0.07559065564797407 0.101057899374433 0.04991865855174027 0.06859527599129168 0.026736633104547474 0.05481224056076718 0.023909861898094756 0.06772230640786936 0.03124323341268531 0.06330914375385685 0.07043907979984762 0.0645442494837399 0.07454892564848563 0.021613679469758385 0.0157779574316096
 0.03209690811146084 0.0438509107800091 0.016966880974473596 0.050349159966363924 0.014316520396922217 0.04294216187582822 0.06881365438267405 0.03132525594609588 0.020810435079915156 0.07109291539078891 0.007224789672254719 0.01463805673465149 0.0722964498643983 0.01709643807598274 0.03341515695148504 0.0501960577898296 0.07125024422486838 0.020151141803709326 0.04971732593436837 0.05254467491953634 0.06918090219979729 0.029704597657233052 0.03915903263441775 0.02000275913882065 0.008919250882512652 0.014014726005792963 0.06225573100159076 10000.0 0.049357452157114734 0.06555451610382271 0.08209214661589151 0.049129882936895145 0.048897406588929056 0.035477655350205715 0.06703122410149098 0.005473441026360336 0.04580824585613506 0.014681733669072947 0.0804800260669245 0.09183873788465884 0.07743575392629937 0.04306449966122749 0.06959488487049491
 0.028664737990967134 0.048089715697572304 0.0520406222451749 0.07848684945383133 0.06348200078072308 0.03254581460185303 0.08019380785139343 0.020176326870711005 0.05352181247275917 0.021758848464315656 0.051622328419271696 0.0351650686168099 0.08020976980409572 0.0645919811425834 0.016642673911212817 0.026545342283824058 0.06702988169490957 0.06271492946773898 0.07613565963591233 0.02136366654798376 0.038205582388786956 0.024575816441061736 0.03926119534104932 0.05962329881116263 0.048378146888084846 0.06285768121181577 0.07559065564797407 0.049357452157114734 10000.0 0.025586916495719734 0.06044062751696913 0.008094764120025159 0.04926616808173329 0.021838994246570417 0.06307968006800252 0.04990527295131628 0.04450489762987221 0.06392352942405129 0.04280471270887385 0.06251850735070912 0.036000668424135095 0.055462038374045806 0.07199659724214487
 0.05312867532204476 0.07351400723527002 0.061666762885362526 0.10253641465340436 0.07971345593374525 0.058120203694710076 0.10575539127137552 0.034653105501529315 0.0615555184635236 0.025524088113368527 0.0698893148506494 0.05110581334260537 0.10579283863809313 0.07741301649447502 0.03877422560487878 0.051696916676378546 0.09219243187783374 0.0825960421002332 0.10038013080646575 0.013605156574903006 0.059691105318874456 0.03588867442930906 0.06458504870223311 0.06896767046959783 0.061362165965761536 0.07955887207978264 0.101057899374433 0.06555451610382271 0.025586916495719734 10000.0 0.08275223129980427 0.0332220382539371 0.07484260988527805 0.046592042129941766 0.08835801105625299 0.0641248601502923 0.07006458487294544 0.07997982669465109 0.05983806768325726 0.08179525902466271 0.05135762665748864 0.08057201400776155 0.09749526142409115
 0.05145772278435462 0.0412240857729647 0.09511973496075554 0.06890102322895812 0.09055286560320787 0.039723377866118716 0.04915005990168425 0.07189718357700337 0.09832366954912578 0.060786701979276755 0.07842342452015728 0.07559223223709877 0.04489055371115953 0.09864912632515133 0.06059291769701178 0.036629947031777195 0.02570715782253454 0.07972993720687163 0.06589958281181527 0.08178709100383288 0.02308356482781908 0.0767762980389868 0.043119041679653684 0.10095780874198179 0.08758045314300965 0.08899441328816525 0.04991865855174027 0.08209214661589151 0.06044062751696913 0.08275223129980427 10000.0 0.0525694702250555 0.036223267339004064 0.051654550961631004 0.02605406641682942 0.08633529684257069 0.03742321932762577 0.09126361060526787 0.028386316612902134 0.014638738501901906 0.03623192857414366 0.047518406997564905 0.03525578462510805
 0.023718375268382493 0.04129602229082968 0.054397648714703775 0.07300451425750178 0.06276825126948639 0.02541112578060995 0.07294725102459809 0.023542751804236175 0.05636594281124978 0.02362633185215264 0.0502655704499662 0.03589328382442059 0.07271474770037184 0.06531567897673898 0.015828708123672108 0.018547174311866914 0.059073173457896755 0.0601657469610897 0.07050815483570447 0.0293709484516983 0.030722211656605828 0.02848331991500306 0.03275000323535674 0.06180086329886841 0.049616981056658224 0.061940246628135895 0.06859527599129168 0.049129882936895145 0.008094764120025159 0.0332220382539371 0.0525694702250555 10000.0 0.04201653353201836 0.016949917298733304 0.05517623448333729 0.050553605710827655 0.03736400112131354 0.06327905383153973 0.03674825033414305 0.05536449813426943 0.030918002933991544 0.04910680432738832 0.06428421971336137
 0.024873006930403733 0.005209892969192217 0.06411413027616408 0.03692655619641069 0.05527405927466553 0.01672241139274142 0.030943659315767914 0.04997181108595053 0.06773110562877731 0.06233888904297009 0.0440016426677629 0.04653272533545211 0.03113742077007196 0.06438695144998031 0.03951008905984641 0.025068624814325036 0.022805434454668396 0.04364208764573962 0.033936941882418706 0.06801431278736264 0.03447272628071641 0.053752292961274206 0.01195893850160341 0.06874510607656757 0.05590913579957932 0.05363548414448814 0.026736633104547474 0.048897406588929056 0.04926616808173329 0.07484260988527805 0.036223267339004064 0.04201653353201836 10000.0 0.029606193615830327 0.018437629404738944 0.053822768230270754 0.004877740353132724 0.055995813495755505 0.04778902748343185 0.049037704707317435 0.05017539151407822 0.012062686942319167 0.024049278596439502
 0.006871133536388822 0.027348035880080127 0.044846574802902245 0.05665626392222309 0.04802794979751936 0.013915614427533595 0.05991169710417137 0.021268821792662405 0.04765960486683075 0.04055503516227948 0.03509142833187347 0.024976434948873135 0.06065665417819868 0.052463151827054556 0.010095026327014815 0.015763616606107093 0.05038723524996164 0.043741941172397485 0.0542966954005605 0.038545451496219865 0.03462949466222504 0.02574458670277523 0.018308033468800902 0.05152812398775514 0.03830454462561509 0.046979192845924826 0.05481224056076718 0.035477655350205715 0.021838994246570417 0.046592042129941766 0.051654550961631004 0.016949917298733304 0.029606193615830327 10000.0 0.046077489603434156 0.03818207351772189 0.024733528862097925 0.04861089087277922 0.04513574681542261 0.05871724700451767 0.04200839008324145 0.033989757267071506 0.053495521963266256
 0.04243676276756813 0.023238342455100522 0.08250702655790536 0.04337918437639052 0.07225786584470195 0.03219905859604969 0.023911862389540028 0.06716510305067493 0.08614332869768553 0.07178613228976782 0.06174354519054323 0.06491590925149131 0.020730146656781995 0.08198908208460572 0.056172513561104 0.036661115292490415 0.004406093346387792 0.05947947067564862 0.04044363205749759 0.08331959363105092 0.03653439284906077 0.07127232378296622 0.030000083147461724 0.08697212925102303 0.07426636655435272 0.0705603671702722 0.023909861898094756 0.06703122410149098 0.06307968006800252 0.08835801105625299 0.02605406641682942 0.05517623448333729 0.018437629404738944 0.046077489603434156 10000.0 0.0720698782238612 0.022556778293112173 0.07298102563011316 0.04799537659682032 0.040655707600964215 0.05327640785729134 0.02568974862914525 0.010690070672897262
 0.035591054446128464 0.04884347481881982 0.011505496007534713 0.05562062117785464 0.016029144625692292 0.046855393977183725 0.07427671255681748 0.03078941265890633 0.01534535920152895 0.07164192398134314 0.012562709632605945 0.014773652427527787 0.07772831506215734 0.01477087709232496 0.03472548984176625 0.053412797552786766 0.07632426328630414 0.02479576797255545 0.05506381247666776 0.05080836810601928 0.07246265872980333 0.028338827039948344 0.04368939328757698 0.01492400025096111 0.0038475733693966625 0.016314690733479735 0.06772230640786936 0.005473441026360336 0.04990527295131628 0.0641248601502923 0.08633529684257069 0.050553605710827655 0.053822768230270754 0.03818207351772189 0.0720698782238612 10000.0 0.05054263180281237 0.016161944250738552 0.08331594007268409 0.09561644807576802 0.07978393143601034 0.04839322568271497 0.07489119765139113
 0.020148306280204274 0.0052081885197719615 0.060503980416771595 0.03950274498708895 0.05320734996311108 0.011974724760636235 0.035691214982914124 0.04520308154495555 0.06405021432290044 0.05816452046934119 0.04139885700590327 0.04242794409989861 0.036006153698635905 0.06178083608516154 0.03465951401267265 0.020975499492478348 0.026962232604176514 0.04245340509652807 0.03659510750536662 0.06313905863458481 0.03251096915204684 0.04906289767353519 0.007443443656251218 0.06545083873085866 0.05241123209277574 0.05162441473873159 0.03124323341268531 0.04580824585613506 0.04450489762987221 0.07006458487294544 0.03742321932762577 0.03736400112131354 0.004877740353132724 0.024733528862097925 0.022556778293112173 0.05054263180281237 10000.0 0.05392243526580512 0.045878908216977585 0.04935571162104475 0.04749825929457812 0.014002053154087018 0.02884847466286348
 0.04416371128409168 0.05078613871211665 0.02406440372484973 0.046860504511845376 0.0007237174647612435 0.053768437230103966 0.06987531486425667 0.04596858375152411 0.027149581803095596 0.08561896942810607 0.013655908007827776 0.029304322227344814 0.07420369059398993 0.010947896404984052 0.047750899244162974 0.062280639515374644 0.07688878550630288 0.0151624483322323 0.04712820318429068 0.06679442927257326 0.08088724383961104 0.04409250958752706 0.04833574780280649 0.021955737420830634 0.019577879700848854 0.002450793803802106 0.06330914375385685 0.014681733669072947 0.06392352942405129 0.07997982669465109 0.09126361060526787 0.06327905383153973 0.055995813495755505 0.04861089087277922 0.07298102563011316 0.016161944250738552 0.05392243526580512 10000.0 0.09286882847069639 0.10224197569039496 0.09053619390825754 0.047486753907440934 0.0734760290761435
 0.04872004541850744 0.05104576857183711 0.08933189634965104 0.08468803246194863 0.0922336433392358 0.04003147788308007 0.07172123437533255 0.060051051256378725 0.09177239260598971 0.035287455524165505 0.07921404925064367 0.06969342325838357 0.06869960178163971 0.09753805443815287 0.050463529191501474 0.03059933818265592 0.049684859223498606 0.08508090104859757 0.08168095077761822 0.06248578303821102 0.013371297991317177 0.06507027096671919 0.04751692627279485 0.09633969145745391 0.08330549273705959 0.09099418099098959 0.07043907979984762 0.0804800260669245 0.04280471270887385 0.05983806768325726 0.028386316612902134 0.03674825033414305 0.04778902748343185 0.04513574681542261 0.04799537659682032 0.08331594007268409 0.045878908216977585 0.09286882847069639 10000.0 0.02236638996874158 0.008760911604421233 0.059618179338277066 0.058626956580566526
 0.0600500961091 0.05373043522364861 0.10342017085424648 0.08316644863246675 0.10154851442143607 0.048902925072577215 0.06374873631066087 0.0771810683989947 0.10634452432293671 0.057618062178480006 0.08896739947084505 0.08357060713461306 0.059379532361883945 0.10877155295804791 0.06639745383821907 0.04295978788419605 0.04031534456487371 0.09174292850818837 0.08014574087657196 0.08324653400271517 0.024869914420705942 0.08221617815553788 0.053976650027132415 0.10978752477406879 0.09639416329428531 0.10007750130198519 0.0645442494837399 0.09183873788465884 0.06251850735070912 0.08179525902466271 0.014638738501901906 0.05536449813426943 0.049037704707317435 0.05871724700451767 0.040655707600964215 0.09561644807576802 0.04935571162104475 0.10224197569039496 0.02236638996874158 10000.0 0.03112697126402161 0.06081047244524621 0.04985190265635148
 0.04660341701861441 0.05270017738131724 0.08486815393950495 0.08694646738551592 0.08993575918335293 0.039664567425241846 0.0764909087845642 0.0544598926358951 0.08704880900600774 0.026566203483909277 0.076932027401977 0.06563144106848202 0.07396057858063192 0.0943108378843859 0.04579472632247447 0.029293856861280602 0.05548575932061227 0.08405403025509509 0.08400076778845549 0.054744352877507084 0.016782221633037598 0.05938090443342634 0.04777305395516686 0.09210321897064869 0.07939919993930974 0.0888167308596362 0.07454892564848563 0.07743575392629937 0.036000668424135095 0.05135762665748864 0.03623192857414366 0.030918002933991544 0.05017539151407822 0.04200839008324145 0.05327640785729134 0.07978393143601034 0.04749825929457812 0.09053619390825754 0.008760911604421233 0.03112697126402161 10000.0 0.06149297255971623 0.06396419683626829
 0.0276857323820102 0.008826288272241982 0.059488153100546455 0.02551342846268331 0.04676619871639367 0.024317355250798308 0.027556509053645976 0.05173533085176902 0.06327811433127928 0.07113039630780285 0.037053775421724854 0.04433788536780975 0.02994703823135342 0.05689992231741534 0.0427855666750346 0.03443579093982569 0.02944581158397876 0.03379036320281471 0.0226309240029611 0.07206607005698996 0.04625613105249699 0.05465624217974891 0.016362871929910348 0.0630205043996231 0.05110632788275981 0.04504902248974163 0.021613679469758385 0.04306449966122749 0.055462038374045806 0.08057201400776155 0.047518406997564905 0.04910680432738832 0.012062686942319167 0.033989757267071506 0.02568974862914525 0.04839322568271497 0.014002053154087018 0.047486753907440934 0.059618179338277066 0.06081047244524621 0.06149297255971623 10000.0 0.026553607805716032
 0.04891731875252548 0.027639943085684914 0.08586869707706998 0.037547902630220335 0.07276478554994104 0.04001576044134064 0.013896906093529324 0.07402094007837448 0.08962700767325558 0.08196647594920348 0.06359014276221153 0.06964307655264414 0.010074449868493523 0.08324981238596821 0.06348740172735036 0.04599840014138802 0.009553225855017089 0.059036209488376006 0.03487587623084027 0.09160357908136088 0.04721455404782166 0.07776199638203259 0.03596464616666359 0.08956733339142753 0.07749976174023786 0.0710253242361297 0.0157779574316096 0.06959488487049491 0.07199659724214487 0.09749526142409115 0.03525578462510805 0.06428421971336137 0.024049278596439502 0.053495521963266256 0.010690070672897262 0.07489119765139113 0.02884847466286348 0.0734760290761435 0.058626956580566526 0.04985190265635148 0.06396419683626829 0.026553607805716032 10000.0
GTSP_SET_SECTION
0 
1 2 3 
4 5 6 
7 8 9 
10 11 12 
13 14 15 
16 17 18 
19 20 21 
22 23 24 
25 26 27 
28 29 30 
31 32 33 
34 35 36 
37 38 39 
40 41 42 
GTSP_Visit_SECTION
1
3
3
3
3
3
3
3
3
3
3
3
3
3
3
EOF