NAME :TPP_input_27_5_1
NUM_VERTICES
131
NUM_CLUSTERS
27
Full Matrix
 10000.0 0.01343805553543795 0.045200804947902795 0.04369643896562299 0.03504857937572839 0.0970692591508721 0.05621992423276513 0.03445440379870559 0.061556137568838314 0.05924750561083424 0.06757044412612062 0.062002905681441185 0.04620112360387642 0.018036415432913226 0.0498185513379006 0.050577642337797685 0.03363196891501576 0.049453204207242904 0.03641763370682465 0.03863722381151237 0.05331684749889684 0.0407049341974809 0.0737152052396134 0.011960468132469593 0.020165632691090004 0.062433383780853946 0.022646832076847298 0.031819203644747975 0.04588631352715697 0.054486779451057246 0.007577575963768229 0.03109258543141516 0.07116679587892812 0.04141479136365924 0.0076385171662092565 0.0640310674782369 0.026008882229690763 0.014947850217995004 0.03487583465491337 0.011355027872334597 0.05590343797064143 0.042699932002723484 0.03659299610563819 0.056295514915679835 0.037559462042181184 0.07481021517658348 0.058136011842104394 0.06768031364712614 0.022984814966111305 0.028517232478476998 0.07927407892666045 0.06815701437028375 0.054973741688604576 0.029919302427054047 0.05659850810591382 0.0178589264193631 0.03879042092036894 0.0620719232477988 0.07410494856717266 0.055515824621403385 0.056982083606877024 0.056086432934753606 0.032059349981441276 0.03846272763103843 0.0284331862245466 0.019119517608004958 0.01718876040970562 0.05554911678126604 0.05163469327393745 0.08730093089211126 0.011361680112030684 0.06748852135505787 0.046541522178979985 0.07762760919790733 0.04753735977844244 0.06309528203017362 0.02688282875337149 0.036766056898800734 0.07388102505510644 0.0749087965281575 0.02967755701597794 0.06503630215103062 0.03541160353946744 0.03430350507068444 0.06015359852347356 0.05329975812355888 0.03504117699113286 0.04811299568000078 0.03177651052290999 0.05728725556417819 0.07173309899052029 0.021868584378202327 0.054061622395525824 0.006569971947385063 0.051497389981863304 0.014101926963762905 0.031327251872552676 0.030140785644203714 0.06323314408857357 0.022263804759278537 0.06526571619512396 0.06922552366942757 0.06946239892752672 0.04729372110861484 0.015900328006011894 0.03693564268467437 0.06943148988272069 0.06841800080987251 0.07147262364185644 0.05908404875350047 0.0880894433753732 0.053980122135478745 0.03134220317642701 0.04365245954591065 0.004776495518861484 0.039105020280113985 0.034399363634105395 0.05814130863202869 0.027342706005940888 0.0462441015021224 0.05864192579767395 0.09299989042916453 0.052670878670378826 0.0666103835839352 0.019323165890034525 0.04020916948351606 0.06310402347920996 0.09542409757413825 0.01285329468197903 0.027434573331834973 0.06560043073777239
 0.01343805553543795 10000.0 0.05475337164421172 0.03667575871551818 0.025232844133488454 0.08960218739781468 0.0428415183463224 0.02317056628644107 0.05741414860969431 0.05482475103526315 0.07413751100822545 0.04866896453915008 0.03276319102280527 0.017618027273479612 0.056702797278617705 0.046867818017121546 0.023528781482782077 0.0585026806836163 0.04105990063265137 0.04510316793285599 0.0554051368038113 0.03627022016900055 0.06071931914618697 0.016788195514694328 0.0076135728560175735 0.05343266318761851 0.009305249151371564 0.02296476909239856 0.05253191262717984 0.0421147342674571 0.009375866759819263 0.03932198090995027 0.05809313275818906 0.0498909731876743 0.020560772798014975 0.05076615227600277 0.02398744388054432 0.024510471269422393 0.02661187367393645 0.017255301940485378 0.05504663068473032 0.046276143493924976 0.026065316431498065 0.04287314338561502 0.03899147442931138 0.06182828124081669 0.045348425662501884 0.05438134928917694 0.018289555061104565 0.02477520008851336 0.06940698149827385 0.07450356987687008 0.04733979355941195 0.03718963850838782 0.04354216395587526 0.015640697003687937 0.029200338488761152 0.052702631355688194 0.07026281312846139 0.05380201001610756 0.04836058077077843 0.04360312111629584 0.019304426214418705 0.032549604225129744 0.0389766981507044 0.029925749013122734 0.014051192087388519 0.05256944411711042 0.039313823583866155 0.07895207753083276 0.015956432372328626 0.05969225045081212 0.045344822663301455 0.07141079880668079 0.05583569404075848 0.06257985861013318 0.013514323647724836 0.04732636480944231 0.06295724200913393 0.06147074112425808 0.01650727598288834 0.06197236804325594 0.04218786962200338 0.02113110099782757 0.0654772308004533 0.04210741307148322 0.03231477515974422 0.03488313175756749 0.020567645386379917 0.062165292765627524 0.05952389340506295 0.020255873066311922 0.041097285953562775 0.015723214025838858 0.0427627330458802 0.0017900043905664333 0.0368110186219552 0.02450936600649481 0.05030648448019112 0.03405870141129554 0.060269918050834946 0.05778720691395649 0.0687924269840214 0.038162187123479956 0.010480530722636782 0.023959137434954685 0.056496924091385244 0.05505667430874432 0.06765782899132358 0.046464866651830326 0.07952118997786088 0.042998674975481425 0.018525847603569446 0.043814245291713315 0.013281919488224235 0.043173489317115066 0.020961930967556032 0.045749597375339936 0.033032349964996405 0.0330780611263068 0.04829083022113175 0.08415576778111601 0.03923429887326628 0.0532650155158436 0.021862833196613436 0.027722737279988637 0.050826300834381326 0.0877336996408532 0.019421075309465432 0.030345868508475787 0.06921268076347492
 0.045200804947902795 0.05475337164421172 10000.0 0.05653153010759527 0.05940664395508859 0.09720593736795238 0.09356129772282447 0.06285936690890548 0.05795550593247723 0.057412755758614355 0.02672214988649423 0.09956640806998884 0.08277152329866168 0.04046933366022034 0.013382660219330787 0.050321024101773346 0.07794443316216536 0.004832465790838082 0.02216540236910429 0.015443494065349632 0.0327710374101496 0.04823722267470746 0.11311414910195494 0.05569456036295871 0.06234404030106466 0.07474807510805438 0.06112441036820797 0.05559705631983995 0.0134931977685939 0.09623808601401172 0.04544784163648545 0.015857006790452596 0.10040878467608468 0.006733911703491499 0.04409481778045008 0.09570389077420009 0.0408052974396083 0.03060867699952491 0.055568272235272914 0.05466006553243907 0.043942191940669464 0.024864540041811448 0.08067350866948385 0.09103625193531496 0.031558097552945835 0.11424942082454341 0.09871855783287162 0.09942007315755917 0.045829380349635726 0.07345879891965075 0.09142367549797335 0.027823675885240505 0.06495601270575521 0.06484979821421795 0.09620020770512205 0.0430614695858491 0.08342025798064168 0.07577810204240398 0.06567463082232583 0.04653925386689855 0.06951703260516776 0.08348640806238798 0.07352574273722096 0.05127161383224135 0.016985585787185616 0.05134418796755982 0.06237768720005995 0.05062456805069447 0.07904325357639613 0.09221967920097526 0.05539631928875533 0.07431401052751459 0.04096979817262085 0.0765440375816218 0.006559672533631953 0.04691435268143843 0.06667438487094918 0.009494445633091141 0.09127207413587338 0.10940599573134646 0.06564477502603312 0.0566655214840174 0.016066347067517965 0.06929427903570252 0.02490190631840984 0.07575866973652041 0.04243419753184766 0.08123278343758457 0.0752975410235715 0.024710895861980615 0.09545344711049637 0.04090910649429269 0.08446299648773999 0.039778570178841 0.06616383262664187 0.0562756903594494 0.0688099274319308 0.04819936898100117 0.10318926141148116 0.04913925788159414 0.06323306135298577 0.08959843367551266 0.051642671633658356 0.06467764881819883 0.0476024278291911 0.07036279491374596 0.09777590124257646 0.10537634151561255 0.06365013864252993 0.10014966179385257 0.0937320365650406 0.07549141811332145 0.06542008094355571 0.035989264463905296 0.04240838523314058 0.023390582727151884 0.07229324592783602 0.08474831375178152 0.06556539749342494 0.07913581277766966 0.07671747696576495 0.09902303184681421 0.08887443583347168 0.09904648669595442 0.03532365591820697 0.08199193084200286 0.08836945941561798 0.09663330192048196 0.05507016599795056 0.06879812233529853 0.03448639368189012
 0.04369643896562299 0.03667575871551818 0.05653153010759527 10000.0 0.013753831939887107 0.05343361833035252 0.04771244840066947 0.01884110929310426 0.022600707570979744 0.01982535545035491 0.06216137636750336 0.05290534783724307 0.03865661370723958 0.02676469197410401 0.04965244426922779 0.01468477978784602 0.05210190520771295 0.05763862767199676 0.03443697353472184 0.0412143064759314 0.035317887765927876 0.008529247307649188 0.06721160323288601 0.052607140987780535 0.038958845741904904 0.01992812839177462 0.032458080269623595 0.014118628226673546 0.046136890970811105 0.057466448689059396 0.036210486141043205 0.04304364556374361 0.045955693526433444 0.049806979545682584 0.05076062364073488 0.043360518328945295 0.019915200038657623 0.04071860211026857 0.010339260798751013 0.052732184570036214 0.027441058861354645 0.03394429883893373 0.05291999457045921 0.04243402831199146 0.025343015792465715 0.06827822020048016 0.057035216302989994 0.04670747630143027 0.02074294865724064 0.0601016360529109 0.037414228279851074 0.06180882395890698 0.011327303958102037 0.07284523712573346 0.053265656686164016 0.026080355946048704 0.057220509141318876 0.020289004308437546 0.03508888528642789 0.024441945669591764 0.01425915934351709 0.029677116150559183 0.041723014313776154 0.0059143306429981874 0.049270647397244016 0.06279145263358753 0.050563628905295255 0.020596170618943335 0.02605748828674573 0.04369381520026904 0.05176866187953093 0.02380712212328256 0.020436536656686335 0.0347350548739104 0.053313766792616984 0.0341484605659568 0.03573004274475484 0.054643162359013016 0.03511710187655699 0.05803444132417569 0.02944022998734208 0.028457393863432278 0.04056783738912145 0.02912474092325154 0.051576620153148435 0.02023609557992989 0.01423826437594112 0.033198319981140915 0.04774298686813877 0.04779287603084469 0.03917658412168147 0.023153552098766142 0.03282928025338971 0.039509304285937664 0.009782206672235772 0.03804136951128932 0.07313840975853965 0.013633053745738042 0.05957523960447191 0.06548361731769795 0.024264123160544594 0.03306690959508845 0.039091632709843595 0.008521871509734807 0.028162152930573822 0.027388990599345117 0.04302815367963627 0.05707891741607103 0.03263207966372614 0.05913269628605144 0.04457385454457364 0.019604744451168023 0.026709812412622713 0.02349606458014606 0.03950972298371963 0.0338071562728336 0.03469176585438278 0.030263890819130793 0.06924227890247737 0.03151074664759447 0.020189113665620543 0.049614921872551426 0.04254291010017783 0.0469332461824347 0.028887934641266898 0.047284986602152065 0.03287217337495742 0.05174182481790935 0.05481040743073433 0.06700691672309864 0.049797176255093466
 0.03504857937572839 0.025232844133488454 0.05940664395508859 0.013753831939887107 10000.0 0.06463540231206127 0.036802159492093735 0.005318006543399911 0.03634638436559389 0.033573299041761956 0.07020079663752998 0.042484947398424455 0.02672930092507148 0.02175474998608863 0.05541759070127495 0.02767342864476997 0.038387325969328256 0.06154553771262328 0.03873848382444698 0.045154015381134865 0.045074537828155944 0.018260547576559778 0.056773330047970916 0.041929083589123374 0.02602931353386587 0.028201073297561583 0.019339143579743798 0.003968356441744237 0.05143820943419302 0.044774307294204736 0.027555684680200854 0.04417652918599654 0.04119085993972121 0.052972104846867 0.04261836573909284 0.03633119929378045 0.018634250354646463 0.03673533682697458 0.004749353583054857 0.042279502135600604 0.0394790567784802 0.040553390686189676 0.0391666425993018 0.032709558238502606 0.03136360073677331 0.05788493780281924 0.04500247852746838 0.04002948536475995 0.014912576334981125 0.04714875190009082 0.04441176570016899 0.07008206869530421 0.02278506819281966 0.06237281974501861 0.04148610043858117 0.019873568272621624 0.04346935363853954 0.027495235765947923 0.048822400471255356 0.03693708196254216 0.023213695742784295 0.02435271640595503 0.027969660938697943 0.012931077940463026 0.04846274463680227 0.05388664318798315 0.038450151669211376 0.03376160684364438 0.019790785052297533 0.05375843423835992 0.041088599129792625 0.03477945799540368 0.030925737888419423 0.04739556747779851 0.05760716905064194 0.046680865648348766 0.02208658064380756 0.05534224562856201 0.038894180475800164 0.050342086424896106 0.01569089164849346 0.042097434144635675 0.043545786222785564 0.015621364076514889 0.05991110678989465 0.018726841828304457 0.019507104483934147 0.022825047313729092 0.034020297063028344 0.05613093923291213 0.038295078088308614 0.01948998246094298 0.02508766297713698 0.032564075494236434 0.01763249676078403 0.026286054696258505 0.06201981656268548 0.011290214554275162 0.048171292885002305 0.05730974421917416 0.037889896731436494 0.0346059572860775 0.052070960923778185 0.012955923784405833 0.019299613676104756 0.014390829164448699 0.03871262280772042 0.047521778606349034 0.046379615460562684 0.04698083426893583 0.054298456551867394 0.019183353551102986 0.012968880639053649 0.032307879506467484 0.03171895064092255 0.039176231426763776 0.02110006826436982 0.02588506255685979 0.058262379545481205 0.020821549804178233 0.023594524029884788 0.05892419043248852 0.03166865609452986 0.03972476394101738 0.025925448395396202 0.03375126769787696 0.030172643345810084 0.0626902984972289 0.044434892324422874 0.05527692444579249 0.05995177240833603
 0.0970692591508721 0.08960218739781468 0.09720593736795238 0.05343361833035252 0.06463540231206127 10000.0 0.08205681448759343 0.06806129729473061 0.03965350899391124 0.04082875235090201 0.08793140633248984 0.08427752291675844 0.0785469689992409 0.07962808177426581 0.08538145980224211 0.04937172947338913 0.10041926858053322 0.09597311165322081 0.0773773282086419 0.08294804338388438 0.0649517131101816 0.057151712228015204 0.0953240579409776 0.10591997743563412 0.09051930739114071 0.03704910050102437 0.0837933213613801 0.06663967436196712 0.08386486896909645 0.09635289233536497 0.08962543730279893 0.08887527130367867 0.06349345529985755 0.09110547153289371 0.10396465457278622 0.06844560127267194 0.07201562556059247 0.09212034042973093 0.06304209145260167 0.10609652205883426 0.0532838858549207 0.07268788542195755 0.10021195614114947 0.07506205700875081 0.0687320897609368 0.09600817096348838 0.09320407108812376 0.0692217335427327 0.07408459556426934 0.11141211653925223 0.027274235286857473 0.0868229666446583 0.04232926644817674 0.12624257481880669 0.08919849973865555 0.07929509497257513 0.10445558625859556 0.03841690868577432 0.03236875417488828 0.05071654872969688 0.04147074248693428 0.05937531287445435 0.08952525471661422 0.05863162811260132 0.09681008259344895 0.11610921138570257 0.1030816159724213 0.047115225697171234 0.06030810093030372 0.012476846316001855 0.10507814710583498 0.029910266401667107 0.05757173420392239 0.020904272568936406 0.0916237598300618 0.051668635010971915 0.08545865101409059 0.09942337473020031 0.0379297662956423 0.07909239199027111 0.07864428516699819 0.040630460414622614 0.0841030992689952 0.07619087985435588 0.07932512485887996 0.052676377791399984 0.0637206683770184 0.07107577268139564 0.09616124761195993 0.07679286383304074 0.050722856808758175 0.07582607952350298 0.06527502180828677 0.09252000945690708 0.04701431005386044 0.09079770946689156 0.12635533295763257 0.06692848914111238 0.09284221421591997 0.11855565606752094 0.03453606495282741 0.04430789193315296 0.049189661364007875 0.05174871311536698 0.08158972419750506 0.07321310089075353 0.06105130702999475 0.08448560776741967 0.033949219488788575 0.09541966933078715 0.013140536837411785 0.051204442683260215 0.07558980307257458 0.06255797327212037 0.09276175581585583 0.0750723785227785 0.08133565904045029 0.05760782895578227 0.12250543449552483 0.07077874797557192 0.04486273621837925 0.012657504778627978 0.0782960133341996 0.07083070070388982 0.08065731842439271 0.09197367103213079 0.05440442730262419 0.0025600407543123673 0.10819385558894465 0.11986402003678548 0.0711431561446791
 0.05621992423276513 0.0428415183463224 0.09356129772282447 0.04771244840066947 0.036802159492093735 0.08205681448759343 10000.0 0.03200419908114715 0.06827639558883417 0.0656390487826388 0.10687426478126959 0.006015235786232256 0.010790378421974143 0.053134894629263525 0.09146772889847375 0.062345711137055046 0.031012220863372294 0.09639740807772325 0.07459461159252184 0.08057824017742166 0.08178830170647342 0.05451398819496164 0.02000000847664505 0.05495401236144264 0.03633808628486294 0.04849830415874106 0.034047339908135556 0.039776662268364356 0.08735976708988276 0.014862391986098586 0.051376965303677954 0.07773650868223522 0.02374371894957111 0.08759836940580393 0.06288109485989209 0.015581258578483331 0.0536908365021744 0.06576339836537154 0.04152038914593131 0.055997504588996924 0.07512791387017168 0.07713192560378444 0.028648422074505128 0.006994757790976291 0.06798245084117485 0.021121078217675556 0.01115021367588727 0.017334044817346697 0.047926082662711325 0.04648364561805477 0.05513196882209822 0.10680072502181817 0.05058430255705519 0.0712870071713673 0.007154192660866295 0.05056319602162851 0.03127533132921957 0.04641518316376448 0.07888422641236052 0.0721496426910711 0.04730828194479042 0.023099308214494328 0.025136994862526393 0.04924972398290386 0.07980452621089411 0.06966789441274147 0.046560324424423837 0.06806883083140287 0.023823215318658903 0.06958133205198917 0.054377935891373325 0.05748044499792413 0.06733153937207856 0.07196072856569928 0.09282555264797611 0.08182523427407569 0.029339767625567913 0.08774550896924233 0.04472057280620389 0.019437909408038394 0.028158047314393014 0.07471860284733256 0.0784793901816234 0.024269932753628497 0.09666704815225231 0.03221404188704245 0.05628893033731077 0.014516042972504096 0.029022276405535077 0.09289737712002141 0.033518915392817976 0.05278055671617069 0.017352942246765025 0.05798160759467654 0.04420768359360653 0.042132006128571535 0.06830394563467049 0.04748849668959589 0.012015816374164295 0.07451340841950267 0.06773189340857899 0.03806042335954725 0.08649447362553851 0.040948314390526486 0.046479694507118426 0.023420608860576047 0.024370023153440726 0.0122272904480788 0.07691799040339029 0.013377018370183083 0.0690941004931408 0.033717847937199404 0.028141241237857998 0.06907556978740129 0.055804199498969774 0.07543202714112296 0.022066529473085822 0.024586198841396397 0.06588900252342667 0.01625103261560615 0.039293528835439906 0.07168174453153035 0.005184035130978046 0.015456977055878535 0.05825655835042184 0.019343503621217676 0.027748151664840615 0.07957624687858365 0.05778000416121435 0.060069921958402876 0.09663519575284021
 0.03445440379870559 0.02317056628644107 0.06285936690890548 0.01884110929310426 0.005318006543399911 0.06806129729473061 0.03200419908114715 10000.0 0.041427595929364514 0.038650101056205435 0.07487008483448507 0.037803007108040985 0.021687175504461313 0.023673708805438783 0.05966305025543235 0.032965822353884705 0.033640947730771836 0.06526710895304517 0.04284630546528707 0.04906744150522135 0.05015010792595136 0.023552071880077293 0.05200420746178637 0.03993627204862949 0.022546420307395596 0.031150556490843286 0.015848913964190102 0.007772736000433565 0.05560980843374495 0.0394885370314128 0.027265264630437155 0.04732886527357428 0.03868535945399497 0.056576529987952845 0.04209286838141615 0.03303250907989305 0.02216492459073486 0.03829531830210321 0.009960614966684671 0.04042586126827289 0.04478709349698046 0.0451323492267062 0.03423502669383033 0.028402242628083975 0.03597827424874647 0.05312479432585053 0.03983990632395311 0.03678620175398983 0.01725778189087016 0.04335690071114344 0.04638772153022134 0.07479997419171891 0.02696326154505186 0.06025437634708657 0.03639685104206648 0.02142889129208204 0.038559668314092285 0.03012664242167265 0.05377236172780548 0.04225507561376143 0.02664554383208833 0.022321703398461 0.023018875983046933 0.01823201173549823 0.050911237473830306 0.05275471777831656 0.03548132985703977 0.039046418138055 0.017713048395708565 0.05678445659118053 0.03911026473981489 0.038446739169022304 0.03615642927343259 0.051614840516065866 0.061466832803531664 0.05199855253310345 0.01763420178655976 0.058182259325810726 0.03980914286582895 0.0465498038673429 0.010939046212624239 0.047277806344096465 0.047234457890125744 0.01033289711803218 0.06468079842676518 0.01899294148510884 0.024367488102356883 0.01849782990826757 0.029263618162464304 0.0609191141699023 0.03742883052058349 0.022149283551722892 0.02189085192252685 0.03295620759187977 0.021234881115727074 0.02392065851066409 0.05950263720445513 0.01550455604130184 0.04315808463914718 0.056518488423645 0.04272731473632042 0.03483122993982101 0.05738106920822398 0.016469396075897452 0.01948164624992354 0.009130359587591579 0.03645400984279872 0.04309147596848196 0.051368596397175524 0.041787658340727604 0.05717944265797557 0.01983543911625051 0.008007219036696973 0.03734742961378154 0.03171332141982726 0.04351795618255361 0.015861845025459245 0.02417078165365534 0.05586495959361728 0.016421748879121602 0.02519929825239452 0.06158630039951167 0.026938831230630077 0.03627705827314536 0.028354960980589736 0.028490783518337132 0.028918625790638062 0.06601538766299525 0.042591587598051976 0.052402900419359966 0.06503410708815541
 0.061556137568838314 0.05741414860969431 0.05795550593247723 0.022600707570979744 0.03634638436559389 0.03965350899391124 0.06827639558883417 0.041427595929364514 10000.0 0.0027778764757894732 0.05322645412291154 0.07288987881823283 0.06022776717415774 0.04351993241087977 0.04689300725192305 0.010989930771424579 0.07460982794107932 0.057158665934491995 0.03772457996657964 0.04336753981099294 0.026943427634498036 0.021215023829892297 0.0868478006885456 0.07202693311741051 0.06080456666324347 0.024518777168741675 0.05454923943111704 0.03625251801363818 0.04486424131620807 0.07932566685174616 0.054688156156456634 0.04926642303487768 0.06078330291380922 0.05167414116685717 0.06762181775129605 0.06072627230145338 0.03554770692636864 0.05397997587571705 0.03257471688635245 0.07191737834307468 0.01485251626132565 0.033194911726413034 0.07550021762490473 0.062234686244592226 0.02922884104422246 0.08784612591307785 0.07834734276838477 0.06346422572755572 0.03954096453277914 0.08172425655758693 0.03673837217469013 0.052411276578554745 0.018028977227682354 0.09146809270372488 0.07442206147257839 0.04394496256005919 0.07979120457069637 0.02657352093958643 0.01285156880019418 0.011620047647959876 0.022358688134841993 0.047136833222760584 0.06431377081395058 0.025065991699589375 0.05729959497882318 0.07989150653461986 0.07146376937621168 0.007462019493516073 0.044837844565790486 0.03442677054282907 0.0712201374811046 0.01914924627974516 0.017971159536668214 0.01876323005950599 0.05271345468618439 0.017090837591696523 0.05818888349838374 0.059778326422883284 0.04079994127671585 0.07513909385423537 0.052016097892942315 0.006520041047390308 0.044451473632149574 0.0516672602515273 0.043234479394131185 0.03692066846262462 0.02653479182068823 0.05396949142726442 0.07026628725638918 0.04002649935348374 0.050431527378116625 0.03969268018714428 0.05177900327588573 0.05606984406593104 0.024144176629018257 0.05897205640540666 0.09251760880064493 0.03290668724370768 0.08029117855365552 0.08161089980864819 0.0052833754139127035 0.042529469896419966 0.01943226614699295 0.02744143004024953 0.047651917660924255 0.04975688898214853 0.057683317571088424 0.07611880587209505 0.010262399455118004 0.08052040891137598 0.03602842603894767 0.03561310382217275 0.04930940393650434 0.02291655455938563 0.056890483910900715 0.03543806703898602 0.05725304656542164 0.046816662110620286 0.0885370590393998 0.052573318327525924 0.03199859080212367 0.0412604173753587 0.06324648561390274 0.06419874601581026 0.043258566816170956 0.0697975777650385 0.04733763805914319 0.038854096782196666 0.07383974692131842 0.0871977213562512 0.0374041500724601
 0.05924750561083424 0.05482475103526315 0.057412755758614355 0.01982535545035491 0.033573299041761956 0.04082875235090201 0.0656390487826388 0.038650101056205435 0.0027778764757894732 10000.0 0.05400169897552925 0.0703047888766927 0.057508407074176204 0.04122248038324787 0.04676524584311367 0.008873922107746936 0.07185121811090675 0.05684489919225887 0.03669483896624558 0.042571799558656906 0.02722027973778632 0.018721528236878848 0.08430677020427475 0.06958853148898743 0.05811439188541152 0.022736331645654542 0.051831586794482104 0.03351587126125472 0.04451704871653427 0.07659316948404267 0.05229842103615528 0.04807451917664612 0.05862158213017697 0.05101827034290744 0.06543036186476621 0.058339212716369375 0.03325956246241321 0.05208500181712557 0.029826691081502224 0.06950238104415898 0.015305609076579043 0.03255875799448401 0.07273057253620842 0.05965019521308008 0.027905064320730557 0.08531211942657806 0.07565720589222372 0.061138705391056515 0.03705049372131998 0.07906789814830395 0.035958580478930725 0.05324513213542513 0.015616747714355481 0.08913930932823123 0.0717422969643073 0.04155731262864444 0.07702337157177587 0.02471020853788437 0.015499584001842155 0.011805211542398799 0.020136735998487858 0.04468764566367564 0.06154180650787858 0.022397950914233397 0.05598159666085231 0.07770587155400775 0.06887593449414035 0.006886657364580609 0.04228183218319194 0.03480709817077745 0.06877725955464434 0.018228754768812375 0.016822586439867605 0.01995441254403058 0.052373591952289786 0.018648535535504666 0.055434743856095675 0.058808029363109936 0.03935551721024449 0.07281209561216688 0.049246513593559006 0.00907984168969451 0.04346631700821083 0.04888966842205704 0.043827282665718774 0.034453947351674834 0.02430355677314025 0.051299596015750175 0.06750530263592203 0.040493281334158464 0.048539922441038524 0.03738008516538574 0.04923632775541933 0.05386489009404388 0.021585153783371606 0.05636715302317374 0.09010877833520835 0.03033197609707203 0.07765109335762721 0.07953159098146251 0.006374219717554933 0.040726199325984785 0.021606767566331873 0.024753921613726537 0.04514736515046709 0.046985492669071274 0.05552296562509731 0.07361896599548998 0.012944824040206837 0.07782516416841183 0.036327412257230365 0.033177912465569025 0.046534811913839354 0.02186207264544546 0.05461117128705004 0.03455735623723425 0.05447522335370909 0.044435613194360526 0.08613321250492433 0.04988162676129014 0.02981201224594691 0.04161225049634238 0.060593061176192294 0.06183065641232959 0.04116820153798779 0.0670212510594561 0.04513073175877933 0.039875144625845946 0.07144373906889093 0.08469738615676169 0.03853034968903082
 0.06757044412612062 0.07413751100822545 0.02672214988649423 0.06216137636750336 0.07020079663752998 0.08793140633248984 0.10687426478126959 0.07487008483448507 0.05322645412291154 0.05400169897552925 10000.0 0.11264803227160344 0.09643350141892944 0.057146650676432584 0.017751896536282837 0.050409113242636854 0.09759873163662268 0.02201275618563348 0.03337057871191752 0.02915849403381565 0.02744710666854617 0.053885883299891746 0.12687426414440292 0.07908962033783692 0.08127616664765566 0.07580005190523781 0.07826593534853145 0.06709762874409402 0.02175589786968674 0.11264740821262427 0.06560891016893625 0.036626269459422246 0.10809734651812049 0.0271322726588778 0.0682715793367055 0.10526392998425525 0.053827150760778646 0.052693532025378374 0.06557967237640257 0.07820262605351709 0.038726588574903485 0.02976257404947085 0.09995171060539337 0.1028696400305695 0.03889181420078377 0.12799480683310735 0.11405893821797598 0.1087248625625933 0.060177415421180026 0.09600094515285555 0.08992147096202614 0.001412177972737635 0.06669477315571504 0.09069475279338099 0.11092590449307077 0.05959497471191602 0.10330860437664935 0.07745010819943472 0.05574840565300065 0.042310076262199306 0.07170682111059941 0.09176311249001624 0.09104627859664027 0.05864209990384312 0.04186780381603946 0.07701372813314504 0.08442346962682246 0.04751828234148454 0.0878877645364143 0.08633733697262597 0.07864246398968094 0.07221903462849277 0.04199670515081754 0.06923141340628065 0.02140132539306004 0.03704668309369928 0.08380450207706801 0.03590547855471212 0.09285899536581771 0.11982004309574425 0.08089866621012354 0.04910504373711158 0.032269181737323176 0.0835410255665603 0.010605034265731486 0.08235403212257714 0.05072323840988249 0.09301699975405327 0.09426657346552629 0.014370257260879165 0.1002880490802196 0.05586605341741402 0.09433822850265004 0.06130862347075432 0.07028135457928933 0.0758628661683989 0.0943351662013326 0.05940186288201957 0.11782576479800866 0.07529740605495919 0.05807258182007139 0.09311619641087915 0.038742589935838484 0.07062488525930719 0.06490111954911808 0.08364411629056431 0.10514134314274019 0.1177026489641447 0.05459006906209831 0.11581147165692467 0.08810589967878998 0.08160700898889371 0.07976144582605861 0.03871243800295686 0.06379564160333398 0.03184256443897302 0.08775417149829791 0.09242362259785253 0.09086544162456486 0.09102225140428385 0.08071656150743614 0.09305461604199718 0.10179589647623705 0.10881402753765895 0.05238606161628696 0.09916492188855157 0.0948562432632636 0.08805423520677054 0.07900116704278701 0.09338193999357679 0.016788298725341568
 0.062002905681441185 0.04866896453915008 0.09956640806998884 0.05290534783724307 0.042484947398424455 0.08427752291675844 0.006015235786232256 0.037803007108040985 0.07288987881823283 0.0703047888766927 0.11264803227160344 10000.0 0.01680080335950249 0.059147110413806825 0.09736714883192242 0.06744996823715875 0.03534031185129582 0.10238374643011368 0.08050181047301395 0.08652528490518951 0.08733502529821312 0.05996567058472016 0.014347038319963559 0.06028193339554728 0.04200682510820952 0.05210294768294389 0.039972661435460764 0.045571416960599 0.09327097941729309 0.015788767541090716 0.057300580134283394 0.08374530842323333 0.023109570380184272 0.09358852597599658 0.06855115672167095 0.01604109437333129 0.05961620119474482 0.07174904458584024 0.04717153488671244 0.06135511219331492 0.08034605618960469 0.0829295518510513 0.03272018641955148 0.01065528021793989 0.07376315618507212 0.01543975530823623 0.010590027829901838 0.016471600776683287 0.0539010512188123 0.05076335953100863 0.05708539955496733 0.11255233180187083 0.05500968095284606 0.07597073249802719 0.007960106516470918 0.05657662716176828 0.03481538170189324 0.049952146390462776 0.08309017277315513 0.07728736047287742 0.051430279785274396 0.026541356388901934 0.03054655172770402 0.05474701556871484 0.0858111496055297 0.07497315882743655 0.05172080413218937 0.07306427615331815 0.028081139471123256 0.07182172184726976 0.059736221627777586 0.06104693238987226 0.07277289123500981 0.0754398977344534 0.09879323734024006 0.08690366214466462 0.03515472704211284 0.09375925774964418 0.04648447241289946 0.014937320724075043 0.03416713822403182 0.07937559720119564 0.08445137083807408 0.030279950793938335 0.10239368695132343 0.036287881929958174 0.06199176049510969 0.01983897129569124 0.03383613826956552 0.09861532475370496 0.03442246564046764 0.05876550473674258 0.021225233732749243 0.06390653421380738 0.04874712614384928 0.047901994051827185 0.07276686765455943 0.05330610053009135 0.008584224001258073 0.07987228408140475 0.07204475643386984 0.03997798976634175 0.09140179041809271 0.04579096096588745 0.052489129977885976 0.029359040675405054 0.02447285448678365 0.006483462187806643 0.08121984569795167 0.012383903806966556 0.07119155780482268 0.03773517727576401 0.034147921687100825 0.07467531466725585 0.06170209123221804 0.08129265859211122 0.02800823364532892 0.027653488452739846 0.07053574160125554 0.021729207577212594 0.04290332775817035 0.07340004410565232 0.010867493171141503 0.01455884998893895 0.06426646662423999 0.023981607302758765 0.029955342395131136 0.08175951562345622 0.0630779030123522 0.06454403639455147 0.10214986591621876
 0.04620112360387642 0.03276319102280527 0.08277152329866168 0.03865661370723958 0.02672930092507148 0.0785469689992409 0.010790378421974143 0.021687175504461313 0.06022776717415774 0.057508407074176204 0.09643350141892944 0.01680080335950249 10000.0 0.04234635468311327 0.08082005195196655 0.05333248614012848 0.025557939934876837 0.08562292238624221 0.06394081227262034 0.06985816073100422 0.07179627959356955 0.04482040407294387 0.030583402102876318 0.04615160421871381 0.02683465263325766 0.042899522459985705 0.02369675107516255 0.029412040106632294 0.07669424653812787 0.019164151300419496 0.04095895389979325 0.06694615274964862 0.027809679799662586 0.07682018024670773 0.05313880453458217 0.01952734255131349 0.04301876892671502 0.055124734316307274 0.031478648404629064 0.04710869235794184 0.06580539334819625 0.06667136091428785 0.024052188320562023 0.010360653090150076 0.05756531539256708 0.03171558623326714 0.018401168804203873 0.02272087112120197 0.03717266812242061 0.04041112577873223 0.0526402726514443 0.09639885040783203 0.043178490817091 0.06385217874622279 0.014765327157803319 0.03977676858951428 0.027728676544435085 0.04102535153838429 0.07156212915958841 0.06300387217899545 0.040638707469112516 0.019671212684235606 0.016925894787947333 0.039494813918432466 0.06908337137530254 0.06080079206659019 0.03830919228914579 0.05923859828458061 0.01825499235484872 0.06621674084341873 0.04550392778928508 0.051735683606754734 0.057591892269301656 0.0661523275262747 0.08207412764769399 0.07275154274003609 0.019468302378549653 0.07698780111411602 0.042966488145804276 0.028708511142646904 0.017454349322208223 0.0665279920400975 0.06772378500235623 0.013479665583203463 0.08631717202679397 0.02630583807455064 0.04605401204927736 0.007474097181348018 0.02239696381129134 0.08256674496807859 0.03404073136280336 0.042011462683102754 0.014108251460690764 0.047545551174923234 0.03669903987387359 0.03223820364411831 0.06139696372151015 0.03704155078637698 0.02147091066402711 0.06549026198789523 0.0603026669681676 0.036359978654841765 0.07773760669064418 0.03283029642924315 0.035754755072471785 0.012796320415914133 0.027204158109251985 0.02281399374285807 0.06942165417787985 0.020477762951054537 0.06601033738736435 0.027844933469558224 0.017351548070431204 0.05901073384803343 0.045454710598713685 0.06485872992925718 0.01180279120637692 0.02178601298630847 0.05859573076183886 0.008015564126131226 0.03403441217519417 0.06926835779644235 0.006485613343368206 0.021279571720612542 0.04746639540920985 0.014495545623713758 0.026349438873050444 0.07616878761618191 0.04902458310708072 0.0532499381433874 0.08667684872994026
 0.018036415432913226 0.017618027273479612 0.04046933366022034 0.02676469197410401 0.02175474998608863 0.07962808177426581 0.053134894629263525 0.023673708805438783 0.04351993241087977 0.04122248038324787 0.057146650676432584 0.059147110413806825 0.04234635468311327 10000.0 0.040107357085614 0.03254156656881573 0.040628481664364925 0.043532360756232215 0.023805038954778902 0.028593838857630085 0.03786994255046805 0.02277770250834442 0.07264601738405081 0.028934362121626846 0.024264405967666082 0.046374269362755925 0.021271143542318318 0.01783473741228296 0.03589656477017975 0.056264696313238265 0.011507598200491702 0.024619464453264465 0.06234387965465699 0.03471370575677724 0.024401554955076614 0.056587778841979054 0.007972471936127368 0.015001745405604845 0.019696023736635516 0.028677808150564112 0.03856550161918569 0.028701443512089832 0.04286370652218714 0.050969644512939255 0.021468063921719547 0.0737813897182283 0.05840846602489351 0.06035020206565575 0.006889095241851542 0.041836911854907545 0.0637084761889289 0.057418263228191775 0.03806869433562921 0.047952752896176995 0.05577462173115119 0.0026010891854722704 0.04636675138291255 0.04636581559559167 0.05608484786874334 0.03784467821714753 0.04074505093719098 0.04578297230890571 0.03403367428536881 0.021123527237945493 0.027290736092365712 0.03664372049214521 0.03037360029871037 0.037581191459609815 0.04116419721982456 0.0703889563753436 0.02816889225871805 0.05045221874456506 0.02898064293798445 0.0598347414337106 0.04026336574257261 0.04596424327752398 0.026866468921863153 0.034824299994598386 0.05973153588958086 0.06961711650920009 0.025183365888488463 0.047085949303642356 0.026017320480945832 0.028868792273907422 0.04811591376726177 0.04034361849908775 0.017010798130744506 0.04136469571985858 0.03715205937351242 0.0447150709214235 0.06004556555683805 0.003855769376188533 0.04553285488149187 0.012893376179431884 0.035548488872408225 0.019406819931456404 0.04917060607957736 0.013252498891420928 0.06276918382155547 0.03892810667077913 0.04727938541272563 0.05602892536876056 0.05228999259107643 0.03193715656260556 0.007754476191018231 0.03015560361128025 0.06005190818013159 0.06505169402359326 0.05345164119987015 0.05992867642721462 0.07131422349809705 0.040636378344026704 0.025012836032244357 0.026728336717015168 0.01339307845246794 0.025711999342487718 0.03188620448046632 0.04746926244449841 0.045179927285148705 0.039274335554507885 0.04416717726316645 0.07637673402620834 0.048534222520929 0.05973295323164512 0.005156628384031518 0.04232506434524909 0.05189873027298306 0.07809335129096223 0.03049641433448732 0.04446052043247685 0.05159574881107965
 0.0498185513379006 0.056702797278617705 0.013382660219330787 0.04965244426922779 0.05541759070127495 0.08538145980224211 0.09146772889847375 0.05966305025543235 0.04689300725192305 0.04676524584311367 0.017751896536282837 0.09736714883192242 0.08082005195196655 0.040107357085614 10000.0 0.040748411463443455 0.08022112429564883 0.010751815312545742 0.016879444666295384 0.011602434553632433 0.020432102948645517 0.04112319703904114 0.11140090725694625 0.061360474889014485 0.06397263136719403 0.0661413349328722 0.061369508698926975 0.05196463593991399 0.004210973448339114 0.0961796299182728 0.048002351337497765 0.018939514352587658 0.09518411128178658 0.010445315292608101 0.05067138765672153 0.09143852515529668 0.03780392741861051 0.03494995649665092 0.05104261152428668 0.060485961320722724 0.032276500086468735 0.01573127112346119 0.0826602748261064 0.08802977342491741 0.024517038573095323 0.11253194227930789 0.09795058580797314 0.09504339231189901 0.04386295207264374 0.07825700778717695 0.08201644987204647 0.018370913284537427 0.05646394318210718 0.07359201441310798 0.09501710657360124 0.042633659487507386 0.08590311921194838 0.06744838230347595 0.0533730404939281 0.03527713646081224 0.061307512281687744 0.07841693257427367 0.07414043096665932 0.0451560146645945 0.024911853842475528 0.05987423600452904 0.06669352951685686 0.03987860920217532 0.07422945916346954 0.08131503553897751 0.06090503496707124 0.06446999842918404 0.031376726409868265 0.06504827771642831 0.0068649114955476745 0.0342449968464674 0.06695598210584053 0.02053107338954448 0.08310013594246395 0.10570488908791467 0.0645884656945538 0.04476354128402207 0.014586410907280455 0.06759950827120977 0.012207951478930749 0.06972309096212399 0.03653245305073865 0.07811501593138448 0.07702037984150568 0.011396843697225096 0.08877735901843772 0.03926843995354089 0.08027457472817735 0.04356822350242105 0.058763677560948434 0.05840227763327429 0.07703900923491383 0.0442191706644456 0.10198400568949889 0.0585359288440079 0.05215471698330961 0.08225539466681547 0.0385895006333794 0.05813623367207537 0.04782567988572677 0.06805588332121028 0.09236452783206696 0.10275452316325037 0.05151515549235397 0.09960192644513678 0.08292106184029785 0.0692110529306341 0.0637464180301162 0.026846032431046364 0.0460675684568782 0.01627047105917091 0.07143914374704466 0.07937590790621951 0.07348310477178953 0.07605913877276808 0.06943670609172084 0.08814984985173342 0.08650747272116105 0.09492012258975688 0.03516872626635964 0.08240145072703556 0.08242818251746337 0.08498672615913178 0.061324343650349264 0.075781427551831 0.0212998742346266
