NAME :TPP_input_17_5_1
NUM_VERTICES
81
NUM_CLUSTERS
17
Full Matrix
 10000.0 0.06651523567993867 0.017130990588406593 0.037994711442824736 0.06827914047322912 0.07918121385006556 0.07602434484030048 0.059055725700175705 0.0664997080128595 0.0857881040840226 0.046675594563488916 0.0288568099291424 0.06441956073061625 0.016472842440935533 0.06623307869891983 0.0618017369119006 0.06412708421724694 0.011685731563755512 0.0615590564375338 0.10088106471234796 0.07857193939137821 0.047498147646471874 0.07566912545382146 0.08226380935048463 0.08482846867405984 0.04822077912692138 0.07088250414734164 0.04499074435372363 0.03142993725472508 0.09603937607340665 0.03586877050588856 0.05526986956177362 0.02200316868509413 0.04526456153068283 0.06862318655552403 0.05127382535083705 0.08117645136506045 0.05702691406426971 0.06377868518387637 0.04774438919578759 0.06965394208229206 0.07173166048660606 0.05977642360705349 0.051118317119468244 0.07634339761441959 0.06537823774971173 0.026440310431067385 0.05200387335095998 0.01512822451075219 0.047004231415505006 0.10472496020862981 0.07098564214659418 0.067852550448977 0.05584771582131743 0.08964215891906362 0.0467966434835563 0.06490028243428073 0.06118252078756254 0.0556982172064685 0.06401156839723585 0.08457235312634469 0.08883323068494992 0.010616887722958986 0.015115959976252933 0.09862085099274562 0.04206624213276769 0.09252168703504143 0.07246598233341105 0.10296132872826343 0.03231599959536896 0.0873386356765445 0.08707559148089235 0.04822462311591689 0.010488949154427836 0.04306340135545437 0.05314904143616944 0.011986343390171718 0.03864536780003745 0.015025446376221422 0.058789109908540416 0.040761864449350226
 0.06651523567993867 10000.0 0.0634404120374208 0.07740171728390655 0.0314474114567059 0.0277608980587378 0.019153748323091066 0.024850043675992327 0.01820319958970038 0.03748180394474211 0.019902907977823504 0.04074729987229544 0.012751548139199839 0.052927934711354464 0.03427351374165061 0.09060382439870021 0.017578824353623335 0.06190807285866407 0.006339702177692162 0.05956458765081907 0.0191222442793963 0.019124538331585502 0.06914037241518578 0.06380246994340683 0.025444557319296977 0.020378713774861498 0.015755784070620373 0.03371583468663861 0.0468536281801242 0.04316307633543158 0.03072823287616227 0.07646448199258599 0.05763514266235738 0.045931946769096545 0.09027578087826219 0.04526571495914044 0.03253298582221549 0.05061092741167963 0.05983730340022091 0.062475030378703236 0.03521184022733457 0.054938699335764035 0.01160050515917511 0.015828173095733353 0.024127689004617484 0.004513583634991574 0.07867504789143086 0.04370130292746605 0.0729305281139281 0.08611527235406768 0.058609664053690724 0.00898902728391941 0.0014521069097843434 0.012849194371464624 0.03792934741082038 0.05999590141101441 0.05425025289586288 0.028368986007581413 0.05393265158576403 0.08801782971026086 0.018790650385905158 0.05350831796856951 0.07269778943281154 0.052433686769909935 0.04875075385532919 0.04527812654534996 0.06675713776926571 0.05194964214426352 0.056596079724413356 0.04975326551836981 0.05685499597038909 0.04982532420353899 0.08652214762863998 0.07558422700723802 0.042870920661900874 0.06273095028511529 0.07249425828953769 0.047878789784570455 0.06817758953949887 0.04205693242186858 0.06297625832820859
 0.017130990588406593 0.0634404120374208 10000.0 0.022515927674363157 0.07301384421782299 0.08156453314437953 0.06874944884478083 0.049938652557649656 0.05882394997219997 0.07533799085735347 0.04504762980059993 0.022698815957452018 0.06470447840193363 0.026206560746221987 0.05480663198337988 0.045750080223220566 0.06568477979222732 0.006001144259338224 0.05972322174285484 0.08796217394532319 0.07170668217319781 0.04471159682269237 0.05924242438242438 0.06681470179485022 0.07735178481785865 0.048696049056664165 0.06395485443633331 0.05077733966751806 0.01934013972612929 0.08592618735714837 0.03550174867189647 0.03822872275568846 0.035452091039684476 0.054942854651457707 0.051949994382523505 0.03732725896889401 0.08443846391832013 0.04207481135308236 0.047739555801973685 0.030902716989120973 0.058170893461635065 0.056775705619520556 0.05951617084561546 0.049798825808208845 0.06784612658360487 0.06347702146394582 0.01592841986715041 0.03840432496420611 0.0322560361054422 0.03228005856011088 0.09257362571532812 0.06584089876431486 0.06487775171658844 0.05521230349517396 0.07967823376926095 0.030181249277368358 0.04967006654513565 0.05107759116911514 0.04015425601551202 0.04743055384199793 0.07984757597130145 0.07552668177035393 0.027544815712147914 0.01462146663982614 0.08761981945213324 0.028560426150371097 0.07751322033080842 0.058018182390350434 0.09094761372258951 0.01860769672872059 0.07331446173216297 0.07424203015693147 0.033363656925825304 0.017679939031270953 0.030201964776806943 0.03641886784855084 0.011747027557556891 0.024670840359208645 0.005354580675322456 0.04553778135645399 0.023757199244512587
 0.037994711442824736 0.07740171728390655 0.022515927674363157 10000.0 0.09256603032661934 0.09934286601383799 0.07758304749144676 0.0580221172662827 0.06793121951137109 0.07897919183432876 0.06172106916299458 0.039497663834838014 0.0815263590071872 0.04868772428451977 0.0585383951015525 0.023847285798775403 0.08341372774706327 0.02838992015554731 0.07507093490145593 0.08618686383745823 0.08087375954428849 0.060478252233718846 0.04880528583339602 0.05970460406463636 0.08536524612379687 0.06660243867101714 0.0735937373611138 0.07153167653768579 0.03083812096271557 0.08951729260078646 0.05405038975729268 0.020667815087164566 0.05791784476606943 0.07696024019043497 0.03136393222834375 0.03867127428316335 0.10276669958698008 0.03959093022467295 0.04036011496731676 0.022511405112890702 0.061422507563156675 0.05213631214786267 0.0761862951153461 0.0662978052613302 0.07506468416910886 0.07853336372760927 0.014621788397845352 0.04034018046936018 0.05241890780753228 0.009969517603778526 0.09216263165397792 0.07747327141212214 0.07884545663033997 0.07185393084051507 0.08385803817422902 0.02377243336651146 0.0450380117094602 0.05751791806139961 0.036071761862434056 0.026631986646710282 0.09114392047085672 0.0735954786592018 0.04722341556013336 0.03644602875119884 0.08960022968190726 0.03351239668495672 0.07109518015631057 0.054708903830116624 0.09088064388917107 0.02770264326026632 0.06982350677764426 0.07343656941898938 0.010940491900886123 0.033327939588015845 0.035961040933961505 0.027348302268807884 0.02749749093405721 0.030099676376349273 0.022977215455265394 0.0468855556720837 0.016866826707879187
 0.06827914047322912 0.0314474114567059 0.07301384421782299 0.09256603032661934 10000.0 0.014406383765806304 0.05031892092109842 0.05321215647089262 0.04906672699724885 0.06878157282670543 0.0328423426733355 0.053174867826133156 0.01876435903300567 0.05184104294431024 0.06407021955526161 0.11078611130089515 0.01402282435846618 0.06907230890764997 0.027141063580999204 0.09090616299857707 0.049647634219520835 0.03529028938285421 0.09712932126402113 0.093691001361798 0.0551582320032037 0.026819777193393554 0.04720245335555232 0.02329341844668543 0.06283595745505559 0.07345943976654619 0.03853415444290193 0.09776251238010175 0.05049966199019122 0.028069668828412508 0.11265950319879539 0.06976602606602947 0.01397709955378117 0.07641508721202625 0.08633056408426924 0.08384522587459015 0.06561605443463826 0.08389952156344903 0.02208050593107912 0.029419421406187935 0.05553313596119109 0.02696400307585601 0.08885905531142735 0.06857679494076548 0.06794691417391495 0.10233590412560965 0.08951899696173901 0.040158836941379936 0.031157058918543354 0.024976486749415442 0.06877560691952225 0.08140320444396268 0.08174937688839964 0.057281056745973044 0.078953026302748 0.10952079618651535 0.04365955248082315 0.08486525261934905 0.07001443781653839 0.05873856858726005 0.07941025186520918 0.06624896690920123 0.09770359320781526 0.08138143431647522 0.08753026754006997 0.06635106444987297 0.08795870187559741 0.0812133792646405 0.10307968602097917 0.07872748602639942 0.06431099997207647 0.08578552367358425 0.07812797620976963 0.06732940092965595 0.07626118976578831 0.06924557656764231 0.08188453969368509
 0.07918121385006556 0.0277608980587378 0.08156453314437953 0.09934286601383799 0.014406383765806304 10000.0 0.04421761237158299 0.0523639433428429 0.04582840615515207 0.062326201530594046 0.03764447615818057 0.06003931791382128 0.018217050521919857 0.06306138353683761 0.06202914878600023 0.1154687522183235 0.015964628674050445 0.07834514593780689 0.026285298148812093 0.08420140163014402 0.04266896114430699 0.03917957482168543 0.09681637737249917 0.09148452389700588 0.04703634353780098 0.03296307960148633 0.04244098339283445 0.03515172172857252 0.06867626654775925 0.06517224167852528 0.046079398318696965 0.10176725219147265 0.06318469513343988 0.042050015221787515 0.11618770318982138 0.07167490581216765 0.004897460988945684 0.07760644252506049 0.08713123623469361 0.08766189082568566 0.06285922678935525 0.08269408956036411 0.02346911412051797 0.03317850604963917 0.04991885088891023 0.024120982677922606 0.09748356543296827 0.07024709777670758 0.08054038119525492 0.10878154668741012 0.08175278813103365 0.03484082070589231 0.026848627842605048 0.027682605664388363 0.061349724492778396 0.08516813429590644 0.0817843736957985 0.05604600100103994 0.08066605692164966 0.11351018642514371 0.03385989772487354 0.07995314085158019 0.08211470497334167 0.06798819153661398 0.07143688989230206 0.06995712716222634 0.09386085840295101 0.07970654244720317 0.07984053979575195 0.07203737231524417 0.08382537605924381 0.07618461680159301 0.1093873685419738 0.08944114845051288 0.06774231176298418 0.08872408697094304 0.08808399048792989 0.07178384379881918 0.08539015901167611 0.06942862958008393 0.0868726299461695
 0.07602434484030048 0.019153748323091066 0.06874944884478083 0.07758304749144676 0.05031892092109842 0.04421761237158299 10000.0 0.019587344950292043 0.009944548254977112 0.018473785566422693 0.03324193243851212 0.047516271069799304 0.03183256592947724 0.06509674064191256 0.022592291425823485 0.08589872684335162 0.03665556571677712 0.0688633326219128 0.02483294913889168 0.04060163707472003 0.0033766435970523875 0.030908179853900812 0.057237424921098005 0.04924561424877076 0.00880480889444792 0.03649801749692903 0.0052354713932555265 0.05129144645896519 0.0498239613362833 0.024336075763106896 0.042722241309158866 0.07153440012974406 0.07178313460197823 0.0638673293658945 0.08358512826840357 0.040189430796197696 0.04911239881094777 0.04311001175603703 0.050507830190897815 0.05858912555356778 0.021751562644130265 0.04243043321155542 0.030441921017018897 0.031004155286994687 0.005806559453373031 0.023644923867958335 0.08230878678236393 0.03843034891025457 0.08516291910715411 0.08492411983676579 0.0394578228472972 0.010199748005913075 0.019217537875213086 0.030456087990356203 0.018817831280073343 0.056325301478598544 0.04404344091445923 0.02041868099510385 0.04701426150926045 0.08225168038952878 0.015740104483384722 0.035778925160257914 0.08391617788808592 0.06099156185064752 0.02967308381483736 0.04409520736943824 0.05003733861276893 0.03884724282516941 0.03744316645076909 0.05174381956491484 0.03994000344322579 0.03199931621361972 0.0850431472382991 0.08367721785569117 0.04167366263762106 0.057120218142635446 0.07940904759657762 0.04770063567817152 0.0739790383946151 0.03385724820718822 0.06131848478961178
 0.059055725700175705 0.024850043675992327 0.049938652557649656 0.0580221172662827 0.05321215647089262 0.0523639433428429 0.019587344950292043 10000.0 0.009972168514610302 0.026952925952672326 0.024655377062970163 0.03021434903774158 0.0352680149935206 0.05060325677856798 0.011401589911048464 0.06758370755520447 0.03950778425868912 0.05070455086456977 0.026568887825827957 0.04520091319448371 0.022854862818734726 0.021521227690299963 0.044489841158159155 0.040555321848693815 0.027732006280843702 0.0304210786208588 0.01569223168395474 0.04519433051884105 0.030706763924529396 0.03700336662119719 0.030280534965529828 0.05322510225573961 0.05894802559765172 0.05751311841189982 0.0662811923706053 0.02151686013581987 0.05700818271483383 0.0259958056267842 0.035003806243213975 0.03973245681405874 0.013912014853017969 0.030733771149962348 0.03115318224856287 0.02543542746143037 0.017915510107389558 0.028245911542022568 0.06293288665314074 0.019808176495947117 0.06993903626542916 0.06554483900088534 0.04733608927219983 0.020959013175204422 0.02599797785387784 0.028491309352379944 0.030597540373985082 0.037367865360442794 0.029431515555027907 0.004177429882970074 0.0295376440110505 0.06442278314524229 0.03362739580914481 0.035328184571778325 0.06791118538602178 0.04396741486520338 0.03999245914312506 0.024517165681017666 0.045731477896604464 0.028176961970570614 0.04541166439073269 0.03235651689867873 0.03675678437975453 0.03231883574093904 0.06571675184899335 0.06574952282119724 0.02208856292605163 0.039001645341533275 0.061021031114005767 0.02811675516988532 0.05525148008552104 0.017221173549329522 0.04190374268469257
 0.0664997080128595 0.01820319958970038 0.05882394997219997 0.06793121951137109 0.04906672699724885 0.04582840615515207 0.009944548254977112 0.009972168514610302 10000.0 0.02252928948171125 0.025996743463067584 0.03781607485466614 0.03036097509212514 0.056296841521983235 0.016399384836968674 0.07732893969042043 0.035044231718557854 0.05903977315826346 0.021981556271333802 0.04358112451230034 0.013058593786843297 0.02323670573023418 0.051698111401331466 0.04565614180601083 0.018559518514438284 0.030441573945258593 0.005724498584328145 0.04563440262783657 0.03988013982307444 0.03110451440709698 0.03436676578765147 0.06295213863668861 0.06361042637180445 0.05828312131577447 0.07566107294571767 0.03129091210984223 0.050651449599659844 0.03512050013078345 0.043453275638003434 0.049612134625905996 0.01703331772864257 0.03718045553680702 0.02739828907916947 0.024902710518323903 0.010170670248250274 0.022391570559152925 0.0723806695040702 0.02955352175166019 0.07620052152093372 0.07551594639317717 0.04410533948353308 0.011926164613403513 0.018993826191174668 0.026025274130402485 0.024848603929431574 0.047271864996923055 0.03736554099839562 0.011824055917795982 0.03885837117368246 0.07399727211728534 0.023720786672484794 0.03598219900026154 0.07469582252833534 0.05141199234893115 0.03534477840010639 0.034419388215031176 0.04868391178274715 0.03400472079929859 0.04209048841137362 0.04182895546670931 0.038892259159901174 0.032435037612673065 0.07568884258072539 0.07391931908874225 0.031971685790072486 0.048631199389138235 0.069551838358956 0.03793241840641986 0.06406540502163789 0.025967259700890782 0.0518741377139176
 0.0857881040840226 0.03748180394474211 0.07533799085735347 0.07897919183432876 0.06878157282670543 0.062326201530594046 0.018473785566422693 0.026952925952672326 0.02252928948171125 10000.0 0.048504556381632334 0.05704302956800277 0.05022077542007343 0.0774593998964197 0.020783463704913668 0.08203145415065514 0.05504946890715075 0.07684654997222126 0.04281378603038871 0.02212824204247353 0.0196572605462107 0.04568227837244786 0.04712312156303446 0.036301012243569096 0.016477842827396394 0.052902930051020036 0.02200295667840346 0.06806350068895702 0.05605150847449391 0.010662502801395458 0.056324536064149465 0.06822743710120167 0.0854512434273595 0.08072100096174617 0.07776548910004973 0.04041052031488565 0.06719890145248805 0.04009185911218541 0.04422619558155365 0.057417400936038206 0.017639923351633408 0.03315836644212462 0.0484435280850718 0.047343552370461166 0.01344894469455365 0.04199419456189199 0.08667136438569464 0.03881933573029316 0.09689113039625841 0.08461239854231559 0.0216213676250568 0.028626723028929626 0.037643788899770395 0.047872355551456976 0.005038899140246747 0.055608332464867634 0.037586580016828755 0.024619627839944546 0.0440191070445849 0.07746289264687145 0.030482447746452198 0.018967719462068343 0.09482711763857338 0.07076473276723455 0.013089953652109352 0.04745147516942358 0.03401678445694008 0.02931806795963185 0.019598650207378974 0.056904023083963216 0.024208339307710214 0.015308390689960236 0.08444447280002625 0.09193283329915526 0.045433759767798315 0.054292683033145765 0.08682186856675679 0.05143704019711422 0.08069195630686976 0.03209376363256699 0.06211239528968193
 0.046675594563488916 0.019902907977823504 0.04504762980059993 0.06172106916299458 0.0328423426733355 0.03764447615818057 0.03324193243851212 0.024655377062970163 0.025996743463067584 0.048504556381632334 10000.0 0.02269966924875628 0.019887925855417776 0.03315486149213151 0.03600940134112716 0.07834479534877085 0.021787971860729363 0.04279935333362968 0.014990300921526638 0.06895136804397453 0.03489265125038058 0.0031449036214664986 0.06563460777051626 0.06416385111005729 0.04159758341357995 0.006364597842482619 0.02811875188882312 0.02053905382090624 0.03103775420757863 0.056871258086672524 0.01083027173475582 0.06505085468024677 0.038739107313550535 0.032923270799811354 0.0798684403263605 0.03728182786945452 0.041248775313528545 0.04421260923490084 0.05421569497587363 0.051063227958036854 0.03854278550468869 0.053545419413377295 0.014584953999685868 0.004751271320014432 0.0358553648992884 0.018818779212113137 0.06076715784390454 0.03623461672468643 0.053258964390139815 0.07113742687251333 0.07001357286004198 0.02564543691445721 0.021206952683506346 0.010238291785643405 0.05073853936086182 0.048607194162705356 0.050267086450863224 0.028750825601460608 0.04644842433583742 0.0768249496667296 0.03839119278185077 0.059843098973252705 0.05284002450106835 0.0329373420683263 0.061332414886652795 0.033416810026767864 0.07024357861054119 0.05166154743632973 0.06800851612739463 0.034423567089793126 0.06140899682866663 0.056674284695228554 0.07174871159646319 0.05594925858750667 0.03146982666216181 0.05294917026533903 0.053228120452783946 0.03466804426510842 0.04942656758355635 0.03801618563821328 0.04952660037979112
 0.0288568099291424 0.04074729987229544 0.022698815957452018 0.039497663834838014 0.053174867826133156 0.06003931791382128 0.047516271069799304 0.03021434903774158 0.03781607485466614 0.05704302956800277 0.02269966924875628 10000.0 0.042569325744366344 0.02238761567932297 0.03806576222288739 0.05823446551020739 0.04407587792975788 0.021563475592074964 0.03710281632272132 0.0732300626626119 0.05023436364749983 0.022081681240837727 0.05553969103104186 0.058697574354759786 0.05629258185129204 0.027148426491133172 0.04247396593241808 0.03340890857032871 0.010390018660420787 0.0672146195913368 0.014662451977216906 0.04622551956562376 0.032326297014383214 0.041681290492912554 0.06136466441668039 0.026920681783039028 0.06332659250730491 0.03400111134148982 0.04306815189938342 0.03330660480570031 0.04145313251044664 0.047570929726415544 0.037282661139125636 0.027423381573582997 0.04753700911450171 0.040828114028218544 0.03816990819692797 0.026964864901224142 0.04025169328836314 0.049185253526322456 0.0765223600348184 0.04354018570764547 0.04218273161432817 0.03293770603855384 0.060810992998932244 0.031164746432122407 0.041788917820273 0.03251415966968214 0.03433991362553394 0.057699892697160346 0.057488616505284945 0.06169529433887943 0.037830555041630125 0.013754003199254648 0.06996677823799803 0.018644149118056827 0.06768075249586858 0.047321043246896 0.07469559698522872 0.013871488637876498 0.06106353739826688 0.059529388966416 0.04991068598291096 0.036174201585806316 0.01825580969757578 0.03692341874591788 0.03221225801782786 0.017314466468596083 0.027469814638901757 0.032629017950112305 0.02959217982326309
 0.06441956073061625 0.012751548139199839 0.06470447840193363 0.0815263590071872 0.01876435903300567 0.018217050521919857 0.03183256592947724 0.0352680149935206 0.03036097509212514 0.05022077542007343 0.019887925855417776 0.042569325744366344 10000.0 0.04915715739876973 0.045734002680163095 0.09725890146399084 0.004828848925282016 0.06203701314022676 0.008705610541908436 0.07231372757751638 0.03149624197047167 0.02110347350772083 0.07967681851291096 0.07541456628846334 0.037458166718529695 0.016307665237981776 0.028477573839740113 0.024774071204936503 0.050739429751037304 0.055540242871379465 0.029405892117035322 0.0835525240992571 0.051673236821780745 0.035807267436740516 0.09800556165374041 0.05366845702703239 0.02237505158417664 0.05981227843950075 0.06949976612702782 0.06944799262683117 0.047083967572696256 0.06597442938142761 0.005341676582984388 0.015234088734397785 0.036879226438387876 0.008240525935438317 0.0805207128021697 0.05229122266984115 0.06826257904781888 0.09084058099863503 0.07124436633926692 0.021632838163869086 0.012625261007947126 0.009676191076938064 0.05051844198994828 0.06695476653191111 0.06443735295629996 0.03920007316568099 0.06273571943084445 0.09529874816697217 0.027881238269707332 0.06610130929032285 0.06893262976894383 0.0518556617230863 0.061285343175666196 0.05174023076634449 0.07903965446873551 0.06325538614865737 0.0692376189592692 0.05404094438547272 0.069243793710516 0.06244949339709405 0.09141030455475366 0.0742879798837278 0.0495300424162861 0.07057892671105866 0.07220511572157934 0.053593256831430534 0.06887772099516816 0.051962811505997054 0.06870835116685023
 0.016472842440935533 0.052927934711354464 0.026206560746221987 0.04868772428451977 0.05184104294431024 0.06306138353683761 0.06509674064191256 0.05060325677856798 0.056296841521983235 0.0774593998964197 0.03315486149213151 0.02238761567932297 0.04915715739876973 10000.0 0.0597552792124985 0.07146393314462189 0.04838993254696276 0.020567747837156758 0.04741446407896713 0.09502519165128917 0.06723273831027796 0.0346980565054972 0.07686250362350472 0.08092598455264866 0.07379959518767856 0.03338210145451025 0.05986142369249719 0.02854765091266157 0.03005190437465692 0.08710051857031244 0.0225889447316765 0.0622042621266344 0.010466821805594932 0.029486034011429695 0.07681147100468375 0.04905291846670297 0.0648750062914624 0.055911356985660354 0.06441348759568 0.05158632632465759 0.06306441932645089 0.06984405658040727 0.04487149106791333 0.03712515635579224 0.06645145361580228 0.05114855212613581 0.040200651608572543 0.049234025786306666 0.02015560085671401 0.05848661084752124 0.09782354785312665 0.05860883153012067 0.05416248643229628 0.04125901237116806 0.08071372989519464 0.049941136227980694 0.06381854752909144 0.05357638544533314 0.0557368815854455 0.07251850842662605 0.07154134856500267 0.0837991126558509 0.019875079798669898 0.013156542207745429 0.09054104558575327 0.04027611331360042 0.09006137280085193 0.06969547992083287 0.09593126804209323 0.03254439061716252 0.08338493560280726 0.08145991258633288 0.05956602624304102 0.026957180009772614 0.040320873586799706 0.05625336051731398 0.02722765288826747 0.03798146213501636 0.02730587073239238 0.05501603008863079 0.04583184322197946
 0.06623307869891983 0.03427351374165061 0.05480663198337988 0.0585383951015525 0.06407021955526161 0.06202914878600023 0.022592291425823485 0.011401589911048464 0.016399384836968674 0.020783463704913668 0.03600940134112716 0.03806576222288739 0.045734002680163095 0.0597552792124985 10000.0 0.06397270596984504 0.05018491477484267 0.05668050587927086 0.03706207171375424 0.03527072069848751 0.025875134764879286 0.03286758807975082 0.0353425981999012 0.029680655625784983 0.02835461408975229 0.0418220687671256 0.02108874781176121 0.056542297729845564 0.035661575875295094 0.0314458130292877 0.0408461446169627 0.04971753281417621 0.06872807065241028 0.0687843733199685 0.061145544766224934 0.01986770556607794 0.06680558958434042 0.02101540858014284 0.02791557063060686 0.03765165881816813 0.003421730986890379 0.020781650884979172 0.042000919242212165 0.036813715722637204 0.018116252218687564 0.03818008156273471 0.06588836477033586 0.018205979641503348 0.07831737315133255 0.06472696896078915 0.038517064720991166 0.02823294924872176 0.03519765726591044 0.039639728510051084 0.025472725969585084 0.035629514540748565 0.021481158370922647 0.007259708146224338 0.02501020205469704 0.06002856525636626 0.03828798737630079 0.02444272791442393 0.07576383364329606 0.05148305069508731 0.03281540830146211 0.026684197679954204 0.034334008864594125 0.017677477233527167 0.036732938254690206 0.03626496253992426 0.025421666129692076 0.02178089402103491 0.06466941138557436 0.071715390952748 0.024720213890682536 0.03534455196436467 0.06640121844316511 0.030674345910760525 0.060150617388434136 0.01202628405838716 0.041709976953837956
 0.0618017369119006 0.09060382439870021 0.045750080223220566 0.023847285798775403 0.11078611130089515 0.1154687522183235 0.08589872684335162 0.06758370755520447 0.07732893969042043 0.08203145415065514 0.07834479534877085 0.05823446551020739 0.09725890146399084 0.07146393314462189 0.06397270596984504 10000.0 0.09997131819294588 0.05174024926973379 0.08970389005823894 0.08295501060916201 0.08927226389261379 0.0764157402928613 0.04016423147107857 0.05327148294796753 0.09232373201641243 0.08403423879695128 0.08299339285707334 0.09157272519494102 0.04809437360013799 0.09171728855169968 0.07273666979491514 0.014380063107699731 0.08113465877034871 0.09852321422714694 0.00959895200596189 0.04606930422960246 0.11940458537584847 0.04296339601446382 0.037945430798042544 0.02813153034033838 0.0659797940949879 0.04992782947454364 0.09200633411117488 0.08248252257698142 0.08201864570612785 0.09270775939460123 0.03752941764410192 0.04779069162701369 0.07625971602798542 0.016361988316113518 0.08997798600258229 0.08847293306743174 0.09197113867620782 0.08785983206751771 0.08706755609967866 0.030607941692596168 0.04448113684187416 0.0656551796520939 0.038983840725248256 0.0058924486309660275 0.1010138133623481 0.07130107858712326 0.07105101170148397 0.05863478504283655 0.09011894071135433 0.045587954177481974 0.06403382411234786 0.053500639795027206 0.08914864751053565 0.04455266679285439 0.06622359475169859 0.07237269878861269 0.015055010818613306 0.05692290771763262 0.04789497251411604 0.028778640242449617 0.05127423482297152 0.043725810906834514 0.046776397910624865 0.05213221916684493 0.0289022014841584
 0.06412708421724694 0.017578824353623335 0.06568477979222732 0.08341372774706327 0.01402282435846618 0.015964628674050445 0.03665556571677712 0.03950778425868912 0.035044231718557854 0.05504946890715075 0.021787971860729363 0.04407587792975788 0.004828848925282016 0.04838993254696276 0.05018491477484267 0.09997131819294588 10000.0 0.06262322482459193 0.013152621390459578 0.07714223246109912 0.036272249116936335 0.023556352696979418 0.08375377075011942 0.07984889309503063 0.0421545818388099 0.017016356142459395 0.033292961097218014 0.02224333807636666 0.05281633715938504 0.0602943824740848 0.030183042050627336 0.08646399017652596 0.049944260760671294 0.03235227262142352 0.10109017171885075 0.057176565346378494 0.019469482526891676 0.06352933554651714 0.07332100243807452 0.0723890782840578 0.051645850356926384 0.0702414024295228 0.008476758269538531 0.0174889716708889 0.041706021724463214 0.013066319605567388 0.08159012948649139 0.055867492562677104 0.06690469171032197 0.09289597846935142 0.07605373961896697 0.026456017207929176 0.01744175897423064 0.012199923705488029 0.055321459298052496 0.06990626923933405 0.06844287567622657 0.04351391392816734 0.0663117530652207 0.0982354638912933 0.03205276350602322 0.0708638293387365 0.06793544857389158 0.052307709310082495 0.0660737170211147 0.054655549277876504 0.08369178994642561 0.06761255677647522 0.0740486783137927 0.0562112682973681 0.07393641848901 0.06722373409777968 0.09352118471140627 0.07421953919676516 0.05253287749738602 0.07380465386215043 0.07253797545834983 0.05624560494381763 0.0696104342586659 0.05593785385955734 0.0712353756691607
 0.011685731563755512 0.06190807285866407 0.006001144259338224 0.02838992015554731 0.06907230890764997 0.07834514593780689 0.0688633326219128 0.05070455086456977 0.05903977315826346 0.07684654997222126 0.04279935333362968 0.021563475592074964 0.06203701314022676 0.020567747837156758 0.05668050587927086 0.05174024926973379 0.06262322482459193 10000.0 0.05772251692807046 0.09067811247520201 0.07167063368929388 0.042867577196778604 0.06402236315824827 0.07090845544075967 0.0775907487592091 0.045802276624311244 0.0638982842879734 0.04638646005859023 0.02109703679599861 0.08731742685280623 0.03263124435793837 0.04409330904456547 0.029528287700971947 0.04970345815612366 0.057931195185808464 0.040426395196273765 0.08097075483232756 0.04580443868919457 0.052213212236200714 0.036066029762045274 0.06009008267451734 0.06054666428851567 0.056982307627138094 0.04751299869565636 0.0684647023460738 0.06153076732109244 0.02007864599116093 0.04131062306536506 0.02673943865541356 0.038044447391620974 0.09492086499166166 0.0650943299269083 0.06332051567096322 0.05275985529323736 0.08098382561623817 0.03511343128006586 0.05359670266505157 0.052301428832568365 0.04426501487583403 0.05342305057009307 0.07902133606901882 0.07841612796826528 0.022288762654861398 0.010380380433041132 0.08941614768864369 0.031326030258556674 0.0813476243689461 0.06149064376108038 0.09322567311994767 0.02134420633124566 0.07658179300521212 0.07688594005087424 0.03916080590158122 0.015088477202725275 0.0326159560736495 0.04146331050793587 0.01065317602615129 0.027674517648152357 0.007205157916481856 0.04829410940659079 0.0291364690014152
 0.0615590564375338 0.006339702177692162 0.05972322174285484 0.07507093490145593 0.027141063580999204 0.026285298148812093 0.02483294913889168 0.026568887825827957 0.021981556271333802 0.04281378603038871 0.014990300921526638 0.03710281632272132 0.008705610541908436 0.04741446407896713 0.03706207171375424 0.08970389005823894 0.013152621390459578 0.05772251692807046 10000.0 0.06474001999414124 0.025167144496562304 0.015021939662027566 0.07100577130885573 0.06673881825094738 0.031626844844042566 0.014344417311168617 0.020817231625165283 0.027377591556418526 0.04425516318803082 0.04908375809781312 0.025701178077678265 0.0758041541510243 0.05164783674155114 0.039631633369267005 0.09004814447289702 0.04539634440670358 0.030723196211676483 0.05135221437355338 0.060957064708969194 0.061707270598327806 0.038493306387735134 0.05726903854365932 0.005631976706616427 0.010440939477654832 0.029365741439932296 0.0038296506731380483 0.07526762190652579 0.043962059353936725 0.0672665141714596 0.08411876041874901 0.06419507156574909 0.014928789118043469 0.007176428934882424 0.006581887101633614 0.04364424593295664 0.05921132559632988 0.055799046888227455 0.030494573095239407 0.05438168218373271 0.08749915136878998 0.024879546736344734 0.05792005790074211 0.06726579978228044 0.04792475049213058 0.054504526140448185 0.044117666965778936 0.07056524708573533 0.05455617305628918 0.06217255489326204 0.0473845563881124 0.06085008478850822 0.05432399983040452 0.08461310439328276 0.07092945656371907 0.041817708777740756 0.06253104065487748 0.06819415223457367 0.0462868199973449 0.06424794479108378 0.04334840509906197 0.06146689749703066
 0.10088106471234796 0.05956458765081907 0.08796217394532319 0.08618686383745823 0.09090616299857707 0.08420140163014402 0.04060163707472003 0.04520091319448371 0.04358112451230034 0.02212824204247353 0.06895136804397453 0.0732300626626119 0.07231372757751638 0.09502519165128917 0.03527072069848751 0.08295501060916201 0.07714223246109912 0.09067811247520201 0.06474001999414124 10000.0 0.04162629254571804 0.06594958859013131 0.04326068089864839 0.030023999721441093 0.037406632010194396 0.07390307738100631 0.04394598554281904 0.08909794268100063 0.06963534140769992 0.02085733307395157 0.07548136479929302 0.07089702480033391 0.10389875871907173 0.10170813719809971 0.07649082131034791 0.050676221064194935 0.08904650427782913 0.04712336852219634 0.04646123573756139 0.06367620592724438 0.03197213958922171 0.03421685109385343 0.07035256090116755 0.06841129117591747 0.0354476389085243 0.06407810391828286 0.09656684795019857 0.049557887365396014 0.11345062683892272 0.08959483573965527 0.007620251255017363 0.050747903487785066 0.05975949159183106 0.06949196381459868 0.02298117758572469 0.06257873333291876 0.04116299235605363 0.04170108127498994 0.0502660654827887 0.07754156765268405 0.051369592162246513 0.01264896664282143 0.11070023777053804 0.08642917568298353 0.014733496880989506 0.059458256240660666 0.02122788419275022 0.03147882584745535 0.007786419477505015 0.06948427691503424 0.016793217423857535 0.013807550120009582 0.08910997722335451 0.10543729352123363 0.05806216412428324 0.059075930650154145 0.099709111165989 0.06329670326379376 0.09317268951495697 0.0424431731160469 0.06998229922795433
 0.07857193939137821 0.0191222442793963 0.07170668217319781 0.08087375954428849 0.049647634219520835 0.04266896114430699 0.0033766435970523875 0.022854862818734726 0.013058593786843297 0.0196572605462107 0.03489265125038058 0.05023436364749983 0.03149624197047167 0.06723273831027796 0.025875134764879286 0.08927226389261379 0.036272249116936335 0.07167063368929388 0.025167144496562304 0.04162629254571804 10000.0 0.03275269309181009 0.06029892852663573 0.05197926862156472 0.006720090320166489 0.037665117635417494 0.007773172255250482 0.052161960599810486 0.0528884635343747 0.024066021324910213 0.04473187488523377 0.07490905155216547 0.07359618222387071 0.06463598316704401 0.0869234869491803 0.04356151066412934 0.0475427130877322 0.046468627807365014 0.05378448780384085 0.06196154310836677 0.024893040151216437 0.04548990435063468 0.030672755331968005 0.032276384365150665 0.008413267655129572 0.023485517686678406 0.08542354339797333 0.04180267568766043 0.08735218801523782 0.0882653554636446 0.0398714058957122 0.010239475971173672 0.018929935702024923 0.031160164595782035 0.01912929026616628 0.059694195301580766 0.04728971853860786 0.023788073031711134 0.050378848403062323 0.08561250435401008 0.012622864490437277 0.03772707822736602 0.08625671358097561 0.06359640562579161 0.029808421333937192 0.047372021451012186 0.05226160350693314 0.04185937072453519 0.03788334644800149 0.05488346436890139 0.042166650869261815 0.03393992301020102 0.08839138221955192 0.0864082936816813 0.044941301249320824 0.06049398395609551 0.0822502341914776 0.0509451957049757 0.0769087746880168 0.03721831767915829 0.06465104616186787
 0.047498147646471874 0.019124538331585502 0.04471159682269237 0.060478252233718846 0.03529028938285421 0.03917957482168543 0.030908179853900812 0.021521227690299963 0.02323670573023418 0.04568227837244786 0.0031449036214664986 0.022081681240837727 0.02110347350772083 0.0346980565054972 0.03286758807975082 0.0764157402928613 0.023556352696979418 0.042867577196778604 0.015021939662027566 0.06594958859013131 0.03275269309181009 10000.0 0.06269730756107418 0.061057774606276705 0.039416980916426245 0.009331855316661485 0.025721688395859435 0.023676684424116176 0.029657785049281297 0.054247157239647986 0.012110323210515282 0.06294184447739617 0.04088050509261163 0.036024949781536156 0.07765197531055368 0.03456398022807151 0.04299683653687388 0.041399655934815364 0.051389609615412536 0.048891306885556735 0.03541641612728596 0.05047547261937125 0.015767131963773405 0.0060716129182300195 0.03321853600917922 0.018765605614596295 0.0602493588060615 0.033456607131963294 0.054853039975471966 0.06974321212035216 0.06713404481526901 0.023914892614823824 0.02051014540698821 0.011497110311797403 0.04805726800096412 0.0464171998204852 0.04731115038705322 0.025609712564985874 0.043748424309193096 0.07471742199147503 0.037134270464340556 0.056740170758945586 0.054160665566154176 0.033309336474273726 0.05857657090817075 0.031174135996062176 0.06709882896834783 0.048553447755268445 0.06513488999865702 0.032939277533208716 0.058271066368568686 0.0535923564511559 0.07030771857962445 0.056462652807501915 0.029126624970379326 0.050550616016800005 0.0534167377478507 0.0326899478224957 0.04928602596406558 0.03500409377503511 0.047712727817177066
 0.07566912545382146 0.06914037241518578 0.05924242438242438 0.04880528583339602 0.09712932126402113 0.09681637737249917 0.057237424921098005 0.044489841158159155 0.051698111401331466 0.04712312156303446 0.06563460777051626 0.05553969103104186 0.07967681851291096 0.07686250362350472 0.0353425981999012 0.04016423147107857 0.08375377075011942 0.06402236315824827 0.07100577130885573 0.04326068089864839 0.06029892852663573 0.06269730756107418 10000.0 0.0132530314236261 0.06104924643631468 0.07199039775339817 0.056379907680107234 0.08473914341117202 0.04681288420333402 0.05522355042149887 0.065805096865244 0.029859762324315847 0.08725855020399088 0.09549766573331309 0.03323880211773512 0.029291897452591625 0.10148869747509995 0.021971884472861945 0.01248268889389028 0.028641659891605 0.03552110097849353 0.014809644532276636 0.075300013582336 0.06805835115560999 0.05196245453605921 0.07271750477519134 0.062022316739716206 0.029888311253978266 0.09047755585395797 0.04939834779783835 0.050563709998137786 0.06357254296579286 0.07018174136259647 0.0721533413920928 0.051877093502281146 0.029071948243583615 0.015406815542458653 0.04077814673047909 0.021212614274612955 0.03454254490130804 0.07291978458726571 0.03249859086092483 0.08628591721640312 0.06461632224263716 0.05232022822287589 0.036901117072572535 0.02389545428209567 0.018488876519164567 0.04996849687681303 0.044546786758704306 0.026902243902297868 0.03440343867223145 0.04863965809011429 0.07637082668609516 0.037455903842629014 0.023014482583905867 0.07001608189953352 0.03888135463923101 0.06345922760409506 0.027886260949181663 0.03603217739367596
 0.08226380935048463 0.06380246994340683 0.06681470179485022 0.05970460406463636 0.093691001361798 0.09148452389700588 0.04924561424877076 0.040555321848693815 0.04565614180601083 0.036301012243569096 0.06416385111005729 0.058697574354759786 0.07541456628846334 0.08092598455264866 0.029680655625784983 0.05327148294796753 0.07984889309503063 0.07090845544075967 0.06673881825094738 0.030023999721441093 0.05197926862156472 0.061057774606276705 0.0132530314236261 10000.0 0.05155493377760256 0.07033592428284326 0.04946912068097082 0.08430473572126315 0.051556519458078355 0.04327783914836914 0.06650897491091204 0.042140357696990295 0.09102045340590205 0.09592639992137456 0.04649125817632391 0.031879475493386766 0.09630443953812934 0.025328505914655977 0.019627746954830872 0.03793897465733242 0.028627525331780198 0.01116520268134313 0.07161052674827371 0.06573003618007751 0.04358350511844957 0.0678129843018657 0.07194999922922612 0.03173273523370719 0.0965171260950616 0.06148092421837895 0.037379961340680015 0.05701673395370484 0.0646447158219382 0.06904578686599315 0.04070446118879157 0.03762944959923479 0.01738404606535567 0.036434142272227396 0.026674815979596436 0.04772229053958255 0.064464188051374 0.019772243415029905 0.09277452053006163 0.06967833609516806 0.039782673003035236 0.04086669326552403 0.011398517419900802 0.012505603679454361 0.03685918602373577 0.05004891614378144 0.01394994342304168 0.02219734654956058 0.060830364507263215 0.08440703048868577 0.040611124446878415 0.03255323025670798 0.07818616586725866 0.04381849959232487 0.07151520902982582 0.026878217048726626 0.04511856957196575
