NAME :TPP_input_21_4_1
NUM_VERTICES
81
NUM_CLUSTERS
21
Full Matrix
 10000.0 0.05268984869271778 0.07082759944085211 0.042209752972806956 0.062490639463078035 0.05644195372285544 0.044729271694317785 0.03321436300781177 0.054124094506155976 0.03576150320182066 0.04348414815482817 0.05445011225602767 0.055150051619733936 0.017530407807086472 0.02864228462311451 0.023964071724261085 0.03645025317483157 0.046174965583634014 0.021837527593770844 0.02903730043112716 0.0699171045708284 0.014033051865650315 0.047248143561648255 0.052416510765543795 0.017107167485398516 0.03396679020849251 0.054289691077248785 0.05139072992932169 0.013065926428631887 0.027585964603872 0.02895967276118645 0.006396174607429949 0.04665773288430008 0.01630785845514455 0.06483691313245979 0.005325986490566815 0.024987709038142247 0.028231704385013927 0.06679894541816993 0.031580695026562765 0.015180231025988065 0.037408023534035294 0.054369610198133245 0.01407398256700063 0.036507126808032864 0.02371218987132687 0.0576217344899698 0.06491350464489748 0.050022914352156805 0.029635713890019337 0.028913890660695916 0.06077735753698692 0.043026653217687526 0.033404077999459596 0.04285234031271006 0.05227813888450214 0.018823719625558455 0.0511001425634262 0.0463933728647576 0.030884878418257815 0.06521157332898853 0.05130416151642198 0.022862586285651222 0.009081802293960784 0.03779508636246613 0.04897591112252044 0.04471978534047198 0.023215006014704928 0.07568511059313304 0.045228985807622996 0.015963803970098663 0.012957055888971784 0.04933545145832813 0.02224058668063652 0.059073471575047186 0.04159410881243974 0.05142859307044661 0.07144171981500376 0.03348758177865754 0.06774851657193681 0.020845229917622478
 0.05268984869271778 10000.0 0.0478980408549034 0.07321492711593057 0.04690250929325676 0.06186929663569929 0.07178097447794571 0.02117057946544771 0.010286813469624402 0.0178276836859818 0.07894811874086234 0.09471867243127575 0.0025085710047914734 0.03519041217933268 0.02763077443555715 0.03523551342549038 0.06564689457319559 0.055718995899631925 0.03381680137027832 0.02631330553795171 0.023916456261507003 0.045939797296843075 0.03410218269562851 0.08120550700801742 0.0697886772170089 0.07812528794810021 0.02522127214400244 0.025630837243076507 0.047497880832458254 0.048347637328583055 0.08049550332138562 0.05570497008605354 0.08615321082464253 0.05152671338278089 0.013241113808337557 0.05677794337876943 0.07574073272113126 0.06944465200960506 0.01660870235471999 0.06659550587605675 0.06612921852783053 0.06421259552017652 0.046533483630242775 0.06552786255143195 0.06940565808117015 0.06355107791580475 0.09503323489645765 0.015848230662568942 0.007604310761282505 0.05879661000731856 0.0468254910509113 0.00816160282513461 0.013661111895791505 0.08402474924063114 0.08054557724782788 0.08308084502433162 0.04588327807157802 0.010584744624733348 0.046689579806825796 0.08338572378924658 0.012723347177728231 0.004266402054347877 0.03162106669681407 0.056883219678764925 0.02417314908801045 0.02738500024556935 0.025063991661033114 0.041829408216617354 0.05361175638034596 0.07567867112131349 0.06814634426211318 0.054997428451094114 0.03313773993794884 0.048848847435172434 0.03448537811354146 0.08022643106236337 0.06611441286914534 0.030097257402693325 0.04704106714747533 0.01731011813658195 0.0735346488261381
 0.07082759944085211 0.0478980408549034 10000.0 0.1075635019285728 0.009879023508974587 0.03228393282669235 0.055840577865285 0.057879199525080804 0.037630600504181495 0.05508831927803617 0.11123226632170781 0.08288569969445271 0.0484878596521835 0.05843859661967689 0.045662629164426316 0.06902921627610235 0.10017229597111803 0.035417967119012586 0.06511730068369258 0.04636974922327645 0.06851699712434474 0.05716089163882334 0.07946909872650978 0.062437807913334135 0.08457056044413684 0.07574755794055203 0.023390545150875835 0.02441815213864547 0.0747375872968725 0.04671744346033309 0.0879523725561003 0.06917916662562222 0.11620512760390052 0.08013157259484754 0.043843495267379094 0.0761530224940108 0.09517819029454647 0.06779695395790925 0.0405122696036883 0.060861160258027076 0.07644616702448934 0.05273586853449406 0.09228240035548844 0.08447944002211778 0.1024103727042451 0.06396779821751286 0.08006907629367806 0.03857997230214262 0.054880721242989684 0.09237115479168585 0.044677029110449844 0.04749963009361848 0.04047810866815096 0.08874112608849878 0.07053688899076402 0.06545424712516845 0.07680597659296061 0.037701736829812184 0.09012269132233963 0.09784273893204205 0.0472068190191796 0.04392866738427017 0.06258899534017247 0.07919582939191022 0.03675238206106163 0.024869660936857895 0.029589208319420537 0.0479202483850809 0.0058464793955209345 0.11050986126960886 0.0802116376317469 0.0634449675138604 0.022060402672354398 0.08128940925234934 0.08218142769747828 0.07127819663117368 0.04229189142102544 0.025234409751581845 0.08537067986037755 0.04103245511714621 0.08741567424554768
 0.042209752972806956 0.07321492711593057 0.1075635019285728 10000.0 0.10068001119777306 0.0982362278872929 0.08619935812784382 0.05325674407831734 0.07983614985035788 0.05673685838378759 0.007271225677012173 0.08953239335324303 0.0749768367208084 0.049258023149640895 0.06190109709960665 0.03957559052900517 0.007641200660914777 0.08795136525099793 0.04288217897233713 0.0612443361440997 0.07825156173101785 0.055223943389176446 0.04558511128820931 0.09297432508709218 0.041986694933509545 0.06972858539047279 0.08675425197682773 0.08453023033026569 0.033373532455174236 0.06929982049741266 0.05509387591562907 0.04756259339204698 0.015859045642048354 0.02800488374059504 0.08633645020263803 0.038148943574096685 0.03333048929492824 0.06727263317694891 0.08981707039199698 0.07248013813959477 0.04969941839838759 0.07933758800812332 0.041476707694947004 0.035434436334447934 0.005704486619975819 0.06428642520500417 0.09416121982733751 0.08885743316542592 0.06681153794709581 0.015252151046320384 0.07033633086591083 0.0806160680423804 0.07068008956121052 0.06040356495559228 0.08114147553607949 0.09226623692573512 0.030759531654283485 0.07750318244703346 0.03384592936129487 0.04374278511061547 0.08505945929353963 0.07431843583631592 0.04548647251879651 0.03341446913559645 0.07100365687741074 0.08314457906476254 0.07838079550526657 0.06346785656168538 0.11302595236826081 0.0030488349046141395 0.04669248755323029 0.05488075662332307 0.08553716943272194 0.026344956559228357 0.05626986160456511 0.0795844008422173 0.09363621516139758 0.1006356584226088 0.026520651168598693 0.09052416570158163 0.04342306657411932
 0.062490639463078035 0.04690250929325676 0.009879023508974587 0.10068001119777306 10000.0 0.02331803682835949 0.046106453872003635 0.05328625504473918 0.037063109338713304 0.050877062870854875 0.1039332319616157 0.07318766782090574 0.04797945541798143 0.05143135938305727 0.039168965270828054 0.06312154144489143 0.09344589211072464 0.02557542217328599 0.058978303154973544 0.040131386615820074 0.06930044270510759 0.04859997431869712 0.07603840640105318 0.05298682594552703 0.0755520198312604 0.0658923090020147 0.021730614869695304 0.02144828202910356 0.06747714523183748 0.03737252908662253 0.07836763134754773 0.06038480821109559 0.10848879970191398 0.07289418011530091 0.04562761704472099 0.0677946003041557 0.08643440991018993 0.058000759834320556 0.04297232699265301 0.05100874536090534 0.06719757689442912 0.04285815534551504 0.08876173767723683 0.0758716719414822 0.09537019473398534 0.05429608235152906 0.07053066562080347 0.040723025179981484 0.05317494559832486 0.08562994595782679 0.03538966370208043 0.04819439494814258 0.037108921373882726 0.0790224583866537 0.060702571129365585 0.055952989013724926 0.07005418211310277 0.03632501607532264 0.08574635740212774 0.08861856421285721 0.04884118603867606 0.04268942752994778 0.05655296301378567 0.07110747614123594 0.031126074737668905 0.020586884760287597 0.0247651041754178 0.03932965832196842 0.01341523031748884 0.1036724491940906 0.0710360430647028 0.05434646359657749 0.015989449280493798 0.0746441883751927 0.08017590560397056 0.061424427822216625 0.03289532098361361 0.030269310019802723 0.07975773533448578 0.04367275510079784 0.0782751120209676
 0.05644195372285544 0.06186929663569929 0.03228393282669235 0.0982362278872929 0.02331803682835949 10000.0 0.025154318181980637 0.060506700143223464 0.05366506146294795 0.059265935735946795 0.09992199925922493 0.05148487154260571 0.06361140364286384 0.051904959323492116 0.04331668050387574 0.06586588852447811 0.09180518247777776 0.010287651335871036 0.06141024386290564 0.04485312594953961 0.08568967938215881 0.043012703257925354 0.0842740418168688 0.030437387139660155 0.06508118458552879 0.048283778769978546 0.039511448083190355 0.03761877582836059 0.06543489362467028 0.028947916929538933 0.06382276700178702 0.05221289527124841 0.10277635195542852 0.07054766280291366 0.06448808252456893 0.06122393245305717 0.07696075003468168 0.041990390803918906 0.06272954746090288 0.034293606420160265 0.055763824034051716 0.024974143748204527 0.09619765979142712 0.06758580895832561 0.09258279739115977 0.04023343370757432 0.04815372805667791 0.060283094205294735 0.06641346760222747 0.08428799061921413 0.027935076509251165 0.06553018478187132 0.04914665059699237 0.06312695242244794 0.04043635523130979 0.03353847655698833 0.06959799881299374 0.05185511522655208 0.09123697640125607 0.076357328230944 0.06733879662146998 0.05767898607336073 0.05954046219283772 0.06551813414802206 0.03953130465517226 0.03503523418528036 0.03680693923097727 0.03525936199366063 0.033189353734154 0.10128290653801872 0.05985229894690754 0.044963251972876817 0.02929830301728109 0.0742320390799261 0.09124960402722536 0.04150455818619798 0.010526379537213432 0.0526713849649821 0.08221898792063423 0.06357811035310876 0.06694141362587548
 0.044729271694317785 0.07178097447794571 0.055840577865285 0.08619935812784382 0.046106453872003635 0.025154318181980637 10000.0 0.06261615661282835 0.06627571038708456 0.06278751432823422 0.08619717434927299 0.027095759538312704 0.07402743731016277 0.04854824891982386 0.04617222228228311 0.06239482480022 0.08100175929412598 0.02075055530011865 0.058296005592546725 0.04782156858862081 0.09516840064789406 0.03520798397561371 0.084672202572127 0.00949869197985572 0.047183798244692994 0.024512932098685665 0.055477985417038855 0.052712563685311305 0.05679791798580538 0.024538765744297957 0.04189549399119466 0.03880416430271152 0.08722708197150757 0.0609072699732663 0.0783837426487929 0.04813079904992019 0.059121537377742346 0.020698378503943623 0.07782257726855292 0.013903446852740487 0.037879072602576 0.008250704765536715 0.09482742896800828 0.051791641626792645 0.08053221824602444 0.022041380801485187 0.024982358049174508 0.07533667285728006 0.07398246775230105 0.07436255987371407 0.025521074546345772 0.0776057978112563 0.05812271989247122 0.0400478694484409 0.015292737021635848 0.011364562158696516 0.06213995560321467 0.0636746736556936 0.08809255605168667 0.0558494149558138 0.08058519038515845 0.06813684895782869 0.057345723196944545 0.05293452303860342 0.04763642115579677 0.04950489341534345 0.048870350661954415 0.032476134931039076 0.057701467564480934 0.0891344188973357 0.04173472276556695 0.031776120720966854 0.04495434538079168 0.06627039100388735 0.09424708123504064 0.0164325085316546 0.014745559662622683 0.07195345136980892 0.0765506927626616 0.07878800588893309 0.047966127708125375
 0.03321436300781177 0.02117057946544771 0.057879199525080804 0.05325674407831734 0.05328625504473918 0.060506700143223464 0.06261615661282835 10000.0 0.026587609842918657 0.003504599559191128 0.05852886565104461 0.08157575830861581 0.023385055842035297 0.016775570942515295 0.0173880322390787 0.014188740318595258 0.04561698069551334 0.05179899928311592 0.012728309413957556 0.015767463507383585 0.03688227036603327 0.030273763416573438 0.023780138025251973 0.07201895475866626 0.05001105559142403 0.06288160901173366 0.035105061745270866 0.03352439253846479 0.02643356966278512 0.038109786579531665 0.061992443878433424 0.037373219900875235 0.06539761893856295 0.03035617301813784 0.03432976653829739 0.036662305717763494 0.05495401353843525 0.05484797754999484 0.03730643116032706 0.05399254277085735 0.04776566628763511 0.05441328265071664 0.03601351174081754 0.045083116701722444 0.049019887852769825 0.04895642372673784 0.08305837053427034 0.036040153313184435 0.01698503216398145 0.038360620184092906 0.03738296273391026 0.029247093455447588 0.018000783025612588 0.0660891590087978 0.0678934889267086 0.0732155767958395 0.024750565756407036 0.024266638425004945 0.03246174062677732 0.0631866700595904 0.033840099480841684 0.021367554190885797 0.010747560005040265 0.0361823879471291 0.02238372398278622 0.03313612690186542 0.028604198981847476 0.03014479047861803 0.06368058870304805 0.05591015532011131 0.049135000197779055 0.03860747975001229 0.03730913876204595 0.027946932042051387 0.03173744534683993 0.06719920661827784 0.06132668365108856 0.04743509782396744 0.0282410173422127 0.038116522158942054 0.05378725351094488
 0.054124094506155976 0.010286813469624402 0.037630600504181495 0.07983614985035788 0.037063109338713304 0.05366506146294795 0.06627571038708456 0.026587609842918657 10000.0 0.02309995698235743 0.08508432963158533 0.09070538272825412 0.010964032331959127 0.03685543168026789 0.026257409690422718 0.040591641597309595 0.07219828008685653 0.04858960188703748 0.03818546570278403 0.02542831150289815 0.03246197381868054 0.0449670074648829 0.0435910079606747 0.07549656587921103 0.0710750549126585 0.0756347535350637 0.015345870642712214 0.01630549020518818 0.05133859448701226 0.04431694008510009 0.08032399765450546 0.05603238152803595 0.09179292064839542 0.055959538986448454 0.012264471172754822 0.05876487442532115 0.07840153205223424 0.06678163176959152 0.012938273723036334 0.06290979517573549 0.06614898275066554 0.059221557348824304 0.056237550475225745 0.06775246252579846 0.07559054002468876 0.0610742294713127 0.09040311604663152 0.0108440683334186 0.017571287802730803 0.0649343259445148 0.04251893667221772 0.011872127844825608 0.011112845639804138 0.08331335730263545 0.07652136273364721 0.0776396648842378 0.0508029286439295 0.003078592063328129 0.05566191716844649 0.0849827232042673 0.014314575108569651 0.0066051328540248306 0.03569290402064447 0.05969663892432414 0.019566343531643555 0.018634585718711988 0.017598993485240858 0.03902387614132658 0.04333065120541359 0.08246752596411101 0.06868487268668627 0.0539698812693314 0.024407858114088892 0.05436152173926497 0.04474181328281145 0.07640915985582764 0.05897729193970026 0.021131950079358107 0.05437349889499644 0.013931377058901868 0.07471636949850581
 0.03576150320182066 0.0178276836859818 0.05508831927803617 0.05673685838378759 0.050877062870854875 0.059265935735946795 0.06278751432823422 0.003504599559191128 0.02309995698235743 10000.0 0.06203173226336207 0.08265498383965332 0.02010432471996081 0.018763359446388312 0.016826150027457007 0.017676881439954897 0.049098522651250476 0.05090357048691814 0.01598911863875207 0.015157616768998546 0.034918469508538136 0.03162165182312879 0.02543487575256033 0.07224760660592502 0.05271161059547379 0.06437185691984496 0.032096978617432506 0.030676698296216182 0.029676203741379605 0.03825374563834017 0.06432332555778691 0.03956623708122668 0.06889789176372284 0.03373684648557365 0.030922936242868643 0.039456485760875765 0.05804856035965778 0.05614576406495356 0.03383906728881721 0.05482636754482276 0.05001604094877748 0.05465237594439353 0.03798629158538393 0.04802204431623543 0.05252082557835048 0.05021684067288434 0.0838944232092112 0.032548033600573754 0.014267602357564168 0.04186127054778644 0.03734389628465585 0.02595171247661441 0.01486192761127919 0.06827138123708616 0.06881604729402498 0.0735839528122172 0.02819538702068359 0.02082192401822202 0.03504925742575486 0.06605102220191804 0.030536652785406102 0.017875800518037405 0.013830859012008952 0.0392222190449562 0.02038050116817451 0.030510651657689396 0.026114920608411328 0.030465200541868846 0.06091202921050071 0.05937790003319145 0.051585282306583546 0.04024839383163475 0.034965401799738116 0.031444391521192806 0.03220618223827283 0.06820053287332754 0.06067005493869689 0.043997850977173056 0.03155638397238446 0.03465793381702177 0.056484156127672824
 0.04348414815482817 0.07894811874086234 0.11123226632170781 0.007271225677012173 0.1039332319616157 0.09992199925922493 0.08619717434927299 0.05852886565104461 0.08508432963158533 0.06203173226336207 10000.0 0.08730819367135821 0.08080939952650176 0.052802171098950114 0.06570785663879451 0.044524632651705344 0.013666768789401392 0.08964832308916759 0.04742765494729118 0.06520261222343181 0.08504111794909117 0.05711960283099082 0.05248618522272054 0.09240903911348387 0.04031457899152046 0.06809878621794486 0.09111800510604647 0.08875249807437606 0.03650553648522366 0.07102046587382715 0.05232421872698569 0.048213902540849764 0.00858947174969514 0.03110226680624836 0.09214604398286469 0.038878568408445176 0.030232988834373715 0.06655668473994929 0.09550131479771955 0.07232866106341011 0.04879721204974405 0.07976357335823776 0.048735009357193604 0.034522183646456366 0.009542619262013826 0.06415695058682729 0.09223112535423379 0.09442768707072006 0.07279808377008304 0.02018474705335283 0.0722376031857868 0.08652614819155341 0.07552475647352429 0.057475391527691266 0.07990461886418206 0.09146049825423111 0.03488878199470321 0.08263000052054284 0.04101739327887994 0.03981469646449788 0.09102141120205397 0.07980055824567558 0.050031095912987225 0.03442045839707455 0.07501904676662359 0.08716453326214753 0.082433494650443 0.06579783281575549 0.11656865728182791 0.007196257803215771 0.04540718621518566 0.05561664402517012 0.08917270931862582 0.03084853027983051 0.0633855283697668 0.07828834079016633 0.09463446097589463 0.10564266782538274 0.032899438819583515 0.09624213889207396 0.04114678249583508
 0.05445011225602767 0.09471867243127575 0.08288569969445271 0.08953239335324303 0.07318766782090574 0.05148487154260571 0.027095759538312704 0.08157575830861581 0.09070538272825412 0.08265498383965332 0.08730819367135821 10000.0 0.09712248556413734 0.06533839356234478 0.06741365383558535 0.07715249526245782 0.08631452930022923 0.04782004570813114 0.07385411703878635 0.06891337538902435 0.11697742887667906 0.05136032367214791 0.10067600662059974 0.021479712969966012 0.04758747619638085 0.02061722052132 0.08146991534280254 0.07855054142855124 0.06748843833155838 0.046501564725542614 0.03518699924792118 0.04814639304121405 0.08565239573323619 0.06989989137681922 0.10296707161657456 0.055390274790188064 0.05716472871401174 0.026999913944597633 0.10291925776992078 0.028138527262017994 0.04110739591215725 0.03206566984018347 0.10874531223373973 0.05452757648472542 0.08435070018544287 0.03272730703492592 0.006125422825124957 0.1004766055466115 0.09553875517907821 0.08136241136259546 0.048210586470314294 0.10138249432485492 0.08135510253897094 0.030445186741927754 0.014200788636505089 0.018306706638573256 0.07325279089756356 0.08787873046323583 0.10084347329416551 0.04929023663740238 0.10481839193415535 0.09151507251853483 0.07375919966449651 0.05982650835547173 0.0712872969979097 0.07529464941799766 0.07394385508728354 0.053000213895154344 0.08452412019727237 0.0920878437342462 0.04327620898316909 0.04383721683090168 0.07123539146401832 0.07633972703780527 0.11173723199863946 0.014523199024168518 0.04098524894921724 0.09851554530847834 0.08783337452448627 0.10390949321315437 0.04621164166330932
 0.055150051619733936 0.0025085710047914734 0.0484878596521835 0.0749768367208084 0.04797945541798143 0.06361140364286384 0.07402743731016277 0.023385055842035297 0.010964032331959127 0.02010432471996081 0.08080939952650176 0.09712248556413734 10000.0 0.03766233959303561 0.030108359484995247 0.037352999030557034 0.06743782124421326 0.05769566519917823 0.03607941498305953 0.028803633907035435 0.02207832633816964 0.04844546260347444 0.03491086599511189 0.08343360875342633 0.07224398127580228 0.080606047270905 0.026248894664570064 0.026921463195448848 0.04977741057706491 0.050715299913432384 0.08299687889432639 0.05820222788998334 0.08810447103856793 0.05372440579167601 0.011360504328511788 0.059203401876507335 0.07809848991601116 0.07191555918963272 0.015041120280116407 0.06900847308183526 0.06862973941232339 0.06651048705108664 0.04713386405051259 0.0679288086447264 0.071270568494784 0.0660268569317998 0.09738650080149316 0.014604967828022036 0.00852355574254822 0.0606916024808929 0.04916680277932669 0.005863953961661674 0.015921044936849874 0.08653242435277471 0.08294257587572279 0.08534319644339124 0.048026983112776415 0.01189696358908398 0.047733827788001996 0.0858168780019455 0.010458310889213097 0.006004785997847916 0.033927799322337325 0.059247127903361375 0.026392546958619735 0.028881044999188702 0.02685720991285297 0.04427047954949885 0.05413553816654785 0.07739678073761565 0.07063301194426884 0.057504434746810384 0.03466805393691737 0.050888022728872155 0.03440109039233577 0.08263825029712371 0.06810324521657124 0.029543127719725913 0.0486832780357215 0.01565221600111208 0.07599317704694916
 0.017530407807086472 0.03519041217933268 0.05843859661967689 0.049258023149640895 0.05143135938305727 0.051904959323492116 0.04854824891982386 0.016775570942515295 0.03685543168026789 0.018763359446388312 0.052802171098950114 0.06533839356234478 0.03766233959303561 10000.0 0.013014578415318837 0.01425447525117527 0.04202279350039624 0.04203597931314658 0.009900391150323486 0.012781927553726417 0.05358118995149058 0.014076757251129503 0.03623280234655447 0.05764593469746049 0.03463688413662572 0.04623246161064932 0.03900970814263041 0.036396212870010686 0.016360897387222774 0.025036796243836593 0.04561743443789282 0.02081776918762462 0.058081881255557764 0.02171745807338367 0.04732731464028697 0.021931738450667426 0.04156489790683628 0.03841737003911845 0.04938539588884769 0.03836354620122362 0.031279382859892596 0.04031888066034829 0.046373015894479126 0.030900722176186855 0.044005714541055264 0.03261195894556881 0.0672086331286822 0.04756749270198872 0.03296161334222246 0.034209974515063184 0.025060256220739336 0.0432574384397639 0.02584661402781452 0.04950935600456292 0.05196522748096916 0.058456836990169805 0.01866447363332911 0.033881822390308264 0.040144126186266525 0.04836920347857362 0.047682384013019496 0.03378499212961015 0.008811650004536778 0.023006271113316216 0.022491383957114666 0.034533540011283795 0.029876925395042206 0.017194607353759692 0.06382218682905907 0.052244067554399275 0.03302142137898873 0.02190822487615956 0.03637846510935514 0.023303081771150563 0.046563208087640834 0.05113882992828648 0.050173608708306686 0.0552065149701273 0.030314094186864156 0.05032336852476654 0.03836763964522345
 0.02864228462311451 0.02763077443555715 0.045662629164426316 0.06190109709960665 0.039168965270828054 0.04331668050387574 0.04617222228228311 0.0173880322390787 0.026257409690422718 0.016826150027457007 0.06570785663879451 0.06741365383558535 0.030108359484995247 0.013014578415318837 10000.0 0.02406194010043953 0.05452081009997777 0.03442253787476296 0.0198308778093917 0.0016692448329803558 0.04963624662016263 0.01876032680565521 0.04102928269674225 0.05566205313907741 0.04521548041642479 0.050498063382781594 0.02610123116780603 0.023416921233112155 0.02935730518314255 0.02174403030641252 0.05406919369036719 0.02987890017766156 0.07109386991602823 0.03467951074646606 0.03790391503647813 0.03365401016009444 0.05352147078115696 0.041817346905645265 0.03918526480443105 0.03929050789338484 0.03990102758889609 0.03813241510587367 0.052886586058017916 0.04264619342734776 0.05677492933040559 0.03592031616090376 0.06812910726396888 0.03708486390664858 0.02820567129139536 0.046714147677863256 0.02065443803709081 0.034979911395429504 0.015303556320883174 0.05714097366449826 0.05332255298551826 0.05714054275126213 0.031143471970612582 0.023178914028022152 0.048251330444383685 0.05919120844162309 0.03898095685633573 0.024971397614111806 0.01746574559064676 0.035498399707508906 0.009504236313090587 0.021521774677146752 0.01686530210920629 0.014425759195798115 0.05115403746444288 0.0648481327484336 0.042526904757846616 0.027818465109202523 0.023659711458499672 0.035644169931083616 0.048939846547276705 0.052890927737091295 0.04396306038505801 0.042827053876126446 0.04078539449004129 0.04017249614080544 0.04877342481915281
 0.023964071724261085 0.03523551342549038 0.06902921627610235 0.03957559052900517 0.06312154144489143 0.06586588852447811 0.06239482480022 0.014188740318595258 0.040591641597309595 0.017676881439954897 0.044524632651705344 0.07715249526245782 0.037352999030557034 0.01425447525117527 0.02406194010043953 10000.0 0.03195376994650536 0.05614186591371031 0.004455658624714665 0.022997679423769134 0.04764067194676076 0.02727675591907091 0.023554326373342656 0.07130286299517666 0.03917925501071304 0.057140877410019726 0.04737051257202212 0.04531240509979682 0.013587389468120053 0.039268619106681134 0.052575964264054545 0.02960554264044993 0.051238548464289733 0.01656162492149683 0.04845072877440159 0.025854726016147585 0.04221316456364736 0.05021264593109965 0.05149034180136704 0.05136931021699842 0.0391384111964392 0.054220719423323974 0.03246235355735251 0.03322970890861626 0.03507148636909497 0.04475050173747961 0.07961883598364027 0.0502248918841211 0.03018496174759103 0.024450224632608947 0.03931375378385251 0.0432090649442027 0.031107533713037375 0.057247700218576406 0.06442466897284192 0.07190196470075222 0.010693518891714857 0.038106138077821365 0.02590619900355904 0.05137363191009946 0.04779925799927551 0.03555247475147156 0.006596927158215583 0.02408072084531604 0.032295128505686964 0.04423574976446526 0.03947490686228039 0.0314472758784571 0.07468114279865011 0.042345438059528576 0.03951405862672143 0.03337332866993232 0.04735230000126075 0.013781834498506156 0.03513373147970776 0.06341885968047177 0.0644244586176038 0.061142905726299976 0.016734222666087734 0.05229414866476858 0.04288304117273175
 0.03645025317483157 0.06564689457319559 0.10017229597111803 0.007641200660914777 0.09344589211072464 0.09180518247777776 0.08100175929412598 0.04561698069551334 0.07219828008685653 0.049098522651250476 0.013666768789401392 0.08631452930022923 0.06743782124421326 0.04202279350039624 0.05452081009997777 0.03195376994650536 10000.0 0.08154236383208784 0.03532737242237369 0.05381438883311032 0.07141675549066587 0.048857655246554714 0.03896273192132781 0.08820456675873387 0.03886027816757142 0.06608184373216498 0.07919118222623586 0.07699933581071094 0.02649636622179059 0.06295245613103181 0.052806578584329675 0.04219773036912124 0.021849122912440167 0.02126491017042945 0.07879366788076655 0.032919473849955236 0.03205407070698324 0.06280758027636169 0.08224136253587622 0.06748851070173623 0.0456433361003909 0.07384348088193313 0.036314928748166886 0.031786953659181626 0.004805476080324835 0.05934715508166919 0.09062505285307806 0.08125760400307017 0.05932499215472554 0.007816786682441106 0.06387012580855211 0.07310497496562765 0.06305221369868122 0.05820329019028542 0.07703061242420473 0.08770547383421277 0.02340240446486433 0.06986200917792754 0.028094563902068173 0.043027445852246896 0.07756917063461835 0.0667013137725549 0.03792635869018919 0.028098626910693123 0.06354034613857232 0.07566675225563806 0.07089839089987314 0.05677971749512913 0.10567308103444954 0.010407970511059177 0.043062260735770734 0.049346970538729426 0.0781777048804263 0.018883727940718877 0.05016582587439646 0.0755390277719845 0.08766488565565879 0.09299521990296034 0.019238393175238167 0.08295690273946298 0.040873732370887095
 0.046174965583634014 0.055718995899631925 0.035417967119012586 0.08795136525099793 0.02557542217328599 0.010287651335871036 0.02075055530011865 0.05179899928311592 0.04858960188703748 0.05090357048691814 0.08964832308916759 0.04782004570813114 0.05769566519917823 0.04203597931314658 0.03442253787476296 0.05614186591371031 0.08154236383208784 10000.0 0.05169295620682889 0.03603188735278051 0.07962519793142898 0.03272939272774432 0.0754271320630308 0.02858107788615694 0.05534217779439731 0.04095468114820054 0.03601275056968922 0.03354145178515979 0.05520674059514673 0.01866028738197562 0.0551815288883472 0.04206086844745446 0.09258413793740175 0.060291603365793894 0.06020357405772818 0.050994641204024166 0.06711501923120416 0.033725331589171646 0.0590635740951333 0.026261461498633405 0.04614568155946287 0.017500387452266578 0.08705655562218723 0.057531484798601436 0.08229628783976575 0.031137754018775228 0.04559758689185581 0.05656877269917037 0.05943195589112509 0.07404759765260108 0.017681250745059454 0.060371609826953145 0.04238133593981292 0.05502983475954894 0.035127193176998646 0.03129770530337171 0.05946031968778786 0.04637017498550763 0.08174532805414318 0.06708970218352245 0.06275902115948027 0.05169114357182316 0.04994318369429337 0.055254368418835895 0.032144786599311866 0.030515198837173543 0.03104740225854484 0.02514751020957632 0.037861226569294255 0.09099775176147061 0.05021649357843717 0.034882713161468494 0.025319285077533893 0.06407701274794601 0.08309630305671972 0.03586177816830817 0.01041375527133163 0.05160317559821214 0.07231881187180433 0.05998556215616935 0.057391569418836816
 0.021837527593770844 0.03381680137027832 0.06511730068369258 0.04288217897233713 0.058978303154973544 0.06141024386290564 0.058296005592546725 0.012728309413957556 0.03818546570278403 0.01598911863875207 0.04742765494729118 0.07385411703878635 0.03607941498305953 0.009900391150323486 0.0198308778093917 0.004455658624714665 0.03532737242237369 0.05169295620682889 10000.0 0.01886137256987675 0.0483757278127054 0.023344490477123725 0.026915567307984663 0.06729462548091371 0.037990472640227244 0.054105573458001543 0.04387207453803826 0.04167696211551517 0.013706313258894615 0.03493689869284662 0.050775478989539345 0.026972243834614763 0.05373815196937663 0.017844808339850173 0.04687573724843117 0.024549421384700884 0.042279403238954655 0.04685844223386775 0.04965344919491577 0.04759897895625715 0.03693526838394203 0.05009148429851493 0.036540422453535934 0.03262199988962881 0.03811101574084992 0.04126063351622366 0.07610869477438593 0.048218801673160075 0.029578451277561254 0.02763980639928332 0.03492908927766235 0.04193411559096123 0.02815076154060763 0.055231068655605335 0.060876389613092115 0.06798464621162985 0.01266678913743352 0.035535506852310064 0.030254747540346454 0.05079776103175861 0.04652211621132559 0.033624013848122566 0.0026087638694373277 0.023598884242120734 0.028369339589015205 0.04042662982915098 0.03565519346970946 0.0270628451745278 0.07072194906421873 0.04573336045779602 0.03773178067349988 0.030018747749431987 0.043306011492457594 0.01661268546651512 0.03796217813708142 0.059932938629281084 0.060028262432713135 0.05831466431851139 0.02108733826124096 0.05050263445583713 0.04175151829394543
 0.02903730043112716 0.02631330553795171 0.04636974922327645 0.0612443361440997 0.040131386615820074 0.04485312594953961 0.04782156858862081 0.015767463507383585 0.02542831150289815 0.015157616768998546 0.06520261222343181 0.06891337538902435 0.028803633907035435 0.012781927553726417 0.0016692448329803558 0.022997679423769134 0.05381438883311032 0.03603188735278051 0.01886137256987675 10000.0 0.0480957379405111 0.01980744146870171 0.0394518109908607 0.057309173437452225 0.04578144837655444 0.0518245077085221 0.026233189463927206 0.02366137970576252 0.02900078165502138 0.023372142230370218 0.054980687919872026 0.03060589312927472 0.07074557285074129 0.03426434891235005 0.0368911969339392 0.033947910548302436 0.05379832487462504 0.04318492563100998 0.038319231036068734 0.040805639911362095 0.04074630163621848 0.039769291397823966 0.051374549654456196 0.04296101811126641 0.0561856509504493 0.037271445256262734 0.06968788883436121 0.03627202006512511 0.02665619960833194 0.04602332791744224 0.022307681410163947 0.03378559335583793 0.014367680847616417 0.05815959842163213 0.054843841914326716 0.05877235085537064 0.03049376130727877 0.02235678023018425 0.04686344424651561 0.05973901280144325 0.037859115572565154 0.023800813318165182 0.016421724235691916 0.03557700725215849 0.009818443015232403 0.02196254968603213 0.01723497787318442 0.015962377810344805 0.05192026635810761 0.0641715337762902 0.04325965477091264 0.028888328325569358 0.024460091672983235 0.03493114509299437 0.04728157038098542 0.05439029595534478 0.04560973839640183 0.04260301755195089 0.03968213009496965 0.03929925151635145 0.04937929110894608
 0.0699171045708284 0.023916456261507003 0.06851699712434474 0.07825156173101785 0.06930044270510759 0.08568967938215881 0.09516840064789406 0.03688227036603327 0.03246197381868054 0.034918469508538136 0.08504111794909117 0.11697742887667906 0.02207832633816964 0.05358118995149058 0.04963624662016263 0.04764067194676076 0.07141675549066587 0.07962519793142898 0.0483757278127054 0.0480957379405111 10000.0 0.06644463901414595 0.03274362349409642 0.10464440009554114 0.08636612720024736 0.09919905866555914 0.047720910641263506 0.048748641140951246 0.06122638236615876 0.07119166409201898 0.09881479265054634 0.07425522646844822 0.09323014719598548 0.06370411726661372 0.024921553582631324 0.07292514877276265 0.08977885718141995 0.09083710702423063 0.028796786541141213 0.08889579918426445 0.08463537087766348 0.08739073870787402 0.040953201380454954 0.0808016197595522 0.0759417462032628 0.08489392780717875 0.11776039352532947 0.030272171350465824 0.02144214240598298 0.06629200500063326 0.06985471730671139 0.021145970563629424 0.03735832160251964 0.10296806193597696 0.10293631449516742 0.10637706123007945 0.05764491088905415 0.03389809989407135 0.04557426748533213 0.09897961958317612 0.02154716271014221 0.028033226418472928 0.047069269786799345 0.07166872704778672 0.04784089183372634 0.05088350203946946 0.04892317205837954 0.06405532907698809 0.07385317410672873 0.08005814686503107 0.08587962530649185 0.07515971696434096 0.056679836572294535 0.05893400867696028 0.024469795650902758 0.10245863324297319 0.0900129398202548 0.04584812459667356 0.05237966199332519 0.02858744515921817 0.09012686085387207
 0.014033051865650315 0.045939797296843075 0.05716089163882334 0.055223943389176446 0.04859997431869712 0.043012703257925354 0.03520798397561371 0.030273763416573438 0.0449670074648829 0.03162165182312879 0.05711960283099082 0.05136032367214791 0.04844546260347444 0.014076757251129503 0.01876032680565521 0.02727675591907091 0.048857655246554714 0.03272939272774432 0.023344490477123725 0.01980744146870171 0.06644463901414595 10000.0 0.05015895907596811 0.04402904055291579 0.02799115859248431 0.03275970283017255 0.04228226654376603 0.0392396850305344 0.02275821330349974 0.014096998286208499 0.03539864758288186 0.012256550309295535 0.060640336783580384 0.02765698294197817 0.05666012332404667 0.019265432424115558 0.03804106824329056 0.024576336384529045 0.05790488262663352 0.024320566528402178 0.021441290303808275 0.027120034966693837 0.059738614195632186 0.027321561085545145 0.049575216874902066 0.018684722905098712 0.053134428182476406 0.05576207940984805 0.04523132532957978 0.041457618961555066 0.01513858455629557 0.053563433347900945 0.034063849437869484 0.0383806590662249 0.03789356554333822 0.04464774329538459 0.02755534210285365 0.04189018112176215 0.052884831610863915 0.04182551458339323 0.05766597742080987 0.04359911399362441 0.02276533918971313 0.02298402534354642 0.026528935708408925 0.03651617059208439 0.032687429941543715 0.009272181953470257 0.06187407002350515 0.05827094612155262 0.024472738722861945 0.009082320686864879 0.036109201374881425 0.031993815135442735 0.060639830553962853 0.03708855122781918 0.03909678443550995 0.06003310300373052 0.04156119631662937 0.058896319393855055 0.03124644608900817
 0.047248143561648255 0.03410218269562851 0.07946909872650978 0.04558511128820931 0.07603840640105318 0.0842740418168688 0.084672202572127 0.023780138025251973 0.0435910079606747 0.02543487575256033 0.05248618522272054 0.10067600662059974 0.03491086599511189 0.03623280234655447 0.04102928269674225 0.023554326373342656 0.03896273192132781 0.0754271320630308 0.026915567307984663 0.0394518109908607 0.03274362349409642 0.05015895907596811 10000.0 0.093850009810346 0.06112230640003421 0.08069299349194747 0.05609460722503673 0.05520083664640922 0.03530206606531649 0.060585508385279464 0.07519575006176842 0.05309404015806873 0.06080982334711602 0.03572857976200894 0.0455387125216645 0.04835767819410401 0.06150304468695618 0.07370579850285337 0.049626694245364526 0.07446818008678129 0.062313618849390066 0.07642366324199233 0.0128137728273973 0.05439536846788005 0.043610529622876856 0.06816050057020805 0.1030196718504536 0.049480411658925055 0.02652051780058827 0.03462223610887645 0.06017261696061959 0.039521000733355655 0.03910186502758038 0.08010240141742198 0.08779073135475915 0.09468959130956177 0.03015640740278538 0.04248808490375715 0.013348959391893695 0.0718406133001736 0.04335337546036295 0.03701451235752617 0.02743083182891314 0.04555168527706131 0.04581426342410582 0.05549170136640085 0.05131689914743804 0.052515083603542644 0.08531481609013476 0.04732715504311569 0.06226296550949153 0.05685457761375127 0.060251178228780476 0.02963378373551672 0.012406303942908144 0.08683695817922735 0.08472516862371825 0.06419222971112633 0.02051394811321387 0.05007515362236268 0.06464360942395543
 0.052416510765543795 0.08120550700801742 0.062437807913334135 0.09297432508709218 0.05298682594552703 0.030437387139660155 0.00949869197985572 0.07201895475866626 0.07549656587921103 0.07224760660592502 0.09240903911348387 0.021479712969966012 0.08343360875342633 0.05764593469746049 0.05566205313907741 0.07130286299517666 0.08820456675873387 0.02858107788615694 0.06729462548091371 0.057309173437452225 0.10464440009554114 0.04402904055291579 0.093850009810346 10000.0 0.052497408456544936 0.026582795144363923 0.06420241924236698 0.06153286409636508 0.06491362189342935 0.03399413516123161 0.04479874047375888 0.046233878078513084 0.09272452875681388 0.0687179293701671 0.08753714630453245 0.055311032371912774 0.06408866726940819 0.02585626703306708 0.08683416659717143 0.020836813591121855 0.04361938996559205 0.01760829022165165 0.10376509141794116 0.05789466899892673 0.0873735156320352 0.02887511577292426 0.017717404961345436 0.08434131791737914 0.08347654449690786 0.08188788177474625 0.03501510677743528 0.08691898260326618 0.06754446360681346 0.041892535580655754 0.014594395004027734 0.0031752517167979583 0.070404516446122 0.07294822356667262 0.09682798122046897 0.05933914545395504 0.08981109315381479 0.07752255848579073 0.06645719975814508 0.06013128469985856 0.05704235604617957 0.058367810073715325 0.05800117404435092 0.04187552264958209 0.06362526546285838 0.09584077824018625 0.047166066733771536 0.03961803603385483 0.05356985498614743 0.07436963829192461 0.10359617343378086 0.01626900643188965 0.020146975349551954 0.08018302542132354 0.08497028363150837 0.08778894067153505 0.052675687434309865
