NAME :TPP_input_23_4_2
NUM_VERTICES
89
NUM_CLUSTERS
23
Full Matrix
 10000.0 0.009266701877574444 0.046912822974233964 0.04626947864354987 0.03891805500835607 0.005954222161406211 0.06767935464280239 0.07298351174797278 0.04212800989698864 0.07205679754616909 0.04095717949181808 0.022815025672603618 0.044042689060769274 0.020762770725493148 0.07041082554422691 0.060832011063104124 0.057263609309288234 0.08812428610597024 0.016385305579979983 0.08393670935851479 0.06199240733753151 0.03102082295230911 0.07606734260633252 0.090947950930488 0.07518893310999042 0.07491449330595466 0.0636906799801145 0.06727930920869879 0.018344898259003255 0.03032754349401149 0.046144067317194684 0.0285484679681786 0.08369382760207085 0.09200625650754879 0.07287901825200763 0.06701924948957154 0.07621248506850654 0.0686994055570213 0.03286399127949182 0.07425231235481028 0.02299525555077726 0.07995124670302235 0.0036012267298618206 0.03273916948484936 0.031621697131406716 0.05391468776739462 0.09110090016655943 0.04442833697514354 0.023592746321903064 0.059928570173241325 0.034179035108820095 0.024430997211848167 0.08977474131432235 0.03491572331024688 0.050745815118219365 0.026243295389813532 0.04269503171638211 0.07584583401981991 0.06927168095479087 0.019717847279135055 0.0788039578804074 0.012175473653271908 0.07654136724527524 0.06252446339564259 0.08959767025760147 0.06809511900976109 0.03578689108609747 0.032547218830271875 0.05984707853037791 0.04572734181680717 0.04125629285414473 0.05037800513292481 0.07718730868771537 0.06776044644862897 0.04121086160444258 0.0892465976894013 0.06678946762474422 0.05543444090157839 0.061071445597409554 0.061588346467787575 0.09339081437000878 0.08138757253856574 0.036354699793551076 0.02480674857330754 0.05369258361369761 0.03367329074416635 0.09143353746166062 0.09616645586423302 0.09112405478551844
 0.009266701877574444 10000.0 0.03892067493413309 0.051069457417675414 0.03623076849237946 0.01494774666842012 0.07390319323147601 0.07236610846209868 0.037378672916719015 0.07986208267656159 0.04921338809348049 0.02768131032444024 0.05211647098095073 0.025622388441694625 0.07420161044429456 0.06733842132938396 0.061637123665925275 0.0961563090721514 0.01998709565893133 0.0905478182568479 0.06833743751682811 0.03829458043079538 0.07565522829038927 0.0976365039904243 0.07726673030304239 0.081643216243484 0.06890016652238026 0.06691782571702684 0.027576364323515665 0.03950253990817889 0.054575936330635205 0.036344404553644745 0.08347535466328806 0.09879287051448589 0.08099026702090772 0.07330413299529484 0.08319580773622301 0.07395125748362885 0.042130675369630825 0.08092838699086687 0.027410604402335007 0.0883781992941652 0.011935231669013975 0.03873687764373239 0.03680224647906912 0.05974532693797293 0.09304819446386865 0.04888321065171831 0.03208702834105036 0.06765578611694859 0.0396245449859806 0.02908060746358894 0.09699555584627413 0.04368371779692667 0.056278669443403914 0.028209497892093493 0.041296217909819494 0.08443166208537749 0.0775985135392811 0.02497975282844937 0.0810970123581582 0.004754925132898905 0.08437808633851727 0.06846784966113537 0.09302630546686923 0.0737247895575706 0.030684484091517972 0.041723458077721445 0.0689887567282259 0.040410357132065804 0.047502480182524925 0.05744352260170431 0.07745293976334958 0.06671966119519467 0.04200567117476773 0.09010980593376293 0.0668636175127738 0.0636689223409129 0.0695519132220715 0.0662028324177468 0.10106325191336997 0.08957283631219598 0.038047090484697885 0.015662714437914903 0.06295781199006742 0.04148033107413301 0.09392304498010776 0.10409265430046366 0.09441866770314451
 0.046912822974233964 0.03892067493413309 10000.0 0.06531266917627636 0.029676302190262894 0.050967331729051775 0.08997432804618995 0.060106308809002536 0.020697162247243623 0.10281659367052748 0.07719265440308279 0.05027488500530428 0.09087508633423651 0.04922772467264779 0.07995372118431815 0.08542662355868214 0.07193292372209818 0.11937697502636399 0.044410979627169285 0.10680840806057393 0.08560669306734814 0.06421873160150032 0.06366398412112209 0.1137548381720318 0.07542873048172909 0.099202131975378 0.08132391727377823 0.05687337372507281 0.06435259049086395 0.07351424374438606 0.08284081758069918 0.0644498393663326 0.07107766002048849 0.11531447508862265 0.10550648997467317 0.08971147958427605 0.10182000644553839 0.08584240708480587 0.07759760529886615 0.09830820527528873 0.04902283652324846 0.11433513447809128 0.047875177093717934 0.0603883149047966 0.05651638279958189 0.07614963155398827 0.0885607393903938 0.062440736637540205 0.07050534226140913 0.09121629849711356 0.059245335187847616 0.05045304445764691 0.11580525734177427 0.07473821019642767 0.07214094427638627 0.04303991325468387 0.036437748385252135 0.11158912334979554 0.10354144583143558 0.0498342682338107 0.07957936070787248 0.039771343850141444 0.10718995476631259 0.08401391067782542 0.09485601244644368 0.08725071814361729 0.01961534158187223 0.0784791961564529 0.10117082569848897 0.018246002131086684 0.0678270939521993 0.07921936447757676 0.06801017679004374 0.053838030682368636 0.04506907308752959 0.0813913419672682 0.0586611883991986 0.09010862339612782 0.09689666588156581 0.07662540947833724 0.12202367270637106 0.11401635265311451 0.04620728024289871 0.025083147156821986 0.09752125182463214 0.08033252510200808 0.09164145311904616 0.12632765600713927 0.09552785055433334
 0.04626947864354987 0.051069457417675414 0.06531266917627636 10000.0 0.03656231742958772 0.04198148614522602 0.024850714575392577 0.04312047447575478 0.04620345650976793 0.03877454980543699 0.025846668263082965 0.023574522845785758 0.06703868850317235 0.02565788767310729 0.024789479327345078 0.020200430581010204 0.011179747425461175 0.05483482973078571 0.03108239258158187 0.041900361299791945 0.020295183503743583 0.02026036082118723 0.0445738139404384 0.04898580117480915 0.0336995684706466 0.03393196593421835 0.017917246138061456 0.037706909897656245 0.043464473251168 0.03776409034977595 0.02917143953399086 0.024172110023297538 0.05001979257681884 0.05043517572238658 0.04235149857782321 0.02450986231531651 0.036507859894707076 0.022961203020841616 0.043295487429954545 0.03305183094049623 0.023682618111256246 0.0517359787839583 0.04279064273293819 0.014578482546127964 0.014659395866288595 0.010858979961489532 0.04881541127260645 0.002875801920814168 0.052415732384712345 0.028690217905597906 0.012335021336983448 0.022059815132071028 0.05050983475678647 0.03120180320294736 0.006869275552472394 0.02468627284398889 0.031549661424086634 0.05033511921685616 0.041820169523901884 0.02657898966341518 0.03629931811026963 0.05577153516719443 0.04285751571026977 0.018908663055839395 0.044121563203453 0.02317771912597942 0.045697600413657814 0.047991930138508034 0.04925598908689311 0.05032678340355369 0.010012695760837423 0.017245371279406355 0.04246993700985228 0.04134076358950416 0.021642505356576563 0.050615843674829 0.035284162416070776 0.031140052696360658 0.03774783141886409 0.01532014522910426 0.05680224921285118 0.050314905176108114 0.019122897989623057 0.05919335630598235 0.052236215168965754 0.06186830897379512 0.04771821888224755 0.0613193024571213 0.04582358544378515
 0.03891805500835607 0.03623076849237946 0.029676302190262894 0.03656231742958772 10000.0 0.03949746554076795 0.06076778141454888 0.0371767600431049 0.009644088002029197 0.07505561101287543 0.053314075708082484 0.028205788122443193 0.079296293166718 0.028259052941928733 0.050475419044218185 0.05674971494637628 0.04233144654947271 0.09133239782202568 0.026500743127743857 0.07740979038724634 0.05673253499269714 0.04073256321059412 0.040661324942010406 0.08428504285666623 0.04756933728974623 0.07009782525557283 0.05178087673052393 0.03228176406905589 0.050571782467217406 0.05493231524212908 0.058639914618864246 0.042361629683512154 0.04857464459101291 0.08587911481749856 0.07825153810798031 0.060568145366827926 0.07288091936410997 0.05621950691278742 0.060171368762501766 0.06918570689905787 0.02679516040730727 0.08743709376592954 0.03749793840102481 0.03511492301722401 0.030964747439933736 0.04739323941179419 0.062084437233235854 0.03370208449771097 0.059186553866983495 0.06409318361613232 0.03314085636893454 0.027526308524894662 0.08670768259417692 0.05332297507570463 0.043427897453710194 0.01917341915346231 0.007201017931167276 0.08532983783743965 0.07696409700385826 0.02948254341255633 0.05172883993878457 0.04014051959233132 0.07926615333193132 0.054838788558671664 0.06634062471722722 0.05774378096694229 0.01105719610334284 0.06275915720161979 0.07858399878725575 0.013829129666616627 0.040926321665642605 0.05200967076305693 0.04348812557042783 0.031150494384465006 0.015479631652090105 0.0568424791903908 0.03302001779926772 0.06437208847963487 0.07129231796360339 0.046987489515559325 0.09330506077577101 0.0865093055518927 0.017700745040674263 0.03373337939891679 0.07740064821192141 0.07015436775060682 0.0643485640652558 0.09787999620577004 0.06721537499536633
 0.005954222161406211 0.01494774666842012 0.050967331729051775 0.04198148614522602 0.03949746554076795 10000.0 0.06250411111959742 0.07169156156890799 0.04396238924686606 0.06625063139520931 0.03506302095464827 0.019119536539537737 0.04087465279850483 0.01721061492392311 0.06649012360462199 0.05554916502003618 0.05310836130404808 0.08225042293698466 0.014280355673509762 0.07855174350491376 0.05678015286756716 0.025552725960241576 0.07462132462270503 0.08552049541505942 0.0722268332629374 0.06949642913549411 0.05903694002354352 0.06587729187766922 0.013410716913045222 0.02456446963735145 0.04021100908612641 0.022854868292712664 0.08207392199029573 0.086537869015044 0.06699348811262625 0.061817722967514956 0.0706881141468156 0.06399915711264005 0.027453480219023503 0.06885785944392715 0.01961158928692633 0.07401002407635805 0.0031911050967394095 0.027955341822421854 0.027363760882325113 0.048994815584925876 0.08812891480259066 0.040365964656230394 0.020284808126234517 0.054159117116059884 0.029698564526224724 0.020797154152866745 0.08414398108918923 0.02896277036227921 0.046005077319156096 0.024355096609753393 0.04234274694569645 0.06989279940198394 0.0633461376238248 0.01594365571875031 0.0756925522730597 0.01812752772252697 0.07072292517255788 0.057502960367712734 0.08578692375007937 0.06320575594533953 0.03801057708455258 0.02763725177407208 0.05404102981289013 0.04786898311380634 0.03621799303355552 0.044884090943464086 0.07530995387927733 0.06678481182946736 0.03949036045787332 0.08692963154034418 0.06511852257058419 0.049531893288695006 0.05512740713349052 0.057266731298496694 0.08760928965285708 0.07548351508437931 0.03419699596641719 0.030124330574953277 0.048188500113448454 0.03102051358798929 0.0881455356024361 0.09031487016539368 0.08738189832062178
 0.06767935464280239 0.07390319323147601 0.08997432804618995 0.024850714575392577 0.06076778141454888 0.06250411111959742 10000.0 0.05608657600955215 0.07037694444445373 0.02004011150343487 0.03281108389704819 0.04636711930246982 0.0760341706081051 0.0483741329017894 0.022478704354260384 0.007283934884309661 0.019487844321269546 0.032953463652711415 0.05425813957888389 0.017083152497703997 0.005761393246305654 0.037124288814791954 0.05600112900550563 0.024203663936047084 0.037460555647849746 0.009397544821025162 0.010543464457739361 0.05223136974273957 0.0596377342968063 0.04922034471150773 0.0315816134908602 0.0404138845842537 0.058471573426823985 0.02560590247966181 0.024958657167883883 0.0008901735167466515 0.012518658180726231 0.009512236756304993 0.053363109160718715 0.008466128889281594 0.04686699515120039 0.033801682680997557 0.0640793418398812 0.0351757297991661 0.03734701323380827 0.01442401568129564 0.046973714058598556 0.027677269179452853 0.06703037328902278 0.018120520225196644 0.03441947639143677 0.045132320030782075 0.025954052401442385 0.04103519749571087 0.018297463513375252 0.04926212058791276 0.05501140517373333 0.03474963002961872 0.027333277428091437 0.04892925475747705 0.037358360079494536 0.07843687610877034 0.022578370370829146 0.005963502703241835 0.03518926682460133 0.005909135844329703 0.0703836198116159 0.05847230895344945 0.04477442503713437 0.07429191371135477 0.026462215199489374 0.018725241408986994 0.05167680497471155 0.05692845536861554 0.045365753661447454 0.053784137535534286 0.04914611429062093 0.025672542429237406 0.028797936377137387 0.015998503432057703 0.033022537427939945 0.0305528883464329 0.0437967707823141 0.08350348838941073 0.05241714239847642 0.07414678901836341 0.04323113317995549 0.038102643882104624 0.037232362816711835
 0.07298351174797278 0.07236610846209868 0.060106308809002536 0.04312047447575478 0.0371767600431049 0.07169156156890799 0.05608657600955215 10000.0 0.04148088849464053 0.07568783876664946 0.06877588345796724 0.054346958195065076 0.10663888049750708 0.05567661697223504 0.03503320097663482 0.056612111167845425 0.038560894328396315 0.08874570417810486 0.05741157176420571 0.06803115642733938 0.05541722016610194 0.060304803379145205 0.0035926683941249343 0.07325365350848984 0.02200639080748163 0.06443612074130187 0.04566932413719346 0.0059127974222995755 0.07932435726916945 0.07817141811120437 0.07229030289955918 0.0637061954384697 0.01143350747704819 0.07508329228434772 0.08032254580651936 0.0564468309196175 0.06793618118004767 0.047300446920495655 0.08390460715463116 0.06354006864312192 0.05331810729799513 0.08956623059910729 0.07063699132130823 0.05328568529328992 0.05033387011537169 0.0495137941772644 0.029879572327903513 0.041784095790564225 0.08869652634093268 0.06896105176016394 0.05030651436139682 0.05282997682672006 0.07884625592319555 0.07303847699479299 0.04722127480465789 0.04735342963829458 0.03114085335260395 0.08967714715522068 0.0814445716454653 0.05712608349942067 0.025121992147836253 0.07663371188871353 0.07862830735494142 0.05186057870218291 0.04055537496820699 0.05057297327397011 0.046866838060392484 0.08796754569895887 0.09220835534409408 0.042259154248831025 0.05281111560580418 0.059378921730637454 0.008526701517921561 0.006320475107590115 0.03228357533621351 0.021365264722892525 0.007837400468633036 0.07330319059940955 0.07937512827793147 0.040452457376310924 0.08719968798488505 0.08661487166533319 0.03790555424807856 0.07080576072786468 0.0952720090368729 0.09939885217454872 0.03415415955143807 0.09279072407106323 0.040415524933829605
 0.04212800989698864 0.037378672916719015 0.020697162247243623 0.04620345650976793 0.009644088002029197 0.04396238924686606 0.07037694444445373 0.04148088849464053 10000.0 0.08464143170034161 0.062038350521221516 0.035979560341543565 0.084679074296237 0.035643221449032265 0.05929198875195214 0.06639322193123043 0.05179232291252042 0.10095267147690967 0.03265543194458702 0.08696023573052598 0.06637470389156325 0.04922411788506513 0.04507126675160544 0.09380191086709008 0.05498663528168334 0.07971845531143017 0.06127854603488204 0.03746066474270198 0.05618208784661111 0.06214895317334474 0.06748141276390755 0.05045949168160542 0.05283878565343296 0.09541104545608471 0.08777553729599206 0.07018736626396567 0.08251671333876869 0.06563754895557479 0.06710774255981222 0.07880424239689476 0.034577352450715616 0.09691768063925874 0.041479785327296605 0.044047214088394696 0.03992365320136533 0.05703699852988138 0.06865939075238096 0.04334122868540397 0.06418715788060264 0.07357860015825442 0.04227661227731167 0.03557769250435573 0.09632413119148917 0.06136416965224931 0.0530700501479965 0.027256727067452476 0.015846938662592572 0.09470112674749441 0.08637880083424954 0.03669148889841447 0.05915184697827251 0.04049643474378207 0.08887132384789047 0.06445628961231376 0.07426906193607095 0.06725810898769462 0.006756068629178177 0.06920826481758426 0.08711997918207329 0.004491661774620208 0.050304788549443966 0.061485083667782804 0.04879163006094891 0.03517353124134617 0.02502951256714483 0.0622869554048443 0.038864692913175576 0.07359543249832774 0.0805080329793332 0.05639430334905725 0.10294792902538609 0.09607342183226661 0.027273019836935065 0.030711031790618144 0.08527781905639209 0.0749828966595821 0.07143468459430034 0.1075222679646135 0.07499482380869814
 0.07205679754616909 0.07986208267656159 0.10281659367052748 0.03877454980543699 0.07505561101287543 0.06625063139520931 0.02004011150343487 0.07568783876664946 0.08464143170034161 10000.0 0.0314219704544534 0.054429318604403955 0.06804095355221507 0.0561077325341052 0.042512173994048504 0.019544190514453177 0.037683221267778955 0.01666003685021554 0.06202608743309664 0.020254507103579362 0.02042464534984108 0.041666901958456036 0.07580249436272933 0.024654933596595208 0.05749967707929528 0.014709786205571958 0.03007699763507937 0.07150026337693886 0.059362331929624666 0.046494756529779156 0.027061742501383275 0.04356886767107032 0.07849413583247503 0.02472578121110961 0.005023021795033958 0.019511735000694422 0.012088630668622457 0.029509486410925868 0.04875906518808078 0.015177447188913548 0.05536565952893527 0.013879063708415778 0.06857870510164067 0.043134845997616376 0.04663427467024744 0.028398473139027245 0.06630721427111326 0.04155117191300589 0.06454918627606092 0.01222253709913788 0.043764585003520054 0.05368865424841594 0.019662529208940904 0.038927420627142044 0.03208591021305126 0.06001844782070717 0.07032052685402472 0.014879692543788474 0.008935120573378865 0.05615797035631079 0.057298559470355184 0.08391543337708862 0.004529565633352278 0.02384342186863209 0.053245055690832176 0.025924365741113932 0.0833634316763875 0.05344645297291514 0.030351759867625835 0.088881226138249 0.03505440837468193 0.02367827546619309 0.07163209386658187 0.07603880790470297 0.06041230082105572 0.07367062382114975 0.0684891985462204 0.01755860957178954 0.015200947006574962 0.035237674119280284 0.021394332980704586 0.011555837536660325 0.057368973991253444 0.09201282650848061 0.04023126562506554 0.06899570040526284 0.062125275659608487 0.024275120541216888 0.05524903335320314
 0.04095717949181808 0.04921338809348049 0.07719265440308279 0.025846668263082965 0.053314075708082484 0.03506302095464827 0.03281108389704819 0.06877588345796724 0.062038350521221516 0.0314219704544534 10000.0 0.02692084497743408 0.043886255557098616 0.028024730442611945 0.04669606719987196 0.025607085825302314 0.03411097451671042 0.047195802708347265 0.033360836952194974 0.04628433632360732 0.02737252769569627 0.01299720337124067 0.0703695204590698 0.05278724497090867 0.058526750661360614 0.03729644145457264 0.034451286961292085 0.0632064721069799 0.028239822570044846 0.016487884832581418 0.005670982347867823 0.013218105280045203 0.07585090169958647 0.05351452927662174 0.03193135498360211 0.03195428270643767 0.037629491299144766 0.038276703969559296 0.020611299381100553 0.03687347772145305 0.028195948332953635 0.03918695889132113 0.0375791559727079 0.01828931975931839 0.022421220992764154 0.024066782047815493 0.07259008042624772 0.026992084127736918 0.034592126018062705 0.019680520450754455 0.02067241898467116 0.026854241171478933 0.050136944012447074 0.008290274535372842 0.02386128236784766 0.03488668802510375 0.05098700051414894 0.03544495106890519 0.028385159440278286 0.027580458131304095 0.06050669811973318 0.05300596967017463 0.03582503446166383 0.029817041465533982 0.06467397263832217 0.03595737242412108 0.058899586498405904 0.025725420197506673 0.025368485052017612 0.06652618464247698 0.01596743951623244 0.014418820117859964 0.0683002646900377 0.06648438652875445 0.04211377140534835 0.07580417040755376 0.06094649397174243 0.014480968974324502 0.020469048675832414 0.03588499980586848 0.052813137214677494 0.040432075448757786 0.036979964251777665 0.06253903149490826 0.026511767993966744 0.04133914796666954 0.07046957531677729 0.0552936883113619 0.06662595725685602
 0.022815025672603618 0.02768131032444024 0.05027488500530428 0.023574522845785758 0.028205788122443193 0.019119536539537737 0.04636711930246982 0.054346958195065076 0.035979560341543565 0.054429318604403955 0.02692084497743408 10000.0 0.053007438716571494 0.0020838397944165877 0.0476068139307009 0.040027046990747814 0.0344701594444162 0.07106263816053628 0.007906220730811646 0.06319242235437109 0.040897459667736 0.01394620323212299 0.05700348093708094 0.07031629120013434 0.053166192149821684 0.05442845495862789 0.04127447953573414 0.04844123390607875 0.025003442109224363 0.02680869123124349 0.03256593456871101 0.01453310371233761 0.06414522362470514 0.0715506604662289 0.05640387434441923 0.04580265357144424 0.056241670525920634 0.04632015608283277 0.03219812513432237 0.0536700433407697 0.001413097836045683 0.06477369746268721 0.01943549756790209 0.011496238988206202 0.00912099140817783 0.03210440337056837 0.06905192246457897 0.021627294678587268 0.03435633857202777 0.04231716882325589 0.01196880777527919 0.001680851622658636 0.0702512261910212 0.02538824642753841 0.028597997959039962 0.009052834345039944 0.028101066882373918 0.061649138421549156 0.05387134962339804 0.003176382420338835 0.056589569755482766 0.03232478792780969 0.05894329117032241 0.040836959846255586 0.06683113004677037 0.04604350408305468 0.03219160552538336 0.03524725027599056 0.051395694130081146 0.040451104299775 0.02022915234827639 0.031003564274212442 0.05710550020381661 0.050064335150614286 0.0222916102919454 0.06822383470030163 0.04728593988687626 0.0401273142386052 0.04679462826590735 0.03886058068366268 0.07505295702645966 0.06504998109296126 0.016488823477284326 0.03775359511013171 0.0493310780117368 0.04513149961139218 0.06902624530623751 0.07862587468539572 0.06838638575269396
 0.044042689060769274 0.05211647098095073 0.09087508633423651 0.06703868850317235 0.079296293166718 0.04087465279850483 0.0760341706081051 0.10663888049750708 0.084679074296237 0.06804095355221507 0.043886255557098616 0.053007438716571494 10000.0 0.05214193407046101 0.09017620425980312 0.06907035352155722 0.07699383762743077 0.07909415578954387 0.05280096376953114 0.08695008924410191 0.07091334860479387 0.0471157259081026 0.10897762296854677 0.0924513611798611 0.10073750776706215 0.07864963338064859 0.07831797630565812 0.10074050659559504 0.028725048998536853 0.029274641649708676 0.04446322437879231 0.04337707595117592 0.11556746854569155 0.09269291458364262 0.06574895338795271 0.07515033108038369 0.07794076034992316 0.0821414468522251 0.023823594769106962 0.07846312871828551 0.05424153302913957 0.06794277532172541 0.04365160419096107 0.05387258820180801 0.056391771390907716 0.06778949375261437 0.11561147173206925 0.06708140287853542 0.02060691789532308 0.059686095850627625 0.05682329004251941 0.05433537076166129 0.08756932903851988 0.036423172618379684 0.0669952306643641 0.06144016348443471 0.08073727784236295 0.06260123085872393 0.060641626194537696 0.050730738455701946 0.10321694123665136 0.052335624440189396 0.07132457194621834 0.07361289671855989 0.10851373552089164 0.07970077916772003 0.07886623182772334 0.01905233834409974 0.040318043519261514 0.08868356107088442 0.05735572422400729 0.058246186241661536 0.10817534771186028 0.102812619842209 0.0751843994471225 0.1175427563192144 0.09918458167805758 0.051904473978300815 0.05286449580106002 0.07939373484608898 0.08698800953916225 0.07185103183702037 0.06931954200388123 0.06736648629882604 0.02951726198553655 0.010782140347743828 0.11392192800867343 0.08709457336331108 0.11044954527585815
 0.020762770725493148 0.025622388441694625 0.04922772467264779 0.02565788767310729 0.028259052941928733 0.01721061492392311 0.0483741329017894 0.05567661697223504 0.035643221449032265 0.0561077325341052 0.028024730442611945 0.0020838397944165877 0.05214193407046101 10000.0 0.049649232166189876 0.04198258264209797 0.03654208712437226 0.07271908252649986 0.005987224790561016 0.06516535007615736 0.04288056540145653 0.01516488160069707 0.05839975771914193 0.07228439621639775 0.055021325118061695 0.05637298455963464 0.04335387650996246 0.04978258727882274 0.02384915927037727 0.026685505694131164 0.033691784804806425 0.015264250334076822 0.0656233617901373 0.07350544284976845 0.05797468730687561 0.0478012990223508 0.05814297891953917 0.048398720754758755 0.03192296499237776 0.055622122629114853 0.002435824546405061 0.06624000557245828 0.017410551703250038 0.01338019415697 0.01118704751353869 0.03413992585696019 0.07092010045521312 0.023698350378829607 0.033133396344909936 0.04395730979630338 0.014006990271415377 0.003668841657881492 0.07212747555240538 0.02590867480054983 0.03065750740086156 0.009378625295938687 0.028678053989778515 0.06301187223915101 0.05532799977720879 0.001452145942803139 0.058483072132520124 0.030255572911926397 0.0606287084162998 0.04286987403072392 0.06885618641073751 0.04810477920247934 0.03152723552308916 0.03471587069256819 0.0521395069090884 0.04008526309062474 0.022153338639950747 0.03278606656595702 0.05864948191672256 0.051249890341328326 0.02347704703908984 0.06992333740423798 0.04872196616930053 0.04151078036281342 0.04810678595811744 0.04094131749309961 0.07683017483516125 0.06662785716677587 0.017771221783862503 0.035962373361153065 0.04965365831512439 0.04399386507790334 0.07096225032639428 0.08033595247912437 0.07040152918033517
 0.07041082554422691 0.07420161044429456 0.07995372118431815 0.024789479327345078 0.050475419044218185 0.06649012360462199 0.022478704354260384 0.03503320097663482 0.05929198875195214 0.042512173994048504 0.04669606719987196 0.0476068139307009 0.09017620425980312 0.049649232166189876 10000.0 0.025515798957755617 0.013675439207597336 0.054097700027428176 0.0545058394400114 0.03301254742077121 0.023820070067728124 0.04462667139119435 0.03437911741988678 0.03848552573529832 0.014996831511406601 0.02983219413636893 0.013545340757013366 0.03221308306281924 0.06813384641860785 0.06119116730930826 0.04788256889660175 0.04853700075299381 0.03612110883120924 0.040300106587290156 0.04743675062325703 0.0230548112376932 0.033357205594362484 0.013018961403133949 0.06639067309245583 0.0289806142835732 0.047437262421426485 0.05620645973732625 0.06703918262494131 0.039362636325801476 0.03915965682291834 0.022678272169804694 0.026145354290083567 0.02613236374087215 0.07692346843270635 0.038752820060396986 0.037072274940250886 0.045980492700682246 0.04381615961755124 0.05375470606648351 0.023199605796868385 0.046224526374774214 0.04352494125411107 0.05721151230901595 0.04959969616802306 0.05074026437611457 0.01509837043743107 0.07895626020841698 0.04480416974507499 0.020038874877376284 0.019341693195177957 0.016588654137585656 0.061357334082344464 0.07134325273528225 0.06492184360228566 0.06240617132101022 0.03324212649874272 0.03315871225448372 0.029605992002971735 0.03713964636340648 0.03583267263001639 0.031536759443129045 0.029055571325430525 0.04511818145410412 0.04978288713819941 0.010813945761693944 0.052177655926355246 0.052690613667383465 0.03731683324131408 0.07987321723295525 0.07089273780881901 0.08595799660180937 0.023780915691227665 0.05779405274265316 0.021035319292353638
 0.060832011063104124 0.06733842132938396 0.08542662355868214 0.020200430581010204 0.05674971494637628 0.05554916502003618 0.007283934884309661 0.056612111167845425 0.06639322193123043 0.019544190514453177 0.025607085825302314 0.040027046990747814 0.06907035352155722 0.04198258264209797 0.025515798957755617 10000.0 0.018229824505337198 0.034869757393352546 0.04793240498137083 0.02321007867634751 0.0018980936529809384 0.030062428787485405 0.05698759537306531 0.03031161080422472 0.03998398093149741 0.01441402744587362 0.011999637738409945 0.052191280741343035 0.05237347163203144 0.04197165114123629 0.02472538119253224 0.03325357689599384 0.06036404299292411 0.031523977216341224 0.02386451659131685 0.0064740439305780075 0.016528346254989397 0.01390147353760967 0.046198068346997835 0.013643535777682255 0.04063721445780194 0.033261162446742494 0.05723113045490828 0.028641278217098647 0.03118124677598453 0.009357612817353802 0.05126848489307676 0.023072401526244117 0.059748564994459887 0.013238598203842858 0.028212021653640146 0.03889541014122465 0.03064025709518064 0.033797606168499486 0.013331577290964028 0.04370817929863954 0.05151103703763263 0.03306594553525038 0.024877646993048987 0.042435626357854674 0.04059868892442208 0.07180722497384293 0.02319879168347307 0.005495998064650012 0.04078137618945474 0.010861939999237626 0.06581667655086224 0.051311483996759805 0.03960779799889003 0.07048570111082382 0.019852436603318903 0.011441558363284409 0.053207079807144335 0.056642179684237626 0.041651416311631974 0.056996078950296146 0.049235908019254954 0.01992383482371182 0.024267295404678497 0.016394013000956744 0.03661444960757397 0.030999845863976933 0.039299327294607354 0.0775306842446218 0.046427461165954934 0.0669437493047997 0.048051987575697064 0.04113512348764401 0.042809344693710984
 0.057263609309288234 0.061637123665925275 0.07193292372209818 0.011179747425461175 0.04233144654947271 0.05310836130404808 0.019487844321269546 0.038560894328396315 0.05179232291252042 0.037683221267778955 0.03411097451671042 0.0344701594444162 0.07699383762743077 0.03654208712437226 0.013675439207597336 0.018229824505337198 10000.0 0.052194287536121486 0.04171517897370083 0.03529574412557158 0.017265183360337787 0.03098457579846655 0.03918075947352826 0.042038065739252575 0.024488974571024905 0.028819262506268598 0.009529053027885662 0.03398759361982404 0.054459818091743294 0.04784182577256679 0.03612249205408133 0.03490098821345377 0.04328858110123082 0.043674847096954815 0.042092260606042306 0.019543681276443785 0.03200632993393998 0.013917249227713598 0.05317064434818539 0.027879072230924246 0.03444095931029861 0.051472652879249965 0.053823285603830116 0.02571675362044266 0.025747195821576595 0.011269793162998318 0.038645685868593904 0.012843866933269018 0.06327659191825508 0.030421105394013905 0.023511732409690476 0.03289313126695416 0.04513787062800426 0.040660722072778245 0.01025478555978217 0.034267624206010615 0.036111149041259734 0.05122961616244982 0.04292213748400587 0.03754576582171357 0.02641032171548844 0.06637379744431753 0.04107198054347592 0.014110517779733493 0.03297059139674495 0.015531602487147578 0.05256580485154625 0.0580468573927505 0.05478464723550717 0.055497343386395094 0.019737210542919312 0.021828376991677206 0.035883464594183984 0.03841254796753522 0.02686950127148429 0.04184550776926884 0.031067685008775707 0.03527192997616507 0.0410030954029943 0.004816657377150717 0.05248816629590809 0.04899922553735878 0.026588987373255196 0.06865262136901246 0.059486553429348575 0.07243170432045846 0.03704142749857837 0.057588443147415666 0.03469992015442177
 0.08812428610597024 0.0961563090721514 0.11937697502636399 0.05483482973078571 0.09133239782202568 0.08225042293698466 0.032953463652711415 0.08874570417810486 0.10095267147690967 0.01666003685021554 0.047195802708347265 0.07106263816053628 0.07909415578954387 0.07271908252649986 0.054097700027428176 0.034869757393352546 0.052194287536121486 10000.0 0.07861726518580545 0.023241488700480702 0.03527542536681163 0.05812815426710434 0.08839434356455697 0.022614132483579144 0.0688378692374962 0.024320094321276468 0.0434936103488745 0.08511080435679058 0.07441681294481814 0.06112003811016951 0.04228991958139033 0.059811909941583724 0.09003330430196888 0.021458328131158107 0.015281500691175004 0.0327524602003419 0.02081093789588426 0.04144890293711472 0.06251317967723066 0.02520839938174083 0.07201247110894543 0.011432186304086198 0.08470294807768754 0.059792365281590924 0.06328903925902261 0.04414571675419602 0.07482648959321843 0.05766803394187715 0.07865834986980635 0.02876431997348431 0.06041149683348797 0.07034007510746769 0.014428170340312333 0.05411108763202357 0.04801525147257519 0.07665505429125907 0.08632737941937478 0.01676162267814219 0.019523838155227534 0.07273611568585156 0.06780882329385524 0.10010344085492257 0.012201154340973096 0.0380920575953428 0.06025682889781422 0.03820217830825412 0.09987736910443591 0.06678989131947793 0.038956552310986034 0.10513421336962454 0.051687931019878834 0.04032826676605635 0.08370178095674663 0.08984736145771532 0.07643938348554531 0.08358459681675758 0.08200272731321671 0.0327774614412504 0.028092916482234515 0.048951107465663266 0.008591342383811006 0.0073189173490532415 0.07369807262830019 0.10857913755898055 0.04976446083494677 0.08171658356191794 0.06995070314030141 0.008277272658098056 0.06208769308007681
 0.016385305579979983 0.01998709565893133 0.044410979627169285 0.03108239258158187 0.026500743127743857 0.014280355673509762 0.05425813957888389 0.05741157176420571 0.03265543194458702 0.06202608743309664 0.033360836952194974 0.007906220730811646 0.05280096376953114 0.005987224790561016 0.0545058394400114 0.04793240498137083 0.04171517897370083 0.07861726518580545 10000.0 0.07109809731142115 0.048801521973051216 0.02076563180815484 0.06035168250321792 0.0782223932567876 0.05880675769488121 0.06233175569194868 0.04892432853369405 0.05160136711529722 0.02407627652461169 0.029749757467325038 0.03902623184539091 0.020261142033100896 0.06783450729203724 0.07945624803536448 0.06380426846188056 0.05369970376625255 0.06412360281833346 0.053976220924156514 0.03450822093574155 0.06157504837051866 0.007450320510132674 0.07195581401111405 0.013477365615975312 0.01936080194522306 0.016942081699270275 0.039962778814090195 0.07471729771227151 0.02892150569137402 0.03284736619663622 0.04985318609196715 0.019841705403060177 0.00915660362391504 0.07811362002504436 0.030327346679757537 0.036396024582139086 0.01009800899022709 0.02841930964881112 0.06860421798434375 0.061041004785682175 0.005900781777139425 0.062438927174207376 0.02469451003133567 0.06655065175010998 0.0486967926670145 0.07354359139275161 0.05382184685166867 0.027759260203001745 0.03657451885759195 0.05676554021641566 0.03695831503082635 0.028122289474538157 0.03876286029904005 0.0611389867019227 0.05252823421552201 0.025237638952362293 0.0729770141066572 0.05088153377276913 0.04715720980356084 0.0536527961411089 0.046241448243797195 0.08280022950216065 0.07246017110064992 0.020088987656249294 0.030002543893788123 0.05344444618384899 0.04383790220420527 0.07510330474937434 0.08627078293726302 0.07501677813757078
 0.08393670935851479 0.0905478182568479 0.10680840806057393 0.041900361299791945 0.07740979038724634 0.07855174350491376 0.017083152497703997 0.06803115642733938 0.08696023573052598 0.020254507103579362 0.04628433632360732 0.06319242235437109 0.08695008924410191 0.06516535007615736 0.03301254742077121 0.02321007867634751 0.03529574412557158 0.023241488700480702 0.07109809731142115 10000.0 0.02230485017552667 0.05299969114006631 0.06721888909308521 0.007137790337614636 0.04701177778873392 0.009096373019198412 0.025767027885494398 0.06512079678051164 0.07429398704759181 0.06263446678289891 0.04346596499881135 0.05594290873150006 0.06800181441542172 0.008536373553534914 0.024450034911339152 0.017520400787489853 0.00900962985076555 0.02195002430920703 0.0659385639301453 0.009694686293588259 0.06375856037368108 0.02975074759591225 0.08033918507432185 0.05184517440985713 0.05425917812750809 0.031482750831716096 0.05169648147181611 0.04470594607746615 0.08084106977795022 0.0274619965265338 0.05130621760217293 0.0620183428065105 0.010840765048271847 0.05451627812710622 0.03537958757287816 0.06634171749276424 0.07137737821389668 0.03319515871879674 0.029128419134776647 0.06563992126983673 0.04547380297647875 0.09500818206497708 0.019082131885525214 0.022993362717676536 0.03701721860335054 0.019764545189677768 0.08725875725410435 0.07091392606230999 0.05054531408700382 0.09075026325602746 0.04305907737886083 0.03373587055326254 0.06214687015985977 0.07001796725654069 0.06193901696406235 0.06078390828882878 0.06196128269492563 0.03507716992859121 0.034873685577880745 0.03096792420623742 0.019410075306245646 0.024864892093465502 0.06072268446933676 0.10052391453741752 0.060138447338260924 0.08670858998358259 0.046741874002388516 0.025158034722825618 0.03884664301989052
 0.06199240733753151 0.06833743751682811 0.08560669306734814 0.020295183503743583 0.05673253499269714 0.05678015286756716 0.005761393246305654 0.05541722016610194 0.06637470389156325 0.02042464534984108 0.02737252769569627 0.040897459667736 0.07091334860479387 0.04288056540145653 0.023820070067728124 0.0018980936529809384 0.017265183360337787 0.03527542536681163 0.048801521973051216 0.02230485017552667 10000.0 0.031370448747525585 0.05570125483614314 0.029437884007498846 0.03840243159079865 0.013774074833011064 0.010373642853885793 0.051108964584767276 0.05391232984075974 0.04368789761113925 0.02659912593522398 0.034652707449868245 0.05891469948089197 0.030725196749409496 0.02492239325660438 0.005038811901464506 0.016213382192181894 0.012023471728756913 0.047977299796653446 0.012940160735634773 0.04145392697700044 0.034248352984399176 0.058391412450063254 0.02960203218104432 0.03195539035076902 0.009473451574074827 0.04947288991172413 0.023169119994242263 0.061392007244272746 0.01495712536048162 0.02900137711497344 0.03971388374206053 0.030252156000519496 0.03552941736399672 0.013480476262945598 0.044229426608922484 0.0513237390106596 0.03429790176049666 0.026229665747772895 0.04338685526187135 0.038916092950492094 0.07284223830242494 0.02385352527522073 0.0037941897782471376 0.03888943939809041 0.008964423096763006 0.06599138050461155 0.05309161335135097 0.04143139282764495 0.07041424868116228 0.02084196560046345 0.01310010514019971 0.051813616400131705 0.05562082909741232 0.04151244625485771 0.05533637549460833 0.04812046596834771 0.02178414608622543 0.02598586879064732 0.01503840422606795 0.03657424390827376 0.03174957719552393 0.03941530387847466 0.07825030580697986 0.04831798153416002 0.06869569243186888 0.046206672378623546 0.04126585177084673 0.04091835563937053
 0.03102082295230911 0.03829458043079538 0.06421873160150032 0.02026036082118723 0.04073256321059412 0.025552725960241576 0.037124288814791954 0.060304803379145205 0.04922411788506513 0.041666901958456036 0.01299720337124067 0.01394620323212299 0.0471157259081026 0.01516488160069707 0.04462667139119435 0.030062428787485405 0.03098457579846655 0.05812815426710434 0.02076563180815484 0.05299969114006631 0.031370448747525585 10000.0 0.06237373262969295 0.05997079034431298 0.05382753534111045 0.04394436429193713 0.03489631083106964 0.0544915012447202 0.02363971259190872 0.017999814799921316 0.018625225625937172 0.00392097456923451 0.06865922717785744 0.06100212495536362 0.04315558298674723 0.03640564502680626 0.04519166629642485 0.039629711511184 0.02370473010179326 0.043305503617631275 0.015203706191063157 0.05119423698216875 0.027441080276687634 0.007032280579781052 0.010574786121632337 0.02429845013756508 0.06907237695638792 0.02000622348629347 0.0322968073713977 0.02944436594995924 0.01000181803312306 0.013862114740272066 0.058805976327351246 0.013207729757278129 0.02200342167595764 0.021988786379025262 0.03904325940051498 0.0478661262705035 0.04028018728608019 0.014880576781983484 0.05654246564588062 0.04250051925160144 0.046194407117334864 0.03242123672197748 0.06378264114726843 0.0383622917086572 0.04592360000315363 0.02809582304970775 0.03790459262209875 0.053715755499501146 0.01164272772063378 0.019358311641998315 0.06120240220054676 0.057156894475574434 0.030907952671598782 0.07045708703234986 0.05263920438578776 0.026393804051400762 0.03294491670932354 0.034295572726168295 0.06278111043795973 0.05180664762568843 0.02533512646678432 0.050519317982364496 0.03711809655647349 0.041608459037842965 0.06791833924810987 0.065938515981321 0.06557658649458917
