NAME :TPP_input_23_5_3
NUM_VERTICES
111
NUM_CLUSTERS
23
Full Matrix
 10000.0 0.0853109583717836 0.011242964296123611 0.04245636032701628 0.05930027141373632 0.08634575788503322 0.07116502930294123 0.036974307855137535 0.04515916059716902 0.0684518774891751 0.06132650674342039 0.0913444798797365 0.07565051151417215 0.02209284335481863 0.0651172388841305 0.0395997918042117 0.04178588562782092 0.06116228519994677 0.004238528356335321 0.05656883996088142 0.09279657278639182 0.07945704429563873 0.0749028274471439 0.010127138903553832 0.053937833362060594 0.07419606409759873 0.0721389501767655 0.06756162239193325 0.03670306370906648 0.01687807141047764 0.12110087328126194 0.06408200982065419 0.08883546853509658 0.05561264345539455 0.05205946857777536 0.018852273517622135 0.016267699024502653 0.10300446014319808 0.04866951564081262 0.09664316494512142 0.0851984523722082 0.0881958857337674 0.07905089189526632 0.016729971413318865 0.08930711633921651 0.07165436664198739 0.0930709059242642 0.08793497379645607 0.061726003210839306 0.08597993886814864 0.06418478356001453 0.08633017840892389 0.02865155339440061 0.025733463128124988 0.048190191490198236 0.09603064811887542 0.05767809024232952 0.11457161317945948 0.07625673791118093 0.05801936135974164 0.06904229999951522 0.03930723146952224 0.042655883944528225 0.0965443045683269 0.0744424391448214 0.06616615517858745 0.034136438478133774 0.08719743577933725 0.06865433998349148 0.039798345194387165 0.011737718858526024 0.0651232454980871 0.06308135139025364 0.031842660081828754 0.038940278777199785 0.03771687734706893 0.0692495486184939 0.052841406657421305 0.07337408917420178 0.06492373462034971 0.08689409674776687 0.08447747465079104 0.07451914923282965 0.058489763622288 0.0243647932866893 0.08408936056559807 0.07660944927190093 0.05379144881167746 0.038535889064842344 0.04646533286906994 0.05461902522179074 0.022072427424613215 0.0268301448330624 0.023842366321149 0.11256968219891718 0.0851041169451637 0.030880488422033843 0.09620155011742769 0.10637873768450277 0.06588710604876966 0.08399901750267752 0.052775322251586515 0.07909092889211405 0.07941416663032685 0.08289192955997875 0.020455250989895812 0.060169351629772 0.02440867475721176 0.09047244584944845 0.04369567078865674 0.06167252845796761
 0.0853109583717836 10000.0 0.0770301120985156 0.056354323931026684 0.058366181062492306 0.008165334020679633 0.03541254939732943 0.051038062259643274 0.04313448033871869 0.07004146473801069 0.026731003649366977 0.01340511624720641 0.013267006046556002 0.07264795708042318 0.03108726086389927 0.052303657904761505 0.0503543805123037 0.038086417762332195 0.08466060604646293 0.04533684670236779 0.044348704670874636 0.061282526268113015 0.07023974663478852 0.07570206590772928 0.05302011447996393 0.06017772433309015 0.015368202133787114 0.032283268377324974 0.051508371422539605 0.08672513411322168 0.04084997216435292 0.05289091616379877 0.015437830214723591 0.029960406733877974 0.04857755556644713 0.06759614358568243 0.06960722052147394 0.01779331313870407 0.047864405470413096 0.06756932823979285 0.08369266490719936 0.06530633964113042 0.006447555130261056 0.07042421291059796 0.026716628764192056 0.022489674922574067 0.04532713734656705 0.029974725240196197 0.0359367725649304 0.053749933361421885 0.045113321352471966 0.0743513612823678 0.06026727729716537 0.06208080285374164 0.051038555909010186 0.05105642691949577 0.06326643153779728 0.039102367508120614 0.02162465867424376 0.03000529627983939 0.05828649717262954 0.04711261318349334 0.06283093024928739 0.09264980882729143 0.0690174698066873 0.04484528172754989 0.09259540724036643 0.01271880028768018 0.03355803509676613 0.04826731778559311 0.07577223836927596 0.06199288245359692 0.04732581639763251 0.06148263531442421 0.07396686129561038 0.07806467428469596 0.04169040145466538 0.03273309231666741 0.03890484502454174 0.053934760329907065 0.07830647830430279 0.08137269206943912 0.07952587585306056 0.042594975859134014 0.06465648103762177 0.017861166400603378 0.029674767883960614 0.07030112475127955 0.056342209726560795 0.03930311169887921 0.057523654951743275 0.08717359503214508 0.059398418071345285 0.07113170465310831 0.03280415176140087 0.013603710993809966 0.06879315635330396 0.014118122708952543 0.02874734325624355 0.040621475116076174 0.020706799643330664 0.039783764729370306 0.01301646680682101 0.05383929798588337 0.06757102964858928 0.09526233670954637 0.032861087736459176 0.08642317508115184 0.041563060577106264 0.06321722670032351 0.02703977099558331
 0.011242964296123611 0.0770301120985156 10000.0 0.03126138280284502 0.04807834087495741 0.0788515189198515 0.06043040667441955 0.0270028116945074 0.039705627855551595 0.06990213821847034 0.05466400961163068 0.08419242084947738 0.06655939414823388 0.011113019271812465 0.05482858118653454 0.0288648722641513 0.03109440081805178 0.050477810302650916 0.013842000803463414 0.05361212198445273 0.08926864575695337 0.07896488052580464 0.07602250554325304 0.01028397361272887 0.0524982399165627 0.0629806570390764 0.06479265054251114 0.05708574544277882 0.03208727807290585 0.025508975335484855 0.11436960245951429 0.06275317282666162 0.08203704261115649 0.04707376909206676 0.04950599317938146 0.009455760817628316 0.013185063725511465 0.09481972229711494 0.03776022932122651 0.09592047425820736 0.087613352692032 0.08776052531682002 0.07095303460551242 0.015613336392092574 0.08377796325196238 0.06551781953007221 0.08965213301307771 0.08285038570668063 0.057216775996477245 0.0840723563275589 0.05309817626760736 0.08730745950884868 0.018108282835143902 0.015485620612545544 0.03709826681825824 0.09316371434681874 0.058340265518199486 0.10851763559063764 0.06633085172589041 0.05153640933025384 0.057815688868723625 0.03008427273645477 0.03147140143506581 0.09927266220302412 0.07539851445310637 0.06345324074791726 0.04239799328864658 0.07784241877789777 0.06412793656174842 0.03474589440291597 0.0014242426980743553 0.06535778739306505 0.060759534703990314 0.020697430414226253 0.04235284407646143 0.042230985780900045 0.05825071450204108 0.04429802424424092 0.06246413581031885 0.06376970905325387 0.08839825591853225 0.08661064823975581 0.07711244030095912 0.05508444552330262 0.02255906431607263 0.07767770662353839 0.06613563611540044 0.055944198014336685 0.02745278631696821 0.039390785705060695 0.0433831315407565 0.03025181385955307 0.017633689906469723 0.012749033839390063 0.10579542723364818 0.07566469112104854 0.03255410169191517 0.08870391705045112 0.09980587020688517 0.05496018113403296 0.07405040348584838 0.04241016920660399 0.06980645878271388 0.07783460540079445 0.08312208780009443 0.03090954281347737 0.0500096681894875 0.032124717029826486 0.08671685686999146 0.032533612018588925 0.05517794643323628
 0.04245636032701628 0.056354323931026684 0.03126138280284502 10000.0 0.018140920446902225 0.06089994978319908 0.030698858150191414 0.01394632430009306 0.03710169763282952 0.07942260706743991 0.043196405234773645 0.0670080644288782 0.04361755619325301 0.021561851812358424 0.027559208150058273 0.007789202954757407 0.00804109838558947 0.021472314192155346 0.04442467903162774 0.05426663221659333 0.08330607124419727 0.08255816633173066 0.08408201982986677 0.03720278278970289 0.05750030933044018 0.03274781652187894 0.048955552669241426 0.02870955094263304 0.0356439625628599 0.05385800926536443 0.0969129601638105 0.06615872107267246 0.06624887588672458 0.02992510137876783 0.05225051255203074 0.025156236386381765 0.03408152940950222 0.0733913540503995 0.008737968392431709 0.09745651769416666 0.09792965629093091 0.09070242349614364 0.05151919535031913 0.037002568243980426 0.0720712625141203 0.053918396407913974 0.08398332089051169 0.07265918700975986 0.05247025975783079 0.08328220607864988 0.022054998964679964 0.09401090895505321 0.015452176473423944 0.018546399713189568 0.006433695138972917 0.08884135723954761 0.06749161350932432 0.09347745385094124 0.03986935908546366 0.04147245321951297 0.02748171199670214 0.018190917265473838 0.007095821340638716 0.10964060146383925 0.08310918537569628 0.06292546066109611 0.06855346437455898 0.05301885736521515 0.05805554579980795 0.0356580436676693 0.03072977479135021 0.07242921002777299 0.06178885029959166 0.010659880659830392 0.060244922138409124 0.06216181770300021 0.0274715010074497 0.02799952620651283 0.03196423167025566 0.0674832108901488 0.09636909099649751 0.09629887011751889 0.08868701562764142 0.05412702645797097 0.03808160564130304 0.06362099470595221 0.03733226007250711 0.06891516121131736 0.004675086428198863 0.03125460830865203 0.013281954694230156 0.05750749028285909 0.020592783846857816 0.01965077437393461 0.08857178842835065 0.05063387900065121 0.04972327108430397 0.07000191337663374 0.08354622748396051 0.024530064026782976 0.04708076869647058 0.0165782448096711 0.045787938724056766 0.07858883626987202 0.08823188984759424 0.06086496151216329 0.023988115238128563 0.05855848405005857 0.08029059843407169 0.007958311080858607 0.044206661823945656
 0.05930027141373632 0.058366181062492306 0.04807834087495741 0.018140920446902225 10000.0 0.06471089173945936 0.024556550176182072 0.030873782080338006 0.051893480974647285 0.09507680302974758 0.05334328386409529 0.07088111616827475 0.04513774497818475 0.03737464268680126 0.027368700406263765 0.024776180990119613 0.02379083397777317 0.020557800402661742 0.061703047924435137 0.06841350315271628 0.09296554443950242 0.0962756521436577 0.09919733644814933 0.05500770947165413 0.07277254047890051 0.014908925041996143 0.05562717263009216 0.02618513484641034 0.05222785620737478 0.07174856744210056 0.09891343396658417 0.08049374885236425 0.07119029546168734 0.03927594797278287 0.06720196614822634 0.04303422304637841 0.052180197308349094 0.07331912395367159 0.01793160474259651 0.10992765801571242 0.11338969745328552 0.10391688857254873 0.05514907822152348 0.055127360731800766 0.07923058940443814 0.06265807831460216 0.09375670355658114 0.08066186448453178 0.06473349858021944 0.09529374907393034 0.013640362779407082 0.10844776199069456 0.033568260748203925 0.03662930322788313 0.015365161278074212 0.09905712705412383 0.0834175455833866 0.0973532590343481 0.03781821526174347 0.05260486633465805 0.009748904907427037 0.03395921215721789 0.01672453809860901 0.12491752382486616 0.09814775978529004 0.0760654849240086 0.08668146870025718 0.05119809614757793 0.06924119653983557 0.05163465229806107 0.04777651941151679 0.08762029136460782 0.07556273781376507 0.028336329592228184 0.07796542587892889 0.08006662477103581 0.018623813281247403 0.03843414829550477 0.023163415511460943 0.08185399284210955 0.11115724927873076 0.11160870760028764 0.1046668754051769 0.06772492369308017 0.05608051245136533 0.06994484750624612 0.031857987071616335 0.0856633483250977 0.022800221372979188 0.04502237954046817 0.004868093766998312 0.07554073501486447 0.03870362085624348 0.03553930191435492 0.09110709239855921 0.04884447702245198 0.06756533365746069 0.07248033309327073 0.08703641187846624 0.018169791450728123 0.043192581069218944 0.023657058326524455 0.045815393921151075 0.09141273686232547 0.10229235745592088 0.07846925369145992 0.027004637278078548 0.07665147688001185 0.08986464597780586 0.015798013044849794 0.054475579989979754
 0.08634575788503322 0.008165334020679633 0.0788515189198515 0.06089994978319908 0.06471089173945936 10000.0 0.042652618918885984 0.053946121768179464 0.042381709059249054 0.06435678678301067 0.025517127016360382 0.006199981043895357 0.01987595532152403 0.07554164084817151 0.037356511952493274 0.0560520126758067 0.05427382889546313 0.04418931978588778 0.08530046222249935 0.04146233745066128 0.036316683690410224 0.05447958309068098 0.06400220474652057 0.0764645332151864 0.04906589430660548 0.06754766678594942 0.014216231007330738 0.03901218398810707 0.05104300554912622 0.08616168655778329 0.036216751979993744 0.04758003431153079 0.007307127342301677 0.032480685210001144 0.04522286842245498 0.06940374866114069 0.07028384231028453 0.018072805966447458 0.05272804182338924 0.05981367374643059 0.07706136419393639 0.05796276052718023 0.00960298273242301 0.07074335125102399 0.018591958774984603 0.0181057843655221 0.03729929593107831 0.02196427705968557 0.03202436802039154 0.0462914119913794 0.05180262956168663 0.06736684941284683 0.06297034955119037 0.06445001793534552 0.05604916214165914 0.043008795659720156 0.05859738859131384 0.032827356687042474 0.029137738201530403 0.028929769775218384 0.06536246106706554 0.049585696665892846 0.06765189929115942 0.08560064276576347 0.06279132706721947 0.03943850824150376 0.09053714985599172 0.020824264888892694 0.028342414564167053 0.04775531701283877 0.07753156409843245 0.056530722581683776 0.042284685128228874 0.06490098850812853 0.0712354208769364 0.07543529318788547 0.04881838718565665 0.03512225548109962 0.04636521260351778 0.04850918162952276 0.0713976475928362 0.0747186188900069 0.07355403059061265 0.038608533065191526 0.06440099763322665 0.010164058216142665 0.03735740802321587 0.06603323443792773 0.0603322234301799 0.03988044310397117 0.06344846923721092 0.0861199024655319 0.06136867789352747 0.07415432591834711 0.027750334271713938 0.02176844528023052 0.06713879077609353 0.009865524923485603 0.022692058255461733 0.0474075567821792 0.028839517078127173 0.044548577775194255 0.020590607965902823 0.04690391584056924 0.06064673937552597 0.09464217003871493 0.038324272903080006 0.08513546491495382 0.03359102281348491 0.06815466541238373 0.025473651525914846
 0.07116502930294123 0.03541254939732943 0.06043040667441955 0.030698858150191414 0.024556550176182072 0.042652618918885984 10000.0 0.034804533169036485 0.045641809176269255 0.08681582321298889 0.03923004988139553 0.048596594361303286 0.022843770188860125 0.05190819253298762 0.00916842251674927 0.03158525541405044 0.029382072293039227 0.010020822724425466 0.07229425321381829 0.05874310208768186 0.07505436631083774 0.08400498751968102 0.08952868727770545 0.06391405121054157 0.06500471897037302 0.024909977949901636 0.03690030373646034 0.00564288466027643 0.05003000618890149 0.07935046651271296 0.07509695687227204 0.07021682010474373 0.04967978821078012 0.027490618718592288 0.059248614105327065 0.052469176353181726 0.05913237765397752 0.04908070694580199 0.022797735198899376 0.09512507659724377 0.10397976636249728 0.0904838890231308 0.03356756562622188 0.06137461925635004 0.059275616727058625 0.045522373414006376 0.0759475682625023 0.061471854401915875 0.052210195094690534 0.08033442119700665 0.01099032902739099 0.09703923976606593 0.04251351281119582 0.0454725008125384 0.02426887325661726 0.08158209119594734 0.07643802267453613 0.07443456666275301 0.013889551672145579 0.040026533041119965 0.022901932156586296 0.034360823493717864 0.034824416889460405 0.11476903616675356 0.08835813414617888 0.06395162030896522 0.09115224165099997 0.02681799643095214 0.054672487567212505 0.047989417424463936 0.059609010049424746 0.07867178380883219 0.0645903143063165 0.04015583495002301 0.07749199323727712 0.08063284798074473 0.006344890894437383 0.02850474416123453 0.004400295738112977 0.07155762230588955 0.10035906859367762 0.10191343807674294 0.09682064324597804 0.05711679328085576 0.0591303118939044 0.04968090118458227 0.007354144936739675 0.08086090649791429 0.033386941210011026 0.03830149210969226 0.025337800346452444 0.08187941799908739 0.04520129572089357 0.05002620039614753 0.06759758017073039 0.024518609513686934 0.06849567804017223 0.04928970177474881 0.0640761480350642 0.006719563620650521 0.018636196945333482 0.01898273777526589 0.02241662992173813 0.07786447818233828 0.09039443808424208 0.08730961348826989 0.013635160835801819 0.08222478618250241 0.07197684425916823 0.03464560270711366 0.04035011174596831
 0.036974307855137535 0.051038062259643274 0.0270028116945074 0.01394632430009306 0.030873782080338006 0.053946121768179464 0.034804533169036485 10000.0 0.02355711377449969 0.0654830223735196 0.03250632832409344 0.0597224033189605 0.039821512415270315 0.02164361397420148 0.028171127105638297 0.006241993000946795 0.007147220981677094 0.02482780857586832 0.037692961100463 0.04076389538447544 0.07172316873211444 0.06903675534323231 0.07019806858045105 0.029143966394460884 0.043634472217148626 0.04447016285324329 0.040555446493901685 0.030755695925447114 0.021721760729573273 0.04466423201174643 0.09009809823280834 0.05250648684213836 0.05821493922569662 0.02146543764917212 0.0384835881854879 0.01812718461704816 0.024376839013870163 0.06877291093966445 0.014192539784619226 0.08434112957104746 0.08399672899343986 0.07732627310825985 0.045297797696937134 0.02677029708170647 0.06228567610787924 0.043679360647526984 0.0723257797241484 0.06229762946831171 0.039944164571720585 0.07045684723314243 0.02985093248921268 0.08024854570008585 0.009272946725842963 0.011520872236961112 0.01568718170164298 0.0768788857282892 0.05354540505302333 0.08542280656346325 0.039367417450155706 0.030142866368309717 0.03930553941347873 0.005033830697828787 0.020158320496397455 0.09571938411349917 0.0692389402544938 0.04976698220719894 0.05757585062088077 0.05090900380593913 0.046037027026664276 0.02173629954841726 0.02593537918994449 0.058547951148094655 0.04836778237009528 0.011410921025714359 0.04716016663166755 0.0494375862593608 0.03402311287973193 0.018856812911518316 0.03757977629095256 0.05381359157541409 0.08252790910423177 0.08238015888570013 0.0747431314077605 0.040863511610798584 0.02585099863810133 0.054696225126795624 0.0397634575178146 0.055083094774382245 0.009988646602690523 0.018579626199021964 0.026251503971838903 0.04749801141257669 0.010415146354376757 0.02021067976221719 0.0815633696040666 0.04870351063190919 0.03689799395129998 0.06361955193647821 0.07598779699327449 0.030356580075116876 0.04710086453204971 0.015955297691995374 0.04292487198404278 0.0654336212274011 0.0745826906321167 0.05252259609251795 0.023195683942097915 0.048097664787523926 0.06880139630528793 0.021283840737495577 0.03335961776950677
 0.04515916059716902 0.04313448033871869 0.039705627855551595 0.03710169763282952 0.051893480974647285 0.042381709059249054 0.045641809176269255 0.02355711377449969 10000.0 0.04322848119895519 0.016865224961288824 0.04681176967941778 0.037240529974826866 0.04037630515289509 0.036577685743105236 0.02935440112601736 0.0292482508284706 0.037867517885268126 0.04354992246749635 0.0172098912921923 0.050130285397589444 0.0454980361370957 0.0473398447550618 0.03504666658113175 0.020885940104203228 0.06337108208063204 0.028366750079002138 0.040104343431052736 0.008708232134076338 0.04380638822302108 0.0760736521405434 0.02905957971927042 0.04398201085818091 0.0187569338578433 0.015328316970948356 0.030911826084013622 0.028895002853697137 0.06000657435815379 0.03396646284048189 0.06086592944155995 0.0614962211558545 0.05377030873527603 0.03669139033397589 0.028820062345756424 0.044258302269828215 0.026535119582757057 0.05060575114376717 0.04316544824659051 0.0177590930302941 0.04723370196291109 0.04604686364016333 0.05695972487848349 0.02892946768469684 0.02867980202658791 0.03679947288854164 0.054643864429672145 0.03179543839095763 0.06941514848845287 0.042495877240114055 0.013452541549266376 0.05867554713586239 0.018918372922990444 0.043662959424787394 0.07304482590760222 0.04631112869817518 0.02634638690648654 0.049952017146805285 0.048894677591163636 0.024557140349067298 0.005442101134693089 0.038287409350405574 0.03573520943942068 0.02481249839182591 0.033846141082706206 0.03295752108633056 0.036635947107195484 0.04799651304395384 0.01720086848998856 0.04971561538090579 0.030388304883724016 0.059446213358042406 0.05972405568978349 0.052941093460562645 0.017406430219756703 0.022070376421141975 0.03902381321196586 0.04718717993183909 0.03533240931782254 0.033516110265867836 0.007419594298245267 0.04783860469276605 0.04404439403758867 0.024523225313011876 0.03969100880217788 0.06758516613349817 0.047394813939687475 0.025985160469221145 0.05205799688321495 0.061313465005072794 0.04434313523036695 0.04934466505880509 0.02972972037413786 0.041212747530658206 0.04196401665693834 0.05113021535634169 0.05231124704459036 0.032089233338455994 0.043302768050193625 0.04742236224107483 0.044754873658753275 0.01696099968885647
 0.0684518774891751 0.07004146473801069 0.06990213821847034 0.07942260706743991 0.09507680302974758 0.06435678678301067 0.08681582321298889 0.0654830223735196 0.04322848119895519 10000.0 0.04850461757597949 0.06476087196357762 0.07157309569989777 0.07600941004407974 0.0776758594011587 0.07165469279860547 0.07193507321327076 0.08031274172841449 0.06470190612747993 0.028076399370431004 0.041541634054328015 0.016282368905148368 0.0066572971689370574 0.06049593103214525 0.02236256500429128 0.10646000250633944 0.056203908233310514 0.08117534746492161 0.04395590306648734 0.05576297892523784 0.08350532141926294 0.01736279896460066 0.0605869994028265 0.059441193151390806 0.02806983698130061 0.06466051881026075 0.05678163990042085 0.08093286282617586 0.07714626510329407 0.031419670599104284 0.018539154473937575 0.02295333853580439 0.06506824935887096 0.054314415743897886 0.05193398923916039 0.04766806606711281 0.04110243491549597 0.04814923361374506 0.035694659695764436 0.027881835807352432 0.0888694040018802 0.017989270577326525 0.06790294129157452 0.06628569183040695 0.07986602507025177 0.04022517713501526 0.012066150349502695 0.07354892749507763 0.07993218875715793 0.04701120150554131 0.10185127039505557 0.06146829252282453 0.08541714108113761 0.030329457974918237 0.006581498181174056 0.02521786373251181 0.04681518568831729 0.08084114323988256 0.03649934348705167 0.043775181003563556 0.06865955152625346 0.008286773211362152 0.023150445923798335 0.0738039585198438 0.030208970648813168 0.032906553177638666 0.09016864655543523 0.05890931634789865 0.09113597921249546 0.016198032416374557 0.01852048651312217 0.017078659602246866 0.010017305804249463 0.029886574952074862 0.04761208963582754 0.05508941291727538 0.08656821206754622 0.014887307786610838 0.07533613840314303 0.050369879292042494 0.09091445505907934 0.05183718372314003 0.06221520279085982 0.07614188289056684 0.07700210607388708 0.08034031327590618 0.03773948141804362 0.07057869068179871 0.07083082701155964 0.08668810050584001 0.08496651597529893 0.07276250005755591 0.0752275841784397 0.022017567968090308 0.01613450401033429 0.061013730303211694 0.07390830490506055 0.049348739660939014 0.041322496963707565 0.08659846880537368 0.047517301196247155
 0.06132650674342039 0.026731003649366977 0.05466400961163068 0.043196405234773645 0.05334328386409529 0.025517127016360382 0.03923004988139553 0.03250632832409344 0.016865224961288824 0.04850461757597949 10000.0 0.030089184968012064 0.02361938923320794 0.05305759433153254 0.030390699014057786 0.03649806285989287 0.03535875245834294 0.03467144020934899 0.060037980926943214 0.02087788758851109 0.04019548886420973 0.04480154400465911 0.05059443203317292 0.05131563323470619 0.02819675967887413 0.06155540798993508 0.011581136261180517 0.03370487094802926 0.02553156862708185 0.06066048927300939 0.059832876355170816 0.03139291764712169 0.02751792466845987 0.014078222307536444 0.022987898544535822 0.0453585775042812 0.04512030798215128 0.043202997474415944 0.03691728482864345 0.05689211250893584 0.06498982722882966 0.05156626398964083 0.020378403656150436 0.045384136306227264 0.029845963611245748 0.011208058258905609 0.04090861499672968 0.02980529341077575 0.013056367865049316 0.042132568121891686 0.04363618708456149 0.05780919206720939 0.04056962904479534 0.041385126714204336 0.04033218339837979 0.04596923158339622 0.03939228598240284 0.05389737083493563 0.03144103820908996 0.0034127195508699606 0.05770091104649912 0.02755567932206601 0.05028944794413045 0.07559462217748163 0.04940105700589155 0.02473854243915858 0.065864849909373 0.034305482490284124 0.016000367983466653 0.02224407256075797 0.053288051359574616 0.040228723184585244 0.02563697067581384 0.04391555412258274 0.04740875914267619 0.05144843415040227 0.043532275919552 0.015346186076643705 0.043627961668371476 0.03269421135093605 0.06115035227827923 0.06286858533053159 0.058497039804653546 0.018678197198014515 0.03889629463447576 0.023016180449071718 0.03817689152399702 0.04542753517654251 0.04107357404543367 0.015302284352232255 0.05038398256425635 0.060750399087785435 0.03776474819852229 0.05195466313462537 0.051279270420884794 0.033251792287244696 0.042097268827496155 0.035221158443753176 0.04518173509857486 0.04047958953134532 0.03687889260863138 0.029749076172264913 0.027504728032569217 0.03891282335106632 0.05117398866718863 0.06915420698803965 0.027708144194656552 0.05987535414563315 0.037150045943831436 0.05112779283801743 0.0011539923245186248
 0.0913444798797365 0.01340511624720641 0.08419242084947738 0.0670080644288782 0.07088111616827475 0.006199981043895357 0.048596594361303286 0.0597224033189605 0.04681176967941778 0.06476087196357762 0.030089184968012064 10000.0 0.025930638769222924 0.08125432385824748 0.04351785332878788 0.06202595861148358 0.06028629799028423 0.05037200350695333 0.09012411463071604 0.04388272252701052 0.03305741885934471 0.05358209311072516 0.06376695558187094 0.08137429933309608 0.0512904398044981 0.07345080024656518 0.01941150010803031 0.04510258871190723 0.05551898913058275 0.0903739645461778 0.030382293574667103 0.048580499389392864 0.004183034612712411 0.03828367502200292 0.0479796484948305 0.07476839484920134 0.07518002591406601 0.016174525861403208 0.058883833633100235 0.05716233667132678 0.07622799522112743 0.05616549763749383 0.015802412839105384 0.07547197827960615 0.015300926919293493 0.021087346822089972 0.03404344360225215 0.01916086849651309 0.034653648150012845 0.04440066328626084 0.05791430879692862 0.06608831257019443 0.06865745099015184 0.07002763154470598 0.062216291776912576 0.039604870700954795 0.06007812139696555 0.026630323282544933 0.03493326066163722 0.03346350325882965 0.07138293705474794 0.05525632797965356 0.07379069875958726 0.08412604435602403 0.06258063569400539 0.040494619605064626 0.09383073559009468 0.025396188097986678 0.029939882219841698 0.052241498425610766 0.0828525269083541 0.05725264864074072 0.0436508793529743 0.07077965134603074 0.07417022756894175 0.07841514413941267 0.05481042766936487 0.04086647271224444 0.052210562964708294 0.0493757929745985 0.07020621359585796 0.07386785001452871 0.0735643572185059 0.04099911978770807 0.06888077826658316 0.00979299509891809 0.04305636920274211 0.06780215349795554 0.06634664154915688 0.04495740663142174 0.06964604185872923 0.09005538383075332 0.06682230283063158 0.07990765198676261 0.021841136887532368 0.02669989868225346 0.07081449671457053 0.0059408561687525376 0.01654029849887926 0.05349513173576148 0.033928278243814655 0.05070373657090648 0.02632766685329424 0.04590339184296864 0.05951064195081098 0.09879384972993292 0.044523815575552704 0.08893673764975493 0.030606046638471312 0.07430660810496188 0.029868177976836385
 0.07565051151417215 0.013267006046556002 0.06655939414823388 0.04361755619325301 0.04513774497818475 0.01987595532152403 0.022843770188860125 0.039821512415270315 0.037240529974826866 0.07157309569989777 0.02361938923320794 0.025930638769222924 10000.0 0.06111397437472053 0.017822875342046993 0.040229333847391996 0.03815875613215887 0.024819611384478912 0.07549211878433486 0.044434800983958814 0.05313301968317686 0.06561449396052778 0.07298649781567583 0.06650960417331596 0.05181553676102092 0.04775329614132726 0.016180322749432475 0.01917838289434033 0.04469025593678435 0.07911887012700657 0.054074869940568905 0.054239573289253454 0.02683764221754424 0.020362449211292016 0.04656170448883789 0.05727643970504273 0.0606344717320982 0.029775095637828743 0.034993814504847114 0.0746435786342933 0.08712745670666305 0.07102305687137801 0.010755833105744898 0.06190352300066855 0.03667024237864375 0.02539504004265602 0.05406445206947408 0.03914465580908525 0.035901429832375674 0.06009256480357606 0.032004450382323406 0.07886772851828085 0.04908439901725595 0.051224692381413306 0.03806335149806968 0.05978639480676806 0.06296150594761196 0.052232531043726126 0.00994813125535838 0.02606199846598904 0.045486738228494056 0.036502425780697 0.04989767988644744 0.09707902480657925 0.0717673397348971 0.04680915030370078 0.08710311128322223 0.011848609085439308 0.0360825847961764 0.04168312247631872 0.0653869576408263 0.06329360849785699 0.04843538137376499 0.04958187693324199 0.06991339363764679 0.07374775191323117 0.02895491694489427 0.02304032072389951 0.026711085451042817 0.05546588475714324 0.08254969757680103 0.08490234623833531 0.08147307546366155 0.04208780026917675 0.05706226307074638 0.02707963816836709 0.018214769639929726 0.06902907679070006 0.04401043864032351 0.031680905314137885 0.04425877825152178 0.08025614181640514 0.04904691851288241 0.059490784641966714 0.046070631417151016 0.010164681704593802 0.06315386094745953 0.02737948505898721 0.04190319508492166 0.027567052345815857 0.01339342134596517 0.027071823478034364 0.003987416922195453 0.058731272229013524 0.07206164985734054 0.08762041224455118 0.01979820160212575 0.07985937695644094 0.05011854302007022 0.05022404748809359 0.024436131621706797
 0.02209284335481863 0.07264795708042318 0.011113019271812465 0.021561851812358424 0.03737464268680126 0.07554164084817151 0.05190819253298762 0.02164361397420148 0.04037630515289509 0.07600941004407974 0.05305759433153254 0.08125432385824748 0.06111397437472053 10000.0 0.047411240404716413 0.021231004826286416 0.0234555344260017 0.04222472929896405 0.024950577564635177 0.05626050286018617 0.09047690393822394 0.08327697067565555 0.08175841685176276 0.02021402166413628 0.05663043648832827 0.05222529441968218 0.06196801833105295 0.0492191650074238 0.03436508815954153 0.0364141507705802 0.11163622925421568 0.06665799241265206 0.07958945988760753 0.04307570306524738 0.05272003306769725 0.011371980379244188 0.020466160501854003 0.09034846694533599 0.02914952462844127 0.09978384313232694 0.094222094716539 0.09198867443385131 0.06694118654997963 0.02353168122155164 0.08285526312385887 0.06424169731042399 0.0909688103016468 0.08245806978646844 0.05809904069352053 0.08698854065399561 0.04361330113318006 0.09276360101233957 0.012608387828023019 0.011799403490801181 0.02782036315864702 0.09499813115119524 0.06407723817501111 0.1066632204946504 0.05944090032040167 0.05028510318169487 0.047122416382588794 0.02600484285726789 0.020659852066259702 0.10601072103459784 0.0810108272301451 0.06602023398728946 0.05299481224834814 0.07179301924532487 0.06477389593685369 0.03627975746871951 0.011219695596226313 0.07056753456190454 0.06378774865487895 0.011914512347987257 0.050551979548284935 0.05108485830917958 0.04901961332030878 0.04041968224401463 0.05345984752469444 0.06780664623125802 0.0942750069208307 0.0930111463245775 0.08398696017926247 0.05722246288758592 0.028683864546862316 0.07579331705474675 0.05815236876613542 0.06288816398996551 0.018544371599257703 0.03800318002557825 0.032796652563504274 0.04097327183888445 0.01585651305832451 0.0019124952095661025 0.10308421708176854 0.06950295946949478 0.0401226524567751 0.0852461923269455 0.09740733834266035 0.045981176882487144 0.0670176377985279 0.03513804292116508 0.06398743289478132 0.08117016966447961 0.08800175287438149 0.04202248798355404 0.04297244295497072 0.04267299204359292 0.08772392133014202 0.02165680293523042 0.053769867282114574
 0.0651172388841305 0.03108726086389927 0.05482858118653454 0.027559208150058273 0.027368700406263765 0.037356511952493274 0.00916842251674927 0.028171127105638297 0.036577685743105236 0.0776758594011587 0.030390699014057786 0.04351785332878788 0.017822875342046993 0.047411240404716413 10000.0 0.02626319687981978 0.024011979432903497 0.007031172105676465 0.06584182030910307 0.04961020085466908 0.06753498394906057 0.07518859450145012 0.08046520001065637 0.057181570257053345 0.055836712209818846 0.031874483486135224 0.029387164188651504 0.003541217746430204 0.04133597405225227 0.07199401516709314 0.07183664424100006 0.061151166974894346 0.04394426643733101 0.018322210734802162 0.05008019495437345 0.046266116638371234 0.05201756134001978 0.04687026836423688 0.018860739786271275 0.08679164832095462 0.09492165465116262 0.08186702145655167 0.02782261069255743 0.05402865104389577 0.05258520345522191 0.037506960976871714 0.06839515579115196 0.05440998486899701 0.04327310297621075 0.07198114697110782 0.014670852884297604 0.08815097931832215 0.03672054731359645 0.03945086636898906 0.0214209494652656 0.07393717138702645 0.06726960585396626 0.06999162836331334 0.012310338358362228 0.030994842151449698 0.028751053826977742 0.026799788375895816 0.03312931434833426 0.10578451397119051 0.07930087600592434 0.055034618944190886 0.08301732517417212 0.025613612702611595 0.0460812716290037 0.039144473776318064 0.05386725919550244 0.06954825998561961 0.05556004134142564 0.035498800807577655 0.0687205298264133 0.07196908599957756 0.013231718838804137 0.0193958961101069 0.013460217107775334 0.06249724702398965 0.09141201055876585 0.0928727170220685 0.08767637542872539 0.048029499906368074 0.051138923481992477 0.043106160042233825 0.011744769126747871 0.07173293515145095 0.029089395007230977 0.02928836828611512 0.026468383001333782 0.07420467168099545 0.0385172901841676 0.04561055064754712 0.0638861800970769 0.02320922319961596 0.05998972425081644 0.045202208350568415 0.059685144973199815 0.010628404500312221 0.019652996672867715 0.01242474184369277 0.018976409826522513 0.06922099799995796 0.08154857594272674 0.08015150557091734 0.005136401724857787 0.07438545383991252 0.06443373188916494 0.033282132892218826 0.03152749315601114
 0.0395997918042117 0.052303657904761505 0.0288648722641513 0.007789202954757407 0.024776180990119613 0.0560520126758067 0.03158525541405044 0.006241993000946795 0.02935440112601736 0.07165469279860547 0.03649806285989287 0.06202595861148358 0.040229333847391996 0.021231004826286416 0.02626319687981978 10000.0 0.002254735181926746 0.021613989282126784 0.04090405064785829 0.046542756454619694 0.07634502301564011 0.07483863613344978 0.07629343905398162 0.03286294226391321 0.04971121378240704 0.03868571471165345 0.04332731333369158 0.02829573492071705 0.0279582594452094 0.04905060394339819 0.0922591380104817 0.058401000946963835 0.060895796868057184 0.02400693556910646 0.04446831910341326 0.021057120443844442 0.028809995018835736 0.06979761837152196 0.009252579472146628 0.08987718767424738 0.09015461727556198 0.0830300476078902 0.04697184282168056 0.031487251610417814 0.06590275331993171 0.0474775595097612 0.07699057449467521 0.06622617226449554 0.04507262375191693 0.07580583203669013 0.025142730844985618 0.08623303352294127 0.010974253435065287 0.014026671778613468 0.009894134495753848 0.08172213164670585 0.05974196289979701 0.08819413122734586 0.03821439933439482 0.03449926401386074 0.0334693989898873 0.01043659477295024 0.014389948208623188 0.10185893210622184 0.07532002412168604 0.05531385686954249 0.0627835714330448 0.050633401063271855 0.050868523963228024 0.027882369997182688 0.02802460548725716 0.06464059554362991 0.054092196407074425 0.009407054529338415 0.05318947206389458 0.055336331642517965 0.029844501049962377 0.02173868500459098 0.033816923478241695 0.059721763260998366 0.08858086626295616 0.08851653330719242 0.08095482115639469 0.046473633988496695 0.03148218561566985 0.05782870104896015 0.03732656076752895 0.061323923587068986 0.004575760549271009 0.023728908390435073 0.02008839059508168 0.05225886603516083 0.014687489236896764 0.01948577089116457 0.08380062094051442 0.04832380943110741 0.042816062881356955 0.0654855296795875 0.07848606974911554 0.026364873044249233 0.045813717657803 0.013916068706011909 0.04292175736594687 0.07098782134787224 0.0804783531447837 0.05657215639791216 0.0217429502011823 0.05305742201243859 0.07336652999619823 0.01543658841860618 0.037449106782686946
 0.04178588562782092 0.0503543805123037 0.03109440081805178 0.00804109838558947 0.02379083397777317 0.05427382889546313 0.029382072293039227 0.007147220981677094 0.0292482508284706 0.07193507321327076 0.03535875245834294 0.06028629799028423 0.03815875613215887 0.0234555344260017 0.024011979432903497 0.002254735181926746 10000.0 0.019394842415587542 0.04302570197803667 0.04635217316551501 0.07537829934866552 0.07462609769697182 0.07642690620644656 0.03489363975135459 0.049845263839007135 0.037332567140681436 0.04175196271739881 0.02604444077361355 0.02852594740374622 0.05095999046278548 0.0904580651375344 0.05829904462723724 0.05925558797576195 0.022484600924756227 0.044492157182806004 0.023172015325662845 0.030677141548982642 0.0677865646650627 0.007320868697017163 0.08943161622467505 0.0903943067772288 0.08272289632474338 0.04511418272805945 0.03328185354943263 0.06454328028988338 0.046221527512392224 0.07604363767575054 0.06497932652837933 0.04442965856354464 0.07524187453532832 0.0232177259637708 0.08620590822641055 0.0131378996016048 0.016145111745026634 0.008540833728896044 0.08085921017614317 0.060094518160444456 0.08654967907269155 0.035985365914139374 0.03352062944601552 0.032160604264019586 0.010468765744496736 0.015034035975893385 0.10205680147560124 0.07543180509389365 0.054916613819840504 0.06443325789352379 0.0484641012560474 0.05004813766940118 0.02819217057547771 0.030239432060926278 0.064779457267741 0.05383782801777321 0.011592693661243457 0.05430420917494818 0.056579082621593 0.02778692811712682 0.02034837819722357 0.031686585997820406 0.05963229289515915 0.08864264838327007 0.08871400808965704 0.08133996736078247 0.046143956147972426 0.03290232611471732 0.05632433775099248 0.0350781425481203 0.061965522064159916 0.006060343784308693 0.023231440942253448 0.019247605796893844 0.05406522941653726 0.016513875929664038 0.02169573617695379 0.08202294945025616 0.046146191804060266 0.04404064925366963 0.06364006279869236 0.07677704634976966 0.024261918504717216 0.043573628923371056 0.011682631730161855 0.04079136240431489 0.07057285412669373 0.08035430415267661 0.058564938650593604 0.019518558577028163 0.0547980181431772 0.07237669342966156 0.01597340509834833 0.03634352035906865
