NAME :TPP_input_30_3_1
NUM_VERTICES
88
NUM_CLUSTERS
30
Full Matrix
 10000.0 0.0750926891239563 0.03270948341929469 0.0755454595938632 0.04832090178301573 0.07287514257875 0.042851772025228704 0.055820932539881435 0.02520140023868344 0.05157126071144054 0.08702137282636666 0.021269537599035833 0.09055923814303636 0.05426113363439929 0.08465588886569918 0.07588443695048719 0.06619091143310368 0.09929108364689948 0.049581462612519916 0.07374801822185903 0.08096290597931292 0.09835723842120483 0.05964586423319125 0.03175966917947675 0.04698839288202457 0.06547157645991032 0.04436530169930398 0.05337600044975347 0.09112061130488254 0.057291264420057934 0.07538692315370005 0.04135549808964399 0.04487841597081648 0.0484514695136946 0.06015105485146911 0.03899793444774547 0.025628974039823324 0.08319316117155273 0.10194670511330808 0.06515865262465112 0.07032259085169405 0.059719096725820334 0.011087675430276282 0.09769451803365274 0.058514774087443315 0.09912133671360798 0.013431645276629855 0.10285640466632448 0.07242706532002952 0.060147694368149415 0.07213171794528786 0.042347428792408846 0.012929000615373996 0.08748494097979818 0.07977105627169717 0.08336626361700868 0.06753559488295183 0.03606610617732712 0.06573196265884125 0.07635100642715716 0.055421969076329805 0.02996167644585638 0.08492077495724219 0.04447951701809297 0.05827533614471348 0.09043644038271026 0.017662782670756084 0.025535014656756186 0.05224573059806764 0.0668406210151124 0.1029520306522784 0.08229635499628532 0.03737092008266557 0.06355753295001593 0.08059767350980365 0.05576409790425926 0.007265270275472904 0.029685282247351785 0.03838819318262963 0.07600029020870462 0.09700966695360139 0.09226210114904286 0.09309477327147439 0.050034709213516645 0.030077803440500366 0.0933127551990127 0.09600170690262985 0.07428989023809897
 0.0750926891239563 10000.0 0.04271200081354401 0.03476700840497101 0.05589130507446878 0.02269557849163786 0.03254484297092218 0.0661886790803575 0.0831169402339163 0.05665066327435575 0.045784767062333635 0.06322849821066583 0.0217997570145711 0.06191054157565173 0.02151934321429929 0.03611360942611329 0.05139602731014437 0.03094422759588056 0.02647327483879981 0.011930985867483678 0.03767115947503202 0.025240719545715547 0.027822245542576948 0.04342043473755108 0.02816978210185366 0.010635295888266389 0.06441887319628907 0.022296142450327485 0.03400194210348128 0.06713112980820467 0.05755339953987956 0.05208967192603806 0.08545214566182195 0.03161891253912442 0.02726778064380882 0.046057433443144016 0.049691878292638984 0.032113426654517635 0.03477368527648246 0.02240630346917456 0.05567995915221442 0.03735479071095583 0.0687252808331276 0.035722451804613836 0.021382943971126826 0.05820748473746911 0.0652601580606177 0.05295638441746958 0.00266954533445683 0.03757599378837546 0.028053773510344823 0.05028009760743447 0.06403018105884205 0.01693190600552779 0.054779494815464326 0.02273820952531169 0.05995663905676603 0.050102090382625905 0.04350651696115069 0.019989146900239143 0.029816258291605245 0.05109514161299144 0.04963835679466289 0.07580377443669345 0.05087878413764227 0.026836820134018034 0.06806747003487616 0.07742720523075913 0.03492400991471954 0.036446619353753554 0.037567885118741144 0.04090641685860359 0.07087031960305162 0.03185570580500958 0.034013666290642335 0.044263309025197026 0.07311044188950212 0.059037371928765965 0.03670505253737988 0.03651984139172848 0.03806685070692692 0.037588612749478514 0.03354125003555636 0.04914790658536243 0.04819990224091855 0.034167720471487806 0.024927926384023275 0.0033631075971634495
 0.03270948341929469 0.04271200081354401 10000.0 0.05121563901043857 0.03245987812245591 0.044885516331744195 0.012276523300368358 0.04426598876601923 0.04640050142067523 0.0354159033931937 0.0644018820582711 0.026974404787368764 0.058012425533731156 0.04758361055992001 0.055068926602872555 0.047023674224795316 0.0441153709715493 0.06691453182846502 0.019099604986739082 0.04112004088610717 0.056743905830107425 0.06564902663044343 0.033486306841944535 0.00533867921830558 0.014574113955449728 0.032820032421387785 0.03572599438269413 0.022083918628668358 0.060073147850781744 0.04579672448556175 0.0604608788054257 0.024093097628424133 0.056960261646511766 0.02204270253362333 0.029334618744483967 0.01642938577267602 0.0070806796680684386 0.05675760513057223 0.06975048283422247 0.03716191137596548 0.055855086011377085 0.03819002414729199 0.026125898824381384 0.0661346230166828 0.029144542662196363 0.07790346690504817 0.022696636041494824 0.07871030430077262 0.04004360944828081 0.032895732201794314 0.0458827390003298 0.03044986088314027 0.023262221484728385 0.05480871977187335 0.06246373300829564 0.05135428945928251 0.05592456448682212 0.02443306046258946 0.04040595396509862 0.044343783338330146 0.024935634113181563 0.019218762764594596 0.06423852681155594 0.05035514945862585 0.037405564003258444 0.061180196925121236 0.02653860622106197 0.042086332504361126 0.023519200430096077 0.04429146398169428 0.07102013862848419 0.05895660184107964 0.03676242052319339 0.03928332847986678 0.05520865888494182 0.0318026180530476 0.031947276103247275 0.022026096822243883 0.006897550297632128 0.05223194305079691 0.0659371785578869 0.061741432258303634 0.06514976806588796 0.029447829564204046 0.00848218049541667 0.06203302407225401 0.06336249800326876 0.04223591090844055
 0.0755454595938632 0.03476700840497101 0.05121563901043857 10000.0 0.07824053049439621 0.012100360277883917 0.03935673981482884 0.09012673825819617 0.07229540700543538 0.08018783723841497 0.01351692511111735 0.056459326541591685 0.055089138595563476 0.037280736435862535 0.020019979497716563 0.06916972109065253 0.08040995221061867 0.06317961035355783 0.033582424028708265 0.04594678644233533 0.005562247348661399 0.05430078667237454 0.01776875656295507 0.048100699244050096 0.0409643149101193 0.0382187554486168 0.0845047735198111 0.03293579089974523 0.06871456502588338 0.09142246425935985 0.02398431013778193 0.07153939394956482 0.06606565409513608 0.029251335077593418 0.05511680082500385 0.06362567272405545 0.055791911223119835 0.009449311560806336 0.0671502699665157 0.01621165888292809 0.02363003400400901 0.01615494751754823 0.07405717649361257 0.06973985343136897 0.024310010196454186 0.027283456635568745 0.07115117722852503 0.027709925859756058 0.034424143244017616 0.06555258377451267 0.007102685821243571 0.035533718710760435 0.06262440088916263 0.05013062661535361 0.020183758111967535 0.057503783404139086 0.029210714761127184 0.04022213371827218 0.07312922744583308 0.054224029086390325 0.05508678753292785 0.04563363249390522 0.0154442090387124 0.05573425737345614 0.07735255467501297 0.022093254481398057 0.07664742409914287 0.06607269183496131 0.058925868746893005 0.009173162264121383 0.07043255248015601 0.007908059818175809 0.08752989057690012 0.012198377260209855 0.005597709202301483 0.0702106402584989 0.07057571355419717 0.07304884780838798 0.0445949661911013 0.0017528605217751922 0.07247724618928339 0.07234008479941992 0.020465653238865778 0.07253298288702965 0.059547777068827884 0.06871625394005902 0.056276812496838774 0.031407283832822694
 0.04832090178301573 0.05589130507446878 0.03245987812245591 0.07824053049439621 10000.0 0.06884192576521303 0.040654577422840954 0.012098769365754556 0.07091506046426346 0.0033355150031828774 0.09174998667443969 0.05515389615609207 0.05984052868062347 0.0800370329697303 0.07519569386153746 0.03491849773483257 0.018820750950854566 0.06600251286253157 0.044998388928054786 0.047213079177760194 0.0833889044786376 0.0699535197834957 0.061080172789800796 0.037739841198129294 0.03742229406920653 0.04579943057467689 0.00948148209689349 0.04531380565439465 0.05295289999011164 0.013544515881799803 0.0916730249272283 0.008542737889485532 0.08613951662602483 0.05149165783627463 0.029077882985153965 0.016110644924399318 0.03386330508334465 0.08126276581391283 0.0672146059744958 0.06226275394235168 0.0873436816033266 0.06821714770335222 0.03725774404369658 0.06049706437058862 0.053950683363464876 0.10551710606966713 0.035104457189549985 0.10398500648564649 0.0537825824135487 0.020858806265763242 0.07172026989229088 0.06290967779970248 0.04703223385496094 0.05918107787675269 0.09279885373480734 0.050035465383389655 0.08797718085802976 0.05677261916651098 0.021507043731076966 0.04439307222230608 0.0260779458227887 0.050959775811143866 0.09285847310479706 0.08110677254110671 0.011181510865668874 0.08125671135017257 0.03127569000881388 0.06848288612919953 0.021021187662637924 0.07320209707285466 0.06677024402263891 0.0861339588456975 0.01892030634545168 0.06757741162655159 0.08093761309745881 0.013326600592688313 0.05228684935037798 0.01864643988490727 0.03660063617606288 0.0796098539583468 0.058277702595732804 0.05252514756245145 0.0869826059024932 0.006833363178536562 0.02556693340694685 0.05561600744640367 0.06580512836502074 0.05739182703506313
 0.07287514257875 0.02269557849163786 0.044885516331744195 0.012100360277883917 0.06884192576521303 10000.0 0.03261042998558068 0.08046268983217927 0.07375759504379997 0.07050847803022273 0.02420998081175765 0.05585414778207031 0.043417810745606036 0.04382808024451564 0.012812782816985337 0.05727692333065279 0.06939676918890952 0.05182498170977545 0.025950244009393848 0.033865686695542796 0.015696101647066165 0.04356893270529718 0.013502328639337471 0.04283149349944637 0.03255064435389224 0.02654550790846803 0.07581640638085964 0.02406945896309679 0.05668065753065055 0.08167801484189084 0.03521103098732431 0.06278737357769229 0.07091608631502945 0.02446274414226236 0.04400864538234332 0.055175666125224024 0.05049042795152807 0.012436898415875598 0.055788875750941526 0.00782013549291434 0.033902748884585866 0.01896802323812313 0.06966955111987767 0.05794179255829647 0.015840524633423718 0.037597502310576805 0.0664965987296574 0.035152872872108 0.022327774436100845 0.054607534562918024 0.005474669401957598 0.037158687423798624 0.06023170974831022 0.03843563847143392 0.03210177013818571 0.045432454314885434 0.038812756770390734 0.04000390234847999 0.061921413153589795 0.042142904294711035 0.04449070785035551 0.04395640252226758 0.02729400893623795 0.06066358441437067 0.06690345251968763 0.017837912314079177 0.07125848797790024 0.06759650880560876 0.04871620408134533 0.015182699481208508 0.058959747000679616 0.018866851901628703 0.07987003040520634 0.012689944649111915 0.012499893826185743 0.059788802239794575 0.0688472136186996 0.06588327434290543 0.037997848721413124 0.013851298424066698 0.06056089595964446 0.060283221438934796 0.020408052045286115 0.06277187386618326 0.05274756916710278 0.056748980359585886 0.04505861143875372 0.019332797482547195
 0.042851772025228704 0.03254484297092218 0.012276523300368358 0.03935673981482884 0.040654577422840954 0.03261042998558068 10000.0 0.05275319586255266 0.05163202604400525 0.04313948427869156 0.05271395971930489 0.031465290088260066 0.0504632946947758 0.04222249603577542 0.04295453104768523 0.045702765742139696 0.048134451614410934 0.05975527263347505 0.006950625963765853 0.033649981104066626 0.04483379740397296 0.056886897102307724 0.02159259466525703 0.011121343902148527 0.006457571356336112 0.023850510287081027 0.04573486464450374 0.010524487764515327 0.05552454813261214 0.05418939757279538 0.051046712909260356 0.03306896479247362 0.05788331786465265 0.01087782104697978 0.027309347077591018 0.02497799220336876 0.018297621684025787 0.04453957042441882 0.0629894314639648 0.024902355672498048 0.04681340726956853 0.027619641812244883 0.037767084997501706 0.060640707903857186 0.01688174764706775 0.06635508459545483 0.03443786262428821 0.06665365800031706 0.029910743944712916 0.034509503607018495 0.03375111921208657 0.025670305799262685 0.03148676154532885 0.04662624506290342 0.05221137671698217 0.04546017684596193 0.047919456085617755 0.021864018260434315 0.04267962802297274 0.03875841510077827 0.024190233747680798 0.02006050546705629 0.052997566659318714 0.04964038774085501 0.042767023214454795 0.049024443668517506 0.038746477387226044 0.04636141529038692 0.025360378301003798 0.0330567623918047 0.06477696050092133 0.04719036711557484 0.04818095012313382 0.027717974361404534 0.04312037742028517 0.03608539191863556 0.04056783548294693 0.03371500826886219 0.00538928430618515 0.04047568381920281 0.06117713347300017 0.05783516665603423 0.052880836505062596 0.03603761337328985 0.02029297841741212 0.05708486152341432 0.05529343383260533 0.031498369101034894
 0.055820932539881435 0.0661886790803575 0.04426598876601923 0.09012673825819617 0.012098769365754556 0.08046268983217927 0.05275319586255266 10000.0 0.07977105678533912 0.009958264825076798 0.10362042285336923 0.06547171966556563 0.06733360975022151 0.09174469611901469 0.08620274571750783 0.04004277927067424 0.020270937396721898 0.07236346463551087 0.05702710152180406 0.05655299604315396 0.09521453067238848 0.07767107166313282 0.0730870703556473 0.04947911249058966 0.049434370884094914 0.056515945994186974 0.011456825924116362 0.057193065257978244 0.05801847073641486 0.0015778713633125684 0.10376579267551017 0.020174625887696408 0.09624184188238011 0.06358934437534812 0.03893751508035672 0.028088567705965697 0.044994563944116765 0.0928452538200397 0.07299473815503625 0.0740682732497785 0.09942142779031914 0.08031188605476522 0.04484049232852344 0.06558059476916686 0.06581752734382627 0.11738081359223511 0.04336447290785984 0.11554812382635213 0.06426082020032375 0.029169215169438528 0.08352363887128372 0.07466833477382269 0.0566502331799564 0.06739703876578462 0.10489013986499571 0.05725142758551734 0.09998360105066685 0.06838071924052515 0.02644398676210466 0.05247251173105512 0.03672293828513991 0.06233457780712217 0.10484767368529113 0.09184486730579161 0.016053266024543905 0.09217246784993342 0.03816904273339697 0.07796146976042105 0.03196510116909839 0.08524865564400469 0.07199404504943671 0.09800489121110627 0.020232766085862917 0.0796021698076351 0.09267294223755822 0.021972277801522288 0.06074937228360426 0.02736817433621133 0.048655952566692584 0.09152381136445452 0.06276283704417732 0.056830812139024744 0.09812560870281732 0.017691707829032236 0.03691123537302968 0.06074001929834083 0.07317763395841088 0.06797959233580995
 0.02520140023868344 0.0831169402339163 0.04640050142067523 0.07229540700543538 0.07091506046426346 0.07375759504379997 0.05163202604400525 0.07977105678533912 10000.0 0.07424761934877198 0.08098578833304682 0.020173940826970733 0.10209085652898 0.04069172002501171 0.08652405380673844 0.09334060821321949 0.08738115175562643 0.11138606699864446 0.05678414218327046 0.08526978067290099 0.0770178745169198 0.10812345520186618 0.06047464012023781 0.042693325963466235 0.05757802173734524 0.07539092210007241 0.06842783588422695 0.06100994541766466 0.10616737016257913 0.08129737052646926 0.06419767362839317 0.06303757351379345 0.021022623654817756 0.051988206291701276 0.07570898069459707 0.058543800337224956 0.04055951922496853 0.08130918841829048 0.11459013768380663 0.06699680507258654 0.05946238120436628 0.05640712532724963 0.035314346712609954 0.11184321442088241 0.06287970412552048 0.09088017177384597 0.03641788188600518 0.09713093343628042 0.08062090996477991 0.07858774974994996 0.07120207057926174 0.0369387779610732 0.02432201224804877 0.09817115555701467 0.06992261898590568 0.09676261398330045 0.054963681465874804 0.033964125724327464 0.08539523435109653 0.08987813102528466 0.0713348631833737 0.032032866518371186 0.07734396462673276 0.024435436991735737 0.07970173596528085 0.0914370853364957 0.042224715597598 0.0062252301560141 0.06954880514589791 0.06313007581450722 0.11627334519645335 0.07737621121045406 0.06227635606978805 0.06193793639597559 0.0778550936529512 0.075822420435855 0.019106885737043 0.052608162226877586 0.04925336510246811 0.07216161106387009 0.11197955144821851 0.1080191869390431 0.09219539143387116 0.07120688936008931 0.0480632317536404 0.10798477498216158 0.10682806695367407 0.08136182614148253
 0.05157126071144054 0.05665066327435575 0.0354159033931937 0.08018783723841497 0.0033355150031828774 0.07050847803022273 0.04313948427869156 0.009958264825076798 0.07424761934877198 10000.0 0.09367627398189446 0.05844991643586384 0.05936016177342506 0.08299557032890578 0.07639606431637719 0.03351614168518953 0.016199050826768407 0.0651415144277633 0.0471833856618849 0.04746744948809853 0.08526290713461195 0.0695794873627606 0.063212917934898 0.04072415233814487 0.03958029322648582 0.04679039178572574 0.010906795307853892 0.04725950294525684 0.051643757863197005 0.011236863357022002 0.09418608070112243 0.011747960593180033 0.08944239971696902 0.053918888790512313 0.029524573990234157 0.018995297525387735 0.03706721814223057 0.0828959753077096 0.06616946905561474 0.06411575697575032 0.08992044305644313 0.07060243230218129 0.04049687798415286 0.05922054797804257 0.05587782945262612 0.10743432055568942 0.03839293032812617 0.10560308792764615 0.0546414280215772 0.020459090281585483 0.073570019316141 0.06585077882510657 0.05036566183705719 0.058977940562567464 0.09515204207144579 0.049422103084864846 0.09069157175333237 0.059795711413574745 0.01985047207242503 0.04408811285580899 0.026976330238176166 0.054075193409812684 0.09495217911294883 0.08434198917250318 0.009052147281231318 0.08240065850660103 0.03442460856755873 0.07181596142972768 0.022106583779034808 0.07541269968984203 0.06555353371718889 0.08806133101737644 0.02086860269521413 0.06974233643799621 0.08271477931995641 0.012918940757615245 0.05560240148306244 0.02192125278088246 0.03927906751729005 0.08159328658816882 0.05682082689568446 0.05099565727959978 0.08827854706982334 0.0077478454458450715 0.028739765232419237 0.054334714596706996 0.0652948060062947 0.05831895149835017
 0.08702137282636666 0.045784767062333635 0.0644018820582711 0.01351692511111735 0.09174998667443969 0.02420998081175765 0.05271395971930489 0.10362042285336923 0.08098578833304682 0.09367627398189446 10000.0 0.06701586443574888 0.0643369549313568 0.04241514515936192 0.02673286970126158 0.08129904202408973 0.09349969375831688 0.07154241728239392 0.0470745069032803 0.057495509915680476 0.00855605901378553 0.06169575323297256 0.03113962065847655 0.06102336623058183 0.05447870051546051 0.050749160162587514 0.09800621267203193 0.04643881790073067 0.07904409266455258 0.10490818402054755 0.022000143635232446 0.08504942229355897 0.0716809179053561 0.04236157654566976 0.06812996717025635 0.07712245402051977 0.06864551616310446 0.01397574409324213 0.07545935026767586 0.029599064135832878 0.02448411588275298 0.027452964647231206 0.08640186599283498 0.07912500749128128 0.03780576390226825 0.013767849229010044 0.08363255109868982 0.01617668520313845 0.04594136565107425 0.07866935550481237 0.02020037241407952 0.04543327435732547 0.0741163450527194 0.05953970481405036 0.01566161922745965 0.06818510484344568 0.030526960855589272 0.051063861987116835 0.0860898443666778 0.06571336778943244 0.0683439365324028 0.057102491967328334 0.0059897560295153595 0.061628985677491206 0.0906846255059633 0.0255056175028749 0.08938282666901404 0.07484943466160399 0.07230524825246022 0.020501825480388078 0.0789450121044937 0.005616244088891046 0.10089053077262701 0.025119690262471708 0.011852344508613144 0.08354499893281446 0.08156765336071417 0.08633480472935319 0.05788676019406165 0.012250162854088139 0.08223728947130765 0.08278917463546519 0.020140115554553664 0.08600790181931962 0.07279811082214638 0.07871706616834895 0.06450260329126113 0.04252489312948911
 0.021269537599035833 0.06322849821066583 0.026974404787368764 0.056459326541591685 0.05515389615609207 0.05585414778207031 0.031465290088260066 0.06547171966556563 0.020173940826970733 0.05844991643586384 0.06701586443574888 10000.0 0.0819283096081287 0.03314033511109355 0.06837464381860936 0.0739568374673268 0.06992252450478141 0.09121520253488148 0.03678889641087195 0.06509652345103979 0.06165793190662137 0.08810067929323669 0.042354789684712006 0.022793626409065418 0.03741405033850719 0.05525762135308989 0.05474890920497631 0.04100482840237257 0.08617290366527848 0.06704666872455793 0.054192443140694845 0.04675933238104165 0.03100509685413792 0.03267888561076377 0.056005580616403476 0.04094904822755386 0.02209284947698822 0.06483080249731947 0.09441649789396098 0.04859549237220199 0.04913390065273945 0.04031860540769848 0.02570945478286939 0.0917365789117173 0.043564507015282576 0.07857105504596257 0.02483230136087313 0.08308340208984863 0.06069178055652645 0.05976773435773641 0.054095753849006695 0.021656648897175824 0.010223707815461933 0.07804424279457943 0.05876656775231877 0.07662927987816408 0.04626652267005618 0.016246689779741953 0.06703071533121803 0.06977038349084956 0.051780470342901605 0.01228392501497361 0.06443959248358647 0.02667487902433106 0.06259631880606832 0.07369197245777044 0.031816825568553114 0.01521457908264071 0.050467734164356196 0.04742123846570762 0.09611286950053712 0.06262996210374991 0.05095291722040745 0.0450167422984691 0.06180279594734962 0.05788627640140358 0.014815440588626364 0.0383277266755314 0.02917550389860022 0.056674095663656644 0.0919576955027349 0.08812914679252025 0.07532935536588224 0.05416335242817109 0.0303023645799844 0.08793782303187986 0.08670668876016062 0.061627366321350234
 0.09055923814303636 0.0217997570145711 0.058012425533731156 0.055089138595563476 0.05984052868062347 0.043417810745606036 0.0504632946947758 0.06733360975022151 0.10209085652898 0.05936016177342506 0.0643369549313568 0.0819283096081287 10000.0 0.08364910570624216 0.03773470124295109 0.02854269072289077 0.048457557899990865 0.00941953531386924 0.04568373837644512 0.016956400484878495 0.05699104244874786 0.010378590406742492 0.04959909667688345 0.06021908543283279 0.04471533200423659 0.02678442001105392 0.0692676245108068 0.041515044635281426 0.016154813710439243 0.06782120154432798 0.07862780376054394 0.059101397938611674 0.10632425760703958 0.05219151309298395 0.03247121378250831 0.05552526637208214 0.06503911069493667 0.050373238288980486 0.013062008750538099 0.04415845978353139 0.07710047344979754 0.059150340665860876 0.0824735427572387 0.014788882865780647 0.04272412298140629 0.07525287591986597 0.07903319892530669 0.06780883827536513 0.023487558932623335 0.0389941070792175 0.048892001670126944 0.07133399732930448 0.08095408335733767 0.0049853805062426 0.07527084226195771 0.010118242452747554 0.08158722972873933 0.07035653409046007 0.0411008399131606 0.015606467943419163 0.03697192574921002 0.07027251762230091 0.0689910786160532 0.09693565111689136 0.0513194413626808 0.040782568050968936 0.08022731836206923 0.09673448174158353 0.041658118414796566 0.05792592685920654 0.015771189132386777 0.06014437715427385 0.07771900825776626 0.05357278344711635 0.053182369369552535 0.04656322568611353 0.08985829041265915 0.06895909540709237 0.0533608026346551 0.05681260904834024 0.01805413078702253 0.0199521426680527 0.04786978845625645 0.053193824945552456 0.0611889159391173 0.01499053735045795 0.005978700879039962 0.024898329779590125
 0.05426113363439929 0.06191054157565173 0.04758361055992001 0.037280736435862535 0.0800370329697303 0.04382808024451564 0.04222249603577542 0.09174469611901469 0.04069172002501171 0.08299557032890578 0.04241514515936192 0.03314033511109355 0.08364910570624216 10000.0 0.055862039563705106 0.08694240495955081 0.09016030412692014 0.09285476905498716 0.04220592884679189 0.06935192692790587 0.040647910945628335 0.08615840219084576 0.034105256610328 0.04229903402233723 0.04811642711435663 0.05891346984841763 0.08246488267825046 0.045303158281104886 0.09341500287990462 0.09329171237225548 0.023569076623311046 0.07161541103041666 0.02930186917626073 0.033983435425051375 0.06892389750840638 0.06400136260965371 0.047265764578099945 0.04670700451332047 0.0966727344669972 0.040067349807608676 0.019023532355202755 0.025137471683481034 0.05825711495871342 0.09683255229155531 0.041203322365422484 0.0507119973512042 0.05672744130590977 0.05810048125139942 0.060173431275011124 0.0767302776605072 0.039304716990278966 0.01715624944166811 0.04299450249704032 0.07883601064787427 0.02957043678514427 0.082216618201586 0.01427770159955638 0.02342833546150962 0.08490182198673527 0.07661491093644758 0.06627997913560349 0.029954532099003506 0.037885997956778626 0.019220912958832412 0.08426635148958614 0.05911668951240747 0.0636627850338618 0.03502459143742377 0.06754159033701687 0.02924670851054966 0.0993661920895065 0.04001044341622632 0.08105000390515532 0.031337908760438786 0.04268714694659861 0.07793113616267261 0.04736681491853441 0.06681937951169227 0.04446132231320883 0.036487752587738675 0.0984560263392305 0.09639915981886248 0.057625472707355394 0.07675989535878279 0.05492685210136435 0.09433503731964818 0.08668404296916873 0.059007620395130814
 0.08465588886569918 0.02151934321429929 0.055068926602872555 0.020019979497716563 0.07519569386153746 0.012812782816985337 0.04295453104768523 0.08620274571750783 0.08652405380673844 0.07639606431637719 0.02673286970126158 0.06837464381860936 0.03773470124295109 0.055862039563705106 10000.0 0.05754306305033898 0.07263063337032874 0.044813609953604124 0.036016676446512706 0.033371496335512785 0.020122691250729127 0.03512810910866582 0.026100980961251425 0.053765581378029774 0.04143808316855088 0.029772916194903923 0.08301968366737343 0.03313028639528971 0.05288642224515303 0.08726906684886039 0.04380443302070389 0.07015571091032172 0.08351898447637303 0.03629901221137936 0.047802828684737425 0.06309800091950536 0.06122519086178131 0.0129405084646057 0.048737124299874694 0.01979088541666914 0.043647578028423256 0.03150589632373713 0.0806535162942126 0.05250091673501156 0.026279558466299105 0.03768801794997854 0.07736403428111481 0.03151060272458199 0.022666605366216164 0.05840399581612887 0.0165714704459672 0.049971415642959115 0.07221977080163806 0.033036819764730496 0.0392378521365341 0.04247157600351958 0.04915546811238402 0.05269000902558387 0.06479783900651767 0.04114239317259919 0.04948459361656176 0.056327817292179304 0.03175736604887475 0.07322667337416174 0.07148149044704837 0.006199499455161394 0.08160535566178752 0.08037524567834296 0.0542930523543335 0.026641666049750476 0.05221336383074764 0.02305384223198274 0.08819235540772724 0.02530742730361762 0.016386092405290025 0.06459744374827289 0.0809949436463729 0.07490225698352711 0.0482167114169404 0.02148124871239914 0.05573466417714686 0.05668849346443984 0.012101699310609145 0.06869513119007746 0.06235649995363549 0.05235211686462071 0.03777644492997571 0.01883639533953054
 0.07588443695048719 0.03611360942611329 0.047023674224795316 0.06916972109065253 0.03491849773483257 0.05727692333065279 0.045702765742139696 0.04004277927067424 0.09334060821321949 0.03351614168518953 0.08129904202408973 0.0739568374673268 0.02854269072289077 0.08694240495955081 0.05754306305033898 10000.0 0.0202429354527202 0.032419645186420695 0.044739860915684423 0.024189544728763262 0.0729050002068786 0.03885558599644436 0.05665731143158723 0.05129611137613937 0.03933133187868169 0.031067963056886604 0.044265254947959 0.041903310427660885 0.01813894754779009 0.04029614477962424 0.0896031094250978 0.037148077554407334 0.1030405434969688 0.052987566803225354 0.018421042407428027 0.036994994854596244 0.052869615157426 0.06798688208500661 0.032954084254863555 0.05396391265967751 0.08662151708804572 0.06636939020849617 0.06588607806183831 0.025723737628080858 0.0481317191548078 0.09413635900246622 0.06278833597260262 0.08904126678809023 0.035485940039610815 0.015921697894929813 0.06208815784528719 0.07115649084097592 0.06952446450166759 0.029947615516544814 0.08818269158776156 0.018597860901150412 0.08955778387957976 0.06751414276084981 0.013750091492913197 0.016622955996994506 0.022225440151329913 0.06461147281675371 0.084546473939167 0.09524632955173602 0.024638968304777385 0.06247682703584459 0.06173053912024635 0.08910679737150688 0.023919779578064182 0.06823029109730308 0.03209060232136716 0.07611128709150652 0.053803168368527686 0.06264874302908624 0.06944699443003007 0.022150660278960604 0.07737338623300555 0.04889735940240688 0.04563538636050574 0.07088184585474926 0.023359206734461315 0.01764478515684858 0.06941212187447621 0.02921178367845073 0.04615414986520848 0.020841950102600225 0.03402806212790109 0.03912313602567247
 0.06619091143310368 0.05139602731014437 0.0441153709715493 0.08040995221061867 0.018820750950854566 0.06939676918890952 0.048134451614410934 0.020270937396721898 0.08738115175562643 0.016199050826768407 0.09349969375831688 0.06992252450478141 0.048457557899990865 0.09016030412692014 0.07263063337032874 0.0202429354527202 10000.0 0.05264844402901003 0.050093249429246256 0.040330758967954856 0.084943640345724 0.05883126829127664 0.06504165928383941 0.049325329048552205 0.04289275352069349 0.043274963911700916 0.026889445155792856 0.048781263694289215 0.037909625498903504 0.020315438483620003 0.09772781341813479 0.024837540978723326 0.10070554685668236 0.05795716096924069 0.025388554727110282 0.029012269599924905 0.047837601380347004 0.08126861802247076 0.05301999300661416 0.06427107575240261 0.09397869257000589 0.07377532854078545 0.055279226556954365 0.04543434202177702 0.05680698314741467 0.1069941842968597 0.052778677664978575 0.10348802147155993 0.049976544210745544 0.014861045686860922 0.07339839460799133 0.0731982802187227 0.06308436297330366 0.04923114846812791 0.09759744561868629 0.03835633322721979 0.09574733139228024 0.06801126503068482 0.007924913238599526 0.034639107214711785 0.025569741771514963 0.06331909287473073 0.09575650697872225 0.09446381283821538 0.007933054698991101 0.07819988485719337 0.0497108803300596 0.08425053606033069 0.02287052062361731 0.07734442762177718 0.051855294827129805 0.08799565778393462 0.036961355752959654 0.07154970652321156 0.08189658030613854 0.012346242215297395 0.06941491752541745 0.03671195778006922 0.045779030939915775 0.08199562374087677 0.04252117797813757 0.03658336577364832 0.08473209188378396 0.016249106853430492 0.03966530136447244 0.04062945150506228 0.0541102666239513 0.053810709978079976
 0.09929108364689948 0.03094422759588056 0.06691453182846502 0.06317961035355783 0.06600251286253157 0.05182498170977545 0.05975527263347505 0.07236346463551087 0.11138606699864446 0.0651415144277633 0.07154241728239392 0.09121520253488148 0.00941953531386924 0.09285476905498716 0.044813609953604124 0.032419645186420695 0.05264844402901003 10000.0 0.05508174349369133 0.026129765183770658 0.06462249086943886 0.010889888697593575 0.05876159462447369 0.06932895554779447 0.05390882488034082 0.03616792223160087 0.07548398001709102 0.050921532929583166 0.015671093806470155 0.0726762520567048 0.08697017571580191 0.06617426247734079 0.11574039876661854 0.06160740184955584 0.040173382779696294 0.0633026736208749 0.07389133783528024 0.05770456074298589 0.003970904200049254 0.0531404712658252 0.08568769359919061 0.0681933624595897 0.09088742050697228 0.01002850883646826 0.052062465801592496 0.08166871879356638 0.08747640861492266 0.07343335903554657 0.03277528564887022 0.045255252022292795 0.05728552204305522 0.08073295633946964 0.08998988814545915 0.01403028861955852 0.08328923168291685 0.01643497378016222 0.09034974622448629 0.07977303576360209 0.04592448103715661 0.02320825203879113 0.0448413297112368 0.0796259066372795 0.07649582133962601 0.10633372168564996 0.05662471407203706 0.0469777845601833 0.08829569496639213 0.10607233732683559 0.0492166994534857 0.06661948375701483 0.007416422083203606 0.06769831708042168 0.08439488493001765 0.06248601170098084 0.06081022286465706 0.052687683135738114 0.0988349847071949 0.07660834449880044 0.06249597466756634 0.06487153555943605 0.014196290715941985 0.01864294153785902 0.053861759677782166 0.05958901580859921 0.06963863515880075 0.013274450109755366 0.007043491713500694 0.03391113653525894
 0.049581462612519916 0.02647327483879981 0.019099604986739082 0.033582424028708265 0.044998388928054786 0.025950244009393848 0.006950625963765853 0.05702710152180406 0.05678414218327046 0.0471833856618849 0.0470745069032803 0.03678889641087195 0.04568373837644512 0.04220592884679189 0.036016676446512706 0.044739860915684423 0.050093249429246256 0.05508174349369133 10000.0 0.029320234209034644 0.03893989433904292 0.051340028315260654 0.01609779449275044 0.017977816035927945 0.0076062916890952395 0.018923684315693093 0.05093377142996556 0.00422625722333503 0.05242770364469739 0.05839150879818268 0.04771937169795568 0.038000201171875976 0.061057653827758206 0.008268258270136716 0.0269039866180371 0.030048104689390825 0.025248028960073696 0.03808555033566367 0.05850716278698513 0.01838900066765433 0.04388683603422379 0.023786188756691563 0.04471560022984836 0.056912906231020445 0.010115608955487312 0.06081561750904184 0.041388485483931634 0.060457674052424366 0.023912370054535306 0.03568480615413255 0.027548832446864298 0.026943605498644475 0.037890291274559944 0.04153031825456085 0.04810650146588027 0.04177155297334594 0.04581951566112949 0.02481770252741678 0.04385502522651257 0.03545783770355057 0.024855685699843765 0.024764588707146526 0.04788103076117231 0.05215064623894366 0.045594847883340374 0.04210168269759957 0.045628719125652833 0.0512264014094167 0.027323575530719964 0.028229315196952844 0.060569498042396454 0.04148429733696471 0.05417591367063208 0.022579105678121558 0.03694565058625861 0.03859921202149611 0.04695506111847624 0.03998464094756405 0.01221574114178459 0.0348396352950155 0.057865838388754566 0.05507243714104235 0.04609085693939162 0.03971890492224544 0.026798890781935286 0.05372737551512928 0.050150796877181436 0.025094164736639064
 0.07374801822185903 0.011930985867483678 0.04112004088610717 0.04594678644233533 0.047213079177760194 0.033865686695542796 0.033649981104066626 0.05655299604315396 0.08526978067290099 0.04746744948809853 0.057495509915680476 0.06509652345103979 0.016956400484878495 0.06935192692790587 0.033371496335512785 0.024189544728763262 0.040330758967954856 0.026129765183770658 0.029320234209034644 10000.0 0.04924458409541149 0.02491227298545271 0.03613144586101183 0.04326366771986409 0.027785423504518337 0.010577239040431431 0.056270423376375944 0.025284155333563534 0.02415350574976037 0.05734731809833635 0.06784869698163265 0.04482577375469613 0.09034546232249516 0.03645505666359905 0.018185594926117536 0.0401054288341016 0.04817008439418428 0.04395888864712306 0.029344951163815983 0.031944936255997855 0.06549493223158304 0.04604515043849931 0.06596652614802254 0.027730050395314714 0.028217274337248 0.07008808625022439 0.06250410689919232 0.06485652622134344 0.011575380165703562 0.027414043763308502 0.03900015166638827 0.0557531889978291 0.06400077453120835 0.013804637503531489 0.06562753636231973 0.012864954676408247 0.06925085437364932 0.05413684296281509 0.03240644952852544 0.008277485628713308 0.02196308187989397 0.053597919540756864 0.06110268152670449 0.08125879495432863 0.04075590987809369 0.038453759965212664 0.0641405291076576 0.08000073073096511 0.027059234010813144 0.04641384380678828 0.03126355984824494 0.05247577827715047 0.06376923114476088 0.0412631022055312 0.04566691862829258 0.03464888062907949 0.07291690933040004 0.053554454280615414 0.03640862048823913 0.04769145328404602 0.02910814923198742 0.027371076461720257 0.04530512379597394 0.040379929717387776 0.04472215161323973 0.0249833473474317 0.02225373713148674 0.015024614465225168
 0.08096290597931292 0.03767115947503202 0.056743905830107425 0.005562247348661399 0.0833889044786376 0.015696101647066165 0.04483379740397296 0.09521453067238848 0.0770178745169198 0.08526290713461195 0.00855605901378553 0.06165793190662137 0.05699104244874786 0.040647910945628335 0.020122691250729127 0.0729050002068786 0.084943640345724 0.06462249086943886 0.03893989433904292 0.04924458409541149 10000.0 0.05520218341284287 0.023269651703561073 0.053660842997244974 0.04624027853565361 0.04224090938091603 0.08981168634254962 0.038083598650812164 0.07127667160183415 0.09648793310069692 0.024234661847438704 0.07682164674785764 0.06978908864568864 0.034802639817154805 0.0595745172550386 0.06895094864626475 0.061353565723707475 0.007411243378340696 0.06857633288741954 0.02114770612075311 0.02502983907101696 0.02136106078819622 0.07959855102814277 0.07175829031463865 0.02944718202482074 0.0222023093167775 0.07670301347985839 0.022152795085099267 0.03767021922421532 0.07011401375134707 0.011702702819382156 0.0404902864039837 0.06803582340880537 0.05210635742132417 0.019183108597645673 0.060259100773185234 0.030972832566979788 0.04545413766030003 0.0775381273711869 0.05749594968519704 0.059804562792713345 0.05102081586669743 0.012041174900159804 0.05951008654148083 0.0821600411172607 0.020578527001461584 0.08220961435911468 0.0708076404812629 0.0638032852987391 0.014237755845758919 0.071975470020331 0.0032355412128593866 0.09298581065987717 0.01775219569121662 0.003814880722254279 0.07502233800219239 0.07589263089665786 0.07854172058104622 0.05009641629446272 0.004986532322031182 0.0747132675580828 0.07497951083043822 0.017274082625367556 0.0775762295202501 0.0650564748217381 0.07108443619083271 0.05762227789153818 0.03436364617907829
 0.09835723842120483 0.025240719545715547 0.06564902663044343 0.05430078667237454 0.0699535197834957 0.04356893270529718 0.056886897102307724 0.07767107166313282 0.10812345520186618 0.0695794873627606 0.06169575323297256 0.08810067929323669 0.010378590406742492 0.08615840219084576 0.03512810910866582 0.03885558599644436 0.05883126829127664 0.010889888697593575 0.051340028315260654 0.02491227298545271 0.05520218341284287 10000.0 0.05221107030795219 0.06727331372873951 0.05166781600124576 0.033123011160715685 0.07933945279040791 0.04711493442269547 0.024739641096793843 0.0781755134291831 0.07827066802681766 0.06881831885891714 0.11060875813656117 0.056857704895568545 0.041993055184333807 0.06475731770708029 0.07272879011532059 0.048065377962403136 0.014381765762900518 0.04609172977319626 0.0773994144895999 0.06110937794267317 0.09083795527557198 0.020598329602324866 0.04652772173224262 0.07128551941676538 0.08736990089584426 0.06276235458089052 0.027598458116493033 0.04915528795886314 0.04892070698234969 0.07542494027889027 0.08808569168348149 0.011188820160866433 0.0741722639989062 0.020496020435673532 0.08238031630841186 0.07533423159386896 0.05147512189637425 0.025563473099113963 0.04629679859493041 0.07609611186413112 0.06687489967035518 0.10086120925973897 0.06164126791204195 0.03667148014954262 0.08904155978742742 0.10252136664812377 0.05117646032708306 0.05868612981249077 0.01804687134071076 0.058178086484824455 0.08758326980698189 0.055104209073990496 0.051420507906411506 0.05672984726788578 0.09710860908474392 0.0782285177756422 0.06040343581893287 0.05593505215972528 0.024658591505860437 0.028241423087479546 0.04340100129266186 0.0632486476521339 0.06961955704111987 0.022840513211480954 0.005055845612956253 0.027579112808566456
