NAME :TPP_input_16_5_5
NUM_VERTICES
76
NUM_CLUSTERS
16
Full Matrix
 10000.0 0.03789998639684302 0.08318415206540918 0.08143942634792832 0.05567720970625867 0.07443596903124293 0.017153439693838528 0.08318223101953415 0.07121699257568194 0.054300385742647034 0.10144103406075793 0.0514665241344234 0.07278749945947462 0.055229881037433204 0.07787448806113803 0.052225582051990654 0.035723783584197755 0.056391914065912124 0.041945028198946424 0.05237465454374165 0.009814436979817178 0.03946353936132137 0.04631787682768868 0.021882155694482226 0.019821007683686744 0.0787609260069095 0.08473211452118846 0.006451606124611592 0.0250613536257693 0.0906513848277743 0.05039368363269798 0.07682826185369312 0.0824000640546838 0.0944507318654074 0.06395560749350375 0.10528767844967361 0.03878006035842461 0.061281817752475466 0.10082522834192544 0.013493185309823224 0.05452906002615326 0.047630437118830644 0.07999733515749875 0.02513159939045476 0.03803166145578619 0.048972956209261474 0.0045701870122712256 0.06757273746825601 0.05634350383251281 0.051822743808096136 0.0929071989862803 0.025195217445940617 0.09003152858158338 0.053680458501979104 0.03734673795254515 0.0669964058122622 0.07600549675738816 0.064151003815866 0.014724145520989993 0.061805152358246164 0.03632078329858895 0.052238811321637595 0.023300914649233735 0.06922358555653725 0.0927327903238288 0.0359669310210432 0.08416472105011094 0.06835260607574545 0.07774887172209956 0.10590703883461217 0.03103913931778306 0.08128459378939583 0.026711017202715126 0.03781242658388886 0.06623155763315056 0.0857692854823106
 0.03789998639684302 10000.0 0.07168864912845758 0.05278924278266284 0.0504004077576651 0.03669785664328879 0.05378264304273832 0.06643778335964821 0.03423865323286847 0.0705458554583448 0.07649716248247805 0.031167964033249403 0.06530058745629257 0.017627770891335364 0.08155049764205297 0.023785861727174087 0.017289935591394568 0.05983181343167389 0.050884749205955475 0.016033937136635628 0.045113835422556856 0.05421078050895215 0.05497414680315273 0.020510110823234725 0.03368120374867855 0.052167517630107484 0.05126079550693054 0.03798721417805081 0.04175949421049296 0.07537942247411662 0.02716298375672646 0.06547825662749708 0.049968689568359176 0.06812929202677119 0.026494268200804243 0.08109096941083925 0.019248640172778123 0.04495769247744642 0.07166720553298224 0.04645199612322158 0.06466938529863182 0.01534935328691456 0.05229944568769624 0.01569198809933894 0.029804912138495086 0.04535019221553923 0.03412526654108895 0.07681830982206507 0.027074819806013038 0.031060962288210422 0.06419428201378105 0.017193766982007398 0.06769093894695853 0.03585252261011935 0.026524785756945734 0.029311194449381187 0.03811486612162385 0.06644119674131509 0.04619282331653081 0.03817038093686338 0.03547017506570232 0.04111336776030914 0.01894717537916102 0.0503934359369578 0.07123846955800044 0.058624794802628555 0.07566974312854653 0.050754443582271706 0.05881064176497515 0.07798848580834258 0.016556865995703152 0.056822098376315265 0.03102790385251475 0.013106127977277405 0.04673194321169417 0.05385246979046205
 0.08318415206540918 0.07168864912845758 10000.0 0.0400823126950714 0.027659956174452438 0.07393094460594755 0.0861004238624647 0.011632275037122657 0.06688349557985526 0.053307152842318024 0.03559394934998554 0.04056223290898222 0.011778174817433916 0.06882537389115902 0.03170264002645416 0.050022488522585555 0.05635572643377826 0.03332717315697732 0.04591465959243097 0.06414048774306148 0.08088945086997472 0.05262645982245602 0.043536969140286194 0.06608358871805874 0.06340187051960644 0.03503445545647431 0.054869715584196274 0.07746767496355171 0.06044904002710037 0.010255255622098275 0.04481372030858223 0.006486084812035592 0.050978860015673776 0.036084312500876695 0.06867427873310689 0.03603216390633239 0.0534024595671745 0.026766183909213936 0.046411951146195216 0.09667500460434078 0.042980906279689 0.058462622750910756 0.03765459230075681 0.08100943191369284 0.04694118860528421 0.03428765350531004 0.08344026538476663 0.04129198810078485 0.09554918802464243 0.04071897413488786 0.04209880374201749 0.06510459196669778 0.024963191799930923 0.035836855007057966 0.04906049581709941 0.0800579084728458 0.08010869601924302 0.028926103892552287 0.07597986683985593 0.03620945197485515 0.04691421577937826 0.03228659974398389 0.06573772183841817 0.02316749590078653 0.02374088075649608 0.06351505220153798 0.006930453913744805 0.021941115030838395 0.018161085613543463 0.04551949024727575 0.05999370512992911 0.029635151595303087 0.05663626412147361 0.08471870249968062 0.02651194648075323 0.04993175044340656
 0.08143942634792832 0.05278924278266284 0.0400823126950714 10000.0 0.043896848062157066 0.03760702711330602 0.09172798750703831 0.028834675860319244 0.031370747833251715 0.0783532901291357 0.024576182925545847 0.03069924619398368 0.043613499814485215 0.040943432530671016 0.06809760150508175 0.030141941573186243 0.04588709964830613 0.05740006553904891 0.06169039477672132 0.03849839689067593 0.0839204241787074 0.06901179696990224 0.06240461049410873 0.05969317940417619 0.06531660411886774 0.0054112754671935956 0.014811829518908423 0.07789220347225033 0.06773977145899833 0.0362137962877775 0.03106096712893634 0.03752623250703988 0.01104254920770349 0.01580060804394652 0.03642165977682631 0.029413957780864267 0.042710004550509356 0.027979618518879736 0.019456612997052574 0.09366158168757834 0.06780523787760101 0.03756501715578307 0.002637633743668351 0.06733252949779649 0.04579154687060507 0.04623412882549856 0.07950431050883129 0.07291759395558668 0.06831270987674012 0.030229733729818572 0.011615116581108498 0.0567484806481094 0.020142582875869626 0.030349945002205402 0.04515017740405352 0.046940876714220675 0.043800862824655055 0.05830027908531774 0.0813175218391242 0.02045751594286897 0.05127456137406872 0.03705825052190418 0.058433460005260646 0.022180470735038968 0.023927356332732 0.07935635603797012 0.04690950311241959 0.02438185875325052 0.022167078462494903 0.025270933235237106 0.05065535957077675 0.010556895111626502 0.05778524857234038 0.06476820987254647 0.021951730215341796 0.009993608638006581
 0.05567720970625867 0.0504004077576651 0.027659956174452438 0.043896848062157066 10000.0 0.06523240368311856 0.05870461501236115 0.030176174111564785 0.058360832542193646 0.034461016112425524 0.05373156531673241 0.023306573976203275 0.017205877888971717 0.053541281517777956 0.031825627154203416 0.03450840954307146 0.03331981632579762 0.01386384283930447 0.01995487646251801 0.048212935714303615 0.053248878997379845 0.027349088675019166 0.019242294471428684 0.040115275259052195 0.03585837281097018 0.03880126348510812 0.055795512315314794 0.04985882851909803 0.03288950053884817 0.03605941562329127 0.027690922295403445 0.021498543549460774 0.051859034245451935 0.04969045373430242 0.05680342012853509 0.056247362445631326 0.03115952588576901 0.01607249609012484 0.05915484378196523 0.06914902132812087 0.023945329799182742 0.04080469488397667 0.04136584187776078 0.05644881246905799 0.02159532450021125 0.006713754958841915 0.05618826230682324 0.031100141704618337 0.07678480648661053 0.023804732869143034 0.052129959134334984 0.039883432481157235 0.041137209021005296 0.019050459222785383 0.02448137915152469 0.06730726150346127 0.07065027691904528 0.01748410393769374 0.04844424189672142 0.027058493904681447 0.019707922294779932 0.010413402130564164 0.04009107041251621 0.022331243057750444 0.042505298549873456 0.03842687753501397 0.028614388044291637 0.020290135285908863 0.027839044997078056 0.06148902615360948 0.03579285861526907 0.03722297306012896 0.029421872313848976 0.0626297386283013 0.021945142591879296 0.052980424549938475
 0.07443596903124293 0.03669785664328879 0.07393094460594755 0.03760702711330602 0.06523240368311856 10000.0 0.08965452107373968 0.06409743505132971 0.007115999933546266 0.09555498185192929 0.0607096783918587 0.0422827406332704 0.07327718137405408 0.01920957840085052 0.09589185625701935 0.03172102980410607 0.04393426200827959 0.07849484590931277 0.07559241258995948 0.022767255303978662 0.08094521549526847 0.08130050308634443 0.0784109138265972 0.05476148586228463 0.06634937517965597 0.04091678901194889 0.026238571363473802 0.07383539135555783 0.07281579040814794 0.0725272257336281 0.038419880200712395 0.06950816154308859 0.02802145833162969 0.052065883156994 0.01072076144315175 0.06553674002624782 0.04273758318682619 0.051478581481115025 0.050154630207463774 0.08300815097265823 0.08684881662145827 0.0297072807563157 0.0390661128048559 0.05169831771131395 0.05304056413718556 0.06355714129370188 0.07079114832081596 0.0962099791158639 0.036642135965444564 0.04172673836602179 0.045128830186960414 0.05104981883432055 0.057696446348689576 0.046190415320666006 0.05027899864377359 0.012094662662683659 0.00625848864436178 0.08261620984797573 0.08106287960590239 0.03956775529507018 0.06025830702129607 0.055005441053051156 0.05308975661497336 0.05126524959029578 0.061511816043865825 0.08879528005455839 0.08011438546648252 0.05298356621939889 0.05615786747974622 0.05738190434078568 0.04700729013401865 0.047139883975956434 0.06098196162445228 0.042592308759187285 0.048527747115807866 0.03160078407995928
 0.017153439693838528 0.05378264304273832 0.0861004238624647 0.09172798750703831 0.05870461501236115 0.08965452107373968 10000.0 0.08836357439444573 0.08577994775502121 0.04664804986786804 0.10932954880931604 0.061032984586312955 0.0747613236043484 0.07052406472593752 0.07427024699532003 0.06435642426278172 0.04793015409366672 0.05523761207440716 0.040804026740734786 0.06707698030269417 0.008711423236559823 0.03558540311865972 0.04429301646914188 0.03509188108023428 0.026411442864918255 0.08831365943992384 0.09707776410888287 0.015841070282340542 0.02591625580374093 0.09476004931845845 0.06108871158501581 0.0801468969677566 0.09431869384780948 0.10320467622908935 0.07899397787966622 0.11270931623464006 0.0504736034540512 0.06813606450294328 0.11066857974669277 0.02084960015395143 0.05021388782672363 0.06134528144322531 0.08994871192197443 0.04213992389384893 0.046092472458127295 0.05243898688867565 0.02170609096373 0.06213787340706623 0.07348972363507925 0.06149829668781795 0.10278742418865774 0.0387855722683382 0.09723116617339675 0.062058896424275915 0.04658569272444127 0.0830908925806185 0.09175700045794208 0.06252393584043497 0.010585645113089525 0.07137222530986247 0.041830891494662195 0.058277828381229246 0.03673912932199862 0.07628956150623266 0.09944095746713 0.027697022407984075 0.08569175333647279 0.07500094873835904 0.084209309986517 0.11502660803049841 0.04373310222837689 0.08982144149104417 0.0339810304592158 0.054884473551645635 0.07382568272673833 0.09734496623839389
 0.08318223101953415 0.06643778335964821 0.011632275037122657 0.028834675860319244 0.030176174111564785 0.06409743505132971 0.08836357439444573 10000.0 0.0571782124020771 0.06084599584666083 0.025508833191582064 0.035633903380742536 0.0194129527949705 0.06110920623719412 0.04255103867160598 0.04338526727777795 0.052735135336357486 0.039663966978147995 0.05000003443849169 0.05684091436345509 0.08225220880554986 0.057252367936966864 0.04857390573675541 0.06415000523320134 0.06385011749058378 0.02402412813369154 0.04364453380362154 0.07795703747203228 0.06244960616475488 0.009056219315417422 0.0393037733098543 0.011754221278576947 0.039840064670445485 0.02474913350732909 0.059839603087250316 0.026970342304486295 0.049521088383533196 0.022561548814802997 0.035125635198545176 0.09659201865483916 0.05010535250661995 0.05212027091031899 0.026517651646006654 0.07749322774604726 0.04542537918918586 0.03599813147571424 0.08279931405909442 0.05073187610636817 0.08853326126242428 0.03562686168688293 0.030496951583078573 0.06255459718210425 0.013784204736129355 0.031505677179834074 0.046860661493740956 0.07119176217857587 0.07033896420769616 0.03708512449734878 0.07790935622957407 0.028824807567089425 0.047183872269731274 0.030943420995932443 0.06352172971577565 0.01604455262709789 0.013467410363941586 0.06835347037893638 0.018560683350018287 0.015867931078818745 0.008173178444019696 0.03491933283514434 0.05690921728541332 0.018288963743592603 0.05651802354834815 0.07953783436502068 0.019707220004997562 0.03854373545525429
 0.07121699257568194 0.03423865323286847 0.06688349557985526 0.031370747833251715 0.058360832542193646 0.007115999933546266 0.08577994775502121 0.0571782124020771 10000.0 0.08922132716335585 0.05512177449375985 0.035613651203266816 0.06616424001387934 0.01678353241171845 0.08885135922364662 0.025424904581764666 0.038930720445821264 0.07173850701887942 0.06940103795538566 0.018843190955710222 0.07710691323001818 0.07533939200683294 0.07205193077102594 0.050694812912363704 0.061603777979925306 0.034306555036687704 0.021632961526985618 0.07006896555183188 0.067613397626817 0.06569840549337126 0.031941998923791015 0.062409362420697494 0.022631401321698476 0.04636264490383465 0.008138687018435618 0.05998423968655928 0.03736927204563429 0.044407743279281736 0.045478312390684866 0.08064087667874245 0.08029894184784794 0.02474019273749586 0.03262155089857595 0.04978116077559216 0.04713148174149177 0.05692299394638803 0.06783561779349927 0.08939936567673487 0.03940432131606149 0.035044627384884765 0.03979783742571035 0.046995174649213295 0.05129242014038739 0.039353213824577 0.04453515642066163 0.015896209492419912 0.013225399811874556 0.07569246262652471 0.07677637655649833 0.032479049003742634 0.054334300966903025 0.04820904216892851 0.04904232770409178 0.04416136692994121 0.05513432821121066 0.08324102423261609 0.07303098616144178 0.04587072609580917 0.04918835519351225 0.05264553774412187 0.0424267459826996 0.04052059149472101 0.055799408336382146 0.04213224934279557 0.041411865887332165 0.026486804700807054
 0.054300385742647034 0.0705458554583448 0.053307152842318024 0.0783532901291357 0.034461016112425524 0.09555498185192929 0.04664804986786804 0.06084599584666083 0.08922132716335585 10000.0 0.0861120452367815 0.05391211182699872 0.04195998272436044 0.08025399220951504 0.030101054234790186 0.06385059714082487 0.05460309010713141 0.021504690907983535 0.020191895442109777 0.07503901388577822 0.04651433432096577 0.01663429613568201 0.017172451252895817 0.052108945155507735 0.03994796190719744 0.07325771526807856 0.08982982807015268 0.04801847794162374 0.03143064485101829 0.06351790722304618 0.05728975776875098 0.04946892179679666 0.08597628452136129 0.08327200416181227 0.08580925321631974 0.08781476254303831 0.05438924753571918 0.05043713938589691 0.09310985189144932 0.0652047767588648 0.010834308841486518 0.06719866644626196 0.07582668038742466 0.06888348613054103 0.04306475299111121 0.03306066085425975 0.0573785954836337 0.01657461562188032 0.09725669204035249 0.05450447264837766 0.08635858930895414 0.05433154818861681 0.07368940363542734 0.051071723365131966 0.04619450233475582 0.09479630521008857 0.10020229883490932 0.024391208429283148 0.040473516567187985 0.060537423498754295 0.0360644165043262 0.04248352311928331 0.053185886603185094 0.05665170192950159 0.07422385670954981 0.019059694990736346 0.049761092255017236 0.0545376023284511 0.060953862039309095 0.09475652517929611 0.05403778300760098 0.07139128488404588 0.03976304496734371 0.07949207166509832 0.05640328448636085 0.08731926372495416
 0.10144103406075793 0.07649716248247805 0.03559394934998554 0.024576182925545847 0.05373156531673241 0.0607096783918587 0.10932954880931604 0.025508833191582064 0.05512177449375985 0.0861120452367815 10000.0 0.05013046845235446 0.04491723181514068 0.06550698217829902 0.06729652626719174 0.05300252955662949 0.0671631005662594 0.06472631636090735 0.07361941803802935 0.06288067798495806 0.10230845046041127 0.08105924527554645 0.07284276604054915 0.08043993447110667 0.08343793106297276 0.02432966910787517 0.034845773006598094 0.0970464779934437 0.08384140219685424 0.026511542804158694 0.05204685776869101 0.037246555778061574 0.03268934150050758 0.008823603410026663 0.060816092289130985 0.004871892098751985 0.06383106924269 0.04122639943759829 0.014056802790345956 0.11434995920362048 0.0753088056954821 0.06114812556805198 0.024425347739866977 0.09032155609535207 0.06374672157162217 0.05852698731549307 0.10016125045418992 0.07619615315950662 0.09286698485573315 0.04983474765614107 0.015718155028593146 0.07797155280181399 0.01259745643852973 0.04780708624980896 0.06410508034573202 0.07096016003516112 0.06665950998900477 0.06257626415893255 0.09874390372506718 0.04009315826616007 0.06751138750970764 0.05118997199546637 0.07941009277040424 0.0330864139282609 0.012060871195652682 0.09210065389068348 0.04190650439446072 0.03454665225168637 0.025914056391684558 0.010264791953730203 0.07187025007379354 0.020309911948867117 0.07578795949354833 0.08886860023467234 0.03553651241240304 0.029214136711893664
 0.0514665241344234 0.031167964033249403 0.04056223290898222 0.03069924619398368 0.023306573976203275 0.0422827406332704 0.061032984586312955 0.035633903380742536 0.035613651203266816 0.05391211182699872 0.05013046845235446 10000.0 0.035120355107003474 0.030519960700929875 0.054889535664668226 0.011225672250792402 0.017455273764766268 0.03623218026306979 0.03460491227617046 0.02528281190306127 0.05330141602254375 0.04122907638631818 0.03677121515943235 0.0303188987058845 0.034623268398018034 0.027436897790303005 0.03792401891484767 0.04747044455719773 0.037384175550964946 0.044432810399344685 0.004577355321697523 0.03444010012619329 0.03455316005417079 0.042984213663279223 0.03351686334880881 0.05417181850423356 0.014133985633486664 0.013800628274780924 0.049730469589364404 0.06423677633003451 0.04471202981916993 0.01843523229830876 0.028935996222074618 0.04196894665983277 0.015185947722597204 0.021309628567159587 0.05003877481377051 0.05399552177514412 0.05553347800795461 0.0005984755840244148 0.04182081083952262 0.02799528992240634 0.039291993082928994 0.004903429660928505 0.014485534824948208 0.0440282762133045 0.04749883861877888 0.04078866704500434 0.05062011816173764 0.010410046695390382 0.021329682178113905 0.012903490117246903 0.029334450961210626 0.01974066147431868 0.04239459594372893 0.05054175786881741 0.0448557635622382 0.019784122498086375 0.02846383983842118 0.05450008552217758 0.02198350422334148 0.02987009655482836 0.027088418459794573 0.044245749285108146 0.01617961734887486 0.03703212169922717
 0.07278749945947462 0.06530058745629257 0.011778174817433916 0.043613499814485215 0.017205877888971717 0.07327718137405408 0.0747613236043484 0.0194129527949705 0.06616424001387934 0.04195998272436044 0.04491723181514068 0.035120355107003474 10000.0 0.065197908318671 0.024498548140604644 0.045793056692595605 0.04889590394192894 0.021572675088349 0.03429589597914196 0.060133960233927274 0.06988883987627523 0.0408910585028049 0.031782520463062486 0.05706518125383212 0.05297023267377985 0.03821907165155177 0.05780088387556633 0.06687228384021408 0.049345671627247296 0.021714128551081464 0.03966742423621152 0.007677266779647932 0.05375861858945368 0.04359609233214932 0.0665489367412439 0.046143633505236495 0.04627397868990316 0.022302863549679242 0.0539181002588837 0.08623337321686693 0.031439734848965076 0.05355452960766629 0.0409957253960728 0.07293419787367217 0.03814406312798819 0.023907552718994595 0.07338390849070252 0.031348953162722404 0.09061302768038731 0.03542949077014289 0.04836341770009164 0.05655342137909727 0.03300654233999388 0.030218563467257 0.04070043648688257 0.07773798461551702 0.07922882138880677 0.01779289093221971 0.06479350959973865 0.03382325160959417 0.036909188892770534 0.02430735103236557 0.05692725471535643 0.022578465211240222 0.032863211341359756 0.05174705881592545 0.011408995970795983 0.020587019717243773 0.022083776540932805 0.054258555375224025 0.051979937530284896 0.03410451104820692 0.04662774653579159 0.07803339969361796 0.02482846874348082 0.05358138864087599
 0.055229881037433204 0.017627770891335364 0.06882537389115902 0.040943432530671016 0.053541281517777956 0.01920957840085052 0.07052406472593752 0.06110920623719412 0.01678353241171845 0.08025399220951504 0.06550698217829902 0.030519960700929875 0.065197908318671 10000.0 0.08531504683016489 0.01944023904238711 0.02630364295196347 0.06555591084547711 0.06006212047581676 0.0053622202811802015 0.06181264600167409 0.06496607062351473 0.063452467898782 0.035815173272864397 0.047919897594095866 0.04191309806569405 0.03586975485748299 0.054689824750493166 0.0549546378633613 0.07013002073818125 0.025975460245497725 0.06330528862784274 0.03544478702433275 0.05674382862027101 0.008872158144248365 0.07032452685862872 0.025925027023632113 0.04298968331672336 0.058296426976065914 0.0640752099075721 0.07258683988066578 0.013156171343732714 0.041212878903202896 0.03302972372987731 0.03719815501486815 0.05029164352392358 0.0516205622273017 0.08332437113197705 0.027778001001406236 0.030107089209291213 0.05147406902281018 0.03212257292062772 0.05886016219071528 0.035284487501350555 0.034066554508092296 0.014551138195376519 0.021514089533426543 0.07090000814963611 0.06214688962578509 0.03264792627640092 0.04422061653112691 0.04317430603300132 0.034142309407824284 0.045790489597512606 0.06266532489002048 0.07142111028783643 0.07404863258674389 0.04688485228912573 0.052966452042218386 0.06512909329023633 0.028639091927060975 0.04757768696958775 0.0432395831626214 0.02576474657697507 0.04232896357260928 0.039481783764397795
 0.07787448806113803 0.08155049764205297 0.03170264002645416 0.06809760150508175 0.031825627154203416 0.09589185625701935 0.07427024699532003 0.04255103867160598 0.08885135922364662 0.030101054234790186 0.06729652626719174 0.054889535664668226 0.024498548140604644 0.08531504683016489 10000.0 0.06611090296816574 0.0642672172111972 0.022488278837935055 0.03603135594364863 0.08000377447404772 0.07207039686373076 0.03904188338163567 0.03157035644139425 0.06810479499753398 0.05952375088366143 0.06269636092274421 0.08215921729260253 0.071441574593503 0.052824709566545225 0.04129873789668245 0.05937513781731052 0.03128086441038599 0.078108391398361 0.06728643082823334 0.08812777747312829 0.06757350376978313 0.06249533957574625 0.04448382942632768 0.0776652676708191 0.09040551971221673 0.024061577378538375 0.07263030033450703 0.06547467615634994 0.08537590945667901 0.05184772503062612 0.036204645056987554 0.0798449948252956 0.013708489279984417 0.10830184332680313 0.05534700292070038 0.07257369308913425 0.0688740518117476 0.05631430000399068 0.050320791465092156 0.05506796790649721 0.09888781968001027 0.10158963187885557 0.015170526981174316 0.06614589796781903 0.05644905834429341 0.047359892015996316 0.042142554849640926 0.06854686585310032 0.04665695987830613 0.05540639603212837 0.04704734427155391 0.025682472783100607 0.04454486826616192 0.04648819918748 0.07718588208524636 0.06594134103984002 0.058561835552477924 0.05560231813352974 0.09318689863016832 0.04839311897236246 0.07805191488469757
 0.052225582051990654 0.023785861727174087 0.050022488522585555 0.030141941573186243 0.03450840954307146 0.03172102980410607 0.06435642426278172 0.04338526727777795 0.025424904581764666 0.06385059714082487 0.05300252955662949 0.011225672250792402 0.045793056692595605 0.01944023904238711 0.06611090296816574 10000.0 0.016593694449512877 0.04718623533462355 0.043976907563659885 0.014345221778606856 0.05601839661801183 0.049975947525721764 0.04669593969492406 0.03034984744820235 0.038531904171742 0.02874610961385482 0.032752171750142424 0.049447261514622004 0.043338039111933714 0.05242778165465112 0.006864670845833833 0.04425106141735081 0.03020449468416206 0.04486070242207831 0.022440423407002044 0.05750659485117687 0.013883207886875045 0.023690533205184612 0.049535627626281276 0.06390914656740948 0.05517684276872214 0.008764702287099068 0.029231239351068538 0.03738087537951721 0.02190685219103441 0.03203938310187475 0.0498811255717772 0.06499366456698125 0.045531277151152856 0.010764475771920455 0.04175382738072061 0.02709854463967427 0.04390551814594506 0.015876757321597483 0.01960974045647817 0.032805368289758156 0.03662652373652843 0.05198031817137767 0.05447416560578531 0.014627092479703993 0.02904753383654901 0.024095408715501306 0.02893380138715162 0.027480080192620472 0.0474577648842789 0.05825422412045702 0.05492037283632998 0.028239943839337707 0.03548920427639148 0.05535606360651257 0.02119275337033551 0.03309522662915683 0.031807655474688626 0.03666201376542626 0.023855241249817197 0.03354614531565624
 0.035723783584197755 0.017289935591394568 0.05635572643377826 0.04588709964830613 0.03331981632579762 0.04393426200827959 0.04793015409366672 0.052735135336357486 0.038930720445821264 0.05460309010713141 0.0671631005662594 0.017455273764766268 0.04889590394192894 0.02630364295196347 0.0642672172111972 0.016593694449512877 10000.0 0.04258401859001141 0.03453125836437697 0.021493560831744196 0.039501050734679806 0.038851506624950446 0.038345861704917335 0.013855177212871125 0.0227173807281607 0.04360393317703738 0.049319454328401964 0.03286309861519296 0.028893506568344687 0.06132609114724734 0.015144334011914807 0.04995571852276269 0.046793041346787016 0.05960543017885019 0.03333333993240999 0.07135391036988872 0.0033444607881542316 0.030285625290591773 0.06533395798743126 0.04777756444012947 0.047904998964379816 0.014251804358278554 0.04460034381228609 0.024801766867843508 0.012550141771339344 0.028076258006273815 0.03361899482376455 0.05974042048497157 0.044239904081516665 0.017622182009977408 0.057442852966853634 0.010894368983012923 0.05667281422952563 0.02122957379325234 0.009246587099763726 0.04075551563651433 0.047454749755218774 0.04915170070837517 0.03829271159470652 0.027070827857094776 0.01871162665706811 0.024596244624656115 0.012547755790800735 0.03707272662044347 0.059831336002872604 0.04515089646158192 0.05968009726194446 0.03689025395638078 0.04583757998585299 0.07072048321915182 0.004773512224919791 0.0468552533007111 0.017071880859827606 0.029322031387431346 0.033579499147232926 0.050081563533920945
 0.056391914065912124 0.05983181343167389 0.03332717315697732 0.05740006553904891 0.01386384283930447 0.07849484590931277 0.05523761207440716 0.039663966978147995 0.07173850701887942 0.021504690907983535 0.06472631636090735 0.03623218026306979 0.021572675088349 0.06555591084547711 0.022488278837935055 0.04718623533462355 0.04258401859001141 10000.0 0.01467504775247474 0.06019399054608642 0.0516320739563718 0.020008159564960538 0.010967833082861509 0.045620620057152624 0.037407447422138015 0.05218811426438717 0.06962065462435053 0.05004932813617283 0.03145832458314813 0.0432520982283627 0.040326239934209494 0.02866565783883257 0.06566661462406949 0.06176813117487303 0.06962627220359492 0.06660287897422511 0.04118817226064077 0.02985140707203937 0.07163355387543822 0.06936260462836236 0.010674903310513448 0.05248779177560619 0.05482553788989135 0.06291352551739436 0.030036030461025806 0.015265632014636774 0.05798815008891602 0.01781459286682334 0.0868225755811892 0.03677903047641599 0.06497310293877594 0.04646443446692587 0.0522486575182081 0.0324234725429557 0.03333988248863885 0.07972195989009205 0.0837206080371426 0.007777429304225034 0.046001919015225386 0.040895345482991376 0.02498160962269512 0.023540978712532128 0.046084368500161906 0.03541579901000101 0.052924418549703894 0.0304612870014328 0.03125250801866734 0.03326152952513428 0.039449654930602165 0.0732642633650676 0.04382717328933377 0.05000423222526438 0.03313044795621235 0.07105147468494409 0.03551554460384806 0.06667516573105706
 0.041945028198946424 0.050884749205955475 0.04591465959243097 0.06169039477672132 0.01995487646251801 0.07559241258995948 0.040804026740734786 0.05000003443849169 0.06940103795538566 0.020191895442109777 0.07361941803802935 0.03460491227617046 0.03429589597914196 0.06006212047581676 0.03603135594364863 0.043976907563659885 0.03453125836437697 0.01467504775247474 10000.0 0.05485130363172616 0.03695755898683583 0.0074766126416233375 0.0045929716214578 0.03378148956196757 0.023629648515555428 0.056988518425722334 0.07177749637030853 0.03554848854510845 0.016899220589624394 0.055199155891085205 0.03760157158651009 0.04036198197062896 0.06809800416848313 0.06920857035254642 0.06571197321625166 0.07619926726759849 0.03420772500231336 0.034019886099889436 0.07831730525904587 0.05476716857188431 0.014181422795690218 0.047014716892748824 0.059327060963325046 0.05110113566294193 0.022877236386174664 0.01556238414699395 0.043813908972606716 0.027213250710168422 0.0778402532500841 0.0352033738852683 0.07097882159314467 0.035429340584105816 0.061037616197576736 0.03245580513226771 0.02600442496839738 0.0746050628538602 0.08011544079427829 0.02232364824679799 0.0313573194602026 0.04241841206137873 0.015892426807581617 0.024653041649109798 0.034592721979210685 0.04145354437208136 0.06246008136108647 0.01848411884407758 0.044970814086956225 0.039597406558580066 0.04770558710695493 0.08110268429102932 0.03432901263438212 0.05633287325237165 0.02098497403675721 0.060679740039459 0.0402549339861136 0.06991304397471608
 0.05237465454374165 0.016033937136635628 0.06414048774306148 0.03849839689067593 0.048212935714303615 0.022767255303978662 0.06707698030269417 0.05684091436345509 0.018843190955710222 0.07503901388577822 0.06288067798495806 0.02528281190306127 0.060133960233927274 0.0053622202811802015 0.08000377447404772 0.014345221778606856 0.021493560831744196 0.06019399054608642 0.05485130363172616 10000.0 0.05838284238030879 0.059895812584211394 0.058181922423733184 0.0320605864859016 0.043624827661362525 0.03885117993470377 0.035372961421534524 0.051311766690007615 0.05033930696713482 0.06589098003386759 0.02071879224353032 0.058491480505827725 0.034348273080274216 0.054226011656331397 0.012047984558529738 0.06763565167419432 0.020830200734620753 0.03801832375608878 0.056669981768605424 0.0620232400673023 0.06727097326201074 0.00785214014636808 0.03845706674390165 0.031719195499901744 0.03197451190825118 0.044929553218205416 0.04902822157399143 0.0779643132418322 0.031694351311313984 0.024889071748702876 0.04950028418207921 0.028347676402079216 0.05546918122539295 0.03009115405421314 0.028889833548887956 0.019776277368389727 0.02596389217576007 0.06555313890522793 0.05831980341165884 0.028123768749431986 0.03905079455118053 0.037861460388363265 0.03039370828033809 0.041261778048370515 0.059219750518148546 0.06663487116997259 0.06919869729479765 0.042233624585398845 0.04875505100448783 0.06328157469616205 0.024271357288334777 0.0442303512201183 0.03854692365601298 0.02650441488817447 0.03772713632114576 0.038315042627932484
 0.009814436979817178 0.045113835422556856 0.08088945086997472 0.0839204241787074 0.053248878997379845 0.08094521549526847 0.008711423236559823 0.08225220880554986 0.07710691323001818 0.04651433432096577 0.10230845046041127 0.05330141602254375 0.06988883987627523 0.06181264600167409 0.07207039686373076 0.05601839661801183 0.039501050734679806 0.0516320739563718 0.03695755898683583 0.05838284238030879 10000.0 0.03304886719450335 0.040960236420382046 0.02644311525653816 0.018878221327349107 0.08070772210515945 0.08876925420063782 0.007136600810048835 0.020565896082609062 0.08909640874984467 0.05305997702273985 0.07473695507749538 0.08610085763574407 0.09588473876929636 0.07028835882828513 0.10585609234462126 0.04215701128423836 0.06130419659233378 0.10302976815078352 0.018707970147663462 0.048182353436505045 0.05273662090444568 0.0822315774979594 0.03395468965013669 0.038654456901256476 0.046727963825588865 0.014275259172344115 0.06084663569655879 0.0655050766492641 0.05373940696663225 0.09512213814282917 0.030123472773396855 0.09041361250407548 0.054684306200195265 0.03881635575304796 0.07442502967794148 0.08305491453901281 0.05922735719020812 0.006059441515812488 0.06369788112359867 0.03516162734436334 0.05165233883124716 0.02808010379982365 0.06943309668200061 0.09280408452672605 0.027632053896020654 0.08107828204685423 0.06828322309416499 0.0776045206190623 0.10761633093212439 0.03520000874020765 0.08253282106488546 0.026538452417587198 0.04673361976148748 0.06677693127204826 0.08921346105889139
 0.03946353936132137 0.05421078050895215 0.05262645982245602 0.06901179696990224 0.027349088675019166 0.08130050308634443 0.03558540311865972 0.057252367936966864 0.07533939200683294 0.01663429613568201 0.08105924527554645 0.04122907638631818 0.0408910585028049 0.06496607062351473 0.03904188338163567 0.049975947525721764 0.038851506624950446 0.020008159564960538 0.0074766126416233375 0.059895812584211394 0.03304886719450335 10000.0 0.009144340189469564 0.03547855905084916 0.02345490248457457 0.06436879785934717 0.07877153472850418 0.033022867984417094 0.015165572614965418 0.062142420819739475 0.043879433713102385 0.047305167872326706 0.07515355641226293 0.07668515334793981 0.07116026409637757 0.08358959322169732 0.03906699338312006 0.041448271107687985 0.08577693670583281 0.05152177851692699 0.015161599146888086 0.05215132623075995 0.06667552011612532 0.05228614891429812 0.028259997728268153 0.02300563056468881 0.04201736280371454 0.028109294621330886 0.08074984141756804 0.04182542577847114 0.0784140838579674 0.0377624583964821 0.06847134839284762 0.03945340528212695 0.031102212166807565 0.07950053328772734 0.08554733216986138 0.02699962085267608 0.027104579911139688 0.04950746402049496 0.021042204578789976 0.031953706807646955 0.03657315591386301 0.048925992714016237 0.06983851603323776 0.011103337688892151 0.05115449269876658 0.04707386527274677 0.055148381279187274 0.08857870168461637 0.03781927003064953 0.06379696694103383 0.02325128229365085 0.06287315633669768 0.04768538589210667 0.0770822275587511
 0.04631787682768868 0.05497414680315273 0.043536969140286194 0.06240461049410873 0.019242294471428684 0.0784109138265972 0.04429301646914188 0.04857390573675541 0.07205193077102594 0.017172451252895817 0.07284276604054915 0.03677121515943235 0.031782520463062486 0.063452467898782 0.03157035644139425 0.04669593969492406 0.038345861704917335 0.010967833082861509 0.0045929716214578 0.058181922423733184 0.040960236420382046 0.009144340189469564 10000.0 0.03827783405902748 0.02820843567028909 0.05751206133561767 0.07319144661785985 0.03989555027867016 0.021258998268130557 0.05314614753896172 0.0401176820702209 0.03833156179079601 0.06941351764187106 0.06893100146871071 0.06874703698129507 0.07516802850752219 0.03777213542142686 0.03445978012833491 0.07833238382482792 0.058999537779032385 0.009758060314905455 0.05032980594845836 0.05996045640338094 0.05562301373964091 0.026305349856145684 0.016306748975748592 0.0482974188603875 0.022654963737071508 0.0819956326467473 0.03736542099247508 0.07119149556888824 0.0398215675386565 0.060247365761737226 0.03410456467938777 0.02954180542268965 0.07795819901026625 0.08312309581374477 0.018307846320444774 0.03521973400918708 0.043797527147331844 0.01963626257848309 0.025749104646189357 0.03904734842318524 0.04143104450883989 0.06140275600429133 0.019997368688142506 0.04201549749259716 0.03945254008593401 0.04701405722936682 0.08072865806035925 0.03844585947723557 0.0563593894385657 0.02547113208583639 0.06503359720601465 0.04062752427671619 0.07099489540684971
 0.021882155694482226 0.020510110823234725 0.06608358871805874 0.05969317940417619 0.040115275259052195 0.05476148586228463 0.03509188108023428 0.06415000523320134 0.050694812912363704 0.052108945155507735 0.08043993447110667 0.0303188987058845 0.05706518125383212 0.035815173272864397 0.06810479499753398 0.03034984744820235 0.013855177212871125 0.045620620057152624 0.03378148956196757 0.0320605864859016 0.02644311525653816 0.03547855905084916 0.03827783405902748 10000.0 0.013291398894025863 0.057236787398236434 0.06294111896029901 0.019496333198807038 0.021708693339658587 0.07229196686473023 0.028746784779186296 0.05959775583143521 0.060540545745106505 0.07312102822755988 0.044054986464600814 0.0844865860499503 0.01698330813865881 0.041650293925861066 0.07912333446399802 0.034045094753166215 0.04796273259422298 0.026313672043145345 0.05834143518685699 0.017380717651069764 0.01914240808839956 0.03370763085635417 0.01984384460173513 0.06090884250741926 0.04565024428326753 0.030605333969408545 0.07121914864116984 0.0037132697936342394 0.06950128769355762 0.03321800373307404 0.01729584986711256 0.04920582444285057 0.05728420737456176 0.05309147799114989 0.026332830222196055 0.04044527855624898 0.020988377285838855 0.03385539133629608 0.001673481285133026 0.04916579274325246 0.07245986153680156 0.03848227199786165 0.06835799713970943 0.04862223061143083 0.057901110109012596 0.08439181060710368 0.009158155880075456 0.06015396658278713 0.012807034615796653 0.02741444295424367 0.04589385369561232 0.06388939526078707
 0.019821007683686744 0.03368120374867855 0.06340187051960644 0.06531660411886774 0.03585837281097018 0.06634937517965597 0.026411442864918255 0.06385011749058378 0.061603777979925306 0.03994796190719744 0.08343793106297276 0.034623268398018034 0.05297023267377985 0.047919897594095866 0.05952375088366143 0.038531904171742 0.0227173807281607 0.037407447422138015 0.023629648515555428 0.043624827661362525 0.018878221327349107 0.02345490248457457 0.02820843567028909 0.013291398894025863 10000.0 0.061946396540486164 0.07104453149206742 0.014136909285496305 0.008670845104842846 0.07106266206820766 0.03477953614207408 0.057074037439886295 0.06814361328997116 0.07702114977317545 0.05565301077049725 0.0870163423447821 0.024767110278617034 0.042512632617596864 0.08429378324968208 0.03329184579703723 0.03738396768063292 0.03686739580187531 0.06354735396937763 0.02901794915068964 0.019791601560015682 0.02915777911108017 0.02070799008427874 0.05059505302699224 0.05881460774798642 0.03508699491955651 0.07640211056514605 0.01649523950113895 0.07159203385718652 0.03581911844128357 0.02017801684361477 0.06181846943534502 0.06941488839582195 0.045176548894804894 0.01608794601716953 0.044976035711662685 0.01669251124627075 0.033013890872681646 0.014764537829662435 0.05061845989226523 0.07404897544032403 0.02522960053177317 0.06435347660755447 0.049528394101350535 0.05888704505196636 0.0887765458569472 0.019353646796696503 0.06366198808301968 0.007661357324353967 0.040300185821271775 0.04791304019863408 0.071066449671099
 0.0787609260069095 0.052167517630107484 0.03503445545647431 0.0054112754671935956 0.03880126348510812 0.04091678901194889 0.08831365943992384 0.02402412813369154 0.034306555036687704 0.07325771526807856 0.02432966910787517 0.027436897790303005 0.03821907165155177 0.04191309806569405 0.06269636092274421 0.02874610961385482 0.04360393317703738 0.05218811426438717 0.056988518425722334 0.03885117993470377 0.08070772210515945 0.06436879785934717 0.05751206133561767 0.057236787398236434 0.061946396540486164 10000.0 0.01989086822583424 0.07490245849509537 0.06384952078341588 0.031871488642328374 0.02849952086901429 0.03222804521491977 0.015953065572775517 0.016132949617395132 0.03843661485032972 0.028952851734671374 0.040329031806078 0.023055396642338837 0.022356248132632123 0.09128185454714535 0.06265176588437846 0.036818457986359944 0.002778881318866526 0.0661211541320162 0.04222750341175142 0.0414595680371044 0.0770786923209751 0.06755113127910008 0.06961766492921381 0.027028479871772856 0.014505651527308552 0.05449596600148993 0.01719987841652116 0.02640585293957681 0.04190238950930332 0.04939074110750172 0.047169498090382664 0.05293600318655056 0.07782144339937382 0.017026894319770464 0.04730064864563934 0.032464251367823355 0.05607369936529026 0.01685467802141342 0.021058277636275297 0.07486818626049725 0.04179990443633349 0.019050482064562942 0.016965646096121452 0.027159568729639563 0.04836958876435613 0.006223404045070111 0.054334852059908505 0.0645871063316276 0.016902904891735415 0.015363590754555774
