NAME :TPP_input_23_4_4
NUM_VERTICES
89
NUM_CLUSTERS
23
Full Matrix
 10000.0 0.07102375512595067 0.03573885807445667 0.06698017687621792 0.05100956004315982 0.031240417686233073 0.045291549038013 0.07730098482585802 0.05288389834321369 0.0240211569409442 0.02126613996482063 0.022513180020275435 0.09136326883680342 0.027510238871929937 0.08856436325390116 0.06507955648986163 0.014301794967234046 0.07136727024735648 0.05306015882560376 0.05783908409983787 0.09342662676999143 0.07217726274534551 0.07379899492609579 0.03390480834690668 0.028666478025958925 0.05163857230424545 0.033240888045214675 0.055001961272236735 0.09928811315346248 0.08144254741491597 0.05100851244796367 0.05729440591975488 0.0531377126966583 0.03984800844363631 0.030655848648160414 0.06299335047501003 0.04824225680810754 0.058040036737974685 0.013288278655458325 0.03210166571490064 0.08058335520626632 0.1053352361405748 0.0828104527035902 0.07019379400486064 0.04880466790453863 0.018538858173672956 0.09285592023892751 0.055635192269033046 0.06465035129283815 0.07782350408361416 0.06305703103139212 0.09302680780368966 0.02100285447291436 0.016502444630008724 0.04519453762081154 0.05861686908617299 0.07205260431345122 0.05984599138380621 0.08188412135940248 0.058257094591401375 0.08667143202453075 0.03160243748310632 0.06943502151845186 0.046343126904228406 0.09791310068047235 0.05243009474753914 0.07900045268534873 0.0755380669020823 0.04891859090627972 0.039522102568323884 0.09638010235470405 0.0627770144172509 0.022170311077576856 0.05119690827635335 0.026555126336354436 0.063036304156422 0.09212434330725457 0.024026203260072272 0.10561987793260887 0.060229877131457304 0.05111996006517405 0.036455889168167166 0.018109917437511662 0.05883857547279102 0.06573354924947417 0.0410462404965294 0.05424109921893167 0.05285927381718389 0.0545499985341552
 0.07102375512595067 10000.0 0.04785136116755186 0.02798907225501679 0.0518726711300729 0.05118394804872576 0.05417328599845896 0.0323287791299297 0.03717421271528182 0.08111769179140373 0.051522142946952815 0.04966310840068485 0.038133597010078936 0.045571964470018815 0.020439465821588995 0.04624075809899225 0.0705807736814595 0.030167168702366038 0.031183303791005503 0.021330007329311052 0.039090931453666905 0.015278986645037976 0.060077741679794884 0.05986403645779272 0.06488676047217748 0.037846163507996376 0.03779006289093407 0.01632583784885051 0.04815992528571066 0.02018569123444919 0.0842281236213144 0.03282592724161878 0.05360816432896957 0.05796584395278816 0.07304031444632474 0.03566522912091129 0.06465838062566341 0.06956995866022576 0.06607825842793237 0.046385333358243484 0.024412131246928377 0.05307652096331344 0.013924863341776714 0.03212804594878861 0.0425909336906555 0.07576404130786148 0.04642859750038381 0.06752254102247847 0.023566775645229725 0.00758609193064369 0.012772976048477172 0.04043120803280991 0.050021635510497084 0.07698740872226661 0.0402538045792909 0.04719130407508211 0.010113046876278446 0.013220393880325811 0.04478240606051761 0.03011470822379298 0.04219118568929684 0.04068291493491824 0.040477950973200116 0.03463403853358881 0.046661498563396984 0.03569874134196075 0.008558363863953734 0.010840382979770928 0.028156393117753174 0.045430696607000144 0.03427307524465486 0.010800302206446021 0.06250701893924711 0.07521734259999646 0.054315347113892805 0.03727357063900306 0.0470768058392596 0.0847444766047405 0.052187436991349236 0.03412190624506019 0.04769495841754155 0.08637533713894968 0.07132476747286409 0.015044820165598492 0.05030116137509817 0.08189633879690494 0.04373471034971325 0.05935841282424263 0.018355869351352864
 0.03573885807445667 0.04785136116755186 10000.0 0.05841387835724283 0.016806485605055668 0.042023811222947724 0.012859187103866486 0.04315906119471924 0.017886011400338315 0.056909608685817986 0.030111092480347382 0.01713167766555808 0.08006637420604526 0.030122908003019744 0.06815477005971761 0.06673396944549063 0.02755398088813472 0.03740707625895032 0.047709682279912305 0.028284677522299233 0.08171224398323565 0.042648923781872135 0.07994713874878162 0.012086969163560989 0.05074221302328458 0.016582795083949463 0.022744835294471143 0.03262244422237062 0.08974622575580347 0.06484728212064922 0.07660034168516769 0.023060202970101314 0.061931737743481 0.012050010486229532 0.025317475209506956 0.027917471227915755 0.06468086909632928 0.07409315833933308 0.02444783154734286 0.005410068982281962 0.0486860460988332 0.09555556903010187 0.06166959719468979 0.035797525291062476 0.051581492761201796 0.031043666828627622 0.05770721981319025 0.07138544195824055 0.05403233541325449 0.0554370262955428 0.04605556987525349 0.05883143304534478 0.02279732724875911 0.04985530671040768 0.010292151064799422 0.06241103569941777 0.04449689675756139 0.03464586512369238 0.04632508626256914 0.05205576090712587 0.051596258651092915 0.02849497222356294 0.06688773323712814 0.014033585290686849 0.08820600005285903 0.01788203019936288 0.053809306195891624 0.05634170204468557 0.019827006362390754 0.04508489312169183 0.08039180793112179 0.04425282214260811 0.04406815730086641 0.07234074372308429 0.04045662192878186 0.027723289618160795 0.08515994329561002 0.03936780441891893 0.09520101084225852 0.025496858067995964 0.05682924189890943 0.03863581132141706 0.026637640200159098 0.032896450457754564 0.06936617232638398 0.06881831741693029 0.05693473999251737 0.06500577343304273 0.02957920242525828
 0.06698017687621792 0.02798907225501679 0.05841387835724283 10000.0 0.06893961625034468 0.038160527523678274 0.06892216297356552 0.059299510250857335 0.05572717366822939 0.06840875796824705 0.0457674830784766 0.05129654089664013 0.024383253826258888 0.03968755934027979 0.03002867884300756 0.018764315240259438 0.0721543156126073 0.05600176105474923 0.013944890935799549 0.04174259450886802 0.026454898537742175 0.042573440290658945 0.03213301451951295 0.06981554826056666 0.04992355296698076 0.05582159140255688 0.038356483898118604 0.029856241390412024 0.032730971059591024 0.019457941247249325 0.06268653851850964 0.05343730186873259 0.029669071144302818 0.07035960972898209 0.08037761089247096 0.058382333891674 0.04239372253202404 0.044729398451368675 0.06742618248234035 0.054565207431275166 0.052341741749607026 0.038781223415661994 0.02777041512659495 0.057456112045057434 0.022190235813642215 0.07812481148347325 0.0742773618252597 0.043170708584525465 0.005037224618359521 0.027971081986594374 0.01698435892601006 0.06841988768282975 0.048462076360045264 0.0666953107721918 0.05511708275941539 0.02146939483377066 0.03773975851440321 0.032884736563603266 0.0714099019533673 0.008840274184107147 0.06973887105709173 0.036457308889084564 0.012498330759635492 0.049488169053240855 0.03127638838221995 0.0540293003617621 0.03432680728530446 0.02094892414085661 0.043272799494120794 0.029766406141156845 0.031057699297240796 0.019818521753705336 0.05065341360974156 0.05266489222248898 0.04273671607673759 0.059873711168334336 0.026907008844000806 0.08684613346151102 0.03887466427333479 0.05591465639827993 0.02498868009108131 0.0929319499682017 0.07426666902793523 0.03451799021371516 0.022827474368149116 0.06315838383987672 0.020090319534889628 0.03549064319495793 0.03425771710029134
 0.05100956004315982 0.0518726711300729 0.016806485605055668 0.06893961625034468 10000.0 0.058322266961949025 0.006198783144853008 0.03567138725906903 0.014709322417545898 0.0732511609693683 0.04684579062086456 0.03393813744830628 0.08805322578309664 0.04635998595330303 0.07204462723047549 0.08003210734018822 0.040249584438127255 0.03103539866572378 0.06031855178251634 0.030549968526433033 0.0894263462580764 0.041867210610145526 0.09387125679466987 0.018672682316018905 0.06752494113043171 0.014046713181648934 0.03775465494374939 0.03986228038033114 0.0980662245062809 0.07119111448844534 0.09337137485639434 0.019638612147826567 0.07705813112752814 0.01274854728040157 0.031091489861615827 0.020393020740154706 0.08086677333221941 0.09004777515237287 0.03843075596010933 0.022083298431441287 0.04427003885439844 0.10354644731002978 0.06560309316595729 0.028705597070668918 0.06602689382885774 0.04184740486933037 0.046858657601854044 0.08735033117846573 0.06412491164459155 0.0591268440148525 0.054089217030280065 0.05004596339794195 0.03958174848997404 0.0660302506390784 0.013987927810854619 0.07646523688070492 0.045426648559143155 0.039379319629608805 0.03453424520366588 0.06397814354842811 0.041245211051696526 0.04406355042317896 0.07894599062078392 0.019453709336802308 0.0965184539255717 0.016179978955877704 0.05560797598394301 0.06196704476010427 0.025802919543127488 0.06050887430558748 0.08606518830539595 0.05171060102017164 0.06087457793293846 0.08887762973877476 0.05706851692557545 0.019282888994159225 0.09473840657292923 0.048528507183760075 0.10292164834923906 0.019804928366445502 0.07158854185131287 0.042570169275659125 0.03808292523056844 0.03742240262469398 0.08305806110656547 0.08562045558021333 0.07102537233184936 0.08059895866196497 0.035731420156091785
 0.031240417686233073 0.05118394804872576 0.042023811222947724 0.038160527523678274 0.058322266961949025 10000.0 0.05487688317225468 0.06990488178497271 0.05176297934956859 0.030833085060091223 0.013452736713468838 0.026101943987826916 0.062134174625112455 0.011962345707242594 0.0643974021044162 0.03384199330804879 0.04073752310939463 0.06438374519493577 0.024591387665304377 0.047423544021518424 0.06427382203928014 0.05848957779992733 0.04321957508668035 0.048882591107733755 0.013721745259177008 0.05097075754699216 0.021663662755370988 0.03849430401567477 0.06922861100916858 0.055424182237387196 0.036744116929162844 0.05348229956933792 0.022733147622656005 0.05259403147837004 0.05397929392058735 0.060030896394825395 0.022669337057585948 0.032257467445441175 0.03660748358153681 0.036617725855795744 0.06878450120614622 0.07520763252696203 0.05971744101458081 0.06432851990804374 0.01777754411233686 0.04664616513720513 0.08682277187721871 0.029553646400369414 0.03710866935625297 0.05629275223074028 0.039875546747491886 0.08418898618862102 0.02043118147782853 0.028537951348909005 0.046121516482380866 0.02739483711074178 0.05619275766282155 0.04436999565817383 0.07868747972916607 0.02936388035917813 0.08085878384566857 0.015099039575743578 0.03855831156698595 0.04328755932971365 0.06793626915713723 0.05045174960606456 0.05974187618134193 0.05187416737441057 0.04127902201716713 0.00863506879958882 0.06900695620980478 0.04080157533625906 0.012521211427729599 0.030740848696930636 0.004803750696153188 0.06085358527517064 0.06157288747975138 0.05419288907698589 0.07566842717108459 0.05685444583649618 0.019937682874174953 0.06404927821058058 0.043935603958583355 0.044370332090775684 0.03457282950155082 0.0317108856714695 0.023045734289608745 0.024064291750357736 0.040573447629584515
 0.045291549038013 0.05417328599845896 0.012859187103866486 0.06892216297356552 0.006198783144853008 0.05487688317225468 10000.0 0.04098837199076604 0.01785118950158402 0.06794442108792749 0.042769640561309184 0.029594192303438478 0.08917124026870624 0.04298208851162719 0.07456225914012599 0.07871634577311505 0.03414894671287914 0.036016315273128124 0.059287789853295254 0.03298084583999303 0.09065571563428831 0.04553044647824007 0.09222695036617895 0.012481522198606008 0.06324168508058282 0.016845771027713473 0.035269373313672 0.0408372298171696 0.09908535946863105 0.07284867009519926 0.08910323601978522 0.023347121681287532 0.07461807873841007 0.006577477751341664 0.025081260984877674 0.02537087406388064 0.07753770563742664 0.08694831990815782 0.032509467332898834 0.018259641271768424 0.048963194275271495 0.10471143453828825 0.06806296265204623 0.03381587521521498 0.06401498841726215 0.03565032813714311 0.05285700234254847 0.0842408968657202 0.06426617646540955 0.061614454004440704 0.05497750514709111 0.055739512812640224 0.035381181415839735 0.060631435013112765 0.014217486114959784 0.074713436322204 0.04863205798844074 0.04123442893394598 0.0405986993678268 0.06329939318239282 0.04715017750782311 0.04124250985538358 0.07826408914373292 0.0200558773255972 0.09753601187534769 0.01897372549664516 0.0586700089850396 0.06381675742657815 0.02673842109998946 0.05783083886956531 0.08803939064197303 0.05279099894508414 0.0564092775536402 0.08511118994733168 0.05321270507354782 0.024460493453837218 0.09522999638153166 0.04237485055948412 0.104190858100146 0.02423160073730668 0.0693900670595164 0.03696348041513852 0.03190993115682054 0.0393032046126858 0.0815300972004958 0.08101069208695669 0.06923938742586663 0.07780980954091131 0.037000665456244274
 0.07730098482585802 0.0323287791299297 0.04315906119471924 0.059299510250857335 0.03567138725906903 0.06990488178497271 0.04098837199076604 10000.0 0.025313820211393997 0.0948178967732303 0.06390242564606634 0.05521514033785428 0.06954921743583838 0.059902559777111467 0.04738729511687656 0.07629647037741241 0.07070599398580858 0.005942750617122473 0.05808937506123985 0.022497526292701145 0.07018635739661028 0.017050426025334808 0.09064648858389747 0.051985979796046265 0.0827822433468646 0.026619954389689365 0.049448484367361864 0.03327921970381693 0.07931814453205344 0.051525697312834746 0.1063916179720925 0.020186738695920903 0.08022946718292255 0.04718509579077023 0.06568048618937573 0.015744404823580537 0.0889236639580365 0.09587696830432763 0.06738861651795108 0.045491843150754066 0.01101522533529567 0.08365357159478662 0.042121943382631775 0.007391117993413425 0.06826736302573468 0.07402520111336292 0.016924140651992114 0.09347056501951959 0.05444196281727944 0.03661971229326723 0.042435276161222835 0.01575323943227779 0.05879997368662827 0.08877563567544335 0.032887046744706216 0.0757000255735232 0.022238894568639256 0.027984997619715395 0.012503728554649315 0.059021265129801645 0.011130323071272954 0.055378542571048926 0.07168005591555163 0.030959078299570664 0.07788900017527436 0.025305725759335384 0.030327026094614386 0.042711951727828594 0.029559182857373596 0.06743573069674184 0.06303817314657245 0.039638761899779294 0.07799424833627391 0.09895474056593767 0.07115716623010118 0.01653012786718286 0.07916168210180813 0.0819377212726876 0.08250713650895156 0.017704008358864882 0.07405768044816745 0.07794599385521796 0.06970039843324032 0.027075872503026517 0.0802075305153354 0.10144673869974202 0.07120161048278398 0.0854366210723348 0.029953470138713703
 0.05288389834321369 0.03717421271528182 0.017886011400338315 0.05572717366822939 0.014709322417545898 0.05176297934956859 0.01785118950158402 0.025313820211393997 10000.0 0.07233545158852167 0.04264369787747727 0.03174954884131547 0.07373462348085419 0.040234128213959594 0.05733953204723002 0.06849359828966262 0.045437187387376045 0.019655857195158524 0.048645223777935835 0.015871355436386445 0.07504008322528372 0.027679266208735065 0.08272679090962132 0.027137327862604966 0.06302846016044689 0.0013064059633356257 0.030103267459415068 0.026022238130654282 0.083787373145142 0.05663537206606164 0.0882708865152185 0.005646286716527131 0.06763488091531476 0.023103607562695395 0.04103498316827561 0.010126893463055281 0.07339271286827143 0.08186782709272288 0.04226483304511809 0.02078227769157849 0.03173558316712422 0.0891718829118632 0.05089426477724094 0.017933253048385726 0.05596954647296523 0.04872081036835335 0.040012763480918895 0.07923413864901577 0.05078239366786075 0.04441807858135592 0.040108231176676924 0.04095059030626825 0.03632954223138323 0.06572834145947086 0.007729475658828746 0.0657197664336975 0.030895228585369024 0.02486204652279228 0.0291307411982318 0.05169490359857312 0.03385304310056171 0.03668995768292389 0.06647361272670006 0.00848037383192948 0.08224370493213162 0.0016995108561391364 0.041021461279329874 0.047358360467712045 0.012753096426059747 0.05200623212035383 0.07139647865418614 0.03759273539049454 0.05718472491383461 0.08239872596066626 0.05167936273538926 0.010190427473541446 0.08086037306778683 0.05673415478629494 0.08849237366136571 0.007617618676019004 0.06177805427953146 0.05382469459286759 0.044387025836064437 0.022909314298236005 0.07183241168823642 0.0817546751471699 0.06043500752255039 0.07186210740763002 0.021703538836510987
 0.0240211569409442 0.08111769179140373 0.056909608685817986 0.06840875796824705 0.0732511609693683 0.030833085060091223 0.06794442108792749 0.0948178967732303 0.07233545158852167 10000.0 0.031098004064161668 0.04062840456139874 0.09168405829476985 0.036107363076024114 0.09521869365798805 0.05988018822979778 0.03821828592962916 0.08893653646558178 0.05525578734791345 0.07326684709252203 0.09385184182459394 0.08627222950924726 0.06411154800206958 0.057344016943870514 0.018671296304513037 0.07121242528190155 0.04590590022004932 0.06686500243006649 0.09779172414907937 0.0862133461622489 0.029770847896020674 0.07582296433982769 0.04514571985100591 0.0630474675034082 0.05455407134581012 0.08208430358340102 0.03520107838345049 0.043284057344228674 0.03716306470742999 0.05229431832032579 0.09592409483836456 0.10357560037488045 0.09043473617212944 0.08824527576455353 0.04659636258087938 0.0416454176447965 0.11128070289159582 0.041541485148980595 0.06779711357480202 0.0867215432664989 0.07044393345933254 0.11012648046504261 0.036172186251028325 0.0075307592617680046 0.06505081139498971 0.05312885688333305 0.08483872030919339 0.07252571416380828 0.1013395200919899 0.059779021193662296 0.10509729926072212 0.04105197448169746 0.06643970977453655 0.06464190758913785 0.09663163536846997 0.07151488251417043 0.0896343059785289 0.08261861309166055 0.06527974011671038 0.03872764910885931 0.0994492967971747 0.07112541072590513 0.018666502139335652 0.033468604426113456 0.026973338476188862 0.08244574780362064 0.08947270351336067 0.0446241423941156 0.10427326298382847 0.07905520251617709 0.0460410878195435 0.058703778936461865 0.04197534777861544 0.07207817269772185 0.05901352631731675 0.019271907193088876 0.050571840483269695 0.04226856314871911 0.06789168819298537
 0.02126613996482063 0.051522142946952815 0.030111092480347382 0.0457674830784766 0.04684579062086456 0.013452736713468838 0.042769640561309184 0.06390242564606634 0.04264369787747727 0.031098004064161668 10000.0 0.013252270962106754 0.07014285953445776 0.006311835402053582 0.06792948973473259 0.04560913929013346 0.028032578893901927 0.05806841045841737 0.031887271870164505 0.042172369697660236 0.07219508791258444 0.05530857922492674 0.056192893318255735 0.03573676267013866 0.02073895298700387 0.04165153013055945 0.014829643331679307 0.03631852066157348 0.07822592554908209 0.06037581682897646 0.0465365028282187 0.045474462361362045 0.03598245001040315 0.039836054138076143 0.040570957772544464 0.051916236391232176 0.03557163826947012 0.04539267107081352 0.02363963966086799 0.024765560757232446 0.06484172173542721 0.08428297437271347 0.06242040617311894 0.05752594155789406 0.028986136378424874 0.03405760134566911 0.08053020280698042 0.0427093896560998 0.04338557724320508 0.057853393928437746 0.04240308411597071 0.0790882564885763 0.007420423741701454 0.02582422731769306 0.03600468005095976 0.03960781538533853 0.05417339854796774 0.04178858953259884 0.07111095965952123 0.03710213127275767 0.07438064027969174 0.010896255681489579 0.04902921195128741 0.03447078629548648 0.07682832189397117 0.04159488651416679 0.05984873665000672 0.05492468891442133 0.034347157021125736 0.019997126881878324 0.07517350216253758 0.04243168313680218 0.014541819764624885 0.04240950918049886 0.010596851174224788 0.05246381240923314 0.0713065396003146 0.04215387851281941 0.08451260174534533 0.048796955217368536 0.032474820682700474 0.05100270405891357 0.03097242442688101 0.04119658643221979 0.04692788424880217 0.03923316786440959 0.03467464245524349 0.037514171680401276 0.03695387195502698
 0.022513180020275435 0.04966310840068485 0.01713167766555808 0.05129654089664013 0.03393813744830628 0.026101943987826916 0.029594192303438478 0.05521514033785428 0.03174954884131547 0.04062840456139874 0.013252270962106754 10000.0 0.07503025414543403 0.01495782510947188 0.06838352793452811 0.055218967440779934 0.021479265733654374 0.04927302788417266 0.03836857242859322 0.03532626886229103 0.07693492310521705 0.049711067809439013 0.06715628209818952 0.02280387042810321 0.033663147272125694 0.030604862130975654 0.013198298741820262 0.03336765447015031 0.083963338217025 0.06254734388239615 0.059529353739982166 0.035549099022106026 0.047711734329938305 0.02661186994624339 0.029803464753543136 0.041629992487767685 0.048634152250740394 0.05834306228950738 0.016776658715673708 0.01198038780785419 0.05808539130567245 0.08998822794588744 0.06228505958924379 0.04828630733943326 0.03889491645392955 0.027204752276165308 0.07121240956844117 0.055643122101683436 0.04784643706836571 0.056819504566481854 0.04342931363608448 0.07086236582666057 0.005832067504558851 0.03398450768797901 0.02442535515991497 0.04990185170805582 0.04979854242566237 0.03778231101902623 0.06084124309239005 0.04341054482326472 0.06500945683240696 0.015589004263612635 0.05715881567787153 0.02438238044102309 0.0824818376418498 0.03100849137609015 0.05727817241179932 0.05551635882677956 0.026424366381264365 0.030913261185022283 0.07802694936528952 0.04258859480509276 0.02693694061020559 0.055661310891173495 0.02381914424845311 0.041904996412987866 0.07799594647335323 0.03615818234145482 0.08996018680242314 0.03867845319343658 0.04337659675892183 0.04177563324987316 0.023107797062067233 0.03663271645858964 0.057179066337000636 0.05169262228580895 0.044586805383510064 0.04995079862009086 0.0323921277898995
 0.09136326883680342 0.038133597010078936 0.08006637420604526 0.024383253826258888 0.08805322578309664 0.062134174625112455 0.08917124026870624 0.06954921743583838 0.07373462348085419 0.09168405829476985 0.07014285953445776 0.07503025414543403 10000.0 0.06403248114849128 0.024442069433987763 0.034204821437567964 0.09618678542248574 0.06812145116960258 0.03831753704630973 0.05813114293857008 0.002171231604987868 0.05286685607076523 0.04074510971289676 0.0919287972189076 0.07302247398660407 0.07415326324255359 0.06188422923410518 0.048345888034201895 0.01008311259599046 0.018072085945090504 0.08154784879803341 0.07013311339737546 0.04904344370407488 0.09161995713584406 0.10340152517428018 0.07363426251645325 0.06195395716683295 0.061142434086525366 0.09144387897513886 0.07686628223125185 0.05991651515023118 0.015542170158787085 0.027893926229958694 0.07018512967518767 0.04510579970275218 0.10210125114665788 0.08123561359990668 0.060419432068695066 0.027200807440852823 0.03293135062261053 0.034211646417859155 0.07381482771452265 0.07258739573475032 0.09055141260896728 0.07496860921276001 0.04011792428119598 0.04767431543394651 0.04891731378343977 0.08202719151861457 0.0331528409167854 0.07818520760664514 0.0606291446440725 0.02623525259807993 0.0691333153014916 0.008556639981322351 0.07211297535460467 0.039445874269333596 0.027294467055220595 0.062483847521175556 0.05356781961479411 0.012625487757109656 0.036400448044155785 0.07450684935528211 0.07116917720041134 0.06681399853020611 0.07523561320369566 0.011317162590318843 0.1109156625520065 0.015139958332897522 0.0718463409486141 0.04616940773797745 0.11626694539876484 0.09812294542469166 0.05085660136373139 0.0370158890676582 0.08404358871542823 0.04135372371375147 0.054170718657778345 0.0523404110757515
 0.027510238871929937 0.045571964470018815 0.030122908003019744 0.03968755934027979 0.04635998595330303 0.011962345707242594 0.04298208851162719 0.059902559777111467 0.040234128213959594 0.036107363076024114 0.006311835402053582 0.01495782510947188 0.06403248114849128 10000.0 0.06166177637335772 0.04083439894954626 0.03314877344915601 0.054183563944827255 0.025897205419458287 0.03772037943098148 0.06606803673217634 0.050215155803789394 0.052301446055153744 0.03764797872108936 0.02304498914993717 0.03937341621244615 0.010510158274137347 0.03077972380366801 0.0722686894005804 0.05406418544099624 0.04803936208538146 0.04239047105613711 0.03275834138040922 0.04096704770542412 0.04429257061293765 0.048927159411552665 0.03456892728467413 0.04399059462409893 0.028552662299057667 0.02472891803564214 0.06004337623663929 0.07832906533533304 0.0562051309433535 0.053868550834165536 0.024282424744486397 0.03919847489743612 0.0767122891286818 0.0412820668996208 0.03716002859052567 0.05174849193756186 0.036151346766221094 0.07476452281344764 0.009952733352189996 0.03144943435511855 0.03429325876699266 0.035207885290515474 0.04874208201719694 0.03641837394129055 0.06789384695832378 0.031117561386698026 0.07063083015163148 0.004958052998395777 0.04362307117748862 0.031808680461016675 0.07085311715217474 0.03900659907518264 0.053974393703077675 0.04866873666847786 0.030583185279290933 0.015970828291138675 0.06888490424380718 0.036259082383772935 0.018193259691040607 0.042627244014161646 0.01149300594460027 0.049638271886903555 0.06554211726586502 0.047601563253607676 0.07851237044342302 0.045759883548549915 0.028485352219871543 0.055506190104234646 0.035767617486978875 0.035994424183502155 0.04252666015501332 0.041829785863424604 0.030013540932156895 0.03517682047507775 0.03184546170550872
 0.08856436325390116 0.020439465821588995 0.06815477005971761 0.03002867884300756 0.07204462723047549 0.0643974021044162 0.07456225914012599 0.04738729511687656 0.05733953204723002 0.09521869365798805 0.06792948973473259 0.06838352793452811 0.024442069433987763 0.06166177637335772 10000.0 0.047805905186302275 0.08971809968120015 0.047139266119334985 0.04052090810831992 0.04161686690677448 0.024384120450042738 0.03200659580804369 0.05901222501291447 0.08020647395720877 0.07750040243323564 0.058084560815682494 0.05568744826753082 0.03589380644340812 0.03316250353759683 0.010786188847120043 0.09259654917124625 0.05267253076421583 0.05968716712925683 0.07840394584368478 0.0932185859352746 0.054617290885959346 0.07230804296218675 0.07465087384803501 0.08509358346150059 0.06638765218815779 0.036953432033660014 0.036747522839553515 0.0065147719449767305 0.049480657592574494 0.05117145387235476 0.09514295430864224 0.05742601938866738 0.0731687312950746 0.028449420776770998 0.012949351080211951 0.025538691669762092 0.0497393444796119 0.06782812088385193 0.09218377232279026 0.0606904269709993 0.051431270440425454 0.027309252005248058 0.033621721351088256 0.0595838329098374 0.03693071934474472 0.054914700073257 0.057119619393810585 0.040002176969433194 0.05507040436073093 0.031898045449334105 0.055925813411124375 0.01738633360731999 0.013027608923556555 0.048561989190806086 0.05699032535509943 0.0156760769953378 0.025871150062398315 0.07666965022767958 0.08265809943822071 0.06835522149347253 0.05621013122074379 0.03553031439795301 0.10415766632441209 0.03544304280264568 0.05354135652420438 0.054782732130045586 0.10653671759588357 0.09077468106725776 0.03547460673215967 0.05166108830100309 0.0924190617685961 0.049978873651101666 0.0655178966863541 0.038576306239506884
 0.06507955648986163 0.04624075809899225 0.06673396944549063 0.018764315240259438 0.08003210734018822 0.03384199330804879 0.07871634577311505 0.07629647037741241 0.06849359828966262 0.05988018822979778 0.04560913929013346 0.055218967440779934 0.034204821437567964 0.04083439894954626 0.047805905186302275 10000.0 0.0736373194530403 0.07238179863679833 0.01985399447250282 0.0566016365419929 0.036315599189197655 0.06011558116669194 0.014464887524322876 0.07676036359968995 0.04147849740141577 0.0682945344702798 0.04423334021307505 0.044328805109626 0.03846974399972306 0.03701974256405084 0.047360384627263954 0.06736757755997938 0.015189567823328053 0.0787034881456572 0.08497582673280994 0.07304902150314437 0.02784497802100818 0.027417043089064445 0.0691825018304353 0.06197495040362846 0.07027833281236358 0.044016212398050696 0.04630577531265211 0.07351458963142811 0.016629045282754093 0.07966654413649622 0.09195810774830859 0.026400106107935136 0.022691774781406448 0.046730184426278916 0.034151127018679915 0.08653117737312635 0.050762655788505064 0.06019023850136902 0.06608174831858113 0.006780150112849708 0.05557906446984209 0.04867636520016864 0.08797000032960435 0.017401871107312013 0.08708146080965155 0.03970951067097154 0.00822022729907555 0.06104488697055408 0.037468237266043064 0.06682218357992498 0.05300866191380493 0.039705455298518905 0.055748708489230206 0.025737009200514027 0.04484788094621882 0.03684113294698296 0.044784604460031886 0.03699009144282096 0.03857301488533908 0.07440925961639783 0.029795920736103907 0.087652941454906 0.04488705820343205 0.07025346182650295 0.014229469233752219 0.09633236955626473 0.07647899406798866 0.049984318732441246 0.004076382432290117 0.05012032524866371 0.010941726667793122 0.019991757818324213 0.04855514056108157
 0.014301794967234046 0.0705807736814595 0.02755398088813472 0.0721543156126073 0.040249584438127255 0.04073752310939463 0.03414894671287914 0.07070599398580858 0.045437187387376045 0.03821828592962916 0.028032578893901927 0.021479265733654374 0.09618678542248574 0.03314877344915601 0.08971809968120015 0.0736373194530403 10000.0 0.06492636939297448 0.05872436495837978 0.05398466194877012 0.09813329150305464 0.0686703475442046 0.08394724766174082 0.02184029987001071 0.041533595809797 0.044132706160815716 0.03462265350810162 0.054266107937932566 0.10488508924936973 0.08402634940083484 0.06506868187231184 0.050564915449240286 0.06344774116724686 0.027995779762587755 0.016358259504569324 0.05542157232252797 0.06048036744887102 0.0704391178677591 0.004745773722914677 0.025830461230419096 0.07574578318921601 0.1109351270473866 0.08353858123450222 0.06335035794455066 0.057010067262582446 0.006050697445410047 0.08506650786453719 0.06790667751404664 0.06899050144684134 0.07789919475463206 0.06490057453894284 0.08638534624535095 0.023715955582850196 0.030738050330579237 0.037819981245209154 0.06761842485837222 0.06957761461828867 0.0581267677316216 0.07337219805942446 0.06390158920941418 0.0790098953908009 0.035722224852273325 0.07677069597382735 0.04061485210145156 0.10342899832127099 0.045407654102211856 0.07781939158336938 0.07691818061054183 0.04489610507307018 0.04800770509343172 0.0994951236937169 0.06400162967048133 0.03451009121394167 0.06455799558446881 0.0366092228539996 0.055137523909247685 0.09850839780469478 0.014737678578829126 0.11099237550897349 0.053050445873370294 0.06039937508862021 0.023488596171519455 0.0038229184248424956 0.056744677728930173 0.07492793623640638 0.055250382822757176 0.06270600839121429 0.06411651141229517 0.052687113550312116
 0.07136727024735648 0.030167168702366038 0.03740707625895032 0.05600176105474923 0.03103539866572378 0.06438374519493577 0.036016315273128124 0.005942750617122473 0.019655857195158524 0.08893653646558178 0.05806841045841737 0.04927302788417266 0.06812145116960258 0.054183563944827255 0.047139266119334985 0.07238179863679833 0.06492636939297448 10000.0 0.05369316276202059 0.017162835932768135 0.0689298733890837 0.015332449531307408 0.08681063848389829 0.0465978142277773 0.07712602914522132 0.020955842093641923 0.04370136892619761 0.028608203578239004 0.07805644664162237 0.05005465291999242 0.10097732312632092 0.014362050757056447 0.0755243455782347 0.04203001289128092 0.06039540925768084 0.010667858740040718 0.08381697856625729 0.09102390239396382 0.06154611096039797 0.03960317798414719 0.01343048914235826 0.08268596527639217 0.04141036517519715 0.0025479314080871377 0.06352406029845498 0.06836062797779596 0.022528761471291257 0.08857331822653533 0.05104482238134944 0.03545586037455842 0.03902005963479384 0.021666101156198974 0.05288677423261267 0.08285883096102825 0.027117081332976918 0.07139468380672606 0.020463209019389653 0.02371948966992832 0.015594341106319924 0.05500409049864779 0.016481747356240743 0.04972578716094352 0.0682139587476025 0.025024145535894462 0.07658671968332409 0.01952570338989254 0.029764480962916652 0.040907067385962816 0.0237241559781648 0.06223549279503895 0.06260076550383042 0.03618782465806224 0.07222567269836082 0.09373499064339066 0.06549794024793808 0.011774570539278887 0.07724102505855197 0.07638310920877459 0.08164740262398622 0.012126421753313282 0.06936206330270075 0.07287086887724978 0.06400553306600487 0.02254816962264748 0.0762193428213056 0.09583200796440776 0.06672762789728046 0.0806063860212774 0.024963377060123224
 0.05306015882560376 0.031183303791005503 0.047709682279912305 0.013944890935799549 0.06031855178251634 0.024591387665304377 0.059287789853295254 0.05808937506123985 0.048645223777935835 0.05525578734791345 0.031887271870164505 0.03836857242859322 0.03831753704630973 0.025897205419458287 0.04052090810831992 0.01985399447250282 0.05872436495837978 0.05369316276202059 10000.0 0.037288597394040085 0.04039730875106995 0.04292346625800141 0.034121679915523256 0.058404886367267955 0.037120160435990396 0.048440559258832276 0.02599056772774379 0.025150471514580667 0.04637225145281189 0.031013122669294357 0.05336932321588725 0.04765831659760325 0.022632676067872153 0.05975670130326614 0.06795956035055586 0.053492261739777495 0.033527748859734176 0.03860386699191464 0.054029844363396154 0.043275301435293054 0.05346970232637525 0.05243246455447284 0.036543879588920414 0.05458972511587829 0.011444504984262848 0.06474069563716243 0.07438703797504673 0.036450232090957047 0.012541882308389683 0.034367770835905434 0.01845162167454125 0.06978673557626074 0.03501721141470704 0.053081280219278 0.046340341485100064 0.01772337110549602 0.03904633119921326 0.030106990287561624 0.06925204048098847 0.005220983434750866 0.06911724818144324 0.023045862232830956 0.019219731696850227 0.041217642240102555 0.044960487345994046 0.04697673507446095 0.03928219681440972 0.028730891819385294 0.0359063323869643 0.01659269822913204 0.04443832636550536 0.020485695614739157 0.03710946568673928 0.044100331723724344 0.029022492819667813 0.05480600338766374 0.039787289303382094 0.07333954166844964 0.05263178103357024 0.0506216757602201 0.01658314249904896 0.08014363979919678 0.061028529913879914 0.03114757164898018 0.023234831462728808 0.05211388283848786 0.013136763727307234 0.0282689081968658 0.029174916448542927
 0.05783908409983787 0.021330007329311052 0.028284677522299233 0.04174259450886802 0.030549968526433033 0.047423544021518424 0.03298084583999303 0.022497526292701145 0.015871355436386445 0.07326684709252203 0.042172369697660236 0.03532626886229103 0.05813114293857008 0.03772037943098148 0.04161686690677448 0.0566016365419929 0.05398466194877012 0.017162835932768135 0.037288597394040085 10000.0 0.05936478506757922 0.014685743487221804 0.07106196038923622 0.03983870821019236 0.06041966120274248 0.016516388783356217 0.0274264813910923 0.012277059831041279 0.06820792006954457 0.04082202581693976 0.08389929677560783 0.012046049623093403 0.05862141720373643 0.03720414454207428 0.05352609503514757 0.016657937913181216 0.06666214076868218 0.0739804156264682 0.049943128411488825 0.028273081849283125 0.022874201665308284 0.07349159970456236 0.03513567823700624 0.017576918672165303 0.04661319711246839 0.058436207556104305 0.03942166254990653 0.07150336088289876 0.036707502308336436 0.02866920334655495 0.025232458744794205 0.03704417495117224 0.03789033813887114 0.06764436344891214 0.01943038272468547 0.05499344090512641 0.01623496476833912 0.009272507314836963 0.032330043198303245 0.039244284681718596 0.033531836559079216 0.03306033105798162 0.0533382742649152 0.014298044729875095 0.06667101122972632 0.01437128003811026 0.025883722150127606 0.031510373448195635 0.009108402261345681 0.045072658614162917 0.05552578987130794 0.022529356478021362 0.05590296836773664 0.07657425487523549 0.04881408702413891 0.018133242565823608 0.0657377577922576 0.06714482519438351 0.07276292726212112 0.014202518967751536 0.05248280441346843 0.06678458216092138 0.0539360657126094 0.0073985313489170835 0.060283366279390016 0.07902012960876607 0.05011735461019458 0.0635887154188198 0.008115963361964055
 0.09342662676999143 0.039090931453666905 0.08171224398323565 0.026454898537742175 0.0894263462580764 0.06427382203928014 0.09065571563428831 0.07018635739661028 0.07504008322528372 0.09385184182459394 0.07219508791258444 0.07693492310521705 0.002171231604987868 0.06606803673217634 0.024384120450042738 0.036315599189197655 0.09813329150305464 0.0689298733890837 0.04039730875106995 0.05936478506757922 10000.0 0.05363214870310074 0.042565033002765894 0.09361047041051508 0.07519110521063702 0.07548720949060703 0.06377248162965421 0.04981848649448835 0.009136462907118711 0.018919091364648664 0.08364347433444752 0.07133336900832023 0.05118657338724296 0.09320682209147677 0.10518691603624923 0.07469164679659783 0.06408594376410875 0.06318239414311629 0.0933889531658253 0.07858799959747027 0.06038569678217825 0.014132081534040537 0.028280587648801685 0.07103579578087306 0.047270857082884137 0.10403504158937604 0.0815238260309513 0.0624890132975231 0.029144477848551464 0.03358654284523869 0.035756186973737995 0.0740003279001179 0.07456126572080053 0.09270226113330063 0.07644320454327407 0.042264686965415535 0.04846686876057179 0.0501901528877668 0.08263764790135116 0.03524582693493735 0.07861926891203494 0.0626186900038936 0.028375279739014405 0.07060480071805132 0.007707502575346926 0.0734308419830283 0.039960687960242026 0.0282611577866367 0.06393932224219423 0.055714070251903905 0.011411931482672106 0.03786471686199633 0.07665579839297677 0.0732630094599344 0.0689471596388816 0.07629645249603267 0.012165555779932719 0.11286622556193329 0.013536743233435365 0.07297155831647864 0.04833807563221582 0.11808995259918564 0.10003593479106318 0.05213741637615461 0.03907839393832653 0.08619264598657195 0.04352440192714598 0.05629150252504877 0.05375205418583143
 0.07217726274534551 0.015278986645037976 0.042648923781872135 0.042573440290658945 0.041867210610145526 0.05848957779992733 0.04553044647824007 0.017050426025334808 0.027679266208735065 0.08627222950924726 0.05530857922492674 0.049711067809439013 0.05286685607076523 0.050215155803789394 0.03200659580804369 0.06011558116669194 0.0686703475442046 0.015332449531307408 0.04292346625800141 0.014685743487221804 0.05363214870310074 10000.0 0.07430674586734214 0.053817081119182035 0.07201788767166283 0.028714584183005692 0.04050464384113943 0.020006228245699767 0.06276447448261756 0.034795110524072734 0.09389736116358345 0.022281837889740096 0.06549615469124764 0.05053978684194907 0.06766544939035882 0.022898302231301588 0.07530896993407203 0.0814058795315255 0.0646175113367124 0.04293743254900888 0.010605981850803041 0.067356068477568 0.02612569344594873 0.01755654194004782 0.053779370242744345 0.07308793378690197 0.03184320744706291 0.0791427109669235 0.03782924743663872 0.020123604930839426 0.025976777098893615 0.02686852820768363 0.05179797633639345 0.08108489968413433 0.03314781747770037 0.06013839875770051 0.005224458461976319 0.014124864032150245 0.0295094338674849 0.04313186720297418 0.02716729821715527 0.04531699564931868 0.05503666398527829 0.028624684520524135 0.06130324139410462 0.026633024180862865 0.014642977770960092 0.025775571894621076 0.023785002762356913 0.05449054390269557 0.04734212367902577 0.023277149849499693 0.06828526855384931 0.08566993957051536 0.06064572172921836 0.024454735455757298 0.06222095525386909 0.0817531218755874 0.0663150103946056 0.02231953333811753 0.059366463269562283 0.08080766451264242 0.06859019261719329 0.014241338518247534 0.06410497286679241 0.09014435079228955 0.05602082782368616 0.07098621823829777 0.01838056941848998
