NAME :TPP_input_19_3_1
NUM_VERTICES
55
NUM_CLUSTERS
19
Full Matrix
 10000.0 0.03128631059040874 0.020779269972461413 0.05228498099561278 0.055904676553282226 0.03897577527570195 0.05108913870939132 0.013382280441290533 0.04794865748716674 0.015147439927157768 0.03746218677571223 0.04442358509391786 0.005479073306292591 0.0372732504583626 0.03764273486441712 0.022607692110515137 0.035382974484966995 0.02210151010435873 0.040583564534304374 0.02164976574433471 0.014555238445053992 0.03663470199311141 0.017272533856022166 0.039412962885088526 0.05662168576082331 0.03993383624567088 0.051542896750241825 0.02262365455373106 0.07706390680390854 0.012743978564473887 0.05313807630767 0.05372857649484942 0.016823356054584435 0.014072138139104809 0.021341656383141415 0.04184819125395586 0.04233039406382311 0.05658531252137919 0.009233995603635534 0.051393471612303336 0.01603334065700913 0.02790333084813077 0.039043588695384684 0.02412698555444307 0.02725434809743358 0.016075505312202962 0.030572826661653247 0.041446762992096695 0.04522997342436458 0.0464180925750494 0.02484079650554746 0.03744033406688224 0.034956513690533195 0.04373840705571261 0.06442360373293285
 0.03128631059040874 10000.0 0.027898082385632548 0.0488827609534845 0.05475001532550143 0.04158345352923852 0.05582672151560038 0.018957417422748323 0.07751398830276407 0.018326033538107273 0.03611717052007568 0.019044303258350694 0.029753003076119177 0.05044490582758155 0.052461184410535454 0.0535519355342667 0.05948154606410662 0.03351442577340532 0.05961347231897922 0.05211326338921824 0.04198491914883867 0.01922618951293099 0.04286128619881134 0.06048358281661946 0.026980935533686724 0.04587951593640536 0.07748223483874268 0.04955986772753307 0.10665984991855589 0.0412371093255187 0.04419943939238543 0.07651830326635226 0.04552771620138806 0.03174709606069219 0.05134156981836783 0.05973350206016121 0.01670856276598212 0.0866810372097295 0.02515531982139779 0.0695004613772139 0.02473258352879699 0.0126933169011716 0.037091284863836886 0.039793427079603996 0.027615708571722197 0.026084501689488865 0.03743447061974384 0.011187767800929737 0.054023183353461 0.016122276969113922 0.02319242555929193 0.0658730331732739 0.0523412375396124 0.06717087814930023 0.0725101546511978
 0.020779269972461413 0.027898082385632548 10000.0 0.03164977354080834 0.035691219157699974 0.05518848246734371 0.03247265571113852 0.014376347619317801 0.06583579075311709 0.012824422188299581 0.016704044460760792 0.03134492175307492 0.024646563712036464 0.05681311219894423 0.0575764834637381 0.03967172001716557 0.032695327492089636 0.00563715082885954 0.06123988120277586 0.03215270865680806 0.03520909286629356 0.021106290431496512 0.01935140077622679 0.06018450896498011 0.05451384761464025 0.021230466196099477 0.07158210024976747 0.025586354816096626 0.08212724913662182 0.02109356125450434 0.032472638279083255 0.07439013775447247 0.024231763226406515 0.032813583230175435 0.030615584199344674 0.03184310970538793 0.044052051894681477 0.06337627623548142 0.012434290044873848 0.0720626091936122 0.005606032658139159 0.016861591501007415 0.05338355853163477 0.043556992697505126 0.04102694386276659 0.004919262418630448 0.047651965011361146 0.03352195196674484 0.028319115965327046 0.037587840709874455 0.0068034449155181765 0.04147577600072323 0.02444380274116206 0.0644066070763311 0.047806245839827066
 0.05228498099561278 0.0488827609534845 0.03164977354080834 10000.0 0.006257498374286567 0.08526908335655824 0.013863040012282736 0.04458613438103137 0.0936937391107724 0.04251346171593233 0.015070064140080153 0.03758867405456107 0.056293532793795904 0.08829975078417975 0.08916370403714784 0.06830574378344471 0.046239088370839364 0.030698218015448482 0.09284814798433678 0.05772156893981522 0.06644820027915013 0.03030470323179918 0.044693543688556325 0.09166034524417184 0.06920986492039274 0.016133929806496375 0.10167291141424002 0.048122162175413805 0.09422688709801365 0.04904357861247918 0.009164038018173849 0.10539073468561094 0.05038689724700858 0.06433008775107403 0.055775946660156284 0.035489678400453764 0.06492851902686073 0.0797576232177795 0.044043822305942774 0.1036664027631672 0.03699302432760538 0.03677572207237041 0.08251533351671017 0.07508850404434139 0.07059584233490715 0.03654394129011629 0.07835459805911364 0.04689639649702377 0.019624370498578098 0.04795769856067245 0.02992224606451632 0.05911520710835973 0.032858310299116296 0.0954624585688968 0.02850864236711312
 0.055904676553282226 0.05475001532550143 0.035691219157699974 0.006257498374286567 10000.0 0.09018419386395854 0.010441865350647856 0.04925250776641375 0.09526543232633314 0.047262227846855125 0.019771589375505823 0.04384539789490854 0.06022907074339837 0.09250168460492758 0.09322259993758358 0.07041560876633791 0.04568716254292241 0.033893638367465194 0.0964562180668484 0.05919309161629426 0.0697270252821236 0.036403233145392025 0.04661698236759916 0.09504970704519017 0.07545313603402033 0.01716474997577089 0.10407766466916607 0.049275368890662086 0.0920395954924266 0.051383986954821215 0.014811438406002667 0.10830785159365629 0.05223911265192581 0.06850321798321629 0.057206918975560635 0.033837710678033435 0.07094082988787202 0.07864619338067688 0.04811519558789724 0.107243394005446 0.04120915296808678 0.042457692952084465 0.08767145085642332 0.07924016006183611 0.07560722095278796 0.040608033686033704 0.08303550824556613 0.05309497438256979 0.017806401293097386 0.05421015857725174 0.034844323419908355 0.05878306217413315 0.0325326659415955 0.09845431816996263 0.022772675659281486
 0.03897577527570195 0.04158345352923852 0.05518848246734371 0.08526908335655824 0.09018419386395854 10000.0 0.08764535082664329 0.041019370937097004 0.05848462932044863 0.04294057317272692 0.07042958054897537 0.06058121565699926 0.033504097546929505 0.015108621481452337 0.01798250606936181 0.04682455825007913 0.07346404605085725 0.058788278509124665 0.02712664014570173 0.05521581357526392 0.033432602737557215 0.05930634022165825 0.05594876997639159 0.030342834664425247 0.04949610538777736 0.07636485366217122 0.05016952822784481 0.06028302625100526 0.10667785990056994 0.050726482997532386 0.08296958919441878 0.04453140902982371 0.053982910073815206 0.025081997913471047 0.05599236684013378 0.08082370790460633 0.03563428781543671 0.0862718201655356 0.04346901026976219 0.03336407709471833 0.0495946859378866 0.05007049765931922 0.006196296549333666 0.018039726056435567 0.014768363505479805 0.05048991165835788 0.008575857512726999 0.05123516635646985 0.08286648538394818 0.05518467889924587 0.05538002360394925 0.07217803078144315 0.07388480573626019 0.03821601019034782 0.10238869176977367
 0.05108913870939132 0.05582672151560038 0.03247265571113852 0.013863040012282736 0.010441865350647856 0.08764535082664329 10000.0 0.046791948965227356 0.08704029408188646 0.04506460480114004 0.019788340484391275 0.04824028906768891 0.05591737639671388 0.08830573737105332 0.0887317337224958 0.06301616792459844 0.03593892016464903 0.029193993962512828 0.09109688956048442 0.0511448874815589 0.06406662538688954 0.039223944201789915 0.039376632497394023 0.08932346003384797 0.0789672370326029 0.011303309266097761 0.09682127064706322 0.04102310473889064 0.08159962750947088 0.044602653700634834 0.02290159971338344 0.10175341221131415 0.04477388984272046 0.0645214014821652 0.04913961183375862 0.023598687344869185 0.0724751666882976 0.06845312998749262 0.04438886767292359 0.10176065860786648 0.038053861919430346 0.043142423319980534 0.08580680816132404 0.07507052298368486 0.0734780341571686 0.03716556823214212 0.07998764916422577 0.05624917465497901 0.00791632009124196 0.05821008349411763 0.033658184114248375 0.04907678578710746 0.023201596224423443 0.09206785366560677 0.016862912202472113
 0.013382280441290533 0.018957417422748323 0.014376347619317801 0.04458613438103137 0.04925250776641375 0.041019370937097004 0.046791948965227356 10000.0 0.061253664092208414 0.00223034150933195 0.02957823742696825 0.031083286712705528 0.01413694173692369 0.04404317038244175 0.04517933128615147 0.03596487730396927 0.041644113111923474 0.018835117713340004 0.05008920386303593 0.03322374823546355 0.026749150442160752 0.02388252418997616 0.02422399404064564 0.049741883678201475 0.04555189746432766 0.03559017097432106 0.06390271480244508 0.03084590855748889 0.08775063137264083 0.022280819627374087 0.04350620361477786 0.06500963272591544 0.026579463424899547 0.020480169740169373 0.03239931456421069 0.04419031697096148 0.03271670442134891 0.06772441171538522 0.006238788133430275 0.06080781112412463 0.008968000008966973 0.014679464891852397 0.039020724177616775 0.031060304421784417 0.02668810294123951 0.010125228928030028 0.033795769110185316 0.02836672143168735 0.042631704012514905 0.03327390444551869 0.014764446832389115 0.047056549472130595 0.03671381405598554 0.055108391973544536 0.06215450300018562
 0.04794865748716674 0.07751398830276407 0.06583579075311709 0.0936937391107724 0.09526543232633314 0.05848462932044863 0.08704029408188646 0.061253664092208414 10000.0 0.06309227107088965 0.0807952586897727 0.09233694971647981 0.047941691670511606 0.044329077248238286 0.04171622150862391 0.02617035008414463 0.05350290222928995 0.06417325519568237 0.03391984421668314 0.03607318675696057 0.03553791959542529 0.08442070155506624 0.04902643536321747 0.029805178311758662 0.09916467452475278 0.07814260037413227 0.016194094925591363 0.04606232438029345 0.056440736551969635 0.045193683150339545 0.09724566775992037 0.0262626359388884 0.043328631568270735 0.04673261526382643 0.038058671717027884 0.06676213228705147 0.08363686090838629 0.040142784948516794 0.05683405666713697 0.03687966398701124 0.06265461567356975 0.0758510676261591 0.06339969483277474 0.04348527990226223 0.05902399802806062 0.06217893053758112 0.05270215454460438 0.08841573167181614 0.0793033405203187 0.09343599842389815 0.07151952356200668 0.042253252701483966 0.06415540479711027 0.02348496050247828 0.09396405232616782
 0.015147439927157768 0.018326033538107273 0.012824422188299581 0.04251346171593233 0.047262227846855125 0.04294057317272692 0.04506460480114004 0.00223034150933195 0.06309227107088965 10000.0 0.027543836317166878 0.029286173841812334 0.016275274125551586 0.04623268839850552 0.0473896953750782 0.037619389562867124 0.04154373714998635 0.017638894743772327 0.052318860596461736 0.03425284934707784 0.028815406377080376 0.021779009204253956 0.024543705236374568 0.05195964978545026 0.04518612626261807 0.033924957124950146 0.06599786277450628 0.031235737741747937 0.08836162761370446 0.0230982834146375 0.04130660321112174 0.06719821940022501 0.027328496391240284 0.022708520066732244 0.03331981070476732 0.04341372964112454 0.032879343691882154 0.06848715862440898 0.007053382748621537 0.06303814883776973 0.00772818951050208 0.012759904931211246 0.04076127558045338 0.03327521146294978 0.02849019760969413 0.009011183534601525 0.03584190284826878 0.027158905455879068 0.04114351319356202 0.03199161055621078 0.012631270887038382 0.0475487671162985 0.035922206382932635 0.05728737051516348 0.06061962444151429
 0.03746218677571223 0.03611717052007568 0.016704044460760792 0.015070064140080153 0.019771589375505823 0.07042958054897537 0.019788340484391275 0.02957823742696825 0.0807952586897727 0.027543836317166878 10000.0 0.029612335551225957 0.04129660948461308 0.07323094637633783 0.07411014297599659 0.05489777104901558 0.038406750828806464 0.01667855143177343 0.07794104140979428 0.045432006069796166 0.0518052291545817 0.019799880313922824 0.032047423996343596 0.07687502574654358 0.059427904463628826 0.011413965397512871 0.08770430019375149 0.036687869941283986 0.08856690754430802 0.03562718590155471 0.01645068391102619 0.09092412252916879 0.03767164308133841 0.04926756996183514 0.04360111895111544 0.031274664499251544 0.052720142864642404 0.07189832310066441 0.02902420917667313 0.08876410881235908 0.02194711635723308 0.023475108871453747 0.06790922638301533 0.06002550254554889 0.05583647110740484 0.021552889046728398 0.06337207654211567 0.03671005923413457 0.019583333233972655 0.039067944372717794 0.015072756675257282 0.05016754501857119 0.025843028585913037 0.08095610158745065 0.036610331698088895
 0.04442358509391786 0.019044303258350694 0.03134492175307492 0.03758867405456107 0.04384539789490854 0.06058121565699926 0.04824028906768891 0.031083286712705528 0.09233694971647981 0.029286173841812334 0.029612335551225957 10000.0 0.044777109633955155 0.0692565660938818 0.07115752385559355 0.06687705036572686 0.0635021027645895 0.0362699708868207 0.07789616639698756 0.062242108563256696 0.05751301809431222 0.010656003459194102 0.05035251209966884 0.0784135017210594 0.0317383952269588 0.041007625858369895 0.09430003077007984 0.056817307032058964 0.11341248933573575 0.05081631570839661 0.030417255466162016 0.09428931902273675 0.0546145986664528 0.048927721381877454 0.06097422970969305 0.05960643432677909 0.030552284479128156 0.09469571896628068 0.03591336662286723 0.08805212611945933 0.03161486587089548 0.01659641172754008 0.0559011042188625 0.05800381477718432 0.046641550791462406 0.03260313636173943 0.05640775758580743 0.010771063288420039 0.049186895875667665 0.010426169595771029 0.024562914850326887 0.07282030279685758 0.05304838227324178 0.08466322259628872 0.06491933983224567
 0.005479073306292591 0.029753003076119177 0.024646563712036464 0.056293532793795904 0.06022907074339837 0.033504097546929505 0.05591737639671388 0.01413694173692369 0.047941691670511606 0.016275274125551586 0.04129660948461308 0.044777109633955155 10000.0 0.032412715403391634 0.033002686085396256 0.023995817902810676 0.04069888078523433 0.026750089278598097 0.0367357099605976 0.02562402041893625 0.01273704334901557 0.03801870362328612 0.022687460460732573 0.036001455641062996 0.05376760420414415 0.04467736611557356 0.049784995540589246 0.027783488714609655 0.08093453172240983 0.017905151922654874 0.05646545604726897 0.05098735495856309 0.021769092912681073 0.008730197854230454 0.02562253970245297 0.04732276274943104 0.03895797658284217 0.060312473849256094 0.012282326556947075 0.04755042063327951 0.019389960685156575 0.028694165458665516 0.03360359160915029 0.01915673674171697 0.02195257734021943 0.019751333560663727 0.025125642386286246 0.04050258682552676 0.050309513124875575 0.0455225337447519 0.02768182097316797 0.042017052725402584 0.040401529768471625 0.041049312090020655 0.0696180907986453
 0.0372732504583626 0.05044490582758155 0.05681311219894423 0.08829975078417975 0.09250168460492758 0.015108621481452337 0.08830573737105332 0.04404317038244175 0.044329077248238286 0.04623268839850552 0.07323094637633783 0.0692565660938818 0.032412715403391634 10000.0 0.0028738973356569834 0.03735717006402267 0.06816183317153311 0.059160823757335564 0.012023131921365457 0.04805475464506574 0.026602094542045946 0.06585205937409665 0.05230030394126409 0.015319037244348755 0.06312610750267084 0.07708429394619666 0.03508960582867969 0.05517129399159935 0.09543466503789488 0.04665330745881427 0.08753637832089446 0.029617214957737288 0.048954798130415395 0.02399967295421103 0.0492785641950184 0.07753763973527171 0.0483528070090861 0.07556726597360153 0.04438684762745682 0.019546336699246124 0.051338960477059464 0.056143391445369284 0.020993198929563913 0.013272156145772046 0.023310346228571255 0.05189473312976884 0.013438664914156405 0.061146271242485555 0.08248824925332403 0.06561641799230755 0.058774877110673834 0.06435334590883388 0.07128109995322016 0.023148226295759175 0.10156006834848431
 0.03764273486441712 0.052461184410535454 0.0575764834637381 0.08916370403714784 0.09322259993758358 0.01798250606936181 0.0887317337224958 0.04517933128615147 0.04171622150862391 0.0473896953750782 0.07411014297599659 0.07115752385559355 0.033002686085396256 0.0028738973356569834 10000.0 0.03600337498267635 0.06749895210532376 0.05967523033680771 0.009151658692067485 0.047128657240898014 0.02611195554651348 0.06741700713751708 0.05208501571779464 0.012486195221369574 0.06579530526088292 0.07756346883726176 0.03222497664646411 0.05462872791068398 0.09342628188387261 0.04640719964708256 0.08867876040018315 0.026802957423581852 0.04848398545602124 0.024859491426254855 0.0484405864527707 0.07724129094927253 0.05092421646549433 0.07371310869477816 0.04514440247523234 0.017160449063990873 0.052170707389546135 0.05768320775094343 0.023852966045135357 0.014130721405121616 0.025635753561930024 0.05265969579757118 0.01589911648572434 0.06327082149858491 0.08273833184364189 0.06780638366799872 0.05984071489289346 0.06317363037694379 0.07114849031697335 0.020289996558684322 0.1016655202000509
 0.022607692110515137 0.0535519355342667 0.03967172001716557 0.06830574378344471 0.07041560876633791 0.04682455825007913 0.06301616792459844 0.03596487730396927 0.02617035008414463 0.037619389562867124 0.05489777104901558 0.06687705036572686 0.023995817902810676 0.03735717006402267 0.03600337498267635 10000.0 0.03369541475408336 0.038222594242961976 0.03343965643355149 0.012849400779437317 0.01429556656183961 0.05851032986254836 0.023804273852335266 0.030213971727732068 0.07760894825705103 0.05326635906200531 0.033805120977960755 0.02264491052005368 0.060102971078014225 0.019311035200930003 0.0713324682363897 0.03942235846164423 0.01825461183851725 0.02620398233860691 0.01470154561840676 0.04559121825620901 0.0625257966300703 0.03953240473507749 0.03103001701521771 0.04257993693375637 0.03655187290972434 0.05028899724364861 0.04974316475572939 0.028814992764902497 0.04120817890265482 0.036035349981846286 0.03879009522876882 0.06398378552329807 0.055626806583133556 0.06897428502337072 0.04537817361735133 0.02728871016391521 0.041240137448417445 0.03037990905618969 0.0723216764387629
 0.035382974484966995 0.05948154606410662 0.032695327492089636 0.046239088370839364 0.04568716254292241 0.07346404605085725 0.03593892016464903 0.041644113111923474 0.05350290222928995 0.04154373714998635 0.038406750828806464 0.0635021027645895 0.04069888078523433 0.06816183317153311 0.06749895210532376 0.03369541475408336 10000.0 0.02734253157598806 0.06661030413076346 0.02095638768220227 0.041577368026220925 0.05290566347518099 0.018237727360975287 0.06368714902592217 0.08645758141240487 0.030320103212826872 0.0657717035049407 0.013195088478915424 0.05036980407422697 0.022848890381846544 0.052799857581247014 0.07269025359974793 0.019514294153454008 0.04849315535209816 0.019321067763305826 0.013388532456492307 0.07435098345997963 0.0337248314486714 0.035697456739949424 0.07618784545126447 0.03477000623294427 0.0495069059959042 0.0742124265041986 0.05654033138824804 0.06262821135383691 0.03343090051770034 0.06489253960592596 0.06617973201024865 0.02805579593585893 0.070281030654934 0.03919410655456413 0.013137878898828077 0.013384817058952968 0.06400437590391897 0.040484384355719195
 0.02210151010435873 0.03351442577340532 0.00563715082885954 0.030698218015448482 0.033893638367465194 0.058788278509124665 0.029193993962512828 0.018835117713340004 0.06417325519568237 0.017638894743772327 0.01667855143177343 0.0362699708868207 0.026750089278598097 0.059160823757335564 0.05967523033680771 0.038222594242961976 0.02734253157598806 10000.0 0.06257756027990344 0.029228754497423095 0.03585770616316142 0.02577766754532864 0.01589706893533355 0.06116372466154887 0.060150048766087455 0.017929618305244883 0.0711302571709452 0.021486663746522347 0.07716470581396294 0.01898040109447584 0.03311062216072602 0.07469407935210881 0.021325274609016075 0.035328062498461876 0.02750622065270752 0.02626053325868299 0.04957285433904188 0.05880837295038395 0.015325553951600413 0.0733555299956409 0.009921644449654987 0.022417793499061724 0.05742493797964719 0.0459062846412109 0.0450286408976406 0.00871010728315886 0.050934012534395015 0.03903903223951582 0.024093884299653225 0.04299612777165444 0.01185195223965105 0.03681120147860639 0.018832622576242797 0.06477289983072043 0.04364286973380729
 0.040583564534304374 0.05961347231897922 0.06123988120277586 0.09284814798433678 0.0964562180668484 0.02712664014570173 0.09109688956048442 0.05008920386303593 0.03391984421668314 0.052318860596461736 0.07794104140979428 0.07789616639698756 0.0367357099605976 0.012023131921365457 0.009151658692067485 0.03343965643355149 0.06661030413076346 0.06257756027990344 10000.0 0.04571146467157878 0.02705575675105701 0.07325718038887721 0.05287919702572795 0.004169563502939399 0.07452662484526085 0.08017168565053959 0.0231824400809594 0.0543254503198102 0.08769351694747064 0.04723049902578012 0.09318751634650735 0.01784493298526486 0.04854053095626945 0.029693341550595567 0.047289420408254616 0.07743798871513566 0.05945090078548988 0.06864643788731724 0.048999651230760985 0.010823244504239044 0.05610991519614651 0.06353173263101047 0.03299763870142414 0.019893247783956278 0.03378801475725823 0.0563992044057274 0.02447272661457471 0.070640669317261 0.08460484639344358 0.07532836102058617 0.06434681924106427 0.06060082627645616 0.07192583470832616 0.01134588033052856 0.10296378113368575
 0.02164976574433471 0.05211326338921824 0.03215270865680806 0.05772156893981522 0.05919309161629426 0.05521581357526392 0.0511448874815589 0.03322374823546355 0.03607318675696057 0.03425284934707784 0.045432006069796166 0.062242108563256696 0.02562402041893625 0.04805475464506574 0.047128657240898014 0.012849400779437317 0.02095638768220227 0.029228754497423095 0.04571146467157878 10000.0 0.02196236310463831 0.05274778725362714 0.013396808855150405 0.04273462467615411 0.07812186381613591 0.04207183203122603 0.046085458975218506 0.010161111853937477 0.0554291535865299 0.01142625682202985 0.061789959330184475 0.05220906531588232 0.007946038102577173 0.03140687991213785 0.0020055332206876057 0.03276753030193023 0.06397896894004126 0.034939404455770144 0.02720082719482376 0.055232734036573285 0.030645221000441383 0.04592848939795414 0.05701467776869923 0.037461290728539424 0.0466452211168264 0.029734499661490495 0.04672822393161762 0.06140519747513995 0.04353519912128021 0.06619721433652365 0.03865538483352751 0.016999542023444798 0.0287401760223957 0.0432289421881083 0.05963144156183484
 0.014555238445053992 0.04198491914883867 0.03520909286629356 0.06644820027915013 0.0697270252821236 0.033432602737557215 0.06406662538688954 0.026749150442160752 0.03553791959542529 0.028815406377080376 0.0518052291545817 0.05751301809431222 0.01273704334901557 0.026602094542045946 0.02611195554651348 0.01429556656183961 0.041577368026220925 0.03585770616316142 0.02705575675105701 0.02196236310463831 10000.0 0.0505928958409285 0.026100592239328507 0.025336059475822348 0.06439701094901479 0.05321678249945798 0.037201110483129386 0.028571426065351235 0.07424763796044478 0.02041134894968864 0.06764760389760116 0.039194326931315214 0.022381201895308223 0.01210048370866899 0.02295785638294274 0.05115025851085405 0.04905444535357851 0.05359598467204393 0.023713634663124965 0.03769531906499146 0.03058835984502928 0.04138780690721638 0.03579268405586226 0.01552127801402763 0.02691437523381669 0.03059811914217475 0.02507927983122984 0.05294280193402121 0.057553686295906646 0.0579592217020525 0.03937382232454064 0.03881512241030718 0.045208379055350446 0.029205873746727243 0.07604791109603386
 0.03663470199311141 0.01922618951293099 0.021106290431496512 0.03030470323179918 0.036403233145392025 0.05930634022165825 0.039223944201789915 0.02388252418997616 0.08442070155506624 0.021779009204253956 0.019799880313922824 0.010656003459194102 0.03801870362328612 0.06585205937409665 0.06741700713751708 0.05851032986254836 0.05290566347518099 0.02577766754532864 0.07325718038887721 0.05274778725362714 0.0505928958409285 10000.0 0.04037881824499238 0.07325410408683702 0.03974341681469246 0.031007095859357826 0.08777581566171978 0.04669176334149393 0.10293908458173452 0.04138398208329475 0.024992950426790093 0.08875381746626024 0.04495458802727581 0.0436203968309289 0.05135510051359712 0.049031748389187516 0.034683796346456734 0.0844485231898266 0.027589836860427236 0.08378866649194738 0.022234015472130494 0.00974414009562234 0.05544877542681594 0.053612822248432015 0.04467212954211148 0.023037174307478765 0.05384179624777062 0.01702908919253652 0.039295859512931804 0.019304412748205543 0.014312826461079104 0.06250017584460191 0.04240749635306349 0.0789014042406996 0.05607695358421839
 0.017272533856022166 0.04286128619881134 0.01935140077622679 0.044693543688556325 0.04661698236759916 0.05594876997639159 0.039376632497394023 0.02422399404064564 0.04902643536321747 0.024543705236374568 0.032047423996343596 0.05035251209966884 0.022687460460732573 0.05230030394126409 0.05208501571779464 0.023804273852335266 0.018237727360975287 0.01589706893533355 0.05287919702572795 0.013396808855150405 0.026100592239328507 0.04037881824499238 10000.0 0.050653175329099305 0.06971110498612346 0.029462812847797386 0.05754740174563547 0.006719660997419118 0.0639897880714984 0.005689556456320029 0.04843360527509586 0.062416751074365846 0.005697885273197286 0.0308669562454869 0.011620904234874605 0.025267373695094703 0.056809291328920104 0.04452651564179054 0.01803918780629078 0.06324898667619559 0.01905386525918155 0.03463387147717223 0.056290906657273994 0.039834872815406396 0.04451224015648703 0.017901356012552157 0.04743323956939735 0.050918803849137204 0.032232297530663256 0.055453879514062734 0.026082502800578534 0.023085835286990625 0.019108363301084966 0.05281728424654987 0.05009370546549178
 0.039412962885088526 0.06048358281661946 0.06018450896498011 0.09166034524417184 0.09504970704519017 0.030342834664425247 0.08932346003384797 0.049741883678201475 0.029805178311758662 0.05195964978545026 0.07687502574654358 0.0784135017210594 0.036001455641062996 0.015319037244348755 0.012486195221369574 0.030213971727732068 0.06368714902592217 0.06116372466154887 0.004169563502939399 0.04273462467615411 0.025336059475822348 0.07325410408683702 0.050653175329099305 10000.0 0.07666655138110792 0.07853969227702716 0.019848177056442092 0.05167329346280649 0.08358230024806267 0.04506870212261713 0.09240021901631487 0.01607505924648697 0.04606806903636594 0.029666100415143948 0.04439050577109014 0.07485379525701889 0.06140747690587032 0.0646353996318744 0.048141892319656675 0.012622615999909473 0.055224625859854916 0.06358365881689178 0.03601701958003729 0.020753065482697803 0.03559935923947274 0.05541623109220053 0.026775298875055167 0.07160691147982161 0.08264301016673986 0.0763864521292335 0.06368066713433586 0.05717633638688363 0.06957979049365311 0.007896999338227557 0.1007251875417875
 0.05662168576082331 0.026980935533686724 0.05451384761464025 0.06920986492039274 0.07545313603402033 0.04949610538777736 0.0789672370326029 0.04555189746432766 0.09916467452475278 0.04518612626261807 0.059427904463628826 0.0317383952269588 0.05376760420414415 0.06312610750267084 0.06579530526088292 0.07760894825705103 0.08645758141240487 0.060150048766087455 0.07452662484526085 0.07812186381613591 0.06439701094901479 0.03974341681469246 0.06971110498612346 0.07666655138110792 10000.0 0.07033140071239863 0.09579077160909298 0.076375954351243 0.13321514184994135 0.06768583642177729 0.062134490756775684 0.09236416430769459 0.07202175728365622 0.05256407155398283 0.07755239031080087 0.0861438152847286 0.015551812681015789 0.1129915044084925 0.05178923819211726 0.08247930608214102 0.051694346286585195 0.038030114810613525 0.043359964736861885 0.056827883004748975 0.041184974567844854 0.053040628314727216 0.05005390216478582 0.02272688573363949 0.07865059345947724 0.021312246415523792 0.0490546947741503 0.09260716506276614 0.07886722926351726 0.08429162540657527 0.09581744337482255
 0.03993383624567088 0.04587951593640536 0.021230466196099477 0.016133929806496375 0.01716474997577089 0.07636485366217122 0.011303309266097761 0.03559017097432106 0.07814260037413227 0.033924957124950146 0.011413965397512871 0.041007625858369895 0.04467736611557356 0.07708429394619666 0.07756346883726176 0.05326635906200531 0.030320103212826872 0.017929618305244883 0.08017168565053959 0.04207183203122603 0.05321678249945798 0.031007095859357826 0.029462812847797386 0.07853969227702716 0.07033140071239863 10000.0 0.08696802333971866 0.03224442277847532 0.0793613034630515 0.034326614456463296 0.022605270946612365 0.09140843037542878 0.03507543192081754 0.05325162157728331 0.04009357981123303 0.02088562688116895 0.06258753642741502 0.06399958729825317 0.03308624797777993 0.09089086121040416 0.026788851605657103 0.03323288211321932 0.074609182910639 0.06383408842623352 0.06225729418268115 0.02587630010588584 0.06868548561089668 0.047697266236431904 0.008321291123907703 0.05031150190935439 0.02304065511403526 0.04305600238961332 0.016964502990540878 0.08161567536051732 0.02691405528124069
 0.051542896750241825 0.07748223483874268 0.07158210024976747 0.10167291141424002 0.10407766466916607 0.05016952822784481 0.09682127064706322 0.06390271480244508 0.016194094925591363 0.06599786277450628 0.08770430019375149 0.09430003077007984 0.049784995540589246 0.03508960582867969 0.03222497664646411 0.033805120977960755 0.0657717035049407 0.0711302571709452 0.0231824400809594 0.046085458975218506 0.037201110483129386 0.08777581566171978 0.05754740174563547 0.019848177056442092 0.09579077160909298 0.08696802333971866 10000.0 0.056200720511239845 0.07250182977506228 0.05271035146451303 0.10396008060602341 0.010285585211963242 0.052053559868114024 0.04574436890270596 0.04806390519300177 0.0785434624390593 0.08035451097069891 0.05624864398973563 0.06077559124856324 0.022398653121730675 0.0674332356133072 0.0784681368614471 0.05586366305584789 0.03902713597630849 0.054609775206176055 0.06727255086754327 0.04636122282465121 0.08866469724802234 0.08940901602494948 0.0935958729823872 0.07633550021366943 0.05591879704686536 0.07481947916452407 0.011956089523007151 0.10563193948119934
 0.02262365455373106 0.04955986772753307 0.025586354816096626 0.048122162175413805 0.049275368890662086 0.06028302625100526 0.04102310473889064 0.03084590855748889 0.04606232438029345 0.031235737741747937 0.036687869941283986 0.056817307032058964 0.027783488714609655 0.05517129399159935 0.05462872791068398 0.02264491052005368 0.013195088478915424 0.021486663746522347 0.0543254503198102 0.010161111853937477 0.028571426065351235 0.04669176334149393 0.006719660997419118 0.05167329346280649 0.076375954351243 0.03224442277847532 0.056200720511239845 10000.0 0.05727523149372061 0.009890076036353161 0.05278198630491904 0.062052874345608654 0.006320554797108582 0.03535795701251458 0.008160548288795103 0.023192256461144242 0.06330779829065628 0.03791993207048227 0.02462721538198036 0.06427939363872096 0.025717811489929996 0.041275789940509476 0.06114274436806998 0.04337138384421913 0.049732741579777286 0.0245337009913926 0.051709328444294475 0.05761893783044312 0.03338110994962675 0.062129223419008006 0.032381085174549094 0.016367127329750552 0.01862753397782586 0.05284284171864608 0.04968076061274461
 0.07706390680390854 0.10665984991855589 0.08212724913662182 0.09422688709801365 0.0920395954924266 0.10667785990056994 0.08159962750947088 0.08775063137264083 0.056440736551969635 0.08836162761370446 0.08856690754430802 0.11341248933573575 0.08093453172240983 0.09543466503789488 0.09342628188387261 0.060102971078014225 0.05036980407422697 0.07716470581396294 0.08769351694747064 0.0554291535865299 0.07424763796044478 0.10293908458173452 0.0639897880714984 0.08358230024806267 0.13321514184994135 0.0793613034630515 0.07250182977506228 0.05727523149372061 10000.0 0.06553055574782896 0.10188626216421706 0.08268642292897359 0.06119860928032212 0.08562969274484294 0.05577648211886131 0.058772199759458355 0.11936727700545958 0.02070666808437481 0.08152140989029212 0.0928387445764773 0.08295004377992582 0.09843545162357388 0.10983799909184337 0.08880149248721982 0.10093945034109249 0.08172907509221353 0.098839541068618 0.11488083402284653 0.07465217476960448 0.11933690531772073 0.0888667048929847 0.04091325308356892 0.06280793445265928 0.07894041546073567 0.07756740937913675
 0.012743978564473887 0.0412371093255187 0.02109356125450434 0.04904357861247918 0.051383986954821215 0.050726482997532386 0.044602653700634834 0.022280819627374087 0.045193683150339545 0.0230982834146375 0.03562718590155471 0.05081631570839661 0.017905151922654874 0.04665330745881427 0.04640719964708256 0.019311035200930003 0.022848890381846544 0.01898040109447584 0.04723049902578012 0.01142625682202985 0.02041134894968864 0.04138398208329475 0.005689556456320029 0.04506870212261713 0.06768583642177729 0.034326614456463296 0.05271035146451303 0.009890076036353161 0.06553055574782896 10000.0 0.0520751430376875 0.0571641919329766 0.00434446665386995 0.025683239005283305 0.01026894134281287 0.03088596473572295 0.05410223329547045 0.04544392803441959 0.016101353908718655 0.05764624759835747 0.019228614050573464 0.03452042672079671 0.05136356496439424 0.03429840701164465 0.03985771524298922 0.018348751810003932 0.04217366809614235 0.05017103174696992 0.03764662376973259 0.05491034059300428 0.027405949322267524 0.025128298104896616 0.02479708609626152 0.04746725918871061 0.05573330138117679
 0.05313807630767 0.04419943939238543 0.032472638279083255 0.009164038018173849 0.014811438406002667 0.08296958919441878 0.02290159971338344 0.04350620361477786 0.09724566775992037 0.04130660321112174 0.01645068391102619 0.030417255466162016 0.05646545604726897 0.08753637832089446 0.08867876040018315 0.0713324682363897 0.052799857581247014 0.03311062216072602 0.09318751634650735 0.061789959330184475 0.06764760389760116 0.024992950426790093 0.04843360527509586 0.09240021901631487 0.062134490756775684 0.022605270946612365 0.10396008060602341 0.05278198630491904 0.10188626216421706 0.0520751430376875 10000.0 0.1068412610437392 0.054083206824661945 0.06389040564478461 0.0599308808258211 0.0431772723676453 0.05942553745978819 0.0865220842842571 0.04425873619368132 0.10398938684668728 0.0371815919244564 0.03310873434522157 0.07964134345803303 0.0745519608392223 0.06820127039363263 0.03706267226556721 0.07665859190572272 0.04046917908582656 0.027871881033842576 0.04083349994397619 0.028880010401469747 0.06527469110755531 0.03952105340791005 0.09685344219363812 0.037519708582493774
 0.05372857649484942 0.07651830326635226 0.07439013775447247 0.10539073468561094 0.10830785159365629 0.04453140902982371 0.10175341221131415 0.06500963272591544 0.0262626359388884 0.06719821940022501 0.09092412252916879 0.09428931902273675 0.05098735495856309 0.029617214957737288 0.026802957423581852 0.03942235846164423 0.07269025359974793 0.07469407935210881 0.01784493298526486 0.05220906531588232 0.039194326931315214 0.08875381746626024 0.062416751074365846 0.01607505924648697 0.09236416430769459 0.09140843037542878 0.010285585211963242 0.062052874345608654 0.08268642292897359 0.0571641919329766 0.1068412610437392 10000.0 0.05722700646037736 0.04538940576732179 0.05410601789653091 0.08497533714588601 0.07724097363400867 0.06600168439429938 0.06279002956268986 0.013176546029982545 0.06975286818059966 0.0791626804032672 0.05056260012483218 0.0368268808597711 0.051497016156329685 0.06979066871726093 0.04231251249818596 0.08765715290325499 0.09463353741323705 0.09245050552127909 0.07845622079270823 0.0638551338765946 0.08059699259977551 0.009990175554902659 0.11173317811198406
 0.016823356054584435 0.04552771620138806 0.024231763226406515 0.05038689724700858 0.05223911265192581 0.053982910073815206 0.04477388984272046 0.026579463424899547 0.043328631568270735 0.027328496391240284 0.03767164308133841 0.0546145986664528 0.021769092912681073 0.048954798130415395 0.04848398545602124 0.01825461183851725 0.019514294153454008 0.021325274609016075 0.04854053095626945 0.007946038102577173 0.022381201895308223 0.04495458802727581 0.005697885273197286 0.04606806903636594 0.07202175728365622 0.03507543192081754 0.052053559868114024 0.006320554797108582 0.06119860928032212 0.00434446665386995 0.054083206824661945 0.05722700646037736 10000.0 0.02910921608621952 0.006403578854815258 0.028923381415481016 0.058439340238893495 0.04116510391035017 0.020374621835768145 0.058690646022295734 0.023007669237683135 0.03847518577955618 0.054932499768141685 0.037058917480098874 0.043664461705852045 0.02202016576709862 0.04540777232404891 0.05431980213167479 0.03745675032482617 0.05901649051627828 0.030788210761681978 0.02080307232175875 0.023556871881517012 0.047763303326266514 0.05476060168003651
 0.014072138139104809 0.03174709606069219 0.032813583230175435 0.06433008775107403 0.06850321798321629 0.025081997913471047 0.0645214014821652 0.020480169740169373 0.04673261526382643 0.022708520066732244 0.04926756996183514 0.048927721381877454 0.008730197854230454 0.02399967295421103 0.024859491426254855 0.02620398233860691 0.04849315535209816 0.035328062498461876 0.029693341550595567 0.03140687991213785 0.01210048370866899 0.0436203968309289 0.0308669562454869 0.029666100415143948 0.05256407155398283 0.05325162157728331 0.04574436890270596 0.03535795701251458 0.08562969274484294 0.025683239005283305 0.06389040564478461 0.04538940576732179 0.02910921608621952 10000.0 0.031848884108901236 0.055827744539654785 0.03712165664642587 0.06492450425677355 0.020390645999912853 0.040355676199750105 0.027348076187941193 0.033927104350083316 0.025853214929712567 0.010758439521487554 0.015347801229049732 0.02789548247210443 0.01657965385022257 0.04292390575768702 0.0590173328884542 0.04786774422705202 0.03502022160399886 0.048334848836063704 0.049013038053975666 0.03573796710641593 0.0783458174669359
 0.021341656383141415 0.05134156981836783 0.030615584199344674 0.055775946660156284 0.057206918975560635 0.05599236684013378 0.04913961183375862 0.03239931456421069 0.038058671717027884 0.03331981070476732 0.04360111895111544 0.06097422970969305 0.02562253970245297 0.0492785641950184 0.0484405864527707 0.01470154561840676 0.019321067763305826 0.02750622065270752 0.047289420408254616 0.0020055332206876057 0.02295785638294274 0.05135510051359712 0.011620904234874605 0.04439050577109014 0.07755239031080087 0.04009357981123303 0.04806390519300177 0.008160548288795103 0.05577648211886131 0.01026894134281287 0.0599308808258211 0.05410601789653091 0.006403578854815258 0.031848884108901236 10000.0 0.030889732361575002 0.06359367994187021 0.03543929708860903 0.026288367830198334 0.056925003156066786 0.029359444114168798 0.044759942960268966 0.05759197963992258 0.038378219433940625 0.04697372356374009 0.028397862161763713 0.04746583504767481 0.06042844384806048 0.041530645885228264 0.06517747362737564 0.037190527386392044 0.016508268664686198 0.0267562406653038 0.045060529109316606 0.05768983735705924
 0.04184819125395586 0.05973350206016121 0.03184310970538793 0.035489678400453764 0.033837710678033435 0.08082370790460633 0.023598687344869185 0.04419031697096148 0.06676213228705147 0.04341372964112454 0.031274664499251544 0.05960643432677909 0.04732276274943104 0.07753763973527171 0.07724129094927253 0.04559121825620901 0.013388532456492307 0.02626053325868299 0.07743798871513566 0.03276753030193023 0.05115025851085405 0.049031748389187516 0.025267373695094703 0.07485379525701889 0.0861438152847286 0.02088562688116895 0.0785434624390593 0.023192256461144242 0.058772199759458355 0.03088596473572295 0.0431772723676453 0.08497533714588601 0.028923381415481016 0.055827744539654785 0.030889732361575002 10000.0 0.07582083071200195 0.04485453154866688 0.039165549951073846 0.08746538122141868 0.03578007745845034 0.04813379533939069 0.08065258456862084 0.06508957580170392 0.06849543590976837 0.034445608483767466 0.0723945862477762 0.06436878044817762 0.016076207018824742 0.06782318812546424 0.037124290020835726 0.02618743821616024 0.007492073967356955 0.07593534867148485 0.02721774808124166
