NAME :TPP_input_24_5_1
NUM_VERTICES
116
NUM_CLUSTERS
24
Full Matrix
 10000.0 0.02958512516419138 0.04337534687332952 0.07089693174983622 0.050576802750225094 0.08447574218011802 0.03688424377007443 0.055670991358687964 0.012105096907581651 0.05796145394655679 0.03154077240626653 0.06486233481765105 0.051050656429251516 0.03468999064630189 0.06761550400544887 0.0074857749993628864 0.07975410686977734 0.055826936873282856 0.03019091748332797 0.04563287643578306 0.08522131404956873 0.07508443987407377 0.054224794782521096 0.08443665324468742 0.038961010870580896 0.02225844649129841 0.05439635746660303 0.07952468789669455 0.010275062983041438 0.048346710242573074 0.06619416714816495 0.03458820847348739 0.07089610493884886 0.06638331894882928 0.0779000710130967 0.046179688140510634 0.08599110061256439 0.07264548125603268 0.07682107036786193 0.040281876701329156 0.062453271414485055 0.014414534774174604 0.05399577159834766 0.03943318689436926 0.058885722278765866 0.03992556034863178 0.030936036962962828 0.07351595800450035 0.03995999874828953 0.05371670998944605 0.07801296955341232 0.04602426343496338 0.047244251257913414 0.04010477406383744 0.05894466374778754 0.032211012653430154 0.08228409986116636 0.07164671108547685 0.09233056716905397 0.03613578383868806 0.06456685740834102 0.04293065063032291 0.06702081572853134 0.05470694574310506 0.053100458287556704 0.008182492624168309 0.08137822583763556 0.04553359865539457 0.07203219830600952 0.08274939814314058 0.06913998780125599 0.08010545428500344 0.012271886076110704 0.04127686272037816 0.017064002499572514 0.0730369664948152 0.07774931914847397 0.08511600863702759 0.010399047120552982 0.014554138795113114 0.04360461769613363 0.029339487023581832 0.07900240085967906 0.04416270676441862 0.07467232118475749 0.07380775399311898 0.08707069042420817 0.06468949939678348 0.10057392567237777 0.060850700797408334 0.06863027727327525 0.07227449741757486 0.05977326197313187 0.057795068520168635 0.09196804470640645 0.044160979205991525 0.01178311420895068 0.05310693173509111 0.06858139487312259 0.05720767661101166 0.05531836308993031 0.08728886732470069 0.0547243055475891 0.09007831586174833 0.03747963611637549 0.054010724338623806 0.0480161533179633 0.07369165186248175 0.039703485795571904 0.01713704626681917 0.06109726956032212 0.028916760804735896 0.05692746291429588 0.019617789099180407 0.06698228213191386 0.05218326876691865
 0.02958512516419138 10000.0 0.022252975987413715 0.04131470813564038 0.028974726460021822 0.05638100441380617 0.01023815141847272 0.0317509129959042 0.017494138529045362 0.02837757551593005 0.023885658367035916 0.0377959702720081 0.0217350126434902 0.018553806842792966 0.06527975468047943 0.029566540373111842 0.05102580692751931 0.06203136925663546 0.04145530138532711 0.06340326261220788 0.07310656087525091 0.06617330126628423 0.05701106173838781 0.05494807565724576 0.013676787349937509 0.008456371197472114 0.03115156527034211 0.05844226565957313 0.02050606125612215 0.05524647258161572 0.05720731408860368 0.024185799211664777 0.055213909535123486 0.05437320162666716 0.06828192231941996 0.057653690878911056 0.08045926453848427 0.07356964849875662 0.05140141209734392 0.05416364720145369 0.038966514994186 0.018864683733897505 0.026073038165147285 0.01108708210335115 0.02957066191085927 0.038019847133052405 0.03830717295645694 0.05310231532130098 0.013783146811780628 0.024160193846806833 0.07016669595708615 0.03754481224834304 0.045418638221526225 0.03695010081783077 0.042817451398750206 0.015407022864677055 0.05305384927941319 0.048076306816826675 0.07755286781531293 0.057304222962588865 0.046805730688849856 0.020252343718250104 0.04472302488254239 0.03129815470788454 0.02703958391430096 0.02925109784201223 0.06373998140093845 0.049072298564773 0.04265128397426451 0.05395504872128125 0.04423922283222536 0.05086291390343118 0.02002097501787233 0.012796737619166255 0.02120738528878985 0.05216378351534105 0.048186018852701795 0.0721053983576219 0.022036614314519018 0.03069857760457003 0.016659089475514668 0.04597840629846636 0.05826223938827918 0.02697752144764472 0.047912384374595794 0.05912290193449238 0.06809574475867862 0.03599096115734422 0.09322443431123803 0.0331421647133558 0.05421549058027534 0.049440861935950514 0.06801228746094541 0.02963136070337802 0.0644189115169994 0.037450338525448865 0.03972832476595151 0.03135177732080823 0.042915458923487394 0.0649396357874987 0.028376486461459703 0.06807679944102583 0.04921782182665416 0.06164992990268264 0.008962592903241336 0.055320763982346956 0.022836930708262093 0.04427086553063223 0.022490041192654315 0.012863500865398053 0.03681828737665357 0.02852381610512987 0.02960694007763247 0.04392756229429676 0.04602571534758194 0.02843037705512254
 0.04337534687332952 0.022252975987413715 10000.0 0.03898448430636081 0.04608081701407123 0.04346588294258336 0.012733279466915973 0.012473378831148796 0.03293693712611364 0.0287350754688824 0.016395640204062638 0.02354080142897365 0.027999176864785008 0.04006385504073949 0.04767206255738258 0.046563229462611086 0.04041626726867809 0.05024175859664405 0.03830518664490062 0.06012782175088326 0.051235855478643656 0.04539705919905201 0.04361162774742481 0.04842285232135506 0.03182608516232911 0.029123316363788638 0.011057682068173034 0.03712434505633677 0.03777033930059997 0.04507195369702583 0.03686056011067644 0.013495130362529598 0.033015873232716125 0.033006242339528626 0.047182212753011224 0.05040685249985136 0.0604602722237455 0.057160329265940384 0.03364938470230724 0.04942257509661007 0.019077953254005953 0.028996317775217266 0.01654106770484939 0.026384155024951013 0.0331467863614537 0.06023886267852814 0.03352011898316356 0.03144045942313967 0.010061802685960053 0.02444571231089084 0.049633200420405414 0.059068963179391136 0.03109017880370866 0.02437492477388263 0.02075703888047947 0.037206411179952735 0.044637086737988524 0.02829075960351793 0.055318092195614454 0.05780877241011034 0.024555342061530695 0.002700645462875484 0.02389709535620236 0.04642664802968966 0.012213945086721351 0.04654792595601778 0.041557925571715504 0.03777201044774801 0.036328806041620934 0.04340810573863523 0.025914742648796764 0.04269443636158426 0.038480534747529445 0.01461487526751373 0.041709949588833256 0.03067187567757176 0.045632250337588734 0.05008587732856913 0.03996460321952234 0.036301634923259274 0.03160419471462083 0.04534166083539649 0.03679415354698784 0.006445780441199987 0.03237792526628335 0.03700043891545448 0.04616845245966539 0.026890768839913873 0.0722551373125724 0.04159563005653252 0.03221343866287524 0.02905458532578301 0.05687634636330172 0.019832028911919996 0.04994814298971003 0.02177319614242293 0.049651058124625704 0.047925195636879116 0.025700957038841465 0.05382752198339096 0.03951152782975617 0.04620691960787683 0.03159299419420471 0.049470275793159046 0.015777680406916662 0.04118651458009039 0.03800977142083859 0.038093303213837866 0.04308732261201361 0.027888134958478868 0.017845961732358525 0.0234092689121927 0.017240810306918902 0.04973746766622612 0.0244718278871828 0.04378282654030485
 0.07089693174983622 0.04131470813564038 0.03898448430636081 10000.0 0.03648141442685219 0.02480256830052411 0.03595483117043453 0.03246682165922972 0.058808515834028165 0.01293837028262881 0.05423490298034456 0.022540234401082514 0.020381287102658824 0.04522769298422086 0.08279454342934 0.07024419671874878 0.017604934012118365 0.08878303343975033 0.07628962611634386 0.09857957863124842 0.07551823479597307 0.07516783477833258 0.08181023302845467 0.014756162553316016 0.03522306404190052 0.04902115992451606 0.03406736496568585 0.048527961532803095 0.06150739818134392 0.08397815723213992 0.06884606598094795 0.05192632092562989 0.057402614859384964 0.06278204647291245 0.07570289881163308 0.08936405459989565 0.09076915021601291 0.09294429678699807 0.032690100671091835 0.08805281049852992 0.034150280517565766 0.0591867749229218 0.022490555681498457 0.03230408955191314 0.013203267469042112 0.06412928673121099 0.07179856819471116 0.04698400442099346 0.034213495067900196 0.017358185033481223 0.07959355775066886 0.057379957767026125 0.0694412601732334 0.06331295294223674 0.050326843367849816 0.045009682681478695 0.015353182618097481 0.03678878395939015 0.07448535136396332 0.09498119679537013 0.04922365534217749 0.03695527124145136 0.0387803512369283 0.03255980070674558 0.02776326264886997 0.06981114340684204 0.059197939071453286 0.07662993174841543 0.007305123720969348 0.019166706598701996 0.03144867267081665 0.0135405534391581 0.060578585434589355 0.030851467705547104 0.05984929465990457 0.045459610993291606 0.00700435138380743 0.07332967284570777 0.06270874272505558 0.0700943095113388 0.030378246739255637 0.082681289087445 0.049203800598374224 0.0446063457496351 0.026132378677649767 0.06151625608030426 0.05952909641291345 0.014415945798327787 0.0988520669157197 0.019166248130506103 0.05894738178397915 0.039368555480225144 0.09547336403462031 0.01970363556443219 0.03325355573044244 0.06019143155481803 0.08079424047103355 0.03613643569543218 0.02856049818474123 0.09247441222170848 0.0236927120544488 0.059023318672183 0.06801806581892246 0.02717436675604958 0.03416706242984455 0.07917743718516544 0.03056121245524211 0.007233278132452944 0.04366141658077223 0.05402954761703771 0.03171373205662956 0.061224253080305886 0.022984651684611376 0.08390345462413465 0.042415499183824874 0.03209179289483517
 0.050576802750225094 0.028974726460021822 0.04608081701407123 0.03648141442685219 10000.0 0.06018824063933303 0.034106048798413106 0.049832743019337045 0.0408249965193343 0.02858885826150036 0.05262572085753211 0.04850389764187786 0.021905274649541593 0.015984058292915056 0.09290550481808678 0.046420288708845486 0.053131240639714444 0.09096917966534561 0.06993299608913664 0.09127530036616172 0.09623774389531314 0.0914140957624697 0.08575465331331687 0.05077409034905272 0.015388683615573037 0.03072906596818571 0.050263875044704025 0.07523771058924501 0.04040031386539856 0.08422083325534764 0.08294108985996149 0.05244994657287974 0.07732794805905968 0.07885624729880732 0.09306839718843074 0.08644857648299387 0.1065401846953325 0.10173197174566113 0.06279863848001778 0.08261089270579676 0.05586027223046459 0.04547991796947931 0.0385276656984616 0.019960494132816593 0.02455634353938587 0.028628758176598965 0.06711196388704489 0.07130285566507757 0.03606828325250471 0.028566621589430335 0.09568878188944152 0.020985388285411553 0.07384880400575757 0.06552925287562411 0.0660553891685719 0.018394245484662113 0.05181561364982208 0.06310361691375657 0.09860277914705909 0.08402234571818942 0.06830405692298773 0.04342353551172501 0.0620308362125745 0.005010981905313218 0.04330923011929396 0.045721376184399 0.08347788665330588 0.07798227096599855 0.04225082031460913 0.0552226351332096 0.05787439222724473 0.04991831356189363 0.03830603893459542 0.03150024584768957 0.03436299031844453 0.06998895895427554 0.04087939745817833 0.09472948840425552 0.04025126283531566 0.057265576701210574 0.014478007889483035 0.07364540037164755 0.07547070221518519 0.05223629854502775 0.05706616308716336 0.08157628448476537 0.08618743879466759 0.04188852712450201 0.11809437232655903 0.017782615478982175 0.07729344450999377 0.06527518896140151 0.09698486826682674 0.03985901554719602 0.06890610213432896 0.06533535854253224 0.06230656388861575 0.0025550011391296 0.05543834466835455 0.09391001484603059 0.012812931886929713 0.08593020368125537 0.07666629671334042 0.06343302638405288 0.030724915586489737 0.08392399207584267 0.008400295061382382 0.043041805822216464 0.011348669128586857 0.03858820158632948 0.05307767399942006 0.05749682279491142 0.04226280624945411 0.0688727776848172 0.06466059248949664 0.004390737018996178
 0.08447574218011802 0.05638100441380617 0.04346588294258336 0.02480256830052411 0.06018824063933303 10000.0 0.0476452879395425 0.03164850542504891 0.07271407633089992 0.03231364164498058 0.05971906267210112 0.019996578125999854 0.04035824348343513 0.06597066551819206 0.07515103353013732 0.08576033173265905 0.0072054721121477695 0.0863020465795151 0.08097677191216517 0.1016886597051164 0.060210059926401625 0.06356356014564969 0.07881700243828267 0.016288160712492027 0.055240564560123155 0.06482683223345234 0.03343152017343122 0.031211292588358797 0.07659532170571655 0.08334956989042841 0.05980732990904141 0.05659016567649639 0.045202789016538195 0.05304698646907631 0.06313018898188637 0.0903420275463919 0.07810280597628483 0.08533338891367885 0.015684223357561512 0.09084394648128753 0.02777515311389715 0.07079093637849937 0.030541121960541345 0.050739961263091146 0.03565570432798305 0.08635240953799272 0.07601010557023118 0.0326499611276831 0.044517278907721176 0.03439025899836019 0.06764006890269368 0.08060814892258107 0.06777552770871803 0.0642696208380763 0.04361512438404162 0.06489310123884881 0.01138253432351822 0.02344909052790367 0.05645299756518403 0.10074669215871562 0.03968552386785575 0.04282028857819031 0.028370744441697005 0.0567493539364772 0.03182999275778589 0.08550712597919122 0.0425999846938795 0.07610607171788823 0.018059359133903285 0.006263763364621683 0.020758764369115144 0.012093088309773846 0.07635989120985115 0.043678043082353984 0.07724974280288804 0.03129501851737738 0.02425520497845152 0.05766281289134618 0.07831879996830043 0.07955693725391359 0.051051080309156484 0.088342431863514 0.03223922538878332 0.04646240136498729 0.012051492003893894 0.048484475711683954 0.04063597138340142 0.020579864503522637 0.0830632237435745 0.043676698497297634 0.04790229621196572 0.025516496535242256 0.09285823378049111 0.02681658099214784 0.008734838434405815 0.0596624003340334 0.09237873081353283 0.060205483036313096 0.01922134355177562 0.09017368524002671 0.047466917448960776 0.03995137894273026 0.0634183498292037 0.0060961911173538505 0.047568113965236 0.07591670713361 0.053196162879198365 0.017609537119514587 0.06558148757663848 0.06747852712949282 0.027183965839760228 0.06656827756403341 0.027580765292969156 0.09315339120281331 0.03173823594944162 0.05587135800167581
 0.03688424377007443 0.01023815141847272 0.012733279466915973 0.03595483117043453 0.034106048798413106 0.0476452879395425 10000.0 0.021517516229258054 0.025070616054688185 0.02347867122767305 0.020311477941075767 0.028346668110182348 0.019369063081712865 0.027353888313349038 0.05881999717859022 0.03827846746896797 0.04289264558248621 0.05841980408439752 0.04132882556782547 0.06377572005546595 0.06396911165313274 0.05788647731344324 0.052553914042931735 0.048307586934156946 0.019313768696117194 0.018236505368246222 0.020920420255289753 0.048219736177858505 0.029110962388083923 0.05227962126594446 0.04916459423606085 0.01919008729460022 0.04566747622208559 0.045647720802124515 0.05977560495634233 0.056095934811147885 0.07270746047395504 0.06779645373191696 0.041476063834035154 0.05368786994710435 0.028736111086002762 0.02372749988985098 0.017119832297941086 0.01414996715811325 0.02637347336604947 0.047766911057366884 0.037285167692762196 0.042932019502653136 0.0035642148275810592 0.01879783513626823 0.06204960012616307 0.046339225131699906 0.040282364336603683 0.03230721589035137 0.03348552526210499 0.024560697302556257 0.04569105267141244 0.03787457520064492 0.06789056124052785 0.0592883911891518 0.037036660604077384 0.01039842471970285 0.034488002078085896 0.035080788175991556 0.01707116339702937 0.0380825650683951 0.053784072176460446 0.04544104552557539 0.035755606463447706 0.04589811683018947 0.03417182761458763 0.0435389450295426 0.029150470692677906 0.005147033932481169 0.031156983691512256 0.04196701289970466 0.042958452066706274 0.06280640023922902 0.03098440569562299 0.03416831674771702 0.019810261367572336 0.047169000495359756 0.04805445462942425 0.018371150372978866 0.03838736892601267 0.049697708197707385 0.05797459151057289 0.027860904292632355 0.08484071254413515 0.03281309843134421 0.044942897511507963 0.0392084714529141 0.06479186765725872 0.020911020135109162 0.05534080942562662 0.03143608444863371 0.04556068343634819 0.03613749249578697 0.03299830728555143 0.06169115741482874 0.029462824579698815 0.0579364936784456 0.04257794724166671 0.0531993508214562 0.0034068700788020753 0.05048363172840223 0.026424645940804205 0.03748426639633818 0.030376700935253468 0.019833725942652262 0.026627685124254247 0.026671876303499924 0.020229911213174873 0.04800882037535605 0.03585141004702556 0.03230305413116172
 0.055670991358687964 0.0317509129959042 0.012473378831148796 0.03246682165922972 0.049832743019337045 0.03164850542504891 0.021517516229258054 10000.0 0.0448456794012049 0.025793391749984556 0.028213894590538233 0.012409117930554178 0.028691694238068947 0.04755688547715832 0.05035560208459556 0.05846224371561087 0.029554600682383973 0.05719984698724004 0.04934226649735485 0.07036250613233987 0.046836826542531115 0.043961691130111016 0.04997629378276737 0.038915374707078336 0.03776110194267635 0.03962098820468057 0.0018424485869488456 0.026887466460443682 0.04947987250888444 0.053177957465039095 0.036819549028170834 0.025012066521263723 0.027836736782548152 0.031230799371464456 0.04500052064958804 0.05955614460067173 0.05962688243731498 0.06048274111293453 0.021196104173391978 0.05952470477270882 0.007221533230553091 0.041353667019561856 0.012158489178603953 0.032065381325941916 0.03100703189979997 0.06855831730677195 0.044389575629786966 0.02199396000387768 0.01796820897996117 0.022899684518371564 0.04840731663419689 0.06592349602772551 0.03794662728327597 0.03316905758215673 0.01826766734935202 0.0451772034099653 0.03448912839607169 0.01644079884962519 0.0487745304964665 0.06910057999434036 0.018827003335241194 0.012774292186660544 0.013091406597024687 0.048914421639294506 0.0065779719290635875 0.05838817208619068 0.03376679836411217 0.04579518037551389 0.02793395330187827 0.03242369237186783 0.013478514907829359 0.03277882009049718 0.0499306296486716 0.020335979819468348 0.05251472620408597 0.02086107563640346 0.038286541216081035 0.04514150910105882 0.05157256903319129 0.048696332316470706 0.03592265207938175 0.05669416268276472 0.026824371299689075 0.014832559812891277 0.020131789527035444 0.03213363085216388 0.037140407253969485 0.01840071393167272 0.0694766193591414 0.040772530184559765 0.028376485441076852 0.0176909652902119 0.06389833871878596 0.01319414419187775 0.03766209076093955 0.029071474024065683 0.06212165670687431 0.051190342145777265 0.01326571603963518 0.06099450121328756 0.0404733356365955 0.037011453913618084 0.03565397050468568 0.037729226303110125 0.02336198561446471 0.047231161620220195 0.041432602714961596 0.029572702382796665 0.04955038143708798 0.03966495712255681 0.005427405474496798 0.03496200409818055 0.009762706748957952 0.06199023201149921 0.015036107848087062 0.04665280162853875
 0.012105096907581651 0.017494138529045362 0.03293693712611364 0.058808515834028165 0.0408249965193343 0.07271407633089992 0.025070616054688185 0.0448456794012049 10000.0 0.04587085989398252 0.024282570409696263 0.053308833545141605 0.039069062883585574 0.02564029789692775 0.06461856237977413 0.013633728820414954 0.06781959169327714 0.056162008317179046 0.03167047530082527 0.0512402499326892 0.07876100264445539 0.06965962715319153 0.05298812470663762 0.07233710755836491 0.027795427185308315 0.010678575428766527 0.04372903592781957 0.06986451715952413 0.005154923481145338 0.04873329747940319 0.06054413286090864 0.0267141991681051 0.0629251159331527 0.059618164958885306 0.07225899356794638 0.04865315498425949 0.08206301468386916 0.07111234183323197 0.06579328792413965 0.043723722979646024 0.05185168626887901 0.007086151854625647 0.0421781533827943 0.027628915030628302 0.04691437854968825 0.03680075016085526 0.030448982025227576 0.06400282911146718 0.028299030090995277 0.041612068829329205 0.07305058585447526 0.040629826669018106 0.04372782443041073 0.035579027551202916 0.05055116607735598 0.02264555460437471 0.07023280870260105 0.061127524474979746 0.08498226420910826 0.04330566768944225 0.05576865773927276 0.032089024251784594 0.056831674842656194 0.04450279396313132 0.04169551329907259 0.01361282142489175 0.07289196965083468 0.04425788982612016 0.05994769117941948 0.07080156617518521 0.058207150000964845 0.06805063099408612 0.006868704526676459 0.02927864204450831 0.012468632706041764 0.06337012472588247 0.06567672864736218 0.07832430170106747 0.007524783367726495 0.01692039385213337 0.03218380193264318 0.03370660808643642 0.06944816764291899 0.0348633721929874 0.06324982177816678 0.06623841340419766 0.07818948549451439 0.05273960261517911 0.09611470959677877 0.049402601543568576 0.06105688386534011 0.06198518413489086 0.061141888591983495 0.04594382778128624 0.08037432721287825 0.03849196392610601 0.022579917617285797 0.04337973158891307 0.0574278275231401 0.05827637313013788 0.04406043800499704 0.07832893350667618 0.050053864864144156 0.0782341504896591 0.025447426690118017 0.05212609496069909 0.037147478520551176 0.06160090462092958 0.030777810352643434 0.005262500171486863 0.050254720580010015 0.02436146777907127 0.04526264956967484 0.028119975060535284 0.05720449364580256 0.04181987641377058
 0.05796145394655679 0.02837757551593005 0.0287350754688824 0.01293837028262881 0.02858885826150036 0.03231364164498058 0.02347867122767305 0.025793391749984556 0.04587085989398252 10000.0 0.042722443377001915 0.020570248736028175 0.008206967132279412 0.03392910952798667 0.07521028904468263 0.05742912015321549 0.02561852419633154 0.07896535793265788 0.06449665727696978 0.08691576559317864 0.07212846193768456 0.06975261514329141 0.07233279247477772 0.02694438749522199 0.023386595486673566 0.036152049641777775 0.026952953011827468 0.04801822782544059 0.048624485249559035 0.07360992291987202 0.06242041183655957 0.040755811604205716 0.05324706688182095 0.05700934576880529 0.07077497943001139 0.07839344009902721 0.08541226259154279 0.0850890661402314 0.034417615184779225 0.07658595926939467 0.030008676296903763 0.046349699548695174 0.01376320316338201 0.019744417637352456 0.005287613084393909 0.05404644203696176 0.060202229245474484 0.04493077473542682 0.02220897992857742 0.004693849621641034 0.07419670034889277 0.04844445033082746 0.059816432805533976 0.05294597729918125 0.04398267651984108 0.03321542374326866 0.02594039242141155 0.03571690781399981 0.07283792314250648 0.08275674390968364 0.04438823134847106 0.02634377240294552 0.035798740702584514 0.025981177227660766 0.019645144151389807 0.05701594948506824 0.057402751985837344 0.06638648702312049 0.015396171572873714 0.02814253857507367 0.0302674766303234 0.023786560430108673 0.047759426031735816 0.01833166073027737 0.04730390430331448 0.043491058548184885 0.019852328030686206 0.0702403298475928 0.049878489404169085 0.057433046054556555 0.018889105123667885 0.07058370646984324 0.04841889257055929 0.034922852615932 0.028514156229742325 0.05753211182408439 0.05917307150313521 0.01332717607015646 0.09507139929532415 0.015285350157416049 0.05407847750905211 0.03809961499552025 0.08558424130900842 0.013062033974984642 0.041027889411369686 0.050493677955446965 0.06788878686060365 0.029077098775544374 0.027600367913693604 0.08252470454894506 0.01659144560105021 0.058818247751181676 0.059621021937655436 0.036384707696827674 0.021410669160126045 0.06986898740835527 0.021039187905762098 0.01674945002285555 0.03327498774392711 0.04109873633565006 0.02720572152680585 0.04954854806085954 0.016293652632396193 0.0711893737503912 0.03899227555359407 0.02449318844126411
 0.03154077240626653 0.023885658367035916 0.016395640204062638 0.05423490298034456 0.05262572085753211 0.05971906267210112 0.020311477941075767 0.028213894590538233 0.024282570409696263 0.042722443377001915 10000.0 0.03988623468253061 0.03962159950314201 0.041839300997604155 0.0419851025005575 0.036667693475028004 0.05681189976074915 0.038463435950116164 0.02213131486433563 0.04434494224323522 0.05451186593523396 0.045460996929900306 0.03314947912068291 0.0646090069396564 0.03723836570385471 0.02628713546437325 0.026527035892777558 0.048679928655817724 0.029408809290421997 0.032057232497925026 0.036326162188673516 0.0033592101994704866 0.039369586099694834 0.03539852199974977 0.048011096979911246 0.03585182036574973 0.05842427506279009 0.04982861046091163 0.048804164035086514 0.0338820575664709 0.033789578623331436 0.017936440821560144 0.03231390239048248 0.033201685250050135 0.0462805925161266 0.05880329268279206 0.017563939796105 0.042586063740571965 0.02059536912577961 0.038079364855425894 0.04897775422208377 0.06026785605514687 0.02162019089856069 0.01309776250716839 0.027447008119800897 0.03851905274721387 0.060969154193380976 0.04238146397521297 0.06103772469631485 0.04144361909981492 0.033190141682060734 0.017684472718981936 0.03720079053338869 0.05441660016086721 0.028568720166546525 0.036904714067957894 0.04985225145117023 0.025442057020064895 0.052326221483330077 0.059803097098816364 0.041128356127380826 0.05899562666034527 0.031051404859055123 0.025062422142089397 0.03602911597822157 0.04228134080301319 0.061094097218354675 0.054147107222056956 0.03178245190903893 0.021205333951056383 0.03913580111494262 0.028978178004135557 0.04805364727165913 0.013987632189354457 0.04834565812713671 0.04238718028773775 0.05563368321365658 0.043074786902594545 0.07213241212669479 0.053124469947309905 0.0371964804823447 0.04249663093661562 0.044684575302650166 0.03587579598378503 0.06585958512321655 0.014551944360969583 0.035201317865110514 0.054908245213665496 0.041395887317555426 0.041586090633227574 0.04963280273390273 0.055882445278508504 0.026432564579658792 0.06575864357470544 0.02346850611470058 0.03143657783582026 0.0457312855776133 0.054101322995190916 0.046193357350469214 0.0207867310255402 0.033251662338083715 0.007071745970235772 0.033530937179843054 0.03392831451340008 0.036479906767949176 0.05156167206919797
 0.06486233481765105 0.0377959702720081 0.02354080142897365 0.022540234401082514 0.04850389764187786 0.019996578125999854 0.028346668110182348 0.012409117930554178 0.053308833545141605 0.020570248736028175 0.03988623468253061 10000.0 0.02665295601825807 0.050265828532280996 0.06116354052811241 0.06662234513463226 0.01717219833824284 0.06934992225736875 0.061471698288265104 0.08271462245166404 0.05313376553936281 0.052693798118995265 0.062039230437622286 0.026690289891838515 0.039608572643914285 0.04621318780256698 0.01425140942927968 0.02751332255544006 0.05745703128560436 0.06552551850486321 0.04671094513234671 0.03683621075353718 0.034864816676892854 0.040452560664474134 0.053171745026399826 0.07196434897445045 0.06825980854492339 0.07140936437413545 0.01455090395347823 0.07188522137408392 0.011748566648178181 0.05097157169000154 0.011882090806867444 0.03433414526258089 0.025656693825279988 0.07136056222441117 0.05656258233751521 0.024926240193271113 0.025013496383105006 0.019960772482517503 0.057106404297516455 0.06712183762558271 0.05019703794460499 0.04557707604303939 0.028446886186929952 0.04854907614561224 0.02211402676986109 0.015229071530537246 0.0528110939011718 0.08115245088874981 0.026760721393559013 0.022823747298856844 0.016303255532985166 0.04637732282360283 0.011871512522118106 0.06642920596804332 0.037368545102049504 0.058152741217847734 0.016670005206997993 0.02008131583136532 0.009735615157553957 0.020469442634872232 0.05745448083731376 0.025026883341366414 0.058986535997518026 0.023428831283168205 0.027339514703079455 0.05102132250158431 0.059319565699040205 0.05956059620466661 0.03636466235696479 0.068703557719313 0.027971650960370454 0.02708550171004397 0.010118767169993189 0.03899475848071679 0.038688442298223796 0.008366331454470997 0.07642374672736318 0.03560154199586847 0.03644007358468859 0.017691641968235677 0.07603346286039564 0.009006895612670103 0.027106023105269 0.04143862855287092 0.07244920188578562 0.04928812315512777 0.007030763973524456 0.07317128956971461 0.037090568828463885 0.0383074088514918 0.04730094235361096 0.025949800630488015 0.028833745219435013 0.05924156809049592 0.0404085122477847 0.018116002241756732 0.05103919789865529 0.048047498126701296 0.009620316975599603 0.04682135507486994 0.008189366207553537 0.0731662087652117 0.019895276058141533 0.0446518007426362
 0.051050656429251516 0.0217350126434902 0.027999176864785008 0.020381287102658824 0.021905274649541593 0.04035824348343513 0.019369063081712865 0.028691694238068947 0.039069062883585574 0.008206967132279412 0.03962159950314201 0.02665295601825807 10000.0 0.025731506374705802 0.07561919520061769 0.04997516448075222 0.03377269323541999 0.07729624325527369 0.06058511223145267 0.08300770156937512 0.07551609703212435 0.0718706119428816 0.07108254658790933 0.0348612269978185 0.015188525297604265 0.028908640637180245 0.029408305876146106 0.0533800083661014 0.041386557343255026 0.07141394841978112 0.06393874375052122 0.03820932018184258 0.05651486035117179 0.059114848984552174 0.07320852532562298 0.07545108481593699 0.08737223269814043 0.0851594830159209 0.0410659534140149 0.07302424387705216 0.03423067553797961 0.04039125151549971 0.01686061594001501 0.01193980196920861 0.007846560973691394 0.04602331657795442 0.05663481274786617 0.049622020869518765 0.01933574384936327 0.006693454943161875 0.0762629767865 0.040823460684168165 0.05861176788193798 0.05107812020985879 0.046050786055672324 0.02502548047357688 0.03411351793746292 0.04120980853247755 0.07720252311134305 0.07800416807499512 0.047485407038188675 0.025342509407742367 0.04034442799933908 0.020316363862112323 0.022118046787988573 0.049519288520120434 0.06192772305970792 0.06441969366597985 0.02359307964958532 0.03633487307545243 0.03596921355147228 0.03197014478544158 0.040329290423347104 0.014599837901753426 0.039468519340114756 0.04827028914432122 0.026943973031039858 0.07383263675668943 0.04247223319739031 0.051939892131734264 0.010711272331756375 0.06612897844952581 0.053642455497630075 0.03444337197594729 0.035583081871363983 0.06080779030412859 0.06438418467012427 0.02060389042741445 0.09797558484498695 0.013701609023692938 0.05686969057227333 0.043407779391790344 0.08377838986341096 0.017954426471072822 0.04903934399345143 0.04941819664206661 0.06145597810374207 0.022882597526112308 0.03354917049418501 0.08068440914904362 0.011873776737913785 0.06410626563295223 0.05958985313908749 0.044564228657967934 0.016509158148937712 0.06881737039817097 0.013757923348131286 0.024907756343031485 0.025270448167562045 0.034597610143988766 0.03141698403873523 0.04603774844905349 0.02045330597361237 0.06546250776474008 0.04315312521374312 0.018253870370046443
 0.03468999064630189 0.018553806842792966 0.04006385504073949 0.04522769298422086 0.015984058292915056 0.06597066551819206 0.027353888313349038 0.04755688547715832 0.02564029789692775 0.03392910952798667 0.041839300997604155 0.050265828532280996 0.025731506374705802 10000.0 0.08364544608414845 0.030453140400973192 0.05949011589329632 0.07903634842535827 0.056273093903900076 0.07677821306056798 0.09127396436845801 0.08467671769907198 0.0745925065332205 0.05997764335014094 0.010775406675591785 0.016618113178478732 0.04739335283874019 0.07438006532674235 0.02461440623401296 0.07192203301184757 0.07574038711102023 0.04252948704194001 0.07301683077434702 0.07273887788442439 0.08673584673320357 0.07315108105983854 0.09901287263656677 0.09166557731991903 0.06474971599728682 0.06875471050502109 0.05450578700337512 0.031147805943808997 0.03863618970008333 0.015960501938267528 0.03203138267172894 0.021166462783983916 0.054071438199946906 0.06951991630283133 0.03044629425839003 0.031620564214489805 0.0886986473534871 0.019057774447898277 0.06345531478033221 0.05491944527936273 0.06081932636061038 0.0033489342081309457 0.059713290900312695 0.06304164062421375 0.09519638858667459 0.06892344319464538 0.06432896908399444 0.03774476812513261 0.06060653551372758 0.020448699388097524 0.041720389184209235 0.029763016991045367 0.08086148120238038 0.06630460832622415 0.049269224212595816 0.062066339207886165 0.058444661158653745 0.05759908088242646 0.022426798080934052 0.027229968334181225 0.018398666501446222 0.06841602254303383 0.05104076835426251 0.0901497321577332 0.024321366506079932 0.04247569950360841 0.015050143771116273 0.05917043107631614 0.07436532128908936 0.04530141206576832 0.060026416711458676 0.07705097814064765 0.0846663515206511 0.04573774900583848 0.11172235054580994 0.029639402247399253 0.07227333450994698 0.06479927715358957 0.08465907379871375 0.04128281947459277 0.07459382329517816 0.055839285380836906 0.046455284261036255 0.018478699400673374 0.056535223576173264 0.08165049406210341 0.02370819903709126 0.0845571574446857 0.06767643307535953 0.0702927794736259 0.024607974872230473 0.0731160464136106 0.015717628813539816 0.050507863558179156 0.005139773260118708 0.024375451374165163 0.051991989108229185 0.045423823190073286 0.04258408842958711 0.05334982620148203 0.062486771467918596 0.018241339965181656
 0.06761550400544887 0.06527975468047943 0.04767206255738258 0.08279454342934 0.09290550481808678 0.07515103353013732 0.05881999717859022 0.05035560208459556 0.06461856237977413 0.07521028904468263 0.0419851025005575 0.06116354052811241 0.07561919520061769 0.08364544608414845 10000.0 0.07448454892976179 0.07635096265616881 0.019683124447464756 0.039251056624717194 0.04421917701322355 0.027907911679253012 0.016078412259048706 0.015342418332519309 0.08726143034501949 0.07781636470055037 0.06825506481874859 0.04883039526307271 0.047199317189458724 0.06937399985686124 0.023793239135438973 0.015443705125707021 0.041122702314583016 0.030867346469405664 0.022223763656729175 0.018775646115655603 0.03153079444587925 0.018934299431632547 0.010268993468425502 0.0595874454934126 0.0370771552859271 0.049564044812080425 0.057569037458118304 0.06158183261830695 0.07294752746974371 0.08009932789913753 0.10059649384955938 0.03696441794088635 0.04333942058992604 0.057208530218311605 0.07142074617089271 0.01538951330725243 0.10223869233550098 0.020891908233942876 0.029228438512535496 0.03271857000389439 0.08036000361293917 0.08217814100676346 0.05170211424143683 0.03800877906228846 0.05124379371319584 0.035535900379139874 0.05036118068976202 0.04700692465692218 0.093793999987392 0.05574427897525403 0.07496613379316178 0.038754749268910656 0.02275298661440683 0.07775700504021699 0.07861886216845755 0.055048402887147435 0.08094234745914791 0.07145504088717358 0.06203482212659652 0.07700627049026251 0.044449803575882886 0.08835068839747112 0.02970860046366906 0.07163973247448573 0.053222589064826575 0.07861558922809896 0.04461117277157732 0.04603636135249433 0.04123644266303389 0.0636940896721328 0.028966833158307698 0.04493554440806752 0.06853242821773307 0.033892657939393264 0.08909009022660112 0.027673984568570537 0.04971983544041389 0.023550414698641005 0.06343964479076214 0.07683621651418465 0.02782953172554041 0.06479831107143141 0.09495748666424057 0.05736914526491998 0.022455542717336727 0.08718237366093587 0.045676855129159366 0.016242061555595266 0.08068817915389905 0.062218270213076264 0.014242783512971216 0.08520036419198469 0.07926292501692923 0.08776979365756929 0.06219267821839891 0.0515490317852494 0.04025732597698391 0.06002850712201252 0.057795440928954785 0.04347368775393057 0.09106114445855847
 0.0074857749993628864 0.029566540373111842 0.046563229462611086 0.07024419671874878 0.046420288708845486 0.08576033173265905 0.03827846746896797 0.05846224371561087 0.013633728820414954 0.05742912015321549 0.036667693475028004 0.06662234513463226 0.04997516448075222 0.030453140400973192 0.07448454892976179 10000.0 0.08056981363977904 0.06321413659480146 0.03759259024359916 0.052876431791206935 0.09099944725126193 0.08125129917582181 0.061403287466851815 0.0842880925196954 0.036526408862931806 0.021327886912861423 0.05735971896972015 0.0834177065998774 0.009172847125291357 0.055721175708679085 0.07225122912050966 0.03945597549346536 0.07590013858894015 0.07198006431131497 0.08399381461095638 0.05366488393048181 0.09266264849070686 0.07982270736944887 0.07934991386474509 0.047758272106613466 0.06548303727132838 0.01875944557288683 0.055250082918933345 0.03806115357662831 0.05767962503480449 0.03290098731461781 0.03809514017510415 0.0775189899231866 0.041635921630146226 0.05349147851716538 0.08434911646450245 0.039582016124140015 0.05389416646628242 0.046401205868702194 0.06367358202459258 0.028476993393569863 0.08258578115905253 0.07476020071991836 0.09770499288940498 0.04309828522105856 0.06905950290670869 0.04571524517075179 0.0704532425681145 0.05087260961143654 0.05514219241858419 0.0008009634458239727 0.08609901587494237 0.05266853336983664 0.07212907124568005 0.0835104020955071 0.07179415064946816 0.08039316584923648 0.009669700513226631 0.04209457321734087 0.012057352068626915 0.0769191894614024 0.07691561682274783 0.09074630558910818 0.007562024441308964 0.02182068756866637 0.0414115131548207 0.036801062096824454 0.0829788575856114 0.048258036646552684 0.07663519887859097 0.07903474795895908 0.09154338826214732 0.06550931189290986 0.10711337819052831 0.05842225699235577 0.07384238040114958 0.075615180841851 0.06723821498464014 0.05894397903133118 0.09359775649594948 0.05009671464968175 0.01777816594790027 0.048886373954716865 0.07095343176273984 0.06465421076456264 0.052667556490924854 0.0917082116853624 0.061076054020290545 0.09114092477828349 0.038206364911817156 0.0610724952186385 0.044987413120932386 0.0737148303552016 0.03519390268744171 0.018801800375027104 0.0638645968662433 0.03504805191866817 0.058503579258965176 0.026470297202032388 0.07076922866640434 0.0485407939519485
 0.07975410686977734 0.05102580692751931 0.04041626726867809 0.017604934012118365 0.053131240639714444 0.0072054721121477695 0.04289264558248621 0.029554600682383973 0.06781959169327714 0.02561852419633154 0.05681189976074915 0.01717219833824284 0.03377269323541999 0.05949011589329632 0.07635096265616881 0.08056981363977904 10000.0 0.0860155138501464 0.07857119375483032 0.09988678372754137 0.06381240251348547 0.06593065300736008 0.07861576151123498 0.011406814699355124 0.04883288929246259 0.05940760657628818 0.03139592493017882 0.03511361537998007 0.07144783849740889 0.08248757615487011 0.06127437867964204 0.05384703078376607 0.04749180691654424 0.054636980831894624 0.06581895515910237 0.08907112352614273 0.08095470248996597 0.08661089968991828 0.018697200614635087 0.08905720328812113 0.027274181797040484 0.0664450342779098 0.025876984290354375 0.044592039019906556 0.028655911307195876 0.07962819159950522 0.07368532181448906 0.03540112738177475 0.04000502159877766 0.02812172277075642 0.07016710188699526 0.07366890066097091 0.06704550898584508 0.06271441156243489 0.04397682800332865 0.058583179757095864 0.006042361236833264 0.025364653236705732 0.060997583531769754 0.09819473402548673 0.040891896092175105 0.03937314137762157 0.029413018197262133 0.04961189943422863 0.02830210289875667 0.08027153574950549 0.04645231504192724 0.07514022285458562 0.010906192167880203 0.0030309824366509673 0.021320014917598634 0.0056732413516598496 0.07104528665604753 0.03855622829915808 0.07156226836313359 0.03393293855889075 0.017578043217425048 0.06136660406299659 0.07305876444003255 0.07584825368109124 0.04448325555325561 0.08573236884736338 0.03602455099001667 0.04425263970334166 0.012957372749092911 0.0511312742420595 0.04534511243407145 0.01508262499514245 0.08699010011153274 0.03648781837303987 0.04984195180196812 0.027771662232814784 0.09266290674770823 0.022039595156589355 0.01580947747389858 0.05846508951681557 0.08821520008882795 0.05308994935669515 0.019016629889050042 0.08986446119673935 0.040372895120720696 0.04472221699949363 0.06352029045112725 0.01083461946731699 0.04242114480134294 0.0757663111260481 0.046298742531425754 0.010404113909512671 0.05886470959920449 0.06264204210526265 0.02597865541362815 0.06381050364491928 0.023543996864548264 0.08960707752491345 0.033055145770184154 0.04879504589520625
