NAME :TPP_input_17_4_4
NUM_VERTICES
65
NUM_CLUSTERS
17
Full Matrix
 10000.0 0.040056782268640935 0.005578853679421337 0.007589489134717913 0.04208638555679774 0.04225493827289313 0.04327847829441913 0.03717710688204136 0.07919134419804248 0.04061436359732875 0.031171823036826897 0.08813668230582292 0.028297501437787954 0.04122031235705017 0.016154075274461995 0.08683592191015446 0.07831206872769648 0.07953111015285973 0.05311079350737724 0.004197353892613903 0.048723690564099253 0.07753746922408965 0.019532054338109752 0.0074951133761821335 0.056713463450119246 0.08825722970635688 0.049482279164228336 0.05205393571121289 0.05861545685775961 0.00882556381854604 0.046828823246461 0.07518220845791103 0.01873876495203281 0.056837733129436435 0.02510797913402674 0.013036293870105837 0.03791253282698654 0.005942682142258414 0.04030989715808762 0.03925796955399229 0.06916969613719295 0.08899908254668451 0.07180080753932068 0.058507499260464606 0.04909854626752331 0.06638830823232272 0.03515883803635351 0.06571041838783341 0.014724344900528317 0.04985274553167923 0.05227490250730886 0.07395661494092025 0.04163996755648906 0.08578843339746207 0.06050522079272306 0.07837781136192577 0.07563014639059845 0.02261026763989109 0.07272111554217435 0.052107880993470725 0.009212152803497827 0.07198568074768208 0.05268865680565097 0.03557298172200294 0.018825957838515962
 0.040056782268640935 10000.0 0.040560589672626005 0.04760411829411654 0.034434137146863254 0.027075129616276793 0.039498735078217294 0.014160181966371593 0.0755620126436567 0.0329189990865449 0.05610058316217656 0.0525018525625281 0.013826111454329739 0.019531500824634798 0.05537271110598757 0.04999441206706341 0.04204884693222646 0.04995711039733512 0.027317898703597267 0.036596006241374504 0.05583072210584169 0.03837620431034678 0.030598131918068257 0.03809442835735912 0.046123678825355716 0.05359769068959268 0.045144565201244734 0.0428445439825459 0.05323528631758451 0.04840440300772045 0.02949070401235214 0.05920320720293653 0.05095275691925445 0.03275900078398275 0.05782657534246341 0.035113657848467004 0.03231405951672346 0.034169905217370795 0.06074014346300625 0.019306812187583282 0.040574569040180676 0.05400619443546455 0.03343621213707351 0.025989506363964604 0.01120030662695589 0.037625675590086324 0.0663271849974968 0.06746200417952096 0.04177272065083966 0.040974257234351184 0.040744911734775485 0.06939421439491562 0.013543456347590056 0.045734671255727354 0.033872106075933744 0.03868177404084575 0.0355739824903838 0.049248340547592424 0.0608197790962099 0.030673860370102057 0.04911314170949492 0.061912023136166464 0.04019837212011744 0.04967307297144064 0.058864185954244266
 0.005578853679421337 0.040560589672626005 10000.0 0.008787713219437531 0.03810396130197229 0.03914565841925816 0.04808387209431983 0.03959891548832356 0.08449322840156917 0.04499563761782254 0.036600977656575065 0.09034486939399893 0.03010320943859373 0.04419349276430627 0.014875070208962662 0.08875650970189394 0.08031482363370936 0.08267783864869169 0.056217345999341216 0.004926121558128687 0.054201382736382246 0.07866970520956754 0.015942309574029964 0.012894712943628362 0.05240249255882609 0.09066564872557879 0.04483550298604384 0.05670144650027037 0.06364450407449601 0.008482193960392615 0.05059008220549517 0.07969108870164393 0.013831699274098209 0.05399578983254849 0.029865169900087727 0.008850064922107334 0.03399739490039938 0.007711382798553474 0.04582283023131255 0.03706589816476193 0.07230957606708252 0.09134634208627272 0.07320699619699098 0.05678740005310305 0.0487020261586838 0.06946051430744585 0.03986658074095767 0.07113891616648435 0.009178660418765711 0.05446935032310808 0.05674633815517913 0.07918391432034452 0.040292065260955176 0.08613760487808149 0.057863347283458114 0.07921392292281623 0.07593252989424756 0.02810590183868847 0.07750731674699689 0.04914259041317187 0.009644435967772706 0.07688640680824486 0.05709226843359943 0.04111685472007331 0.019229827824697825
 0.007589489134717913 0.04760411829411654 0.008787713219437531 10000.0 0.046747746315117654 0.04793294588840376 0.04852128307930663 0.044576062690071014 0.08286259612147821 0.046565340941580394 0.031219386050956796 0.09552260249871647 0.03585622092360616 0.048375165382893985 0.009059458213580871 0.0943059452325184 0.08576637757301 0.08647481528803432 0.06014381818473973 0.011158513000332163 0.051734935339187035 0.08512318539093713 0.024727873814488842 0.012862654192931902 0.060839570480751594 0.09557059748796072 0.053020223469249096 0.0575031655807086 0.06323567691006096 0.002383784919910944 0.053409653764390434 0.08073760523874404 0.016083364010021355 0.06277273206447015 0.022710504580078977 0.0176084153745303 0.042675858804848935 0.013435028108903914 0.040809386666095834 0.04569958376929472 0.076138076041422 0.09633528175631734 0.07936770025704605 0.06528445585273583 0.05645953220406958 0.0734048908338119 0.03242513647858158 0.06887701817223625 0.01622331800273607 0.05537052547247071 0.05800124220878118 0.07791889726046265 0.04859790886343451 0.09333876420731715 0.06661831328834063 0.08596579105431852 0.0831710089288311 0.02343808350676658 0.0778011474075326 0.057926723630324244 0.0017856735745641111 0.07683159394259508 0.058509838667090266 0.038211745771568655 0.0112602138648066
 0.04208638555679774 0.034434137146863254 0.03810396130197229 0.046747746315117654 10000.0 0.008232912369648147 0.06814221631282835 0.04574734697763266 0.10643152778617003 0.0622576982019311 0.071237193866078 0.08363175976605808 0.0380763285482782 0.05200832119047987 0.049656294661649523 0.08012355259843797 0.0733007498580798 0.08393739766958172 0.06155243789727599 0.03808676305298673 0.08123209582880705 0.06574335810703577 0.02256903660939793 0.0461947558658611 0.015048745661990453 0.08539971243138962 0.010836898132071879 0.07394932100378071 0.08374198746419666 0.04580954919183998 0.06196772854931152 0.09288199465855117 0.0384045558112113 0.019619936030629958 0.06707532413689632 0.02929601344616097 0.004196056674134974 0.037897785009719014 0.07914218271617529 0.015314102082014978 0.07488985477980405 0.08555557420195485 0.06302163353175376 0.028878562241867082 0.03256144087969154 0.07197017017371005 0.0771059026635234 0.09598649559348452 0.031552943065897475 0.07179646141318158 0.07245436994138509 0.10037492529047855 0.022051943073318616 0.06700641406735357 0.024066084381075558 0.06418180135380543 0.05777281943162289 0.06260598696463791 0.09366018041002624 0.014904569133984677 0.047220881733489616 0.09431105406429406 0.07217006338787546 0.07082177685189175 0.05557581732567595
 0.04225493827289313 0.027075129616276793 0.03914565841925816 0.04793294588840376 0.008232912369648147 10000.0 0.06292240562003186 0.0393557312135282 0.10080184737742073 0.05676744880509098 0.06941954085330657 0.07541801085337096 0.03272970536984166 0.045504245411036086 0.052199256506889044 0.07189233861666965 0.06510315434237302 0.07606679255645167 0.05438162094679404 0.03807955918056312 0.07703766725825598 0.057528915035327526 0.02322320594132393 0.04512195784914347 0.019494645744452893 0.07721316961856349 0.018279693343864714 0.06808252298300144 0.07812892389337103 0.04738606736239411 0.0555671377112007 0.08608933500598291 0.042183255478014464 0.014978106821461069 0.06656578075425167 0.030386562085221763 0.008564798012170149 0.03728911389335994 0.07668468919228054 0.007795509581125393 0.06720586809955352 0.0773561985311798 0.05479407591902762 0.021625789946370922 0.024360975069421597 0.06431729661347971 0.07645690774123191 0.09105067216441046 0.03419929967244945 0.06599941946773216 0.06638385181871873 0.09468638838708349 0.014101041994764134 0.05912108316307511 0.019117888310150287 0.05602151074407571 0.04973732412468312 0.060988998664825926 0.08726051601223307 0.010035725984609604 0.04869177853963295 0.08809073711095593 0.06601087863859965 0.06754086166698701 0.05773879346425506
 0.04327847829441913 0.039498735078217294 0.04808387209431983 0.04852128307930663 0.06814221631282835 0.06292240562003186 10000.0 0.025354853461733044 0.03849938710721911 0.006603908691440865 0.03158266883429715 0.05888762400790413 0.030209897420836403 0.021011499025886973 0.057325169596660015 0.059923846481440037 0.05196871817052296 0.04423451874429225 0.02390508319642159 0.04341946305966 0.01746861890251321 0.05821889539307254 0.051689620487191494 0.03602030647369911 0.08230306734626155 0.057498294896055506 0.07868081804892163 0.00909626276653939 0.016093796729765533 0.05072072833154505 0.014317305903162842 0.03228262099829908 0.061879483600818214 0.07186985487658538 0.04068621020716352 0.05023241702819652 0.06462404150767953 0.040991115060159476 0.02992230955538382 0.05561670173030048 0.03526700894302354 0.058618062289434066 0.05146076928309143 0.06528589808499173 0.04985846034020959 0.033543143934148395 0.04391415658045795 0.028219420457120267 0.05571202042696678 0.007179101406242595 0.010347161678683266 0.03259349515751693 0.05193553343702131 0.07121018759931247 0.07331411607176888 0.061236096275128465 0.06319432355955794 0.031027031334151363 0.029444408474841713 0.06910996299366072 0.050243294697792824 0.028833680597612224 0.011223347491458528 0.018927567364040557 0.056571552071474844
 0.03717710688204136 0.014160181966371593 0.03959891548832356 0.044576062690071014 0.04574734697763266 0.0393557312135282 0.025354853461733044 10000.0 0.061779470539789924 0.018765265239688925 0.045300746614679234 0.05096019926088308 0.01004350570824719 0.006294266159325531 0.05332863511563218 0.04977964754590563 0.041217508420900544 0.04356824484517511 0.017537872237183824 0.03483918279165262 0.04194481454959765 0.04194636121575448 0.03511141502859797 0.032738522616926766 0.05882331808385853 0.051120786351228874 0.056577340780785225 0.028979002008386903 0.039276159410018885 0.04600262822225908 0.01623804261378184 0.047238768945531466 0.05229463286484206 0.046776792125388975 0.049243084780518205 0.03707903536319601 0.04284310028147023 0.03204892251469055 0.04855768165630436 0.031663282421106866 0.03329860773213824 0.05183966363881056 0.03565648690497416 0.039968085343822304 0.02464630570261318 0.030350924731689526 0.05658526470730961 0.05331283942590794 0.04380347110858704 0.02701437955691958 0.02709495810381526 0.055624277752854126 0.02706050200424693 0.05248577464745297 0.04802412191806509 0.043637122526735475 0.043001981393149785 0.03970844694272455 0.04795091429914647 0.04436121717083718 0.04629828481032008 0.04873504309162141 0.026675843497763013 0.03704888676274557 0.05541413067469092
 0.07919134419804248 0.0755620126436567 0.08449322840156917 0.08286259612147821 0.10643152778617003 0.10080184737742073 0.03849938710721911 0.061779470539789924 10000.0 0.044173927743050546 0.0557762544733908 0.07064212913978593 0.06835858156850254 0.056032182052391806 0.09077573571235542 0.07418274426603395 0.0691818777166488 0.05240842433744398 0.051349824770069996 0.08022284512838607 0.03145435337725129 0.08021056099633368 0.09000166345066947 0.07169649663438957 0.12028508862539365 0.06768201258271754 0.11706055135114253 0.03280193149509567 0.02269489417732616 0.08522686205138567 0.04614121670211887 0.025212844523597705 0.09786553809522261 0.10830355119673017 0.06731935348461052 0.0879492205136706 0.10301169281232488 0.07809924252040669 0.047613847578241636 0.09326377710565609 0.05028609425455164 0.06897961387968937 0.07439847305640794 0.09995115591063594 0.08451426466277702 0.05102279916232801 0.06480671361185467 0.014806754232709373 0.09286463222106314 0.03482187144559333 0.03482102728745033 0.0061685421736492095 0.0888206042357697 0.09421958405666837 0.10910259600000294 0.084251361378968 0.0891301471358378 0.060623186630080955 0.01870438461680861 0.10611794964454237 0.08439192950958437 0.01598037561032066 0.03541536549376848 0.04497234026964266 0.08827838404215586
 0.04061436359732875 0.0329189990865449 0.04499563761782254 0.046565340941580394 0.0622576982019311 0.05676744880509098 0.006603908691440865 0.018765265239688925 0.044173927743050546 10000.0 0.034219771691668524 0.05549578859671097 0.024188223732118187 0.014502906848540536 0.055564263723481944 0.05604767177291229 0.04781520665868457 0.042266973835961764 0.019167896339835813 0.04016375157198768 0.02376954648371432 0.05304939910811116 0.04687794409508335 0.03374789614784473 0.07621121641742601 0.05444385865138776 0.07289725514046252 0.012225060332111754 0.021489204863846464 0.04862771007570933 0.00950411152129276 0.034714912247455286 0.05881728344131155 0.0653737677052398 0.04197954324736758 0.04612809176752266 0.05885581794059283 0.037561081959958255 0.03421881250260212 0.0493582653069661 0.03257845156996354 0.05548945464550245 0.046284425878072646 0.058682747463271026 0.043255764401064094 0.030443178692213822 0.04655680672746278 0.03465038952221627 0.05199869627676496 0.009950122055764715 0.011782752185845066 0.038129955444369514 0.045477098201242655 0.06568496464602817 0.06675773896470995 0.055847632303633904 0.05734997837907652 0.031968777934268416 0.03312376406914666 0.06270046393519255 0.04833422015691676 0.033049477726233165 0.01209717953345418 0.022616833395474954 0.0555321409916994
 0.031171823036826897 0.05610058316217656 0.036600977656575065 0.031219386050956796 0.071237193866078 0.06941954085330657 0.03158266883429715 0.045300746614679234 0.0557762544733908 0.034219771691668524 10000.0 0.08971401748138047 0.04239868826537192 0.04500537708481167 0.03721452196916836 0.09020077154701826 0.0818755514539208 0.0757862542818387 0.05317717674324788 0.03431256888850602 0.024794406243427044 0.08592421749313592 0.049183916698482474 0.02527546766417618 0.08625175018354271 0.08860707579294871 0.07978101429545063 0.03976943624249819 0.04073932570765813 0.033512204126747866 0.04368636090013844 0.06100934164463946 0.04730153256840522 0.08255437402234753 0.011550366396774637 0.04375522782592861 0.06706537633861655 0.03371320430487439 0.009653227016998974 0.064269260121351 0.06654946037433312 0.08967200247298825 0.07925734623124617 0.08054585022457234 0.06721190538992149 0.064572292508704 0.012372499481455744 0.04102622229717276 0.045758651191425866 0.038390424448343306 0.04172416950620132 0.05189914851761313 0.06393706123397577 0.09750693242094331 0.08545381382941249 0.08820554236514357 0.08824547961645159 0.008703283060326333 0.056010126596796904 0.07839247043965158 0.03226918507637697 0.05409813722311655 0.04270099817173624 0.013092538154555146 0.03346016629236709
 0.08813668230582292 0.0525018525625281 0.09034486939399893 0.09552260249871647 0.08363175976605808 0.07541801085337096 0.05888762400790413 0.05096019926088308 0.07064212913978593 0.05549578859671097 0.08971401748138047 10000.0 0.060247977814092954 0.04754282067801948 0.1042862583553516 0.005119940649723533 0.010480235219760286 0.018250400207849293 0.036891396192426984 0.08568638783290704 0.07375567812217414 0.020228792562590435 0.0829278397338651 0.08342521296804406 0.09079289809891497 0.0035293493748042755 0.09319888398056814 0.052821980271522795 0.05889934266631334 0.09696199855140754 0.04606416471733534 0.04542936600117048 0.10238768957485786 0.07221121066135129 0.09692790950723787 0.08664822349797566 0.08273546827650509 0.08292102723837937 0.08879479484215995 0.06879502508528182 0.023911460383790877 0.002620968587379944 0.020733965865671635 0.05963001294100379 0.0510741486651308 0.025348740327448365 0.10205095598499547 0.07316061889282964 0.09344569531970703 0.05324972928823928 0.05006216078549642 0.06611578656009671 0.06188829192212649 0.030187260923295368 0.07002686573800924 0.02386063072723972 0.031843433421686995 0.08686757498575737 0.052219184783723324 0.07349293365915323 0.0972517792386588 0.05526307200599918 0.04891507229415047 0.07768640036688154 0.10625365000611164
 0.028297501437787954 0.013826111454329739 0.03010320943859373 0.03585622092360616 0.0380763285482782 0.03272970536984166 0.030209897420836403 0.01004350570824719 0.06835858156850254 0.024188223732118187 0.04239868826537192 0.060247977814092954 10000.0 0.01582254042875277 0.0443098415207659 0.05868554184919948 0.05022025327456634 0.05359156372379329 0.02754802976811288 0.02550990076779599 0.04475321872072793 0.04934401730703482 0.025178384649310583 0.025039869489970827 0.05209374755394305 0.06063195840995083 0.0487527751451595 0.035938322940023616 0.04566669996099331 0.03704918056285458 0.024855734919961528 0.05612245745159579 0.04242359753385041 0.042718700374603756 0.0440650016756945 0.027065314187785235 0.03473945708801788 0.02278884048543604 0.047519417697331465 0.02556967762592371 0.04333803773681374 0.06128538420985375 0.043512898571519854 0.03853589590352792 0.02482608353197052 0.04038543143243074 0.05250111931188639 0.05832239780208077 0.03381435153146176 0.033757884936708296 0.03460959779308073 0.0622986091527686 0.022851715570117177 0.05838924232099821 0.04481255764240565 0.050410101661360285 0.04841234067567935 0.03542421692547268 0.056092545046093185 0.03945334882723142 0.03750913241448011 0.05651187612454026 0.03443050683024572 0.036884462587104594 0.04697413930391214
 0.04122031235705017 0.019531500824634798 0.04419349276430627 0.048375165382893985 0.05200832119047987 0.045504245411036086 0.021011499025886973 0.006294266159325531 0.056032182052391806 0.014502906848540536 0.04500537708481167 0.04754282067801948 0.01582254042875277 10000.0 0.057313991644001756 0.04692599562436926 0.03834911556217374 0.038490065242580154 0.012050140321477417 0.039322524964635196 0.03825923177956922 0.040956815459591685 0.04099843096329771 0.03598281379399755 0.0649356832977492 0.04733332622085127 0.06284208314552256 0.023329281539640236 0.033746981133397136 0.04999370043301149 0.010080796984439555 0.04094532727707964 0.05730872994313279 0.05228576228069003 0.05034810735151649 0.042473572840739396 0.04913268319771965 0.036512876844953135 0.047017691552294544 0.037769789051535566 0.028126597503117124 0.04815904510537413 0.034345597329323636 0.04464621905783054 0.02912087048938657 0.025267048050713274 0.05683243790230217 0.04829157193200866 0.049097830138922875 0.02151251685743716 0.021221435202595305 0.04986486593843457 0.03285576403119452 0.05264158860329634 0.05325066679529401 0.04320833401682107 0.04373613556868918 0.04045754398704755 0.04175705459509976 0.050126133525358156 0.05013758597985353 0.042631114678221824 0.0207069850344079 0.035293680782546466 0.05885414334404895
 0.016154075274461995 0.05537271110598757 0.014875070208962662 0.009059458213580871 0.049656294661649523 0.052199256506889044 0.057325169596660015 0.05332863511563218 0.09077573571235542 0.055564263723481944 0.03721452196916836 0.1042862583553516 0.0443098415207659 0.057313991644001756 10000.0 0.10294390173248966 0.09443372076911745 0.09549853523843733 0.06913686026184442 0.018895816211885665 0.05941649090281219 0.0933250104619612 0.029335375299060037 0.021914064141911754 0.0627246282957516 0.10440990457384677 0.054309097737103997 0.0663526631962648 0.07173663017870373 0.007331598772714692 0.06246897601472427 0.08958940591146672 0.012965152144269888 0.06717726177759918 0.02700121099223511 0.022340178167480802 0.045840546657590416 0.021538747153060447 0.046849719028285296 0.05114924192793988 0.0851540703473298 0.10515312252928011 0.08772626224845875 0.0710665995838131 0.06355250403026445 0.08240636427902705 0.03559655851978657 0.07653031318820515 0.018142691005235335 0.06424597104986103 0.06693256114755616 0.08602344015216631 0.054882870716558334 0.10100074520410941 0.07125807429170873 0.09397709608961176 0.09079797589632646 0.030413374402381312 0.08647346141240025 0.06222014932780597 0.007273986042261994 0.08540168860499958 0.06746509768833629 0.04584397927032297 0.006300474776610471
 0.08683592191015446 0.04999441206706341 0.08875650970189394 0.0943059452325184 0.08012355259843797 0.07189233861666965 0.059923846481440037 0.04977964754590563 0.07418274426603395 0.05604767177291229 0.09020077154701826 0.005119940649723533 0.05868554184919948 0.04692599562436926 0.10294390173248966 10000.0 0.008587859743492849 0.021904647868775842 0.03704280633112694 0.08419496742252662 0.07543062444781545 0.01555979203725724 0.08057217818339321 0.08247416582105539 0.0867444084215396 0.008572750139238429 0.08946921276756017 0.054474027539558934 0.06123557320933183 0.09564484199067752 0.0465461413948824 0.049015827193877905 0.100441102054604 0.06800964724284876 0.09690992069629825 0.08462567609780783 0.07942025386914257 0.08146353604744697 0.08982562121294636 0.06550235217781222 0.025808722640914047 0.007739773148474266 0.017132462461557182 0.05537508234243008 0.04765282121620983 0.02672125229008178 0.10247044446334043 0.07589650414649628 0.09139873431425642 0.05469714037707694 0.051620505400325395 0.0694357813334323 0.058613124767080305 0.025070978981018587 0.06566934606827003 0.01896483015532331 0.026980421712729716 0.08688352744022577 0.05559821341961128 0.06949900995987184 0.09600967395471771 0.05857342899416798 0.050461798122813796 0.07850842755888267 0.1051936087791698
 0.07831206872769648 0.04204884693222646 0.08031482363370936 0.08576637757301 0.0733007498580798 0.06510315434237302 0.05196871817052296 0.041217508420900544 0.0691818777166488 0.04781520665868457 0.0818755514539208 0.010480235219760286 0.05022025327456634 0.03834911556217374 0.09443372076911745 0.008587859743492849 10000.0 0.018656702567500995 0.02870241881114849 0.07572040918026675 0.06792034780932231 0.012856868635922097 0.07252493730042495 0.07389556025624182 0.0808758244932273 0.012146984623230902 0.08299190960657248 0.047051236623520724 0.054496928904236186 0.08712700242800538 0.0383151024060166 0.04439223978618192 0.09215421867130962 0.06252785887793902 0.08840823826984943 0.07637321801619605 0.07232613603271973 0.07297800326030757 0.08178964409806594 0.058386845573207766 0.01924955971793178 0.01225537317160274 0.01090720075621991 0.05007641779291458 0.040742552293007855 0.019497693746741852 0.09410707036012371 0.06957882364342205 0.08316189478621146 0.0470879454286868 0.04413268268576838 0.06406857763243018 0.05148012827002021 0.025918375610941274 0.060599487199134675 0.01710843548676579 0.02442027925306525 0.0783956963645969 0.05047749626694456 0.063547486046604 0.08747551850631063 0.05329313076561821 0.042972924637443934 0.07036708991592304 0.09663019143904424
 0.07953111015285973 0.04995711039733512 0.08267783864869169 0.08647481528803432 0.08393739766958172 0.07606679255645167 0.04423451874429225 0.04356824484517511 0.05240842433744398 0.042266973835961764 0.0757862542818387 0.018250400207849293 0.05359156372379329 0.038490065242580154 0.09549853523843733 0.021904647868775842 0.018656702567500995 10000.0 0.02646267361380038 0.0777960713255337 0.05739003965555589 0.03136777601803914 0.07830694903835242 0.07377808971402404 0.0936682130442608 0.015464004208300961 0.09434371381158271 0.036893258458382 0.04156441180093247 0.08822149658406712 0.03359482092743026 0.02719840765360685 0.09575200059146058 0.07645411274724971 0.08422404625688525 0.0806470730184736 0.08216807539513693 0.07498741438974467 0.07358807536651832 0.06862394414499502 0.010370251413669916 0.016761153293032714 0.027654857997120204 0.06467368527163823 0.052491267964619476 0.013240424243268139 0.08813814320389 0.055245349513826654 0.08736685806729638 0.037776934505180056 0.03443877156022409 0.047872945222883184 0.06196813475138928 0.04453691963308354 0.07525560479609703 0.0356525603739079 0.042535622241174985 0.0742329538992791 0.0339725513041904 0.07655266975849934 0.08825490317015247 0.037027212320314494 0.03336290428880163 0.06312028353031497 0.09650873443354065
 0.05311079350737724 0.027317898703597267 0.056217345999341216 0.06014381818473973 0.06155243789727599 0.05438162094679404 0.02390508319642159 0.017537872237183824 0.051349824770069996 0.019167896339835813 0.05317717674324788 0.036891396192426984 0.02754802976811288 0.012050140321477417 0.06913686026184442 0.03704280633112694 0.02870241881114849 0.02646267361380038 10000.0 0.051333509650315974 0.040881195916179607 0.034336647145236036 0.05264610219502422 0.04755947652120234 0.0733914557284162 0.03624602103766846 0.0723398534850142 0.021332076024796857 0.03108120832648918 0.06183762520160191 0.009731170598015064 0.032146430971728805 0.0693580529582092 0.05871374746088865 0.06003939702586891 0.054449023060065896 0.059091073791444265 0.0485249731278292 0.05332790441292562 0.046597459501558046 0.016092931553866617 0.03718228642344155 0.027591411249014704 0.04912685473042431 0.03408017754617397 0.01327763252856002 0.06542957416827917 0.04670305124097324 0.06110683508106427 0.020523416386728933 0.018417288059901917 0.04530537323685263 0.04073587486892924 0.04754371494146623 0.05885153178114789 0.03747088616097208 0.04012253407559272 0.049981946084950775 0.034671812510158107 0.05740360414436195 0.06191773755846365 0.03629734018944393 0.017399084114654326 0.041778991374483106 0.07039743512707267
 0.004197353892613903 0.036596006241374504 0.004926121558128687 0.011158513000332163 0.03808676305298673 0.03807955918056312 0.04341946305966 0.03483918279165262 0.08022284512838607 0.04016375157198768 0.03431256888850602 0.08568638783290704 0.02550990076779599 0.039322524964635196 0.018895816211885665 0.08419496742252662 0.07572040918026675 0.0777960713255337 0.051333509650315974 10000.0 0.05031234510241401 0.07443092550964069 0.015519166768283386 0.00933798675108297 0.05281400708081523 0.08594696716237944 0.04577226828640859 0.05194915437463911 0.059107568948934014 0.011809086448584999 0.04566549918376736 0.07487415345839624 0.018663122156560984 0.052642079763166504 0.02899740256644798 0.009446664063245996 0.03390092974101841 0.002809712573602756 0.04317539476203461 0.035075552828372915 0.06742642919912105 0.08664561993086403 0.06884122956961125 0.05439210158899945 0.04530194802352368 0.06458666349151349 0.03903920949228794 0.06710063698207352 0.012688974611934122 0.04970655253078584 0.05192993792396555 0.07482228179622825 0.03757648027275814 0.08230989040420056 0.0563084090745686 0.07512013191680221 0.07212561626377806 0.02563657288775475 0.07280403700134847 0.04791781825340967 0.012558433818620844 0.07224810583132897 0.05225578082891957 0.03751506733119692 0.02236517542006378
 0.048723690564099253 0.05583072210584169 0.054201382736382246 0.051734935339187035 0.08123209582880705 0.07703766725825598 0.01746861890251321 0.04194481454959765 0.03145435337725129 0.02376954648371432 0.024794406243427044 0.07375567812217414 0.04475321872072793 0.03825923177956922 0.05941649090281219 0.07543062444781545 0.06792034780932231 0.05739003965555589 0.040881195916179607 0.05031234510241401 10000.0 0.07516547315408074 0.062050908467460926 0.041307827152941214 0.09595969808977313 0.07190774930178033 0.09127821671238069 0.02096264173383085 0.01730921095347081 0.0541145082348466 0.031590939312056934 0.037804780369803254 0.06714062505403273 0.087397649645421 0.03620983104283637 0.05880503526278035 0.07739095097526706 0.04851649533898246 0.018170634038875547 0.07022351365032976 0.04985042530623912 0.07311438878508028 0.0684457029281784 0.0818129565859568 0.06658893145268431 0.04870937712624266 0.03528605498021276 0.017144377147925754 0.06298276302435735 0.020846265324524698 0.023816221587512194 0.027181689428472284 0.06742819285457505 0.08840604658219352 0.08923418484897924 0.07835165210895594 0.0805902916150448 0.029171669790289453 0.03200643087885537 0.08420563141978601 0.05320133480459693 0.029774640546998882 0.024976271628062596 0.013573864199437019 0.05682410362765019
 0.07753746922408965 0.03837620431034678 0.07866970520956754 0.08512318539093713 0.06574335810703577 0.057528915035327526 0.05821889539307254 0.04194636121575448 0.08021056099633368 0.05304939910811116 0.08592421749313592 0.020228792562590435 0.04934401730703482 0.040956815459591685 0.0933250104619612 0.01555979203725724 0.012856868635922097 0.03136777601803914 0.034336647145236036 0.07443092550964069 0.07516547315408074 10000.0 0.06866559941016755 0.07420529398052586 0.07152745265394517 0.02315873952842802 0.07468196620593763 0.054946050425054814 0.06356377427018804 0.08617759119011394 0.043931804556092205 0.056001708918207695 0.08931438789785044 0.052656831379564534 0.0910301608874361 0.07348602478593635 0.06540586205059093 0.0718355701012384 0.08720637422443402 0.05165244696029769 0.029971559423229446 0.02272324908010586 0.006767364891502018 0.039994880954940075 0.033802375225760635 0.029254336021303867 0.09778744239398854 0.0790794983994142 0.08011660357820631 0.054520860995304656 0.0519615422610488 0.07479166353117647 0.044888654504570996 0.01401790958160957 0.050186452040583154 0.004286707178022063 0.011771700113950791 0.08128073666182062 0.06160100668140857 0.054389420570056544 0.08673665223890363 0.06423045992119011 0.05083721270815975 0.07550712827404212 0.09629625147130175
 0.019532054338109752 0.030598131918068257 0.015942309574029964 0.024727873814488842 0.02256903660939793 0.02322320594132393 0.051689620487191494 0.03511141502859797 0.09000166345066947 0.04687794409508335 0.049183916698482474 0.0829278397338651 0.025178384649310583 0.04099843096329771 0.029335375299060037 0.08057217818339321 0.07252493730042495 0.07830694903835242 0.05264610219502422 0.015519166768283386 0.062050908467460926 0.06866559941016755 10000.0 0.0239291080983501 0.03733243205599267 0.083819235170644 0.03060059768295989 0.059101602481049315 0.06778205377655791 0.024172251285136254 0.04964754022270225 0.0806860385173456 0.021242112486178626 0.038127461533904235 0.044514058948057475 0.007168596276577244 0.018386731324085335 0.0155106862643847 0.05755560825588132 0.02188522450104384 0.06819667775919662 0.08430958702442808 0.06400431891282855 0.04185235291618337 0.03617029894980445 0.06521497611458715 0.0545515190496389 0.07802924596740929 0.012152171979712672 0.05682801501262645 0.058334652876323945 0.08421906678126742 0.026295212207815926 0.0742643881768658 0.04207956614165468 0.06850465310301049 0.06411695345738404 0.04048893078964688 0.0799179047204583 0.03324067383040721 0.025469145557675425 0.07992734604085985 0.05836517852170498 0.05035271051760662 0.034630159726769374
 0.0074951133761821335 0.03809442835735912 0.012894712943628362 0.012862654192931902 0.0461947558658611 0.04512195784914347 0.03602030647369911 0.032738522616926766 0.07169649663438957 0.03374789614784473 0.02527546766417618 0.08342521296804406 0.025039869489970827 0.03598281379399755 0.021914064141911754 0.08247416582105539 0.07389556025624182 0.07377808971402404 0.04755947652120234 0.00933798675108297 0.041307827152941214 0.07420529398052586 0.0239291080983501 10000.0 0.06114181586913083 0.08330987830008953 0.05451355496636596 0.04489845781879625 0.05119578555353902 0.01488004766619496 0.040578454644040564 0.06809805890090524 0.026214849983218515 0.05908417805150154 0.021557524897873354 0.018637455593298154 0.0420032942807947 0.008437774535605168 0.03392047620350388 0.040945326191835156 0.06346957870572097 0.08412026810648478 0.068165749725444 0.059163150991196935 0.04811841435010101 0.0607799703316149 0.031347850657045845 0.05825180175304193 0.021780886276331086 0.04272846235245822 0.045269383872016726 0.06646650182716883 0.042119812490491265 0.08340435036730237 0.06242201273348666 0.0754163415066076 0.0733793299044266 0.016573050508356182 0.065434002789666 0.05459539675516107 0.014644651227328687 0.06462736846573815 0.04574327689083088 0.028295109584920347 0.02287266654179665
 0.056713463450119246 0.046123678825355716 0.05240249255882609 0.060839570480751594 0.015048745661990453 0.019494645744452893 0.08230306734626155 0.05882331808385853 0.12028508862539365 0.07621121641742601 0.08625175018354271 0.09079289809891497 0.05209374755394305 0.0649356832977492 0.0627246282957516 0.0867444084215396 0.0808758244932273 0.0936682130442608 0.0733914557284162 0.05281400708081523 0.09595969808977313 0.07152745265394517 0.03733243205599267 0.06114181586913083 10000.0 0.09299463535369012 0.00900559558979345 0.08757651559308646 0.0976051322717972 0.059675958450124834 0.0750105006089677 0.10531860404553746 0.05056751997524112 0.01908193114048857 0.08179912686027452 0.04374482606397779 0.019192582405529002 0.052789954387113404 0.09419092740564064 0.02716719539249168 0.08536932600242043 0.09296040906778696 0.07010282066772876 0.031658569466632175 0.04117722819086717 0.08256690600402442 0.09184708738148505 0.11035576811660014 0.04502142291358049 0.08549004886374818 0.08587291498397581 0.11417418827934038 0.03265790818491654 0.06984143017899072 0.022482213495399556 0.06917432715476439 0.06184165340989541 0.07760458926022126 0.1066750184318799 0.01733043907291886 0.06113321228520733 0.10755119521121112 0.08549107569414001 0.08579506853462769 0.06886510110560055
 0.08825722970635688 0.05359769068959268 0.09066564872557879 0.09557059748796072 0.08539971243138962 0.07721316961856349 0.057498294896055506 0.051120786351228874 0.06768201258271754 0.05444385865138776 0.08860707579294871 0.0035293493748042755 0.06063195840995083 0.04733332622085127 0.10440990457384677 0.008572750139238429 0.012146984623230902 0.015464004208300961 0.03624602103766846 0.08594696716237944 0.07190774930178033 0.02315873952842802 0.083819235170644 0.08330987830008953 0.09299463535369012 10000.0 0.09513282757692422 0.051053734533858974 0.05667195898558058 0.09707864994583709 0.045112951542684354 0.042487045348919145 0.1029476303550946 0.07456539827425057 0.09614669544847657 0.08728870865326015 0.08435298175064491 0.08316327904096514 0.0873321377232118 0.07042203122984315 0.02226173295771113 0.001300322397234142 0.02291630911061689 0.062050499071999325 0.052853629115467926 0.02403762960243317 0.10096939770364878 0.07065801093289241 0.09409202921661962 0.05161335139215693 0.04836811528154875 0.0632839942387682 0.06351973471723994 0.03362856306920064 0.07251980903843519 0.0269574193576478 0.034879185936545 0.08608115420883504 0.0493792788897758 0.07566999522589714 0.09731492410929057 0.05245609256067294 0.04723454174043553 0.07638212865101603 0.10617556552175915
 0.049482279164228336 0.045144565201244734 0.04483550298604384 0.053020223469249096 0.010836898132071879 0.018279693343864714 0.07868081804892163 0.056577340780785225 0.11706055135114253 0.07289725514046252 0.07978101429545063 0.09319888398056814 0.0487527751451595 0.06284208314552256 0.054309097737103997 0.08946921276756017 0.08299190960657248 0.09434371381158271 0.0723398534850142 0.04577226828640859 0.09127821671238069 0.07468196620593763 0.03060059768295989 0.05451355496636596 0.00900559558979345 0.09513282757692422 10000.0 0.08467375464433616 0.09438618540612523 0.0516999702976881 0.0727912194110454 0.10371855102627564 0.04192163170248819 0.02424061123530049 0.07456883260979309 0.03644723721131396 0.014056776659009132 0.04607941721322406 0.08810571464101112 0.025880961141409236 0.08546305172832246 0.09521929331480578 0.07248336894228011 0.03588222092917661 0.04236490745999426 0.08256418432168552 0.08461207281488485 0.10635897433219905 0.036946844222797134 0.0825059047803518 0.08322448869394772 0.11102714717401911 0.03238070418039373 0.07455460681252779 0.02834759667566409 0.07275950381590933 0.06587406619194838 0.07108280461835406 0.10447403600222147 0.020835788504390374 0.05317861253946116 0.1050975474721094 0.08295650953573641 0.08038972550425362 0.06051636826376554
 0.05205393571121289 0.0428445439825459 0.05670144650027037 0.0575031655807086 0.07394932100378071 0.06808252298300144 0.00909626276653939 0.028979002008386903 0.03280193149509567 0.012225060332111754 0.03976943624249819 0.052821980271522795 0.035938322940023616 0.023329281539640236 0.0663526631962648 0.054474027539558934 0.047051236623520724 0.036893258458382 0.021332076024796857 0.05194915437463911 0.02096264173383085 0.054946050425054814 0.059101602481049315 0.04489845781879625 0.08757651559308646 0.051053734533858974 0.08467375464433616 10000.0 0.010447915853648574 0.059675875378678994 0.013775090904270202 0.023237819208465568 0.0705293277425654 0.07560349764473252 0.049423317929498306 0.05826324751443616 0.07067602183413683 0.049426657347948245 0.03673089771580089 0.060498025059537476 0.028910545840739224 0.0522435048966044 0.04833126056034858 0.06774998540552322 0.0522214671041587 0.027754600545588707 0.05193814277644418 0.02562556237561428 0.06401276440447451 0.002279787524346754 0.0029845336236063035 0.026651409264894867 0.056029374257458076 0.06853426560913158 0.07656391322380837 0.05837774876408061 0.061433704999357054 0.03993468677709562 0.02095445968914188 0.07332969923470667 0.05923691712000559 0.020828220572701117 0.004118586073167998 0.026751224595935697 0.06566582680060921
 0.05861545685775961 0.05323528631758451 0.06364450407449601 0.06323567691006096 0.08374198746419666 0.07812892389337103 0.016093796729765533 0.039276159410018885 0.02269489417732616 0.021489204863846464 0.04073932570765813 0.05889934266631334 0.04566669996099331 0.033746981133397136 0.07173663017870373 0.06123557320933183 0.054496928904236186 0.04156441180093247 0.03108120832648918 0.059107568948934014 0.01730921095347081 0.06356377427018804 0.06778205377655791 0.05119578555353902 0.0976051322717972 0.05667195898558058 0.09438618540612523 0.010447915853648574 10000.0 0.06552513332019118 0.024199957336468788 0.02054736182540041 0.07733764183182988 0.0859878945246121 0.05158331831371073 0.0662341418588505 0.08034306405668253 0.05678061491157937 0.03532559021519049 0.07062145947235451 0.03545863279034111 0.05793068007183393 0.05713217407079323 0.07819585448305823 0.06266866120623898 0.03501752418188598 0.052084989404674056 0.01566877923277252 0.07155849343951287 0.012267095465684415 0.01295231863099766 0.0166423274149665 0.06633500602893445 0.07740029374681212 0.0869949493757126 0.06722211951550375 0.07085089379848225 0.043063553662118476 0.015307954805270363 0.08363408409132102 0.06489054331179983 0.01373684100140918 0.013816113654720612 0.027929393857350535 0.0702170998667135
 0.00882556381854604 0.04840440300772045 0.008482193960392615 0.002383784919910944 0.04580954919183998 0.04738606736239411 0.05072072833154505 0.04600262822225908 0.08522686205138567 0.04862771007570933 0.033512204126747866 0.09696199855140754 0.03704918056285458 0.04999370043301149 0.007331598772714692 0.09564484199067752 0.08712700242800538 0.08822149658406712 0.06183762520160191 0.011809086448584999 0.0541145082348466 0.08617759119011394 0.024172251285136254 0.01488004766619496 0.059675958450124834 0.09707864994583709 0.0516999702976881 0.059675875378678994 0.06552513332019118 10000.0 0.05529745155405296 0.08290227724593073 0.013802281403622224 0.06229895695206742 0.0247367884225655 0.017003733402873495 0.04179319475534738 0.014342059151735548 0.04311942063197584 0.045532950221714004 0.07787024299342302 0.09782302607700138 0.08051493341508979 0.06526957500427914 0.05694974455183992 0.07511107010529622 0.03431585992696547 0.07125586110986148 0.014762156956173186 0.05752960425030083 0.0601221023035227 0.08026702365504688 0.04874464455123422 0.09411169593596037 0.06622322457401425 0.08691427509595125 0.08392349371375286 0.025799722807624475 0.08004089130686769 0.05741064752167078 0.0014966439823244626 0.07910109177287741 0.060611140049345695 0.04059419909381329 0.0107672584694644
