NAME :TPP_input_28_5_3
NUM_VERTICES
136
NUM_CLUSTERS
28
Full Matrix
 10000.0 0.08313588992092269 0.07041884982189066 0.03746499258079602 0.040212746256144655 0.03850647176977571 0.06865485255654487 0.018792154335509074 0.07126598384320228 0.049647176029251804 0.08314410670974426 0.07539689935536455 0.044515441253105324 0.01449985823036027 0.047457888127797186 0.035164262534940594 0.025533053876797468 0.08826829547330475 0.06501749728789795 0.036118712533262584 0.09248673743909061 0.03923857497978027 0.07452812860128284 0.07395844507448054 0.09317622990666674 0.08346817596209637 0.07304071770881033 0.003135015447069072 0.0590254124735697 0.08578667402866601 0.011287226887470282 0.07719377535200374 0.07301137347816511 0.08668931375393377 0.06690086019438185 0.0054662246324369895 0.09152206076800833 0.04246618598773098 0.012016045069332206 0.0720382320379111 0.06841764153898819 0.08231912911356062 0.07178056221052516 0.015539620657754235 0.058818204445106555 0.0725103093643588 0.05761481954803625 0.05596925833063621 0.023831808865987306 0.0789913427399224 0.04727521812683834 0.023900082087979557 0.03766006293574881 0.029297926208687066 0.04824332195183388 0.07354178606147936 0.03450041680184116 0.08827538160012201 0.0852045013164715 0.04350209521281375 0.054142374035203826 0.059340855056252806 0.07703086510345464 0.04723322071645719 0.031107274858581443 0.03437934054604064 0.07370604733288398 0.03383923462525167 0.04079820651578638 0.09020162158901306 0.10757299987582918 0.0837586112959793 0.07631740526500762 0.07995445696424532 0.07427930753999999 0.08714848686173754 0.07904523850171524 0.0621350671918283 0.04377865959428407 0.05208947928201495 0.015441886110478104 0.01751050181107433 0.0752347603237007 0.09192537248668416 0.0695977561707565 0.03138253818168363 0.025381734934102337 0.05637510250674897 0.06600966196307997 0.03206316701356891 0.08580784924134137 0.07632988454583049 0.05137307900393651 0.07508347683795082 0.05690148240060303 0.05569462938562355 0.07580616656422258 0.05529719924962801 0.026960831274941092 0.01004650683171766 0.054965867628014406 0.06516916548844409 0.10393938237860569 0.0179630795022564 0.03928095695705299 0.02808716979572485 0.08552493257872303 0.05626530504023499 0.07802400440835688 0.06323996190816718 0.014490194327995315 0.022967730924773357 0.07015929015685225 0.07977724576801846 0.004512005255240599 0.04707180810920444 0.0645314888600146 0.06564465005762157 0.08087854405096782 0.1017813860816546 0.028946771102839518 0.1076777656804477 0.07991114825849555 0.0783091027498899 0.05976896318010342 0.0763233887189885 0.0402384971351501 0.018698201755640253 0.03330702088620157 0.06168033778755476 0.06972546538981995 0.009437504501157263 0.024650947313595843 0.06946969932028552 0.059233212069757867 0.05446230320199399
 0.08313588992092269 10000.0 0.016619656739368042 0.09401325713381857 0.09433572301478958 0.09763375562571876 0.10380765019318934 0.06434651526122037 0.08956244126359919 0.04777409387603602 0.04540833681667997 0.03131577095938917 0.080317045883765 0.08221413462751302 0.0410388233787681 0.08215455409211556 0.06464900622323665 0.04649503473503152 0.036392224031897846 0.04922824080703094 0.04619741998955285 0.06074914745615421 0.08392402654967684 0.09884096008793301 0.06112919122070173 0.015978061807496183 0.1062931093840425 0.08626766752491592 0.09647918990852271 0.04576518491963026 0.08497294819133477 0.10953293700974694 0.08482170635360824 0.006410569413950795 0.07430068277272332 0.08170203842208021 0.04834388198630801 0.045908171536757074 0.09051695048274568 0.08810510062320816 0.021760156962805675 0.030652574447113185 0.02171996571438989 0.08348025160658394 0.024519304826844487 0.11067313652243004 0.028116773378671262 0.03466153205290846 0.06591576122956241 0.012756275413344842 0.0854022033853031 0.08769536492500592 0.05252228545259485 0.0548353257040357 0.10114596635938512 0.07724748734058681 0.08743930366790682 0.018793573377036674 0.0365753119353261 0.07218607264176524 0.03381059704207397 0.07325162690202279 0.022797914756059152 0.03885642136380616 0.07137951091209124 0.0492049024967021 0.0891259145228262 0.09219143665233638 0.048057066247519535 0.017181114368716416 0.06608727552867234 0.007678162425717008 0.07596997314387031 0.034312122223105604 0.08934383620529546 0.02426447652099882 0.015169976100182392 0.08412478848792561 0.04106571602003038 0.03608848318109022 0.08422527701373063 0.07171482199397813 0.09683355959889466 0.060637034620802485 0.014194936878713241 0.051831376090829835 0.07497344159153484 0.0682493277012533 0.017419554983583014 0.05352821513657788 0.04869571129092052 0.007587352797811261 0.10274440953900878 0.05100953284592596 0.027582860067579932 0.07712056397177271 0.01836576550060972 0.08202108229411163 0.05668090172330751 0.08595511421119424 0.07032622839828767 0.022547155456103092 0.05127094898947807 0.08256991482822564 0.09531796568598397 0.06459515908071663 0.10313783130634988 0.0770199271566798 0.10343963764428281 0.023583815539956608 0.08509802067079227 0.06667153096809408 0.08305469987820059 0.06115663055380166 0.08217684726509698 0.09883511132560516 0.05056432305116479 0.08871357875410764 0.09534059212633765 0.05470002777202319 0.08961847389379199 0.0736544174734279 0.05237507986686869 0.09666793713652531 0.04600224263315218 0.05080196100171016 0.0573615575478048 0.07785243087815163 0.06465203567747338 0.10158311719352264 0.07473904547957515 0.08379727366815881 0.06945431333220277 0.05351938797787182 0.07307518678422885 0.054453862256164644
 0.07041884982189066 0.016619656739368042 10000.0 0.08680339223784979 0.08761027961239097 0.09022515128288407 0.10151506760421476 0.051933436442638696 0.08959888142527404 0.044410562744684655 0.053517698109997056 0.03818579719815258 0.07561422792199367 0.0717392495183995 0.025306558547769246 0.07545177232543011 0.05545562013083053 0.05596528607617491 0.038597911167759666 0.03989940018442713 0.05689346870514272 0.05506815254085987 0.08533181429869655 0.09827440078771688 0.06981552082702641 0.02850095764697163 0.10454202933165936 0.07350193385994833 0.09318447780170486 0.054616753371395786 0.07388578197668255 0.10816005263309066 0.08579313369955514 0.022693230766661895 0.07503715663689857 0.06828401197892116 0.05845404440242397 0.03043083100917723 0.07657064689768288 0.0884792397825847 0.005443998151652611 0.04038799284744059 0.026903930242471518 0.06885741812043308 0.01660355273458325 0.10820164860362597 0.012952862432631867 0.018217240083174532 0.051099473222397745 0.023124635526860695 0.08088395612792522 0.07856941226349887 0.045188097511137726 0.04124849637716148 0.09517583121253376 0.07920468134197872 0.08026283934038404 0.032839752589869015 0.04651269391098483 0.06767008331625501 0.029439532967110077 0.07232217213181859 0.03107978515268846 0.023860466418917252 0.06408034546740517 0.03829623386701186 0.08973188070893313 0.08448618800852062 0.03256188157894755 0.020052587491330674 0.07738816070043347 0.013844094433592136 0.07870894648210118 0.04270454655492162 0.09004492909808709 0.036834978142202664 0.009139918986694634 0.08282575553822952 0.03242785210129373 0.020206412027968957 0.06961946615982643 0.057302406866321084 0.09679000709534048 0.06908352791348087 0.005925067154960189 0.03923680386968686 0.06650882855771319 0.066960941775612 0.007945345805950549 0.043862503061223634 0.057160789812832784 0.00929361325873001 0.09717925403934041 0.056076695686406185 0.013555358770729052 0.0750571144461122 0.026180493053323723 0.07946135490751338 0.04536382750514947 0.07461402554258882 0.06857221201272541 0.006083373562534752 0.06406877593538868 0.07267501776492884 0.08831286723833379 0.05612688507798435 0.10435160038157944 0.07509157051423065 0.10308479347056354 0.022119609312545176 0.07060597285808809 0.05705463508341219 0.08360731522714891 0.06644213350598462 0.0701085632168092 0.09291914908375319 0.05242608829164356 0.08766464321982413 0.09666273607970495 0.06644659227692577 0.08124644417304386 0.08382106913694531 0.058702819652767885 0.0972809044897129 0.04632747307986876 0.056257189710813116 0.05171164694529705 0.0681223818353701 0.05760121032153739 0.09819014320027152 0.07608785161677505 0.06985969713407274 0.060585754567533616 0.05671152120778024 0.072134533980322 0.05308791966208433
 0.03746499258079602 0.09401325713381857 0.08680339223784979 10000.0 0.0029642226517765788 0.003739451128049417 0.0322076031541376 0.04305591255548724 0.040236768696784206 0.04734437660197569 0.07416294372790234 0.07355532519628362 0.01844242781138825 0.02360688428346198 0.07119027837555847 0.01199143425893953 0.0321320727325022 0.0790328231960042 0.062984340907191 0.04707375028834146 0.08378444913846714 0.03347025342155585 0.046473650553228295 0.03970178344887228 0.07782226854281443 0.08773062673204686 0.03657220869791554 0.03747767767919821 0.023426028918950504 0.07673223558743794 0.02617907204269301 0.040561259919625295 0.04435667514113376 0.09516635702301499 0.04309851796183483 0.04282309654072282 0.08174287501446732 0.06764012193135756 0.04735581616626498 0.04175971247264784 0.08709178812073641 0.0801589264513936 0.07562807536863586 0.0530037149365066 0.07096505690197343 0.03527741560117884 0.07623139436597923 0.07856971429669232 0.056380525038991346 0.08520182494546835 0.016684886219858367 0.013598277009210426 0.041823138691560284 0.053862654347849724 0.010910456240799964 0.04858718566802784 0.006584558002050616 0.09141319552141666 0.08034149665103145 0.02476107968621701 0.060209341852846855 0.03626295334587236 0.07899519588677076 0.06894894587606556 0.022787651238909745 0.049826739448665266 0.043203942333776425 0.0036307769136206193 0.06687125461934114 0.10635532508215123 0.0926136575185931 0.0975554154406833 0.05223315523093249 0.07621907248369657 0.04376337710424587 0.08783017621592852 0.09591898942014285 0.03273971952392304 0.05439161337093462 0.07422055254400828 0.052885701744744155 0.052017787824743665 0.041877893743687125 0.07662738886682809 0.08352431895365052 0.05211605423293912 0.020901273835590702 0.03683614299325443 0.07992338671895274 0.04347003906881972 0.07539922282589243 0.08916150057410463 0.01398737804717831 0.06348275858890469 0.07431032156586505 0.03038496075258676 0.08014210517725733 0.026842627207993217 0.04447263126462582 0.027557844837709268 0.03427077694182721 0.08336960556285647 0.09482736403578516 0.02034574929888542 0.0018796970347168872 0.030853893491417803 0.051719908369861116 0.03098695906957102 0.04295346264973638 0.07052261897167783 0.05186145354946632 0.03130405782800621 0.04202807213336033 0.06315424741074598 0.03322025914607703 0.009607222576638636 0.05441659235106416 0.034278111269416475 0.04896937268986125 0.0906894000732689 0.008559456385094496 0.08946515292061115 0.06755984427578253 0.04549671680374919 0.05371419801812256 0.06477903965590984 0.03678699923522146 0.022600965220849225 0.029443049047861134 0.024923771934005804 0.045791222324612 0.04686653101269694 0.026957523046288515 0.05696303388511874 0.03627155139880611 0.0447723436781045
 0.040212746256144655 0.09433572301478958 0.08761027961239097 0.0029642226517765788 10000.0 0.005138122052083442 0.029248472141339656 0.04506811303313492 0.03755115383306764 0.047259515620688336 0.07305753452738228 0.07304546458566259 0.017021009380638445 0.026190003513719307 0.07269183090533247 0.012219913774770715 0.03349057431282103 0.0778629280504185 0.06259702057418066 0.04807982034478644 0.08262044201464311 0.033613575148845824 0.043995447376263125 0.03678921057266516 0.07616238129647997 0.08757738956982324 0.033616016907194256 0.04030614994128814 0.020482788917473578 0.07559702034670908 0.02893894033917742 0.037615140643593434 0.041843870173420644 0.0952914638932857 0.041057540363876426 0.045538729803382076 0.08050701741768233 0.06928231900781431 0.05024203619358273 0.03912670266932465 0.08807428426208976 0.07955606074599471 0.07555599928835333 0.055750957312267785 0.07160081671669986 0.03240522595469447 0.0773016394192558 0.07992037965515604 0.05864938730314467 0.08522444215892687 0.014573518523984719 0.0163129596901353 0.042475437339828996 0.05564755656645411 0.008577969388246835 0.04636567053194058 0.007609368013781825 0.0911420092976594 0.07951733042319961 0.023959197771049524 0.06053135871380658 0.034430447215722554 0.07873670514847626 0.0703261592965936 0.02354119654123836 0.051083309064049266 0.040542011677842334 0.006431149749303793 0.06858596275070061 0.10702101288403844 0.09089778413940762 0.09808440852359927 0.05005203995657294 0.07552587845645105 0.04109667837736135 0.08739048693639173 0.09670068900080009 0.030289255079477526 0.05518398836505388 0.07557430025229062 0.05564833806528737 0.054457289226625454 0.03901140483553121 0.07498061711519179 0.0841672061871132 0.0536824950775406 0.022400450438212774 0.035374515696149564 0.08059800231967232 0.04462741524714066 0.07416421684807965 0.08967298044966444 0.011516650494698896 0.06227254119387967 0.0753086871797627 0.02845543816256605 0.0800622269941294 0.024626739757004294 0.046023772104253284 0.030361938011250915 0.03275971484875887 0.08434435937006762 0.09355854466622411 0.022858792970554376 0.0018873705905390614 0.03197957763062623 0.04880847658369642 0.029043404086758273 0.040002507224080996 0.0707847203353246 0.054643868632416166 0.0328624888853168 0.03958468687850489 0.06151399162733602 0.03592143355892867 0.0069555926485596825 0.05347292540676148 0.03161106172654245 0.046173712175728576 0.08928788733997194 0.011266493099428562 0.08751308584236286 0.06623854594185725 0.042653343887884144 0.053145706934220036 0.06355790927089353 0.0369840743177323 0.02477414049390118 0.03004420900145648 0.021973494193335157 0.04369843645914005 0.049632030613604584 0.028384702033648603 0.055762950647774166 0.03445153826152661 0.044083191907089835
 0.03850647176977571 0.09763375562571876 0.09022515128288407 0.003739451128049417 0.005138122052083442 10000.0 0.032824205523327286 0.045514339284237995 0.042418391355946314 0.05106490125450015 0.07780342547086443 0.07729335551370504 0.02192566197982286 0.02522814552803608 0.07414018345741821 0.01571081788054722 0.03528163453800482 0.08265354246545903 0.06672361260527992 0.05041808772177181 0.08740771953469352 0.037161943982924946 0.049040058699302884 0.041115184413543074 0.08121236632959222 0.09145359911662608 0.03711007495467739 0.03821917358279219 0.02470766754386122 0.08036389202285779 0.027272682418105793 0.040948636523405475 0.04686832463859699 0.09884025054145024 0.04619265057312762 0.04393906464393206 0.08534085297051755 0.07046234564053325 0.04777232764987264 0.04405264304415561 0.09041457524685693 0.08389227449696911 0.07934165160662357 0.05398228339914027 0.07447608096707078 0.03519628569196898 0.07950569836453886 0.08164025203471846 0.05842634670367842 0.08889847169735267 0.01970758671912728 0.015100757345086263 0.04535172833441333 0.056559874563913655 0.010018872039205495 0.05149644341359666 0.010207791916882753 0.09514686965415141 0.0840484175227531 0.02845498554401673 0.06384020452856234 0.03952673576017721 0.08272854554299666 0.07200688162802674 0.026321410794028246 0.053002977487561165 0.04543416374052617 0.005898318604164444 0.06962105366559927 0.10984020962948393 0.09596916859679083 0.10110154522643938 0.05518695522699728 0.0799439350893401 0.045982488994051364 0.09156962517072031 0.09935030013440366 0.035359253048167824 0.057841851712063234 0.0772922956862032 0.05381291657337509 0.05376832925712847 0.04351316923344674 0.08002544208665785 0.08702661435731232 0.05503505829224867 0.0240152321245189 0.040324377882278474 0.08341281690141193 0.04672690856495366 0.07899663127155963 0.09271681480739628 0.01314662767813608 0.06708698312536733 0.07763090143721797 0.03357180618695674 0.08385626546274187 0.029762212170224768 0.04742305768781365 0.028475747047631093 0.03773238471561536 0.08669897503855532 0.09841440048873257 0.022173051803008714 0.0032787471042742974 0.03416633191148485 0.05311172315019617 0.03416274752123046 0.0440485037506759 0.07416677697578229 0.052722110267710794 0.03429613092692282 0.044650780057871875 0.06655420769822305 0.034434722476940634 0.009502652046389087 0.058096025727732585 0.03651105877429393 0.050846413399526454 0.09422009514194482 0.01036530363753778 0.09264135789181273 0.07112224582852687 0.04721630421387808 0.05744823772467706 0.06837963093766367 0.04046476135154372 0.024979125285140787 0.03301399893490302 0.025472472034875914 0.048836337194851774 0.04780406243658784 0.030081044398328066 0.06056929088339198 0.03954441418191719 0.04849368714871974
 0.06865485255654487 0.10380765019318934 0.10151506760421476 0.0322076031541376 0.029248472141339656 0.032824205523327286 10000.0 0.06953993554431134 0.018810194902312102 0.0571521225742393 0.07015881492430993 0.07616523908271552 0.02812542414377429 0.054208801573981724 0.09261139803726687 0.034480347446532424 0.05519399461325049 0.07386550476994519 0.06786147850862521 0.06601025049042197 0.07833052251807016 0.047821951268551474 0.02754587645864241 0.011264789883338466 0.06674452968239418 0.09306990546128778 0.004393760525933338 0.069102594766742 0.00990688437304453 0.07215839485766698 0.057564911812045816 0.008551534078488528 0.025334875168790325 0.1029527374390102 0.032339134637453415 0.0737744597323272 0.07558922473512929 0.09034070788943456 0.07924935264288682 0.021028309521780992 0.10339799407518373 0.0812652411289998 0.08255375561432515 0.08405999685156124 0.08492153916684987 0.006893603694770561 0.09377230207863908 0.09844367852904508 0.0841733706694188 0.09246391489500391 0.023317129266302604 0.045047840819709896 0.05861309291443624 0.07823588935259292 0.02337814000182106 0.033575830602134524 0.03415536231720332 0.09533181686166672 0.07901609596142592 0.034863671630834474 0.0721438207287175 0.030845721913784374 0.08379994021436274 0.0894346184384064 0.043822610127800456 0.07045977093407775 0.021363242028679588 0.035588470584492764 0.0901786406605765 0.11903048574267507 0.0798269337305928 0.10921496279028373 0.03707499915200666 0.07665156432237351 0.021653107572738424 0.09017703359757287 0.11004539870340423 0.020051051778380645 0.07093780560724215 0.0942877741232377 0.08403829880818608 0.08108288366943767 0.014743145300450964 0.06581732851330996 0.0968616332888194 0.0749495112768535 0.04636956299834876 0.03559175279584082 0.09373134294628543 0.06390260912050497 0.06976850446528313 0.10099902989197333 0.02070958325097117 0.059391826356214504 0.09131151501807146 0.02671703058930412 0.08668252134276043 0.022059717296667683 0.06768493960860264 0.05913626935019184 0.033485425676002926 0.09975355530276213 0.08744858671916803 0.050743828169069825 0.03068672002038892 0.05258989392438777 0.021811708162235263 0.02679336114663294 0.01205780837158083 0.08105729970639029 0.08314143738696649 0.055721063768542835 0.025061610289639828 0.05384008223349116 0.06420946972253831 0.023340097703760485 0.05461235648845065 0.01619405423047453 0.02261154519570537 0.08194679632449449 0.04014808221339468 0.07374013428090896 0.061674759203453375 0.01837462215982832 0.0579370485516032 0.06040216031241272 0.05084549392028015 0.05125948033266406 0.04797367524162289 0.007351916438980405 0.03348143986512907 0.07807700191953297 0.05111420409131751 0.0538932791945018 0.03100867591254401 0.04937181754876069
 0.018792154335509074 0.06434651526122037 0.051933436442638696 0.04305591255548724 0.04506811303313492 0.045514339284237995 0.06953993554431134 10000.0 0.06705777626504032 0.034643658600614566 0.06769574217325383 0.05827867540739457 0.041938734972980174 0.02175482397924492 0.03038881757142621 0.035413533704355946 0.015214228752026096 0.07269032012831789 0.04844272080402442 0.01852141106500536 0.07660072721175931 0.02831151329553093 0.06814576381688067 0.07205253682923352 0.07950515774073914 0.06505353538321208 0.07370447928091073 0.02192586467096426 0.059649202535435784 0.07024966568897918 0.022697186964188477 0.07791608471695538 0.06712098572962809 0.06792447736798403 0.05891161053964298 0.018050601527362153 0.07599365210316648 0.025916488146241715 0.02757188579190329 0.06725979993900053 0.05029178392521426 0.06504767190547414 0.05362693197579449 0.023702942560879674 0.04003826414936055 0.07474998243177523 0.039299882817279766 0.03869149080861439 0.014863136826714538 0.060419438352147865 0.046294276524830376 0.030947150290279068 0.02241552356470178 0.011768156205527864 0.053641726988151096 0.06549788518981194 0.037692866029612616 0.0699401361766274 0.0684969288062108 0.037576480454611205 0.036198519858860356 0.05196421059696289 0.05906957743793091 0.02941651120347429 0.02601202251256018 0.0158308620056899 0.06893455295252729 0.0397377231821608 0.024701752674514195 0.0718635735458686 0.09325819014398791 0.06510454427452267 0.06758053662222968 0.06313751505462781 0.06947038464036998 0.06919970195782778 0.06072126845425659 0.05784206027294693 0.025509883143701714 0.034549136031977956 0.024242321578783498 0.01406147426813399 0.07245621915943729 0.07828619135019724 0.050870870238415744 0.012707180339035595 0.023393509728466523 0.047723230326862355 0.047261824508719 0.015123410656734813 0.0707028994226616 0.05757853472541142 0.05648554652252513 0.060964453272752524 0.03837926500575816 0.050076202363098586 0.0574971585138553 0.051466281934583774 0.00879242798243392 0.02309634063871402 0.0471279870904375 0.046902869007043324 0.08785200615658023 0.023907648066963307 0.04490553935598376 0.01828116343949204 0.08251968604598015 0.05053062381514759 0.07666475044440585 0.04478687445302822 0.024464108481256228 0.013995107393292072 0.06421640990174385 0.06731096600331017 0.018181779287541347 0.051837315587363576 0.05069210203744145 0.06220551540526202 0.07658231716481877 0.08633809142175773 0.03519031964798183 0.09460075760707724 0.06577166370509396 0.07487779688730613 0.04489885231383195 0.0621044716990515 0.027814584030578224 0.020535216310986527 0.02409815244947012 0.06350472417395232 0.061504699297494234 0.021269729812726193 0.018467898980074754 0.05611051091136587 0.05181373615702598 0.041676709105479354
 0.07126598384320228 0.08956244126359919 0.08959888142527404 0.040236768696784206 0.03755115383306764 0.042418391355946314 0.018810194902312102 0.06705777626504032 10000.0 0.04579671870435541 0.052418072267557354 0.060161550208670186 0.026752191042826855 0.05709467187631497 0.08493677151714218 0.03644671710736917 0.05185073821257831 0.05578083269657964 0.05317024900171974 0.05865433239183497 0.06011150681265666 0.04059973927135367 0.008744517082502864 0.009635718711313484 0.047977712557294216 0.07742383114468888 0.019030921955316773 0.07250975307411195 0.019297575841314158 0.0542350069684657 0.061233750105068895 0.02107221128556562 0.006529557934744118 0.08793216631680403 0.01538021458102933 0.07572439452434382 0.05729279908495203 0.08364260274562406 0.0829248483662844 0.002222799754203806 0.09224340522209859 0.06458198141882823 0.06788945110452911 0.08572693326038215 0.07334054664988411 0.0249298163839488 0.08367848188079847 0.08952534454480811 0.08188195092229603 0.07755137269112193 0.024731965793737775 0.05004319305258555 0.05087839484864987 0.07345066779248657 0.035519200988796684 0.014971107832054874 0.03897997080142522 0.07914016903679942 0.061702663625603726 0.0294813173723054 0.060358156193473025 0.017523811339638533 0.06827103285494153 0.0813136092165925 0.04154911054603855 0.06372468421053619 0.003071520659784781 0.042667638870780754 0.08391689919984248 0.10564617821486742 0.06103632316548513 0.0956189004895761 0.018325171091969145 0.059915617380531645 0.0035874739959067354 0.07361915218173191 0.09756922488784797 0.009272261603747634 0.061707921754073046 0.08566897290182829 0.085874947730732 0.08024399670240004 0.00727390700647774 0.04707226047242418 0.08443627587187998 0.06929847469746205 0.046239979619220474 0.02295681214669125 0.08166096212097848 0.05770142920234953 0.051679920456318945 0.0877252057366065 0.03399145841704256 0.04203547263014674 0.08102841237343132 0.01712003147494898 0.0716965892675563 0.016012302908614523 0.06292039372029627 0.0630318549019415 0.02195895116976473 0.08877346424290564 0.06885458011127588 0.053787391224874435 0.0393990205122594 0.048817936224852296 0.01577406397951072 0.01674255599155318 0.013918345983904729 0.06802559947794884 0.08524607879136137 0.05321592741068703 0.006828289299611084 0.03546407888856204 0.06677840937073137 0.034325069136875656 0.03909292230859254 0.005973101535407701 0.009649598037206662 0.0632575786458298 0.04600957240441787 0.055171487884335166 0.04375722393142289 0.008097098743152157 0.04379779044834076 0.04291743432637585 0.04282113863404658 0.052605801460726416 0.043162494883266324 0.022180003902759572 0.0156516003487985 0.08025809939864213 0.049178404744615746 0.037203395358123656 0.017713348908309938 0.03654170756849111
 0.049647176029251804 0.04777409387603602 0.044410562744684655 0.04734437660197569 0.047259515620688336 0.05106490125450015 0.0571521225742393 0.034643658600614566 0.04579671870435541 10000.0 0.03351357671881251 0.02735589148056741 0.03254843705792166 0.04196581784454706 0.040574651117415504 0.03535454845508129 0.024438767470924855 0.03862619109584413 0.016468090779642758 0.017683636706077047 0.04285147904268068 0.014106852343179608 0.04282251605770422 0.05408112886090925 0.04490761020291087 0.040390101547344064 0.06013203133747865 0.0524334313234646 0.04911516879552924 0.036146724335411225 0.04598842198680606 0.0637599123206209 0.042821129268204236 0.0481738048244052 0.03230737465117891 0.05121971982731166 0.04188890746728174 0.04046731617766917 0.060782555477845564 0.04492751078304507 0.046621555669352 0.03431338485798208 0.028299955263259357 0.058299622298669536 0.027865601437779403 0.06388795769716703 0.03789948888822172 0.044100860430166325 0.04652219564467423 0.03799133108989524 0.03763137689638528 0.04394078097147005 0.012289736239849084 0.03450897727475593 0.05357587367049649 0.03771517440439833 0.040924378650978754 0.04418098559764516 0.03613979954958867 0.024418843597202932 0.014993456516265085 0.02829177004193873 0.03177599045442066 0.03665233236574815 0.025933760002174688 0.022797611580063392 0.04632715119109401 0.04608945890814257 0.04130992643080171 0.06208823163310997 0.05863542645952275 0.052467345140361464 0.038416548127259975 0.031154348359636045 0.046708400405716326 0.041054464154620905 0.052894255997407484 0.03850982548964198 0.01692362033938715 0.04048721018810207 0.05880773292770212 0.04827103554141346 0.05284032233759619 0.04369893573367013 0.03971647480379676 0.029404207110443996 0.03115786835178808 0.022860080021153684 0.036587521349768566 0.019735849757019728 0.036291543091319746 0.04412132321277224 0.05504404243423544 0.02634014569592915 0.03523587138379689 0.030649846541139784 0.03280988834962365 0.0350931297289971 0.026507840208780213 0.04755620290994462 0.024248834553802525 0.04308035082896877 0.05432722309089266 0.040873424175369426 0.04844075206565016 0.022555868795597036 0.061120672272684085 0.030695054796728176 0.0589370532422694 0.024320561588974197 0.05891750164403643 0.02705404810077836 0.04032864013081813 0.03346271935465852 0.04659296275163013 0.051259934301027044 0.01628326123093886 0.04338624451598293 0.05369026568184837 0.05217730380041639 0.04449994695956398 0.06011020579424717 0.03113456730375061 0.053726001235910585 0.010280756936381266 0.0274657891914229 0.01115471117106723 0.03636937404973668 0.019613943640186732 0.05418660721915739 0.03401823808308824 0.055172437090389534 0.02731886337267943 0.021883373553183778 0.028102113664072982 0.0098558023484646
 0.08314410670974426 0.04540833681667997 0.053517698109997056 0.07416294372790234 0.07305753452738228 0.07780342547086443 0.07015881492430993 0.06769574217325383 0.052418072267557354 0.03351357671881251 10000.0 0.015348019230026155 0.0560788297377199 0.0745799249707282 0.06419994972086421 0.06305695069789094 0.05777742100589325 0.005158995684913318 0.020174928481109522 0.04955476388247963 0.009738729577414295 0.045358446050179003 0.044699789835435044 0.06201609868565856 0.016299375446616738 0.029922935724033956 0.07126663685428712 0.08589840071442278 0.0659275193907889 0.0026811172773770226 0.07882377946815194 0.07348627415807198 0.046336703388583554 0.041364868546443875 0.03782102852534321 0.08469300853927354 0.008378013076046976 0.0663486533603567 0.0942775950151483 0.050438879330299634 0.05827052793830888 0.014947400662544321 0.026623899417463688 0.0913892421101425 0.04275957647189441 0.07683149244062501 0.05526530664568211 0.06359849932749982 0.07802079118451603 0.032796952603423364 0.05964167452564421 0.0746700075455827 0.04569897113154817 0.06523219782653594 0.07682071242527727 0.037754943746976424 0.06863150508582225 0.02958713613356112 0.00995996999379382 0.04948946931574054 0.03500498448032747 0.0409128230050288 0.0229918798614292 0.06017193300410738 0.0567536253534253 0.053818325293495485 0.05089857344233623 0.07407638509820093 0.06789591551141207 0.06257059597299501 0.026479517099657318 0.052896057901927356 0.03517372189711671 0.011141588618849754 0.05091200962090938 0.023353546367861567 0.05829477339478761 0.050593120231771795 0.04486298956985151 0.06167843322871646 0.09193721554441056 0.08078860839182439 0.05915418044629015 0.015580249169030178 0.04760453722423309 0.06014171794491101 0.06276933318871708 0.038142326508822405 0.04676679897172409 0.05257389517066911 0.003719948125709987 0.0472207948806142 0.07714058271270664 0.011048204072922356 0.05269015477128149 0.046724124099374306 0.027897744355076828 0.05187579997737824 0.05915309720795721 0.08048836214020015 0.040819149252238 0.056094130953102096 0.02118632353948878 0.07298732801454846 0.07467890781898677 0.055604756125023275 0.0627960579164293 0.046307869130445066 0.06584049034469375 0.03376164801440503 0.09213876610411588 0.06039117848596522 0.045619936922963664 0.017829719548661877 0.0799889428568926 0.07466850122532671 0.02000866383503772 0.053968126546578926 0.05529512386324652 0.01867792816818012 0.07393304615539452 0.030870407590441618 0.008743099984997131 0.05777206078494433 0.023404499199804984 0.00988389798225118 0.0434419611474862 0.06880602096647487 0.05155100504691183 0.07067350789996665 0.03684904293326755 0.08856996131779736 0.060037491218462455 0.017395040920310804 0.0408053176564162 0.03038360804988181
 0.07539689935536455 0.03131577095938917 0.03818579719815258 0.07355532519628362 0.07304546458566259 0.07729335551370504 0.07616523908271552 0.05827867540739457 0.060161550208670186 0.02735589148056741 0.015348019230026155 10000.0 0.05683598969405659 0.06911631627421645 0.05009530043009335 0.06171811068675117 0.0511708880834007 0.0183535790595303 0.01088832697474338 0.0397626698165595 0.02052284167435098 0.04125498642701048 0.05367604338554805 0.06971565370509733 0.03164531386445797 0.017328481638415442 0.07805300732172613 0.07836007090329973 0.07019582097011322 0.016663785500023474 0.07298826253488705 0.08087890132332792 0.054839658002994875 0.028331583818593367 0.04479325272270005 0.07607445107079346 0.021270236776615513 0.052775729612259306 0.0857040015437348 0.05847802433484736 0.04292332149543452 0.0069988602771514285 0.011282524202746155 0.08155181938631845 0.028016056467003544 0.08304228210197924 0.04032963548334717 0.04874493640170751 0.0666750868149169 0.01857146662880814 0.06129036708444659 0.07125005100664529 0.03802952083366575 0.05375225182979146 0.07829245810086814 0.04680190546854322 0.06738548701077622 0.019168422962885536 0.01064676531520752 0.049154560646042345 0.022718802627045228 0.04538586043898686 0.008559802412033144 0.04618180172139745 0.05315750777040522 0.043114269859310266 0.05930677139382104 0.07271963925306194 0.05449325390948099 0.04843411526287462 0.040590258219771184 0.03849779208172205 0.04514457879558933 0.005367172665929081 0.059453457514718706 0.014440779039415718 0.043275879192561525 0.05611482524045036 0.033463849482810636 0.047144236528968674 0.08216869261078256 0.07031522976404818 0.06733534063327838 0.030898608377862187 0.03226759125244863 0.04889456171427334 0.05851139607348935 0.04113813873724958 0.03144196072352675 0.04348608145137122 0.019023822017891545 0.03221735683254848 0.07921557242704767 0.019748600172153585 0.037845585275320746 0.05031492604401046 0.01307931892758585 0.05552547790594794 0.04949084243956592 0.07447224212761161 0.04361815112173631 0.04078657317454353 0.03057634952039689 0.06817940490564803 0.07443195822128615 0.04965015123826951 0.07272789320859809 0.05006001333114833 0.07405649375317769 0.018944097721546514 0.08256224313420564 0.05373647113410365 0.053418350535923566 0.029841074547822345 0.0728434301287685 0.07601308595695014 0.021563170510721583 0.060286751813624 0.06496270395491094 0.03076771564368095 0.07155695835641825 0.04600921371729189 0.02116847388186668 0.0667053430146654 0.019915655080830482 0.019491368615812087 0.03848788382142006 0.06361895475173321 0.0469616457228307 0.07522963203414848 0.04474820072227062 0.07954228357585971 0.05453468099304655 0.023057901389267194 0.04523204892309483 0.02909621948043583
 0.044515441253105324 0.080317045883765 0.07561422792199367 0.01844242781138825 0.017021009380638445 0.02192566197982286 0.02812542414377429 0.041938734972980174 0.026752191042826855 0.03254843705792166 0.0560788297377199 0.05683598969405659 10000.0 0.030381415990044607 0.0646774375106369 0.010073441916844814 0.02720005522830267 0.06085672941294752 0.046730322358852334 0.03823308310649881 0.06561495319423044 0.02062095946834579 0.030754814243762283 0.030266044664975074 0.05939738431715702 0.07212807707739088 0.032079796349897986 0.045778270294667266 0.018528401645983173 0.05860367556471783 0.03459621802568431 0.03624351646088897 0.028979708853180453 0.08060547913771772 0.02537151694698143 0.04902771855665362 0.06348750486110963 0.06225799371585608 0.056189324345824215 0.02759149288095099 0.07689641404636177 0.06314534336868781 0.060418247156486075 0.059103899520292054 0.05910338957333489 0.03405037561843925 0.06675046441825912 0.07083529442810763 0.05675367746266972 0.07029061043638556 0.005285617936586078 0.024158145657749562 0.031155296258112933 0.050149283239722314 0.02146514274600701 0.031407078229724515 0.014174604090372623 0.07537734952444226 0.06277671934597656 0.008130989422794539 0.04696954683944514 0.01811975820538347 0.06306695196381297 0.0616337317704992 0.01593938271545463 0.04247157545200344 0.029244609002638654 0.019228617874164352 0.06206310403796084 0.09421640756182657 0.07421038235815088 0.08480397763726326 0.03483926811106232 0.0589773141584411 0.029820794941843976 0.07126487006073923 0.08448400363761532 0.017687842905627867 0.04387287757345287 0.06660630309114472 0.05922541239287463 0.05434913684617919 0.031049032238424645 0.05819824800630306 0.07149898362363298 0.04682626119568733 0.01970279748254913 0.018401942392424854 0.06811600184715275 0.035871413812482225 0.057145225136571304 0.07640313999880347 0.022603534532714725 0.04525958599736092 0.06443406511626718 0.01263389195827956 0.06486473812110014 0.01084766688550929 0.039573665854246216 0.036417599942677334 0.015828352909729188 0.07318601064607128 0.07653762234806907 0.027125068502251916 0.018713683376637258 0.024504282595058668 0.04131393624571091 0.013257551467771009 0.03477700210738205 0.05680427390152328 0.05855866968054433 0.027962091165155946 0.026252376113815857 0.04472682497434208 0.04002630552336597 0.019178748845289372 0.03665352032473487 0.021169849143935635 0.03636479859792423 0.07229611317478647 0.02099363889635549 0.07131627388947258 0.04922081256947872 0.03391328634294217 0.03695351260352657 0.04654238007264454 0.02392418544114958 0.025875302899878584 0.019894282036214298 0.02315100490794243 0.02818428986124315 0.05354956279035086 0.023500187641618386 0.038754893005817484 0.01810436857893187 0.027740884770958353
 0.01449985823036027 0.08221413462751302 0.0717392495183995 0.02360688428346198 0.026190003513719307 0.02522814552803608 0.054208801573981724 0.02175482397924492 0.05709467187631497 0.04196581784454706 0.0745799249707282 0.06911631627421645 0.030381415990044607 10000.0 0.05195946796602473 0.02076530106005579 0.01820347965792843 0.07973689866194178 0.0582964906790111 0.03300934793613306 0.08421723571717715 0.029254116947881117 0.06083720650028738 0.0594943917554208 0.08283446417033513 0.07976830017094223 0.05858880267332772 0.015423855729573189 0.04454090892952741 0.07726031160651585 0.004507856363050164 0.06275524165381012 0.05920116546427845 0.08480414438010053 0.05387456605549351 0.01956992090375652 0.08287909455535232 0.047640127283194666 0.025839879259822948 0.05797288579184514 0.07080955016669636 0.0761129493393455 0.06759346026238458 0.0298543174481236 0.057774175084177364 0.0582345416212018 0.059687765144799676 0.06009035939650689 0.033375564126399894 0.07597964796836604 0.03285432286806948 0.010130926808953812 0.03145588622067736 0.03346421746759863 0.034513182563653544 0.06041875082852341 0.02006415252761314 0.08423311607335558 0.0780943311997919 0.03043003862451774 0.05014348320260807 0.04624764767738671 0.07225089004655662 0.050594787378340327 0.01879524924640863 0.03348756451171118 0.05962530886948327 0.019994878005352604 0.04645654003807568 0.09178945424514198 0.09755932792222705 0.0841540677576142 0.0634260772059805 0.07311337441218625 0.06020170717248907 0.08212491258562753 0.08078300892364183 0.04806786344550174 0.041191426320556036 0.05584478587765389 0.02983009047618102 0.028540258679981795 0.06083807830001071 0.08157849826617189 0.06973435884963819 0.03329385956436057 0.012530282252627728 0.043916474999427565 0.06603893306886069 0.02869280588801819 0.07684181321313961 0.07613099619915076 0.037592717636565166 0.06546772137217571 0.05833848078639832 0.04208150576567174 0.07193858261515601 0.04122420409478987 0.02642075346680189 0.006355181897443546 0.042191084958192134 0.06724695190618009 0.09572953482185212 0.0034678561077679275 0.025473214116784878 0.01946668448308106 0.07111957437121737 0.042675067952685046 0.06353073361045691 0.06018682027954554 0.028953010637149047 0.015825734861579475 0.05639635986777687 0.0688083679960691 0.01001420397490764 0.03313331599893604 0.055011621289856656 0.051384991499592914 0.0666617169405112 0.0928914150073934 0.015069444878779096 0.09671495902394735 0.0701951993397239 0.063975943724318 0.05136744304660367 0.06676072827550746 0.031219906033275995 0.005819255213313411 0.02304205905262118 0.047299702358594806 0.05673656054517386 0.02388342761741765 0.014655009682160037 0.05940018192959413 0.04615939168945306 0.04456870789120127
