NAME :TPP_input_21_5_5
NUM_VERTICES
101
NUM_CLUSTERS
21
Full Matrix
 10000.0 0.08135134224136621 0.013814321606615412 0.007256538397164552 0.05910866570800164 0.06349256962593632 0.06796763997926927 0.10094351713847324 0.05557455610666228 0.04494181865651175 0.06874792371507377 0.044327401397049014 0.07703482890305684 0.0940719873271514 0.10064765012236498 0.04911914858779223 0.09449670008547978 0.05679177237738501 0.0904587408572498 0.08522279013615422 0.11130168397554133 0.04755063476822574 0.09978332194298313 0.06669269588747735 0.055739686111230875 0.12144356922293639 0.04489232905507439 0.11620894031809556 0.05027080765722258 0.030444351639935145 0.08443990211117358 0.01259602014065772 0.044512881106116564 0.02902884400241644 0.03112149560815102 0.10794527921345501 0.08425855476469454 0.11664882942080497 0.06593579779683925 0.024607387898278744 0.07970016554249018 0.09075169760712601 0.09226028581166681 0.10191813408631228 0.004994221210535469 0.0431683852871106 0.021991277347170168 0.09217667697963794 0.0643169739795307 0.03782310623945842 0.04141063063430552 0.08898920145555649 0.08917704625391358 0.056690606671309554 0.08597480617962523 0.08588596706962552 0.02374171950720225 0.06905868037865841 0.05899534899929513 0.03917004544945832 0.04649562674663791 0.08366845564167565 0.09025336418330596 0.06775841620987641 0.0115661170951232 0.021114349848029047 0.09099205917135329 0.0899670616129595 0.11468152775073068 0.07486257389790649 0.08133846575496878 0.05072249938482535 0.05331563798894836 0.0478694369593057 0.08238819396935486 0.09377400851028499 0.02566563216781325 0.08381981312220886 0.06496074190776138 0.06468158628427838 0.0948224425743234 0.0063376717884008685 0.050556697363436744 0.033385131910175524 0.1060070590415381 0.061622657385026064 0.08876764496488228 0.03770262392911714 0.049789732528864664 0.08982873649130702 0.07326962225121758 0.07391582228612675 0.03468671755310938 0.06651962965069745 0.07822145116066982 0.07206068047879113 0.05277039332827689 0.08428234477986642 0.05473926753673922 0.08860034008129923 0.025035447925048488
 0.08135134224136621 10000.0 0.06766053888770844 0.08251271363806117 0.02979892097172508 0.053563302258160965 0.024980585172572053 0.07252786739807514 0.08583780719943258 0.07287424620325128 0.012938543970602137 0.0702841008843808 0.009159097138301042 0.10299964002945582 0.08378312660921935 0.03950396689483066 0.059840107730645346 0.08538234377932323 0.016546919908534085 0.02275888992591334 0.06855850834764399 0.036142222507768884 0.030700411112292655 0.016126746253335756 0.028320792930927003 0.06920730181722429 0.03905155953557246 0.05868788431142985 0.03126821709346959 0.05245215127729705 0.033384627843426086 0.07406158553193933 0.07254227273623541 0.07712500262770254 0.05408743097663901 0.03359207277583635 0.04812423079252312 0.04748297863253313 0.07522482837173469 0.0568336215986424 0.011424497777965597 0.009421686210165045 0.01382108406415586 0.056032223658443334 0.08205586180165307 0.05511727898740338 0.059369334931659544 0.04357774421765903 0.01940528309682488 0.044288991419106756 0.04771697328345202 0.011562693563775801 0.027051664605334078 0.06708911380188685 0.09696549969326253 0.07090719575021143 0.05980286586016128 0.014947474806164561 0.024628770841181178 0.04540714238114372 0.04458173600744999 0.09992318725660727 0.010421589852870108 0.020628032346452496 0.07941314726382144 0.07879686694012762 0.02847799794059649 0.06997770229539726 0.05376656191420874 0.007872232996984882 0.004406704754998712 0.06914070385722737 0.08294605836072363 0.033975412812562174 0.024775127774349637 0.07595324755326817 0.05663592937979964 0.028820180283201036 0.01684673413454258 0.08668673009115647 0.04074765335223401 0.08032730460389699 0.06615047830584793 0.059663015321951895 0.07547368545067368 0.01973332114416674 0.04498770872892442 0.04399229225577902 0.031671449349890614 0.009244874852001502 0.08828768015426111 0.016176532116222157 0.04770851346912746 0.06934497216034734 0.015430367822942916 0.011113864611350383 0.033077955129629785 0.04965929568589397 0.032581463300353 0.02632714837666551 0.05662765897133722
 0.013814321606615412 0.06766053888770844 10000.0 0.017056413015405714 0.046757143734641037 0.05523757244335694 0.05438166349886326 0.09314204845753343 0.05536869042042407 0.04224154360920364 0.055157004882594625 0.04086952060512718 0.0636398946124842 0.09231107880796668 0.09462158029742394 0.035857472246624895 0.08545707019395639 0.056296388385264386 0.0772911227099768 0.07158894648733427 0.10196604706631898 0.03380513961344317 0.08719692686137756 0.05288656947841335 0.041955993407505394 0.11120938539420572 0.0322917791800155 0.10520583837633055 0.03650110298097293 0.0168507338225032 0.07282229746769354 0.012832635853039428 0.04174423152464746 0.02951328700075632 0.018245006945377736 0.0950409414245853 0.07433630197612372 0.1043793021298067 0.061939851021793356 0.011364618294430456 0.0658887132633342 0.07704418712882966 0.07883648061308784 0.09180957280910054 0.01573730825813194 0.035050334434955616 0.008567139372794328 0.08127975940677813 0.0510490745777846 0.024781659839120326 0.030756511715491597 0.07517811883669559 0.07681763234237847 0.05159129396027135 0.0841357310284412 0.07922982187681529 0.01324701266419704 0.05524497640814425 0.04518776201618578 0.027154171771894456 0.035730220734039836 0.08276370421676493 0.07671753767429058 0.05401027493274807 0.016950546997622676 0.023691841436636402 0.07747258761866595 0.08279451976840613 0.10325729485987116 0.061083852026155204 0.06778116984939492 0.04652271962378749 0.052626597539658614 0.03449711698387321 0.06884609431932201 0.08719763802252557 0.013531198331682807 0.07178742294411379 0.05141535509555405 0.0634590756274483 0.08346995375630137 0.014737794159101352 0.0455646806505078 0.02595967980395421 0.09814092470261976 0.047953819754572434 0.07822076755628601 0.024413279051081704 0.03603736868087072 0.07623613429019976 0.07129750701571005 0.06089324980767878 0.020921035974501557 0.06121866850103792 0.06521041163609019 0.05826163935924743 0.039120638081034526 0.07455930128699853 0.041162192540785514 0.07504201209802573 0.01122254850811064
 0.007256538397164552 0.08251271363806117 0.017056413015405714 10000.0 0.058320441842894775 0.05968933837572423 0.07111769473281333 0.09657988757827471 0.0489050294822495 0.0391174394552349 0.06968794464131632 0.038781833163446744 0.07748244211558473 0.08756079650714665 0.09548185783379189 0.05286432751758581 0.09083805910114165 0.050177515699044446 0.09042795660365761 0.08821795241323176 0.10773041485381123 0.050326472079122504 0.09891237810422931 0.06856090475739066 0.05827523506865841 0.11841008229363698 0.04464407461831793 0.11376100942760786 0.051995158896555926 0.033762416394666 0.08267949152297144 0.009153299800511619 0.038720965220674 0.022686315087345428 0.03528359659310396 0.10744486612101468 0.08121805618712065 0.1153500502800001 0.06024447267015553 0.025969768218500333 0.08184855231421913 0.09193326755592306 0.09268153586679893 0.09888597258692676 0.002262572088659384 0.0397440235090701 0.02378256885317063 0.08976915885500229 0.06464036811083668 0.03829403388725103 0.03960881248871099 0.09084175734355288 0.08810714071463491 0.05152744169109163 0.07951189085488593 0.08107284585606729 0.02304264095894625 0.07106765580240243 0.06130506966546814 0.03852323208366819 0.04461029727268689 0.07699748392806545 0.0909313211742108 0.07042017514521842 0.005393056271137481 0.014580600673053645 0.09424551411260085 0.08536241747220807 0.11258527979012178 0.07645347668897433 0.08211296610846551 0.04531377162049218 0.04677976347819546 0.048590770319687476 0.08560631875535248 0.08887637280427897 0.0258958182774695 0.08244965725697571 0.06581929501316201 0.05817964238910517 0.09276357460215587 0.0023340389504066484 0.04546014780226334 0.030042653392125713 0.10165092395064344 0.06284034806343093 0.0861228365731322 0.038520725895925964 0.051435016288799346 0.0906524344331306 0.06690301610216146 0.07377390107185602 0.03750338078771859 0.061307212466264846 0.07802968395844159 0.07382153984669906 0.055816872152285375 0.08111268652287769 0.05794853985023913 0.09177362781513175 0.027726740409245103
 0.05910866570800164 0.02979892097172508 0.046757143734641037 0.058320441842894775 10000.0 0.026564599153145876 0.03681897186511359 0.056873719857700115 0.05618308961231587 0.04308079637712322 0.018472243316405727 0.04049607931848613 0.02182930862961977 0.07728335844436303 0.0643070353880544 0.03584396047637428 0.04581435173370083 0.05580007114511735 0.032668732911271446 0.04696234396972159 0.06024260768959554 0.028340728655843316 0.04068806947192577 0.02479618786412256 0.0267588070267505 0.06692506072298214 0.01449490345032635 0.059531844787368386 0.020474499296323924 0.036560624224114144 0.026641166478373828 0.04924631870152255 0.04275366013018159 0.04860435716210086 0.04026117908677459 0.04913330676099855 0.032900743932784984 0.05763854523005704 0.04717899040755226 0.03546399326206872 0.03566206280202547 0.03824437468265522 0.03596062432942479 0.04845752142296757 0.05844271754451989 0.025516660576500948 0.03829517565192089 0.0363689873118911 0.011057700661775045 0.022282106080014522 0.01952241116329624 0.04097454494490393 0.03009756943014246 0.038009729499406154 0.07041722636820871 0.049168751674880884 0.03549441183845704 0.02729384498866237 0.025558265356525948 0.019946883472608035 0.01540573691503219 0.07255364584451322 0.03515463658643696 0.0322696552597749 0.05423323819693131 0.0515716911484119 0.05379076524963737 0.050146715617998945 0.0569869769396207 0.02769321409034286 0.027449859089216492 0.03947998179676302 0.0532440825340384 0.015263733884659857 0.04680915853630968 0.05600092895563904 0.03352558854636844 0.025100210684879613 0.015570667587470374 0.05771384763239802 0.03753610269959357 0.05641667522327526 0.036498210136027456 0.031389366932671275 0.061174161935010546 0.017084072023930554 0.034405605195168144 0.02316488376087799 0.020033181126015518 0.03546519821171339 0.060383288388664635 0.016252833145844876 0.03238300952416559 0.04189130991937967 0.020223701608495858 0.027091113338616173 0.030554587354766922 0.033805215587729316 0.032260086122014836 0.0511695669673648 0.03763567468195262
 0.06349256962593632 0.053563302258160965 0.05523757244335694 0.05968933837572423 0.026564599153145876 10000.0 0.06329620603759886 0.03790527731787231 0.03550573661785918 0.027425783548219004 0.04430612319829965 0.025669496071294207 0.04450514666843238 0.05072272510033044 0.04098118733821539 0.05925468325889892 0.031152287447425923 0.03458726311894117 0.049617838437590246 0.07307126728412157 0.0480565593810163 0.05151658305558324 0.05048689958764143 0.051335822260022694 0.052208316731689235 0.05928456957325826 0.031714957208146675 0.056206212406725894 0.044520465215955964 0.05273505821479362 0.031041399355811655 0.05112519491934996 0.027402672342611435 0.041080986362159 0.05723348010834512 0.06036842637858413 0.022815291566758645 0.06277356542280317 0.021735973036799434 0.04629120340681819 0.06138852691667205 0.060365250987776044 0.054844409552476374 0.039982035276366686 0.06078347748748399 0.02040178340975432 0.04864970872875746 0.0334549057131572 0.03712953262770882 0.0376763737169357 0.025887338239263032 0.06512575854970305 0.04013368058439969 0.01571109782986574 0.04396979411774556 0.025182810965882756 0.04199642883705672 0.053774756796023324 0.051627363525906377 0.03196897485449226 0.022147205192438377 0.04647461489030944 0.055551602655244274 0.05882323218501393 0.05444753608381283 0.047605113627184635 0.07980697834767202 0.02793225854293369 0.056373107630320184 0.05333570281936366 0.050116060612520975 0.020741631430444926 0.033238150950024116 0.03734780373388499 0.07319060400709558 0.032954471356909994 0.042620447648267626 0.03357929661238417 0.041914363207744484 0.033908694419298446 0.03793444734483995 0.05858116488936911 0.01834256379320657 0.030126451680029788 0.04290525018296918 0.043636784591533764 0.02900016718771011 0.03940796280265421 0.043872418175962935 0.05651328171228775 0.03472583143369443 0.037522321862356885 0.05014026777383468 0.01578735351060106 0.039635619515005924 0.05322879217539169 0.05516698242191646 0.022290347311622057 0.05723178765637236 0.07724046221705244 0.05058480829542553
 0.06796763997926927 0.024980585172572053 0.05438166349886326 0.07111769473281333 0.03681897186511359 0.06329620603759886 10000.0 0.09104731053375202 0.0887812545697837 0.0741550995247596 0.022047473649483028 0.07157838421611132 0.02924893735348234 0.11392158444622846 0.10019460991982958 0.01938877356279801 0.07885420217407975 0.08877447264633272 0.04132616834997306 0.017290170111747025 0.09022779400473517 0.02089876306555454 0.05540300612733654 0.013057792355137786 0.013825821010904545 0.09272695770906703 0.036455735320626 0.0827030351754636 0.022246012542643686 0.0375480894085975 0.053717937806746885 0.06415504763250758 0.07370924906946709 0.07279537228497115 0.03723487368908885 0.05850836906534407 0.06604750056688284 0.07244931950828008 0.08306044176201123 0.04571438960754786 0.015810235476643914 0.03146755121767785 0.038690952092028254 0.07760172007072991 0.07004503517360293 0.056207012332800996 0.047495221972660276 0.06467095095004625 0.027370797041430788 0.03716541733311589 0.04659540694053644 0.025355591458336244 0.04998068008558033 0.07296977629246978 0.1068422184551786 0.08555879072988684 0.05116252297953802 0.011758923429996843 0.012402141832888867 0.04135612366849356 0.04600224337866858 0.10855367264045697 0.035093293959645125 0.005109981216945305 0.06946353676445094 0.07183638505231657 0.023130257524634424 0.08596952481387 0.07811849499493546 0.017599648598884368 0.02841326395199673 0.07274772985925379 0.08564933943051413 0.02934596700616061 0.014489737640241718 0.09195010994430004 0.04728085713870139 0.049663119245664855 0.022566014695806127 0.09226479422397188 0.06302347369753757 0.06878837780732236 0.06996808803157416 0.05660203259659804 0.09474532248025869 0.019789545366448343 0.0648439491570294 0.035898808600619975 0.02301353366729321 0.03358530048826387 0.09615033190798145 0.033549631450216576 0.03361568428319419 0.07823666549747463 0.03576286034062327 0.014890965499842588 0.015301582957925672 0.06734478416183247 0.013228930731142893 0.02066381890607869 0.04339295508078092
 0.10094351713847324 0.07252786739807514 0.09314204845753343 0.09657988757827471 0.056873719857700115 0.03790527731787231 0.09104731053375202 10000.0 0.05942244498918761 0.0596769531704746 0.06912982180516739 0.05902560393534991 0.06418086521498967 0.044650386110219986 0.014466070239222764 0.09268837022623862 0.012716028830987425 0.057893849466020345 0.06011812326341851 0.09518329266182293 0.017319591756423322 0.08509503656166623 0.051393711339951416 0.07799530338432929 0.08332274720606947 0.031432112087944414 0.06724123330301868 0.035844746867324834 0.07731250480214236 0.08963971404751102 0.03917580073728087 0.08841636865478955 0.059900720779705104 0.07592614869598945 0.09400639278802082 0.059275079548403165 0.02501261642338518 0.05226935270323775 0.04099700501077388 0.08401973035535328 0.08332241124429189 0.07510142431218221 0.0661264195075655 0.02133796991745792 0.09788082934544569 0.05820537518375147 0.08645424469114979 0.030009681305653704 0.0639388574582581 0.0742412386567177 0.06336737795110757 0.08273258022730495 0.04713763341736719 0.045945248115436065 0.043676773849729754 0.0169263501366698 0.07990170549606443 0.0796388109546566 0.08154140229521159 0.06895364146709279 0.05905028003365344 0.04943681986502583 0.06878196962912221 0.08599256684758612 0.09122243512500111 0.08338885874161472 0.10098867357407705 0.011777286154594127 0.03997747141067057 0.0761487940564073 0.06815139162386594 0.052534866632424765 0.058934138900751526 0.07127840716790232 0.096708763864967 0.011740003280496491 0.08044017279798096 0.04377553464522042 0.06857545817983567 0.051810055270396095 0.03457876286728728 0.09570118391629168 0.05161644728808039 0.0677893462165373 0.0050710570545222725 0.07201866547408077 0.02763137238191251 0.07582903915740669 0.07683255061592728 0.0704540026598249 0.04532116295412977 0.05817023736699919 0.08649573284383066 0.03700472627728811 0.057330713075360605 0.07752203378529338 0.08738150059505573 0.02370509649004872 0.08897148365422206 0.09885206914365258 0.08811932995217941
 0.05557455610666228 0.08583780719943258 0.05536869042042407 0.0489050294822495 0.05618308961231587 0.03550573661785918 0.0887812545697837 0.05942244498918761 10000.0 0.014954331302134518 0.07450803723583284 0.01738697491619535 0.07731201996098418 0.03875280752032335 0.052981609895602 0.07781767505498334 0.05944647192034649 0.0015957689389893461 0.08453258984369907 0.10214071994430014 0.07498071538074999 0.07110976046964955 0.08597240089866459 0.07924786382295845 0.07542518375923095 0.08838745110740999 0.05234081785521544 0.08814163723277012 0.06679322592252657 0.06318084719688706 0.06651547401964993 0.044373146391542155 0.015449330543995941 0.026671309787037273 0.06737221672681565 0.09586065849708388 0.056129432548889344 0.09742632313827074 0.01859962476747303 0.05291680835316136 0.0914912315454266 0.09374257938942225 0.08939817179756758 0.0708834244893376 0.05095586223892016 0.03258069026210588 0.05368093488397612 0.06761231575995279 0.06712787324828816 0.05335668104993565 0.042245731447759435 0.0971415907673467 0.07562429484843566 0.01983283365649497 0.030827974612975574 0.04252233762851084 0.045826866502717584 0.08200737068845035 0.07638216707077045 0.048046239782343306 0.04304086090644699 0.02810005019578839 0.08962450006376663 0.08536169727404185 0.04401218732073765 0.034461939782709346 0.10901856556568035 0.047773640162650614 0.0894980694893918 0.08368648959910799 0.08304763629527406 0.01670539877148399 0.0031549913885305127 0.059457473457599413 0.10129271773804298 0.048743561251485 0.04908476581397863 0.06905656833678563 0.07120654706569662 0.009707715243813262 0.07256594367314675 0.04925006848838381 0.01969239112222662 0.03422249918817186 0.06407495206311646 0.07123624887904034 0.06293233387079929 0.055054341481207074 0.06602189449153814 0.09034385480354323 0.018760714698521166 0.07070960991187561 0.06328393582180587 0.02395387304208082 0.07358916592531872 0.08265781998656181 0.07637816165666694 0.05508515428411201 0.07882206085542215 0.10634443956924189 0.05791852915661159
 0.04494181865651175 0.07287424620325128 0.04224154360920364 0.0391174394552349 0.04308079637712322 0.027425783548219004 0.0741550995247596 0.0596769531704746 0.014954331302134518 10000.0 0.061002260919314155 0.0026231494887452695 0.06474221392599028 0.05007910350348884 0.0567813417099445 0.06286335581318384 0.0565028704950756 0.015318086706395586 0.07340757427937775 0.08800104371278168 0.07314134275661308 0.05618006099926857 0.07675244502996147 0.06510075208280607 0.06067408412829511 0.08550701024410559 0.03770872460773886 0.0833686622505557 0.05204819609329685 0.04853263139862156 0.05760680502106414 0.03272603959058536 0.0005174341876246714 0.016767329136784668 0.052818623629594774 0.0864997580195471 0.05008598045515805 0.09003441123411376 0.02113679663272701 0.03848443412399807 0.07770302858586096 0.08122617218548314 0.07780767461866199 0.06668990760802454 0.040866990550955724 0.018208977199511363 0.03950434690326251 0.060879978262819955 0.05373592892620076 0.038410514830209734 0.027560434281496377 0.08392866274039933 0.06594575511836241 0.013807658919164427 0.0419028619154956 0.043240855301088094 0.031542891530956664 0.06788786752408855 0.06177885482921311 0.03316507356901684 0.02890995637870082 0.04065629592266965 0.07762073766208845 0.07090465857377441 0.03379555447898293 0.024776220162714982 0.09486316226006394 0.048003847798722486 0.08376260226332227 0.07006780410705521 0.07043731751585414 0.007242759441898714 0.01180989472831994 0.044810184439174804 0.08696537020501427 0.05072318031107133 0.03455655799419621 0.05939118532857495 0.05751770318407751 0.021426807405004456 0.06528542593035855 0.038873525525257975 0.009101088740843038 0.01935878817243484 0.06467736062401135 0.05715847112959907 0.05641526590336381 0.04010245348290452 0.05127563142329716 0.0781562977382669 0.029060802184590364 0.05848747228728835 0.04843079844999666 0.022919892948389982 0.06177425715888119 0.06880250260218299 0.061487307538812166 0.04940172052533133 0.06393815527592694 0.0921827657940694 0.0435245575256494
 0.06874792371507377 0.012938543970602137 0.055157004882594625 0.06968794464131632 0.018472243316405727 0.04430612319829965 0.022047473649483028 0.06912982180516739 0.07450803723583284 0.061002260919314155 10000.0 0.058387606627140015 0.009468978012071604 0.09483289311455857 0.07877752775436372 0.030410976341524124 0.056848101854743656 0.07417580919431348 0.023747615541336056 0.028765330694483126 0.06831608525493224 0.025396100236308974 0.0365763038548076 0.009061374141434242 0.018763047141565768 0.07156367355184125 0.026145742747685698 0.06207078110950365 0.019262174271579096 0.04057669829019603 0.03177694070603314 0.06116938175209553 0.06064079203337425 0.064373129756616 0.04271088814117332 0.04215541634546541 0.04411736782498852 0.054376122139217706 0.06545548719380942 0.044160419154338014 0.017212705305325624 0.022308140828604 0.023975130420110194 0.05571667861213019 0.06928692222074183 0.042968904083540434 0.04675996157835781 0.042765298377962016 0.007416151208286336 0.03141411017884312 0.035066724905626505 0.023053708961167776 0.029135014738820388 0.056477628362179205 0.08826524010232309 0.06462782596308023 0.046900631479138595 0.010511891779606031 0.015449540821160675 0.03248897141781193 0.03228591825005519 0.09068932656419898 0.021589241487805246 0.01694527497712333 0.06650966105531024 0.06588020286435008 0.035514408952280314 0.0645998436628243 0.05798362741951314 0.00922114841239851 0.012640774064522374 0.05782940132148163 0.07152617788716875 0.02110170494892748 0.029061394251267064 0.07061474021181448 0.04379386473669911 0.02789005070428964 0.003908245101972314 0.07618241606469081 0.04148264344291815 0.06752272966518824 0.05486101968454997 0.04692722489035481 0.07274490650954774 0.007443502536655774 0.04280286713043861 0.03119516772690898 0.019534655041625305 0.021083181317156637 0.07865232980404355 0.011637768740513635 0.03580094591796453 0.0599532490578746 0.014540887759497531 0.008989920638668561 0.023801669752576755 0.0454577476788229 0.02413462194971387 0.03293661398145319 0.044281079536121544
 0.044327401397049014 0.0702841008843808 0.04086952060512718 0.038781833163446744 0.04049607931848613 0.025669496071294207 0.07157838421611132 0.05902560393534991 0.01738697491619535 0.0026231494887452695 0.058387606627140015 10000.0 0.062183317259414755 0.05149486146560277 0.05676797783024123 0.06047372294235688 0.05532925339250845 0.017645260294018247 0.0709807690635567 0.08538225644886359 0.07206948712573716 0.05372390344217422 0.0745516448421749 0.0624809605512532 0.0581236158668928 0.08422590663880324 0.03512594098120305 0.08179511160653083 0.04949467411332795 0.04646605094821715 0.05549004992688011 0.031934425026913814 0.0022583001358059615 0.016946538678669704 0.050801689167764674 0.08426775621571025 0.048441764266177065 0.08806093018596636 0.021618260557854676 0.03656586539841289 0.07508032991841365 0.07866403376054047 0.07532875227357393 0.06525999176986817 0.04043415460419773 0.015588011676266358 0.037713195387900945 0.059074180915806206 0.051127867251483335 0.035983605786962934 0.024983706297118775 0.08132264947940568 0.06370374499963653 0.013104270235386007 0.04332820014599698 0.0428161095776254 0.029733926972805094 0.06526744958040602 0.05919670593631286 0.030665439499252073 0.02628684802988357 0.04237612497328942 0.07510276889095714 0.06830474167444128 0.03341099512243309 0.02471301139030982 0.09224522217400354 0.04744084539031726 0.08204158893913724 0.06744847417654631 0.06787240813340763 0.006598457959349716 0.014232252701968571 0.04223241786837788 0.08435593539652612 0.050439348542700144 0.03259616458846899 0.057165033492125567 0.05489783570144214 0.023291867114238436 0.0633818019954813 0.03838352639923529 0.0076342938101766145 0.017195451399644665 0.06405649691968521 0.05453649736888674 0.05466155370644695 0.0376935940358097 0.048722314676784576 0.07562189863988066 0.030521168074226213 0.05596320044132998 0.046212228162222625 0.02265928135013128 0.059286465120924774 0.06617948283065285 0.05899653544477864 0.04782061432260758 0.06144294131654548 0.08956494987197944 0.04161203156250585
 0.07703482890305684 0.009159097138301042 0.0636398946124842 0.07748244211558473 0.02182930862961977 0.04450514666843238 0.02924893735348234 0.06418086521498967 0.07731201996098418 0.06474221392599028 0.009468978012071604 0.062183317259414755 10000.0 0.09384210197470207 0.07502582909065937 0.03980147443616935 0.05157100722268958 0.07679542356723104 0.014302414036639542 0.03108620558640991 0.06143851977178589 0.03485029729669155 0.027247079327055786 0.017277400487608653 0.02814781326108951 0.06347878051565521 0.033037323644456315 0.05355603124060854 0.028458182985475488 0.049658261161289 0.025348255919696378 0.06872253188278471 0.06443541099814226 0.07014631750051062 0.0519901920776478 0.03270859613760882 0.039482436824195215 0.044987837237653525 0.06620496423153648 0.05244452797085995 0.019148665982977604 0.01648744948121794 0.015229367445495546 0.048809122494140156 0.07724200297399447 0.047345655835790534 0.05513534320300158 0.03602069895633565 0.012853905383248565 0.03928820012074704 0.04073619791493417 0.020679746683826692 0.020733686208121653 0.05830966258103304 0.08781355205357241 0.06188566052286279 0.05447891122466384 0.01760578574611036 0.024720993647333583 0.0393729313908804 0.03709899699591959 0.09080556750873171 0.013609394237015696 0.024255211379521996 0.07397400977952012 0.0724827692442107 0.03719883839825681 0.06110983011202235 0.04917787717155664 0.012271765165407922 0.0057358778154433625 0.060657850063239135 0.07447677208252196 0.029171212809301943 0.032535870509675366 0.06710710094560396 0.05166619109301981 0.020959387589683628 0.012552386873217952 0.07782518909598968 0.033904506546841684 0.07538713891111246 0.05766873482870838 0.052748622523004864 0.06735907256124005 0.01677180385545865 0.03689243289061567 0.03933252964783783 0.02865559192738915 0.013701041011283114 0.07922847261527288 0.007025154694000393 0.044892166044516964 0.060272692611612715 0.006901269060358537 0.0144101498036408 0.03318378658181297 0.040977430723781676 0.033369950416804676 0.03490480301550719 0.05299776062358532
 0.0940719873271514 0.10299964002945582 0.09231107880796668 0.08756079650714665 0.07728335844436303 0.05072272510033044 0.11392158444622846 0.044650386110219986 0.03875280752032335 0.05007910350348884 0.09483289311455857 0.05149486146560277 0.09384210197470207 10000.0 0.031044970684842202 0.10786267227883091 0.052927193757690665 0.037412877521857506 0.09544181777733472 0.12355288236298778 0.06173268983916554 0.10033502602461059 0.09089576733453932 0.10205756069326964 0.10226916683403445 0.07564113967189341 0.08008527210346052 0.0804064208001535 0.09411796157197826 0.0968756410772041 0.07363858623896441 0.08239695827658995 0.050572586670409043 0.06504332472900971 0.1013721871717995 0.10008470799084111 0.058453192812477364 0.09573636393530689 0.03202161778003442 0.08761392228235898 0.11171349869744765 0.10855815709789891 0.10132767789288667 0.06460697004178842 0.08956592825447826 0.06203251958052003 0.08901031044541712 0.06870341053542632 0.08777904508521031 0.08398840774779133 0.07143627058616221 0.11445182373652492 0.08331439841410399 0.04304111431475951 0.008176245783712677 0.03437915564569895 0.08104994017380301 0.10448132537756781 0.10203624396597702 0.07804079522073655 0.06975615461141094 0.011409867471326622 0.10294593657093395 0.1095211690806975 0.08255246011097882 0.07302722170393704 0.13020270853655028 0.03784968429709188 0.08416763364063835 0.10369514373557422 0.09914065413984077 0.0464165698033935 0.04078340284338663 0.08663409776490444 0.12383455207457632 0.03373403293705305 0.08358182857505747 0.07778776905040083 0.09259979096203812 0.029393374121291303 0.07411303234277263 0.08778494692081139 0.04814320604717529 0.06796511722647404 0.04701118082177615 0.09434070279809008 0.06455720124647804 0.08581750827604226 0.09340885581060288 0.10424734628260293 0.021019233946489597 0.08684224223842003 0.09575222432903828 0.03584207974727982 0.08802678362235404 0.10380521347524278 0.10467913219815736 0.05684956329821677 0.10691105817022388 0.1276827701958359 0.09262855833147432
 0.10064765012236498 0.08378312660921935 0.09462158029742394 0.09548185783379189 0.0643070353880544 0.04098118733821539 0.10019460991982958 0.014466070239222764 0.052981609895602 0.0567813417099445 0.07877752775436372 0.05676797783024123 0.07502582909065937 0.031044970684842202 10000.0 0.09939100915443207 0.025636734218925317 0.051388413908258476 0.07269322313933196 0.10608606118024744 0.03087551518944264 0.09165646708137187 0.06507938689276538 0.08729414056401258 0.09106169180721481 0.04464206730484727 0.07245028926931593 0.05012079765583073 0.08419828463659038 0.09367604965017573 0.05101053967947982 0.08806667633401892 0.05711106788723026 0.07353945510484819 0.09819040355381127 0.07333581881278561 0.03569079183617853 0.06673122482043833 0.03603115380501669 0.08669643180196948 0.09408720869123165 0.08730385685044968 0.0787420313551916 0.03570444806813214 0.0970437370209932 0.05979511540922218 0.08886077715906762 0.04309237702117454 0.07282385142307292 0.078654845713276 0.06674401824889976 0.09450349669701776 0.05976694331797096 0.043982718113601396 0.031475190765610304 0.015798623617645703 0.08163088344787194 0.08922161523487121 0.08974913573335125 0.07293954307323877 0.06312586431040326 0.037459773007733545 0.08112054892813779 0.09526598273648941 0.09009306528629331 0.0814620069325568 0.11220033722891717 0.014227424743887713 0.05441155192097288 0.08653682533865352 0.07949906420167673 0.050191573181386104 0.05323165638284109 0.07749544712715445 0.10725210030239478 0.00830720705340236 0.0828511616407019 0.05559219281459184 0.077649759150618 0.044138142119926824 0.04805360104362205 0.09493849790806384 0.050099962611136986 0.06867897203908564 0.01601931979141942 0.08061034352641777 0.03995664520129853 0.0803788633720108 0.08362868727323121 0.08270203849386693 0.036208004444267264 0.06854285697420529 0.09111740847688964 0.034176630722077495 0.06836635955069191 0.08752975491037132 0.0946675235904189 0.034133497771100876 0.09649845790242419 0.10993024296597158 0.09121743778672566
 0.04911914858779223 0.03950396689483066 0.035857472246624895 0.05286432751758581 0.03584396047637428 0.05925468325889892 0.01938877356279801 0.09268837022623862 0.07781767505498334 0.06286335581318384 0.030410976341524124 0.06047372294235688 0.03980147443616935 0.10786267227883091 0.09939100915443207 10000.0 0.08160707164657914 0.07811828636543204 0.05388549309717873 0.036602709844378085 0.0954422648166284 0.007748953569547362 0.0669872757056731 0.023445886998039654 0.011654321970736192 0.10056259279509491 0.027868005763819766 0.09173549081193322 0.015376563880294453 0.019141420682548295 0.05975726430416591 0.04673140991354817 0.06236908645761099 0.057981195017310694 0.01805906409000155 0.07218549610527192 0.06863418828562638 0.08477904761786445 0.07593203941366813 0.028733226849224063 0.03359649175589716 0.04787545591139991 0.05299552403888962 0.08322205830846888 0.0515926697593375 0.04643515953447239 0.029943247328555987 0.07051214129644214 0.03130625479930735 0.024533141558356408 0.03665108482207298 0.04343069694717363 0.05907963281033352 0.06506102609409214 0.10018975361978576 0.0838342733064034 0.035201497073989126 0.024660381254467043 0.015157333030826297 0.030203801927966102 0.038153618620364746 0.10088202967002168 0.04986465091094399 0.020643043223268074 0.05184031586906684 0.05558721077471926 0.04200919107591287 0.08542445554976802 0.08800501453578886 0.03169803254333626 0.041525677681285754 0.06319031169740928 0.07467164168225063 0.021946557678652355 0.03348566055590982 0.0911104327858188 0.031243556574930147 0.05664785296105952 0.028239757073703933 0.08298365119236807 0.07032608567669349 0.05053266289872745 0.06078071456982961 0.043797892034619715 0.09701770571510754 0.023760894488207642 0.069386006420597 0.022789153924926944 0.01586424306549382 0.04874645922799696 0.0883737899402487 0.041004188973528616 0.016156921340829328 0.07223157289344544 0.04463501506053646 0.028445387819759166 0.006618147056260187 0.06960296440669518 0.007005477284003029 0.03970675590346354 0.025411819543703387
 0.09449670008547978 0.059840107730645346 0.08545707019395639 0.09083805910114165 0.04581435173370083 0.031152287447425923 0.07885420217407975 0.012716028830987425 0.05944647192034649 0.0565028704950756 0.056848101854743656 0.05532925339250845 0.05157100722268958 0.052927193757690665 0.025636734218925317 0.08160707164657914 10000.0 0.058052398513584166 0.04749146896225352 0.08252232123354296 0.016914820887016777 0.07415408913817184 0.03945586082619129 0.06579818110081923 0.07177571316621144 0.02913012836302407 0.057386736443236726 0.02931863304918359 0.06626811441308346 0.08020234029998426 0.02646996692811326 0.08221986416198736 0.056623506531704795 0.0717059270209595 0.08441989454758686 0.0479113826116303 0.013016798219633132 0.04286082810446442 0.04098386730974741 0.0756073101971413 0.07069489477336877 0.06241509764196801 0.05351706992987678 0.012164902079051448 0.09190840202630088 0.0513293983489673 0.07819584142221461 0.01752216138809877 0.052006695282725716 0.06478654062577775 0.05491391229685957 0.07001724842373792 0.03450717954537027 0.04282734382012035 0.05023245253675945 0.01956646965592093 0.07226560935454343 0.06733315956588266 0.06978299122115401 0.05990699763644475 0.05021441317766711 0.0554700341490457 0.05611242178343888 0.07377173046995161 0.08559969656243296 0.07858705897663217 0.08829011062581664 0.015161100426725633 0.03194769898517493 0.06361471557967063 0.055457509257447045 0.04927309980870702 0.058302078987444404 0.06070393261290253 0.08410686012899217 0.019546161958966895 0.07228608447456537 0.031065328247155757 0.056522185059424676 0.05338875570393531 0.02241725686469469 0.08970444875812063 0.047695832330372924 0.061118121764256086 0.01589756196382345 0.06015182695579603 0.014915479929933431 0.06625357100244028 0.06584390296972589 0.05777128492636838 0.048676112801068636 0.045703119891953047 0.0767144493173854 0.035580443792116875 0.04469956376471827 0.06508803621313572 0.07603257085613634 0.012009281392871492 0.07749012248659841 0.08616706235511895 0.07934272636126345
 0.05679177237738501 0.08538234377932323 0.056296388385264386 0.050177515699044446 0.05580007114511735 0.03458726311894117 0.08877447264633272 0.057893849466020345 0.0015957689389893461 0.015318086706395586 0.07417580919431348 0.017645260294018247 0.07679542356723104 0.037412877521857506 0.051388413908258476 0.07811828636543204 0.058052398513584166 10000.0 0.0837901232648307 0.10194841137744072 0.0735144097762835 0.07132991023185076 0.08500633421590162 0.07907323263043821 0.07549059329964301 0.08695752987802484 0.05236873407784392 0.0868154920232193 0.06686113136486252 0.0637539712793505 0.06554838609689477 0.04546705817051739 0.015825753883763772 0.02782569819038196 0.06798506215938833 0.09489870431663677 0.054939801504209906 0.09627974604637105 0.017141711979738246 0.05356324470377847 0.09120916892026773 0.09319912876138017 0.08871431076213693 0.06954136421681946 0.05220953060813341 0.032573391280896286 0.054400385488721566 0.06645008873505474 0.06678132126169922 0.05361880075653241 0.04231622206742664 0.0967255238037769 0.07472086939696611 0.018990616606675028 0.029441207817418154 0.0410035389882745 0.046509044214031514 0.08182224192251038 0.07637237994071687 0.04822559877942768 0.0429228088575611 0.02688507974777028 0.08900174550904551 0.0852858945274506 0.04523787408121854 0.03569102975815427 0.1088277200746845 0.04626153300686922 0.08823342562225739 0.08337003060170674 0.08253105036561144 0.01635211414483939 0.0036826609163463737 0.059482817312334256 0.10116125837970402 0.04717957656755116 0.04969632401292966 0.06816308474304512 0.07092013061791956 0.008214161135033048 0.07143951945605799 0.05047639858369498 0.019314790522866124 0.034668636103737174 0.0625319183799271 0.07104952835662334 0.06176254347108282 0.05533552622630837 0.06609111173566913 0.0897492042511594 0.01725409821262391 0.0701454660652552 0.06374349741583893 0.022624865155233934 0.07295816180971441 0.08239992954658255 0.07654702980490388 0.0538718386031169 0.0789829038401455 0.10615675491993654 0.058580730638681675
 0.0904587408572498 0.016546919908534085 0.0772911227099768 0.09042795660365761 0.032668732911271446 0.049617838437590246 0.04132616834997306 0.06011812326341851 0.08453258984369907 0.07340757427937775 0.023747615541336056 0.0709807690635567 0.014302414036639542 0.09544181777733472 0.07269322313933196 0.05388549309717873 0.04749146896225352 0.0837901232648307 10000.0 0.03794659662978937 0.053739152694049934 0.04914304028880671 0.014153492135691583 0.030781246696824065 0.04226040553217922 0.05308723101126808 0.045789307885462344 0.04233884853137855 0.042707344870143445 0.06380542612794628 0.021989785682037535 0.08148543712539605 0.07317345215032789 0.08103616418533698 0.0662470988889989 0.01840855856521461 0.03754971525772171 0.031256810052939926 0.07100547800377319 0.06598764876544572 0.02769714474532632 0.015260129769573779 0.00604936143989469 0.041577004191301024 0.09034689387918936 0.057267259496560016 0.06873685362351013 0.030154291817407978 0.02625997733867092 0.05264176521428252 0.05219098136086422 0.023600290400158652 0.012984599287282605 0.06482452493461023 0.09033383527112179 0.061684833708510724 0.06739407775429718 0.030438877835815423 0.03873504333076938 0.05193819380754231 0.047909546078695756 0.09409206391057048 0.008850880501765357 0.03670812760880235 0.08661063907730103 0.08424021858955084 0.042600752236002314 0.05971590327433236 0.0372790920342303 0.023765621348781418 0.012938313609961371 0.06833728640230795 0.08194424025296229 0.042828656853003085 0.040571338166663515 0.06544240967549735 0.06486956719258354 0.01766603118455972 0.026798894375117642 0.08351220735906849 0.026232556541438343 0.08841267354164681 0.06542242097051341 0.06400588545446266 0.06238354569189949 0.031072179054379735 0.03275130561662458 0.05288056685059014 0.04287498548691323 0.010655943487104668 0.08341867624050243 0.016661950850498902 0.05905434234001701 0.06470166650106496 0.012469530281739121 0.026738646497622195 0.047274324210914466 0.03917722095761646 0.047280539009872585 0.04090059413734476 0.06688034271131525
