NAME :TPP_input_25_3_3
NUM_VERTICES
73
NUM_CLUSTERS
25
Full Matrix
 10000.0 0.02877617218814963 0.08500735525662644 0.09221454435057229 0.07144768647912322 0.05323839623317353 0.0449715731219479 0.041557962835038265 0.03455611031769999 0.030443212493138992 0.03966629112528235 0.0699340209706403 0.09230592364095391 0.00741552993237383 0.07975797204679873 0.009596160071220905 0.11119103843560547 0.052041006257330234 0.061574614900944534 0.08530925425825428 0.06281577520319816 0.07503891794014218 0.0538276895320365 0.07115488977219422 0.04342842084652808 0.03290326484094091 0.0815273402163294 0.07356575807882733 0.03778552699492141 0.08787369098635572 0.04475954774543306 0.05660733103306024 0.03954519225139998 0.04309305608098639 0.03727841468830907 0.02114016801483049 0.09056193202735047 0.026030057709487738 0.11389429596243476 0.06449789266619133 0.07187427324957667 0.026521414096164285 0.07296334544932583 0.06150398308685196 0.025737360525063126 0.04117990457798613 0.11081539804749464 0.06916643713937408 0.026264247370932102 0.07448585839712152 0.054044881221586995 0.10176254073476064 0.015555655841316409 0.08610636622035879 0.07743952294608851 0.07411452405915733 0.07330669153763515 0.08302562469628952 0.07302385161293029 0.07701116439382928 0.07994466134444078 0.06354592236447805 0.06959809616793353 0.0641657084615221 0.09425256839657396 0.02397667663809966 0.043621261505248705 0.05166959001262734 0.044207444616314415 0.08930844023663607 0.08262503871268906 0.04440344982607487 0.013675347328691127
 0.02877617218814963 10000.0 0.06746217398284267 0.06808955994626219 0.042819440430690185 0.03869123712319087 0.04906426353690046 0.03866451676632064 0.046275166776285355 0.0017025894343876953 0.012895844381968516 0.07603415323018005 0.08616929437545465 0.021833865080002166 0.05156856092111685 0.0378813007363614 0.10280170397411154 0.06404759368279336 0.03302971155388274 0.06314105854873896 0.03727224773953656 0.06402845162640482 0.06183632358019514 0.06914672956246916 0.06091936882211498 0.02273995458026522 0.06175329634529038 0.08071454524405083 0.011999449971951792 0.08919974103580659 0.04702412375717887 0.046694136531051894 0.035650440305530516 0.03952872557253395 0.01608515144321869 0.043735903757976174 0.08472214385127858 0.04498263639108295 0.10418818849074259 0.057222777956419356 0.046097259026654056 0.007299312246994078 0.05356791307700018 0.04297794721618359 0.041872377268224875 0.04045265123018693 0.09746393720411235 0.04896542995340125 0.003163444531148883 0.08487549455762314 0.06690089733200467 0.09051297772606977 0.018059171777849936 0.0684200235862208 0.06046350024428493 0.05648044149529615 0.04468125339392298 0.08693037368438644 0.05433181225483958 0.05188615104955287 0.08851997663292681 0.06038258681315014 0.08151839469622427 0.044209414084235656 0.07922587592407145 0.02102850823007723 0.025838141514931523 0.06912783048889744 0.02012722983234965 0.06455793057237355 0.06282503643638178 0.04542579323670029 0.01673089581947848
 0.08500735525662644 0.06746217398284267 10000.0 0.026395277759432456 0.05472949523861547 0.031781507347650305 0.05525253794249441 0.04785070285200032 0.06766684114140405 0.06636963640885309 0.05580574123882882 0.06285077566697236 0.03829748814004234 0.08179743248131374 0.04977563412548091 0.08941568247689505 0.04477036204612861 0.0711777257531812 0.05363987986357334 0.016768146497251786 0.03732431528495009 0.020183971485626433 0.06282101483564227 0.04258103219871247 0.08059271611673932 0.05212650812616068 0.00879359202061065 0.06713612890865868 0.05582888065425569 0.05776138645136763 0.05255462117383519 0.03140162590336941 0.04831677134809466 0.046350584125639326 0.05165441993711442 0.08298149806196174 0.03826547227987227 0.07810437963133837 0.04350971435069994 0.03116726794909445 0.034502628413689666 0.06338925604826681 0.014351571738956367 0.024542924636917148 0.07374666090792553 0.05013212690233824 0.03208032680318644 0.01920815005882597 0.0703164001840865 0.07649498453197957 0.07381112050811907 0.0295236704244044 0.0697677758807651 0.0011425692574220266 0.007589763579439105 0.011088323344801638 0.05486566627431893 0.06264286045779989 0.013208922519434846 0.030336362675624503 0.07429291852367409 0.0396736291594609 0.07820885418864426 0.02345602509142703 0.013660988305737844 0.06104374776069402 0.04260766950536889 0.08409045987822414 0.04777698751552081 0.028631514479964912 0.008400965287909033 0.05093388763526271 0.07265443409281101
 0.09221454435057229 0.06808955994626219 0.026395277759432456 10000.0 0.038790693042972585 0.04428055046481101 0.07389582435396522 0.06342295594116693 0.08408550224968035 0.06657805136490291 0.055194143533657536 0.08694847014365861 0.06460953210618892 0.08718596271717989 0.030246531296358074 0.09877594930751826 0.06863770037994504 0.09177538603289681 0.042436875925415 0.010592684033526253 0.030917618579423503 0.045194063756457556 0.08399161504325808 0.06732183872014054 0.09895995655114684 0.06099218919351078 0.0196702264410856 0.09156450401899016 0.05629241584983578 0.08391398597206748 0.07080982693261562 0.04953361456657143 0.06269594344197546 0.062246807433850276 0.05506773613194903 0.09597566962164455 0.06463755925143856 0.09246311252772545 0.06617684770027946 0.05372954194410267 0.02267871828086985 0.06669084205093036 0.024685061004853435 0.03387161738111816 0.08794140810937272 0.06633898413213489 0.051937935209007115 0.02582474000591754 0.07124681699962283 0.10057612821070465 0.09469812039360025 0.05346005588392807 0.07676209901679847 0.0259625107793968 0.02889324711165743 0.028158723517847973 0.03809652499312109 0.08830428405231036 0.026169930413586562 0.0164931366735586 0.09915851592661558 0.062711852332239 0.10150492760904667 0.03009583348735504 0.037117884867797706 0.06982146470245279 0.04919729862957428 0.10390426077834938 0.04861967422334095 0.004546461731286739 0.019258339650847004 0.0687940559274326 0.07865408334353016
 0.07144768647912322 0.042819440430690185 0.05472949523861547 0.038790693042972585 10000.0 0.04644843573188567 0.07439083041458178 0.06156665356398716 0.0787887268730869 0.041122450529299685 0.032484480243773296 0.096782399713172 0.08888733097216979 0.06464799539980591 0.010435970157198972 0.08020170422483514 0.09919239331866372 0.09295776297139262 0.009918386169888124 0.04083062913314132 0.02062890450685867 0.06474581698234247 0.08742359828505866 0.0815703790510225 0.09493598466276358 0.04988445073076484 0.04602068261953027 0.10185739518369065 0.034702573528507856 0.10188643699030488 0.07131978825377411 0.05659702070568222 0.059233438745069415 0.061260654701876034 0.0384083506504747 0.08324018271561956 0.0881752130424514 0.08240449195689453 0.0982248198133654 0.06620024154598662 0.020228089635325335 0.04555522486605178 0.04236206493899624 0.04020374677123409 0.07832032060542278 0.06462460663428306 0.08619024868202384 0.03841036816986778 0.045637679512387695 0.10900958677754408 0.0961051323508714 0.08412480134627823 0.058382105151487916 0.055081661467667756 0.05145472087279677 0.04779267172253817 0.0018618211494537923 0.10325605390050997 0.04435133165367199 0.025033501469773803 0.11015852590862027 0.07383753615417517 0.10771143822603259 0.03738297295989474 0.0683320252525101 0.055756892617756695 0.040276536921037186 0.10209171789031324 0.03159725874378623 0.03424890066632425 0.04662874117553695 0.0691225163889943 0.05845856588537645
 0.05323839623317353 0.03869123712319087 0.031781507347650305 0.04428055046481101 0.04644843573188567 10000.0 0.03065178437504488 0.019207767820666344 0.039822234753524706 0.03799512446687828 0.02962374796250343 0.05038855937334153 0.048560805410579916 0.050287588271142596 0.0479891041297238 0.05777472168319705 0.06424755140763275 0.04932096576459661 0.0397835387473814 0.03505683621193155 0.026305934771743773 0.025410501826015827 0.04251240862857591 0.03586984317245464 0.05499155715154434 0.0204116012888557 0.02920674984161264 0.0554568631156897 0.028664635555891858 0.05662558900732631 0.027462511750645475 0.010435913518999737 0.018436424711794856 0.01813551060465831 0.02275034349685345 0.052527120702073465 0.04730318842251611 0.048465300086682185 0.06550309897014467 0.021065467345840954 0.03203170070891295 0.03327042945465106 0.020931026800117995 0.010424055614058932 0.043957830645147244 0.022211003970784526 0.05926995131744132 0.018495204379388567 0.041120732592934285 0.06292073951167358 0.05241081633618698 0.051849026982331174 0.03810098702621912 0.0328879437328445 0.02420436716362348 0.021022236664569423 0.04763353542832689 0.05711241060328038 0.020463517486953634 0.033776561305135996 0.06374625271296042 0.02764726275826537 0.062168883423563456 0.01434263657521722 0.04161062611209073 0.0292664351143864 0.01293724051303045 0.060547248945549983 0.02222152764453504 0.04294322063824061 0.03026887772528288 0.0253023492563937 0.04113713793403873
 0.0449715731219479 0.04906426353690046 0.05525253794249441 0.07389582435396522 0.07439083041458178 0.03065178437504488 10000.0 0.0128335745500497 0.013849007628962873 0.04948569850421352 0.04777904659519493 0.027082555537106503 0.049023960718057535 0.04657916630305372 0.07765833390153441 0.044096851160284875 0.06853217595027508 0.01880275588930817 0.06606325985196411 0.06390289969042623 0.05573662011791939 0.038108957439330404 0.013365363499047926 0.026815280089817338 0.025424169504053087 0.02753169039148211 0.05631346775181378 0.03166490596822189 0.04567329975052441 0.04303872192767236 0.003194781095093753 0.024584775176875743 0.015378700001889454 0.01318803121251058 0.03925464822223829 0.03232346106638599 0.047188813783786816 0.02596350887530898 0.072037579356566 0.025570124772585405 0.06244753073284772 0.0417651347123123 0.049343484116665615 0.04074606056230329 0.02259797040958335 0.00985253063179675 0.07238942999265881 0.048279392759635595 0.04971332485218486 0.0362728800547549 0.02193664990889173 0.061843875499781195 0.036033595083293415 0.05636853573215706 0.048437618438755964 0.04708855016833209 0.07584594636952954 0.038971343867920435 0.048134866918403844 0.0644277720339828 0.039474390560615594 0.02062806874279178 0.03382651235895753 0.044765764670336466 0.05935006209254545 0.028549836168143043 0.0342190382626885 0.030046211366081446 0.044099225205527344 0.07308460432443063 0.05721048644204999 0.005395744988482436 0.03974910185986139
 0.041557962835038265 0.03866451676632064 0.04785070285200032 0.06342295594116693 0.06156665356398716 0.019207767820666344 0.0128335745500497 10000.0 0.020677181330878626 0.03880467144410349 0.03561727313342305 0.038052506528319444 0.05104483116109897 0.04112015866274888 0.06503400568664527 0.04347367861220374 0.06967811894728775 0.031464773431311426 0.05324376664551655 0.053933735766765065 0.043147512052893064 0.03412999695647113 0.02605763761575601 0.03125182481601613 0.03583825672005797 0.016055936438551806 0.047236368166579425 0.04295964059228122 0.033632622192766505 0.05066861523250287 0.00983700777630012 0.01661807720362841 0.0030259812826503325 0.0015977268680180113 0.0270224124335324 0.03522882753243328 0.04935659601020796 0.030270205385068534 0.07233779686209685 0.022964707648435854 0.05021689904445191 0.03148912975697165 0.03948196140513289 0.029622798036113913 0.025895972530770132 0.003142979766701448 0.06992575091736981 0.037598949494547416 0.039854565306928755 0.048579024491376535 0.03461339696825033 0.06041114553417339 0.029120821266468585 0.048993162082929725 0.04047839623054958 0.03828493600142807 0.06303188925469569 0.048300698124679874 0.03862291354588472 0.05265667537574304 0.051092273367580175 0.02282301220493851 0.04651952305162767 0.033548145351830524 0.05455963185760707 0.020115781497587967 0.02139076641046155 0.04174378473719659 0.03140054326123306 0.06215098318069046 0.04823077377202505 0.007709971281328304 0.03285787025245994
 0.03455611031769999 0.046275166776285355 0.06766684114140405 0.08408550224968035 0.0787887268730869 0.039822234753524706 0.013849007628962873 0.020677181330878626 10000.0 0.04714287254787668 0.04870206201795718 0.03544540188137674 0.06258532714888625 0.037878591015701915 0.08362715570946536 0.031773382761268745 0.08215659145745152 0.018333081722337396 0.06961459340550914 0.07460058533560761 0.06213574702112257 0.051562892565526056 0.01931006122156901 0.040148382609130104 0.016157655041919187 0.02898551369471233 0.06772678670267711 0.039010459440244595 0.046388014169231384 0.05420550392538616 0.015657132317242257 0.036318888942370176 0.02154808335057451 0.021931519298794503 0.04094134740970525 0.01879359180601872 0.0607351177641294 0.012220454513822575 0.08577996325540825 0.039119744326617176 0.06988785704556777 0.03934148377712575 0.060118972928974466 0.05024611552161905 0.009498640507886322 0.017875760448825162 0.08620143816321005 0.05826580762388272 0.04603391181771082 0.04050616648440761 0.02091494795086597 0.0756916872109607 0.0298761913682541 0.06880161514278128 0.0605205943441761 0.058652522085523275 0.08041905331287633 0.04873229509488953 0.05919373413696966 0.0728333086807961 0.04555680123509759 0.03445682532124641 0.03619994532800115 0.05412972931795104 0.07274820041092835 0.02551126173574903 0.0391283789066604 0.023552201658297425 0.04725319760079291 0.08272939173651088 0.06869635379009728 0.01689243130533335 0.033123522894146336
 0.030443212493138992 0.0017025894343876953 0.06636963640885309 0.06657805136490291 0.041122450529299685 0.03799512446687828 0.04948569850421352 0.03880467144410349 0.04714287254787668 10000.0 0.011399797725119707 0.07637890465932944 0.08573988485674351 0.023527487613234335 0.04986749755602457 0.03950986310869231 0.10219061751791404 0.0647855341257847 0.031328360895202245 0.06175873523077994 0.03572665304602801 0.06338068210597148 0.06236851956359612 0.06904357153550064 0.061961501303301865 0.022788907065878352 0.06053140685621598 0.08109991264665456 0.010681784002548505 0.08921243593709793 0.04736216361317119 0.0462465792964218 0.03578150019647325 0.03960976155608418 0.015273665386641171 0.04511805849576236 0.0843158081759727 0.04620311869741031 0.10349430864552119 0.05686199159963507 0.04451648521745139 0.007859263214756307 0.05240167784114232 0.04193519274921958 0.04300220990379166 0.04070143026938797 0.09656129128418836 0.047762988437058736 0.0047740719512489455 0.08543081167009736 0.06766898190711636 0.08975505239284971 0.019381720202145625 0.067315285515044 0.05943423689226783 0.05542355938678741 0.04298423613819788 0.08710350731626226 0.05321130060515297 0.050336855331867915 0.08895941334643778 0.06026221113068006 0.08217187411632278 0.04305054925033396 0.0782610085738524 0.021750353348431783 0.025085035201295087 0.07013049786466002 0.01884320210065824 0.06301385431433965 0.061598190698466226 0.04570944080675677 0.01823819341052926
 0.03966629112528235 0.012895844381968516 0.05580574123882882 0.055194143533657536 0.032484480243773296 0.02962374796250343 0.04777904659519493 0.03561727313342305 0.04870206201795718 0.011399797725119707 10000.0 0.0736217895627541 0.07816527637849002 0.03341520748224011 0.04016355680283101 0.04800322030696543 0.0935951327222643 0.06496723471003973 0.02259691032756043 0.05042757206124838 0.024393841085409616 0.05482752567261705 0.061118021998584134 0.06351016911494418 0.06451840922631837 0.02039065759977331 0.04955893899788495 0.07856132603067 0.002344166903466591 0.08418169958536849 0.04515375906956737 0.039073918070731906 0.0326973016685624 0.03599190318534895 0.008596743682284053 0.050899403657121665 0.07687634711895663 0.05055437770017337 0.09449462728786871 0.04997570907327044 0.033276302153969796 0.013233581253198677 0.04162961623893661 0.03172001927349073 0.046710563070098125 0.038150062951782054 0.08665250783563297 0.03688960587945544 0.016055212472734833 0.08402041318832534 0.06802485287966652 0.08050214275108313 0.02591815312416437 0.05670496813501528 0.04913924972252024 0.045040277937977095 0.0343075177523776 0.08310241208821334 0.04259736494274247 0.039007255842699984 0.08670940857152536 0.054756799938748435 0.08149634526550405 0.03235526727054304 0.06814824182431575 0.023957394128262182 0.017047625647408547 0.07224604646272777 0.00807128386491562 0.05167244177119621 0.050609218279470514 0.04319038738193248 0.026257299783840508
 0.0699340209706403 0.07603415323018005 0.06285077566697236 0.08694847014365861 0.096782399713172 0.05038855937334153 0.027082555537106503 0.038052506528319444 0.03544540188137674 0.07637890465932944 0.0736217895627541 10000.0 0.038081276614542955 0.07265096772334102 0.09809444894356995 0.0669159082288123 0.056297814558557396 0.020754687397393744 0.08954166118548774 0.07635739799866792 0.07666311004678311 0.042667283750910424 0.01613706241678328 0.02041747174862713 0.03420428777540375 0.05394723242117354 0.06741551791587964 0.005077096165501627 0.07167343950457634 0.020748319252150496 0.02901719469280775 0.040645389554849566 0.04103223500840311 0.03763118466184197 0.06502681756307713 0.052877697185895085 0.03637286929394672 0.04618297851930943 0.06118148496937941 0.03337375017213371 0.08152477518678315 0.06873947052919684 0.06303349101708414 0.058337710082341385 0.04473243704030749 0.03577543936011707 0.06729703647072544 0.06395421047819264 0.07677312425779151 0.013667192154712729 0.02086266201037727 0.055887003279340215 0.06285227696033223 0.06375512231136478 0.058242184278562315 0.05884381278095772 0.09800561533521346 0.013632760765952186 0.06122358894306462 0.08180149659371448 0.01338593566649427 0.024432520567964817 0.016010762834611447 0.06210346271519222 0.06084127278834226 0.05563171056514491 0.058273874443104404 0.03147830649134416 0.06878749043220778 0.08746259969128706 0.06799154269547211 0.03071746261130676 0.06650215497119304
 0.09230592364095391 0.08616929437545465 0.03829748814004234 0.06460953210618892 0.08888733097216979 0.048560805410579916 0.049023960718057535 0.05104483116109897 0.06258532714888625 0.08573988485674351 0.07816527637849002 0.038081276614542955 10000.0 0.09216118693189959 0.08605659954989255 0.09280445437434609 0.019604142458737425 0.05559907366650805 0.0850465032548869 0.05499866771251873 0.06882722971034066 0.024397828631258205 0.04768057558298772 0.022535920305718576 0.06863840948494074 0.06442732961949463 0.04627115712157214 0.040229188279565675 0.0770974408304362 0.023142499359616587 0.04824438124023387 0.03949373022760772 0.053477201104223764 0.04960906832214417 0.07084700204108317 0.08130254819304347 0.0018657355946971423 0.07480578097116902 0.023702658215687955 0.029059438574959823 0.06940711305726079 0.07980783765447026 0.04690875882621802 0.049804386799995284 0.07161832046785833 0.05113263806918495 0.029767858362461635 0.05050258994508123 0.08817606520872338 0.04952468880460956 0.05694102097519292 0.018609469822097265 0.08005683871248083 0.0386563379629902 0.03829882863988532 0.04142072609539201 0.08946440006910747 0.03071483400496954 0.04483899074695703 0.06676857222186518 0.04465549390873476 0.02885359309029531 0.053633075126016144 0.051837996345968834 0.029347920649603024 0.07083620407056995 0.061241609262765846 0.06821252065583416 0.070733907256186 0.06691530661531932 0.04625035526460576 0.048163371864888824 0.0837454171813306
 0.00741552993237383 0.021833865080002166 0.08179743248131374 0.08718596271717989 0.06464799539980591 0.050287588271142596 0.04657916630305372 0.04112015866274888 0.037878591015701915 0.023527487613234335 0.03341520748224011 0.07265096772334102 0.09216118693189959 10000.0 0.07323400781131748 0.01700426233893528 0.11061065571025035 0.05598053686093567 0.05483188390409169 0.08082453794843956 0.057187955128874673 0.07343024751187133 0.056749407593755664 0.07180748574247373 0.04864410216261183 0.02994526802596807 0.07768266736754496 0.07659801816954799 0.031709272872514856 0.0895933270006507 0.045861132422974495 0.054919438692240405 0.03872802331460087 0.04255391075682032 0.0321394897731167 0.027203580446155694 0.09047668729708629 0.031150734565808424 0.11298594664404514 0.06367094436489724 0.06623390725992834 0.02063210241855864 0.06913556558372821 0.05774004233495938 0.02994577737676618 0.04130616459011081 0.10892164010506854 0.06507934552400972 0.019144498896694385 0.07834302295055198 0.058244909063267104 0.1003667759665282 0.012397322862261974 0.08286812120820311 0.07430502384737384 0.07076723790049982 0.06650968229028802 0.0853474695969788 0.06938374911005636 0.07160191549149234 0.08340676554688115 0.06376036103971477 0.07378242854518335 0.06007578683113985 0.09179646269895711 0.021730056052894194 0.03955082158627199 0.057012843037748256 0.03869686978169232 0.08407302242780594 0.07878264799606031 0.04515358931693271 0.009152884372109128
 0.07975797204679873 0.05156856092111685 0.04977563412548091 0.030246531296358074 0.010435970157198972 0.0479891041297238 0.07765833390153441 0.06503400568664527 0.08362715570946536 0.04986749755602457 0.04016355680283101 0.09809444894356995 0.08605659954989255 0.07323400781131748 10000.0 0.08816043862134158 0.09454211520553808 0.0964444452236637 0.018821731856342377 0.03430852083597072 0.021925751118318907 0.06261587829675926 0.09023553140596154 0.08139651091502816 0.09974714919933933 0.055303897947400295 0.04099478125368591 0.10312708072924814 0.04219493446387392 0.10106322871827476 0.074497437793974 0.05745161071112696 0.06303188290945348 0.06448673019151717 0.04473420105541722 0.08994190425541392 0.08554820865122803 0.08846728037763303 0.09305219422834989 0.06603892263644465 0.01701701109361031 0.0533966646185471 0.03918487690605105 0.039939023195631744 0.08420553643006416 0.06816660259318594 0.0801105611959892 0.036089326331222325 0.054533265444054166 0.11086873368998973 0.0995864387925493 0.07926540275364333 0.06592163792133467 0.04993343952852514 0.04783198752833064 0.04465704459208346 0.009007455181260199 0.10328932839400172 0.04126827562297185 0.019495356570900076 0.11135301416693502 0.0742957617681067 0.11013388248197391 0.03645118381015917 0.06301883043344 0.062170513959198405 0.04450453114551084 0.10646199094938895 0.03751704964118953 0.025746980773274388 0.04139996808256233 0.07228080606048931 0.06642083552573866
 0.009596160071220905 0.0378813007363614 0.08941568247689505 0.09877594930751826 0.08020170422483514 0.05777472168319705 0.044096851160284875 0.04347367861220374 0.031773382761268745 0.03950986310869231 0.04800322030696543 0.0669159082288123 0.09280445437434609 0.01700426233893528 0.08816043862134158 10000.0 0.11210060530893615 0.04763914102999998 0.07029098716912657 0.09125618136451377 0.07026215467638597 0.07758704350625002 0.050845318942504096 0.0708825671320797 0.03730321108360909 0.03812063359444191 0.08673410174765021 0.07006159877220412 0.045974987445608295 0.0859773646355485 0.044570594499025375 0.059571358856584204 0.042015507370112504 0.045068197258602546 0.044555318788440844 0.014685228507661354 0.09100077416790071 0.020952590307830067 0.11520685347726317 0.06623696804273461 0.07927244667531184 0.03477151336109006 0.07822995931135217 0.06683586037251328 0.022290181356674012 0.042408781873547644 0.1133991054619594 0.07477935147682546 0.035544311684856784 0.06982314143125432 0.04921351406977272 0.10377759524987547 0.02247677076223351 0.09053981276692451 0.08182855987011509 0.0787955883625301 0.08205299049630135 0.08037456899343348 0.07806670865818521 0.0841085116899933 0.07577101528128923 0.06397915877716656 0.06453257238480321 0.06984000479749221 0.09765599350791161 0.02908747862781263 0.049635484287400056 0.04516352694871719 0.05172989228139209 0.096133080231255 0.08781993266423455 0.04469068275254874 0.02176506207220559
 0.11119103843560547 0.10280170397411154 0.04477036204612861 0.06863770037994504 0.09919239331866372 0.06424755140763275 0.06853217595027508 0.06967811894728775 0.08215659145745152 0.10219061751791404 0.0935951327222643 0.056297814558557396 0.019604142458737425 0.11061065571025035 0.09454211520553808 0.11210060530893615 10000.0 0.07484680620111557 0.0970010517103343 0.06082163481169686 0.0804419784365548 0.03883867673117553 0.067109595331557 0.04213966946163335 0.08804094682632647 0.08197485707684203 0.05356048984705467 0.05762208537789761 0.09282887448118977 0.038006364339237445 0.06762095257252473 0.05646214766287765 0.07190828273421726 0.06817670077032172 0.08698812445858474 0.10084259574206289 0.021466730887047602 0.09437565090231423 0.00559582180247878 0.04694587888320327 0.07901370254285384 0.09687229850665535 0.05706782040117214 0.06303746152894331 0.09112896077765917 0.07005980497769582 0.019856901950241077 0.061484741860842226 0.10505800596785693 0.066319636203833 0.07600475046556437 0.015324202408747406 0.09834430020141531 0.044619202689406307 0.047917171911080435 0.051842511090534664 0.09944601439479328 0.04653491385844033 0.05520113193398412 0.07510315024867727 0.060512182692298674 0.04814389234580257 0.07109859911075891 0.06409925631785421 0.0317707337329288 0.08902540521920776 0.07718382420444525 0.08719824244106687 0.08577398988291975 0.07194134850717085 0.05314336827833866 0.0674099225568852 0.10195814318953408
 0.052041006257330234 0.06404759368279336 0.0711777257531812 0.09177538603289681 0.09295776297139262 0.04932096576459661 0.01880275588930817 0.031464773431311426 0.018333081722337396 0.0647855341257847 0.06496723471003973 0.020754687397393744 0.05559907366650805 0.05598053686093567 0.0964444452236637 0.04763914102999998 0.07484680620111557 10000.0 0.0843941274923844 0.08153318400369602 0.07452784505156662 0.052163832814519404 0.008559190826679997 0.03391109623716432 0.01354341685133817 0.044609411718690255 0.07344741581640044 0.02287200985405268 0.06273674258050074 0.04139219497504708 0.021984996437884086 0.042255747652498656 0.03372530368802612 0.03195771749402802 0.056688818808075976 0.0331257779202693 0.05375835133185483 0.026691405756903812 0.07928491644094944 0.0400735123536581 0.0812218691877784 0.056928180993313364 0.06709364635722642 0.05922343401772257 0.026307109612674493 0.028363535889133654 0.08296201517398315 0.0664866316314445 0.06403777616713899 0.02244640961298314 0.0031492353278822507 0.07171775775450494 0.04816442496289121 0.07224092087918561 0.06498139925339655 0.0642374743521744 0.09445139409455695 0.03430476897122123 0.06569977386166158 0.08305387103990156 0.028133325958447156 0.0322541441358207 0.017870829884998832 0.06324762898382713 0.07286457295758689 0.043038126715074614 0.05268739891034986 0.013205569586293464 0.062167083822113306 0.09125630321747975 0.07426094141305659 0.02419630091229529 0.051452077069896386
 0.061574614900944534 0.03302971155388274 0.05363987986357334 0.042436875925415 0.009918386169888124 0.0397835387473814 0.06606325985196411 0.05324376664551655 0.06961459340550914 0.031328360895202245 0.02259691032756043 0.08954166118548774 0.0850465032548869 0.05483188390409169 0.018821731856342377 0.07029098716912657 0.0970010517103343 0.0843941274923844 10000.0 0.04199912941491552 0.016560356415173838 0.060654493832881184 0.07927603463152547 0.07555720798778207 0.08571881693623735 0.04063093918510222 0.04534347617248192 0.09461425020854565 0.024838263271925766 0.096198437343627 0.06307181978074475 0.05018671337584219 0.05074015413016174 0.053090211045274886 0.028878036223916947 0.07343071312017672 0.08415711614149723 0.07275784724261397 0.09658632451121062 0.060399002321624005 0.020594128683284026 0.035637740801834156 0.04003909773847872 0.03532240955541024 0.06873845700047924 0.056223263043730064 0.08567713206227799 0.035518384443362215 0.03591002930125339 0.1013388487520604 0.08753066028263226 0.0823204255057279 0.048474281008237724 0.05418259614767667 0.04914642569378688 0.045162205618390495 0.011763865053552711 0.09689264889761895 0.04183209526011183 0.026620621492685806 0.10292164143583067 0.06743078101812668 0.09969537159101088 0.03327553222728461 0.06726710563984369 0.0460771336180327 0.031857478112554384 0.09305052020557905 0.022386688681134692 0.03807501507825019 0.04613352024785413 0.06090679845979329 0.04854321719518743
 0.08530925425825428 0.06314105854873896 0.016768146497251786 0.010592684033526253 0.04083062913314132 0.03505683621193155 0.06390289969042623 0.053933735766765065 0.07460058533560761 0.06175873523077994 0.05042757206124838 0.07635739799866792 0.05499866771251873 0.08082453794843956 0.03430852083597072 0.09125618136451377 0.06082163481169686 0.08153318400369602 0.04199912941491552 10000.0 0.027495651408185297 0.03470712294801331 0.07364558798056685 0.05674972555377848 0.08913835623425258 0.053157282350744926 0.009165280839494338 0.08097214309089558 0.051145891796831815 0.07362496256620363 0.06086534623404827 0.03938749461406874 0.053458882088257685 0.05267503082631486 0.048823216214348035 0.08740343075378515 0.05489200157010602 0.0835162412805686 0.05896694960486835 0.043163299541100784 0.02144518374459913 0.060751544648237475 0.014567800758769728 0.024869738061070297 0.0790047796041054 0.05675106074552376 0.04580426140279005 0.016694134717397724 0.06624019050218595 0.08998790659815215 0.08441952497221837 0.04549874972632172 0.06975560355039914 0.016581091574333517 0.018349687271562717 0.017604461478669425 0.040608035739217216 0.07782697042901913 0.015834599614109927 0.015828299731984956 0.08857666391927871 0.05214071967609664 0.0909573073783132 0.021482118107815345 0.02906217031701691 0.06216877055104068 0.0417299171934304 0.09382412914791548 0.04309178356226421 0.011951934838869855 0.00889328615949153 0.05890601516104018 0.07199194255028692
 0.06281577520319816 0.03727224773953656 0.03732431528495009 0.030917618579423503 0.02062890450685867 0.026305934771743773 0.05573662011791939 0.043147512052893064 0.06213574702112257 0.03572665304602801 0.024393841085409616 0.07666311004678311 0.06882722971034066 0.057187955128874673 0.021925751118318907 0.07026215467638597 0.0804419784365548 0.07452784505156662 0.016560356415173838 0.027495651408185297 10000.0 0.044502318344178685 0.06833042967813902 0.060968679149963505 0.07817691142044654 0.034596627916004964 0.029310972343015416 0.08172403957426412 0.025682263320579223 0.08125786173574634 0.05257328911971144 0.036183408373808505 0.04122500184120115 0.042571825999501 0.025706985527793495 0.07001170720921551 0.06801466729043462 0.06784823866293326 0.08004740753084527 0.04558545354206095 0.009060138037743299 0.03655630139603395 0.02350658510656653 0.019594668736382662 0.06346046991276569 0.04628548231925268 0.06940460400761315 0.018958143760112976 0.040435381950194735 0.08921423857127564 0.07766826624172923 0.06577491115473118 0.04780595345135824 0.037933093124140206 0.032593329172331244 0.028601902699451294 0.02160177035074415 0.08270496211964105 0.025276302290286327 0.01461428010261158 0.08999898053082421 0.053347129917000864 0.08830953726283211 0.01700413074290505 0.05088430021712628 0.042396390139894054 0.023127456404124423 0.08470398723879571 0.018610403753784324 0.027287384757792583 0.030184806640968898 0.050356738876764076 0.04914075330814164
 0.07503891794014218 0.06402845162640482 0.020183971485626433 0.045194063756457556 0.06474581698234247 0.025410501826015827 0.038108957439330404 0.03412999695647113 0.051562892565526056 0.06338068210597148 0.05482752567261705 0.042667283750910424 0.024397828631258205 0.07343024751187133 0.06261587829675926 0.07758704350625002 0.03883867673117553 0.052163832814519404 0.060654493832881184 0.03470712294801331 0.044502318344178685 10000.0 0.04364919025820432 0.022430420077996636 0.0627002471060205 0.04390695503327552 0.025546563674312028 0.04697110009053557 0.054007131939643044 0.03921312654375929 0.03591339849272023 0.018513854394238197 0.035658939984140874 0.032532706672362396 0.048157001952041596 0.06872756290424967 0.02351817108703894 0.0630526309806497 0.04021002347463354 0.012555763227275741 0.04570292338790013 0.05828657251057478 0.023619413375275813 0.025414418074454728 0.05902277543427734 0.035532083634852045 0.03584085163371653 0.0265928463300152 0.06635799768959433 0.056311465777197166 0.05460301385065853 0.026973478867082543 0.06103408229271086 0.021092329203865258 0.016389385268927633 0.018345323596236196 0.06541055555641768 0.04312036963162691 0.02153956328713741 0.04380157283840393 0.05423647544190657 0.020011753869748548 0.05809190590423835 0.027498258383142078 0.02124223956748833 0.051707052895985546 0.038347651345581345 0.0652955780102781 0.0471016893397557 0.04643141673264586 0.025940171160866193 0.03476571374186153 0.06447272376091336
 0.0538276895320365 0.06183632358019514 0.06282101483564227 0.08399161504325808 0.08742359828505866 0.04251240862857591 0.013365363499047926 0.02605763761575601 0.01931006122156901 0.06236851956359612 0.061118021998584134 0.01613706241678328 0.04768057558298772 0.056749407593755664 0.09023553140596154 0.050845318942504096 0.067109595331557 0.008559190826679997 0.07927603463152547 0.07364558798056685 0.06833042967813902 0.04364919025820432 10000.0 0.025621164347647805 0.020958992052051335 0.04081186918359652 0.06538458436961532 0.019848610664320497 0.05899382630132475 0.03555788041992909 0.016221063632781637 0.03465126202459646 0.028714276044145927 0.026197818940854094 0.05260973933916442 0.037006059365554136 0.045824165902593736 0.030265993642440547 0.0713806321983094 0.031666160934430025 0.07454404039693384 0.05456220091326015 0.059318848908639525 0.05204946617643832 0.028614854070071857 0.023177570134932213 0.07456765717096703 0.059010018632914045 0.06224330459940356 0.023075693032452386 0.010993230527223308 0.06337499316887968 0.04745829415580901 0.06387249829527437 0.05677560136465246 0.056216594930526234 0.08883403631498026 0.029530669451055393 0.05784027093000543 0.07598652018485877 0.026971069491669847 0.0237062900546504 0.02047386824573264 0.05605477849978229 0.0643066264231015 0.04095610784473212 0.04741988666598365 0.021763129012788214 0.05742705291977234 0.08366685227719513 0.06616739387812923 0.018370249826731907 0.05101571800931861
 0.07115488977219422 0.06914672956246916 0.04258103219871247 0.06732183872014054 0.0815703790510225 0.03586984317245464 0.026815280089817338 0.03125182481601613 0.040148382609130104 0.06904357153550064 0.06351016911494418 0.02041747174862713 0.022535920305718576 0.07180748574247373 0.08139651091502816 0.0708825671320797 0.04213966946163335 0.03391109623716432 0.07555720798778207 0.05674972555377848 0.060968679149963505 0.022430420077996636 0.025621164347647805 10000.0 0.04649804379742139 0.046476668970096925 0.04766449506079683 0.024556844143660432 0.06197163580862691 0.020810004959615325 0.026454322993438743 0.025434986178688345 0.034076384878323415 0.03006675906062873 0.05529714182389378 0.05891837129269857 0.020672947762645697 0.05236068251253658 0.04607504372841533 0.015403077623646724 0.0644441144602444 0.062210190333562974 0.0441916211325196 0.04158890047017583 0.049314084897018995 0.030553344558929475 0.04907964913751262 0.04587216213694889 0.07066728134084439 0.03397601905209135 0.035673341199731694 0.03780792752426706 0.06017433024138777 0.043453557617783335 0.0384382088615578 0.039536258191515926 0.08256845877048262 0.021900404798713854 0.042247217153690717 0.06382236184027346 0.03185864287300405 0.00879787364455443 0.03620816760226204 0.044946254816912584 0.040644122598212824 0.051346737881086 0.04667988546347057 0.046940198654010036 0.05715385883050674 0.06819827126871712 0.04815597708622447 0.02677013377061188 0.06394106539656044
 0.04342842084652808 0.06091936882211498 0.08059271611673932 0.09895995655114684 0.09493598466276358 0.05499155715154434 0.025424169504053087 0.03583825672005797 0.016157655041919187 0.061961501303301865 0.06451840922631837 0.03420428777540375 0.06863840948494074 0.04864410216261183 0.09974714919933933 0.03730321108360909 0.08804094682632647 0.01354341685133817 0.08571881693623735 0.08913835623425258 0.07817691142044654 0.0627002471060205 0.020958992052051335 0.04649804379742139 10000.0 0.04509240186750214 0.08170775051518218 0.0358551570442585 0.062185827837098605 0.05490436070627929 0.028333379097148198 0.04996364907149433 0.03719653637652695 0.036856144644153856 0.056960649794160406 0.022696247287891925 0.06678262273542647 0.0175051125345668 0.0923392720373496 0.05020741938679996 0.08576753423802588 0.05433897724455896 0.07457163906224956 0.06536022497766365 0.019309310904604665 0.03278526781713054 0.09519324342385124 0.07318378062132265 0.06024845496104211 0.03339134757581075 0.01356430907129803 0.08410783152323055 0.04343473143192487 0.08170046716930181 0.07385235138838418 0.07249290032542298 0.09657140144398338 0.04763935809993954 0.07344335299983767 0.08846342181167043 0.03995127335560732 0.043444497041413226 0.027692158567247 0.06932627039894462 0.08382976030443118 0.040848003496970875 0.055242664277127235 0.00840580590608353 0.0633798757930948 0.09789153691890705 0.08261505005434244 0.030237602975150168 0.04611630101470764
 0.03290326484094091 0.02273995458026522 0.05212650812616068 0.06099218919351078 0.04988445073076484 0.0204116012888557 0.02753169039148211 0.016055936438551806 0.02898551369471233 0.022788907065878352 0.02039065759977331 0.05394723242117354 0.06442732961949463 0.02994526802596807 0.055303897947400295 0.03812063359444191 0.08197485707684203 0.044609411718690255 0.04063093918510222 0.053157282350744926 0.034596627916004964 0.04390695503327552 0.04081186918359652 0.046476668970096925 0.04509240186750214 10000.0 0.04875193351305641 0.05877915635894146 0.018210092953433493 0.06646044446424697 0.025070641248068397 0.025565277773243054 0.013030260950472246 0.016821091056659965 0.01210858883313139 0.03555530710588569 0.06288212796482506 0.03328077679501923 0.08392203045246331 0.03537611762265238 0.04312705940480586 0.015734476011009545 0.0402075546634462 0.02876798842746585 0.028942116733561462 0.01817574564034222 0.07908858271927872 0.03666047949682185 0.024195242768074412 0.06380357843026427 0.04768375138000481 0.0708743246849052 0.017692318033771946 0.053220076081345845 0.04457333351781443 0.041211489066883406 0.05154712619006066 0.06434648905332757 0.04017244288952708 0.04718952222522087 0.06680392428176858 0.037748272040737205 0.06113492497650297 0.03172029934097807 0.06185120017524571 0.009068403187608154 0.011917233287574016 0.052464281378495535 0.018295402448497016 0.05864778884924323 0.04984524647873961 0.023243169885549676 0.020819491176000727
 0.0815273402163294 0.06175329634529038 0.00879359202061065 0.0196702264410856 0.04602068261953027 0.02920674984161264 0.05631346775181378 0.047236368166579425 0.06772678670267711 0.06053140685621598 0.04955893899788495 0.06741551791587964 0.04627115712157214 0.07768266736754496 0.04099478125368591 0.08673410174765021 0.05356048984705467 0.07344741581640044 0.04534347617248192 0.009165280839494338 0.029310972343015416 0.025546563674312028 0.06538458436961532 0.04766449506079683 0.08170775051518218 0.04875193351305641 10000.0 0.07197501660138299 0.049862918638088144 0.06448352863579274 0.053376106858195195 0.031744267070117495 0.04714781157359126 0.04586522877376393 0.04642760679118999 0.08165808544680764 0.04606714072359246 0.07731923159605399 0.05227175095580692 0.03441061601285612 0.02581223945198115 0.05837789600700268 0.008565516800295641 0.02002342474145153 0.0728511031783738 0.04986861240040379 0.04039126134903151 0.012809490038922334 0.06473179262857674 0.0810676226072843 0.07626170355272159 0.03831680342618612 0.06604208225866527 0.00906378042530552 0.009226719129018499 0.009237660018562858 0.046117767174404065 0.06866688279668196 0.00874601141519332 0.021543495517754647 0.07951304846921793 0.04334481035958493 0.082206539425012 0.017716660531059893 0.02231227042091513 0.05781516572025733 0.038131847061670644 0.08598259644744691 0.04170447779519278 0.02101462624164466 0.0011000789040142018 0.05152475174927524 0.06863316193757436
