NAME :TPP_input_20_5_1
NUM_VERTICES
96
NUM_CLUSTERS
20
Full Matrix
 10000.0 0.0021727958741756238 0.035437755877904424 0.06132383044660155 0.05842195057350697 0.05383591797206084 0.06968006216608029 0.035410784390172166 0.0722426264735933 0.0836715341581223 0.05983172121073296 0.03600410811530453 0.07155546160724542 0.05753038706143478 0.05206650140318632 0.08230148530027293 0.03888198194716153 0.03732543100369836 0.046211838985602105 0.024137169131971604 0.05428280232037538 0.04134565768589125 0.018741702565582954 0.04944717249329736 0.06252135572459294 0.041501505298968844 0.03156057293248366 0.07328221117139838 0.013529967151131448 0.06461780191708091 0.0867391899120291 0.06336976564879869 0.05825138133970415 0.05945064421047584 0.04330892465381572 0.06582520731371225 0.05057954629867774 0.05969802301101095 0.06069932391291267 0.04816243857366514 0.050072041087849274 0.020154563041174706 0.045287309794189365 0.023844488823062972 0.08215238293249266 0.03539404298778174 0.01640159795382457 0.043793063323725366 0.06762449016598308 0.031392697676547135 0.024263821123743666 0.042517636732251105 0.03877814152458179 0.06347635273406116 0.03332912531124895 0.044919473609618225 0.060782968033945686 0.02143641227230178 0.05690486684392846 0.04776207914156644 0.021773621766921644 0.044300893865966536 0.06039996298014764 0.022688006797691836 0.03407894353896478 0.06729632394235478 0.025380688827312266 0.08239540563173703 0.041948271160623336 0.04945064986121945 0.051269773079697496 0.05780122806787889 0.07821922840539401 0.008344677692031881 0.02278475776597419 0.043020852679421635 0.04179775656077047 0.0630969550750742 0.025229120158954718 0.0787228792361902 0.06257557180942044 0.027876074052426515 0.058612623327264385 0.008685504386354846 0.05803442538410961 0.031946062773754016 0.056855083943817816 0.058548997601043797 0.04012372502637356 0.0600892299900832 0.04710857189857519 0.05644683186744361 0.035580379861118165 0.06708174709590163 0.0312636908807738 0.062196584223608235
 0.0021727958741756238 10000.0 0.03394680942331179 0.06201723650060837 0.05743346977467449 0.05291642668785072 0.06804819534652963 0.03427315811327243 0.07035749456295932 0.0816446611418042 0.0580478587605049 0.03383153509616054 0.07020864058366058 0.05650870658200854 0.049965102634824864 0.08030578055534976 0.038179502225264735 0.036180316021714405 0.044044310507840974 0.022190672106084896 0.054022215546248954 0.03921623104828256 0.016649768868472657 0.05024687728768547 0.062065176940779315 0.04022606846490659 0.03252726856517975 0.07116286450094055 0.011984411464355912 0.06251839949376405 0.08486730177073279 0.06227244654710119 0.0563363825407719 0.05734459620621015 0.04113836689961486 0.06365874180846973 0.048409126265701256 0.05758698885005126 0.05860004903867424 0.04647159203532968 0.04822662642636501 0.0181044908840916 0.043390451903343286 0.02461225168197452 0.08030949538495681 0.033425519562002286 0.014389365978154578 0.04280466657486211 0.06567864353907545 0.029684308108555157 0.022956424174106663 0.04101594880532592 0.038696327303423685 0.061307685573735525 0.033335251745027814 0.04287180677740814 0.0595489484124383 0.023590693296726126 0.05475546088563217 0.04597278246212877 0.020473328607729994 0.042449940847447284 0.058421597867028566 0.022523356684050914 0.0344590375217105 0.06521972831364958 0.023263632350474604 0.08042977581816209 0.039787454029617385 0.047280288186725646 0.04910941692375693 0.055686206219566395 0.07605277589643036 0.008291778280165769 0.024529586654260235 0.04104742736820938 0.03973731176285645 0.06161173786182174 0.02377569820102401 0.07656197153999449 0.06313540400543924 0.027019880483706762 0.058254110099615175 0.010457971690853581 0.05626429832415239 0.029815959114638836 0.05624005664250272 0.0573860552926435 0.03834361160148203 0.05889443310471171 0.04504767870733386 0.05484595907459623 0.03685334508696751 0.06491390562654888 0.03266035936377542 0.06036636375021104
 0.035437755877904424 0.03394680942331179 10000.0 0.09428746690108744 0.07684286533297885 0.0735848467665613 0.07599789830701129 0.007121678970334509 0.07162026465512279 0.05349566890448444 0.0637955052213029 0.02710481283803713 0.08330825502268725 0.07559700337459853 0.0459406688789522 0.07667669235381462 0.06270596532397532 0.007459377198550244 0.03541848657822477 0.015250794310952458 0.08084942548368666 0.023282571203189974 0.0215409384234732 0.08305236716702147 0.08678474651810761 0.05829493095991872 0.038218771720476774 0.06219357555485813 0.02196252131978345 0.03864108516445999 0.08510578986751723 0.07983059813581281 0.05870610114262621 0.03455027874526693 0.03277429735332903 0.04551824418938078 0.03762218973937693 0.051277355549368374 0.035228227797236396 0.01376721161671045 0.05421527342196572 0.03207222718066709 0.04915531463485164 0.05778211154080892 0.08180098004306083 0.040459068680184576 0.02164891667712587 0.06390329183741288 0.03615675033703375 0.006369416869653026 0.04509483734084049 0.007080782025484873 0.06771198235608768 0.04821524462146868 0.025231757214195835 0.02048590621651792 0.07545167641701017 0.051232278018371775 0.03575378649131601 0.05387500192913074 0.04357895916751126 0.049703813946730346 0.03029628359853025 0.052602444203805984 0.030988743552457017 0.03993215019834821 0.030692111894160122 0.05073589386399449 0.03397327970567458 0.03684339889772741 0.04020578051710982 0.03372435557284167 0.06154831085333392 0.04095382071797309 0.05811299709369817 0.016276533063592096 0.019278346928971124 0.07318958055957248 0.010216655463043438 0.056086856302702305 0.09480016327740269 0.05207697151142578 0.08404816395592761 0.03726153790346393 0.024089295061456736 0.02019966711510944 0.0798304441909631 0.0745311998871054 0.048434750519649246 0.0754330456455665 0.022561275510379394 0.0651505141465521 0.07073907133877776 0.05146132753700359 0.06660644946913973 0.028886827299693014
 0.06132383044660155 0.06201723650060837 0.09428746690108744 10000.0 0.046542602169291146 0.043455468053349246 0.07257029901691624 0.09592192676912699 0.08471946655454957 0.13095708408793957 0.07244465635379997 0.08033778808358014 0.0636801629503917 0.047196699750645825 0.0826515235092077 0.09795198302375707 0.038941209062884244 0.0977927749815903 0.08511068733011865 0.0797308498684609 0.02659168808962233 0.088961566977292 0.07310112014735141 0.012173147004901349 0.032851594598732645 0.05050074142846636 0.08728672993336573 0.0996525204901654 0.07325092369858022 0.11034056498328274 0.09477595951419236 0.051580500184959056 0.07687040546165422 0.10544595024733103 0.08379419748740029 0.10541227015929935 0.0890369101678131 0.08866519630823491 0.10689504575416979 0.1047003034701558 0.06949231387983472 0.06433427486077571 0.06902807093233719 0.037481610872798984 0.08990856272703786 0.06716842584906162 0.07264574066521147 0.04411541315127887 0.11857318361147032 0.08878863955208338 0.052119489994211454 0.10103977715353593 0.02892467274153018 0.09847289154361653 0.09381851839199434 0.09524978525340727 0.05458609540013385 0.06142293064890943 0.10023855134022512 0.06641445454329682 0.052630213473253785 0.06695886450808732 0.11104680465216049 0.0418102944388887 0.09317105307363376 0.11385598364220784 0.068464671464185 0.13184616262285512 0.08106452953249278 0.08817941901687537 0.08751450233301246 0.10351329564001943 0.10996002760830112 0.053987145293586905 0.044358797216347536 0.09553313926559963 0.09218210053074095 0.06363112696715048 0.0846973574012061 0.1175492042582074 0.004169430560274606 0.04510269781031931 0.02933382636806353 0.06503027056410088 0.11301842811827877 0.08160231590832848 0.03593489147776793 0.051585360100248404 0.06307170063145846 0.05312134451070915 0.09670098705059622 0.06415241859381676 0.029140080121739707 0.10113979020437301 0.03397783510367029 0.11596811248725716
 0.05842195057350697 0.05743346977467449 0.07684286533297885 0.046542602169291146 10000.0 0.004958273475738213 0.026093345466896786 0.08165100023055034 0.03899785710004988 0.09588838393731744 0.02841048057763182 0.052775806640799824 0.018041205699485627 0.0013438810115528356 0.044933913810280335 0.05208365751383486 0.02054312577119552 0.08309178721097019 0.05190938146555195 0.06211188298610716 0.01997737195905913 0.06101014971915887 0.05711551146089739 0.04500579011064239 0.016219090203961298 0.018656623389329583 0.08994751365957046 0.056706752829544245 0.0629296676721591 0.0764713654856648 0.04823763387106659 0.005984781047884976 0.03440567668736632 0.07254579026065396 0.05212260604079657 0.0682140358249099 0.05440502434011786 0.04856718916005821 0.07390504799847308 0.08195693999848468 0.029903641515871982 0.04600490046388789 0.03240624817339631 0.04534556276112316 0.04339448460297811 0.0373310108197992 0.05863197758944039 0.014631576028894219 0.08780490354105953 0.07047345088729737 0.034919961042220025 0.08179145234855237 0.02803043171390611 0.059738633330211205 0.08891568291228973 0.06793366492848604 0.008085330403531005 0.07307670249629616 0.06635750223821427 0.02783232497049534 0.037288688883863545 0.030750216341685576 0.08103405651186239 0.03810204098079845 0.09122824524619626 0.08011256305115505 0.04618507103253726 0.09838232922088179 0.049404620046261775 0.05395867470199817 0.0518691235941985 0.07073748921176366 0.06814267066920993 0.050611921241473005 0.05884285769701712 0.07016350317220049 0.0656752438951042 0.017364979179104862 0.07048036644605019 0.0784201455684151 0.04352053573407336 0.030606683997237875 0.017771657130119335 0.06651954163782528 0.08708897989425927 0.05779790412079934 0.010680543223355314 0.0053569491152041125 0.029659480765040394 0.006636988532619396 0.0684069015890355 0.02023305588140495 0.05251339542668226 0.06148476473231044 0.054168800999764045 0.08829212821307203
 0.05383591797206084 0.05291642668785072 0.0735848467665613 0.043455468053349246 0.004958273475738213 10000.0 0.029275040646139373 0.07814222950800316 0.04133726268576542 0.09527070221418119 0.02969845341701141 0.05038212154324013 0.022550912864365304 0.0046571711286393785 0.04435819943402313 0.054551397212391245 0.015631404466521295 0.07963699963035911 0.05047010260394514 0.058661658995214715 0.01697502541504448 0.058832398459778563 0.05341396362270922 0.04098380077075823 0.015741447113447802 0.015344057876690914 0.08539034888708118 0.05781211303779129 0.05885749936765896 0.0754858052679834 0.0515554604463759 0.010856892462240097 0.035099884671809474 0.0713433712599419 0.050399792430865384 0.06782921993429308 0.053296548997246215 0.04869045465074645 0.07273297736183618 0.07934690053951413 0.029483916698388388 0.04226776256566652 0.03121708093109099 0.040388034310037735 0.04661431931421607 0.03486643164669564 0.05478198339686752 0.010221214843075175 0.08637861392123705 0.06722375597510308 0.030680433313647778 0.07877758761107692 0.02323139265116127 0.05963085930067165 0.0847568328827178 0.06576618511721687 0.011640889040371636 0.06816572989729737 0.06526794376550747 0.027021338375108755 0.032985577835861195 0.029389254785692553 0.07942796244300583 0.03321575574297852 0.08690935665786399 0.07913596454502314 0.04289722043098005 0.09748478516309025 0.04762238215167303 0.05275878669479946 0.050932971235637295 0.06949299878222477 0.068949159590643 0.04593088326965881 0.05388541622126544 0.06775209889998994 0.06335840673268578 0.020235532448122973 0.06683475504225439 0.07856381775548664 0.04070885504405607 0.025965653150211113 0.015923752767914887 0.06183787583910704 0.08493936614215683 0.05497886436462775 0.008821545311832229 0.008459681798461778 0.027571704827769522 0.010213020957883618 0.06639168893418414 0.021311787153741508 0.04775461558873136 0.0616308387846594 0.04930285928370571 0.08639762474063746
 0.06968006216608029 0.06804819534652963 0.07599789830701129 0.07257029901691624 0.026093345466896786 0.029275040646139373 10000.0 0.08225319134116466 0.014250189023441768 0.07940763108497177 0.012277563116885463 0.04893796739894057 0.012793704013048433 0.025376702714794724 0.03258160771455442 0.026538914075099174 0.0402844594047802 0.08322738134011898 0.04284973689019671 0.06376850562677805 0.045978754185384094 0.054850785307193894 0.06104520020240405 0.07007186658951514 0.04160970260967686 0.030375138407908918 0.09924786998014198 0.034977897787568366 0.06911998043550871 0.06259811377917289 0.022281569567337973 0.02182498916252361 0.018438470752817373 0.06002192529927885 0.0445793499422731 0.05200793587705557 0.043208786849318594 0.03201610921863309 0.061131489570530786 0.07663281438839217 0.021925128384068127 0.05162576906033226 0.027163180008340088 0.06445576758928709 0.017348873752458176 0.03710961631019211 0.06348680349909658 0.03276154093289923 0.07553703393374306 0.0700340951367705 0.0460012620573602 0.07901501560669946 0.05071498487678329 0.042935309462897836 0.09428892857788207 0.06102319985517942 0.018010753215264273 0.08845283670849126 0.05374501227414864 0.022994118925256272 0.04840336553690184 0.0271251072978158 0.07006293608373809 0.05502074990276997 0.09798652100518361 0.0659849195826475 0.048833565775077546 0.08309848763803519 0.04264204401383546 0.04330816787419323 0.04014148469820327 0.058563371215444256 0.04691026660561288 0.06355464582596723 0.07736664860501016 0.06448323532531185 0.059839649400345404 0.009097755796391434 0.07280449254054734 0.059330355945616337 0.0696088688823429 0.04564424489228755 0.043800417443014675 0.0783631548251141 0.0787670623550548 0.055832776957833875 0.03677314775281754 0.020987225467636282 0.030183707735434714 0.019468884409907152 0.06058713917342451 0.013284517838744944 0.07469934923293493 0.043373453649934245 0.07525237612932195 0.07848483283043432
 0.035410784390172166 0.03427315811327243 0.007121678970334509 0.09592192676912699 0.08165100023055034 0.07814222950800316 0.08225319134116466 10000.0 0.07837826482002365 0.05886449919587316 0.07012579237009144 0.03359844561849126 0.0890722909264481 0.08044145672090072 0.05277299901660638 0.0837032235138583 0.06636970849667705 0.001917026284268992 0.04234902850050299 0.019550064654983792 0.08424413630432483 0.030336172917967426 0.024925702895737006 0.08435537838947146 0.09071288878227296 0.06300363341729391 0.03251411888708436 0.06930773148643785 0.022672437697170734 0.04517750326358399 0.09199460468450037 0.08496002736453438 0.0652616480965528 0.04130319306486041 0.039631526124572734 0.05250134854532147 0.04467938203486366 0.05828282514629167 0.04189993022333276 0.018579175620256155 0.06037035693407778 0.035998474464657176 0.05522079580360835 0.058779760733837255 0.0886045350336132 0.046080715416507274 0.0242065801663695 0.06823308640214842 0.041447331939480844 0.012255302634327959 0.04867552400390956 0.010635919248934565 0.0703948200016541 0.055334623683938364 0.01869505838799911 0.027560522618973356 0.0807690096182596 0.04858519802498645 0.04278251776548554 0.05982050417354809 0.046906811187122886 0.055621218469026464 0.03621425531024008 0.05474008312906325 0.024573854321110627 0.04621612849578093 0.03555948296688255 0.05563479143384024 0.04067731099189041 0.04388017146657224 0.0472183445882813 0.04057678888834979 0.06860356697944725 0.041987667220083354 0.057455850768371036 0.023312896316286993 0.026399288478221882 0.07903031383389386 0.01162310298115481 0.06279256697109907 0.0967320387944999 0.05537775118929289 0.08771534997333309 0.035536020160996946 0.028527108124854882 0.026474386030469026 0.08392488844579837 0.07965956428512967 0.053978807421828534 0.08066049340788506 0.029591772433276466 0.07103134563307896 0.07098604523377532 0.058571880617027845 0.06660048409178287 0.03354498482641129
 0.0722426264735933 0.07035749456295932 0.07162026465512279 0.08471946655454957 0.03899785710004988 0.04133726268576542 0.014250189023441768 0.07837826482002365 10000.0 0.06698627863720094 0.013591321459818095 0.04492752719164753 0.026979954964610708 0.03807044156102461 0.025733949648171914 0.013235428342366318 0.04941320605216142 0.07905979988739222 0.03643635030478896 0.061492598964712965 0.05831204767616234 0.048880965667283505 0.06022504391913595 0.0809422805749721 0.055019618303696456 0.03794788899209783 0.09953196034249613 0.021334793141206138 0.06896587801217233 0.05183169750247207 0.014534532004648115 0.035498129047460816 0.014123325096481202 0.050087492824279045 0.03888291018686673 0.04047735538179575 0.03538774353221875 0.022115967071162985 0.0510085898597082 0.06980389770952644 0.022252023258440286 0.05260735141873292 0.026969437412807235 0.07157669255019908 0.010340530797212626 0.03712213363894873 0.06298454881353426 0.042277528846398654 0.06513955482320298 0.0661955893649191 0.0504664236942646 0.07345305658126718 0.06048887354645307 0.03160875459542256 0.09255739794539089 0.054153753276003226 0.031056076016486116 0.09251810381541892 0.0441194799171578 0.024898046283433565 0.052598420317881776 0.027978530497607443 0.060511054666572674 0.06152259645811955 0.09689842821020489 0.054963961228392665 0.04853092732047241 0.0711244341350921 0.03770302432333023 0.0358229157822445 0.03237747519693731 0.04889670963715069 0.033171479870699294 0.0673930866676844 0.08363335618637352 0.05808093356929464 0.05365987573069329 0.021707585523721745 0.07032349251561337 0.046187861538409675 0.08204536410643955 0.05206197866528282 0.05673120290757016 0.08081243810559786 0.07027200223916172 0.0521830092544044 0.049549003335874656 0.03366316395226522 0.03242109886160725 0.03243541249916336 0.05323420189349064 0.02097351321789037 0.08330316723653348 0.031251561318393656 0.0831338111977418 0.06923431620595343
 0.0836715341581223 0.0816446611418042 0.05349566890448444 0.13095708408793957 0.09588838393731744 0.09527070221418119 0.07940763108497177 0.05886449919587316 0.06698627863720094 10000.0 0.06962154975738784 0.05135598902038889 0.09160991403131703 0.09457442246260987 0.05097272439204465 0.06197284111863757 0.09254910020805601 0.05775524363114428 0.045969834701575396 0.05963263423781886 0.10937635389194196 0.04347509501707997 0.06506608031054074 0.12208536704068997 0.11100167116716425 0.0822904932534729 0.0913700615806739 0.04617996321026616 0.07115395972730919 0.02062920369780205 0.07340948085515932 0.09546684522083722 0.06276293276773794 0.025652924482746895 0.04716306292691661 0.027832319822101964 0.04237111248784424 0.04807618536201511 0.024218110813544937 0.0402853243370983 0.06599113212939918 0.06922041073904446 0.06415655092057553 0.10043379804200614 0.0732664927174036 0.06383970607262991 0.06727001799649267 0.08924314235165116 0.017417518181682967 0.054206997253847644 0.07949820554578561 0.048242148265961994 0.10203514652594321 0.03674877602530982 0.07728178813538907 0.038798706188068736 0.09016958479168233 0.10298979779210618 0.030750908991763914 0.06826094511932869 0.07959127018464987 0.06608775534494708 0.023596453271348364 0.09175386120537381 0.0831952483523948 0.01719616546939422 0.06399060191023066 0.006006587896063455 0.049898610913690154 0.04309797905479937 0.04443984780044605 0.027568631569743266 0.03566799933416751 0.08579046980357881 0.10564030071039474 0.040795096928563965 0.041974879118470504 0.08280603750532246 0.061811655901143576 0.021668387666261633 0.12998434513339535 0.08612721592837717 0.11041033987141496 0.08831744123304724 0.03073254590521016 0.052483608274109125 0.10387399370501575 0.09122875023476046 0.06894565605500265 0.09101966543043376 0.036691719958703926 0.07645847408259615 0.11472772304478633 0.03603610456845003 0.11170839088032851 0.025693067144309314
 0.05983172121073296 0.0580478587605049 0.0637955052213029 0.07244465635379997 0.02841048057763182 0.02969845341701141 0.012277563116885463 0.07012579237009144 0.013591321459818095 0.06962154975738784 10000.0 0.036707474616451755 0.022417598539622222 0.027266490767177017 0.020699141504892837 0.02633022482781085 0.036041330626679136 0.07106121485983444 0.03069095338314192 0.05189804172038145 0.046469719638740165 0.04259267927652315 0.049587716516331745 0.06793206797528435 0.044603531561318514 0.02440908249939811 0.08836895003592721 0.02829653660410592 0.057953667692768655 0.05169416084462123 0.02738948968603648 0.026471008677206826 0.006909579216113967 0.04870341576509142 0.03233130390443461 0.04183158954705884 0.03134902342989511 0.021549041920341058 0.04989127172606021 0.06440089532167148 0.010176416631616862 0.04082597653288391 0.015439229514770659 0.05800365186633131 0.022551920806961376 0.025702662623514443 0.052157208588946236 0.029108826929694246 0.06429901193462961 0.05788601159387941 0.03725219211981646 0.0667399969398333 0.04720177370395589 0.03287641795117824 0.08266905396019693 0.048829000669177544 0.02130642634913217 0.07960994503407286 0.04236885488590315 0.012075403305943882 0.03947524938870883 0.015824360327425693 0.05848441615124091 0.047985137438947625 0.08658031025354845 0.055198186374462374 0.03746429711779451 0.07285480145426827 0.03036570597219029 0.031356716588554934 0.0283235417138175 0.04714028174602562 0.03979740980994941 0.054471615166403926 0.07016881476191143 0.05223586018691853 0.04758517066306528 0.01318864876180219 0.060921166248532686 0.05073982088880399 0.07003183205044985 0.03850926494971346 0.045566786872843754 0.0684874607156011 0.06680566237550015 0.04366736149490676 0.03836947315954478 0.0231507833415037 0.019708302170781244 0.02242545015521987 0.04846438606175913 0.008390276258834314 0.0697408366730917 0.034013145341068 0.0695424942624148 0.06674577808906498
 0.03600410811530453 0.03383153509616054 0.02710481283803713 0.08033778808358014 0.052775806640799824 0.05038212154324013 0.04893796739894057 0.03359844561849126 0.04492752719164753 0.05135598902038889 0.036707474616451755 10000.0 0.05683625778003617 0.05145542775991264 0.019734612547946034 0.051448040973234396 0.04323633291580591 0.034429803731521436 0.01073985506988449 0.017212566633253792 0.06124387607120264 0.008783224161379858 0.01838081977360225 0.07092518355022458 0.06516290507498872 0.035304456494362264 0.05667420303760798 0.039141724436337275 0.027181422906117313 0.03089947534036504 0.05884677072666096 0.054805685148432065 0.03166338350632962 0.02574025281024909 0.00765680559561171 0.02996951334982471 0.014795886461289392 0.02633416788762888 0.027158327939835452 0.029271016705373354 0.027305708761852 0.01819481136197612 0.022441068174037612 0.04925122814130569 0.05522153467848981 0.015515848473089856 0.021324036789028528 0.041907871258595526 0.03825911301362687 0.02135131787240814 0.028332906601741394 0.030286004754668593 0.05153134566605091 0.027701896478258742 0.04798298386778216 0.015576606680782834 0.050018062062256535 0.057287491005529476 0.021714092287514183 0.02733041989215592 0.028264449471037376 0.02329945754451609 0.030770209063947618 0.040397874996910374 0.052700724691419704 0.034175110398563066 0.012705036928752985 0.05166703428059623 0.007463107592106606 0.01368407330690942 0.016093411072423913 0.02385537979651717 0.0424797916398211 0.035796200882214045 0.0558492901187763 0.017392049204613593 0.01298691517646549 0.04664681658163999 0.025618039398151753 0.04298244959833004 0.07975303262188471 0.03523619340942768 0.06337913333082988 0.043014092618004485 0.03465092916271182 0.007263224481879691 0.05789916563277468 0.04960946522216663 0.023154369909029374 0.05022960065679956 0.016609799784185843 0.03859965063832105 0.06356967003631185 0.03132721799372285 0.06082129360543757 0.03656236879468544
 0.07155546160724542 0.07020864058366058 0.08330825502268725 0.0636801629503917 0.018041205699485627 0.022550912864365304 0.012793704013048433 0.0890722909264481 0.026979954964610708 0.09160991403131703 0.022417598539622222 0.05683625778003617 10000.0 0.017927262931874202 0.042989103837813465 0.03867494866132076 0.03685643273530754 0.09024476926718503 0.052487353348860594 0.06985724139216985 0.03748849883246828 0.06377680048830833 0.06610941081374486 0.06297040711123099 0.03130664465907951 0.030103931400990748 0.10243260806075978 0.04773445152185874 0.07336241168627673 0.07408821792508685 0.03231588350177083 0.012290669689872252 0.0292953223705384 0.07111387745002326 0.053729078189307944 0.06396691969865625 0.05358569814479191 0.04372491207009319 0.07230743048305907 0.08562050923137104 0.029758645244646536 0.05567286590479591 0.03439721457031767 0.061993933805059236 0.027955393195603587 0.0429947514343616 0.06820530270205405 0.029646465063945873 0.08671209997941308 0.07709270406396257 0.04729167531126648 0.08710514650656129 0.04572430983060936 0.05492321453019071 0.09923332766845264 0.07033933436062063 0.011516122906246812 0.08841776723361795 0.06477596959414772 0.029521402628191088 0.04978188122177376 0.03363870267240095 0.08081731528275782 0.053651827252547656 0.1023458093323259 0.0775721115080869 0.054077334769263415 0.09506898891995016 0.05143738435887871 0.05350666651374957 0.050606874859451915 0.06953554166012292 0.05966582210872002 0.0644725112284045 0.07540331331186727 0.0734250187561552 0.06875352426241352 0.010195085142504452 0.07878404393672409 0.07189294559703166 0.06034833226279127 0.044962795884298384 0.03435378615024004 0.08007947403320484 0.08879018858509932 0.06319795494009717 0.027965041647944028 0.014526780945029771 0.035164292027317606 0.012695074061946195 0.07020875968835885 0.018236682152535683 0.07025464339205105 0.055656303051818595 0.07160979744759226 0.08897082960171804
 0.05753038706143478 0.05650870658200854 0.07559700337459853 0.047196699750645825 0.0013438810115528356 0.0046571711286393785 0.025376702714794724 0.08044145672090072 0.03807044156102461 0.09457442246260987 0.027266490767177017 0.05145542775991264 0.017927262931874202 10000.0 0.043614734036132016 0.05119711840185106 0.019958123672666944 0.08187329480466206 0.050565775598162645 0.060897619447750226 0.02060554083225486 0.059678048960027624 0.055947622616884414 0.04533254286694303 0.01733704855280225 0.017472340426625516 0.08903241470725204 0.055560459682340996 0.061845619246771386 0.07513876983906256 0.04759037389343856 0.0062738994880471985 0.03318883578018043 0.07120654163370602 0.05077979143505076 0.0669115966980367 0.053066770168161706 0.04729979377963511 0.07256660298633526 0.08064591227678818 0.028585815685126182 0.044850079390248355 0.03106368123009504 0.04490993854269755 0.04271188939025292 0.03602020737458579 0.05749462792292356 0.013750085109098965 0.08646220289840416 0.06922777931512088 0.03390594317852277 0.08051566745684204 0.027888487105137794 0.0584550213722583 0.0878494852398079 0.06660047748813747 0.007402733235566486 0.07244914663024954 0.06502080182534424 0.026496607279613716 0.03629319473649961 0.02940634653659123 0.07969017717313445 0.037452793977128716 0.09021362501488536 0.07878054151009041 0.04495322200502298 0.09705450148507011 0.04806278409833793 0.05261829146489109 0.050535735076535894 0.06939723088173656 0.06695869430677949 0.049777897437677125 0.05840460704046987 0.06884139184944617 0.06434874167273133 0.016525808382061868 0.06929729495960117 0.0771628655634881 0.04424859243056906 0.029768766198978617 0.018660772838224277 0.06567899374799939 0.08575391229513737 0.0565075615106047 0.0114913251682583 0.0044274029171822125 0.028331691531479835 0.005936230438491059 0.06706874026963935 0.01903919275723769 0.05241041159718805 0.06022398356913947 0.053949403394215494 0.08695051176203973
 0.05206650140318632 0.049965102634824864 0.0459406688789522 0.0826515235092077 0.044933913810280335 0.04435819943402313 0.03258160771455442 0.05277299901660638 0.025733949648171914 0.05097272439204465 0.020699141504892837 0.019734612547946034 0.042989103837813465 0.043614734036132016 10000.0 0.03177815195798202 0.04372163727711328 0.053392803566697455 0.010735813208781966 0.036848388872130565 0.05915204603653037 0.023175677210231484 0.0368535272224866 0.0754645252423574 0.06009963700459632 0.03235571257616263 0.07602022891766046 0.02131182693374949 0.045836060787322525 0.03173685794345834 0.039246141558607464 0.04484886208992562 0.014144090940852314 0.028277378527408248 0.013168317277138313 0.023495934703330442 0.010654554808838597 0.007690500664978766 0.029538205565423938 0.044474120180030975 0.015030861787975401 0.031987087697423255 0.013706333427321377 0.05870339113594578 0.03586188679188656 0.01823421161952032 0.039783247529367294 0.03915404791103124 0.043859670865632 0.04067364283742887 0.03562000661875763 0.04775450591463359 0.05435492059983031 0.015828090235299793 0.0677175685839358 0.0287706031102525 0.039568222591674154 0.07340320628528495 0.021941083860428857 0.017342996493926663 0.03690847219694915 0.015761104745911945 0.03782821145017059 0.04857392061300776 0.07240119227913455 0.03534629752959254 0.02671535181567245 0.053500461959654 0.0122898278228736 0.010728667070898394 0.0076265774107600725 0.026624204785981976 0.02846542750516746 0.0493633838172293 0.06834606648999376 0.03252585157866929 0.028017811710670804 0.033224322006936986 0.04535191966369603 0.03494931480645566 0.08108932148564633 0.040421246408325034 0.059749426264133654 0.060057616174230485 0.04618703904847741 0.026955215976106405 0.05304037111641377 0.0403811068743195 0.019655967477305213 0.040302999080516815 0.028130186196876406 0.026022460275100755 0.07243169737408217 0.018574012868959808 0.070824847563807 0.04604673047738747
 0.08230148530027293 0.08030578055534976 0.07667669235381462 0.09795198302375707 0.05208365751383486 0.054551397212391245 0.026538914075099174 0.0837032235138583 0.013235428342366318 0.06197284111863757 0.02633022482781085 0.051448040973234396 0.03867494866132076 0.05119711840185106 0.03177815195798202 10000.0 0.06236822886940786 0.08410940866971814 0.0414856161730135 0.06861619291044571 0.07152325385572747 0.05339693061717822 0.06845064961257268 0.0940995016341935 0.06797697893533221 0.05069834926877146 0.1077463751058689 0.016770662194105262 0.07740384983894119 0.05030494854374651 0.011440151325397094 0.04828744930055242 0.024709410520647207 0.049896275681257325 0.04438472298641395 0.03844175574300049 0.039076141491666355 0.025436586782036516 0.050494192125649276 0.0725200762980557 0.03351341068184069 0.062236366694278795 0.03747840596198722 0.08377909692709795 0.012319877170020218 0.04692333881546411 0.07134419814458977 0.05535187476613519 0.06359178495872711 0.07189217655206276 0.061917917870692 0.07734831778632048 0.07351064172431025 0.030901729607281967 0.09937756725378377 0.05746279075456292 0.044071902070583806 0.1031461013206321 0.044761034564299015 0.036508467600397165 0.06388186554605903 0.03888887253380997 0.060327524162466825 0.073597128116417 0.10414839439797263 0.05287466299599772 0.05753779752145535 0.06684542095565904 0.04398523738335936 0.039833472402505565 0.03648625061151168 0.04915152865253172 0.026352569563952394 0.078216292715539 0.09540036329452978 0.06168730478432854 0.05770313344652079 0.034726897908346016 0.07701786935808531 0.04033716990802386 0.09525964270411603 0.06423711261357413 0.06984710942432437 0.09067057971110216 0.07108100176641803 0.05859616340889598 0.0626873271234457 0.04677609621565861 0.043616906865991956 0.04547929874703965 0.05607018944256256 0.034119273831704475 0.0959364271474805 0.029066850499731556 0.09553117230367507 0.06912854392986464
 0.03888198194716153 0.038179502225264735 0.06270596532397532 0.038941209062884244 0.02054312577119552 0.015631404466521295 0.0402844594047802 0.06636970849667705 0.04941320605216142 0.09254910020805601 0.036041330626679136 0.04323633291580591 0.03685643273530754 0.019958123672666944 0.04372163727711328 0.06236822886940786 10000.0 0.06801986331071078 0.04657928931682916 0.04745905787704837 0.01830241414606123 0.05201955704739753 0.041474197048697224 0.03235237504605579 0.0244565868777461 0.012013961405402136 0.0703939751377165 0.06151492390021641 0.04550686318600967 0.07202853213151102 0.061873680948279136 0.026209378345848376 0.03917894661933557 0.067307831846174 0.04556183196073779 0.06653340373551254 0.05032731448578279 0.04991133042748835 0.06875347910316586 0.07049951951465427 0.031115014000948994 0.030633813754369982 0.03014948792304715 0.02514622286327715 0.05682218317415496 0.02880005882245885 0.0422790786448176 0.00753781903656243 0.0812414365446308 0.056498493284987995 0.01769584580253083 0.06861379564801724 0.011225949709102252 0.05953665476686567 0.0708813660611749 0.05873194244878842 0.025341434158601624 0.05253636442261144 0.061805815565525814 0.027937862252759862 0.019546777128268317 0.028082181797252827 0.07386195565649203 0.017593952456175867 0.07255605839466886 0.07561030564491711 0.03295503979017775 0.09383561344158502 0.042765298665288394 0.049521027574217794 0.0486664212273877 0.06537976351742632 0.0713304303395276 0.03074984802560189 0.03859452349923325 0.059839417385595214 0.05590288886735604 0.03149597956082929 0.054783889298701066 0.07860808220066715 0.03755451157916132 0.011358784700560192 0.021361942041435468 0.04658620567497978 0.07748955645180006 0.04611556857281729 0.018128779744334512 0.022389631443388555 0.024132577247015324 0.0241968432867993 0.05984532951913991 0.02856588627651716 0.03441777370618256 0.06224199011492021 0.035108480134825565 0.079747863510492
 0.03732543100369836 0.036180316021714405 0.007459377198550244 0.0977927749815903 0.08309178721097019 0.07963699963035911 0.08322738134011898 0.001917026284268992 0.07905979988739222 0.05775524363114428 0.07106121485983444 0.034429803731521436 0.09024476926718503 0.08187329480466206 0.053392803566697455 0.08410940866971814 0.06801986331071078 10000.0 0.04287777646168791 0.02098458141418797 0.08594151527535272 0.03071282992988643 0.026549832551250204 0.08624214402187082 0.09233099826988676 0.06445742307236985 0.033722012727773455 0.06950493078578583 0.02454975762174278 0.04459326273614459 0.09256498929995668 0.08632281301035298 0.06607567580847629 0.04087330506375139 0.040228397278458713 0.05227205139749356 0.045041990604266086 0.05872227654927218 0.041410034607120075 0.017517347386577925 0.06138183890201382 0.037571803344708776 0.056266630509198626 0.06067450795413104 0.08925075921828023 0.047277040828091664 0.025935753894517716 0.06976899092338017 0.040350604500377626 0.0132058798423051 0.050324110389939884 0.009554030614772457 0.07217312214034273 0.05541001850235411 0.01957588926224959 0.027524963232937415 0.08207902979066578 0.050384250495266944 0.04263004349740417 0.060915816633368355 0.04858992497600019 0.05672448077849951 0.03535774330605071 0.056561947293192305 0.025487600531293498 0.04549211117194635 0.03694355630363674 0.05439142204456492 0.04138987246149901 0.0442771952183 0.047649950644549084 0.04023019184314517 0.06847002681624423 0.043873581727044565 0.059367438290442436 0.023231691893477062 0.026579510600640923 0.08017259445835921 0.013361624973269691 0.06229361326227117 0.0985836379958916 0.05707277949401008 0.08937429635028918 0.03741881376024619 0.02725599542851645 0.027396706068243397 0.0855118947119635 0.08102065554743092 0.05520694132581739 0.08199547053855372 0.029473814104238542 0.07215609029603773 0.07290164305947384 0.05859052244877883 0.06851746610334551 0.0323001552607354
 0.046211838985602105 0.044044310507840974 0.03541848657822477 0.08511068733011865 0.05190938146555195 0.05047010260394514 0.04284973689019671 0.04234902850050299 0.03643635030478896 0.045969834701575396 0.03069095338314192 0.01073985506988449 0.052487353348860594 0.050565775598162645 0.010735813208781966 0.0414856161730135 0.04657928931682916 0.04287777646168791 10000.0 0.027731427801610503 0.06360511319042092 0.012446297796123194 0.029078888702120657 0.07668865976371708 0.06599957958799366 0.036581695554984604 0.06727645583634267 0.028457986157800888 0.03791776533956245 0.025495869535520344 0.049692060478810994 0.0527749229747355 0.02454367457208995 0.02098755649136424 0.003091239449481979 0.021138721017942196 0.004498059067703902 0.016072643415134532 0.022409001957421067 0.03385548695471752 0.02303245341656021 0.027157420407617632 0.019526586091530913 0.0570190232909389 0.046488569253595784 0.017945740120733505 0.0320317883108407 0.04353083483720592 0.03592518856187008 0.03041676584228627 0.03458070808747129 0.037024461072138706 0.056228459523366865 0.01726916068805013 0.058000302372862085 0.018186439408460528 0.047625098117390366 0.0676133020124605 0.015235540040203478 0.024306137409293275 0.03518068918264167 0.021168793136292965 0.02914913297785028 0.047442343977509495 0.06293855808527085 0.029110154944422192 0.0214472636842219 0.047443437123772025 0.004523280128811977 0.003400892052408888 0.005365383591404557 0.019097653662548543 0.032010459391063374 0.04510597658296934 0.06494487679365518 0.021822724788334993 0.017286653643066488 0.04243389947429655 0.03570409991926202 0.03410754880821413 0.0840423630206094 0.04070403153908079 0.06496102959806654 0.05352874681374107 0.0363079353815481 0.017393701506495846 0.05874896586776905 0.0479065833034254 0.023241092468095536 0.048141119521052614 0.017780770493190802 0.03471117036388578 0.07122951998222847 0.020870086098547982 0.0689463358621194 0.036759793447540066
 0.024137169131971604 0.022190672106084896 0.015250794310952458 0.0797308498684609 0.06211188298610716 0.058661658995214715 0.06376850562677805 0.019550064654983792 0.061492598964712965 0.05963263423781886 0.05189804172038145 0.017212566633253792 0.06985724139216985 0.060897619447750226 0.036848388872130565 0.06861619291044571 0.04745905787704837 0.02098458141418797 0.027731427801610503 10000.0 0.06560051661302078 0.018863463047607294 0.006643406307662803 0.0688063650086524 0.07158975039805925 0.043473365882199314 0.039548721508619225 0.056178471213150935 0.011754434924552155 0.04112414790407875 0.07567109596850759 0.06542192276363622 0.047743767227703016 0.03608359478711776 0.0246568835695292 0.04412676760423288 0.031331886301460825 0.043543000597140495 0.037231077688934834 0.02521222784831477 0.04186350184713547 0.01682794048339198 0.036606672480944166 0.04408217786617578 0.07183196344226163 0.026938687695649294 0.00789356420969283 0.04884057715463387 0.043490944038090625 0.009174483978563321 0.02984595550940178 0.02148552676514109 0.05263923057679959 0.043859063333931574 0.031064916499744317 0.02107960760255369 0.061281757767644704 0.04369608817653468 0.03454249544695951 0.04095495852659918 0.028366850347573906 0.03675455669775742 0.03627188554526997 0.03792180121338332 0.03556511543771228 0.04355849677784109 0.01602336062277377 0.05825874553253619 0.024653960517152594 0.03029111575980196 0.033083083325944666 0.03459018400695238 0.058441290142079855 0.027667293624344474 0.046622167274539085 0.018893601268334118 0.01810363084265014 0.05992145481884393 0.009036033065671061 0.056507985327883384 0.08004303391045495 0.03685363088476779 0.0688070809184636 0.02895701806014916 0.03447175792338618 0.010405506048729831 0.06468097368952758 0.06012316695027538 0.03469343453390694 0.061144898704702445 0.023354955290571924 0.05200268647250314 0.05771577535533314 0.04744239339780477 0.053972948186519834 0.03834051171112603
