NAME :TPP_input_25_5_5
NUM_VERTICES
121
NUM_CLUSTERS
25
Full Matrix
 10000.0 0.04882908517962498 0.07335582925879965 0.05977571634650815 0.05529076068669673 0.08853902528209895 0.10163680146418876 0.04091269736493794 0.05801166354053757 0.05266250081819603 0.07853803066888482 0.07122032673702532 0.08276302369781752 0.09366281397665319 0.05464803216467707 0.017106325254600083 0.029278272717423684 0.08401590232670537 0.07172997103198474 0.05017755298238938 0.026786186040738524 0.06367585620054775 0.06012515907516315 0.08028291172481837 0.10483925292012843 0.04683646563655149 0.09441701865251993 0.05595037778420582 0.04138820861065045 0.08350346332293239 0.051517518205153684 0.058839860385113275 0.03858296828600785 0.09154182660040529 0.06401298912589479 0.0773715048188488 0.09348347536563693 0.12231299127014916 0.08778760262021548 0.0834195225647525 0.06574483952493153 0.09933081295609372 0.02095857690637667 0.06435803133654278 0.06177633341265046 0.06293721961007731 0.08241613467460827 0.041229897619164305 0.08233696936015457 0.08500494981516486 0.06737426517824587 0.12038927930611686 0.09713175340995174 0.033786959301137884 0.057060332516517265 0.04913624370754542 0.08858553049851141 0.0599894211687692 0.08978304193897667 0.10230745699127017 0.06713804879214338 0.045876207279526945 0.09757020752297516 0.09837113343479412 0.12596820248144774 0.084266035864486 0.0847599025170014 0.08087572371099859 0.07580089897203819 0.050554518098789386 0.031135835306875675 0.03602294323599928 0.07535912872959001 0.06964016721139117 0.009409023738891404 0.07152145867142883 0.016774236255480975 0.11913383846100718 0.013310066195852465 0.014843508979683217 0.11829310758885338 0.10350033850336664 0.034041101000815165 0.009220745542208746 0.05674118136306459 0.08869282623873195 0.03689244459147746 0.09685165960186329 0.0902801672083992 0.08810920111837439 0.08471017396381435 0.06436308237212995 0.08624056519941879 0.08535174228166312 0.06993500832442938 0.03660639312436338 0.015675607184979398 0.05031320335055874 0.014689617713686412 0.08888399603630741 0.04918491361857457 0.08551532930732453 0.0947558938590277 0.06518928675309649 0.03618321316238913 0.10348439379888072 0.07829031441565273 0.06753408626554276 0.10871294970791309 0.06722151608852296 0.05100804331672681 0.08390603525308603 0.033225925585105134 0.0358016833190219 0.06458510550650523 0.06886797002769554 0.013507261505871664 0.08262085174296352 0.0565288280807835 0.10401835059747414 0.07797037758519523
 0.04882908517962498 10000.0 0.05782474831638723 0.029156184723332642 0.013899763540229293 0.08463833282525515 0.07882335959689366 0.032470044858406294 0.009194755077839633 0.015648272423994643 0.030453866121768536 0.030430520751782986 0.05827972730577203 0.04514011431540878 0.0062194198532304085 0.03298005144591679 0.03332089173009692 0.03641709148679856 0.02296875521919076 0.0017338006678782152 0.03957595506262107 0.041533359277340434 0.059042104719701984 0.03169194257114616 0.05721806605741073 0.01376899172292515 0.07214519633252275 0.0090920761542994 0.007448131412040884 0.034939416439810266 0.04090367417013694 0.01667851996844031 0.04113759853671357 0.06703783381717075 0.019722635870675083 0.031550216792915586 0.07418243206824332 0.08399396233840425 0.05087997953161948 0.034844458294600957 0.024387845460643577 0.05050240188758497 0.03675769603419268 0.03136772237470987 0.0414644317557198 0.024534204182916138 0.052240264213476106 0.03105261698252993 0.042763375170770765 0.04870775445270634 0.047927569963647 0.07937711006850867 0.04916378748440263 0.016744941954620837 0.04954098661993827 0.040597308851156144 0.07908817403936161 0.016715333239077368 0.056611323129860495 0.05549575522871933 0.06492433356246285 0.008818279960276695 0.054598684084207046 0.057573797410857455 0.0837599682807035 0.0373631304750268 0.05324165971142952 0.0351259511537148 0.027110242105192126 0.016668912109795674 0.01774431800453976 0.04618254800370714 0.03072342464400883 0.02423217652959377 0.04170376878803992 0.029325915955611813 0.032058664723609416 0.07834701121636804 0.04357389848818123 0.0489249444757161 0.07662882604047103 0.05491457524330021 0.014794460175927632 0.04115038538817897 0.016010728601024263 0.04740342248661507 0.015216687931834064 0.048928145746337165 0.04609708776228675 0.04119549960809172 0.038905753846014995 0.02471513868412642 0.07908655850291105 0.07404127304344882 0.0714106216481818 0.01354323633377931 0.03613103367009523 0.0072309245599234745 0.04361368167398637 0.04993397406484789 0.0072375678526702195 0.04198522790561197 0.09077744348484122 0.016360203610241174 0.020049165212619246 0.07926588146712002 0.03428353166886805 0.02533063657444379 0.06152856774273082 0.04046065927111718 0.05086667331376713 0.042560277027337196 0.023243192075956844 0.01784055281505704 0.029192291987107252 0.04803978589895399 0.038591860326152826 0.05342022327124963 0.04004463852388591 0.06380069313231235 0.06253607527501215
 0.07335582925879965 0.05782474831638723 10000.0 0.029610912462398328 0.045506087842204855 0.028708856212272864 0.0285951328997478 0.03399466628923285 0.0596069051818868 0.07346630480983635 0.05916367322094795 0.03961470095440374 0.014505373147191254 0.08084920089042408 0.05617210699446835 0.06934532764163585 0.044823002021795275 0.05912842594728358 0.06542598459797858 0.05682152022401336 0.04659987135761363 0.016460215310574566 0.019830368675412987 0.0717224293293979 0.0709517000891857 0.044509742186022896 0.02158527938165952 0.06459158605172724 0.05754457131675957 0.07387482234785774 0.0222288757078977 0.07319333011839387 0.034866624132742004 0.0203726004718085 0.046648111318704825 0.0804394727999597 0.020128337245209096 0.06024929625567425 0.03502696786553757 0.06456783953140727 0.041371516723485095 0.07934693012384558 0.052674277391843854 0.02967352825717738 0.01636697148131417 0.0812621057288119 0.02237654640076302 0.034344857277444775 0.038274658162360156 0.03301776959585646 0.010031825268536305 0.06324097635176842 0.08709784438864124 0.053007239262056215 0.016701873002115217 0.024412567996206325 0.02144543268586544 0.07261328822892087 0.029718849801045916 0.06575488284721012 0.018222499439863565 0.049692718832450605 0.05173689532934019 0.04744502985564599 0.070079493456636 0.05650902243232211 0.025130214420256473 0.051649130524231666 0.06226016191513734 0.07438960795853038 0.06047074725129459 0.03884582701891456 0.047485692378328816 0.07595432281367513 0.07377918297418191 0.08308226436981908 0.06411121250048171 0.061827195834822594 0.060183170475119306 0.06091497517422335 0.06287690045923922 0.07667169329699032 0.05844073157811622 0.07270949734437296 0.07320480177384127 0.043727863508293593 0.0504275483555032 0.0871330699090206 0.09413990659243673 0.05824223342765174 0.05314921434202301 0.03909163747789417 0.022205307619754987 0.01626427765052788 0.02454500208322916 0.0633988290483987 0.05908826595386872 0.05075213055467387 0.058892061287040706 0.03916543856759545 0.05059275066473992 0.09174183332468855 0.03417874862773257 0.06104505766067952 0.07181536907304857 0.030814594161677894 0.08510436308790743 0.0799375053984556 0.07153999453880897 0.01958783993182013 0.024461841256745418 0.04219033581077592 0.07317060368325948 0.06892407216976541 0.032870735554549356 0.010500014398202489 0.07391948129135768 0.020959518176611402 0.01905539857678976 0.049764705086067014 0.004966804373526113
 0.05977571634650815 0.029156184723332642 0.029610912462398328 10000.0 0.016010797055544496 0.05779777740128076 0.04993489004235561 0.021629587824226734 0.030013115395244015 0.04457209860065723 0.03292013694265002 0.015236616145220367 0.029264740625537747 0.05476603651623898 0.026725975393902136 0.049688429012837695 0.03190071470075105 0.035036048246021204 0.036644026969292635 0.027925940291144667 0.0372888423992837 0.013209896467226293 0.03674458339760302 0.04387530289095082 0.052500227741871644 0.017378510962985195 0.04310860519554232 0.03514874039308076 0.030654052101479038 0.04643948258288216 0.02013945202223082 0.04373448507134227 0.030074351287946777 0.03820444987940942 0.017772676031121187 0.051325115164741225 0.045026294675042725 0.06258032843160737 0.028011897821576558 0.038830871904523966 0.013544065747310804 0.055423370463348 0.03990601813154008 0.0046693044631587605 0.013968693132261394 0.05177194361230927 0.02457106684252187 0.020554367641118686 0.02330718028542896 0.025233171193015085 0.019585347222752347 0.06078458140791304 0.060699716378392214 0.029762529918377224 0.02657675011625627 0.021617764236596382 0.05105235732293189 0.04308526720480883 0.0307813069583076 0.048360045162713056 0.04080886050877398 0.022107100200747964 0.03942794748055235 0.03906913793788009 0.06661478778948493 0.03336709793179016 0.026291171597858754 0.028489488534417576 0.034657203306458384 0.0458097096797374 0.036742538077526664 0.03659321833026453 0.022839447428631025 0.046446679970608154 0.05660368041907788 0.053503665698633865 0.045645034820284446 0.05949758185301315 0.0487598691980154 0.05212731765592834 0.05887049031625898 0.055256614698058135 0.0339177269383322 0.05565945201709156 0.043890816232213685 0.030069000239070918 0.026434268050975384 0.06065781326325689 0.0654650845309274 0.03639115559216995 0.03149265629635169 0.010977181280972793 0.051642128523016535 0.04583156717554585 0.047912520432195765 0.03758245423453935 0.04410419488423214 0.021926410373312118 0.04794121603469814 0.02932669041175277 0.02201808026965553 0.06271125689259785 0.06358562819892874 0.031681020158063324 0.0460326171036031 0.05060898194516812 0.055814593187766534 0.05032698080330225 0.05495021032415488 0.011306996295775992 0.03189880490543121 0.02574316759192455 0.04820185718688522 0.04321045522390375 0.006254869920764127 0.01931448962326063 0.05525270072909302 0.025393892000362326 0.015476526717738017 0.04443611102170813 0.03402498093187289
 0.05529076068669673 0.013899763540229293 0.045506087842204855 0.016010797055544496 10000.0 0.07331502891884291 0.06507486621821905 0.026896240602700603 0.01417709731869776 0.02878739883524391 0.02475632963340948 0.017456440842960507 0.04464901804876904 0.044522267913556596 0.01071549638796418 0.04168664673706861 0.032574874850676526 0.029382856226794086 0.023489649079650753 0.012423977750923808 0.038995365109815494 0.029046106760192956 0.04992813217780078 0.03192819922910228 0.04986566131971117 0.008806489420000277 0.058498517188286546 0.01913824961777132 0.017717278228700548 0.03494653772480139 0.031803887793736454 0.027727754433298325 0.036434548575110935 0.05328511733262515 0.00875038280636593 0.03693159001589262 0.06078411545445097 0.07125602628808354 0.037444287260628616 0.03044165984578878 0.011363807349036716 0.04751176950074993 0.038693975879972045 0.01760684830521781 0.02942376129654987 0.03577613676391195 0.03834676625695487 0.02540606075996732 0.029773238101910238 0.035137162449442344 0.03547784573608004 0.06739970752815466 0.04979557448838314 0.021639672284713807 0.03986456254807893 0.03225219942519882 0.06694620521921804 0.02710890455963207 0.042808013618485664 0.04706130531595897 0.05499859559777862 0.00991270066561306 0.04320164791498212 0.04527353146598231 0.07228360932019846 0.029196270845210245 0.039348504630995304 0.025590611334227874 0.023986992074988486 0.030237904259778344 0.026645024171366168 0.042528811812587185 0.02010474072406509 0.031222624943419243 0.04985537591284434 0.03797956926162589 0.03909322755405258 0.06628110613915646 0.046979174387266356 0.05160718441476419 0.06487368750824346 0.04979098755658996 0.023405938562609436 0.04908953122280452 0.027894684618555418 0.03511557664036175 0.01841011396871861 0.049666151591494 0.051544626006601264 0.032987829369910626 0.029420136902130804 0.011097872476358106 0.06735717964926154 0.06176132673108562 0.06188237138182191 0.025122251970488844 0.04050478427980967 0.007042864895307492 0.04659377878767626 0.0369263795606608 0.007692792153392641 0.048285060295807175 0.07924355520496752 0.01731846388502106 0.032954558941930306 0.06544079874446218 0.04100793158733652 0.03459894121867709 0.053526803748251126 0.027136088500471535 0.04308526274675741 0.030190583978911514 0.03574320381651775 0.03037957362062395 0.01530222056782998 0.03530783383382565 0.0475020054216164 0.0395456122457801 0.029268342322261033 0.05138795439590774 0.050003119330914475
 0.08853902528209895 0.08463833282525515 0.028708856212272864 0.05779777740128076 0.07331502891884291 10000.0 0.03574799830114253 0.055835861023616214 0.08749199410573694 0.10020123814484741 0.08780996725387494 0.06828356002996369 0.03824503671130599 0.10937907509876796 0.08378313436684844 0.08936093297572106 0.06400187972635014 0.08749911553767789 0.09405131128133946 0.0838478255664084 0.06308549472500455 0.04462002170221895 0.02901595910065076 0.10043128508843117 0.09757052725463511 0.07091987774524695 0.03328880696245235 0.09211270979695411 0.08311785110002459 0.10257196222071709 0.04462324268322218 0.10067191661101751 0.05212805638134445 0.03726879890930068 0.07520320420791084 0.10899157394357348 0.027768267184632434 0.07687067333636935 0.060787369798520195 0.0931305743130912 0.070031959788422 0.10743861327595669 0.07016063724816682 0.058293886328478255 0.04393149010824039 0.10875063745688462 0.04821192772713166 0.0567504421207722 0.06576228359404601 0.059378717183217966 0.03841481198980096 0.08270492953675544 0.11565575341029068 0.07673874563378727 0.03601796482703329 0.045756915953713395 0.010260931534640942 0.10023638769721595 0.053550546362055064 0.09220189505716954 0.02187591000907542 0.07605639663777013 0.07723755160368845 0.07186711326280493 0.08946960578752708 0.08475912806334568 0.0503869210763106 0.07999647711451169 0.09096887879351086 0.10078782291507918 0.08388429053256034 0.05278507027936623 0.07607906362803667 0.10423644909708944 0.09162595499161962 0.11122620605728321 0.08379469290440057 0.08137531319312931 0.0754633151088064 0.07410746856561141 0.08332146206322297 0.10410867556360152 0.08248894147286925 0.09056034796120234 0.10045236075656261 0.07038601303733587 0.07480223852577374 0.11570298533051145 0.12281111539143912 0.08619949980390265 0.08120044293853006 0.06770924551978683 0.006995643181953098 0.014642416762190366 0.018836495824558926 0.08798648222985612 0.07702822509951573 0.07786649514857757 0.07403748118605247 0.06519607405402297 0.07753347095434468 0.1203317339716879 0.006420884873246724 0.08945537817351652 0.09600061556540826 0.03892519172900318 0.11357622635887006 0.10791338801654146 0.0974567788701861 0.048282085277705285 0.03870171245388125 0.06967730180978018 0.09669887737234532 0.09318226785373568 0.061508245612294524 0.03916319185900067 0.09284933983072134 0.04646494434360889 0.04459436816064731 0.07251297003613527 0.025423807378864904
 0.10163680146418876 0.07882335959689366 0.0285951328997478 0.04993489004235561 0.06507486621821905 0.03574799830114253 10000.0 0.06135899549642498 0.07778890036429992 0.09380017392243123 0.06928530879172264 0.052297091745194035 0.020705261427893657 0.08823833378208432 0.07543452055847745 0.09625986492912451 0.0726885957461977 0.06660927108275642 0.07910530503859307 0.07745339410844075 0.07498748899588448 0.03973674295326596 0.04660500833353126 0.08288678356487796 0.07018497138233569 0.06717310184293335 0.007260668549005963 0.08356297815974527 0.0805368793296532 0.08409830203419982 0.05013723113662669 0.0918289981034202 0.06334549034462175 0.011789842210340289 0.06262028384067818 0.09404933496389631 0.009547746986029386 0.04147966194136558 0.03581076215987722 0.07323632505254016 0.056802408700445 0.08383802970761399 0.08078205900628564 0.04747652500300618 0.04103472221242532 0.09951512993377427 0.02747641132752186 0.06142576605303994 0.04390302225322974 0.03596843509495772 0.0346905166607465 0.04826338387814755 0.09448304693707009 0.07817141747016065 0.04529496492600085 0.05250076210777691 0.025917570981634712 0.09086983155495679 0.02723609876847419 0.06478239246280885 0.042122993787244066 0.07203065601169013 0.04927526869665354 0.042809007212872605 0.05479681298797627 0.06343027387166411 0.027611749027147286 0.05967059560473427 0.07396107233603852 0.095312753516402 0.08556542374991351 0.06743799349704017 0.05805528190376758 0.09155340945194233 0.10143308174638678 0.09901316975301856 0.09129001482243053 0.047025525860719765 0.088571461104885 0.08948211036998271 0.04942635499713669 0.07838670518342485 0.08307025330732344 0.1003784583803613 0.09243154668393787 0.04556851485413237 0.0751557185313859 0.09464260081424909 0.10572801217071827 0.0634208275163007 0.05927762740362354 0.05538241129791195 0.030074382591652998 0.02388504913193792 0.04552183131175714 0.08727275682224857 0.08696419007205689 0.07162631502572168 0.08730980216723429 0.03986860751604066 0.07183665940930471 0.10451697792662916 0.03675236072231874 0.07680370145188921 0.09577766926227622 0.0031827006833995445 0.09914822150881425 0.09668655987431629 0.06872478429021238 0.038782519913822096 0.052866730595606176 0.04716424570817641 0.09770967988133598 0.09291763351786633 0.04989570428950111 0.03352572978114857 0.10119622791554983 0.025958312914181395 0.04562072314473963 0.04128684529154908 0.02454798774080825
 0.04091269736493794 0.032470044858406294 0.03399466628923285 0.021629587824226734 0.026896240602700603 0.055835861023616214 0.06135899549642498 10000.0 0.03870984065089945 0.04683006560669345 0.0508080290090261 0.03619799272397202 0.04192774829421579 0.07137305243210612 0.034295855137382134 0.03535382485190048 0.011639276354160904 0.05437946609517112 0.05023689715271061 0.03234196368710506 0.015939004492596675 0.02276833036478036 0.027818730026353537 0.05880500440509966 0.07335111823080993 0.01976373525252896 0.05409885941699436 0.04133409318665824 0.028713966326248435 0.06184094833516051 0.011908988246038955 0.04911589830776536 0.009549777673290485 0.05082837373958111 0.03407035251513034 0.06262578471178577 0.053832232762648556 0.08246838023830147 0.04860366768919051 0.05671011453806096 0.032552476309810965 0.07382436408385828 0.020003328695133327 0.026211504966266733 0.020874764888785893 0.05679968182202821 0.04175168084958797 0.0014996452309457438 0.044861900666689845 0.04576364685560371 0.026722547505360003 0.08166140868347405 0.07669181206323687 0.02102833292563112 0.0199254649923041 0.010196667576041863 0.05264564564977134 0.0491832308825248 0.04941481104612728 0.06952635521820692 0.034474923947392225 0.023810183582852754 0.06104472479277765 0.060380583551192746 0.08773336928489052 0.053323624722868786 0.04423558931228589 0.048761550359252476 0.05076811167956763 0.04679982268731164 0.028053390665799878 0.015832867914588693 0.042873550113369116 0.05596357333757673 0.04007431934101294 0.06168179492717267 0.030130292260145387 0.08033025981199578 0.028561356383111917 0.031127951141948374 0.07996702428130761 0.07503710329716803 0.02681302292077413 0.03901948111600859 0.04824257564473161 0.051663807706083385 0.01953556424943706 0.07656174206482062 0.07739016614536513 0.0567289412337346 0.05214922760396022 0.03027636212900607 0.05147077163980279 0.048366688361991046 0.04021855559278131 0.03248443625681376 0.025713358194095547 0.027478914066393495 0.0275237074146968 0.0505191953181965 0.026642658383190066 0.0736763414610597 0.06223355226130345 0.043734723531137915 0.040246336898451536 0.06298945390201574 0.06607854398304891 0.05775609863358859 0.07614569853759945 0.026641860502192034 0.01877963213909214 0.04737212912941474 0.04086318017959223 0.03746855965455772 0.02764888780379383 0.0280908678273125 0.03997619815616715 0.041837238282986355 0.01577622564090976 0.06545110475106317 0.03890094276940973
 0.05801166354053757 0.009194755077839633 0.0596069051818868 0.030013115395244015 0.01417709731869776 0.08749199410573694 0.07778890036429992 0.03870984065089945 10000.0 0.01691857023942348 0.02199264805098387 0.02654338264248718 0.057785250659781795 0.036009584259310896 0.004436969972776604 0.04200633558652113 0.04136177349361787 0.02817661732878644 0.013784560455209035 0.008009583125285769 0.04775982632364168 0.04315866911701116 0.06364391852741991 0.022563565616684086 0.048717527084630334 0.018953385685555584 0.07150777721317204 0.006019564209921925 0.016642394137129903 0.025813648822695823 0.04539807437437016 0.01404944447713419 0.04791499914285485 0.06605752911048815 0.01546914064904159 0.02392779572433908 0.07418483469655165 0.07852103627355528 0.046938129248705496 0.025933630830563374 0.021154635521797586 0.041320992600171 0.04550151701832258 0.03089183360955728 0.043594744153615715 0.021910556612998275 0.050485386899519244 0.037224232686995505 0.03828230991396519 0.045118789456375825 0.04957520759994955 0.07312600676317906 0.040214940284151166 0.025643325082575708 0.05370932904509941 0.04555339582960297 0.08105232661391815 0.013191649462468116 0.05363646620612547 0.04738956620694179 0.06896532213366842 0.015419990445427943 0.04816368086250229 0.0518977224712816 0.07705269239152664 0.029533730795602647 0.0509956635700494 0.028068342692554957 0.018144225115784864 0.01911132194727184 0.026897866214785054 0.05344163631168205 0.024620950219806984 0.017418650022775713 0.05075934681113461 0.023872321127855284 0.04124550717410025 0.07218704354658177 0.0526019237542682 0.05788096012484669 0.07020436984687431 0.04592514799137358 0.02398641958038677 0.05023662207010786 0.014720884271654485 0.04193299928157965 0.023672902620783386 0.03999643350393189 0.038690313489062995 0.03326421732647401 0.03165786484731055 0.02240682999058917 0.08152108565412974 0.07584247057476352 0.07576186114113459 0.02221665151501362 0.04522833553373853 0.011242142697289343 0.052585627167400666 0.045277613038835374 0.012152302192304742 0.03499407746103295 0.09341606048186842 0.007199085556004251 0.02739769083287533 0.07786282778358197 0.027461060098358164 0.020423503051009335 0.05319764936431486 0.040859358513771656 0.05624606449717682 0.037324496614119775 0.030866737947888783 0.025676920628164776 0.02809677400214768 0.04931906048296178 0.047537452531296355 0.05188584211910734 0.04333038635249359 0.05814947295136679 0.0640335720618734
 0.05266250081819603 0.015648272423994643 0.07346630480983635 0.04457209860065723 0.02878739883524391 0.10020123814484741 0.09380017392243123 0.04683006560669345 0.01691857023942348 10000.0 0.03674336290516745 0.043371521477494325 0.07343418075265824 0.04386964510935071 0.018408373708530372 0.03555833188466688 0.04519987274339961 0.043039380095342555 0.025264178012846847 0.0166837439365579 0.05083843796907776 0.05714434226674138 0.07410840405373416 0.03165405769158582 0.062366983066978375 0.02928212624955739 0.08727779861703826 0.010918819470354143 0.018213912037888504 0.03448018262702322 0.05615702956267093 0.0067934338204144315 0.0547337271157896 0.08201553763493631 0.03224863002493171 0.025245762484550835 0.08953996779976955 0.09522770310105105 0.06383401448248678 0.03909387353259685 0.03776856808067394 0.05132871760881722 0.04636002496925498 0.04637928615531996 0.057109568623496566 0.010910763101681143 0.06678401719001024 0.04550849046871445 0.055200324074578894 0.06196587740863216 0.06355157803179776 0.08948575816656103 0.04604515858249567 0.027590050174011605 0.06485098584369176 0.05564789641465849 0.0947360067268632 0.008312925596435252 0.07037527359128523 0.06195462839653685 0.08020512429756574 0.02415383834409292 0.06454844363883364 0.06860814668550494 0.093073206601238 0.044978654850340326 0.06749741487446977 0.044308359853432386 0.031726999378326896 0.0027740937162945927 0.02405341781356334 0.059014711817920215 0.04138293595988075 0.017776428933492624 0.043926706845781587 0.018882421407516146 0.03709882774233752 0.0886034292929074 0.05122938357811832 0.056867258293878765 0.08646604999972946 0.057740143162988394 0.022777292709567198 0.04373986822950148 0.004507312579245362 0.058741737490162586 0.027719277782965762 0.04571080215470751 0.03761901964550906 0.048455062626620596 0.047669573808371696 0.03871001785340813 0.09470996336155021 0.08968828097856615 0.08653430425908942 0.017562037056086176 0.043581245571263715 0.02274946668616934 0.0516718374525219 0.06219105629419892 0.02287381284257456 0.032872600100264146 0.10636891561747791 0.021552432314869193 0.016775957675704486 0.09406618170519136 0.02564784693986086 0.014871952569587158 0.0671839836478433 0.05583453596625754 0.06555008623032413 0.05419479408669409 0.020190074678313744 0.016864168410542477 0.04390959079302508 0.06362264434625411 0.04003748001479807 0.06808796418244935 0.05562544966384326 0.07484580623000746 0.07816243683668567
 0.07853803066888482 0.030453866121768536 0.05916367322094795 0.03292013694265002 0.02475632963340948 0.08780996725387494 0.06928530879172264 0.0508080290090261 0.02199264805098387 0.03674336290516745 10000.0 0.01955640615066072 0.05208712617541135 0.021954694986441054 0.024273895964458166 0.06331702266292603 0.057329045265918914 0.006308166445839332 0.012386239577056155 0.02887107922241442 0.06373915401916372 0.04450903976678519 0.06959166896346708 0.013602859119014129 0.026778549160570583 0.033479023217873646 0.06431955857935752 0.026741259406322476 0.037591736207729404 0.015032894643973659 0.052837922011478244 0.03119210278359555 0.06030320610395309 0.0584436920735273 0.0167409452932722 0.025428686901179942 0.06834547795237626 0.06018147533162935 0.034033576159556836 0.005964264240875851 0.01939196417255089 0.023020148250847264 0.06329462885663785 0.030549356425180776 0.04601663876079005 0.036405778892535795 0.042593882729261734 0.04936976448600411 0.025432062814349655 0.03339038511443986 0.049973064304930044 0.05345461808222681 0.028065714109651883 0.04490968617455426 0.059464729428770055 0.05400389304178545 0.0795158868431655 0.029648517284918956 0.042343385751535186 0.02546616742696147 0.07318841115165921 0.032913036957529895 0.028973211893540303 0.034196737291773714 0.0565619090610542 0.008469878770857586 0.04182190812769899 0.009933210296808272 0.005589847055232417 0.03938323485356277 0.0479233841139769 0.0666365158825468 0.011809596001086275 0.025286974577070714 0.07197056319669255 0.03229707374924312 0.061851742251203976 0.052698212451293164 0.07135459005016 0.0761723072708917 0.05028438525966824 0.025166681108220526 0.04478091570589776 0.07135693888262395 0.03300239531484078 0.025723620263319914 0.04209993195273994 0.02806957877626932 0.03647916196593851 0.011723660254531913 0.011998718406341128 0.021959601487290897 0.08110014824972431 0.0742058842885322 0.08034981355103551 0.043951095840487474 0.06451893308152708 0.028309200589353198 0.07106628810019928 0.030753416916467317 0.029455509951979732 0.03530102817395158 0.09296046424135965 0.015422757389769167 0.04936948322237498 0.06849152385703541 0.030595365592110298 0.03140746069742234 0.031205508024013683 0.03982428352307409 0.0646256991964101 0.02255393313351821 0.05285484850024629 0.04766449803582209 0.027423812429385387 0.048891635239040464 0.06899292441384547 0.044350835382838724 0.04838127453734017 0.04014046574518521 0.06251165572549786
 0.07122032673702532 0.030430520751782986 0.03961470095440374 0.015236616145220367 0.017456440842960507 0.06828356002996369 0.052297091745194035 0.03619799272397202 0.02654338264248718 0.043371521477494325 0.01955640615066072 10000.0 0.033498711220352695 0.04137728956690778 0.025351204872797493 0.058710578887984984 0.0453238986112468 0.020329153296129023 0.027076321441570222 0.02875171254219014 0.051226168024507 0.02521748338912435 0.05081570437334679 0.03231832064670037 0.037313102312453245 0.0246744309379838 0.04656790525883299 0.032551880536376365 0.03514558661758767 0.03431438510741898 0.03522509648715611 0.040259162277422725 0.04508345358934546 0.04083348629052808 0.011126713438827759 0.04222160424012598 0.05003897653072168 0.053819200398444914 0.02055208882371914 0.0250911367980672 0.006119236365436971 0.040894698091437795 0.05274116140136936 0.011687210871290916 0.02691568437443556 0.04760330238168787 0.024839809219182312 0.034959415598953346 0.01237155429400205 0.01859477555466638 0.030459078292838393 0.05004276071839115 0.04757009710129926 0.03834737105374423 0.040875355576100385 0.036819210379377326 0.06014929276280272 0.039133066175731215 0.02712515609093289 0.03333450449176287 0.05394886976930704 0.02725164378171625 0.026356559419074718 0.027870405640047245 0.055125106878285764 0.018328348276698696 0.024874656426466454 0.013367210773744077 0.022878250756523423 0.045369100700543445 0.04396204200405511 0.051608156166338036 0.008102176699019909 0.03926308251611191 0.0665871892098469 0.046720134969898755 0.055645162093775354 0.04889850991520106 0.061487346320803694 0.06545252844721719 0.04761015020443882 0.04013001234325488 0.04075156522096247 0.06575703150593164 0.04119872596933182 0.01777438987085999 0.034952572694491806 0.047589066182102874 0.055080460531394336 0.021187442992658803 0.016256167968679517 0.0068719650602602515 0.06161102716770602 0.054827482645719954 0.061112242188045396 0.04254417869734759 0.05584713516793586 0.024332798763544248 0.06085506358842487 0.01954809012640398 0.0251051961955145 0.05316542493116198 0.07350709925649095 0.024552777974026493 0.050187515561269935 0.05203357120419707 0.04721086574825783 0.04443004007606937 0.03995143955728993 0.020300964214862383 0.04688488238002785 0.012863715152370378 0.05309738446560231 0.04770068722521966 0.00901159219996069 0.02934045166082469 0.0645074854193792 0.02644006396232789 0.03000880339626028 0.033946774165000644 0.0430528729796979
 0.08276302369781752 0.05827972730577203 0.014505373147191254 0.029264740625537747 0.04464901804876904 0.03824503671130599 0.020705261427893657 0.04192774829421579 0.057785250659781795 0.07343418075265824 0.05208712617541135 0.033498711220352695 10000.0 0.07273762861739394 0.05516372076864749 0.0761615250048892 0.05351102375063684 0.050660731864709194 0.06056622801892428 0.056954441124222245 0.056610870549650756 0.019474998447656797 0.03416204750532133 0.06545748462507824 0.05932701709261117 0.04646847659486393 0.013865483597525234 0.06342071310007698 0.059835371368029376 0.06711995451491262 0.031620009665440624 0.07182561016701605 0.0454602955963082 0.009151823958399816 0.043002224060544936 0.0757198325609872 0.01657484792851423 0.04585051264751104 0.022544825300796784 0.05682688903060542 0.03721058266948273 0.0698864403028629 0.061804684953390206 0.027061367459648964 0.021097588269908988 0.07965996359332685 0.010082335737803231 0.04179155686694342 0.028066023614626078 0.021196085181519088 0.015522258873226748 0.04875813255605848 0.07906348447390635 0.057624462077942744 0.029085522710872464 0.034121237585400886 0.028674557843121447 0.0709572769611636 0.015811691812492115 0.05395706289417355 0.03261831303153402 0.051340994520014525 0.03909416941337624 0.03407763858363925 0.05560638770590115 0.04769561522689071 0.012143439808544836 0.043244173239278295 0.05614750488397762 0.07484979065364607 0.06497753063363883 0.05048055913845529 0.0403460904691371 0.0724587611441924 0.0817853172818439 0.07986845326162673 0.07136427884422407 0.04734569405193169 0.0700336164683596 0.07162770355459648 0.048471740195866336 0.06603926766613501 0.06242859232732764 0.08074963109612793 0.07228977804744834 0.03219488607127775 0.05455293833166626 0.07915922436626853 0.08836510524574703 0.048657067280632196 0.043852570914572356 0.035508418588232116 0.03124940809703029 0.02365987467977293 0.038572133552123654 0.06657307854066825 0.06763303988980765 0.051060924401545756 0.06886100863823595 0.026951071179784708 0.051229794681560345 0.08662678979525468 0.042357053235456306 0.0574888137137823 0.07507571509934152 0.021644670913592113 0.08069587469217156 0.07725485330843833 0.05927544899750439 0.01807736831675837 0.03737802632788075 0.03190026767210543 0.07703356688475237 0.07221795751496525 0.0296960248391894 0.013908735885292055 0.08127407209617561 0.00828860892198895 0.026234919659546434 0.03572685657781953 0.014164397629293012
 0.09366281397665319 0.04514011431540878 0.08084920089042408 0.05476603651623898 0.044522267913556596 0.10937907509876796 0.08823833378208432 0.07137305243210612 0.036009584259310896 0.04386964510935071 0.021954694986441054 0.04137728956690778 0.07273762861739394 10000.0 0.03994963836359391 0.07713297776587306 0.07640590640858455 0.022077081009915706 0.022280582085130993 0.04401841859246563 0.0828784787732735 0.06645352530181509 0.09149274527433336 0.013449114990716582 0.026341101764540402 0.052593239851096193 0.0840418455821331 0.037777192579802804 0.05254145125140999 0.010200704718360562 0.07448274464816337 0.037081325582186665 0.08092230701533765 0.07816611983854828 0.0377669282872786 0.02025545335957372 0.088509974892936 0.07041181225282467 0.05243780858468017 0.016293576144779817 0.04122379543430968 0.00910634904332141 0.08128784230563477 0.05250403455589253 0.06797123502586071 0.037740967981001385 0.06286142816827973 0.06989180514186301 0.044889152923923537 0.052557352654846304 0.07183636357496165 0.061664641418527 0.006325943903213789 0.061613939374895246 0.08134084814583724 0.07550286489515932 0.10078846403069658 0.0355637921690133 0.061016674801116166 0.029378381064557334 0.09514275811852238 0.05057755529103077 0.041536583416926114 0.048107220416847646 0.06242733966045401 0.02508273302912692 0.061607769395366274 0.029528953815296844 0.020632223245573074 0.046591997086316804 0.06257038402859362 0.08705107574154822 0.03337895560373431 0.026398515257764068 0.08588348486460311 0.029459547038872547 0.07698054318177693 0.06137362991419209 0.0885936295704004 0.09382447067510259 0.05822565678844063 0.017759054647010036 0.059830125822609125 0.08547416461377105 0.03936513729609795 0.04272970548179679 0.05943485211316411 0.006435715163119579 0.021127489696013867 0.024832285756310444 0.02909428087537819 0.04378914022592747 0.10258612051925933 0.09551328463470979 0.10230440518048292 0.05716597580579771 0.08123786476010923 0.045907558184247944 0.08854566873428257 0.04840030774251435 0.04702267855972013 0.02289452174549974 0.11435202750074826 0.029114976679711056 0.059966344988906274 0.08700027603912702 0.02343090023492531 0.031466222800267375 0.031220781152600744 0.06167816577073846 0.08623796559934471 0.04128680152470682 0.06353903067782825 0.05917933739882195 0.049373326970374075 0.0706915194580711 0.08234992552347731 0.06466649873072301 0.07024252067285365 0.05279359818417337 0.08398448943278279
 0.05464803216467707 0.0062194198532304085 0.05617210699446835 0.026725975393902136 0.01071549638796418 0.08378313436684844 0.07543452055847745 0.034295855137382134 0.004436969972776604 0.018408373708530372 0.024273895964458166 0.025351204872797493 0.05516372076864749 0.03994963836359391 10000.0 0.03907074106440067 0.037012605442639436 0.030203306924221986 0.017671649114599043 0.004597445959792903 0.04343070903601332 0.03971490225090507 0.05948732876894603 0.02655124580781216 0.05102071395049225 0.014555050005805125 0.06897754976859459 0.008426845553591406 0.013365055284355666 0.029792373821306593 0.04122784978562805 0.017025035459224874 0.04348133752464269 0.06365740778226145 0.01430603491172273 0.028358941583105438 0.0714065979427119 0.07843961746437365 0.0459032936700959 0.02881449153077794 0.01952399115712451 0.0448125298087937 0.041372220356985324 0.028110916817993218 0.03999777017379441 0.02509003325289014 0.04837570436949655 0.03281303628278282 0.037516078794663545 0.04388639096385122 0.046152070016530204 0.07354543892867492 0.04436422943721103 0.02169644242396666 0.049624215051152804 0.04130215923174953 0.07760014272335054 0.016469275484816734 0.052117724432385534 0.049276848609857204 0.06493355908881476 0.011018687426570861 0.048681028136865694 0.051907794358246676 0.07779465840249769 0.03115119778058819 0.04911412760997029 0.029013072811894136 0.021153463846734572 0.02015832305941954 0.023725719262929625 0.049007113339302494 0.02482278992702883 0.021734979973036573 0.04775945337179489 0.027941607385540166 0.03788149558714143 0.07254392622950602 0.04867567887984213 0.05387618131535593 0.07074074668315708 0.04890487743452077 0.02065244370953759 0.047175502454771076 0.017195825397443826 0.04178549440442145 0.01950966306227175 0.0441591156414017 0.04311921027856596 0.03497986454726743 0.03276662202710877 0.020321018431845864 0.07792612579260243 0.07243422645740416 0.07167026728302911 0.019762651578447837 0.04140736034013092 0.00681756933038117 0.04860254657631022 0.044642258663002886 0.007715351119493788 0.03938644648113248 0.08977436981372001 0.010840232578422147 0.026005822336971976 0.0756663548838874 0.03181944332692956 0.02431502749821945 0.05531329092043964 0.03782255792629273 0.05194693432852146 0.037011065857580336 0.029300509914175172 0.023933358207863877 0.02554073148920442 0.04601519779506175 0.04472530274942939 0.04968301260859645 0.03941753475024408 0.05815487484236463 0.06070130884249262
 0.017106325254600083 0.03298005144591679 0.06934532764163585 0.049688429012837695 0.04168664673706861 0.08936093297572106 0.09625986492912451 0.03535382485190048 0.04200633558652113 0.03555833188466688 0.06331702266292603 0.058710578887984984 0.0761615250048892 0.07713297776587306 0.03907074106440067 10000.0 0.025405033460021664 0.06910653355561647 0.055513360917295564 0.03448694155947785 0.026964486181140914 0.05669411924635011 0.060358120191033565 0.063856352077246 0.08998571809714126 0.03410361438011019 0.08901430609870915 0.03935738240049598 0.02572529078599757 0.06704208764233281 0.04721262358543268 0.04178262883659262 0.03723400689377901 0.08527035363359062 0.050106940017887444 0.06036245146711214 0.08908189550921364 0.1117091154033757 0.07711758956376562 0.06782445820434732 0.052824955972103134 0.08320127028498776 0.019867281677669154 0.053921965461022306 0.055241711116325094 0.045861100067256584 0.07386793474437185 0.03503735906540043 0.07059222182980214 0.07446756179681926 0.06160563823534357 0.1086991685281381 0.08036104233480802 0.02041687905805092 0.05459375279975492 0.045253641825196055 0.08743212790705357 0.04296525349719142 0.080465086823514 0.08790927423599364 0.0674867785225159 0.03180814720569925 0.08485066461874428 0.08650835690967569 0.11382692888746575 0.0697202024595534 0.0758453344079659 0.06681417670352915 0.060081425252693735 0.0334543947877461 0.01542646655224628 0.03761777820869584 0.06164653777686774 0.05264718208962282 0.008770139096924902 0.05441519219185969 0.0055852744632361555 0.107523318944068 0.01922658891291847 0.024444337654871327 0.10631834157034067 0.08788901723373599 0.01863914625628482 0.008348952909980441 0.039663220781045984 0.07648052044226758 0.02384559623872926 0.08006926936625762 0.07317458997765365 0.07358441496048691 0.07067023302966075 0.051893120853843414 0.08582063801925627 0.08342923016141739 0.07181611815845547 0.019986045619972935 0.013408947463194893 0.035760016321013124 0.020277282926681774 0.07752186925796484 0.034708784400948024 0.06840917004396473 0.09576744519158982 0.04920038035131005 0.01913311466393538 0.09766448848352045 0.06119308556379007 0.050430269647013005 0.09413162015529908 0.05898884380578991 0.05066066414712423 0.07157429375833771 0.016361637995860448 0.018702435350608556 0.053422442847968044 0.06273685924749445 0.005815439727353376 0.07441065482675281 0.05075960688261939 0.09245879911024926 0.0742547247705517
