NAME :TPP_input_26_5_2
NUM_VERTICES
126
NUM_CLUSTERS
26
Full Matrix
 10000.0 0.016619647882373006 0.03631451671575818 0.07418181416366108 0.04755856402010808 0.03970887389764014 0.05533537889552908 0.035534395337372876 0.07426674440526723 0.02949657644622738 0.06820916986465544 0.049387913245657486 0.012979408364498065 0.02619820646869305 0.054552385929142674 0.014862392004002186 0.03779296168446859 0.0121408370802792 0.06344236568358597 0.10073108144053633 0.05919437051310004 0.02064824393063323 0.006967838873351867 0.0743355420763426 0.08963149622453898 0.025626347943450575 0.04223007606326015 0.060489287725157534 0.07007428921480993 0.024189876008218304 0.06940883946224784 0.01755000846842139 0.06177950946190391 0.051955814981362584 0.0703547030518547 0.0780303731637485 0.041553012684803645 0.04488619640149512 0.028085256670791543 0.06347082726446691 0.011369771109849283 0.0271320703956288 0.03827492877992851 0.09338194956468122 0.0177466598003052 0.04958416677642753 0.05793685292046415 0.02400253616214969 0.039647358820373346 0.09210860067176758 0.05283613388476565 0.023557048643028135 0.04261980389880601 0.054284640815915136 0.05305158562639692 0.011203361026386765 0.07409418456724591 0.024613212027991712 0.038684311260453824 0.014717128240720915 0.046204257848043065 0.021087403020208454 0.04905512370276762 0.05258608804629584 0.0721029564712135 0.035197420243126484 0.010062073028707642 0.0430669594763506 0.01694484463572249 0.09103887925775585 0.037880173418071025 0.058445487989933424 0.0073098363400482865 0.04997878226094265 0.027004407884322384 0.0773364699984489 0.003954657504590068 0.01629021639710647 0.07773252959529087 0.01722778613116461 0.022179235491357058 0.0201582841125574 0.01672096120479652 0.023462349908767964 0.0679221788500262 0.009053649390809479 0.007552506868407208 0.02631026382591419 0.03450595449373001 0.02753108367404936 0.044288291340496874 0.04173095916373561 0.035906195100732 0.06923689175269404 0.021531571583842474 0.04751819355668915 0.0020871542387424663 0.06997989916602784 0.031250907848548275 0.01024659797446152 0.06174936083963757 0.058804281361426264 0.05773605582070185 0.014433555563401297 0.07464173328348646 0.026698853661405425 0.020274522921946887 0.07456202005964338 0.026776018719066243 0.02733196789630356 0.044833434725920586 0.07310394082657089 0.06463984439378505 0.0317654844629222 0.043196007815947325 0.0407795118625946 0.02057091695458557 0.020522327732592133 0.08937796003637098 0.04137206311757346 0.027508129885385493 0.01064165757788361 0.027426261319615088 0.08371913387168674 0.026091097117239156 0.05919564774993216
 0.016619647882373006 10000.0 0.027961675196644255 0.057597753860547864 0.03292806820381022 0.030340070948958336 0.040559353063524255 0.02396347154378029 0.058331716713438335 0.01871116628241216 0.06432393111350583 0.03348184627516597 0.019298806588974957 0.03380517575772136 0.04345731976163088 0.029835859103258398 0.025797976063119843 0.018190131024612467 0.0472193445501288 0.08812142757981457 0.042704024560596326 0.03006871323741628 0.021451413272000234 0.05800674237828222 0.07600179489421695 0.023563231408456595 0.046661477207611796 0.04822157585589031 0.06194175386849729 0.008619024345699918 0.07391193932645568 0.02679833033914643 0.046039562175835096 0.035697172790862215 0.05438624878211764 0.07223506348601091 0.030501196256775942 0.03514006712512213 0.011738557914147598 0.0471143472914478 0.02724026774777463 0.030987744145320524 0.02169044385385385 0.08011317730682524 0.03270551105455505 0.03377846462732029 0.041408067845784595 0.013659743964488418 0.045176552466687996 0.08040839617537841 0.03808116361247253 0.03362822142818057 0.033866167382230014 0.06060297030022333 0.03709191202287247 0.018467761751611057 0.07089456953997977 0.0165070312937026 0.03880411089316885 0.027242962497348505 0.038316572457450446 0.03684091382186468 0.05207488511103615 0.03858550278184426 0.05553755134348925 0.0324206787466935 0.025835555457293633 0.05081724565326228 0.0035692121121617118 0.08088562825590054 0.02763839735378619 0.05607173264407763 0.013200055626931363 0.03382684991168746 0.020131411321815208 0.06168503893175624 0.01522654584352495 0.01286442611377528 0.06247891347659509 0.028776594777879604 0.034165597093862424 0.028680896652254307 0.025210470429753776 0.030081425799525677 0.05715125804798668 0.02505729225554404 0.011207331009623102 0.02143931734745852 0.028147233561452788 0.038321543889472356 0.05016425270727138 0.025222340017313945 0.026863708883708773 0.07159181381233565 0.005184485222194235 0.03207251527062194 0.018457016073605007 0.054089885745367314 0.024427681414461812 0.02682325539987961 0.052504421415324146 0.05521218074625476 0.04116837904835438 0.026377490549030297 0.06507451668323018 0.033358544117328394 0.023536301348633284 0.05862990806865071 0.03672397911579216 0.010783840581417254 0.03508093192626746 0.06457648255359465 0.04804986567932076 0.03945544436365608 0.046949105769889754 0.030457181868729453 0.03598522642651938 0.019667689706379703 0.07605857419742944 0.02727004464259416 0.038824610014204716 0.022820378242338454 0.01299346642768232 0.074906945323818 0.024384919142405866 0.04261116960642635
 0.03631451671575818 0.027961675196644255 10000.0 0.05448807710799942 0.049431695602423754 0.0038075237008420642 0.05521771547091925 0.047563038844561804 0.06573191407937616 0.04405690955772422 0.037088290554341534 0.027921250968444895 0.04547277656234568 0.029908711758498328 0.018906662514233116 0.040434490725626535 0.0485601568600603 0.026370224774778326 0.040706690514741684 0.06530585017795303 0.040087257517925155 0.031341297875644394 0.03554061233845317 0.05099889714154662 0.05560755982327789 0.051502423805262855 0.03188245680474221 0.02574722261706367 0.034305998733402954 0.02190844126543175 0.05478997143377899 0.05235244721255917 0.05611529021030147 0.044641118004053675 0.062047055975218764 0.04429979056687351 0.053592354390276827 0.008782780983129913 0.030300423994865457 0.04193226035087737 0.040813135209239966 0.02289531960676542 0.028510555319474547 0.0587620717263545 0.042200242993468286 0.045925585666161665 0.03971735480882075 0.04031134162874078 0.032697167885359514 0.05614370097289148 0.053230203384765175 0.03386145557350191 0.006313381831253404 0.04588526743012952 0.047671654845661104 0.02759734630542636 0.043884913116573714 0.01208813714606869 0.01977482066631059 0.050813644749170904 0.010393410583207457 0.05634367980315271 0.03369416203890901 0.055633942089238546 0.05721076314412447 0.01184341505568645 0.04599870626850881 0.04054759601845934 0.03141693063764211 0.05472601624761178 0.004453417567840326 0.030300295239111492 0.038014081119562386 0.04401188890902765 0.04735472553413099 0.07025978559989826 0.037880577364715895 0.04073884142301363 0.04819784703373855 0.034103413289750875 0.058301990074587126 0.05467521636900623 0.02876576818926719 0.056898202825654554 0.031763717881689316 0.044869916402430585 0.02902277486568598 0.010649372576673068 0.004301000900940703 0.03762040923724947 0.03682684692200556 0.035038110549052294 0.052240691430428206 0.04978557008929165 0.028883344377859492 0.024280187987550897 0.036817978053418715 0.06224675246785804 0.05128494944639675 0.0431012726636076 0.025481535173327192 0.028485621805473347 0.040336371097001944 0.033798529130708466 0.03836202475410232 0.02818794716848215 0.02160504135796001 0.04836021689481577 0.03523133564074485 0.028568669084309824 0.008736628681676288 0.037144855699202665 0.05017438377759269 0.03285661325519187 0.03097614501840066 0.05431357310675882 0.04556341433627216 0.04757760805923446 0.054909693946424414 0.04631380215182122 0.038877910380389784 0.046429249172222506 0.03600099165495595 0.04768460228378172 0.05233186757314717 0.04589627583316695
 0.07418181416366108 0.057597753860547864 0.05448807710799942 10000.0 0.038030908637568146 0.05180929205132355 0.034712203309806074 0.051403914600685614 0.023062950952138436 0.054520255575826605 0.07799685971700276 0.02714708235185604 0.0738846368629284 0.08229980173288617 0.04577091581440309 0.0860141375611275 0.04983053628419854 0.0716665181844313 0.013986230773896319 0.05730100690686046 0.01532471226874515 0.08160095242954066 0.07814414887904787 0.007986462728969771 0.042930320819753086 0.06835936134638192 0.08631914690076128 0.04096860183380929 0.06253052794906637 0.05038391159549601 0.10667603329363586 0.08095567271001058 0.02593771828777024 0.026407344702167046 0.022186477527600487 0.07669382756672916 0.05171188972747563 0.05040135441905779 0.04677570500537236 0.012558689732430076 0.08418829951817616 0.07599493230775636 0.035909884060107686 0.047848934707133334 0.0886642649280107 0.031101494376420822 0.01636930401068423 0.05679388497691087 0.08717001527049704 0.05692282440622116 0.035523066748055956 0.08489596617937444 0.05323308377107269 0.10002043130002622 0.02795488061291553 0.07255062946905454 0.08420568921682417 0.0570281731390444 0.07407020891384934 0.0833007743692897 0.05589587931748539 0.09412167270258807 0.08729250819578546 0.03944523937314811 0.009623591373200492 0.0663176718704286 0.08330295666194619 0.09497264200614981 0.05802637145698735 0.064826756237753 0.050034888238441697 0.0774417968089401 0.07008512115118466 0.028650715908254427 0.06106909602927208 0.02748790407977756 0.07267243033558206 0.06475052807681463 0.023404770451283866 0.08248955463586269 0.08906725419533808 0.08186461789434286 0.07743693233749135 0.08124949373006517 0.049788430702351824 0.0825893865924876 0.06781143803271299 0.06119602121367425 0.05872724609376295 0.0893828028591896 0.091295457707696 0.033470115138547606 0.057002082628544254 0.09975894814129604 0.05296932483789007 0.030483446414107218 0.07593521695627689 0.023201391860464406 0.061343224525472806 0.08429212408072513 0.054558975254469524 0.07371697566063803 0.016456555451356793 0.08088094988913833 0.05832774213984002 0.0808774322194403 0.07176364661067541 0.014657937152550708 0.0871439379650964 0.04713903818186858 0.05038493550990261 0.06231408207643343 0.012171675793072574 0.08636676548812892 0.0853030432813669 0.05376337472055891 0.09216053343074558 0.06853070984506976 0.04495131127916299 0.04267293352290898 0.09040309516121615 0.07928311534889923 0.050028742653531286 0.06693495865797316 0.0690781001026692 0.016746747923451516
 0.04755856402010808 0.03292806820381022 0.049431695602423754 0.038030908637568146 10000.0 0.04934141196085384 0.0077777148871838835 0.014827662675406176 0.028141415317234575 0.019838561090256963 0.08497306888954378 0.030738997859448988 0.041977758366856216 0.06618171661645084 0.05470422611312831 0.06207624363358762 0.0127393435713929 0.05105506495387102 0.03576623999256583 0.08777207316413319 0.029166641182488837 0.06289672294831512 0.053645915800808845 0.04278580098477914 0.07341184217006518 0.03265656241242825 0.07698750646853587 0.05511945728910093 0.07585161084040637 0.030990743953104787 0.10300772456711214 0.04779270591802654 0.015708957882119935 0.012276681395689763 0.024548669254176196 0.0891434839341662 0.013704785786505348 0.051784483277382436 0.02210308871543069 0.03413858655977135 0.058906706478838715 0.06223139072744896 0.021277804950809113 0.07835480115545343 0.06499009436886466 0.007375874313579701 0.027593738041343047 0.02432653920781956 0.07619946725497205 0.08357676384055249 0.005280975124849771 0.06647202876352468 0.052677396120989955 0.09141165351501357 0.01008200736687859 0.05138707643811915 0.0918924103351337 0.043323110989120006 0.06685488944728302 0.05159112817056167 0.057252837850493676 0.06364654831938894 0.0811010416067235 0.006228510018379411 0.03128248668475539 0.059049239580119414 0.054212956147101525 0.08265228612577716 0.03109092243874958 0.08809025353745642 0.04622002547415711 0.0795628019171976 0.04118684319170831 0.010447119120497752 0.025718451712455993 0.030374440692836426 0.044588063757579774 0.03316056343143679 0.05460297868024639 0.06169385316746954 0.055745139876319835 0.04796030982455401 0.05804770479785301 0.04632453928460154 0.06608068759666286 0.05388328169399046 0.0439428109295764 0.0491379952945112 0.05215102888283974 0.07119101370305486 0.08112689579088474 0.01509483576865656 0.019540148654199577 0.0989309284462418 0.027906289135421695 0.033083715942958836 0.049631428338740825 0.023893957578014966 0.024630221385777376 0.05745892738496972 0.06574881616470353 0.0772807588997725 0.026459183204979777 0.0592467457868244 0.07554836207308842 0.06548296827304963 0.055358150225518446 0.0470396899131134 0.06950788960589956 0.023721467883540126 0.051732891417337716 0.07733544923512638 0.025865639821874585 0.07163882342909908 0.07683378599081846 0.015769315764987014 0.06804278467301021 0.034395785449727566 0.07458886957789206 0.006393012965807179 0.0717326569108592 0.04849194472767053 0.02026493599067144 0.08581189669266583 0.0332180730736616 0.02176706372348806
 0.03970887389764014 0.030340070948958336 0.0038075237008420642 0.05180929205132355 0.04934141196085384 10000.0 0.05473360725974263 0.04861728889525393 0.06410637452168244 0.04550286140583939 0.036070293125008604 0.02575558651368414 0.04839993377863232 0.03356715333716031 0.015163696852076117 0.04421758178276061 0.04944987274169642 0.030058874779836924 0.037912915874335776 0.061593132837640424 0.037767544185983166 0.03512839787899685 0.039193876128415066 0.04797212632767831 0.05180262751288697 0.05373059347853318 0.034548873565859596 0.021942502117735237 0.0316054738766615 0.02356769457587069 0.05627269178432798 0.05541609981874993 0.05498857479908025 0.043654848194287624 0.06050635537237495 0.04237635828625378 0.05444787320136836 0.005177999437708674 0.031369428263866635 0.03925917710389565 0.044535622745837194 0.02650518577530618 0.02813455457343005 0.0549765772292875 0.046000969734898776 0.045328528970146074 0.03752377758710991 0.042102365359608485 0.0356328032862324 0.05253709918966619 0.052857215471059815 0.03760873676670581 0.003650488021021816 0.04824753070394752 0.046810992767902744 0.03128284261814088 0.04295790846270465 0.015197111464018333 0.022265869385215072 0.05409222541785409 0.00837428037705688 0.059937709770528515 0.035716851665350664 0.05548580549804308 0.05502170144863482 0.014710059523183988 0.049490142167874944 0.043547946464740875 0.03369127359848813 0.051428166313054864 0.003178298000651848 0.03026560382880974 0.04103337029258869 0.043212512457183 0.049209389727224044 0.06872570037656009 0.041096394880805215 0.04319774843003599 0.04460195091209296 0.03791092148325518 0.06156754514773036 0.05768459703371127 0.03257201360367628 0.0597608053535208 0.028228617119259794 0.04837143750934312 0.03232289792066296 0.014402062717641927 0.007760802879493876 0.04130345579680169 0.03955515929193203 0.03459211253554149 0.05356267298580062 0.05073162886644475 0.03070814188829029 0.022043144598341974 0.040298447105302414 0.06076584096829839 0.052987095701478214 0.04675325942439511 0.022376107153055286 0.027966171929795596 0.03822982282511685 0.0375937289614454 0.035182152309059085 0.03182039204679443 0.025412401981809697 0.04506591156918519 0.03891120682971338 0.029702383965683025 0.005125744504911656 0.034294689361499923 0.04816858155372874 0.03631381599611373 0.033495170304955336 0.055299303643269494 0.04936843400077481 0.050007431103139356 0.05111577311802181 0.04667618083944478 0.04257515795258718 0.04966967894471249 0.037302030070427435 0.04473332182207224 0.05457362130969593 0.04413832533831565
 0.05533537889552908 0.040559353063524255 0.05521771547091925 0.034712203309806074 0.0077777148871838835 0.05473360725974263 10000.0 0.021944963828627848 0.021143913817902784 0.027342919484546504 0.08974003339780237 0.03351587270529236 0.04955654244176582 0.07354500463677136 0.058421327247203926 0.06983453157996336 0.019684192063211484 0.05861767893554209 0.03537732520809797 0.08782046875384207 0.028979375910614356 0.07042352194023432 0.06139993336023216 0.04057734843327699 0.07327007941781749 0.03959853080778311 0.08381802230678782 0.05791045224058065 0.07939890141162956 0.038060422539557506 0.10942221273226596 0.05515460283195617 0.009561679239829188 0.01269895102111535 0.017869595463241038 0.09306341696673248 0.01922097142570316 0.05666029189886331 0.029457814052524425 0.033452231805526395 0.06668140076991293 0.06935026751946001 0.026707599568259594 0.07828052474732583 0.07274759245632206 0.009474860016327342 0.027575285353615003 0.032027768834946437 0.08318942576710484 0.08455223819135833 0.0025005194069825532 0.07400292114582482 0.05789362752886018 0.09828508151913169 0.009280141452093934 0.058986947504951974 0.09663751268622846 0.05009375251553648 0.07332382151831636 0.05912290464261558 0.062319594168501906 0.07123830439559627 0.08762603349147755 0.0049283964464648675 0.02669902766016172 0.06538921091516998 0.06193114124175017 0.08981801961010517 0.03882364810436721 0.08989920207084262 0.05169723554036731 0.08498420117489966 0.04895092706259719 0.012092839760255426 0.03291801483566654 0.02288828982748037 0.05236040401626665 0.04084108976289575 0.053828883639053436 0.06933583973796134 0.06301697407237189 0.055183844252493855 0.06558576835486156 0.05331892708577582 0.06885252259829466 0.06161866483642743 0.05163437623848055 0.05585654271135295 0.0582367088302176 0.07873319755709596 0.08807960930764454 0.020184203681259096 0.025830040326143333 0.1049672659722447 0.03548135288580117 0.03642409327150229 0.0574075995147988 0.017067210554736607 0.03130813167717588 0.06523265514153329 0.06943762760186707 0.0824548693547921 0.026327684880209062 0.06691803054769574 0.07837079934978516 0.07278140775840396 0.06263933777339913 0.045652698177956204 0.0770050165090737 0.03099265414412703 0.056612401140970166 0.08060435248300032 0.022800253367934366 0.078932057619578 0.08357054686365298 0.021238400802311718 0.07581192321720027 0.041729454178696765 0.07468793816472494 0.01408519195695459 0.07930626864852498 0.05612943535448147 0.02801272234775627 0.08849456551709765 0.04009202012863596 0.020086685997688505
 0.035534395337372876 0.02396347154378029 0.047563038844561804 0.051403914600685614 0.014827662675406176 0.04861728889525393 0.021944963828627848 10000.0 0.04289498507161408 0.006043478029324556 0.08458763428149273 0.037421016852949414 0.027933135501738173 0.05757489479702953 0.05772366700845878 0.050390153444675935 0.002354855682442009 0.04162602661950693 0.04644926452724144 0.09634027338794593 0.040084032958414804 0.053389593956931915 0.04218425380612826 0.05508189220646246 0.08249623319916621 0.017829846712317233 0.07055019119950741 0.059972042794500045 0.07847237005773552 0.02600427072313461 0.09764562144232392 0.0332278585178814 0.030534665111556437 0.02500768284903258 0.03935948771093077 0.09065570962113914 0.006539278286744949 0.0522813564120239 0.01727542309401632 0.04525182443197507 0.0468164299011416 0.054942078364946884 0.02419780725872844 0.08725203607094935 0.053280513771987004 0.020502558972527 0.038462634891133274 0.011568328316983234 0.06913525950475463 0.09077562097112823 0.019646631836807725 0.05686366829637966 0.05223939346260269 0.08456178628587917 0.023994811821153688 0.04166015362420317 0.09142384740469316 0.03843659990766844 0.0620072995189413 0.03735661193245232 0.05697985353494541 0.04955867989803001 0.07570625231936245 0.018062240909686316 0.04557932570812379 0.05492190779790747 0.04080256149489535 0.07471118760632889 0.021023681339985764 0.09379813848602636 0.04546351471606119 0.07759513826201021 0.028536257245830098 0.022754190683322847 0.010973578278927412 0.04483122851344891 0.03208203402025267 0.019766455137839728 0.06497238681563301 0.05135614894657763 0.04107222344974757 0.03324366072091955 0.048581744336306985 0.03150240924576652 0.07054884209249329 0.04063056060022159 0.03363315070142066 0.044090912404807926 0.04919096720462727 0.06142387817322728 0.07412376384077883 0.020934674335217226 0.006092319046303993 0.09482488032260515 0.020099431704862062 0.03848177563323306 0.03761324267615167 0.038679838375437064 0.010001122380536595 0.04480221751398393 0.06837381219132625 0.07603519784995474 0.03755532887348387 0.04869629144651313 0.07964606897967035 0.05723478709987993 0.047497054722441916 0.05835789882836745 0.06005892561985358 0.018994689179346283 0.05222333042239142 0.08049718330486912 0.039466160259631226 0.06328251701121926 0.07075891710129105 0.006788626849838669 0.05603815997748295 0.019804666507225552 0.0833040539161401 0.008890648380646998 0.06174309549857533 0.034641267475506436 0.01180142911768182 0.08994910324060204 0.018401262404408317 0.03467319670104874
 0.07426674440526723 0.058331716713438335 0.06573191407937616 0.023062950952138436 0.028141415317234575 0.06410637452168244 0.021143913817902784 0.04289498507161408 10000.0 0.04794833499652702 0.09557802570933029 0.03871803905109072 0.06995307662554562 0.08910203459807599 0.06275053803362149 0.08816380436843323 0.04070072267357595 0.07552115213949152 0.03202359341636185 0.08036338328758094 0.028134121431162794 0.0868977474817892 0.07975548287640094 0.030945907938061568 0.06597865235411908 0.06066652583253262 0.09685300829446808 0.05971882419777074 0.08198847265692058 0.05367942644327442 0.12037475123670024 0.07592430959711546 0.012612053388860817 0.02288155899355907 0.003957890768276155 0.09622215106100328 0.04031390358700601 0.06439961744792444 0.04660745271259479 0.029813106540635122 0.08540283811407191 0.08389564054327804 0.039431643245035966 0.07090835728250497 0.09103712432862424 0.024683316420448218 0.027696075705319654 0.05213545739001414 0.09688608854454392 0.07971111031121737 0.023286178160519477 0.09044310923869933 0.06653983316691592 0.11122838560519749 0.021249298295173625 0.0761034724711025 0.10220272177877589 0.06402083343061876 0.08527417081681997 0.07960847998848065 0.07025247777964314 0.09155358456150196 0.09940310218829354 0.025753147355102653 0.013576323835985733 0.07717011288827691 0.08175454640355498 0.10416278335669246 0.05734136483700139 0.08712530610024531 0.06153320036442819 0.09304037615783174 0.0684608943820594 0.024556972185431014 0.053839805153148616 0.004906673187412655 0.07169512885818045 0.06096248942077989 0.04632867136098448 0.08655594697523245 0.08388655355938458 0.07609754248367107 0.08221001724682701 0.0743766350283157 0.06980005030663852 0.08132498073730836 0.06952078299169054 0.06933215827877195 0.06950855833885031 0.09517152629845713 0.10152721437812995 0.03379759352531371 0.046973619159795664 0.11461050815396305 0.05315333824651667 0.042416012455879865 0.0762808838012726 0.004308968682108392 0.05243250753604659 0.08442790502583485 0.07294410074989542 0.0898074478840483 0.026674886714199996 0.08439017891771372 0.07893508024743713 0.08804285282484271 0.07805583599227041 0.03749389003164019 0.09320534449957305 0.04775675966352306 0.0643657805057949 0.0823368672572469 0.017013088377238972 0.09405221294203348 0.09624313111418362 0.04230062577960265 0.0942978755287416 0.0625361446591749 0.06796228202044649 0.03446261409927538 0.09593164400817346 0.07633775899915361 0.04699803979959389 0.08822375565112058 0.06118351827533568 0.020022012849467523
 0.02949657644622738 0.01871116628241216 0.04405690955772422 0.054520255575826605 0.019838561090256963 0.04550286140583939 0.027342919484546504 0.006043478029324556 0.04794833499652702 10000.0 0.08113650174866482 0.037637468689073764 0.022222686347586607 0.051948000085266975 0.055845524094255396 0.04435522987995285 0.008342597529037443 0.03592515764410479 0.04815162621184277 0.09641712907203595 0.04206790150834118 0.04760719917061192 0.03617136565516799 0.05748325712136384 0.08291918453928233 0.0138421813650103 0.06535965397123766 0.05879278046375924 0.07616584116905857 0.02216119689053908 0.09262064868110616 0.027981897327770296 0.03541387933139847 0.028467308116717775 0.04428440268015625 0.087836149418298 0.012228987942979361 0.04954025755021017 0.014495074285455628 0.04719435026329106 0.04077303394801206 0.04963520063323688 0.023836217390866325 0.0875476272174183 0.04724322397898972 0.024432465355307603 0.04047471427425732 0.005593684580004662 0.06379777429746963 0.09025679250117075 0.024942520605655136 0.05105104509578372 0.04915272652606972 0.07921463606085702 0.028062733289338376 0.03589840250671839 0.08790007850374502 0.03409731159895318 0.057312136897459696 0.03178235167832528 0.053867249074321825 0.04390307562480477 0.07076127595561528 0.023793385445235266 0.0494737283705849 0.0505240988399073 0.03488147815879061 0.06915560313393523 0.015517131127009198 0.0926090632060188 0.042414725906462974 0.07366529746462884 0.022495553241563694 0.026189970409752482 0.006555369466526667 0.05017850630027303 0.026039723186834833 0.013780473647166598 0.0662082512403091 0.04544787881723674 0.035989263387228965 0.028275401005057616 0.042829012867462136 0.027009436554243038 0.06905840406404773 0.034675212727243825 0.02782003490997733 0.039569604092012906 0.0452687030019868 0.05557252414788514 0.06877865583389672 0.02217297431123423 0.008303279132826587 0.09014851713464087 0.01553130417030148 0.03811688468472243 0.031574009553803024 0.04367644430550946 0.008181161278336355 0.038775921666559 0.06617949967100513 0.0723570748211695 0.03970498106914231 0.042766566713281176 0.07790784869181624 0.051686213108819816 0.04210958855171175 0.06017281960810173 0.054263001595122914 0.01597681571711076 0.04948102799682783 0.07838091691016554 0.04291085727206107 0.05768217190536979 0.06566024306632408 0.01185767904028415 0.04999469847522143 0.014647212867687576 0.08354288348845926 0.013485723175493224 0.05585799656434725 0.02885025659035065 0.00830241302441177 0.08814069407756159 0.014576080216934552 0.03781979823616468
 0.06820916986465544 0.06432393111350583 0.037088290554341534 0.07799685971700276 0.08497306888954378 0.036070293125008604 0.08974003339780237 0.08458763428149273 0.09557802570933029 0.08113650174866482 10000.0 0.05748080809578554 0.07970833910407756 0.04816842413016573 0.03284306876600909 0.06546292128974329 0.08549050455602 0.056182690557118733 0.06474643886833222 0.05621414665248785 0.06748631131635863 0.0533307167947281 0.064592855479166 0.07158685633553587 0.055043381623908504 0.08777690649972913 0.034994315974943804 0.03705389741800311 0.01813727356984512 0.0589769737905958 0.03520861926488773 0.08565058036226847 0.08848355366365529 0.0778189786522951 0.09243642943672656 0.012305009056688868 0.09050019052497463 0.033189498641637505 0.06731234587956561 0.06675588703362689 0.06784135451516358 0.043024802263257715 0.06370413516685322 0.05507290589534193 0.06577121664534971 0.08026616659431852 0.06788385347813457 0.07724140855030834 0.03855363784601849 0.04533027123502359 0.08807380560975861 0.053426310918301245 0.0325244112402845 0.03901724055313193 0.08118605678186501 0.05725363587643188 0.006919895937842181 0.047817540343762795 0.030477691487290366 0.08273379622797633 0.027827360171739292 0.08449083262172881 0.028814960227469297 0.0910045193684341 0.0841470358463515 0.033107437848106526 0.07622195676762075 0.043918315671567024 0.06787740754193927 0.037220604192598726 0.0392478892455712 0.010728887932766102 0.07212309018921431 0.07780193394392464 0.08419808405099809 0.10044471464220812 0.07093677823065471 0.07666511714033498 0.06085274020932851 0.05781624497267736 0.08999973231143739 0.08820194863548482 0.05413663301327809 0.09110078996907199 0.03010609620682433 0.07506187925193777 0.06220567269279094 0.0433627360745804 0.03618581193901005 0.054172013797986834 0.03812720658630467 0.06995633670100136 0.08932898178911629 0.026013355794556138 0.0658501682368277 0.05401471623333435 0.06789380502397525 0.09291867530649149 0.08824296928677743 0.07134208445903253 0.02350921330295932 0.009405768612389433 0.06892901896100488 0.05921625970248015 0.02575140800264876 0.046503949365772596 0.04828957833718166 0.06612784750408576 0.05234785978308513 0.06560379143296459 0.033240824021816655 0.020517505092757782 0.07863453497781 0.04610670490911903 0.03301778230750596 0.09130796077403681 0.06809247497287228 0.08345581953880851 0.052884698561552514 0.08267449397577868 0.05551912017634033 0.07884820073784553 0.07308524137719705 0.0267263067806055 0.08857111382219676 0.07589805160746806
 0.049387913245657486 0.03348184627516597 0.027921250968444895 0.02714708235185604 0.030738997859448988 0.02575558651368414 0.03351587270529236 0.037421016852949414 0.03871803905109072 0.037637468689073764 0.05748080809578554 10000.0 0.051964443332503205 0.055158646632408596 0.025166347000669876 0.05985514389657857 0.03699741306220757 0.04517585990889339 0.014354997401138861 0.058940254625856364 0.012210314800475661 0.054614485761462335 0.05239705526040865 0.025361483022592946 0.04528503255116468 0.05046160382872866 0.05976537831896093 0.024476854310448496 0.04593328227129955 0.02522655812158253 0.08191340587444113 0.059461784311607 0.03103635448147456 0.02093610600654853 0.03530098054477756 0.059752922291443064 0.04106737359231463 0.025683653112944647 0.025076538769118376 0.014906687544394013 0.05846374534052832 0.04886133644358625 0.013881366190658646 0.049945698524349 0.06237653532225537 0.02439259935142741 0.011799545182366233 0.037485804971547285 0.060369537573729704 0.05353010490527812 0.032343252659579866 0.057852536608135226 0.027916843978270916 0.07380103715686845 0.024397635036101116 0.04614592734067264 0.06426457942962753 0.029990439875910054 0.04769380333143058 0.0606089081259011 0.03153465398848623 0.07020317655173647 0.06144508561948208 0.035940493439879505 0.02930301718052624 0.03973103336798651 0.059121666777706534 0.06808032775989606 0.03494569599127705 0.057428463574358636 0.023514961763939066 0.0543483413468715 0.04665114561822505 0.021468494984188534 0.043689909519368055 0.043467132903639315 0.04862544958803815 0.043530672633785066 0.02934894949669482 0.05575986085636905 0.06724524092379133 0.06093910640358256 0.050591765843164126 0.06135724664521755 0.03544748237729605 0.05825820565599729 0.04239138325863092 0.034049330882183766 0.03203300951199591 0.06229342719427387 0.06466685690244432 0.016778881953344527 0.043482428263903035 0.07592059878110613 0.029825464702068163 0.0037281114897768203 0.05091570297504046 0.03568370197541413 0.04574211659090435 0.05909687348684945 0.0360716026591245 0.05120538160472616 0.012474236638501257 0.05433362154594209 0.04495329588702137 0.05373043307872637 0.04469634806261928 0.025189347362967233 0.060036436025458204 0.024618146972353656 0.025650332746333226 0.047088590484790034 0.022428734786549623 0.05923909589158973 0.058895639564259764 0.042679918098994046 0.0659039753544504 0.04892897282141445 0.045961702352633256 0.031219172725647767 0.06333822728709221 0.05624884235148288 0.030422211936313975 0.05516107394183326 0.05130355626150553 0.018710149144533016
 0.012979408364498065 0.019298806588974957 0.04547277656234568 0.0738846368629284 0.041977758366856216 0.04839993377863232 0.04955654244176582 0.027933135501738173 0.06995307662554562 0.022222686347586607 0.07970833910407756 0.051964443332503205 10000.0 0.0391705831896148 0.06234062954637476 0.025906552125367573 0.030286312689370022 0.024619870510398392 0.06501203278181475 0.1074049344600692 0.05980605581039254 0.03356048509094718 0.019478105831155692 0.07542208994896596 0.09527676859113926 0.013709362552359721 0.05517423995853392 0.06741195461506165 0.07977395904304073 0.02787923179429667 0.08238793908157968 0.007538759287088808 0.05735439914375941 0.04916421319598599 0.06620558967082661 0.08887237320797263 0.03293670568914109 0.05344643410935406 0.027430345281928784 0.0645937979206553 0.021774362375981793 0.03988749956298441 0.03892575598802708 0.09940929544804541 0.02848840326344567 0.045776974059890244 0.058354040610339206 0.0178609417538072 0.05262452811372959 0.09956370389909405 0.047140170550708814 0.03632573101192233 0.05170434084056842 0.06722741218877892 0.04942053471569625 0.023852405121427993 0.08585006174268035 0.03338760733829802 0.050975429415388 0.00967642328970023 0.055797856439088404 0.021681916661083475 0.06191866887968071 0.045963470908676925 0.070171063214069 0.046621650299825804 0.013392958174980237 0.055930355081352565 0.017095721513577484 0.09962794762892009 0.04602384429751374 0.07033977369545785 0.0076007089617845715 0.046964086551859706 0.0174736421985997 0.07235146527720629 0.009284890798338712 0.009204657227352463 0.08125487610862754 0.029889064988280582 0.01534124983195704 0.00941398285860097 0.029698228065490946 0.011477830253814412 0.07601101776339815 0.013523355910270318 0.017520731182470526 0.03663085840946916 0.044554479969059306 0.04004219686290989 0.05726520235712874 0.04041685319724825 0.02641049710443504 0.0821028788544597 0.022148917214869047 0.050963480363633296 0.014400382403003634 0.0656558872278777 0.020958247689180146 0.018659272879006168 0.07077593959332928 0.07032791065661194 0.0578802754269263 0.027130639765418206 0.08354921579574301 0.03967475953738407 0.03272169910097647 0.07678362552181493 0.03949849534440824 0.02749969166836885 0.05338913765011852 0.08260844258996348 0.06309533120292843 0.044706070007489065 0.05609755264441761 0.03169320590482074 0.030465338249952602 0.009021937127028532 0.0953539800121293 0.03558723467587751 0.03986237643797766 0.00678205072196043 0.02396863800723141 0.09311270825452697 0.013970312976979664 0.05772460460802351
 0.02619820646869305 0.03380517575772136 0.029908711758498328 0.08229980173288617 0.06618171661645084 0.03356715333716031 0.07354500463677136 0.05757489479702953 0.08910203459807599 0.051948000085266975 0.04816842413016573 0.055158646632408596 0.0391705831896148 10000.0 0.047581127272421815 0.0178187415026383 0.05951957732386945 0.01607145988972543 0.06912407882530651 0.09251600909570946 0.06714053140429449 0.005928081950412903 0.0200233244924008 0.07987772363367134 0.0844379181064301 0.05141726797146852 0.016557621892497768 0.05488915745079989 0.05576475296185693 0.03570429243333503 0.043258609596962955 0.042734826243371146 0.07761064853159151 0.06631807753624559 0.08517292605431434 0.059680456937726785 0.06407055906273953 0.037689187316727345 0.04410273801414528 0.06998878539541516 0.02099187127470814 0.007140283709748153 0.04969786523149125 0.08707658061878781 0.017696096344158516 0.06566687541886376 0.06638310932595959 0.04645142600493617 0.01359510131587285 0.08242117722385311 0.07113487661551286 0.005280211264113513 0.03441977001496358 0.028134065692960803 0.06851191656243875 0.016279516546999585 0.052868879602617824 0.025484053163235567 0.01816802464025675 0.038348712864737705 0.035485257111747305 0.03710235986591612 0.023853229058696482 0.07208513131781873 0.08322854291931653 0.020499745999137727 0.03082013008560619 0.017285228739742236 0.036552055399643735 0.07849661272360323 0.033926521425365765 0.03750585405969744 0.03284097874963867 0.06489932058631433 0.05138810862806415 0.09304371593948262 0.03003217753905711 0.04092908362093628 0.07810131004960576 0.010452270605551286 0.044765174628040943 0.04536027606945796 0.00957277211378987 0.04907115903876208 0.058392193829004395 0.029770288375551707 0.024363103024095733 0.02115691670488505 0.025818142347814193 0.007772584698563078 0.01810041097592797 0.05541099200180939 0.05960367499523749 0.04374728571548123 0.03846106593479187 0.051952085935142944 0.024852201641318072 0.08509022695406851 0.05584785568300207 0.024898304096662546 0.05026331326687559 0.03930935648399099 0.06668618589263976 0.012705939458256765 0.062261882065556155 0.0018811206000181905 0.011050942341808825 0.07787245884835904 0.005382591727797708 0.042552999549962875 0.037662752809702375 0.05913451247648628 0.07573197933037604 0.005762462731068757 0.017881299423141647 0.06380316154367172 0.019928739299494555 0.04631952108335944 0.0834296777169147 0.0608869806202794 0.009100601214809859 0.03554264237108073 0.04676791171871008 0.06937738912786237 0.05196593567809241 0.07070240789989933
 0.054552385929142674 0.04345731976163088 0.018906662514233116 0.04577091581440309 0.05470422611312831 0.015163696852076117 0.058421327247203926 0.05772366700845878 0.06275053803362149 0.055845524094255396 0.03284306876600909 0.025166347000669876 0.06234062954637476 0.047581127272421815 10000.0 0.05932730150102 0.058028086570926125 0.04521857637953012 0.03214384530859384 0.04643533229638017 0.034644293213849826 0.04980399641662243 0.054334164936825344 0.040078164185353087 0.036939313730677534 0.06597104769171373 0.044984682417675066 0.007412548749649292 0.02115423321531103 0.03553366710000614 0.061462641407096966 0.06959140005526203 0.05613773248638204 0.04601309868317343 0.05965845098076816 0.03464588722348321 0.06275290820521434 0.010181302770762542 0.04136259104408627 0.03407307570052668 0.05969924620306667 0.04044160286816084 0.034198762366876516 0.03990695631524694 0.06103829654787908 0.04907394084766897 0.03506750706924049 0.05347866993155566 0.04693864915383318 0.03755719111763675 0.05704032621180649 0.0520157084773598 0.013263403043124513 0.057027487008996236 0.04945895090373351 0.046441333448897365 0.03945636229430869 0.02994165945288301 0.033048062526450046 0.06869245549970983 0.012668663797913416 0.07501483377953032 0.04389960614041817 0.06037733351846857 0.05139057891740596 0.027310807000663868 0.06444778848583087 0.054826170317726575 0.04648230389438291 0.037443681365239005 0.01667222384741592 0.03172764555054118 0.05522576927095515 0.046329646077739754 0.06056188096739536 0.06762560160155164 0.05564640259471864 0.05617637760968752 0.03270432794427688 0.05285073701922587 0.07611948236143046 0.07173304255421892 0.04756486411666436 0.07347280112269325 0.01369455914923792 0.06334471825899533 0.04706594586362024 0.02955233793897277 0.022237967175632065 0.055348939628047454 0.04998250776409968 0.039703116001769796 0.06331232929423444 0.05411872758707424 0.04260707019624606 0.02200801197916111 0.055259837659455704 0.06016981770042656 0.0638380746883353 0.061889786639803865 0.011050327774125047 0.027947232075212596 0.03613468115586466 0.05266636076763513 0.022072559174273216 0.04574919434409712 0.04035746868491157 0.03553738690544937 0.05296309277609965 0.03998145635500007 0.010221176297289502 0.02284757323328259 0.04579293817945674 0.04947247114797466 0.043493246074882065 0.06398526991604454 0.0643620786221766 0.06280570272130676 0.03610300542436582 0.053698957903715726 0.05668076720914748 0.06421797585605657 0.047573339903217216 0.03229825070276287 0.06683580777129274 0.04318947368337265
