NAME :TPP_input_20_5_3
NUM_VERTICES
96
NUM_CLUSTERS
20
Full Matrix
 10000.0 0.02091043575788396 0.017758002762608045 0.04000307787548976 0.060979749722592125 0.05069927882304236 0.02381648891958134 0.02877142154960028 0.0504832442458147 0.04060333571523002 0.05403834246521309 0.05767912210680749 0.0571589818815671 0.048500099028508284 0.04973987720400343 0.01603985977057255 0.01821464091666178 0.03135867209820025 0.022289439420291424 0.019425422031101525 0.03930044636273576 0.03245718238322952 0.045212817542168486 0.03979057401098396 0.02449229893749055 0.017329676991333882 0.04288452492574184 0.028738084623741483 0.06214726854186761 0.05291618037344853 0.051316014811283034 0.03939660597170895 0.06355634309838189 0.05760662722343355 0.024643704699614334 0.04334237694592692 0.0496129583570393 0.015918804854009733 0.04367246985801579 0.039669728950684296 0.024096468076213306 0.0565921219008598 0.04217866914010875 0.035147567592880354 0.042547550970856385 0.0456239511068493 0.04205215787489382 0.03613809561337526 0.033258228694382476 0.01789689499454763 0.04930802390383312 0.02884393752728733 0.0376908365462034 0.04770752061980413 0.030876195058039797 0.039541602877818764 0.031084210423745262 0.031663464609124045 0.06627254271179936 0.06121900700570007 0.017708017985732353 0.017676539799296658 0.041367328929953304 0.01311149673391371 0.04072513439869941 0.054403136738186635 0.030570086044388264 0.03951644723292318 0.048075041722206814 0.04880542858581366 0.05156081237138524 0.048801171227478256 0.019700917916116924 0.06517085751156801 0.011738406636564348 0.037164946984897605 0.04840612050948185 0.03870786329696974 0.04990697691869837 0.0194898202554003 0.04423310697945658 0.03987226271653748 0.04962216217194443 0.01448312573018353 0.04655101135913517 0.023447046190433418 0.05540764988655975 0.06643967640443348 0.052231074450781546 0.031742760720263816 0.04436700645564543 0.02896252268508027 0.05513416717942201 0.004791839887060218 0.057207761315478764 0.0500604746166782
 0.02091043575788396 10000.0 0.02356404200242368 0.025486053612280287 0.05974268425207219 0.07075376406756437 0.04389396203549727 0.021445662995416177 0.06872966903031003 0.03957655280045748 0.034352182392899354 0.07646250925004063 0.054590283907596376 0.05624931472962621 0.062273236050767004 0.03679107873553049 0.0389535561566164 0.0484261430993333 0.04182050510060351 0.04014268999743501 0.060113831847237856 0.019199639381807493 0.05728362694323638 0.06048925430720194 0.015332497430622845 0.036550556317534726 0.024218551827017328 0.049596722044790105 0.08182367781174023 0.06417391162672434 0.046906728545314316 0.05787894274103667 0.08404824582182244 0.07451728355243449 0.004313857759298732 0.06264538523477191 0.05069317889905355 0.015401550635169998 0.06406861150322649 0.0401597984913341 0.004697952915633904 0.06295157383961389 0.0619676369413784 0.05589867457582269 0.022101477487619026 0.03332468169679543 0.057847548599824807 0.015460785068336357 0.03336406223617218 0.036692854738032625 0.029876781402768365 0.02110202908141258 0.020313280138881167 0.05849994690012991 0.03120002937022067 0.05474556531071531 0.01786976042057081 0.04746061206341054 0.06740198944903238 0.040321875982815454 0.0037864202416715083 0.017624130837810136 0.03448253486372112 0.027255344246791942 0.059754926619749696 0.07362986258640755 0.010248635832162477 0.04638830553794052 0.06755809920323717 0.054376733695095825 0.07133103644126881 0.03023640263374248 0.010899040276591918 0.07046492389479135 0.01621619485109431 0.0372047079946177 0.06555043644608895 0.05961503309025592 0.06556714814367649 0.03396386707450367 0.06462502600118583 0.03433394344463262 0.07052955197101354 0.00815730278388507 0.03772424213553223 0.041383922960025486 0.0761281592717962 0.08674148067371978 0.055570170276572906 0.03416541502915931 0.058383752762252515 0.010360939997814652 0.03428056815116999 0.01676347392858108 0.06624474313751343 0.05948994540426517
 0.017758002762608045 0.02356404200242368 10000.0 0.028943168922499367 0.043238748174271285 0.052504255161461386 0.02797476430252516 0.01514528331862883 0.06509581750746121 0.022873188362589985 0.05691990712845927 0.05581510880592954 0.03942046185614669 0.033467056408385126 0.0387236616475328 0.02488047595010333 0.026449158536612512 0.0273088045135752 0.025009212266343027 0.027258155774592285 0.04547515397364026 0.022141994657820213 0.03372495673807447 0.045055519553772704 0.014581798971073926 0.020394159287087953 0.04759339845239619 0.038757881643631316 0.062392735787182546 0.07054309761588404 0.033856118653712484 0.054177019651737116 0.06663811544339789 0.05220816320915326 0.027774203570947426 0.05692834818260395 0.032020930825635924 0.008207591967187667 0.0471274743570168 0.02192309411534537 0.023340051567345716 0.07423237224799974 0.04354825309066314 0.04112714142496378 0.03884876221054617 0.03201725662918908 0.0352882129390427 0.03744522904717716 0.015539635323734452 0.019754170440278253 0.042635000461554294 0.04102113774659659 0.043874940731019316 0.034992526586868425 0.013193220735470168 0.031986201524860154 0.04030156997032398 0.02540385737113694 0.04884473930489395 0.05955092778077359 0.022941262929319275 0.0064672758757464794 0.02512953021746882 0.009057937209563369 0.04011641886243708 0.053681608747347606 0.033248670759960734 0.023753703823663996 0.04826234151073127 0.03257461642891147 0.06402096783703243 0.053550214640168146 0.029849042902368863 0.04905530280177875 0.008512634705660662 0.01941039623079577 0.06402066892920348 0.046988367836760477 0.04274448561716549 0.03713400445787526 0.05548795632618685 0.023202755099275302 0.05727528584908487 0.015889922648203183 0.030802614887411286 0.03960844983960102 0.06481249324260711 0.06863257926487087 0.03519594081164378 0.014053047791100084 0.0615477772299963 0.02510039442995436 0.05427123608443251 0.019269830501244034 0.07496343044333206 0.06781595589453437
 0.04000307787548976 0.025486053612280287 0.028943168922499367 10000.0 0.04167714789467354 0.0811530286632427 0.05682644587725357 0.013968824811723358 0.09048485886438068 0.02641148485351738 0.0413681790329751 0.0832575010431694 0.03584259048958421 0.04917032731468171 0.06034261814347377 0.05263166311500435 0.05447835896672297 0.0552938146880718 0.05391628545230175 0.05543798455110952 0.07433680623377852 0.007548334229545623 0.05553572414215921 0.07397981459000326 0.015706358939625534 0.049127962560621186 0.03740621414463656 0.06666399407289751 0.0904874396033042 0.0892570820555241 0.02751385939709588 0.07939922615507124 0.09537659783875192 0.0778278944432238 0.02615177280670437 0.0832118255872076 0.0367643002090631 0.02476590022290278 0.0760330213182326 0.028668373577899673 0.020864239168332445 0.0884292259424155 0.07225059887928621 0.0699743025599422 0.018229237696846617 0.008463852080568848 0.06123288495095038 0.025994887434254377 0.024715332922339666 0.048596229258203776 0.016288852520196004 0.04544837605762746 0.037405223226596784 0.05486012157659182 0.02421356267453146 0.05775257167604371 0.040148660540456176 0.05268811443967844 0.050926824251192826 0.03695114814518413 0.02877216722449465 0.02409562549400902 0.015846774995321555 0.037634688826474354 0.0684826269406344 0.08163288246103621 0.026622878880514497 0.04058619187011029 0.07662129614392367 0.045006305819966876 0.09111442915543995 0.041741464297303396 0.03632512218043085 0.05828940951914919 0.0289479586212726 0.02642436948015383 0.0882191436411968 0.07553228809584936 0.06772261821557037 0.05750675702670705 0.08315094321871609 0.017618847605564963 0.0860276220050226 0.026531964439903886 0.01548220947322481 0.06329394851844616 0.09323124178828802 0.09718325774812295 0.043290733971798064 0.027942176171740475 0.0826307737466434 0.015632963922863046 0.03361053297581285 0.037876434508222805 0.09165228202177704 0.08482622729983183
 0.060979749722592125 0.05974268425207219 0.043238748174271285 0.04167714789467354 10000.0 0.07495901571623824 0.061938679839936714 0.03832124980049378 0.1040904606914569 0.020750758918587606 0.08304516563488348 0.07061786811376834 0.005880974407009922 0.025777728058965405 0.040168979120052836 0.06374371139567844 0.06441030571191281 0.05178924863764853 0.05896896231552297 0.06466446757331429 0.07617508457248641 0.043030002104300906 0.03790737495190947 0.07466335018239102 0.04441023874870032 0.057094385369575264 0.07829210469133874 0.0752480832722845 0.07954057917799989 0.11345084225305839 0.014168314823994776 0.09391583871144313 0.08813243587689083 0.060734170460605356 0.06257678092834075 0.0951156112942739 0.012053131658192351 0.04779554731762719 0.07364786727383077 0.021315980974034688 0.056503218827295885 0.11743889950321319 0.06804777373540258 0.07266332538625274 0.05990041808509437 0.03466624491563403 0.04953047520776297 0.06657613142026268 0.027968406406411853 0.055879174982429 0.056125246417937744 0.08061208319761294 0.07717225389918234 0.03431184688192499 0.03039529232039424 0.046952757385942755 0.07741654185997614 0.04794915292551436 0.009735367958281022 0.07720101304065344 0.06130616442781928 0.0452618670806113 0.026468904685739213 0.049708059791150734 0.06284106382776275 0.07133845257466835 0.06552593149771863 0.02669719994110439 0.06925916174460126 0.02032975737672676 0.1002705652457074 0.08309104607125395 0.0695365197190263 0.02145253840402846 0.05071004890367658 0.023938673561382903 0.10433081483836201 0.0800198756407421 0.051603456171886525 0.08019372643044198 0.09096095533292446 0.02578692073732537 0.0877066955641425 0.05520826395580857 0.02647964204917354 0.08140548395039462 0.09674596337438512 0.08813954123710824 0.014120102178303907 0.02925220717684408 0.10387480926661904 0.05357855503995787 0.07479573058076203 0.06225684721368833 0.11814221178358887 0.11099640962732372
 0.05069927882304236 0.07075376406756437 0.052504255161461386 0.0811530286632427 0.07495901571623824 10000.0 0.026931800272380062 0.06718422874236504 0.04602592799578315 0.06400581688538687 0.10467453642036108 0.012336958950032628 0.07514823942648971 0.049517365482310366 0.03665044914099593 0.03493351598693202 0.0328145640713152 0.026221474892163737 0.02895373625830079 0.03160139525062303 0.01507331683794094 0.07462809766358885 0.03739693193589396 0.013178936251468881 0.06698506489320188 0.03423504490644433 0.0935837919657309 0.02741297544914436 0.01189630510117828 0.07072512628403324 0.0748565220496919 0.04202170785254546 0.01428671737622232 0.021962082510397888 0.07484441531160493 0.03807369901941995 0.06421710903958476 0.05886580476023589 0.007773994243580984 0.06123058735959934 0.07281171721432825 0.0832729103361673 0.00897207407743486 0.017392281079872604 0.09046232312584182 0.08262704459010072 0.025448614697687683 0.08621354096643923 0.059900718641795685 0.034216979444756095 0.09507459969548737 0.07745332497000662 0.08833719789984536 0.04141710709014034 0.059051169903151825 0.028070359367069277 0.08121145308741738 0.029476022915919508 0.07337141207420016 0.1105736481821047 0.0680436465566661 0.05834838043273842 0.07285626338723855 0.04478828253576442 0.012979845770692939 0.007913814620564437 0.08086852153958389 0.04948825300047513 0.005732337973219057 0.054663956556004235 0.03666158998824511 0.09949143930323301 0.07011812358717769 0.06308477718780418 0.055806557869103 0.06111560383091365 0.05034393800082227 0.019975441553332543 0.02555388697023163 0.05275267601555609 0.029220877791408945 0.07025369068986852 0.018042330008325246 0.06298044366692145 0.07863113527890375 0.04467970904584032 0.026590401384367482 0.016167616471092446 0.06088226053421836 0.0562198850642345 0.05925697770601554 0.0763045345308125 0.10478087849266811 0.05545775912663121 0.07843145976879602 0.07308173784700354
 0.02381648891958134 0.04389396203549727 0.02797476430252516 0.05682644587725357 0.061938679839936714 0.026931800272380062 10000.0 0.043119620470328336 0.042412192644446074 0.04547680201102289 0.07774328378432782 0.03426654513511528 0.06014922686278831 0.04082626011176717 0.03506132330346545 0.008701302787267528 0.006972185279294741 0.013244236697197551 0.0031492341715512948 0.006015900741764122 0.017511399747097072 0.049752731519407005 0.03210256877802749 0.01724623645946742 0.04169822462798172 0.007782373097753742 0.06668500133985336 0.013374464139820977 0.03833307356429793 0.057549310076585744 0.057221227826346616 0.03292791149439043 0.040202879440382526 0.03605809253959648 0.04794419545980893 0.033299338110635214 0.0499397497757189 0.03300116282541336 0.020213513807387826 0.04321731341347906 0.046168357140359315 0.06661959535593927 0.018367570801539647 0.013154581135730693 0.06416548404676098 0.05983220300783954 0.02359415467266125 0.05935179897695147 0.03946955454402028 0.008231279887728257 0.06948637002111183 0.05145094294862168 0.06150338737980639 0.03595916989202376 0.03787641918984877 0.022631220537970606 0.05463899601332014 0.016214014773093848 0.06383510999635757 0.08393853736254887 0.041120289575229695 0.0329671562307032 0.05168007990313892 0.019217593514976775 0.01743263310657696 0.030744698979364885 0.05396251458008595 0.03548625936873193 0.024333842483361495 0.0439065395507622 0.0384652894805221 0.07261451669075084 0.04339160639992396 0.05789448753657665 0.02951356062136843 0.04200326176203057 0.043453921734756804 0.019341351960349216 0.030575855831341384 0.03019494564143333 0.029269173470817457 0.04933324630193752 0.029321192781669742 0.03625854916889017 0.05756617940995809 0.02521080896641565 0.03716538211975153 0.04284846411167719 0.04937073167808354 0.03617928728763007 0.04636439624410667 0.05001673695126325 0.07805191197362166 0.028596577395564163 0.06412320498447921 0.05752079122447242
 0.02877142154960028 0.021445662995416177 0.01514528331862883 0.013968824811723358 0.03832124980049378 0.06718422874236504 0.043119620470328336 10000.0 0.07875373225865007 0.01857496458632313 0.04860482948636521 0.06947624884099207 0.03314699121927699 0.03855490757532486 0.048046010816613784 0.039548493684236 0.04126926788745535 0.04136636986209638 0.040150037289530774 0.04215501853537645 0.06062006613726788 0.0081951661520167 0.04308871347199263 0.060181857137371994 0.006147577195473528 0.03550947376077177 0.04154044951366378 0.05356303679950736 0.07658222868945938 0.08071429657185691 0.0255727890473299 0.06769518130865478 0.08140927180308145 0.06449895388772696 0.02430577023496526 0.07100414993262648 0.029860818571467714 0.012857324180688766 0.062109471426063094 0.0197007187563874 0.01826448378153849 0.08200748401673585 0.05828320448283898 0.05627239733231266 0.0272844218293341 0.017216027080407762 0.0477254994715572 0.029984811248727726 0.013614490045839119 0.03489629170015382 0.028924753332345447 0.04245115785407401 0.03951256055673384 0.043006938282563016 0.012145797571454595 0.04426077329721871 0.039106914694231595 0.03885312242430023 0.04623245073156724 0.047908046998156616 0.023295894882220006 0.011308485917980239 0.013553290463430998 0.0240631152107569 0.054527496370879454 0.067746205412597 0.02779769770618294 0.029115457434551104 0.06267072786332085 0.03541400273906778 0.07851092869768445 0.046966350404894545 0.031601965467166676 0.05061145442270408 0.017052298524930044 0.016828858563865998 0.07706101017182194 0.062067922835058506 0.05451392848999281 0.04771299086022131 0.07022152397432246 0.012987728077393209 0.07241244758642636 0.01806211102205608 0.018025676704985536 0.05215385425204034 0.079861884449177 0.08321969550978732 0.035391697431771126 0.01588823803348623 0.07290973242376897 0.016289679246956294 0.0434195329990504 0.027883958308942122 0.08408960592623678 0.07703614932751873
 0.0504832442458147 0.06872966903031003 0.06509581750746121 0.09048485886438068 0.1040904606914569 0.04602592799578315 0.042412192644446074 0.07875373225865007 10000.0 0.08628875814947579 0.0946887936448833 0.05835915063351739 0.10187146699948046 0.08300039265460386 0.07500846811878245 0.04083260583472885 0.03984940184266023 0.05449446594996789 0.04523628628330762 0.039485050783591956 0.03343546327618617 0.08294005587428435 0.07315293547244729 0.03570320579470414 0.07493796808246599 0.04711839667742793 0.08319967560750895 0.029049740772197283 0.05506079386222763 0.02855164784877049 0.09798231898751067 0.011088585976655168 0.04774315939814594 0.06704518592329221 0.07113701034154064 0.009221351135547043 0.09204218984859999 0.0661157271889967 0.04031457450043512 0.08438663561357883 0.07293907530529237 0.04353752387318137 0.04522699599823633 0.03479978065625156 0.09067678518968723 0.09588301667986428 0.062327126692745136 0.08150198183283074 0.0795153390131743 0.04829060704112748 0.09856696763125095 0.061727629290682845 0.07732294155788906 0.07727788815135272 0.07749846194351934 0.06277925201440655 0.068455536735778 0.05804371907359723 0.10624645937254647 0.1062111400233895 0.06495680533557428 0.06744530041156255 0.0902215198322263 0.05642427398464206 0.04943180437867986 0.05392871091516136 0.07591972401069627 0.07785520001724851 0.04934642018187296 0.08630443820972285 0.010814227845133077 0.08780580804781178 0.0613195889469738 0.0997685165068585 0.06185466741952838 0.08269540557410447 0.006296272312950268 0.027960201734973364 0.06686831885163647 0.035243787996772226 0.016874904609791623 0.08827222899242107 0.0288020951046124 0.06441326422913704 0.0958343963267539 0.027425572758989228 0.02388263703984517 0.051894230639423826 0.0917743507205656 0.07672841913271664 0.01959386491758402 0.07839717835523896 0.09989722390074224 0.052959136829418926 0.03644447465630753 0.03345919066970691
 0.04060333571523002 0.03957655280045748 0.022873188362589985 0.02641148485351738 0.020750758918587606 0.06400581688538687 0.04547680201102289 0.01857496458632313 0.08628875814947579 10000.0 0.06629036221142912 0.06294449973303212 0.016556333212403806 0.023199418101946777 0.0359439406295452 0.04545862936727572 0.046498841552732206 0.03823220862776206 0.0423419080449807 0.046978946417683944 0.061653795088576824 0.024967818621220467 0.03163677574887773 0.06055737749755487 0.024376012875112162 0.03935192410378597 0.05995557163743503 0.05823060426734249 0.07120837371210532 0.09340821926007399 0.011765250904069066 0.0756752631556233 0.07810850259039007 0.05539484649746819 0.04275033881784046 0.07763554791379094 0.011291264453033394 0.02704686438288686 0.060837488090392945 0.0029076738170726382 0.03676855906522603 0.09683752888270586 0.05584037745934921 0.057659927376442974 0.043797282060260796 0.022661057225165475 0.04025289996771712 0.04829521052314793 0.007346223396278324 0.038270240724304544 0.04260616679183055 0.06016503530965423 0.05808464541352111 0.029970894479472387 0.009747957372167871 0.03693475287172234 0.057417653655042866 0.03466037762979872 0.027827100213784706 0.06334736972718645 0.04084316562058762 0.02451111752210472 0.011338201205438067 0.03028028377050477 0.05107664750463896 0.06238204119586431 0.046366989919620905 0.01609895767997664 0.058670212063688755 0.018646996178506806 0.0837590966262391 0.06522649189529552 0.048992997811659035 0.03241996439676728 0.030007661290076707 0.0036037525060772582 0.08586005327083511 0.06460751402430666 0.04522050172600715 0.06000681864154196 0.0746876709585203 0.008971376977129946 0.07363279432520474 0.0345499677074076 0.01590460802766995 0.06203860724379587 0.08217808295333653 0.07903045118541333 0.01718266067599485 0.009563993625020377 0.08425404287896589 0.034713683089571366 0.059735904466062854 0.0416050650753211 0.09780455577142631 0.09065817822332686
 0.05403834246521309 0.034352182392899354 0.05691990712845927 0.0413681790329751 0.08304516563488348 0.10467453642036108 0.07774328378432782 0.04860482948636521 0.0946887936448833 0.06629036221142912 10000.0 0.11079129187894693 0.0772085691297312 0.08709164070254907 0.09526929326500051 0.07003473190729535 0.0722055795333523 0.08276045776474684 0.0758898244549224 0.07342328688950235 0.09307626522447346 0.041335949250694705 0.09023470835083847 0.09372471068350649 0.04431945647653692 0.07066403906120984 0.011657975055904742 0.08153966351481315 0.11595223769147239 0.08067239518497672 0.06888160988174945 0.08495096522144673 0.11757092004991371 0.10873782052484046 0.030086122548482627 0.0906946203726808 0.07733744181272909 0.048806087205685224 0.09771079395755326 0.06795325141367776 0.03359153988325695 0.07282649048024206 0.09601619390451512 0.08904446182380366 0.023158461075476262 0.048854272132536694 0.09195327416683007 0.01947602223784139 0.062216693085875116 0.0708970396491678 0.02898752520547954 0.03302581496334077 0.017514860873666948 0.09084383155081854 0.06067087274642367 0.08875842744098966 0.0262758382708742 0.08167003498183008 0.09223929922905999 0.01564583532627499 0.0366914092786648 0.050508307784539797 0.05691431361482126 0.06158826810469245 0.09402416223709485 0.1078849260271977 0.024106518446898303 0.07747323435222239 0.10173409826363068 0.08399214037496112 0.09984088235852513 0.007204397755784097 0.03543481876207783 0.09870934733960332 0.05043118016321501 0.06521751016714424 0.09005824742200597 0.09177896108170143 0.09956968505316137 0.060196944285554485 0.0947243222270839 0.058240833755658965 0.10256287758138369 0.04247861749612089 0.056725998393465454 0.06942559871338354 0.106932720582931 0.1204775127070697 0.0834697059511572 0.0643073200358935 0.07940424422043134 0.03270017383644535 0.011661400491417347 0.04934399412907771 0.07933144155139205 0.0742963247587072
 0.05767912210680749 0.07646250925004063 0.05581510880592954 0.0832575010431694 0.07061786811376834 0.012336958950032628 0.03426654513511528 0.06947624884099207 0.05835915063351739 0.06294449973303212 0.11079129187894693 10000.0 0.07174352970923614 0.04485579378847664 0.030572617636845108 0.04290456774470802 0.04097107903956752 0.02852705822744165 0.03539850598211685 0.039831368796296486 0.026704839804421482 0.0773880138684565 0.03287625009876069 0.024563864265863034 0.07035327303198635 0.040410731480833684 0.10013214325611919 0.038179648513474225 0.009008888824074029 0.08279925411214907 0.07281192109302433 0.05415280385903603 0.018923332637080792 0.011498171390526392 0.08070755207415212 0.050377897223733516 0.06098620728024085 0.06309858305752593 0.019087282567227613 0.06005272543643301 0.07786945981091642 0.09499832738038116 0.016728101254616035 0.02804726552620855 0.09461880513302634 0.08348330021832473 0.022702158203674182 0.0917559264996016 0.06013226651020452 0.04002206093001443 0.09819317576208561 0.08571737753830934 0.09521017505577073 0.03630615347769463 0.05976766597486053 0.026085225248254445 0.08873228641447906 0.030637823368665888 0.06754651716826746 0.11520342339819116 0.07417753688515709 0.06210439137886002 0.07292867312299794 0.04939688574225397 0.0169559633574272 0.0045019091011412335 0.08670848527976056 0.047254215774398776 0.010597950024054427 0.05045724400481494 0.04888126244038511 0.10613586148667291 0.0773791281705495 0.05595577807614854 0.060664641209070204 0.06053536324448813 0.06265831723903813 0.03194957370069921 0.019020584582896984 0.06276289859105362 0.04155697280272018 0.07026917816106451 0.030122725926266077 0.06839606259817278 0.0784335926598498 0.05538067680934242 0.03816282693519281 0.01785658508613877 0.0565664356968707 0.05646318026157282 0.07127603150855912 0.0806590544382971 0.10970167927884851 0.06246165129851686 0.09043446983047251 0.08490316943663838
 0.0571589818815671 0.054590283907596376 0.03942046185614669 0.03584259048958421 0.005880974407009922 0.07514823942648971 0.06014922686278831 0.03314699121927699 0.10187146699948046 0.016556333212403806 0.0772085691297312 0.07174352970923614 10000.0 0.027140527717984055 0.041756495368036946 0.06119462231263297 0.062034600411197044 0.05092231833811565 0.05709429411022631 0.06238950803928266 0.07519186621370423 0.03743651418338626 0.0388690363725342 0.0738178785451073 0.039281734033322316 0.05475307911731543 0.07260950810702477 0.07330393303868439 0.08054486097406842 0.10993344866050793 0.008332458861722753 0.09146888068465643 0.08868559454479531 0.06240315464745228 0.05727191376059185 0.09302820950141714 0.010931181893633802 0.043303740841954125 0.07323481376727727 0.017765059756034245 0.051190148133511616 0.11333588495581864 0.06778958924603187 0.07148733402911067 0.05405687082640508 0.02878551368337159 0.049934270140658564 0.06090901281154324 0.0239024937876137 0.053586326054375945 0.05024930290446334 0.07557692895514238 0.07162375024111198 0.03566724738633437 0.0262977490689242 0.047091725603236344 0.0721391872595768 0.04710988986383102 0.01551500867430488 0.07133266726363414 0.056329354069999685 0.0408251686709559 0.02082297908700402 0.04652402033394124 0.0626766018582972 0.07210100349870353 0.060021107471794954 0.02586336128890548 0.06951686967971091 0.021404083337969494 0.09861213827489775 0.07734281465932358 0.06460598586922574 0.026168450701258745 0.04646817988077187 0.020026285236014112 0.10178325966871524 0.0787297964511274 0.05285966237588625 0.07654824501740118 0.08937570586505555 0.020360615163940245 0.08693658368536154 0.0504527268524736 0.02060153601703712 0.07833290522436918 0.09583132701687119 0.08896718456172517 0.015637132464122464 0.025750898024160404 0.10066170174422565 0.04805581892999985 0.06891537080679654 0.0580982753698083 0.11436082867059905 0.10721449423558803
 0.048500099028508284 0.05624931472962621 0.033467056408385126 0.04917032731468171 0.025777728058965405 0.049517365482310366 0.04082626011176717 0.03855490757532486 0.08300039265460386 0.023199418101946777 0.08709164070254907 0.04485579378847664 0.027140527717984055 10000.0 0.014616009083212679 0.04519369742697788 0.04515963880690688 0.028624374729830412 0.038318451979462154 0.04503142556690188 0.05246085728051403 0.04631495939217304 0.012181630044182785 0.05069830580037522 0.04293317801711634 0.038265455207084 0.07927696562621146 0.05402593658317637 0.05376523735175114 0.0969684566518367 0.029775165775175538 0.07375411192098162 0.06242711925442541 0.035263999878426856 0.060186011838158374 0.07379877915816797 0.016870378546853693 0.04109395160160954 0.048941658516724065 0.02061847603901162 0.054836609285235816 0.10373629990570327 0.04318265639265411 0.04945074373604227 0.06561040026342681 0.04584932965031399 0.02410232722642876 0.06809673046049307 0.02504918133989229 0.03697499518039486 0.06545832677315014 0.07446787144839428 0.07632918622577749 0.00856849508897204 0.026430012730955542 0.021920250745052907 0.07360643853590292 0.02497202745205049 0.02414021479758958 0.08581872472537215 0.05619792516748988 0.03869208443084537 0.0345366138575833 0.03542158706942321 0.03791518330577859 0.04558522111047405 0.06498494989602002 0.009861301440221229 0.04378882966164983 0.005756379240295162 0.07770258965250675 0.08497843000726879 0.06331609600603379 0.017303228225010518 0.04195054577740141 0.022749781474086347 0.08427972958013871 0.05690739383281618 0.025858710668467854 0.06542462570744705 0.06835537788795384 0.03213548261124984 0.06342232796861103 0.04915518947506204 0.03869459061434365 0.06399040207369194 0.07262775494889319 0.06236639544312098 0.01171460325486841 0.02279243373322812 0.0863110834900541 0.054465311438267654 0.08175008071031277 0.05154097465952667 0.10278332434981632 0.09580336983803003
 0.04973987720400343 0.062273236050767004 0.0387236616475328 0.06034261814347377 0.040168979120052836 0.03665044914099593 0.03506132330346545 0.048046010816613784 0.07500846811878245 0.0359439406295452 0.09526929326500051 0.030572617636845108 0.041756495368036946 0.014616009083212679 10000.0 0.04170882531256171 0.04097643073931794 0.02182439988649025 0.03341732990528303 0.04046528034640853 0.042458935599837495 0.05620551763699683 0.005034631191038251 0.0404114281030331 0.05117184264589931 0.035379250941593214 0.08629466205091972 0.04702113716669734 0.03955971343660779 0.09260874638191616 0.04401850334758554 0.06692607428900774 0.048705287364537386 0.020651320424988375 0.0664973867758972 0.0658330744869314 0.031370319472157675 0.046925762203879014 0.03754345047898945 0.03309955888046737 0.06188664944312028 0.1012819874979757 0.03172477427775819 0.04029200758603945 0.07526053125279066 0.05831511589833148 0.012736012362616223 0.07584247407047139 0.03563368525884555 0.034209353736858586 0.07646455745498047 0.07792640982003088 0.08256848378444526 0.006185702803003021 0.03625692841871624 0.012503528832577713 0.07841909341341168 0.019396671348437488 0.037095472407333234 0.09595195859262041 0.06136178417223598 0.04493620431603125 0.04705027040655748 0.03712271413980363 0.02661242585097707 0.03176284615564033 0.07192146403867933 0.020012691987517157 0.03097423980543827 0.020361994400068507 0.06831857167930035 0.09222656531758666 0.06734812811634847 0.026472382546949547 0.046461066553820214 0.03452569489783263 0.07723729900721886 0.047520189316630476 0.011605242934679563 0.06360588645816886 0.05917338883731604 0.044470576522657033 0.05226741518441771 0.054415761826106475 0.051836657115027704 0.060090936049197914 0.06151258183241216 0.048303817351116426 0.026260647074860345 0.032468356608379226 0.08137399669388956 0.06272799101848332 0.09132580512934634 0.05370349767676989 0.09914273430238942 0.09246020566191021
 0.01603985977057255 0.03679107873553049 0.02488047595010333 0.05263166311500435 0.06374371139567844 0.03493351598693202 0.008701302787267528 0.039548493684236 0.04083260583472885 0.04545862936727572 0.07003473190729535 0.04290456774470802 0.06119462231263297 0.04519369742697788 0.04170882531256171 10000.0 0.002174792861213029 0.020273127673134154 0.008676340565204197 0.003388943423029993 0.02332331041036567 0.04524671939697575 0.03812837654299561 0.023752498148127518 0.03702114748505152 0.006942706983197451 0.05878550731054374 0.014040008455170394 0.04658418752625327 0.05180321050039101 0.057151019461728576 0.03027690717808594 0.047536783087407254 0.04463382212595065 0.04064234968573886 0.03229332854269257 0.05170945965335769 0.0279781367501277 0.027718944771970306 0.04359910716703289 0.039576884407069884 0.05959481578983024 0.02672315023281057 0.01912226692473413 0.057922208118434265 0.05671153133890395 0.031220304893223375 0.05213294250702632 0.03871183721751511 0.008233530094777496 0.0639796500617871 0.04284963293529658 0.05345066821411127 0.0416230195435043 0.036747542379838 0.02968787434256583 0.04629326978576446 0.022315552607082345 0.0668667675297184 0.07709954369271332 0.033719354763199934 0.028560182622492773 0.04985906510848238 0.015888442134664903 0.026126092568118743 0.03927992498670373 0.0465958164350985 0.03831886034723832 0.032813722739506404 0.04737669567070085 0.03914217629984406 0.06464520436502197 0.03519187705677513 0.0624940744239802 0.024002327557977314 0.04186371198365118 0.04061004096644082 0.023258094179295977 0.0385979849877883 0.022128032995850734 0.030676508837040685 0.047761925481172786 0.03408798445626617 0.029661180875552213 0.05561740602806806 0.018826090194727793 0.04068085199935334 0.0504847158948169 0.05226554523820433 0.035896796136195085 0.041144400402139465 0.043948397837004084 0.07107031277767992 0.020690763894344856 0.05784948339061475 0.05100114809247556
 0.01821464091666178 0.0389535561566164 0.026449158536612512 0.05447835896672297 0.06441030571191281 0.0328145640713152 0.006972185279294741 0.04126926788745535 0.03984940184266023 0.046498841552732206 0.0722055795333523 0.04097107903956752 0.062034600411197044 0.04515963880690688 0.04097643073931794 0.002174792861213029 10000.0 0.019306421367170867 0.00759146082795802 0.0012204630734592799 0.021165303937255662 0.04713039737082444 0.03758689131905986 0.021578327593879842 0.038915180492880244 0.007316078839652759 0.06094788357454974 0.012312801118448865 0.04449790309775051 0.052040064513271866 0.058231476929909 0.0295055379623251 0.045365397394189044 0.04302912315116452 0.042813513421295045 0.0311379192771965 0.052359603866123504 0.029899145573032585 0.025563119011404196 0.04454498203066803 0.041706901806770134 0.060326753768653346 0.02468230183069793 0.016952078856994682 0.060031808686074994 0.058387482249841235 0.030104946810369848 0.05430320861776995 0.0398865182616387 0.008546469741073643 0.06601532469043167 0.044856519345450076 0.0556009533938943 0.041204063515742066 0.03799161863980388 0.028776484921940886 0.04839860961228562 0.021653237841449947 0.0672346608042692 0.07925673467046258 0.03589192005830241 0.03038560016571812 0.05128346844714526 0.01740095895734059 0.024282794702348377 0.03728531601886425 0.048769149005299356 0.0386617588921447 0.030802451083377175 0.04759005795593986 0.03767529204923545 0.06680162514659073 0.03732933296224568 0.06243267036696435 0.02598072863590098 0.042918160843265524 0.03994091709073875 0.02123369170841834 0.03732612448405373 0.02333319031236301 0.0290390839281089 0.04913235695736332 0.03202261066904731 0.03178275164117019 0.057077742778512575 0.01917899345459568 0.038768102471505105 0.04832483885987209 0.05264031745660785 0.036956820853648334 0.04117932863792974 0.04603289558023422 0.07323377869117502 0.02286203442908123 0.05828423934537666 0.05152064940489725
 0.03135867209820025 0.0484261430993333 0.0273088045135752 0.0552938146880718 0.05178924863764853 0.026221474892163737 0.013244236697197551 0.04136636986209638 0.05449446594996789 0.03823220862776206 0.08276045776474684 0.02852705822744165 0.05092231833811565 0.028624374729830412 0.02182439988649025 0.020273127673134154 0.019306421367170867 10000.0 0.011715442500515826 0.018710546542435876 0.024386095041289073 0.04909792379245455 0.0189603061979881 0.02291140737683525 0.04187404442518742 0.014702746264835661 0.07244336391942963 0.02573406245393807 0.035225665319515875 0.07079262913209612 0.04949944599236027 0.04566548819779268 0.04050249517015719 0.02636987105009763 0.052721300372239016 0.04527605521102751 0.04016750402992096 0.034607313552333985 0.022618837044731867 0.03556450560030709 0.04952133623461439 0.07961454047381986 0.017683917915242767 0.020995569978341275 0.06609176475530601 0.05642944878051891 0.011048716019593027 0.0635272534529793 0.03372459139064306 0.013773788171075206 0.06982800631287862 0.06019565680914232 0.06783149129848408 0.02293800276409427 0.03283051336619859 0.009474567547342527 0.062118487767225616 0.003840105743639312 0.05239991149738488 0.08669141108969854 0.046455451378996294 0.03357736409606461 0.046665483069684516 0.021172881947007352 0.013293507541291109 0.02642795016899444 0.05865834421703841 0.02515545523112054 0.021368501514725764 0.03246135062404259 0.04912160336051973 0.07847613180443912 0.05068728954677067 0.0452781315727507 0.032372572894631566 0.035161318286450485 0.056123528207841174 0.0284344066894787 0.018728881316090004 0.04239364635690899 0.03976592633873333 0.04407741511354017 0.036017118756003094 0.04028346948736986 0.052467879992581186 0.03830906187413344 0.04497500324024039 0.04199800349818925 0.03835580074660347 0.030059573239357894 0.05959784364820004 0.052147687175980284 0.08123455188554413 0.03593320714301003 0.07732596573233631 0.0706712733362986
 0.022289439420291424 0.04182050510060351 0.025009212266343027 0.05391628545230175 0.05896896231552297 0.02895373625830079 0.0031492341715512948 0.040150037289530774 0.04523628628330762 0.0423419080449807 0.0758898244549224 0.03539850598211685 0.05709429411022631 0.038318451979462154 0.03341732990528303 0.008676340565204197 0.00759146082795802 0.011715442500515826 10000.0 0.0070545486392748855 0.020480206274328033 0.046909927952113115 0.030145829165129544 0.020066898584785813 0.038913858316563577 0.005281714348001238 0.06497363119560784 0.016279643457579207 0.04006246450461629 0.059387343361296904 0.054090633943647784 0.03552370902404316 0.04254764314638647 0.03619719450949106 0.045944435219675374 0.03617712689902945 0.04695064125870366 0.030339235387117334 0.022620195212394896 0.040098243080568106 0.043879512140503264 0.06791235135475153 0.02015068083317678 0.01615257488557805 0.06170513755269563 0.05678266449285279 0.022570167632825263 0.05727528434831561 0.03632042287384979 0.005410322272263472 0.06681285348034838 0.05052323669063935 0.05991523756652716 0.033865201321952254 0.03473239639353347 0.021185091479469922 0.05333468307274318 0.014175722005935828 0.061063213205705125 0.08165584670896267 0.03920290950287429 0.030176507240941116 0.048548953479373026 0.016397918754664377 0.018442560609029872 0.032134360621128344 0.05197280026436451 0.03261901009549673 0.0258681134646801 0.04118837686949807 0.041541309813540726 0.07094196509739352 0.04198459898554784 0.05549013203678896 0.0270048758115488 0.03886239835354288 0.04605450668904659 0.022480995668690072 0.02992258184472992 0.03078035926434322 0.032375920011022886 0.04619453333839394 0.032367225913340576 0.034028483011694595 0.05443715707219965 0.02667972242326586 0.040293371483921564 0.04502469544094051 0.0465510603319612 0.0330323923361993 0.0483592607591457 0.04754020023410493 0.07583468389526768 0.027077659952251046 0.06576417435480401 0.05904712353293682
 0.019425422031101525 0.04014268999743501 0.027258155774592285 0.05543798455110952 0.06466446757331429 0.03160139525062303 0.006015900741764122 0.04215501853537645 0.039485050783591956 0.046978946417683944 0.07342328688950235 0.039831368796296486 0.06238950803928266 0.04503142556690188 0.04046528034640853 0.003388943423029993 0.0012204630734592799 0.018710546542435876 0.0070545486392748855 10000.0 0.01998754626873129 0.04811568442486942 0.037185130843662574 0.020372814929908143 0.039909950815497086 0.0076461168066034625 0.06216805394887579 0.011526456915650553 0.04329468423965469 0.052363621963015826 0.05872762621315314 0.02928602487297647 0.04414798812369397 0.04204961261052721 0.044014071173572755 0.030679058385847044 0.05261133705745351 0.03091564859956505 0.024342727284201136 0.04497235063939577 0.04286522873333841 0.06090786956119188 0.023498796176277332 0.01575683766091407 0.06117207791260609 0.05923895445241089 0.02939753481772476 0.05550211151567251 0.04045024190414562 0.008805691799404965 0.06709974610627176 0.04603734591340225 0.05682117273918879 0.04086576339159815 0.038597460377614176 0.02818404944977096 0.04961042507194085 0.021220345191549438 0.06731745123066862 0.08043902520670805 0.03709516821112135 0.03134246236714873 0.05198548989206698 0.01820030513240974 0.02319305302080373 0.03611905900849066 0.049973840828179676 0.03875295622825231 0.02963017301026625 0.04759829126490841 0.037008040890737344 0.06802208779923746 0.03854813621746201 0.062276588223017106 0.027036242239001113 0.043409526378836626 0.03976492861923863 0.020183320716144343 0.03652511331078864 0.024184837524164785 0.028267242584656422 0.04980352194489534 0.030931598509979286 0.032935414308108014 0.05779865437128087 0.019626883794641264 0.03779341513545165 0.04710440932009951 0.05273544197535331 0.03745771475164066 0.04140278433706932 0.047154972157294944 0.07442325236192951 0.024079415007711644 0.05871015358407784 0.051995636607032394
