NAME :TPP_input_15_5_1
NUM_VERTICES
71
NUM_CLUSTERS
15
Full Matrix
 10000.0 0.09525538135545387 0.029151686179951026 0.036976846638655254 0.08596626736677165 0.09765486930014784 0.10166721115959619 0.05956175161237203 0.05262473475378331 0.04682594374850903 0.026491369623061332 0.005030186566524534 0.10653670974446287 0.0925445537489614 0.08221377539951816 0.042464091269726265 0.05145117366867844 0.031673494399330725 0.05113215724130394 0.06079094484543937 0.04523737458108914 0.060112056433107595 0.07454672780449133 0.044233812607617946 0.10284143161986964 0.07909889163251789 0.065825616287651 0.08266944489414589 0.0726194117537729 0.016610691001134246 0.05352629147294661 0.04857384830937581 0.07948392469705465 0.09362193857256572 0.03969754437869121 0.058668492239828486 0.07487044205737374 0.06854609668769088 0.09438722310485125 0.07190816470678309 0.07998091137212802 0.12394580435553508 0.012257742638583854 0.050002009628522685 0.06802927512549886 0.05662837687080505 0.10527793183984731 0.05740165888800868 0.003188969684334566 0.05042195317955999 0.11942371258234392 0.07213734038690715 0.12036208152309483 0.041629137620223834 0.07639802714847532 0.01738001842116826 0.08081815799774492 0.08578337749981287 0.08027187792879971 0.031893731837880794 0.054779459413589936 0.11578815800713561 0.06597528403842379 0.09172318721260193 0.06474385588539927 0.10800253900350316 0.019883297413323425 0.05339219340142003 0.09435539825597346 0.07275784240410861 0.05939970522939265
 0.09525538135545387 10000.0 0.07544682089009218 0.06448978109851874 0.07100823433824151 0.056593540254237046 0.031209300864210393 0.041579849376790136 0.04454424673978773 0.06982665323910976 0.0731096897892615 0.09029194344230787 0.011487498724355161 0.02303572989617438 0.04156535158119535 0.07679669335052007 0.06538616610954714 0.06592022440331168 0.07099941968476879 0.06932901776047194 0.06832745763781528 0.035896893161573115 0.04455015400593367 0.05865146722291321 0.03242671999458574 0.051843862296448516 0.041704960233070514 0.05362372471696181 0.038774595894823044 0.08398934715517041 0.046918529778500986 0.05195819348512797 0.024266221065583855 0.0545632408658882 0.05580916135214567 0.06183634261032645 0.06506414854894989 0.03329730517739846 0.035773865484054604 0.033222778975747276 0.017712801980738123 0.029083526674982613 0.08552697824814595 0.058013271481133916 0.04795256705021245 0.05331875510744363 0.027556616989841663 0.0416119467435408 0.09823136253378266 0.047638452778347 0.024907859994988568 0.057105368503024063 0.02539125027559764 0.05666188918541566 0.051465159209004935 0.07930012420734572 0.05236869202334085 0.05972446077529977 0.022839109250711597 0.06490060799744649 0.06098827407505824 0.02160053071001116 0.029654770846061308 0.028507503570574202 0.03248368659921143 0.013903292844941567 0.07555289344799253 0.042613415788366284 0.004864750267951309 0.04858576936629802 0.04409799055681175
 0.029151686179951026 0.07544682089009218 10000.0 0.010977071495252058 0.05701076294488275 0.0687521527924749 0.08980421064025983 0.03503292486693645 0.03097557858521452 0.01784992018433004 0.006281906210938966 0.024989310486798214 0.0869207560256447 0.07918795555244845 0.054501427562176366 0.01510505706171844 0.02229990277750756 0.011939448090202294 0.02242532540477883 0.03196450527206227 0.05024734558749102 0.03982932651942372 0.04666144834973719 0.041981506384757075 0.09116523863959522 0.0503303860726663 0.058085113528854426 0.07999030911679522 0.045928861080256546 0.012598588121832193 0.029055801555645962 0.04218428437843197 0.06594549219592079 0.09002626108113908 0.023238768911562593 0.060482762349911956 0.0771051677843748 0.05681469726481448 0.06740955283150603 0.061027419381782626 0.06342525330349047 0.10250285305820994 0.01698087328696432 0.04893304998579613 0.06356605451047218 0.05378026337468295 0.07999869211609108 0.03408079879555696 0.030788484755362774 0.04065068772236787 0.09778003647129783 0.04308500689362476 0.10077045904095852 0.03554838632904901 0.07336231009906179 0.01395735064211758 0.05200817348773162 0.08489218881803796 0.056589554424488826 0.02829958988949256 0.05605608656648133 0.09404700904533382 0.046146519720377886 0.08007170613442662 0.05040664194903575 0.08914749509267839 0.021407825374759663 0.03960316943175964 0.07339787249497207 0.04439692705552217 0.033748540315569654
 0.036976846638655254 0.06448978109851874 0.010977071495252058 10000.0 0.05236276369718629 0.06114351371940366 0.07978011996414731 0.024200043884290035 0.020098413264498065 0.015949464455606778 0.0105270805701656 0.032224482724483534 0.075958741689987 0.06898347230978602 0.045250147327540256 0.018079140995467348 0.01781119033740261 0.007411804199474049 0.020733701275095946 0.02879502450470504 0.04673600554618321 0.02899476403182399 0.037570185061970796 0.0365997859973071 0.08116507708711111 0.04250880138493182 0.0496900768359385 0.07241271889232499 0.035938044429068026 0.0215863386740009 0.018156660227891742 0.035227815358923234 0.055870165769320065 0.08197669902097507 0.014855630729914289 0.055089129392085344 0.07115497331028725 0.04735350439480993 0.05765671422415306 0.05166665291290967 0.052840518346420194 0.09155216829061012 0.024908695698667018 0.04330390069810081 0.05595127488600613 0.047173310862430345 0.06957192107333351 0.023112679906984287 0.03917041884291264 0.032614163303644125 0.08683556177352782 0.03625302815685208 0.0898007688163121 0.02951777597087837 0.06585501657358651 0.019759016850195477 0.04426870314772954 0.07773569942681507 0.045748702822075785 0.024886356905663806 0.050739218270467915 0.08310450897491954 0.035297090040348436 0.070190388311385 0.04048522965452064 0.07821528323614302 0.023249389929860118 0.03029804345806896 0.062420877517350364 0.03588894015009334 0.0231939887209438
 0.08596626736677165 0.07100823433824151 0.05701076294488275 0.05236276369718629 10000.0 0.022021414521871757 0.09982122270356446 0.045001990184495765 0.052693250455737625 0.03917725375619975 0.061156490486092424 0.08198754965477896 0.07906479448421234 0.08913561111659514 0.02945475671398746 0.04399536980008749 0.0350403628582783 0.05971038351931624 0.03486127092946931 0.025194695003305383 0.09524807758585108 0.055805352795430564 0.028421757373001344 0.08329207227227782 0.10122205517294812 0.019640390996183723 0.08575353590338697 0.10835964000223221 0.03541553155784307 0.06937183245422261 0.04656214488001824 0.07894293574054269 0.08034648044671885 0.1148053653163686 0.061671022544122586 0.09953181609078926 0.11270937619883337 0.07861974147860287 0.038453236827957274 0.08243174605982465 0.07251856337481724 0.0850624382869093 0.073952701828253 0.08860503332245975 0.09395159406000099 0.0896546775260673 0.05447154286915696 0.04846273040360813 0.08725246963749073 0.07405437250646962 0.08077549467280201 0.018604810751766232 0.08932637925021457 0.07626945620305779 0.10286640856395836 0.07053396720657108 0.018782212107763985 0.11476080653035987 0.04955258162453853 0.07550493695507182 0.09579896880652153 0.07765986115898335 0.05800326679315775 0.09321983249108036 0.07089773974915169 0.08277745677114617 0.07557887517070207 0.06791235458025198 0.06639052804251862 0.02544156329752965 0.041829160188992805
 0.09765486930014784 0.056593540254237046 0.0687521527924749 0.06114351371940366 0.022021414521871757 10000.0 0.08736656479119523 0.04481921358451181 0.05374991210339329 0.052219312725745114 0.07132903624728676 0.09312004595817777 0.0625252051792184 0.07763015549927707 0.02018603418632435 0.05872422122148843 0.046893696261743875 0.06774278479933114 0.04914914885077938 0.040487314586551026 0.09689756477256613 0.05326280755959558 0.025359969781904614 0.08457295597106175 0.08867222838528536 0.018635448380307222 0.08127514423981738 0.10191939348132233 0.030835692303529682 0.08131328952838407 0.04893159015148895 0.07898947775520836 0.07155749688321143 0.1065399318553909 0.06589124108954844 0.09816679445307022 0.10887822495487362 0.07291051425838672 0.020911007836267675 0.07599831739065624 0.06295649479982886 0.06538769115449881 0.08539960535929426 0.08857465663229179 0.08957825218424782 0.08794454310278033 0.03494528787966828 0.04839358177865705 0.09949622534872331 0.07360394208912843 0.061439325360793474 0.025805867888086843 0.07095024489053589 0.07829722109814528 0.09730783847397179 0.080806488598607 0.01687678485203919 0.10845896078884847 0.039048972817689605 0.08028244879485881 0.09506526692657806 0.05868650517371083 0.05299771197254973 0.08244296612444435 0.06606846576454611 0.06636967487916134 0.08366439896259172 0.0667566693711485 0.05173435084877695 0.02562111108121026 0.0427782459788652
 0.10166721115959619 0.031209300864210393 0.08980421064025983 0.07978011996414731 0.09982122270356446 0.08736656479119523 10000.0 0.06212174738074259 0.06071282789192157 0.0898538017970672 0.08560519052034433 0.09721005399081 0.030480018808427163 0.011221729727764352 0.07067054850803775 0.09574851478282845 0.08663659310216704 0.07832407399070779 0.09234798500631479 0.09324493317248801 0.06291782699373405 0.052267435184918845 0.07184216805069635 0.05817073597273972 0.001446470599649837 0.0802060208970901 0.03621880985972638 0.03220101198873188 0.06515043224948361 0.09483276424950066 0.06557541413402346 0.05312325476110563 0.023910144706145223 0.027858237386852915 0.0668595104305302 0.05146435870560219 0.04638276387929857 0.03356179807159849 0.06675641699125655 0.0298361130542204 0.028699234173365132 0.045520754469503995 0.09480138718410347 0.0539970783734457 0.03693853445042189 0.047380086205827995 0.05815555145298559 0.060462061012080716 0.10485026184194882 0.0515540831616454 0.04406984945733666 0.08388840723491607 0.035739061195662856 0.06005221772517631 0.03391306784659647 0.08884686522225352 0.08105462490566538 0.03642813509890165 0.05027407102140581 0.06984639571358123 0.052941378077182036 0.04289417699831045 0.04675682294805239 0.009972755296198961 0.03939764119630123 0.027583207704904723 0.08223463630509124 0.05046548047005565 0.03601844717465533 0.07549055132884566 0.06544524061217705
 0.05956175161237203 0.041579849376790136 0.03503292486693645 0.024200043884290035 0.045001990184495765 0.04481921358451181 0.06212174738074259 10000.0 0.00896296515766606 0.02852487890042046 0.0341548810954614 0.05457465695587739 0.05286476304189789 0.05090293840702293 0.025439916325263275 0.035281464400695704 0.024669095425262137 0.027927448399009916 0.03040264742488194 0.031462853005127904 0.05218504757313405 0.011208513577470512 0.01953560536934178 0.03987558857380181 0.06356570060659887 0.027905987768134827 0.04102985735654937 0.06410501074008759 0.014523419321530619 0.04543161405556335 0.006115081616494906 0.03466038122383658 0.0392414502702729 0.07156052252482367 0.022068402696668578 0.05480973560451101 0.06771735964251654 0.03470143938474492 0.03555110542803614 0.03885583705637063 0.03348378554557395 0.06759674455265968 0.04812811273148723 0.04436511151512714 0.04910836388359415 0.04478738573557618 0.045766362842801916 0.003627885791479913 0.062116260148530035 0.02947172472024035 0.0628518508227806 0.026441358928523607 0.06650029897227687 0.03347989652665763 0.058300470420483134 0.04227189750187069 0.02959078758318892 0.07036056950231083 0.02155891357154699 0.036131970873321755 0.05128059865934376 0.0591144589144451 0.015456486047348231 0.05356114571959503 0.02676987413050246 0.05547968625079509 0.04201484996021164 0.02301627188819031 0.03893645648370658 0.0205123853684094 0.0035041732268978965
 0.05262473475378331 0.04454424673978773 0.03097557858521452 0.020098413264498065 0.052693250455737625 0.05374991210339329 0.06071282789192157 0.00896296515766606 10000.0 0.029421021294155095 0.028665169345467194 0.047596140936455714 0.056030648143614616 0.049677508196551756 0.03438447227324495 0.035038373185501126 0.02705325247283166 0.021667911585449607 0.03252710270711328 0.03598693962256211 0.04341044330788603 0.00891145473454531 0.028420532982360906 0.03114325713105125 0.062130011516559516 0.0365343281041446 0.035004894330025134 0.05840455868553824 0.023437617568695612 0.03974525243807385 0.006367662583782729 0.02629300677565506 0.03695500271884544 0.0667115108182155 0.013660103213284439 0.04684643620387577 0.06062055302250597 0.030138603060073516 0.04399764077237159 0.0344950640793083 0.033000709319799065 0.07219544202789159 0.04180360638948464 0.03599228205266788 0.04267674643434269 0.03706296731253933 0.05294317328525373 0.0055542295642562745 0.05535863953428718 0.02136803577432375 0.06754288534961585 0.0341134705684275 0.06991708885450872 0.024586845219260984 0.052265745354742786 0.035695270858316155 0.0382593240126983 0.06442252726098889 0.02766379641053695 0.0273319484612794 0.04311489333057556 0.06383976458752041 0.015199783459169664 0.05146525764170252 0.02242779071566119 0.05818547233982251 0.03416428554551448 0.015566128101453863 0.042756991135394794 0.029070675382189163 0.01122626778478135
 0.04682594374850903 0.06982665323910976 0.01784992018433004 0.015949464455606778 0.03917725375619975 0.052219312725745114 0.0898538017970672 0.02852487890042046 0.029421021294155095 10000.0 0.022477035402822657 0.04281109723602747 0.08091212675896887 0.0787096378242362 0.040610078109436246 0.007451404236360875 0.005593923980169069 0.02302578811789835 0.004894674854112714 0.014130919684361393 0.06266764146269722 0.03758754420631689 0.03285979525145185 0.05226978931044878 0.09128447524436044 0.03441711495060819 0.06319828320870333 0.08643370007608707 0.03434630532513528 0.030217406940451722 0.024291338772848278 0.05026067846230191 0.06627461772194343 0.09542999205607554 0.029870135777898064 0.07059758895123579 0.08632014082407424 0.05937659249557627 0.054177977149921036 0.06375087443100223 0.061550556818762585 0.09430172289228601 0.03477554270408201 0.05882514548945526 0.07013344657807813 0.062200489764781396 0.06853043853167341 0.029516451834748304 0.04822854097894717 0.04694855018852184 0.0895263577895029 0.026436898559296332 0.09427776561760565 0.04508610804340771 0.08000673095427097 0.03157590733216638 0.03594638343615615 0.09207402276861384 0.048235375237955076 0.04082395200212179 0.06630475122548389 0.08581630822482667 0.04326198936229193 0.08079010419375018 0.05180345953957957 0.08371659115417919 0.037674481043614975 0.0432734642128038 0.06680361897865235 0.0297089852782751 0.025745624933889166
 0.026491369623061332 0.0731096897892615 0.006281906210938966 0.0105270805701656 0.061156490486092424 0.07132903624728676 0.08560519052034433 0.0341548810954614 0.028665169345467194 0.022477035402822657 10000.0 0.02181520605623257 0.08459373839299067 0.07521763080487934 0.055770668584980816 0.02097898432961258 0.026117380649370997 0.0073731924300078295 0.027294165899467853 0.03651278327027704 0.04398147831175559 0.03721786784351092 0.04807033028193725 0.03595892278341736 0.08693850261541812 0.052722259603387264 0.0529039370302668 0.07437962408216608 0.046420352871764874 0.011276896127659428 0.02804047378700179 0.03656042542440992 0.06189340615391241 0.08457118766109986 0.01875069325980463 0.05438563394402901 0.07106993690445321 0.05228321131717102 0.06816028952580878 0.05639406707913619 0.06005589940685181 0.10083268218051536 0.014381796633693605 0.042918288900103664 0.058024286207243696 0.04796671112587077 0.07981498850572794 0.03258508625872251 0.02864483282376596 0.035463915809572255 0.09616204314048937 0.046061683036242536 0.09850061789592778 0.029732625307290244 0.06774583840148604 0.009525568182726943 0.05446046632906435 0.07913345888769917 0.055541407574533914 0.02210035004826216 0.04995891112342159 0.09244875598321439 0.043499381034756104 0.07576622999980177 0.046316716628288915 0.08660582521470754 0.015475095636085682 0.03515278728040915 0.0714220709508741 0.046278226324933225 0.03348770013781721
 0.005030186566524534 0.09029194344230787 0.024989310486798214 0.032224482724483534 0.08198754965477896 0.09312004595817777 0.09721005399081 0.05457465695587739 0.047596140936455714 0.04281109723602747 0.02181520605623257 10000.0 0.10159202280561676 0.08793946077957257 0.07740854233566803 0.038931359942696746 0.04723425840578337 0.02671901413733993 0.04726257819659962 0.056880942122204625 0.042225919127058774 0.0550924217667992 0.06977933082200237 0.04020838499960083 0.0984037990895337 0.07452691901378626 0.0615493441017812 0.07908104318838192 0.06772180827958267 0.012780769973017006 0.04855256096829504 0.044213989805986474 0.07481836892428591 0.08998758569804712 0.03468256311069767 0.055432216920792976 0.07188382037375414 0.06395447294009078 0.08948581827513744 0.06740337531677948 0.07513304564985325 0.11895017295198985 0.008049008641360288 0.04623690012405039 0.06411062590232026 0.052759908375779374 0.1002732405557077 0.05238717558342451 0.007944577388975456 0.045812929262862574 0.11442095254794477 0.06772060508971778 0.1154304804308639 0.03716502557304047 0.07271905269553047 0.012506057267952135 0.0762596376234728 0.08244619327571734 0.07524570930569668 0.02736421821258296 0.051406694423180965 0.11078161476306632 0.060972003116840076 0.08725044908005146 0.05995804595881241 0.10309204601769538 0.015110979357682252 0.048563423346357236 0.08935634299879006 0.06808170502845014 0.05446241770366577
 0.10653670974446287 0.011487498724355161 0.0869207560256447 0.075958741689987 0.07906479448421234 0.0625252051792184 0.030480018808427163 0.05286476304189789 0.056030648143614616 0.08091212675896887 0.08459373839299067 0.10159202280561676 10000.0 0.026132807817712968 0.05001102993825063 0.08797265335340014 0.07632379657393688 0.07739553205221722 0.08187282424341451 0.07965114735400683 0.07775149043830462 0.0473779903241858 0.05405758499816636 0.06878555440026729 0.031335763097614835 0.06056000927155541 0.05026361136780021 0.058302655470651936 0.04884512919180556 0.09545600832800438 0.058309327694427954 0.06221323289924233 0.032238348237701525 0.05709796648071034 0.0672038921001957 0.07002891679227308 0.07100551054509496 0.0425676481696674 0.04174481628756696 0.04164395469259072 0.02759497117248225 0.018960071886509382 0.0969438415612283 0.06749628661022815 0.0555004621251077 0.06227667120021895 0.029431204392209524 0.0530290230856296 0.10953565571868439 0.058207029245328376 0.015602580372864968 0.06658296044110436 0.013914629948840405 0.06733916594079213 0.057336994843162035 0.09071364213194459 0.060847982543974964 0.06388065663633652 0.0331388760409225 0.07587432439417872 0.06970158740394608 0.013246479630468893 0.04112279209866228 0.03151173307853523 0.04297381616257286 0.0038534800005862214 0.08677205935965975 0.05357767866766927 0.01415584014404106 0.05817882223703577 0.05525609026474387
 0.0925445537489614 0.02303572989617438 0.07918795555244845 0.06898347230978602 0.08913561111659514 0.07763015549927707 0.011221729727764352 0.05090293840702293 0.049677508196551756 0.0787096378242362 0.07521763080487934 0.08793946077957257 0.026132807817712968 10000.0 0.06022072457318149 0.0846874138508287 0.07543668751693389 0.06788393052671697 0.08115226838116504 0.08203337467790506 0.056450176035370836 0.04113902735090828 0.06098084841546774 0.050056337213293785 0.012667224191397522 0.06949625506247954 0.028609330144601333 0.03217779721839782 0.05420659204569815 0.0847847372528381 0.05442092809621456 0.04440785445524287 0.013344170136614736 0.031662506249125755 0.056480109894804044 0.046494143794524795 0.04517511051830964 0.023999240937261607 0.05738042042838098 0.020923101981120636 0.017484371245306825 0.04395020711050281 0.08503620289012193 0.046808121154185464 0.03156059201145535 0.040576381574056235 0.050592336070419165 0.04927731477832301 0.09570779915130144 0.04212971361350899 0.04140744915683494 0.07289379972255042 0.03546674457700296 0.05100015045622275 0.03161852874203819 0.07897799332243162 0.07041688286350821 0.03777914400287404 0.03970522573393809 0.060653952564050914 0.04711558315126888 0.03936494289645197 0.03555491159081385 0.005546834290867806 0.02890335710419019 0.0244307881082291 0.07285589004413395 0.040244364267759944 0.027496963581550935 0.06454964834922494 0.05422358169051958
 0.08221377539951816 0.04156535158119535 0.054501427562176366 0.045250147327540256 0.02945475671398746 0.02018603418632435 0.07067054850803775 0.025439916325263275 0.03438447227324495 0.040610078109436246 0.055770668584980816 0.07740854233566803 0.05001102993825063 0.06022072457318149 10000.0 0.04795651382715254 0.03503045070223551 0.05098388134789474 0.039180744994943464 0.03331830019184003 0.07704091514145885 0.03313655865153287 0.007870548953548958 0.06472934388763121 0.0720520228733281 0.01059591883433902 0.061227172580198934 0.0823533527675691 0.01097354320951135 0.06658505653179576 0.030323205758656647 0.05897932509178332 0.052621029822704474 0.08759795852902626 0.047271494847987136 0.07798681338817089 0.08882577105393602 0.053023097365796024 0.013658063768291848 0.056295810525057846 0.04429466466661492 0.05828760171504558 0.07014915328486569 0.06850715955862237 0.06954542632046971 0.06776317107806497 0.029196232472070635 0.028878717834445775 0.08441411770437116 0.0535608656245282 0.05369893337798448 0.017815603955812463 0.0611485540164146 0.05868175079497304 0.07750957464875725 0.06490397084972332 0.010854220350038427 0.08888016247946778 0.02053472838070118 0.06150975275886162 0.07491731712859308 0.05027122466734148 0.03286688070012355 0.06460391579129864 0.04599639021867478 0.05364136335540021 0.06634551194088813 0.046673276885711754 0.03698701245867513 0.011031128453692049 0.024002742135549735
 0.042464091269726265 0.07679669335052007 0.01510505706171844 0.018079140995467348 0.04399536980008749 0.05872422122148843 0.09574851478282845 0.035281464400695704 0.035038373185501126 0.007451404236360875 0.02097898432961258 0.038931359942696746 0.08797265335340014 0.0846874138508287 0.04795651382715254 10000.0 0.01294628041011946 0.023889379747140817 0.0095890102994164 0.018952825829751434 0.06393208901978362 0.04359643189554275 0.04024720167727908 0.05443913317039108 0.0971670695076336 0.04134970479484013 0.06745699700683729 0.09038182465418641 0.04178702252731259 0.026152037989453675 0.030538854390296626 0.05330578307979133 0.07197800481499454 0.09977855541543017 0.032914416000282956 0.07300226964190072 0.08919279650593441 0.06440265555509561 0.061556415433306755 0.06876862605265315 0.0677564041154134 0.1016340523735472 0.03093699481347934 0.06123530119417541 0.0739430394846366 0.06524689268207721 0.07598039424478435 0.03588656685053371 0.043481885767922446 0.05059826522237806 0.09685808575841652 0.033129534303792306 0.10142954854678914 0.04746733518832639 0.08385014185186396 0.028942525186289956 0.0428058932379554 0.09577605870900065 0.05548345226061085 0.04179952010212207 0.06862181479571704 0.09314172070159471 0.04951535428732297 0.086476254694804 0.057082432464223044 0.0906991361963409 0.036416870172630435 0.04773686167452706 0.07390537368537271 0.03700129120485137 0.032717672563374336
 0.05145117366867844 0.06538616610954714 0.02229990277750756 0.01781119033740261 0.0350403628582783 0.046893696261743875 0.08663659310216704 0.024669095425262137 0.02705325247283166 0.005593923980169069 0.026117380649370997 0.04723425840578337 0.07632379657393688 0.07543668751693389 0.03503045070223551 0.01294628041011946 10000.0 0.025216299752681453 0.005733585472295256 0.011018595566571109 0.0636730833698054 0.03457664694236606 0.027302223873142618 0.052686612718278555 0.08807634297883986 0.028912761448265017 0.06171339776320534 0.08509556267373347 0.02906563994809938 0.03487258020655065 0.021292607167228146 0.0499842954578449 0.0633474079428953 0.09369891668623308 0.03005571095899658 0.07065206575396438 0.08590244102554515 0.05718807252734336 0.04861508988549328 0.06153871068483361 0.0580939274217315 0.08926009623672865 0.039264895799684583 0.0589743312827466 0.06900462882022296 0.061792261109631354 0.0630945057567043 0.02619732795905019 0.053024391191084375 0.04619315238169205 0.08448857224884798 0.02108834941182705 0.08953999677445383 0.04543881004868778 0.07879101812898305 0.03552704891457774 0.03047248297323993 0.09092892171843954 0.04341097110025962 0.042334041588349594 0.06646186318144429 0.08079313940949102 0.03988183464313329 0.07781861034859511 0.04942519097438621 0.07923403018479758 0.040731698736136315 0.0418202512395618 0.06217775758559434 0.024116150870874865 0.02159166310596206
 0.031673494399330725 0.06592022440331168 0.011939448090202294 0.007411804199474049 0.05971038351931624 0.06774278479933114 0.07832407399070779 0.027927448399009916 0.021667911585449607 0.02302578811789835 0.0073731924300078295 0.02671901413733993 0.07739553205221722 0.06788393052671697 0.05098388134789474 0.023889379747140817 0.025216299752681453 10000.0 0.027887412295030934 0.03618338582207434 0.04008108741061311 0.030028605806778994 0.043522781676919496 0.030715740751722002 0.07966530539472456 0.049133378773344914 0.046147763992892624 0.06812732751609704 0.04105601834225816 0.018100422213762082 0.021863526345163684 0.030375602196741208 0.054569902178793574 0.07810518792119368 0.011480879294087925 0.04930505459529826 0.06572661362150575 0.04510023863760611 0.06280317633702813 0.04926084339359559 0.052686823502985945 0.09384926640869204 0.020264750790557617 0.037601155744103894 0.051681482459587695 0.04210793756634122 0.07368895955312808 0.025975586866069763 0.03419014098721498 0.028711254757827473 0.08920539227220138 0.04328006880045353 0.09130859836238527 0.02396537435459884 0.061506039319225006 0.014344920821183526 0.05091409713533649 0.073123440480052 0.04897756479265668 0.017987774349525486 0.044897815699360535 0.08550507678588258 0.03627484588667537 0.0685127359750484 0.038991530885865024 0.07934906890482236 0.016063766408247603 0.027917259786866967 0.06435792660499035 0.04224333529396631 0.027747077100600454
 0.05113215724130394 0.07099941968476879 0.02242532540477883 0.020733701275095946 0.03486127092946931 0.04914914885077938 0.09234798500631479 0.03040264742488194 0.03252710270711328 0.004894674854112714 0.027294165899467853 0.04726257819659962 0.08187282424341451 0.08115226838116504 0.039180744994943464 0.0095890102994164 0.005733585472295256 0.027887412295030934 10000.0 0.00966686782649935 0.06738026497993495 0.040234264154286485 0.031677309722876634 0.05681072049254178 0.09378692646999565 0.03197570917074627 0.06691749708674341 0.09025042395989466 0.03414412096602586 0.03456644341145612 0.026917962818201545 0.05454898633603668 0.06901043501399118 0.09902368519917237 0.034283654060029624 0.07503356926635707 0.09058175123739065 0.06265640346068384 0.052837600708597186 0.067018142344347 0.06382133159686477 0.0944978072304473 0.03921379798346602 0.06328451175263501 0.0740514931731461 0.06644893565439992 0.06776440112769366 0.03189376242652703 0.052391506107677656 0.05102281488039443 0.08973325500385883 0.02364398107944284 0.09500578880484149 0.04959615782302516 0.08388595879315779 0.036277687698680575 0.03337672139293634 0.09599654000394045 0.048869121821418546 0.045619745053791676 0.07077365961089513 0.08605430964212046 0.045597992193436535 0.08349409873715545 0.05494534448325467 0.08482520879697354 0.042549087801578074 0.04698354467331603 0.06771899580925132 0.02815108992495818 0.027312021029358754
 0.06079094484543937 0.06932901776047194 0.03196450527206227 0.02879502450470504 0.025194695003305383 0.040487314586551026 0.09324493317248801 0.031462853005127904 0.03598693962256211 0.014130919684361393 0.03651278327027704 0.056880942122204625 0.07965114735400683 0.08203337467790506 0.03331830019184003 0.018952825829751434 0.011018595566571109 0.03618338582207434 0.00966686782649935 10000.0 0.07456107025974493 0.04236786056830214 0.026622695382836445 0.06339025629028033 0.09469140319426199 0.02458913738124353 0.07099155649014782 0.09439059415719951 0.030832485379794723 0.0442128308284879 0.029743920882773646 0.060339795057160694 0.07069052718495629 0.10251778153267238 0.0407928802154619 0.08111784658286456 0.09601425913169709 0.06569176311351403 0.04678729883566286 0.06996402892777034 0.06454900706359253 0.09070464723764764 0.048834985369143914 0.06952919115884877 0.07858595931146423 0.07199756743165019 0.06248863670906854 0.033866300013050035 0.06205778379878623 0.056252433298313066 0.0859958702816825 0.016061379504823923 0.09221533494149524 0.05614390609549761 0.08823848591737611 0.04569809826660856 0.025722170411978905 0.10039709827343272 0.04657442323473739 0.053340164468858045 0.07699674326086642 0.08240533771723196 0.0468810063241037 0.08494065560082928 0.057783833979304075 0.08286770118492685 0.05148881409389478 0.05134472539620985 0.06558339101178252 0.022611204339706686 0.0280034631693738
 0.04523737458108914 0.06832745763781528 0.05024734558749102 0.04673600554618321 0.09524807758585108 0.09689756477256613 0.06291782699373405 0.05218504757313405 0.04341044330788603 0.06266764146269722 0.04398147831175559 0.042225919127058774 0.07775149043830462 0.056450176035370836 0.07704091514145885 0.06393208901978362 0.0636730833698054 0.04008108741061311 0.06738026497993495 0.07456107025974493 10000.0 0.04422632757119979 0.07171523367500532 0.012324608913697447 0.0638037681513872 0.07994304172728857 0.027999095842711166 0.038249359701229654 0.06613013135482927 0.04682231751783647 0.04902467668328393 0.018374749445287025 0.045791952750895135 0.04922178165244378 0.03388748318650241 0.013629863254738098 0.02966639490360459 0.035199151518651106 0.08434924007876039 0.03641918120193346 0.05062356539136379 0.09668818250717187 0.044063145331181865 0.010314795836939126 0.026092435959483795 0.015881522937224495 0.08854077340333522 0.04857113239126384 0.04824399222032979 0.02383077578567655 0.09293882821736396 0.07694862572284823 0.09017323535198493 0.01900186528705461 0.032478051289460554 0.04034745423384345 0.08166976715323607 0.0407200914303949 0.06405984376026608 0.022136394636288952 0.01038467734961383 0.089837146912026 0.046617552310746366 0.053720203512605195 0.03670934432977092 0.07779967943658342 0.03101472909188593 0.030766722753402274 0.0696593176524221 0.07247506286437985 0.05462883375883002
 0.060112056433107595 0.035896893161573115 0.03982932651942372 0.02899476403182399 0.055805352795430564 0.05326280755959558 0.052267435184918845 0.011208513577470512 0.00891145473454531 0.03758754420631689 0.03721786784351092 0.0550924217667992 0.0473779903241858 0.04113902735090828 0.03313655865153287 0.04359643189554275 0.03457664694236606 0.030028605806778994 0.040234264154286485 0.04236786056830214 0.04422632757119979 10000.0 0.028872249979300352 0.032026661636720674 0.05369736446531182 0.03780777273659081 0.02997185627751157 0.05292358870245854 0.022502563480692742 0.04811342514117821 0.013335677950357857 0.025958365380396017 0.028776185979218116 0.06037292059636711 0.02042116342414636 0.04499180725784566 0.05700744359458363 0.023501350931897768 0.04031453637148971 0.027685093020031252 0.024197856812650905 0.06399661026561482 0.04982654913410625 0.03539179369668312 0.03814632275444795 0.03479963300538377 0.04692807006657091 0.008514325398117785 0.06297146428600721 0.0205009904388533 0.05940954574959378 0.03737627094947448 0.061287862599313916 0.026725659225712926 0.04718466781249845 0.04362910999141493 0.039371005528121165 0.05920790294708177 0.021338296026242536 0.0321217236960383 0.04180475495004581 0.05574351527980513 0.006319604327658179 0.043266859777294095 0.015566050394033538 0.04941812517927932 0.04091857164082779 0.013567117773698165 0.034420356501347046 0.030716093411257757 0.014693331465537418
 0.07454672780449133 0.04455015400593367 0.04666144834973719 0.037570185061970796 0.028421757373001344 0.025359969781904614 0.07184216805069635 0.01953560536934178 0.028420532982360906 0.03285979525145185 0.04807033028193725 0.06977933082200237 0.05405758499816636 0.06098084841546774 0.007870548953548958 0.04024720167727908 0.027302223873142618 0.043522781676919496 0.031677309722876634 0.026622695382836445 0.07171523367500532 0.028872249979300352 10000.0 0.059400170708804816 0.07326185624972323 0.009119927221439443 0.0582852328314446 0.08036939094392857 0.007011601171050766 0.0588027073521588 0.02362601721680176 0.05404093113269044 0.05192536608007199 0.08647654349120919 0.04063075930848099 0.07378890490818586 0.0856893232651767 0.05066364790725827 0.0213188902843395 0.054312995564206025 0.04414548003013489 0.06412352304739839 0.06243507196561895 0.06371056507266408 0.06658697795949492 0.0636315880907528 0.03615575736929218 0.023144210263686054 0.07669815382348645 0.04874417492604797 0.05943364121379683 0.012564593523325746 0.06606119000403989 0.052998546110961275 0.07511350922587282 0.057285724318732655 0.010555209100193913 0.08683245650526761 0.02196716711420175 0.05499885757514509 0.07044937295140892 0.0558744420289665 0.030020750886080114 0.06490431654805058 0.043152034262969124 0.05749541465975837 0.05910599023793229 0.04204210887849395 0.040332854885524995 0.004143445137501455 0.017424269868359377
 0.044233812607617946 0.05865146722291321 0.041981506384757075 0.0365997859973071 0.08329207227227782 0.08457295597106175 0.05817073597273972 0.03987558857380181 0.03114325713105125 0.05226978931044878 0.03595892278341736 0.04020838499960083 0.06878555440026729 0.050056337213293785 0.06472934388763121 0.05443913317039108 0.052686612718278555 0.030715740751722002 0.05681072049254178 0.06339025629028033 0.012324608913697447 0.032026661636720674 0.059400170708804816 10000.0 0.05925421231680633 0.06767451379043331 0.021958159768144844 0.03944535552790694 0.05381054134116046 0.04137641256923241 0.03687693348654 0.006779750141912193 0.037937423905424456 0.050161499219817496 0.022630950796579275 0.018589594592472728 0.03512419381652384 0.026744680191220387 0.07227160856444832 0.02915537882594497 0.04121499296207974 0.08752836340722653 0.03974650088499668 0.006959454496737959 0.023928845551799166 0.012711689224867638 0.07717152238986236 0.036257839729967184 0.04741421818232593 0.011934248476672885 0.08352819498345021 0.06488685326227348 0.0818237785959992 0.0072492578955288 0.03290575228726393 0.03476999597296132 0.0693935429756334 0.04360307183691286 0.05228173237868986 0.014321709129596336 0.014188539209877048 0.08025012087021936 0.03481008208980414 0.04838512003299103 0.026250639775117147 0.0692894785193159 0.0262196082975538 0.018727129221948437 0.059442714868541 0.060213666777028794 0.04236913603081189
 0.10284143161986964 0.03242671999458574 0.09116523863959522 0.08116507708711111 0.10122205517294812 0.08867222838528536 0.001446470599649837 0.06356570060659887 0.062130011516559516 0.09128447524436044 0.08693850261541812 0.0984037990895337 0.031335763097614835 0.012667224191397522 0.0720520228733281 0.0971670695076336 0.08807634297883986 0.07966530539472456 0.09378692646999565 0.09469140319426199 0.0638037681513872 0.05369736446531182 0.07326185624972323 0.05925421231680633 10000.0 0.0816108895492737 0.03729615969932943 0.03243194358161473 0.06657790172303218 0.09612241842288659 0.06700827725584932 0.05428103335673971 0.02529883444751262 0.027606596504046392 0.06819648177408544 0.052198436844116944 0.04667777286422001 0.03484156026279036 0.06803291678813225 0.03106572699381167 0.030145610005731745 0.04597293986415168 0.09605631771526225 0.054981760803619495 0.037773898962436304 0.04833576824284948 0.059252235574203546 0.061899627309652386 0.10602595517459225 0.052792090838678446 0.044658953235887124 0.08531919708199957 0.036084040404772935 0.061240281910559885 0.034412316268292394 0.09011605461247252 0.08245251806982257 0.03644581269520375 0.051671797537667694 0.07104317669317617 0.05377158990581372 0.04358877499062862 0.04819750563579279 0.011227585847127268 0.04076100508432892 0.028337540600404252 0.08344699284635353 0.05179186832492375 0.037251166798173065 0.07691704180382823 0.0668904471346893
 0.07909889163251789 0.051843862296448516 0.0503303860726663 0.04250880138493182 0.019640390996183723 0.018635448380307222 0.0802060208970901 0.027905987768134827 0.0365343281041446 0.03441711495060819 0.052722259603387264 0.07452691901378626 0.06056000927155541 0.06949625506247954 0.01059591883433902 0.04134970479484013 0.028912761448265017 0.049133378773344914 0.03197570917074627 0.02458913738124353 0.07994304172728857 0.03780777273659081 0.009119927221439443 0.06767451379043331 0.0816108895492737 10000.0 0.06737297777557598 0.08948712774505752 0.01608907945475099 0.06284161395281497 0.031138935581176995 0.0625663255949772 0.06086200974669737 0.09552382277759956 0.047849312855422536 0.08257562094201035 0.09473165649250648 0.05978357477569208 0.022794482837862742 0.0634247654004807 0.052924373498495596 0.06867940314042535 0.0668518236215001 0.0722698050866958 0.07566656448952631 0.07246200367479014 0.03901793958855459 0.03153091556524605 0.0809980779942892 0.05735480242102163 0.06413547283283658 0.008535750319929186 0.0717343592012189 0.06105802674288424 0.08423002313347464 0.062185952146192415 0.001795580376048357 0.09595187023334775 0.029962977174690163 0.06222981946215546 0.07913883386249963 0.06075349311212424 0.03913935632838119 0.07359226876952706 0.05226051310263031 0.0641641797242998 0.06509338095049907 0.0507694295209644 0.0473604261941694 0.007475982833656441 0.02531479099847122
 0.065825616287651 0.041704960233070514 0.058085113528854426 0.0496900768359385 0.08575353590338697 0.08127514423981738 0.03621880985972638 0.04102985735654937 0.035004894330025134 0.06319828320870333 0.0529039370302668 0.0615493441017812 0.05026361136780021 0.028609330144601333 0.061227172580198934 0.06745699700683729 0.06171339776320534 0.046147763992892624 0.06691749708674341 0.07099155649014782 0.027999095842711166 0.02997185627751157 0.0582852328314446 0.021958159768144844 0.03729615969932943 0.06737297777557598 10000.0 0.023408979307352584 0.051495472166200144 0.060705397224206974 0.041290803216055424 0.017387759171192327 0.018036195937801598 0.03232160124210443 0.03506088005105232 0.02016242427883025 0.027604018773310375 0.009056685079477215 0.06473605638922661 0.008619985832293462 0.024271994124293678 0.06921755767152285 0.05997249278453323 0.01819905737181285 0.008324887523535664 0.01216181369286598 0.065091916070663 0.03784484807668646 0.06901458072398942 0.017450423980238567 0.0656983969536149 0.06734776628796421 0.06229907136866741 0.02459045940964676 0.017311412187678045 0.05434641240787608 0.06883871500789575 0.029445850413506135 0.04353829098336817 0.034372359143920256 0.019439364865182166 0.06279600044399129 0.028419687123472176 0.026487789649889373 0.015235871725261774 0.05003571584122544 0.046856390087041205 0.019938625973069554 0.043853960995395784 0.06051455960830079 0.044425009471014444
 0.08266944489414589 0.05362372471696181 0.07999030911679522 0.07241271889232499 0.10835964000223221 0.10191939348132233 0.03220101198873188 0.06410501074008759 0.05840455868553824 0.08643370007608707 0.07437962408216608 0.07908104318838192 0.058302655470651936 0.03217779721839782 0.0823533527675691 0.09038182465418641 0.08509556267373347 0.06812732751609704 0.09025042395989466 0.09439059415719951 0.038249359701229654 0.05292358870245854 0.08036939094392857 0.03944535552790694 0.03243194358161473 0.08948712774505752 0.023408979307352584 10000.0 0.07341604100750795 0.08076748322431017 0.06466995300306831 0.03782583363808978 0.03108805426918609 0.010990081006369603 0.05758304615239143 0.02469784784803817 0.014323112026885238 0.029743340650923617 0.08362929362066719 0.026099079762996906 0.0398053254088635 0.07589516386244577 0.07917708105950128 0.03292513558813513 0.0164743930837975 0.026764920401211048 0.0804485459378748 0.06105063950337369 0.08578257045059003 0.03979915253134209 0.07354866515034948 0.09016957348803735 0.06684895727214284 0.044734042439648875 0.006633830997461209 0.07417942638739172 0.09084198049032852 0.006539994097643035 0.063013350289147 0.053675873209983814 0.028063890049280334 0.07154100776865421 0.05039203190617595 0.026937692958864067 0.03750162561585316 0.056533893966927234 0.06563295264918258 0.04328031999211952 0.05732358482407708 0.0829486719146759 0.06755330098962693
