NAME :TPP_input_18_5_4
NUM_VERTICES
86
NUM_CLUSTERS
18
Full Matrix
 10000.0 0.0698818780690748 0.058606332228974094 0.061258045045768636 0.036025487004859504 0.02681042073242489 0.04588304142593708 0.0472343801283768 0.031522396206499666 0.06874123022929718 0.05254539542109665 0.023461343019342912 0.03326736749966593 0.04446750895237938 0.037378271490407754 0.05566972820208797 0.038354635960940256 0.027932369485390664 0.03784973182607539 0.043869829415593246 0.01649070565509244 0.010798505526090494 0.04816108577012137 0.015799101912263667 0.03929128565870252 0.04570690077925917 0.04023362128618377 0.038733112200455104 0.0271010801431549 0.05154089726989834 0.015432061117234571 0.07114844844136804 0.027118252185028818 0.04387036027752881 0.02623237744122417 0.03133824806423499 0.04791585514743401 0.06543009595713975 0.04103421796977179 0.024520262689712614 0.048499154255267796 0.019673077283446673 0.05429221493041729 0.036324702118685444 0.02829335664056051 0.05864454731931334 0.05351033391367979 0.0413934475806902 0.056301619758286924 0.031659130147151444 0.04461205106689068 0.012461919201846673 0.03551602086162667 0.06500271538046969 0.025299091735707525 0.06301580421491418 0.03728947146854335 0.02629846347656337 0.04829759296894882 0.016618280603261246 0.05534389465636741 0.04242353419022205 0.031631583021201816 0.014878481257309336 0.029434067103597424 0.023793240721952182 0.05711046220820061 0.03567675470571253 0.03132529972339 0.03579775055487493 0.03435849070280326 0.03707118024788243 0.05485049426459146 0.05794612406297768 0.01874954843768331 0.03175160029315684 0.06286216939316738 0.05505922296679039 0.02221837422761527 0.06619202913965537 0.004312714711760949 0.03390372812540605 0.024182342126162014 0.06769949726347582 0.030314481543522138 0.05963953022472419
 0.0698818780690748 10000.0 0.07563783028541117 0.09089371235307592 0.04476454025310807 0.09613808551047236 0.024364515897560012 0.04453539276984846 0.10057169995627076 0.0599070600230746 0.12036757419901227 0.07063588179118153 0.09357309351710014 0.11261603821113031 0.10061922402103382 0.07467063905815773 0.08993095347423871 0.08429551675292533 0.044716961428897174 0.11326166379869683 0.06976484937401176 0.06358382883091188 0.08271667176784768 0.05682633269537198 0.041610322679684196 0.03176194958259322 0.03836736455257271 0.09642675347335626 0.06354758183054374 0.11982681173426574 0.05733493847896212 0.013745232454302654 0.06346836858646851 0.0878540328338201 0.05509216645096589 0.04742955602047766 0.08441819979537976 0.0062477423632211395 0.10110290977136856 0.06590812756053138 0.06405710384786073 0.061619208120704885 0.018356895676852888 0.03426531682691779 0.09398160245763605 0.027624202432036102 0.12170341562909147 0.0956491419670258 0.04707234984913226 0.10146168414753032 0.03986793555330301 0.0819014339214542 0.0544591044226413 0.005529590335718076 0.07396294884955631 0.08003073967157139 0.10328187552553943 0.09491817975015061 0.03943699963910449 0.07762427255665885 0.054744880195033055 0.09745519583058221 0.06470270716682601 0.0595147787193219 0.0731871955578362 0.09314591203515321 0.017641700223483676 0.08147227898652684 0.0510874769710675 0.09489321530227514 0.03818426778029614 0.0690374418717842 0.01856854058523578 0.028261698808618004 0.066904831007926 0.10092071076733403 0.08448726323928496 0.06862057123888514 0.05129627137924312 0.07109962262718889 0.07232507789544818 0.03601445976885999 0.07816659768119516 0.00801399577142359 0.09123373326591966 0.08842934187167446
 0.058606332228974094 0.07563783028541117 10000.0 0.11785982522137878 0.07653359673354873 0.07634254714321356 0.05882948773245966 0.031585446122548724 0.08070965331033214 0.024572733585072875 0.07679147993723859 0.03581814790940519 0.048000886303267494 0.07231355922909702 0.05513401120499537 0.1085301144055809 0.09696046790359358 0.08650935030199766 0.07843418976574414 0.07768718298099804 0.04255816383712916 0.06499922052224241 0.017666361325541034 0.06377898404831878 0.0774227766558706 0.07588857547618595 0.07559824968875466 0.045622057674125194 0.031795228228716325 0.07782135239582037 0.04777755646467951 0.06613986105035205 0.03179418320954076 0.027902424853191308 0.07452517116113037 0.07362796759888283 0.10508539630569001 0.07589819126118437 0.05074199800364513 0.03409197315822435 0.013142462012157219 0.0397936013280632 0.07305022157758581 0.06301667773312689 0.05629866725835873 0.0859254533544963 0.07889972052216464 0.04119480832722352 0.09617309522739945 0.07687187079260066 0.08156116786956195 0.06031476779397234 0.02861061862249949 0.07047818256396741 0.035335492203400806 0.005058417553671002 0.06134480941948053 0.06322938102313931 0.0365714063218768 0.07520178011031008 0.09954654768923162 0.042800273999848024 0.027149667385341143 0.06581470281304319 0.08633349784041884 0.0741548474587392 0.05827394235929167 0.09371777845335265 0.07667795890547616 0.09352877624123743 0.06686458951548736 0.021582386615490147 0.07420185502363558 0.08575294542844998 0.07469601156943396 0.08048289475226929 0.008867499805880601 0.007040797164450652 0.06596809585747283 0.012017249865736377 0.05602634256764738 0.05656577379536787 0.039380350751821454 0.0797504342447861 0.04812178147605446 0.1159222827247954
 0.061258045045768636 0.09089371235307592 0.11785982522137878 10000.0 0.04928155441745688 0.06190912820279785 0.07764976348346818 0.09708020813896841 0.062071160338501324 0.12167373120550928 0.09543900048742869 0.08444574666346331 0.09076592256787451 0.08864956938950314 0.09162703476597987 0.01672487091926327 0.029113277128504627 0.03756243875182959 0.04838901450350401 0.08322306887638424 0.07756310048010864 0.05301477404909644 0.10929130482120693 0.05431007149059857 0.05121608512213904 0.060066557935331326 0.0545642161634979 0.0967457310720507 0.08626342725662735 0.09330175101230997 0.0700997656598728 0.10061343929562791 0.08625409316042332 0.1049868084748117 0.04500057860994585 0.049310944302127915 0.013482639338792434 0.08464614010183226 0.09719678874753432 0.08449934929561077 0.10606164587670737 0.07820519393789731 0.07328399695379907 0.06533883686292791 0.08227357438970613 0.06424902228630715 0.09505471775271511 0.10055233988076759 0.04558083203759902 0.06777561653017007 0.05139856710755005 0.06639112389641405 0.09072318095886991 0.08909006504553672 0.08652626226777768 0.12263113012546131 0.08813063064208673 0.07564808218049959 0.09533319258946693 0.04663130062711955 0.037683482947276484 0.10114635624178032 0.09090048886645302 0.05208341498868872 0.031900631300365676 0.06113501099908616 0.08974572681728908 0.026409014334533527 0.04521829181330196 0.03918465485736985 0.059723633100859395 0.09703108188599624 0.07276167193840713 0.06346822566951726 0.04334044180540205 0.06278557164283122 0.1232417131271373 0.11308209704979541 0.053580023546033514 0.12323561889298199 0.06500882331888248 0.06970157329725869 0.08525242789597252 0.08395156281638969 0.08803523171033058 0.002466039116919499
 0.036025487004859504 0.04476454025310807 0.07653359673354873 0.04928155441745688 10000.0 0.057601289634262406 0.0283688776480591 0.05029555018682932 0.06129425728574354 0.07485472585958719 0.0880490258199661 0.050922713192623405 0.06828701296074738 0.07994615587634696 0.07319261780688703 0.03518740416953269 0.04527994745377064 0.04062978048584301 0.0020301172118130932 0.07830647509582891 0.04587552312983232 0.02586947391254264 0.07346651139627305 0.020278780534055102 0.003718241267845667 0.013314106056950778 0.0064613103666174634 0.07319504138217255 0.04845019486700806 0.08682948002749266 0.032831834304412215 0.05234268491964009 0.04840407186610098 0.07319009520578244 0.011799234840334133 0.004693637480814778 0.04054470035104196 0.03879825200545724 0.07626751996585326 0.04838534754196185 0.06356294406980197 0.04150497261926944 0.026411874883227545 0.016307126855878484 0.0642926445827267 0.024333065592261862 0.08882024632028204 0.07481271655721522 0.021268612952121162 0.06385334514057603 0.00868622105732213 0.04806538259776424 0.047923091469276334 0.04172797994513126 0.05415429602830763 0.08158290855789077 0.07330959139372832 0.06192933001909814 0.04761811744385929 0.036388324241580276 0.023090077419485797 0.0761788390278446 0.05241254052227249 0.0213536917687585 0.02859059318217043 0.05488506962983934 0.04061139747611274 0.036718850623047826 0.006654529001818634 0.051072987941441356 0.010835007041169416 0.058839704712254214 0.026294067984971466 0.023521261099626597 0.024556050486813127 0.06179973461902967 0.08369291351775761 0.07050714397443292 0.014130704808052497 0.07905359813103932 0.040030782137853375 0.021609855499488108 0.05578607814228225 0.03942971603700316 0.06538414964468146 0.04687299524283101
 0.02681042073242489 0.09613808551047236 0.07634254714321356 0.06190912820279785 0.057601289634262406 10000.0 0.07246293446328761 0.07238922982175244 0.004838243179995172 0.0914824673952157 0.03422505123764063 0.041598661203802845 0.033685503092203486 0.026914087472985144 0.03170559850821491 0.06357583681092241 0.032901047737524176 0.02512997878457667 0.05900838304828264 0.022479944409914014 0.036141633055273466 0.032954580199692926 0.0615165144401932 0.03970187560269983 0.061268309858010295 0.06944350030930524 0.0631164058348504 0.03934270713447245 0.04853048364555335 0.03233110276897207 0.04175926840142281 0.09793916089874817 0.04857999246032048 0.053439374659845704 0.04595075241748768 0.05313911672509863 0.049246867573719925 0.0913629380695793 0.037981851407761225 0.04515785886157626 0.06917576958113773 0.0431998953780221 0.07969512655887341 0.06204203275374643 0.023737301935697435 0.08177623029828557 0.03423733931191705 0.04419780886105875 0.07472855946248108 0.006604288916617655 0.06616230818919368 0.017242514343681556 0.059261077437401624 0.09143097070446127 0.04123387397795366 0.07982719441276945 0.026963003183783286 0.01579587823244484 0.07413389113794752 0.021821470344581727 0.07131397019798828 0.04409547814334352 0.052186422166929536 0.03738798639642119 0.036868491457134396 0.003019876461312993 0.0839011973137926 0.03688761589978867 0.05144702770752666 0.023814404739942653 0.0590966841251159 0.05568119866231618 0.08011242279248712 0.08099338022967047 0.03354045111908379 0.0049642242784334574 0.07802036571525213 0.07471086861919367 0.04586844428324195 0.08613141300102774 0.025705860929061363 0.0603962080579055 0.03696313280518964 0.09332781516445184 0.03174710793867742 0.061243630649894916
 0.04588304142593708 0.024364515897560012 0.05882948773245966 0.07764976348346818 0.0283688776480591 0.07246293446328761 10000.0 0.027824599502938772 0.07702120081309921 0.05023991544044249 0.09600844528478077 0.04697173482719041 0.06957555914630234 0.08825155844701572 0.07646346958772338 0.0631582037896907 0.07041484053008885 0.06329656627861402 0.029335711226247674 0.08896616452750884 0.0455741943386336 0.040644671124871516 0.062136084017270124 0.03409964610510336 0.02670362689117223 0.020026108521133543 0.0235134307195648 0.07274239020228221 0.04046800266419638 0.09546231217571448 0.032970494070108575 0.026179984335210824 0.04039196420844355 0.06580571451569582 0.03551889551115573 0.028984991312764493 0.06850416456135744 0.02097858742221141 0.07724341205183723 0.04245042622730461 0.04597328061737296 0.037607317421801706 0.014281590134845378 0.012882169635170165 0.06964739770030297 0.02736825105004719 0.09733921169103603 0.07236399438461828 0.0413522509990674 0.07754102677524037 0.028227526119664684 0.05769878541823864 0.033155930725522004 0.01921868288621072 0.05038165549953028 0.06371904150383294 0.07896602699002918 0.07058167505482918 0.023498450354489116 0.05525753633267114 0.04708641679369833 0.07411752044269855 0.04237174827086405 0.0370158062704147 0.05397708190008287 0.06944960112222555 0.012763611499731976 0.06273077124653056 0.033136972354988144 0.07380277828591374 0.018333596638928126 0.04755100080810876 0.015415519131945872 0.02730392066934146 0.04563120858862484 0.07732580594329502 0.06727315852954635 0.05192837764101012 0.02952458429238349 0.057695969427819634 0.048109788495495256 0.0120883047529959 0.05430047180909473 0.024158508767362783 0.06714956505160727 0.07523846743985838
 0.0472343801283768 0.04453539276984846 0.031585446122548724 0.09708020813896841 0.05029555018682932 0.07238922982175244 0.027824599502938772 10000.0 0.07722489814265904 0.024687338420794593 0.08634114286653702 0.034152179695234076 0.056580103969364914 0.0796329724297579 0.06436479110078727 0.08492552497651648 0.0822796734223434 0.07288164973629516 0.0519284245364361 0.08260713165181331 0.037136114746272014 0.0483846963436693 0.03876156945520004 0.04422891667404407 0.05018608966432986 0.046484183932018926 0.047708851147855814 0.0576394567972189 0.025915089541079597 0.08649609344728121 0.031985194591038 0.03674855538110389 0.02584139064168187 0.045334386310452626 0.05208184418931243 0.04862680058201039 0.08571548047754893 0.044384465600426304 0.06288977100997974 0.029302859478967137 0.019523957464743093 0.02926991172136563 0.04180688593229386 0.03471163919001877 0.06056621476385099 0.05518960524439162 0.08810567509851873 0.055471337001211284 0.06766237832827045 0.07556410175603513 0.05341068111402112 0.055240739698150396 0.014179088839735548 0.039216847213381076 0.036602098937716855 0.036296030819501876 0.06882677912287573 0.0645759827150268 0.005098406080425155 0.06227931119631437 0.07226191444444757 0.05735765885320182 0.024572294131091157 0.047061528489802336 0.06806049418378245 0.06953125518930572 0.026947795005969916 0.0765996394412202 0.05241854119642068 0.08219660393498045 0.039616928669093276 0.026675250906578282 0.04297077164304288 0.05510917481033849 0.0570150252784196 0.07728051991571577 0.04031274193918967 0.024558864478425327 0.04357744735180822 0.0299572515901686 0.04698523922667845 0.028732776223579545 0.04173500765283335 0.04821870261222405 0.05501309458085748 0.09485234346723234
 0.031522396206499666 0.10057169995627076 0.08070965331033214 0.062071160338501324 0.06129425728574354 0.004838243179995172 0.07702120081309921 0.07722489814265904 10000.0 0.09620347048585001 0.033379152895412226 0.0462380383092203 0.03690223739965351 0.026718359321517334 0.03405755303586325 0.06499036754067938 0.03296498150714518 0.026465557560343248 0.06262219196332955 0.021208645241803086 0.04090161244140967 0.037168820899447945 0.0655699003973044 0.043945593558977904 0.06498777616718626 0.07340052445939185 0.06696681832833448 0.04233892651103915 0.053276886342228554 0.031282935328275197 0.046558600728050376 0.10259603621624294 0.05332755450550892 0.05719968269094168 0.049553068558843595 0.05691680891021868 0.049859451628631445 0.0957123979527337 0.04046583505654798 0.04988752598567764 0.07380271527936487 0.0480267035283525 0.08393938921721779 0.06640020275546303 0.02689694550180875 0.08556676806496367 0.03308582108055348 0.047337137037139924 0.07774899807222858 0.006052583098655159 0.06977119732707819 0.022051297785438836 0.06406950456580346 0.09592197684223225 0.04575049251014958 0.08409320260177626 0.028709525754319346 0.018890827234692317 0.07896985130792622 0.025062431290461474 0.07396112286794404 0.047080674319801785 0.056873634031245464 0.041518243704889844 0.03905480707839799 0.007780935882942878 0.08856081892679388 0.03801324291867425 0.0550058483298934 0.023121630998327244 0.0632838786746077 0.06022912036756213 0.08432523674972757 0.0847717226249391 0.036943211252058586 0.0007147818791542271 0.08213195199588078 0.0792447914916601 0.0499960921437527 0.09065506791819376 0.030527748219554042 0.06494062662489145 0.041347459364973166 0.09759890609345176 0.03520093813683074 0.06159349017283535
 0.06874123022929718 0.0599070600230746 0.024572733585072875 0.12167373120550928 0.07485472585958719 0.0914824673952157 0.05023991544044249 0.024687338420794593 0.09620347048585001 10000.0 0.09829866858652682 0.0501120802782721 0.06834803050241489 0.09285823654757071 0.07602068501270254 0.10960484684929342 0.10561012954690294 0.0957893384187148 0.07643250767703615 0.09730969595116137 0.05537652980263662 0.07173951377014363 0.0408595452361632 0.06825715553229166 0.07454799621752942 0.06995621681365195 0.07190717099649649 0.0672647116636542 0.04297633580128579 0.09901112822046261 0.0544345072059912 0.04796973468886458 0.042929908541786764 0.05062132750349656 0.07667874710968205 0.07330370154311659 0.11010226872477075 0.06193595524403031 0.07261691107307139 0.04632502278247422 0.023204584008501363 0.04923918842154195 0.06297942139633565 0.05898594183300852 0.07504931763157964 0.07702912082739012 0.10031093496638789 0.06349209494287213 0.09133687476503399 0.09345665825147051 0.07743277604415906 0.07434898076329342 0.03323698855484616 0.055555274386062774 0.05120856433832685 0.026476276356899628 0.08169490262959979 0.08080749548510413 0.027385305678926605 0.08477886995112864 0.09640917453858207 0.06525972566410858 0.03937233987490904 0.0709583593663436 0.09213309670122903 0.08886633007062714 0.044554396083173804 0.10049733455590329 0.07710585981217417 0.10447523879952153 0.0640960160735517 0.037099439175006826 0.06413216997176582 0.07709828115510442 0.08082157110307776 0.09612752116139572 0.03197464818055512 0.020437850296310393 0.0681062413070906 0.014020896045399822 0.06752312271175602 0.053246081773612446 0.05622961978005465 0.06576619214115385 0.06773332198851466 0.11946618575857905
 0.05254539542109665 0.12036757419901227 0.07679147993723859 0.09543900048742869 0.0880490258199661 0.03422505123764063 0.09600844528478077 0.08634114286653702 0.033379152895412226 0.09829866858652682 10000.0 0.05231535465579657 0.030173421500388858 0.00810400994373903 0.022359682093870358 0.09779849211650321 0.06634142540579678 0.059330994376257856 0.08973444000206031 0.012250240243519622 0.05110121971514964 0.06218176514050496 0.05916344002210465 0.06818910076496372 0.0914971482637646 0.09825203689199119 0.09268211060308354 0.031224162762440937 0.0605267744343549 0.0024402641558427893 0.06304834947343277 0.1188942439830222 0.06060350016038249 0.04892997159314384 0.07712641143085457 0.08337227155620125 0.08318894982367053 0.11661096941359962 0.026050644729537945 0.05727427458189579 0.07529045222608388 0.05956106167233715 0.10622874956005772 0.08828530115667943 0.026510781257232097 0.11118084174864647 0.0021820150340733646 0.03564141064227565 0.10705329605500866 0.02787355728584208 0.0967296568921322 0.040137411781755346 0.07218270892931941 0.11511738005067784 0.049739267734820736 0.0783662373473642 0.01756324335530533 0.026248177762421648 0.08976368240493136 0.054938301015706105 0.10446645246877839 0.03413907725152433 0.061950360590572 0.0667203363010311 0.07085112116099666 0.03585708734662349 0.10533046129357042 0.0710635814408093 0.0825928390022085 0.056356292314245174 0.08682994339906502 0.06186482038917815 0.10688683723276468 0.11047542675732264 0.0657898086035322 0.032664371020001165 0.07450393000042756 0.0783028881900608 0.07466094170799809 0.08857504262862272 0.04910627901215531 0.08477075112309804 0.04462214838597009 0.11925411051915198 0.03138035781378652 0.09497213602222622
 0.023461343019342912 0.07063588179118153 0.03581814790940519 0.08444574666346331 0.050922713192623405 0.041598661203802845 0.04697173482719041 0.034152179695234076 0.0462380383092203 0.0501120802782721 0.05231535465579657 10000.0 0.02323354944057995 0.04548516768056494 0.03075081061204827 0.07746700404893705 0.0615444589371937 0.05101965251640415 0.05295126328512604 0.048602741757552304 0.006973732709255494 0.031805990927111616 0.024854199075490215 0.03294657517521843 0.05317455786453248 0.05594394346628608 0.05269094774356836 0.02580407433957038 0.008239620764724558 0.05238628098139374 0.018103025554816368 0.06730171297178804 0.00831428784895813 0.022350647923765635 0.04476293946786852 0.04679816844971984 0.07121426862949246 0.06792148725557338 0.030501661328175864 0.004983892582657628 0.027577550573127992 0.00991190286645461 0.059606670749068454 0.043275813555789154 0.026427960151511384 0.0685509143512791 0.05402947542903312 0.025552747423799628 0.07217907858932876 0.043345393778713055 0.05831870384156922 0.024821464785269677 0.019976839675000933 0.06516136391317631 0.0034719081206471543 0.0399494501161767 0.034759061404426014 0.031028146629027108 0.03744836332220947 0.03978554905276442 0.07324879136020224 0.027245740916844056 0.010767133723225247 0.03401428354233034 0.05254518547284155 0.039129350849763836 0.054280894895117324 0.059127183759218535 0.04855499016954315 0.057717636690763616 0.04442030129771531 0.014365328567167494 0.0605211858578579 0.06805715967293821 0.04125250668831225 0.04612418672574088 0.039464599437150104 0.03330338716108963 0.037437365140704525 0.04472191419253177 0.020395307148124733 0.037842099592260925 0.007787872429455239 0.07111996759362844 0.021248363626071028 0.0827283958422452
 0.03326736749966593 0.09357309351710014 0.048000886303267494 0.09076592256787451 0.06828701296074738 0.033685503092203486 0.06957555914630234 0.056580103969364914 0.03690223739965351 0.06834803050241489 0.030173421500388858 0.02323354944057995 10000.0 0.02455316529552908 0.007843127044850696 0.08785662233178956 0.0634684689471755 0.05354311069702618 0.07022750211887958 0.029691938132739692 0.02419166817401369 0.04405571162850754 0.030923747113407847 0.04820268260702738 0.07120204026690893 0.0758997006744099 0.07149632263574271 0.005994273036406412 0.031162410042038628 0.03071170276597483 0.03781713924526538 0.0905344881728277 0.031242054510667056 0.021288872949599188 0.05938158857028997 0.06370671692579241 0.07733232849686654 0.09054642684314015 0.008017341855030256 0.02818468500338008 0.04522742724925441 0.031979656075418875 0.08143701889822665 0.06416253096775523 0.01000629936172548 0.08887470135341438 0.0321027948836724 0.010518993694933292 0.08915633509147723 0.03170055675074224 0.07654942485644127 0.024472128545496446 0.0425379899804475 0.08813959480219204 0.02021958088952265 0.050338921691114785 0.013424149594380229 0.018018923538134345 0.06029319847372725 0.044299277303615346 0.08857719628916544 0.010604095993910264 0.03202973963366454 0.04791217974542554 0.060427902770315095 0.032667338158617484 0.07746575570038551 0.06436176144864883 0.06426665838912263 0.056217164292736176 0.06411949764625036 0.03169532576970291 0.08226195879830306 0.08828413760075682 0.051312424965046045 0.03645224752234212 0.047330004099263405 0.04867383446604673 0.05415643563790664 0.05939470641516819 0.028963570027983953 0.05947295485092731 0.015490076682689927 0.09358284685538094 0.0029528982169995557 0.08955570097183117
 0.04446750895237938 0.11261603821113031 0.07231355922909702 0.08864956938950314 0.07994615587634696 0.026914087472985144 0.08825155844701572 0.0796329724297579 0.026718359321517334 0.09285823654757071 0.00810400994373903 0.04548516768056494 0.02455316529552908 10000.0 0.017182688868015335 0.09033036991523956 0.059545603422833604 0.05202246009394473 0.08163410247066001 0.007388707898883628 0.043722518703938694 0.05407836173783676 0.05490383396563128 0.06009136478106504 0.08339313935185928 0.09017352814865452 0.08458319586831513 0.0269089563998134 0.05372478785975853 0.0072109990115327835 0.05528175966042666 0.11147575406084202 0.05379939771947632 0.044815942441935964 0.06904466850372727 0.07526883884279559 0.07613724390864034 0.10876440037878224 0.02231940773783026 0.05038451662994748 0.0696938092671776 0.05220640172226405 0.09827024925841644 0.08030864260428343 0.019187582712297323 0.10309274568334738 0.009114939677939877 0.03182705730959262 0.09900656209993529 0.020878508933586375 0.08862634981276582 0.03204541397134161 0.06545414351547155 0.1074040219482542 0.043142665022293414 0.07432057661414695 0.011163690907880976 0.018170435061846926 0.08285467410795057 0.04709137522383453 0.09651301360464848 0.030609320683868728 0.05550031133251988 0.058616355297756134 0.06317123488354748 0.028277567379243307 0.0978124543188107 0.06378868965950113 0.07450535381809018 0.04983946092714153 0.07877725030341526 0.05599268556366958 0.09891422967819913 0.10238509938198341 0.057792729240188384 0.02601236135277215 0.07085125173175268 0.07322104163077171 0.06656412324031177 0.08386002964507903 0.04107805434561496 0.07690620262283936 0.037951422310613936 0.11135905498333332 0.025198276283753155 0.08806880515598121
 0.037378271490407754 0.10061922402103382 0.05513401120499537 0.09162703476597987 0.07319261780688703 0.03170559850821491 0.07646346958772338 0.06436479110078727 0.03405755303586325 0.07602068501270254 0.022359682093870358 0.03075081061204827 0.007843127044850696 0.017182688868015335 10000.0 0.0901317620241367 0.06343355707615725 0.05407451661427031 0.07507487564571015 0.023051737800917356 0.030889587327468757 0.04809500322028868 0.03773310160886396 0.05292621462161124 0.07629054623398147 0.08162470692920698 0.07685014549553404 0.009893270834358958 0.03880910667287135 0.022990845038916855 0.04411530343894296 0.097994339596503 0.03888805246034008 0.027694808518525443 0.0635803060288946 0.06853871624459561 0.07835686962710836 0.09738620594942132 0.006452959330910863 0.03573079851797904 0.05295640294733286 0.03902750266794182 0.08789287199254991 0.07034207695234881 0.009587690770682025 0.09465052663629894 0.024319240731042326 0.01501563696266166 0.09367896968070642 0.02830361206198983 0.08164447155220872 0.026744511751171363 0.05028511415371312 0.09522630005146597 0.027880047563120274 0.05716219943260858 0.006561440126206336 0.016211773712691474 0.0680111166488582 0.04597034407740918 0.09252658850851588 0.014101502099998242 0.039837527255011475 0.05225377598009234 0.062463987007193536 0.03138551969452204 0.08477715121130878 0.06540927453432216 0.06870246108976535 0.055256398801143254 0.06987347765110306 0.039508853694522256 0.0886730435172936 0.09402472551029148 0.05436818043339149 0.033502830790175075 0.053794702759651335 0.05618056277065762 0.05913332825388737 0.06671553209198779 0.03321642168657272 0.06597969512318198 0.02296299947569692 0.1003204936100891 0.009509872508540082 0.0906056548011546
 0.05566972820208797 0.07467063905815773 0.1085301144055809 0.01672487091926327 0.03518740416953269 0.06357583681092241 0.0631582037896907 0.08492552497651648 0.06499036754067938 0.10960484684929342 0.09779849211650321 0.07746700404893705 0.08785662233178956 0.09033036991523956 0.0901317620241367 10000.0 0.033976728517465644 0.03855419766388906 0.033930580630371444 0.08595365798254971 0.07093880475443233 0.04578072254453843 0.10208595797585189 0.04507967287697002 0.03645493030999483 0.044543426962410926 0.039675443167973806 0.09366722113283564 0.07779643429863069 0.09589624811984125 0.061194030234502664 0.08492449154389486 0.07777321833166313 0.09920427828184746 0.03401031161745052 0.036301318403742754 0.01757569977085674 0.06842897793369883 0.09503602807935436 0.07659838089201164 0.09608973009444528 0.06986823569285154 0.05743045755491293 0.05149335079312568 0.08054773450190056 0.04770495383919566 0.09778637838764376 0.09682287020968577 0.028863384190150675 0.07001535010545942 0.03577604058172765 0.06358338579704645 0.08040563584730454 0.07316383877058244 0.08002764284834168 0.1134690200455055 0.08772896724934057 0.07502741831371837 0.08259724496883539 0.04422663329545697 0.020958657268244047 0.09770327564520864 0.08230238060969433 0.04354503553230154 0.027683538940692254 0.06205364226521259 0.07476427814409109 0.027034102655047267 0.032558408348281345 0.044270551279489555 0.04599496403029 0.0886830622441209 0.05682575156827469 0.04694119462181667 0.03692626416493558 0.06568690918641037 0.1147299666456509 0.10315040527056375 0.04263109894968749 0.11262226387197312 0.05984512120360027 0.05657492912643486 0.07972363338171536 0.06754955351907442 0.08496429873077588 0.014354540245219663
 0.038354635960940256 0.08993095347423871 0.09696046790359358 0.029113277128504627 0.04527994745377064 0.032901047737524176 0.07041484053008885 0.0822796734223434 0.03296498150714518 0.10561012954690294 0.06634142540579678 0.0615444589371937 0.0634684689471755 0.059545603422833604 0.06343355707615725 0.033976728517465644 10000.0 0.010545619047087939 0.045620649347944915 0.05414153572931698 0.05460616614912164 0.03393340018075405 0.08570643273071193 0.038438792417441484 0.04867688337390899 0.05855983062425851 0.051738707799658494 0.06945231802087518 0.06537476205570382 0.06422208302455117 0.05122463837625447 0.09623993164221543 0.06538718321918498 0.07989641532054143 0.03513288568120006 0.04255721593103708 0.017271477172153615 0.084045494348713 0.0692968237090867 0.06287412567596092 0.08660922027478425 0.057664911593076566 0.07162579019159876 0.05762838248021376 0.054364525806851735 0.0678707073145559 0.06599372810444017 0.07367730553103786 0.05418651381235394 0.038668157810665654 0.051768645878285516 0.03985942011009789 0.07263986677993335 0.08654120430025612 0.06290295272053956 0.1013437017153405 0.059484230808231384 0.04725935183104422 0.08196309710988911 0.02177721922460223 0.04821736703272004 0.07404058398695504 0.06994970481207988 0.03545827562243315 0.01674624316249966 0.03235221415497979 0.08317236756604265 0.008989422279772445 0.03884648196375605 0.010452191909359742 0.05256752728219718 0.07541278152609644 0.07155725835895306 0.06701286579711484 0.025583777904298204 0.03367964783266389 0.10100039217282798 0.09329960609837572 0.04121499165618145 0.10429775639668404 0.041154542780039306 0.059519760062799534 0.06054299141230953 0.08469105738990439 0.060919936239854124 0.028650518354330815
 0.027932369485390664 0.08429551675292533 0.08650935030199766 0.03756243875182959 0.04062978048584301 0.02512997878457667 0.06329656627861402 0.07288164973629516 0.026465557560343248 0.0957893384187148 0.059330994376257856 0.05101965251640415 0.05354311069702618 0.05202246009394473 0.05407451661427031 0.03855419766388906 0.010545619047087939 10000.0 0.04140287808713218 0.04741095092072972 0.044091922229212384 0.0245910932812712 0.07516399972281061 0.029923868799317792 0.04427021160541066 0.053846316190864066 0.04698951072188489 0.05953738286248614 0.05501496420660267 0.057384834196066825 0.04135955135179953 0.08942256521740007 0.055030002132505494 0.0694454940178976 0.029317693085136865 0.03712353615236775 0.024424336013919273 0.07866744829356942 0.059717641534038725 0.052442715718459265 0.07633930591304017 0.04740321201593475 0.06627376104573124 0.050827271078683046 0.0447718037414696 0.0644899759093253 0.05926064076267431 0.06360356436345907 0.05340422560253676 0.031488192872709694 0.04818003232713168 0.029563389745688087 0.06266582285807207 0.08047471259083414 0.052357550276891984 0.09085808538934016 0.050631917832933436 0.03809429363396192 0.07290041448547951 0.01131436732434235 0.04864127662906786 0.06405418633543085 0.05956210827092146 0.026884974507956128 0.013551588768591315 0.023895564822847878 0.07594053804155965 0.011768714184863676 0.033976519809472173 0.010600653103885135 0.046219193962713366 0.06494420159134172 0.06636001353003972 0.06364419424250727 0.017667057289834177 0.02715623007802567 0.09046761829124615 0.08296710543486976 0.03377228424939203 0.09403749853160596 0.030625173912598624 0.05183980850691653 0.05002810596596672 0.07973877156614334 0.05090921713596134 0.03662231709930851
 0.03784973182607539 0.044716961428897174 0.07843418976574414 0.04838901450350401 0.0020301172118130932 0.05900838304828264 0.029335711226247674 0.0519284245364361 0.06262219196332955 0.07643250767703615 0.08973444000206031 0.05295126328512604 0.07022750211887958 0.08163410247066001 0.07507487564571015 0.033930580630371444 0.045620649347944915 0.04140287808713218 10000.0 0.0798862099410242 0.047886703056389465 0.02758298082222377 0.07547964084132273 0.022148773847981564 0.003106658297300115 0.013006185947266645 0.00642347845058745 0.07516179746131872 0.050466683871893785 0.08848741961791039 0.03486140759365195 0.05276642751814865 0.05042024592374629 0.07522014111953644 0.013070640779212828 0.006537238292177421 0.04010354703791231 0.03866744846558821 0.07820136073187138 0.05041336991935979 0.06544204643114512 0.04353437553076482 0.026373044954352328 0.01764836201484998 0.06613406890450793 0.023217296638300137 0.0904792791356055 0.07680833127717568 0.01924575844807666 0.0653086423339417 0.007154384057962252 0.04981377334488236 0.049826516739282345 0.04190048243952037 0.05618037682835695 0.08348599683831559 0.07511726883585895 0.06365577143295045 0.049140550110809665 0.03763804358265897 0.02114074589475373 0.07816780097266664 0.054415555929714025 0.023103282113792856 0.029032478681440953 0.05632656833241349 0.04136792473600673 0.036935170273595226 0.007652763798983931 0.051762154052506 0.012337026693143018 0.06083833498229714 0.026166070913742276 0.02238754156570432 0.025757433001967114 0.06313994659510054 0.08563540332520134 0.07237088651071931 0.016081971120882013 0.08082659864019956 0.04188918317484351 0.023201863135281553 0.057792931909489705 0.039100022496922196 0.06731992987872468 0.045961994278174295
 0.043869829415593246 0.11326166379869683 0.07768718298099804 0.08322306887638424 0.07830647509582891 0.022479944409914014 0.08896616452750884 0.08260713165181331 0.021208645241803086 0.09730969595116137 0.012250240243519622 0.048602741757552304 0.029691938132739692 0.007388707898883628 0.023051737800917356 0.08595365798254971 0.05414153572931698 0.04741095092072972 0.0798862099410242 10000.0 0.045847417393178054 0.05263141512735397 0.06055060677516893 0.058998582061679426 0.08186404035079203 0.08923113243063278 0.08332479406288308 0.03294492914767821 0.05677040263442327 0.010080547356973939 0.05619873474713114 0.113012344164442 0.05684077195915981 0.050658617317592226 0.0670169655004601 0.0736864914943106 0.07106567839967574 0.1090917257148096 0.028803418646169494 0.05333200492803835 0.0741069831777076 0.05425438149939131 0.09814861764507937 0.0801664953990644 0.022351001463836357 0.101982322922802 0.01188188273214357 0.03803922428580095 0.09654392390833558 0.015947504176874964 0.08698218323263456 0.03149315375634702 0.06849561492009147 0.10818426219128226 0.04665193613597394 0.07998958815746321 0.016535299327176064 0.01853097163566116 0.08549118584144806 0.043858566677290996 0.09351929472638675 0.036991741324264825 0.05903855109354714 0.05720605217408085 0.059337415874712064 0.02444783295653032 0.09915948227089595 0.05908857775035057 0.07253015561757405 0.044113755737651826 0.0781395418822596 0.060229114446536454 0.09871777264969686 0.10124183560590401 0.05515781049832485 0.020494876692252403 0.07678569236014461 0.07809971245439472 0.06544726159448719 0.08899475383400572 0.04099189300618341 0.07729430023022922 0.04145795223346858 0.11148708227610125 0.029735308510969047 0.08278572957632746
 0.01649070565509244 0.06976484937401176 0.04255816383712916 0.07756310048010864 0.04587552312983232 0.036141633055273466 0.0455741943386336 0.037136114746272014 0.04090161244140967 0.05537652980263662 0.05110121971514964 0.006973732709255494 0.02419166817401369 0.043722518703938694 0.030889587327468757 0.07093880475443233 0.05460616614912164 0.044091922229212384 0.047886703056389465 0.045847417393178054 10000.0 0.025169344742583397 0.03173486235170931 0.026967555221855566 0.04841179147353893 0.05216397312048968 0.04827730780884159 0.02810919082750257 0.012400560318179819 0.05084941599035517 0.013795678481005652 0.06779596452915426 0.012447781634301455 0.028351062720625948 0.03879462713255582 0.04154456522760701 0.06429760046239201 0.06650121645596659 0.032074822435976834 0.009105734874958105 0.033529918206601235 0.008484323610820394 0.05724566400644105 0.04007622248313821 0.02460196531168976 0.06503547848430442 0.052624997012962575 0.029070238526015004 0.06711867534468868 0.03863515221513181 0.05367567740724443 0.018972541158078286 0.02338684900300576 0.06439905053690509 0.00909225486328968 0.04679704284760006 0.03369927958520132 0.02753769783270801 0.03970667913060878 0.0328368232158764 0.06767950491907238 0.030543465209925152 0.016330409925598595 0.02771912986433679 0.045666519935015956 0.03349229963993825 0.05425839407813971 0.052162812758853705 0.04292682617153945 0.051006488821704284 0.04042930034449172 0.02098775403074104 0.05807382820786441 0.06448045059068097 0.034472325704373176 0.04086189752408256 0.046424578862961 0.03963564008361242 0.03200179000997503 0.050993612415631724 0.013489927498837677 0.035281351741223994 0.009937955734711193 0.06946655225959814 0.021635573668327773 0.0758724632257918
 0.010798505526090494 0.06358382883091188 0.06499922052224241 0.05301477404909644 0.02586947391254264 0.032954580199692926 0.040644671124871516 0.0483846963436693 0.037168820899447945 0.07173951377014363 0.06218176514050496 0.031805990927111616 0.04405571162850754 0.05407836173783676 0.04809500322028868 0.04578072254453843 0.03393340018075405 0.0245910932812712 0.02758298082222377 0.05263141512735397 0.025169344742583397 10000.0 0.05660175470720869 0.006782204962043813 0.029326969194846852 0.03671141489286059 0.030693461721802567 0.049472357657566184 0.03328012602843636 0.06098278435949466 0.01762201346530548 0.06672369320428637 0.03327358336309788 0.05343077210543597 0.015488192644543947 0.02119050699997005 0.0400908572093627 0.05858834322776887 0.05183265871458985 0.03149810625343859 0.05366546539857246 0.02523020780283018 0.046771828807216066 0.02932611345268899 0.03887823199577287 0.04936089490070853 0.06297195673400935 0.05196559305407725 0.045650578466974574 0.038806054623558135 0.03454801648369348 0.022247555790794224 0.03901153081157169 0.05911149217800668 0.03426151314501205 0.06970116962263638 0.047672264318844165 0.036072794285491344 0.04830935332868834 0.014837358438950477 0.04454574996612581 0.0530629200272569 0.03792738212323809 0.004574670175952693 0.021334882158201403 0.030046286776401834 0.05285205712232094 0.02904609756729557 0.020713916352350353 0.034413028146201716 0.026142574900539797 0.04401712345857858 0.04716872981633238 0.048615148406185145 0.009701860715583769 0.037568507520338544 0.07022710259792876 0.06057791158827868 0.012957332585949647 0.0712014041498601 0.015092603061047611 0.028648640932707987 0.034069556473054964 0.06043040957246492 0.04110316874510021 0.0511817432823165
 0.04816108577012137 0.08271667176784768 0.017666361325541034 0.10929130482120693 0.07346651139627305 0.0615165144401932 0.062136084017270124 0.03876156945520004 0.0655699003973044 0.0408595452361632 0.05916344002210465 0.024854199075490215 0.030923747113407847 0.05490383396563128 0.03773310160886396 0.10208595797585189 0.08570643273071193 0.07516399972281061 0.07547964084132273 0.06055060677516893 0.03173486235170931 0.05660175470720869 10000.0 0.05717115212169023 0.07516008307641318 0.07592017858324669 0.074041421222477 0.028069667303681597 0.025028141963627754 0.06024024408771519 0.041340922713635125 0.07549176412400752 0.025071870728963226 0.010241187215118432 0.06881681981099975 0.06977704845493908 0.09603144008640067 0.0816770196710778 0.03311492834616913 0.025586002593458102 0.020470012477702085 0.03247350291319494 0.07621906789193228 0.06271033055358355 0.03987358628933213 0.08751699585217439 0.061281470394871786 0.02353895532212521 0.0943661626862201 0.061190348786421316 0.07995062099512032 0.04683887759990215 0.028980199949381967 0.07725314522421071 0.02290176985923221 0.019442713017384133 0.044076053140223 0.047294825075961625 0.04373181218986791 0.06411577608583949 0.0963863135410879 0.025134002294990576 0.021168750488789887 0.058541781550144396 0.07739127503953748 0.059655044213805845 0.06510215507745223 0.08381884544386448 0.07208070095204487 0.08087462463180456 0.06530394018078306 0.014965069015979677 0.07729516444101346 0.08717809438784961 0.06609950219029834 0.06526071211721869 0.01661277318076722 0.020452084913620567 0.06090798195773447 0.02959826658864401 0.04475039555265875 0.05644151193506562 0.02538425312611732 0.08534707818922349 0.03143665419125725 0.10758185051385631
