NAME :TPP_input_25_4_1
NUM_VERTICES
97
NUM_CLUSTERS
25
Full Matrix
 10000.0 0.06453929917963701 0.004239893795762203 0.07763066406300276 0.0756849180238771 0.05228531020218856 0.03576191922551071 0.11205498984599323 0.07596974530670227 0.04326875537468619 0.10192444503666993 0.07657732346956046 0.05909278966542163 0.0827707153185052 0.0355542934293744 0.08728412163379028 0.0412801425845524 0.06995939405648331 0.10250185912837223 0.09653518830482617 0.025093494488452415 0.020468511877665033 0.06362154363390668 0.058484835763765064 0.030278483827820914 0.10558619813361769 0.09293262567303284 0.0865313097336777 0.08462768402053363 0.03722610979459714 0.12053574063056645 0.0025622452972693683 0.09160026995909994 0.08505462421365832 0.07295760978073605 0.03327289500506289 0.08619719161373643 0.10217492505000353 0.010101104563876853 0.06390884621129451 0.10574826318668058 0.08581067999949313 0.08611495678460133 0.07976425787613198 0.013482623017589259 0.03219870024871722 0.04775707727564464 0.08981645510808521 0.0843420352941938 0.017050070985769248 0.07991449031551431 0.07313119385002877 0.03239242673312537 0.03317309572767628 0.08215755753324042 0.057336236853495696 0.06455807428865966 0.07976693867523367 0.041272704295514086 0.10572163247417932 0.10303874534929719 0.09375884919124333 0.06875413025847446 0.05525329742285172 0.04927003960857218 0.032199374922922866 0.07213213717929504 0.0749520158724251 0.07824758370659796 0.008396104520656516 0.04925498286219131 0.0623206575995695 0.0804536889477764 0.08163595505624371 0.100308413726525 0.07650082971141449 0.04248618244151604 0.09009006548388745 0.08210045776901018 0.0822136812718341 0.04271752067254739 0.03835141422458869 0.10571307880136085 0.08818215406015158 0.0629539555038391 0.005233327362917508 0.06657300758437376 0.04578645920889224 0.06121828588355174 0.014157692687461365 0.08628134374172203 0.015644768090915074 0.05136631672242804 0.058137795914192845 0.05902805134998674 0.09226625350546028 0.07892655864250613
 0.06453929917963701 10000.0 0.06041969701122385 0.014790105993173774 0.06316408851821007 0.012275866274154487 0.03861941130020892 0.07302560808426083 0.01647874899365696 0.026708961170862612 0.07947308505712114 0.04759111597393684 0.006317915471490983 0.05341374587472008 0.05337769022276579 0.02279323959165912 0.0439023169043529 0.04815196479287483 0.08151691638433681 0.03965797886500542 0.07613665448156466 0.062483896862757626 0.03731758040448773 0.0582212510832711 0.04460683526798648 0.06532835687014757 0.038629979157482446 0.07357322346267463 0.023304006571268465 0.029733478999998182 0.07981640838477684 0.0654267769459296 0.09156870724535435 0.026793762645736786 0.027417896544772526 0.033258825837742916 0.0762066918987625 0.07945677681210077 0.07304742714156448 0.055758517226443524 0.06603750942196313 0.031132178079207047 0.024905393224492953 0.09972717511725918 0.05218245020645166 0.037595652057139474 0.0698008991489304 0.03219544840388683 0.04318919401423902 0.0602272694356642 0.02014733556746353 0.008693405885538885 0.045038743024978116 0.04050919277114559 0.046207790807286986 0.07803700583016279 0.015832840132505577 0.02128485136416643 0.05112540163041177 0.06826970068748599 0.07514610311669899 0.036823105221514246 0.06890604638828714 0.029009431629165628 0.08414685041056486 0.07546464027755267 0.023807971111464248 0.015486286670523588 0.03597073238474817 0.0562914054929838 0.02238820566948235 0.004492181938917853 0.023471323322915516 0.05416373642811788 0.050310340913614325 0.09034008413829316 0.04389189371107359 0.04275840432066912 0.08703794345021316 0.026401660993462403 0.07011711436021767 0.030461453683848203 0.05713015373238294 0.0269558209306693 0.08418871352769972 0.06847646274554284 0.060047810089695536 0.0616428480652711 0.07624826482196075 0.07380548426331351 0.02275092463359363 0.05744570057557172 0.06721771029397479 0.03447970827631241 0.07576468976048321 0.040438395952992964 0.014712356531094007
 0.004239893795762203 0.06041969701122385 10000.0 0.07343073107075518 0.07406507362559919 0.04818132522954735 0.0328625210147173 0.10945316426038186 0.07208449785813144 0.03968674925775688 0.10016958693998357 0.07400990529818832 0.05492584830135401 0.08031518269854701 0.034265543234537246 0.08318337881688169 0.03903622126607008 0.06761303568051374 0.10084336745804005 0.09289910205694317 0.027532363487021223 0.020780436410371295 0.060813338864830785 0.057135337852409124 0.02780166919130295 0.10285926384259508 0.08939407155778702 0.08512256041434785 0.08039899450719673 0.033503550309618116 0.11790464976381348 0.005177159243768698 0.09114908030884801 0.08128520484045329 0.06953369767257352 0.0290335061759691 0.08497435341302356 0.10040720769716972 0.01412717232996445 0.06221376609147149 0.10305237497350338 0.08219740112365974 0.08188413763743368 0.0806077823798329 0.009300210534002547 0.028950490979545045 0.04782949476901501 0.0861059638482045 0.08131267290396156 0.016921417526171233 0.07568004388907774 0.06899160916066216 0.030069795472032982 0.03034613019232484 0.07934578030661539 0.057685439540936065 0.06082215979575955 0.07552825363253768 0.039707105930082545 0.1031484586582504 0.10097550326767381 0.09010392261714034 0.06780883353639262 0.05206844368173562 0.05071523760661455 0.03388704101865592 0.06858426319965466 0.07105885535160839 0.07506367905562385 0.00416927784151721 0.04562886951906594 0.05814575315702376 0.07669933034456851 0.07926121187984216 0.09703232095100864 0.07679475700576711 0.040250779692424216 0.08684631583231875 0.08183355532246642 0.07852115930185068 0.0430743862829549 0.03479504409950698 0.10254947333294231 0.08395002118862627 0.0635277100867413 0.009164793121270621 0.06508361567868735 0.045140957439774476 0.06120400387797972 0.017598999808570617 0.0820857294472038 0.01473445967165131 0.05102814315059949 0.05523981173000417 0.05908525830788993 0.08883610922269339 0.07476538636770368
 0.07763066406300276 0.014790105993173774 0.07343073107075518 10000.0 0.07480729784888394 0.026293375085458 0.05340251054895057 0.07739533871422129 0.020510015461972134 0.04149644125060809 0.08804110913978701 0.05753090087672823 0.018791292625087025 0.06252922258271575 0.06815417618838363 0.013635220111246724 0.05856792990403659 0.059604113064517183 0.0902896827573158 0.03889451243524527 0.09063832562297951 0.07700379784372231 0.049430795531885355 0.07181003697836423 0.05933359456094302 0.0698837976709432 0.039884947340580505 0.08441609186107116 0.008649223110276522 0.0442574721282256 0.08313595420542857 0.07827403266425641 0.10351815349117213 0.027738318655646625 0.03607174691417764 0.04499008190194174 0.08739295982269175 0.08796504497354361 0.08657408410841526 0.06863180937378169 0.07072545256399701 0.033750385614993335 0.010224620060810423 0.11354598300781962 0.06473761714640597 0.052223317913856745 0.08437577672625925 0.032280620360588236 0.0500933177463118 0.07458750655713556 0.007018034295310421 0.00739965386171795 0.05981470563191922 0.055261273347218996 0.054406304225522104 0.09236868543647474 0.027483273276186507 0.008940141573845387 0.06577167797057919 0.07353937908704883 0.08268112794660332 0.03651147777245112 0.08190743356344528 0.042645736995756835 0.09888768308966252 0.09019614287504964 0.03236448551395805 0.02012743986324834 0.043802185627962086 0.06926341419585566 0.03707985534848173 0.015509679089572072 0.0266771863637067 0.06366507106643793 0.05229863156708925 0.10387223579729792 0.05850740808404931 0.04715570798303467 0.0997768627556199 0.029539290906981854 0.08483916386433153 0.04516030652464891 0.05904247658653726 0.012222129117211045 0.0984131003291826 0.08186333498784869 0.07280033396774939 0.07617925097426242 0.09028289828179879 0.08771400285842951 0.008672159212157592 0.07168962335572708 0.0815832180732831 0.047568467856171984 0.08992590281398727 0.04289709596410528 0.0044331931441406675
 0.0756849180238771 0.06316408851821007 0.07406507362559919 0.07480729784888394 10000.0 0.05999956446435796 0.04447808077564591 0.04339045627929614 0.05569980692748897 0.04744319658102386 0.026352087254135487 0.019352656016642416 0.06473947654763491 0.018816499086614577 0.04022058577885567 0.07180250679309796 0.035902754724096174 0.015203497836424175 0.02681821548866759 0.05646124434920064 0.06472941050908139 0.0572700082325785 0.025859174251060664 0.017650347185058774 0.04712114167876322 0.039867378927160954 0.05112395601228695 0.011759130316297925 0.08290716119970457 0.052326178111380545 0.05147655766592014 0.0781260607585339 0.028737862091646808 0.05497805402810056 0.039683610455621375 0.06969352575438953 0.013345622985421642 0.026629552355345632 0.07674305247313579 0.011892460098652257 0.03945694919056009 0.049841066546719215 0.08428077164180545 0.045537103706974384 0.07309766165044299 0.04983419614715508 0.036398206789091614 0.05521213391954351 0.032572964402339526 0.05938594871711338 0.08163620107104307 0.06751212646260323 0.04460669912670776 0.046152463343221456 0.02643581274696454 0.03539940944594213 0.047673122918928224 0.08327131984928274 0.03441540159635746 0.03742024234659303 0.02897454094000829 0.05544955029164747 0.013639595338160584 0.03574261705920339 0.05076316570889314 0.05708168774216514 0.043085018231210435 0.05566003004229986 0.03439828941324088 0.0722450843160704 0.04618349270061742 0.06621709557732905 0.052402028874205725 0.016648598381614307 0.04808278565359937 0.034689077493209715 0.03473306708851829 0.04094124719857077 0.02662178673594735 0.0509306503630241 0.04169972725469333 0.04933177840541458 0.04909211547834389 0.08587769889640255 0.03773546758216974 0.07536033782033391 0.009343309503048375 0.03255533230779232 0.02950313937387504 0.07292966698770698 0.07902590886981609 0.060084262377499094 0.030524625943846778 0.029607486739384205 0.031106686955022195 0.04741724504745749 0.07179488083499037
 0.05228531020218856 0.012275866274154487 0.04818132522954735 0.026293375085458 0.05999956446435796 10000.0 0.02804100739665079 0.07728655860108827 0.025667032149142725 0.01660705754871279 0.07965089526745409 0.047387655244150964 0.007692617950876642 0.05386578487341847 0.043230917802755946 0.03500216591822926 0.03475526480917593 0.04589119937942331 0.08142832058344388 0.04864386309776755 0.06436988697266768 0.05075185168777463 0.03478114999059998 0.051874939507464024 0.033483165598397355 0.06966105461800104 0.046560798034728984 0.07121789115371598 0.03431536780634258 0.018090090248229072 0.08475086803841277 0.05321302631534569 0.08736397663628248 0.0359059029275926 0.030717845770060682 0.02182995846801222 0.07333561773635716 0.07969876678268334 0.060776388251276646 0.05087152943358754 0.07023848897823236 0.03884712358296667 0.03590847931645248 0.09230111052709286 0.04007865012233673 0.026153343089651143 0.06065181720752154 0.0412392233373927 0.04653840684738654 0.04829415583283759 0.030337833135938973 0.020938951156961347 0.03426960695786157 0.029573729651652125 0.048067129062466886 0.06959000123779498 0.018261978548178615 0.03093130306938076 0.041921066646196624 0.07191116769962924 0.07649656627079057 0.045742439528935835 0.0634307801344689 0.024258867544277755 0.0741059274132407 0.0642462885960001 0.027855558330530297 0.024588844999315042 0.03903405891518349 0.04406546595208063 0.014413091039244052 0.01089243029692398 0.031780700116711615 0.05413478299910391 0.05713382263384645 0.08356594096743207 0.035002244513811245 0.04827095196430961 0.0816931518392159 0.03433758285136011 0.060278686418563945 0.019363968963454218 0.06372725650963361 0.03801306514414023 0.0759705061885529 0.05620062260925339 0.05523379360738118 0.052734953145737194 0.06857923064192224 0.061605376203918885 0.03468450905192994 0.045409759697910654 0.05879778435276578 0.030394689487630577 0.06779389439329384 0.047493047291726216 0.0268804774058853
 0.03576191922551071 0.03861941130020892 0.0328625210147173 0.05340251054895057 0.04447808077564591 0.02804100739665079 10000.0 0.07667921481743355 0.044612906905019574 0.011917443811382397 0.069448402203048 0.04133169928296091 0.035632484442064565 0.04779124724459047 0.015250798893258498 0.059066792788328264 0.009304476191299269 0.035427660603093575 0.07047602328134077 0.06244361756354743 0.03876108803865075 0.02538833229732022 0.027953600140982023 0.03020673141706482 0.006666168041557163 0.07001062518619627 0.05835077523885689 0.05616641171898454 0.061821733869096854 0.011089604559591655 0.08510249179041683 0.03776873389364073 0.0672622166472188 0.05214383153855017 0.03808257343701629 0.02660162804900269 0.05694929341169932 0.06963634293978362 0.040916573223245586 0.03282866111397338 0.07021708292427925 0.05172139771264092 0.06342658896156192 0.06650739391870561 0.029479516819975536 0.005384274927390579 0.033274224494408214 0.05632229256849848 0.048588517831031665 0.02435026259088023 0.058174015324408454 0.04691489572119529 0.0064466188166869085 0.0026672274660879906 0.04648333997237184 0.04287018110636262 0.03211134952727735 0.05889533009833443 0.015197345276817811 0.07040735792255481 0.06924553903644579 0.05981819413699524 0.042352541602320826 0.01979984732823358 0.0460786084139922 0.03699290544534775 0.037903295138687426 0.043746726422261524 0.042648370579109925 0.029954436292954124 0.01711540174031076 0.03866324370543803 0.04752931169538735 0.04690232662085978 0.06482020789218584 0.05894826765469925 0.010252157309226965 0.05456355394500382 0.05966650516199252 0.04873387971481799 0.03234899101858731 0.008838886181317207 0.07004363254731481 0.06550368147980884 0.049415564314908365 0.03755871893604838 0.03661515322756222 0.025875717787248315 0.04301615838826162 0.03963500406645163 0.061205928599132396 0.022675691311886684 0.03243068655500299 0.02239039024265827 0.04178915183556534 0.05723546464276294 0.05295736390620051
 0.11205498984599323 0.07302560808426083 0.10945316426038186 0.07739533871422129 0.04339045627929614 0.07728655860108827 0.07667921481743355 10000.0 0.05780696737112319 0.07310315562744873 0.026532137119366903 0.03547878590059427 0.0778307185650498 0.029500038455557313 0.0789363823259857 0.06735538280619628 0.0709525453613333 0.042472870938152066 0.028850260244021545 0.040936812691087926 0.10610774345086384 0.09650455454182853 0.04882888250041799 0.05936075242799135 0.0817773092539925 0.007699311087314835 0.038101427889073586 0.03998070807565291 0.08269121375900673 0.07961030548359403 0.008526788979269223 0.11421855210681588 0.05834004198943107 0.04972725144027275 0.04661233287412033 0.09530969006996547 0.043629809790531784 0.026144354061294034 0.11541063893327685 0.052035819629720405 0.007050797974917344 0.04364648937339461 0.0834614264605321 0.08438580460384278 0.1057688756845495 0.08114634647482347 0.07941273826531677 0.04577903954447584 0.03078217529679519 0.09763192687203885 0.08405714774272195 0.0720875384130514 0.07969930745678845 0.07913050752866801 0.030617771536328612 0.07870751212702506 0.05918986800524977 0.08612296530934357 0.0727739325702732 0.006386035794754993 0.018400581023523512 0.042379043114216475 0.056731942789199546 0.05893072038941127 0.09414967649335383 0.09924637332287965 0.049763940915203184 0.058537145605246345 0.03827131494783021 0.10663304590801563 0.06857850982464261 0.07741878991494895 0.050959405777139095 0.030947179750933525 0.026155858710871147 0.07409897750639721 0.06977329158015844 0.030479870149786478 0.06305891107342664 0.04799181840609397 0.08440834929503371 0.07716109988668728 0.020567736486175256 0.0841642572334161 0.08044362675675062 0.11301231313335332 0.05174874871583774 0.07440811027406216 0.07266856233860515 0.11251071280746046 0.07684837253588248 0.09735501889116784 0.0735448377025724 0.054563741117055094 0.07440297450530127 0.03462943073632337 0.07308007741591019
 0.07596974530670227 0.01647874899365696 0.07208449785813144 0.020510015461972134 0.05569980692748897 0.025667032149142725 0.044612906905019574 0.05780696737112319 10000.0 0.033631804213382396 0.06754910750211102 0.03756318536835035 0.022457284509153002 0.04220187231107656 0.05733527166296013 0.016637515849104757 0.04678911981295046 0.040622073833709804 0.0698144347928415 0.023310139200928465 0.0833722780787902 0.06995555733223874 0.031569973239381 0.05546066133385526 0.051237479610889286 0.05017063394204737 0.022171913236807075 0.06463472575494733 0.027705998943800592 0.03892495560737551 0.06414262628798047 0.07724162140098402 0.08439819748429281 0.010417127641877138 0.016102373225745675 0.047457122157106894 0.06780184449986781 0.06746877194474929 0.08345448271474011 0.05107689088930545 0.050956724765511996 0.01479524157737894 0.02894816064525325 0.09702867248815814 0.0647552620886444 0.04552856852661328 0.07100080561908059 0.015831073699727555 0.02959885835168001 0.06852217854878294 0.027513278255294083 0.014350238042196409 0.050851209305461824 0.047044601557745334 0.03394449279060274 0.0776609326537614 0.012596723236903392 0.029447696339268265 0.05347841059904315 0.053545630699822364 0.06219079848867235 0.020440284379387087 0.06426463386253826 0.028125028502671203 0.08662677031863969 0.08099018732137274 0.012615373811749141 0.0010782420304529935 0.02335572544625584 0.06812855979231039 0.027727430689682843 0.020940602508904615 0.007090574493566372 0.04344569398644221 0.03404877816237643 0.08684320521001151 0.046349433781848116 0.027328676832317916 0.0815348935460205 0.010091037940805375 0.07263047321159001 0.038414990641023064 0.0408949384933215 0.030382568120070556 0.08321519284843996 0.07926857238502952 0.054968022513529634 0.0627956345548029 0.07462547716269471 0.08326883286923632 0.02335321633452345 0.0662786679433752 0.0672362382966785 0.031362286874081165 0.07465895982549024 0.024199554099612157 0.016712016643348045
 0.04326875537468619 0.026708961170862612 0.03968674925775688 0.04149644125060809 0.04744319658102386 0.01660705754871279 0.011917443811382397 0.07310315562744873 0.033631804213382396 10000.0 0.07013127088017004 0.039180810846641205 0.0239985195043736 0.045935547081509896 0.02680683585064518 0.04739738329430536 0.01818925204834389 0.035233159334543664 0.07154478675025511 0.05326955902181858 0.05018252436651879 0.03659878292224462 0.025190715835686515 0.03660557047072267 0.018127405046915967 0.0659111180147594 0.04970785023837132 0.05912457000793467 0.049943592490766325 0.006606878553065983 0.08125007697502748 0.04485003093772098 0.07318732226070607 0.04202452448581277 0.029991920023245047 0.022974576178660836 0.06065195845782949 0.07025343596352415 0.0500583700675185 0.03693894627835944 0.06627702137389653 0.04254192676716037 0.051548363304375185 0.07603038106159171 0.033803062366044904 0.011896976353441726 0.04404500368015986 0.046629258809056995 0.04315056170665415 0.03493350196728143 0.04638457816101439 0.035005940883814896 0.018353540814833497 0.013942011260946232 0.042499240204658395 0.053059399331959654 0.021531793138413552 0.04717883808172289 0.025322527864575554 0.0671012352616939 0.06850577796808811 0.05050282486799439 0.04859295291204751 0.014241445263376564 0.05768260371599667 0.04886834472480015 0.028898130461184626 0.032695603745687495 0.036276913954259755 0.0360421907063938 0.006029962343541653 0.026925494848005032 0.03739368754833828 0.04557444133144475 0.057742622836257175 0.0676308776364523 0.018508807909145775 0.047706212917509296 0.06668430039094041 0.039006754862746296 0.04376561498606198 0.0049259649343377935 0.06358253477105819 0.053619417452914916 0.059481423926765496 0.04608649242486116 0.041199664061569774 0.03615298306425193 0.052301069489618886 0.04965348798284839 0.049294150499783265 0.03264728926100076 0.042301852660199785 0.01954254922276607 0.05140391823139584 0.049237876756063684 0.04105510818132552
 0.10192444503666993 0.07947308505712114 0.10016958693998357 0.08804110913978701 0.026352087254135487 0.07965089526745409 0.069448402203048 0.026532137119366903 0.06754910750211102 0.07013127088017004 10000.0 0.03229026847357719 0.08267245691940953 0.026078247737751286 0.06654254408752608 0.08120162448364523 0.061482714757992475 0.03490230931031816 0.0025932022078283276 0.05851801432287179 0.0906427816727543 0.08361476969836217 0.045382580591799 0.04395852040581295 0.07283199568160727 0.027995657149346407 0.05401524442517726 0.017288892780241632 0.0950229438350134 0.07583619709909722 0.03219556030329319 0.10434227196618887 0.032118914396969234 0.06274365993626371 0.05237528702157897 0.09305923662134483 0.01986367896025111 0.0004163627139004111 0.10308922107180632 0.03801686040072486 0.02707761428348519 0.05650474252804294 0.09613316776455566 0.05931133624346073 0.0986627261246878 0.07466455726309487 0.0614331271431879 0.06064512521111034 0.03820493577848691 0.08572829524364041 0.09505433591590308 0.08141234807652223 0.07037950634730047 0.07139893395786492 0.033656431780839775 0.05806105276019667 0.06376563805456628 0.09696420175445361 0.06066468551244634 0.02335395811440151 0.00832706000750703 0.058823426338647254 0.03680264657952464 0.05659099526208392 0.07409887730418867 0.0826501137558477 0.05611318345891143 0.06791584358757578 0.04425767260516957 0.09816814379932315 0.06741542059941828 0.08332208123388984 0.06202361044096542 0.025548534690211084 0.04522981111980337 0.04962896619428138 0.06027874313872504 0.043526519277514227 0.03805203826037172 0.05956385197270571 0.06702302124979692 0.07294285481787002 0.042427992300177624 0.09732017224004447 0.05830198281299383 0.10169820634202045 0.035659815445970314 0.05860597942853771 0.05176902648778 0.09922005410262769 0.0899683715134135 0.0863622942279489 0.05570635597126284 0.05070796653360998 0.0538726510113808 0.04990118539175799 0.08422271750358751
 0.07657732346956046 0.04759111597393684 0.07400990529818832 0.05753090087672823 0.019352656016642416 0.047387655244150964 0.04133169928296091 0.03547878590059427 0.03756318536835035 0.039180810846641205 0.03229026847357719 10000.0 0.05046414755047648 0.006757104626195071 0.044006767207914195 0.053105218008242236 0.03552059576653952 0.007973188536317694 0.03415495882709815 0.03735140515242835 0.07187345764807675 0.06143805175491661 0.014012752862804104 0.02767257368039574 0.04630098910225854 0.029247090146703136 0.03199311118350279 0.02708991528500539 0.06521214086411217 0.04539074731671294 0.04397033813760872 0.07874876408295438 0.04736677356088544 0.035779367949113586 0.021512211414007446 0.0620794396058781 0.030371213758058364 0.03232665335320056 0.08008442757841874 0.020492324157339245 0.0293127589851758 0.03050380213298835 0.06649195242563341 0.06431254323016179 0.0706490876452071 0.04598913271363024 0.04797529031823425 0.035859655402949345 0.013727572017307354 0.06233288492554599 0.06451095771077252 0.05049132794071516 0.04422356368717621 0.04373080988941176 0.00797621362967087 0.05039795824491197 0.03176858503410881 0.06629508724972547 0.03790897055379124 0.02914709400858179 0.02947813070219854 0.03619210917824463 0.031085864560199104 0.02506489605328919 0.06395615295041669 0.06580235009755155 0.025178044959769223 0.037687357402545946 0.015155191348018576 0.07126721994638598 0.035689186638305545 0.05126606044936591 0.03350697493904359 0.006747817699922704 0.030768594167468345 0.05352569448256907 0.03435371094618948 0.0222848677046214 0.04597423050311797 0.03181143913060596 0.05212483666587266 0.04270650729955523 0.03345737293307128 0.06794565607942625 0.05421976008200646 0.0775731575989249 0.022533565523116018 0.04148285583832749 0.04540496832867917 0.07740085196625332 0.06085765788596134 0.06193197410156254 0.042454286102098386 0.019768563480572758 0.046398394367124826 0.028460720450998882 0.05412232703773832
 0.05909278966542163 0.006317915471490983 0.05492584830135401 0.018791292625087025 0.06473947654763491 0.007692617950876642 0.035632484442064565 0.0778307185650498 0.022457284509153002 0.0239985195043736 0.08267245691940953 0.05046414755047648 10000.0 0.056618895202355676 0.05076260282567468 0.028656735956407452 0.04197253222989327 0.050075579557619966 0.08460518190304991 0.04574785960307334 0.07199877876271459 0.05839737753128016 0.038990650180114106 0.058081228370914915 0.04116545833187256 0.07013593039668342 0.044463506775916796 0.07558795449759373 0.02665464175447633 0.025779482243236614 0.08487135713745413 0.05985954036779208 0.09270174985478094 0.03285560546984111 0.031515650558773894 0.02720316952140762 0.07797811605085414 0.08268409064666098 0.06787137632159923 0.056408868756334225 0.07080026037371787 0.03685982202624215 0.02824316713194295 0.09904441956763348 0.0464653327831947 0.033845928836523397 0.06794407126728624 0.03827044109739736 0.047512711822051676 0.05587187814236477 0.02264644777591041 0.014200733394168842 0.04190954637839783 0.03723118112273013 0.04995787821080594 0.07667015127972414 0.01912075691845938 0.023272113861327597 0.049186111840743056 0.0728353292966109 0.07883189583724258 0.042889512846950015 0.06929598075218958 0.029423596862910767 0.08164845275681598 0.07193885016247006 0.028127674750104314 0.021423843733530703 0.040108488591710276 0.05077145511373268 0.02087888416245161 0.0032816257446957368 0.029297753557468633 0.05716247354417718 0.05588158830057129 0.09003974294847848 0.042132705023560806 0.047871772204101416 0.08754883470784737 0.03215153608173719 0.0677615745012589 0.027022738880145915 0.06265735105075443 0.0303499028229391 0.08298151318274863 0.0632053245523544 0.06075930869759344 0.059935262681681804 0.07537694215963282 0.06892889690257481 0.027323323988756143 0.05293150139323205 0.06584760161036916 0.03534152033739391 0.07470233510041698 0.046033196232419527 0.019842776344072496
 0.0827707153185052 0.05341374587472008 0.08031518269854701 0.06252922258271575 0.018816499086614577 0.05386578487341847 0.04779124724459047 0.029500038455557313 0.04220187231107656 0.045935547081509896 0.026078247737751286 0.006757104626195071 0.056618895202355676 10000.0 0.04946307581576746 0.05698323697345649 0.04154635732776997 0.012972913573465132 0.02810480296490971 0.03835641443561436 0.07690153782141759 0.06701690419184916 0.020757289194207943 0.031104256867999922 0.0525367657667287 0.023878229420625983 0.033117123745709805 0.02365344323657158 0.06989522415675871 0.0521280078481126 0.038026776818965574 0.08498565699178431 0.04472911188990347 0.03898143058201552 0.026535003893193743 0.06883628750404702 0.027339790302664386 0.0260771671704437 0.08591862358801793 0.023664781729600338 0.023791114097735662 0.033174640837394145 0.07110203871092363 0.06432726916464904 0.07719247220704327 0.05254934600903849 0.05155800530478327 0.03816525582668175 0.014680660645782705 0.06813797179338506 0.06954352247134256 0.05569047397865025 0.05037855867107079 0.05013503609470772 0.008742697027401738 0.052766300226488545 0.037687627757030245 0.07139529246291722 0.043306837933102575 0.02311578269377961 0.02277045764590404 0.0376860076461528 0.03200210094495094 0.031819352654680895 0.06715818286389524 0.07040009835742363 0.03027771329036326 0.04245508698735357 0.01892464432104246 0.07766896030201319 0.04241623159634977 0.05724397733900708 0.037375124301669053 0.0021733490478922585 0.029267320669806786 0.05347877813853878 0.040355699317818336 0.02255518770409402 0.044769960720704764 0.035293854213037185 0.056115207769202785 0.04942652585822111 0.030606179582523072 0.072442282661805 0.05591476366231482 0.08357984499017976 0.024584897061829168 0.04571210813264123 0.04731479100617071 0.08302050933804321 0.06521183925384524 0.06791362010916527 0.04582940925757231 0.026495411213635717 0.048595279861592046 0.029206727792845565 0.05890470580468358
 0.0355542934293744 0.05337769022276579 0.034265543234537246 0.06815417618838363 0.04022058577885567 0.043230917802755946 0.015250798893258498 0.0789363823259857 0.05733527166296013 0.02680683585064518 0.06654254408752608 0.044006767207914195 0.05076260282567468 0.04946307581576746 10000.0 0.07274743914233703 0.010674386203413514 0.0365117371143188 0.06702924197359539 0.07229987897523296 0.028298308290991652 0.017587919467363825 0.03339897845183659 0.022933240474986127 0.011586857478024806 0.07317270288941224 0.0676458990536275 0.05097757471496053 0.07667253437412382 0.02614146458561452 0.08745975812011206 0.03803492329717954 0.057641415592308176 0.0635168196918221 0.04774211062019468 0.03944525115680185 0.05071847482422323 0.06680716935705565 0.036834123292353964 0.02858313276738507 0.07316972791505279 0.06191652671971676 0.07827583493744834 0.05256496215999909 0.03503911960991608 0.018679747911238255 0.018495161115268034 0.06702283203722367 0.0545035685172012 0.019217166380984876 0.07318784429903515 0.06141649910341216 0.009645574908930253 0.01426134641276637 0.05084281735105448 0.02855499251632226 0.04476977805167767 0.07398197565396603 0.006165988282443855 0.07255091534741281 0.06817502507097015 0.0699299262677875 0.0336515001215473 0.02977816522754105 0.030885866219673607 0.023945793705799523 0.04855458079200162 0.05658713425701852 0.050074750254347676 0.03302031290823591 0.031182419515879054 0.053728527109891934 0.059059478903770515 0.04799935683924416 0.07192378724886712 0.04607672526426576 0.01136107325707268 0.06181912413532196 0.04888517917237202 0.059712687922255925 0.017099847727288082 0.02408328939296388 0.07619083988228617 0.0803325698421352 0.03511991759492781 0.035163275302309796 0.031038403361828937 0.01225657089721702 0.029849486599080814 0.033591863820533835 0.07568405527729974 0.01991269946711009 0.01895313303800811 0.029293617864992284 0.028224635530745747 0.06576538611142758 0.06738666657375274
 0.08728412163379028 0.02279323959165912 0.08318337881688169 0.013635220111246724 0.07180250679309796 0.03500216591822926 0.059066792788328264 0.06735538280619628 0.016637515849104757 0.04739738329430536 0.08120162448364523 0.053105218008242236 0.028656735956407452 0.05698323697345649 0.07274743914233703 10000.0 0.062422107014424216 0.05689616226159555 0.08360676814559445 0.02708080232010903 0.09757232928227051 0.08396218990085048 0.04818285680471572 0.07209262419294357 0.06549843131140638 0.060145842832026834 0.0292540986906518 0.08013078021924776 0.015658279643269303 0.0516059208726874 0.07231863387380832 0.0882072690787468 0.10036512867748615 0.01848351586566449 0.03216092015938622 0.055857748195353094 0.08347590733122383 0.08106937296967195 0.09563177917447939 0.06767052462136622 0.06105994785342364 0.024786229975532172 0.01621836677747302 0.11366037431916581 0.07497335872174064 0.05904852498947167 0.08724477196987544 0.021600411486526597 0.043094818771632924 0.08206182355033188 0.018332599828097713 0.014492948490141704 0.06547708321689408 0.06129213902727521 0.04834581555511687 0.09417201809491435 0.0283436364479788 0.02037325251143724 0.06933920878535973 0.06422736752021185 0.07499642925983803 0.02513600402205547 0.08081964424937543 0.044313712277402134 0.1026451768997597 0.09597516745206654 0.028970197311520392 0.0170234897544777 0.03816850092497536 0.07906455300990231 0.041963450985951986 0.025674558804641784 0.01964204359578428 0.0584773439030576 0.041436183138996226 0.10344719053949847 0.06210085004005823 0.0382625064415351 0.09791267780082355 0.021746105683471715 0.08858217503696778 0.05178955307165678 0.047898316563137505 0.016809359143063564 0.09979380972672444 0.09113036009657284 0.0715122651398786 0.07900841034778697 0.09123561024638596 0.09613472047201398 0.009558982542548345 0.07948054302029023 0.08366611326581666 0.04792571604199462 0.09123463047317233 0.03286750696734666 0.009852938181723237
 0.0412801425845524 0.0439023169043529 0.03903622126607008 0.05856792990403659 0.035902754724096174 0.03475526480917593 0.009304476191299269 0.0709525453613333 0.04678911981295046 0.01818925204834389 0.061482714757992475 0.03552059576653952 0.04197253222989327 0.04154635732776997 0.010674386203413514 0.062422107014424216 10000.0 0.02868428297447228 0.06233922552278477 0.061745202197060936 0.03849943052371768 0.026505412924616233 0.023579577883145093 0.020936535428172632 0.011359442153119284 0.06473078471319164 0.05716798144434069 0.047459747176092845 0.06717116301488214 0.019731018581409646 0.07946329480286039 0.04354879409334847 0.05796403892234988 0.052842439758203553 0.037147415103772126 0.0358963489462283 0.04802088367194061 0.061697548004994815 0.04461179149013002 0.024071727775488688 0.06482437604658678 0.05130226452707132 0.0687661113756145 0.058027840347696105 0.03723484532141833 0.014584515137976158 0.0259833353690641 0.05637305918575485 0.0448312571263139 0.0269300495556645 0.06396103568462196 0.05162012460556735 0.008972413882762464 0.010408927036280609 0.04171138137005692 0.03487238808002886 0.03426852837926267 0.06490667183940395 0.007233914648650007 0.06459003601806272 0.06195507572288916 0.0593385369185915 0.033059640435221554 0.019103901931180268 0.04041799784934132 0.03461249072833188 0.03788712972179607 0.04606753064957915 0.039915137227833485 0.03675706780228164 0.021514152933300227 0.04474147778239798 0.04838818352701522 0.04036431646854337 0.06197835084541723 0.050042815621210116 0.0012153119713022038 0.05178253731090064 0.050390514935570375 0.049043309168674325 0.026330721925640732 0.016997973751765587 0.06656745480283487 0.0707885008222793 0.04131069777133815 0.042060520901203394 0.02763892601001908 0.01798113708617596 0.03435144626135507 0.042217318258531124 0.0658005458550301 0.02641160708554551 0.02413723550056604 0.018965480152812738 0.03332552105996591 0.05542987760135813 0.0574988216918753
 0.06995939405648331 0.04815196479287483 0.06761303568051374 0.059604113064517183 0.015203497836424175 0.04589119937942331 0.035427660603093575 0.042472870938152066 0.040622073833709804 0.035233159334543664 0.03490230931031816 0.007973188536317694 0.050075579557619966 0.012972913573465132 0.0365117371143188 0.05689616226159555 0.02868428297447228 10000.0 0.03632523791751322 0.044003032685565845 0.06413225937900177 0.0540514901247907 0.011131498881041445 0.019824331155338555 0.039811539298871525 0.03669263562167114 0.03866720383996674 0.025514741819572473 0.0677136713095358 0.04097280627060618 0.05099963561612199 0.07220926965604932 0.04393116771990726 0.040689543069144365 0.02473811036744931 0.05815834034122754 0.028055256777152215 0.0350299667708089 0.07295318162786212 0.01286470506702359 0.036666967498652926 0.03607541803608791 0.06909419600871508 0.05806319412035182 0.06490711235063613 0.04040886091841565 0.04003266611566611 0.04160165547813652 0.02112348695403224 0.05517158928758305 0.06643923135818147 0.0523138926109207 0.037583817223820704 0.03765021330505731 0.015803682584725667 0.042802972192406724 0.03253893167614114 0.06808438083746957 0.030364028039348245 0.03608827944692988 0.033868014652581775 0.04254452835296408 0.024650113659782667 0.021985723213185718 0.056062695504357656 0.057907052948374706 0.028016395594491806 0.040541969481366937 0.020604874192802453 0.065099056411063 0.032800272493289775 0.05136553431199273 0.03773954251571934 0.01168103002609097 0.03854832101455565 0.04742609081876371 0.02748317823316579 0.02961831470414008 0.04103210716329354 0.03654385041552614 0.044151648301979 0.038109949000608316 0.04142223938681852 0.07070623378072527 0.0469311000551921 0.0706597488317802 0.015558307181250092 0.033515400859072744 0.038061302484109646 0.07005272036570061 0.06390346071232401 0.05499166889748214 0.034557410179139506 0.01592956898527102 0.03890239590342172 0.035424037611387155 0.05660579037000145
 0.10250185912837223 0.08151691638433681 0.10084336745804005 0.0902896827573158 0.02681821548866759 0.08142832058344388 0.07047602328134077 0.028850260244021545 0.0698144347928415 0.07154478675025511 0.0025932022078283276 0.03415495882709815 0.08460518190304991 0.02810480296490971 0.06702924197359539 0.08360676814559445 0.06233922552278477 0.03632523791751322 10000.0 0.06107366756124882 0.09062395308977261 0.08394675803577094 0.04698606937190442 0.04428228793675687 0.07366349434929496 0.030537673832556057 0.05654559515599967 0.016912553124967825 0.09733870401048855 0.07714727666888835 0.0342122627849393 0.1049396755558061 0.030169789407203905 0.06516312337936055 0.05452358281200772 0.09442518136834942 0.019047338442358088 0.0028833042306455345 0.1034169143292391 0.03863005499472626 0.029612055592383058 0.058940483351836125 0.09846266503183858 0.057705999695006 0.09956411051065776 0.07573304020282441 0.061204763212032526 0.06313114309656281 0.04056482884880461 0.0861671261347298 0.09730584566702888 0.08361057778331538 0.07118676961473798 0.0723640337309043 0.035883971089874754 0.05741729684847028 0.06576876650396686 0.09920424768998977 0.06123016696156183 0.025866631989869073 0.010828015410071251 0.06135493848473802 0.03650563583188659 0.05815885093039482 0.07347474667928709 0.08250982345760188 0.05826601510812275 0.07016227516095748 0.046489161128412976 0.09893409724954016 0.06899417823885347 0.08531947318475636 0.0643697065478194 0.02744271451010345 0.047820177680579536 0.048224191792611656 0.061142820612580466 0.04602652899933642 0.03655863144803445 0.0619404169999403 0.06684773936882603 0.07423106867259793 0.04501024010047314 0.09966950644097969 0.05737718363803105 0.1021454828668422 0.036026453932317744 0.05871509514935054 0.05112354382508449 0.09944504707486403 0.0923279298713166 0.08690213689025293 0.05554268730689762 0.0522102875598223 0.05327835957223895 0.05242863503519539 0.08650428007788541
 0.09653518830482617 0.03965797886500542 0.09289910205694317 0.03889451243524527 0.05646124434920064 0.04864386309776755 0.06244361756354743 0.040936812691087926 0.023310139200928465 0.05326955902181858 0.05851801432287179 0.03735140515242835 0.04574785960307334 0.03835641443561436 0.07229987897523296 0.02708080232010903 0.061745202197060936 0.044003032685565845 0.06107366756124882 10000.0 0.10014295464887353 0.08743343904411706 0.04007592481932317 0.06312007978407717 0.06902731854523611 0.034174090534816494 0.0053595751845445586 0.0617799156099891 0.04272481105241745 0.05940965185275398 0.045351536921675414 0.09807286629136637 0.08299170651904594 0.012894914757447497 0.02462375959455897 0.07019222865155872 0.06558053603226463 0.0583047987970281 0.10305791320526929 0.05674571996399125 0.035147297519647264 0.010753752606788968 0.04329073730627087 0.10166278037958301 0.08633181629883036 0.06471686012615659 0.0820503655492286 0.007479391354649784 0.023901692308372954 0.08677316118420589 0.04490236071747301 0.03538755022846892 0.06799821693690433 0.06508207940578357 0.030053460513560615 0.08639139274067331 0.03223995369788851 0.046989246687768826 0.06720492034218162 0.03864918178443504 0.051276761960380196 0.0029018484100662195 0.06836973704319226 0.04303035522985357 0.09828426702464454 0.09616823390026977 0.024570210338558163 0.02436265273855175 0.02374058089568788 0.08914526689319559 0.047282512665701985 0.04404590942848166 0.016872953256964283 0.04036470857856567 0.014783275403502886 0.09087604327187859 0.060953917459840815 0.015859977153125884 0.08294719628668584 0.014535293617104462 0.08505166862224631 0.05819200131844259 0.02090972264541294 0.0437517368253882 0.0908589012633525 0.09927174251759743 0.05951828707461786 0.07440485983263245 0.08197617680109529 0.10207361988888365 0.036632212843750345 0.08506368417052901 0.07717876148564072 0.043113076432203225 0.08267049250246111 0.00915640530143713 0.03446352691112619
