NAME :TPP_input_16_3_3
NUM_VERTICES
46
NUM_CLUSTERS
16
Full Matrix
 10000.0 0.07295361618332026 0.07917716864294516 0.08995061212764104 0.06523746753903727 0.07096231449862743 0.0712762760780324 0.07201321594257785 0.05162020343159078 0.03806907890659655 0.09209528876912183 0.09325900959093178 0.012758266584913878 0.10057029415034893 0.02415845851873663 0.021456220260401455 0.09921679558834545 0.07478707147053425 0.05596268246718422 0.07053666480058787 0.025626457545677616 0.045250820394161374 0.04001995775413353 0.056107049585093174 0.05376695826735576 0.024781211572204944 0.05342918908644424 0.02841390791877837 0.03500524218999164 0.09294957183042167 0.0489884233298515 0.02401719481108148 0.04810791028806318 0.07273185301738193 0.05829577168827774 0.006376280173348452 0.0931503060046601 0.06438505385461568 0.04701995823169895 0.043210847380663754 0.0631837175847135 0.035116641769509266 0.05639454455142829 0.05224378362646039 0.09462911047659232 0.025553593693077404
 0.07295361618332026 10000.0 0.08912566956361771 0.04870789853791395 0.008218416928453627 0.004026163714197225 0.003301111395263212 0.09327242198382647 0.038584851292730996 0.06769537287615501 0.07975993000451828 0.04390756379044541 0.06895718537271571 0.07224685734852379 0.05820159079218008 0.056116839670956944 0.06352055063030239 0.020543430205789744 0.018387351473555098 0.04399642161195664 0.09632230106907443 0.09137356959508258 0.07418259368767362 0.0723953939413683 0.07613509606863351 0.04906397875503291 0.028244646841578437 0.05505140683370449 0.08251084175665241 0.06363525891006984 0.03975838236545752 0.051318791800666265 0.04672615837141213 0.1049446254772317 0.08599096440748132 0.06801283177481666 0.08700536524986922 0.07555657281330196 0.029477762620064536 0.038592903606126924 0.09977022076230879 0.08466391894750505 0.026997193589208827 0.08938811748907137 0.054305607120509504 0.07412022601014989
 0.07917716864294516 0.08912566956361771 10000.0 0.05717796653835706 0.08756443187788737 0.09098880923144462 0.09061061002958458 0.013284493486598395 0.05277464501326696 0.04136448532251401 0.026051003647216985 0.0663004835568112 0.0664695585376054 0.045118508500553406 0.05873578249974753 0.06390394283981948 0.05260536428456728 0.0719950441046798 0.07547142417451393 0.046906259180753467 0.07901934497051732 0.043913582348386646 0.039386934375199134 0.023742636235347375 0.02541574709507217 0.08052442066496379 0.06329127262394406 0.0563772414317749 0.04827897282276764 0.044497822865903564 0.052898510539962994 0.0664630077366414 0.04651228485549867 0.027858759007180857 0.0236847437775996 0.07397676878650343 0.02028778357768857 0.016137860284085703 0.06721466249008543 0.05837873102438115 0.03177722471972558 0.04973539216937555 0.06330640566159887 0.03358398357330422 0.05667878578235142 0.05431092684842857
 0.08995061212764104 0.04870789853791395 0.05717796653835706 10000.0 0.05236772914824218 0.05230220344078713 0.05163394519200939 0.06709317965275859 0.03843264841891135 0.06218425504520644 0.037350744417807794 0.009283874070292217 0.07971977493768452 0.024222704969835182 0.06647163146393317 0.06849439193689084 0.014813756692833866 0.028364146837275277 0.046977280979531966 0.019837220121820865 0.10486459388106555 0.0824735106617086 0.06665959733196272 0.05361900107478714 0.05916195535846364 0.07462821452237407 0.04019728978498143 0.062034631180072505 0.07865301021688453 0.016703558122913496 0.04102476307228139 0.0665825307942814 0.042461600095151535 0.08202473460628522 0.0671803103852785 0.08359908319759966 0.046010866118129295 0.05097535167668508 0.047991924211648114 0.047432348119789386 0.08133944836532045 0.08104679864678578 0.03755228543341507 0.0753362465603234 0.0058138679661821025 0.07602709161905298
 0.06523746753903727 0.008218416928453627 0.08756443187788737 0.05236772914824218 10000.0 0.005748323861093585 0.0060397686878249 0.09058447523775 0.035415829186059025 0.06274297232464222 0.0806118481054129 0.04876855454841722 0.06188152874967171 0.07501849765603744 0.051766829914997564 0.04924812530649101 0.06703424779333719 0.024150116304692583 0.013007021533558214 0.04449797505751534 0.08902129483983297 0.0861272378627558 0.06925129407152965 0.06924274693675028 0.07253478192420945 0.041085662313926886 0.02469128588245498 0.048943014472658794 0.07681800494956569 0.06616916656152473 0.03609267459673486 0.04429185744994015 0.04312706951744242 0.10145503484933915 0.08232520169702558 0.060487784819813956 0.08733551696662328 0.07320200093537703 0.023921782611422554 0.03360146659719931 0.09569134102663013 0.07888554731850286 0.024279423538746948 0.08491133873260713 0.058127862578328936 0.06792890103398969
 0.07096231449862743 0.004026163714197225 0.09098880923144462 0.05230220344078713 0.005748323861093585 10000.0 0.0007261766392799506 0.09462611521964255 0.03958726508803066 0.0678216632483553 0.082558354677432 0.04775345467265523 0.0676037127878299 0.07564239661131789 0.0573508334260451 0.05493164938610723 0.06710159497718088 0.023989949600271607 0.018022029401123497 0.04659094859359908 0.09476702656917745 0.09134266701256423 0.07432860611009633 0.07349918966965652 0.07701739993866057 0.04673179665328049 0.028982540068847852 0.05442857180664154 0.08219052265265998 0.06695196865664438 0.040519079708068347 0.050000620692689464 0.04754877586333818 0.10590983040319124 0.08685002897863793 0.06623425595440754 0.0896244294985963 0.07704738651425806 0.029137599574085658 0.03863160730960007 0.10042038983373842 0.0842884959866734 0.028123978401748254 0.08981028339976344 0.05794889579618242 0.07345592365947241
 0.0712762760780324 0.003301111395263212 0.09061061002958458 0.05163394519200939 0.0060397686878249 0.0007261766392799506 10000.0 0.09433673409667644 0.03934307888976752 0.06774474468549477 0.0820207188292949 0.04704793002991025 0.06779721207372343 0.07500677667922309 0.05744828608625835 0.05509013143788033 0.06643634558128385 0.02333748829292165 0.017985517071263387 0.04608096417070455 0.09500256329950013 0.09129855500992119 0.07424969071174804 0.07325025480879911 0.07680808857015156 0.04710476867500842 0.028773872222026924 0.05448308388093095 0.0821972603365961 0.06632832575228913 0.04031777736909596 0.05018195729398376 0.047340798282916305 0.10568989018686964 0.08664648622903734 0.06650707933520177 0.08911738797700161 0.07673162661474645 0.029121599382243048 0.03855709353701859 0.1002556307061198 0.08430559164618111 0.027846848758110776 0.08968472739764166 0.05727359329711755 0.07352358776229054
 0.07201321594257785 0.09327242198382647 0.013284493486598395 0.06709317965275859 0.09058447523775 0.09462611521964255 0.09433673409667644 10000.0 0.05516864838438653 0.03604433457399611 0.0390364124227084 0.07589749801035375 0.0596616769289277 0.05764341430982093 0.05425450604480649 0.05960585897465193 0.06433578114638741 0.0780087390475056 0.0778898138074985 0.05391216096030607 0.06849703721517303 0.032416858347745964 0.03223106036105664 0.021689515771474516 0.020220443645030655 0.0772382443608069 0.06589523474506705 0.052809871530505585 0.03867207969698989 0.056046545618761545 0.054647503409093835 0.06301987851483161 0.04771106464979776 0.015243713367307078 0.013758616832830303 0.06744930482978723 0.03356899968325026 0.017918733091522532 0.06840965978575264 0.05886123962037524 0.018548174105449504 0.03970683783549208 0.06650409068913854 0.022201780414673803 0.06738000550528932 0.04649706034520368
 0.05162020343159078 0.038584851292730996 0.05277464501326696 0.03843264841891135 0.035415829186059025 0.03958726508803066 0.03934307888976752 0.05516864838438653 10000.0 0.030842843558141483 0.05099284574219959 0.04180469312120412 0.04206163164472203 0.05266588198215429 0.028784130099352778 0.03019510479552601 0.049011255550604274 0.027945243278948474 0.022827356318916234 0.01971864839617039 0.06859812573748644 0.05453543986482713 0.03704920545683024 0.03391229683354638 0.037551741586109 0.037495961249266345 0.010729205488410887 0.024391465224111737 0.04716037615749028 0.044064124930785986 0.002655168772796513 0.02816216855695241 0.00829659787485708 0.06637469317388742 0.04740906702492673 0.04530162942666508 0.05597096851806069 0.03788501972432773 0.014973744158497603 0.009390503431253196 0.06129504380252675 0.049515964024920596 0.011593442344392515 0.0512788979620444 0.04335750435576638 0.04124332385703852
 0.03806907890659655 0.06769537287615501 0.04136448532251401 0.06218425504520644 0.06274297232464222 0.0678216632483553 0.06774474468549477 0.03604433457399611 0.030842843558141483 10000.0 0.05508671120807771 0.06831527565869618 0.025310855705888795 0.06641703207340983 0.018226450625837432 0.02358483158093209 0.06756788939442514 0.058727114213088835 0.04982026831275019 0.04275084884486765 0.044049073398901836 0.02380636999668769 0.0065089882194711325 0.018037981421928917 0.0162389315879023 0.04141425682425483 0.03975855910712113 0.017279116396697908 0.01678646704376028 0.060095070951407585 0.028850148004956677 0.02729021338266631 0.022861494668474897 0.04166208809255393 0.023354841207881488 0.03265138716004022 0.05532808907491796 0.02631800915384876 0.03883494367828506 0.029190077870246335 0.03409100261114927 0.019200215354163015 0.04168295401166092 0.02258920459756921 0.06548722809457104 0.015167126268440271
 0.09209528876912183 0.07975993000451828 0.026051003647216985 0.037350744417807794 0.0806118481054129 0.082558354677432 0.0820207188292949 0.0390364124227084 0.05099284574219959 0.05508671120807771 10000.0 0.046531685378067386 0.07958675947246736 0.019541718169984155 0.06864512986753336 0.07294821490306881 0.028545098948479206 0.05993029313237475 0.07068508549986734 0.03611392988626814 0.09795422893469795 0.06596100426833432 0.056006496220378205 0.0382740155680162 0.04287252019016873 0.0863453675999358 0.059450874429031915 0.06502005662724608 0.06728687390907845 0.02149500226848521 0.052380655728377204 0.07374806895680709 0.048351858041023286 0.053904401397700225 0.04606233296984075 0.08608268868859037 0.008787563957507502 0.03081615709054571 0.06572773815208438 0.05942555177783628 0.05704703202538917 0.06925378031242202 0.05823892612770457 0.05617911468387504 0.034913617064177276 0.07008433678635033
 0.09325900959093178 0.04390756379044541 0.0663004835568112 0.009283874070292217 0.04876855454841722 0.04775345467265523 0.04704793002991025 0.07589749801035375 0.04180469312120412 0.06831527565869618 0.046531685378067386 10000.0 0.08382637667303727 0.03209819372125402 0.07052724826835097 0.07192784985521249 0.021683056983681163 0.024805182744715656 0.045649757246003196 0.025614954845006917 0.10986221860593491 0.08960519370271408 0.0732412249428796 0.0613723940925836 0.06683689533732382 0.07592058601786446 0.04117629528522431 0.06610384865919604 0.08501657584501672 0.025496828494928923 0.04445974896408236 0.06942017524689507 0.04717824461912563 0.090694587769179 0.07525433687337225 0.08699287812525823 0.05522899381421951 0.05937220518223389 0.048810131410145716 0.05009712688938696 0.08957694097539604 0.08742855310353444 0.03828308372037378 0.08299295271920144 0.0124814106721334 0.08145967295786267
 0.012758266584913878 0.06895718537271571 0.0664695585376054 0.07971977493768452 0.06188152874967171 0.0676037127878299 0.06779721207372343 0.0596616769289277 0.04206163164472203 0.025310855705888795 0.07958675947246736 0.08382637667303727 10000.0 0.0887811291893876 0.013302164224570708 0.01304727365666634 0.08805951358037678 0.06748872514153663 0.05092922376331629 0.059996242749516454 0.02761500633024144 0.035030367793092744 0.027491468571715118 0.04334883679036528 0.041076015770197184 0.025719684176055097 0.045901765310169845 0.017736250630113245 0.02419469707723757 0.08144698600383915 0.03941032621337526 0.017638408542829404 0.037312184947421 0.061434354558336374 0.04602801799165431 0.007846643018854686 0.08045161539853181 0.051627394370717686 0.04067539648967376 0.03472189041851936 0.0521466277200102 0.024891149882813803 0.04874555081157079 0.040763791356387157 0.08408743734653726 0.013709299592997142
 0.10057029415034893 0.07224685734852379 0.045118508500553406 0.024222704969835182 0.07501849765603744 0.07564239661131789 0.07500677667922309 0.05764341430982093 0.05266588198215429 0.06641703207340983 0.019541718169984155 0.03209819372125402 0.0887811291893876 10000.0 0.0764223202272023 0.07982495466732047 0.010766275643161134 0.051704830617442826 0.06759239412244383 0.03356697316720386 0.11043679162345722 0.08149316287838909 0.06890596004703517 0.05214671314073778 0.05745101146760985 0.09011052223438945 0.05829622047793556 0.07226493008541926 0.08088530020751009 0.008995857159526824 0.05477994234992354 0.0793642183826238 0.05311640267876674 0.07277549262484298 0.06266052371045698 0.09426487485671872 0.027776976105618117 0.046182888200760434 0.0656969500255169 0.06200224029137786 0.07496938373637459 0.08307789695945103 0.056251486443662936 0.07240449456756322 0.019621280115305822 0.08152839514403566
 0.02415845851873663 0.05820159079218008 0.05873578249974753 0.06647163146393317 0.051766829914997564 0.0573508334260451 0.05744828608625835 0.05425450604480649 0.028784130099352778 0.018226450625837432 0.06864512986753336 0.07052724826835097 0.013302164224570708 0.0764223202272023 10000.0 0.005359516175031656 0.07516372653987614 0.05477649178685487 0.03984289602454544 0.046802893893468624 0.040163916616907255 0.03674430635394669 0.023169768717951532 0.03499555926364091 0.03425676818294532 0.023347918120037527 0.0333153380295851 0.004440338554451956 0.026244668664765523 0.06880032917711812 0.026137290640817074 0.009656704011712341 0.024162081516691525 0.059257847290012274 0.04149258482324321 0.01784308334164213 0.07046327503097778 0.042953289976201195 0.02898611365351121 0.02186139405906759 0.050954318441103846 0.027984202200706833 0.03605281187256457 0.0391463700849232 0.07091679993007817 0.016312375636580053
 0.021456220260401455 0.056116839670956944 0.06390394283981948 0.06849439193689084 0.04924812530649101 0.05493164938610723 0.05509013143788033 0.05960585897465193 0.03019510479552601 0.02358483158093209 0.07294821490306881 0.07192784985521249 0.01304727365666634 0.07982495466732047 0.005359516175031656 10000.0 0.07796496046913033 0.05460132101198709 0.03796884447136459 0.04912068951085866 0.040662271046107444 0.041375439376367965 0.028456505357497105 0.04016410090751247 0.039578768850205434 0.01807003154106516 0.03300875276970334 0.007941850928251863 0.030642969266912852 0.07194203733559401 0.027554509525128345 0.0052049126119905 0.026883867584657196 0.0645224440666653 0.046846037089313446 0.015112575968428734 0.07511616627132911 0.048028094051387686 0.027628246907923336 0.02210968770370669 0.056109514011473925 0.03218888677112625 0.0358958103563665 0.044299008932475646 0.0731922316410471 0.02015659985474674
 0.09921679558834545 0.06352055063030239 0.05260536428456728 0.014813756692833866 0.06703424779333719 0.06710159497718088 0.06643634558128385 0.06433578114638741 0.049011255550604274 0.06756788939442514 0.028545098948479206 0.021683056983681163 0.08805951358037678 0.010766275643161134 0.07516372653987614 0.07796496046913033 10000.0 0.043137763092173674 0.06089992568322443 0.029292607309451584 0.11144703022194367 0.08507868422304095 0.07095940425305287 0.055445704146452446 0.060977600212383284 0.08632445042889494 0.05287621230489211 0.0708244223919147 0.08310540079829452 0.008354182248181694 0.051398021627674734 0.07681383860282441 0.05111625129467531 0.0795794573170141 0.06745548353078225 0.09284529537575564 0.03722701110847122 0.05072201031088033 0.06057071591878124 0.05837459007838709 0.0806757312538235 0.08540841736357553 0.050495052575820785 0.07669055374211835 0.009426220986427302 0.08233342665395778
 0.07478707147053425 0.020543430205789744 0.0719950441046798 0.028364146837275277 0.024150116304692583 0.023989949600271607 0.02333748829292165 0.0780087390475056 0.027945243278948474 0.058727114213088835 0.05993029313237475 0.024805182744715656 0.06748872514153663 0.051704830617442826 0.05477649178685487 0.05460132101198709 0.043137763092173674 10000.0 0.021725394991482194 0.02525681485135346 0.09490561673323003 0.08227872145403964 0.06481712243829933 0.05867004444773468 0.06326709136112867 0.054310270813550804 0.02159483689532872 0.050705256495674395 0.07510432531811903 0.04310412589173671 0.030171345497460436 0.050923956659933385 0.03589858570626212 0.09108328785328854 0.0729470115271415 0.06890181345210511 0.0675606278951153 0.06009781624502461 0.027858683630783095 0.03291566453299717 0.0873465544128352 0.07745640635358779 0.01874941992172914 0.07821925040419664 0.03406948273489202 0.0687874722370915
 0.05596268246718422 0.018387351473555098 0.07547142417451393 0.046977280979531966 0.013007021533558214 0.018022029401123497 0.017985517071263387 0.0778898138074985 0.022827356318916234 0.04982026831275019 0.07068508549986734 0.045649757246003196 0.05092922376331629 0.06759239412244383 0.03984289602454544 0.03796884447136459 0.06089992568322443 0.021725394991482194 10000.0 0.03501526101133436 0.0784578908144368 0.07332100020505189 0.056328881592474046 0.05642620730238433 0.05959310651740665 0.03348845659708817 0.012180830728859273 0.036665199208584714 0.06423386426579852 0.058598512669339284 0.023259917124564683 0.03334291972513037 0.030264404766980522 0.08851086151171317 0.06936258962348886 0.05062228738054902 0.07679735563492032 0.060711476124424645 0.011146034149973559 0.020638939769244927 0.08268532363798052 0.0663585057470029 0.012560439178096705 0.07191785764438192 0.05276740409819719 0.05573366806243381
 0.07053666480058787 0.04399642161195664 0.046906259180753467 0.019837220121820865 0.04449797505751534 0.04659094859359908 0.04608096417070455 0.05391216096030607 0.01971864839617039 0.04275084884486765 0.03611392988626814 0.025614954845006917 0.059996242749516454 0.03356697316720386 0.046802893893468624 0.04912068951085866 0.029292607309451584 0.02525681485135346 0.03501526101133436 10000.0 0.08503995531488073 0.06412446381510606 0.047628433110097235 0.036694130710703994 0.041964372152943116 0.05710360416949005 0.024821350618364685 0.042379734259007366 0.05941549857782883 0.024716608715123257 0.022123598355556495 0.04764738793340591 0.02268770013731323 0.06784645068382807 0.05095330823131494 0.0641643849148398 0.04303685191041665 0.036265080433407655 0.032132608517984586 0.029087269263874473 0.06546940117524426 0.06182590046821186 0.022991386564430012 0.05796603696484941 0.024118676111706303 0.05626918815552891
 0.025626457545677616 0.09632230106907443 0.07901934497051732 0.10486459388106555 0.08902129483983297 0.09476702656917745 0.09500256329950013 0.06849703721517303 0.06859812573748644 0.044049073398901836 0.09795422893469795 0.10986221860593491 0.02761500633024144 0.11043679162345722 0.040163916616907255 0.040662271046107444 0.11144703022194367 0.09490561673323003 0.0784578908144368 0.08503995531488073 10000.0 0.03635023021546874 0.04197934784908089 0.059680812713747575 0.05534093261149904 0.049947043366098585 0.073367164383704 0.044375685127857945 0.030952099020751675 0.10410668439791101 0.06599507764383951 0.04511504933666372 0.06269396385687977 0.06378898647382633 0.05547132805935931 0.028844303741152447 0.09667768249450887 0.06740719789375581 0.06829036396275467 0.06200816607866404 0.05413073117220761 0.029308679231618943 0.07616055939043177 0.04631335855967951 0.10870639888468689 0.029114196528755562
 0.045250820394161374 0.09137356959508258 0.043913582348386646 0.0824735106617086 0.0861272378627558 0.09134266701256423 0.09129855500992119 0.032416858347745964 0.05453543986482713 0.02380636999668769 0.06596100426833432 0.08960519370271408 0.035030367793092744 0.08149316287838909 0.03674430635394669 0.041375439376367965 0.08507868422304095 0.08227872145403964 0.07332100020505189 0.06412446381510606 0.03635023021546874 10000.0 0.017486339414675426 0.02963542960342537 0.024138356599099613 0.05889972513928936 0.06355272229745766 0.03808909636519135 0.01096026188027032 0.07695133118827334 0.05262334054091828 0.046312818237103814 0.046397335944593346 0.028209099083075968 0.020355268502889365 0.04251989246408911 0.0630147392906969 0.03546503802795476 0.06222464619264736 0.05278617919802217 0.018428651349937274 0.010200016508261339 0.06548751647036356 0.010343968952228739 0.08486550491136632 0.021840147295004487
 0.04001995775413353 0.07418259368767362 0.039386934375199134 0.06665959733196272 0.06925129407152965 0.07432860611009633 0.07424969071174804 0.03223106036105664 0.03704920545683024 0.0065089882194711325 0.056006496220378205 0.0732412249428796 0.027491468571715118 0.06890596004703517 0.023169768717951532 0.028456505357497105 0.07095940425305287 0.06481712243829933 0.056328881592474046 0.047628433110097235 0.04197934784908089 0.017486339414675426 10000.0 0.01777442979139206 0.014097383840044234 0.04651263104537768 0.046190756795396797 0.023021481857422612 0.012151047343024758 0.06319216337882742 0.035155160302509224 0.032649423182222866 0.02892298137377622 0.036091684297125476 0.0187767901596786 0.035239993146520786 0.055218102669197036 0.025775716053450373 0.04534117232729151 0.03569710163355653 0.028031206520703324 0.014485502345790142 0.048053874325713 0.016340927436280534 0.06959889768772407 0.014936303454261333
 0.056107049585093174 0.0723953939413683 0.023742636235347375 0.05361900107478714 0.06924274693675028 0.07349918966965652 0.07325025480879911 0.021689515771474516 0.03391229683354638 0.018037981421928917 0.0382740155680162 0.0613723940925836 0.04334883679036528 0.05214671314073778 0.03499555926364091 0.04016410090751247 0.055445704146452446 0.05867004444773468 0.05642620730238433 0.036694130710703994 0.059680812713747575 0.02963542960342537 0.01777442979139206 10000.0 0.005583846942053925 0.056988834131118285 0.04457897211855593 0.032695192102027225 0.029111686228190704 0.047320304628440536 0.033170456570730464 0.04284347273923704 0.026166319324528037 0.03263774331967005 0.014366692338656374 0.05063502295208813 0.03757637681564853 0.008286342323911901 0.046748778421784216 0.03717210183960537 0.02889159872195118 0.031175527630183945 0.045429807013756034 0.021721362791219716 0.05556389314665854 0.032280508371729986
 0.05376695826735576 0.07613509606863351 0.02541574709507217 0.05916195535846364 0.07253478192420945 0.07701739993866057 0.07680808857015156 0.020220443645030655 0.037551741586109 0.0162389315879023 0.04287252019016873 0.06683689533732382 0.041076015770197184 0.05745101146760985 0.03425676818294532 0.039578768850205434 0.060977600212383284 0.06326709136112867 0.05959310651740665 0.041964372152943116 0.05534093261149904 0.024138356599099613 0.014097383840044234 0.005583846942053925 10000.0 0.05705822568225638 0.048035865453337365 0.032614781664510754 0.02447099159885989 0.052822395472629124 0.036500658039878016 0.04283442678903792 0.029468673223572897 0.02892037298199771 0.00985886039586482 0.04864375807045232 0.04137856236043516 0.012096227668823276 0.04945821037242579 0.03968303644540247 0.02408040859772856 0.026387402277073847 0.049144330477977845 0.01617819390740282 0.061145916229006246 0.029020756288285064
 0.024781211572204944 0.04906397875503291 0.08052442066496379 0.07462821452237407 0.041085662313926886 0.04673179665328049 0.04710476867500842 0.0772382443608069 0.037495961249266345 0.04141425682425483 0.0863453675999358 0.07592058601786446 0.025719684176055097 0.09011052223438945 0.023347918120037527 0.01807003154106516 0.08632445042889494 0.054310270813550804 0.03348845659708817 0.05710360416949005 0.049947043366098585 0.05889972513928936 0.04651263104537768 0.056988834131118285 0.05705822568225638 10000.0 0.03475913394509273 0.0244471412307872 0.04798925470162587 0.0815581608812642 0.03533072486271426 0.01422421956078882 0.038043044638697385 0.08259009749365477 0.06476131982099778 0.021268286858916952 0.0896933049753756 0.06441964181823882 0.027130152461573753 0.02811997267950438 0.07415090324231208 0.04925952424607597 0.03763750242066159 0.062343816058006214 0.07998015826904444 0.037159840571548315
 0.05342918908644424 0.028244646841578437 0.06329127262394406 0.04019728978498143 0.02469128588245498 0.028982540068847852 0.028773872222026924 0.06589523474506705 0.010729205488410887 0.03975855910712113 0.059450874429031915 0.04117629528522431 0.045901765310169845 0.05829622047793556 0.0333153380295851 0.03300875276970334 0.05287621230489211 0.02159483689532872 0.012180830728859273 0.024821350618364685 0.073367164383704 0.06355272229745766 0.046190756795396797 0.04457897211855593 0.048035865453337365 0.03475913394509273 10000.0 0.029381239918965255 0.05527909893602107 0.04935998525888077 0.011546473622030729 0.02945221952144923 0.018567437046991583 0.0769284108327368 0.05787262409858247 0.047436857793639556 0.06516359510453332 0.0485879270995134 0.007794735230786595 0.011574503555363946 0.07154065181314849 0.05754103741521767 0.002981217346470847 0.06116456681577586 0.04573753705716653 0.04796512152548787
 0.02841390791877837 0.05505140683370449 0.0563772414317749 0.062034631180072505 0.048943014472658794 0.05442857180664154 0.05448308388093095 0.052809871530505585 0.024391465224111737 0.017279116396697908 0.06502005662724608 0.06610384865919604 0.017736250630113245 0.07226493008541926 0.004440338554451956 0.007941850928251863 0.0708244223919147 0.050705256495674395 0.036665199208584714 0.042379734259007366 0.044375685127857945 0.03808909636519135 0.023021481857422612 0.032695192102027225 0.032614781664510754 0.0244471412307872 0.029381239918965255 10000.0 0.028086117637598093 0.06454808216915892 0.02175117120724162 0.01022363690410997 0.01976555918860215 0.05891057462357125 0.04057012806478493 0.022057954694683052 0.06719011520999933 0.04038572785375698 0.025621042581611273 0.01783155083235192 0.05105254043899869 0.030045638200464138 0.03204191468216914 0.03932906444525446 0.06649651093879005 0.019068936415786636
 0.03500524218999164 0.08251084175665241 0.04827897282276764 0.07865301021688453 0.07681800494956569 0.08219052265265998 0.0821972603365961 0.03867207969698989 0.04716037615749028 0.01678646704376028 0.06728687390907845 0.08501657584501672 0.02419469707723757 0.08088530020751009 0.026244668664765523 0.030642969266912852 0.08310540079829452 0.07510432531811903 0.06423386426579852 0.05941549857782883 0.030952099020751675 0.01096026188027032 0.012151047343024758 0.029111686228190704 0.02447099159885989 0.04798925470162587 0.05527909893602107 0.028086117637598093 10000.0 0.07531289275297995 0.04497789558968932 0.03567551956981063 0.03943730954430633 0.03773248697377084 0.02510088239283982 0.03181297786008964 0.06573761241893597 0.03656612314349833 0.053087866837586525 0.0440545034354605 0.028191801831403865 0.002415239617360301 0.05747493931036501 0.01742258951240251 0.08169655928409679 0.010880978262437354
 0.09294957183042167 0.06363525891006984 0.044497822865903564 0.016703558122913496 0.06616916656152473 0.06695196865664438 0.06632832575228913 0.056046545618761545 0.044064124930785986 0.060095070951407585 0.02149500226848521 0.025496828494928923 0.08144698600383915 0.008995857159526824 0.06880032917711812 0.07194203733559401 0.008354182248181694 0.04310412589173671 0.058598512669339284 0.024716608715123257 0.10410668439791101 0.07695133118827334 0.06319216337882742 0.047320304628440536 0.052822395472629124 0.0815581608812642 0.04935998525888077 0.06454808216915892 0.07531289275297995 10000.0 0.04626511049944455 0.07120307480649121 0.04508584109511126 0.07128791669970991 0.05913764348619096 0.086604147683138 0.030282522460020462 0.04240642115775879 0.05681112008721065 0.053439784329830924 0.07232168958738511 0.07758736517464007 0.04728042258294541 0.06843735832604296 0.013461933686401285 0.0750290102698353
 0.0489884233298515 0.03975838236545752 0.052898510539962994 0.04102476307228139 0.03609267459673486 0.040519079708068347 0.04031777736909596 0.054647503409093835 0.002655168772796513 0.028850148004956677 0.052380655728377204 0.04445974896408236 0.03941032621337526 0.05477994234992354 0.026137290640817074 0.027554509525128345 0.051398021627674734 0.030171345497460436 0.023259917124564683 0.022123598355556495 0.06599507764383951 0.05262334054091828 0.035155160302509224 0.033170456570730464 0.036500658039878016 0.03533072486271426 0.011546473622030729 0.02175117120724162 0.04497789558968932 0.04626511049944455 10000.0 0.025608832977945147 0.007039094728146897 0.06540587117946278 0.04633102292207724 0.04266402728890597 0.05703885527742572 0.037665528186462585 0.01434924814268441 0.007257712965546692 0.06001193837309429 0.04731536217809968 0.012978266088919822 0.04974958352313591 0.04589972215041904 0.038792463465532244
 0.02401719481108148 0.051318791800666265 0.0664630077366414 0.0665825307942814 0.04429185744994015 0.050000620692689464 0.05018195729398376 0.06301987851483161 0.02816216855695241 0.02729021338266631 0.07374806895680709 0.06942017524689507 0.017638408542829404 0.0793642183826238 0.009656704011712341 0.0052049126119905 0.07681383860282441 0.050923956659933385 0.03334291972513037 0.04764738793340591 0.04511504933666372 0.046312818237103814 0.032649423182222866 0.04284347273923704 0.04283442678903792 0.01422421956078882 0.02945221952144923 0.01022363690410997 0.03567551956981063 0.07120307480649121 0.025608832977945147 10000.0 0.02627402229159289 0.06872426520122896 0.050643048446680834 0.01798728909586912 0.07649191353605538 0.050404962610256385 0.02342275758738757 0.019326534276704273 0.060552540130331435 0.037285822770667866 0.0324065345181754 0.048752664884476264 0.07150809661127315 0.02530728000474878
 0.04810791028806318 0.04672615837141213 0.04651228485549867 0.042461600095151535 0.04312706951744242 0.04754877586333818 0.047340798282916305 0.04771106464979776 0.00829659787485708 0.022861494668474897 0.048351858041023286 0.04717824461912563 0.037312184947421 0.05311640267876674 0.024162081516691525 0.026883867584657196 0.05111625129467531 0.03589858570626212 0.030264404766980522 0.02268770013731323 0.06269396385687977 0.046397335944593346 0.02892298137377622 0.026166319324528037 0.029468673223572897 0.038043044638697385 0.018567437046991583 0.01976555918860215 0.03943730954430633 0.04508584109511126 0.007039094728146897 0.02627402229159289 10000.0 0.05836855272344792 0.03930617265057406 0.04173390832790823 0.0522092929032424 0.030975539638800436 0.02084382692615198 0.011943282490706685 0.05306427631759263 0.04182419135672635 0.019805485663755795 0.042982452101630486 0.046777196418848845 0.034433189606504294
 0.07273185301738193 0.1049446254772317 0.027858759007180857 0.08202473460628522 0.10145503484933915 0.10590983040319124 0.10568989018686964 0.015243713367307078 0.06637469317388742 0.04166208809255393 0.053904401397700225 0.090694587769179 0.061434354558336374 0.07277549262484298 0.059257847290012274 0.0645224440666653 0.0795794573170141 0.09108328785328854 0.08851086151171317 0.06784645068382807 0.06378898647382633 0.028209099083075968 0.036091684297125476 0.03263774331967005 0.02892037298199771 0.08259009749365477 0.0769284108327368 0.05891057462357125 0.03773248697377084 0.07128791669970991 0.06540587117946278 0.06872426520122896 0.05836855272344792 10000.0 0.01918548675536081 0.06923076651203276 0.04774626508949462 0.031621070698326925 0.0782839193593736 0.0684658827624075 0.009785864154257421 0.03784281200265562 0.07794953941516723 0.020682252174205492 0.08250535314034678 0.04772508929586882
 0.05829577168827774 0.08599096440748132 0.0236847437775996 0.0671803103852785 0.08232520169702558 0.08685002897863793 0.08664648622903734 0.013758616832830303 0.04740906702492673 0.023354841207881488 0.04606233296984075 0.07525433687337225 0.04602801799165431 0.06266052371045698 0.04149258482324321 0.046846037089313446 0.06745548353078225 0.0729470115271415 0.06936258962348886 0.05095330823131494 0.05547132805935931 0.020355268502889365 0.0187767901596786 0.014366692338656374 0.00985886039586482 0.06476131982099778 0.05787262409858247 0.04057012806478493 0.02510088239283982 0.05913764348619096 0.04633102292207724 0.050643048446680834 0.03930617265057406 0.01918548675536081 10000.0 0.053844284386598135 0.042694506214928644 0.01673350385185434 0.05909847782589033 0.04928125325904486 0.014533393305296483 0.026318622669802106 0.059002065856639606 0.010181539661268082 0.06863604777096345 0.03275884886072079
 0.006376280173348452 0.06801283177481666 0.07397676878650343 0.08359908319759966 0.060487784819813956 0.06623425595440754 0.06650707933520177 0.06744930482978723 0.04530162942666508 0.03265138716004022 0.08608268868859037 0.08699287812525823 0.007846643018854686 0.09426487485671872 0.01784308334164213 0.015112575968428734 0.09284529537575564 0.06890181345210511 0.05062228738054902 0.0641643849148398 0.028844303741152447 0.04251989246408911 0.035239993146520786 0.05063502295208813 0.04864375807045232 0.021268286858916952 0.047436857793639556 0.022057954694683052 0.03181297786008964 0.086604147683138 0.04266402728890597 0.01798728909586912 0.04173390832790823 0.06923076651203276 0.053844284386598135 10000.0 0.08737211029472412 0.058878715143894596 0.04126898589568022 0.03700573620019401 0.05988939366100652 0.03232647558700164 0.05038685052487852 0.048573266612365114 0.08826055770402749 0.021521071653635423
 0.0931503060046601 0.08700536524986922 0.02028778357768857 0.046010866118129295 0.08733551696662328 0.0896244294985963 0.08911738797700161 0.03356899968325026 0.05597096851806069 0.05532808907491796 0.008787563957507502 0.05522899381421951 0.08045161539853181 0.027776976105618117 0.07046327503097778 0.07511616627132911 0.03722701110847122 0.0675606278951153 0.07679735563492032 0.04303685191041665 0.09667768249450887 0.0630147392906969 0.055218102669197036 0.03757637681564853 0.04137856236043516 0.0896933049753756 0.06516359510453332 0.06719011520999933 0.06573761241893597 0.030282522460020462 0.05703885527742572 0.07649191353605538 0.0522092929032424 0.04774626508949462 0.042694506214928644 0.08737211029472412 10000.0 0.029442386668445286 0.07091767296282561 0.06379805656256134 0.0520545058772414 0.06750935777154918 0.06424705100977386 0.05286192822189535 0.04369464899358431 0.06985688403539353
 0.06438505385461568 0.07555657281330196 0.016137860284085703 0.05097535167668508 0.07320200093537703 0.07704738651425806 0.07673162661474645 0.017918733091522532 0.03788501972432773 0.02631800915384876 0.03081615709054571 0.05937220518223389 0.051627394370717686 0.046182888200760434 0.042953289976201195 0.048028094051387686 0.05072201031088033 0.06009781624502461 0.060711476124424645 0.036265080433407655 0.06740719789375581 0.03546503802795476 0.025775716053450373 0.008286342323911901 0.012096227668823276 0.06441964181823882 0.0485879270995134 0.04038572785375698 0.03656612314349833 0.04240642115775879 0.037665528186462585 0.050404962610256385 0.030975539638800436 0.031621070698326925 0.01673350385185434 0.058878715143894596 0.029442386668445286 10000.0 0.05181540606372332 0.04266642996145773 0.030413759944633436 0.0384765230637516 0.04898000092981357 0.02622844171745244 0.05210614703307738 0.04047240222967934
 0.04701995823169895 0.029477762620064536 0.06721466249008543 0.047991924211648114 0.023921782611422554 0.029137599574085658 0.029121599382243048 0.06840965978575264 0.014973744158497603 0.03883494367828506 0.06572773815208438 0.048810131410145716 0.04067539648967376 0.0656969500255169 0.02898611365351121 0.027628246907923336 0.06057071591878124 0.027858683630783095 0.011146034149973559 0.032132608517984586 0.06829036396275467 0.06222464619264736 0.04534117232729151 0.046748778421784216 0.04945821037242579 0.027130152461573753 0.007794735230786595 0.025621042581611273 0.053087866837586525 0.05681112008721065 0.01434924814268441 0.02342275758738757 0.02084382692615198 0.0782839193593736 0.05909847782589033 0.04126898589568022 0.07091767296282561 0.05181540606372332 10000.0 0.009844788559037572 0.07207957612365314 0.05521513109597736 0.010552775813660929 0.061112932980509536 0.053525021290496334 0.04468104559783829
 0.043210847380663754 0.038592903606126924 0.05837873102438115 0.047432348119789386 0.03360146659719931 0.03863160730960007 0.03855709353701859 0.05886123962037524 0.009390503431253196 0.029190077870246335 0.05942555177783628 0.05009712688938696 0.03472189041851936 0.06200224029137786 0.02186139405906759 0.02210968770370669 0.05837459007838709 0.03291566453299717 0.020638939769244927 0.029087269263874473 0.06200816607866404 0.05278617919802217 0.03569710163355653 0.03717210183960537 0.03968303644540247 0.02811997267950438 0.011574503555363946 0.01783155083235192 0.0440545034354605 0.053439784329830924 0.007257712965546692 0.019326534276704273 0.011943282490706685 0.0684658827624075 0.04928125325904486 0.03700573620019401 0.06379805656256134 0.04266642996145773 0.009844788559037572 10000.0 0.06224056518910897 0.04626746305778982 0.014212680983929542 0.05132433214863524 0.05251350175333202 0.036420776550297566
 0.0631837175847135 0.09977022076230879 0.03177722471972558 0.08133944836532045 0.09569134102663013 0.10042038983373842 0.1002556307061198 0.018548174105449504 0.06129504380252675 0.03409100261114927 0.05704703202538917 0.08957694097539604 0.0521466277200102 0.07496938373637459 0.050954318441103846 0.056109514011473925 0.0806757312538235 0.0873465544128352 0.08268532363798052 0.06546940117524426 0.05413073117220761 0.018428651349937274 0.028031206520703324 0.02889159872195118 0.02408040859772856 0.07415090324231208 0.07154065181314849 0.05105254043899869 0.028191801831403865 0.07232168958738511 0.06001193837309429 0.060552540130331435 0.05306427631759263 0.009785864154257421 0.014533393305296483 0.05988939366100652 0.0520545058772414 0.030413759944633436 0.07207957612365314 0.06224056518910897 10000.0 0.028167270098762163 0.07286471898327117 0.011810944981588294 0.08250567824655317 0.03846693053445595
 0.035116641769509266 0.08466391894750505 0.04973539216937555 0.08104679864678578 0.07888554731850286 0.0842884959866734 0.08430559164618111 0.03970683783549208 0.049515964024920596 0.019200215354163015 0.06925378031242202 0.08742855310353444 0.024891149882813803 0.08307789695945103 0.027984202200706833 0.03218888677112625 0.08540841736357553 0.07745640635358779 0.0663585057470029 0.06182590046821186 0.029308679231618943 0.010200016508261339 0.014485502345790142 0.031175527630183945 0.026387402277073847 0.04925952424607597 0.05754103741521767 0.030045638200464138 0.002415239617360301 0.07758736517464007 0.04731536217809968 0.037285822770667866 0.04182419135672635 0.03784281200265562 0.026318622669802106 0.03232647558700164 0.06750935777154918 0.0384765230637516 0.05521513109597736 0.04626746305778982 0.028167270098762163 10000.0 0.05976497377411646 0.01798077697032373 0.08406631658712997 0.012122033571003579
 0.05639454455142829 0.026997193589208827 0.06330640566159887 0.03755228543341507 0.024279423538746948 0.028123978401748254 0.027846848758110776 0.06650409068913854 0.011593442344392515 0.04168295401166092 0.05823892612770457 0.03828308372037378 0.04874555081157079 0.056251486443662936 0.03605281187256457 0.0358958103563665 0.050495052575820785 0.01874941992172914 0.012560439178096705 0.022991386564430012 0.07616055939043177 0.06548751647036356 0.048053874325713 0.045429807013756034 0.049144330477977845 0.03763750242066159 0.002981217346470847 0.03204191468216914 0.05747493931036501 0.04728042258294541 0.012978266088919822 0.0324065345181754 0.019805485663755795 0.07794953941516723 0.059002065856639606 0.05038685052487852 0.06424705100977386 0.04898000092981357 0.010552775813660929 0.014212680983929542 0.07286471898327117 0.05976497377411646 10000.0 0.0627167731732602 0.04314984051355647 0.05044684798695488
