NAME :TPP_input_24_5_4
NUM_VERTICES
116
NUM_CLUSTERS
24
Full Matrix
 10000.0 0.021645713988852202 0.07438994819495301 0.04779348486957737 0.08964026443931544 0.06520568072459905 0.021666704075553267 0.10943323215413836 0.07279216761071282 0.05937829229985968 0.06806801835621899 0.04420788330460186 0.030805328733854206 0.09096210976571686 0.05838117650988722 0.08224484248312461 0.053015689538055195 0.04069441041190094 0.013874740510964809 0.05025900668600724 0.09983566534618123 0.007418629599202159 0.04540771126057424 0.01334539896953154 0.07661937458936775 0.04169594565546651 0.04923956771414718 0.045642811744240314 0.08236351700020253 0.05883991666088716 0.05201468018532589 0.035499542355842996 0.07686161644838603 0.031128236430253517 0.06976013286307121 0.05756744181335204 0.06265412656600078 0.02468929314106425 0.044800064360556474 0.01862283477772867 0.09918726788849505 0.028302713305473726 0.08586421683986684 0.06013235877277077 0.015331459814909123 0.022724099463307595 0.041163781916294974 0.06732008423072665 0.024601658713009962 0.049788508172737174 0.008438436112165283 0.07861038792189898 0.0724411050881989 0.09701143292637049 0.0685389795170476 0.010954683903520963 0.0595630428167853 0.08063376714729933 0.04560517658600362 0.024329670074921927 0.06807695011868106 0.06610486926723487 0.022940688666438794 0.04451468799373474 0.0818512478411873 0.054883600566258565 0.021822285899182916 0.014854703718733143 0.04093416436956447 0.05135666927937995 0.04722930270989987 0.02752343841602067 0.0674612887488259 0.09470854652491076 0.08256631685289392 0.08384563226278832 0.05346874429605255 0.04061523040685319 0.07687324706330126 0.07369209755346932 0.029595192229808193 0.06545808121506053 0.0293553550336672 0.07017209849066285 0.07553872018786721 0.056541797136078854 0.03170829920414798 0.08179573413069478 0.08891759855171678 0.061347796336129634 0.036441537792138844 0.05172438129074241 0.055812737651425214 0.08503735212156999 0.024136911893924275 0.07803296416114935 0.07349588205279149 0.035195939923417165 0.07653197965054226 0.013364295078845843 0.03294375341535818 0.021786227506872265 0.07424581606720812 0.09822810201459736 0.009935157615629471 0.05636260806183492 0.04617142731752942 0.09489756838870152 0.10410245483588386 0.052895177241180355 0.0951236608264656 0.08963844257605669 0.08684567197067322 0.07668736160386447 0.02377605943498517 0.057563613083479445
 0.021645713988852202 10000.0 0.0814246125249728 0.06876012725789662 0.105111874317825 0.06583745992626039 0.043259512165051604 0.12370506252220988 0.07510711709080842 0.07070452253369126 0.08908498147351275 0.05235094050383158 0.05180847673899874 0.10541097459192417 0.0799782053902782 0.09674747959283803 0.07457419762298725 0.026790154252020738 0.01663569116955845 0.06761637248230905 0.11567158254770642 0.022205741979590722 0.06603747327204847 0.03384215135316502 0.09049450797415204 0.04739698734771748 0.05017318179993105 0.06721238868805134 0.0858869304752211 0.07396032197636458 0.04925713368917173 0.05271349457867809 0.074130668485934 0.05084434994435973 0.08309596914001445 0.05980656857008117 0.06614211270845641 0.016598401387964958 0.05291851666682345 0.039495973242508975 0.11141080944231048 0.007056176833558698 0.09429877847412432 0.07500884734210318 0.008855232908445889 0.027244213251980363 0.06107764723589509 0.08888657793341943 0.0280495820354285 0.06373168212225541 0.01911848728099151 0.09652526013725095 0.0756974755161004 0.10874635846727468 0.08945142677128802 0.029361001727364156 0.07322359183625048 0.09362111858367929 0.046545309274788886 0.020881173521539186 0.07443790023117433 0.07352683952663622 0.04329278341460902 0.06340723336198038 0.08033410113604154 0.07649458626013216 0.02803394158972298 0.031800075605388646 0.06245258227204121 0.07298988336919704 0.05321210915235385 0.006847470103954498 0.08788456424700312 0.10703586860591582 0.0930119343899225 0.08223239389044569 0.06681783089108263 0.042885094449294364 0.08323042544053294 0.07769939068280603 0.05095166675054965 0.08221812431799745 0.0077609794549327125 0.06927302824374797 0.0801780525195753 0.07816093936655602 0.03731760650741158 0.0779713017145549 0.10509897211297328 0.0600416041131557 0.020495032386071848 0.058565711661765316 0.07616996018079701 0.10238871872384867 0.045576165232208 0.09380902145809056 0.07407185805980718 0.05638265371949604 0.09502146924449908 0.027375897975662512 0.054534690902545854 0.03928763035594635 0.08762645253010089 0.11062474604003598 0.016829226730951257 0.06377324544274329 0.057716358039058724 0.10579119087050552 0.11942111086795028 0.0702832874821748 0.11042759636245854 0.10129439246229094 0.09578769644606465 0.07530829949317247 0.044707565040369754 0.07813438662825997
 0.07438994819495301 0.0814246125249728 10000.0 0.06647264706976183 0.044596082252959385 0.024858225935489614 0.07543392675169847 0.05348622620477342 0.017411981403274303 0.02027770452704333 0.07450825821699592 0.030228873223579526 0.08391336439223544 0.04022305490948889 0.08901230873331203 0.03534600069202808 0.08740073616659762 0.06751105142179671 0.06654069972908633 0.04418224532332525 0.05351308969703744 0.08177413641663296 0.06288665265642386 0.06629111850072238 0.02975599144392229 0.0341012576340661 0.033721004789505786 0.07498970142599737 0.014918761295721806 0.033528090187924194 0.03975664673067043 0.04804213577934227 0.0348633537953346 0.05790798781297944 0.025546119174864802 0.02477167039788563 0.018154567043968436 0.06558627629885368 0.02963358666140431 0.08015028778373648 0.036708127096346944 0.0822304154957448 0.013564187716431787 0.03235753362130767 0.08330025918413533 0.05476470363709427 0.057628147179829003 0.08460902515311025 0.053610192642517186 0.03236070826698901 0.06811330727500721 0.052999235158087445 0.0141858856617203 0.03311555696635651 0.07338655494976923 0.06453509804126183 0.02766981881615365 0.027223709699557095 0.036607347803727305 0.0607031897085711 0.007142670969764093 0.008288948843812267 0.06257716979395983 0.05194811143193878 0.03182931821469163 0.0865666203301514 0.05456483157351618 0.060518921244032686 0.08265674125445246 0.07987518299229948 0.028252647235549454 0.08750809320928966 0.06749346792877951 0.03349551794309281 0.017369611043190968 0.032806331554884854 0.02889863128136982 0.03896815744873402 0.003379756471415044 0.01132474120898747 0.06818484627862466 0.04158976353890404 0.08423022968343839 0.028518109972736124 0.008945121271587385 0.08703357619127312 0.04443844327961289 0.0397412150318558 0.04803784430391551 0.03190897835538377 0.07200979727085521 0.023055183397708807 0.06272756775234964 0.052725190198868996 0.0690150308520429 0.04005909977526394 0.023355840080591772 0.06676105855096105 0.05589294344469016 0.06102840286812582 0.07815187756219245 0.056164563565505046 0.02662777431213582 0.03657415473275082 0.06880431701806744 0.01808562539771668 0.03008412003055783 0.028450083729744217 0.05406809127654419 0.04406497710377266 0.047350134893416704 0.027000965455719055 0.01569181449731173 0.030234519443810625 0.06515533711025281 0.06519109836709812
 0.04779348486957737 0.06876012725789662 0.06647264706976183 10000.0 0.05504313013717969 0.0742337371617469 0.029104426281977177 0.07583114124903 0.0760179144639562 0.04622211780931946 0.020325531351591236 0.04824970913606063 0.028944167351476226 0.05913618662690811 0.022627302834235436 0.05183932145177001 0.021095456645573607 0.0787943641162713 0.05461933463258917 0.022359180191543607 0.06297012400208032 0.05112424511467806 0.004067172043232145 0.03492009745276555 0.04944600818891982 0.05247193496406232 0.06419678163651991 0.009592410790286304 0.08039428578948594 0.034164190620999756 0.07189982646890107 0.024361592414940424 0.08910191328951556 0.019229320614579576 0.04631866634250182 0.06632489511138376 0.06683746984013793 0.06419846882407279 0.04847260963140233 0.03556404601913251 0.07227412811708937 0.07470156916220286 0.07139553039565061 0.035652683270636844 0.06311559482119017 0.05182032157846438 0.010832068329567918 0.022686618762580418 0.05310470083764904 0.034660607669100445 0.05011558715244088 0.038077429218013735 0.07376286233040369 0.07174089508872739 0.020746331783285506 0.03966069229973024 0.03936849819233512 0.05508981471063176 0.062414449587349805 0.06028884585540186 0.06387029303118794 0.06010981225337745 0.025561915169629905 0.01487675280500543 0.09059995234183303 0.02009581940877123 0.04982972465045618 0.03821133939306714 0.020343777399157707 0.013416200758844896 0.05379946673922991 0.0750982449640185 0.020251038572924086 0.0682137221448322 0.06365107316581689 0.09235750728425486 0.03769138372679454 0.0581427724687434 0.06984280420467635 0.07299424201838568 0.018490726193911164 0.03199985929598033 0.07611479592881892 0.08063212407758649 0.0728814837840458 0.020594952048846756 0.05059866899275548 0.09504254634337357 0.05232862873187966 0.07531869228089674 0.07750373947023312 0.05382102311491882 0.009686901368876715 0.04543504159780167 0.02396040732115463 0.04455996309210694 0.08011089880852974 0.01270608429923749 0.03440590390443965 0.04327606804479123 0.02148721150315116 0.031862225869391456 0.049237454024471314 0.07099231967924426 0.052623645843634964 0.054698879502880625 0.04064980669163911 0.0722193499489149 0.06822708152406262 0.022963518619636365 0.0602699038786203 0.06588695784660138 0.07086227673683192 0.08635959486558034 0.024084251525069655 0.010404311648918203
 0.08964026443931544 0.105111874317825 0.044596082252959385 0.05504313013717969 10000.0 0.06775894382575116 0.07911809374967246 0.020885661505615452 0.06189905223791154 0.037877829126237016 0.04951191661780012 0.05679795090106827 0.08276405016460754 0.006428595847798688 0.07226185571058157 0.009792362406553146 0.07356745818378535 0.1009763435386279 0.08847632347936432 0.03990373500021918 0.010699010810196648 0.09577483946522825 0.05372422636743393 0.07711763051759234 0.016552665104210395 0.06343823518279797 0.07013927704676001 0.06444118826249398 0.05779099328030013 0.031172820735034964 0.07829723153699326 0.054180955221143204 0.07938771773506259 0.06065875894641333 0.023922032262357937 0.06436110640744874 0.059436909281995 0.0928294468079481 0.05640946270805258 0.08559713739169343 0.021326202433349022 0.10856792409962343 0.037493249108954595 0.030103959050817638 0.10327142766020142 0.07892961994339748 0.053129855821561794 0.06161802332198977 0.07882315941826258 0.04146789395558268 0.08703879003986516 0.019125161379338042 0.0586516639598555 0.02292744401329517 0.04795762091606062 0.07874835754170353 0.03243145963370956 0.017388251266547302 0.07138476226616679 0.08758383820702949 0.048662206548655614 0.04575359759042599 0.06878159429312629 0.047541420736869976 0.07631389637903997 0.07146111822804292 0.07766047835183593 0.07510737506853471 0.07538615925347497 0.06602225283971772 0.05938864780243942 0.1119363945811319 0.04235793704747451 0.019118305796003328 0.02856940924241869 0.07714992487903004 0.038761567354367255 0.0708139857496427 0.046803660457484186 0.055904277273154356 0.0682414269132943 0.024796805909373217 0.110478085550209 0.07250597356228931 0.05346111720864603 0.07101055360270621 0.07054956668384872 0.08433694376586816 0.004672120807383352 0.07370633390720144 0.1033974939341073 0.05468246059055415 0.04617425255080954 0.013234065609637085 0.07220643751678309 0.011642230018159895 0.06784353957456805 0.06359329843974644 0.023720249664251077 0.07845840232490132 0.07531261351030555 0.06786313346937208 0.020109634176299383 0.020023711464508043 0.08885628187138998 0.050522626572617746 0.048637810484074125 0.02660881074294534 0.014462195254254366 0.03743929704797276 0.005525663221301241 0.021930582977974643 0.03518558640120826 0.07480893323138883 0.06971507084921101 0.04711329342468835
 0.06520568072459905 0.06583745992626039 0.024858225935489614 0.0742337371617469 0.06775894382575116 10000.0 0.07336032735004844 0.07829952876786236 0.010110013854033373 0.03362369385289324 0.08744176296257647 0.026552864539658248 0.08347242388968144 0.06413839502615977 0.09637968594211681 0.05806592354973248 0.09343559342196628 0.046522676260483085 0.05393066703573002 0.054362158660134996 0.07738731756069296 0.0724454493364983 0.07020801661107147 0.06135529656909215 0.05165820601664356 0.02492413622087572 0.016126999208106948 0.08089923741608182 0.021278552389072638 0.047869465043472045 0.01763980778447141 0.05094394335668447 0.014884427594550477 0.05987808612535005 0.04545053026108101 0.008334549377499091 0.008684496732189644 0.049239512790446756 0.026203529921307023 0.0763388019066683 0.06155850068099745 0.06484952415700264 0.0376451704260546 0.04736341052388305 0.06996159043153198 0.04270023082080079 0.06373170299477955 0.09551720658673722 0.04096595451868708 0.04103062691308809 0.057385477450635915 0.072314544143983 0.012114829258601224 0.057948091413784535 0.08664681319926344 0.057691237160603176 0.042296385258878424 0.05057052569426284 0.019850368865394884 0.04533782836349626 0.019222187723067326 0.02202722579961303 0.061345169232838934 0.05955312084199398 0.01732916376098169 0.09334791309385072 0.043400041446517046 0.05425807401705981 0.08577577903207288 0.08680438302265565 0.021171394711694415 0.07095294028766189 0.08138786705923344 0.05833082823425774 0.042113014718222944 0.019291196734432563 0.03952639974403113 0.02461714430058863 0.024340968702133366 0.015098428474035246 0.06947218220323563 0.058233526773737526 0.06675813688348967 0.0064002058643809956 0.018252378925670266 0.09423411610315484 0.03368349030911704 0.020831356989676315 0.07060893423738065 0.007475917488107095 0.052085668811434185 0.020432284046951743 0.07363261047238444 0.07375281900956752 0.06831509679489374 0.06102857569599815 0.008366102417802928 0.07013534723774936 0.07420188389567538 0.05266111283967698 0.07944146113360893 0.052941779618627526 0.04814435989133453 0.06143226743038325 0.05718141503618548 0.02074503417996313 0.033654857382222854 0.05317708262644865 0.07844010787744997 0.05543957031863651 0.07116800862451232 0.051814967599539144 0.04007168333786165 0.01246497118953562 0.0643825198737427 0.07634527353660663
 0.021666704075553267 0.043259512165051604 0.07543392675169847 0.029104426281977177 0.07911809374967246 0.07336032735004844 10000.0 0.09985360170269962 0.07877118381437934 0.05681649954947561 0.04857069480328967 0.04789299033628974 0.01074841953017716 0.08182170897989587 0.03672159134023381 0.0734625768959008 0.031350066061791367 0.060262690154584395 0.03302054206274571 0.03965070292778828 0.08841114327322874 0.022874738431758326 0.027905422097516352 0.013404141378840788 0.06905812536047011 0.048446488953849266 0.058953697944182946 0.024790349128939643 0.08649547158810127 0.050977070365761865 0.06426265119419394 0.028190323565476585 0.08701498790487598 0.019106274508112423 0.06345891680518576 0.06506730300450132 0.0684264508453656 0.04413833540941701 0.048393041626803135 0.006636724750651473 0.09262728906705898 0.049969303825838085 0.08454248983184484 0.052504498349174325 0.03612761274648562 0.03635580114510045 0.026197591438662935 0.04626865929462535 0.03823472527994755 0.04495218252059159 0.02731155617101448 0.06480046968390171 0.0775447763299905 0.09115903563427634 0.049285826328162516 0.018848669172350296 0.053799659454129095 0.07402380651542684 0.05586644196133378 0.04203782567310561 0.07039587610085284 0.06745988155120115 0.012856840866135243 0.031577336929017534 0.09068496466179782 0.03323518266872322 0.03458164976314083 0.02059899658653317 0.01929605648189243 0.03005123410103063 0.052628586961884584 0.048832938090586 0.0493550584242388 0.08821124833780841 0.07907507408118034 0.09265133015039995 0.04893690118088357 0.050680047762710005 0.07846087904140098 0.07795686545326452 0.011207072401798041 0.05434375549043683 0.05099692317619376 0.07924324870819816 0.07902383339603718 0.03490401840951206 0.04112510745297983 0.09256623633565153 0.07738990996433272 0.0715025022221055 0.05696200371576095 0.05549237012393914 0.038334892204236935 0.07187606966224261 0.007037334447559714 0.06763534475111545 0.08102584195791483 0.016770057121404357 0.061830589044132495 0.02454409698720286 0.011278724475597947 0.020444168649198093 0.06753358563074989 0.09148849941470039 0.02971486231877053 0.05885181719737181 0.045355002249980896 0.09018170977606356 0.09326811819314526 0.04189323981844884 0.08461903921031295 0.0842393004527377 0.0848809977649872 0.08571448653207386 0.010440184512379732 0.03947655490669056
 0.10943323215413836 0.12370506252220988 0.05348622620477342 0.07583114124903 0.020885661505615452 0.07829952876786236 0.09985360170269962 10000.0 0.07046400367171528 0.053827329714616734 0.06864399289840606 0.07315877747573836 0.10364890583333605 0.018472621207260054 0.09217730300434268 0.027197560602687566 0.0938515110213781 0.11682798573658261 0.10714241016597295 0.06039741201995938 0.014312053897360365 0.11581260109551138 0.07459609250965439 0.09724307202621672 0.03321298359088455 0.07949014648576903 0.0841861260822653 0.08515919702893013 0.06335846909300634 0.050593401110610794 0.09165000175438463 0.07421888272557517 0.08737774725425113 0.08121514418256953 0.04064443773192954 0.07684041740500369 0.07089054291342603 0.11039930827963755 0.07268713580844047 0.10628818351767101 0.017414427727115874 0.12661574737787318 0.04204377288929122 0.049313739244306536 0.12254189336045852 0.09689655419222372 0.07396279183643352 0.08065768174282202 0.09654847366323027 0.06014085138145036 0.10622576313544782 0.03874107991551977 0.06736653046274603 0.021123772530804195 0.0670711262442411 0.09848519092180501 0.05050462285485573 0.030527748634795338 0.08609028792281752 0.10513387742140662 0.05936799547853996 0.057493697897920186 0.08921240715024506 0.06828858468347566 0.0828464747097217 0.0916286371781337 0.09582321023655128 0.09470890994239714 0.09617131818847759 0.08644589782256737 0.07467840722719227 0.13046118394951542 0.06188471291890218 0.020002305727218575 0.03619302183195618 0.08320750770941555 0.05689737700370495 0.08647392412904954 0.05456159701272723 0.06430810739949674 0.08905016985055694 0.045518476081460556 0.128572299347484 0.08185965091973547 0.061346722203488954 0.09106280937246881 0.08777806981015315 0.09145291101032675 0.02363479719210415 0.08513622855801638 0.11998081951883312 0.06946342749315089 0.06679816205301907 0.03165980628014729 0.09290419152677 0.03221862483775765 0.07624871890494235 0.08446273641857922 0.043168558420662875 0.09770602176295352 0.09619821138910696 0.08767119952987577 0.03613918284389717 0.017183971618714055 0.10788275743325985 0.06462956109944788 0.06616354298774871 0.026379426389417336 0.008956896647730457 0.05802214146025921 0.01556123882342369 0.026487935959625536 0.03941467140536545 0.08260514065751676 0.0902926372710034 0.06756203642006155
 0.07279216761071282 0.07510711709080842 0.017411981403274303 0.0760179144639562 0.06189905223791154 0.010110013854033373 0.07877118381437934 0.07046400367171528 10000.0 0.031770602658119096 0.08720464748848133 0.030890959604225807 0.08843436682042415 0.057632439956399904 0.09855222026581349 0.05249382800829482 0.096107844496695 0.05658847562792781 0.062356229595375144 0.05478730174109645 0.0709242928251339 0.08014943874664811 0.07210797987368085 0.06755394035397458 0.0465584311637032 0.03128238875789153 0.024940538783797626 0.08349559061260953 0.011190841859674032 0.046354904543247304 0.02768600262399019 0.05412327210467289 0.01748870613829254 0.06362994134801768 0.041323196777260054 0.015472380509757435 0.010379064394085457 0.05855204287321709 0.030406281282701616 0.08236817648777782 0.053346010898096576 0.07447672269555544 0.02884645935015297 0.04554485886791175 0.07873085616920726 0.05078333284578998 0.06599723097267943 0.09622566638371224 0.04918274865152318 0.0415683372255073 0.06532635163273647 0.06886918760523722 0.003247518784393607 0.04966163763168868 0.08625748938571647 0.06444950481362265 0.04044733943593142 0.04451096124572647 0.028606612134469626 0.0543733422907805 0.01411091569056115 0.017890106510740817 0.06627984315057416 0.06114269641693252 0.015493421030891831 0.09572748024038868 0.0512277820353793 0.060764493887221174 0.0894819387528224 0.08906545933604426 0.02629089800937304 0.08045009741950984 0.08066575037847679 0.05047980016008997 0.034640353307956576 0.016926265113407446 0.03919269057341035 0.032823596215590146 0.015904002921666268 0.006169333714942406 0.07364559341424107 0.05594398789457353 0.07641009421529645 0.011492382499652147 0.009149101781805316 0.09645548108127654 0.04109427889379596 0.022621030880192464 0.06519391324843465 0.01749419901076316 0.062058728431871615 0.023452360781303944 0.07412148610815128 0.06934916334596329 0.07317997141697753 0.056569462251694375 0.005949676714179647 0.07355148357258422 0.07129976321686024 0.05981333512991655 0.08374657701403677 0.05839435405717633 0.04322239166658146 0.053360117338708796 0.06537470881418746 0.0213703222372438 0.03574216222107408 0.04467106306168712 0.0714255122794173 0.05539919514258506 0.06475723552058392 0.044089122670329224 0.03139694047391545 0.012962909744583745 0.06920974568086367 0.07676379893334322
 0.05937829229985968 0.07070452253369126 0.02027770452704333 0.04622211780931946 0.037877829126237016 0.03362369385289324 0.05681649954947561 0.053827329714616734 0.031770602658119096 10000.0 0.05553634128147433 0.019344104528393823 0.06457872433054164 0.03629181611473384 0.06879712508177203 0.02828326149809976 0.06712395710997313 0.06334815860279534 0.05444979490457536 0.024011089054024885 0.048443394589068586 0.06648875539578289 0.04261166981346708 0.049320235131206244 0.021476108971013614 0.02579701112425054 0.032483656730730844 0.0547171973344712 0.034332892539448566 0.014593755527064543 0.04086827285982304 0.02875001013446091 0.047709765703503125 0.038480018484284985 0.013957062361171042 0.028094097149809635 0.024971784737089768 0.05668924162899664 0.018886805802631284 0.062086526293224996 0.04070831074274919 0.07309363559287796 0.02772683163358975 0.013871058484109942 0.07066816926807652 0.04353410517036396 0.03740286191376196 0.06500098300430134 0.04300102345282867 0.012297840016234672 0.054525996819723206 0.03888894241415694 0.028988307173577664 0.03812182221019226 0.05454856281820059 0.04872668953299296 0.008755086738979833 0.023308700821134773 0.03353006457856587 0.0514359871180468 0.018217589348123397 0.014305614287241156 0.04409143668356105 0.03167264491039865 0.047206844007982245 0.0663096492606318 0.042672403623833934 0.04467278300935031 0.06258275729134488 0.05961398795554529 0.021511088688488694 0.07732798085694256 0.048906109435914245 0.036333376818902016 0.023197807416755433 0.04869490100203413 0.008641564822086615 0.033033732219678355 0.023636463842019336 0.027579116934825947 0.0486687882363552 0.024627126492486735 0.07507288630524311 0.03955232752730757 0.026973662656242285 0.0668014305514712 0.03403746126140283 0.053466110620196544 0.03961161080934489 0.038020621456328 0.06620791802318535 0.016939350692967307 0.04293992096441916 0.0410999304804142 0.050090989689961035 0.028827933993529706 0.03692678168032307 0.04679982695880046 0.040593481537152656 0.04644227950490858 0.05845985677650696 0.0389872338458716 0.018067166783041974 0.03992290487071946 0.05579880793957828 0.01349581067934138 0.013283901197645791 0.03558946449232584 0.05102338451995751 0.02413159063608531 0.04246145137311799 0.030667025916431223 0.028163151463002477 0.04391019342294898 0.04638694414594338 0.04549733050837519
 0.06806801835621899 0.08908498147351275 0.07450825821699592 0.020325531351591236 0.04951191661780012 0.08744176296257647 0.04857069480328967 0.06864399289840606 0.08720464748848133 0.05553634128147433 10000.0 0.06326838886051468 0.04593691050928604 0.055101192847058604 0.024314396518286707 0.05006740994329933 0.027409003682822928 0.09814443899320087 0.07477297973562842 0.03314649242482931 0.05452546802642917 0.07110224222137705 0.023279250199373568 0.05524561321283949 0.050389841751979095 0.06855748869585455 0.07993166198612947 0.024455525646071133 0.08930524913986568 0.04114728052792825 0.08816656081189196 0.04185956611947058 0.10220016364418053 0.039029674967635736 0.050316216991440336 0.08020466506478169 0.07927003987254581 0.08404240704988596 0.06334793787232156 0.05471647333475634 0.06987723762325317 0.09499598979827857 0.07589067291810385 0.042201804620083536 0.08337275052759462 0.07115807371614812 0.029279200207886567 0.012106538816255709 0.07227869203208115 0.04641633534075713 0.07039325025102514 0.030390369253426024 0.08450499242615576 0.0704032196210008 0.0015729149483063216 0.059938607130605365 0.04710786426981416 0.05595704562560038 0.078751417639848 0.07990135007881556 0.07372684152904281 0.06980421219905647 0.0458534283517405 0.030066248059807114 0.10251085373790111 0.024730245479341006 0.06920081495364673 0.058317749222334875 0.03465334311319917 0.021772350272418802 0.06861581755484916 0.09541804267456852 0.007490510277753423 0.06654013154057387 0.06692115728814324 0.10408222713293948 0.04814629887934252 0.07505491046472502 0.077830547119501 0.08309011312960034 0.03857295362778415 0.033577347683602946 0.09642511672450522 0.09375876543505997 0.08225916795168926 0.023700532312438845 0.06859928659109969 0.10810981712632163 0.04556528180718252 0.08985176517586427 0.09727021617471324 0.06732747188047801 0.014655650105057445 0.03704814465689892 0.04407173734738222 0.04202527554746862 0.09207429378908558 0.032880475084581695 0.025800480900072136 0.06334464648619342 0.039180456966485915 0.05163581810748183 0.051608151066005026 0.06853468496807202 0.07289144054686628 0.06683402085540179 0.05435041483238769 0.07233776951373413 0.06003350649707979 0.03201702472982698 0.053778911261658846 0.06616158005491833 0.07468319269459132 0.09884062760876347 0.044404114933865375 0.012021870996289312
 0.04420788330460186 0.05235094050383158 0.030228873223579526 0.04824970913606063 0.05679795090106827 0.026552864539658248 0.04789299033628974 0.07315877747573836 0.030890959604225807 0.019344104528393823 0.06326838886051468 10000.0 0.057570808863188765 0.05558556789712445 0.0700547978351697 0.04740299449431103 0.0669531445642389 0.04417943789371292 0.03670739534774356 0.030452518586377885 0.06745878415541341 0.05161016195954357 0.04418755944578592 0.03709085271892519 0.04065663424216744 0.0067071480017755905 0.016743856859250537 0.05446498896057065 0.038976195967055836 0.028411047942699073 0.025213463636631298 0.02446112633492289 0.04121138192934509 0.03334086699942854 0.033054451569023015 0.01833047162457263 0.020587111965731864 0.03760881396809861 0.0005957128674658833 0.05168434748146131 0.059511982234729484 0.054184806810680664 0.04230513460276728 0.02869060062995036 0.053388026182646826 0.025158560329755802 0.0375493445924738 0.07018851118811949 0.024315783228663658 0.018425495837838594 0.03792034597668431 0.05455828718121825 0.02968789331515725 0.05665876557015794 0.06268759125156916 0.03466037592530147 0.024811283256833808 0.04263166655207538 0.01620223411135325 0.032399825409636325 0.023888656174127866 0.02196924652227051 0.035400121947193275 0.03396800539896438 0.043662297459318065 0.06695190684619416 0.02467477704941335 0.030736679049037353 0.05925970533000582 0.06047471131820401 0.005552986817468082 0.05878943100211007 0.05802313870409252 0.05524528795531715 0.0406898802618261 0.04556106459303434 0.019160966767723855 0.014220322047419227 0.03266541510881 0.03031392677132475 0.04306655270798984 0.039097895808903924 0.05618051817643246 0.03285873414326582 0.03175068436321223 0.06789563344082175 0.015086168846332937 0.04710398465773853 0.05807124668365505 0.027072846228057827 0.04686842731019525 0.007741268889524203 0.04886929148344201 0.05822066195602464 0.042319672402961375 0.04684742514727679 0.03353736815804518 0.043582484577730146 0.05511062670687196 0.03084473666620827 0.05311082927069101 0.027575305042627944 0.03733782636840584 0.05882597913622753 0.038714947945758825 0.012159629405733017 0.009562262342271826 0.053491773496509305 0.07026600575226255 0.03219444348841814 0.061589025103437556 0.0492454156136603 0.04361279138635047 0.03898652348380588 0.03835172650262415 0.051602155221431134
 0.030805328733854206 0.05180847673899874 0.08391336439223544 0.028944167351476226 0.08276405016460754 0.08347242388968144 0.01074841953017716 0.10364890583333605 0.08843436682042415 0.06457872433054164 0.04593691050928604 0.057570808863188765 10000.0 0.08615273941963107 0.02938252262722249 0.07816267515720854 0.023796378566220158 0.07056132434228041 0.043203369505764984 0.04483489750144687 0.09135537003846621 0.030046644064348257 0.02925133715512564 0.02414550078892082 0.07446364673131328 0.058635054115497055 0.06939686676120589 0.02155787192010527 0.09566552903625879 0.05686982871994615 0.07490856651164174 0.03591425406187692 0.09734735333100869 0.026101703137857795 0.0695880742317911 0.0751483031796264 0.07815786354630261 0.05438529431767958 0.05804000249327633 0.01231490830001846 0.09801844904162796 0.058739191906787815 0.09213582840639797 0.05843753911379705 0.04392921687293537 0.04709555724382596 0.030038043021512036 0.04108786552077236 0.04897914836786057 0.05237826082762351 0.037399000925321835 0.06679347758710215 0.08703298359063982 0.09688887772800744 0.04694029906866924 0.029526433624127452 0.0604810120530421 0.07974137648930137 0.0663909100583638 0.052561677760173696 0.07930633159036372 0.07616182820307084 0.02218144310691303 0.03613012882125755 0.10079837830952468 0.026192968940350385 0.045328507881636 0.03134094115789725 0.012051993335598492 0.024977730655966146 0.06252515552889717 0.05678202705079786 0.048334709435650866 0.09370150687157919 0.08597539465879915 0.10275011271182341 0.056291846611692314 0.061228268404496355 0.08705151682013183 0.08724892223907302 0.015965074136996993 0.05841944786350645 0.05955995154744863 0.08945837003053525 0.08811374583809226 0.02791927892744847 0.05171715036785335 0.10296021471288147 0.08049685770333768 0.08191214136143352 0.066938868400636 0.06501528419928504 0.03862999414488859 0.07410084037448104 0.015254397731009338 0.07164057313640552 0.09097164484347227 0.019343925506006443 0.06328611218134322 0.035255182633956494 0.007517756545298494 0.03059633157443251 0.07336726700188632 0.0968152689617336 0.03969179236731546 0.06801523182652415 0.054051311192997505 0.0964103705999578 0.09647145547462592 0.04670526285794238 0.0881614754542065 0.09027890287545651 0.09224537560093818 0.09588561793091853 0.019224645326755465 0.039047624735267995
 0.09096210976571686 0.10541097459192417 0.04022305490948889 0.05913618662690811 0.006428595847798688 0.06413839502615977 0.08182170897989587 0.018472621207260054 0.057632439956399904 0.03629181611473384 0.055101192847058604 0.05558556789712445 0.08615273941963107 10000.0 0.07732237955285429 0.008728358804966661 0.07832714460234827 0.099633841561073 0.08881671135507567 0.042211896385339676 0.01329778912477284 0.09736247697354174 0.057475098378193916 0.07881752063718411 0.015027153768119677 0.062088409958518324 0.06785724526511572 0.06865730962819365 0.052737847399442414 0.03212322442576509 0.07576169467320719 0.055792660670778024 0.07508024691330181 0.06301447281381173 0.02261380764131335 0.06140506029273393 0.056065066912253526 0.09242811866710207 0.055148735616061546 0.08818412760482382 0.015059170653839217 0.1084909870646114 0.03194666435761962 0.030841535726499787 0.10410466479445041 0.0787627293620842 0.05621659976314868 0.06718325204539417 0.0784972240821625 0.04174278894318837 0.08779444123019951 0.024878113379382345 0.05439861921699317 0.016504702996322198 0.05356464321927318 0.08001328639824437 0.032192248426665335 0.013719284334460156 0.06940349036739243 0.08716203461546729 0.044919805957347805 0.04234078795367056 0.07091082971669087 0.050361267115359556 0.07161928543791142 0.07633246012687166 0.07762500919151881 0.07623696484346629 0.0794088477594725 0.07066538224798669 0.05762590013840048 0.1121904518489787 0.047813153439818866 0.012689851097316662 0.023460682502570277 0.07234818630546516 0.038603431753599815 0.06929117953684187 0.04214877023213838 0.05153640558278821 0.0711855370640548 0.02773416396295193 0.11043359077128585 0.06854505252417534 0.048925353715751865 0.07597622521812776 0.06989404205492683 0.0798272179468812 0.011100607686415824 0.07042348694771387 0.10244070730015455 0.05264162627413373 0.050658688591424805 0.01952412442372573 0.07482939453721936 0.014597595791623653 0.06357846516150208 0.06684326997279398 0.029451287877274815 0.07926229513946491 0.07878535886238326 0.06920428990905596 0.018248035941956234 0.01373473762310554 0.08947915940893308 0.048134852828203824 0.048094130628716265 0.020238228648719842 0.014791747532741182 0.039928852658444446 0.0071336599863249936 0.01588958930379384 0.029530131252200206 0.07042411284738459 0.07209301032815028 0.051829312881575454
 0.05838117650988722 0.0799782053902782 0.08901230873331203 0.022627302834235436 0.07226185571058157 0.09637968594211681 0.03672159134023381 0.09217730300434268 0.09855222026581349 0.06879712508177203 0.024314396518286707 0.0700547978351697 0.02938252262722249 0.07732237955285429 10000.0 0.0711107218100815 0.005587181654885146 0.09524467857467311 0.06878849885861202 0.044831900417629085 0.0782852979387455 0.05897200329401147 0.026454062235616894 0.04803551358360988 0.06990424806467967 0.07364014135485908 0.08536472005242828 0.01577143976545595 0.10301439518247187 0.056219324157805506 0.09259594019558726 0.045638825734996016 0.11119159324512823 0.03796034893709679 0.06781958601085691 0.08832358196431943 0.08921718270003169 0.07953174949329855 0.07033281603545684 0.04108175743515852 0.091522868210488 0.0866814413731273 0.09332401874698129 0.05763875486549074 0.07264455162961864 0.06913016307689449 0.0326730000380836 0.014233058950679717 0.07072703403876746 0.0572846630453346 0.06337172221134879 0.053462980731883554 0.09634517764578447 0.09151289824467204 0.025826530107742548 0.05361792443248406 0.06167696360941362 0.07562042465466223 0.08321614793178461 0.07654272214869015 0.08649759549091034 0.08273449555934345 0.04083604316897384 0.03746737272697956 0.11297690274074283 0.0035590765395954365 0.06714713053911407 0.05367388267572876 0.01765735745095218 0.009580690246491145 0.07559589440012889 0.08544194222345013 0.030362889226752177 0.08778405459056095 0.08516450829033848 0.1147638118686491 0.06030106231738888 0.07858421316899025 0.09238776279771882 0.09561319497129411 0.03125150536333296 0.052166789600238586 0.08771832483251395 0.10276081974629038 0.09550749488545568 0.0021768365914055276 0.0701602367655413 0.11711203670228827 0.06869969747658618 0.096974886315185 0.092739062658875 0.07605735222420017 0.027597067718712894 0.06053946956801857 0.03569163797803001 0.06326595192414888 0.10251640480707702 0.027810872866760067 0.049008884777575375 0.05858666399107716 0.025443864603980074 0.049221094613087796 0.07024465601765924 0.0901961191647854 0.06587179313386399 0.07719868992837108 0.06299786029517017 0.09265542172367615 0.0837776505651981 0.04514245006392444 0.07694453952838133 0.08632146488883785 0.09260462673578138 0.10862962312714694 0.03814400484505346 0.02582840168353358
 0.08224484248312461 0.09674747959283803 0.03534600069202808 0.05183932145177001 0.009792362406553146 0.05806592354973248 0.0734625768959008 0.027197560602687566 0.05249382800829482 0.02828326149809976 0.05006740994329933 0.04740299449431103 0.07816267515720854 0.008728358804966661 0.0711107218100815 10000.0 0.07167786054635546 0.09156024554962201 0.08014135753139347 0.03381187594160446 0.020174421116971528 0.08867104484898193 0.049874515393680284 0.07015205591577056 0.0068222093848609045 0.05398979418789115 0.06040373485612134 0.06142355163112713 0.04907690603601468 0.023412578103062857 0.06852680079435337 0.047133489387010154 0.06996595920685714 0.054550528145295235 0.01435941601950204 0.05457033377954777 0.04969493985470399 0.08393525524285718 0.046991276191823535 0.07976575455092252 0.02049720887381862 0.0999095128749777 0.029788150128812106 0.02211712302943627 0.0953815593970115 0.07019112303905926 0.04813833550753865 0.061967272242184485 0.06997166829941603 0.03304458817915322 0.07907368417263859 0.02125301224576971 0.049248955390179254 0.02045106205615438 0.04859187417033148 0.07129429733170159 0.023566792594561833 0.008330247989734257 0.06171910956046911 0.07867300045776932 0.039046339985900874 0.03604239860895171 0.062355435252617934 0.04216035250982591 0.06716845477895389 0.06984611868464116 0.06901899789259763 0.0675115474847427 0.0719374334143979 0.06390748346688949 0.049776824082774646 0.10353673406249136 0.04260571241197687 0.016677102938115446 0.020417530185533474 0.06809438408208239 0.029977854200705208 0.06130133219282173 0.037763981066628066 0.0465849457396808 0.0629676885642664 0.019924772888863424 0.10184447431976223 0.06292379654816993 0.04427570060837281 0.06962807495711477 0.06147585610655984 0.07503438230784504 0.012702599890580134 0.06393990618281191 0.09417273577419112 0.04498567429902385 0.04387657487248554 0.018326470207934698 0.06644759229378733 0.008042242372120865 0.05842111598889039 0.05881997310572198 0.0254605270762649 0.07053782126725536 0.07087179714241551 0.06049509294080801 0.010346016314237753 0.01919344784505141 0.08076879031185945 0.040756481103927954 0.03960399022119298 0.022355163254953615 0.022929394546786292 0.03163031515487785 0.014190613840376603 0.016384535334538847 0.02776514311585084 0.06544286376871082 0.06361848543983271 0.045331163813925594
 0.053015689538055195 0.07457419762298725 0.08740073616659762 0.021095456645573607 0.07356745818378535 0.09343559342196628 0.031350066061791367 0.0938515110213781 0.096107844496695 0.06712395710997313 0.027409003682822928 0.0669531445642389 0.023796378566220158 0.07832714460234827 0.005587181654885146 0.07167786054635546 10000.0 0.09038301285573182 0.06371273990305498 0.04341929295438814 0.08019794585657772 0.0534476610885862 0.024517015183603275 0.04301573662336273 0.06994537764344999 0.07016645369731721 0.08183356696085162 0.012612258926349937 0.10109342504215664 0.05524720737875245 0.08882881608890696 0.04249885275533691 0.10816371842678758 0.034185890476761085 0.06727373961610221 0.08527936808940956 0.08654272243579308 0.0745564979837382 0.06726626437770979 0.03554749904030801 0.09216986637176078 0.08131707829305235 0.09247854516482677 0.05672572107333887 0.06715794275078647 0.06454731973443473 0.030141848707201924 0.018813668936104515 0.06619658622999601 0.05528476860162444 0.058222048782331545 0.05513819370630331 0.09402891778024919 0.0919346557932652 0.028821442166463453 0.04863577795826726 0.060455166974988796 0.07564314901620166 0.07953036734277988 0.07172353811553113 0.08448400774535722 0.08079764453141408 0.036267446768079185 0.03547816034805314 0.11024765501306978 0.0028394467162325483 0.06258019736963931 0.048908161287852574 0.01214966245219275 0.007844208963976437 0.07245886265845823 0.07997125216265735 0.03261101267352285 0.08828530463770456 0.08463323508545582 0.11207159684369312 0.05852564929894556 0.07477893782459927 0.09076007627980964 0.09346083003278295 0.026637644511224485 0.05224946641418211 0.0823231781497384 0.09978541049680852 0.09352878109960429 0.00440651165011069 0.06611426195795307 0.114055675938224 0.07024487806188957 0.0936674362179608 0.08770191761213625 0.07326679288309097 0.02780151379844621 0.06237425598106466 0.030755637005658674 0.06400536493850122 0.09984505286469417 0.023833463190550686 0.05082268147659254 0.05374430362387031 0.020081664932177185 0.04486332772615997 0.07000137130038477 0.09085812381834929 0.06070576914969729 0.07474128262148887 0.060391784898601426 0.09276328872024321 0.08565235376901283 0.044052553498442094 0.0784486864551899 0.08641797451785194 0.09191163978117177 0.1057809605479655 0.03345649079725761 0.026499819833411598
