NAME :TPP_input_27_4_4
NUM_VERTICES
105
NUM_CLUSTERS
27
Full Matrix
 10000.0 0.02962549983887753 0.03517693749806373 0.07162720952739907 0.047995996234505955 0.05513652211207418 0.03148111002187237 0.08071269052207992 0.060323725998971164 0.06581919284294249 0.026650819738854987 0.07382752008720118 0.03925633730967325 0.06170512956286973 0.06798397115220824 0.07779124988365316 0.051534464619499044 0.0077367840243073305 0.06793632903599325 0.0283302087185192 0.07878804473250502 0.02944971336324774 0.06527501881615765 0.05658728527327484 0.01411000531651785 0.01476595992794799 0.06046828124011645 0.05790563104264059 0.031377053306063406 0.04028117880851217 0.05812558712726286 0.018140566339788253 0.033149527360661374 0.02097940758023946 0.02894636994434609 0.05199779093625907 0.07054920155291286 0.008463583683348465 0.060587787811362676 0.03893837076147244 0.061055849117766035 0.05790853434066239 0.05792768677009703 0.04298482242463048 0.0411021548495401 0.033406918120820556 0.02828689341564923 0.050690050100960726 0.06371874260069808 0.07102230249892696 0.011355146409338953 0.025039764638013568 0.033523641949073535 0.007409423959816939 0.05857796219713289 0.059093472984556576 0.07958195516070757 0.03370448553786729 0.027653082002519678 0.05472899214714416 0.05554588492973167 0.02380983378153349 0.03012971094242604 0.0607083342859386 0.09338456304493231 0.06049665418288911 0.01735069952085979 0.08036336558335336 0.027694568297069025 0.04011466355754369 0.04125654973992259 0.045925440397325136 0.011949028906112127 0.06412762634840753 0.07658479727122944 0.05126197443774157 0.05956573216610846 0.04902828870882142 0.014484677261142472 0.019977164246295868 0.05655406390225851 0.04669864788956611 0.04429534957476568 0.025516548842872078 0.04823172132686803 0.07965037417731907 0.02643146360888562 0.06462700655690097 0.07511207225749117 0.03657025416577677 0.04435219985080603 0.07614875118838686 0.06986002985136579 0.07439052519777618 0.038686586581209714 0.06553929583191662 0.06854557416053464 0.06099732307433085 0.034952531680234857 0.029226112176795105 0.0168827108075112 0.0635704183545691 0.019337645578660374 0.05951006961961371 0.08779295986834185
 0.02962549983887753 10000.0 0.009968348046573082 0.04362270829209768 0.035634755554903565 0.02585155675745833 0.012928840683958342 0.051203926704765014 0.03679946225847301 0.041508912925826154 0.007508413794876147 0.053079215263405796 0.0333029235400068 0.04490115948254449 0.04416803914209635 0.06792648228183062 0.046309860553601846 0.037286781762476 0.04344653451157519 0.05015573205920405 0.05006217562421718 0.053180339737379664 0.044476483368896993 0.03894012081056231 0.0330349381077628 0.02438746755112161 0.05725896340964482 0.044951075192433444 0.02834093298992215 0.028279100366530596 0.03984150393305856 0.047619014826064954 0.059878421433588916 0.027012577886122265 0.05692035079984844 0.023318919891315813 0.04099569517656391 0.03376452195646918 0.052088928731797636 0.05857284460596533 0.04671141374629537 0.0496168283512451 0.05555915294336349 0.025187709670928995 0.04065576318406885 0.0333223126708572 0.02546688403251695 0.024032422259458633 0.0371940668476725 0.04267094480849472 0.01836065748412972 0.028396044202065217 0.015528241702928564 0.037017141888057055 0.049174511864128106 0.034633196840749864 0.05262075933097737 0.042611174244104426 0.055273733085533176 0.03144839187195676 0.02758470816180196 0.04332217124308732 0.0553566160442524 0.03685926941438991 0.06391219846722218 0.04862833890634075 0.01833185580804026 0.06424849261307053 0.013597772118552873 0.06605921425184362 0.04647507137467449 0.045748057664993395 0.0293097622544161 0.04384411582875438 0.055950704301179564 0.04855005781810358 0.03490260519555714 0.03770113180036101 0.04409088611947258 0.013639594107015216 0.05086134879299355 0.026568477935068772 0.046533260584696916 0.021401825234907725 0.018979231526005873 0.06170193022418252 0.012260691415511678 0.041967541303579936 0.06434157293965587 0.03514938222576783 0.038199199647819496 0.06674269470060344 0.04096391499347994 0.04530126875142343 0.015239531093640584 0.036659070222425316 0.04268040863246198 0.03304853049429798 0.041444181491496326 0.03208806306648302 0.042515121507520924 0.05678767053830191 0.02625830062527789 0.03175664193723091 0.058553588808223124
 0.03517693749806373 0.009968348046573082 10000.0 0.044484423614384684 0.04451943407568481 0.02545604931250993 0.0066112885284031805 0.04874401890279618 0.02723605295900757 0.0457496519086151 0.017466108325885153 0.04322343860756192 0.04307103851810819 0.0350045831895127 0.04857776355443261 0.05853732867917451 0.038432394305259666 0.04288189490501906 0.04746726085008195 0.050591681556310775 0.04960986527123696 0.05417939898608829 0.03457987411445587 0.02903690659802269 0.034651886991380186 0.025759560959952313 0.06682484304940278 0.05333932532230245 0.0383061932597854 0.037589679964630786 0.029896409962214696 0.05326299599194634 0.06199633372671249 0.025912188978937 0.05990314193582512 0.01724983495640904 0.036799077378229156 0.03725603482434465 0.06109480055381969 0.057635742930479135 0.03702756981839852 0.040881057176920484 0.06521941922436757 0.015646762889095216 0.034573173998650286 0.04329065748041972 0.021357363955572133 0.027917929237086594 0.04000429711898055 0.04309474606758242 0.02485308044544563 0.03818166319580631 0.0078661134291657 0.04224547248017736 0.04022901094609772 0.03921504143558748 0.04463180327635473 0.05240478821589389 0.058085256997222605 0.02175231540292587 0.02958607334017439 0.04353263061856451 0.05690009750340196 0.04167067869290639 0.059044913177723396 0.057124193320120045 0.01982295186582481 0.05430505281957492 0.010087086180926292 0.06753950079998776 0.0415943855943005 0.03929140110332212 0.03745752111284407 0.05004104994222259 0.046097632782525454 0.058273047315090996 0.025641292471018994 0.04668107012150725 0.04946837377598102 0.02286603613268392 0.06026879369990678 0.01663634092240664 0.04073095960409013 0.03132618678480283 0.019583586471309707 0.05173484711345825 0.022228498333298267 0.03228554924500622 0.05487039396809318 0.029431159796083132 0.030643185773271398 0.05743483719808374 0.04053754166900125 0.03960769748978357 0.022818279518762166 0.03066870366029546 0.03401053111094962 0.025826450617556014 0.051337079759148904 0.028410593261096285 0.04507739724938142 0.0481379762627623 0.035600576728523535 0.02433314958877361 0.053075259956414086
 0.07162720952739907 0.04362270829209768 0.044484423614384684 10000.0 0.04089606132632717 0.019082069028490058 0.0510950424113614 0.01677765687134857 0.048938484972775066 0.015389339834340241 0.044978722678766486 0.0630134873846625 0.049293232054873466 0.06502431069497472 0.016857939939576246 0.0906189065916817 0.07877695489177176 0.07877351272580257 0.014701922556497363 0.09369917002993013 0.008484270952769832 0.09679848323820789 0.058030389397924556 0.060520962788394805 0.07665636896697453 0.06794703470183014 0.06158543813928128 0.04129562977331197 0.05197363361195854 0.04182096461578477 0.06001843520961867 0.08851167918339224 0.10335826584141668 0.06976210776960602 0.10007706640467665 0.032335248839708855 0.02194559664379744 0.07702334263441907 0.05115718592936723 0.10166417141563323 0.06955238483060978 0.07841593572961238 0.0618129581716959 0.05458838368393938 0.07788581857335888 0.05562695254510242 0.0658384938838549 0.02109837309495181 0.009869869586888099 0.0022471360764411193 0.06043833304528027 0.05763256634144188 0.05197653363527352 0.07892929392317417 0.0769706965877902 0.01722818995024507 0.04522674210540758 0.06771134243444651 0.09853004391982727 0.04785810262018028 0.016148340814603635 0.08678585155166102 0.09895975975787348 0.017875111955842522 0.03523665312930429 0.044277066211255975 0.061821856061117474 0.07901875501698924 0.0542510410331783 0.10965188242408366 0.08560103855233424 0.082006961562657 0.0668808232425705 0.026334066799628672 0.06505005542092177 0.057863487758039504 0.0456071232977287 0.04261089802133318 0.08550023694041849 0.05193002637395425 0.05482009010800987 0.05198646331061371 0.08408817481500508 0.051213886487201744 0.02515388353812394 0.07407071204459048 0.045794107403849045 0.052954103580091526 0.08667997761190233 0.07322721558284684 0.07229427828807676 0.09023019500054183 0.006407060456466052 0.02946480634102108 0.03342260596115206 0.02943972866015228 0.04469878180716196 0.034484839261768714 0.0648929282615999 0.07289149890242289 0.08597991236521942 0.08528185097813035 0.05981216528929836 0.03527313551908918 0.03459877581747681
 0.047995996234505955 0.035634755554903565 0.04451943407568481 0.04089606132632717 10000.0 0.03742053303661429 0.04856352911922656 0.05673096631970024 0.0670588533920967 0.02727004645058658 0.029747024826316793 0.08403177088428362 0.010617936404854854 0.0787520298558538 0.027836744625480036 0.10302895556810177 0.08190842438064343 0.052636046047978294 0.029081712950378476 0.07591021978563456 0.049346602276448256 0.07740428454027919 0.0761408552721989 0.07284662606806996 0.059340163802848164 0.053259306211080604 0.02382521543996943 0.01010139500656366 0.017378774716073762 0.008097619049614622 0.07339618624155463 0.059835138562553264 0.08065955376079388 0.05845482852618813 0.07579152150751026 0.04813166048783018 0.05478710734338853 0.0560293104199337 0.016584109245693205 0.08614640388797462 0.08132741318622004 0.08518731351480864 0.02302392805176456 0.06015613523755342 0.07553292215017088 0.018246130376915855 0.059746862016043234 0.0261682859801699 0.03108623138624509 0.041837334312833555 0.04029374851542727 0.024494010996088587 0.05112884319018894 0.053627397908235445 0.08465917841801773 0.023677607429553243 0.07548183664957357 0.028988325098860627 0.07484740369947054 0.0627456584531367 0.03146328056289651 0.07037103453691029 0.0780907130930877 0.023231592568742493 0.07468490790304017 0.013328996119272005 0.04892315563234954 0.09741329487439591 0.048786142523737155 0.08778310255190905 0.08023249818218553 0.08076070332129798 0.03799662134231103 0.019649865658025883 0.08677158094137544 0.01754851143992759 0.0642262227963545 0.0022927801549616628 0.05814922647158015 0.031039499012865672 0.016720431795415592 0.060578739168114244 0.08107938547383908 0.022547041633646122 0.03455583651701813 0.09400561469813758 0.025937349620202926 0.07237723167744976 0.0993249953666564 0.06994816484292314 0.07375915566153352 0.10194872515539527 0.04363718430211753 0.06221747205391374 0.022111532623031845 0.05660418454217535 0.06907476449066904 0.057081642694598776 0.025844748657614443 0.06551280111830382 0.06487036270931082 0.09238836442358327 0.02945861157337042 0.0566068122328947 0.0722182065061512
 0.05513652211207418 0.02585155675745833 0.02545604931250993 0.019082069028490058 0.03742053303661429 10000.0 0.03206538819817791 0.025669832275720186 0.033840921848697005 0.024116143488236444 0.02900344779769425 0.0499344307796847 0.042273414173698794 0.04885936747686317 0.026947157687684724 0.074648342703583 0.06039729011186195 0.06264398321264811 0.02523782044147997 0.075292639437374 0.02442160814472292 0.07858488461944188 0.043351884091706046 0.04373148741504824 0.05853905436755791 0.04968579393484568 0.06104879533542608 0.042391992990839136 0.04207535118578077 0.03453362693236978 0.043551173368408636 0.07279813625833598 0.08563803446524827 0.051010605156174456 0.08277040390062478 0.01481751383036946 0.018243114743641983 0.059615072600803454 0.052154765370225495 0.08289813717621172 0.052896954321857016 0.06069359217958316 0.060424812973411755 0.03601044208123231 0.05891770190619292 0.046692838843274555 0.046789720180000216 0.011266863644204067 0.016602956226042746 0.017638844280552846 0.0437815092358395 0.04607125816706938 0.032895178012782494 0.06254372933171612 0.05942060926232662 0.01943215323115504 0.03814102877491662 0.05854399465162123 0.08111515338557812 0.031334692394514495 0.007180396758257443 0.06830337856131265 0.0809617556030857 0.021889860582783846 0.04054156962274582 0.046145343296077834 0.04352530794347828 0.06508778270862489 0.03534030543153535 0.09167453930807061 0.06654403131447763 0.06315600966495619 0.05245455914769306 0.03228606210783858 0.05240505095267013 0.05478365318871057 0.030555020796821892 0.03964067488292746 0.0694623738011408 0.03649118954576915 0.053892592945316675 0.03385265198740587 0.06512690671345696 0.03877837453755896 0.006908580201398955 0.06074186079752939 0.031216045204953195 0.038685855006781227 0.07071116055653065 0.05418303719727254 0.053587654493154856 0.07403514166813786 0.015279826593385485 0.02508372408057457 0.020357889012202448 0.019267911797660246 0.03295657433638896 0.020951844185371687 0.05624583683321808 0.05384028907940453 0.06830693981843677 0.0677668983937126 0.046705401985600296 0.02097506705470768 0.036511878166278565
 0.03148111002187237 0.012928840683958342 0.0066112885284031805 0.0510950424113614 0.04856352911922656 0.03206538819817791 10000.0 0.05503067374399736 0.028971609547418876 0.05199567357003026 0.019597530674150418 0.04361565895442292 0.045819231108825124 0.033519128997674064 0.05479618519277034 0.05534662823523189 0.03341739645641091 0.03900029804916142 0.05376482236123382 0.04437974572143298 0.05617281540776254 0.048091790983428084 0.03489660839961645 0.027702823936529838 0.028988868122001733 0.02027873278180603 0.06993746601303505 0.05782836290863714 0.04017758960706311 0.041160931573251236 0.028894455913100383 0.049232254969406135 0.056205471113186786 0.01960465319719508 0.054446570134794904 0.0229401948615212 0.042723052302540296 0.032337130998368845 0.065007591011295 0.051138922151269264 0.03464603245639249 0.036737069244727846 0.0681446039365949 0.013371817554165891 0.028489013197204108 0.044966183638197946 0.014752494255165588 0.034129269286497364 0.04647348590385396 0.04970423197366283 0.022361091919653197 0.03887118838278343 0.0028120028331386306 0.03815050518457322 0.03636496575243883 0.04535378226471839 0.0482669767559737 0.05291743121808083 0.05257445730973364 0.02335086991031526 0.03610284665061596 0.03731418261915745 0.05095424867925073 0.04776406910863379 0.06453467290735734 0.06152834150074173 0.014794914169796398 0.052987890877822845 0.004088695567367713 0.06152167903784281 0.03518276051356046 0.03338869552241123 0.03574203732026418 0.05572833321121365 0.04646530580159936 0.06107185749857623 0.02808688532295435 0.05062734960806367 0.0453285335595453 0.02308668542106681 0.06366053973181836 0.016039209247583994 0.03457173731232093 0.032693967218329345 0.02614925784702535 0.05105841112103029 0.024274859957486294 0.03353831489860033 0.05185460019984925 0.02318358658653048 0.025356216573878324 0.054096998677090995 0.04711830428647745 0.044898142327916724 0.027684858202487356 0.035963823034334375 0.03709221978461733 0.03051570497008608 0.05223808246888027 0.021804702362822177 0.03960127394935486 0.04388146859344829 0.035422408650785824 0.028928393408528555 0.05833019594385137
 0.08071269052207992 0.051203926704765014 0.04874401890279618 0.01677765687134857 0.05673096631970024 0.025669832275720186 0.05503067374399736 10000.0 0.04335522036990231 0.03216640209551501 0.05466817337845005 0.05409393404110159 0.06423871523738911 0.05957551067511121 0.033550749651355655 0.08391171392309833 0.07693586986575393 0.0882671261772869 0.03142128903779133 0.09933474388503123 0.01016070548222841 0.10290168795664222 0.0511439239085919 0.056266669638118896 0.08315041966245396 0.07422378989359765 0.07818780731699404 0.057933961289345096 0.065780943425039 0.0565107437197683 0.05530669473857144 0.09845422366731454 0.11046496928948803 0.07461281973451095 0.10791817111092193 0.032588805507618036 0.013801053840572433 0.08481608587921706 0.06785378144700936 0.10604351767475372 0.06459774371297215 0.07500294840573941 0.07830718115170122 0.05440232823752568 0.07844662368263729 0.06992288090144183 0.0690800824756637 0.03339064311683615 0.025890052265442758 0.015235061691091232 0.0693629183016848 0.07065321200526363 0.055057603067411635 0.0881219580635744 0.07326054042792483 0.03324216795176903 0.03287036580219818 0.0820379428566765 0.10619988405234633 0.044245012426739005 0.02741263436094806 0.09227394028382926 0.10553450921098648 0.03430529799445192 0.018459862199977757 0.06099988368559027 0.06810914405054296 0.07022449014865996 0.05881028659734149 0.11621181567579221 0.08682752543577603 0.08178518546524392 0.0780133948235822 0.04311155899733194 0.05559612309177683 0.07403043991759439 0.04036030535234713 0.058600348038387796 0.09508776782828793 0.062136859306508405 0.07133270854989425 0.050815237328413525 0.08445035281581446 0.06364290520925038 0.03252930619964235 0.06485023487222248 0.05668618035799256 0.04602067713570888 0.08008090432801984 0.07457665860034006 0.0717336558867322 0.0838507616053877 0.013139503941795385 0.018066857936564186 0.045086779770563516 0.02297619563198093 0.036159768849883075 0.02958988880499315 0.0794177221469363 0.07592740740654036 0.0932691806340779 0.08123597900144137 0.07189406267465218 0.030972385226100144 0.01842455981162016
 0.060323725998971164 0.03679946225847301 0.02723605295900757 0.048938484972775066 0.0670588533920967 0.033840921848697005 0.028971609547418876 0.04335522036990231 10000.0 0.057849625672183956 0.044213205647082296 0.016980412088137734 0.06815086542977475 0.016339229753624812 0.06063010088630768 0.041684489926922606 0.034817217106710666 0.06769439646702018 0.05879848955855227 0.06756410305702862 0.04958914582149356 0.07183055880802701 0.009516816327129772 0.013119337881095238 0.05541721949555255 0.04768487400920445 0.09065084835777255 0.07416455873671246 0.06454102048006859 0.06153787395334394 0.011990838211308362 0.07773954717268904 0.08103874802924564 0.04450141649013844 0.08048141317491868 0.019542671308652164 0.029753213633039958 0.06011774470135887 0.08325234422452442 0.07118706033308252 0.021260012151736347 0.03186437762840268 0.08943640959692588 0.0184324576623085 0.039236432291574495 0.06960187775296778 0.03646424612626058 0.04335728569745318 0.050033356526372086 0.0467963642134073 0.05123432986402277 0.06519157031231743 0.026800464151122687 0.066709591457278 0.030032271384721476 0.0531954096308438 0.021642203986483265 0.0793973216381058 0.07849601124485435 0.005623536410741645 0.040950416284124616 0.06091222608111097 0.07529200112914733 0.05569038474454201 0.044557713336952284 0.07803484982353506 0.043163210482982724 0.0312844676667369 0.03263194137842465 0.0851234901572206 0.04795404521486389 0.04121716543954451 0.06438239692681343 0.06596854757605934 0.01975486208527164 0.08286143830449938 0.0033499605334566286 0.06934657141675961 0.0737776180647536 0.0500927274842662 0.08368288965245267 0.014116686618549082 0.04448877953198741 0.05808494722905554 0.03331983154660815 0.027204008853412898 0.048815505207218966 0.005345552187771462 0.037748913636363256 0.03711554015952607 0.03147937645856708 0.04133627095488715 0.04278778728426763 0.02648628841162546 0.04528435888103144 0.020563164891858395 0.010186690697359942 0.014519381872930958 0.07813036934375639 0.04154561599006499 0.06603086507709645 0.03789423701519443 0.06282966400219259 0.013669016392492676 0.0375207724700702
 0.06581919284294249 0.041508912925826154 0.0457496519086151 0.015389339834340241 0.02727004645058658 0.024116143488236444 0.05199567357003026 0.03216640209551501 0.057849625672183956 10000.0 0.04021830321287697 0.07352117173931738 0.03686470619475435 0.07296568848947763 0.0028840993221969425 0.0987452985347933 0.08327625635230175 0.07225039907639606 0.002130537256779365 0.09079014753845951 0.023234454395834513 0.09334003044602719 0.06733254416958884 0.0677684068755076 0.07342964517684653 0.06533617788986197 0.04642888501822555 0.026147623880152335 0.04114170364197951 0.03017265181561684 0.06763942315627625 0.08121737825214824 0.09873215333727421 0.06851076414933899 0.09476418344069615 0.038906717209451304 0.035192028549697246 0.0724166785168702 0.035880137078282456 0.09979421739008765 0.07693078552382945 0.08423985816128796 0.0468114423581174 0.05893495879644709 0.08032248232576569 0.04394268601286154 0.06636250860794461 0.017866669214266093 0.008076499730753597 0.017065264698970118 0.05536153501347128 0.0476389268305798 0.05361563893701612 0.07273464969823216 0.08308698492623513 0.006918385021800311 0.05844555879219022 0.055656127725841706 0.09342902333387341 0.05544420437312245 0.017324861302135244 0.08422543998626758 0.09497246374087852 0.0051305517307420724 0.050625868628463876 0.028968396984176196 0.05954255577004587 0.08898936465064791 0.05427011055307171 0.1054550451714478 0.0871580238165814 0.08498795087424679 0.05889334580977703 0.010950618228081709 0.07585613986780235 0.04336944837918162 0.05453181781685719 0.028648648488589553 0.07867435799481903 0.04590339726626078 0.039818431089125354 0.057350527875930826 0.08647797146791661 0.04235850111450355 0.026985873971859073 0.08446736866274603 0.03941984807366945 0.06254528042772375 0.09481131809919666 0.07514573898047057 0.07595229316075992 0.09810732482821719 0.02033818039184972 0.043057734571566114 0.027601544378793003 0.04079041916213386 0.055798824095055606 0.04428094934575886 0.052632406852495 0.07325677497385205 0.08160305419747305 0.09141008218858192 0.050951420840404694 0.04459721371166241 0.04976110864435735
 0.026650819738854987 0.007508413794876147 0.017466108325885153 0.044978722678766486 0.029747024826316793 0.02900344779769425 0.019597530674150418 0.05466817337845005 0.044213205647082296 0.04021830321287697 10000.0 0.060573696425564226 0.026221774008329583 0.052309554839744914 0.042641809858809866 0.07493183784839463 0.05243966378307495 0.03390398395608 0.04228176607787311 0.050602679409387105 0.05218772621171648 0.053125434326058804 0.05198090839084043 0.04635851693717401 0.03324381461900857 0.025462262212384 0.0503607276095389 0.03949829131951581 0.020882957304464253 0.021960563859424857 0.04729681891559207 0.04389778211395503 0.0588193054836324 0.029616462096506313 0.05523016978873216 0.029602568976508887 0.045760422252273766 0.032402357144276514 0.04586942293312745 0.059855134618149834 0.05396145769687707 0.05624886153846684 0.048548193532336144 0.03243629819640393 0.045787271371246815 0.02583736828526795 0.030035309591812432 0.0241200746128741 0.03728674028333031 0.044379893584932155 0.015506916647585415 0.021005318648906823 0.02235349660734759 0.033978038327244754 0.055940365893142614 0.033326510851002175 0.05928204042285171 0.035188869222557415 0.053753387625637236 0.03891058387176946 0.028899271820330003 0.044141402311040315 0.05483383921544059 0.03523994489799819 0.06871727166285023 0.04300972842761571 0.020126509533986103 0.07169522610331892 0.019177322494502793 0.06539529268825464 0.05073020000536758 0.051013885260624045 0.02369034121563287 0.040680497551930234 0.0634440292136469 0.04147494421679268 0.04221626981213872 0.031659560373756564 0.04068876051579393 0.007547938204203087 0.04417898097547122 0.03402122219111481 0.05137616913566839 0.013904207121159024 0.022212937989706964 0.06919986812928437 0.004783098647052494 0.04941394402782064 0.07141151206846766 0.040203497852814504 0.044244066865490685 0.07369267635009989 0.04333538843153726 0.050824205238445254 0.012617174748233468 0.04249850344744331 0.04972009508056672 0.03954595011194191 0.03395606240824487 0.03603459481356613 0.04153837088179135 0.06332700378955272 0.019366393985859535 0.03836489542433265 0.06378241770433365
 0.07382752008720118 0.053079215263405796 0.04322343860756192 0.0630134873846625 0.08403177088428362 0.0499344307796847 0.04361565895442292 0.05409393404110159 0.016980412088137734 0.07352117173931738 0.060573696425564226 10000.0 0.08502830151937768 0.01432827287045883 0.07621145391784026 0.030766634507290856 0.03586002091655385 0.0807618117160386 0.07426853561239584 0.07589017825415807 0.06205216966811428 0.0803152313602047 0.008724146195719538 0.01768878894143719 0.06660348812734897 0.060002412623295684 0.10763062944230176 0.09101895982361215 0.08117012950440478 0.07849513831811253 0.0159759650360062 0.09032483163208764 0.08995706038191968 0.055554920485624645 0.0903805409531195 0.03624939500040564 0.04182191470932597 0.07220915195342943 0.10018632625610989 0.07730906486000998 0.01839488499641314 0.029916456295343317 0.10640720977793253 0.03089374550316951 0.04422518248943007 0.08621585635766929 0.04717694512408904 0.059988936728478714 0.06552844853557485 0.06078560502833225 0.06587470245888094 0.08140506978131534 0.041057775506132724 0.07956325698655042 0.02780679873678843 0.0693638823149891 0.023404206964887028 0.09562817741489767 0.08835929888681 0.021762188137407313 0.057113172569150814 0.0698964980648268 0.08405038117817472 0.0718022049640468 0.049526510835093566 0.09488287632854245 0.05648650781823512 0.01617291552662044 0.046729900065727734 0.09298356895933528 0.052277241579267206 0.044170306869037286 0.07934288320116102 0.0822200574224576 0.0028745464977795315 0.09980816355473918 0.019862901537491113 0.08632041761768874 0.0863348796032615 0.06596674536811532 0.10066268763341205 0.02758199797655355 0.04788623473082537 0.07447739108711582 0.05009434763576903 0.01105799126295389 0.06526631516459426 0.011654803782173748 0.027240070413229938 0.04422034314514255 0.03642578855724179 0.031108448220917705 0.05663765725796973 0.03602839911902587 0.0622565250495542 0.03357378581212199 0.018371102968429795 0.02924041522847906 0.09452337193880497 0.0504685675148998 0.07673580798900471 0.03320198973230301 0.07864113570433477 0.028990704325595456 0.04276207267972311
 0.03925633730967325 0.0333029235400068 0.04307103851810819 0.049293232054873466 0.010617936404854854 0.042273414173698794 0.045819231108825124 0.06423871523738911 0.06815086542977475 0.03686470619475435 0.026221774008329583 0.08502830151937768 10000.0 0.07806006448466936 0.03778988723527161 0.10114232078092554 0.0783486627224125 0.04313065716734769 0.03881074040967151 0.06753751276847406 0.05776955888542417 0.06866286725199804 0.07671674910249031 0.0720914043860402 0.05163707031698236 0.04659198848717127 0.024209072122798162 0.019270805250580204 0.00788423733485605 0.0078090555353205445 0.07288388769907153 0.04971997175777775 0.07123284937838607 0.05236067621723996 0.06615938838989918 0.05041625890877365 0.06039021727360086 0.0475697722184961 0.021540853033478347 0.07802461996288954 0.08001184968793315 0.08242435359910734 0.022328752237915413 0.058490625735721405 0.0708538575057074 0.007632560657475024 0.05497105863734035 0.03160162799912299 0.03943799276159567 0.04992363190282849 0.03312888680697253 0.014613908472148532 0.048569727598348135 0.044268849116903645 0.08215139734496939 0.03225267927592162 0.079325869890648 0.018794466621322295 0.06533389537989567 0.06331114566816398 0.03747846909722977 0.062458366413853744 0.06904364672259836 0.032349567447344685 0.0815905418297215 0.02139767865115998 0.04310797246302268 0.09725771678035877 0.045163033980899076 0.07840586301597018 0.07461272887029947 0.07614274713890543 0.028434726017636122 0.030158175872741826 0.08785416360272118 0.015259431735606361 0.06563782831021095 0.01065453839936238 0.048277999568981815 0.02495740321611631 0.018470433353507457 0.05967930648858911 0.07601019186412172 0.014980407283563145 0.03789519822408219 0.09436573814514047 0.021603601478077317 0.07348982524888273 0.09760049162152165 0.0653002055067705 0.07014007858448587 0.09991215573828145 0.051120930805897184 0.06734292777233486 0.023366633645369877 0.060719109082206776 0.0716533356196965 0.06005158824115679 0.015776972061230944 0.06003954736010944 0.05607708651100677 0.08945607149772837 0.020056767757285564 0.05930950618798601 0.07841865201732048
 0.06170512956286973 0.04490115948254449 0.0350045831895127 0.06502431069497472 0.0787520298558538 0.04885936747686317 0.033519128997674064 0.05957551067511121 0.016339229753624812 0.07296568848947763 0.052309554839744914 0.01432827287045883 0.07806006448466936 10000.0 0.07580499498432634 0.025797537142805194 0.021925347627621616 0.06824848580950028 0.0740848183081885 0.061707213433797065 0.0659222280321731 0.06614066007867882 0.009453669654007915 0.005968739478627187 0.05328113241395851 0.04735856243287412 0.10164346493588926 0.08680695559716464 0.0731905802154452 0.07230575136693089 0.005432734570180078 0.07743381055334554 0.07582226828880402 0.04236226929572772 0.07644857742499077 0.03406037469233989 0.04606151148707513 0.05923698952490806 0.0952860737109798 0.06298184929927854 0.0052114533350564405 0.01691427081209284 0.10012426877530718 0.020147581047715944 0.029897065483621695 0.07811427732217818 0.03405556153663054 0.057233385289701205 0.06538275082019439 0.06291871321711208 0.05489364445239268 0.07235991779410339 0.03074072057169869 0.06692981962842318 0.014859590692990931 0.06778361551343015 0.0336849677100285 0.08643578909544995 0.07442684116840947 0.017525268016627637 0.05573429519719481 0.055858057977786396 0.06990670039279466 0.07032751099780019 0.05901720978279876 0.0906727091793527 0.04459829061857218 0.019471944782653572 0.035888894784237 0.07870881147959224 0.037991857844640396 0.02998408390687247 0.06845545452124303 0.0802901140622965 0.01646017972013491 0.09322922219874916 0.0195601967201309 0.08098873740205537 0.0734616273598767 0.05659141077661332 0.09494425765188608 0.018380899887389848 0.03367088564445521 0.06595366392873517 0.04703395286652461 0.017957430888747093 0.057092574655859554 0.013976176592993985 0.021855988163169013 0.03007108276742825 0.022120752926060704 0.02526185537155899 0.05896747807167905 0.04226732638505993 0.05664345323639473 0.03689343533296045 0.024344810379484147 0.030799814634476574 0.08570960591451159 0.03661694391270562 0.06312300896207651 0.022004895209240673 0.0689050816383356 0.029823012570049334 0.05197554657254013
 0.06798397115220824 0.04416803914209635 0.04857776355443261 0.016857939939576246 0.027836744625480036 0.026947157687684724 0.05479618519277034 0.033550749651355655 0.06063010088630768 0.0028840993221969425 0.042641809858809866 0.07621145391784026 0.03778988723527161 0.07580499498432634 10000.0 0.10158966494655372 0.08615372934615305 0.07429144359487279 0.0021790968348310647 0.09324198747347882 0.02420229233727687 0.09573047948704946 0.07010242674611734 0.07062613763766037 0.0758811116581003 0.06786695038765453 0.045787863015135155 0.02563853666593151 0.04250075718139177 0.03143498250283289 0.07048609147090515 0.0831118165599618 0.10097828982488088 0.07114810209276015 0.09692748422993223 0.041750203391166085 0.03743327432588086 0.07471706236480101 0.035105331060097715 0.10233333628656877 0.07978967489649572 0.08712345902225292 0.04633544719886772 0.06181674379069361 0.08315056314822666 0.04504150906470516 0.06911897251524729 0.02067200324808899 0.01068487751950822 0.018729815115955607 0.0576621585694207 0.049150009525118867 0.05644276399848576 0.07482301899573765 0.08596884732254201 0.009537584316420709 0.06076719196455553 0.056567977019785706 0.09562273706444566 0.05828118388445184 0.02019914348248269 0.08672186157369552 0.09730114516907112 0.007404211824334412 0.05196734796795604 0.028170096158233234 0.06211872182376398 0.09173389482678375 0.05702196262954075 0.10774448538917551 0.08994411647298557 0.0878315002392757 0.06074399258375505 0.009901813358543433 0.07852260409576306 0.04330033864517687 0.05730634462395173 0.02902361960352175 0.08065095241260556 0.04813137690839202 0.039373540811898075 0.06023340209467265 0.08930025434429102 0.04415098783407262 0.02986748502553053 0.08717662188687791 0.04164837323562421 0.065291101027526 0.09765419468155141 0.07795795769207516 0.0788178485223109 0.1009596169072602 0.022276962786060246 0.04526729057049618 0.03003326064136343 0.04332728448349824 0.05840775225032579 0.046973944290291815 0.053494346595736646 0.07599431559076489 0.08390965574558897 0.09429267474721065 0.05268101899643391 0.04732474753238958 0.0514411974582201
 0.07779124988365316 0.06792648228183062 0.05853732867917451 0.0906189065916817 0.10302895556810177 0.074648342703583 0.05534662823523189 0.08391171392309833 0.041684489926922606 0.0987452985347933 0.07493183784839463 0.030766634507290856 0.10114232078092554 0.025797537142805194 0.10158966494655372 10000.0 0.026478712723391667 0.08289284329482911 0.09987900427576894 0.06819020825646559 0.09100897928991589 0.07239654925389125 0.032892337989415384 0.031076628095285858 0.06611949839766136 0.06308863185811694 0.1251843685826881 0.11157117541551642 0.095439909345912 0.09609168838087485 0.031107513833182766 0.09040282401758247 0.08193980674538312 0.056827860503281424 0.08435098547800716 0.05983956136324421 0.07084665010464579 0.07294953434632324 0.11961213610982728 0.0652355578066692 0.022012681438822068 0.01990996946121208 0.12345261471121649 0.042890855121104084 0.03754926642471246 0.10012227113727785 0.049907218972981476 0.08276039574535655 0.09118019784057134 0.08848059751484619 0.07381537293773206 0.09343238044966645 0.05257856960822414 0.0812804912559176 0.01950647742749793 0.09347108108437127 0.05416792467672904 0.1069504876551534 0.0824349203027101 0.043319475784711646 0.08148668951923961 0.06433751664167993 0.07627505681911047 0.09602141751030735 0.0802809541320856 0.11540643968103168 0.06248201628692907 0.017006117025323952 0.05649235152826946 0.08261536348743394 0.041617052145402234 0.033853481675784225 0.08687123578430792 0.10586882674262142 0.03028121748380444 0.1164009831024706 0.045011858920185714 0.10520660947751193 0.08668112604969051 0.07782006041497386 0.11874986111660162 0.042688538673413275 0.03694608127664484 0.08782909224688519 0.07258823444981158 0.022256541317023024 0.07962130950666575 0.03805089004915219 0.003946445041414046 0.0413335019981217 0.03348282292676706 0.0018614355748743825 0.08446796924269553 0.06601709122014382 0.0810898150151971 0.06188740269910226 0.04776804122265535 0.05618393803332357 0.10673035278693854 0.048840738076263226 0.07382835069313183 0.014828532205393246 0.08916829079191262 0.05534580762103437 0.07352810069927715
 0.051534464619499044 0.046309860553601846 0.038432394305259666 0.07877695489177176 0.08190842438064343 0.06039729011186195 0.03341739645641091 0.07693586986575393 0.034817217106710666 0.08327625635230175 0.05243966378307495 0.03586002091655385 0.0783486627224125 0.021925347627621616 0.08615372934615305 0.026478712723391667 10000.0 0.05643513728013441 0.0848022739393553 0.04317124062996305 0.08153426778109686 0.047548402229967125 0.03101966019262457 0.02194890419251269 0.03964140447437238 0.036963194051714346 0.1025537748574872 0.0912447790235512 0.071900049755976 0.07434525366715061 0.023464587475727612 0.06397151808888972 0.0572908445619307 0.030562591949318037 0.059009051794323725 0.04646658831167966 0.06313779725926622 0.04647440462022702 0.098255720488464 0.042421623952997436 0.01747151414093431 0.007420247307985333 0.10057875305957978 0.024419815408906895 0.0111805101155246 0.07626976413771103 0.024339136470437662 0.06578969173596866 0.07665186236963475 0.07691973370830037 0.048561796693973855 0.06897925559563398 0.03100752176306688 0.054812245705575274 0.009066668240036591 0.07708384365597222 0.054988164639819856 0.08193696787984758 0.057034118498811334 0.032745937449196995 0.06622364666927631 0.03852665828223384 0.05143814937067026 0.07960428626067675 0.07933507890132557 0.09493664734010501 0.03711883468139645 0.03353668777162933 0.03326686030158415 0.05908540102666088 0.017177056386440924 0.008724610714981706 0.06114582088170289 0.08839707758460613 0.03753040330428945 0.09344012173260983 0.03721680622225936 0.08393224769480997 0.06022452299201535 0.05389032011267222 0.09657235306379243 0.026809675044159396 0.012447132750552656 0.06413490394760214 0.056303115003764836 0.03537749063595906 0.05682648911053136 0.03463505920220943 0.024261205931072474 0.01496481903509461 0.00820907679213367 0.024758895441690153 0.07340878369319162 0.061093427069513026 0.06100512899849379 0.05404538602905046 0.04454772024401264 0.04736815981047599 0.08202905047016788 0.02240902814770297 0.0476060571748732 0.012040404023924959 0.06427826403286478 0.04596352683631825 0.07228250058498302
 0.0077367840243073305 0.037286781762476 0.04288189490501906 0.07877351272580257 0.052636046047978294 0.06264398321264811 0.03900029804916142 0.0882671261772869 0.06769439646702018 0.07225039907639606 0.03390398395608 0.0807618117160386 0.04313065716734769 0.06824848580950028 0.07429144359487279 0.08289284329482911 0.05643513728013441 10000.0 0.07437817754716693 0.026578838457841918 0.08608971594218529 0.02652532196620945 0.07229724349121332 0.06333585330677043 0.017009552714703863 0.02089000453798396 0.062474951211455784 0.06225646849013715 0.035428093472515784 0.04530674603591237 0.0649286616721749 0.010403934941614516 0.028102545931878123 0.0263894845534442 0.02316558154574436 0.05973418307708291 0.0782484161818248 0.010061036797342104 0.06386061422962538 0.03731934210244699 0.06724920752148363 0.06316357621843238 0.059825746239636005 0.05006258986708824 0.04557632064482354 0.036488446610649296 0.03434381099523667 0.05773501307373277 0.07060301371692397 0.07825175428723713 0.018941167970874567 0.028522510861136635 0.040930791543956735 0.0018009950213801027 0.0640140973075284 0.0656426669361821 0.08719812435401217 0.03414354044247282 0.022226127256744593 0.06212518929932168 0.06277033365894516 0.023876778809884484 0.026241770062462047 0.06712115806281464 0.10110237703329408 0.06452728267026833 0.024541889032955847 0.0865406158823594 0.03512804260300382 0.03527645883072657 0.044368577128949156 0.05004510753960321 0.014701100588813416 0.069799529982858 0.08348052353594107 0.05356360040012574 0.0670477918192079 0.053407144015195855 0.006820806508894762 0.02686105226733023 0.05932777305134091 0.05391573844982996 0.047952518895024165 0.03071742539525984 0.05575068479353877 0.08612685617123222 0.03316417433949242 0.07187282245851404 0.0804303011230353 0.0415790952763527 0.049754835023400903 0.08119042776744817 0.0772283239376384 0.08212703785768449 0.04556018385007855 0.07327572526947464 0.07609227120971708 0.06870745874588113 0.03601251213250912 0.0340554273482504 0.014483557005478733 0.06837661749076317 0.023195579033315424 0.0672129333938155 0.09552747906941157
