NAME :TPP_input_21_3_2
NUM_VERTICES
61
NUM_CLUSTERS
21
Full Matrix
 10000.0 0.00922464604327579 0.02673181077859137 0.01244631669376536 0.0778253111475946 0.009299537186504017 0.010836290106350118 0.07856319398557272 0.08232519631595255 0.05607507908323343 0.05310276796750504 0.09095420044536176 0.10886896320516085 0.07243648843520151 0.060851674571998304 0.08460317686246252 0.024492449178735932 0.09841076884429237 0.0243563626790688 0.10738142374488656 0.03160258955537675 0.019436336483376455 0.0980772497796835 0.09412132054432351 0.06382126597313587 0.03940232120094378 0.10115515687086536 0.08272913450110655 0.09918902608614731 0.12057306093459273 0.08825128171255352 0.0911717380081197 0.06967774460531115 0.08320895505311061 0.10548267292325969 0.07567048037898805 0.06964746877701403 0.026809613403848624 0.07810992064218204 0.038429920781787204 0.06188195035240612 0.02889255512700211 0.11737132119705487 0.07179442433397758 0.05489616145318955 0.014145668019087045 0.10732185114065473 0.09134919491964681 0.07632481777758124 0.09360177192004145 0.06826818489975173 0.055433859301163145 0.0432377935754376 0.08889489368858541 0.1004448597929552 0.057807576410449237 0.09858229488289001 0.07678490719124507 0.04729977001643377 0.0536230784814132 0.01071858511015851
 0.00922464604327579 10000.0 0.030716257650876294 0.019725537310269034 0.07405676958630118 0.016487401893530672 0.0031563633289224792 0.07678080590060085 0.08357033401057139 0.06034285216708438 0.05557271594622081 0.08832312922449671 0.1038448606149625 0.06556706221646233 0.056222725930020166 0.08241688574048331 0.02371385129216216 0.0955047617765462 0.031970062654222794 0.10501712770519536 0.022428820603237053 0.0149997399523113 0.09436194993632424 0.09448116718967169 0.06689574676662387 0.030291477040982864 0.09527736562440124 0.08272570399933778 0.09472351813021625 0.11660682501070108 0.08160516432237881 0.08775081297661555 0.07252476394342083 0.08712272566884552 0.10083483962764438 0.07004767762343074 0.062177690313738855 0.02644187044804589 0.0823039514310933 0.04332676409325325 0.05935170733471776 0.02463106231425033 0.11333573256959707 0.0637268860974656 0.04997044244120714 0.02328606438788426 0.10190247327142322 0.0859481102912056 0.07350137545952325 0.08730025652758182 0.0598754528519093 0.04979365796771442 0.03808586652903321 0.08448613148878209 0.09962885766774039 0.04934732754508624 0.09226594627005 0.06969316341996924 0.04379580147386358 0.04582701657646348 0.015178080155279234
 0.02673181077859137 0.030716257650876294 10000.0 0.016106714122273293 0.061552192681501555 0.018177559003633957 0.02908068751552832 0.05746463584311669 0.05650429323764554 0.02966987742162788 0.02668072599199973 0.07120260865363033 0.09478721933151833 0.06696768216989556 0.04864117968736779 0.06410940850318714 0.014578722526102149 0.07903590566443904 0.014668152597370563 0.08658455679374884 0.045401196525037005 0.02344277180780575 0.08069073214035453 0.06909997911935897 0.03710213054320048 0.05098001658803629 0.09015310628697829 0.05836910412159693 0.08380249991159772 0.10318840244507176 0.08075353400431391 0.07329917336791662 0.0429888518946699 0.056645767948083896 0.09039312538215044 0.06524515068636913 0.06705464025568764 0.013483184690038215 0.05169007556690399 0.012834141201439307 0.04361919896660409 0.024866675820331065 0.10024328924013301 0.07202981732517943 0.044476509194375666 0.023925060469678704 0.09453811577166167 0.07918401080079136 0.05769850329933962 0.0844821070155866 0.07070689083966965 0.0473281754025349 0.0360031402418054 0.07379658965664777 0.07696211190641974 0.061694357407709205 0.08928122376831119 0.07190025710057175 0.03390877752692356 0.054438615243818926 0.016191277689278104
 0.01244631669376536 0.019725537310269034 0.016106714122273293 10000.0 0.07401224071009715 0.003269626015094771 0.019643106153566667 0.0721384894828982 0.07261092459384491 0.04432499158188709 0.0427390506364047 0.08538705979701124 0.10644722565130009 0.07373645067685344 0.058749639272779035 0.07857111837273931 0.020394286598264717 0.09310011739547232 0.012248430332955203 0.10128463279099185 0.04011924402503575 0.021580501292769685 0.09385899718411653 0.08512934063640253 0.05279041357186911 0.04728488619276866 0.100208702340833 0.07423140814054191 0.09603201332012835 0.11647286834005253 0.0888443444601037 0.08664368589549176 0.05875454318677863 0.07149319518970795 0.10252224834379767 0.07471244716310108 0.07219746537819066 0.021663417220807866 0.06626469289140352 0.026531404183123834 0.05680821203922734 0.028660536960370755 0.113396995988454 0.07563774835479918 0.05347438482417629 0.009139015505629847 0.1055443391651243 0.08974590191829593 0.07125933935295138 0.09349026156192465 0.0730072322144508 0.055110214498027624 0.04279672188034919 0.0858009039971764 0.09261306342008886 0.06294893000368929 0.09843205275277568 0.07842471184935383 0.044190199555264556 0.05729786246152558 0.006531504933179433
 0.0778253111475946 0.07405676958630118 0.061552192681501555 0.07401224071009715 10000.0 0.07406983611900117 0.0709018489222827 0.017434289551676672 0.04413977728282174 0.06061012681752542 0.04864858703993964 0.017487855571220883 0.0334787503180249 0.030894694709339157 0.018783238840645106 0.01630542200678004 0.05404628317017871 0.022734999956925347 0.07620662015324876 0.03358441982730621 0.06652501686452278 0.05918676204980801 0.02031044950981303 0.042729155557409144 0.05336864746934927 0.06386826970827543 0.03220523586280245 0.03377084339995857 0.022251777117520178 0.0427492092358315 0.0318996147448777 0.013951836155060574 0.052995521879340333 0.06761157692519577 0.028849538865368268 0.017676139627610363 0.0378983382864473 0.05239685832437419 0.06752433364757354 0.06315407070121572 0.01815755125833354 0.049462324469441 0.039564960431264985 0.04607226759080169 0.025208584179212817 0.08313514446785877 0.03410261252525401 0.021038988570722193 0.008337433275842769 0.03093208401720086 0.05063543820837722 0.027737489656273734 0.03663138170473453 0.012462124251445527 0.03758946913403616 0.05122117495709537 0.034316261328061363 0.033805136216687286 0.03052776277663331 0.044114180532618515 0.06945162092650438
 0.009299537186504017 0.016487401893530672 0.018177559003633957 0.003269626015094771 0.07406983611900117 10000.0 0.016533560343957886 0.07296380176721329 0.07452385905539376 0.047030940516548055 0.04484486105352686 0.0859776229181523 0.10617735551372738 0.07244725803297733 0.058283391572994614 0.07928925019557408 0.02007011661421634 0.09362671464144158 0.01550647337658232 0.10205561984858082 0.037218277140588875 0.019618095511488475 0.09407034678833963 0.08680407477444574 0.05518399726549363 0.04451498328593754 0.09953855861013468 0.07572575916313196 0.09594877571887439 0.11667856064368971 0.08776288440485147 0.08693206562753024 0.06111058278061231 0.07419801580989822 0.10239413042114126 0.0739952635249699 0.07060587828957293 0.02171243579666413 0.06902901183910146 0.029293175583061642 0.05717905373887245 0.027438814189420343 0.11356400816099828 0.0737587911970791 0.05280134698522084 0.00991149526132472 0.10510039482361382 0.08923131660609791 0.07167242791016987 0.09259456498368653 0.07092555823047304 0.05415909733075969 0.041798882167453005 0.08568277806656412 0.09391282452797652 0.06075586531520559 0.09755411688228466 0.0770647575885844 0.04392334605200055 0.05540159374588709 0.004859172642086917
 0.010836290106350118 0.0031563633289224792 0.02908068751552832 0.019643106153566667 0.0709018489222827 0.016533560343957886 10000.0 0.07373368558666572 0.08095682361421522 0.05854810377731392 0.053298356795151165 0.08520585976084799 0.10072259831118321 0.06267192018274202 0.05307274880565617 0.07933192075378127 0.021003930297760733 0.09237158924595115 0.03175171258203678 0.10191176055905052 0.021042307731209624 0.011886509330078671 0.09120653101301977 0.091696267885268 0.06473598403868182 0.028700862920637175 0.09223050797537369 0.07989489041526181 0.09157490862535476 0.11345081563847276 0.0786728061701146 0.0846008835649415 0.07029119453354442 0.08514871031716323 0.09769308014739213 0.06696389722480983 0.0594384449823547 0.023770295114373126 0.08042283662391872 0.04183717183795265 0.05625556906823181 0.02148464270512594 0.11018017313612741 0.061216808508084225 0.0468285609112785 0.02437418416031956 0.09880943220414061 0.08284970324322016 0.0703783854264359 0.08430981181277034 0.05753506808953757 0.04669931776927998 0.034947001915989574 0.08133503373533116 0.09667183573265876 0.047044141722062935 0.08927960329170083 0.06685287934528034 0.04065653425287353 0.04318684029481854 0.014316753770758726
 0.07856319398557272 0.07678080590060085 0.05746463584311669 0.0721384894828982 0.017434289551676672 0.07296380176721329 0.07373368558666572 10000.0 0.02687943948473127 0.048636531687433246 0.03801658381434375 0.014356902287954568 0.04485579227548668 0.04723018857779632 0.029353493249426398 0.006872157156967483 0.05407968500217778 0.022189655209527204 0.07148377713842018 0.029161092974152092 0.07423529196063301 0.061896264834033134 0.026558317579285597 0.025975517083956238 0.039584315473195616 0.07328211480207801 0.04757620211302948 0.01633664985343129 0.03308319939343143 0.04743745457046075 0.04930241848752338 0.019433929080652078 0.03793631737805133 0.05114990941049305 0.039169498879754 0.0347016204743741 0.053644481693723704 0.05178477899539481 0.051693373834159326 0.05551884212818017 0.018023697272758522 0.05276035620075642 0.04491584613821333 0.06190762359348344 0.03445579546343395 0.0809126667887432 0.047221883736254494 0.037146983833683846 0.009309779045895309 0.047859280528994436 0.06579578543182028 0.03862304591434517 0.04325342920448411 0.02642447170633907 0.024259655325608337 0.06455789166884388 0.05076368315274111 0.0506525010994264 0.03423339586264301 0.056487284120187733 0.06884963707864421
 0.08232519631595255 0.08357033401057139 0.05650429323764554 0.07261092459384491 0.04413977728282174 0.07452385905539376 0.08095682361421522 0.02687943948473127 10000.0 0.034425133462929955 0.03008417570842241 0.036952895432188076 0.06948127220637591 0.07225208148154283 0.051415782453806715 0.031006515693424337 0.05996597539333795 0.04288817876424132 0.06745995181532051 0.04353989489965625 0.08793442524415811 0.07027057680330426 0.05029760322281718 0.014207118154584319 0.02315556197748865 0.08919759758673076 0.07405929461447396 0.011239855774641882 0.05819307257704372 0.06699492126313755 0.07602781087176477 0.044381953110126805 0.01810830326240415 0.02544435206370712 0.06355465735700812 0.06073188586707394 0.07784545935776714 0.057188235754108446 0.02745860766237292 0.04878377370039296 0.036703794880606176 0.06323437309543611 0.06532976611342552 0.08598094119955213 0.05452220536312524 0.07995405203358187 0.0726981386864954 0.06393473443276797 0.03581747678005513 0.07473748986027541 0.08895797141199363 0.05939707600211731 0.05921732016963814 0.05297176331116536 0.026594574298817328 0.0856454501321155 0.07756539085879928 0.07618210800810932 0.049230699261529294 0.07696279478004585 0.07164054723550418
 0.05607507908323343 0.06034285216708438 0.02966987742162788 0.04432499158188709 0.06061012681752542 0.047030940516548055 0.05854810377731392 0.048636531687433246 0.034425133462929955 10000.0 0.012402153569687222 0.06274152868579337 0.09284289227360729 0.078507038613583 0.05631270984390999 0.055290706787230984 0.040195046618200884 0.07029581290123796 0.03594558752126925 0.07446245623061398 0.07253271790082329 0.051003123872213896 0.07515671216220887 0.04859769004728701 0.011269572681382591 0.07669805109253776 0.09271801066549064 0.041202145050279596 0.08102469870822009 0.09569062365449511 0.08842629675122292 0.06787421921025519 0.016802244223869795 0.027171106027090008 0.0873970809043602 0.07160993437012796 0.08132749340673902 0.03769083075899311 0.022046256719773095 0.01780597022980763 0.04406634465265765 0.048285439083588816 0.09335542660181333 0.0881882342240609 0.05540890197833368 0.04970890016859795 0.09439402244151297 0.0814125279306595 0.05362492339795369 0.08990073615315435 0.08879279956048614 0.0599347703521213 0.05277899667011455 0.07265342717882034 0.05994519454833386 0.08183155213660168 0.09401308252941037 0.08336767721202462 0.04524554853022331 0.07333864319543822 0.04578312659085011
 0.05310276796750504 0.05557271594622081 0.02668072599199973 0.0427390506364047 0.04864858703993964 0.04484486105352686 0.053298356795151165 0.03801658381434375 0.03008417570842241 0.012402153569687222 10000.0 0.052351959169531746 0.08135083930814681 0.0662258207823285 0.043955765026839226 0.0448464989839227 0.033052796454565034 0.060113597927868904 0.03750062904643896 0.06545051549667268 0.06444347367502727 0.044006006881573786 0.06421141648339267 0.04333744732220631 0.011784818109430916 0.06770387407569375 0.08061642279473985 0.033746155202037734 0.06958187933605253 0.08544476921794206 0.07602869797834436 0.05680491952135908 0.017014072508699893 0.0329096025881476 0.07605176516389334 0.059213840864614925 0.06926800139546004 0.030294204241825468 0.029107915682095767 0.019129591563373443 0.031740155849727975 0.03940618586539247 0.08292863475200263 0.07631284800076721 0.04329357631753871 0.04987918117617573 0.08262856401039492 0.06928442155175206 0.04202735526320588 0.07757634428517458 0.07722465090415132 0.04792652249969619 0.04166713682813941 0.06086040697436009 0.05283726702439984 0.0707826621526173 0.08174006689247788 0.07106113072209755 0.0334583733213996 0.06213682037760952 0.042391913995504495
 0.09095420044536176 0.08832312922449671 0.07120260865363033 0.08538705979701124 0.017487855571220883 0.0859776229181523 0.08520585976084799 0.014356902287954568 0.036952895432188076 0.06274152868579337 0.052351959169531746 10000.0 0.03252838041242033 0.04748330144589904 0.03552974516199633 0.007505562496899113 0.0665290448956045 0.007884910610860428 0.08543260859058223 0.01683488268499892 0.08301971097750825 0.07332390526825586 0.01336330045566337 0.030404691561129148 0.05323684011155002 0.0808783114237569 0.03839145874538116 0.025736197100253416 0.02139432307792074 0.03309290155128336 0.044693151410862685 0.008118573534286288 0.05091843223417648 0.06232404133077312 0.026604805984861275 0.033881451290605644 0.054800411855642946 0.06444038709631 0.06370138702648728 0.06981411029298971 0.029086472219489862 0.06380280481072102 0.030632342171310112 0.06282022880552339 0.041711749303532955 0.09430799407689908 0.035912588445601155 0.029843162951394737 0.014854978689974449 0.041294680055606395 0.06771362214873897 0.044817408821000354 0.052367827068101225 0.018627368140771573 0.02163787648722631 0.06869635765271095 0.042997169503850324 0.04970200008936972 0.044655706193985685 0.061575303092111816 0.08166699400967005
 0.10886896320516085 0.1038448606149625 0.09478721933151833 0.10644722565130009 0.0334787503180249 0.10617735551372738 0.10072259831118321 0.04485579227548668 0.06948127220637591 0.09284289227360729 0.08135083930814681 0.03252838041242033 10000.0 0.04365725656790595 0.04804304519813465 0.038986157128001166 0.08613670170481853 0.027524893515191978 0.10945523427864608 0.03351968722870998 0.09174030846003615 0.0895844306167962 0.019207094547201212 0.061807501967186776 0.08436781296257782 0.08694440483196147 0.014281682780079942 0.0582608638842835 0.011828630131618941 0.019172179232647954 0.030480321366065533 0.0255006757159387 0.08274642506317413 0.09483571122693019 0.005950414924225912 0.03425044046050098 0.05073929042142299 0.0848028836764636 0.09605532725817825 0.09660018709660352 0.05163446680717204 0.07998150124034363 0.01633536179551817 0.05634862142563803 0.0540050820026394 0.1155823174917419 0.005753337836369928 0.01836266281059565 0.03932364100987722 0.0234633801484418 0.06259401777828685 0.05415824169100016 0.06581714367291497 0.021046856606817477 0.050171848587844875 0.06840597283218672 0.021002377899208478 0.042401326581588544 0.062273201841600984 0.0646349887979711 0.10141851475790256
 0.07243648843520151 0.06556706221646233 0.06696768216989556 0.07373645067685344 0.030894694709339157 0.07244725803297733 0.06267192018274202 0.04723018857779632 0.07225208148154283 0.078507038613583 0.0662258207823285 0.04748330144589904 0.04365725656790595 10000.0 0.02247080831047243 0.04719141836145285 0.054186172736348605 0.05047020995108589 0.08053220068731318 0.061547315036862386 0.0496362024874337 0.053331356452311005 0.043876486045811514 0.07315701732736905 0.07479514857630981 0.043948780488909205 0.03170590772251393 0.0630897148089526 0.039046934995482604 0.061038770655341995 0.016170335352801796 0.041256823937643225 0.07642600661659335 0.09286520404852575 0.04307247068684557 0.013614983709590375 0.007634008565721659 0.05405896435537909 0.09144056042351745 0.07398800239617326 0.036827628317193536 0.045078595319378106 0.0577034316433824 0.015344360903636894 0.023454731681956505 0.08235731787186229 0.039915273840865496 0.025822396741460085 0.038031226943770285 0.022563084961621863 0.02062055061778513 0.019729573626022737 0.03125648047211716 0.03169370260483622 0.06841769774603827 0.024776798333555117 0.02734298407755057 0.004984155537431635 0.034320863681934516 0.021615644247738614 0.06762458287971401
 0.060851674571998304 0.056222725930020166 0.04864117968736779 0.058749639272779035 0.018783238840645106 0.058283391572994614 0.05307274880565617 0.029353493249426398 0.051415782453806715 0.05631270984390999 0.043955765026839226 0.03552974516199633 0.04804304519813465 0.02247080831047243 10000.0 0.031998901874782014 0.038356560018728864 0.04145707282634459 0.06308014751081115 0.05212335758987826 0.04775023684678687 0.0416657011447801 0.03864828222944295 0.054744613851745554 0.0523249538433055 0.04534873142508563 0.04164858552979762 0.04350732441714472 0.038504296501154035 0.06050408236234835 0.03288769309971018 0.03271715288867198 0.0540643236177195 0.07067645235670564 0.04468084695247478 0.016657329420642835 0.026786162017970287 0.03729379444310089 0.069061021016441 0.053537875399740045 0.014865038467047731 0.031993604898158924 0.05720022837967506 0.03473215900586718 0.0064638439008423785 0.06784650235807378 0.04681893029890561 0.030998713518489505 0.0216861209836029 0.03592767848811119 0.037552125759220775 0.009427197076149453 0.01822679882445901 0.02826561805668787 0.05318273185249067 0.03526032519030136 0.04066975858700563 0.027188128288040382 0.014798920687808793 0.027138748068861986 0.05348435203785593
 0.08460317686246252 0.08241688574048331 0.06410940850318714 0.07857111837273931 0.01630542200678004 0.07928925019557408 0.07933192075378127 0.006872157156967483 0.031006515693424337 0.055290706787230984 0.0448464989839227 0.007505562496899113 0.038986157128001166 0.04719141836145285 0.031998901874782014 10000.0 0.06011618417843429 0.015317649364470911 0.07822395689945102 0.02279210489552973 0.07853426797845561 0.06745219614095327 0.020198739430779572 0.026884072765283058 0.0459380387846796 0.07699969702163058 0.04312806860830667 0.019825578124455144 0.027398592481269527 0.0405984538225222 0.04697213672267195 0.01352749820442012 0.043871362301984795 0.056068743373668024 0.03316635550787593 0.03393974811048549 0.05410869191911477 0.057916997226877244 0.05708676052978095 0.06238403443278229 0.023101801429663418 0.05810397422356011 0.0381226811993142 0.062317269541397616 0.037748943184098646 0.08741608827369582 0.04181851169164103 0.03341479416924083 0.010312967145166477 0.04460674211077187 0.06671576828413767 0.04142606496337982 0.04758476451333812 0.022202435715990593 0.02152169931804288 0.06655074008357834 0.04698687551467899 0.05007091550323591 0.039168812113812373 0.05889778956701941 0.07508038394722859
 0.024492449178735932 0.02371385129216216 0.014578722526102149 0.020394286598264717 0.05404628317017871 0.02007011661421634 0.021003930297760733 0.05407968500217778 0.05996597539333795 0.040195046618200884 0.033052796454565034 0.0665290448956045 0.08613670170481853 0.054186172736348605 0.038356560018728864 0.06011618417843429 10000.0 0.07405161091321658 0.02648113584344383 0.08289980592643952 0.0323807298090811 0.01097932861367243 0.0741289350637049 0.07077433585451104 0.04475811551616971 0.037129284216384964 0.07983801276997529 0.05905942193173777 0.07587994379574654 0.09671868104757884 0.06885338563465106 0.06706704594006838 0.05003446311812684 0.06566580247322634 0.08232429570993807 0.05437389974476153 0.05348744751843568 0.002803311148152941 0.06133528616519277 0.026096260118790755 0.03750485127425836 0.010330511927653394 0.09357976237219413 0.057962716260899334 0.03313522822154672 0.029493686686246526 0.0851599031754614 0.0693517700128856 0.05199252507815364 0.07326767976933765 0.056336369577058676 0.03505028987290169 0.02293964909793066 0.06561268781657098 0.07627047409708794 0.047159387597464984 0.07818861828831011 0.059009931240950275 0.023865877309941493 0.04009441972368614 0.01540537144266322
 0.09841076884429237 0.0955047617765462 0.07903590566443904 0.09310011739547232 0.022734999956925347 0.09362671464144158 0.09237158924595115 0.022189655209527204 0.04288817876424132 0.07029581290123796 0.060113597927868904 0.007884910610860428 0.027524893515191978 0.05047020995108589 0.04145707282634459 0.015317649364470911 0.07405161091321658 10000.0 0.09329721628634849 0.011145793982832818 0.08920075509807235 0.08051194007637309 0.009108812794463779 0.034293512377689725 0.06054177237610014 0.08659466565073472 0.03594741835184056 0.03190453019018172 0.017892010713978994 0.025399194581138252 0.04511298267229376 0.009324312859635612 0.05789478157614811 0.06832440617000485 0.021627305329285307 0.03697206801438569 0.05801728654062993 0.07202514165751149 0.07010482235559629 0.0776860279873319 0.036547502654640074 0.07090749677840552 0.023117225083492104 0.06573895464604247 0.047824053582381246 0.10205288052895292 0.03177448772423553 0.02936414911749152 0.022088483193444686 0.04061261348040924 0.0710391448834713 0.05046994237861584 0.0589283473396796 0.01925087020062843 0.022995036018558422 0.0730473995028501 0.04141045972293512 0.052001666454961896 0.0517235077203853 0.06644980307594739 0.08926572940011254
 0.0243563626790688 0.031970062654222794 0.014668152597370563 0.012248430332955203 0.07620662015324876 0.01550647337658232 0.03175171258203678 0.07148377713842018 0.06745995181532051 0.03594558752126925 0.03750062904643896 0.08543260859058223 0.10945523427864608 0.08053220068731318 0.06308014751081115 0.07822395689945102 0.02648113584344383 0.09329721628634849 10000.0 0.10046293121452621 0.05174399452752592 0.03154663114897485 0.0952291578057959 0.0808342414666082 0.04580504217274343 0.05857068623663853 0.10467775913108948 0.0708451783371464 0.09845824903392442 0.11767167272041033 0.0948082908426702 0.08781055425746262 0.05181783916783137 0.06266100509735026 0.1050518304364869 0.07960957248645308 0.07996569914284403 0.02648373822275515 0.05718277028080474 0.018799282503220948 0.058229045339916734 0.03642969497671929 0.11476095490726582 0.08425841933831438 0.05862273471898718 0.014049816067602403 0.10917913139815635 0.09376829334616435 0.07219331399638872 0.09878911329566813 0.08225528495877499 0.061120500366991626 0.04929045859842568 0.08846358943593065 0.08978456834385279 0.07259817220975937 0.10363014523511035 0.08539768803362517 0.04829144459434429 0.06615347617763931 0.01773299007696951
 0.10738142374488656 0.10501712770519536 0.08658455679374884 0.10128463279099185 0.03358441982730621 0.10205561984858082 0.10191176055905052 0.029161092974152092 0.04353989489965625 0.07446245623061398 0.06545051549667268 0.01683488268499892 0.03351968722870998 0.061547315036862386 0.05212335758987826 0.02279210489552973 0.08289980592643952 0.011145793982832818 0.10046293121452621 10000.0 0.09976377107005142 0.09002532720124182 0.01859522193456178 0.03202927275680492 0.06394828405021878 0.09741255110991012 0.04445664255689771 0.03372622605918608 0.026570559972221946 0.024179692660454742 0.05538605677952918 0.02046939292909264 0.06038818909844156 0.06830990483187468 0.028216387543063864 0.04808942394285721 0.06911496220288513 0.0807090477435928 0.07093313177656964 0.0838760620343894 0.04567718501186261 0.08055691440806477 0.023271244709057715 0.07677890560913715 0.058399650993097955 0.11007354442309487 0.038674044030468514 0.039461916836918465 0.031664473452085146 0.05033317208606949 0.08213835982301607 0.06128227654450747 0.06919054264917848 0.03008352917308369 0.018615929856440193 0.08418315238701392 0.05047940634211253 0.06293514023404768 0.06144340020383925 0.07751586546335569 0.09786808335287724
 0.03160258955537675 0.022428820603237053 0.045401196525037005 0.04011924402503575 0.06652501686452278 0.037218277140588875 0.021042307731209624 0.07423529196063301 0.08793442524415811 0.07253271790082329 0.06444347367502727 0.08301971097750825 0.09174030846003615 0.0496362024874337 0.04775023684678687 0.07853426797845561 0.0323807298090811 0.08920075509807235 0.05174399452752592 0.09976377107005142 10000.0 0.021989639729211734 0.08600270127815335 0.09629766553933748 0.07622145387450056 0.007990940428610685 0.08110781482435529 0.08419800740993559 0.08437230014330686 0.1069515963505846 0.06569581996405797 0.08042770060550143 0.08104353070161346 0.09734979609850614 0.08980835677098647 0.05758897906209198 0.044535317717209616 0.03484197008135138 0.0933120040175603 0.057958490718693675 0.056270681630970744 0.02518366750345296 0.10357834293648867 0.04414498005282451 0.04138415825392598 0.04541295438826073 0.08879628033593817 0.07337910197123833 0.06850389276268048 0.07218845845346614 0.039379518506593596 0.03904293374868886 0.030999743644105137 0.0746830485840177 0.09841030339375212 0.02894204293736153 0.07697600849315461 0.05290000904148951 0.04027778759168719 0.028110950347978097 0.03403212286681037
 0.019436336483376455 0.0149997399523113 0.02344277180780575 0.021580501292769685 0.05918676204980801 0.019618095511488475 0.011886509330078671 0.061896264834033134 0.07027057680330426 0.051003123872213896 0.044006006881573786 0.07332390526825586 0.0895844306167962 0.053331356452311005 0.0416657011447801 0.06745219614095327 0.01097932861367243 0.08051194007637309 0.03154663114897485 0.09002532720124182 0.021989639729211734 10000.0 0.07949708930766898 0.08046626018029115 0.05572887528225263 0.027686554181084913 0.08171883799093077 0.06855283369407425 0.08013721285063871 0.10183205397779184 0.06898266917923933 0.07281554268914359 0.06096377596252482 0.07664406738705275 0.08634654597481856 0.05623966503405085 0.05109846256685677 0.01371261372162277 0.07228954318539328 0.03597203879544122 0.04437073885688482 0.009733016727695531 0.09858319389115987 0.05414392388202506 0.035579348614286896 0.02942788453667457 0.08793127655007545 0.07195469587281568 0.05850184959792599 0.07421461052787565 0.05142677764292025 0.035997523530587584 0.02383155609259388 0.06986298357754198 0.0849964586957773 0.04140753375307702 0.07919487823349328 0.057819807918333764 0.028821086235810877 0.03578749066299872 0.015068399336797359
 0.0980772497796835 0.09436194993632424 0.08069073214035453 0.09385899718411653 0.02031044950981303 0.09407034678833963 0.09120653101301977 0.026558317579285597 0.05029760322281718 0.07515671216220887 0.06421141648339267 0.01336330045566337 0.019207094547201212 0.043876486045811514 0.03864828222944295 0.020198739430779572 0.0741289350637049 0.009108812794463779 0.0952291578057959 0.01859522193456178 0.08600270127815335 0.07949708930766898 10000.0 0.042874845399608785 0.06608318300209788 0.08267422066417451 0.026841692979933215 0.03909308886565689 0.008794996239680875 0.022614518213992747 0.036791926471778605 0.007488399643707556 0.06405976703126488 0.07568483029164197 0.013264847248129557 0.03084888090173967 0.05150787282676526 0.07235889592330452 0.07704033707611879 0.08075827062972604 0.03715345569588993 0.06977268426741749 0.019568601336958407 0.05887468805770247 0.045109534782194816 0.10294325115888177 0.022957839899102658 0.020867493479703778 0.023069361426152336 0.03185187473050294 0.0644797398891921 0.04695997590294006 0.05677174760472486 0.012225555882400608 0.032064111107268964 0.06749740081152214 0.03239235979754316 0.04480582514022168 0.050803138313088386 0.061589956722060246 0.08951817379565542
 0.09412132054432351 0.09448116718967169 0.06909997911935897 0.08512934063640253 0.042729155557409144 0.08680407477444574 0.091696267885268 0.025975517083956238 0.014207118154584319 0.04859769004728701 0.04333744732220631 0.030404691561129148 0.061807501967186776 0.07315701732736905 0.054744613851745554 0.026884072765283058 0.07077433585451104 0.034293512377689725 0.0808342414666082 0.03202927275680492 0.09629766553933748 0.08046626018029115 0.042874845399608785 10000.0 0.03733255334090715 0.09654208323836415 0.06879554953162427 0.012100527453611834 0.05147438326579587 0.056162377131956834 0.07385368490741287 0.03850327234876923 0.03229130079687914 0.036688588637608696 0.055888123549086614 0.06035618164741501 0.0796196808256122 0.06807954235891193 0.039934382960460785 0.062355697977292006 0.04132617899015269 0.07253306640179344 0.054975597083925874 0.08788274907772609 0.059152548095131284 0.09286842618271031 0.06583252788254274 0.05990790637635295 0.035127594174861165 0.07126100998277027 0.09170417365329354 0.06369022012908714 0.06610075056450831 0.048597629880017874 0.013650773696087349 0.08997457567338325 0.0732886993077853 0.07643411622676297 0.05625769222553545 0.0816416218774884 0.08356531660666869
 0.06382126597313587 0.06689574676662387 0.03710213054320048 0.05279041357186911 0.05336864746934927 0.05518399726549363 0.06473598403868182 0.039584315473195616 0.02315556197748865 0.011269572681382591 0.011784818109430916 0.05323684011155002 0.08436781296257782 0.07479514857630981 0.0523249538433055 0.0459380387846796 0.04475811551616971 0.06054177237610014 0.04580504217274343 0.06394828405021878 0.07622145387450056 0.05572887528225263 0.06608318300209788 0.03733255334090715 10000.0 0.07937954187450222 0.0855426815817128 0.03037044847784281 0.07255292959804395 0.08583620991480331 0.08301448601707041 0.059016765757884976 0.006021938805113082 0.021151930520062867 0.07873718593860052 0.06630433433658492 0.07856478753197114 0.04201840277290136 0.01768185281827587 0.027046151507210736 0.03855539007229098 0.0511535689045014 0.08365877489032934 0.0859714141565795 0.05270415095774945 0.05911085969567369 0.08638896038674508 0.07440392378358633 0.045755578500872716 0.0836932201268663 0.08737025684709146 0.05753872492991501 0.0525468113395246 0.06487353868768556 0.04886442254825491 0.08151836755239579 0.08748879522205857 0.07946418022432165 0.043701624698377795 0.07277735471339676 0.05319234508909616
 0.03940232120094378 0.030291477040982864 0.05098001658803629 0.04728488619276866 0.06386826970827543 0.04451498328593754 0.028700862920637175 0.07328211480207801 0.08919759758673076 0.07669805109253776 0.06770387407569375 0.0808783114237569 0.08694440483196147 0.043948780488909205 0.04534873142508563 0.07699969702163058 0.037129284216384964 0.08659466565073472 0.05857068623663853 0.09741255110991012 0.007990940428610685 0.027686554181084913 0.08267422066417451 0.09654208323836415 0.07937954187450222 10000.0 0.0756431365634215 0.08450270057365873 0.08031552367580516 0.10292181308287235 0.05973551863626399 0.07757284683728673 0.08384734432257274 0.1005174209469338 0.08543378495755159 0.05318214464180413 0.03820567303635465 0.03930607334876219 0.09679202058296837 0.06317343639868991 0.055635277160432255 0.028448770113964846 0.09953960935989184 0.036966215401868244 0.03927983643232472 0.05304474704796213 0.08365555610466666 0.06862406624156876 0.06676943099154277 0.06646065996086274 0.031872261017202766 0.036134218949634235 0.03044397538064953 0.07097954282342789 0.09754058961913255 0.021643744473086934 0.07112843694099355 0.046772806026131146 0.04032151990611283 0.022389403592012372 0.041005462382297735
 0.10115515687086536 0.09527736562440124 0.09015310628697829 0.100208702340833 0.03220523586280245 0.09953855861013468 0.09223050797537369 0.04757620211302948 0.07405929461447396 0.09271801066549064 0.08061642279473985 0.03839145874538116 0.014281682780079942 0.03170590772251393 0.04164858552979762 0.04312806860830667 0.07983801276997529 0.03594741835184056 0.10467775913108948 0.04445664255689771 0.08110781482435529 0.08171883799093077 0.026841692979933215 0.06879554953162427 0.0855426815817128 0.0756431365634215 10000.0 0.06293988696661523 0.018115564699041416 0.03344789773800319 0.01686134178666159 0.030312177233237415 0.08491550709238296 0.09872520720728035 0.017093322348986587 0.025555670834602466 0.038160734299061465 0.07890600675952546 0.09914125968381216 0.09380893937843558 0.04917081635001323 0.07245839027490254 0.030539932320576536 0.04295981226756384 0.04674708735358564 0.10924725828971694 0.009030380571350687 0.011348888118574749 0.039899416875789885 0.00967430327096501 0.049278337144609004 0.04572135784676825 0.05798556689854471 0.021153845377917955 0.05881867741545006 0.05597598308706332 0.006739032675498871 0.02954329384376682 0.05644217861259473 0.05327304020478016 0.09469405730305644
 0.08272913450110655 0.08272570399933778 0.05836910412159693 0.07423140814054191 0.03377084339995857 0.07572575916313196 0.07989489041526181 0.01633664985343129 0.011239855774641882 0.041202145050279596 0.033746155202037734 0.025736197100253416 0.0582608638842835 0.0630897148089526 0.04350732441714472 0.019825578124455144 0.05905942193173777 0.03190453019018172 0.0708451783371464 0.03372622605918608 0.08419800740993559 0.06855283369407425 0.03909308886565689 0.012100527453611834 0.03037044847784281 0.08450270057365873 0.06293988696661523 10000.0 0.04695323751162516 0.056493913318214 0.06562176648668293 0.03314770806918596 0.02666902462621343 0.03659403624005641 0.052340920865193645 0.05091498117446377 0.0691600880941074 0.056405793086533755 0.038200389855069246 0.05285101636825164 0.029571736501149238 0.06048942212443232 0.05464964376219093 0.07739482131803091 0.04753588462299061 0.0822771974119582 0.061459451565830873 0.05299230601134481 0.025586405648300725 0.0639571035255273 0.08086535421118497 0.052194091288007255 0.05407283524145448 0.04191765701780248 0.019097833662322518 0.07856239143990408 0.06661628345018933 0.06672573910546808 0.0441955476344043 0.07010225492079951 0.07228173204587116
 0.09918902608614731 0.09472351813021625 0.08380249991159772 0.09603201332012835 0.022251777117520178 0.09594877571887439 0.09157490862535476 0.03308319939343143 0.05819307257704372 0.08102469870822009 0.06958187933605253 0.02139432307792074 0.011828630131618941 0.039046934995482604 0.038504296501154035 0.027398592481269527 0.07587994379574654 0.017892010713978994 0.09845824903392442 0.026570559972221946 0.08437230014330686 0.08013721285063871 0.008794996239680875 0.05147438326579587 0.07255292959804395 0.08031552367580516 0.018115564699041416 0.04695323751162516 10000.0 0.02261127260155879 0.02959237809125761 0.013872172285429066 0.0710075361904976 0.08342799500574685 0.006610501441575159 0.027216577532623746 0.04660974020388399 0.07437313206658643 0.08447481534163616 0.08510552804644882 0.04033866410112599 0.07043174398617992 0.01923021035926383 0.053403010676379765 0.04478308823722175 0.10516843587872599 0.014524455480132587 0.01389445912373453 0.027571091147651917 0.023937429649039783 0.05931883469242277 0.04571970233017385 0.056670182205123196 0.010295869063959105 0.04085896303857163 0.06350555755433253 0.02391986532669219 0.039136755568397824 0.05207855707158832 0.05848313010291024 0.09125853100368779
 0.12057306093459273 0.11660682501070108 0.10318840244507176 0.11647286834005253 0.0427492092358315 0.11667856064368971 0.11345081563847276 0.04743745457046075 0.06699492126313755 0.09569062365449511 0.08544476921794206 0.03309290155128336 0.019172179232647954 0.061038770655341995 0.06050408236234835 0.0405984538225222 0.09671868104757884 0.025399194581138252 0.11767167272041033 0.024179692660454742 0.1069515963505846 0.10183205397779184 0.022614518213992747 0.056162377131956834 0.08583620991480331 0.10292181308287235 0.03344789773800319 0.056493913318214 0.02261127260155879 10000.0 0.04924616777480254 0.029900773306119687 0.0829426431285758 0.09213665727113442 0.017996201655387584 0.049780708411469435 0.06844932492594197 0.09496853783805177 0.09444935025191757 0.10271063147247224 0.059737130751243234 0.09209903725065322 0.0033822684310263634 0.07466557270313488 0.06690162923210446 0.1255545656606616 0.024738962570571548 0.035232219636175066 0.045490296319438725 0.04241436005315802 0.08079694238287065 0.06816406734057685 0.07873031232952317 0.03238888533658531 0.04279316481454425 0.08573221517244684 0.040174105799757026 0.06047753532070911 0.07327351951179704 0.08101897301354932 0.11211455874845616
 0.08825128171255352 0.08160516432237881 0.08075353400431391 0.0888443444601037 0.0318996147448777 0.08776288440485147 0.0786728061701146 0.04930241848752338 0.07602781087176477 0.08842629675122292 0.07602869797834436 0.044693151410862685 0.030480321366065533 0.016170335352801796 0.03288769309971018 0.04697213672267195 0.06885338563465106 0.04511298267229376 0.0948082908426702 0.05538605677952918 0.06569581996405797 0.06898266917923933 0.036791926471778605 0.07385368490741287 0.08301448601707041 0.05973551863626399 0.01686134178666159 0.06562176648668293 0.02959237809125761 0.04924616777480254 10000.0 0.03699331463190437 0.08358444376236596 0.09900896555543541 0.03158262872029776 0.016818408226012306 0.021686483264819905 0.06839943493047787 0.09845311273854647 0.08640172483665033 0.0445671712512322 0.06032557333776259 0.04610156774033753 0.026098866811167513 0.03627945108426892 0.09764355720464347 0.025765346132844848 0.015940769076988957 0.040210499330591024 0.0071870432666941535 0.032417244499109626 0.033803150812057425 0.04605013131789537 0.026215203557771814 0.06631970857859995 0.03942097116737419 0.011434612346151259 0.013016036092217667 0.04702588448935877 0.037594489816919145 0.08291104352676497
 0.0911717380081197 0.08775081297661555 0.07329917336791662 0.08664368589549176 0.013951836155060574 0.08693206562753024 0.0846008835649415 0.019433929080652078 0.044381953110126805 0.06787421921025519 0.05680491952135908 0.008118573534286288 0.0255006757159387 0.041256823937643225 0.03271715288867198 0.01352749820442012 0.06706704594006838 0.009324312859635612 0.08781055425746262 0.02046939292909264 0.08042770060550143 0.07281554268914359 0.007488399643707556 0.03850327234876923 0.059016765757884976 0.07757284683728673 0.030312177233237415 0.03314770806918596 0.013872172285429066 0.029900773306119687 0.03699331463190437 10000.0 0.05725399394151363 0.06956611008253073 0.01974863905945759 0.027707853441146388 0.04877049751221631 0.06522365139765553 0.07061090723626613 0.07327000848917932 0.0298554924505153 0.06312199141341804 0.026950419862822834 0.056563618636590034 0.03915506219446 0.09570526962028741 0.02832742533934623 0.02182369400452114 0.015620229867707513 0.033281799391385425 0.061785845054490064 0.04151088375162979 0.05055548395791847 0.010779470906927303 0.02943264915778089 0.06372752000200553 0.03488429077065671 0.04298091992249134 0.04401679903557365 0.05719406382879845 0.08242650117950895
