NAME :TPP_input_22_5_5
NUM_VERTICES
106
NUM_CLUSTERS
22
Full Matrix
 10000.0 0.05825515171880244 0.011031422366154314 0.07854334485515331 0.022594496953385577 0.02990206545961723 0.0651940626824193 0.019223213088512367 0.07683677039687338 0.06374502531222546 0.09298796115463469 0.01695488091540632 0.004422885981570429 0.08507205874748319 0.06721260330708047 0.09383326960915103 0.08472106578922245 0.09135752336565141 0.07176917829292333 0.04065698840460832 0.08642992521761288 0.061505277660350806 0.0524952577727689 0.05257093392462969 0.05460230060794237 0.07979245221179383 0.06035820640612547 0.059799342918157035 0.09704034698707623 0.05386909673821591 0.07585273604079226 0.06041101090067174 0.07714058367374386 0.07587168904078767 0.026203685954706263 0.01170783385141726 0.012614961583501554 0.05998178954606708 0.07297776482399822 0.04981037735712943 0.04640628747139847 0.03765225117009123 0.046428335413786874 0.10043783777354628 0.08313193223542886 0.11311599193534337 0.07510092501504148 0.025649524881621425 0.08039151614977494 0.08699037487054308 0.0487067857721469 0.044009241774036915 0.023941293271386926 0.07147716254146269 0.005255027495428421 0.08568411742355023 0.04432027365801357 0.06931439239794016 0.047193761241127744 0.03907334388384963 0.08116852262487337 0.07124971559728933 0.06314927718318322 0.04942415823353075 0.06956993758301369 0.08302835911904648 0.07897288459391923 0.07932712021627641 0.03077520088870523 0.061344793852637566 0.06976780158410432 0.03245964422333309 0.07784083926526693 0.09221569008270211 0.03673916381730321 0.03658143989146293 0.04559636596173917 0.04820333635582993 0.07976157021350519 0.05993090225410849 0.022012013431863372 0.07605988972592226 0.012729639215269522 0.06447296264872178 0.0721513013807944 0.042687200976710055 0.043655104793791276 0.09159608430189314 0.02802535537046992 0.0565266670867861 0.04907049417466063 0.0705197239337122 0.0716237549564346 0.01606870614804703 0.05983965002608578 0.0365127646624362 0.11128535306116655 0.04809208788384454 0.0770462367077761 0.1084464287314458 0.09132390643602546 0.06820872608343419 0.031805153360495705 0.047772880375175124 0.09753294447690132 0.04751257683852056
 0.05825515171880244 10000.0 0.06692890086953832 0.03712873177107304 0.05128971898219661 0.029740818972885746 0.04078226729195544 0.07696603673612601 0.018849937709387983 0.027148817121616653 0.037661289710269184 0.06141188373721323 0.05406722282162507 0.04857374877184733 0.010631599747886012 0.037795788556036075 0.027869424940546964 0.03403430646176807 0.013676436152681607 0.034516463657226985 0.028655027502827637 0.03555548869674637 0.013145539115806607 0.04046231512786981 0.035761700735739387 0.043302663625333956 0.05029158778057498 0.0555530387816788 0.04056842433045441 0.05237514876692588 0.045122118605350627 0.016175931020743765 0.05294294961522933 0.025852195812520382 0.03610508491281112 0.06576897112991592 0.06826946704545836 0.024367811908260453 0.03177113080633693 0.05685589906614109 0.0375865486995756 0.05282091527023205 0.03281899137356064 0.045149100694732706 0.03764285093765799 0.05529710633971174 0.0297435573978689 0.05245502600593695 0.03391230597411295 0.03098136079246772 0.034928895671860014 0.02456415815479846 0.04689079649523983 0.029152304628231082 0.05800803327668934 0.04395693772014659 0.033720864836540486 0.041079880461876404 0.046585129894391536 0.04106106265725335 0.024708270560599405 0.0150897219582558 0.04653683507623475 0.025796929568001534 0.03489010807311465 0.02477372259991403 0.027988804552919373 0.02530195509866381 0.030680683530101394 0.007166401597016538 0.020398527936909695 0.03719379682469282 0.049283889768461445 0.04144399246013273 0.04516840000237237 0.02789415729395253 0.02599524770892542 0.03333390039459319 0.03775059188763826 0.031340444674415685 0.06920543845989736 0.048688636659668105 0.04553371578668334 0.04138157466851613 0.023659757486718495 0.04052014595896472 0.019916925337232293 0.03411862652611461 0.05735399548655991 0.007664303715909648 0.025390361083036658 0.057600201876455676 0.05862825712031691 0.04490977394975256 0.02041695428227433 0.039919098211136976 0.053643366947622444 0.030529525270922484 0.042522246434973716 0.05048166409392745 0.03568489043806749 0.03774233593692359 0.02729764269631885 0.04262393289258865 0.04350474663428283 0.03483651376966957
 0.011031422366154314 0.06692890086953832 10000.0 0.08925233382760547 0.02290409437800929 0.037495910036394166 0.06808179750090056 0.010508521002219728 0.08510414664440041 0.0688743374262076 0.10268576804027665 0.012215672223463415 0.013815237338461179 0.0886002887434937 0.0763975692620857 0.10109836637688524 0.09404256961149553 0.0991295127374972 0.08058341021977321 0.04447073834247033 0.09545229845675744 0.07246708825683944 0.06236286638682576 0.063600848351968 0.05788049332786082 0.09069324633387611 0.0712813085774706 0.05937108580089305 0.10440852263807256 0.05366786928618533 0.08684785468428534 0.06707064814737815 0.07892862356708426 0.08599338818441561 0.032308324490785925 0.0026532965062802324 0.015633058238711656 0.07057226182070292 0.08361544456010626 0.04828073937406312 0.04925661511411098 0.04810469781090225 0.05031360300100294 0.10736975653705638 0.08839080210050164 0.1210014557099171 0.08554794681951856 0.03607238066957989 0.08595763818020118 0.09436023994144327 0.059708831918999984 0.04981177833284063 0.025997422559082172 0.08203065428472038 0.008998122005620793 0.09013533308728837 0.04809400950745755 0.07247509889801895 0.04798991685449051 0.05009025239621658 0.0905542955412923 0.07902839721208041 0.0741636237057854 0.05460442880071248 0.07382467567159913 0.09160949374736523 0.08906006536063936 0.08908798427134225 0.04116415216783282 0.06926416286495143 0.07981307878198428 0.0365091703005036 0.0803752803732089 0.09818936324390608 0.0476555862064939 0.04712566327539056 0.0562848533893536 0.05917706973693073 0.0904582223723105 0.06418373196523 0.013288605806340763 0.0785081219573257 0.022365134191415642 0.07549611198956441 0.07849845012375488 0.044927209840668156 0.050540423725426956 0.10075884955748086 0.025299367053658706 0.06596694869885919 0.05434178357121091 0.08138555227405257 0.07173367441973708 0.022314279129813132 0.070217205809325 0.03923803148238398 0.11906183723314934 0.052397491058964046 0.08070130699267215 0.11647054053061687 0.0985071151844292 0.07915158480470504 0.04154160240378191 0.058774067573672574 0.10415576393726901 0.0585140999044713
 0.07854334485515331 0.03712873177107304 0.08925233382760547 10000.0 0.0808311547624833 0.05838645937385578 0.07766786655258959 0.09746665299324332 0.039320471861119095 0.0635375913624887 0.026855319716822538 0.08806663386137766 0.07545939426244448 0.08201682949351968 0.029183674265439958 0.055865880884352896 0.0282425420424129 0.04950910735658408 0.0328413093356457 0.06952419754491106 0.032905588733954313 0.019502600810872444 0.030567550207793844 0.031449747516915635 0.072818063036944 0.007572351556724212 0.03348136121576829 0.0924746897458033 0.05656051456954572 0.0889301606408592 0.013518069593297478 0.05270897509703757 0.08916257479677314 0.014001706739901603 0.06536855080514409 0.08906872667164903 0.08415200540904129 0.01887237852987524 0.00597264805003815 0.0926338946018551 0.07374933162865857 0.05292354446273012 0.06904905893975667 0.06273665710191655 0.06845243005021577 0.06171729584327545 0.007794853561504491 0.06030126147901968 0.06493816930007686 0.05165570433271068 0.03179488014171587 0.06003523351098651 0.07688723973482794 0.008312664110055906 0.08060076842046436 0.0757348523696222 0.06955707991791933 0.07749386246281906 0.08256928774156454 0.04316578179471066 0.02630546745866729 0.043610905960280694 0.027155841272696872 0.062491430876102066 0.07068877562351557 0.037213762789830296 0.014594950970053651 0.020280986645049775 0.04826212588594726 0.04277936166019818 0.017122177144923915 0.06975323736316717 0.08496736678036591 0.06686301993308179 0.04751072235817069 0.042186588029645554 0.03296799165211333 0.03162739686581262 0.0012731933251258444 0.06836193115268228 0.09590815633030574 0.08465592927415791 0.06719556211819322 0.020856848762264398 0.056230564989592544 0.0759475188987902 0.054587490004993175 0.03341329915692242 0.08818670019612626 0.03121499960745564 0.06202981503373415 0.03382534567862353 0.095689372140642 0.07075282269632217 0.0203589370127223 0.07389038697584874 0.06150325790064997 0.06703625131371731 0.07740152415042088 0.05698791239807469 0.05541824571461983 0.013656516915089154 0.049171883548706205 0.037128607664514625 0.06394786063128229 0.032854994115044014
 0.022594496953385577 0.05128971898219661 0.02290409437800929 0.0808311547624833 10000.0 0.022652487113418603 0.0452669062616758 0.03294156787874364 0.06776888167609647 0.04732400311843637 0.08881539101869601 0.012044604922995977 0.0195946395288235 0.06589338188896428 0.06170784327760826 0.08158744956058797 0.07915839851664891 0.080498867357024 0.0646947862623572 0.022490623381622013 0.07967296297713501 0.06751670889730453 0.050852031452428614 0.06187986108017763 0.03525763960189432 0.08407912892018614 0.07169459905641813 0.03733967886408119 0.08501269086971258 0.03145581743415535 0.08192048581208568 0.04741116139942914 0.05605010525274984 0.07430223628340814 0.015663349779786718 0.020503958082930745 0.034718383991774904 0.06214902561685634 0.07487626272895644 0.027237422532284075 0.02656269263146826 0.053577569316878876 0.02817731796088432 0.08729246786037956 0.0666848910202375 0.10227505553555136 0.07552015550597611 0.04287046612389492 0.06455469912554027 0.07512263274720667 0.05641709628938262 0.029766420731198964 0.0044270663868847095 0.0727904816230636 0.017905443711678185 0.067840798138591 0.025943467147883894 0.04971349530249173 0.02524141609224442 0.050178022416634105 0.07596741755524297 0.06087318832525387 0.07267157599586586 0.03350924164103377 0.051539336695282566 0.07481077835138256 0.07710645716100246 0.07582114920169046 0.034739626041682924 0.05175342496183838 0.06803288393636997 0.01538476324794648 0.057482996438909646 0.07705696370229706 0.049796008081044035 0.04058465962568825 0.04964249618129921 0.05532244180715194 0.08189888680180447 0.0420149930301705 0.018768587916247217 0.055611064689704635 0.020257933925183907 0.07194737782495626 0.05808801275054531 0.022092383759550666 0.03219869660792165 0.08524397622064754 0.007909793993269045 0.05263802338984559 0.03336054556805113 0.08207597817832091 0.04940087576300618 0.01234251966830816 0.06053559237347092 0.016704106479937007 0.10016404112604448 0.030528920125935465 0.058070419939807376 0.09805226417306805 0.07890851428936126 0.07356703740292612 0.032124124664186404 0.05856765133049524 0.08370651631030718 0.0553055163999641
 0.02990206545961723 0.029740818972885746 0.037495910036394166 0.05838645937385578 0.022652487113418603 10000.0 0.04039161077413144 0.04777274333718875 0.04762031443495512 0.03522558185584145 0.06670056314275155 0.03178412452373493 0.02550480449182202 0.05817519752080691 0.03975088793524795 0.06397138024314748 0.05740252458800075 0.06170947303966289 0.0434076125595331 0.017659503957623696 0.058395484063764644 0.046443527006863015 0.028209377736072204 0.042954892942923296 0.03003633448056553 0.06202994548066329 0.053569453411615536 0.043448796719093255 0.06720884973931288 0.038036015279429215 0.060482291926443055 0.03060005488516232 0.053741896426764434 0.05168261177462991 0.007010322382066824 0.03616680211968172 0.04141049399733342 0.039909637704594506 0.05241673816604582 0.0385113867119154 0.024332616319162878 0.041542134514994986 0.021753328842944973 0.070536250020261 0.054092239192675494 0.08355684439516807 0.05289624534866478 0.034577257786485044 0.0511098410117791 0.057151475030297515 0.03687762118468386 0.015576268988105626 0.01854476770881562 0.05026388647262565 0.02875002839995864 0.05748872994937775 0.020382261606319296 0.043698101828230584 0.030350355614614702 0.03392346790016511 0.0540621046820092 0.0415862546268334 0.053257559910705646 0.021584741115843655 0.04207656911883573 0.05421953411125607 0.05451941547094227 0.05346881906106792 0.01618279592154157 0.031776643546437715 0.04540549624637721 0.012964289779336067 0.052929612910181986 0.06258045166946316 0.035395053215479755 0.02060527194632214 0.028609763955130887 0.035509239503788405 0.05942372862627163 0.03292782861564599 0.03965310498935113 0.05140747313490305 0.017833965079209473 0.051406016709236606 0.04241592187420861 0.023336034387336814 0.013890202037522 0.06383765386541398 0.029809069208818453 0.030148528190358386 0.02110207478674609 0.06361738544868473 0.05241584754714568 0.015244685766951356 0.038036310613199925 0.01844774808402762 0.08165319522484481 0.022159073885807616 0.05020838609374397 0.07899144084250898 0.061443771626746406 0.052046097082334465 0.011579170495999339 0.04100854573224236 0.06765472355577713 0.035914522529234515
 0.0651940626824193 0.04078226729195544 0.06808179750090056 0.07766786655258959 0.0452669062616758 0.04039161077413144 10000.0 0.07820823644540148 0.04452100868909135 0.014508825202173066 0.07077212549401053 0.05706023934125524 0.06105699268718555 0.020766375811418127 0.048890414867348436 0.047628996524347156 0.06035019993748044 0.04977326970872758 0.04716234828929333 0.024642543884972445 0.05815763615729425 0.07494605591847932 0.05134328441406357 0.07669785968618116 0.01067675650987392 0.08405990414232456 0.08743832923501525 0.0203340569986459 0.05098000514771287 0.02126520129557414 0.08577736078686526 0.024978660056277278 0.013590835916564434 0.06519885338772394 0.04018205216656114 0.06574863966439251 0.07779434340131601 0.06442708745872258 0.07249432894587057 0.028955066162222 0.01889183982530419 0.0810738228004882 0.0191215812628293 0.050651314993523607 0.02595218990538492 0.06854978455637488 0.07005840244925425 0.07496030793091886 0.02566185231902932 0.043256671951201475 0.07042929581005636 0.025519497296451508 0.04215487469013131 0.0698701426751334 0.06170591953301046 0.024226162012112494 0.02104839962924044 0.00462119127900751 0.021986707226713986 0.07167431953650237 0.05878783052275768 0.03719054589061122 0.08498362474275625 0.019707918986870767 0.010377185493303121 0.05133483000701265 0.0665998310384156 0.062278074346547425 0.05466809339969344 0.03492534999023778 0.060607692060005644 0.032780751261693455 0.01273203147945 0.03759453801489946 0.07421421762226384 0.05659156631332128 0.060641299125456016 0.06878971419027097 0.07818705832304591 0.009583101136640208 0.06232023025348248 0.011074860786863521 0.05602282357869826 0.08077113569295079 0.026030982414537582 0.02317467769299256 0.030030271697627942 0.06333892104867879 0.045654354404784894 0.047763422129129846 0.02027721811497438 0.09615768752345441 0.018280885946605662 0.04938168320975755 0.06071411569051765 0.028936436694773138 0.066105256778766 0.01824206047131392 0.013355971462013606 0.06565381436930777 0.04504502361100192 0.07809984986343142 0.04935959850221254 0.07680623708961351 0.04612575683416478 0.06986217128497536
 0.019223213088512367 0.07696603673612601 0.010508521002219728 0.09746665299324332 0.03294156787874364 0.04777274333718875 0.07820823644540148 10000.0 0.0953053116181012 0.07935482142780573 0.11217386316564228 0.02137059830453777 0.02304738116542466 0.09881818662410695 0.08620706748454618 0.11153093289690862 0.10378597009072517 0.10947104217237089 0.09057786760802979 0.05486772826424331 0.10536087275758912 0.07991560019717654 0.07169906874816404 0.07022431365224223 0.06813319762184886 0.09835943740772567 0.07692054387887574 0.06840187338227928 0.11482743452650013 0.06286809392569122 0.09403747040059084 0.07754931669271951 0.08869416073214267 0.09509214475838801 0.042775373973830036 0.01253859805436768 0.016123040339722075 0.07904667854993548 0.09198493519423692 0.05694258759072844 0.05946655154038707 0.052622611755009235 0.060697280635942576 0.1178431184117688 0.09886796331901769 0.13132771218024236 0.09423794166240491 0.040929147220593896 0.09645485749639714 0.10477402689764706 0.06696480264263159 0.0603190798407547 0.03630409396623713 0.09055456176135351 0.01902843665951361 0.1005200913123839 0.05847060239929856 0.08265047032411713 0.057646071551417814 0.056607052355245345 0.10025632870953616 0.08935361872921753 0.0804290139505137 0.06510009742127347 0.0842029609601237 0.10170807735486832 0.09819503141517115 0.09852229103379519 0.04997916639101838 0.07954533003713062 0.0889909930315352 0.046965338839039424 0.09036513989633435 0.1086969333226165 0.05355690031414863 0.055719750998275655 0.06460658227777274 0.06662341899868568 0.0986980476493255 0.07457988283676222 0.018857101788283447 0.08847989789092622 0.03174190358700279 0.08243556102645219 0.08900049168934931 0.05503391631312555 0.06097753002535393 0.11059695255304085 0.03413217426892161 0.0756165414773277 0.06484154359681936 0.08667915428862931 0.0808917154373644 0.03269400678632661 0.07901644785956916 0.049497153941306236 0.12941185771638816 0.06282717670525383 0.09096171106962767 0.12676061191427912 0.10894953210660208 0.08667067980811811 0.0509563808871698 0.06503024205845036 0.11465106537809253 0.06578193813890901
 0.07683677039687338 0.018849937709387983 0.08510414664440041 0.039320471861119095 0.06776888167609647 0.04762031443495512 0.04452100868909135 0.0953053116181012 10000.0 0.030269090334662994 0.02625684762285735 0.07865783508727574 0.07258073137841381 0.043616543150015515 0.013861349042903377 0.020051520549314278 0.01592894187838005 0.01539658576355273 0.007800247505829925 0.04801758745047818 0.013753710349676332 0.046370392863941984 0.029439467767533412 0.05450219001305996 0.04396924650628354 0.046790949023884726 0.06281340692884742 0.06326210716500343 0.02235997125438604 0.06166321290541784 0.05114891854896879 0.022385628381461842 0.053398380693250196 0.025322003427728612 0.05341305695559853 0.08377880640890073 0.08708055853477699 0.03533370010703454 0.03599571439522994 0.06768476378097985 0.0489152350681943 0.07001227913679443 0.044467573551817956 0.027616896268869696 0.029410967318308567 0.036452232546866414 0.03172820592535061 0.07083136001619825 0.02608350023091451 0.013862166604311034 0.04999112533629627 0.03858426802350343 0.06334716584160577 0.03369789314737004 0.07628360952366693 0.03678916526219769 0.04605913151136644 0.04280521678363872 0.0575971849679931 0.05804704314522033 0.014987005257650902 0.007706854560314972 0.05782785367516799 0.037090683347000566 0.03530487240383588 0.007353376706682951 0.025351090989996595 0.019915414962809994 0.04943134994304 0.016045136014205742 0.023843598298834777 0.05274816811301244 0.048484480527706264 0.027950457985544273 0.06244564500596327 0.04617833860301315 0.04249222951039959 0.04857675549251593 0.039341528142078565 0.03692909692010711 0.0862506813281747 0.04863086506884235 0.06415483500849738 0.051617918810261905 0.01908159617489167 0.05292803802663771 0.03557765180623298 0.019203178055361727 0.07294541780879298 0.023433181302214334 0.03692500087924492 0.06804335689843408 0.06260526093282617 0.06285743627612848 0.03151182626405988 0.05412243960710661 0.03479687351137859 0.04175235434842617 0.04030252935913597 0.031665893460923494 0.018463865813514852 0.045900811157537795 0.046146894739729744 0.057899275730213834 0.027044038546331063 0.050216033272942356
 0.06374502531222546 0.027148817121616653 0.0688743374262076 0.0635375913624887 0.04732400311843637 0.03522558185584145 0.014508825202173066 0.07935482142780573 0.030269090334662994 10000.0 0.05645507816364327 0.059336752239036984 0.05935913146034576 0.02380402744229107 0.03454971618850245 0.03646222245345629 0.045980029009963036 0.03736409334771229 0.032653822745017075 0.024838633091582584 0.043996007151148514 0.06228302730615324 0.03882350128510294 0.06540344159241794 0.014998465109248026 0.07012428866481839 0.07588595260670114 0.03315462928983811 0.039942689464273096 0.0322076181188366 0.07225711219878846 0.010979498317962645 0.025803776922506908 0.05081773875778211 0.03754410121782338 0.06686492545704507 0.07595714674188819 0.051354492314631434 0.05853100878876518 0.03900085499929387 0.02236306385506197 0.07275934728035242 0.019320383784702765 0.04099699605506429 0.01951816208536649 0.057739100931480214 0.05585681143686016 0.06846841418727603 0.017231417199378384 0.03103284338950865 0.05930850721026243 0.019860806209685437 0.04336847741524826 0.055908870087557454 0.06124700587264569 0.022263644036107318 0.021510697766746075 0.013984502760201434 0.029657023168380404 0.06229387227918753 0.04431997147435584 0.022792177995253585 0.07283532404625036 0.014348302594958784 0.00810149689314181 0.03727956820250497 0.052142152606750015 0.04777181229505285 0.04664845937733771 0.02078197550004448 0.04642479833367351 0.03241236160883711 0.02225277269878402 0.02978767701652402 0.06544551931819412 0.047208333575890396 0.04956537712186498 0.05765213205618258 0.06400391322191916 0.007062259081919023 0.06582673442148501 0.021558915568774817 0.05272296649949397 0.06813601648324054 0.012848392748097789 0.027121841795534573 0.02200477555836097 0.049310885323704846 0.050042500406261896 0.034520812137408194 0.014679145097233084 0.08401026081009408 0.032788206134004384 0.04772741656372817 0.04748466437758454 0.030881577411468207 0.055400676210883584 0.016814712587256447 0.016420773984905802 0.054248577269106396 0.03375181548432264 0.06486369986577256 0.04148638319857518 0.06628463678473949 0.03698434004372628 0.058900791355388823
 0.09298796115463469 0.037661289710269184 0.10268576804027665 0.026855319716822538 0.08881539101869601 0.06670056314275155 0.07077212549401053 0.11217386316564228 0.02625684762285735 0.05645507816364327 10000.0 0.098466334331953 0.08916113458480901 0.0682300661392336 0.027116928564451526 0.03445798687524415 0.010544857079878255 0.02819870275250388 0.025158498014479832 0.07163248045076806 0.012940121269221857 0.04364102007258238 0.04050800134894567 0.05511494617394582 0.0696371080818129 0.03355225383579187 0.05949375324640834 0.08923463837535149 0.03393173877499737 0.08726464283125925 0.04028034621041328 0.047702687697622446 0.07935394613514636 0.01862365290399916 0.07339393470360171 0.10186300521352722 0.10117457195361942 0.0367234094271103 0.02792867106731927 0.0928255650275688 0.07365325422886639 0.07535049771036455 0.06899098471381059 0.039948675095219856 0.05346576253926264 0.035289477025762475 0.02307185736728145 0.08015350075712907 0.05068972403126178 0.032846428789562544 0.05326685069902864 0.0617252421258883 0.08444428431100451 0.027334691163705127 0.09368976414555946 0.06075393981465089 0.07028677930870049 0.0690199021132786 0.08257646065675796 0.06407060480698423 0.013046888439424467 0.03367438532948689 0.0533037522640942 0.06159010054373723 0.06149516009395557 0.01985977919035942 0.015608488714867728 0.01367916490696848 0.06257343447694409 0.03914777603475745 0.023834335583997727 0.07484695987145255 0.07427240840517048 0.047948234808476015 0.0687247645405425 0.057421482518202414 0.05001313353836674 0.05246100145801224 0.026026792435045538 0.06296253322175482 0.10635134938804056 0.07456344281894493 0.08046181663684321 0.04670969947391198 0.04519126243821077 0.07721764220440604 0.05749146826065586 0.009234459566013839 0.09501155752335474 0.03679239656516767 0.061317583006736585 0.060675361387790595 0.08885664144297138 0.08144231491427527 0.034943152564192566 0.07733405887927136 0.035367789840267456 0.06640182420383647 0.06596386268139444 0.030810812043331044 0.03505400355585885 0.03944202446680397 0.061223782590841755 0.060242742310432904 0.04245605965270304 0.054033538801033676
 0.01695488091540632 0.06141188373721323 0.012215672223463415 0.08806663386137766 0.012044604922995977 0.03178412452373493 0.05706023934125524 0.02137059830453777 0.07865783508727574 0.059336752239036984 0.098466334331953 10000.0 0.016344213196937647 0.07776209419407346 0.07153242615692823 0.0932151075831876 0.0891710031682166 0.09186608051650946 0.07502305341540624 0.034518242026499876 0.09003667428186266 0.07298125776293082 0.059165200358880725 0.06567365280798627 0.0472179934816589 0.09050350829722603 0.07456474952584008 0.04725764191621289 0.0966145435842124 0.04162025163872696 0.08752873938273865 0.05898494134322484 0.06732885120708715 0.08295065915607326 0.02533883296643206 0.0095736245211101 0.02669571350915786 0.06919552972952073 0.08220730200778134 0.036074988698577504 0.0385097606672735 0.05351668716280286 0.04022144245922926 0.09907329743001297 0.07872234193490009 0.1137121124957298 0.08344165025862145 0.04177318968851341 0.07656322759431387 0.0866603453232025 0.0608922331805469 0.041347287294114056 0.01602851274621603 0.08033164333830128 0.01177190566825244 0.07985945128293721 0.037987262822559216 0.061557576765737254 0.03627636031616369 0.05280777619859367 0.08584462795174977 0.07201930243923321 0.07650765080391667 0.04541229531197526 0.06356710705877222 0.08553549935441447 0.08588899893424357 0.08515447409868859 0.04014149384164826 0.06261574163898322 0.0766690785684449 0.027152941813264633 0.06908010273238757 0.08903702646431814 0.051362763879681125 0.04627108363452779 0.05562400906362094 0.06005459455781502 0.08920583221537966 0.05405711784058002 0.007929918173875011 0.06718524840742149 0.021975332222655283 0.07678686068537922 0.06990174635338436 0.03393570323675738 0.04318336839132537 0.0955293445020479 0.0130879746405078 0.06179179799373082 0.0452362869306598 0.0849248569075407 0.05967963526536806 0.01738520723748665 0.06814588911766628 0.028735549541441148 0.1116482576505519 0.04255792681987785 0.06999389481706779 0.1093893820254467 0.09055530482686797 0.07940762279455271 0.038937724764341784 0.06154030630668017 0.09556718558046838 0.05971711290599555
 0.004422885981570429 0.05406722282162507 0.013815237338461179 0.07545939426244448 0.0195946395288235 0.02550480449182202 0.06105699268718555 0.02304738116542466 0.07258073137841381 0.05935913146034576 0.08916113458480901 0.016344213196937647 10000.0 0.08081624759852395 0.06317440108062433 0.08945724133524716 0.08074017428979914 0.08703332749698041 0.06762740369834025 0.03646248372623438 0.08235389465892955 0.058914340885204385 0.04872823330029432 0.05053893073640849 0.05043339804839298 0.07702592420912388 0.058857849310181815 0.056383763225865136 0.09267414944539551 0.050431173431714396 0.07337076956926941 0.05599272415640807 0.07316459080067952 0.07226591806765331 0.021815145681170375 0.013709002121823619 0.016774772525936444 0.05675992637901313 0.0698073531687016 0.04678005236909704 0.042340268693514004 0.03718759301070587 0.04219881371699407 0.0960400277909909 0.07872958990400682 0.10881378029075277 0.07173839208044516 0.02543431130807263 0.0759778189277824 0.08262127385804925 0.046299489034327214 0.03960322119810684 0.020356034844074614 0.0682155583683686 0.0053637739780485645 0.08133334435586438 0.04011469810913778 0.06512816074096359 0.043554821961606746 0.03725800232484414 0.07720896857017803 0.06691691325209059 0.06126117087648628 0.04504922779836327 0.06525018882963192 0.07883830046550035 0.07534652944988857 0.07552401162461769 0.02735135159124125 0.05702333869898483 0.06611238276648437 0.028281960371007577 0.07373448476898661 0.0877930630322241 0.03538714193972821 0.03331344768169396 0.0424971257854228 0.04567496186107302 0.07666152700806259 0.05562410843709056 0.02266014931866934 0.07197067578385458 0.008700737375669024 0.062177779437830996 0.06772922443416818 0.038760971200176325 0.03923731882086661 0.08756525196113127 0.025823813272320997 0.05256939953539843 0.04468952412606617 0.0691417673895733 0.06802021906897641 0.011759589947239666 0.05641505176911847 0.032540411953448256 0.10696796026516037 0.043803837751044475 0.07278375974797456 0.10416332189824465 0.08694074245399215 0.06555417496835296 0.027938210208975647 0.04601707149477361 0.09312019760464893 0.04510557447242833
 0.08507205874748319 0.04857374877184733 0.0886002887434937 0.08201682949351968 0.06589338188896428 0.05817519752080691 0.020766375811418127 0.09881818662410695 0.043616543150015515 0.02380402744229107 0.0682300661392336 0.07776209419407346 0.08081624759852395 10000.0 0.05317383031378775 0.03748366859785312 0.058854664854435024 0.04196207256672737 0.04921130477527753 0.04446681761529176 0.055360786226800324 0.08410090095524647 0.061278431405916656 0.0884203060442534 0.03072655968434072 0.0891998402987996 0.0986426799353142 0.037764194615932535 0.040164758836455684 0.040578764854366595 0.09244785904373037 0.033255132341067264 0.016026178032118317 0.06827062510771534 0.05931969673702483 0.08631888179878373 0.09758933973865408 0.07280934599234196 0.07779134576493706 0.04838238775946826 0.03935425085220677 0.09656303226178653 0.03865367565538584 0.03754373593139422 0.014804310695671345 0.05590355243443582 0.07423178750061489 0.09206503290757052 0.017629814793941028 0.03597394976645715 0.08247821885365836 0.042601735623148874 0.06260802187571829 0.07525126548770947 0.08188803047868587 0.007913590964689922 0.04079442861020988 0.016210999096929937 0.04259845085232291 0.08602388078188526 0.05852852783762985 0.03840617772666416 0.09510079523711648 0.03659862556250751 0.01615541316999671 0.04857858727956465 0.06875054980155705 0.06347960389756162 0.07042061999003744 0.04147349323369148 0.0652430844747829 0.052660531100206694 0.010966454879519935 0.02388254497494596 0.08923636899627047 0.0709771779482095 0.07285088762893463 0.08082744308826444 0.08222607843991717 0.02536885310646732 0.0830861702706261 0.012690020230358793 0.07503751617087173 0.08990493362138675 0.02587313526345531 0.04382944388110685 0.045593434451233726 0.059463616282473784 0.06641259245990838 0.05623568600041439 0.037073964468353135 0.10617380455244756 0.029078000573937654 0.06905857625976432 0.06878650017796437 0.0493627090146283 0.053419665272181914 0.03703913765053248 0.008041461909134604 0.0542612208892983 0.03552620434007403 0.08576628941511316 0.06522665195604513 0.08968758200669252 0.03280778895323088 0.08215646594200265
 0.06721260330708047 0.010631599747886012 0.0763975692620857 0.029183674265439958 0.06170784327760826 0.03975088793524795 0.048890414867348436 0.08620706748454618 0.013861349042903377 0.03454971618850245 0.027116928564451526 0.07153242615692823 0.06317440108062433 0.05317383031378775 10000.0 0.03386230484669714 0.01768288509294393 0.028772349004709652 0.006130051828790152 0.045071217341565 0.019265739023626986 0.03286985544660003 0.016416828622780048 0.0406434931494758 0.04522677018465299 0.03612760551857571 0.049116635284442704 0.06512909448763497 0.035986044226403335 0.06231972478989703 0.03933586252588489 0.02396569787365754 0.06002286894987877 0.016319781078047806 0.04634410922552373 0.07539719688058996 0.07647040537245317 0.0216382506281341 0.024635141104068566 0.06714160975383578 0.04783713248999322 0.056588005567884694 0.04308032243559264 0.04142933865865833 0.04029069499038987 0.048421328428231214 0.02141883709345827 0.05829197821610897 0.03662745235194921 0.02770544906541322 0.03617419868135986 0.035111290968718574 0.05733117138140684 0.022080536540301815 0.06741453529672305 0.04734572572086221 0.044114942224279224 0.048433574712102787 0.056847885875333855 0.04461231144469772 0.014312713142527174 0.015102448549579615 0.044332664630915064 0.03586818434111409 0.04152529212944653 0.017162881424856405 0.017971645190945223 0.014731130088131327 0.037929001360062206 0.014086559479960719 0.012128650038136256 0.04779947287694534 0.05578399638827602 0.0410833204768765 0.04910581335969981 0.03384127589352789 0.029058829933175004 0.03478633341748146 0.02956129594909304 0.039852424970528835 0.07938411496356645 0.055487528100389594 0.054511038107595985 0.038317682362681064 0.027300701345919758 0.05097353182799198 0.03054836703751397 0.024390860211729152 0.06791357477184687 0.010948389134150005 0.035508969952929965 0.054826980657180835 0.06709284471683191 0.0547125777409619 0.01773003627525447 0.05053985841118584 0.047089348572286284 0.04067187577255288 0.04825575447620665 0.04342206328264415 0.03232515599927787 0.03314645521370222 0.03553636008023027 0.04407777966513066 0.04088302992138557 0.03643472497032956
 0.09383326960915103 0.037795788556036075 0.10109836637688524 0.055865880884352896 0.08158744956058797 0.06397138024314748 0.047628996524347156 0.11153093289690862 0.020051520549314278 0.03646222245345629 0.03445798687524415 0.0932151075831876 0.08945724133524716 0.03748366859785312 0.03386230484669714 10000.0 0.027923862305731968 0.006444033349170404 0.027740386036188284 0.059818518015216246 0.023338066615006446 0.06578128072767331 0.04936384736565053 0.07443371206891744 0.05143349355397988 0.06342500064758383 0.0824010101359855 0.06794810103008347 0.0034878965072556454 0.06809709495660532 0.06875480525647272 0.034231608457877455 0.051665359974607486 0.04233259917630183 0.0688038224469122 0.09947867888210565 0.10482945361459442 0.05504139358372486 0.053749992654824406 0.07525102050358567 0.058593335729254 0.08996129335448177 0.05496789554340783 0.00756779710375119 0.023391541539511916 0.021276920987298706 0.04895340592325228 0.09024833227302068 0.022277531408718673 0.006900840918520874 0.07002941422719755 0.05187265227461866 0.07729807107821686 0.051767933492597805 0.09259639631741554 0.029570237621448524 0.056990387728318756 0.044221173214711015 0.06611499265939891 0.07801437353166533 0.029563262563720258 0.023004989566927935 0.07715595193323761 0.04838241688395746 0.037252880821514955 0.018837610171275544 0.04127157885836884 0.035604450218037924 0.06836216144131466 0.032855162714830174 0.04258182349643882 0.06620282486453494 0.04615327993563066 0.014290515664422142 0.08236480315633453 0.06564961374476261 0.06248358627958228 0.06862365848113941 0.055574606927789615 0.043398943218542506 0.10035600727708967 0.04707731240129313 0.08140990018496473 0.07075832736104071 0.023949283220936722 0.06323175593230106 0.05055810513925225 0.025233244952972172 0.08549079809824946 0.0433001721096906 0.04843997412165427 0.08695388924214706 0.06349951504367347 0.07884194753265082 0.05133909596315437 0.06610132808035171 0.018949314402291653 0.05224617743604339 0.038069182637289055 0.018028108224664587 0.002721691854710951 0.06455130528389297 0.06456781770684991 0.07793575926178571 0.008161095751988402 0.07026480767440281
 0.08472106578922245 0.027869424940546964 0.09404256961149553 0.0282425420424129 0.07915839851664891 0.05740252458800075 0.06035019993748044 0.10378597009072517 0.01592894187838005 0.045980029009963036 0.010544857079878255 0.0891710031682166 0.08074017428979914 0.058854664854435024 0.01768288509294393 0.027923862305731968 10000.0 0.021490686466413556 0.014800309399414973 0.06134997786719381 0.004665870918634598 0.04120672932034902 0.03277598556729594 0.05169775639222782 0.059092912476508025 0.03573280615157036 0.05781139235350197 0.07869660002958043 0.028367887685489885 0.07672517406706005 0.041502149942953655 0.037161721700046564 0.06928707359275622 0.01565073806095455 0.06392387833914795 0.09306846973516292 0.09360209945814339 0.03218273928336455 0.027027569089374055 0.08232987235547037 0.06319432701679874 0.07054055249799508 0.05855473828962018 0.03455650100998016 0.0442469403904375 0.03502263825834571 0.02197825755177218 0.07398656917263556 0.04122627532613074 0.02468020142074354 0.048753949291293036 0.05149145971037038 0.0747569830253226 0.025504792443990537 0.08505270917209563 0.051625377071566295 0.059897081244437544 0.058728172920486155 0.0720946416007686 0.05881244827732852 0.0036512195471418256 0.023187863408515346 0.05198449342226799 0.05114260995618852 0.05123325804385409 0.010372202802055119 0.013832251191569023 0.008618058927759195 0.05489386727173098 0.02874674911379495 0.01844262565425639 0.06488328264460788 0.06431104553383797 0.04013935642984152 0.06346354352492292 0.05023036197713024 0.04384582162446063 0.04769207138202392 0.027837954932759146 0.05243884222420588 0.09700338696510877 0.06451011344700217 0.07205564166366754 0.04535290225526795 0.03499534769108557 0.06683096995901615 0.04746250522030913 0.0072241752892479244 0.08512443849344441 0.0281972825805558 0.05088356187430999 0.060788265603345555 0.07849379507026993 0.0723949498841023 0.02946442943558788 0.06714473742420912 0.03435720913749687 0.05594411371823094 0.05606695637498205 0.030033869124518924 0.027824678426151887 0.038493768218094054 0.05294293780552797 0.0562781492467777 0.036078542844743204 0.0493387283041965
 0.09135752336565141 0.03403430646176807 0.0991295127374972 0.04950910735658408 0.080498867357024 0.06170947303966289 0.04977326970872758 0.10947104217237089 0.01539658576355273 0.03736409334771229 0.02819870275250388 0.09186608051650946 0.08703332749698041 0.04196207256672737 0.028772349004709652 0.006444033349170404 0.021490686466413556 10000.0 0.022667240372581672 0.059341864318204395 0.01689535106459427 0.05999272522603482 0.0447768380478557 0.06902671968484925 0.052307405716978506 0.05705879050129769 0.07667128028169644 0.0698971942139484 0.007373236064676466 0.06950789294711782 0.06248313834748212 0.033215449564383014 0.055247605660636176 0.03608624216651247 0.06699561671619232 0.09764313753516828 0.10196359110067543 0.04947138367511883 0.04754578363328782 0.07635988881347125 0.05884294743937418 0.0852860245221766 0.05489012904750602 0.013358617711369782 0.027340978877490534 0.021884310070082673 0.04269421729295693 0.08622181247506905 0.025478976963004846 0.006525150576321453 0.06486925984406426 0.05075578216962406 0.0761352917612999 0.04562935618628224 0.09045692188726787 0.034121543813469435 0.05678956124751465 0.046790051698512435 0.06683451373209914 0.07331050629710992 0.02323024963715502 0.020126176517280842 0.07129920472269216 0.04792879050992348 0.03947842072013239 0.012742127993479164 0.034922384974824895 0.029280307448634826 0.06470782264557934 0.030012735833949325 0.03666702802617957 0.06516693926516587 0.0498081690339997 0.019902152588177062 0.0777500879802512 0.061568180979111396 0.057743733733254594 0.06351703393239522 0.04919467889989186 0.04442309147975425 0.09921829902762239 0.05053817874376255 0.07877291249741691 0.06483857099803303 0.024517046731589786 0.06331889005918986 0.048771264068985395 0.01896491526880621 0.08491933195967807 0.03880738049421362 0.04790961012277396 0.08092257384452006 0.06650733574787802 0.07681530924659458 0.04588689710462651 0.06561975130500174 0.01994411294225228 0.05213129004416609 0.041522300741821706 0.01755652574374585 0.006908735125406526 0.05849394083611323 0.06123745741587573 0.07275338245346864 0.014605067495009581 0.06517196081594356
