NAME :TPP_input_22_4_3
NUM_VERTICES
85
NUM_CLUSTERS
22
Full Matrix
 10000.0 0.02005352068588567 0.03774633559836297 0.022196563651455944 0.03650966718869361 0.07026519122078566 0.028072863237898385 0.020354254806382244 0.054930722542427896 0.04018418885436235 0.01987568946533935 0.03403978348095593 0.054520647130316686 0.0646816949795162 0.05736055839985608 0.04035093763996239 0.03312749418498126 0.015582855460690392 0.014275755808131008 0.07081556075755653 0.05214143830442145 0.027106463881571407 0.049846628070985305 0.020904612059483716 0.06216756926475795 0.056056674584350694 0.023378211730302752 0.06222976876552175 0.028904032947750364 0.05455704284151378 0.028569906080553462 0.07007930358415024 0.05937512170504789 0.01576929574830015 0.028182512632834823 0.04954285410311774 0.022328969161584708 0.027910590242566324 0.05191976474638534 0.0024073659139299515 0.05560398452412935 0.06440639483636519 0.031029675331361313 0.024283020241217104 0.020882156336890518 0.02340435800318734 0.013631053902593034 0.04336652257266865 0.039991319306123346 0.027266194104467883 0.021392789521319452 0.05025400245991336 0.06697291070359176 0.03006178524561181 0.028532524091876572 0.0878121862098032 0.016567664663008026 0.016680666347717327 0.051052626174364804 0.07104044244948556 0.01636032787283682 0.03012654349729879 0.01750219959364882 0.022766817806017137 0.03290381712939606 0.018063444114311034 0.04621578125265954 0.027824975191458542 0.042637116161377185 0.02026337271534506 0.015948547895966714 0.07097838894745274 0.0533239886509139 0.08341232527112843 0.058218977273777395 0.06436038350359438 0.00620157407594011 0.02777133605541284 0.019778759609437736 0.07426501449642424 0.06319735461521041 0.04280865797421714 0.0369111838993996 0.04036654458506478 0.06807376094526944
 0.02005352068588567 10000.0 0.04978511415058075 0.042177418014457645 0.016749678858738504 0.06783235039519026 0.008618964442938883 0.005500869502432477 0.04914525254889435 0.020138676558264776 0.0380102139942301 0.04556741153759094 0.07018323425781747 0.0835832056498329 0.03787721775337965 0.047566728333908986 0.04806362598584425 0.03283327185043904 0.0341302291678294 0.05210398951894783 0.03542687056966731 0.011767184577521368 0.0473042652975572 0.011643298620906245 0.052640868774218676 0.07030100544813701 0.040616048201860315 0.06882992058845534 0.011407355192415723 0.0472863633322764 0.04838319086621078 0.08181169100630581 0.06423124930689787 0.020326749923740197 0.041861680862960285 0.04112660032186417 0.04131280281380652 0.04647092679586281 0.033246442517404974 0.02237522149466403 0.03623204027294352 0.06249808604077244 0.04888825937966679 0.04147915753262612 0.02193841491175462 0.028679855021292378 0.015522667221832301 0.06341667081245364 0.059455592964446274 0.04623063391328918 0.012854540535196706 0.05928934084831331 0.05121648337232128 0.02987097748674463 0.042797475585165584 0.08872449182769158 0.03644806286892528 0.02620970641164749 0.06695792155945737 0.06727114191790247 0.0068727951198551875 0.010674184110428682 0.03736109879742592 0.02212405248134813 0.03228614261723322 0.035406856608739934 0.06267421889279884 0.028446473120907003 0.023318001269872494 0.033300502544141915 0.005089495993199917 0.0814345120913215 0.03964196145146328 0.08626155663045768 0.040496717977412444 0.05597275175340097 0.02585660945637067 0.040187110934765895 0.035390681173325465 0.0826814050399642 0.046639702205623496 0.05373295069730884 0.052272085469474976 0.02949737903066966 0.0643544367315419
 0.03774633559836297 0.04978511415058075 10000.0 0.037127371370214324 0.060412216442055466 0.04836497961560778 0.053506169013600315 0.05338175198830056 0.04386659191296251 0.0655002416265935 0.022480749326190038 0.004245249817841691 0.02284527803753558 0.044630004692753085 0.0761127688024477 0.011987751915784994 0.008767949218173688 0.02347636386262816 0.031060831001001033 0.08451521745161128 0.06364377100326178 0.04730361569854646 0.03496875963192332 0.05662637341594667 0.05578927007469585 0.021043292014184825 0.018585040346335298 0.027485463666731113 0.050747715177248576 0.04643835610186046 0.041499128039767526 0.03252265161294054 0.027528285259661 0.05349575892749486 0.058656350599571874 0.045703912405308 0.024641682690054716 0.04832334915870147 0.06860473141361965 0.03618921405089214 0.07412471840126987 0.04295303304160751 0.05249855904313655 0.05021794579978188 0.029372722674223098 0.06046323374920764 0.0510831411404943 0.04429615988550653 0.031354049589675685 0.024117788753429847 0.05745448911542441 0.014090808024789181 0.07273205541624513 0.02719207165058245 0.05813366392083826 0.057978290806874055 0.03728809623170836 0.023688087839603314 0.020569483847487652 0.05138338612446359 0.0504875471242537 0.059961941901932186 0.037629973318546076 0.0604977350433209 0.027450272711417645 0.021857260707277355 0.018739618614264552 0.06547493573758671 0.06345729914897381 0.017595784787344308 0.048705559298686675 0.03323899267826249 0.057994969384941294 0.0513262063977157 0.07082629903969423 0.05512424083010716 0.03804720476155699 0.05979568731092645 0.05042830226225993 0.037174440132988575 0.07170962109600164 0.005526018923542848 0.009991584072249557 0.04559727343851019 0.04900182879108802
 0.022196563651455944 0.042177418014457645 0.037127371370214324 10000.0 0.05870620260371308 0.08120381710142548 0.0502678887054044 0.041745164087098253 0.06977377147970526 0.062312858498801325 0.015368035945013948 0.035336726732055325 0.04427383067867724 0.046535813646878275 0.07951105576350886 0.04553405363307452 0.028908697460514495 0.017830854446451955 0.009909258223910691 0.09268935740821724 0.0733819234606118 0.048793137642757396 0.06273929745401192 0.040545532020474145 0.07912395993177951 0.04823930888059567 0.018694018599563683 0.06461098262450045 0.0508914634475992 0.07047863988300457 0.006719455700807955 0.06484288065258095 0.06409503922717945 0.030439213860667284 0.023411542925009195 0.06660965582294928 0.012485689046390084 0.011208794946462776 0.07387191726996575 0.020001711347994142 0.07773286790367741 0.07532350495575109 0.015400586272736305 0.014053661197054229 0.037674550104377695 0.03255493121595531 0.03170364801502155 0.021375241892928186 0.021616295096250966 0.014346779936715941 0.040601406540282325 0.05120862497290051 0.08749050727386277 0.04469828036245601 0.022476439012143946 0.09446945502808296 0.005824003512183893 0.0291633764917494 0.040768835042408295 0.08309160233824238 0.03765384169804505 0.051887548436267444 0.00499557501244723 0.0371531874602255 0.04714814680942436 0.017503515216829742 0.035492193367766975 0.03916398197447647 0.06478530419384364 0.025998081607472814 0.03776651382997154 0.06750003594268876 0.07313701861639922 0.08828809786734876 0.07978053690828259 0.08041661149717978 0.01636022658030225 0.025413578971902957 0.017182813281641313 0.07325002976351226 0.08417988122018653 0.042591354420941134 0.03060410108737157 0.059541775625803255 0.08027961180073825
 0.03650966718869361 0.016749678858738504 0.060412216442055466 0.05870620260371308 10000.0 0.06606745792469067 0.008455976157871355 0.019275971819549587 0.04607484905058257 0.005182244235150655 0.05293084445682843 0.056204075488828505 0.08238482976827417 0.09824051193630169 0.021153327199903357 0.05518423041968745 0.060625538872532136 0.04758627674945763 0.05021490027047407 0.03574249385630868 0.0218931791559119 0.013108701328460993 0.04740398765266564 0.024355021744805472 0.045542539274016476 0.08144814582006299 0.0549237475444322 0.07435226857012725 0.009680352557378672 0.04303102668964245 0.06501950875270593 0.0906978010921764 0.06869465778106178 0.03570403587954771 0.057785114786360774 0.03664133288837955 0.05663363985311005 0.06320957827739478 0.01727210124789114 0.03873970634665337 0.019562035879438635 0.0615734944111255 0.0655563729677077 0.05810332372731816 0.031058821352140976 0.042958117789921826 0.03130205303490448 0.07978999293169384 0.07488021272032162 0.06142628409847422 0.02530120064239317 0.06720711627172181 0.03768544852149701 0.0353723320950138 0.05884129288473225 0.08871905086444348 0.053040877585844984 0.03850674997451943 0.07942741069661477 0.0643764134751211 0.02276339926743888 0.010689156671219002 0.0539653083209942 0.035222800228126294 0.03680736132448422 0.05004437647289243 0.07566723912357784 0.04079419029504117 0.006955421446640204 0.046048627363474155 0.02166495094789471 0.0893505510575923 0.029490463412275056 0.087955775278702 0.025318216614587975 0.049692739619564066 0.04247995105636079 0.05583277317636483 0.05186710984770274 0.08897003328418053 0.03247107965736254 0.0633445985846735 0.06488992610946709 0.025006297252818208 0.0617090104498912
 0.07026519122078566 0.06783235039519026 0.04836497961560778 0.08120381710142548 0.06606745792469067 10000.0 0.06477214010830486 0.07330438916034604 0.020050682723542726 0.07045690737060907 0.06598964686333567 0.04789785827655856 0.06419462522650983 0.08941991340874277 0.06826918367013596 0.03691351930286009 0.056731480285599434 0.06366801164933555 0.07234670839039214 0.06718929506199535 0.05243879732004762 0.05745473380525526 0.02078518766389579 0.07918628353135142 0.026147946506620626 0.05837317397563169 0.06341351577445227 0.030676581408609425 0.05998012661841736 0.023553031175180334 0.08695470946043032 0.05323993163687009 0.02489167294416796 0.08336532084373241 0.09782407104252068 0.02966033014187962 0.06968244673938093 0.09194172732646179 0.061302392870440627 0.07026309617926019 0.06675557733899447 0.005922862487837752 0.0960580939831379 0.09154555668106862 0.049835967041532134 0.09226545476300078 0.07895027707859083 0.09243425474830191 0.07971464072962331 0.07093715005097807 0.08037962227527912 0.03850122755774667 0.04958441372308489 0.04039320988674808 0.09787042416514308 0.023353206142017604 0.07903315756688237 0.054399108951565335 0.06398517240258968 0.0046615118824595795 0.07303698113000032 0.07302695989845014 0.07972226862265556 0.08821630617326458 0.03754359693048897 0.06370288404670531 0.06482446511370031 0.09454159383684861 0.06382927065900641 0.05532081081492915 0.0705368588728011 0.0482281889624428 0.04175871837487629 0.025690492610506207 0.057312960503230245 0.021812385340198002 0.07430546697139907 0.09783407119373248 0.08909111746751211 0.04140864528711258 0.05255198384442148 0.04470249953140869 0.058306102585802135 0.04107155076305684 0.005241352287652025
 0.028072863237898385 0.008618964442938883 0.053506169013600315 0.0502678887054044 0.008455976157871355 0.06477214010830486 10000.0 0.012346995605940938 0.04524852149687357 0.012693643755037867 0.04466786218417323 0.04926493660461266 0.07500691885739601 0.09010659471700082 0.029386886347024355 0.04940364042434114 0.053050663144826836 0.0393443590685933 0.04176490492816994 0.043486273982292406 0.027246951090709803 0.007585153432023466 0.04494995719641774 0.018266518665243325 0.046972715247001015 0.07444689230775837 0.0468127893199477 0.06961907901474111 0.004819095034680263 0.042804146317075 0.05660925621882414 0.08460782678314552 0.06439790506676782 0.02856609932499708 0.05036646592771586 0.036421688381009044 0.04829535495219189 0.055006778878577224 0.024630730013053142 0.03029032925198332 0.027697015338674223 0.059809201392842425 0.05748422787419796 0.05008972267278448 0.024249741593541298 0.03649724510847558 0.023895442680137137 0.07133435104640164 0.06654124324377986 0.05312038884720377 0.019383372128866826 0.06140330230211987 0.04316216160327327 0.030122547459974284 0.0513363615509401 0.08666725654273513 0.04462036493960194 0.030838915465854898 0.07194923293646324 0.06365772095276026 0.015181470757003592 0.008289133401691406 0.04554793063425163 0.029293204312032396 0.032026839101799084 0.04183677102443463 0.06800448797847448 0.03533873191453761 0.01474031496231264 0.03832629352409308 0.01369059706381559 0.0836569154965078 0.032576830579351984 0.08506830368091589 0.03199264191074937 0.05069606040528687 0.03407843403546707 0.048602516276550725 0.04400734203699638 0.08397223153185014 0.03838608287917172 0.05683934458925039 0.057315087800638605 0.024418155192226704 0.06083672217995466
 0.020354254806382244 0.005500869502432477 0.05338175198830056 0.041745164087098253 0.019275971819549587 0.07330438916034604 0.012346995605940938 10000.0 0.05464518459075951 0.021513011087233993 0.03961604108507911 0.04921924239628493 0.0729677932460665 0.0849311585099218 0.0402307538008976 0.05203239168965881 0.05090998687595816 0.034693237797980614 0.03461773011872451 0.05501761946631612 0.039590729381397516 0.01704983133252956 0.05273894353575517 0.00623685500642435 0.057984756158210214 0.07351420035985233 0.04261778199022406 0.07355119492339807 0.016152000799969462 0.05276397445456152 0.047591547541489164 0.08569511391476989 0.06915283356941743 0.01644517442824442 0.03850966029860621 0.046581020089276615 0.04251418721493597 0.04473233929369959 0.03643861539734374 0.022761506611632915 0.03874306522101679 0.06794512251757474 0.046756897670485124 0.03923801178177227 0.02661981764432197 0.024151757019152946 0.012059124608754536 0.0631199849808229 0.06034145996942807 0.047466903014291205 0.007437245066465232 0.06357064615083403 0.05550910342036969 0.034976503749817485 0.03957470660539454 0.09407541698724153 0.03592576709796528 0.02969581458215404 0.0696463111865771 0.07276834527397381 0.004091462657277712 0.01027973343230724 0.036791548015406135 0.01706626956173041 0.03747542929667986 0.03728798400829749 0.0651470898383323 0.02327049027577899 0.026191416332894648 0.036349804475620064 0.004789245957945618 0.08557867007863476 0.044555261987229734 0.09146415872982061 0.04414242109760056 0.06138179505606655 0.02546339130341617 0.03657413942400125 0.03282483124157376 0.08719094617468151 0.05070907918288641 0.057609498606217516 0.05503628279279649 0.034881640354106826 0.06984967744364509
 0.054930722542427896 0.04914525254889435 0.04386659191296251 0.06977377147970526 0.04607484905058257 0.020050682723542726 0.04524852149687357 0.05464518459075951 10000.0 0.05041374775939393 0.055567185302607895 0.041686153275509064 0.06456539731955616 0.08831154315781575 0.049100053762380094 0.032105735838364666 0.05059815204941284 0.051983489734984005 0.06013613156368797 0.05025580539209296 0.03322181787211231 0.03816656337957258 0.009025159689247116 0.06072555139929518 0.012286701462788761 0.060097043635876264 0.05404603216429693 0.03858002582819373 0.04043026796833939 0.004181553637609561 0.07613052110615876 0.06067631793454515 0.031691993658136366 0.06631981316314227 0.08309761799390084 0.009637309482071156 0.05975632693202349 0.0796497815925115 0.04183019687671495 0.05543653238585158 0.04746586260016846 0.016193601313805067 0.08355077795733923 0.07805309607354802 0.034066993437848574 0.07532258026360207 0.06164337571788074 0.08463642053351628 0.07338640262199918 0.06225212224144472 0.06193495087861269 0.03969951163214186 0.03395129071057074 0.025367118355407496 0.08337951611039228 0.043138235215012005 0.0664859720547351 0.04089998203564849 0.06326495123888723 0.018424268211677038 0.05489085172577869 0.05342302537276036 0.06729793346230445 0.07042841287124406 0.022723864747584775 0.052752903716273516 0.06244465134439575 0.07682761906642302 0.04379958087895793 0.0441888079756481 0.05240020965136031 0.056918991647445794 0.02292764240083328 0.0438473269489005 0.03884276377797697 0.011314621674036253 0.05985863114777321 0.08266232962568414 0.0745589003161159 0.052651223705196024 0.035492030027120036 0.04234170861225476 0.053451086396396036 0.02113779171693493 0.015663460152978592
 0.04018418885436235 0.020138676558264776 0.0655002416265935 0.062312858498801325 0.005182244235150655 0.07045690737060907 0.012693643755037867 0.021513011087233993 0.05041374775939393 10000.0 0.05734622626849259 0.06128340712851859 0.0873665483749161 0.10280023704071502 0.019081813046092827 0.060366142153989666 0.0655276133613001 0.05203011365252114 0.054160671156501534 0.03436445729985486 0.023613333112570776 0.018220066597957205 0.05218380790977992 0.025699519446973636 0.049017157719568806 0.08652642357915377 0.05950396328095704 0.07947539465019644 0.014756105710232236 0.04719397659862858 0.0684776841895175 0.09587638440191469 0.07376950953877164 0.037561149737861683 0.05968577973919419 0.040868694585638694 0.06093050540263638 0.0661494358864604 0.017156578844922117 0.042487951784024536 0.01783427286438363 0.06611979125633485 0.06826115464900201 0.06074758678478527 0.03613038216674504 0.04409791005432152 0.0335010599978056 0.08355066217469527 0.07916789039721246 0.06577629231117088 0.026478436886328525 0.07238930220501753 0.03880266888849003 0.04055241748084072 0.0608310734946361 0.09328396796412061 0.05657150802854153 0.0433513680625248 0.08437408376237583 0.06858077535880118 0.025366410616510886 0.011557234989922614 0.05747984029740458 0.036081625311087794 0.04196722671732449 0.054527900435656675 0.08053779300908125 0.04117807628744556 0.007790765018874138 0.05087640137697836 0.024699324564767026 0.09453137538509904 0.0324173795915415 0.09274263917749706 0.025636430409195343 0.053316262910566244 0.04597743311459593 0.05754782752390767 0.05433042550711809 0.09411276510986838 0.033323778075741786 0.06849051110104687 0.06979411244166737 0.029529693554012117 0.06597689384265315
 0.01987568946533935 0.0380102139942301 0.022480749326190038 0.015368035945013948 0.05293084445682843 0.06598964686333567 0.04466786218417323 0.03961604108507911 0.055567185302607895 0.05734622626849259 10000.0 0.020199464781450457 0.03504062841327055 0.04557793321163432 0.07244046786271091 0.03017566070578765 0.015211467712247509 0.005360796571617557 0.008777122595917453 0.08414306891339336 0.06379811353788953 0.04104996153048428 0.04805764926118745 0.04076878712729919 0.06566116977231037 0.0373389376062058 0.004155258039389415 0.04977359821236334 0.043865062625853754 0.056683170093848684 0.020983875339542695 0.05272457527048418 0.048881209161580126 0.034260867560199325 0.03619944799315759 0.053455891506746234 0.00436562208992591 0.02646898297806779 0.06591846053471223 0.017624041756806888 0.07053065012692854 0.060135149624705155 0.03066578935922195 0.02777437613969899 0.026087987286474396 0.03978528196375003 0.03323264656251778 0.02996494481966415 0.02208948053219084 0.0085799194073368 0.04126835490634318 0.036511287688910675 0.07660653342489526 0.03126007705023973 0.03565516061307075 0.07917951401956283 0.014807949512909969 0.016773783159126518 0.03151195778180746 0.0680257356400645 0.03582975298467345 0.04863711164511533 0.015171363942163021 0.041540983153698474 0.03339662114416034 0.003167875541261829 0.02651474640400298 0.04554110149487948 0.05802956667976669 0.011391425260924657 0.03491580830983627 0.0545834515743915 0.061783733029656444 0.07317269215141263 0.0706587509263858 0.06651805766427862 0.017534473290288413 0.03743935637209339 0.028114264069071006 0.059439184052522805 0.07396591040027492 0.02800676764602894 0.018187282312419124 0.0480402681392575 0.06525803985512693
 0.03403978348095593 0.04556741153759094 0.004245249817841691 0.035336726732055325 0.056204075488828505 0.04789785827655856 0.04926493660461266 0.04921924239628493 0.041686153275509064 0.06128340712851859 0.020199464781450457 10000.0 0.026727546951159777 0.04750890397763832 0.07212002565541469 0.01098547681144924 0.00904865587604424 0.020387852752689367 0.028444109168149285 0.08081336607310195 0.0599074401594011 0.043096836204995215 0.03297657606815765 0.052568117559338386 0.053357531899623944 0.025244325284335765 0.016648006456149878 0.029659813473160494 0.04653445151255731 0.0439830551930803 0.040209319939500415 0.036560126385746274 0.028760269479070323 0.049809056957558766 0.056065753368808896 0.0427827302558771 0.02296020147607213 0.046534128758708986 0.06465584473705996 0.03259904216816876 0.07013151236132333 0.04228595821105561 0.05073153767301604 0.0479255992048775 0.025153045959275814 0.05700752226862328 0.047232924010938586 0.044557719965444754 0.03219119682559326 0.023281438925222556 0.0534165773675041 0.01664861296605825 0.06945891428003416 0.023397236404697448 0.05563115802194393 0.0591744148393008 0.03490271926638769 0.019525978654926838 0.02423368589685039 0.05060458864573775 0.046381063923977 0.05572241914032381 0.03532898917710169 0.05673234851181031 0.02389044611657888 0.019079132732029346 0.021824089606140448 0.06184408833028863 0.059330332794593196 0.013781457883572662 0.044562432342849276 0.03700366812642389 0.05462037170509277 0.052986161433647434 0.06709409978947847 0.05299743990018798 0.03474803008426772 0.05704455772017156 0.04766897649019512 0.04039521527254827 0.06823377818863277 0.008769444135353143 0.011833244105742238 0.041952137217450405 0.048081960245400054
 0.054520647130316686 0.07018323425781747 0.02284527803753558 0.04427383067867724 0.08238482976827417 0.06419462522650983 0.07500691885739601 0.0729677932460665 0.06456539731955616 0.0873665483749161 0.03504062841327055 0.026727546951159777 10000.0 0.02532594458168974 0.09884065721132028 0.03291605840612591 0.022119836437656103 0.03894357165593587 0.043132973168646366 0.10734110778751685 0.08648338948675856 0.06934222787733617 0.05554558562973852 0.07510127456001939 0.07680658475414527 0.006678122316873874 0.031206341501708437 0.03538780310210787 0.0727116727788027 0.06764799626813975 0.04543749204176605 0.023020263481324407 0.03959807188831842 0.06930146830597549 0.06767933756381181 0.06774713220273065 0.03418643166203811 0.05391655512193243 0.09138319112011184 0.0524197986088254 0.09685216855189704 0.05974365624531572 0.05754073227469236 0.05826788992706082 0.05142822723619121 0.07448599566728253 0.06809621561794835 0.039670046762167496 0.026715188159691265 0.03033466505934527 0.07572955373372484 0.02588343953213048 0.09516154441216923 0.05003372918456652 0.06669975004182038 0.06644426574992181 0.04729957080483277 0.04422724838793812 0.0035654591586817067 0.06807801098912034 0.06955555798268634 0.08073442605865189 0.0471804587869192 0.0765812784344422 0.050255729837794756 0.03646400721687173 0.008823631623376944 0.0804637528683105 0.0858818194992288 0.036899444348120695 0.06817948168673867 0.027531497426667474 0.08058454535078989 0.058000088295752684 0.09366401370519446 0.07546440790725381 0.052554870869960524 0.06965431279697451 0.06097469805947216 0.035863200780410893 0.09438113196185333 0.02243377372517195 0.017936478744454386 0.06841408066035341 0.06624612157687297
 0.0646816949795162 0.0835832056498329 0.044630004692753085 0.046535813646878275 0.09824051193630169 0.08941991340874277 0.09010659471700082 0.0849311585099218 0.08831154315781575 0.10280023704071502 0.04557793321163432 0.04750890397763832 0.02532594458168974 10000.0 0.11692246274163667 0.05620609501237667 0.03967462567524977 0.050821051418496424 0.05067081357265174 0.12725001231225455 0.10637237017420037 0.08585948422294262 0.07932244464496499 0.08531352899368654 0.10035965851020373 0.03162345816046084 0.043316809589270894 0.06061374858694425 0.08890992438208173 0.0910322984256336 0.04394527629363612 0.044504480048841596 0.06491730154072581 0.07654243109992673 0.06725168465708585 0.09025742794243138 0.04241791538002528 0.052041258218659535 0.10993287277719362 0.06228838344286588 0.11496324977436113 0.08481759265404208 0.05432157030662816 0.05821720706751777 0.06897749914568474 0.07905396311911354 0.07695455456054967 0.03036666768234903 0.02512650293573293 0.03746532085876428 0.08561861134748895 0.05095595664598056 0.11687159126964695 0.07025645842710666 0.06589259611417181 0.09118684545563581 0.05167977472485149 0.06019838725647297 0.025509317744709284 0.093211879690503 0.08101209713366156 0.0941910324880565 0.051115560883823415 0.0835060773476553 0.07117179571852893 0.048290891905988134 0.025902654040658828 0.08569232398422294 0.10291279199198404 0.05276757815256344 0.08031944520538241 0.050023793499408005 0.10195529006614967 0.08250200417738374 0.11350993350075872 0.09946787877415908 0.0605276645339342 0.06991551720799781 0.06321490123798049 0.05907882250539693 0.11537075643454968 0.04610678265319276 0.03587775815373644 0.08887945845649871 0.09127793556047825
 0.05736055839985608 0.03787721775337965 0.0761127688024477 0.07951105576350886 0.021153327199903357 0.06826918367013596 0.029386886347024355 0.0402307538008976 0.049100053762380094 0.019081813046092827 0.07244046786271091 0.07212002565541469 0.09884065721132028 0.11692246274163667 10000.0 0.06848441967238308 0.07800182824522885 0.06708951804430015 0.07067352338334992 0.015465203480969462 0.01588713454011561 0.0313987849854009 0.053976780492497725 0.044753254193656763 0.04312320773314178 0.09689312563229514 0.07390682084238925 0.08434530346305612 0.028786008132626786 0.04509624008588465 0.08592974659947077 0.10358101382447797 0.07789378240177361 0.056515275277928344 0.07865182601686416 0.03986495761306477 0.07639934657691072 0.08434813672455722 0.007762972744303569 0.059510152673385254 0.0019885170343475434 0.06522969161999018 0.08670874497233515 0.07925007648952578 0.048041560873257554 0.06317903128810325 0.05228946138532968 0.10036552602180754 0.09452991442230275 0.08101896673318484 0.04555305244044853 0.08003461701706996 0.02500386370993325 0.049097245500628765 0.07976224690100472 0.09161508839139795 0.07392819503507042 0.05673811062867125 0.09620798177288072 0.06529365871646169 0.04386587552778167 0.030598632329829206 0.0748619725887163 0.05514664635126471 0.04947402047605592 0.06940153897296031 0.09302721113842143 0.06010819223170476 0.014725989319279547 0.06415815498359792 0.04281814629863647 0.10125138738873637 0.026511639314833434 0.09294034750884743 0.011892229950369195 0.04777650769007131 0.06342932331264714 0.07657103048259484 0.07297844115273593 0.099133158097453 0.01946155007218862 0.07798461190465586 0.08218045513382015 0.03223950374226952 0.0632067979210507
 0.04035093763996239 0.047566728333908986 0.011987751915784994 0.04553405363307452 0.05518423041968745 0.03691351930286009 0.04940364042434114 0.05203239168965881 0.032105735838364666 0.060366142153989666 0.03017566070578765 0.01098547681144924 0.03291605840612591 0.05620609501237667 0.06848441967238308 10000.0 0.01987843809073379 0.029131064489504463 0.037727022419861096 0.07537604275510101 0.05481740655692373 0.04236363485448423 0.023129230704301246 0.05635955828870455 0.044189324131982545 0.029329790438280042 0.027060592837481898 0.021982356531129236 0.0458379098797543 0.034908476314715955 0.050775317946575284 0.0355641484630588 0.019254889506489133 0.05579109672422358 0.06497379539234983 0.034844625819343215 0.03341858192493537 0.056636776244712625 0.060779771014994655 0.03941486420389539 0.06651875824169597 0.03132268771897445 0.06083026901613468 0.057394422687305977 0.025662538717090257 0.06375483414268887 0.05249258997004047 0.05552956791326014 0.04299645590201507 0.03416752184508677 0.05735449636211675 0.012030280176602097 0.062371937582114005 0.019901736511364676 0.0646982643849631 0.04911206703202609 0.04440067084125174 0.023924586413891145 0.03130993246085168 0.03967553432550151 0.04988361321776801 0.056797369994368005 0.04493833820709645 0.06224138098736754 0.019046557007803087 0.02844520789263015 0.030346294977081373 0.06787498230469503 0.05707346472107534 0.02112361073181487 0.04773031191247725 0.03425932155624514 0.048008624287845046 0.04361713519824296 0.06190878420974777 0.0432931926696811 0.042414066418135256 0.0656364147451397 0.056346722205176475 0.03515857293762593 0.06189137878272391 0.010483696513326224 0.021917500068231458 0.03670378932791591 0.03720188916309333
 0.03312749418498126 0.04806362598584425 0.008767949218173688 0.028908697460514495 0.060625538872532136 0.056731480285599434 0.053050663144826836 0.05090998687595816 0.05059815204941284 0.0655276133613001 0.015211467712247509 0.00904865587604424 0.022119836437656103 0.03967462567524977 0.07800182824522885 0.01987843809073379 10000.0 0.017719639621446525 0.02398789749881421 0.08769558924141993 0.06678472930254173 0.047700384525787745 0.041967032678158316 0.053294926234002435 0.06211831624800759 0.022938029326330607 0.011065083435884733 0.035961590539562285 0.05099442277260225 0.05275198394138682 0.03291432695326222 0.03758709657526599 0.03628932685540327 0.048505507820258746 0.051181205458710244 0.051180878944739557 0.016517859480622933 0.04002928780835999 0.07077396533866069 0.03121702536087953 0.07602153246568172 0.05119175536906124 0.04416965831582269 0.042408593421545585 0.030023974224545228 0.054688922318600085 0.04675375375421764 0.0357237551438222 0.02315298258939299 0.01543235491331171 0.05398529517999135 0.022518514861465496 0.07728868427169817 0.030585974015647544 0.05053977259782572 0.06672490827076219 0.02973094816175993 0.02221267430887789 0.018929845789069137 0.059553959510967126 0.047579415895545554 0.05862428045463363 0.029955551479344276 0.055711745663019736 0.03159924223181384 0.015532127773971708 0.015081606155543312 0.06017570760745425 0.06451716248623685 0.014796156456558554 0.04612639516223308 0.03937590545352114 0.06233720733269973 0.059961846146214005 0.07394532017891665 0.06191256391572193 0.0321929910740849 0.052555547663858906 0.04327392217081526 0.044476435726707154 0.07569816648737183 0.013917082074703576 0.004266584668760402 0.049205121303937345 0.0570674564301303
 0.015582855460690392 0.03283327185043904 0.02347636386262816 0.017830854446451955 0.04758627674945763 0.06366801164933555 0.0393443590685933 0.034693237797980614 0.051983489734984005 0.05203011365252114 0.005360796571617557 0.020387852752689367 0.03894357165593587 0.050821051418496424 0.06708951804430015 0.029131064489504463 0.017719639621446525 10000.0 0.008723788666075129 0.0788830137097971 0.05862588740402363 0.03569543799937108 0.044917696545048416 0.036251101117994546 0.06160702677701554 0.04057022129216456 0.0079395462737272 0.04992012377581271 0.03850429997904626 0.0528107515269073 0.02415509429879464 0.05512736989720062 0.04829029220038454 0.030787008987723935 0.03590392124389642 0.04922351119151532 0.009420127254057335 0.028279888878208606 0.06059910805959876 0.013549747021382442 0.06518251616151824 0.057761398403921166 0.03239019797402928 0.028322268855687074 0.021131906987163458 0.03715149644862623 0.029191861303117933 0.03476815393113722 0.027442425526175086 0.013930788695502155 0.03683324951460261 0.03703623390926954 0.0716790547976311 0.027104972077180708 0.03558314566292477 0.07819839438253566 0.015448139633696128 0.011946515470408042 0.03548656944875759 0.06539577644795011 0.031013314894931948 0.043489298448168845 0.016086883971281187 0.03800315538686616 0.029446384137717094 0.0025952000339276933 0.030712612606172595 0.04248769218292888 0.05266916734268509 0.008362329965754945 0.029946541116863557 0.056485967256001225 0.056938489097022815 0.07268313257075674 0.06544126613741762 0.06272283170776047 0.014638554702836253 0.036731531458086324 0.02737212227282237 0.06062973152485176 0.06890548906052572 0.02888402401347455 0.02136616311045074 0.04319455841521682 0.06255677176017203
 0.014275755808131008 0.0341302291678294 0.031060831001001033 0.009909258223910691 0.05021490027047407 0.07234670839039214 0.04176490492816994 0.03461773011872451 0.06013613156368797 0.054160671156501534 0.008777122595917453 0.028444109168149285 0.043132973168646366 0.05067081357265174 0.07067352338334992 0.037727022419861096 0.02398789749881421 0.008723788666075129 10000.0 0.08343525719541707 0.06382271693733098 0.03957272644791994 0.053363549665661335 0.03464310551435807 0.06928340766202651 0.045857753027153385 0.01292517026844256 0.05810363966809949 0.041904153361609374 0.06071422565823302 0.016596036602618165 0.061464814306876746 0.05679045716165168 0.026610156483264872 0.027633246685525796 0.05674135344334787 0.009054602267834708 0.019668135237132803 0.06473551997434772 0.011874391211336793 0.06884526942012044 0.06643451074732208 0.023732287410642202 0.01966740322217685 0.027765492645835114 0.031363309750694054 0.026381188910291953 0.02969836998683699 0.025784369019523412 0.013671931169392146 0.03495561223883576 0.04498054102232926 0.07771560260240827 0.03492954018082189 0.027188360788343132 0.08683238486427997 0.006724860591093613 0.019344283756013533 0.03957214855033882 0.07400115588994402 0.03059583090589646 0.04437520644419192 0.00737624302087258 0.033851479767271646 0.037442714744011105 0.009383652837298419 0.034415208545885444 0.03736158344703818 0.05598672233779281 0.01708026223886185 0.030214823143142916 0.06336052765825877 0.06328647200694462 0.08117007965842435 0.07034520528301354 0.07066305203001304 0.009959806269492331 0.0287404907909781 0.019385006587181154 0.06814080842188602 0.07451443110190394 0.036575187220786495 0.026846303358862546 0.04966196072763129 0.07114317294882747
 0.07081556075755653 0.05210398951894783 0.08451521745161128 0.09268935740821724 0.03574249385630868 0.06718929506199535 0.043486273982292406 0.05501761946631612 0.05025580539209296 0.03436445729985486 0.08414306891339336 0.08081336607310195 0.10734110778751685 0.12725001231225455 0.015465203480969462 0.07537604275510101 0.08769558924141993 0.0788830137097971 0.08343525719541707 10000.0 0.020925459419930997 0.043901521382288825 0.05711605962618275 0.05986595342485238 0.041043122833175585 0.10458516041779815 0.0850836970388303 0.08817748606320597 0.041915651965044966 0.04607653664446619 0.09926004523263154 0.10908277599549063 0.08139411228890106 0.07143208732147024 0.09352725685413706 0.04247492821674441 0.08830031570485283 0.09834871173108015 0.018927971605727754 0.07282032403109616 0.01653155209036192 0.06540538591188348 0.10094110115652703 0.09357059642113298 0.05854745504151415 0.07839686894432991 0.06703945868114437 0.11304662736049198 0.10609023924162024 0.09267562177641783 0.06071930609079007 0.08612661497902616 0.017923236481657282 0.057422893809494654 0.09458161829828698 0.08997041157953395 0.08729041575487112 0.06773178630189827 0.10503142994150841 0.06346364609830633 0.05844887715705077 0.04575147762550522 0.08823461767112648 0.07043151918722484 0.057087738323876265 0.08101237836051588 0.10240716466322203 0.07550878047049217 0.028867560983200764 0.07481611671080024 0.05715944528385913 0.10603863654951605 0.02804323356569375 0.0927816076355057 0.01375080228473278 0.04543836020616774 0.07698950627510012 0.09155226129190601 0.08747666696878546 0.1026433535134676 0.014796049408783164 0.08551335923002035 0.09170857951285183 0.038928689484031206 0.06194953278923454
 0.05214143830442145 0.03542687056966731 0.06364377100326178 0.0733819234606118 0.0218931791559119 0.05243879732004762 0.027246951090709803 0.039590729381397516 0.03322181787211231 0.023613333112570776 0.06379811353788953 0.0599074401594011 0.08648338948675856 0.10637237017420037 0.01588713454011561 0.05481740655692373 0.06678472930254173 0.05862588740402363 0.06382271693733098 0.020925459419930997 10000.0 0.02514249372112434 0.038432663369496675 0.0453763699321895 0.02776432024642233 0.08387894888228027 0.06449931905640334 0.06917382495790204 0.024138871150313376 0.0292091496541551 0.08005680042970728 0.08919390803402298 0.06258566397677401 0.05571713540348584 0.07719105472192647 0.024084049582626995 0.06803535646136379 0.08003837439940793 0.00903090701376322 0.05392530464936531 0.014318126853268581 0.049342604372680274 0.082995684500711 0.0758791588267225 0.03790895977215767 0.06374248584528153 0.05094764733592015 0.09315886899163506 0.08557794915516678 0.07225955858912413 0.046440031833548674 0.06590402793551504 0.015950370869731913 0.036511220377072925 0.07806010008579092 0.07579165724952903 0.0682413615992985 0.04718696837075396 0.0841343879497075 0.04957752401303602 0.042255539186879444 0.032489941246641466 0.06918669900532749 0.05641379318461049 0.03626373330014405 0.06064189237113869 0.08148178356108389 0.06227933346269057 0.015845255589856465 0.05410807523066684 0.04044909619641827 0.08651435356562584 0.010755077961899008 0.07705563664512773 0.007186694168539897 0.03238392796608953 0.05833398815397933 0.07559902039343068 0.07024757492391452 0.08389448563351937 0.011230322242555647 0.06480816933903003 0.07078678375455441 0.018145951835925007 0.047414746164941866
 0.027106463881571407 0.011767184577521368 0.04730361569854646 0.048793137642757396 0.013108701328460993 0.05745473380525526 0.007585153432023466 0.01704983133252956 0.03816656337957258 0.018220066597957205 0.04104996153048428 0.043096836204995215 0.06934222787733617 0.08585948422294262 0.0313987849854009 0.04236363485448423 0.047700384525787745 0.03569543799937108 0.03957272644791994 0.043901521382288825 0.02514249372112434 10000.0 0.03744730791550436 0.023285687752575113 0.04093528935854395 0.06834045993333492 0.04264315353029937 0.062210868003854385 0.0034857230064407707 0.03598250933640256 0.05538498963932684 0.0777769560806193 0.056893472140532315 0.031652904130723095 0.052398208855823906 0.02969711638178016 0.045002040677163964 0.05494755188190197 0.02516579788229461 0.029003913829754188 0.029502274185739454 0.05239463264254176 0.057858121209960034 0.05074075515222313 0.0179590480481014 0.04027158213652673 0.026753625127446636 0.06924358691351772 0.0631377776008334 0.04962614101965021 0.024487046491053314 0.054392424040054115 0.04045211787932101 0.022788910584960277 0.05318651342096461 0.07916589596590613 0.04344468797137724 0.025755659424633367 0.06642552302405422 0.056511016933941845 0.018450529393625226 0.015827377180759775 0.04439054061969738 0.0338908347180173 0.024561146033786424 0.03802838045515041 0.06277252306878879 0.04020971356076855 0.017058211123758063 0.03329058604713439 0.016237255813494927 0.07660979353994503 0.02807444310147587 0.07748917032255691 0.031114071338453873 0.04437276418702174 0.03330798168880336 0.05100112524852855 0.04518769228554178 0.0766502747013069 0.03630941399182354 0.050279021805138255 0.05195629119642654 0.01786406695766164 0.05365199317329899
 0.049846628070985305 0.0473042652975572 0.03496875963192332 0.06273929745401192 0.04740398765266564 0.02078518766389579 0.04494995719641774 0.05273894353575517 0.009025159689247116 0.05218380790977992 0.04805764926118745 0.03297657606815765 0.05554558562973852 0.07932244464496499 0.053976780492497725 0.023129230704301246 0.041967032678158316 0.044917696545048416 0.053363549665661335 0.05711605962618275 0.038432663369496675 0.03744730791550436 10000.0 0.05853088996144465 0.02127066533681313 0.05113793755478648 0.046184077076400244 0.031062086666540922 0.040258425499999646 0.012319532114979501 0.0689019327335622 0.05246704318704135 0.024306555652071026 0.0626060946559974 0.07772603541011061 0.014656545368131995 0.05211716273360219 0.07302070706971751 0.04636308499819274 0.0500192102480808 0.05219065147730881 0.015225330137645187 0.0770322740366364 0.07198313046024074 0.029179090656617734 0.07152671975970536 0.05816911696477442 0.0765471224734913 0.06493578281223052 0.05426670808557552 0.059716568401550575 0.030850201813699588 0.041780681263973045 0.019799150044447995 0.0778699575164125 0.04171992172012543 0.05990521664803155 0.03457533628075811 0.054241900736827706 0.021193845883319507 0.05231787952713213 0.05323778786439782 0.06066636532960241 0.0674365703864531 0.01694884808554052 0.04540598809434758 0.05347544123701803 0.07375747386959287 0.046425338358968934 0.036811170933844055 0.04982158919004301 0.0490513961033935 0.029121303119506337 0.040560487077244745 0.044778108537712365 0.020166983183778565 0.05423134919025328 0.07756511413737478 0.06904544619154243 0.045611681419220125 0.042590402502187034 0.03332062419045726 0.04466000305407202 0.022916411708419376 0.018228068931422967
