NAME :TPP_input_19_3_3
NUM_VERTICES
55
NUM_CLUSTERS
19
Full Matrix
 10000.0 0.09549921756359231 0.05021819081932359 0.03714164818432417 0.09337642637668245 0.02010451924863139 0.07632990860551386 0.015979572837526698 0.06745460740968297 0.015442558813947004 0.05150709275550505 0.0696796758495595 0.06293760576014262 0.07395843071179396 0.0704458369815172 0.06787325802406972 0.031133617862228204 0.07636835680034292 0.051634515574813446 0.07698908898970307 0.010468311332768331 0.09165961672244582 0.05311687655521987 0.06473863564892271 0.05466394740439866 0.03206649088476124 0.09044296620904181 0.09084878843540362 0.056018842180691225 0.08745541274309536 0.03358086592080229 0.08088921570840626 0.009612501010732969 0.021225267749179565 0.06614729651576944 0.05766549827343084 0.10127091500655751 0.06257379877870693 0.07337377291726047 0.04800980159472269 0.061829590358787156 0.04854123364404758 0.03985963216281954 0.0185731309749264 0.07870379967281682 0.014949924655076108 0.06090619942707128 0.0702822805285913 0.09607047022087699 0.08609854763849299 0.015429955849812832 0.039126873477086085 0.04567434244770216 0.09234304281235493 0.029147889750820288
 0.09549921756359231 10000.0 0.04539631987357862 0.06660060062704251 0.002854269758750302 0.09159499359269692 0.029943749711931002 0.10149282476460272 0.0622805625852501 0.09080198333189234 0.09813939510052225 0.09128861524743809 0.05779328304126898 0.10439196685976218 0.025053434137732474 0.028613467917230868 0.08347377077849852 0.08324770471515042 0.05383017837468685 0.025794418905608855 0.09886487758530295 0.019502239264100364 0.0722439672085306 0.05770147836829542 0.07540124887062591 0.07469494039204638 0.00981923841447086 0.02711232205043817 0.07625217482488086 0.058885979094407494 0.0630768616826868 0.03647102755437984 0.09014692842426136 0.09016923572270688 0.0516035279219449 0.039350703278588986 0.03395088215894397 0.06397467330845191 0.04436280068527931 0.08591786422843654 0.03657543576687933 0.06579753476323678 0.06593755320523109 0.07865711759720953 0.040353560440116745 0.0922645010854819 0.06683912305373844 0.09097265447951985 0.055954455914677494 0.035241559945663296 0.08753211998283267 0.08573261481916596 0.0499896199753132 0.049729870279112465 0.08288054728815687
 0.05021819081932359 0.04539631987357862 10000.0 0.025015048852068414 0.0434006024435936 0.049194479458353146 0.03261395796525805 0.05649680064794242 0.0461991288684712 0.04591697191420626 0.06546387585498217 0.06862585949765945 0.0392312106619893 0.07991823672950665 0.020412308405960543 0.019435162298386332 0.04444920568051422 0.06662743554168533 0.024978510633010778 0.031142126864493577 0.05357504349354072 0.044797569590728795 0.04470686203489462 0.0406068662762197 0.048355529324519 0.03535868668695864 0.04127363639487597 0.04375703578494511 0.049848220487116825 0.05858020192381803 0.017979914145216488 0.04095954664287876 0.04560849230717668 0.046074960515554715 0.0323669397033368 0.012751181247497587 0.05800515491434275 0.043983025729839774 0.03840090642196843 0.05389846518784841 0.017391709893880194 0.03128891342822708 0.02952921054357805 0.03432475443423726 0.040986090080513723 0.04874410926684595 0.04513829863165297 0.06870790551518102 0.06331651299390764 0.04529121690695383 0.043909800914361856 0.04983416515869896 0.004598177637923312 0.057437586037486735 0.04308519268593494
 0.03714164818432417 0.06660060062704251 0.025015048852068414 10000.0 0.06514159301875742 0.046334584283262356 0.05762371139219438 0.036816686623673066 0.06606495362891444 0.026391662021547576 0.07251492604810106 0.08241352599076147 0.059361834377866025 0.09150852367054865 0.043211901720454145 0.04401016264690898 0.048296780277394834 0.08368660509050914 0.04419250710657113 0.056070303283000944 0.035802792086890634 0.0692871715045214 0.0591580979477315 0.06103352524887743 0.062399564393466354 0.04137618508423926 0.06446346703953507 0.0557458488052534 0.06402583277012842 0.08151967035421785 0.012226665671215935 0.06573815427737852 0.03754497912614026 0.02421540785134811 0.02900673327335178 0.037488666550809256 0.08298052302137959 0.06262749887740013 0.062130901741229747 0.06325688738368493 0.04225487927924514 0.012952411628717022 0.04120380720811373 0.030138009800109562 0.06541316915528317 0.04333772571364976 0.06277957092684038 0.08271214912181547 0.08728451411942784 0.07021499452013129 0.03924351517400731 0.05626925979527223 0.021513947541211633 0.08170982861777308 0.04616912170710348
 0.09337642637668245 0.002854269758750302 0.0434006024435936 0.06514159301875742 10000.0 0.0891160784747282 0.027090578334353344 0.09968226019041146 0.059431463974389295 0.08901116671246184 0.09533491160629765 0.0884368433851369 0.054940372377144116 0.10153909668634065 0.0229927806359956 0.026145936807237546 0.0808514020873679 0.08042693821148755 0.051104691519377826 0.022944317840838502 0.09694902147640355 0.017132596604914438 0.06941833475455815 0.05484721243512599 0.07256613727664242 0.07211303340841284 0.007102045652285971 0.02836524903053529 0.07341139377927973 0.05626108970596457 0.06119740449220907 0.03371534647637871 0.08786716424467447 0.08852519887248776 0.051316453868958445 0.036882079167722695 0.03212980795090908 0.06112078663543691 0.041526997490279376 0.08312053473298975 0.03396928180512134 0.06484854439634362 0.0632997010504917 0.0763723471412032 0.037570937082635585 0.08986912952577787 0.06398679486631312 0.08812196945759103 0.05356087003064878 0.032625751079002514 0.085154939698626 0.08301035247403539 0.04799876846854054 0.04727415887075232 0.08028968162371238
 0.02010451924863139 0.09159499359269692 0.049194479458353146 0.046334584283262356 0.0891160784747282 10000.0 0.06762890943926471 0.03608380223369165 0.05158592327306689 0.033506639108375674 0.031509185507659264 0.049842291703716 0.04840195955530648 0.05387131568455866 0.06731666060533284 0.062983552674307 0.012704006313676216 0.057334316486976046 0.040719634135910496 0.06943098566695398 0.03057082925219474 0.08380682700719316 0.03576629037791522 0.05006624681146426 0.03656921757399788 0.01810896724240734 0.08485053230055091 0.09280673793928633 0.03773060727379417 0.07206255788015799 0.0376091979525499 0.06997003238408628 0.011459216170061758 0.039080418116415355 0.07357601630324757 0.05224471200115765 0.09067648807867228 0.04656991311923411 0.06122102522957787 0.0283256960526049 0.055366885489901006 0.0591912240975375 0.027496173682740165 0.016509131971199405 0.06705637613140575 0.005155242972504872 0.04435217708097864 0.05047431828236014 0.0813960030915801 0.07516016676891393 0.0072155143327272235 0.019527695345363583 0.04534719641004043 0.07860948301414254 0.011443805392098143
 0.07632990860551386 0.029943749711931002 0.03261395796525805 0.05762371139219438 0.027090578334353344 0.06762890943926471 10000.0 0.0861102576869002 0.03236710628441154 0.0760906605803466 0.06914217903885798 0.06134974037901902 0.027948434264414485 0.07444864192878554 0.020658689381609707 0.015316635298131888 0.05754261555765324 0.053663771719929414 0.027095463863253295 0.004673067083222602 0.08225465914960646 0.01627979783306709 0.04299201886300509 0.02777685032142845 0.045941608722890714 0.049647181632527376 0.02052774182512366 0.04810984940271321 0.04667234201694739 0.0327610509758295 0.049135299341490656 0.009927008364813174 0.06903801565908521 0.07730550222884616 0.05696607094220079 0.020403210715585398 0.025723154832218865 0.03408148341098524 0.014738131647253742 0.05710225903281263 0.015607219711322347 0.06275034583484775 0.04028350596629602 0.057938695365736155 0.012325288320693727 0.06947541066766957 0.03700106395369941 0.061040650974120626 0.03385137460455902 0.013036454498691251 0.06514201372508349 0.058171376187979365 0.036328457386411904 0.027331419250691068 0.05745405103410963
 0.015979572837526698 0.10149282476460272 0.05649680064794242 0.036816686623673066 0.09968226019041146 0.03608380223369165 0.0861102576869002 10000.0 0.08147023720318802 0.010715297148670398 0.06743884244727073 0.08554995311997475 0.07637926351151192 0.08992552601891585 0.07680623222571759 0.07555198305804556 0.04679779553318633 0.09185258263978636 0.0636684121544529 0.08602800408346994 0.005526956144233364 0.10046854315745016 0.06803939536455895 0.07820780895820931 0.06987010488725018 0.046537531570943313 0.09776119160162491 0.09256201433147623 0.07129028807466255 0.10094429958593483 0.03853530006003687 0.0918971758120494 0.025276075478855294 0.013216125034058711 0.0643712342650206 0.06624851355641422 0.11166734867533114 0.07673815483719636 0.08528791664557515 0.06385712562113624 0.07082075426421866 0.045083388688258015 0.05323339242096864 0.031349606415132354 0.09019652584101187 0.030928866219053813 0.07535662003200666 0.08613905925521359 0.1090482010386046 0.09699907786259397 0.03104442731817322 0.05497980768957648 0.05194088508516604 0.10481336127188105 0.04471605296853839
 0.06745460740968297 0.0622805625852501 0.0461991288684712 0.06606495362891444 0.059431463974389295 0.05158592327306689 0.03236710628441154 0.08147023720318802 10000.0 0.07378808510894203 0.04056349580987518 0.02903849177177062 0.006968708912312745 0.042171545966615175 0.04789533133635427 0.0409573336942104 0.0389902680510448 0.02198625304415896 0.021986252433979604 0.03675026708147857 0.07638874274622907 0.04600276796242064 0.016573213697423844 0.005720849698877772 0.017651795274041194 0.03540189546801492 0.05270307353579793 0.07831216809769327 0.01754851103981654 0.020488196648556275 0.05417288997530269 0.027417050725177528 0.05813738450515238 0.07724833732306094 0.07807335893658794 0.035925350430969304 0.04524085345110217 0.005016620270423373 0.01811941414662377 0.030104871487174542 0.033759262144873715 0.07603305175824351 0.028355066707987875 0.05012937043892151 0.023306057920468564 0.05543888012998453 0.0076316645265007204 0.028700960112350387 0.030067960930640333 0.03125813838917331 0.0526427205962108 0.03508724244871211 0.0469891084528059 0.028367095388997468 0.04015731730996201
 0.015442558813947004 0.09080198333189234 0.04591697191420626 0.026391662021547576 0.08901116671246184 0.033506639108375674 0.0760906605803466 0.010715297148670398 0.07378808510894203 10000.0 0.06479533442791872 0.08095786436196992 0.06826129351406236 0.08674408875116611 0.0661693236543191 0.06508985421599245 0.042131457146672574 0.08605205878878001 0.05478786048160548 0.07580585427956037 0.00965592381030561 0.09014655420308786 0.06154052285835678 0.07009219508916645 0.06377325800967576 0.03998138179730633 0.08719027902558925 0.08209026823534336 0.06528515183442911 0.0926709566966395 0.027937297279272633 0.08228014298060506 0.022050540131883137 0.005798980552604791 0.0545807233763531 0.056021015195675504 0.10174823340491955 0.06924738652981934 0.07612503092299654 0.05940496920552949 0.060664771741348295 0.035694587421796174 0.04544476969637885 0.024214014164982173 0.08079783719624081 0.02864097936173695 0.06817947837559027 0.08147925389169235 0.10036867842586003 0.0873149610629722 0.027089726300704574 0.050712786121712226 0.04138681343660283 0.095840623288933 0.03988921907679534
 0.05150709275550505 0.09813939510052225 0.06546387585498217 0.07251492604810106 0.09533491160629765 0.031509185507659264 0.06914217903885798 0.06743884244727073 0.04056349580987518 0.06479533442791872 10000.0 0.022374014355051187 0.04198173684118427 0.022622378186184455 0.077718702162578 0.07150597204993943 0.024319776424527505 0.03362092009716525 0.045014258423562555 0.07265495784364373 0.06196157459040698 0.08466535591010778 0.026175657552648758 0.04278324895556979 0.023535068225314416 0.03158664370905852 0.08938753047214498 0.10744814916183393 0.023198207898379633 0.05848514020535568 0.061302067961590406 0.06691260068325385 0.042879008235223046 0.07020872210824337 0.0958074413343991 0.06209370351026771 0.08576425451137974 0.03666971142456072 0.05715428987050777 0.012274672770270535 0.0629474807678005 0.08531607315775419 0.035958255542702836 0.04358109486315662 0.06298445977737062 0.036617578698684275 0.03351983954870026 0.0231641141844425 0.0685508700280571 0.07131176903486562 0.0377261204187773 0.016337678109456858 0.06323415674904491 0.06830891121279499 0.026541539106653297
 0.0696796758495595 0.09128861524743809 0.06862585949765945 0.08241352599076147 0.0884368433851369 0.049842291703716 0.06134974037901902 0.08554995311997475 0.02903849177177062 0.08095786436196992 0.022374014355051187 10000.0 0.03389283241893266 0.01314182909259837 0.07524497176081509 0.0683913668782572 0.03891526157863711 0.012480531122414651 0.04414350895116464 0.06564658491988586 0.08002886698691097 0.07485276551301473 0.024002543917926084 0.03370976628910808 0.020426245659767764 0.04213076167410897 0.08173865011083967 0.10590883322177364 0.018862332161898608 0.04137925272367686 0.07028125626732919 0.05616112518506966 0.0602785516554553 0.08581733647398601 0.10087972900811192 0.061250683596263296 0.07203717479878631 0.027661359231034802 0.047130253001643564 0.021697320370325176 0.060364942450134074 0.09435872451495124 0.041381214942138284 0.05736125850285851 0.052032114120098026 0.054922372095130685 0.02518315599242456 0.0008071990057297799 0.051022103261083314 0.05949936707573102 0.054553503359168705 0.030570173900913336 0.06783814057479366 0.05242347740171702 0.041112352967123865
 0.06293760576014262 0.05779328304126898 0.0392312106619893 0.059361834377866025 0.054940372377144116 0.04840195955530648 0.027948434264414485 0.07637926351151192 0.006968708912312745 0.06826129351406236 0.04198173684118427 0.03389283241893266 10000.0 0.046838679096951455 0.041729782050196645 0.03480571405271641 0.03617889285374261 0.02836897073582414 0.015179636544088977 0.0320090244856425 0.07144560630324187 0.04282469062377476 0.01607037743160081 0.0018319861879656646 0.018452613250105308 0.031213681658512436 0.04847605081583334 0.072322151231749 0.01896139850552157 0.02458034815698847 0.04758302641740485 0.02495327355239373 0.05386933235682803 0.07145593884205409 0.07114888275079574 0.029127680314443002 0.04450542546184138 0.006240355046173544 0.01518826303391837 0.030472839228355707 0.02724051146372963 0.06914525146640527 0.0231847744576874 0.04507610920155833 0.021101092152979582 0.05182643054722365 0.009053526450883661 0.03367515947926707 0.033233697059705254 0.029518861975948673 0.048607341764155224 0.03376554434007533 0.040048814052719865 0.030215762862932014 0.037004468068974214
 0.07395843071179396 0.10439196685976218 0.07991823672950665 0.09150852367054865 0.10153909668634065 0.05387131568455866 0.07444864192878554 0.08992552601891585 0.042171545966615175 0.08674408875116611 0.022622378186184455 0.01314182909259837 0.046838679096951455 10000.0 0.08783612491919274 0.08104112595109426 0.04498757616412155 0.02391109534470736 0.05606126814593866 0.0787121961766708 0.08442614637889469 0.0879831673911932 0.03536268990408177 0.04674579141753513 0.03169804245987176 0.05024310770091817 0.09486309435695477 0.11847549045170137 0.03030965532751881 0.053595876092693076 0.0796338527621045 0.06928671708932077 0.0650834063538839 0.09198706652465846 0.11186009405463672 0.07343050823769157 0.08479096385025149 0.04059858766777471 0.06027059820273408 0.028355890090241854 0.0728653475194673 0.10389393200307825 0.05142258869769538 0.06432524912918508 0.0651587375316903 0.059017389623407114 0.03796715236418025 0.013539159150818379 0.06289501777884948 0.07255727413855827 0.05969146509875904 0.03634200690662642 0.0786996385970055 0.0648485366226916 0.047279771430610996
 0.0704458369815172 0.025053434137732474 0.020412308405960543 0.043211901720454145 0.0229927806359956 0.06731666060533284 0.020658689381609707 0.07680623222571759 0.04789533133635427 0.0661693236543191 0.077718702162578 0.07524497176081509 0.041729782050196645 0.08783612491919274 10000.0 0.006938717245111909 0.060263179545540654 0.06987764819931545 0.03277231414454817 0.016801970312114126 0.07397984733113702 0.026858319400075024 0.053186339946786475 0.04235559929256863 0.0567158773831901 0.051209318097167354 0.021280984328037978 0.03066386162020888 0.057891006551882444 0.052954524132973226 0.038278122845117085 0.030585691980425385 0.06522717894216981 0.06594728486587524 0.03666415517828291 0.01582578671151244 0.0421770964486591 0.047802093829243164 0.033198477654725 0.06548983005723572 0.015027637076535262 0.04521109206607914 0.04313945396599422 0.05375942293398629 0.032622391432363104 0.0676350199321097 0.05007495990850518 0.07510978831614648 0.054504091309540974 0.033147970640725916 0.06285318608231463 0.06373139805310644 0.02501017395857354 0.0479646162695302 0.059390639183024126
 0.06787325802406972 0.028613467917230868 0.019435162298386332 0.04401016264690898 0.026145936807237546 0.062983552674307 0.015316635298131888 0.07555198305804556 0.0409573336942104 0.06508985421599245 0.07150597204993943 0.0683913668782572 0.03480571405271641 0.08104112595109426 0.006938717245111909 10000.0 0.05508573672209646 0.06293907555343921 0.02649376404918199 0.012446363721295253 0.0723061370739466 0.025375695794974316 0.04660064350885 0.03541828523415181 0.05008652051040982 0.04619107261574354 0.02257024955194587 0.03753958221918159 0.05121952853983749 0.046673350201199726 0.037242905484138195 0.02505435167869038 0.06191396914175617 0.06547663789893833 0.04175545028114439 0.010739365343132995 0.03924655221938837 0.04089735823898327 0.02659891185485035 0.059241913923285865 0.008559470137955107 0.04788888918150781 0.03767058598741579 0.05042612805918831 0.026593277367165744 0.06373985968987765 0.043210734367602456 0.06824458916482833 0.048915332884674485 0.028301505671416104 0.05904277573951104 0.05797496301727123 0.023794409088505657 0.042482486271191215 0.05439073257163566
 0.031133617862228204 0.08347377077849852 0.04444920568051422 0.048296780277394834 0.0808514020873679 0.012704006313676216 0.05754261555765324 0.04679779553318633 0.0389902680510448 0.042131457146672574 0.024319776424527505 0.03891526157863711 0.03617889285374261 0.04498757616412155 0.060263179545540654 0.05508573672209646 10000.0 0.04525789761797065 0.030475021829090235 0.05987651706342404 0.041302662832097874 0.07382240968850336 0.023062307992684956 0.037778105979992066 0.02396323272220753 0.009159859643623779 0.0759697826997945 0.08798760586857153 0.02519064097180848 0.059478412351197024 0.03741873788022937 0.05881558468156144 0.021565892656199657 0.04716873629374896 0.07276691883526899 0.044556977698412346 0.079417527859428 0.03397505378915908 0.04969103569744979 0.01727933348795986 0.04689907036592603 0.06116492284036192 0.017573946921446565 0.019417781120618278 0.05564228011082256 0.01710492691122987 0.03168310922168302 0.0394682442012223 0.06891939600502629 0.06392571048884498 0.01575986197451733 0.008655138564264678 0.04139911147963071 0.06637153091214427 0.002292566698740803
 0.07636835680034292 0.08324770471515042 0.06662743554168533 0.08368660509050914 0.08042693821148755 0.057334316486976046 0.053663771719929414 0.09185258263978636 0.02198625304415896 0.08605205878878001 0.03362092009716525 0.012480531122414651 0.02836897073582414 0.02391109534470736 0.06987764819931545 0.06293907555343921 0.04525789761797065 10000.0 0.041659369004367244 0.05820607212037797 0.0864065982562368 0.06571039582263795 0.02494483489987104 0.027554349822037423 0.02231525186735319 0.04611838443359272 0.07349859264964868 0.10028428831738165 0.020775303526934522 0.029702165912603624 0.07146863884162125 0.04711593264538334 0.066769941129232 0.0904446492018431 0.09892287808940275 0.05740396546868693 0.06117580527147478 0.022785462847748655 0.0389631958435489 0.029361022144424674 0.05559629685240315 0.09481218269297789 0.04277512127433645 0.06188578154317382 0.0430632377368803 0.062174551979963626 0.02151448477180989 0.011724754497796187 0.0390120230714464 0.04978947348046454 0.06094768461676603 0.037860706250430275 0.0666811321311795 0.04100715007565344 0.04722210897440213
 0.051634515574813446 0.05383017837468685 0.024978510633010778 0.04419250710657113 0.051104691519377826 0.040719634135910496 0.027095463863253295 0.0636684121544529 0.021986252433979604 0.05478786048160548 0.045014258423562555 0.04414350895116464 0.015179636544088977 0.05606126814593866 0.03277231414454817 0.02649376404918199 0.030475021829090235 0.041659369004367244 10000.0 0.02945022122481902 0.05909083539632768 0.04336946467822741 0.02078078642306168 0.016841205493803354 0.02441799716557901 0.022638207041853917 0.045788021351838876 0.06296913905820803 0.025755891188347545 0.03828879413998986 0.032500614654299174 0.029559667588144805 0.0433882953635936 0.057467669927339156 0.05732160663896326 0.017496232920213104 0.05022653710680353 0.01914409117259724 0.02175993640124423 0.03275566705583386 0.017934411819620282 0.05406422629785354 0.013240952426766487 0.03310667125501381 0.027104359114256495 0.04295144152747679 0.020160197552282287 0.04415567791794793 0.04558773233889538 0.03479011612081833 0.03889824807122086 0.03190569553135865 0.02519081225997945 0.041146780474058404 0.03035978783250627
 0.07698908898970307 0.025794418905608855 0.031142126864493577 0.056070303283000944 0.022944317840838502 0.06943098566695398 0.004673067083222602 0.08602800408346994 0.03675026708147857 0.07580585427956037 0.07265495784364373 0.06564658491988586 0.0320090244856425 0.0787121961766708 0.016801970312114126 0.012446363721295253 0.05987651706342404 0.05820607212037797 0.02945022122481902 10000.0 0.0823980958461901 0.014676954582264774 0.046604453835764684 0.03197144350774812 0.04968391279215304 0.05165159968347507 0.01673259252061153 0.043460579353088995 0.05049623811797263 0.03729472113192812 0.04836912393073683 0.01415493480692399 0.07010529398936673 0.07667375586177841 0.05341865182973849 0.01978767488373251 0.026929633150910404 0.038206658107928594 0.019349691813131644 0.0605131376678328 0.015247413408972274 0.06033446766867373 0.04240145228613182 0.05882008991436795 0.01691166362039545 0.07097058993219811 0.04104935767971851 0.06535895586455479 0.0378846077360981 0.01634602408094389 0.06650628866344209 0.061068133427063104 0.03518321718469551 0.03130276341185914 0.059628287251861964
 0.010468311332768331 0.09886487758530295 0.05357504349354072 0.035802792086890634 0.09694902147640355 0.03057082925219474 0.08225465914960646 0.005526956144233364 0.07638874274622907 0.00965592381030561 0.06196157459040698 0.08002886698691097 0.07144560630324187 0.08442614637889469 0.07397984733113702 0.0723061370739466 0.041302662832097874 0.0864065982562368 0.05909083539632768 0.0823980958461901 10000.0 0.09694444452485564 0.06271456237609764 0.07326940963946953 0.06448004112901305 0.04128489548738729 0.09469949448101041 0.09132605479054821 0.06588605985725474 0.09602552455018117 0.035797929643084925 0.08768599061783464 0.019762151937234292 0.014261741637828099 0.06420836523988059 0.06268309433988759 0.10767263457809557 0.07161230004190747 0.08079843107303247 0.05833789884859505 0.0671531830573876 0.045346808114639654 0.048264506338349195 0.026370817528915715 0.08583888431633914 0.025417077669449326 0.07015533680271212 0.08061978400222697 0.10428188116907453 0.09282915037858837 0.025544051976823547 0.049459123532964694 0.04898190406372014 0.10019008242411263 0.03923581349750579
 0.09165961672244582 0.019502239264100364 0.044797569590728795 0.0692871715045214 0.017132596604914438 0.08380682700719316 0.01627979783306709 0.10046854315745016 0.04600276796242064 0.09014655420308786 0.08466535591010778 0.07485276551301473 0.04282469062377476 0.0879831673911932 0.026858319400075024 0.025375695794974316 0.07382240968850336 0.06571039582263795 0.04336946467822741 0.014676954582264774 0.09694444452485564 10000.0 0.058505984749863606 0.04228784936695116 0.06121743020656749 0.06587987414470793 0.010456176214713606 0.04449494682310547 0.06178485340267592 0.03973253713710131 0.0624677105301689 0.018702897858597838 0.08476108399912402 0.0907638602961732 0.06217400723918911 0.03426161167835409 0.0163306309505159 0.04864013096859979 0.027967604566847357 0.07280749675802028 0.02986261832620651 0.07206689071154834 0.05653525802613063 0.07349338051750116 0.022826997620174153 0.08550515380559953 0.051717452718933056 0.07444562508884335 0.03645469171695869 0.016248110047375086 0.0810877142425574 0.07431090193771234 0.04908581464489928 0.030241291520815956 0.07372339009440455
 0.05311687655521987 0.0722439672085306 0.04470686203489462 0.0591580979477315 0.06941833475455815 0.03576629037791522 0.04299201886300509 0.06803939536455895 0.016573213697423844 0.06154052285835678 0.026175657552648758 0.024002543917926084 0.01607037743160081 0.03536268990408177 0.053186339946786475 0.04660064350885 0.023062307992684956 0.02494483489987104 0.02078078642306168 0.046604453835764684 0.06271456237609764 0.058505984749863606 10000.0 0.0171376065985004 0.0036657610046860094 0.02160340843365811 0.06332421867879133 0.08363198271437544 0.005148146382326478 0.03685820164253947 0.04693820628386805 0.04098454992510259 0.04355327291043796 0.0657253242113185 0.0768962916780332 0.03825541889180972 0.06049652165260495 0.011753675745527528 0.031227099778373908 0.014411911002502012 0.03816482181073142 0.07073769980327144 0.01798287655150044 0.03732865800789755 0.037168713440072484 0.04000830538674586 0.008958824360732713 0.02414690856564796 0.0466020428879357 0.0455891253640103 0.03782045532585719 0.01851431485121416 0.04383561227449665 0.04484716371399937 0.024537976632995756
 0.06473863564892271 0.05770147836829542 0.0406068662762197 0.06103352524887743 0.05484721243512599 0.05006624681146426 0.02777685032142845 0.07820780895820931 0.005720849698877772 0.07009219508916645 0.04278324895556979 0.03370976628910808 0.0018319861879656646 0.04674579141753513 0.04235559929256863 0.03541828523415181 0.037778105979992066 0.027554349822037423 0.016841205493803354 0.03197144350774812 0.07326940963946953 0.04228784936695116 0.0171376065985004 10000.0 0.019263205695874374 0.032972208950089454 0.04828272396830796 0.07286711729594325 0.019634424661821005 0.022758771638519294 0.04929803239441926 0.024150584855123274 0.0556498767080601 0.07327823979045638 0.07238665257091365 0.030205101954450624 0.04335916469972031 0.006363786885424283 0.014423157116240039 0.03147323578665185 0.028080040783042277 0.0707038298578811 0.02500642469628263 0.046900794099915995 0.02020124414831335 0.05354355767399462 0.009432581488528916 0.0334504113862936 0.03147876484218545 0.028554532230290995 0.05036544613338649 0.03511588547199342 0.04155096933452282 0.02859342506034702 0.038651958410006675
 0.05466394740439866 0.07540124887062591 0.048355529324519 0.062399564393466354 0.07256613727664242 0.03656921757399788 0.045941608722890714 0.06987010488725018 0.017651795274041194 0.06377325800967576 0.023535068225314416 0.020426245659767764 0.018452613250105308 0.03169804245987176 0.0567158773831901 0.05008652051040982 0.02396323272220753 0.02231525186735319 0.02441799716557901 0.04968391279215304 0.06448004112901305 0.06121743020656749 0.0036657610046860094 0.019263205695874374 10000.0 0.023810297241207513 0.06636916918572651 0.08720691532043352 0.0016273672492422193 0.03732286094677491 0.05019831101084912 0.043377995199110085 0.04505657473789801 0.06812998247972162 0.08051833090598473 0.0418750269748597 0.062455626681888615 0.013288239346555148 0.033619234476365015 0.012459460129367848 0.04168862655156238 0.07411344084260724 0.021199304429134064 0.039584578170888736 0.03946083269358753 0.04106405676434933 0.010181552907902331 0.020601530282121285 0.04725050938230525 0.04781390092077904 0.0392600911636459 0.01819531490124671 0.04743218790181277 0.04599091006986307 0.02567702962256828
 0.03206649088476124 0.07469494039204638 0.03535868668695864 0.04137618508423926 0.07211303340841284 0.01810896724240734 0.049647181632527376 0.046537531570943313 0.03540189546801492 0.03998138179730633 0.03158664370905852 0.04213076167410897 0.031213681658512436 0.05024310770091817 0.051209318097167354 0.04619107261574354 0.009159859643623779 0.04611838443359272 0.022638207041853917 0.05165159968347507 0.04128489548738729 0.06587987414470793 0.02160340843365811 0.032972208950089454 0.023810297241207513 10000.0 0.06744873762784727 0.0788358724406196 0.02534381513516171 0.05554693288452887 0.02980962231417336 0.05187945718784322 0.02275100922229678 0.044332951048687196 0.06437445274032988 0.035578338827857554 0.07258987328035282 0.03050768586504601 0.043253683115181775 0.021910330336134064 0.038148309281291586 0.05398874946584962 0.009398649267614015 0.015776756440024065 0.04902975939778382 0.0208031744009093 0.028893610270059454 0.04254793182664423 0.06444669565827033 0.057078491983522696 0.017393841793280053 0.015267900385795004 0.03245019226982194 0.06119029565031262 0.008201501557370502
 0.09044296620904181 0.00981923841447086 0.04127363639487597 0.06446346703953507 0.007102045652285971 0.08485053230055091 0.02052774182512366 0.09776119160162491 0.05270307353579793 0.08719027902558925 0.08938753047214498 0.08173865011083967 0.04847605081583334 0.09486309435695477 0.021280984328037978 0.02257024955194587 0.0759697826997945 0.07349859264964868 0.045788021351838876 0.01673259252061153 0.09469949448101041 0.010456176214713606 0.06332421867879133 0.04828272396830796 0.06636916918572651 0.06744873762784727 10000.0 0.03409456277958426 0.06714557180988835 0.04916754409663484 0.05925298175064064 0.02665244187549438 0.08438704266100587 0.08716009357640185 0.0538097429114552 0.0330201656369649 0.026314857826139623 0.05460236070523612 0.034690478047062434 0.0772414842478125 0.029492172346621392 0.06558468937495303 0.05840102652969345 0.07291700611054792 0.030548370255450763 0.08594009316224997 0.057528803086592604 0.08140347525018103 0.046660573826545565 0.02554062912585389 0.08131174211104956 0.07760798326603698 0.045820310625067646 0.04031029244682014 0.07555796098849694
 0.09084878843540362 0.02711232205043817 0.04375703578494511 0.0557458488052534 0.02836524903053529 0.09280673793928633 0.04810984940271321 0.09256201433147623 0.07831216809769327 0.08209026823534336 0.10744814916183393 0.10590883322177364 0.072322151231749 0.11847549045170137 0.03066386162020888 0.03753958221918159 0.08798760586857153 0.10028428831738165 0.06296913905820803 0.043460579353088995 0.09132605479054821 0.04449494682310547 0.08363198271437544 0.07286711729594325 0.08720691532043352 0.0788358724406196 0.03409456277958426 10000.0 0.08842881231041726 0.08060366807964407 0.05741691467858883 0.05726333216822647 0.0880618547552744 0.07979498859663268 0.03149927159747735 0.04551014491499246 0.06030710487050199 0.07843481627330698 0.062399921456295575 0.09535371250661337 0.04561190290093983 0.049958880978584704 0.0718957870633735 0.07729321578655554 0.060351702890889404 0.09196001736294555 0.08073718154323965 0.10577245767184182 0.07980152547190231 0.05789330324657856 0.0871485407998359 0.09264693960507919 0.04745956212963864 0.07325306322182519 0.08673641868953164
 0.056018842180691225 0.07625217482488086 0.049848220487116825 0.06402583277012842 0.07341139377927973 0.03773060727379417 0.04667234201694739 0.07129028807466255 0.01754851103981654 0.06528515183442911 0.023198207898379633 0.018862332161898608 0.01896139850552157 0.03030965532751881 0.057891006551882444 0.05121952853983749 0.02519064097180848 0.020775303526934522 0.025755891188347545 0.05049623811797263 0.06588605985725474 0.06178485340267592 0.005148146382326478 0.019634424661821005 0.0016273672492422193 0.02534381513516171 0.06714557180988835 0.08842881231041726 10000.0 0.036822659706105945 0.051823604155323305 0.04378500918536502 0.04640737768567328 0.06967378961253269 0.08204440833317696 0.04317119996026989 0.06260607298073323 0.013471509568087979 0.034048741340926086 0.012674117439108923 0.04286521903627876 0.07572963492974692 0.022824621439519764 0.04111072055400048 0.039820932263188835 0.0422944489853854 0.010321924443816435 0.019020846457852292 0.0468063071702711 0.04812196983579973 0.04060047814019365 0.01905925758432409 0.04897849649858389 0.04576985119291867 0.02696482935308887
 0.08745541274309536 0.058885979094407494 0.05858020192381803 0.08151967035421785 0.05626108970596457 0.07206255788015799 0.0327610509758295 0.10094429958593483 0.020488196648556275 0.0926709566966395 0.05848514020535568 0.04137925272367686 0.02458034815698847 0.053595876092693076 0.052954524132973226 0.046673350201199726 0.059478412351197024 0.029702165912603624 0.03828879413998986 0.03729472113192812 0.09602552455018117 0.03973253713710131 0.03685820164253947 0.022758771638519294 0.03732286094677491 0.05554693288452887 0.04916754409663484 0.08060366807964407 0.036822659706105945 10000.0 0.07039442695067351 0.023344062106232504 0.07828696060726965 0.09564583879980001 0.08789989895680018 0.04626302835460371 0.031990185141081734 0.02550356838110058 0.020496058475576933 0.04945404378024927 0.042397872515654876 0.0898029030089059 0.047764761873883885 0.06965540428873154 0.02044799369027103 0.07584656279415015 0.027932107592105807 0.040739797922527514 0.010069937415274231 0.023644475695694073 0.07290068275300428 0.05530008043917283 0.06067715507783443 0.011412824997871288 0.06062670051387521
 0.03358086592080229 0.0630768616826868 0.017979914145216488 0.012226665671215935 0.06119740449220907 0.0376091979525499 0.049135299341490656 0.03853530006003687 0.05417288997530269 0.027937297279272633 0.061302067961590406 0.07028125626732919 0.04758302641740485 0.0796338527621045 0.038278122845117085 0.037242905484138195 0.03741873788022937 0.07146863884162125 0.032500614654299174 0.04836912393073683 0.035797929643084925 0.0624677105301689 0.04693820628386805 0.04929803239441926 0.05019831101084912 0.02980962231417336 0.05925298175064064 0.05741691467858883 0.051823604155323305 0.07039442695067351 10000.0 0.05632946732853842 0.030932092353159708 0.028313673105821568 0.03601301120967209 0.028753372497581312 0.07484656275202284 0.05058289614369288 0.05165657106453506 0.05152177303591124 0.03353099641861871 0.02426393285225968 0.02899901796048586 0.02113513867655599 0.05549896429978221 0.035617164230876366 0.05063631725354047 0.07056550132102614 0.07673484386620172 0.0611121712267491 0.031012865014527023 0.04496900384756467 0.013467862704931138 0.0714668138232354 0.035428617802308604
 0.08088921570840626 0.03647102755437984 0.04095954664287876 0.06573815427737852 0.03371534647637871 0.06997003238408628 0.009927008364813174 0.0918971758120494 0.027417050725177528 0.08228014298060506 0.06691260068325385 0.05616112518506966 0.02495327355239373 0.06928671708932077 0.030585691980425385 0.02505435167869038 0.05881558468156144 0.04711593264538334 0.029559667588144805 0.01415493480692399 0.08768599061783464 0.018702897858597838 0.04098454992510259 0.024150584855123274 0.043377995199110085 0.05187945718784322 0.02665244187549438 0.05726333216822647 0.04378500918536502 0.023344062106232504 0.05632946732853842 10000.0 0.07289746713325472 0.08402429753653917 0.06679785150450611 0.028270575499039434 0.020711342300667436 0.030406171237825217 0.009765014216566132 0.05539635090328172 0.023567926086799997 0.07176631592642964 0.042554169603752905 0.06231720454134279 0.004129687484723014 0.07245656143651193 0.03353819675455339 0.05574808656902085 0.023931478047144204 0.005231336646597374 0.06845615932101072 0.05796840750882152 0.04423070275646456 0.017439501594224582 0.05911318495208626
 0.009612501010732969 0.09014692842426136 0.04560849230717668 0.03754497912614026 0.08786716424467447 0.011459216170061758 0.06903801565908521 0.025276075478855294 0.05813738450515238 0.022050540131883137 0.042879008235223046 0.0602785516554553 0.05386933235682803 0.0650834063538839 0.06522717894216981 0.06191396914175617 0.021565892656199657 0.066769941129232 0.0433882953635936 0.07010529398936673 0.019762151937234292 0.08476108399912402 0.04355327291043796 0.0556498767080601 0.04505657473789801 0.02275100922229678 0.08438704266100587 0.0880618547552744 0.04640737768567328 0.07828696060726965 0.030932092353159708 0.07289746713325472 10000.0 0.027653501688005584 0.06595864482009556 0.051370323951469524 0.09347145270929552 0.053216097454493544 0.06497113538673437 0.038583213086023485 0.05519867199348822 0.05002396420003784 0.03103197963363872 0.011495485529636315 0.07047823218315512 0.006687442651698211 0.0514563759998361 0.06086467161595391 0.0870852984462324 0.07812726698717778 0.005822365975649295 0.02970937640187483 0.041274191784598444 0.08358565613952669 0.019548199037674765
 0.021225267749179565 0.09016923572270688 0.046074960515554715 0.02421540785134811 0.08852519887248776 0.039080418116415355 0.07730550222884616 0.013216125034058711 0.07724833732306094 0.005798980552604791 0.07020872210824337 0.08581733647398601 0.07145593884205409 0.09198706652465846 0.06594728486587524 0.06547663789893833 0.04716873629374896 0.0904446492018431 0.057467669927339156 0.07667375586177841 0.014261741637828099 0.0907638602961732 0.0657253242113185 0.07327823979045638 0.06812998247972162 0.044332951048687196 0.08716009357640185 0.07979498859663268 0.06967378961253269 0.09564583879980001 0.028313673105821568 0.08402429753653917 0.027653501688005584 10000.0 0.051185020457699314 0.05699339309301145 0.10302793309183897 0.07285047695721115 0.07839755159791527 0.0643906797361843 0.06173604324475713 0.0318672742936232 0.04905187345390383 0.028606653300748155 0.0828016210104428 0.03429260813017737 0.07197231871518993 0.0863148953025866 0.10299644753620688 0.08895656764730157 0.0324862893460747 0.05580106203641888 0.041688836621554835 0.09822134117947942 0.04489964493811279
 0.06614729651576944 0.0516035279219449 0.0323669397033368 0.02900673327335178 0.051316453868958445 0.07357601630324757 0.05696607094220079 0.0643712342650206 0.07807335893658794 0.0545807233763531 0.0958074413343991 0.10087972900811192 0.07114888275079574 0.11186009405463672 0.03666415517828291 0.04175545028114439 0.07276691883526899 0.09892287808940275 0.05732160663896326 0.05341865182973849 0.06420836523988059 0.06217400723918911 0.0768962916780332 0.07238665257091365 0.08051833090598473 0.06437445274032988 0.0538097429114552 0.03149927159747735 0.08204440833317696 0.08789989895680018 0.03601301120967209 0.06679785150450611 0.06595864482009556 0.051185020457699314 10000.0 0.042428153174728644 0.0782311888857996 0.07619776953485008 0.06743615673517477 0.08492892296598974 0.04566632648725555 0.0195472566907753 0.06064169015440001 0.05706902519964443 0.06825129928065868 0.07126920053704823 0.07746902519161322 0.10098630877851497 0.09066877009334443 0.06974224485507957 0.06682186277862005 0.07959815895667197 0.03316050462657234 0.08423382037563655 0.07093590133049708
 0.05766549827343084 0.039350703278588986 0.012751181247497587 0.037488666550809256 0.036882079167722695 0.05224471200115765 0.020403210715585398 0.06624851355641422 0.035925350430969304 0.056021015195675504 0.06209370351026771 0.061250683596263296 0.029127680314443002 0.07343050823769157 0.01582578671151244 0.010739365343132995 0.044556977698412346 0.05740396546868693 0.017496232920213104 0.01978767488373251 0.06268309433988759 0.03426161167835409 0.03825541889180972 0.030205101954450624 0.0418750269748597 0.035578338827857554 0.0330201656369649 0.04551014491499246 0.04317119996026989 0.04626302835460371 0.028753372497581312 0.028270575499039434 0.051370323951469524 0.05699339309301145 0.042428153174728644 10000.0 0.04609649153951654 0.03466977960613384 0.02588090992601168 0.04992082846074622 0.004807917283193649 0.043936546267212676 0.02732356680754402 0.039910169182922235 0.028238175522621187 0.05303348555332196 0.03645610188778814 0.06120384111902257 0.05062402110154776 0.03273913372172684 0.04835669340127597 0.047910873709606366 0.01601949635552726 0.04469688129440397 0.04377881183683955
