NAME :TPP_input_24_3_1
NUM_VERTICES
70
NUM_CLUSTERS
24
Full Matrix
 10000.0 0.053453772939495416 0.09241052420683253 0.07617851174849802 0.06372742722097306 0.05197856165905262 0.02817981733133083 0.04748642546521271 0.02310337495234454 0.059324624766002 0.031986874232063575 0.04840573569039055 0.016760075794314645 0.06235004642785162 0.010818080925798708 0.0165909969266402 0.008700571222308624 0.08687381454685782 0.08340930319852513 0.04543316880938472 0.04749624569983276 0.026178450233280692 0.06139801533525348 0.07507003229154587 0.04614894857340263 0.07108824831018665 0.09246841929868276 0.017995863187167224 0.020354207278767706 0.04293682150751575 0.08557255788093518 0.07985183682769645 0.04562427202089873 0.05223472976736014 0.05205679586200881 0.031816012437059275 0.056035453225595735 0.04822778380865394 0.07323438161785921 0.01023393705797741 0.06066201291493929 0.06916242104249642 0.05992185653540605 0.011852134942501705 0.013154536464113622 0.04200899094751115 0.052047886609539115 0.004824739626193144 0.054748366927315585 0.04457841746006442 0.04632120241544518 0.040897127478173034 0.0697774004736564 0.097449615788552 0.003229293955040098 0.07384508209730897 0.07856445672626715 0.042940783915749285 0.040379058213225134 0.015224827138052809 0.059370833674308676 0.053036662602813395 0.08513958213832941 0.06354251119200381 0.028891672811140266 0.0723184567465989 0.08026557638912281 0.02969153399528011 0.01812857416620691 0.03333301392782499
 0.053453772939495416 10000.0 0.09093767690359994 0.028130198474285252 0.06153573617422084 0.09131830302776849 0.027175724431717285 0.08822031540507196 0.04737349337509003 0.02273918912295367 0.03193147594476313 0.08166216450518905 0.039068421062495626 0.07079445388141223 0.04500799012369641 0.04162218489345299 0.059967162580287656 0.03976435673704515 0.053999834737883924 0.08864458301373412 0.030933103861889088 0.029342282510545607 0.047690614929141874 0.08001623382036113 0.09343514279464685 0.03692953527444441 0.08967923007609989 0.06977525634894599 0.06883317038583314 0.04325751451729098 0.07871217186351467 0.05944008443629335 0.09261545815680003 0.02075335011669168 0.04020452591836641 0.06547407730891364 0.022984144462189177 0.02965327985257618 0.040154161831382214 0.06363869686732829 0.01416423276114736 0.07026077626086387 0.015783980470918595 0.04560767784263016 0.06480066873936491 0.06109880921833681 0.07060177213708897 0.04884481784555233 0.046385149275558514 0.0471663564290257 0.09433575397686376 0.08346738795903647 0.08147629129215618 0.09129377388805913 0.05604145357237046 0.020397754461810604 0.03448936047894561 0.04887291672867416 0.02557928513070583 0.06385544725765213 0.008584716382448117 0.07018519266522012 0.08416496080564498 0.01231568584944537 0.03804408018475814 0.08502072155384292 0.08058493323201578 0.03588874741045683 0.04267606839815941 0.0663486296757725
 0.09241052420683253 0.09093767690359994 10000.0 0.08121459511450528 0.03106331299481829 0.06980267480672944 0.08049202872705918 0.07194416267865567 0.06970325555219416 0.06980644461339774 0.07017939262096244 0.059571584281928935 0.09603008829197637 0.030393131464406448 0.0960340000056727 0.09916802832470895 0.08892972704474505 0.08064049687451785 0.04955535148019784 0.07658990613740708 0.061136987228113636 0.09524052473840966 0.04324711687180886 0.018014337502568263 0.08629664325532925 0.06067560239402817 0.002337628877993289 0.09094833326776484 0.08438033211783867 0.053921977883868245 0.01331227985373424 0.037088920417284774 0.08535824706678596 0.10939759848757241 0.05157329129739148 0.06515051013779359 0.0683916184451757 0.062085986629832134 0.05831912959542267 0.09711398679859223 0.10495700075032456 0.02362128274295191 0.07802037971639529 0.09803400719948185 0.08983206451301015 0.05097853319818213 0.043075503185874615 0.08973925721036162 0.045579889236268274 0.12498676998255129 0.08834755223511434 0.07478591534658945 0.026662954630352276 0.008639525515032902 0.09511165341790355 0.09888499056841672 0.07403219884050725 0.1249846962175892 0.10642908869141425 0.08480430567422147 0.09879113670638762 0.04156376357176047 0.007414671644880605 0.10116693484809462 0.10782119020048649 0.02644881000949869 0.012182027159329268 0.0690802941962577 0.07658200053277905 0.06393577745817261
 0.07617851174849802 0.028130198474285252 0.08121459511450528 10000.0 0.05770916285192413 0.10279337647475811 0.04799883564405267 0.10074929367313032 0.06288550237378304 0.019046394911601545 0.04689431006663705 0.09135801414834303 0.06443439326623984 0.07029388111230817 0.06969091350133126 0.06745465464702304 0.08094693200055635 0.011656256343527944 0.0344454206201965 0.10242224718941606 0.03556367968689999 0.055585999704570066 0.04213497194005351 0.0756012863752183 0.10912009981472118 0.020599403056417356 0.07941516666678355 0.09006317135254019 0.08744415066766366 0.0492263267189142 0.06793962693895876 0.04468459200283236 0.10817972357962076 0.047129793044306714 0.040418494586623555 0.07842631195770106 0.02268390479394933 0.03406144895150421 0.022917474942424763 0.08630602704764247 0.035557515533348766 0.06585065816896382 0.016260854129149693 0.07071546804109625 0.08543126258624491 0.06875687710102583 0.07536216966499712 0.07135551307310614 0.04513482185238028 0.07512911405600131 0.11041699994705703 0.09746116663580076 0.08040275197337104 0.07896990046162325 0.07916456214847387 0.020229205036494273 0.00856094744240116 0.07693140735545766 0.053698719031566144 0.08319410764395108 0.0299664315219321 0.07434734730622324 0.07574928155146742 0.029272415206553964 0.06577146721853999 0.08384302364743415 0.07351612399574292 0.05068750355645077 0.0612155298169676 0.0788221251871096
 0.06372742722097306 0.06153573617422084 0.03106331299481829 0.05770916285192413 10000.0 0.05649943958543678 0.049446177253183635 0.05664389594517709 0.040624545063103416 0.042426439439252 0.03915396176537927 0.04421655298408868 0.06547701305076202 0.013573923201061735 0.0660212019935964 0.06871626915615837 0.06172187184706078 0.060848797894017724 0.03543047078749819 0.06031750684497466 0.030838064074748806 0.06422415480786152 0.015606137263638116 0.018634383349346854 0.0695652062298507 0.03795505094793207 0.030428736317072755 0.06581351978879921 0.05980760085879661 0.02296138860576565 0.021936075297450865 0.024194715704562848 0.06854149928922204 0.0789784874736592 0.021353009358397627 0.04157024521757339 0.04019163408872482 0.03197760065830019 0.03684284545229564 0.06989742649704384 0.0756977131852493 0.008744708830799822 0.05042968896608571 0.06799791735743721 0.06361367474674537 0.026035047943173285 0.02433847511394131 0.06048924793983014 0.015169610287628027 0.09395543667636012 0.07145656824187482 0.05679673917297245 0.022808534284427022 0.03432926396033258 0.06667118641064407 0.07249877653509067 0.05241108207674883 0.09400170601616313 0.07544664486094484 0.05886863788668003 0.069782437114072 0.0226918455133946 0.023736116302397088 0.0726178249485554 0.07689044117836592 0.026180933774542302 0.0194978635229657 0.03826053201032228 0.04674306106125487 0.04080530991782036
 0.05197856165905262 0.09131830302776849 0.06980267480672944 0.10279337647475811 0.05649943958543678 10000.0 0.06531141193141181 0.004733448011217258 0.04417666815462861 0.08383620767364676 0.059492121684394585 0.012349913685041613 0.06652563650870685 0.04486641704257453 0.06194601179869526 0.06763825650471086 0.04365391319134696 0.1099974130637268 0.09086980737232957 0.008936608941759256 0.06725831817463997 0.07325225212101287 0.06672407871402461 0.053197784161420854 0.017448223743867376 0.08769722787625617 0.0711553146224095 0.03777149847447558 0.03238931672165289 0.05365334722472179 0.0709150026115711 0.08062750853969572 0.016685073856083945 0.09872026635737428 0.06350917653591177 0.025861245162556303 0.080272685870619 0.06878256996503472 0.08800275334422841 0.0487396853904854 0.10308552596718365 0.054831087876030124 0.08914524123459748 0.06343724348585902 0.04059225876298322 0.034531857031761974 0.03216192375158987 0.05331962159524876 0.06069786845198949 0.09651644170293756 0.01945596470011321 0.011507495770570553 0.04342906979976936 0.0778503434290718 0.052511584661098426 0.10976987818687298 0.10075399454189171 0.09491915309724665 0.0887031137558609 0.036931391351074365 0.09942166542586985 0.033823100632709956 0.06474483724156775 0.10349750970757929 0.08009300630506222 0.04336055805581416 0.06067570127912314 0.055472730873775765 0.05035503751435396 0.024975088177777154
 0.02817981733133083 0.027175724431717285 0.08049202872705918 0.04799883564405267 0.049446177253183635 0.06531141193141181 10000.0 0.06188276179995048 0.02118978277848077 0.03162645807829113 0.010343383436868303 0.05672791513642194 0.018938559559051677 0.05415136846922142 0.022728891028071047 0.02240867466869245 0.033466661233781766 0.05876773639729453 0.05894701362325662 0.06192345508176851 0.023216148894423555 0.014840678104405342 0.04103881894693884 0.06573992476585715 0.06632784198124937 0.044623266938918285 0.07986620406547627 0.04305531228216627 0.04170819175974631 0.02662837456818933 0.07055451685418404 0.05839372782681777 0.06552450779399231 0.03440539531385593 0.031030086973280212 0.03955915298094505 0.02859130477092616 0.023329613352266604 0.047160621505525004 0.0383280206748756 0.037812849840529364 0.05721309163543213 0.031742271631548004 0.024172838845357928 0.03817961209713117 0.03890337137927207 0.04961964540926752 0.023357443877243346 0.03597399679915439 0.044514028270675604 0.06719070822914268 0.0567492305037385 0.06415338495146078 0.08335931385275996 0.031178291181557946 0.04724316084038159 0.05064397393374299 0.04463962004761242 0.027158214867571095 0.036820471741603335 0.03460521740288359 0.04971351061695071 0.07312490124407649 0.038795440035279224 0.02775062835395613 0.0674733394015681 0.0686691031335836 0.012451123271129868 0.015555937156093153 0.04062554160729232
 0.04748642546521271 0.08822031540507196 0.07194416267865567 0.10074929367313032 0.05664389594517709 0.004733448011217258 0.06188276179995048 10000.0 0.0408894112881025 0.08172716440745209 0.05656591489949316 0.012761152768872647 0.062292347219965995 0.04571099855602324 0.05757724047709032 0.06330229328602113 0.03908896748293249 0.1083255519737715 0.09037126726656614 0.004876112816662368 0.06518809693350938 0.06927125550503763 0.06592991705572086 0.05489178052358929 0.0143934164801516 0.08632685761846771 0.07318115262676923 0.03304655298385228 0.0277367785525587 0.051867062558991456 0.07223465636835275 0.08058698367456756 0.013493220628472923 0.09494509338323064 0.0620471897510412 0.022843751787091558 0.07812539045267611 0.06668802491566049 0.08679968192011885 0.04403956235663553 0.09969525130147855 0.05570326515927973 0.086724583338936 0.059028549794235004 0.035929308859225684 0.03330506521242637 0.03247903800875375 0.04898270263922236 0.05965243735107391 0.09205576958152362 0.016449084522631628 0.006790838157353605 0.04534875586488721 0.07979928507655092 0.047933285335821224 0.10698560550249842 0.09907044893282954 0.09041959508739307 0.08471388842701705 0.03237041548543444 0.09621119589691371 0.03418951237512225 0.06655467042609428 0.1003233823216479 0.07577379506984969 0.04562010298077441 0.062306716668427437 0.052515672871289824 0.046708372989510714 0.022159770562363356
 0.02310337495234454 0.04737349337509003 0.06970325555219416 0.06288550237378304 0.040624545063103416 0.04417666815462861 0.02118978277848077 0.0408894112881025 10000.0 0.04413986630813733 0.016299870565191405 0.03566507160687939 0.02812020034819546 0.04012043310990228 0.026714776238202682 0.030738314181883074 0.022199431664511042 0.07211194511535775 0.06279775364379087 0.041305665978104415 0.028965430446161202 0.03142412475494734 0.03936017814931568 0.05276048450358696 0.046736730016623526 0.0528781488356245 0.06964671760122403 0.029026100209236974 0.025038317087138034 0.02063746682234757 0.06248562362562504 0.05773711334617373 0.04584973968852888 0.05522277913837315 0.030828623842141138 0.018372993782371304 0.0405007602739486 0.030153103039550096 0.05443910557471634 0.030024654065729895 0.05891106762846531 0.046262407415934396 0.04755652094188997 0.0287142043733691 0.025337195533340504 0.02085568800943243 0.031744005151057214 0.02004852764347273 0.03244872344454012 0.05932263707466266 0.047867672916239584 0.036135801610205125 0.048572692744916005 0.0744601590582064 0.026074933594775297 0.06653772035458648 0.0630828236712519 0.05857980810871031 0.04641876106677981 0.021654092166036608 0.05532179809617759 0.032335868526655986 0.0623652792933404 0.05943690408096983 0.04159585454726153 0.05147958362361206 0.05752407533799754 0.012301733655516598 0.007858653779386465 0.019440301610508495
 0.059324624766002 0.02273918912295367 0.06980644461339774 0.019046394911601545 0.042426439439252 0.08383620767364676 0.03162645807829113 0.08172716440745209 0.04413986630813733 10000.0 0.028523862041625082 0.07253202032348188 0.04979794887562871 0.05382177953055127 0.05426496049500748 0.053116309376956064 0.06322960210762217 0.02807142705693906 0.03168049228950053 0.08337585390233021 0.016579111109921336 0.04236844004994152 0.02719710888346972 0.061002347466873115 0.09012433274266912 0.014863401366497917 0.06835183055929757 0.07197992580240276 0.0689538252849267 0.03044168470557453 0.057093055227529145 0.036771399303472 0.08917841256260935 0.04328587893282108 0.022667497765077576 0.05938095930511338 0.003657960522089086 0.015054602963228064 0.017994107233826957 0.06920368274982794 0.03589135466225377 0.05106638392003408 0.0082156512428439 0.055586586690097084 0.06751874265594618 0.050032450565959515 0.05728928100572052 0.05452939277391336 0.028195041492794063 0.06716249054498184 0.09144566023831037 0.07841726233944951 0.0643353233561493 0.06937699392478267 0.062445682060857405 0.030086161983783485 0.019319931193761273 0.06838082336198008 0.04540863912842554 0.06492748350681463 0.02954355128669169 0.05641173797779867 0.06342967321472497 0.03148994337308937 0.05434573457427678 0.06786811254837699 0.060343126813052116 0.03211431557165124 0.04317815939906069 0.059776870170700956
 0.031986874232063575 0.03193147594476313 0.07017939262096244 0.04689431006663705 0.03915396176537927 0.059492121684394585 0.010343383436868303 0.05656591489949316 0.016299870565191405 0.028523862041625082 10000.0 0.049745358578489364 0.027452868188005637 0.043967295786495615 0.029701437324969753 0.0308936257015733 0.03488478144299742 0.05659116833010488 0.051715558787238436 0.057349755032768644 0.015559934757799583 0.02507022751501832 0.03167368164886165 0.05542680308861834 0.06303262807417369 0.03916587062745464 0.0695822718885806 0.043460738580985266 0.04055279208421936 0.01628768264040074 0.060427974238030646 0.04962399048583332 0.06214146340143474 0.04329800423569989 0.021686296592933495 0.03372995253709958 0.024975245809489257 0.016241443604628474 0.041252861170838116 0.04136113291401573 0.044535771842046185 0.04687076681272834 0.03131513903718578 0.031473952789642996 0.03905030330299239 0.029995592985028217 0.0403341999891858 0.027403539237930624 0.02609233935120756 0.05480786143906122 0.06416685336292845 0.05220813451342196 0.054112516765501974 0.07318903926662122 0.03520692511811242 0.050451148613667 0.04777994176528298 0.05485723504308339 0.037217932437133866 0.03641225227394855 0.04024019920840631 0.040259272397854845 0.06280397833451354 0.04420858954643038 0.03781135115359487 0.05748390352272437 0.058332154448359215 0.004063784179073585 0.014747353862080046 0.03452355285518773
 0.04840573569039055 0.08166216450518905 0.059571584281928935 0.09135801414834303 0.04421655298408868 0.012349913685041613 0.05672791513642194 0.012761152768872647 0.03566507160687939 0.07253202032348188 0.049745358578489364 10000.0 0.06097273748199905 0.032966803315135414 0.05725702565226319 0.06263879730924046 0.04101211098734891 0.09817904120120369 0.0785254796202935 0.017121513646153018 0.05598298474692789 0.06642923723808757 0.05445005911581349 0.042275476597593835 0.02683582928259329 0.0756810595614909 0.06071920334070282 0.037828180663350995 0.03137820238017179 0.04213322532416643 0.05948576464851025 0.06830893260878527 0.025870126057431816 0.09088687668263094 0.05161933870230592 0.017801560097089057 0.06903094194610328 0.057529452597220816 0.07588353168678912 0.047641059875359625 0.09407423383485171 0.04296047965487439 0.07824820305314112 0.05897480980658028 0.03920097352993002 0.022663529820849647 0.0199064839845325 0.04865097870595571 0.048539246678596555 0.09198059977067485 0.028871635514202975 0.01540673957697782 0.03291048109653324 0.06727553990512498 0.049669189875850624 0.09940066997592721 0.08895900889230267 0.09069047178192645 0.08174376513515003 0.03461264455921231 0.08998046179250947 0.02159332733005171 0.05397300773975207 0.09395199491236789 0.07481293268186728 0.033492148228913526 0.04964837565119568 0.045856468083009645 0.04274856747922304 0.01647322332684363
 0.016760075794314645 0.039068421062495626 0.09603008829197637 0.06443439326623984 0.06547701305076202 0.06652563650870685 0.018938559559051677 0.062292347219965995 0.02812020034819546 0.04979794887562871 0.027452868188005637 0.06097273748199905 10000.0 0.06753524707236731 0.006306243029607795 0.0034828585686678217 0.025158509031488634 0.07573892498316756 0.07788433022934517 0.060853285243542 0.04199850938716248 0.010008083414670889 0.05912451519594593 0.07992435660189619 0.06250222359205031 0.0633739033335791 0.09568130674036476 0.03474549771631663 0.03645491975621275 0.042676354579274614 0.08722051266271846 0.07693830915169937 0.061916109397659486 0.03551518685141499 0.04912410628097727 0.04327946197576849 0.047043324227506254 0.042209209940950045 0.06599407051224147 0.02600946103761407 0.04454692826848796 0.07241520441646764 0.04841948942725195 0.006548667824012786 0.029844706241924323 0.04896658560949963 0.05986313290667719 0.013586328401087578 0.05342719948895943 0.03136913349889271 0.06280193656569964 0.05601719609838095 0.07650847104700723 0.09979906183493922 0.018421497413961298 0.05914809068297409 0.06822348548832478 0.030487169765913483 0.02362850400236957 0.031121847171887877 0.04393862142073147 0.06044486970785516 0.08861635225756224 0.048000038564452584 0.013854713882056379 0.07950344383883651 0.08391943118231603 0.02733884598105263 0.020323849425178276 0.04470662841241079
 0.06235004642785162 0.07079445388141223 0.030393131464406448 0.07029388111230817 0.013573923201061735 0.04486641704257453 0.05415136846922142 0.04571099855602324 0.04012043310990228 0.05382177953055127 0.043967295786495615 0.032966803315135414 0.06753524707236731 10000.0 0.06679853619820972 0.07045967243271052 0.058562423212107834 0.07411360221771601 0.04887344325930787 0.04984363357673504 0.039971329261204544 0.068276043485903 0.02834535328308324 0.01272002768859743 0.059432957568117846 0.05107697061202783 0.030791720513071198 0.060681757119336384 0.054182367632067685 0.028320879439054078 0.026954505949532262 0.037119585458826855 0.05843064317751797 0.08643423213526108 0.031378665283361654 0.034989177446449075 0.05113995288149033 0.04136023812367639 0.050176772250867585 0.0667351920158824 0.08485790435940607 0.009993687044673592 0.06146288903670512 0.06880207179486797 0.05944835309058187 0.020600911574105596 0.013684412420337197 0.059971297022401 0.025626922801035623 0.09779679912397472 0.06141781921513478 0.04701551753415672 0.010691570925801343 0.03659766239677822 0.06495282178306155 0.08378067247075513 0.06548976341954943 0.09745082652127798 0.08118501160290534 0.05442931378603767 0.07929338991599866 0.011988587230526431 0.023443146517557235 0.08249774505242422 0.0801952786759837 0.014245822096409922 0.01858921462087489 0.04187948885358893 0.047459001761763105 0.03385706804509736
 0.010818080925798708 0.04500799012369641 0.0960340000056727 0.06969091350133126 0.0660212019935964 0.06194601179869526 0.022728891028071047 0.05757724047709032 0.026714776238202682 0.05426496049500748 0.029701437324969753 0.05725702565226319 0.006306243029607795 0.06679853619820972 10000.0 0.005814744096427492 0.019450431271609187 0.080840405791768 0.08113663818805356 0.05582618694177723 0.04495177736395591 0.016262795490310122 0.06109847586903081 0.0793890958471359 0.056922780309464446 0.06730944885147418 0.09583788320495201 0.0287745743928288 0.03099792611899619 0.04369575774868932 0.08792999134991951 0.07926378827351423 0.056379697710017565 0.041727758074220384 0.05123365705865196 0.03986683887611745 0.05130497927721678 0.04535613906851063 0.06978139063509255 0.01971891489420531 0.050844981547981886 0.07244508473113388 0.05353323959090215 0.00200470186415035 0.02397151598823781 0.04736942716051215 0.058052668237499876 0.008663536480921552 0.05499501399447878 0.03476319088173022 0.05712543353494811 0.05113113034683571 0.07523118715082348 0.10029469533265149 0.012177153776589266 0.06520904752877879 0.07305305920835167 0.03343562508401551 0.02968778523612329 0.02574127037527458 0.050136988700891866 0.05879729459984003 0.08864563038875432 0.05422327952923147 0.0182622991867019 0.07806390107142101 0.08386077897306472 0.02872810394165448 0.019453879470465205 0.04134743422687967
 0.0165909969266402 0.04162218489345299 0.09916802832470895 0.06745465464702304 0.06871626915615837 0.06763825650471086 0.02240867466869245 0.06330229328602113 0.030738314181883074 0.053116309376956064 0.0308936257015733 0.06263879730924046 0.0034828585686678217 0.07045967243271052 0.005814744096427492 10000.0 0.025252991018975046 0.07882282809576023 0.08135567499133388 0.06161235984341275 0.045481359692688815 0.01228585741843929 0.06256727897994639 0.08291575028778249 0.06272556941277245 0.066783326971231 0.09885425393661709 0.034476505515484326 0.03681264077962124 0.04598031682777845 0.09050296008564787 0.08040926818626683 0.062187330466797384 0.036490913456949596 0.05257367291436137 0.04508824775670835 0.05040918086083547 0.04569015811608099 0.06942218175949073 0.024985959399976446 0.04625507452048077 0.07554709200836157 0.05152758114652564 0.00494120531020927 0.02972691933190837 0.05158468476705103 0.06241888621268198 0.014321070077400098 0.0568239480711565 0.02936077607966203 0.06291208993297015 0.05689096758760437 0.07927025440047925 0.10304508809080545 0.01767113665858366 0.06149681406167679 0.07141947000362413 0.028230240723833643 0.02425482774440557 0.03155355779298678 0.04605609745639198 0.06306185537043849 0.09175714418218983 0.050041255741796714 0.012479845883308409 0.082211979229808 0.08703698729618722 0.03067066626144238 0.023059432788703375 0.04654633315845026
 0.008700571222308624 0.059967162580287656 0.08892972704474505 0.08094693200055635 0.06172187184706078 0.04365391319134696 0.033466661233781766 0.03908896748293249 0.022199431664511042 0.06322960210762217 0.03488478144299742 0.04101211098734891 0.025158509031488634 0.058562423212107834 0.019450431271609187 0.025252991018975046 10000.0 0.09118920503701287 0.08478338301769651 0.036844339496982625 0.04980842175206545 0.03411122472382793 0.06155960026643663 0.07119836682358145 0.03747296547908154 0.07381280312774756 0.08919370197778245 0.00991331009827032 0.011675827895014545 0.04283689824189197 0.08319010714556788 0.07992519593061352 0.036936347776268086 0.06039357265000591 0.05288269582747149 0.025577265033619664 0.05975901105988664 0.050763308317304016 0.07567306660523702 0.00821788536624204 0.06817919682604905 0.06623688769147586 0.06481541415972296 0.020552027910412808 0.004883723707256766 0.03796151639451436 0.04712185248564596 0.011821259505497375 0.05463819743308728 0.0531165212504907 0.03768775877874927 0.03242122095952696 0.06502577255455769 0.09455827954448558 0.008865656344010863 0.0803250533803132 0.08254589738036958 0.05138707523772824 0.04875993117171698 0.006722525707059789 0.06642614761695768 0.04830411596676062 0.08182323825706204 0.07063690811438625 0.03759090545486691 0.06729186153976986 0.07692938512336425 0.03180238896820737 0.02013948572379024 0.027068370276498024
 0.08687381454685782 0.03976435673704515 0.08064049687451785 0.011656256343527944 0.060848797894017724 0.1099974130637268 0.05876773639729453 0.1083255519737715 0.07211194511535775 0.02807142705693906 0.05659116833010488 0.09817904120120369 0.07573892498316756 0.07411360221771601 0.080840405791768 0.07882282809576023 0.09118920503701287 10000.0 0.03140151958266594 0.11037032879445581 0.04365314151947003 0.06706992588912936 0.04586210377531394 0.07761078511821037 0.11757996567234262 0.02310478956312193 0.0786435670107775 0.10003661581167142 0.09700322445430912 0.056459461987925584 0.0673736248593785 0.043559851174150094 0.11661264369317957 0.05835862488239049 0.046562930916611504 0.08654858864235403 0.03166161203704533 0.04227636740335227 0.024018154104429125 0.09690510870552466 0.04630442252445689 0.06828840228925324 0.02732583484885362 0.08193861524034715 0.09553945050871142 0.07553404817733567 0.08093137243381616 0.0820515256834855 0.050268789278327126 0.08665697056479059 0.11898506665458802 0.10554674209732413 0.08361540189618327 0.07720578580682957 0.08992299753638375 0.02905636584258099 0.009255445097826765 0.08850203057139745 0.06531416999615158 0.09299859060725368 0.041071926730592546 0.07974080894083214 0.0759789134805216 0.03987905911130544 0.07741263111737434 0.08690361405413163 0.07444740271442025 0.06017448903218619 0.0712063835856656 0.08679289127156238
 0.08340930319852513 0.053999834737883924 0.04955535148019784 0.0344454206201965 0.03543047078749819 0.09086980737232957 0.05894701362325662 0.09037126726656614 0.06279775364379087 0.03168049228950053 0.051715558787238436 0.0785254796202935 0.07788433022934517 0.04887344325930787 0.08113663818805356 0.08135567499133388 0.08478338301769651 0.03140151958266594 10000.0 0.09349036819904234 0.03621647210686662 0.07209077053956392 0.02479123543914406 0.049071496468085625 0.10211474994915014 0.017072343733130622 0.04748161939094557 0.09167475723435603 0.08690210385706852 0.042557561473227194 0.03643581577720264 0.012998359643441919 0.10109225991431264 0.07473561269491148 0.03197307501478468 0.07166179778649392 0.0328294081124831 0.03578406987097171 0.013846460773374815 0.09214348727629001 0.06597630671753385 0.0408886575468264 0.03829535409109793 0.08278640173388215 0.08813483347578813 0.05741108843765621 0.05909621510827962 0.07898718165857078 0.03166438163776147 0.09857993289437168 0.10384640148789262 0.08934307202015551 0.0567088960791225 0.04580726569716343 0.0866374558651247 0.05426055126185681 0.026195909372414592 0.09965076710148764 0.07695743450985068 0.08428208341493112 0.059653058077183956 0.05756631395950544 0.04547993853397953 0.06055683220505175 0.08473489235578235 0.05960994006063936 0.04465927528192472 0.05371789858706186 0.06540410163992916 0.07137608973120946
 0.04543316880938472 0.08864458301373412 0.07658990613740708 0.10242224718941606 0.06031750684497466 0.008936608941759256 0.06192345508176851 0.004876112816662368 0.041305665978104415 0.08337585390233021 0.057349755032768644 0.017121513646153018 0.060853285243542 0.04984363357673504 0.05582618694177723 0.06161235984341275 0.036844339496982625 0.11037032879445581 0.09349036819904234 10000.0 0.06693969693210541 0.06833461402938336 0.06887651047680257 0.059393416246191794 0.009719753005719983 0.0887069541020313 0.07778574175803835 0.02992166698436632 0.025228640426292314 0.05398748560088782 0.07654151932321888 0.08406714250417235 0.008769001569770453 0.09431388334846533 0.06442371119924178 0.0240109588562111 0.07974357689251987 0.06840674663611515 0.08933232568166975 0.04109666049945449 0.09967333572411055 0.05981524375434859 0.08800885139512656 0.057163932493193695 0.03327357846301353 0.03612800276515364 0.03640597232129876 0.047360033284960024 0.06241439114563875 0.08996084490604415 0.011763691360381063 0.005179007978791987 0.049954257650274676 0.08437011568132224 0.04557987892212338 0.10778356127586707 0.10112014167737225 0.08821174977597981 0.08371516786739346 0.030208475301273234 0.09645907057669366 0.03812910918654166 0.07108471195438627 0.10061402498227502 0.07408647163284969 0.050331668208202375 0.06676970288255461 0.05328604560494204 0.04650108225358306 0.023614452957590633
 0.04749624569983276 0.030933103861889088 0.061136987228113636 0.03556367968689999 0.030838064074748806 0.06725831817463997 0.023216148894423555 0.06518809693350938 0.028965430446161202 0.016579111109921336 0.015559934757799583 0.05598298474692789 0.04199850938716248 0.039971329261204544 0.04495177736395591 0.045481359692688815 0.04980842175206545 0.04365314151947003 0.03621647210686662 0.06693969693210541 10000.0 0.03741061945678522 0.018763821362963153 0.04915426610921857 0.07394265335179655 0.024037318877067868 0.06011856231740266 0.05775266252835215 0.054001220429735014 0.014020251347081623 0.04977258384072712 0.03525120016147138 0.07298008791308368 0.04827871569908641 0.00957471827932528 0.042995947932351425 0.013048027150524034 0.0015606285498203614 0.02588001525779583 0.056669188887330746 0.04507526775747853 0.03949657167979578 0.022648342675262504 0.0466350340850201 0.05366385715935552 0.03357232669775029 0.04143974088221295 0.042952327960252744 0.015697311492303516 0.06610327870437965 0.07533451602141243 0.06203243081461461 0.05066285660893001 0.06263520747505301 0.05072216546585062 0.044723373451925 0.034469713823700183 0.06664746886846783 0.04594872003877685 0.050463151325586035 0.03936549409370027 0.04072408614465459 0.054075884042428496 0.04252647102271719 0.050408193131653185 0.0542167778376705 0.05018504156264466 0.01803614432323398 0.0298255317523964 0.04332528874436634
 0.026178450233280692 0.029342282510545607 0.09524052473840966 0.055585999704570066 0.06422415480786152 0.07325225212101287 0.014840678104405342 0.06927125550503763 0.03142412475494734 0.04236844004994152 0.02507022751501832 0.06642923723808757 0.010008083414670889 0.068276043485903 0.016262795490310122 0.01228585741843929 0.03411122472382793 0.06706992588912936 0.07209077053956392 0.06833461402938336 0.03741061945678522 10000.0 0.05568695271703608 0.08016132435441843 0.07086568242662095 0.05663395658505872 0.0946524908831655 0.04393756175531372 0.044866850691776504 0.04132240055579123 0.0853951094745654 0.07264382116528434 0.07021108073081345 0.026340602120417528 0.04572247254135754 0.04864618417864252 0.04001886909758197 0.03727496793128499 0.059464332927267084 0.03583539347313583 0.03461510617568452 0.07186228673936608 0.0399200582169304 0.016513629911365787 0.038941230170979876 0.051476351809150465 0.062424654893263654 0.0222900238126522 0.05079533689180132 0.029752975225920665 0.07132791243551738 0.06332581353494927 0.07796123283522226 0.09819699610491517 0.028181105439196306 0.049242983251020306 0.060006789090420974 0.029803459487295632 0.015450861768893698 0.03952410637374449 0.03393835660935598 0.0627429188599321 0.08785774984784267 0.03799251993553743 0.013013897692346378 0.08117301548106934 0.08335213014739137 0.026447565643236172 0.02379921626857569 0.049956172791144095
 0.06139801533525348 0.047690614929141874 0.04324711687180886 0.04213497194005351 0.015606137263638116 0.06672407871402461 0.04103881894693884 0.06592991705572086 0.03936017814931568 0.02719710888346972 0.03167368164886165 0.05445005911581349 0.05912451519594593 0.02834535328308324 0.06109847586903081 0.06256727897994639 0.06155960026643663 0.04586210377531394 0.02479123543914406 0.06887651047680257 0.018763821362963153 0.05568695271703608 10000.0 0.03393002915338005 0.07737624508018422 0.022770966933020675 0.04201522274618084 0.06770764984388179 0.06259936518513769 0.018722752273738236 0.03126315740767265 0.018458961889602967 0.07635564514283177 0.06646521510570715 0.010025269563344898 0.046877855573164935 0.02534012719535968 0.01940734823921341 0.022131692043213066 0.0693062068983306 0.06172742280933402 0.02401704693121811 0.035343318727219894 0.06294710227213533 0.06450235150355604 0.032749056184840836 0.03574751317369193 0.05736548726791131 0.007041609521338761 0.08475988915365106 0.07908962993761005 0.06463275492176229 0.0382756507013676 0.044058827478704765 0.06457399658131421 0.05714329662188621 0.037150610639469846 0.08521524790995648 0.06470562100709824 0.06035348397318211 0.05559875002840727 0.034395620142949196 0.03653585819475702 0.05811886632343093 0.06869439736780947 0.041708279742949855 0.03321228650311271 0.0324076206348365 0.04331011576494362 0.046584882498883866
 0.07507003229154587 0.08001623382036113 0.018014337502568263 0.0756012863752183 0.018634383349346854 0.053197784161420854 0.06573992476585715 0.05489178052358929 0.05276048450358696 0.061002347466873115 0.05542680308861834 0.042275476597593835 0.07992435660189619 0.01272002768859743 0.0793890958471359 0.08291575028778249 0.07119836682358145 0.07761078511821037 0.049071496468085625 0.059393416246191794 0.04915426610921857 0.08016132435441843 0.03393002915338005 10000.0 0.06911063304334147 0.0553303578924533 0.01874909277130047 0.07296277843663977 0.06637953752020793 0.039284691133512795 0.018292761250038085 0.036200063443561865 0.06814546256823002 0.09689971426076309 0.03982039727892088 0.04715121341037453 0.05882206767998744 0.05037612981739173 0.05374509834440576 0.07934963568221196 0.09417924220858129 0.009935963547188007 0.06904355115614168 0.08139370455421059 0.07194148079410025 0.03325709259387087 0.025065653161800743 0.07266452748558493 0.03365280672376265 0.10982936707101629 0.0711471000196167 0.057247619716462236 0.009990224234765071 0.025084727159450808 0.07766890768677537 0.0910410653185704 0.0696779068861031 0.10959288054724459 0.09249360593419907 0.06689845692846372 0.0883273217555512 0.023549535140865357 0.011718393389701568 0.09121956321892406 0.09233688471668082 0.011535124035042955 0.007496821455419773 0.05371690977841168 0.059992157929663774 0.04592679986500043
 0.04614894857340263 0.09343514279464685 0.08629664325532925 0.10912009981472118 0.0695652062298507 0.017448223743867376 0.06632784198124937 0.0143934164801516 0.046736730016623526 0.09012433274266912 0.06303262807417369 0.02683582928259329 0.06250222359205031 0.059432957568117846 0.056922780309464446 0.06272556941277245 0.03747296547908154 0.11757996567234262 0.10211474994915014 0.009719753005719983 0.07394265335179655 0.07086568242662095 0.07737624508018422 0.06911063304334147 10000.0 0.09644180294967818 0.08750188217155754 0.028784764000122066 0.02606322802762274 0.06159467213348522 0.08620010929374092 0.0930906387314258 0.0010267123616961831 0.09717157503640146 0.0722697881164972 0.031145861491406534 0.08646873782993537 0.07535240193322731 0.0972620312517565 0.0398440321455117 0.10361755472707598 0.06938216819577342 0.09418832029029625 0.05798867386225081 0.0331259725005173 0.04473061739468149 0.045905378749780575 0.04893955058626619 0.07073441550155957 0.08984468697456252 0.0020556680424881194 0.012822490540723425 0.059668901712821486 0.09408957496925044 0.04561050762305755 0.1130923483498958 0.10836471946584758 0.08785685760927239 0.08595031647294298 0.031413142058527216 0.10089726725192019 0.047630582038692866 0.08080380912792724 0.10510218527827017 0.07502037628346618 0.06000568513398566 0.07648051708812789 0.05900958530913877 0.050776717750797104 0.031102313324939623
 0.07108824831018665 0.03692953527444441 0.06067560239402817 0.020599403056417356 0.03795505094793207 0.08769722787625617 0.044623266938918285 0.08632685761846771 0.0528781488356245 0.014863401366497917 0.03916587062745464 0.0756810595614909 0.0633739033335791 0.05107697061202783 0.06730944885147418 0.066783326971231 0.07381280312774756 0.02310478956312193 0.017072343733130622 0.0887069541020313 0.024037318877067868 0.05663395658505872 0.022770966933020675 0.0553303578924533 0.09644180294967818 10000.0 0.05891555967216328 0.08177133817077224 0.07785953499510513 0.03484740559872844 0.047433740863768975 0.02464729194222714 0.09544804423870717 0.057670884614477155 0.02429148251145446 0.06530049465788383 0.0166350657892321 0.02305067029969636 0.0032263573817892907 0.08051948697039875 0.04905319773131816 0.04573178530784301 0.021230461761095894 0.06879410277150085 0.07770090111123376 0.053167867853769896 0.05795614400016652 0.06641925575197344 0.027337377840750413 0.08202327327619481 0.09797380605421226 0.08406236523454182 0.06076330612530533 0.05877280691857845 0.07429284630559464 0.03880529417096324 0.014456469222281013 0.08322282508453988 0.060270456789156754 0.07446080751488193 0.0427026525571706 0.056725109636927847 0.055149953086155 0.04382492189130755 0.06891647880071297 0.064114579399186 0.052961674131775605 0.042011237758205824 0.05375250075011245 0.06536706488173906
 0.09246841929868276 0.08967923007609989 0.002337628877993289 0.07941516666678355 0.030428736317072755 0.0711553146224095 0.07986620406547627 0.07318115262676923 0.06964671760122403 0.06835183055929757 0.0695822718885806 0.06071920334070282 0.09568130674036476 0.030791720513071198 0.09583788320495201 0.09885425393661709 0.08919370197778245 0.0786435670107775 0.04748161939094557 0.07778574175803835 0.06011856231740266 0.0946524908831655 0.04201522274618084 0.01874909277130047 0.08750188217155754 0.05891555967216328 10000.0 0.09145986702127289 0.08493092611793218 0.05337272368386708 0.011481825911667375 0.035123285710325844 0.08655407074463076 0.10832913748984326 0.050579153903081944 0.06570921693402441 0.06702953579862837 0.061024550760580686 0.056503237706480615 0.09739394046236197 0.1036549834663291 0.02340607765458989 0.07655899826952803 0.09783401829439153 0.09021980463474116 0.05129534645233693 0.04376979351329278 0.08969490915286639 0.04465945097000848 0.12437917690328573 0.08954907171470233 0.07585217385670275 0.027834451352823295 0.006794728422031263 0.09521279208147924 0.09725895737655865 0.07214662116736832 0.12442934660625221 0.10560171898810454 0.08521085103138874 0.09745934512463572 0.04221652139585471 0.007371274869548603 0.09976796953512294 0.10730481977644749 0.02787422353691561 0.01226446903300435 0.06861213124934563 0.07640043442416007 0.06452700082292843
 0.017995863187167224 0.06977525634894599 0.09094833326776484 0.09006317135254019 0.06581351978879921 0.03777149847447558 0.04305531228216627 0.03304655298385228 0.029026100209236974 0.07197992580240276 0.043460738580985266 0.037828180663350995 0.03474549771631663 0.060681757119336384 0.0287745743928288 0.034476505515484326 0.00991331009827032 0.10003661581167142 0.09167475723435603 0.02992166698436632 0.05775266252835215 0.04393756175531372 0.06770764984388179 0.07296277843663977 0.028784764000122066 0.08177133817077224 0.09145986702127289 10000.0 0.006720317997367388 0.04917831823015216 0.08655259803613291 0.08576624393238001 0.028385209524052962 0.07015486849946849 0.05972054149111765 0.025826728152109533 0.06843519777001737 0.058835012707116066 0.08342336274620715 0.011235299198379897 0.07809014693086412 0.06923120737292805 0.07405057737679534 0.029607246753320913 0.00502990532392318 0.04048757173053607 0.048059699785219026 0.021671411318877155 0.06067735745244798 0.06106109238678466 0.02871832267147924 0.02626461575335214 0.06573089619167907 0.09722556590495063 0.016967181608785974 0.09010233385622655 0.09123647881202697 0.059092455824087946 0.058371550404429616 0.00739389304546121 0.07631966471829957 0.04947270206542818 0.08412300374161645 0.08053305784461112 0.04652412854412331 0.06756402900890997 0.07926937845796887 0.04003690938311918 0.028860703958259938 0.0271089720388301
