NAME :TPP_input_27_4_3
NUM_VERTICES
105
NUM_CLUSTERS
27
Full Matrix
 10000.0 0.04282258287134596 0.07070718970931497 0.057765245687053636 0.02519937130877905 0.019676603721565596 0.04124188414555883 0.024082588986082096 0.03187313164320934 0.020415988630571574 0.04499451922851889 0.05396444444143745 0.0462407194733411 0.006320330266265731 0.02387672677633553 0.06536117802722759 0.05183654526811387 0.025807008809620714 0.04517748777096266 0.0312742241286976 0.011037479570243992 0.02816929885837105 0.020311286804480907 0.05147854688123529 0.0266966808202961 0.018774099858983425 0.027108594026424584 0.013711985275347097 0.019527702685102264 0.0546827068058353 0.05664377790284064 0.028770352039155657 0.0351967457050993 0.021706369481397075 0.010189152856449031 0.040510148874732116 0.03774675967594739 0.026143868694511553 0.05685454794765059 0.07344195057977325 0.03672969204065728 0.025561549848597178 0.013111741807194738 0.05360981809970014 0.04445786136946136 0.01756471657687364 0.04128728660877921 0.026170890628158618 0.028455170044074832 0.07332904057418516 0.04833571183018438 0.06498980926072365 0.03368946092585446 0.04522514491612571 0.011296221309571555 0.017118860584755306 0.05493518086607043 0.016304965073760905 0.026750886471504278 0.043621914031768905 0.015577846868486643 0.06695339454331102 0.052186772837052774 0.02697733628746378 0.043545932830085156 0.05251413834611376 0.023658938635205795 0.03785526705010901 0.0394408437396602 0.040982335451070946 0.07262685907143858 0.05707018065880138 0.048366130782550205 0.025709710394072518 0.036504216269662 0.02550952930532446 0.03652877105144482 0.015056165068268646 0.019252579507803333 0.05891037693855602 0.0401642027580302 0.06241533355013881 0.007253456331549458 0.0425381346265212 0.05857004276277704 0.06933654190897517 0.036312195990828626 0.017216637753507333 0.019336286956631484 0.049489645362069755 0.052518967731916465 0.05243809599263276 0.0320070747356514 0.06609265129456092 0.04989044495475516 0.05861190216567851 0.028633552226433046 0.02705961639411481 0.03617720377390394 0.04738452580465647 0.05237978337743078 0.04641202172403628 0.06154271075269389 0.0231478799051934 0.06885886456814755
 0.04282258287134596 10000.0 0.06155049677868489 0.08972065414072872 0.06056717146839345 0.04216177674235893 0.06242942705338078 0.020521517243119 0.04760424128877111 0.054959590181700706 0.0763943422980105 0.09169034533666255 0.08102799138300734 0.03774332584051315 0.06109573991648451 0.027094117363915128 0.08912954981544607 0.017133684361618405 0.015144872517321425 0.05520600993477924 0.052593849546374624 0.059763173089838965 0.031110751770225323 0.009198172686543646 0.0161323192721273 0.058209290259222245 0.04965207819888273 0.056532648174182805 0.046573525966145266 0.04554307579748055 0.04963042176617935 0.04666375611460921 0.03674231097973444 0.05774800949304648 0.049940978736125456 0.08132734883608592 0.07083569814255969 0.06718730534585064 0.08902112460510808 0.05694311572461213 0.06376904662002554 0.040795765035048025 0.055889870754387436 0.08949735382805946 0.08237281823527338 0.041835659394079884 0.06467604610147644 0.043434254925598166 0.06882156769833014 0.05321632386583824 0.03291181486279273 0.02601974906156239 0.06341201065631775 0.08095317807670213 0.031596810869175304 0.050958872224514264 0.01704034952461167 0.05046723796910419 0.021466113024359194 0.054337989562233964 0.0501008827750122 0.060262325249471095 0.00959916175800569 0.06889389217239816 0.05912547418007499 0.009820743697684603 0.038491762387498296 0.05568617888598447 0.013090044101788167 0.08161159172790723 0.06469795017842919 0.07013777314160981 0.059278164417812154 0.048172450792434846 0.07647136830840529 0.04476142748346441 0.045883405667040494 0.04945063951682765 0.051570438883605324 0.09504366327473944 0.06198984609225299 0.021892262071970002 0.04191625264252467 0.05236704128630836 0.019584249441134516 0.03492326347692234 0.07357191315458539 0.037153272307340335 0.05289955740102432 0.011747061834335467 0.08449283422513672 0.05177151509838224 0.05062313856452767 0.0610421163716996 0.06178308615335536 0.09302696219465635 0.030302413087445076 0.03390443985643204 0.06945554925838551 0.06345351209369512 0.08832227273537478 0.05155883432995734 0.01887759195936685 0.0208110670976255 0.028181247665563493
 0.07070718970931497 0.06155049677868489 10000.0 0.07060065212410428 0.06379462991716742 0.05194318688056803 0.10961879333465058 0.05625891763585801 0.09662847946581686 0.09108343375338689 0.06281396253103608 0.08321780410958056 0.0708464903839701 0.06507975513390202 0.09429348245043713 0.050637237355248534 0.08058500740638429 0.060360639686363064 0.0465085727254446 0.048634438477068616 0.08055171999544224 0.05838144503850606 0.07768154406906708 0.06643851588873334 0.06211350834063346 0.08873618770241679 0.048354521569032964 0.07829484094478317 0.08791349679881173 0.017203406744004533 0.01422417471485313 0.04446428644815716 0.09131783974019304 0.06416156400765341 0.08077573192943087 0.08448903508490088 0.10842497511967597 0.07677907955490526 0.07056125409307593 0.011788474508935175 0.052660822894145067 0.08868618994986062 0.0771293759826479 0.07785511683529679 0.07780832946514252 0.053941058080060215 0.11046101976549393 0.09071294701409077 0.09658548650258893 0.017772187519482834 0.02891767799506225 0.052170059913925565 0.10412799251321699 0.07256731617335582 0.06678211192725667 0.08754946150949332 0.050831609136911725 0.06122615319129194 0.05135220867683806 0.03221665463012449 0.06165529737574842 0.004635848755011728 0.061083918796842405 0.08042644577129722 0.03726679149597551 0.061729475728341594 0.0859349012241209 0.10448050711317637 0.0491695229364862 0.08410514907594577 0.0033140127119302737 0.03379712614045226 0.03089755164276578 0.048816086310202435 0.07914587709923684 0.09106454160905185 0.03538100753860737 0.061556447694225594 0.05904203281186088 0.08194668037568764 0.04543395660844148 0.05569119059627182 0.0638551206526944 0.1053533444039966 0.07766069041311338 0.09361456260685329 0.07173710933283536 0.08053282638559624 0.06046174617174501 0.05237920432545594 0.06768207223276802 0.0190591832655511 0.043461503243818145 0.006853253083009298 0.03182834333913642 0.07716370555314653 0.04365327367723122 0.08469792940571033 0.10685816767777472 0.03754041368503911 0.07724067699969366 0.026517884339823692 0.06371492433302467 0.05763328941883513 0.0812703240312243
 0.057765245687053636 0.08972065414072872 0.07060065212410428 10000.0 0.03258844726792038 0.047838421220564836 0.09277461947339236 0.06997760657096755 0.08795500374077164 0.0697945715787695 0.013440240357802379 0.016747565556396983 0.0124837397666685 0.05829224041523971 0.06759292187760649 0.10049075180171027 0.015345930361312675 0.07475558621217378 0.08256506823678977 0.03468330940884828 0.05793120621614845 0.0308808393473798 0.07776307831675518 0.09879663678711717 0.07666869713810683 0.06258626532625174 0.0401057440130677 0.050777073044016366 0.07475437912238127 0.06578052909091119 0.06373954084106193 0.04352230938007787 0.09296017620847143 0.03607897032303039 0.06116464511994993 0.029881440297940074 0.07972459403217662 0.03662645393252748 0.0009788552392412015 0.08074932512311811 0.026083749184480767 0.0828349362543469 0.05015265626534954 0.010906195881801537 0.019260955355378334 0.04857938580205418 0.09137508865002719 0.08292744484465955 0.06223392816994075 0.08493076475080494 0.07120941018168983 0.10109709861181486 0.08119602618009862 0.014459462129864964 0.065742557022141 0.06916919841070016 0.09311212466109027 0.04243077016383656 0.06825701797257708 0.04299020918114145 0.04306944314767387 0.06610063771576101 0.09667839885381187 0.039050554942171876 0.03652186260860212 0.09725345558058991 0.08122442003577972 0.0919342279397141 0.07932259956937358 0.0289984943492682 0.06987598507305257 0.037013190991839376 0.041321374182907815 0.04155335992424087 0.02830113840092006 0.08187156350317615 0.04772602875087721 0.04371838531845005 0.0401459093571193 0.012315713055849137 0.029847632650245853 0.10124852192536742 0.0531461964271849 0.09862024660887078 0.10894700196323275 0.12271193072715476 0.02319009259880828 0.07493090468157672 0.03936789585043819 0.08982556106347064 0.00535173074253282 0.05584255321516446 0.04004653232153392 0.06375564233042873 0.039605247956658644 0.006964258427942906 0.06015290693699824 0.08481263339020158 0.07861513698392068 0.034235706508822177 0.011285511682882521 0.04924798399287155 0.10480252416409597 0.0701932812968023 0.1178780839764672
 0.02519937130877905 0.06056717146839345 0.06379462991716742 0.03258844726792038 10000.0 0.019283288644628777 0.06273743896861675 0.040077483523701204 0.05609152907082181 0.0395971123054784 0.019867761142449123 0.031141292383910564 0.021466872125626032 0.02596315774123889 0.03912577143017492 0.07677049525434843 0.028627101095078912 0.044241833688418594 0.05686786382887643 0.01519079731432628 0.027013149907838072 0.005798082680231012 0.045197348275641376 0.06976252533110587 0.04594088637301628 0.033416819146405735 0.016402967583125212 0.020686588038430095 0.04300250821225833 0.05167312738260228 0.051740855157367954 0.020956264065881716 0.060393493162038965 0.003493385957138009 0.029759333848052405 0.022948178988329637 0.05302145574985754 0.013032256052990758 0.03168791840021223 0.07036699736664262 0.014770807294576093 0.050497041866067634 0.01973875389912296 0.029467733929176468 0.021816183558984348 0.019008059878029667 0.061883879955629426 0.0507803223375824 0.037025575786031564 0.07240310946022271 0.05130037138220142 0.07694931368612723 0.052345233048711914 0.020855591025482272 0.03351010921508194 0.03812753540763084 0.06767869669235098 0.01036479274755208 0.03966213677245559 0.03174001547645784 0.010891347956353386 0.05930764452626116 0.06871190763194446 0.01674814576608658 0.028054452690627587 0.06920519914837538 0.04876670060493792 0.06087848298882841 0.052352153891740846 0.0229114765960938 0.06464999055517927 0.03947845920370261 0.03448701377764934 0.01670942842834103 0.01743999204891306 0.04985563766226749 0.029624386228724882 0.011565514582614494 0.009029964682739096 0.03497454979849088 0.021146144711560948 0.07586911836659957 0.020802053960968108 0.06682829300373559 0.07892066560668426 0.09165711520650088 0.013013951503696075 0.042400028327770525 0.007672158470987021 0.06329927694912436 0.027323437743188222 0.04491502640447129 0.020566082991892463 0.0576451356451581 0.0348415760951303 0.03390955276848013 0.03427701222380823 0.05222862839998277 0.05164169930600435 0.030207313441107463 0.028249964294502744 0.03730233298074734 0.07760422785045062 0.03995643361861423 0.08853004422874015
 0.019676603721565596 0.04216177674235893 0.05194318688056803 0.047838421220564836 0.019283288644628777 10000.0 0.06074096941877144 0.022140023674455694 0.05014670031684316 0.039912273462080906 0.03441809584779761 0.049914176778732194 0.03888586204135777 0.015456309017054873 0.04250811977036669 0.05754793640928618 0.047274286654797416 0.026968885007902295 0.037584575817384856 0.014525053578305545 0.028681571105794022 0.017625645262749703 0.03417813021855486 0.05133117393530294 0.028933792186377844 0.03685568514007478 0.009018946602294617 0.0265914785010354 0.038782302235245904 0.03693755612522125 0.03824174155950967 0.009238553624021473 0.05014369536323372 0.017225615904861807 0.02926152504067065 0.041866919331839364 0.056806839419979833 0.02937671863097026 0.04709196667673817 0.056051881266696676 0.022465166096928328 0.04290017879349847 0.02544480173478907 0.04739239880927003 0.04086344192146373 0.002112411140986237 0.0609181192753358 0.04414708487961516 0.044758632531009826 0.056914796532502296 0.03357974554260284 0.05769335595835984 0.05329481116584882 0.038905775452220036 0.020962811264872386 0.036778927033962495 0.04839641520637784 0.010984505934776543 0.02080474223665585 0.023999007993356306 0.011087267894919237 0.04795029282653348 0.049824125874582334 0.032339756680990275 0.024597952495316554 0.050346835408132104 0.04048257730975987 0.05688158411291012 0.03314327004860489 0.04193079560676056 0.05361397054433806 0.03818368455106536 0.028876496472185216 0.007351204650508287 0.03648682339848103 0.04386954418004129 0.016989464180955767 0.010714715993687642 0.010500728871876011 0.052931927038737114 0.023095186888702435 0.05659080920037626 0.012441365582704244 0.06043705887143327 0.06116474978917306 0.07492211649985676 0.03212667675266871 0.03399681799561581 0.012108289901483249 0.04407691971735704 0.04254158706541557 0.03321985446260118 0.012952486668844031 0.046899358197500865 0.030564973712464846 0.050876174487890134 0.015138050602762047 0.0419679232853666 0.05525295956276342 0.028760912684941024 0.04623122942597825 0.026830883115552876 0.05854523383339216 0.02237581104255137 0.07033155307623093
 0.04124188414555883 0.06242942705338078 0.10961879333465058 0.09277461947339236 0.06273743896861675 0.06074096941877144 10000.0 0.05466411992082908 0.01482682509608455 0.023186524593931723 0.0818421555173827 0.08338580472260868 0.080310230526659 0.04554865181616596 0.025505039536588725 0.0895156095709221 0.08220323295984457 0.052086245050890254 0.07310878936258196 0.07219175145121771 0.035728055061568696 0.06728891530183698 0.03331307104353817 0.06712920138902911 0.05109079241197955 0.030189912596929908 0.06832261703787211 0.042360410769364545 0.022026818409774204 0.09270855916730625 0.0953981605753072 0.06993605547549153 0.027207373312409713 0.05960601556264761 0.03325246572304974 0.06668317784233012 0.018796750218349655 0.056189850522134085 0.09179842482201826 0.1102311941583284 0.076516680562362 0.022185700260573323 0.043166416477995004 0.08546687590224679 0.0752308701203876 0.05864749819386489 0.0033181962157628605 0.019703995428924162 0.03327900851363906 0.10873789568533637 0.08357629189852862 0.08844435993396206 0.012571482593551979 0.07852303466387382 0.042836783498038586 0.0248398494210736 0.07921637051335143 0.05647823851411541 0.0593739452591631 0.08473894660174083 0.05576192288946878 0.1063164191864016 0.07111366017576516 0.054153283587382355 0.08477083258457323 0.07104563076757871 0.024846838258816666 0.0069606747960206964 0.06751781911666101 0.0675128546211648 0.11191406508281268 0.09825705034098921 0.08957195541668535 0.06694714705189923 0.06563618405324248 0.018908761463112086 0.0771959564253658 0.05539417822256083 0.05953838045844 0.08976758038729653 0.08092215281301704 0.0841369229109596 0.04846006719710015 0.014756634463011354 0.06711535492977666 0.06873037735026692 0.06958498726019431 0.02924320554432232 0.05914811027088741 0.07354236665842787 0.08808432218233923 0.09238981207921666 0.07324872164464716 0.10578534029767288 0.09112953247952102 0.09139278282730262 0.06597225416514386 0.028566023181723993 0.018714975807807482 0.08853733167338146 0.08434843328296271 0.08703531043770438 0.0790469690987658 0.05324511637393579 0.07679724820290415
 0.024082588986082096 0.020521517243119 0.05625891763585801 0.06997760657096755 0.040077483523701204 0.022140023674455694 0.05466411992082908 10000.0 0.04081768126574352 0.04053496192586889 0.05655774061546376 0.07121568361140679 0.06076734198226293 0.018221269027658422 0.045801085728690995 0.04128958305143719 0.06867609043867381 0.0052854841820808044 0.021261785333795268 0.036038128874472365 0.03482530073306769 0.03954963046697184 0.02166187181957249 0.02970328829557862 0.007417502553544706 0.0417206337785548 0.030362806625336823 0.03745178574139891 0.03433766571657485 0.03905977788432699 0.04231507793038642 0.02817623010584941 0.03524356485353221 0.03722821902255552 0.03292044046115076 0.06092727025529832 0.057917132902652 0.04691787862567323 0.06923193063785114 0.055694932240742 0.04439285683028837 0.032876797289606095 0.036660256925883414 0.06917159412854797 0.06186871521067106 0.02155399328867216 0.05603299947162376 0.03512409133391399 0.05203924625288187 0.05407648489441713 0.028958840308749213 0.04090731084629268 0.05173801199369396 0.06059208630183557 0.014064599070187913 0.036469710086320495 0.030856453433427952 0.02994589642347598 0.0049069918617470985 0.03906960344547809 0.029580901958254063 0.05355543796758281 0.029129578684730918 0.04884300230488812 0.04252611282647867 0.02955730704535026 0.030116982800868223 0.04891903577569988 0.015428611799891969 0.06118583905161899 0.05890175065735066 0.05508608854257151 0.04435391768842208 0.02876771917959656 0.05600012837196677 0.03576161715535545 0.03015939794489501 0.02893209470353514 0.031108474059145585 0.07471909811781406 0.04372618583055462 0.038434115837663804 0.021772478635184687 0.04911794892052262 0.039075591215893116 0.05285516660498786 0.053070902509578535 0.025561074126788482 0.03240570735727893 0.025467237542712746 0.06468131034427992 0.041291288969882406 0.032374607243422025 0.053515031388533106 0.046670832722372 0.07291139416270886 0.014330807462037956 0.028442287471510935 0.05639369792520884 0.046982514032839054 0.06798419284540223 0.03831087879924008 0.03835013020340513 0.0014206729358823486 0.04847476951669101
 0.03187313164320934 0.04760424128877111 0.09662847946581686 0.08795500374077164 0.05609152907082181 0.05014670031684316 0.01482682509608455 0.04081768126574352 10000.0 0.020340848839509085 0.07589347024674516 0.08100332581200101 0.07578176552925978 0.03469929707607408 0.02583107974850081 0.07468894227866782 0.07939106466738692 0.03778801305664911 0.05847986971889102 0.06301959703462258 0.030215000219797162 0.05978181414605106 0.019164790559086858 0.052475749527792395 0.03664013026251811 0.027984839716140377 0.05848754168388176 0.03751185757964814 0.013203060883164182 0.07953037683124872 0.08247220408011786 0.05935769301267638 0.013489415921580334 0.05269019030079432 0.02682378191534421 0.0650426236050328 0.02735770966706372 0.052475059885269584 0.08700192695912222 0.09650959244508585 0.0685618293217523 0.00795634480865647 0.03797931088238609 0.08206664295357 0.0720665840192113 0.04814603608848409 0.017178097449098907 0.006054689658780621 0.03536626907353678 0.09470835577347662 0.06976152370336346 0.07362099900791347 0.019101570542994564 0.07432329696079018 0.030379523439292944 0.019337487729220983 0.06439703125319571 0.04811207808474211 0.04565029207315981 0.07382413092882072 0.04738104811376464 0.09357109952975302 0.05633860258207581 0.051359106689646335 0.07470785233535956 0.05628445754760034 0.010718158104154494 0.008262006518458728 0.05297399279317786 0.06577352506800775 0.09908543884510985 0.08830265625022383 0.07889125269364108 0.05696644192285645 0.06280003920818537 0.006366322181563958 0.06573135134430806 0.04688998441874902 0.0511009785855231 0.08689471137050776 0.07194832402563205 0.06933456247304264 0.03859667389877587 0.01074027557764385 0.05317551815478445 0.05656292446123348 0.0651701064578656 0.01642722223143119 0.05107535328391511 0.0587328751026398 0.08291571534352643 0.08012859986718229 0.06304671728357289 0.09322780650111849 0.08068140127461612 0.08766467530312622 0.05309914586945294 0.013750022468256747 0.02645715409802907 0.07876119147515848 0.08087618824086454 0.07538029822466155 0.06439990629252954 0.03940006449299302 0.06316878970371913
 0.020415988630571574 0.054959590181700706 0.09108343375338689 0.0697945715787695 0.0395971123054784 0.039912273462080906 0.023186524593931723 0.04053496192586889 0.020340848839509085 10000.0 0.058666547605113833 0.061382018388028106 0.05737257189296584 0.026083905467959096 0.006527669205739404 0.0805653433725541 0.05995955474015371 0.04003897258120123 0.06146764055594497 0.049874170163404896 0.012658535203561406 0.04429839202153925 0.024347481232298993 0.062172642834133277 0.039954116461135315 0.007733699648159744 0.04654240275019786 0.019183161873343978 0.00960154069797902 0.07488019144123106 0.07697779358494909 0.04878862929050026 0.03095781053619552 0.03652733613653173 0.010773870005906334 0.04506823630113557 0.017644362969891275 0.03338693116949274 0.06882190609898099 0.09343580870398553 0.05359721544966306 0.019354344612172447 0.01997990766668386 0.06295388498501739 0.052781929317209667 0.037806233556334945 0.022313636187212427 0.01771914715948369 0.015896242711613866 0.09295310660026679 0.06768972770821408 0.07987646749172844 0.01344925090002806 0.0556776744556884 0.026588245160071734 0.004091475818464477 0.06990099889214291 0.033985248237332115 0.044429807580304216 0.06362272631112381 0.03329434724299083 0.08736171806815247 0.06452198245064898 0.03174299009512737 0.06289253337954195 0.0646737474656059 0.01983597501409587 0.022331492981562423 0.05556614827113557 0.04583537616826155 0.09303409529952997 0.07616245828408448 0.06815414329039363 0.04532033277611187 0.04329492160084246 0.016008585816661355 0.05686646176507579 0.03300740699057767 0.037017855566956664 0.06752085190763571 0.058391083241459384 0.07645301132794156 0.027507672760879703 0.03007400565121324 0.06615225640071579 0.07297682408252253 0.04663781731440645 0.018088153192646984 0.03645453704557728 0.06415067032253226 0.06501731660768097 0.07285160414425587 0.05167057061552012 0.08650855532710378 0.06948496821651323 0.06876236947620432 0.04840143823755748 0.025715192472400564 0.01608194600499961 0.06640890087834356 0.061799952364884676 0.06673438617421687 0.07359718697863768 0.03925485076955938 0.07663688874089902
 0.04499451922851889 0.0763943422980105 0.06281396253103608 0.013440240357802379 0.019867761142449123 0.03441809584779761 0.0818421555173827 0.05655774061546376 0.07589347024674516 0.058666547605113833 10000.0 0.020459631195175246 0.008072464582988548 0.04510262853616399 0.057268375707041165 0.08816608175009027 0.017785372051106838 0.06131807611012289 0.06972721537899922 0.021665426602459178 0.0463459502352682 0.017514601040975925 0.06473251019434603 0.08550001789912008 0.06322873018681673 0.05188170686060475 0.02689816069710327 0.03948386370730555 0.06275550008329192 0.055488249000479994 0.05402398613418203 0.03057009960443941 0.08014383735939992 0.023336785264994234 0.0493392671391891 0.025308006364191303 0.0703319833765977 0.026789649955424787 0.01267527346563944 0.07196311870754857 0.013211433549226628 0.07036384212381576 0.03870846322513692 0.015521404791053737 0.01592832711640173 0.03513939036754329 0.08072692416054905 0.07063650810757886 0.053211092429425066 0.07552122157435355 0.059482757811826374 0.08868036693463166 0.0708144685613434 0.01004805650218308 0.052488062855321344 0.057588880355805484 0.08038487533174574 0.029261129359815737 0.0549291475595851 0.03249888127680774 0.02992539189456833 0.05819035821220518 0.0835221307585408 0.029938391386173654 0.026277948796135306 0.08408652204911804 0.06861310511816812 0.08041636785721547 0.0662520532620648 0.024605621772177965 0.06264052333927084 0.031129155228457474 0.03211565619561517 0.028284677804369784 0.02148149092665888 0.06968810539663826 0.035757584710549586 0.030558341930421257 0.02684370683963995 0.02047576376879011 0.01851606845674115 0.08857113168194068 0.039987463410872476 0.08662069223802095 0.09555886210426609 0.1092725956124612 0.014069726610497452 0.06221096885535277 0.02616660706010319 0.07687943558895378 0.008123595648405616 0.046177413369819384 0.027399809026371885 0.05601424635008062 0.030986767606132254 0.01707882068363247 0.04709308248499972 0.07193528913672438 0.06908906427693083 0.025276753420124216 0.014707116048014949 0.03895518647940465 0.09179341043861873 0.05676025660775352 0.10456861084895364
 0.05396444444143745 0.09169034533666255 0.08321780410958056 0.016747565556396983 0.031141292383910564 0.049914176778732194 0.08338580472260868 0.07121568361140679 0.08100332581200101 0.061382018388028106 0.020459631195175246 10000.0 0.01262667044526032 0.05628622303633048 0.05788964153871803 0.10646794839324347 0.002778737697792014 0.07535182048433382 0.08714810801939198 0.0400341668971508 0.050980845267586346 0.03248808705418671 0.0742175859137173 0.10088788381331483 0.07701172250749809 0.053721115633549664 0.044342747974362946 0.043711582790133235 0.06800915442929864 0.07570763448420666 0.07439833502727831 0.048629672913346224 0.08816561251046699 0.0341301103904147 0.05456570207799423 0.01682896400671446 0.06831556828479429 0.028691106989697363 0.016099798918451327 0.09241753685639455 0.03251329639892539 0.07711869119683029 0.04343795558864596 0.0060171839039064225 0.00954530135377395 0.04995050891156611 0.081531635985902 0.07669454102942551 0.05091963251680415 0.09590731436434864 0.07879488312051958 0.10682009323365553 0.07115430298836388 0.011524707788605468 0.06381517684320807 0.06167807549571888 0.09795928063645752 0.041400996555013156 0.07062887006070431 0.05280406713588572 0.0418511408478692 0.0786021987142756 0.09969705804932491 0.029679203268224475 0.046684619124145024 0.10020659287251468 0.07598634667222876 0.08367219481137686 0.08300762455744276 0.01596107866939733 0.08295381691670528 0.05082705457022869 0.05257497919122388 0.04537411542739693 0.01820838793454752 0.07537975490217667 0.05517636796599616 0.04252131752667584 0.04011991606431561 0.0067921776949520125 0.03875726643740042 0.10618687685781722 0.051250892708583864 0.09130193442960992 0.11002581604049977 0.12245521711253783 0.018204965485390773 0.07023952850101725 0.03881315470386496 0.09390472880955386 0.016625351584992225 0.06658235804326162 0.046212309350147786 0.07639978910944956 0.05140803571233878 0.010838016148808355 0.06427915278651877 0.08043111514983692 0.06740862364223948 0.04570648168604171 0.006191636498391467 0.05926505579539377 0.10845903501676468 0.07109531804837962 0.11967094294766017
 0.0462407194733411 0.08102799138300734 0.0708464903839701 0.0124837397666685 0.021466872125626032 0.03888586204135777 0.080310230526659 0.06076734198226293 0.07578176552925978 0.05737257189296584 0.008072464582988548 0.01262667044526032 10000.0 0.04742627993602208 0.05510918563521847 0.09446601032216985 0.009880052886134555 0.06523377290815209 0.07549030429867196 0.027788761716581893 0.045649347008032005 0.02126566936244049 0.06646429283738957 0.09020808378835443 0.0670281050857801 0.050120320049128524 0.03245596716266935 0.03843802060197708 0.06258079807703473 0.06308166840792495 0.06178619053560777 0.036559604518135363 0.08132570514148806 0.02486107615242968 0.048959225250192515 0.018808973303724837 0.06732334436536395 0.02414475519608672 0.011505131153820946 0.07986622996361173 0.019967390686178376 0.0709154952477235 0.03786016885074723 0.008586863708449431 0.008464892921381577 0.03922757139900204 0.07889399407362108 0.07088722472883058 0.04986686648250151 0.08329620589189307 0.06638234639370606 0.0948863826575173 0.06871244385575682 0.0024214541286068643 0.05497665020990173 0.05685259415862714 0.08625614777750132 0.0317524007979375 0.05968493843091898 0.040182661047219716 0.032320008234688224 0.06621896589298293 0.08863627805668015 0.02660126436079425 0.034097393698320495 0.08917298275187611 0.06942214881842827 0.079566088598159 0.07163339713443316 0.017999799027133587 0.07070296940139437 0.03911857715605664 0.04007940721752867 0.03363232031080475 0.01620948421913736 0.06977229955236323 0.042696437211666285 0.032990781451182165 0.02989553027648504 0.014079052273265093 0.02613463226535807 0.09447845839109839 0.04226710962607582 0.086403054798316 0.0998264131304582 0.11294583172500847 0.01073535296339465 0.06325304504322218 0.028841745105569406 0.08243763625300501 0.008360077238534111 0.053984306962714945 0.033877568540569315 0.06405732364302297 0.03901920668938181 0.012444916299738354 0.05264362458461379 0.07327313628314866 0.0661935982007267 0.03330663330591302 0.007502495116680425 0.04664280288277573 0.09718570551318499 0.06080248676900082 0.10917407186293752
 0.006320330266265731 0.03774332584051315 0.06507975513390202 0.05829224041523971 0.02596315774123889 0.015456309017054873 0.04554865181616596 0.018221269027658422 0.03469929707607408 0.026083905467959096 0.04510262853616399 0.05628622303633048 0.04742627993602208 10000.0 0.030013621047576697 0.059366894736825986 0.0539756565829789 0.020609740662625227 0.03908546682029199 0.02875993332864339 0.017352478774373598 0.02768104134518605 0.019826700688326777 0.046639822900632365 0.021799090206232424 0.025051843616112797 0.023897994685809904 0.01923284128429651 0.02352346793819281 0.04879656262957255 0.0509327598121171 0.024685849834777406 0.035658962532592715 0.02257778699117683 0.016348969943761487 0.04408856587311497 0.04363049180879658 0.02974158746444782 0.057426169576499535 0.06741485568261026 0.03533484287452944 0.027562105168305623 0.018441509653286225 0.05527712534369609 0.04674450044239144 0.013446831624556406 0.04593384947548217 0.02871543839579171 0.03476789932631803 0.06715640638082562 0.04208359485844775 0.05905305265731693 0.039052577111456876 0.04671174937622472 0.007565913632796298 0.022471226099512152 0.049032312037760845 0.015862368037688677 0.020547419975949752 0.03931806293446345 0.01522481445055084 0.061453363754598055 0.04690559176508973 0.03119914652232375 0.040011416898747924 0.047273384683523136 0.025240086313119543 0.041465245174519556 0.03341889750705941 0.04446244962988398 0.06711478023989202 0.0536058246298687 0.04429040504451454 0.022333770721006205 0.03960435008188206 0.028413609252011175 0.03165057096619452 0.01457389689296634 0.01832468887123832 0.06072180199137521 0.037684445235435925 0.0566552810843447 0.005163465702271241 0.04505412338089486 0.05448002993368966 0.06620474024768322 0.03820238409463209 0.018684530692040367 0.018940460540318612 0.043687417369047736 0.052959771081345544 0.0471331800779901 0.02834997511812324 0.060709696926593185 0.04601719261151166 0.05987070384703289 0.02246256259325599 0.027382192050028495 0.04205991240573319 0.044096779839289946 0.05404956232814115 0.04150456223629999 0.05623246051945611 0.01742507314430412 0.06457147197692399
 0.02387672677633553 0.06109573991648451 0.09429348245043713 0.06759292187760649 0.03912577143017492 0.04250811977036669 0.025505039536588725 0.045801085728690995 0.02583107974850081 0.006527669205739404 0.057268375707041165 0.05788964153871803 0.05510918563521847 0.030013621047576697 10000.0 0.08634766111257913 0.05669949515295492 0.045738539002280976 0.06694428247436987 0.05092619693386406 0.013859357331913787 0.04429820909016368 0.03075527838511074 0.06848572974681083 0.04580518851363914 0.0058694657862389515 0.048222390343002075 0.018500571556642188 0.01611112113795515 0.07850651946124154 0.08033962901762721 0.05096205801102877 0.03721064718909658 0.0363874186139454 0.013689792347580262 0.04122887052889468 0.014424041276404809 0.030974305261248242 0.06661431201872967 0.09731462499119624 0.053651755096510316 0.02572656619002475 0.01953664366016404 0.05999847800345759 0.04975771622172962 0.040449804637471866 0.0238263266998088 0.02393091265440916 0.009609930786772384 0.09716862900642827 0.07206854240804601 0.08571665945550122 0.013608766701050533 0.05323452983149843 0.03173884353387511 0.010212506140129002 0.07569397497076417 0.03513571234167326 0.049412099488533465 0.06561349095660393 0.034501816617277456 0.09040475322404914 0.0706816833222528 0.02871940992575542 0.06425476827488154 0.07085395024182241 0.026331902766663168 0.02628626965049963 0.06104817295400792 0.042048021842977804 0.09607655882641422 0.0771974165339182 0.06986693403457031 0.047164183525809936 0.04015374721432392 0.02217813785840552 0.059469039346430455 0.03433526893146489 0.03804669275858755 0.06426296758353343 0.05905944335197038 0.08242628286826152 0.030448371325731062 0.034784622293197925 0.07264993756921877 0.07946888070206076 0.04443962427573179 0.024496940148848876 0.03722440794470158 0.06997459019631837 0.06306128627205171 0.07571933740287501 0.05344735325045417 0.08940199384119747 0.0709966664651995 0.06595505450461749 0.05246981355307674 0.0322205781896727 0.012911874094970148 0.06748533713157329 0.05889084431262516 0.06923499738019254 0.07981868164592487 0.04458145836772316 0.08314050177489059
 0.06536117802722759 0.027094117363915128 0.050637237355248534 0.10049075180171027 0.07677049525434843 0.05754793640928618 0.0895156095709221 0.04128958305143719 0.07468894227866782 0.0805653433725541 0.08816608175009027 0.10646794839324347 0.09446601032216985 0.059366894736825986 0.08634766111257913 10000.0 0.1037267549312441 0.040612667753383846 0.02041671445670611 0.06670760073936285 0.07609174108393967 0.07413127801144456 0.05760815349866608 0.024578528498317626 0.04061300692675046 0.08272708639541447 0.062126026835047476 0.07855031612522367 0.0728280264688431 0.04008493261779602 0.044029944054886916 0.05790888139090276 0.06364058560368056 0.07474696553948643 0.0740246359014159 0.09938235095469594 0.09715000295273601 0.08628646750708102 0.09999324978247856 0.04170554231322415 0.07495993518132074 0.0677597089032035 0.07769276682821548 0.10301693482116345 0.09790587565382594 0.05816093732339221 0.09172677956099433 0.07038829371366333 0.0931846834656861 0.036088092325893585 0.030043930620889697 0.001746882112842114 0.09001132412224741 0.09503295917397478 0.055036022333138895 0.07648438736909341 0.01066456352492257 0.06800778199662785 0.039040969916975664 0.058805183280017714 0.06788312994372198 0.05144392729008052 0.019234280404790607 0.08875342399460377 0.06501520278400054 0.01952845766943603 0.06536970207167798 0.08278029545632044 0.025948352362781972 0.09946758509099965 0.05392841669602625 0.07197471977186569 0.062368429115640195 0.06111788337607472 0.09403181595842916 0.07164896298339654 0.05278450886421109 0.06733538293276053 0.06803477129239725 0.10837467088070658 0.07069415385779818 0.006799491982273453 0.06224338480017566 0.07923254220312695 0.032423795936831167 0.04667887520367719 0.08935513308203279 0.06336757761237301 0.06961896953182886 0.016430131823101914 0.09575436763754577 0.04987416207428391 0.06077355876079304 0.053180130753932395 0.06479626562031689 0.10523026910443116 0.042498264269276685 0.06096937880941527 0.09571442297790785 0.06853938557810452 0.10196666938034268 0.053574588163831545 0.01552262524957812 0.04229931931322837 0.032350854931417095
 0.05183654526811387 0.08912954981544607 0.08058500740638429 0.015345930361312675 0.028627101095078912 0.047274286654797416 0.08220323295984457 0.06867609043867381 0.07939106466738692 0.05995955474015371 0.017785372051106838 0.002778737697792014 0.009880052886134555 0.0539756565829789 0.05669949515295492 0.1037267549312441 10000.0 0.07286583118185141 0.0844455568511937 0.03726272087186787 0.04926753597141224 0.029798461394887902 0.072125766816458 0.09832772188413597 0.07454808626526624 0.05235034687583443 0.04160080604977962 0.04197257343937193 0.06633157000178104 0.07295134544014568 0.07166529481482219 0.04587308227491905 0.08625757649064016 0.031685831936795306 0.05281560305938298 0.016102527735360073 0.06753115132285192 0.026942767559226824 0.014595006659831544 0.08971822715831763 0.029737760626478746 0.07531346401824296 0.041642175571193436 0.004474306873199932 0.007419826228565846 0.04735078542360628 0.08043511097098989 0.07496298965882243 0.05005492421318165 0.09317518920307463 0.07601787088742364 0.10408665735749013 0.07007484902180305 0.008749592665587507 0.0615217488509022 0.06009844372141174 0.09525284625426685 0.03893262159763456 0.06801668898586699 0.05006262947273511 0.03940100137761932 0.07596488777736454 0.09707933273970615 0.028217210217437925 0.04396593639185217 0.09759298650815434 0.07411217315847117 0.08228287487205183 0.08034111305025 0.015205760696346594 0.08035908271266273 0.04836419745798021 0.049894965275534615 0.04264699744293436 0.016664775941711722 0.07368366915040778 0.05239763049512617 0.04007333224055573 0.037568422688376374 0.007570308018788178 0.036014513165839715 0.10348088151918965 0.04890936086155399 0.08976788548370268 0.10754463619574137 0.12009343892779431 0.015792621673721533 0.06827815597860994 0.0362918645137624 0.09122842886589853 0.014504854478867351 0.06385861920735078 0.043437190896325396 0.07377541794517237 0.048763395651403564 0.010286055973458047 0.06157313218311774 0.07845484559265495 0.06657437768255836 0.04305638609249259 0.004143360251373846 0.05652260128991573 0.10581252018183154 0.06857910586724725 0.11714479776175928
 0.025807008809620714 0.017133684361618405 0.060360639686363064 0.07475558621217378 0.044241833688418594 0.026968885007902295 0.052086245050890254 0.0052854841820808044 0.03778801305664911 0.04003897258120123 0.06131807611012289 0.07535182048433382 0.06523377290815209 0.020609740662625227 0.045738539002280976 0.040612667753383846 0.07286583118185141 10000.0 0.021608213919716204 0.04109575926980558 0.03595964100914305 0.04412251612261836 0.018773202917732677 0.026083067717470605 0.0021331158425008947 0.04219528023404735 0.035416362272055885 0.03949059519376099 0.032870871129103627 0.043175202101413665 0.04662110716030134 0.03338655337628055 0.03096148789688759 0.041235630616134986 0.03360133274747113 0.06435647105884365 0.05698871228396382 0.05013831101272834 0.07399018713336836 0.05903779356762107 0.04936357756513166 0.029970359108057017 0.03881498356928697 0.07355424523012324 0.06592145570071373 0.026188139437749027 0.053711379055205725 0.03238674077127739 0.052727032318628596 0.05696638396775281 0.03232684821438829 0.04001511184343441 0.050316780775033446 0.06494685677371456 0.014753772653019349 0.03594873234772571 0.029967575880567865 0.033952855859418804 0.00953678953211837 0.04432055075584612 0.03352045408827532 0.05787246143515838 0.026386107868470857 0.05177551678680349 0.047811233102758234 0.026725536279490338 0.027258778133750224 0.04601183961568428 0.015761265158193472 0.06466955055431514 0.06310904889755665 0.060349777810238495 0.049597845390859804 0.033798450454099314 0.05960824430129649 0.03324144918321683 0.03541079081454905 0.03285486378688053 0.03539405515957681 0.07909483588858723 0.04891739393064447 0.036970885398428056 0.02487276262028653 0.04540907733523681 0.03467896633001076 0.047961445031443124 0.05715451452209555 0.023612783898751617 0.03659133583601907 0.02428112471963125 0.0694369451089472 0.04607417596648338 0.03759662311413549 0.05796237389250486 0.051927489668314564 0.07747668020781422 0.01946502547116959 0.024756590100724517 0.055506835824917417 0.05226767569830631 0.0723542882952999 0.043404761619448694 0.03573946936595463 0.004634021345557203 0.044410756403096954
