NAME :TPP_input_17_4_1
NUM_VERTICES
65
NUM_CLUSTERS
17
Full Matrix
 10000.0 0.039259726834585236 0.014723470438013118 0.07765235726404168 0.04506838242226653 0.014709461702257138 0.048261689173108704 0.07602615608774808 0.06758423878016932 0.059520785516441334 0.0140602734362987 0.011922883832202455 0.03198188755412743 0.056961807737662774 0.07427753641054366 0.06506976178505852 0.021439224541575434 0.04352970474353581 0.013640058288444007 0.058771691879896414 0.056009144970807466 0.07859723987003185 0.034711622913327474 0.09291552806603337 0.02474381481069125 0.057554832586857514 0.02247282979041778 0.030766006037183304 0.040190252188133185 0.057836269599968015 0.054812778701341956 0.0593886967800899 0.03047127990176964 0.028557300461272146 0.031201825042205228 0.05580876455608857 0.01354840147345094 0.07787867442579177 0.05473548394376837 0.016233908978448647 0.06619558977156796 0.04489375290649402 0.05937069975383048 0.06893505953685365 0.08565812545825197 0.009085226391541789 0.05984754193215086 0.051489413871556394 0.028728813781031096 0.05352088533689758 0.04892406640947004 0.043874601431463746 0.03495361812894593 0.06782807909993763 0.07530589025211203 0.07071977540941214 0.06786151784282846 0.06816252314879814 0.027724552070395727 0.0764882389429495 0.04759644090662335 0.034600815414307234 0.015527911578864986 0.02101772350865509 0.041332424283101965
 0.039259726834585236 10000.0 0.042036938172536134 0.0739602628557137 0.06191320422282706 0.02719072341024924 0.018059524104561006 0.04777503195351463 0.0721836853786518 0.025984791903437204 0.042612950678989736 0.05107362040760835 0.007481757928130007 0.0238138854223904 0.036821453325467796 0.06119338467832503 0.02572482713999506 0.04620979880549828 0.03666079254596681 0.020086580452492352 0.03452613135104076 0.04188519607602049 0.0617447786508803 0.06210481539582783 0.061441813748570176 0.029273854224140226 0.03005573863252926 0.01119248930419279 0.011470571346768859 0.022227399961737792 0.06355294024600033 0.020406848958198706 0.011829404851399154 0.06008223786591491 0.042148515583542615 0.03030537950035988 0.04034113078839071 0.08227218904575552 0.04371577241009665 0.0385767313762412 0.07652232753463005 0.016566785073207003 0.02131712201660856 0.07432168699261789 0.0600510269509504 0.04247580096190344 0.04405274915468177 0.012584174201997075 0.027375494865781887 0.019124620477630805 0.012583905030026835 0.06240410271776606 0.04468889467563692 0.08338669053088907 0.07398042237862607 0.0422063563259495 0.08117365827994644 0.05493003749716547 0.011672138920658022 0.04733747428222837 0.01896232208388868 0.04736657748572595 0.046450845023801014 0.018252885459517913 0.025791235790507128
 0.014723470438013118 0.042036938172536134 10000.0 0.09164772524126615 0.05975497127647773 0.015224097941798085 0.0553092998492265 0.08492247446501607 0.0821485852861579 0.05648809525338217 0.02876217794337545 0.017384599428394952 0.03465326553284341 0.06348745536371789 0.07274685926782073 0.07883511929336824 0.0172574483117706 0.05745198703034598 0.005377453217460133 0.06209621172254694 0.06610072831805842 0.08370187343946744 0.04857194732831646 0.10117766873090774 0.02056556745041693 0.06581702887655876 0.014866222187185082 0.03132525163350655 0.038778803726336665 0.0633029139161161 0.06946575777476804 0.06228042611771623 0.03682582770283016 0.041545098276681694 0.0454811945520983 0.06480911881350844 0.0018318704484905682 0.09249817774299124 0.06705404698570228 0.004267275249049699 0.0809188969147609 0.041949544197853024 0.059159436563773135 0.08354824327515549 0.095579697234209 0.0063213816821608695 0.0714453448435175 0.05272338663054425 0.04045474759488132 0.05938771362416319 0.05371377382102096 0.05850160803874427 0.04928609675481998 0.08239548611557984 0.08951091863758916 0.07939494685327061 0.08253496671147993 0.08055620827335551 0.03218503340072264 0.08509071014356787 0.05507845125036893 0.049165524591124686 0.004664620399368573 0.025490473565650863 0.051660511988294584
 0.07765235726404168 0.0739602628557137 0.09164772524126615 10000.0 0.041061135914628275 0.08101801197119074 0.058769256917150035 0.049317920898491706 0.016556622701231646 0.09719336687580672 0.06507725635087386 0.08408301910565613 0.07464179892767957 0.06034591617193926 0.09965017304342065 0.013217532514994147 0.08643275016411726 0.03419643253876169 0.08838268448272325 0.07419121967212951 0.04258126044623502 0.07210883084414905 0.05748113975025896 0.059849647147209466 0.09866385135135775 0.05198496736347658 0.09084019630049878 0.07938294510375508 0.08516004050568403 0.06510908508539538 0.02744487349523612 0.07605776235263491 0.06603046041044948 0.06516707361981135 0.046504875030950896 0.04847041216534852 0.09007747051091537 0.016641585422487226 0.030315500867569106 0.09148843129161113 0.026753183989145106 0.09052537236652959 0.08760925763144153 0.01758588102094295 0.044944717600257776 0.08669992402625433 0.03197887586668086 0.08016457430947092 0.05322620828243337 0.06318776989005251 0.06740392741053679 0.04358364749707399 0.04284956226906286 0.03755222208878212 0.004700180395564437 0.049803027794852954 0.032822086317275574 0.022551263467859056 0.07140448232335282 0.05133484881256924 0.05714309622750321 0.04392765523046711 0.09317044388479054 0.0735819405487533 0.04829143972440953
 0.04506838242226653 0.06191320422282706 0.05975497127647773 0.041061135914628275 10000.0 0.05438285679718506 0.05590376438230312 0.0676235872636523 0.026215168251876905 0.08787437465908729 0.031008279983467748 0.047538936294609216 0.058368478652673174 0.06271004904163692 0.0971097360068588 0.03270580026912986 0.061414927033494306 0.020433726753016298 0.05826256654321287 0.07314173361530836 0.048929220639553656 0.08306020599172606 0.01655993583449784 0.08379405986399478 0.061086114030116295 0.05716170687319489 0.06459018903302292 0.0612730174204244 0.07022317594091873 0.06653598414380607 0.013621034762024203 0.07470502775527157 0.050336768901018236 0.024735315348610367 0.019819273417138197 0.053319097450863225 0.0586150952445424 0.035106409947361424 0.03680342927246239 0.061114839113649344 0.02165162563093851 0.07613032712892473 0.08200891719140127 0.02673163249315197 0.07094975071911228 0.05374579160968179 0.04386063355153369 0.07299804652778807 0.03453937873130897 0.06255375353580335 0.06276029098081104 0.002554594324055876 0.01733552841400651 0.023176765177533466 0.037139255143120664 0.0645281151806104 0.02279908179729899 0.0448186331495998 0.05337655797433298 0.06915005078920972 0.0541802007227875 0.014559057945310799 0.05973788504990442 0.05151615625347364 0.04136384207792966
 0.014709461702257138 0.02719072341024924 0.015224097941798085 0.08101801197119074 0.05438285679718506 10000.0 0.040145586023876856 0.06998248153446922 0.07356410998145303 0.04503940698788851 0.02518177551405691 0.025271548137067185 0.019720506171984946 0.048268088280547995 0.06027882043417615 0.06788449375888578 0.007300996251907906 0.04733054341865037 0.009949944562475886 0.04726966960992312 0.05172574262380379 0.06858307257485727 0.04708366152673049 0.0860676027546461 0.034279895812474336 0.0508066728901139 0.010304087880784954 0.01712784772700274 0.025950513460491372 0.04810734910311725 0.061716046191356434 0.047580247138710195 0.021711044453501936 0.04212513755452486 0.03686359830103864 0.05000668645581663 0.013433969395582784 0.08411566848605892 0.05427823398304045 0.012531246182311996 0.07412559396734592 0.030336202625099985 0.04579748231511334 0.0752410462239279 0.08093228990319441 0.015377828858740427 0.057947887867827994 0.03857113659918097 0.02802547255229213 0.044166802676806505 0.03855764437292234 0.05373050953787305 0.04063176437190297 0.07755954112362705 0.07944664662303674 0.06441950035699752 0.07685318219782661 0.0676570669854704 0.016961962454300893 0.07007925300876153 0.039977326083200496 0.04150038672773356 0.019400678078963753 0.01032790081400322 0.03765516676179848
 0.048261689173108704 0.018059524104561006 0.0553092998492265 0.058769256917150035 0.05590376438230312 0.040145586023876856 10000.0 0.030388369897717156 0.05990864169241316 0.038432942361881266 0.04621940895583404 0.05997975787288512 0.02283908672427613 0.008784622892023981 0.0426762967336165 0.04678909887769655 0.041142092675584 0.03679230260929997 0.05009403559123442 0.017449470425058476 0.01708192357122788 0.030978011750293025 0.060572382848232055 0.04595196726165983 0.07260385065498606 0.011354660386326485 0.04587702581464984 0.02789997786391104 0.029279340647263948 0.011058872940457319 0.05377786776830093 0.01914835781668158 0.018497677496350184 0.06145442981140861 0.03791765039820368 0.012308090765866744 0.05349217340911019 0.069257245734625 0.02873861869746768 0.05258905961902828 0.06612851286436329 0.03361194562025187 0.029113617998013406 0.062177455710245084 0.04228565598820886 0.05403015991129728 0.027350334254222137 0.021399230544602996 0.02472013035076332 0.006733339550329114 0.008638346192583794 0.057091968888895006 0.039038103580796735 0.0746551346484485 0.059518742114589226 0.02476488370247451 0.07165065321708577 0.038142292912375156 0.023396055318526864 0.0302322393461309 0.0018022015528500884 0.04237280078991701 0.05921401564203673 0.029827110990668402 0.014567744372909436
 0.07602615608774808 0.04777503195351463 0.08492247446501607 0.049317920898491706 0.0676235872636523 0.06998248153446922 0.030388369897717156 10000.0 0.058723192948073155 0.06104132779593718 0.07042535509742935 0.08708456102084834 0.053203352803373856 0.02421888391909579 0.05696552555356656 0.04273800989119349 0.07148196219897433 0.04760919906597114 0.07986096601486962 0.03539624621298926 0.02085272502531042 0.023719438591516543 0.07825057201003129 0.01725688200615877 0.10076712106645085 0.01922156879696714 0.07623987814119733 0.05820501528717527 0.058171139161486245 0.027342065568066155 0.05931484541847339 0.03696936241653635 0.04832262283221943 0.08193204958440839 0.05586586745902796 0.020246516508234648 0.08309120282839001 0.06470096621148742 0.030833066845971598 0.08250989846895841 0.06822775500952068 0.06135867068971049 0.04973260598782493 0.06091643590829324 0.012768634731079644 0.08290919631575033 0.023868055337614037 0.04597600644015774 0.04825893687224665 0.028973008228904744 0.03563807971275429 0.06967876815147815 0.05489217330056814 0.07900266544030281 0.052345173025968084 0.005623518498694989 0.0748004799099515 0.027690010371351683 0.053603814640175516 0.0020227991005217134 0.030195371226002465 0.05826124896120204 0.08853806297435052 0.05968592490753045 0.03500878048232999
 0.06758423878016932 0.0721836853786518 0.0821485852861579 0.016556622701231646 0.026215168251876905 0.07356410998145303 0.05990864169241316 0.058723192948073155 10000.0 0.09724182589250616 0.05402955957726752 0.07227550695806605 0.07118963935851588 0.06374244884167875 0.10245417661980495 0.01598616282934256 0.07979638137283526 0.026848144328767868 0.07961555976016652 0.07685588427694236 0.046263764702383914 0.07948661758933578 0.04275038173434345 0.07189423027321575 0.08641929894320205 0.05601103202620188 0.08378723006920671 0.07536850200628162 0.08262056793350607 0.06837574890157957 0.013159198550923677 0.0786716654420207 0.06240080480396269 0.050926034594460746 0.036913866601400294 0.052073133586116246 0.08074690232771993 0.010564320946917002 0.0320341662124475 0.0826660930520923 0.010591068772714806 0.08835857749577472 0.08890039340631334 0.0023098869147936906 0.05730174654314082 0.07664025592955824 0.03681949810318177 0.08059297908201761 0.04747165882711179 0.0655121796840671 0.06831555544741952 0.02859678232431314 0.03308687759373192 0.021780165465850033 0.011976711818053617 0.05773388442770484 0.017110460984721368 0.031203773447550865 0.0671059347472136 0.060639351491849305 0.05813009294915528 0.032989480885055995 0.0829836844040786 0.06774891088633829 0.04682365114000027
 0.059520785516441334 0.025984791903437204 0.05648809525338217 0.09719336687580672 0.08787437465908729 0.04503940698788851 0.038432942361881266 0.06104132779593718 0.09724182589250616 10000.0 0.06636465716515494 0.07025261298058597 0.03027380790781754 0.03873558395662613 0.01699885870653076 0.08503237198896134 0.03967360536779196 0.0718811345814992 0.051744371569240756 0.02568212046951154 0.05515414084155087 0.04457421340094068 0.08679949029034328 0.07053965995244024 0.07704394724658836 0.04689968600084641 0.04167549163043368 0.02927160950688571 0.01948063073167792 0.034439631070162506 0.08928634129366185 0.02407212948528394 0.03758567365098123 0.08417627745304426 0.06808241139191433 0.04962405753232334 0.05526338662323004 0.10703480279644938 0.06703585060430908 0.05227121025964817 0.10218665072789111 0.01473901378878696 0.011374937092386175 0.09944264393387774 0.07375354158679968 0.05946438134755169 0.06566599669238607 0.01703437361861989 0.05334821442050971 0.03479877651337848 0.029813857533369025 0.08831271658933146 0.0706721820285578 0.10932206473222673 0.09782040503765072 0.05631775980571241 0.1070132566767601 0.07631399320008402 0.03551930425247156 0.05982980040174428 0.04005070549980174 0.07331921082381232 0.061131171954910156 0.04008180601581671 0.05041825186778336
 0.0140602734362987 0.042612950678989736 0.02876217794337545 0.06507725635087386 0.031008279983467748 0.02518177551405691 0.04621940895583404 0.07042535509742935 0.05402955957726752 0.06636465716515494 10000.0 0.01918962711611695 0.0364275996996808 0.05492680126648271 0.07933331563341163 0.05298501703261247 0.03248263535537236 0.03155531419889049 0.02739675541617616 0.06002294476441469 0.04963749774794085 0.07718642016528278 0.02190578420505446 0.08766320956889917 0.03393951154118661 0.053445716385225425 0.03480648952572577 0.03719063790399596 0.047005036751442006 0.056921625313848284 0.04108328238984956 0.06103234851428274 0.03146216265255328 0.017822130058697115 0.01884321543209188 0.050874083263057215 0.02760699043048231 0.06418394984681383 0.04520721752025829 0.030170271018784858 0.05219622480709241 0.05248041292844103 0.06388063875029933 0.055270061889831364 0.07857841644850308 0.022854368370458285 0.05121995508793053 0.05517829453467021 0.022394728594953145 0.05243644390575425 0.04933642928510383 0.02984546985621737 0.02229289944555449 0.053829240346304555 0.06239363193452787 0.06554994015685109 0.053802861868285985 0.058157106525660876 0.03128125854672386 0.07122640698948703 0.04509209158316145 0.021280398977637425 0.029050041430962525 0.026334384186138034 0.03562603735961334
 0.011922883832202455 0.05107362040760835 0.017384599428394952 0.08408301910565613 0.047538936294609216 0.025271548137067185 0.05997975787288512 0.08708456102084834 0.07227550695806605 0.07025261298058597 0.01918962711611695 10000.0 0.04372532834317378 0.06871806529831324 0.0855185755377344 0.07214332585191588 0.03091931516542084 0.05074452800506568 0.019912855020439938 0.07067952548024534 0.06671270379160148 0.09046283647574557 0.03382755615190065 0.10412349930288009 0.014759033454918694 0.06893932497205743 0.030452678082119315 0.04212035718697354 0.05121673302189309 0.06970736599790124 0.059146887312372144 0.07127577652149096 0.04237007928173832 0.025856295028541774 0.03803186215029918 0.06697165412686396 0.017477760160381692 0.08210738666439746 0.06391515932366569 0.021048589786620234 0.06918879720103954 0.05552024119987065 0.07084576636623027 0.07331761515104862 0.09621189363469991 0.011761715235273442 0.06957292819799094 0.0631776065200195 0.03906754217664744 0.06536833949029905 0.060842722418776196 0.04580852244692503 0.04143545869263805 0.0688858075912907 0.08123463657095828 0.08188823627359125 0.06973235446744921 0.07707816120848542 0.03960541889131512 0.08765029266888992 0.0592405421498668 0.04015848458869754 0.014712961999881745 0.032822348407276276 0.052132371942953414
 0.03198188755412743 0.007481757928130007 0.03465326553284341 0.07464179892767957 0.058368478652673174 0.019720506171984946 0.02283908672427613 0.053203352803373856 0.07118963935851588 0.03027380790781754 0.0364275996996808 0.04372532834317378 10000.0 0.029900291876560067 0.04302670661457686 0.06157529976946318 0.01876638044492047 0.04455665071694772 0.02927620051544084 0.027549268608885822 0.037817159447516076 0.049097548665162076 0.05652659855981056 0.06827385472870423 0.05396076716162336 0.03416722606459863 0.02332948352112884 0.005193780251946504 0.01187312561367564 0.02898427586195914 0.06152513875542277 0.02788846413284279 0.008793630871145815 0.05414819660173663 0.03858437795589431 0.03446222194422024 0.0329370528549037 0.0815343716241475 0.0449181068579283 0.03129644407483155 0.07454519155700806 0.017787407072128576 0.027716664825228162 0.07322758428723573 0.06508984109095986 0.03499406766531711 0.04640119482299719 0.019519738003067572 0.02439291567114015 0.0254218429972799 0.019279165686171978 0.05858608513836589 0.04155041999341609 0.08058242076189998 0.07418932338175925 0.04758250558680633 0.07873950289866838 0.057109768368176356 0.005246461579882554 0.052965852215670156 0.023260175882663228 0.04386177948161762 0.03902582642737209 0.010986529240685489 0.02658190862044964
 0.056961807737662774 0.0238138854223904 0.06348745536371789 0.06034591617193926 0.06271004904163692 0.048268088280547995 0.008784622892023981 0.02421888391909579 0.06374244884167875 0.03873558395662613 0.05492680126648271 0.06871806529831324 0.029900291876560067 10000.0 0.03932141529592603 0.049405253395417376 0.048609134888166795 0.04285505699963587 0.05820479269815766 0.013920045825068223 0.01785902674786136 0.022267761653088556 0.06855908495433745 0.03839152066319784 0.08118909797133816 0.008433232347022541 0.05322581535046125 0.03464822245609153 0.03395467001507798 0.004763945082052623 0.0591318090659068 0.015782606296972805 0.026876700252321892 0.06985150109878409 0.04563218594192705 0.01191933041857514 0.061685709239919936 0.0724237100520302 0.03174090728271868 0.06057693294964679 0.07092524730716655 0.03724510157461148 0.028032798057946937 0.06604770665290381 0.03680235474510095 0.062501829754926 0.028378242574851425 0.022431470287105473 0.033152185256451534 0.004759727038075569 0.011437785306776882 0.06409823915643299 0.046351543075766374 0.08012486091038709 0.061748326982739916 0.018794059032448004 0.07679565544807546 0.03840309358790174 0.03133211310611604 0.023618436370937492 0.009842236018808853 0.04977519622040446 0.06751416090016066 0.03802367316090273 0.021686188872261637
 0.07427753641054366 0.036821453325467796 0.07274685926782073 0.09965017304342065 0.0971097360068588 0.06027882043417615 0.0426762967336165 0.05696552555356656 0.10245417661980495 0.01699885870653076 0.07933331563341163 0.0855185755377344 0.04302670661457686 0.03932141529592603 10000.0 0.08862162130471166 0.055631541897784416 0.07911435442078682 0.06780417310342843 0.025651729067895646 0.05716607723665224 0.03590733458111797 0.09843373486887322 0.06253388625481632 0.09329861333282367 0.04766640271941678 0.058091059061196805 0.04351156047656389 0.03435006645542147 0.0345584709544624 0.09632785337976718 0.02381143237440652 0.04849062828098345 0.09689241792610398 0.07778944549259863 0.051233829200491826 0.0714161370477804 0.11151153950264162 0.07073911338901834 0.06859409848125608 0.10878995056909169 0.030835141452080692 0.015512310555719055 0.10473875072893099 0.06896962454589896 0.07523003810968294 0.06769713005774096 0.024490751503284315 0.06304261873232131 0.03696820874799903 0.034690125761016447 0.0979259786304874 0.07979408655869712 0.11707373820133136 0.10105457038470943 0.05332697705330448 0.11422388741746778 0.07751724642606353 0.04807493551388505 0.055349423188981804 0.04447566070728861 0.08281414597255157 0.07741035831716513 0.05378058617346784 0.05677012430928762
 0.06506976178505852 0.06119338467832503 0.07883511929336824 0.013217532514994147 0.03270580026912986 0.06788449375888578 0.04678909887769655 0.04273800989119349 0.01598616282934256 0.08503237198896134 0.05298501703261247 0.07214332585191588 0.06157529976946318 0.049405253395417376 0.08862162130471166 10000.0 0.07323079379173814 0.021562131094675526 0.0754222701217965 0.06298426638153594 0.03158060342445452 0.06381402635221496 0.0482336392137968 0.056177804591868954 0.08684616721733315 0.041305903667512626 0.07765727576667086 0.0662608045738227 0.07227391782828882 0.05413939233008751 0.020113662890786685 0.0648374601347856 0.052916285992275304 0.0551992184587137 0.034181800136270896 0.03751331815392327 0.07723039150370986 0.023127247663590384 0.01805165008665048 0.07852904500599454 0.02582970896727699 0.07773125574051412 0.07586912569490294 0.01818370261066622 0.041798664748603206 0.0740615538672515 0.021466521154682703 0.06806645959205371 0.04002910826784329 0.05174582981662479 0.05540678282216999 0.03524421915648108 0.030708145787129357 0.036930773287380946 0.012815467976212863 0.041868274643996346 0.032480615682913036 0.01528099660351309 0.05823980491539026 0.044657664097281 0.045089434692408455 0.03228647543598309 0.08054003055506638 0.06036527260458209 0.03541940365489208
 0.021439224541575434 0.02572482713999506 0.0172574483117706 0.08643275016411726 0.061414927033494306 0.007300996251907906 0.041142092675584 0.07148196219897433 0.07979638137283526 0.03967360536779196 0.03248263535537236 0.03091931516542084 0.01876638044492047 0.048609134888166795 0.055631541897784416 0.07323079379173814 10000.0 0.053246347367779445 0.012175887408514727 0.045500570895870535 0.05448957343670975 0.06760439254475872 0.05438457690447709 0.08692364372260078 0.03771218843118541 0.05228388343141886 0.004827544584813595 0.01459748789616347 0.021525335393411775 0.04773079245633078 0.06825003018589126 0.04552916814967424 0.023579810728283874 0.049343617270616424 0.04342074433691864 0.052033668734389596 0.01582212658014685 0.09036066236123451 0.058654631643151274 0.013306266173485324 0.08081960686381638 0.024976744386267503 0.04190203342699759 0.08154804364753653 0.08299455499875338 0.019802747689821133 0.061667361219819805 0.035637853928660326 0.033207405240895986 0.04417895429629371 0.03801728860353642 0.060840714940655634 0.04712380367075291 0.08458370138587437 0.08511748911960158 0.06586327554014619 0.08375024201161518 0.07180091188064393 0.017968359470786514 0.07137378112495135 0.04129354213249779 0.0482258751625894 0.0219073330324387 0.0131391490860293 0.041166706482541865
 0.04352970474353581 0.04620979880549828 0.05745198703034598 0.03419643253876169 0.020433726753016298 0.04733054341865037 0.03679230260929997 0.04760919906597114 0.026848144328767868 0.0718811345814992 0.03155531419889049 0.05074452800506568 0.04455665071694772 0.04285505699963587 0.07911435442078682 0.021562131094675526 0.053246347367779445 10000.0 0.054263120793570783 0.05423967168139199 0.028496924292043112 0.06269483249795023 0.031269515408045484 0.06419424189307672 0.06548809916420145 0.036857244770692216 0.057409900778757995 0.04859035898959862 0.05617096559458181 0.04694229656195151 0.01741449850507557 0.055917082093040124 0.03580848374625081 0.0365033047282684 0.012712951385635841 0.032964962287757374 0.05588759843921541 0.03735907390841079 0.017157641988041504 0.05736468911220117 0.030321435639957667 0.06199326063765118 0.06458790680850585 0.028786820004638253 0.05220829221929578 0.052546622952158686 0.024259789801462633 0.05582986760445336 0.020623640067108567 0.04322427124542218 0.04442436220213721 0.02226033312063699 0.009546798652574797 0.03795938385432249 0.03220839445243876 0.044239772417433966 0.03524646666158831 0.027961431757559774 0.04031921581812396 0.04904269205554574 0.035006617179558365 0.012007241243109857 0.05902317401546552 0.040956982761543075 0.022360661065378703
 0.013640058288444007 0.03666079254596681 0.005377453217460133 0.08838268448272325 0.05826256654321287 0.009949944562475886 0.05009403559123442 0.07986096601486962 0.07961555976016652 0.051744371569240756 0.02739675541617616 0.019912855020439938 0.02927620051544084 0.05820479269815766 0.06780417310342843 0.0754222701217965 0.012175887408514727 0.054263120793570783 10000.0 0.05672372712092364 0.0613121615888476 0.07833211049802123 0.04834538754934282 0.0960074507437779 0.025549163876056692 0.060709973663614206 0.010621748562615245 0.025987043919232938 0.033667883423663315 0.057957720264749255 0.06718613701137922 0.056917784138641285 0.03164374900258739 0.04196011354352423 0.0427272038844316 0.05981648288617992 0.0037184234905706668 0.0900668141557317 0.06292128649842879 0.0031068138589919352 0.07902874423228588 0.037098620647232794 0.054005254574533 0.08112022422281374 0.09067715433034347 0.00819205384690484 0.06703492452624292 0.04742414830177967 0.03633776296985538 0.05406854992769985 0.04835456414611414 0.05721186262554785 0.04655671348982449 0.08121078819710888 0.08645300035548568 0.07431161102186445 0.08104887308556129 0.07639933956051431 0.02687976782178246 0.07998627061672813 0.0499108764958365 0.046779676807788696 0.009873929405777875 0.020269845805952747 0.0470084109263773
 0.058771691879896414 0.020086580452492352 0.06209621172254694 0.07419121967212951 0.07314173361530836 0.04726966960992312 0.017449470425058476 0.03539624621298926 0.07685588427694236 0.02568212046951154 0.06002294476441469 0.07067952548024534 0.027549268608885822 0.013920045825068223 0.025651729067895646 0.06298426638153594 0.045500570895870535 0.05423967168139199 0.05672372712092364 10000.0 0.031620671272732395 0.02261772400066256 0.07664725025134098 0.046204050909676136 0.0814905343749211 0.02235316521101207 0.04955902915740912 0.03092087208977015 0.02639546249989215 0.009220555083063606 0.07119729455598521 0.001866929079000126 0.028830154994885452 0.07655108931480113 0.05459775789670518 0.02572129757052161 0.06041317207118617 0.08586023075926283 0.045087555517511514 0.0585594722489618 0.08344900878735134 0.027767263147838832 0.014500802398690142 0.07914650053371952 0.0481393765338912 0.06251197989348867 0.04221266491597744 0.011642689478983023 0.040458392704981166 0.011344316222387173 0.010846433557338676 0.07422302918278074 0.05606728121246484 0.09209700272019421 0.0754668865221344 0.03063858018920303 0.08905204439049536 0.05232289899114776 0.031100932512683997 0.034250587045482006 0.0192411968358686 0.059307749605954446 0.06653142741250721 0.0379935560900846 0.03195491354202711
 0.056009144970807466 0.03452613135104076 0.06610072831805842 0.04258126044623502 0.048929220639553656 0.05172574262380379 0.01708192357122788 0.02085272502531042 0.046263764702383914 0.05515414084155087 0.04963749774794085 0.06671270379160148 0.037817159447516076 0.01785902674786136 0.05716607723665224 0.03158060342445452 0.05448957343670975 0.028496924292043112 0.0613121615888476 0.031620671272732395 10000.0 0.03451054153082391 0.058020718453247105 0.03810870674623159 0.08070833764991435 0.00976376829139019 0.05931637510909259 0.04300896765563952 0.04596531140269809 0.022614384654726784 0.043030180069775235 0.03348616765605758 0.030941170471530208 0.06125808174918207 0.035270904243535336 0.0059413058747183126 0.06427727966928712 0.05465438115881131 0.014295742709808506 0.06415705117616255 0.05406386243836344 0.05057850659981054 0.045146678560941955 0.048573641269133834 0.02966558457009637 0.06343279172289101 0.010623222741226693 0.03817885508764788 0.02767307543050895 0.020649483657572142 0.025452298475690804 0.05072814668262783 0.03464987390529126 0.06385817113326588 0.043891367379013065 0.016392460633323724 0.06020864204076047 0.0211639885384269 0.03667480972064744 0.021826530290324192 0.01576391657338801 0.038097075114803994 0.0693637907224708 0.041764933227776364 0.014679531691421607
 0.07859723987003185 0.04188519607602049 0.08370187343946744 0.07210883084414905 0.08306020599172606 0.06858307257485727 0.030978011750293025 0.023719438591516543 0.07948661758933578 0.04457421340094068 0.07718642016528278 0.09046283647574557 0.049097548665162076 0.022267761653088556 0.03590733458111797 0.06381402635221496 0.06760439254475872 0.06269483249795023 0.07833211049802123 0.02261772400066256 0.03451054153082391 10000.0 0.09030995974333114 0.02667124917920628 0.10235897940458319 0.02593231816040478 0.07184759191146535 0.05302639834624551 0.049009053623090285 0.020761857095457425 0.07748742010350927 0.023179061641667918 0.04814872810515857 0.09198666710516124 0.06724233470197839 0.02974132017977589 0.08195762919139529 0.08664804691956164 0.04840689935176304 0.08039291760520265 0.08807394532570915 0.05002956389790623 0.03360374867603097 0.08176881283202457 0.03415601788780076 0.08344928674589186 0.042712131542077626 0.034062697306724656 0.05536521396869388 0.025107241427223287 0.03004040051632438 0.08469531970543544 0.06754546680654079 0.09819448699067912 0.07468720142170422 0.02230645786382839 0.09438986065141869 0.0497304177292706 0.05176734436544311 0.02177273158190941 0.03210995882982704 0.07101980519131708 0.08798312125598612 0.058698892170227335 0.04331496252976406
 0.034711622913327474 0.0617447786508803 0.04857194732831646 0.05748113975025896 0.01655993583449784 0.04708366152673049 0.060572382848232055 0.07825057201003129 0.04275038173434345 0.08679949029034328 0.02190578420505446 0.03382755615190065 0.05652659855981056 0.06855908495433745 0.09843373486887322 0.0482336392137968 0.05438457690447709 0.031269515408045484 0.04834538754934282 0.07664725025134098 0.058020718453247105 0.09030995974333114 10000.0 0.09515326237480574 0.046121377552765776 0.06468272512200929 0.056560776106853214 0.058125526270457105 0.0678068902695933 0.07162681560984581 0.030115472175354797 0.0779569795088764 0.049964658923582705 0.008598896793679388 0.023087085477098656 0.06124327984320143 0.047792781188982586 0.05129214395354892 0.04838346940457263 0.050819790857860474 0.03716395182841419 0.07349505985625589 0.0829382563072985 0.04316900176987975 0.08347438536763663 0.042269154294730896 0.05544294091834209 0.07394744448565724 0.03619393205779876 0.0672709276712897 0.06581991105523498 0.014155555366314621 0.023390189952844222 0.03524060414786617 0.05365514593932586 0.07434946565723449 0.03655447839557055 0.058640176231354105 0.05128049566490676 0.07952331464896147 0.05905878189483396 0.019990384975643198 0.04754123972604303 0.04739989905208638 0.047010332576366554
 0.09291552806603337 0.06210481539582783 0.10117766873090774 0.059849647147209466 0.08379405986399478 0.0860676027546461 0.04595196726165983 0.01725688200615877 0.07189423027321575 0.07053965995244024 0.08766320956889917 0.10412349930288009 0.06827385472870423 0.03839152066319784 0.06253388625481632 0.056177804591868954 0.08692364372260078 0.06419424189307672 0.0960074507437779 0.046204050909676136 0.03810870674623159 0.02667124917920628 0.09515326237480574 10000.0 0.11762461414422636 0.035471208102279515 0.0915811059881044 0.07303638749371529 0.07150524494801361 0.04013945754254928 0.07443172239050895 0.04736281598036634 0.06436457988740327 0.0990740530613359 0.07299621761071387 0.03715211523011102 0.0993529855995374 0.07623344477503842 0.04711734800544555 0.09853579757359796 0.0820053183447535 0.07377981256304941 0.05926644806260891 0.07393277841501819 0.014905857883132935 0.09951072914555942 0.04000331665226317 0.057726921171489545 0.06544291712292598 0.04299616042720391 0.04954325186258421 0.08595983292643512 0.07187228616868907 0.09309237334521839 0.063642597583284 0.022237290926627722 0.08865769674608143 0.04096554481472194 0.069338812117568 0.01648484329450543 0.046100526435159044 0.07519350379039542 0.10495996136181417 0.07574013634952088 0.05216786950825595
 0.02474381481069125 0.061441813748570176 0.02056556745041693 0.09866385135135775 0.061086114030116295 0.034279895812474336 0.07260385065498606 0.10076712106645085 0.08641929894320205 0.07704394724658836 0.03393951154118661 0.014759033454918694 0.05396076716162336 0.08118909797133816 0.09329861333282367 0.08684616721733315 0.03771218843118541 0.06548809916420145 0.025549163876056692 0.0814905343749211 0.08070833764991435 0.10235897940458319 0.046121377552765776 0.11762461414422636 10000.0 0.08221576886309583 0.0353806897901087 0.051250677445836015 0.059216968220112395 0.08165914353832016 0.07326063629609296 0.08184555453369548 0.05436198060781108 0.03760674441180379 0.052775423663834885 0.08054258940146078 0.021893008975361086 0.096026069949944 0.07855447244707693 0.024773225563198345 0.08266813123723944 0.06251378396997964 0.07954028422069916 0.0873457387639732 0.11033022998019006 0.018982010656082626 0.08407369682785334 0.0727521490065837 0.05323788166474324 0.07748232638802467 0.07236401622924812 0.0591516210888859 0.05614205219712744 0.08132392817494276 0.09570874410146592 0.0954467510916685 0.08263272742354685 0.09177718886328028 0.05064729489948005 0.10121452963182667 0.07205645708027895 0.054747458764342206 0.015913344304747685 0.04369555735043057 0.06604238148902657
 0.057554832586857514 0.029273854224140226 0.06581702887655876 0.05198496736347658 0.05716170687319489 0.0508066728901139 0.011354660386326485 0.01922156879696714 0.05601103202620188 0.04689968600084641 0.053445716385225425 0.06893932497205743 0.03416722606459863 0.008433232347022541 0.04766640271941678 0.041305903667512626 0.05228388343141886 0.036857244770692216 0.060709973663614206 0.02235316521101207 0.00976376829139019 0.02593231816040478 0.06468272512200929 0.035471208102279515 0.08221576886309583 10000.0 0.0570548597592588 0.0392489979054526 0.040255804581716716 0.013167229047362441 0.05230688336024248 0.024215206164332283 0.029118602268734917 0.06693724587334295 0.041600508321579875 0.004012105784355341 0.0639878555959975 0.06440131808488064 0.02399937972376092 0.06332581613590353 0.06365021350691459 0.044176584631207466 0.03638070543041789 0.05832084653591309 0.030932747657499583 0.06403975085119809 0.020065428955506538 0.03025684583054485 0.031067015910272146 0.012137428586542747 0.0181183842995514 0.058769720825336665 0.04169119840687862 0.07324087136020371 0.05350000004092816 0.013624781685885117 0.06970628527225058 0.029970834189203124 0.03438486746923939 0.01927663011327879 0.010991624670283973 0.04517170601279271 0.06952575865119037 0.04049479178320475 0.01808401488358323
 0.02247282979041778 0.03005573863252926 0.014866222187185082 0.09084019630049878 0.06459018903302292 0.010304087880784954 0.04587702581464984 0.07623987814119733 0.08378723006920671 0.04167549163043368 0.03480648952572577 0.030452678082119315 0.02332948352112884 0.05322581535046125 0.058091059061196805 0.07765727576667086 0.004827544584813595 0.057409900778757995 0.010621748562615245 0.04955902915740912 0.05931637510909259 0.07184759191146535 0.056560776106853214 0.0915811059881044 0.0353806897901087 0.0570548597592588 10000.0 0.018863429224216497 0.02463098655788603 0.05219708322132892 0.07200957198839174 0.04948171592838308 0.028406506630567707 0.05095171634827852 0.04715423561218612 0.05684587867406608 0.013801303963393845 0.09434542213273926 0.06333116412825641 0.01061575325115806 0.08442928018734171 0.027255935377251107 0.044978451774136105 0.0854877530975425 0.08779746744807267 0.0188000629683885 0.06644223746909557 0.03929566128779937 0.03763645325789583 0.048744339527444516 0.04248608410963072 0.06387012289421853 0.05091243641506631 0.08776077198601485 0.08941847193483039 0.07061886455960821 0.08712060205873039 0.07652591431460307 0.022780870896122747 0.07610755251508429 0.046063235142902996 0.05180429239458412 0.019477785170922128 0.017866805760006564 0.04594664964146045
 0.030766006037183304 0.01119248930419279 0.03132525163350655 0.07938294510375508 0.0612730174204244 0.01712784772700274 0.02789997786391104 0.05820501528717527 0.07536850200628162 0.02927160950688571 0.03719063790399596 0.04212035718697354 0.005193780251946504 0.03464822245609153 0.04351156047656389 0.0662608045738227 0.01459748789616347 0.04859035898959862 0.025987043919232938 0.03092087208977015 0.04300896765563952 0.05302639834624551 0.058125526270457105 0.07303638749371529 0.051250677445836015 0.0392489979054526 0.018863429224216497 10000.0 0.009822029763232395 0.03337356207513279 0.06527737429671673 0.03100328614596681 0.013353414673101333 0.05501223614958468 0.04166543988094853 0.03963040134223699 0.02970271419669271 0.08578846584887578 0.049857654724940456 0.02766859895559032 0.07826957421188713 0.015371177549258663 0.028733373347850547 0.07735903100463301 0.07018143063038332 0.03247279849409848 0.05152034874884894 0.021501471840767648 0.02809683848999779 0.03006230465434929 0.023678692749462674 0.061304515716225576 0.044855324704525086 0.08384134415078527 0.078792619378976 0.052590670937946206 0.08221251939858445 0.062191905456247185 0.008271987866816266 0.05791370300518036 0.028389083810824466 0.046915382240864216 0.035855875556907946 0.0108562664277476 0.03154252851328914
 0.040190252188133185 0.011470571346768859 0.038778803726336665 0.08516004050568403 0.07022317594091873 0.025950513460491372 0.029279340647263948 0.058171139161486245 0.08262056793350607 0.01948063073167792 0.047005036751442006 0.05121673302189309 0.01187312561367564 0.03395467001507798 0.03435006645542147 0.07227391782828882 0.021525335393411775 0.05617096559458181 0.033667883423663315 0.02639546249989215 0.04596531140269809 0.049009053623090285 0.0678068902695933 0.07150524494801361 0.059216968220112395 0.040255804581716716 0.02463098655788603 0.009822029763232395 10000.0 0.03140833556701887 0.07327033892605841 0.02591918800382929 0.0203982671763976 0.06482716668815115 0.05045153687155634 0.04158435402863938 0.03734014173238179 0.09286797795109335 0.05500958436778977 0.03475643560876361 0.08629148572244585 0.005914281684431463 0.02039871015825982 0.08470068446683673 0.07068379811600478 0.04090854215992485 0.05551768221245852 0.015166069967222631 0.0362230495696621 0.029198254943127458 0.022539036277523464 0.07040517440581374 0.05342082684784338 0.09244909739300733 0.08501383299030257 0.052701954451612305 0.090570825793081 0.06639152501126044 0.016885037095719795 0.057546074535851734 0.030312930010475553 0.055728597870640544 0.043432149824620625 0.020673521619578344 0.03687507959989544
 0.057836269599968015 0.022227399961737792 0.0633029139161161 0.06510908508539538 0.06653598414380607 0.04810734910311725 0.011058872940457319 0.027342065568066155 0.06837574890157957 0.034439631070162506 0.056921625313848284 0.06970736599790124 0.02898427586195914 0.004763945082052623 0.0345584709544624 0.05413939233008751 0.04773079245633078 0.04694229656195151 0.057957720264749255 0.009220555083063606 0.022614384654726784 0.020761857095457425 0.07162681560984581 0.04013945754254928 0.08165914353832016 0.013167229047362441 0.05219708322132892 0.03337356207513279 0.03140833556701887 10000.0 0.0634661485458474 0.011071886990384047 0.027389166925455163 0.07245715586617844 0.048911117967300584 0.016677530371864126 0.06153158182996904 0.07713429601110978 0.03641274983368631 0.06016132803972069 0.0754039158498929 0.03412802650186528 0.023528225819257294 0.07067826603315165 0.040088963849246644 0.06279175427113821 0.03314218174705465 0.018653138873992257 0.035742703555557066 0.004486247492691009 0.009714470767718208 0.0678274693808477 0.04989096800695998 0.08445083680757678 0.06650564313670324 0.022202531018276832 0.08120200218990432 0.04313295381286514 0.031183911320488263 0.02646621091734697 0.012590652412782172 0.053266504144467444 0.06749026854532655 0.038071908441498326 0.02522519895422923
