NAME :TPP_input_15_4_2
NUM_VERTICES
57
NUM_CLUSTERS
15
Full Matrix
 10000.0 0.06727070562873906 0.04261909996543354 0.07188944659198107 0.08220242852690496 0.0370562369493262 0.09586898043025624 0.09776448243125314 0.05237569520138104 0.09850456585408789 0.07231319318228842 0.019869680032663036 0.031193611557100227 0.05363197561799366 0.09478663356521254 0.019681166347312297 0.0918093489512387 0.0806885330521699 0.05996913558135119 0.08298345193566109 0.09043342997204219 0.05980275942901154 0.08400753827627143 0.08722000877493682 0.0459851034879409 0.0648389417949246 0.06401428051377256 0.06811872715514546 0.03403162319607928 0.05766230123225311 0.07690193998580216 0.055426531935959346 0.10431578703583705 0.09092335242713588 0.04096790103423142 0.019120405191656593 0.07858368746346246 0.024694632932435092 0.045412671947964944 0.07025041976296326 0.052894890084432857 0.02713810580476948 0.04096616568834219 0.09810273565691038 0.09351993756033118 0.06916499633508037 0.09727761145478718 0.08235341172591563 0.05116790894758956 0.031521608240935174 0.07563980550235753 0.09712023062419324 0.04561188735872451 0.06787185911585589 0.06002045331431711 0.046255148679226865 0.05990093690255859
 0.06727070562873906 10000.0 0.02511343624794804 0.025596279384839767 0.017016519912685518 0.07004014568268535 0.03188316628500064 0.04068546517977663 0.020348662007059738 0.043035172853314596 0.034818718232128655 0.05409438523873364 0.03624563558175671 0.026681575496987193 0.028105958607621176 0.05486266930965678 0.03144454860458122 0.022276841860630586 0.048709734616142135 0.02943739322292589 0.03378072080135855 0.05587986715131109 0.02698620481577518 0.03054638882224384 0.03803739897371103 0.006046763171239407 0.033400543694836714 0.05048317726675018 0.043365347092278156 0.022118683743112346 0.0223259379417729 0.013635503949868122 0.05226748586912685 0.04781891820290337 0.054721819378137644 0.05970339381777213 0.037846122861609106 0.045345530259286636 0.027195693459624644 0.03092048239881257 0.026428517299666606 0.0422364543233683 0.03453017999989935 0.04775461592895558 0.05111354862998799 0.042438435455023536 0.04152423604068173 0.015486964149784368 0.047735751662810876 0.05558863819977995 0.02427340889830865 0.04645863615600289 0.023639943893767116 0.034762202515712715 0.07588732759959271 0.059811023768803005 0.028380711167073174
 0.04261909996543354 0.02511343624794804 10000.0 0.03295637855635225 0.039601452545413335 0.04781392527190508 0.05587003926484501 0.06145147369428298 0.011905512688084676 0.058662780628478316 0.037302887409952606 0.02919062359869999 0.012922976236869447 0.02499376560361928 0.05217980857547792 0.02997860137213441 0.053560772748702454 0.042705768035535045 0.03826525674169604 0.04750255325882483 0.053974745044787 0.0510786034487366 0.046936567156242046 0.0505490993103236 0.0290633847159038 0.02222187096153968 0.03062218249914566 0.05138612278962357 0.02682064603890738 0.025204578133389197 0.03598622580466876 0.016076374094552207 0.07100343665103447 0.06172008574034667 0.03486782533220203 0.038339086819949894 0.04931154300266197 0.02031311336498567 0.009395062523440741 0.04023527690338488 0.016931666449757982 0.020524786448126518 0.014228572463683435 0.06540877584391605 0.06492706535293741 0.03938254646692971 0.061641036985223704 0.039813357015855935 0.04050730300150473 0.038397607331865716 0.04031922552817163 0.059035396598887735 0.011849993847294606 0.040992623399781034 0.06604171156918966 0.04124906027821114 0.03139483401637622
 0.07188944659198107 0.025596279384839767 0.03295637855635225 10000.0 0.02205123068697212 0.06075144250279202 0.05034665142575587 0.06288264304531675 0.021077677717926426 0.026615497529889946 0.00974159944330086 0.053797418417495226 0.045649247958226495 0.04891600358519068 0.03320028588877521 0.054356290119810906 0.05305282091509611 0.046294444999687316 0.029483862418278342 0.05403113779132031 0.056929699480147804 0.07859356791914474 0.05084155821556046 0.0540753465243635 0.05810578077041003 0.02032839789157643 0.012758169385146553 0.07492077251343651 0.0591500062972648 0.04554313848941386 0.007953537128191263 0.03394549787308641 0.07539844244731284 0.07299550638436592 0.044006118884918094 0.07104733347248782 0.06343069293683237 0.047203260865163355 0.026778932000728513 0.05638861872464054 0.019004384914374346 0.05342615974751268 0.0311260845494482 0.07166912271561013 0.07624990392974686 0.019035289845999386 0.06420865346748894 0.026433382823775033 0.06914828785884564 0.0711265194862177 0.04966054957705093 0.026101862554919357 0.040096855123882495 0.059909373564592194 0.096655474115602 0.04656621452477665 0.05244972949209902
 0.08220242852690496 0.017016519912685518 0.039601452545413335 0.02205123068697212 10000.0 0.07918458976557802 0.028722600947270076 0.042390418059546346 0.030920270588529912 0.028163745112559216 0.03142357134300646 0.0670204532191853 0.05186897919572553 0.043246246858735446 0.013024579678862098 0.06772644898800281 0.03260927713223257 0.02854068985067085 0.05111470027207105 0.036422166367362487 0.03740165213225701 0.07163951163335136 0.032445210881763345 0.03507961795218418 0.05490515800541961 0.01746654978476941 0.03422227323603 0.06488083217738941 0.06031380602018485 0.03833321581521442 0.014588585956588488 0.030619885344158253 0.05523169655557625 0.05570577311991055 0.06275011501333574 0.07620285427775111 0.04854257643510156 0.05882318135842753 0.0384646568336062 0.043762071159561135 0.03406673413830776 0.05846596098037268 0.045183030823145856 0.052329773052687205 0.05875711928652806 0.04105466270433875 0.044002276981878634 0.005149444694734271 0.06417813264307567 0.07256910709099725 0.03432529160361692 0.03326212570401252 0.04041102389352372 0.04845293780352966 0.09228300255322174 0.06650644210379614 0.04386306529996954
 0.0370562369493262 0.07004014568268535 0.04781392527190508 0.06075144250279202 0.07918458976557802 10000.0 0.10192252035497312 0.10905564106937789 0.04982001293954182 0.08461721154794984 0.056137213796845185 0.024248826352278294 0.045383705710832806 0.07053683652061847 0.09202548694266946 0.02361610482407849 0.10072066678972415 0.09017585060565515 0.0358171369431895 0.09530239718390021 0.10162509077033646 0.08840292972770065 0.09455515318397845 0.09819850326286575 0.06880004291959373 0.06503240088055558 0.04867322898572632 0.09332980320162096 0.059081114341148086 0.07220082804134757 0.06817534453032437 0.06385059778290224 0.11881676123605073 0.10895276425866443 0.01674543924635574 0.05275485580760283 0.09632214869560325 0.03116510925447088 0.04288054365746974 0.08718697703791828 0.0451769538336201 0.04825048188826153 0.03553751753348499 0.113190463842185 0.11206784042711779 0.04863843241787026 0.10935143188950626 0.08160077241476106 0.07801956152828741 0.06306366504213132 0.08813232847982672 0.08050230896769447 0.05791978997173609 0.08695288897015768 0.0942502684940788 0.01603697592582174 0.0774184217772682
 0.09586898043025624 0.03188316628500064 0.05587003926484501 0.05034665142575587 0.028722600947270076 0.10192252035497312 10000.0 0.015390183353773745 0.05218561778098317 0.052044745729518574 0.05995194749849208 0.0850381803192444 0.06490370511058298 0.044793625278855956 0.023558016656913892 0.08583187831252916 0.008131037448889988 0.016258738659217304 0.07829981425582185 0.019149836818236336 0.014185239608210217 0.06485230343957522 0.01524665651788247 0.014503837172768768 0.05639776991798877 0.03714042993173415 0.0616918756713347 0.05446379285790931 0.06616257985888234 0.03970646353854006 0.04325439015277248 0.04071935868222638 0.02802866382832523 0.03398571628059386 0.08650262718657536 0.08453415734324427 0.0330683348912998 0.07610169437779844 0.05906138048858779 0.034136212331076526 0.0577997870489664 0.06906729762492456 0.06640202953209197 0.0268723116226691 0.03626042379586193 0.06934880094228194 0.01750851330282047 0.02394966580444159 0.06139371252011969 0.07687729161954923 0.023696407850343354 0.058869233037024 0.050257979511486445 0.039349582825056094 0.08686630068733675 0.09134771581415484 0.04096402931797395
 0.09776448243125314 0.04068546517977663 0.06145147369428298 0.06288264304531675 0.042390418059546346 0.10905564106937789 0.015390183353773745 10000.0 0.06055492491970232 0.06724744073006761 0.0726217999754119 0.08978998750355804 0.06806372200386375 0.044283590531848285 0.03887523334898979 0.09060307629987925 0.009847955894499546 0.018918007471283225 0.08918757236507871 0.014781343640266545 0.0075050690783704166 0.057349047837016755 0.014516143424275695 0.010914393950929172 0.054230524778599916 0.04661700621487527 0.07318157396365606 0.045758510703214975 0.06542468470908827 0.040112995558578314 0.05645437217559096 0.04539585707914474 0.012902603091513209 0.020399524206485945 0.09467018607659733 0.08398202027451192 0.024187518873497297 0.0808337843531252 0.06657458879823111 0.02919431440045929 0.06705479686476018 0.07063750111165006 0.07380489819665326 0.011661447088920243 0.022032276573392354 0.08153852296660734 0.002298802920499806 0.03730370641220298 0.056369748429975775 0.07457606633912642 0.022152356060403562 0.07389256246530841 0.05326626792426283 0.033523805659964316 0.07894945476457359 0.10014796980271057 0.038651531953014864
 0.05237569520138104 0.020348662007059738 0.011905512688084676 0.021077677717926426 0.030920270588529912 0.04982001293954182 0.05218561778098317 0.06055492491970232 10000.0 0.04708636989514529 0.025728765729027908 0.036143052277526753 0.024591991948550336 0.032272146205283125 0.04392309708902309 0.036836454104261646 0.051612996873050605 0.0417303095283613 0.031034360724001557 0.04801732278330736 0.053373979464090865 0.06074624872819117 0.04635827050809582 0.05001283259687875 0.039143419614705945 0.015226617944425229 0.019823653535717526 0.05930670443208827 0.03849337690533524 0.030589653439897807 0.024705865769416982 0.018735574828729402 0.07151092087612872 0.06469643995917866 0.03437658735151043 0.05002306601367828 0.05308484821929864 0.028208634317438655 0.007547382989611353 0.04452419709788199 0.007373132533512148 0.032349006311760235 0.014552317782479597 0.0664923442211751 0.06800313653395798 0.029119059000002445 0.06118371629391035 0.0323857740974681 0.05056431984246473 0.05025156096422158 0.04159399323028439 0.047175686705160376 0.02080594865738901 0.046569794594428955 0.07710927712386158 0.03960515135321404 0.037553483831072265
 0.09850456585408789 0.043035172853314596 0.058662780628478316 0.026615497529889946 0.028163745112559216 0.08461721154794984 0.052044745729518574 0.06724744073006761 0.04708636989514529 10000.0 0.028505424447331628 0.08024239638117431 0.0715628193239479 0.06962451673490157 0.028546099928872918 0.08077254312369193 0.058097892449861695 0.05624266599657657 0.04973348021907004 0.06395461390300103 0.06366911372079231 0.09889600051964473 0.05972956504871397 0.061886825550132675 0.08048240492729242 0.04046567634272655 0.03639386118964917 0.0928197281924653 0.08364328761231155 0.06515338163903137 0.02282688014336085 0.0554227634936736 0.08004815910661994 0.08298064875803896 0.06816392501035262 0.09700061998745822 0.07660525740045465 0.07381620332453219 0.053309187552153296 0.07189218880493908 0.045613538919445105 0.07915668184247446 0.05768043416542021 0.07823366518772527 0.08587842864938666 0.03662054441227864 0.06920080410452772 0.03281432367455662 0.09066219025729721 0.09589548835542867 0.06243907826154623 0.007786705251141247 0.06373546109623159 0.07649581342429473 0.11878089311597634 0.06921755402711821 0.0712532750924938
 0.07231319318228842 0.034818718232128655 0.037302887409952606 0.00974159944330086 0.03142357134300646 0.056137213796845185 0.05995194749849208 0.0726217999754119 0.025728765729027908 0.028505424447331628 10000.0 0.0531590221603201 0.04916464634982978 0.05641826140433956 0.04168918473653211 0.05360202393917136 0.0627895486447287 0.05595186641360362 0.022061590449736258 0.06364017277388767 0.06665990690661208 0.08577946297498477 0.060524881693354085 0.06378604920768341 0.06459706831423363 0.02920399607066999 0.008346016741815471 0.0829870585883007 0.06410964714844561 0.05354525583141233 0.01687254745550024 0.041593848399186915 0.08513805248118196 0.08249411636907572 0.03965957071177777 0.07400656223186976 0.07262535969733169 0.0478608982887395 0.029352558918797535 0.06526630380587062 0.020902756497168065 0.057053195185422484 0.031575693798843646 0.08137584528751088 0.08576463472004195 0.009904693683904979 0.07395012555859498 0.036004429127556886 0.0759086522187797 0.07562542365349276 0.05904846696755719 0.025232059346492464 0.04626503951155398 0.0685050437284982 0.10280077011583738 0.040920558961391316 0.06056425000736128
 0.019869680032663036 0.05409438523873364 0.02919062359869999 0.053797418417495226 0.0670204532191853 0.024248826352278294 0.0850381803192444 0.08978998750355804 0.036143052277526753 0.08024239638117431 0.0531590221603201 10000.0 0.022556945516868585 0.0482637849437458 0.07998197765421892 0.0008145458331609634 0.08240685166632569 0.07138058879109627 0.04013472795609576 0.07536244406207813 0.08228559283321485 0.06416903329664712 0.0753704214194646 0.07889220972401305 0.04502175485175982 0.05039872534317716 0.04481407982992164 0.06946031883355681 0.03488254184779142 0.05079361620923738 0.059617486484280675 0.04467834418182347 0.0983345938843887 0.08706494829820513 0.022011497260462354 0.030030158891879623 0.07435822586414291 0.008982222747728495 0.028646344249726296 0.0653276406262434 0.03495328104885676 0.024160771447692013 0.02274965977112244 0.09241243324561921 0.09004455852035141 0.04942602774763126 0.08974961701980426 0.06808577400931873 0.053847085671330126 0.039208328423233685 0.06796958834514694 0.0782507686690644 0.03672566340819495 0.06441112762093948 0.07066959996622821 0.028126190976831097 0.05514829525483141
 0.031193611557100227 0.03624563558175671 0.012922976236869447 0.045649247958226495 0.05186897919572553 0.045383705710832806 0.06490370511058298 0.06806372200386375 0.024591991948550336 0.0715628193239479 0.04916464634982978 0.022556945516868585 10000.0 0.025706916787166346 0.06409923117188972 0.023359341015060285 0.06133002236934834 0.050186790336575214 0.045947510859873586 0.05342471513872574 0.06059311368318307 0.04498959888675844 0.053855804675471866 0.05725778145833747 0.023829208407110475 0.03440538755905495 0.04181800711426443 0.048268751259824286 0.016817488574115167 0.02842609961424452 0.04890882605681126 0.024275247407523664 0.07603640873141045 0.06450873973198788 0.03641233783626197 0.025446054505664513 0.051802233694914566 0.014261276448309998 0.019848420203516595 0.04278389333547581 0.028279415614215146 0.007888853776836445 0.02037965731567347 0.07003985016836982 0.06748897636158604 0.04979515617246234 0.06785451147450931 0.05154063693351294 0.03420388620373834 0.026849149994546725 0.04599869688617875 0.07175074931796971 0.014856527988738261 0.04190273367917061 0.05663547755801742 0.04331126353165129 0.032592607153549676
 0.05363197561799366 0.026681575496987193 0.02499376560361928 0.04891600358519068 0.043246246858735446 0.07053683652061847 0.044793625278855956 0.044283590531848285 0.032272146205283125 0.06962451673490157 0.05641826140433956 0.0482637849437458 0.025706916787166346 10000.0 0.052269948378813165 0.04906621901508838 0.039304761446996246 0.02862523941222478 0.06256779785437075 0.02953596216671836 0.0371009679978888 0.02973237843696645 0.03113118294444099 0.03404150741116581 0.012154059819614971 0.02955388380698588 0.05182672419652969 0.027036914678094458 0.021487871132438732 0.005335630677626707 0.04795530104411127 0.014970532440439723 0.0508797262025227 0.03880254238296295 0.05934290260915711 0.04003712194839447 0.0260967241957737 0.039792338500648367 0.033834808896564726 0.01712510109247016 0.03942456822082766 0.026647113437006216 0.0391941257845921 0.04474829822051104 0.041787567386466024 0.06126251906238039 0.0436906174989817 0.04042487401418572 0.021056020367069772 0.03218634295832492 0.0223745713018887 0.07255769944363946 0.013221249746218505 0.01643403257499455 0.049206128489448164 0.06594097967135791 0.006903924163687621
 0.09478663356521254 0.028105958607621176 0.05217980857547792 0.03320028588877521 0.013024579678862098 0.09202548694266946 0.023558016656913892 0.03887523334898979 0.04392309708902309 0.028546099928872918 0.04168918473653211 0.07998197765421892 0.06409923117188972 0.052269948378813165 10000.0 0.08069474615832262 0.03011242379395886 0.030745833241743434 0.06268353704708189 0.03769902864757937 0.03599255541342474 0.07875032608061863 0.03324619457380089 0.03472385686540272 0.06434591327696358 0.029962696159771908 0.04587775210438294 0.07046798471061655 0.07110247729863887 0.047028135082912106 0.02525308513713425 0.04151657336934443 0.0515866804282975 0.055855160389882225 0.07549757880554876 0.08779846711101745 0.051458028478298355 0.07170091842705216 0.051470089411027625 0.048827408368995434 0.047003063009742004 0.07032349922483193 0.05820725440205194 0.05011165801850321 0.05853278801486984 0.051584659213113046 0.040904606591411735 0.012620578832076916 0.07251004850929262 0.08316119536966576 0.03817457211144113 0.035593990411284436 0.051693001050470255 0.05398023250619368 0.10018759202040999 0.07898708364643614 0.05143083276092826
 0.019681166347312297 0.05486266930965678 0.02997860137213441 0.054356290119810906 0.06772644898800281 0.02361610482407849 0.08583187831252916 0.09060307629987925 0.036836454104261646 0.08077254312369193 0.05360202393917136 0.0008145458331609634 0.023359341015060285 0.04906621901508838 0.08069474615832262 10000.0 0.08321396340006125 0.07218985876222261 0.04028906895826283 0.07617681203824286 0.08309862557242598 0.06482925914889488 0.07618236322778418 0.07970493339969556 0.045764719022714576 0.05113929666130852 0.04525602555654227 0.0701893241762857 0.035563694017035984 0.0516056494749363 0.060229916861637284 0.04548504134765994 0.09914839849186695 0.08786798823090246 0.021892091104697753 0.03037312380893069 0.07516138072118858 0.009790237883720517 0.029328710794307357 0.06613335096366788 0.03554626853959373 0.024875452414552968 0.023348419125212773 0.09322528817671069 0.09084524882098775 0.04974096339625429 0.09056368284906917 0.06881993055748833 0.05453243030991114 0.0397198166443083 0.06878408386420422 0.07872010839784377 0.03754003976162186 0.0652046839297908 0.07115106200111229 0.02790014913440609 0.05594926983910027
 0.0918093489512387 0.03144454860458122 0.053560772748702454 0.05305282091509611 0.03260927713223257 0.10072066678972415 0.008131037448889988 0.009847955894499546 0.051612996873050605 0.058097892449861695 0.0627895486447287 0.08240685166632569 0.06133002236934834 0.039304761446996246 0.03011242379395886 0.08321396340006125 10000.0 0.01114716169479379 0.07964024982644757 0.01146599712848322 0.0061436203485094295 0.05728368744995305 0.008283114888082168 0.006554381388132416 0.05038528282461594 0.03725699407622893 0.06349136050178303 0.04661418860597809 0.0607910521523187 0.03452901545573051 0.04660953962093623 0.03772941678025175 0.022623350165904405 0.02614733912544423 0.08592255303247404 0.07933594736428669 0.025050376224396063 0.07342469247218415 0.05795911654964789 0.026900297634499096 0.05787245233951772 0.06473705523027425 0.06526434858556103 0.020137921236126993 0.028606033581260484 0.07175647506233776 0.011396217795253051 0.027500682231190655 0.05445536045236333 0.07094846075250628 0.01718744120656598 0.06452771593955686 0.04648377814192124 0.0319754030616296 0.07927292579000891 0.09119836450731787 0.034705360735727844
 0.0806885330521699 0.022276841860630586 0.042705768035535045 0.046294444999687316 0.02854068985067085 0.09017585060565515 0.016258738659217304 0.018918007471283225 0.0417303095283613 0.05624266599657657 0.05595186641360362 0.07138058879109627 0.050186790336575214 0.02862523941222478 0.030745833241743434 0.07218985876222261 0.01114716169479379 10000.0 0.0709860780742928 0.007928616348089867 0.011643771134284655 0.049722097101300586 0.004709363109148456 0.008307228039305751 0.04014076080848785 0.028313710553600963 0.05548576824199926 0.040284405559180926 0.05007364274437043 0.02365280063438312 0.040899243135925904 0.02674154958304869 0.029999681462171985 0.027247957810295962 0.07576052931237102 0.06854272351550134 0.020754276408864417 0.062399993316963574 0.047658107109342845 0.018894144507826335 0.04838341299545103 0.05364311696880679 0.05488762067337781 0.025568063156992834 0.030376312549653093 0.06427268137071544 0.019453475312912822 0.023550693823455326 0.04542863005418011 0.06063542233416832 0.007962658269158871 0.06177250095769509 0.03533798622463121 0.024199366774727806 0.0716643815389506 0.08128688299296319 0.02473891584534917
 0.05996913558135119 0.048709734616142135 0.03826525674169604 0.029483862418278342 0.05111470027207105 0.0358171369431895 0.07829981425582185 0.08918757236507871 0.031034360724001557 0.04973348021907004 0.022061590449736258 0.04013472795609576 0.045947510859873586 0.06256779785437075 0.06268353704708189 0.04028906895826283 0.07964024982644757 0.0709860780742928 10000.0 0.07796453049751512 0.08245744352773943 0.08923596096119149 0.07569536631979681 0.07925148766960884 0.06719867021928691 0.042681146914359154 0.016896190824017162 0.089440246662321 0.06271912924887835 0.061463118331076684 0.037435288195304284 0.04975803546347903 0.10097492173589499 0.09544582808575243 0.02081439225372281 0.06706689619465195 0.08406143274958898 0.03833367336760043 0.02893386808195411 0.07555743593996612 0.02366689488783961 0.053092559281743695 0.025614302951280744 0.09639849870275424 0.09876199330399699 0.01313132888326458 0.09015336431948764 0.05496379160025238 0.07855559133639464 0.07226059063905287 0.07204376140569614 0.044970979069636395 0.04989739595148806 0.07751746562740805 0.10258004456455087 0.019874358214784223 0.06831861070772967
 0.08298345193566109 0.02943739322292589 0.04750255325882483 0.05403113779132031 0.036422166367362487 0.09530239718390021 0.019149836818236336 0.014781343640266545 0.04801732278330736 0.06395461390300103 0.06364017277388767 0.07536244406207813 0.05342471513872574 0.02953596216671836 0.03769902864757937 0.07617681203824286 0.01146599712848322 0.007928616348089867 0.07796453049751512 10000.0 0.007614203583862265 0.04582660423392513 0.004476323043470802 0.005016604434236658 0.039843391551290866 0.03547238086321271 0.06282759292444047 0.035315797216792746 0.050795928465066 0.02533829639826761 0.048791908500594554 0.03145285450990578 0.023620387095478538 0.019320476294855102 0.08149569266234886 0.06937694617573602 0.014189297499536587 0.06644330157930398 0.053404353029060596 0.01554189750375933 0.05494607648821325 0.05585835866194468 0.060463033027588285 0.01848965879337806 0.022450822729149486 0.07176425821565369 0.014429804158387825 0.03139130400740379 0.043155904645300294 0.06034150717586736 0.007426250348215705 0.06961450991118857 0.03869881060844077 0.020532797137947315 0.06782429076197853 0.08728226221983973 0.024143511329523908
 0.09043342997204219 0.03378072080135855 0.053974745044787 0.056929699480147804 0.03740165213225701 0.10162509077033646 0.014185239608210217 0.0075050690783704166 0.053373979464090865 0.06366911372079231 0.06665990690661208 0.08228559283321485 0.06059311368318307 0.0371009679978888 0.03599255541342474 0.08309862557242598 0.0061436203485094295 0.011643771134284655 0.08245744352773943 0.007614203583862265 10000.0 0.0524265535898784 0.007077715223572699 0.00342744573309711 0.04744590546627806 0.03978410339841582 0.06671801423088959 0.041367770743716684 0.0584028409488398 0.032772873965056015 0.0509235017235725 0.03791035667803164 0.018579099898553924 0.020030400568686622 0.0873622431920169 0.0769856428855893 0.019595895002053523 0.07332881115353765 0.059245789511977474 0.022866229678510767 0.06000673207314457 0.06329634303051601 0.06644429995763976 0.014936557115062477 0.022565922338609934 0.07530579206026555 0.00781061597636335 0.03225229992984676 0.05042782830801918 0.06792596331077769 0.014797731111080804 0.06990146459173398 0.04578165430674366 0.027617057691989206 0.07431996793325231 0.09292315090530336 0.03175435324710269
 0.05980275942901154 0.05587986715131109 0.0510786034487366 0.07859356791914474 0.07163951163335136 0.08840292972770065 0.06485230343957522 0.057349047837016755 0.06074624872819117 0.09889600051964473 0.08577946297498477 0.06416903329664712 0.04498959888675844 0.02973237843696645 0.07875032608061863 0.06482925914889488 0.05728368744995305 0.049722097101300586 0.08923596096119149 0.04582660423392513 0.0524265535898784 10000.0 0.04961627269492939 0.05075451536194783 0.02203824185504854 0.05923138821574363 0.08056802202300233 0.012174184973600505 0.029355869021885174 0.033779355535968704 0.0776195148980015 0.0446745913070385 0.057244098828736094 0.04107920068656677 0.0813543081014952 0.040902905632158836 0.03317166819473035 0.0580014547382484 0.060473651711151336 0.030870521796291784 0.06741691976960276 0.040290642293666475 0.06403230752298648 0.051370519789381675 0.042301882262821985 0.08982512943192597 0.05568643404527342 0.06808123323608954 0.010805599163236888 0.028390911447827346 0.04176033822184788 0.10216494373589419 0.03999935270894463 0.025577109183218556 0.02201446885415077 0.08826404646554835 0.027776468418026126
 0.08400753827627143 0.02698620481577518 0.046936567156242046 0.05084155821556046 0.032445210881763345 0.09455515318397845 0.01524665651788247 0.014516143424275695 0.04635827050809582 0.05972956504871397 0.060524881693354085 0.0753704214194646 0.053855804675471866 0.03113118294444099 0.03324619457380089 0.07618236322778418 0.008283114888082168 0.004709363109148456 0.07569536631979681 0.004476323043470802 0.007077715223572699 0.04961627269492939 10000.0 0.0036652481796056705 0.042107385080891596 0.03302270645444602 0.06017283867828557 0.03942231741633907 0.05260088298910732 0.026482717236347843 0.04525625267766318 0.03088741686088623 0.025294326208710714 0.023303572618582635 0.08029337129201658 0.07116660848811106 0.018602260346388844 0.06640193271265037 0.0521742020266006 0.018904461713176186 0.053058941590151704 0.056883815960844374 0.05936758717848534 0.020902195633847133 0.026315923862733227 0.0689249572803412 0.014866947340164246 0.02735524797073763 0.046317275131456385 0.06267052195080508 0.008906001707526793 0.06552416899107077 0.039008346779549626 0.024103364610292766 0.07163069550320757 0.08587889943044247 0.026422393762552406
 0.08722000877493682 0.03054638882224384 0.0505490993103236 0.0540753465243635 0.03507961795218418 0.09819850326286575 0.014503837172768768 0.010914393950929172 0.05001283259687875 0.061886825550132675 0.06378604920768341 0.07889220972401305 0.05725778145833747 0.03404150741116581 0.03472385686540272 0.07970493339969556 0.006554381388132416 0.008307228039305751 0.07925148766960884 0.005016604434236658 0.00342744573309711 0.05075451536194783 0.0036652481796056705 10000.0 0.04465613952706329 0.03657047593160391 0.06362906160502844 0.04006345920398428 0.05543150548894691 0.029585588212994084 0.04827643661173993 0.03448673986895935 0.021723891161820243 0.021179369977980176 0.08395841867076871 0.07401621926501367 0.018564696117342325 0.06993143955705688 0.05583886372013164 0.02055717589673964 0.05668997321080045 0.060082653888550476 0.06302933302419923 0.017595259300338156 0.023997671805707034 0.07230625000799698 0.011201803257746099 0.02994254527936047 0.04816931853287237 0.06519013991009584 0.0116684886084532 0.0679102798047744 0.04243081486645343 0.025538225796217603 0.07273454210110282 0.08954156294190911 0.028935516028954923
 0.0459851034879409 0.03803739897371103 0.0290633847159038 0.05810578077041003 0.05490515800541961 0.06880004291959373 0.05639776991798877 0.054230524778599916 0.039143419614705945 0.08048240492729242 0.06459706831423363 0.04502175485175982 0.023829208407110475 0.012154059819614971 0.06434591327696358 0.045764719022714576 0.05038528282461594 0.04014076080848785 0.06719867021928691 0.039843391551290866 0.04744590546627806 0.02203824185504854 0.042107385080891596 0.04465613952706329 10000.0 0.040029603483309126 0.05893147361069696 0.024535421515975323 0.011970194779264354 0.017484653935233962 0.05822911414366223 0.025060598802602987 0.05902973494463059 0.045001211187658756 0.060138650480358456 0.030002554707567963 0.032889960223663785 0.03770534003669955 0.038456360832584434 0.025253315988000433 0.04557687365777535 0.021036954910095364 0.04207280995751998 0.05275605189681142 0.04754422598674037 0.06806632184787217 0.05331594095121306 0.052351801646755486 0.011471252055792157 0.020563230871743388 0.03320205256479508 0.08284107375057384 0.018355245373989082 0.022096976669145764 0.03859267490652839 0.06700945926205104 0.015721216046852605
 0.0648389417949246 0.006046763171239407 0.02222187096153968 0.02032839789157643 0.01746654978476941 0.06503240088055558 0.03714042993173415 0.04661700621487527 0.015226617944425229 0.04046567634272655 0.02920399607066999 0.05039872534317716 0.03440538755905495 0.02955388380698588 0.029962696159771908 0.05113929666130852 0.03725699407622893 0.028313710553600963 0.042681146914359154 0.03547238086321271 0.03978410339841582 0.05923138821574363 0.03302270645444602 0.03657047593160391 0.040029603483309126 10000.0 0.02739432843721644 0.0547794043078182 0.04376623578949784 0.0256271592073417 0.018401417957412878 0.014972861574698852 0.05829417372273496 0.05372746063232874 0.04937959968288416 0.058937321450566765 0.043453061731585675 0.041903469203348725 0.022510240701062834 0.03611036689227848 0.020718674302935666 0.04110821251555291 0.029731350775512182 0.05380137441327388 0.057030550002748814 0.036507759225377835 0.04750570772849399 0.017717653933844814 0.05042800095049117 0.05608484449417092 0.030146209488435768 0.04301688475617594 0.023686849531846063 0.0395832353849049 0.07845050180077462 0.054240020096679345 0.032363501051848986
 0.06401428051377256 0.033400543694836714 0.03062218249914566 0.012758169385146553 0.03422227323603 0.04867322898572632 0.0616918756713347 0.07318157396365606 0.019823653535717526 0.03639386118964917 0.008346016741815471 0.04481407982992164 0.04181800711426443 0.05182672419652969 0.04587775210438294 0.04525602555654227 0.06349136050178303 0.05548576824199926 0.016896190824017162 0.06282759292444047 0.06671801423088959 0.08056802202300233 0.06017283867828557 0.06362906160502844 0.05893147361069696 0.02739432843721644 10000.0 0.07877918656918369 0.057362591728244046 0.049589173899655135 0.02068839538547156 0.03749934903297028 0.0852967257946104 0.0810722365829091 0.03200681375992857 0.06626432178201454 0.07040813274083225 0.03964163935262303 0.022000736171331126 0.0624632095570666 0.013718549606514639 0.04967575675733329 0.02343394571057594 0.08104977857131469 0.0843816979655326 0.009490775149759953 0.0742889936024225 0.038149122645580825 0.07037057822166568 0.06854098917425015 0.057485889966520216 0.03353779649912302 0.0406192040554014 0.0651804482515988 0.09661890528974644 0.034008684253535704 0.056641477270725236
 0.06811872715514546 0.05048317726675018 0.05138612278962357 0.07492077251343651 0.06488083217738941 0.09332980320162096 0.05446379285790931 0.045758510703214975 0.05930670443208827 0.0928197281924653 0.0829870585883007 0.06946031883355681 0.048268751259824286 0.027036914678094458 0.07046798471061655 0.0701893241762857 0.04661418860597809 0.040284405559180926 0.089440246662321 0.035315797216792746 0.041367770743716684 0.012174184973600505 0.03942231741633907 0.04006345920398428 0.024535421515975323 0.0547794043078182 0.07877918656918369 10000.0 0.03509286279079872 0.02944738211914616 0.07277579390871527 0.04143109144244926 0.045089959753399876 0.028909345826972806 0.08433207541404023 0.04991723286106572 0.02179985916899772 0.0622388379128541 0.06055308009468694 0.021641125804951096 0.06645311470503285 0.04533442318203176 0.06528696244512254 0.039263553679823884 0.0301504624804071 0.0882403027856621 0.043988232842523116 0.060805245532106006 0.017000129690232332 0.03771343092746584 0.03244554727820041 0.0968463733941132 0.03958642282826181 0.01654370934129206 0.03319590834481473 0.09114859398336612 0.022473351869028768
 0.03403162319607928 0.043365347092278156 0.02682064603890738 0.0591500062972648 0.06031380602018485 0.059081114341148086 0.06616257985888234 0.06542468470908827 0.03849337690533524 0.08364328761231155 0.06410964714844561 0.03488254184779142 0.016817488574115167 0.021487871132438732 0.07110247729863887 0.035563694017035984 0.0607910521523187 0.05007364274437043 0.06271912924887835 0.050795928465066 0.0584028409488398 0.029355869021885174 0.05260088298910732 0.05543150548894691 0.011970194779264354 0.04376623578949784 0.057362591728244046 0.03509286279079872 10000.0 0.026456660506545906 0.0608551135746296 0.029731629023321493 0.07082575983141835 0.056967443103602994 0.05244574746212201 0.018585484056177756 0.04478725427630894 0.02874000354449535 0.03552070234512123 0.03685108073235322 0.043644076264784504 0.010960400650707195 0.03711105615378961 0.0645637821433302 0.059513020637436215 0.06584792119212264 0.06465610996126002 0.05862779440543324 0.018971381029639023 0.012318637329798494 0.04378994926319594 0.08493661855266893 0.020079388858191414 0.03400898857694261 0.03987837834225917 0.059351836850384226 0.026802902986363304
 0.05766230123225311 0.022118683743112346 0.025204578133389197 0.04554313848941386 0.03833321581521442 0.07220082804134757 0.03970646353854006 0.040112995558578314 0.030589653439897807 0.06515338163903137 0.05354525583141233 0.05079361620923738 0.02842609961424452 0.005335630677626707 0.047028135082912106 0.0516056494749363 0.03452901545573051 0.02365280063438312 0.061463118331076684 0.02533829639826761 0.032772873965056015 0.033779355535968704 0.026482717236347843 0.029585588212994084 0.017484653935233962 0.0256271592073417 0.049589173899655135 0.02944738211914616 0.026456660506545906 10000.0 0.043935705337016774 0.012090482050533714 0.0476103335566352 0.03676006545257927 0.06005080888403008 0.04489029505350286 0.024192790963993467 0.042053868077638536 0.033314820087065974 0.015069702582535746 0.03792665035466481 0.03052784526482655 0.03935162762995657 0.04163061122660663 0.03990380107103746 0.05907810143892497 0.03970413711326585 0.03531585166617806 0.025847797888673744 0.037445347612349945 0.017977530922382502 0.06841218719811125 0.014293496527751859 0.01608275615861379 0.05395572874959741 0.06645169159408955 0.00705586196022103
 0.07690193998580216 0.0223259379417729 0.03598622580466876 0.007953537128191263 0.014588585956588488 0.06817534453032437 0.04325439015277248 0.05645437217559096 0.024705865769416982 0.02282688014336085 0.01687254745550024 0.059617486484280675 0.04890882605681126 0.04795530104411127 0.02525308513713425 0.060229916861637284 0.04660953962093623 0.040899243135925904 0.037435288195304284 0.048791908500594554 0.0509235017235725 0.0776195148980015 0.04525625267766318 0.04827643661173993 0.05822911414366223 0.018401417957412878 0.02068839538547156 0.07277579390871527 0.0608551135746296 0.043935705337016774 10000.0 0.03326720753592093 0.06916641786044657 0.06803275756959243 0.05144872524710941 0.07430519525892992 0.05934548412930633 0.05240449843975302 0.031498430637816204 0.053061066852603166 0.02472821957722879 0.056415883169938556 0.036887447009432035 0.06581756278745349 0.0712198749384189 0.02662018035953241 0.057925010235277054 0.019341858899930148 0.06879525467626385 0.07308737869493785 0.045222882264500074 0.024639003167822845 0.041038421865864406 0.05706570796867149 0.09675487597499967 0.054309765058263605 0.05051958335654692
 0.055426531935959346 0.013635503949868122 0.016076374094552207 0.03394549787308641 0.030619885344158253 0.06385059778290224 0.04071935868222638 0.04539585707914474 0.018735574828729402 0.0554227634936736 0.041593848399186915 0.04467834418182347 0.024275247407523664 0.014970532440439723 0.04151657336934443 0.04548504134765994 0.03772941678025175 0.02674154958304869 0.04975803546347903 0.03145285450990578 0.03791035667803164 0.0446745913070385 0.03088741686088623 0.03448673986895935 0.025060598802602987 0.014972861574698852 0.03749934903297028 0.04143109144244926 0.029731629023321493 0.012090482050533714 0.03326720753592093 10000.0 0.05500693261417078 0.04653690762069559 0.05030250413851516 0.04637734708493599 0.03456365866572794 0.03569646939494374 0.022506837312660455 0.025839665826122342 0.026108393085285016 0.02931529726487011 0.02924960085245696 0.049510735618758475 0.049811332619343514 0.04698881202637289 0.0455651152014566 0.02895982207028482 0.03554104400237297 0.04195598221622506 0.024350632164233787 0.05790600374993431 0.0102755960113456 0.027875524894933203 0.06349803459898891 0.05634808388595149 0.019144965147872072
 0.10431578703583705 0.05226748586912685 0.07100343665103447 0.07539844244731284 0.05523169655557625 0.11881676123605073 0.02802866382832523 0.012902603091513209 0.07151092087612872 0.08004815910661994 0.08513805248118196 0.0983345938843887 0.07603640873141045 0.0508797262025227 0.0515866804282975 0.09914839849186695 0.022623350165904405 0.029999681462171985 0.10097492173589499 0.023620387095478538 0.018579099898553924 0.057244098828736094 0.025294326208710714 0.021723891161820243 0.05902973494463059 0.05829417372273496 0.0852967257946104 0.045089959753399876 0.07082575983141835 0.0476103335566352 0.06916641786044657 0.05500693261417078 10000.0 0.016224101114631406 0.1051160531843464 0.08900662818674777 0.026265728953966744 0.08950350359399172 0.07702072274002891 0.03407179221306333 0.07831181637573247 0.07750807749796444 0.08408187401978504 0.00627896282138288 0.015770755491671954 0.09386648947451015 0.011244950983204898 0.05012343495332441 0.058683798863213434 0.0784799769164698 0.03068443419819012 0.08676031351126065 0.061623393703146886 0.037006805196425595 0.07763106754948296 0.11088251102076531 0.04442007050477134
 0.09092335242713588 0.04781891820290337 0.06172008574034667 0.07299550638436592 0.05570577311991055 0.10895276425866443 0.03398571628059386 0.020399524206485945 0.06469643995917866 0.08298064875803896 0.08249411636907572 0.08706494829820513 0.06450873973198788 0.03880254238296295 0.055855160389882225 0.08786798823090246 0.02614733912544423 0.027247957810295962 0.09544582808575243 0.019320476294855102 0.020030400568686622 0.04107920068656677 0.023303572618582635 0.021179369977980176 0.045001211187658756 0.05372746063232874 0.0810722365829091 0.028909345826972806 0.056967443103602994 0.03676006545257927 0.06803275756959243 0.04653690762069559 0.016224101114631406 10000.0 0.09655656726051555 0.07461067844150693 0.01270685296864324 0.07853285583525728 0.06903875946731518 0.02179342504285325 0.07193863556713428 0.06478321639824597 0.07561289771904295 0.010774843853784992 0.003317573942389003 0.09023415597073726 0.01816155298834145 0.05064084696496835 0.043192083935690226 0.06351437432848883 0.02358737953926422 0.08882760237504705 0.051032990404845845 0.023093068220177756 0.06143504388349377 0.10278170508008659 0.03193374238463167
