NAME :TPP_input_24_3_2
NUM_VERTICES
70
NUM_CLUSTERS
24
Full Matrix
 10000.0 0.08583680848870857 0.0563239376755774 0.030615273172936764 0.047385246328691746 0.05611644239476081 0.04579330816686669 0.01592364051302941 0.025350543532929364 0.07940025539706433 0.010374812145134723 0.05197737163598575 0.027009257702144015 0.03849616724896999 0.016478844723711982 0.06782636719607692 0.05255256307656697 0.07091282995802974 0.07507778996724246 0.026783984629591966 0.06476892683116774 0.050315919969155465 0.04673141010276985 0.05290607355594438 0.04565002861862625 0.0190896239056479 0.07942191303218005 0.07536088977129059 0.02169134632168862 0.04118526862571669 0.005054984874061842 0.012282834118221573 0.025332323430120793 0.05994049879631887 0.06055660491576409 0.0285714357338389 0.053532560220459366 0.01839141094441707 0.0683733386009104 0.03358598457507059 0.035680163428486227 0.024655894369593034 0.014995385648406353 0.028270966234773213 0.029341697808768878 0.010919117667396281 0.05856113475755851 0.015419559139530924 0.040564935513755764 0.06042258955113502 0.069970409265153 0.04909199979579982 0.04573887103283731 0.0799476146576729 0.046068393518846666 0.06875587442768295 0.06187376671144076 0.08286384762734117 0.028597801617655186 0.021143313099025157 0.018662216131239757 0.01727271880812682 0.04212569660927785 0.037026897145062763 0.02531610496317623 0.04267908899884104 0.014694611456237143 0.03643725684681014 0.05439757169609334 0.05259185130322259
 0.08583680848870857 10000.0 0.10257709135365761 0.06148929466148321 0.08189140774895111 0.044418705188068626 0.06858458101892496 0.09361955589192784 0.0821765228971983 0.07778999949012341 0.07680740261619953 0.10422281102915495 0.1035548334406552 0.10215432145773967 0.07144070111506308 0.09013222923755113 0.13039391124452981 0.09055326556127646 0.08380998314258511 0.1113432767388245 0.10102637597481624 0.035580517231286794 0.04240726595757244 0.07942682877251464 0.04193895991285162 0.09328764086958077 0.09195334139384068 0.021229404926274714 0.0669998820279322 0.07782198574327402 0.08078190227632177 0.09465985991649345 0.0742164511187763 0.09849014435399298 0.05888559026694755 0.07045915798463458 0.1081947128423861 0.10226022866437562 0.08018638088177449 0.1161315009569673 0.09060299643752864 0.09693298685300104 0.09769403805718992 0.05818309534638791 0.11342269002183579 0.07518450173534623 0.027924741951758522 0.09900008938495178 0.08475782669225218 0.025426995111969344 0.06264843456880044 0.050067993895427126 0.06812656155398514 0.008335349216443263 0.07079317165743125 0.03399482251171105 0.08432114051402537 0.09018300602611971 0.10659208634057511 0.08784621253555548 0.10153232235801996 0.07592423917754203 0.07410093465224989 0.11603010860029891 0.06075867474683131 0.04409582224905439 0.07576006445220486 0.07376767265040651 0.08138295792090608 0.033333386803666334
 0.0563239376755774 0.10257709135365761 10000.0 0.07654523394554373 0.020707344121183538 0.09607946573460698 0.09679040173582594 0.042402344762533496 0.03285770983149862 0.045295220528213886 0.06182436519730164 0.0065606289319892165 0.0373851102973638 0.021129711547170655 0.06529784659700374 0.02358027007563624 0.04590927077759951 0.026406473725190276 0.03619198351515191 0.05336131232411592 0.011142595501189696 0.07662198095568949 0.0818455291408635 0.02390404064517441 0.07891566754621715 0.07477972714216065 0.034767743396740755 0.08306599599180232 0.05070506944374261 0.09520259496798147 0.056513541197274766 0.06583900690577546 0.03842864060216299 0.007897996147210117 0.04639925882209143 0.08007934052852021 0.009355694342374455 0.06731106602476723 0.032801574397296945 0.04910928810066165 0.09194670648235813 0.03414118560347463 0.06709300544569435 0.06715749950355591 0.052403564241979825 0.055103907820507995 0.08453285784740253 0.049419364033784836 0.020164475680192483 0.08298539653933606 0.04883342445689925 0.09148482413216645 0.03450214667456298 0.09437237291799475 0.03181017549133792 0.07055245606934908 0.0237091335789779 0.03998734028172304 0.039212481299724676 0.03519130460146322 0.06898534493898341 0.07043586806956435 0.02909329339566961 0.04193386920357788 0.05899004963179332 0.06533202682384616 0.06719687391219283 0.08945127586012025 0.02239870524542108 0.07836458116661449
 0.030615273172936764 0.06148929466148321 0.07654523394554373 10000.0 0.060573568527882114 0.02559803366630794 0.02090503408916171 0.04463801128425145 0.044159548252212834 0.08338567355918418 0.0202597281084028 0.07413238104392351 0.05627365474660529 0.06380133261100608 0.014235271135843244 0.07970155690838074 0.08288588589727423 0.08216866387372534 0.08252388582263147 0.05716980421951393 0.08196930755210877 0.027732647696437726 0.019146659488043772 0.0635937932976568 0.01969561656698403 0.03211548527689348 0.0890427856183341 0.05731183217517169 0.025976704050327887 0.023421426111736372 0.026405759520758278 0.035376215940408344 0.03816634997526507 0.07743955804432236 0.059789489281364634 0.009665568537964256 0.07682235940490624 0.042882418923805184 0.07589500191888014 0.06420055763820408 0.03112291009912377 0.052009569633427954 0.038163794005505305 0.010851711041845426 0.0598264653948771 0.02373280728821743 0.03372112994162147 0.04601698520428421 0.05692729650702319 0.03718247238634402 0.06958590772505291 0.01847732307791592 0.051722002468057145 0.05747147978384434 0.05355120705414454 0.05577149536974753 0.07273745135669978 0.09090090849506195 0.058393558808580354 0.04486467978656375 0.041712190883506466 0.015452509606971487 0.05218991764838188 0.06731039259005091 0.018532477838729182 0.027066967165097527 0.016569877706956452 0.017210755163737358 0.06569065113076931 0.02956011509701937
 0.047385246328691746 0.08189140774895111 0.020707344121183538 0.060573568527882114 10000.0 0.07748260253764036 0.08141551760356236 0.03800183276192635 0.02217663687796015 0.034920631253803916 0.04969537767443329 0.022824851568827586 0.03902178587942026 0.02706041564110371 0.051607571386672074 0.020506941479868906 0.05787632440319014 0.02354058935509821 0.02855826347854122 0.054682739046326256 0.02197103835688712 0.05668607889169771 0.06294434404504878 0.006629131097364519 0.05985274913381274 0.06644622242122936 0.03208092131817857 0.06259649253838946 0.03487284581024708 0.08153065359604625 0.0457962172811191 0.058940927887763256 0.023652668595516332 0.01800112235503328 0.027284507963741707 0.06583507287802942 0.026916510471059783 0.06265150007811561 0.02231268350088715 0.05356337607670718 0.08113843458321293 0.0328266426947326 0.06099928887414238 0.05028922905608138 0.05481729476927665 0.042473166261740684 0.06430949417119763 0.046406603091712705 0.008097608364674021 0.06252871635536879 0.032224512661123854 0.0736065631534683 0.013795158081968795 0.07370631775293576 0.011104333468753624 0.05029094155848339 0.014575879437008282 0.0358120805542246 0.04194715533985221 0.028324927693763685 0.06384023381502742 0.05780575060839756 0.009007447919853766 0.04853319287417823 0.042151474690957286 0.04554641145012911 0.05463386239612504 0.07540239616630602 0.007334979394889826 0.058303767931457216
 0.05611644239476081 0.044418705188068626 0.09607946573460698 0.02559803366630794 0.07748260253764036 10000.0 0.02441526912665374 0.06939305287527861 0.06573344509900518 0.09191333187815971 0.04574173782885014 0.09484074255997642 0.08096536038962361 0.0865337891066552 0.03964268831202121 0.09402117810896908 0.10798599079554899 0.09589524365567058 0.09362997236882113 0.0827574657169807 0.09945196768363716 0.02435463002791326 0.01466424833879117 0.07870427905724037 0.017916829494401456 0.05595147772371098 0.10116498665709929 0.049151861945196954 0.04657233193675412 0.03418578724086052 0.05169983263009019 0.06058911307830838 0.058435990879038884 0.09537089651814054 0.06768537158923331 0.03132007866993631 0.09802213221812531 0.0679288460270273 0.0876531925418006 0.08968178174290148 0.048230176824964256 0.07605716878180892 0.06323092141275283 0.03041558369087973 0.08539903997197373 0.04817723021435447 0.022673229842781056 0.07145924860305625 0.07591569544809884 0.027403283245707642 0.07629691990454976 0.007495859903599112 0.06572383854998493 0.04356655190391779 0.06814255217709468 0.05359372616411436 0.08700271188112989 0.10177972797814744 0.08330141575176206 0.06808188792409225 0.06657346075663921 0.04071335885892003 0.06849647044885387 0.09243186448285926 0.037918522002411116 0.03316172629407405 0.042140240625762264 0.03124912518423679 0.0809310613233263 0.024187631141420272
 0.04579330816686669 0.06858458101892496 0.09679040173582594 0.02090503408916171 0.08141551760356236 0.02441526912665374 10000.0 0.061433738925618785 0.06404735350819049 0.10361858335774628 0.03665131597632927 0.09395716215201536 0.07278262255972599 0.08255261971134109 0.03188761421629413 0.10060438153709393 0.09777807800635374 0.10305842933298812 0.10319100463177638 0.06989582756446938 0.10265865863470638 0.04152493254042575 0.030016212042000823 0.08449863065394979 0.03256890809158972 0.03802671017338365 0.10984247420635514 0.07041986444213251 0.04664898883918885 0.0102463780211457 0.0429440480047429 0.04539190004550279 0.05865735562954423 0.09807232589719762 0.07965610917078658 0.017384169584981787 0.0963822682941992 0.05163620184759279 0.09661656982555791 0.07786790963818668 0.025230798024140882 0.06968892475568023 0.04732351756707369 0.031607158890320904 0.07274805109337862 0.0422747711078616 0.04392922792354047 0.060597326077614186 0.07748498570224398 0.048449616812128234 0.08926912054514738 0.018675165225257005 0.07255380151194855 0.06693308103283505 0.07442821507460239 0.07191350672628018 0.0936347092919357 0.11156847378701197 0.07436639216677104 0.06366121888730795 0.04983861520083932 0.028549554948014495 0.07308753436756725 0.08246154649148522 0.03943750791234717 0.04518097326412269 0.031406761182808975 0.01026580134852653 0.08659532067997673 0.042535929135937275
 0.01592364051302941 0.09361955589192784 0.042402344762533496 0.04463801128425145 0.03800183276192635 0.06939305287527861 0.061433738925618785 10000.0 0.017078787858830793 0.07242040040711684 0.024964442711055645 0.0373629452258708 0.011635727560629026 0.023051692542240924 0.030547971132824425 0.057446332687160435 0.03869509794889251 0.0606797588713822 0.06655960721878196 0.019167521135284867 0.05190467243890909 0.05916578297576643 0.05818997673604647 0.04434360413140051 0.05644611678928754 0.03271402150535432 0.06959756649125444 0.08007975140672344 0.026640125759711763 0.0571085403149408 0.018591416025042988 0.02349272834941149 0.02213326565559709 0.04715114732750687 0.05750247786825481 0.04408164695695633 0.03842429912717766 0.02528869811266768 0.060222206919246346 0.022534973125009305 0.05088995108674475 0.008909482329790419 0.02469843084373986 0.03954203069703522 0.020563162565468012 0.021216678459113493 0.06784509854073813 0.00847166008159019 0.030144838719317543 0.06876495581791556 0.0658737589722267 0.06281479155044106 0.04092292630016548 0.08684799132011974 0.0403091497685986 0.07129238518808632 0.05240889879003855 0.07367345773881823 0.013933793713015777 0.009837158334530884 0.026793950266958362 0.03290617583535456 0.035489357300208725 0.02326779057174268 0.03383939619950225 0.04952819941066343 0.030043336303897897 0.05228681024402953 0.045336094392469356 0.06143547379468165
 0.025350543532929364 0.0821765228971983 0.03285770983149862 0.044159548252212834 0.02217663687796015 0.06573344509900518 0.06404735350819049 0.017078787858830793 10000.0 0.05568972332307378 0.029158975972958943 0.029984274205584673 0.02271206129048061 0.02111812125385278 0.03244095948449083 0.04251380549601649 0.048358371923988674 0.04563041040786566 0.050406727514554335 0.03572959579584749 0.0400201857746527 0.050139957378640736 0.05241529262259965 0.028065793499542146 0.04992675996310429 0.044439869383012746 0.05425615375279101 0.06642781713953022 0.01916333040436466 0.06238026239255131 0.024347765533814302 0.036764555720725366 0.00806786751527621 0.03522008775361575 0.04060264266067812 0.047226722591570736 0.03269936454906688 0.04066653388568948 0.04386184065021761 0.03714988333229689 0.0600530861346053 0.015632752058294598 0.03884318367014273 0.03561421563890367 0.03663495054080715 0.022278831430997088 0.0587951928891774 0.025486351098905735 0.015239581580352652 0.05866124528281017 0.04880920217211901 0.0603067725197564 0.023886883702456736 0.07476467035267244 0.023232191020184156 0.05641934207319628 0.03674454619985018 0.057922652495341016 0.025943433645416288 0.007445993473654792 0.041765687265292985 0.03770844679432932 0.01845752489948664 0.03484690128922457 0.02781593586182295 0.03920523512683131 0.03446471424459602 0.05659577405306451 0.029357177532170996 0.05225595328083718
 0.07940025539706433 0.07778999949012341 0.045295220528213886 0.08338567355918418 0.034920631253803916 0.09191333187815971 0.10361858335774628 0.07242040040711684 0.05568972332307378 10000.0 0.07894866603716813 0.05098736701861752 0.0739009216417485 0.06071217602863961 0.07890793249270153 0.022072426286949273 0.09021259861051616 0.019960591762783093 0.00958009878089815 0.08959528393818669 0.036523076047801126 0.06766452690005567 0.07783741429693196 0.02832096028956618 0.07453969216467174 0.09783293530595655 0.015886917339436712 0.056623160966650446 0.06160092609752087 0.10654735932143473 0.07666516890216453 0.09154795077364306 0.054075062744274385 0.0375891176820432 0.024312008348238642 0.0910676982448473 0.05453903526481485 0.09619627793810794 0.013047815324117298 0.08831028935440874 0.1097268518253371 0.06773999199939128 0.0939478965056427 0.07257318076766738 0.08973125193606168 0.07196733321570925 0.0721339906994564 0.08088939761680225 0.043017183972968914 0.068410496202707 0.016023714419201997 0.09067509617775567 0.03390561540124169 0.06976223746872577 0.033336003030694165 0.04443601630752971 0.022360049327916933 0.012641152349156547 0.07677011484760264 0.06259388272832636 0.0971445672678921 0.08581367174307614 0.03745783055757016 0.08280525678627831 0.06579541289642697 0.05950934314680673 0.08298506710777691 0.10023173425427884 0.027808059322695235 0.0682200008086563
 0.010374812145134723 0.07680740261619953 0.06182436519730164 0.0202597281084028 0.04969537767443329 0.04574173782885014 0.03665131597632927 0.024964442711055645 0.029158975972958943 0.07894866603716813 10000.0 0.05826052641518631 0.03651174049605161 0.04604638035841506 0.006112780572938317 0.07010985329929924 0.06271750359499205 0.07301035483503697 0.07581012065399849 0.0370959135762094 0.06912772392333062 0.04123837638538048 0.03668998123841934 0.054375788616114494 0.03584064638263076 0.019991446934682307 0.08103062567964417 0.06786438929953317 0.017648085477303704 0.03349636883286467 0.006374231413189195 0.018058438690751397 0.026114901774811124 0.06434622881181704 0.058021053597038276 0.019269515408810823 0.060344027087844816 0.025552488981610957 0.06900967590330123 0.04395438606917527 0.031474046121715976 0.033043364241002904 0.02113569267361039 0.01867331390481819 0.03969046852459694 0.007234028334623073 0.04917107516767965 0.02575782803302944 0.04399556649631975 0.05140549813356518 0.06780934137432731 0.03873094426801065 0.04509055927366683 0.07134334507229971 0.046018922595266444 0.06256448313769257 0.06364524412498014 0.08393241441481979 0.038417371808289275 0.027356824638607245 0.02504585331304583 0.008632346893989352 0.042929407870169994 0.047151835282961616 0.017745201969107165 0.034866133330966415 0.00542463626292884 0.028046163401847624 0.056151752778652364 0.04347505390399726
 0.05197737163598575 0.10422281102915495 0.0065606289319892165 0.07413238104392351 0.022824851568827586 0.09484074255997642 0.09395716215201536 0.0373629452258708 0.029984274205584673 0.05098736701861752 0.05826052641518631 10000.0 0.03138496057143041 0.01512243260637619 0.06217815742194494 0.029660773485266502 0.03960528592761286 0.03261243550951141 0.04211612510409938 0.04715961639133672 0.017701478663342977 0.0765574386898756 0.0809038251706705 0.027369129050797344 0.07810950640088152 0.07001332604227473 0.04115036635475606 0.08531712252294689 0.048692057290118045 0.09175523657307842 0.05264080686042213 0.06085294420146836 0.03650153668287887 0.014234104024353326 0.04976625810068052 0.07696073564925467 0.0041006030736316194 0.06185835002197781 0.03822090259412209 0.04265491589816045 0.0876539702183519 0.02877801390491468 0.06192160626368837 0.06525788269927883 0.04609479924736464 0.05183735351701169 0.08474353979340697 0.04392205412917502 0.019821707401153996 0.08354986278128447 0.053211347629413375 0.0898496984129906 0.03624447781532957 0.09612862181937747 0.03366501196981037 0.07310335520777306 0.02891792216448121 0.046320149317602075 0.033024249438879966 0.03107256982683732 0.0636059996635627 0.06689170697632221 0.030128065854960653 0.03540119638885461 0.05721213362176825 0.06522439751837013 0.06367822757518131 0.08617761512033745 0.02625730827781254 0.07841937123031402
 0.027009257702144015 0.1035548334406552 0.0373851102973638 0.05627365474660529 0.03902178587942026 0.08096536038962361 0.07278262255972599 0.011635727560629026 0.02271206129048061 0.0739009216417485 0.03651174049605161 0.03138496057143041 10000.0 0.01628234527888342 0.042168934446223896 0.05625678364923728 0.02740076118437561 0.05951946194303942 0.06686682497050882 0.01625947673208131 0.048003769459143295 0.06978544043690965 0.06949425321715423 0.045650019801782994 0.06761725213363026 0.04162652899121334 0.06856607423675797 0.0888171975476067 0.03708045419962212 0.06797884444449444 0.030141136233711598 0.03197652321867304 0.029908739856192586 0.04357283298844957 0.06242414171772348 0.05549052101535266 0.03131112414428161 0.03129390564400669 0.061085080176840646 0.014807518834274438 0.060531674816946685 0.007091289069973535 0.032280850357348616 0.05095211282109073 0.015915022967867405 0.032798011601409355 0.0785117065045786 0.013872322131948011 0.030961073609217557 0.07911374002298685 0.0697810062119305 0.07443376846678627 0.04552568991883138 0.09647594847617517 0.04426671586475905 0.0791011834202152 0.052378407760647644 0.07314901298086518 0.0032351555810893593 0.015908164914243707 0.03322447216853956 0.0442352680417691 0.039192603493601666 0.012476317974174962 0.04483444587203978 0.05965694711737832 0.041478387069960924 0.06342303529140615 0.0461037627806336 0.07202723580987155
 0.03849616724896999 0.10215432145773967 0.021129711547170655 0.06380133261100608 0.02706041564110371 0.0865337891066552 0.08255261971134109 0.023051692542240924 0.02111812125385278 0.06071217602863961 0.04604638035841506 0.01512243260637619 0.01628234527888342 10000.0 0.05071921506954491 0.04136142051460329 0.03097748366525637 0.044573208305003324 0.05283199305373538 0.032252232499518904 0.031906942535362554 0.0711368458058918 0.07346557554604354 0.03341164818979197 0.07102468569194587 0.05572107388660026 0.05354980350362156 0.08504119800969755 0.0400551269092641 0.07929508219422535 0.03998547470733671 0.04634298916225554 0.029052435355363948 0.027640998750495693 0.05347828527875644 0.06523602601111016 0.015483297545704839 0.04689153228065195 0.04767125921591723 0.028560595955025286 0.07390361012277154 0.014177811349197031 0.047200834233010934 0.0561869991606215 0.03140362450662153 0.040382816617752386 0.07973998742097987 0.028974028350189387 0.019971844474816623 0.07936908404316445 0.05925231886587753 0.08080599872675193 0.03732670721247386 0.0944532002015819 0.03532892281220307 0.07386868081189116 0.03848680707489829 0.0583948233117985 0.018113132564349838 0.018968238565499455 0.04869062674619383 0.054547781130116046 0.030523320240882945 0.022201425260332676 0.048679492200767074 0.06006275052632685 0.05143640113992073 0.07406563444949642 0.03327444246588192 0.07321643024871641
 0.016478844723711982 0.07144070111506308 0.06529784659700374 0.014235271135843244 0.051607571386672074 0.03964268831202121 0.03188761421629413 0.030547971132824425 0.03244095948449083 0.07890793249270153 0.006112780572938317 0.06217815742194494 0.042168934446223896 0.05071921506954491 10000.0 0.07173504175993979 0.06865463115223445 0.07450300862128788 0.07649125838810504 0.04320690849302102 0.07191984764515875 0.03597971817249484 0.030753733695621146 0.05573607155527406 0.030073818611127262 0.02316206601353921 0.08217770289824618 0.06351661262213616 0.017441179150263313 0.03009229159043371 0.012172756335005017 0.023227595565559134 0.028028492044467373 0.06720696786730171 0.05694867057512729 0.014794362881616358 0.0645196220627925 0.03084297864275643 0.06969961904620216 0.05004131824296629 0.030825291343808382 0.0382522517027101 0.02625395767795664 0.0133157826556951 0.045803136108332705 0.010387980934781117 0.043645951525312365 0.03182736725827999 0.046627846525614004 0.046127077572437135 0.06684574570955293 0.03267514154267142 0.04541014259276509 0.06626108604503389 0.04666913509940327 0.059107709138010514 0.06504838720268329 0.08474578307545438 0.044210582436058764 0.031789299610646075 0.030095607713636018 0.006999440661400986 0.04414845360985116 0.05307975044171288 0.014564086394138163 0.03064803162750685 0.0048599071697946325 0.024177829368591728 0.057645200559786405 0.03817178571227724
 0.06782636719607692 0.09013222923755113 0.02358027007563624 0.07970155690838074 0.020506941479868906 0.09402117810896908 0.10060438153709393 0.057446332687160435 0.04251380549601649 0.022072426286949273 0.07010985329929924 0.029660773485266502 0.05625678364923728 0.04136142051460329 0.07173504175993979 10000.0 0.06925361984474333 0.003267436052846971 0.012687474453218403 0.07246990125789879 0.01449448009122242 0.07128423180946458 0.07936194022809565 0.016127961367643252 0.07610687356666966 0.0869063740055418 0.012312559539220063 0.069228501376628 0.05462024658920641 0.10141225665495016 0.06630279758054455 0.0792159097549871 0.0440019253825736 0.015719983748410944 0.0312512601072327 0.0856537753602584 0.03292797052242518 0.08253537155954152 0.011041093793386964 0.06983245581657878 0.10157776857336334 0.0510368492082503 0.08115894084165524 0.06907183828171158 0.07211900855510078 0.06287742011406518 0.07777383102366839 0.06563273941020704 0.02751202607239798 0.07504520255001115 0.02952971237401579 0.09105871352661835 0.028480668634820634 0.08180376376051818 0.026313065110900365 0.05628109176388051 0.007052431105098593 0.01703412726902319 0.058775479509612864 0.0481202992621041 0.0838391897611313 0.07809915169401968 0.027684234388216152 0.0634951685295073 0.06117195374788834 0.06096831161129898 0.07495959064209345 0.09520405421295483 0.014110380971692177 0.0724945916916546
 0.05255256307656697 0.13039391124452981 0.04590927077759951 0.08288588589727423 0.05787632440319014 0.10798599079554899 0.09777807800635374 0.03869509794889251 0.048358371923988674 0.09021259861051616 0.06271750359499205 0.03960528592761286 0.02740076118437561 0.03097748366525637 0.06865463115223445 0.06925361984474333 10000.0 0.07221731279566662 0.0816053220002777 0.0288924687419353 0.056678323768654025 0.09709553639523438 0.09684552471805298 0.06402556537055662 0.09500856408702014 0.06257156955146885 0.08067669061445225 0.11465528846263989 0.06441354289252015 0.09164460059166733 0.05648187508475345 0.05339073033823884 0.05620794818583661 0.053777290348375355 0.08444696538216093 0.08091590561601177 0.03664550372580716 0.04931050768869818 0.07723941258459048 0.02041702724729193 0.08160734486898029 0.03355369949023213 0.0523690487359534 0.07823293371106632 0.02605867772222675 0.05986433883043248 0.10582871992072077 0.0372689790906939 0.05094714313528599 0.10628432426710165 0.09009901364419882 0.10125782285855042 0.06813515484482718 0.1230897853376605 0.06623855175739234 0.10408353200824844 0.06787687294940772 0.08589001791234543 0.024767831124725782 0.04260797306993357 0.05145301905278496 0.06963805492172613 0.06134861697263367 0.015575682130861296 0.07223518567776092 0.08677096963322976 0.06723493878940495 0.08789748466218951 0.0636259737547108 0.09932365671455513
 0.07091282995802974 0.09055326556127646 0.026406473725190276 0.08216866387372534 0.02354058935509821 0.09589524365567058 0.10305842933298812 0.0606797588713822 0.04563041040786566 0.019960591762783093 0.07301035483503697 0.03261243550951141 0.05951946194303942 0.044573208305003324 0.07450300862128788 0.003267436052846971 0.07221731279566662 10000.0 0.010390968661121588 0.0757352776506175 0.016699822419459363 0.07287906164807931 0.08125457770539912 0.018774826906972703 0.07798030021396435 0.08998259090481651 0.009047134677756618 0.06951517589462797 0.057300335236068554 0.10406908582290528 0.06930654969827416 0.08236152055631893 0.0468956034131581 0.018509587720935552 0.0318247051313437 0.0883033330259236 0.03576118555737557 0.08574351934739312 0.010513517426781244 0.073064884735449 0.10448431892759714 0.05430250090279155 0.08432893721292861 0.07148037898657479 0.075377456152973 0.06577633171614126 0.07913736756732262 0.06888034240681642 0.030697070158554288 0.07625989990713766 0.02906483906226841 0.09312575565644335 0.03066777485435124 0.08224343691433213 0.02864305798674286 0.056595191548910774 0.009475675656466773 0.01384938224550798 0.0620301552868287 0.051321757679710873 0.08703418253543126 0.0809299366026428 0.030371207134198216 0.06668371034707621 0.06365718911662664 0.06276828022247118 0.07780796786389245 0.09783946833322542 0.01687588146809018 0.07401165983428681
 0.07507778996724246 0.08380998314258511 0.03619198351515191 0.08252388582263147 0.02855826347854122 0.09362997236882113 0.10319100463177638 0.06655960721878196 0.050406727514554335 0.00958009878089815 0.07581012065399849 0.04211612510409938 0.06686682497050882 0.05283199305373538 0.07649125838810504 0.012687474453218403 0.0816053220002777 0.010390968661121588 10000.0 0.0828671619662905 0.02702554936875913 0.06981463085499064 0.07918551385405069 0.0223425467198102 0.07587273214054881 0.09391582072001346 0.00816792417740984 0.06259081301925194 0.05905116498340166 0.1052133589279812 0.0728450210086267 0.08697650442691295 0.05006886168413069 0.028375433593839438 0.026640973536844633 0.08951639293216937 0.045513254648033574 0.09106003099318558 0.006802800431932212 0.0809484518539329 0.10709088345983377 0.06108593662957661 0.08918776826981284 0.07168016163304614 0.08277895540832021 0.06864962029619975 0.07521649821240191 0.07496214211399528 0.03651784335298362 0.07188836882516429 0.021198230896963835 0.09163672804833713 0.031137491504323316 0.07560079763849153 0.029847257052745556 0.04989853523492785 0.014491350982289134 0.008378370736361768 0.06959068423078749 0.05685616762434519 0.09217116511203503 0.08322197409744332 0.03305696004134333 0.07503052299179677 0.06432740733949813 0.06059398320867985 0.08023508921603906 0.09890899283490837 0.02122356429929143 0.0706633872753814
 0.026783984629591966 0.1113432767388245 0.05336131232411592 0.05716980421951393 0.054682739046326256 0.0827574657169807 0.06989582756446938 0.019167521135284867 0.03572959579584749 0.08959528393818669 0.0370959135762094 0.04715961639133672 0.01625947673208131 0.032252232499518904 0.04320690849302102 0.07246990125789879 0.0288924687419353 0.0757352776506175 0.0828671619662905 10000.0 0.06413733208920933 0.07618896376579386 0.0734387933920357 0.06127451490236731 0.07221073632621118 0.0337204043192621 0.08478225691218187 0.09880746628399278 0.04462849234269718 0.06314340186886613 0.03156513458388537 0.02476141897049335 0.04129980613553677 0.059770624700950396 0.07633182860998494 0.053635819057259025 0.04657640944347291 0.020458239573989297 0.07692710106970449 0.008496106296763216 0.052715679490465746 0.021856227953031847 0.023520087586215693 0.05482523281706659 0.002880646793743494 0.03649175969711737 0.08467578288735829 0.012348702276479493 0.04658557106732198 0.08611602136342127 0.08435980777903825 0.07560944616801003 0.05956289617335615 0.10492444549588882 0.05868477524490901 0.09036379957978384 0.06840398238629561 0.08931285028913889 0.014149147852344763 0.02828362252097832 0.02260474903743597 0.04264669259639338 0.0537039292922719 0.015658962186544913 0.050669606605867196 0.06738376250848135 0.04073672841526519 0.05980029273802498 0.061898506088063916 0.07847815197239198
 0.06476892683116774 0.10102637597481624 0.011142595501189696 0.08196930755210877 0.02197103835688712 0.09945196768363716 0.10265865863470638 0.05190467243890909 0.0400201857746527 0.036523076047801126 0.06912772392333062 0.017701478663342977 0.048003769459143295 0.031906942535362554 0.07191984764515875 0.01449448009122242 0.056678323768654025 0.016699822419459363 0.02702554936875913 0.06413733208920933 10000.0 0.07832316426712121 0.08490139309383417 0.021931710890735277 0.08179400094790303 0.08362463707397735 0.02427074638698777 0.08065282164851682 0.05602231715057452 0.1020119596487179 0.06432073542199356 0.07504039728551987 0.044070931404040524 0.0048285245972935304 0.04274463850346239 0.08652216697949175 0.020063141720341335 0.0771165969134204 0.025152648639554697 0.060164541270593085 0.10002137469973262 0.044129396866490304 0.07653142410564545 0.07194026632383362 0.06330123836236394 0.06210241603869869 0.0856577950911978 0.05938934017412045 0.025295545995682654 0.08353398364810795 0.04298920945392321 0.09553496142920095 0.03464627988339849 0.09270820858750531 0.03198723809114788 0.06779079131822388 0.01744310458268252 0.029590497242055962 0.05001483006113988 0.04376782339530029 0.07868702610358451 0.07760231312549833 0.030958720108926564 0.05306278486005162 0.06374928916637713 0.06731712032433344 0.07436517081375223 0.09604226516661561 0.019819993755103116 0.07983983583925285
 0.050315919969155465 0.035580517231286794 0.07662198095568949 0.027732647696437726 0.05668607889169771 0.02435463002791326 0.04152493254042575 0.05916578297576643 0.050139957378640736 0.06766452690005567 0.04123837638538048 0.0765574386898756 0.06978544043690965 0.0711368458058918 0.03597971817249484 0.07128423180946458 0.09709553639523438 0.07287906164807931 0.06981463085499064 0.07618896376579386 0.07832316426712121 10000.0 0.011619253227239642 0.05675499649480205 0.008993504702787316 0.05837005924743746 0.07753867489114935 0.029747454235532142 0.032705424049807814 0.04845713024933717 0.04526472815157472 0.05915203138166807 0.04210785571514649 0.07465634844865952 0.04354208333561096 0.03733115217121394 0.08016658402633237 0.06673265172187487 0.06408808734638592 0.08146575911866846 0.0586462433560902 0.0635993295363313 0.062201092266675945 0.022671569175785236 0.07838943685997737 0.03978931060568028 0.008734728900792422 0.06389700944028089 0.05682125750351474 0.010167500563828478 0.05196690611462927 0.02456277770689353 0.04375266633190514 0.030336577916070487 0.046365061967722644 0.030511846255247985 0.06438933407168111 0.07784164306206537 0.07265754802407919 0.054661878395351964 0.06606344344985443 0.040914542447145444 0.047764602418515406 0.08214966703274945 0.02554081069826193 0.011333207372676566 0.04044072359770615 0.043067229007499354 0.058975765364108534 0.0022891918598759694
 0.04673141010276985 0.04240726595757244 0.0818455291408635 0.019146659488043772 0.06294434404504878 0.01466424833879117 0.030016212042000823 0.05818997673604647 0.05241529262259965 0.07783741429693196 0.03668998123841934 0.0809038251706705 0.06949425321715423 0.07346557554604354 0.030753733695621146 0.07936194022809565 0.09684552471805298 0.08125457770539912 0.07918551385405069 0.0734387933920357 0.08490139309383417 0.011619253227239642 10000.0 0.06405087781485566 0.0033138127111940092 0.05119573492413635 0.08663850503587192 0.04059455532140156 0.03345928289353042 0.03745204287440469 0.041874072034670404 0.05364750457049603 0.044796832606959186 0.08087981889720369 0.05353453655642103 0.028082364643872506 0.08421857028035111 0.06126034539389386 0.07312276395856025 0.07963330893142384 0.048735340965135925 0.06400412874267333 0.05657366474248381 0.018735091305519154 0.0758910963725198 0.037305805121732094 0.014961071420833225 0.06151014997508327 0.061695037222274804 0.019000388445092366 0.06245840780339586 0.013122752024678929 0.05106232663398142 0.03884425947685934 0.053490063168039066 0.042131093594974196 0.07234082761110137 0.08738938068802576 0.07208521906374246 0.05555769331785752 0.06027437014995348 0.034108451632616735 0.05394417716118151 0.08145632980312559 0.024962007841982537 0.01860181505684055 0.03447730479318495 0.03244010731758023 0.06627866433567248 0.012520371451647487
 0.05290607355594438 0.07942682877251464 0.02390404064517441 0.0635937932976568 0.006629131097364519 0.07870427905724037 0.08449863065394979 0.04434360413140051 0.028065793499542146 0.02832096028956618 0.054375788616114494 0.027369129050797344 0.045650019801782994 0.03341164818979197 0.05573607155527406 0.016127961367643252 0.06402556537055662 0.018774826906972703 0.0223425467198102 0.06127451490236731 0.021931710890735277 0.05675499649480205 0.06405087781485566 10000.0 0.06085059499800153 0.07186182546038512 0.02668183394320345 0.05944550068504676 0.03853050747974546 0.08531129153910876 0.05093883819545637 0.06469948825823843 0.028299218697770058 0.019063640935057847 0.02252652475796137 0.06954821851517277 0.031443360292069435 0.06871808021991563 0.01588042055988564 0.06018697222113571 0.08583856485810286 0.03941980456593498 0.06687116020127232 0.053001643227062425 0.061435821963136426 0.0471476251554002 0.06386446184890066 0.05278517960601265 0.01470747336459675 0.06163497977709162 0.02621589919277091 0.07538480709733132 0.013042504606389796 0.07114174786559316 0.01056188262664465 0.04678414994356124 0.009312391191019823 0.02995927264114919 0.048575521103768 0.034581027087471364 0.0698313880529041 0.062200236535387435 0.011596384453206598 0.05508014258011663 0.0450615349327404 0.04598009232506953 0.05909700285542948 0.07909252037693461 0.0022308394498487642 0.05817542133764407
 0.04565002861862625 0.04193895991285162 0.07891566754621715 0.01969561656698403 0.05985274913381274 0.017916829494401456 0.03256890809158972 0.05644611678928754 0.04992675996310429 0.07453969216467174 0.03584064638263076 0.07810950640088152 0.06761725213363026 0.07102468569194587 0.030073818611127262 0.07610687356666966 0.09500856408702014 0.07798030021396435 0.07587273214054881 0.07221073632621118 0.08179400094790303 0.008993504702787316 0.0033138127111940092 0.06085059499800153 10000.0 0.051354564214913107 0.0833319163076734 0.03855366204822469 0.031159067914888365 0.03950590357482167 0.040705220407241775 0.053210129409866566 0.042196575377454526 0.07781239748906864 0.0502338216697032 0.029050988133416646 0.08147761514272078 0.060836964751999685 0.06981627452324485 0.0781681149388211 0.05011544091663706 0.06194949440636384 0.056188433838736423 0.01739410168878328 0.07459837438652198 0.0358405864106585 0.014055155393914515 0.060148303655754284 0.058787230143967854 0.01755236454158332 0.059189841024514134 0.016299940022102798 0.0478458123602131 0.03778355772291478 0.05029329146436895 0.039367661778010286 0.06909171997338205 0.08407559510125427 0.07028262453971036 0.053365461272546454 0.05995606586182978 0.0340384604801042 0.05084697814306873 0.07970321906061152 0.02284081181954875 0.015293771647432836 0.034094230344332586 0.03421811251817305 0.06307976005705627 0.01031296019411021
 0.0190896239056479 0.09328764086958077 0.07477972714216065 0.03211548527689348 0.06644622242122936 0.05595147772371098 0.03802671017338365 0.03271402150535432 0.044439869383012746 0.09783293530595655 0.019991446934682307 0.07001332604227473 0.04162652899121334 0.05572107388660026 0.02316206601353921 0.0869063740055418 0.06257156955146885 0.08998259090481651 0.09391582072001346 0.0337204043192621 0.08362463707397735 0.05837005924743746 0.05119573492413635 0.07186182546038512 0.051354564214913107 10000.0 0.09844592946795115 0.08660138320668541 0.0374315536228889 0.02999065283508849 0.021168369765631426 0.009668462027687202 0.043892126786251436 0.07880166768153067 0.07774271239934917 0.02463156047697038 0.07113507972624782 0.013870257291176429 0.08717077590623676 0.042157888145316166 0.019183471478824137 0.04154338967595429 0.01020350893562935 0.03608675523147818 0.0365881695815646 0.02619720515787938 0.06537001473789551 0.02778224363802165 0.05964673909213534 0.06836342062893426 0.0874408968156821 0.04845604096240146 0.06395849210763818 0.08868406583771603 0.06454659755050092 0.0821805354116269 0.08089851756610442 0.10179559112082337 0.042052329808515324 0.03985820273838706 0.011922893617394051 0.017455516801353092 0.060872172587524316 0.04824774151473112 0.03736021755410139 0.05380451969648588 0.018334482456400118 0.027775524908514985 0.07340592158471873 0.060457613639250375
 0.07942191303218005 0.09195334139384068 0.034767743396740755 0.0890427856183341 0.03208092131817857 0.10116498665709929 0.10984247420635514 0.06959756649125444 0.05425615375279101 0.015886917339436712 0.08103062567964417 0.04115036635475606 0.06856607423675797 0.05354980350362156 0.08217770289824618 0.012312559539220063 0.08067669061445225 0.009047134677756618 0.00816792417740984 0.08478225691218187 0.02427074638698777 0.07753867489114935 0.08663850503587192 0.02668183394320345 0.0833319163076734 0.09844592946795115 10000.0 0.07072925056379788 0.06481412524009358 0.11139042295579604 0.07760123469652583 0.09102064276332376 0.05497860840663904 0.02692081899780407 0.0346598653955532 0.09563636717639885 0.04406025946148529 0.09457848299105233 0.013515750815009085 0.08206994020917537 0.11247437443074636 0.06332899127747804 0.09305500217260107 0.0782446611081204 0.0844205501154424 0.0738088595457693 0.08314590923393428 0.07783937794080267 0.03951975738898699 0.07989637863546083 0.02931471911196622 0.09891543794318551 0.03733024270621988 0.0837540428711731 0.03566262069581152 0.058059519870896005 0.017548689532445892 0.005342504526455574 0.071069256205779 0.0601557373725844 0.0958303866735359 0.08875293568590224 0.038120218680394086 0.07561067381331919 0.07065336992103263 0.06803819193764568 0.08568313489244693 0.1051151232589969 0.025043554940395722 0.07846003622540963
 0.07536088977129059 0.021229404926274714 0.08306599599180232 0.05731183217517169 0.06259649253838946 0.049151861945196954 0.07041986444213251 0.08007975140672344 0.06642781713953022 0.056623160966650446 0.06786438929953317 0.08531712252294689 0.0888171975476067 0.08504119800969755 0.06351661262213616 0.069228501376628 0.11465528846263989 0.06951517589462797 0.06259081301925194 0.09880746628399278 0.08065282164851682 0.029747454235532142 0.04059455532140156 0.05944550068504676 0.03855366204822469 0.08660138320668541 0.07072925056379788 10000.0 0.05441286098722384 0.07800932641934291 0.07044195546118551 0.08585223195008501 0.05890919047186962 0.07842037831243098 0.03808235425475086 0.0669636974901479 0.08937165617971567 0.09316288853239345 0.059092771990519544 0.10244553323785681 0.08835355459249034 0.08187027850807066 0.08892888096498315 0.05056635050312001 0.10054076795029741 0.06444515056598246 0.026744299842969128 0.08658773031165484 0.06644870697366315 0.022066916470593695 0.04142051884851416 0.05222028273741897 0.04909979662658603 0.01314433397030045 0.05165281736997769 0.012948816428928991 0.06365101353216009 0.0689713267114205 0.09199169708971434 0.07291081733590501 0.09284722134966716 0.06933566614890993 0.055520491787416255 0.10117735755626893 0.05029499412469776 0.032998724810435906 0.06828820034614935 0.07276726211545165 0.06128405216386471 0.028242354198269835
