NAME :TPP_input_23_3_3
NUM_VERTICES
67
NUM_CLUSTERS
23
Full Matrix
 10000.0 0.055856742682201116 0.07047893536874604 0.013478690685577242 0.03935675350079738 0.01103493367605759 0.03490349239020517 0.08481052284817266 0.08550009577375378 0.044599039888968295 0.06658558628381044 0.09331417474330497 0.04696678820344986 0.078221378580403 0.08016619938182237 0.0750305776934564 0.015602476888493057 0.022523575855988184 0.07016429842071151 0.09100159604740841 0.07781127002952191 0.02505362537454445 0.09310201736182291 0.00728128815922585 0.08798881267429276 0.026739601371063355 0.046747939117592986 0.08724314744957697 0.036677464573772384 0.069009689086876 0.035851420087507274 0.03355998148909326 0.03771035429852192 0.08915387986213882 0.06436091647462161 0.01789131715555164 0.039570963826050964 0.0245081823756187 0.07913059779755503 0.042883115225106974 0.020689735679619646 0.0212262102926699 0.07522323040318508 0.061677340598771245 0.047918053611578824 0.04366546453956704 0.08787375766459628 0.0018713510993773037 0.032102946745566074 0.034008034370186076 0.05539212189951512 0.06093792373162147 0.026742786995982995 0.05536604208167122 0.09076109101706523 0.050330330127273164 0.05150683626992013 0.044180344327823834 0.07013013065529335 0.03463188515116398 0.06405371864498563 0.08151668227353365 0.039746656474710096 0.06769101478109597 0.02375491196316346 0.05679871482989873 0.024785003355657666
 0.055856742682201116 10000.0 0.07244419754142781 0.050993915113188196 0.09133071738738305 0.06582631646663296 0.028191315822578358 0.0845017590699284 0.09062784087088592 0.0405919897113886 0.08182364475871771 0.07299837216079957 0.05747758274868757 0.03453335486509137 0.057871467341494835 0.09806717818243925 0.04043353835821114 0.034522601355893946 0.03745539857971083 0.06528419337809166 0.07354543742920912 0.06197367074696418 0.07145536637942358 0.05570295172671941 0.06911647019913958 0.08257862595211946 0.060256725190015195 0.07780776061835688 0.08868744984441446 0.08320728366264209 0.021816352852302615 0.06297106637821442 0.019128538050114562 0.1009574697645889 0.08201833249849658 0.03876252808427215 0.08105961159446348 0.03261635874337087 0.03689533606279021 0.018711619825469292 0.07651941397271089 0.047621302774257177 0.06341925897193741 0.008386746475228099 0.008366867834249163 0.09082976796101555 0.08057735621464714 0.05626033993410241 0.03711408447874903 0.05230967402193317 0.02176451391781686 0.016684727536771537 0.0771974206729459 0.06638930054929515 0.07225080394615241 0.010482106035330667 0.010751543393775143 0.0204823069901276 0.021795174340811442 0.021420553945683887 0.036902532932615056 0.0810298770483841 0.08259266477814613 0.018389405006986482 0.04499643194622195 0.04741748194153653 0.04515043570168558
 0.07047893536874604 0.07244419754142781 10000.0 0.057111285096565226 0.07308850669054505 0.07912176157518673 0.08054946946183228 0.01448827105674724 0.018296491835955886 0.034116190674081746 0.017733752594618173 0.03354638792648209 0.023562466427532913 0.05842124752993659 0.031074917072420504 0.0343507830226877 0.06846885504833107 0.06018701528569351 0.04435405583951589 0.03850438737931185 0.009385812571700071 0.04842741448769519 0.03485463937029067 0.0635187567530247 0.02924914374028424 0.08297287664444299 0.0238560492650145 0.01968378598842791 0.07189557661029346 0.01705185451615359 0.07332904023212346 0.03957094839593038 0.07170404236170456 0.02900124713717598 0.020680929980922344 0.07059228497407607 0.051814321281879544 0.07167668551799888 0.05661153624155676 0.07904296112672715 0.08128881037650323 0.049932719358088365 0.017563006720029882 0.0694257347314147 0.06715172582413519 0.06349527916539882 0.018782733433009773 0.0723246625460985 0.04538459300714707 0.036548184649795534 0.09071602677578708 0.05946602887531034 0.06462770748296146 0.01586617719049556 0.03023311437222485 0.07801275560773609 0.07926122489645125 0.053508595549054024 0.06355280365069976 0.06862271927981502 0.039651466950877054 0.011063450359385186 0.054055573280422736 0.064614785638775 0.0483673804599387 0.02504734718737008 0.04726570318894393
 0.013478690685577242 0.050993915113188196 0.057111285096565226 10000.0 0.04033736826598501 0.023420235706752595 0.0367307617001295 0.07149531671540901 0.0725180389483245 0.0318825212484094 0.054231229031829135 0.0801144862144055 0.033562506043558316 0.06832322021926622 0.06731479822850837 0.06425342866079033 0.016694429546981384 0.016741629993423417 0.05889861196072111 0.07819934233740376 0.06434338650073462 0.014916016007336412 0.07997952862225338 0.007331838438271929 0.07477562362436654 0.034696313129261386 0.03350450214725467 0.07376652073483826 0.037694164441601175 0.05659315831655594 0.03451003722397298 0.021864245393303075 0.03539425046459307 0.0768966179408748 0.052275748125079194 0.01971800561374603 0.033248860124713675 0.024999690508532294 0.06890692107317196 0.04221173294344451 0.02997612045258337 0.00791981997843203 0.061857106726382415 0.05535666417095585 0.04264544771954394 0.04085071534433876 0.07440023650487812 0.01528435096915756 0.02037167446527078 0.02057942316504502 0.055809220458834345 0.05259403884765691 0.026210965908141128 0.04221652774555477 0.07749890200753412 0.047883450062779935 0.04922520948530021 0.035480428964586655 0.061753390259740006 0.031645193400673434 0.05243346271123256 0.06816488108011941 0.034161603104303946 0.059740738140694735 0.010828902910543713 0.04373478103271237 0.011747324717714416
 0.03935675350079738 0.09133071738738305 0.07308850669054505 0.04033736826598501 10000.0 0.03536274749417929 0.0740474180765944 0.0845571247693625 0.08102097836780732 0.06470474082735739 0.060209730469498686 0.10451465495652615 0.055400438233324086 0.10527147021963565 0.09548962887026943 0.0586342325917708 0.0538191532269114 0.05696210784554121 0.09362782652820005 0.10596161268211549 0.08236732242099835 0.03221976189936511 0.10517416478555258 0.036459614829353885 0.0994046534540729 0.02136441019247827 0.052946365102404074 0.09273776625766428 0.0027047437754540065 0.0625458686415138 0.07380473790019196 0.037310992500172224 0.07512321684148854 0.07854415475487399 0.05681936068331499 0.05656358435848613 0.021362433941090785 0.06300360282879826 0.10531185724882883 0.08128214216955001 0.025937903404479865 0.044705388491620326 0.08557339506934501 0.0954588679265798 0.08297908132771044 0.011836296705415486 0.09176396210187027 0.04009050670950289 0.057710896589099614 0.04760715713920851 0.09434058970648022 0.09169756664750887 0.014144945937629334 0.05801274065372089 0.1013493529320916 0.0878013482692384 0.08909724663845928 0.07483641703184392 0.10063031844466526 0.0715452649790819 0.08666483788891224 0.08230079210783317 0.019206005897889747 0.09898799944794327 0.047829738683728265 0.07286744236560344 0.04809581230686029
 0.01103493367605759 0.06582631646663296 0.07912176157518673 0.023420235706752595 0.03536274749417929 10000.0 0.04254757591382398 0.09321787767127475 0.09313037798751303 0.05518557398874855 0.07337812733691941 0.10351191642450545 0.05591152540979728 0.08922309954670726 0.09069857431584817 0.07978409207208653 0.025435015797076035 0.03336343846746754 0.0811712844056722 0.10157060839648321 0.08691782861783143 0.03146669836369819 0.10339559854601782 0.016171210216299442 0.09816939451342636 0.018082587682573772 0.05526696053262433 0.09662662057130816 0.032898839850573874 0.07585870664033185 0.04497904486257084 0.04050458141646791 0.04715221735465553 0.09557622068378635 0.07082661788762433 0.027123186524801692 0.04153700600872314 0.033560812864951356 0.09015360277007413 0.051446209471757876 0.011558777135455153 0.031339897328284134 0.08513895782462241 0.07203889141712284 0.05812095111830853 0.04243847234546232 0.0970191221568828 0.009957488100983937 0.04296858971507719 0.043205872458277034 0.06301935385819536 0.0717665152670804 0.025659149339397357 0.06357940641039346 0.10086723191973708 0.05948069887087569 0.06056148345730133 0.05512475749603334 0.08093552072190878 0.04441847854182631 0.07501239489540144 0.09005290599420858 0.041094977951150004 0.0784203561182143 0.03415497215541418 0.06715356164594578 0.03512440585928855
 0.03490349239020517 0.028191315822578358 0.08054946946183228 0.0367307617001295 0.0740474180765944 0.04254757591382398 10000.0 0.09453874148185884 0.09844916963993501 0.046649679572014546 0.08420830354273022 0.09143689095367802 0.05948307237531402 0.06047032650870432 0.07623159779681359 0.09754187159242593 0.02053465282252619 0.022524985387766157 0.05879320467959149 0.08563054500952891 0.08471930531404202 0.05126594265012342 0.09038787835458126 0.037983326172469536 0.08670517584910567 0.06051772095103174 0.06117682308334168 0.0916685596076549 0.07134793146064076 0.08620158514101817 0.00837141187027212 0.05621266845440993 0.011149595502407952 0.10609523078583868 0.08322392348340342 0.017610844040737376 0.06997940523877734 0.011735394120831312 0.062407522094954676 0.0099568191371916 0.054040989092825356 0.0380218875576966 0.07734437816647594 0.03626156843947598 0.023447094283165035 0.07687708676305523 0.09362255829524355 0.034526065167828 0.03559589662069401 0.04904835630621968 0.02055218858092936 0.04108908131955526 0.060724824717009664 0.06941768945506872 0.08986147355748468 0.01892455469203751 0.019613834888663285 0.030949817855056475 0.048729203298851984 0.012614761487997495 0.055346454303865894 0.09093826843133895 0.07085204525542937 0.045464322699673064 0.03714945030798137 0.058143611019240156 0.03795197587128528
 0.08481052284817266 0.0845017590699284 0.01448827105674724 0.07149531671540901 0.0845571247693625 0.09321787767127475 0.09453874148185884 10000.0 0.00914908259956217 0.04790637924043677 0.024873842413065027 0.030578206881343686 0.03799819947428553 0.06590680131745046 0.034918955905945216 0.03654726290361551 0.08293443119528074 0.07454879948508068 0.05273599128214915 0.03859903908039346 0.011133171439959002 0.062174753446453984 0.0325660084931139 0.07778644853311231 0.02822590361558456 0.09610317532956028 0.038074325134258194 0.013888730210218149 0.0836406616904124 0.02287945318800754 0.0871187173197259 0.053173809733356205 0.08535051598330425 0.022396295962553155 0.02836741124487618 0.0850288717248399 0.06321337204217481 0.08596004676609237 0.06370736200499036 0.092515302852321 0.09482461831845064 0.06439212390195771 0.02283838558750849 0.08062177496061891 0.07987546060298212 0.07416175802145102 0.010595239563539218 0.08666386493416796 0.05966583336453592 0.05096616583966797 0.10369382222754528 0.07032401935329012 0.0773466187141999 0.029642047801025855 0.02762830140477689 0.09085412441379928 0.09204583503879515 0.06649862708616566 0.07308833565409475 0.08241948870996356 0.049425434965243556 0.0036023444401973885 0.06535121269713233 0.07463885220718043 0.06285474627103735 0.03747569575099996 0.06175330964030606
 0.08550009577375378 0.09062784087088592 0.018296491835955886 0.0725180389483245 0.08102097836780732 0.09313037798751303 0.09844916963993501 0.00914908259956217 10000.0 0.052286955587180696 0.020920930961453692 0.03966435688567109 0.039865126111827916 0.07412655398721706 0.04369822494945602 0.028900251017416282 0.08528342143832611 0.07753118753789623 0.0606041832240257 0.04774232019444662 0.019029088305630677 0.061693860621353805 0.04168159209602611 0.0783055932690535 0.037371881933246906 0.09427960297495155 0.03918751490163696 0.022999639883141066 0.08037137923974927 0.01851070904539161 0.09139940519532933 0.05263437894966292 0.08985442784448032 0.013262981019566614 0.02422661196324343 0.08759315862077069 0.059934314679942285 0.08917312316625177 0.07202637585548606 0.09725354945707002 0.09361591272044105 0.06593913983921297 0.031052045502430764 0.08732422184506017 0.08544112967476354 0.07007736003563715 0.019583991419264368 0.0873704390821452 0.0630058384790452 0.05242850649716133 0.10900894868230986 0.07719895224665958 0.07518284401656185 0.030390965921319693 0.036754378424938464 0.09630896763586565 0.09755613906272997 0.07180507836538971 0.0806129363180894 0.0866965047699991 0.05673506763476931 0.011142567954176076 0.061938713423697556 0.0819502824928537 0.06482113001946306 0.04321330619200458 0.06374317853653447
 0.044599039888968295 0.0405919897113886 0.034116190674081746 0.0318825212484094 0.06470474082735739 0.05518557398874855 0.046649679572014546 0.04790637924043677 0.052286955587180696 10000.0 0.0412680045232584 0.049098327034556674 0.017109498979658397 0.04106928774139939 0.03556786785078093 0.05754979604896018 0.037448300389894947 0.027970457194718613 0.02892664934576763 0.0464074028277001 0.03814944646451874 0.03258662546222518 0.04871415797973785 0.03921421521121151 0.043843866117645666 0.0654487594355912 0.020117230991399445 0.04577403724229101 0.0625097518894158 0.04273622192761077 0.0392425377938738 0.028503434227344047 0.037588297404386586 0.06126837489080771 0.04143265573098164 0.03893832786961134 0.04800000031127454 0.038676121729515844 0.04082748411005424 0.04496958947398008 0.06145230469453774 0.024064250278871158 0.032101195281860825 0.039809864731123024 0.03409880226268202 0.05984227489787502 0.04737179029070295 0.04618850469605788 0.013242576673712094 0.01722538627629334 0.05701606362787943 0.031801530165015725 0.05173188285208475 0.02580751605548821 0.046766670560924234 0.044585560248499974 0.04590292955308744 0.02034592623508124 0.0392193424241412 0.03453779148991657 0.021982210959733853 0.04430435033817048 0.050057508940090145 0.03871384640285562 0.021059936611094843 0.012643428512621544 0.020141837075164006
 0.06658558628381044 0.08182364475871771 0.017733752594618173 0.054231229031829135 0.060209730469498686 0.07337812733691941 0.08420830354273022 0.024873842413065027 0.020920930961453692 0.0412680045232584 10000.0 0.05094712874828174 0.025068873384811095 0.07354338605495107 0.04850205794553216 0.01762865877310632 0.06859014768208901 0.062107196812324274 0.059255123080129396 0.05623811637278966 0.026327269036852285 0.041974255761463304 0.052388861631018024 0.05930780546574874 0.04687775120155439 0.07350300035242371 0.023048772031227727 0.035730633605296845 0.05949433156642317 0.0025001616460477174 0.07807877919374491 0.03308153260890982 0.07705424478172906 0.02266829166304727 0.003493670058318914 0.07119098651740188 0.03903801334776757 0.07383739977076079 0.07204226078494615 0.08477289330639942 0.07309528375904795 0.048567768008500996 0.0351360720017936 0.08035288644062703 0.0753035166391829 0.04948191095872369 0.0337050365581713 0.06845030679243365 0.04888664840754302 0.03557992440365141 0.09760493566378871 0.07120322884087497 0.054347745635843214 0.015479720087079171 0.047646266170124206 0.08554877784075678 0.08690193305639597 0.061597981293445445 0.07675382765943212 0.07350245666493382 0.05356574432349866 0.02329418964853231 0.04107002164171063 0.0772421063868414 0.04814121204174595 0.0368696117083672 0.04714691108300694
 0.09331417474330497 0.07299837216079957 0.03354638792648209 0.0801144862144055 0.10451465495652615 0.10351191642450545 0.09143689095367802 0.030578206881343686 0.03966435688567109 0.049098327034556674 0.05094712874828174 10000.0 0.04983261009292829 0.044648799381207874 0.01533043370190818 0.06596076833677886 0.08627544896753454 0.07650223544341725 0.03570029774806484 0.009985586320582185 0.02462855654864236 0.07601494836971073 0.0023032031551376464 0.08734369068154872 0.00534927669127435 0.11116600110282643 0.05184144863716647 0.01669276132135601 0.10299393066702335 0.04979279468110599 0.08314536479687566 0.06824843608241903 0.08064825669575573 0.05276775574919013 0.05409878633899359 0.08746793690253273 0.08374509214366502 0.08605327861090346 0.0419582876180924 0.08633716417452297 0.10825501245881089 0.0722027350128992 0.01905478792184289 0.06670087188626875 0.07126592928392673 0.09585855033105244 0.020103120650455233 0.09498468255025654 0.062285588759860205 0.06102076355685547 0.0944730754073884 0.05651922740014357 0.0942930448521631 0.046723858967991846 0.003313275266011468 0.0818347634814584 0.08270721425699892 0.060512499264052215 0.05549017075217486 0.07885457226484137 0.03666237310591413 0.029727109848217984 0.08603596822762526 0.05808695436940391 0.06955936350188001 0.03657625215810417 0.06853246425211403
 0.04696678820344986 0.05747758274868757 0.023562466427532913 0.033562506043558316 0.055400438233324086 0.05591152540979728 0.05948307237531402 0.03799819947428553 0.039865126111827916 0.017109498979658397 0.025068873384811095 0.04983261009292829 10000.0 0.05542582803388176 0.040100809415116574 0.040597530313172536 0.04542043001996658 0.03786064138171283 0.041778190797648246 0.050577820426675045 0.03100661610244806 0.026331746105178796 0.05024327722672086 0.040092263970972215 0.04456888758508092 0.061525783885052206 0.00325177035244335 0.04083173031867082 0.05365826469769489 0.02687729724686073 0.05309703954940282 0.018450699638479267 0.05200542436834645 0.04661322959267871 0.0247309592852392 0.04773645695959364 0.035777958994934016 0.04958556713504301 0.05462733403531049 0.05971213034930772 0.05906736763463879 0.026399999924682428 0.03078709479597382 0.05691799989607665 0.05057120181310606 0.04812949285388768 0.04110866283456918 0.048804158714158746 0.023944622931022938 0.012987942362660296 0.07255448977230383 0.04867909940174313 0.044492846430559944 0.009934962464846198 0.04682473936122231 0.06060419821150819 0.061970877964490086 0.037035249675004 0.05556356124108118 0.04848949944003518 0.03499014868331078 0.0346244127412504 0.038038869023153295 0.05538327228403999 0.025013365437469685 0.01857852830064476 0.023924389258097197
 0.078221378580403 0.03453335486509137 0.05842124752993659 0.06832322021926622 0.10527147021963565 0.08922309954670726 0.06047032650870432 0.06590680131745046 0.07412655398721706 0.04106928774139939 0.07354338605495107 0.044648799381207874 0.05542582803388176 10000.0 0.031970171305763566 0.09117196223943656 0.06523498804522111 0.05603695310192791 0.014289593524040512 0.035218772196116674 0.055113433599457744 0.07306223403208655 0.04261663718318157 0.0750892227160893 0.04239265107169315 0.10300175024791601 0.05867202597726568 0.05502359397915536 0.1029526019697102 0.07392922329342044 0.052543166449190944 0.06957177914800303 0.04958372043461073 0.08670320969670402 0.07519038573423159 0.06487219754176796 0.0890521204200008 0.06045503451237883 0.0027698463655416892 0.0522394031118368 0.0979651614075324 0.06170011590117834 0.04311834180101617 0.026429569002000563 0.03703986722065372 0.10090302779719316 0.05851995162675027 0.07929581868054626 0.04828092972673478 0.058239177595275825 0.05581426186659224 0.01939363801741632 0.09178931031986069 0.06045784744734529 0.04509171645843889 0.04492503544924373 0.04528337945772112 0.03422542507938763 0.01296153736410601 0.04978794404373546 0.020527076910955882 0.06309193358463207 0.09112289237116396 0.016308367748400197 0.05840933555255795 0.037607534998434444 0.05788429002545247
 0.08016619938182237 0.057871467341494835 0.031074917072420504 0.06731479822850837 0.09548962887026943 0.09069857431584817 0.07623159779681359 0.034918955905945216 0.04369822494945602 0.03556786785078093 0.04850205794553216 0.01533043370190818 0.040100809415116574 0.031970171305763566 10000.0 0.06542542271811942 0.07201003687787723 0.06212939106641705 0.020964274072780766 0.010903844066239496 0.024984027600957855 0.06518153570076848 0.014156460379250673 0.07463472818863337 0.011277425232240519 0.09984289546235343 0.04270771714743047 0.023102812042872258 0.09370356623486058 0.04807733004243793 0.06791534755004569 0.05831449920133936 0.065384391548778 0.05680048259837276 0.05107647389455418 0.07301165989804895 0.0756418139200156 0.07123072291689987 0.029515255505633407 0.07101060852979856 0.0963819044188768 0.059418295345347844 0.013547992070824392 0.05186748192252824 0.055945207027837666 0.08798591686671746 0.02666408281278719 0.08175459510814771 0.04844463806712513 0.04955096330433226 0.07923854875140349 0.04154904630225873 0.08411454990111908 0.03985743609947267 0.014384818748498479 0.06655334666193198 0.06744570182853418 0.04528416023684976 0.041419801053958434 0.0636780159526969 0.02133747051005739 0.03257019667243173 0.07792732468005334 0.04374140206794322 0.05654374957568142 0.023741633215317897 0.05557900606309685
 0.0750305776934564 0.09806717818243925 0.0343507830226877 0.06425342866079033 0.0586342325917708 0.07978409207208653 0.09754187159242593 0.03654726290361551 0.028900251017416282 0.05754979604896018 0.01762865877310632 0.06596076833677886 0.040597530313172536 0.09117196223943656 0.06542542271811942 10000.0 0.080079703316616 0.07503936979159728 0.07688350688649853 0.07234559610361861 0.04171740284004174 0.05007012423904124 0.06766056040906764 0.0678943604033356 0.06248011940010656 0.07584879852590855 0.037931423397872484 0.04967186970095183 0.05871598722683837 0.01746931962938075 0.09217905501462641 0.042426356827687584 0.0915025958116446 0.021087801503753785 0.016334262696646146 0.08291334657429497 0.039886950648304755 0.08650629215225429 0.08966513817492971 0.09927698743348555 0.07695235526697983 0.06011735575761703 0.05190032999268316 0.09716419539656142 0.09112572760908907 0.04686625305608363 0.04688109552017459 0.0768177549467696 0.06330426805487399 0.048582481248204655 0.11253511789533019 0.08831755731489217 0.056945785303905455 0.03205064370734142 0.06275012992524484 0.10095015699497116 0.10233489258238211 0.07763274517158845 0.09417378640225989 0.08777843142253981 0.07115345457654139 0.03644242923733699 0.04126885754952419 0.0945411463765686 0.06048115450468652 0.05433895104022787 0.059626171592825496
 0.015602476888493057 0.04043353835821114 0.06846885504833107 0.016694429546981384 0.0538191532269114 0.025435015797076035 0.02053465282252619 0.08293443119528074 0.08528342143832611 0.037448300389894947 0.06859014768208901 0.08627544896753454 0.04542043001996658 0.06523498804522111 0.07201003687787723 0.080079703316616 10000.0 0.009939567394841933 0.058963177336089044 0.0825044538642458 0.07440605128253854 0.03158102149627605 0.08571249784807196 0.01749623002885945 0.0810993364291434 0.04230678013367059 0.04628825705568302 0.08286257101450016 0.05111444826921638 0.07081572268051295 0.020308753405362624 0.037764517796420295 0.022107997823865824 0.09113441966290255 0.06704455493787187 0.003032115648210618 0.049749549331621935 0.009185286669424567 0.06645938106117355 0.027545523059858256 0.036133803301270424 0.020106441924707105 0.06952087146026519 0.0466303115523884 0.032687228640969554 0.056342824728573666 0.08412220209630877 0.015847637039278696 0.02423875101118434 0.033136758974947306 0.04053968751259198 0.04697893207279296 0.04028035025644568 0.05503727712166232 0.08408759702991568 0.03474527594668717 0.035937753605110104 0.031076632038753535 0.05603551961558934 0.019086062746504266 0.05357381740274121 0.07942547822252383 0.05050808141736816 0.05336087316543964 0.020551687769224048 0.05008406643141829 0.021601078620136764
 0.022523575855988184 0.034522601355893946 0.06018701528569351 0.016741629993423417 0.05696210784554121 0.03336343846746754 0.022524985387766157 0.07454879948508068 0.07753118753789623 0.027970457194718613 0.062107196812324274 0.07650223544341725 0.03786064138171283 0.05603695310192791 0.06212939106641705 0.07503936979159728 0.009939567394841933 10000.0 0.04916007552858271 0.07258712874160526 0.0655624121994344 0.02979811054998132 0.07589315956922095 0.02123295076416779 0.07136023418634568 0.04872050997223227 0.039217042821620716 0.07366711324874022 0.05429605247285264 0.06419054071656115 0.01837211209948575 0.03384067421496266 0.01885632795872481 0.08431315673216591 0.060945103533667125 0.010994979414480572 0.049027723298935504 0.011747888723669815 0.05711371441155489 0.026074415605079223 0.04301036341909072 0.015769176142684777 0.06006249929338825 0.03955568698984588 0.02625174389469328 0.05745574240319669 0.07510019018756939 0.023406429556276004 0.015005266363723353 0.026661880315547778 0.03982070033836461 0.03842098818489337 0.04288107800644375 0.047735037583683484 0.07437600174094842 0.03118102948734967 0.032536071405655176 0.021827605582661225 0.047608203423027746 0.015021341493422479 0.043665862749917704 0.07099202818979816 0.050200420680625676 0.045177613495391636 0.01463109309656498 0.04053712528693317 0.015427685248980897
 0.07016429842071151 0.03745539857971083 0.04435405583951589 0.05889861196072111 0.09362782652820005 0.0811712844056722 0.05879320467959149 0.05273599128214915 0.0606041832240257 0.02892664934576763 0.059255123080129396 0.03570029774806484 0.041778190797648246 0.014289593524040512 0.020964274072780766 0.07688350688649853 0.058963177336089044 0.04916007552858271 10000.0 0.02786283225069914 0.04172543733134273 0.061502889613762234 0.03406401279208618 0.06603369515076776 0.032204558512226346 0.0934099153390466 0.044996843638088806 0.043008874082583644 0.09143604905038201 0.05965816253984409 0.050442813889685134 0.057052136670241414 0.0476556433611012 0.07291827012490265 0.06090830592553873 0.05923550005593244 0.07632512744077338 0.05601786416443085 0.012989243926892215 0.05225137991965188 0.08887380368437846 0.051621492258021325 0.02993074924691133 0.03100629822775289 0.03671237755370682 0.08840791090521498 0.04628697142534507 0.07146808544594116 0.038532249476722576 0.04606993468718908 0.059117467298712194 0.020853022688967413 0.08060123067825331 0.04628503939752451 0.03524966690801581 0.04675132429422721 0.04750729272044504 0.028711805574828008 0.02070810566681526 0.04673180148153986 0.006994228967716745 0.049726006537379026 0.07846741343400172 0.02282919246669464 0.04836413426966728 0.023557536680401215 0.047664072298588295
 0.09100159604740841 0.06528419337809166 0.03850438737931185 0.07819934233740376 0.10596161268211549 0.10157060839648321 0.08563054500952891 0.03859903908039346 0.04774232019444662 0.0464074028277001 0.05623811637278966 0.009985586320582185 0.050577820426675045 0.035218772196116674 0.010903844066239496 0.07234559610361861 0.0825044538642458 0.07258712874160526 0.02786283225069914 10000.0 0.03066808279401615 0.07596717992224664 0.0077314411260405135 0.08552243462210822 0.010378007571251744 0.11071268468335173 0.05304192910312633 0.024976653180421197 0.10423600611888179 0.055446265013219344 0.0772665391693233 0.06892007832195371 0.0746198884737021 0.060995115948720084 0.05911809302178596 0.08338886665665017 0.08582385684527528 0.08129826157645516 0.03248247973356702 0.0797712745505832 0.10728221999909782 0.07030843825432419 0.021508403794851593 0.05850536855964729 0.0643727201833979 0.09812934166232432 0.028629167560477183 0.09257509292783177 0.05917316012251535 0.060394708101461185 0.08697633990143624 0.048623410567275274 0.09481796017579353 0.04941143250703567 0.011664682622452736 0.07459186549809393 0.07536455051071606 0.05476462312153829 0.04664501130246735 0.07320087508745239 0.030284191556318917 0.03710838902575791 0.08811716355061602 0.04943370783687914 0.06741667421267496 0.03464214740393466 0.06645879956719215
 0.07781127002952191 0.07354543742920912 0.009385812571700071 0.06434338650073462 0.08236732242099835 0.08691782861783143 0.08471930531404202 0.011133171439959002 0.019029088305630677 0.03814944646451874 0.026327269036852285 0.02462855654864236 0.03100661610244806 0.055113433599457744 0.024984027600957855 0.04171740284004174 0.07440605128253854 0.0655624121994344 0.04172543733134273 0.03066808279401615 10000.0 0.056800670185474265 0.026134791815270893 0.07104774193888184 0.0207864491032683 0.09167623130185126 0.03191690655750788 0.010376509395131881 0.0811254907871419 0.025179379988390736 0.07708428771140774 0.048139294515098664 0.07518162255883112 0.031904991945662355 0.029521866843570756 0.07629863256424448 0.06113407566215754 0.07669674629363425 0.052998742534008624 0.08218021531845948 0.08971425568612436 0.056844530123790454 0.012023619954299665 0.06952613906663493 0.06914729217269108 0.07286700586273026 0.01010299918188288 0.07962714454603768 0.05056110954550027 0.04383153337360354 0.09303178037621643 0.059208868442800607 0.07358155281606286 0.024679515984330096 0.021335494396581736 0.08015137894784727 0.08131567819227788 0.05594695794421381 0.061987729046503334 0.07240952455784955 0.0382931750028109 0.008002176471293367 0.06338424345678424 0.06351132293139536 0.05493091326675783 0.02692885909398241 0.0538275048613666
 0.02505362537454445 0.06197367074696418 0.04842741448769519 0.014916016007336412 0.03221976189936511 0.03146669836369819 0.05126594265012342 0.062174753446453984 0.061693860621353805 0.03258662546222518 0.041974255761463304 0.07601494836971073 0.026331746105178796 0.07306223403208655 0.06518153570076848 0.05007012423904124 0.03158102149627605 0.02979811054998132 0.061502889613762234 0.07596717992224664 0.056800670185474265 10000.0 0.07630453864052099 0.017845559121051697 0.07070965909445333 0.03519822775045265 0.024910223546443466 0.06690087634268838 0.029955496955496454 0.044443066256720405 0.04815741183040051 0.009066522177546102 0.04858474240073275 0.06435590302364896 0.03954461557688025 0.0345924391072936 0.01931042082435376 0.03955339189212173 0.07309267797101285 0.05586961311436228 0.03291416853311416 0.014472772655928418 0.05702246480796754 0.06493598753786756 0.05367537886640981 0.029068682793125508 0.06685140872224356 0.026877352206949513 0.026080570577419984 0.0158220185441129 0.06960903038315036 0.060127792224653184 0.01922195956639319 0.03261755361294753 0.07306716924716848 0.06054277694901491 0.06193439173466288 0.04370707489274487 0.06886579416774516 0.04470448392778218 0.05456874272801205 0.05914597964247439 0.020671275852056768 0.06744415687026693 0.016983411334056984 0.041750630345929504 0.016913262224560053
 0.09310201736182291 0.07145536637942358 0.03485463937029067 0.07997952862225338 0.10517416478555258 0.10339559854601782 0.09038787835458126 0.0325660084931139 0.04168159209602611 0.04871415797973785 0.052388861631018024 0.0023032031551376464 0.05024327722672086 0.04261663718318157 0.014156460379250673 0.06766056040906764 0.08571249784807196 0.07589315956922095 0.03406401279208618 0.0077314411260405135 0.026134791815270893 0.07630453864052099 10000.0 0.08723963112252915 0.005797129787180214 0.11139945403264671 0.052363085053210676 0.01868251567285557 0.10360620892427129 0.051311765494874054 0.08207144737231613 0.06868917340063703 0.07953524462332094 0.054828501573842385 0.0554871982159351 0.08683298144580717 0.08452663368472048 0.08525502743347405 0.03991033532329299 0.08509594994862482 0.10836690688071571 0.07206058620567747 0.019600961314638288 0.06502736118431078 0.06992931820134989 0.09669509995914964 0.022167664773168144 0.09475146900065014 0.06184055736557809 0.06114900486435138 0.09300014957622414 0.05491283322103127 0.09473550860948073 0.04756802428316003 0.004958274459720542 0.08041938877656914 0.08126698673517956 0.05944061473229181 0.05363315718690004 0.07783133293081734 0.03537129375166159 0.031572360708674065 0.08682062712583781 0.05628433642318704 0.06935488701907515 0.036304680368769666 0.06834213727442082
 0.00728128815922585 0.05570295172671941 0.0635187567530247 0.007331838438271929 0.036459614829353885 0.016171210216299442 0.037983326172469536 0.07778644853311231 0.0783055932690535 0.03921421521121151 0.05930780546574874 0.08734369068154872 0.040092263970972215 0.0750892227160893 0.07463472818863337 0.0678943604033356 0.01749623002885945 0.02123295076416779 0.06603369515076776 0.08552243462210822 0.07104774193888184 0.017845559121051697 0.08723963112252915 10000.0 0.0820003571250942 0.028007421461639433 0.03971312398659467 0.08063075399761185 0.033757706127003156 0.06173437711748151 0.037347419350845776 0.026279295958284918 0.03873105724738438 0.08187260300323981 0.05708020559193961 0.02037273510324642 0.03347787054531081 0.0266399950787252 0.07577400454211303 0.044832151829008446 0.02291271566854403 0.015218437507018356 0.06898080328720534 0.06072975951072125 0.04747146621014868 0.03899296097330104 0.08113537823059852 0.009142856364690671 0.02751526938726889 0.027225173264599514 0.05801158902172137 0.058771992830370885 0.022787519044087715 0.04826027663923614 0.08469605590667673 0.05143978999494119 0.05271390169520865 0.041696553889926664 0.06797616955066765 0.035241370139598306 0.05963938865886798 0.07453000525194022 0.033913381840467736 0.06579474282178749 0.018158105647756433 0.051027962010887794 0.019078281707105484
 0.08798881267429276 0.06911647019913958 0.02924914374028424 0.07477562362436654 0.0994046534540729 0.09816939451342636 0.08670517584910567 0.02822590361558456 0.037371881933246906 0.043843866117645666 0.04687775120155439 0.00534927669127435 0.04456888758508092 0.04239265107169315 0.011277425232240519 0.06248011940010656 0.0810993364291434 0.07136023418634568 0.032204558512226346 0.010378007571251744 0.0207864491032683 0.07070965909445333 0.005797129787180214 0.0820003571250942 10000.0 0.10584704206328112 0.04663516572241475 0.014631638539453458 0.09785036742533883 0.045890079364506786 0.07845176877710529 0.06300211081399301 0.07600860579579007 0.05062075823424891 0.04992036259590817 0.08233913657286929 0.07873371673874834 0.08105653909146854 0.03979601947381968 0.0818775794789966 0.10291295872863349 0.06686565387361967 0.013844010812700818 0.06314223270877296 0.06698328688212203 0.09089849216383442 0.018305419358280752 0.08966417764956307 0.05705275396186807 0.055678688046887526 0.09041366217078957 0.052825793479475594 0.08905012234243512 0.04177090832953379 0.0031773153849094338 0.07767897161773472 0.07859773076011412 0.055844795141200894 0.05250187174200609 0.07410140086056279 0.03241818934962638 0.02682191779946417 0.08102745603130992 0.05491596325631323 0.06423496558881418 0.031285474405687214 0.06320502472638607
 0.026739601371063355 0.08257862595211946 0.08297287664444299 0.034696313129261386 0.02136441019247827 0.018082587682573772 0.06051772095103174 0.09610317532956028 0.09427960297495155 0.0654487594355912 0.07350300035242371 0.11116600110282643 0.061525783885052206 0.10300175024791601 0.09984289546235343 0.07584879852590855 0.04230678013367059 0.04872050997223227 0.0934099153390466 0.11071268468335173 0.09167623130185126 0.03519822775045265 0.11139945403264671 0.028007421461639433 0.10584704206328112 10000.0 0.059969933732783746 0.10189276072475525 0.019637799109744628 0.07598591934867117 0.06241761077246845 0.04354781195164394 0.06438985203894647 0.09419221419226273 0.07043747620658222 0.044408631025757636 0.035982494164421626 0.050992944922964814 0.10360323394639463 0.06917962398445267 0.0065266005679433595 0.04179253161559393 0.09220393628109405 0.08821502975026049 0.07457965947828409 0.03166272542410344 0.1016380268305241 0.026511920887854916 0.054987886376405816 0.05034465969462553 0.08103437984134405 0.08674358056385492 0.01922866119268163 0.0671203886824895 0.10824411675874776 0.0769359190585535 0.07807575647015716 0.06969204686223587 0.09595322527315722 0.06136802320696982 0.08679838440391084 0.09332370092342486 0.034603947584709305 0.09371452818292343 0.045045859678088204 0.07614565103364426 0.045759178353377894
 0.046747939117592986 0.060256725190015195 0.0238560492650145 0.03350450214725467 0.052946365102404074 0.05526696053262433 0.06117682308334168 0.038074325134258194 0.03918751490163696 0.020117230991399445 0.023048772031227727 0.05184144863716647 0.00325177035244335 0.05867202597726568 0.04270771714743047 0.037931423397872484 0.04628825705568302 0.039217042821620716 0.044996843638088806 0.05304192910312633 0.03191690655750788 0.024910223546443466 0.052363085053210676 0.03971312398659467 0.04663516572241475 0.059969933732783746 10000.0 0.04199097722760028 0.0512903041858985 0.02502769610533376 0.055052769215721456 0.016509417725134642 0.05409346542129719 0.045098610009156534 0.022362797558668237 0.04872879440159623 0.032971666041361924 0.050964812191194475 0.05786107118722098 0.06183752362839285 0.05781187141670725 0.026751626930691816 0.03279668179583155 0.059909351759774035 0.053199932790019555 0.04532784412413153 0.04199318356020551 0.0486051710942476 0.02586569862385051 0.01324650083536485 0.07484710596858597 0.05180202297551295 0.04248914264465815 0.008798565871046236 0.04876489806723613 0.06306432645232225 0.06444243292844738 0.039781557728096516 0.05876901141653126 0.05049873466382628 0.03822578283526691 0.03482678217710805 0.035248756270952135 0.0585504330763478 0.02574365316284965 0.02171023073309054 0.024687379303007413
 0.08724314744957697 0.07780776061835688 0.01968378598842791 0.07376652073483826 0.09273776625766428 0.09662662057130816 0.0916685596076549 0.013888730210218149 0.022999639883141066 0.04577403724229101 0.035730633605296845 0.01669276132135601 0.04083173031867082 0.05502359397915536 0.023102812042872258 0.04967186970095183 0.08286257101450016 0.07366711324874022 0.043008874082583644 0.024976653180421197 0.010376509395131881 0.06690087634268838 0.01868251567285557 0.08063075399761185 0.014631638539453458 0.10189276072475525 0.04199097722760028 10000.0 0.09150178194823483 0.03424887624891372 0.08374742452500082 0.058345203116673176 0.0816241456575888 0.03617144111139942 0.039082178939853524 0.08456640740068083 0.07148926322656253 0.08442095309973978 0.05260548535181437 0.08824402371661197 0.09979163613732599 0.06610903100906718 0.014543889029886452 0.07285674905145922 0.07433501624541924 0.0831698198024134 0.0036943141736627797 0.08903290654204078 0.05871212941722068 0.05342718970877462 0.09823020898688019 0.0624018141101635 0.08390677982347367 0.03501964579110721 0.013757494670468865 0.08531787666784485 0.08638860137513918 0.06179045529471081 0.06371622624101733 0.07915197113096002 0.04118038888505498 0.013233792081806896 0.07373455505056836 0.06570607488466446 0.06398523853268609 0.033576691920189215 0.06289105428848649
 0.036677464573772384 0.08868744984441446 0.07189557661029346 0.037694164441601175 0.0027047437754540065 0.032898839850573874 0.07134793146064076 0.0836406616904124 0.08037137923974927 0.0625097518894158 0.05949433156642317 0.10299393066702335 0.05365826469769489 0.1029526019697102 0.09370356623486058 0.05871598722683837 0.05111444826921638 0.05429605247285264 0.09143604905038201 0.10423600611888179 0.0811254907871419 0.029955496955496454 0.10360620892427129 0.033757706127003156 0.09785036742533883 0.019637799109744628 0.0512903041858985 0.09150178194823483 10000.0 0.06186646420245272 0.0711037954120143 0.035423618250254786 0.07242926065015681 0.07833317377171936 0.05614529174619589 0.05386000110731717 0.02046937813823564 0.06029887255990443 0.10303083016563157 0.07857841781874121 0.02380671723901386 0.04218703997820458 0.0840087921273228 0.09286922066760273 0.08033942977767584 0.012410164744914918 0.09062277426745567 0.03743047032808153 0.05526085851753835 0.04548246874793495 0.09163653773512677 0.08920501442886435 0.011541873687898906 0.056647348711463735 0.0998508998431849 0.08511059458867173 0.08640476411109371 0.0723088469694726 0.09816282114878937 0.06885716030474638 0.08448600418703173 0.08129975923626435 0.018433108593403875 0.09648818215475738 0.04533408026470173 0.07091700958763268 0.04562468218681834
