NAME :TPP_input_24_5_5
NUM_VERTICES
116
NUM_CLUSTERS
24
Full Matrix
 10000.0 0.0752333384130422 0.0601635630820421 0.07205008035349154 0.04179859416516798 0.048508178931012114 0.03950017703376758 0.026224635048197054 0.005251776375143243 0.025946243299911676 0.03933759591646824 0.030600925232907625 0.035492503966278725 0.037903882110614955 0.02419017812018355 0.05406429497889749 0.017199032857505275 0.06898960911684361 0.06510495210064746 0.033536534040687904 0.01257035250697638 0.07089355705925102 0.07107029684008351 0.03629382973127945 0.027881909120430218 0.05624347907361297 0.025857879656224485 0.046177569856187616 0.04356796993018682 0.03880421621589961 0.0713828878631506 0.026405192546048617 0.06429166428773087 0.036755847228835854 0.01386672632285348 0.013491334320397631 0.03455859068531013 0.05180350845558902 0.057890020496565636 0.05486587487760714 0.02369471249016955 0.04336174631488072 0.047079757980162486 0.016387235652643693 0.026431238305990614 0.06631001950490009 0.012803919897231689 0.019179998137934383 0.0199427813274924 0.03430405633771449 0.024956564793985607 0.018283068879778493 0.0634777483530116 0.011103542529675827 0.07953085236157606 0.026342083082356298 0.015459877849303241 0.07868341568862937 0.014876230872168827 0.002472815933914629 0.03170435388669423 0.08247348931492289 0.029428488711574666 0.015420503518277713 0.08105227824242954 0.0383629077409837 0.06499861009933491 0.037492077045444404 0.037021644707704596 0.013050341637854386 0.03858998570206441 0.057468861290069555 0.03191076016294428 0.09414616967292508 0.046056636534003534 0.05532059117201078 0.03374474370386473 0.0359242210611039 0.017942970876406675 0.01812106034808545 0.019933643517415715 0.013819415222712544 0.047573861988169486 0.013494871927242264 0.05749232980190826 0.024490226636029813 0.0585968986258586 0.0739601233360529 0.021195245054903958 0.0036994256496872143 0.017667802502170853 0.03158172866327204 0.04467836523452465 0.03888761251567998 0.008333399232926858 0.03233922105968493 0.02648978726149117 0.0682808493200752 0.04275875646171352 0.05053469035608242 0.07645835200174644 0.042477196538891926 0.06432596323912512 0.0006212973072704693 0.017287752942414636 0.066782114203491 0.04702215761375705 0.026593112560183575 0.03171997293633661 0.07305946646937576 0.08885123766002215 0.026708796304702593 0.05002293613516141 0.03476923618030406 0.04675915192576577 0.020168661023237652
 0.0752333384130422 10000.0 0.029461368529840746 0.019633229496552454 0.04092367617462033 0.0758437471969415 0.06506846030648965 0.0714596257053109 0.08011899625868821 0.05992543683449577 0.06629071919011137 0.08376830155612901 0.048200304679428374 0.04086759339156066 0.06541792592210305 0.027009407459993952 0.05889175915576274 0.024359144822127542 0.03416158606897992 0.08803086856649835 0.07354615573359327 0.030109796927805785 0.014607463593766488 0.07712803980228186 0.08671247445285651 0.05472258416928375 0.07693393776714771 0.03437572782905401 0.042944102418585615 0.07200372881752895 0.06276431357057377 0.0549390067397913 0.07808439674298825 0.05883790416009351 0.07419178038451152 0.06190608519750461 0.0811140992950085 0.02606595779163663 0.021917737887168505 0.022988237378132517 0.09867215760036267 0.06711460383560304 0.030638986654794847 0.07814200862621028 0.05179510959024931 0.024145879824691636 0.07752246125430874 0.07377894820541075 0.08303545203758754 0.08567737777830779 0.09042626562038131 0.05799419096986917 0.0145160610015804 0.07525280510175686 0.011127790059096698 0.09535838374739815 0.062370048499126876 0.023527773653869197 0.08859862928936997 0.07601070768143268 0.06631505582482894 0.007800190474798462 0.047388536583753506 0.08838307298750292 0.011350637441757851 0.04931014282036466 0.06460079868506526 0.1067501493521056 0.06427644339859567 0.06617669763757969 0.11082831479586117 0.07320867589536613 0.10313963036773124 0.019104148504585673 0.030440081033856668 0.08173233672701297 0.08671769904387426 0.0755824190287976 0.06090879734274807 0.05712054491060241 0.09030898404779361 0.0706117092549524 0.07008124577920238 0.06346346361125232 0.06884458882346715 0.09779119180147236 0.07178346505553507 0.04445266402716481 0.09182959097799345 0.07876033074773069 0.08503356897129792 0.044294282073055045 0.05018363506011506 0.03809085335099742 0.07961523467361402 0.049643543135810195 0.0535344784760564 0.01825440827208004 0.07252912047693126 0.06826091756677055 0.015041154886800717 0.03971652249659012 0.018480931262389692 0.07509481109807492 0.08074472132618013 0.011036386701068632 0.02822690671346772 0.0500985326051929 0.08005065359127113 0.04282533281995252 0.015546520972416251 0.08092982603488005 0.04502362279579552 0.056260247279612825 0.030994617349075406 0.09108650947287408
 0.0601635630820421 0.029461368529840746 10000.0 0.014078043526469323 0.018505788458405056 0.0796474804163256 0.0669286687472709 0.06702208497177302 0.0654151137965187 0.05546560342324523 0.039213342032465695 0.05927534335660347 0.025695706665419697 0.022480165868656282 0.04288121682123174 0.03651957883824658 0.04308294764388588 0.009400865025852223 0.05179206356990598 0.06322478304894238 0.06339938403258068 0.010935703112386376 0.016360472983557927 0.07587910794635404 0.06326780316777737 0.02526786963003614 0.05329415740330688 0.03836523282121267 0.04713253698921799 0.07263848226571129 0.034597680003179664 0.0497204939310432 0.08745542679741655 0.03286074789349023 0.05427162041893272 0.04891734001207221 0.07838578652383942 0.013726030344493422 0.03393835355952483 0.031357184247413836 0.08133858873378601 0.039207076580572 0.016055647271245477 0.06889827695472239 0.033736356158146824 0.007205010915549701 0.06699500074077315 0.06624462417685356 0.07410148581544447 0.06043684665942836 0.06849540840076641 0.04196886182880812 0.016075380143335333 0.06438929448574572 0.02574098301643246 0.07417827351990511 0.0449360119732274 0.019222813825380873 0.07495719844007374 0.06003064424760162 0.041224637241967704 0.03662847656956693 0.03114405102168717 0.06994103403595822 0.02735714054583885 0.02466634677551181 0.03541207116897351 0.08469977945025296 0.03781756528677185 0.05570241512984735 0.09012072116312937 0.08104299809222129 0.082324994487831 0.042755875819960765 0.018605670708920993 0.0868846257113536 0.06171632661054516 0.04934880756107433 0.04268807318419613 0.04360540523873339 0.07030522706807085 0.05107860601893943 0.07459198524991972 0.04673425015413379 0.07756081530170157 0.0786852692078342 0.04235542362626259 0.020427858252078098 0.07176139993051935 0.06385569989058015 0.0646136667713244 0.03665935621599111 0.022731408497277006 0.03525354909710852 0.06682525735699596 0.04710246108847096 0.034026845609578776 0.012213259866355141 0.044818381817581944 0.03931571050533497 0.020373397672527813 0.0422491551247047 0.010989303600399241 0.05981113260817126 0.059871097699089465 0.018791587668590674 0.024638034477340285 0.042129406589216045 0.0764362055032849 0.018798495634014225 0.044538852396121535 0.0751699263580582 0.05340037199076819 0.05628813250298578 0.016200700853564384 0.07932064454556459
 0.07205008035349154 0.019633229496552454 0.014078043526469323 10000.0 0.031498560837266903 0.08478051044845338 0.07262338935782078 0.07527961414514324 0.07726408034786705 0.06342992455031857 0.05326281673019302 0.07328780799769605 0.039014048879786926 0.0342414866815015 0.05651318328570444 0.037191649275543276 0.054853712744783005 0.005474224661402516 0.04966421179753115 0.07726865928849565 0.07370472648989393 0.010557374864736215 0.005252353772828141 0.08305021442676805 0.07717493609538847 0.037853622504286755 0.06718902059798287 0.04178648234726776 0.0510812090444875 0.0789764150408374 0.04371810697015766 0.057787211498673 0.09022502592227288 0.0469182126425246 0.06743813173854753 0.059889135483306405 0.08618929678233374 0.020837557846937277 0.033090054661080705 0.03185995680295806 0.09408844792886036 0.05312187035058471 0.025217148140161395 0.07898294933575396 0.045957570632793376 0.0068885986753853285 0.07749783508512152 0.0756611850446485 0.08415897025183317 0.07450143621738267 0.0821894945988885 0.05377997826388525 0.012796152292152143 0.07496339089725447 0.01242256462854508 0.08776107731282401 0.057270170649484975 0.0072773036465013366 0.08659431526010755 0.07219206009227687 0.055240224068346416 0.025339451810455497 0.04262221149189181 0.08288876137538939 0.013918432118766248 0.03847484170806821 0.04639161382958264 0.09847143494839641 0.051895536447065724 0.06595858364845684 0.10367678503433718 0.08441741622667369 0.09587285769627353 0.02917634394864839 0.02684248620722079 0.09154946567475615 0.07577024954429842 0.06342575048615014 0.055210713444644226 0.05460485941945239 0.08362488426228848 0.06410991352747303 0.07932264705305583 0.0588902351899235 0.08046935847302324 0.09185312480552868 0.05487348542223969 0.02484271352000135 0.08510424206438708 0.07574511697967948 0.07798661420815131 0.04505605573492415 0.03679993513023391 0.04147467379264077 0.07808701167360965 0.05395866376019857 0.04671834520491263 0.004245677442397568 0.058753382946346605 0.05272288297148218 0.006585063650208335 0.04663209279283572 0.00841446579313407 0.07175824368654261 0.07330759891633752 0.012507856043637222 0.02982953043095403 0.05096934229928083 0.08455360523851987 0.023233560822026558 0.032917910486487095 0.08408614363849093 0.05577223731000018 0.06244131951460435 0.02550725159254527 0.09040926586998407
 0.04179859416516798 0.04092367617462033 0.018505788458405056 0.031498560837266903 10000.0 0.06739071250710382 0.054494063207768416 0.0515981913733788 0.04704738496030223 0.040826891754555956 0.02607190178396852 0.042994808813135985 0.007599802393940386 0.005894752467539182 0.02523264532079379 0.03432061219439694 0.02490317113367922 0.027671923464458622 0.050785156252857934 0.04720420915113246 0.04604438548655632 0.029103721527991767 0.03187926499746658 0.061395099832800726 0.04632233102637349 0.023588960403126052 0.036384990805938856 0.031949431338105225 0.03855090582847353 0.05920238614299415 0.038648352607932035 0.035294126210768356 0.07779498329358134 0.018204265749442276 0.035958397276971206 0.03125491711167176 0.06315921372919829 0.01500000865175246 0.03435949060930425 0.030763380021293286 0.06286196898400719 0.027748903199182766 0.01109941734844017 0.05164980142861116 0.015404957556624955 0.0251261415819147 0.04943086423296021 0.04964785463315871 0.05680999751391254 0.044775882208446444 0.05087199412435775 0.023778013251159715 0.026609228526328035 0.04680101116786536 0.04127470090995865 0.05633293828636063 0.02647178720318818 0.037523970064087066 0.056646171148780816 0.041575723188299704 0.025391392031646084 0.04872017751157693 0.013655049366490065 0.051518295788337415 0.04291476785711878 0.00853184479456273 0.03556741013940811 0.06722264349219409 0.023714962543225755 0.03853637414663576 0.07222084785129544 0.07086474516087804 0.0644176998406542 0.05776733313582596 0.01281726896367604 0.07495886567460146 0.04585064388370444 0.03475861940041325 0.024190530708430726 0.026054410502751417 0.0521266636161342 0.03267825748550673 0.06300324207067391 0.028320818117601197 0.06810149620889573 0.060385233206008 0.03718071703969151 0.03369322332596095 0.05360568804910668 0.045477426884669415 0.04649035097354074 0.023103867863797426 0.0122715600389656 0.025344343979496933 0.048739277879876676 0.0345001002881199 0.015522191975265946 0.028316450933897876 0.03267561776709852 0.031058417656640833 0.03693012590197635 0.03375118765826885 0.024992538834176396 0.04142411899917465 0.04182584980513534 0.030237450319264805 0.020034954350342367 0.027278180273486725 0.06092511919794247 0.032503121077834825 0.05639240439627024 0.05888450973180351 0.04625115401666136 0.04387467329584381 0.010791031773601602 0.06126652039585934
 0.048508178931012114 0.0758437471969415 0.0796474804163256 0.08478051044845338 0.06739071250710382 10000.0 0.012905612354960785 0.02228428135157886 0.04840788967501342 0.02783883171294218 0.08081689902234798 0.07864125412756802 0.06604246366700774 0.06149598186501669 0.0665104849786384 0.0490631218647295 0.05088567127623189 0.0848648238479198 0.046100923298142645 0.081895810903982 0.036017418392466465 0.08965352990097418 0.08097552852504887 0.013298942113121916 0.07636410959944431 0.09007564575202297 0.07288212793939998 0.043055480828540334 0.03376570232133322 0.009798384796124868 0.10571709742302399 0.03260874073236931 0.01636042968047752 0.07480304647545338 0.06113157434390476 0.04425128736205951 0.017579793973379935 0.06615623745872785 0.05405303682940395 0.053855599902658806 0.06311291243641581 0.0846608251442205 0.06372971379476904 0.033901865215169746 0.05699216360939835 0.08231832317588691 0.0371279412699037 0.029522602595280594 0.0339316822863148 0.082338890673848 0.07308881244048122 0.051522053464470724 0.0721775547896934 0.03782473262995527 0.08532666402189198 0.0731455298330115 0.053941375997170124 0.0919677753646462 0.048104828858122305 0.05098086009494671 0.07401620297323817 0.07998716367108522 0.05531028485551013 0.06146031180093623 0.08623849499598685 0.07028664790032225 0.10150985254546631 0.08270646197135703 0.0778505613996038 0.037715471880019114 0.08081340011164291 0.010818543889455613 0.07633645886399883 0.09309717984458461 0.06107315277649744 0.007652371050080611 0.08195734815274805 0.08137639965767822 0.055813977148247096 0.046701628883520266 0.0669578574235569 0.05941793167990735 0.005806026801393962 0.052263041433719154 0.013671111480414545 0.06792469826745005 0.09917105955377768 0.09937041268059123 0.06786478782749641 0.048653008356541065 0.06597053291759322 0.04432488951992767 0.07733682384109407 0.044395503487911075 0.04326897568899364 0.03300968073152179 0.05941713327257376 0.08058087463285585 0.08623603045281843 0.0912025787083273 0.08563537773472527 0.038156277399015004 0.07659939750662946 0.04904090309391401 0.06573519912927697 0.07370338697610697 0.055520689436789485 0.04046850113180178 0.019645051596469534 0.09789395102392401 0.08269055337240594 0.025302517621148487 0.030934678015013983 0.023602306412632966 0.0636382251060224 0.044082494838476434
 0.03950017703376758 0.06506846030648965 0.0669286687472709 0.07262338935782078 0.054494063207768416 0.012905612354960785 10000.0 0.014840157143763343 0.040558857838617894 0.01576732396812216 0.06877235500087635 0.06847669524670233 0.05330649476624569 0.048599677541318234 0.05493120458883863 0.038059329555915046 0.039033537809496005 0.07243522003032248 0.038463669028844766 0.07202684703065448 0.027786514516306305 0.07707291670517033 0.06904392561527677 0.013097197188598721 0.06680608238258828 0.07727216839195945 0.06226651405398001 0.03126690811002439 0.022189288575927304 0.0070814385380464865 0.09287431256882572 0.019978787455056112 0.0256985437500408 0.062452662322716145 0.05093765812857768 0.03289577928117791 0.018024571217831645 0.05354092675496232 0.04315246915490129 0.042461313024221355 0.05762412819931854 0.07253388342447058 0.05095333716207735 0.02755463430041219 0.04447670361037237 0.0698452593185942 0.030045445541165696 0.022158847462796345 0.02950837296835325 0.07212371918731054 0.06445670437321446 0.03956303652958001 0.060185794820917383 0.029922610244815344 0.07399637318194602 0.06540065819809318 0.04244457399261891 0.07986153164019384 0.042626809327962756 0.04191572750604277 0.062229041813892966 0.06987866979248256 0.042564012033908805 0.053837676863893416 0.07501310656636352 0.05755871420720654 0.08878143676065454 0.07582696301530754 0.06576660256958396 0.027334761618676057 0.07506919286175638 0.018548890241753734 0.06968561796814358 0.08303346218149507 0.0483286041735872 0.020471179316888872 0.07190786389683075 0.07009112385418821 0.044099357866907676 0.03467184349493486 0.059025909170029936 0.048799529048607855 0.009007560858982017 0.04095532051282792 0.018008474603373095 0.061423573257820295 0.08680178295708586 0.08653336174756154 0.06011786481221557 0.04044275175868765 0.05716120965982259 0.03142005845599186 0.06456811991440957 0.03172610981036997 0.035956378638028835 0.020111913385621908 0.04699876978077136 0.06839534723901826 0.07443582977811433 0.07891603266785475 0.07387547746889356 0.026110836576498916 0.06434429054633536 0.03995477745743402 0.05621492365890029 0.06195687058157943 0.043059831639566545 0.027693563285838142 0.01830087013728109 0.08506985601761649 0.07339313944735136 0.022306295151900395 0.021556984801244346 0.010714572827721954 0.05085110381561737 0.04026089866947552
 0.026224635048197054 0.0714596257053109 0.06702208497177302 0.07527961414514324 0.0515981913733788 0.02228428135157886 0.014840157143763343 10000.0 0.026392112334639267 0.011865178234257529 0.06041421336363238 0.05645720902617011 0.04840507722385194 0.04593484619366314 0.045507736263757884 0.045251442787565085 0.03076995265916863 0.07400846803205942 0.049995046117600916 0.059641297917364874 0.013779277490631058 0.07778805111880338 0.07253975579564097 0.010843598368858984 0.054082819854236186 0.07240157556040887 0.05090804477278627 0.03724824163280725 0.029935471058979018 0.012607305065338135 0.08821779631326067 0.017502762658165565 0.038181767666224414 0.05525369057637308 0.039020199669177295 0.02355094035375566 0.011564727408275884 0.054779902637574374 0.05021234590395161 0.04851345297046986 0.04280830145189189 0.06438903710636916 0.05115750666058568 0.01272795494774365 0.038542464951650944 0.07128295857408858 0.015412527613525679 0.007509443802017033 0.014959183450834936 0.06016200546805083 0.05090309271592133 0.03161330065919798 0.06376888898058146 0.01569879394060209 0.07897146580373247 0.051282461148128816 0.03308205061488313 0.08253069081583456 0.027788990145431552 0.028697169417965344 0.05322576431972406 0.07732078072967123 0.038203608735679705 0.039616750192841124 0.08020556598343966 0.052466375401101516 0.08314515056405165 0.061357082242269594 0.0575698986671612 0.016160491429732148 0.06031222708363869 0.03153332382193306 0.05512635126199539 0.09027099414490058 0.04893304600107249 0.029226227175873032 0.0597370957833308 0.05986272883744147 0.03525671865571747 0.027220632465245264 0.04499229734854937 0.03754350324390118 0.021727026988847795 0.03118321604003843 0.032126875163793756 0.046798583714633954 0.07936569767106172 0.08513472501161876 0.0459848187196219 0.026506833080805852 0.043734331724059654 0.03047076419260213 0.059624002592202546 0.03416002874622549 0.0214781738991014 0.021893237732605438 0.040492476233442674 0.07106078718993492 0.06533638484915054 0.07124542890492373 0.07775256082961146 0.03198503865802266 0.06686908651191413 0.026756628451737176 0.043457431240138886 0.06620993921027966 0.045672667890774496 0.024899076771080244 0.009416504549740006 0.0838436672613145 0.0819578828106365 0.009589411810236025 0.03278039821044284 0.016368764113749566 0.05096126497603162 0.025650569320035076
 0.005251776375143243 0.08011899625868821 0.0654151137965187 0.07726408034786705 0.04704738496030223 0.04840788967501342 0.040558857838617894 0.026392112334639267 10000.0 0.028364443634591806 0.04352463866142151 0.03252653150308954 0.04069561070523814 0.04314253404352143 0.028647871801898078 0.05832593790031399 0.022426946012173616 0.07423262848600436 0.0686517666017365 0.03494035592771681 0.012776060737707018 0.07614407810425221 0.07622797254177749 0.035630932626056204 0.029020777325995187 0.061070807065469905 0.02872157183060585 0.05030468832933896 0.047011058508823415 0.038938881893292414 0.07604502311175737 0.02972637384773466 0.06452599800000852 0.041472495016785314 0.01722520917588557 0.01821768932194851 0.03320282084618121 0.05695537391955221 0.06231805338030189 0.05939563258557597 0.019435485147041905 0.04750347997582868 0.052251075384137605 0.01482107975779537 0.03168298917783092 0.07155014949898247 0.01135124987337833 0.018935385423358327 0.017177466946660617 0.03615987190161687 0.024773223083806018 0.02351767383465666 0.06856012966432089 0.010705828278579257 0.08462266229546866 0.024903681496091085 0.020673205426230985 0.08391760438276519 0.009671682504263784 0.005989541355680784 0.03591879682179436 0.08728481900119539 0.03464304793887044 0.013281235615350353 0.08613387689511524 0.04349169356570272 0.06950697114705245 0.03534155541382914 0.0413665829540631 0.016021416561325195 0.03545081744898149 0.057925426013017235 0.02935677804800349 0.09908528261570157 0.05117239919209864 0.05483187725459032 0.035390617346295956 0.039206493590526845 0.02312726726449189 0.02310761005021436 0.01860069077803123 0.01801145697022117 0.04810272642791191 0.018735383114079466 0.05836554527499022 0.021379282197513623 0.06264350721431858 0.07909717865836009 0.019606830872767052 0.0015865511575065816 0.017896733095688885 0.03618097700023798 0.049701731055442504 0.043325524792587694 0.005358288939706835 0.0358389706968336 0.031713659249917654 0.07347625657746414 0.046468564020531504 0.05466812327361247 0.08162143857638517 0.04633035997781427 0.06950494346962748 0.0056341293320261365 0.01890321790194978 0.07183304143408045 0.05189214349680329 0.030917638553125792 0.030405329639777816 0.0782164136519872 0.09354105358768548 0.02496929849225713 0.05301954640540414 0.03712351695717174 0.051933382996348865 0.015358577454520014
 0.025946243299911676 0.05992543683449577 0.05546560342324523 0.06342992455031857 0.040826891754555956 0.02783883171294218 0.01576732396812216 0.011865178234257529 0.028364443634591806 10000.0 0.05308122113172542 0.05326422080246464 0.03856019238110435 0.035016071724532846 0.0391686136137751 0.034249730040438395 0.023270541410062576 0.062241898705608055 0.0413103100024464 0.056986450798992346 0.016698011913737983 0.06615123058202757 0.0606759176609592 0.020608929792258885 0.05203510363307886 0.0626949313387101 0.046822315637568314 0.02605942764249609 0.01996058975444009 0.018729382743812823 0.07845509350266806 0.005745833302674005 0.04143340748926039 0.0469642194592768 0.03586397349840461 0.01726591922829444 0.022940071304723267 0.04299822581833794 0.0390634388378854 0.037095852247606344 0.0472538892772255 0.056883073165864564 0.039502639316935595 0.0195206679276554 0.02922291138498953 0.059526122963416576 0.020283415645420307 0.014342901335036738 0.023797935643761512 0.05685968362222963 0.05050548782917199 0.023820359879870672 0.05191203354314245 0.018928393199037656 0.06718622163272063 0.05228670501070896 0.026709242032805947 0.0706862621830317 0.03331221749345547 0.028168493241269393 0.04646900209589665 0.06602122135533395 0.02794000093715474 0.04119038487950243 0.06844182831715936 0.042764935273183736 0.07391405250712867 0.06336735584965751 0.05009134689711146 0.012932343844023397 0.06381214135715836 0.0342551570016492 0.057596803878312584 0.07885635326966799 0.037202953766155074 0.03547314180819098 0.05674840787516464 0.05436471347649349 0.028332309370096884 0.01894526145221816 0.04587979910036201 0.033448643925415994 0.024754529255655966 0.02528747684704816 0.03319593353476319 0.04974010642412895 0.07133233491879326 0.07402182921007497 0.04713333247839236 0.02780220689513608 0.04318614378102155 0.018809385881784567 0.04989015904001784 0.02232747592154379 0.024922864062910943 0.010301669086670984 0.03159264687324868 0.05920722165586021 0.058680996598715895 0.06337239851305881 0.0658949547857585 0.020988797414315963 0.05501741159017742 0.026283175189071608 0.041610664554456334 0.054385571600794956 0.03380932598694911 0.013595995904999908 0.021141010645680105 0.07267499748042797 0.07100761582817816 0.02106384024466242 0.02487889673322989 0.008826128129946568 0.03932165662231703 0.03338979439437491
 0.03933759591646824 0.06629071919011137 0.039213342032465695 0.05326281673019302 0.02607190178396852 0.08081689902234798 0.06877235500087635 0.06041421336363238 0.04352463866142151 0.05308122113172542 10000.0 0.0218859015697735 0.020349540440829057 0.02878103837955841 0.015324175051671263 0.05911503632861427 0.029948375972287746 0.0482224975773491 0.07522839999635036 0.025163721429469647 0.049531526856050855 0.046724149650862266 0.055245519992176424 0.07124930848176018 0.02699671840221364 0.020969517931772784 0.01828246583450955 0.054964677231256566 0.059193969482600466 0.07132740240047405 0.033620948351932696 0.04904652338543494 0.09420752756654786 0.008073216429691308 0.026586253388439757 0.03690198027294347 0.07114996387586431 0.04090378675933405 0.05990254444250748 0.056235384349467385 0.05202909726489772 0.004050973404656741 0.03716708327104193 0.05469487988758647 0.025184327466209626 0.04637438974929581 0.05137828893994934 0.05540941762414287 0.058981864193275196 0.02204865738688186 0.033900415378853306 0.02929523498422002 0.05177786208739521 0.04906566967519308 0.06477750121317247 0.0400517567683262 0.027345252941097936 0.05746714751231896 0.052423258412607546 0.037655614567996855 0.007633242590231154 0.07401330220063576 0.02877922108221948 0.040708883945657345 0.06641574910915923 0.017596786300477556 0.026468478747940637 0.048636119038003314 0.003052830040683996 0.044337904612544304 0.05535509952426852 0.08701157942318022 0.047959411202802386 0.08175411367881297 0.038684805091339 0.08839350466332939 0.02351958057619408 0.010474494022979026 0.02517756847085558 0.034139129130465816 0.03847411643233249 0.02556481754419247 0.07777989856387489 0.02931564319727915 0.08529523158276703 0.04708234868464542 0.019320069233239544 0.042795496701997844 0.03961046830582946 0.04209227403550845 0.03309164638551547 0.04140293391071178 0.016502344549588537 0.04692541528262284 0.047670502626431376 0.051346925592052464 0.022351498130561375 0.051206431714985255 0.006737804833902683 0.01120407841040093 0.059576094741653665 0.05507975952868081 0.048846272472966495 0.038738555917400094 0.02858519639731634 0.055321307590132665 0.0453001615872862 0.042254773787777054 0.06842496642106828 0.04259583497026111 0.08183721814215994 0.06443337129952952 0.06731314421406472 0.059462534529181724 0.03685365049298094 0.05878190414249583
 0.030600925232907625 0.08376830155612901 0.05927534335660347 0.07328780799769605 0.042994808813135985 0.07864125412756802 0.06847669524670233 0.05645720902617011 0.03252653150308954 0.05326422080246464 0.0218859015697735 10000.0 0.03557611354094921 0.04317406096058993 0.018810183668312486 0.0707836070361882 0.0321826912190778 0.0685962181707908 0.0854301412777271 0.004364703241500586 0.04310003152910546 0.06782348645463815 0.07451113295406397 0.06681505966176211 0.005637482425764443 0.04279277686506083 0.007287875914097568 0.06465949182417209 0.06594257528162653 0.06885088106419274 0.05406505322880221 0.05128263429788083 0.09395846037674768 0.026481962045173987 0.01755971861929528 0.036181100337908965 0.06514742244445369 0.05770240414314521 0.07292074885773406 0.06929726311989245 0.03353952092843828 0.024295618830279513 0.0532066489189046 0.04684549992466944 0.034011467243106476 0.06646823095100565 0.043245422109735226 0.049706349351235295 0.04970111954213529 0.003708702192746267 0.013248058533447344 0.0322947900081627 0.06958616743031323 0.04170293718444883 0.08402716779245001 0.019188220172343187 0.02784117871940005 0.07818838390674182 0.03893924919529339 0.028188692047971548 0.018050906964452076 0.09156574007532872 0.0387596964977802 0.02390973856159198 0.08567529278042797 0.03500855590859455 0.046452182118631426 0.02676697572054311 0.02209311146981686 0.041189108012119155 0.033703190642618605 0.08693049758535784 0.026597427269159823 0.10070852975303626 0.053848238123086735 0.08568148917902428 0.0035457629472192475 0.01190462939041101 0.027425230969451948 0.036565167253017526 0.019690328735070598 0.01984029702615245 0.07708366520557051 0.02858052516292485 0.08634938270687266 0.027421363052446815 0.03635634828383614 0.06467969538606444 0.020357515648735426 0.031623332375234535 0.015916162722348855 0.04903354165925004 0.03697879473382683 0.056195148193579327 0.03777790678053965 0.05573050336893942 0.03150382596620664 0.07068739516375538 0.020069255939339607 0.029992391345582726 0.07927736363832459 0.06298833177267794 0.067747595652275 0.03001187766448537 0.01362359214116655 0.07321713005694058 0.05878584692856524 0.0470937832143143 0.06231001587481586 0.06445992337355107 0.09910537960186191 0.057179139966900716 0.07370743557013874 0.06147796300103827 0.0528546442332969 0.04576095404511277
 0.035492503966278725 0.048200304679428374 0.025695706665419697 0.039014048879786926 0.007599802393940386 0.06604246366700774 0.05330649476624569 0.04840507722385194 0.04069561070523814 0.03856019238110435 0.020349540440829057 0.03557611354094921 10000.0 0.008455197142499832 0.017633433425787177 0.03877127232630153 0.01934159292188513 0.03500663018948459 0.054950150263816104 0.03983062014811316 0.041172600311948866 0.035936536625124756 0.03947906644227962 0.05871528764926665 0.038764931862608334 0.024137971568454306 0.028855373370904987 0.034951056480211386 0.04011836848294113 0.0572725968684726 0.0399226450803901 0.033441674646561545 0.07771383312361611 0.01228204029387153 0.0285763791712328 0.02635256517186261 0.059913260770187805 0.022139708356673365 0.03961893537636447 0.03594222838874241 0.055718797554671545 0.022806462907284976 0.017757844651515215 0.046808703971547884 0.010056571745140606 0.032530607891097296 0.04426792857484371 0.04548631640483482 0.05185993664058507 0.03751309125066366 0.04327610341257666 0.018239012439475566 0.03403161860055504 0.04164577048925723 0.04886744095645157 0.04876304635010688 0.020033094018066702 0.04486842004500548 0.05036120767896234 0.03501181152204714 0.018332687887471985 0.055999655648598684 0.010742671358283452 0.044265689032976334 0.0505062001709446 0.00425526476412478 0.03547568320660016 0.05962360995274664 0.017625184639943996 0.03403856444700094 0.06466666750573932 0.07062091323134953 0.056862661123987364 0.0653080584019772 0.018784997655311525 0.07368804407949343 0.038524119066252326 0.027997070211221543 0.01757359360356501 0.02154306995443605 0.04465786561058466 0.025402625106494388 0.06212644949442414 0.022049003683543962 0.06828003886523303 0.05299550247846896 0.034623643148015894 0.03863774091433966 0.046126331468124296 0.039110874971547284 0.03899299241225663 0.022935712113294607 0.011329987559587886 0.027263451968394012 0.042892060476704 0.03400253229115584 0.009059654023139787 0.03590076408951334 0.027087238648293765 0.027491253789247102 0.04451974665832358 0.03565653904200545 0.03259060429340845 0.035065987284908916 0.034295913050711245 0.0376628525083153 0.025003639747197076 0.025614993970437636 0.05749558507007115 0.037656788168458175 0.0635832431977155 0.054853893303632016 0.04814637354924462 0.04303685024353561 0.01741319723680865 0.055374506188138335
 0.037903882110614955 0.04086759339156066 0.022480165868656282 0.0342414866815015 0.005894752467539182 0.06149598186501669 0.048599677541318234 0.04593484619366314 0.04314253404352143 0.035016071724532846 0.02878103837955841 0.04317406096058993 0.008455197142499832 10000.0 0.024590226610725737 0.03039183042021311 0.02072249948357839 0.031095875917995345 0.046669009678258655 0.047497829613217885 0.04104753262051814 0.033379072192046784 0.03375485759570343 0.05560819343610742 0.0458720339672288 0.02923597546230535 0.03618129762756372 0.02704858155697592 0.03307267566751916 0.053329962104976945 0.04447394755379306 0.02944649116974538 0.07200003208795851 0.02070787558499106 0.03381265115426474 0.026451683512013862 0.05748204734217627 0.01503655347225634 0.031164271334692576 0.02748712336141817 0.05991877252608172 0.031086215942279206 0.010270902174379292 0.046600513479416544 0.011740901229680715 0.028407867059889638 0.04457510120356805 0.0442993222920139 0.051791955067313204 0.045372502301949745 0.0496472448961241 0.01962551327871327 0.027205132997510505 0.041959624510035175 0.04278049493540936 0.05476924430724686 0.023040304634364413 0.0407825613956104 0.05260043827098685 0.037963404932172144 0.02653774195312992 0.048627674694557005 0.00866403802943997 0.04887237335430891 0.04438359623184397 0.011653223148647075 0.04114401547582511 0.06601095410462007 0.02607961940598634 0.03341448925163292 0.07047184509001742 0.06504310782420007 0.06270579623521709 0.05867321434092658 0.010676850266294533 0.06906521147186957 0.04628205881325261 0.03630670849555475 0.02105705131761158 0.021150177150268623 0.050077016887805366 0.03032971300764405 0.05712057039110917 0.02465150079091899 0.06234103159969384 0.05802439201913008 0.04193493956068517 0.03921167703515441 0.05158545437796228 0.04160330572974529 0.04459997450606402 0.017218664160209337 0.017258147489525977 0.019907626770643314 0.04436251898893534 0.02861843898638774 0.012875842132851147 0.030626525312908555 0.03551593655481182 0.035279132462497025 0.039045892190483274 0.028367786243627433 0.026860203126871852 0.03758734830827329 0.040132891836897035 0.030788177983536724 0.016548865790494877 0.021439610446814632 0.05529836988022236 0.03795009453396382 0.0560290433381557 0.053450143391763946 0.040912335102927744 0.03798528042938785 0.009914690131184659 0.056846584018927865
 0.02419017812018355 0.06541792592210305 0.04288121682123174 0.05651318328570444 0.02523264532079379 0.0665104849786384 0.05493120458883863 0.045507736263757884 0.028647871801898078 0.0391686136137751 0.015324175051671263 0.018810183668312486 0.017633433425787177 0.024590226610725737 10000.0 0.052137788820140765 0.01599874648427174 0.052275055177551016 0.06715163197822567 0.023173602315263327 0.03423275287539436 0.05253527643116252 0.057111061738504415 0.05634864784452501 0.021294591762746024 0.03280256337128905 0.011644542263692981 0.04635131219597325 0.048586460397291295 0.05686100691412147 0.047442202811707614 0.03585103227772788 0.08059736488455008 0.013116788935806336 0.012661429710214238 0.022263675855411322 0.056008306008931134 0.039415220461143895 0.05414088760511029 0.05050733348324236 0.03993757404772183 0.01937514233542455 0.034778956131016885 0.03937091025121183 0.01531913772398188 0.049902238658366724 0.036059426125454715 0.04020333595637646 0.04368110867976605 0.02143091038549666 0.02567939186938338 0.01565560955680412 0.05148505529851684 0.033741592186441224 0.06649691882483226 0.031297078334405246 0.012569444794285574 0.06210034215623283 0.03790360397326132 0.022684113631320484 0.007797065369183697 0.07319376114129694 0.02002801788895303 0.028288286414345377 0.06813438085112555 0.01827393665981984 0.040862789699988224 0.04200145361869163 0.012850114978751603 0.029352079310552774 0.04723985117632572 0.07341212677831367 0.0394460262926799 0.08286873769668567 0.03521845826231529 0.07399386304031437 0.022113612379222335 0.01539024924684612 0.010860262692321423 0.02051370591721755 0.02769315445903702 0.010687908841371033 0.06389615668885737 0.014337981377169523 0.07210675508414176 0.03628485619603066 0.03464215843011459 0.05247066776529153 0.029097335870492246 0.027153140488221986 0.02195837501918957 0.031063748487313365 0.022713785649804245 0.03789063334807097 0.03251116813608446 0.039241463073635005 0.012715709410979183 0.0535038788233797 0.01983088939081209 0.026508093721783886 0.06212886117998062 0.04517403559639539 0.05022395465920845 0.023605702441090722 0.0171475134529611 0.05510818976166465 0.0399765160669696 0.030172822411279023 0.05325592017179955 0.05184933067896309 0.08061926954369392 0.04914889415352023 0.05658640992660646 0.046376687894821925 0.03442337951190284 0.04400210094590248
 0.05406429497889749 0.027009407459993952 0.03651957883824658 0.037191649275543276 0.03432061219439694 0.0490631218647295 0.038059329555915046 0.045251442787565085 0.05832593790031399 0.034249730040438395 0.05911503632861427 0.0707836070361882 0.03877127232630153 0.03039183042021311 0.052137788820140765 10000.0 0.040330987274382356 0.038633245793136185 0.016485513357701518 0.07513293824105644 0.049509418774077475 0.04430073853134986 0.03275562792178188 0.05021650987706217 0.07218184674732357 0.05649805815386275 0.06349948986032854 0.008260254198897976 0.015964494326052625 0.04500090156717955 0.06960548616718457 0.03000408763115803 0.053075166210943735 0.05105282652896191 0.0570905155068122 0.04070698297608441 0.054347204783676085 0.023568786833947697 0.005102637345899761 0.005377858791815606 0.07768443128545782 0.06147399553863549 0.024381175475166997 0.053421753286141585 0.036820444775421686 0.036517350518979856 0.05344575712907719 0.0485357779225228 0.05797847216182353 0.07356451180374526 0.0739413695388766 0.03978060456541588 0.024422445087916616 0.05148309568363184 0.03627631841669067 0.07780755801591754 0.04458542190215358 0.04403935255714932 0.06565161423517252 0.05543376574429156 0.05604802107623431 0.03218274667149798 0.032121645558153895 0.06880581045343173 0.03717544633825825 0.04197133819618639 0.06835774956517675 0.08949903631612102 0.05633322457672695 0.04288007247127669 0.0920980371210533 0.04746566345357937 0.08483559281252326 0.04526325469853534 0.021898633186167506 0.05527925908856941 0.07418698910491774 0.06588301442707777 0.04406595434526324 0.03706467949710901 0.07195550538545736 0.05355464974236285 0.04335786609531808 0.04491025030987112 0.04338501118125283 0.07823318074970836 0.07141693562628702 0.05681511418513598 0.07343980220549284 0.057199189779662964 0.06743112713508666 0.022932051305242503 0.046551064622209766 0.01536762632889234 0.056653273931565044 0.024069969789902303 0.03947317834730279 0.03324622716074267 0.06585234528396391 0.06534808586432225 0.03697774276574676 0.013296000962808417 0.029782231479415836 0.054089538333809306 0.06392807483265031 0.025194468656352487 0.014320521293524876 0.027471918208532356 0.0534516094916442 0.055144471581209345 0.036768545844454534 0.05482967163932706 0.01875818521186736 0.029496083430911455 0.024553905368286916 0.06701558192705236
 0.017199032857505275 0.05889175915576274 0.04308294764388588 0.054853712744783005 0.02490317113367922 0.05088567127623189 0.039033537809496005 0.03076995265916863 0.022426946012173616 0.023270541410062576 0.029948375972287746 0.0321826912190778 0.01934159292188513 0.02072249948357839 0.01599874648427174 0.040330987274382356 10000.0 0.05181809831924949 0.05380981678650612 0.03633696540754575 0.021915831730928752 0.05389052147527773 0.05395797442649162 0.041533010079442996 0.0324878119277897 0.04232740103866632 0.025110861152738407 0.03332031182720309 0.0337755424247575 0.041379751218587134 0.05805482783801306 0.019874096642365287 0.06465522957118078 0.024486385073131136 0.016792730647343476 0.007363758602804926 0.04191565524835422 0.03472291726538517 0.04339651946153632 0.040036131201691305 0.03989869899767795 0.033837405813063534 0.029958438148674577 0.02753811894407977 0.009537607024662775 0.04912932266291576 0.024927929690833166 0.026707741416741277 0.032543291516489034 0.03549046698841497 0.03362329050152853 0.001126016440677919 0.04656414524666444 0.022308160744289617 0.0625663511973606 0.03756525913869339 0.004408141254681813 0.06149093016609131 0.03188764871689621 0.017436875721837043 0.023199004965999297 0.06634244812276706 0.012238024653728046 0.02952061836905003 0.06411236742034838 0.02287954146870242 0.05258516647735386 0.049245213939707586 0.027010386708653 0.015186432970448051 0.05236566436597231 0.057463098498806736 0.04486690393005526 0.07758428181042794 0.0290943297080255 0.058449657804804364 0.03572509938027249 0.03134885865993498 0.005153590010591162 0.004548044529173028 0.03192508555483916 0.013324287903672486 0.04802507016319911 0.004662613468324173 0.05610878478238 0.038968822968771855 0.048645537137898424 0.05792657518806454 0.03343568749397578 0.020896637251689384 0.027146922633781982 0.017533321115225566 0.029828043877781738 0.025060467600227482 0.023836261611661462 0.02366150919094161 0.010423211554556295 0.05110328312013005 0.0354145032649797 0.040557541757299156 0.05933253750249736 0.03103661807931171 0.047175562612528435 0.01690545150464783 0.02361871194515424 0.04995219123616889 0.03097319913766638 0.014911880244047885 0.039313689674275606 0.05689543319911396 0.07308901379861153 0.03606792552912926 0.041528706217740144 0.030391379525328974 0.029631463687032154 0.03636376044712744
