NAME :TPP_input_30_5_4
NUM_VERTICES
146
NUM_CLUSTERS
30
Full Matrix
 10000.0 0.05245122810762944 0.018809699496473136 0.08549157920670887 0.03356015142153662 0.09945422623491744 0.05378528650739542 0.06362040985312503 0.012666805464941895 0.07381201274212343 0.07992841144437769 0.0385514197691169 0.09271133505808025 0.056535085907916414 0.08438311036692543 0.043368830939808325 0.11416645398782692 0.07239086312189932 0.0826523787824561 0.08588211147561503 0.08114581479840315 0.07541553704116741 0.08222489644892027 0.06101246578888247 0.018712392667685363 0.09951962609240017 0.09174393397510795 0.07332629550034075 0.10633673091412126 0.09875738751028745 0.05900386620063145 0.03799828255151696 0.08950663838380517 0.0788539710303919 0.08288883024066358 0.018838407109887833 0.05889230657004476 0.06044332691480666 0.08814102816756303 0.08562773206473577 0.06330417885146726 0.05455063499465979 0.03590823546504 0.08471041350804583 0.041909477355686016 0.09462010014952228 0.08805100932938924 0.09329363574727702 0.09144419803280901 0.07244935342265034 0.05003551162336142 0.05511382263654759 0.09005944776587183 0.0959474862051448 0.0036251343925094506 0.05615379439542656 0.03694548994735889 0.09585640471570481 0.05301403277845786 0.03850988992571493 0.004865593264323424 0.09279707104665866 0.03595158302455357 0.09077748157955572 0.06570547509267251 0.07316757941789043 0.10357588356994844 0.08452023874668363 0.012359807895530116 0.08422509809424543 0.08246365056540186 0.0822213897520085 0.04811917624669969 0.11127372104127412 0.10519589977878119 0.08435995745619763 0.033303578782487755 0.05943914854974565 0.03654920061668577 0.09259852010239136 0.08800558155348821 0.06612557978086793 0.05908025073143704 0.028219700423487815 0.05425047415516247 0.0619140503104655 0.05311681448709975 0.0918463033535574 0.04558779383616941 0.07701295338192801 0.03345588201754455 0.017013451730536068 0.09990904619328031 0.04147992375453365 0.09227364243925049 0.055136305879033114 0.03333506974850311 0.08007443160238342 0.08280465133859305 0.06580317565557445 0.0604102895958972 0.09362327875713297 0.05246988073336455 0.08464870395288544 0.07075675044305256 0.0950457509107181 0.0355261295731942 0.10137472005415027 0.12307744268476081 0.027560617406029855 0.05808251976311508 0.008281072330460609 0.06573284659726188 0.045357797863930405 0.07949631427745335 0.012942531632447163 0.07597274746980347 0.03822664128999538 0.02695709133055523 0.0945173312271788 0.019273548909494016 0.0972086678343962 0.04518926581641586 0.04391505824504681 0.07844044544569324 0.0315610897253159 0.10432309958058357 0.08342521420080432 0.08160564251030933 0.04564513922169849 0.05858673523315055 0.09814538988601326 0.08576215587959825 0.08526245428051159 0.010532318258212115 0.014627859532912034 0.0650258178674993 0.058029356090856084 0.04679448640340419 0.0936406359352409 0.03948952665819439 0.052832912954337306 0.03289047011010389 0.0362135400150568 0.06295082546578701 0.033847418514673495
 0.05245122810762944 10000.0 0.034111425819002616 0.04256571575683185 0.024186626333423923 0.04868855249477713 0.02595234962952897 0.028596228481169987 0.04314320301449509 0.022222940644895692 0.0382317398727792 0.054675812671084706 0.08913385005654878 0.024562710330234324 0.036516008136309314 0.03100973220084825 0.06752978268751113 0.044540339676808975 0.048967869022856075 0.06928545640441591 0.04666876591745653 0.03005730528221185 0.035630158568547315 0.023110996311962357 0.06135269615466 0.05288596093023549 0.039496329625697296 0.03482640891414036 0.06675039206665602 0.046778108116097596 0.06135296051003105 0.014461352214414448 0.08906419572241907 0.038736454973573066 0.03253150101045678 0.035155480464474455 0.06535030767482525 0.02528811117237336 0.0368012770913708 0.04106503287001088 0.01594186673893291 0.0037861657337111116 0.02927302756380407 0.038184088267978936 0.031042326759153915 0.04302032537368517 0.0763332197964803 0.040846530012688315 0.08137752257992388 0.04364042992469875 0.018093128546779722 0.021555067030045595 0.04902290914524419 0.06628718842162767 0.05447864593769666 0.04062299645623455 0.05917627912062173 0.057139882496771335 0.024819705677670716 0.01730821425808734 0.055914287849383446 0.040439386651742605 0.03954519104727501 0.04190507294762732 0.015383554201448796 0.03582243126648068 0.07019866447070616 0.08008552785323449 0.06480486225275683 0.0378805335729053 0.030121507161682527 0.0369839478929871 0.038650635761765424 0.07198705315262753 0.0603479218362727 0.035061977952816306 0.04877368691396138 0.03775749394756659 0.01630683611609572 0.04707306860314879 0.03594917661191147 0.055576729451621815 0.03396477428194012 0.026806227171725407 0.026477877869346442 0.02424124379080077 0.019491326001474654 0.03957709943850404 0.022254252997307288 0.036174409917857996 0.025223078287477458 0.03608536591645926 0.05969651544305038 0.028925118274765 0.06526600436532883 0.02446451196572063 0.019117472061527564 0.030598275480648075 0.04115983205484522 0.0404445804822341 0.008853083779201904 0.07904496674291259 0.02651569468093094 0.032199214571919633 0.02451617004711772 0.05919942685590436 0.033285447851726505 0.05782403433769292 0.07839284372271348 0.02538907837228156 0.02241808975854179 0.04542824610697355 0.0181082014554464 0.014010079865758291 0.057007067103938484 0.04327597763584766 0.023772862143119574 0.05492444757299186 0.05407507873663686 0.08083414905523853 0.0375914170816534 0.06333244462438224 0.056239679744491615 0.009193756299063424 0.039788887379894396 0.05977063126787673 0.05402787315528769 0.04295664340047659 0.030904592922292966 0.03660718983189243 0.01873692953951283 0.04647153689002096 0.0451982538442213 0.03658467912400212 0.057111331671187225 0.03785638370476265 0.02520361971277577 0.022664212132478333 0.03543020955327984 0.06428289966035508 0.05395575520492539 0.03106708411422881 0.02201466335994922 0.024807232548183136 0.016665784857110448 0.050995672624080904
 0.018809699496473136 0.034111425819002616 10000.0 0.07055764935444564 0.019960439501035335 0.08208570838393235 0.04079529880363034 0.049810890836704605 0.009564022489247218 0.05508567168580962 0.06178334041218038 0.04057751069938533 0.09128842283605965 0.03872335071858533 0.06790929651040357 0.03334849740467695 0.09846453699807112 0.0614212900707789 0.07043910743748902 0.07947602248048259 0.06861912093757311 0.05947543984349116 0.06358817035820784 0.04619195028616658 0.03250204045443128 0.08366654808667266 0.07359612106332232 0.0554489528736975 0.09293689573966958 0.08079742965002136 0.05769336436068035 0.01971109857621686 0.0891128735189386 0.06453528358309706 0.06407950037175109 0.002807373935198398 0.05925089966123199 0.04628719987958487 0.07047628593107189 0.06722027967401138 0.044501629242847035 0.03595011769231654 0.025477797368111704 0.06866047153965212 0.03204294447315065 0.07685760362395841 0.0834716687689933 0.07489867839207365 0.08760823223275464 0.06118238734854964 0.0351414276368968 0.03698980976675518 0.075829222717121 0.08554167937993803 0.021433739785874345 0.04761825875380049 0.04180386829125258 0.08251013739570746 0.035442398111679076 0.019744000559421 0.02185851406734336 0.0745501764689191 0.0308817231513395 0.07405858208989621 0.04815916749538695 0.05545061994133317 0.09216688132028406 0.08241621913797559 0.031091412138604675 0.06822130036993043 0.06389509718672594 0.06650694887918057 0.040466068071464543 0.09806243192652758 0.0900212115214999 0.0674228992792997 0.033812160113774165 0.04922754489452715 0.019019592598807176 0.0770095966221239 0.06998382441202543 0.060537412001059436 0.04770898630188319 0.014422259606786674 0.04135681275447336 0.04723714011185021 0.03837681506638168 0.0732216567475301 0.02780595914302777 0.06241016768420573 0.02047960334808884 0.007470856057023364 0.08617513881161004 0.030745738891980477 0.08261300188666065 0.037393316052132274 0.015166916386564018 0.0612715488060742 0.06471845741193555 0.05508864759706449 0.04243308976180396 0.08827294560207112 0.0398199032873583 0.06620674543684775 0.052047493536312835 0.0825975694207353 0.027213826711621623 0.08657738350741874 0.1081555423275229 0.011248199772495814 0.03991305131568736 0.013531712373247809 0.046935106610845156 0.02930646575739179 0.0707305407850945 0.009837050006591866 0.05784323393291445 0.04048188815526489 0.03260448289529201 0.08951918832316065 0.013834293864805112 0.08546127550153834 0.04589397056671273 0.025298874653766963 0.06068492530622677 0.03873491395001436 0.08717281266697906 0.06917032734206728 0.06280241377658889 0.03760785558714041 0.040050495619297924 0.08035420337757897 0.07155402215966822 0.06854164046216236 0.02591963982180952 0.004651035377119627 0.04672185648680627 0.03989061327654913 0.03809463816465196 0.0832544580171885 0.04086158022821002 0.04160085937776389 0.017540308767148564 0.0234820292313466 0.04416928964182094 0.03541467785614001
 0.08549157920670887 0.04256571575683185 0.07055764935444564 10000.0 0.05197902740815263 0.025155692970983832 0.03228099510653871 0.022261171685186765 0.08009896468799256 0.04115566928155082 0.0659075865128776 0.06680273097767238 0.07052735114554512 0.06434271702156369 0.011632232467597122 0.044354506015000135 0.0290538855401015 0.023892879128842557 0.016250109934337485 0.04527824289219038 0.014670004293748035 0.012583522588041459 0.057797227423356176 0.02452923021223527 0.08643035202237823 0.015371760335607144 0.031102152279118195 0.06690161569972093 0.024263421538282426 0.031430911145586854 0.058801009304762515 0.05297055177121997 0.07313269970711984 0.0074384979887776375 0.04804048770362755 0.07258870710016554 0.0640630725027621 0.02511738130840275 0.023633816069127067 0.06399472302399535 0.049220483784443374 0.044009597976308525 0.05037215451744861 0.008185654927086505 0.04569200361702132 0.026920393535066714 0.0543421467617102 0.03592183556368167 0.05928106728218742 0.022699292646424472 0.03561663574344027 0.061708574057604895 0.006847056847919384 0.03045139295338461 0.08614930701380188 0.038436699716082386 0.07282901749601821 0.015459302463381149 0.06582811463079916 0.058990970328255864 0.08997960663858752 0.03306684148544357 0.05536748972356647 0.01481758815663314 0.028277532006830152 0.06847350837856621 0.030469983544269948 0.06336963344192832 0.09682376868005858 0.00790035974894609 0.0369703735424184 0.006553764458439111 0.044570938717200644 0.02947585695173835 0.019712843636463393 0.015694575093825117 0.06459462635510582 0.03252170229851685 0.05210139945840466 0.008335885650263443 0.028201179694054414 0.04496594625454299 0.03012464254755173 0.05750084664260765 0.031930485849732855 0.023587243427740632 0.03244785442182016 0.04073945470567224 0.06468033650546776 0.008596355032063416 0.05203630596064344 0.0688023952917678 0.0172305143762038 0.04527343367803722 0.03235124220913495 0.06477069537392041 0.05648074311715186 0.0497441934940157 0.0677844818168532 0.02758725323499223 0.034668530716683514 0.05359373730601369 0.033796679201304046 0.03452063946897224 0.05336133645870556 0.019382194750510576 0.052172992570520764 0.01601989259022026 0.03766086701661148 0.059404470832164866 0.06129942017877846 0.07726754578513663 0.04939640941646471 0.04127805912736145 0.03287837981083269 0.0803905937294787 0.029548317240504954 0.06729150472590625 0.07369396759254825 0.05567402849843638 0.0665342762880862 0.024359900827305735 0.0637053186047877 0.05058327589657841 0.06994067250463416 0.0769882589391726 0.026573707280653315 0.0047269173902001905 0.04635752927522696 0.0453757244141528 0.05690442890958342 0.02896796673326036 0.004804915074083556 0.013725328189979624 0.08578829803707233 0.07267926027092869 0.06025581707859307 0.06159865423218105 0.043574308326802945 0.02932476226130514 0.06538632556272256 0.03519590232317556 0.0532769973065503 0.049306731869369104 0.05068855012747636 0.06630180770979498
 0.03356015142153662 0.024186626333423923 0.019960439501035335 0.05197902740815263 10000.0 0.06676106370521465 0.020975682490804014 0.03039766936513185 0.029029783695635785 0.0462206179686688 0.06069471257841822 0.0315309861608079 0.07497868359329639 0.0413215732822686 0.0510731369030471 0.01420579460445053 0.0806071098653523 0.041465835201813996 0.050585302369838006 0.06056842253692586 0.04882612874229899 0.041938260296519446 0.05942212842854873 0.027466964223427585 0.03813724836756838 0.06597742723177388 0.06056491301560497 0.055934109439090635 0.07349533306041924 0.06701152633579956 0.04294929889806556 0.013967025856689066 0.0735919379721162 0.04549171854847971 0.05669655325485467 0.022513799552587577 0.04582788869203535 0.027054105972047684 0.05598806956752043 0.06447275917245995 0.03930599571734374 0.02757047368593996 0.007382286722413566 0.05123200294993368 0.013138140510526848 0.06254482913466744 0.06538965817485072 0.06289393628363553 0.06986078905172677 0.04122205081909497 0.016480592812596968 0.03858452751357653 0.05676411974633915 0.06558893674624813 0.03447489448456969 0.028473834432872967 0.03544947539573507 0.06302175089639712 0.0394172365320765 0.021505322032412965 0.03800235893548444 0.061888897825278615 0.017062510227720297 0.05757265640658497 0.033886604349404895 0.056526789567846104 0.07224009646179062 0.06587388177264991 0.045211605062625546 0.05073576388237972 0.05320189458173505 0.048680744312301495 0.02227009311290139 0.07855687200271443 0.07166663722164868 0.05136602360602061 0.025141737266814634 0.02943782763445565 0.01020364882649998 0.05903982730165081 0.05657290058161295 0.0424973591352673 0.02775642215856397 0.005680252137274256 0.021516009338805746 0.028391906376999995 0.019560537613090376 0.062646121628551 0.03269641029912963 0.043556162098271574 0.0012379769007921071 0.016851593441278855 0.0668674565092987 0.011394141711486233 0.06273091774678066 0.04045215585776316 0.012219151775687909 0.05477215919832953 0.06371102699194735 0.0351671113139408 0.029896936193079985 0.0697219628568174 0.01991502884008582 0.05466592743726738 0.04792289356479297 0.06282391666025075 0.011003360801202615 0.06791707286546925 0.08961373283634454 0.009208228413555359 0.04083933746297499 0.02540741850108306 0.04168126678968151 0.012602281018902022 0.05108604455299224 0.029396575160244215 0.045141704204208044 0.0316990653015185 0.02988863020992395 0.07112141845657526 0.01517342091882092 0.0655642330315732 0.03441328995280097 0.019478396541032443 0.06123534648491524 0.03561944804993341 0.07137146667940665 0.05010127161542494 0.05503820204764092 0.019417235648372912 0.0388290360809677 0.0660776433284381 0.05246350889858463 0.05209477977129261 0.035255742903204296 0.021056554379833368 0.04611112581500998 0.040964037706368146 0.019390843221940315 0.06330433375250838 0.031063816044103538 0.021693856369903657 0.0039807241135334966 0.003646172657491951 0.0396571229379603 0.02733750878143435
 0.09945422623491744 0.04868855249477713 0.08208570838393235 0.025155692970983832 0.06676106370521465 10000.0 0.051169231730398335 0.04230656815989183 0.0914403713408349 0.03475193422718545 0.05536460407704592 0.08814843036546553 0.09544698028928171 0.06297011254610779 0.017220949415796518 0.06346079106788673 0.02415811873444195 0.04871924203203289 0.04120798768315579 0.07007316061693548 0.039790999057142326 0.026671193709653714 0.0459236126409162 0.04163726965773516 0.10423575165423972 0.01582817570674105 0.013676075661869607 0.0589733963894933 0.03723568325941096 0.008345884002995834 0.08294191095658757 0.0625200437144405 0.09821302184559577 0.03139408787788082 0.03572751557261109 0.08346878401015771 0.08817232401741851 0.04365276204051527 0.012038386934817983 0.051062664441700926 0.04691161681869094 0.04810943265955069 0.0675915144605761 0.01905645421647061 0.06455713022260876 0.007206385844453513 0.07916455507359428 0.01727731475862655 0.08398977768699326 0.047467348059140255 0.05094646400987239 0.06114193310316022 0.02852502213894269 0.05265451534190352 0.10088506333397966 0.061232456653997035 0.09401303541750858 0.03459154827494877 0.06567994883770062 0.0658275449833997 0.10341217442865598 0.014711116069288306 0.07490368615696652 0.010939009210798859 0.0339268588019333 0.06065517367571594 0.049287357965231766 0.08847567170069258 0.11156948348063203 0.01963311317349988 0.025814271652292827 0.022471914974648666 0.06597466174985586 0.04086473580323113 0.023308462088600594 0.015595698251366938 0.08475820604406031 0.05528296004740162 0.06315732312074059 0.018425359254870793 0.014655893596093997 0.06969382945338246 0.05203784559544638 0.0715315817729151 0.05104962152860543 0.04124378332883451 0.04845239040985268 0.02327848768084618 0.06745140403848675 0.030994603192290787 0.06723198091609313 0.08246878182597353 0.032705405915629655 0.06349324335961741 0.05575348996612953 0.06390316722191489 0.06693706368040545 0.03884331393250258 0.056250216714127596 0.051445268040801795 0.0399171841408171 0.07790096696541912 0.052795887882817194 0.02223796220660079 0.046814474759294226 0.040279841790872774 0.07038716645133901 0.025096427920191407 0.03636798323825939 0.07193100523603192 0.05957584605694918 0.09168592991961096 0.04582070101119321 0.054313648311391814 0.05797206773271279 0.09161786598853706 0.025742573270383016 0.08859451848079247 0.09307601866540788 0.07997346640163489 0.08193145483535436 0.04510136077902107 0.08608924594027587 0.05788085489881703 0.06020878482052201 0.09727807862556366 0.005671642704030041 0.02988251188791924 0.03478404444058137 0.06605888864884875 0.055488326354266176 0.0058794604105130025 0.029465124871275603 0.015456372754008315 0.10200992702642787 0.08528910099481425 0.05575239469997074 0.05986819444120773 0.06421619700619653 0.05213855606377264 0.0868522068927485 0.05567436671463348 0.0666762983194552 0.06509336405479968 0.04826633825459214 0.08671280538815498
 0.05378528650739542 0.02595234962952897 0.04079529880363034 0.03228099510653871 0.020975682490804014 0.051169231730398335 10000.0 0.010024982918244973 0.049995830011700944 0.041833555311376926 0.0630902372909549 0.037216827140647925 0.06319795650723106 0.05009547910065771 0.03415902454140609 0.012394439477096827 0.06132402733047695 0.02126519526625444 0.029644116093768512 0.04394394614007499 0.027853178874545987 0.024573822945655983 0.05866302674397565 0.009630061506215915 0.05426983593861234 0.047162746873377785 0.048587772887150917 0.06048029346483367 0.05264224682213863 0.05352090156359801 0.03728378610658866 0.027521910645958755 0.06327144536345371 0.02526734520516282 0.05253280436355158 0.04322446672781929 0.04190338340317002 0.007579912475395284 0.042318912928013604 0.0647130618299672 0.04091696576376577 0.029524296004934163 0.018147015365095543 0.03335062255153878 0.01361442885795881 0.04861661949312183 0.05055196953470522 0.052121321774616376 0.05554045290448562 0.020798557107951254 0.008219642574711385 0.047061275067219015 0.03633959172277835 0.04521000720148179 0.05416751766971527 0.015029868068026883 0.04296505621685916 0.0421564115014343 0.04969878014184594 0.035581791352904 0.05842682853021147 0.05031009077030058 0.023798613953175247 0.04079461235447468 0.024387389744093452 0.061577252331854314 0.05141299692973385 0.054174418188484584 0.06476153603517398 0.03279059478088573 0.04525410667912976 0.030293388583359906 0.015826641314903453 0.05765815375912538 0.051910402523980465 0.035685336945745376 0.033591896633245244 0.011851209761764396 0.024972794250440817 0.04002184953187402 0.04442454913146718 0.02970560739539373 0.008357461210638835 0.02665465377911824 0.0006161816054042361 0.009926311067171125 0.00653833390253441 0.05378852789647742 0.04512987592124018 0.023684994058760202 0.02071782890978989 0.03762810675643304 0.04613312400432771 0.013003412308733179 0.04286331749790407 0.04978328065183557 0.029227985437335586 0.051928943379738246 0.06586928002019515 0.015657459310892154 0.024889205614533956 0.05363631892270915 0.0016273657869586564 0.0453694791779021 0.04888743268915842 0.04184947498787007 0.01994510318160571 0.04784596716805109 0.06950171770448056 0.029648155018224966 0.0482429946787564 0.04550661758294442 0.04264996537350492 0.014706001732123431 0.03250116563803316 0.05035622981002384 0.035564867597828516 0.037637566018434904 0.042114984266110114 0.0553387782848292 0.03458592044835745 0.04467505497250732 0.03608548946414273 0.02879789394818123 0.06523444261054502 0.046116877664250766 0.0549297886352357 0.029755481650031026 0.0506264493361952 0.01520041312539913 0.044685072670084404 0.05197221573733658 0.032057343164891894 0.03573207259038418 0.05352532852102001 0.042016382838302155 0.051052058127607006 0.04847422742216732 0.013409170867903433 0.04296712263610492 0.0360020703169392 0.00573222356624453 0.023363371190243353 0.017765061243216612 0.04193703291861983 0.03554553355190434
 0.06362040985312503 0.028596228481169987 0.049810890836704605 0.022261171685186765 0.03039766936513185 0.04230656815989183 0.010024982918244973 10000.0 0.0591989188072963 0.03911512502725394 0.06247741765149147 0.04590121607356901 0.06357282053920249 0.053094457439545606 0.025096176246538194 0.022179248324109446 0.05131090111860206 0.016051159456967275 0.021377880315584876 0.0415070256507879 0.019287798791332647 0.015720140845725036 0.0567178867142051 0.00551198646797302 0.06421690587623927 0.037237533341521634 0.041491508945320596 0.06100036632652844 0.04314834706129632 0.045543541819314276 0.04231900598519811 0.03438733571920273 0.06453027579016164 0.015272384041207475 0.049209993337079545 0.05209066080852166 0.04735262299104001 0.003692803048009007 0.03460987877133454 0.06300271175639122 0.04129490631480209 0.03154556874550118 0.028155524381620153 0.023856671158784613 0.02348301339518618 0.04056232884553118 0.049289492545918766 0.04549484139396394 0.05445960524174144 0.015082212765494396 0.01488579985986261 0.05011062601829371 0.026439419630048804 0.0381841832677091 0.06410314551796706 0.0195849950059868 0.05181944754050887 0.032702924611407204 0.053395685780362696 0.041793425523965165 0.06820965430733106 0.04334902455028766 0.033394551859841894 0.03162118664804308 0.021127631872059682 0.06229003881700697 0.04327389461150459 0.05494063921757216 0.07472824519451934 0.023281215644935377 0.04041040536496069 0.020648161459795127 0.023669259649514437 0.04825541182719512 0.04188734843874746 0.027202201751955927 0.04293623557750903 0.013998099328142484 0.032555801935867636 0.030081625620787516 0.037413692597838166 0.031580545358229226 0.01013690639576379 0.03604804161796464 0.00966984166513775 0.004454045566786056 0.011696743877890537 0.04805177460391063 0.05002480600637657 0.01366494153884449 0.03029534581913907 0.04722206087047902 0.03647246195407808 0.023012347380730224 0.036764843457241424 0.053050552782860395 0.03698340036204672 0.04929851039312226 0.06503692104197502 0.013235258830811137 0.024290374940117654 0.051236005519354005 0.01153665839852484 0.039808325675113665 0.048318234361340105 0.03303513155072927 0.029922491902756015 0.03785189532076475 0.05952913045956507 0.03856477751202113 0.050734185436742026 0.05535391939314895 0.042559498409238235 0.021494663900316097 0.02873671099117285 0.05953343888982882 0.030579026109543772 0.046357450062072494 0.051767190783037535 0.05312785699160582 0.04449466524971952 0.03639795865769371 0.04383781984335813 0.03402167313654268 0.06530470474755257 0.05544646016901817 0.04567668398258399 0.01980949303597972 0.047283356312754446 0.02388826467832151 0.046721896263759326 0.04374905600983028 0.0221417524501351 0.026892654670291814 0.06354927462658173 0.05141363835140012 0.05223612035085833 0.05099906742612941 0.02204461493986903 0.036074191737460196 0.044580278367762384 0.013471210310386313 0.032272953898226375 0.02743533962097443 0.04254033650752357 0.04477830296575741
 0.012666805464941895 0.04314320301449509 0.009564022489247218 0.08009896468799256 0.029029783695635785 0.0914403713408349 0.049995830011700944 0.0591989188072963 10000.0 0.06344414152100591 0.06771274130257442 0.0444699734346806 0.09723434567004169 0.0442282495169773 0.07743910022829645 0.04169433913266675 0.10802613809660304 0.07029479622340312 0.07961493022472481 0.08714635391865669 0.07784898230885116 0.06903803647665428 0.07051261767667871 0.055696100172585236 0.030174138256103378 0.09322642252343721 0.0826173602120856 0.06098232858945925 0.10234593451536887 0.08991891488128234 0.06332853921649165 0.028930999350259418 0.09463719270666081 0.07401989664802759 0.07192563359020117 0.00799205909080943 0.06421922717924075 0.05571335045409332 0.07974956474295601 0.07360573052157891 0.05223283604263185 0.04467647559282991 0.03376459369481075 0.07821743085403492 0.04031529875321641 0.08608054735158682 0.09054837034175196 0.08371490512295605 0.09444234635554062 0.0701244968277356 0.04462181299481169 0.04299148206354008 0.0853179956626895 0.09436796917044943 0.016123740623740678 0.055718013521500895 0.04443315298619997 0.09189968032419557 0.040628274506798095 0.027512476807543932 0.014017673591260549 0.0834974585985388 0.03741668843359742 0.08355535788426034 0.05752393144839112 0.06075637563320752 0.10123186233367874 0.08857800436928412 0.02381767614513942 0.07778007047116939 0.07253229540674805 0.07607095804197359 0.04818223721774076 0.10745098623564787 0.09958016994677095 0.07689283015530045 0.038143326628652545 0.05782980912287109 0.0285252064393375 0.08657360498586086 0.07909105070890475 0.06780590988554415 0.05659771749520408 0.023363860806200176 0.0505416671566331 0.0567290466098663 0.047850972635569554 0.08174374399617522 0.0333524545170252 0.07191962111112389 0.02939430254225362 0.01333589088562761 0.09561957195108879 0.03925610783503327 0.0912458381830293 0.04280664310763584 0.0245241839746509 0.06892754439439736 0.07054543472452311 0.0638650439743888 0.05164924643821292 0.09563702343169082 0.04894230306821492 0.07499556111220991 0.059242158593915135 0.09184421798001181 0.034832725842266 0.09611875911587503 0.11770922294098302 0.02071629489881616 0.0459720780772046 0.012167114579068319 0.05460142918139318 0.03886451938867818 0.07907280310539752 0.0004952427321082942 0.06691583589957266 0.044269313993226804 0.034521203249286724 0.09676940368101451 0.019113823954355843 0.0945815762967359 0.05049633897589751 0.03410902899918761 0.06603153613762937 0.04015396010360396 0.09657871459938848 0.07865427249176504 0.07076809194518739 0.04540055496613013 0.046828663934973806 0.08955912622990259 0.08103592243677302 0.07804315827879618 0.022361806314210562 0.008309763871520463 0.052981667190391935 0.04589783055286049 0.046112861204460336 0.09206966503514635 0.045051258878734186 0.05040239557890016 0.02695075312263702 0.032404961401602476 0.051731005734033594 0.03934116947463833
 0.07381201274212343 0.022222940644895692 0.05508567168580962 0.04115566928155082 0.0462206179686688 0.03475193422718545 0.041833555311376926 0.03911512502725394 0.06344414152100591 10000.0 0.024855212503995857 0.07562743409234185 0.1026716860705442 0.028362425218135562 0.030578976761221052 0.050608469806909695 0.05780042592939562 0.05402309022061278 0.053759645215151634 0.07981788370617694 0.05144792489295206 0.03028227682597817 0.01772344530600414 0.034396032790394056 0.08356141224069032 0.04496928136583996 0.022060440097120357 0.025971464567790616 0.06397959837697294 0.029774370688162848 0.0791128824973525 0.03611218750768925 0.1036144925653134 0.04122428684894914 0.010841319754518885 0.05563907001939663 0.08366124330457571 0.03733165888563258 0.023451110534603605 0.02406968092781774 0.012701788835399588 0.019424943811771747 0.05057666758169048 0.03371398641463886 0.05100899078220561 0.02771639674430445 0.0880559003754588 0.021402864675981705 0.09324644574141285 0.05281430738472974 0.03608198628088144 0.02679010515728206 0.047916632732394805 0.07058532876936732 0.07609876307604103 0.056639794634343994 0.08051602971191651 0.056504731086890234 0.031314271422661834 0.035976879508053804 0.07689632588078509 0.02214945419059507 0.06050942363157011 0.032807500385600596 0.01802383286311583 0.02759823953636407 0.07161722165614029 0.09405323375719482 0.08615053261960005 0.03375623584126923 0.009822130726853643 0.034604634162446565 0.057045119902521375 0.06884526227163269 0.05344018149211722 0.02708378065805101 0.070149106635227 0.05213853702447462 0.038427947570285406 0.04161911562461265 0.020098191180601892 0.0703668326123354 0.04799340612380104 0.04902729265811468 0.04215316541361394 0.03505507894387844 0.035743864978347174 0.01839331295274705 0.03430704134678893 0.03886237682635626 0.047190424215919215 0.05795745067196748 0.05737692858062191 0.04908546538764678 0.07124831120039347 0.029386750367303396 0.040739896314211266 0.01020601873480274 0.026953239443910128 0.052343324483906474 0.017445189066224515 0.0893497351497208 0.04301644457574064 0.013117091313592994 0.0126414205834469 0.06045787987987695 0.05445049712005707 0.05264303774291785 0.06982766369208346 0.04739866988290871 0.024964150169653313 0.06721126704830192 0.011201823148998034 0.03476337343611192 0.06665539853695007 0.06349198864233285 0.011661659953948257 0.07592763331053785 0.07604918567706638 0.09133483206152233 0.059792747795417614 0.0653460524963147 0.0763122014797978 0.02993761537192634 0.028785027686080024 0.08159331632041815 0.040414558422413906 0.0438642592236098 0.00901200562065163 0.055598331213642514 0.021081012059630765 0.030506688991130924 0.04542831263604665 0.0292644162301096 0.07912928735197307 0.059199846211134964 0.0210922228789871 0.02524930790836113 0.05408874645631961 0.06904951936827493 0.07475217327943268 0.04756178631416673 0.04423043766267077 0.0464029169017036 0.013892222713591477 0.07236254222570175
 0.07992841144437769 0.0382317398727792 0.06178334041218038 0.0659075865128776 0.06069471257841822 0.05536460407704592 0.0630902372909549 0.06247741765149147 0.06771274130257442 0.024855212503995857 10000.0 0.09213503868828168 0.12576239092003055 0.023511563679963397 0.054999200270300856 0.06923622160444622 0.0794724156570203 0.07803734641150374 0.07852470169380778 0.10383079205477617 0.07619770787036154 0.05510938790002963 0.009547229395289673 0.057297736248324994 0.09378192566070341 0.06811555588794553 0.0416914425137557 0.007273596798217869 0.08815423768780324 0.0482695832508637 0.09950445553345584 0.04736525958840877 0.1262247077517654 0.06604639484660786 0.019642468150885148 0.06117758221135151 0.1035722572597593 0.06011324489051578 0.04596941627726165 0.007061618088766011 0.022355124472220603 0.0344460724887052 0.06684516037595853 0.058262813475639975 0.06922988693216839 0.04822127983967595 0.11176622491362989 0.038545393249517564 0.11693696726878637 0.0768836132409399 0.05589238335886089 0.024829577702019684 0.07261187494599361 0.09543239513076249 0.08296097490316222 0.07810484862804809 0.09612229981144473 0.08115619418523576 0.027210455310164614 0.04266479996366715 0.08170866585381958 0.04075802274560382 0.07720448462263432 0.05623598775279589 0.041626744994847614 0.008289619091424802 0.09637595965026774 0.1169088166767611 0.09152794594812204 0.05835388957951124 0.030337515834888418 0.05937160688412308 0.07682477191286621 0.09285043562456938 0.07662000977161394 0.05126009234575295 0.08583637321847812 0.0743969261947237 0.05085098687114067 0.0656947609429962 0.0416181641837407 0.09265871722716881 0.07032755580062236 0.06141195313193232 0.06352961442619831 0.05814723257130206 0.05658249493931724 0.0328235309155876 0.03436835581817447 0.06365337735075133 0.06188020666542175 0.0670783044454338 0.08175357761940888 0.06709101043804903 0.09600338579850846 0.02495298510423153 0.051074978036140105 0.016775879351006797 0.0030248330224848068 0.07561462829221438 0.03850882007494529 0.11347947516007936 0.06395464529746384 0.033698610120380064 0.014241577955876666 0.0852564355333095 0.07089219276242126 0.07643259787243989 0.09168768407466003 0.058148737636517095 0.021879485276724304 0.0752611976928478 0.020452921330285586 0.05221131913088384 0.09078546642809203 0.06757616775336252 0.03636264658017357 0.09233110199859444 0.08966948996002674 0.11542408939661868 0.07096197847457904 0.09016869054906873 0.09424046442204388 0.04128357370509686 0.005025572516935408 0.09573568628268138 0.06067044211014273 0.06871479790075592 0.02073752501307697 0.07483387496584304 0.022265040675186594 0.049965808416661865 0.07024996625162253 0.05346133663950219 0.08768052771366458 0.0664163455274645 0.015142932669411299 0.02191600363931061 0.07362580155107559 0.09387763004458022 0.09155742358720796 0.06860087368884106 0.05751537212113094 0.06218726956121011 0.02156738914003975 0.0880312610070682
 0.0385514197691169 0.054675812671084706 0.04057751069938533 0.06680273097767238 0.0315309861608079 0.08814843036546553 0.037216827140647925 0.04590121607356901 0.0444699734346806 0.07562743409234185 0.09213503868828168 10000.0 0.05422267995271486 0.07258412737138469 0.07097291509675806 0.025598102866517498 0.09515847150424031 0.04600738057089189 0.05740140704072741 0.050734649961387754 0.05680160056510667 0.06147927468631359 0.09030422564582177 0.04684539118464283 0.026361780550229585 0.08217421602556023 0.0856488047155383 0.0874650868931311 0.08153277099704719 0.09073749525275673 0.020963645767294994 0.04535275355754395 0.050957128887030224 0.05936424493976824 0.08642482483796657 0.043168866319953515 0.02034380494158957 0.04457122967933159 0.07952850263135465 0.09562634551205183 0.07038788368784897 0.05832620361494994 0.025415478267538746 0.06971155056554462 0.024897955460196276 0.08583157206814747 0.051086798590031395 0.08895856119103493 0.05388426268183668 0.04668031610719378 0.04009549178381501 0.06994429608165784 0.06882326117838342 0.06583101186445059 0.036345681063929894 0.0287397543138194 0.006043225673043144 0.07177490248092668 0.07037930317229928 0.05212732193197936 0.04299189821463529 0.08731160324093909 0.015157537424360023 0.0775215764742925 0.06012018349481382 0.08804930951556483 0.07475560146092858 0.04625347200204798 0.04360060133545086 0.06913155901962993 0.08100303621002895 0.06642976467980863 0.0223227792097366 0.08570290149980557 0.08519909894558929 0.0728018985275077 0.006878829216565234 0.03442377514227934 0.04164821405289508 0.07508084808395224 0.08148269030355354 0.03160495013410491 0.03672394516795611 0.032112138875425335 0.037254372802468724 0.047069957017313514 0.041435766355594504 0.09004368370210648 0.06320291026833018 0.05862472816155251 0.03031910983702232 0.03315079142361814 0.07641611194997243 0.026649844039734697 0.061171459696719166 0.07162177409017029 0.0426316657991844 0.08496333730311245 0.09514253208064782 0.040190894757643564 0.058282091510892725 0.057112216494594435 0.03561650687674074 0.08166326064566704 0.07903342026071923 0.0689846222204477 0.021390744216246715 0.08059067577512136 0.1011591603750394 0.03647192306139693 0.07229604168216569 0.0329263209557675 0.07268083656048961 0.04098628968045966 0.04806989289692558 0.044964770437929805 0.07175684791617311 0.0005298762521066191 0.012187892957852437 0.05769156387111007 0.02674332323783411 0.0695016418340972 0.006818813654406719 0.0510056303676222 0.09276495419221997 0.01145491001847179 0.09156733193585237 0.06308463585927065 0.08463461273422827 0.022102533169347405 0.0703595978757485 0.08917533713382673 0.06498423575337559 0.07269613805042999 0.031106880178049 0.03760224683622273 0.07763959667875446 0.07240925810075166 0.023940821262492876 0.06366138480948279 0.0015270832656111846 0.03247520445218515 0.03501944567793501 0.02999488454425561 0.07087008935307129 0.005179334377259451
 0.09271133505808025 0.08913385005654878 0.09128842283605965 0.07052735114554512 0.07497868359329639 0.09544698028928171 0.06319795650723106 0.06357282053920249 0.09723434567004169 0.1026716860705442 0.12576239092003055 0.05422267995271486 10000.0 0.11290047408141589 0.0810502883022364 0.061283709429910564 0.08817759902650216 0.04929417789478921 0.054294671859337125 0.025417629646670315 0.055906782193795766 0.07505494827300187 0.12028993151051905 0.06853541192631916 0.07934572780409542 0.08194940297545185 0.10075942641817816 0.12359680299925646 0.06758047136840928 0.10194389601116403 0.03393359005072808 0.0874526117769926 0.005654107382154707 0.06563021076483436 0.11255996319118883 0.09408447073357569 0.03392579562763396 0.06567673165338686 0.09317102862868056 0.12656724188502458 0.10391610733435223 0.09272215813821105 0.06769430339989246 0.0779660749206611 0.062068695101540707 0.09733063586441779 0.016349579111730732 0.10542477623359081 0.01201751252991594 0.05058594026934076 0.07111541663993509 0.10988234502022393 0.06714669859913783 0.0461308527062383 0.09056830698150352 0.04869672820127365 0.056955102263269476 0.06323884680058593 0.11207189261177143 0.09572205105688972 0.09720660744174438 0.10275231572736866 0.06041121044040673 0.08534085463758409 0.08470037373292817 0.12473351044928992 0.054191655603901386 0.009153500487115737 0.09733357928436454 0.07749162270715446 0.10300165794433218 0.07493640667785985 0.05288736239791975 0.06870553748630473 0.0793654579545381 0.08478925549100481 0.05957610539049943 0.0515075278554778 0.08393910251256277 0.0771625571713668 0.09724021615199686 0.033614220240659874 0.05550007463793797 0.07873059750454663 0.0626895901253479 0.06775496713054943 0.06971180207517633 0.10933714941352048 0.10649503198529385 0.06709002648091325 0.07388199038011294 0.08450537352651258 0.06709955649245476 0.06409409475883289 0.041447695883900855 0.11244491789617823 0.08703888955440363 0.11283362497422177 0.12841563467142428 0.05033757256835399 0.08725768489895859 0.019445640481091396 0.06263318536266578 0.1017098160792587 0.1115264124487022 0.05755549454431322 0.0647783568885126 0.07489521368005474 0.08734666613436796 0.08339083925959952 0.11127616464243083 0.08653290567602409 0.10548578674763746 0.0765813424982621 0.03778424954606064 0.09772423256090514 0.09341797124595226 0.054581314911164955 0.06623940402049688 0.01774874935607163 0.07824503041561033 0.05404145035151327 0.047523785529326394 0.09069425296058467 0.12823217923198177 0.06331362925235845 0.09576867369841144 0.06587060918829979 0.11064370697097911 0.055657063995447655 0.1078449291776491 0.09949490246445744 0.0660153586588575 0.08330486970009005 0.08513339809381636 0.08948284909541113 0.11424406696453822 0.11149455867660996 0.05601160505026168 0.04555640679956913 0.05322739606340364 0.058155950084255156 0.07891805685113892 0.07163825076606171 0.10500703218500805 0.05887106874456639
