NAME :TPP_input_17_4_3
NUM_VERTICES
65
NUM_CLUSTERS
17
Full Matrix
 10000.0 0.03315335290106419 0.06153409074153875 0.05589073681304699 0.06765567063516 0.06230279499265005 0.07218176517032347 0.029199082080420907 0.09149883436897034 0.04073302734282212 0.05991757656555658 0.0608213087583339 0.020562170442957203 0.0732794926558017 0.048184226075219105 0.07496479028509735 0.049598766433991026 0.05840552897560096 0.04515497905717256 0.06768073011620528 0.05843912151035072 0.02978642147993878 0.08924394264931175 0.07149745211363703 0.007250185805268446 0.042425961326819826 0.04955209287031247 0.07521268909553583 0.06564549937584503 0.09531864477473398 0.081798851074959 0.07127220305210055 0.06487818026395992 0.021216570729107327 0.05129701056745222 0.07041512277898206 0.006188298396072072 0.018492834651765138 0.07683506751666253 0.0568660151427058 0.06172272919945372 0.10151614436597192 0.06038716909584822 0.040726487448368806 0.07549644976957605 0.0678592505743756 0.023280430149034265 0.039299340656900876 0.03928315648810728 0.07667695897784188 0.059542787491165344 0.023379064860198723 0.04199177815163703 0.06557112215028596 0.08286531527229381 0.06402499409089929 0.08103114803989513 0.06907100383200185 0.04973164236329924 0.07536112060799219 0.058701844762630066 0.07077656154298172 0.07969397523382321 0.07774731017706761 0.045659547032856414
 0.03315335290106419 10000.0 0.07446888629317894 0.02275716753488856 0.03520259063360873 0.03953902464983197 0.06839131461570958 0.05601156016484078 0.07624545983942133 0.06379977879316812 0.06122511564920708 0.052033288952192634 0.033906739359713806 0.05219614373873654 0.03250632002680465 0.04207993433861123 0.06763271844562248 0.047936018423498594 0.05957958017690238 0.0441923940306082 0.056526643002401074 0.030068666443672534 0.08193851008103102 0.04230376454309462 0.026285871036932223 0.014991483160589325 0.026137220791072294 0.04486112732220709 0.033069365039771856 0.07932905620258245 0.049353890994756545 0.03812174975386047 0.07266779255893195 0.024782279888524328 0.03426498019228469 0.06165860159900392 0.03929865515487272 0.027941245043204443 0.05620488788149317 0.03714569115941261 0.053252347000525654 0.08143892071757199 0.06882926475382097 0.05437695592986635 0.06132465210564347 0.05792565480203466 0.03552569678080822 0.009705121402999048 0.0625932632140056 0.06868818705944706 0.027168891356969874 0.03702932030327679 0.011143727115133978 0.07345562030696097 0.08326596223370118 0.042183142169676696 0.053649593589732106 0.04144843528246792 0.04237884357156484 0.04222979948498034 0.0653565453878901 0.04448664705697208 0.06600685013424858 0.0470428841987283 0.06222039986795168
 0.06153409074153875 0.07446888629317894 10000.0 0.08873019352742477 0.10442601383778685 0.06665613907245728 0.03529487954677564 0.03846461829311702 0.06626605878424911 0.02697646382664746 0.02427206450313203 0.04239366829181511 0.043802955296466765 0.06789271816083838 0.05368346640146191 0.10843229405916469 0.01456569169961812 0.04516966938701665 0.01643022952124404 0.07005107940313327 0.030400215390048883 0.0444138267348761 0.05009062978040537 0.08421921696567859 0.06502705328127592 0.08937369084818426 0.06464428871049746 0.08971104578903545 0.10217779117177285 0.07013679116579598 0.11691655267502545 0.10100142953999956 0.011172729785010433 0.050914841708934955 0.05546194202589709 0.04398239233409944 0.061634725832484444 0.07886092426182002 0.06869950973771587 0.060105326783863496 0.04189600373602657 0.08264594717365355 0.010084738130889812 0.021275802896286958 0.055778384456869085 0.04546394371715157 0.041248638218255654 0.07147417151305342 0.028054209500177604 0.04475789193402779 0.0863471893352465 0.04026192155591635 0.08541502672992744 0.011112253938317738 0.03284324812715772 0.06559509699547034 0.08556070580433528 0.07914203238644922 0.04128657095595573 0.10590189713690795 0.014245788064756156 0.0771462725794622 0.05673995824350787 0.09249841392736148 0.01626195900956608
 0.05589073681304699 0.02275716753488856 0.08873019352742477 10000.0 0.015717478632407373 0.03404942446144089 0.07359523430092077 0.07692633216380879 0.07177082733530464 0.08310631071371954 0.07060408665005465 0.056310126100891346 0.053576122961532406 0.04546902750777639 0.037161669800505594 0.020527510242327206 0.08472480838034409 0.051845267710060566 0.07580434570958544 0.03647290371087783 0.06465643373860123 0.046104045668691765 0.08322410808668518 0.026836158395845383 0.049039345558923635 0.021183612342861684 0.026083517789936287 0.02699336719201183 0.013490633539659087 0.07392758115252326 0.028680885141078034 0.01540125848878127 0.08441813250844966 0.0442582632561303 0.03692075193617314 0.06425323245382776 0.0620475047820375 0.048898542073962985 0.04924227680243416 0.035961626530216104 0.057519179979699624 0.07217693522742585 0.08128749653094906 0.07083691494457342 0.05962498820323726 0.060229807858897866 0.054509681312692765 0.01874540272195183 0.0820517667368919 0.0708813621826307 0.008002489015318815 0.056133177591016284 0.01704987762845622 0.08518672813426542 0.08971958583322977 0.036975187533568495 0.03913099110983574 0.028722150407443785 0.04999799950019949 0.019731762101234382 0.07722917431692794 0.03302262557498628 0.06404782432444532 0.028322317470368695 0.07910529227906558
 0.06765567063516 0.03520259063360873 0.10442601383778685 0.015717478632407373 10000.0 0.0475149731573395 0.0885672542022235 0.09100798038221342 0.08378103637111006 0.0979471507749895 0.08618216261234715 0.0713537352783676 0.0681353087115733 0.05760517164118825 0.05265050629867838 0.008207037086979698 0.10012612053705125 0.06690934669598819 0.09130958609623689 0.04884580041113809 0.08014903747817573 0.06144930765994281 0.09710518565033713 0.035751049227460245 0.06048671814702425 0.026779019698226398 0.04142804524969377 0.033489894898408416 0.002265955945963793 0.0854559920053759 0.014173787223872256 0.011497146604245473 0.100109983945432 0.05878292088466026 0.0521739002129395 0.07880280250703761 0.07362889131554375 0.057236863966136295 0.06104251081567565 0.05053856491621942 0.07253980256373412 0.08170061996073928 0.09700143474999938 0.0862917344173817 0.07306848323888714 0.07479102572283138 0.06930665953227107 0.03373018451183666 0.09683517319628444 0.08521281510163144 0.020240118896690078 0.07090647408762668 0.025729684825656282 0.1008768207880117 0.10478491010506913 0.050308889678323566 0.0470486031991162 0.039340969598343885 0.06556616777514525 0.011539197129055875 0.09293364582198185 0.043828081052578134 0.07727035474029036 0.03348064365283066 0.09452437914227539
 0.06230279499265005 0.03953902464983197 0.06665613907245728 0.03404942446144089 0.0475149731573395 10000.0 0.042477632508910214 0.07043584624334442 0.038167762358219705 0.07133069200808521 0.043975940592753726 0.02625620247023721 0.04838274477736853 0.012691317740568305 0.016094840353535263 0.04804220798978247 0.06794713529466684 0.022304050266997378 0.058560396718167616 0.005390848301753645 0.03740824486771593 0.036634294814153624 0.04959022732601409 0.017720813163678604 0.05798868227201624 0.04945072569779922 0.01367594946398949 0.0232150555274072 0.045691906221061826 0.04073471070929237 0.05623234971210089 0.03958164708092164 0.05921031285545405 0.04205192966845386 0.013037606856441317 0.0318929607694651 0.06788275722527175 0.06548103232494014 0.01671210738811085 0.007012225750994465 0.027256108152953817 0.041906609515702305 0.057339470194367664 0.054830097813077794 0.025644695393509668 0.02798580744983145 0.04748098416730668 0.029889966965940287 0.07078198267399169 0.03793007980492186 0.027379325596544008 0.04889335986556283 0.043824387876799556 0.05988397057688972 0.05869592391731563 0.002950580282743539 0.020731330506306277 0.012528466177784223 0.025691577112472424 0.04404033096917433 0.052941842815775055 0.010825073690785319 0.030008664409308158 0.025933102686851672 0.06262666816352343
 0.07218176517032347 0.06839131461570958 0.03529487954677564 0.07359523430092077 0.0885672542022235 0.042477632508910214 10000.0 0.06172605056096145 0.030982293748004545 0.054878472843344885 0.014200391666564916 0.017293340157768348 0.051692795468554514 0.03824713770855269 0.03712641293861383 0.09013279396235005 0.04495807026947503 0.021759371906038178 0.03853401623412934 0.04367329386176741 0.013742702409788095 0.04373259169595813 0.01773668610000267 0.05948733499789763 0.07212056090176311 0.08252739994697823 0.047594823948886575 0.06476777875603323 0.08653571676935881 0.03484224067018454 0.09847170963954098 0.08178113790279319 0.024377332406259406 0.05305645065675152 0.03676548301537263 0.011267306855607697 0.07522103683240147 0.0847142303478402 0.03763481859179855 0.03811900401572142 0.01607759120245976 0.047508673478621234 0.025601316727349208 0.038789229525272195 0.02261449751066577 0.01470758090948296 0.04907226351002388 0.061304352091973505 0.05524694070526841 0.00951389345747045 0.06843638697842341 0.04929812244837915 0.07728511390095325 0.024673538903929676 0.016274429563531503 0.040254141073382974 0.05681982150243868 0.0542439490145846 0.02604865707159588 0.08637285415254133 0.022498485168529436 0.05089371415860781 0.022277339473752204 0.06719451178920595 0.042079175879229505
 0.029199082080420907 0.05601156016484078 0.03846461829311702 0.07692633216380879 0.09100798038221342 0.07043584624334442 0.06172605056096145 10000.0 0.08847055436216333 0.012663618842724218 0.04756468826989765 0.057256577488910415 0.023725655372519493 0.07801301798257843 0.054341702188559306 0.09731400624432594 0.02422992891014788 0.05695508662196037 0.024588829444485077 0.07551485685473074 0.04941793873126632 0.034250916756177 0.0793898602944533 0.08460485853942552 0.03534301783695741 0.06857449911024999 0.061193008534551736 0.08941995695921094 0.08881314413487351 0.09257168603187864 0.10504106998523641 0.09191876861642594 0.04562256943921547 0.03279086648851404 0.05744989062052802 0.06466022713865927 0.0266085342707524 0.04764579958721537 0.08062838145587921 0.063612129717872 0.057647503755516936 0.10211094311950883 0.0414205514453107 0.02299336330959709 0.07362449390437198 0.06365374843863168 0.0236022430014906 0.058278955197980355 0.01124789056045323 0.06913796008718369 0.0781406016416097 0.022020805266610995 0.06666238817645677 0.04611316105190981 0.06721976597556008 0.07101652110675516 0.09111155325586284 0.08072605647824041 0.04847118166020851 0.0965439100760457 0.04174370036190296 0.08084780593223337 0.07673951373324382 0.09224369960480576 0.02266377692195417
 0.09149883436897034 0.07624545983942133 0.06626605878424911 0.07177082733530464 0.08378103637111006 0.038167762358219705 0.030982293748004545 0.08847055436216333 10000.0 0.08376398638254606 0.04356308479193673 0.03160769659176282 0.07271472417052581 0.026334722637749945 0.045034403701967415 0.08245677244112033 0.07505435581152707 0.03321611403507168 0.06757186060421654 0.03531123385937005 0.03962244881902829 0.06181203482458879 0.021645879108032843 0.04858667357043871 0.08921805929675075 0.08742662615213818 0.05033105925556098 0.05240662161514335 0.08223576662446264 0.00410844716090831 0.08976839258228338 0.07408115945775405 0.05534626456421646 0.07037050615347362 0.04253936893255879 0.023998345748724448 0.0959333513031356 0.09944846906711644 0.02274310434095531 0.03911229765900251 0.031024254069891597 0.016868096002041654 0.056466524888042845 0.06657401227316405 0.016007847099919287 0.024867216383786743 0.07062910493437874 0.06698508585771083 0.08388852466769509 0.021512112330515292 0.06447212627864321 0.07143136107564302 0.08179004658766592 0.05561819187408112 0.04047134326711798 0.035229430863141994 0.040005370950802296 0.044476146751380084 0.04209909691243791 0.07771764756349263 0.053043154913959514 0.040008076661135115 0.011950321377428815 0.05384804690909481 0.07147447712705758
 0.04073302734282212 0.06379977879316812 0.02697646382664746 0.08310631071371954 0.0979471507749895 0.07133069200808521 0.054878472843344885 0.012663618842724218 0.08376398638254606 10000.0 0.040811544296578545 0.05388015137965061 0.029927475295914985 0.07706456896592606 0.05553563117647656 0.10363342600565467 0.01241093712585558 0.054567415980740684 0.0163601530137971 0.07602351277535256 0.04414545063347889 0.0376583284190776 0.07206800194761019 0.08702383527541795 0.04619548642666759 0.07741116563108294 0.06413573928600873 0.0921642532402142 0.0957025585824427 0.08786124029765292 0.11169167965743186 0.09752116366278346 0.035569885646151794 0.039227325079310635 0.058369667151784085 0.059780458881823303 0.038872039297056786 0.0592018269141531 0.07915871797263693 0.0643253869727956 0.05400597762845322 0.09856683242754162 0.03179241397473646 0.017518350334800988 0.06999770854961694 0.05953432225831327 0.02864306056897159 0.06439036509612463 0.0014609777065203876 0.06322255935040175 0.08319345672277509 0.02704068606119025 0.0748233145493513 0.03593626526150398 0.05785068288584734 0.07138918579089124 0.09198941698879821 0.08265806550452866 0.04700248369894479 0.10230492465974045 0.03314709040968663 0.08208925667795738 0.07249712741539376 0.0950325550579307 0.012934763826524238
 0.05991757656555658 0.06122511564920708 0.02427206450313203 0.07060408665005465 0.08618216261234715 0.043975940592753726 0.014200391666564916 0.04756468826989765 0.04356308479193673 0.040811544296578545 10000.0 0.018422754650907182 0.03937741401089556 0.04382626631835589 0.033566315721410514 0.08900708305518588 0.031492534002123033 0.021760038735441058 0.02445164848146981 0.046757225784179283 0.0065727722527546195 0.033365518904740356 0.03182591030424821 0.061696163987552295 0.06071477887910573 0.0760119673246048 0.04486135955648089 0.06718683049753907 0.08401518155959446 0.047602406763760007 0.09751230687941356 0.08103878658860349 0.015297272610115077 0.04236290297836828 0.03446720395470976 0.020126625135797722 0.06240884506671844 0.07391608880848585 0.04446854121210942 0.037992331191160855 0.01779190968230105 0.059314596535474724 0.014229776215198602 0.024600408300271083 0.03168232470935399 0.021235674953747025 0.036638699141656295 0.05564725063876285 0.04112822774305495 0.0224878604515659 0.06677054308421 0.03660976954046997 0.07118448359338096 0.01594206959162463 0.023216619235415792 0.04251228352743019 0.061832497771479145 0.056480536070752145 0.020616001109492455 0.0858556347590707 0.010067765280063682 0.05400967655200575 0.03308912479142868 0.06987850170884016 0.028141366918406716
 0.0608213087583339 0.052033288952192634 0.04239366829181511 0.056310126100891346 0.0713537352783676 0.02625620247023721 0.017293340157768348 0.057256577488910415 0.03160769659176282 0.05388015137965061 0.018422754650907182 10000.0 0.04135716646439185 0.02549911074687652 0.02002692181213081 0.0731709327687739 0.047090073240729655 0.004466256926223972 0.038437680015823025 0.028519438946456362 0.012007120763630284 0.031070350897837405 0.03015227115140127 0.043844791775087454 0.059402498359609174 0.06575977793305694 0.030302389388183422 0.04928933775292103 0.06930274636203006 0.0356520921632532 0.08157441624794616 0.06490356568203945 0.03367208118700429 0.040139605930524264 0.019480641801417464 0.009959320131433134 0.06486183435757166 0.07094917226148935 0.02648287263206944 0.021125410171025857 0.0012404282917104876 0.044932136625033876 0.032507397255262714 0.036366590319260005 0.016370307273456907 0.0070428832156832445 0.03915706473445209 0.04441628566325019 0.053787867043882776 0.0168685758553845 0.05129098897434407 0.039891250362373974 0.06040900127661067 0.03428564954181635 0.03343631264555127 0.024467204945218785 0.04341108291737286 0.03858255831763334 0.01116693034171885 0.06957949650370958 0.028179552338349456 0.03581863902775321 0.01968301563741061 0.051902776790363064 0.04257472424714317
 0.020562170442957203 0.033906739359713806 0.043802955296466765 0.053576122961532406 0.0681353087115733 0.04838274477736853 0.051692795468554514 0.023725655372519493 0.07271472417052581 0.029927475295914985 0.03937741401089556 0.04135716646439185 10000.0 0.05754249299728272 0.03258769778599533 0.07407138597313191 0.03447195685881134 0.03953374395901905 0.027605062080271962 0.05367256003982774 0.03795629756112759 0.011875272037246231 0.06891300257287476 0.06136247299893196 0.021889620465159645 0.04785921914760298 0.03793530793449992 0.06601479254638319 0.0659023466139599 0.07666868927788549 0.08199508103461874 0.06837379148656256 0.045394454928861815 0.009354143406978325 0.0358137399257765 0.05059668910597773 0.023693424438411617 0.03562828513521044 0.06066640866088067 0.041923788716184573 0.04214272014182165 0.08418956830703087 0.04097562634272527 0.022546383982274935 0.05687018949627504 0.04837419911180002 0.0027887255811324388 0.03483868585292249 0.02875770667359596 0.05658792080913357 0.05445140826439315 0.0035491553338841985 0.044981341844222665 0.04612777020627574 0.062407705950284935 0.04941128279413548 0.06871949579881531 0.05776832993576935 0.03062076171644604 0.07305839094836927 0.03880443812613844 0.05833030146005937 0.06077767495969736 0.06880983353441512 0.029408031833970026
 0.0732794926558017 0.05219614373873654 0.06789271816083838 0.04546902750777639 0.05760517164118825 0.012691317740568305 0.03824713770855269 0.07801301798257843 0.026334722637749945 0.07706456896592606 0.04382626631835589 0.02549911074687652 0.05754249299728272 10000.0 0.0252490741806403 0.05680352502477377 0.07178309081069695 0.02313947959144391 0.06271242416428915 0.008997670294744856 0.037500449746561554 0.045678910771219744 0.04101564132310899 0.023259436108507822 0.06950344380752999 0.06199514595746891 0.026166831061105712 0.02789842033218141 0.055998783011192065 0.028495339035758058 0.06448708894971648 0.0483278462644947 0.058930185536048084 0.052409542941005666 0.022056249621489537 0.02697991175663703 0.07858381009484984 0.07773107699415291 0.004021290203254096 0.016463644708097462 0.026039566197404305 0.029325264523208192 0.05798801923852253 0.05978600960344738 0.01704548080562918 0.023839400722543445 0.056200636595349275 0.042568256339815674 0.07672803398710841 0.031374304327381114 0.03813899340266174 0.057444290479351665 0.056384517622384285 0.05950158748883006 0.05363230006944747 0.010027704370794322 0.018576369213651026 0.018589749493811192 0.030068251332232558 0.05227359594594194 0.05367457834465773 0.014299310953789161 0.02043044773663261 0.029939513825739634 0.06687854807150308
 0.048184226075219105 0.03250632002680465 0.05368346640146191 0.037161669800505594 0.05265050629867838 0.016094840353535263 0.03712641293861383 0.054341702188559306 0.045034403701967415 0.05553563117647656 0.033566315721410514 0.02002692181213081 0.03258769778599533 0.0252490741806403 10000.0 0.055514945030948205 0.053059733138836454 0.015693364810873064 0.043637407520486164 0.021221531084306654 0.02750439724957498 0.02073507560260072 0.04949729461527536 0.031722725310967134 0.0448642452687411 0.04580964069557593 0.011305285733110983 0.037043272230712486 0.050501232991941106 0.04851413175692878 0.06403027953898248 0.047691685658130964 0.04791441871505529 0.027179316511232676 0.003231218129801038 0.029288452266102234 0.053376604324296 0.05443741120755529 0.0286815260867183 0.009357868155313295 0.021267267061650472 0.053424594719202266 0.04522327622140652 0.039519032004343306 0.029404946798021137 0.025472466819533485 0.03151526722957065 0.02443668915669412 0.05492436406219022 0.036305667969084375 0.03325833639036171 0.03288701999835027 0.040412337514724846 0.048659790472608204 0.052936347918756 0.016845323189859464 0.03680056792607345 0.02715830554735985 0.012985267464264073 0.05255675319471934 0.04096067445365821 0.02664962165125778 0.034027819608433756 0.039909159635542146 0.04757627525839662
 0.07496479028509735 0.04207993433861123 0.10843229405916469 0.020527510242327206 0.008207037086979698 0.04804220798978247 0.09013279396235005 0.09731400624432594 0.08245677244112033 0.10363342600565467 0.08900708305518588 0.0731709327687739 0.07407138597313191 0.05680352502477377 0.055514945030948205 10000.0 0.10505734161121216 0.06880582789551808 0.0960356807522302 0.048467817030462136 0.08276042797078155 0.06652924393108181 0.09727786086729075 0.033870164507013065 0.06786505361512338 0.034818315991853185 0.04421835516767065 0.03050127893476793 0.009668790763893619 0.08376349704058461 0.008517579153610736 0.008507877591524658 0.10339955818349547 0.06473767785808723 0.054582130960570865 0.07987324597609795 0.08101052779921104 0.06521520051606544 0.05991936472205739 0.052062002301367184 0.07430995626643483 0.07876392144253937 0.10054162867386893 0.09113450019138525 0.07305005673506523 0.07591603612553041 0.0750349614000612 0.039264098282938746 0.10257904482606818 0.08596658328681928 0.022257186161216146 0.07665736065596232 0.03333146452287893 0.10415093514630384 0.10640722016347468 0.05063943770898806 0.04399451568827708 0.03821562988544402 0.06849645115159429 0.0051215269074107814 0.09635707421678374 0.04258613431083525 0.07700089891947927 0.029819113414879257 0.09942758029718599
 0.049598766433991026 0.06763271844562248 0.01456569169961812 0.08472480838034409 0.10012612053705125 0.06794713529466684 0.04495807026947503 0.02422992891014788 0.07505435581152707 0.01241093712585558 0.031492534002123033 0.047090073240729655 0.03447195685881134 0.07178309081069695 0.053059733138836454 0.10505734161121216 10000.0 0.04868108424739799 0.009424378047557153 0.07213889950902758 0.03604804740149188 0.038677967448298725 0.06149094228719365 0.08473094402962993 0.0540415051351356 0.08207653430166305 0.06299741280515192 0.09009236190876906 0.09786034215439171 0.07909472920241784 0.11337660959534482 0.0982682131084389 0.023676244507969128 0.04296919674069334 0.055490020126881485 0.05140617804725178 0.04883893151671533 0.06765458235084572 0.07334956019517469 0.06100038435323146 0.04696212085401682 0.09063191080119531 0.020314043791760963 0.01394572937363948 0.06245815047162343 0.05184551697905278 0.0323676131479398 0.06643924309683186 0.013511634825761497 0.053876012072131885 0.08363125972500263 0.031021457207640005 0.07877440437359308 0.023958997737075313 0.04608717826366204 0.06750306440479595 0.08811455419389698 0.07998310901772329 0.0424282456463899 0.10314890649157628 0.02251998842556377 0.07875923588814383 0.06436624070344535 0.09295412925571835 0.005634868009322856
 0.05840552897560096 0.047936018423498594 0.04516966938701665 0.051845267710060566 0.06690934669598819 0.022304050266997378 0.021759371906038178 0.05695508662196037 0.03321611403507168 0.054567415980740684 0.021760038735441058 0.004466256926223972 0.03953374395901905 0.02313947959144391 0.015693364810873064 0.06880582789551808 0.04868108424739799 10000.0 0.03970506894995106 0.025026297425796436 0.015190904926000542 0.02864321306270501 0.03403411701612683 0.03999916380598126 0.05655354794386412 0.061491674937502315 0.025837652315146464 0.04547714202037889 0.06485258952687716 0.03714242700619496 0.07722680610627862 0.060569913710706434 0.03704966838951498 0.03742394067743053 0.015022935900204256 0.013732429406126154 0.06273021806622572 0.06769285497124367 0.024728337392243935 0.01682069022232653 0.00568655331186623 0.04527747577418154 0.035497949688181485 0.037098927420726145 0.0173396056871326 0.010155472312329352 0.03752468969697024 0.040125228993567366 0.05435646697536207 0.02075884975185771 0.046872611013936125 0.03841244589271749 0.0561054804768049 0.0377014194806423 0.03789160659799951 0.02075275597529225 0.04039166829586356 0.03476216376395002 0.008927354638271844 0.06527083171853541 0.0311107807088728 0.03225645123089638 0.021321023948273992 0.04814546990648008 0.043872393272770094
 0.04515497905717256 0.05957958017690238 0.01643022952124404 0.07580434570958544 0.09130958609623689 0.058560396718167616 0.03853401623412934 0.024588829444485077 0.06757186060421654 0.0163601530137971 0.02445164848146981 0.038437680015823025 0.027605062080271962 0.06271242416428915 0.043637407520486164 0.0960356807522302 0.009424378047557153 0.03970506894995106 10000.0 0.06280790866624934 0.028030938907548774 0.03000018343853502 0.055827031053085334 0.07530690750144486 0.048608728757238415 0.07427589101495133 0.05364265783771591 0.08066817864911359 0.08904421567598596 0.07165827518275622 0.10440089501146034 0.08911710672122311 0.02121191413071873 0.03530322137892045 0.04606798567373294 0.043642167754013805 0.0455190988831278 0.06243730453763488 0.06443032510849753 0.05160186056249461 0.038422205973891475 0.0826686818247932 0.01689268571911711 0.005212684847455388 0.05422354569845091 0.04365763101070304 0.025163283394800517 0.0577340081611912 0.016719414304167818 0.046880870117134835 0.07445291096571728 0.02405632505651891 0.07067843549525775 0.02176246493556109 0.042644321447905795 0.058165533592879265 0.07880093055122234 0.07056557438511861 0.03311947092515642 0.09400790111181066 0.01726449053945515 0.06937838759116179 0.05647676038241156 0.08352981437278682 0.004167981008583917
 0.06768073011620528 0.0441923940306082 0.07005107940313327 0.03647290371087783 0.04884580041113809 0.005390848301753645 0.04367329386176741 0.07551485685473074 0.03531123385937005 0.07602351277535256 0.046757225784179283 0.028519438946456362 0.05367256003982774 0.008997670294744856 0.021221531084306654 0.048467817030462136 0.07213889950902758 0.025026297425796436 0.06280790866624934 10000.0 0.04020091716287532 0.0418840211054662 0.0488397580127787 0.015858253240548917 0.06330910564283156 0.053282725549260404 0.018758861851602318 0.021094666416418367 0.04718158839915291 0.03748506498258434 0.05637302468094179 0.03996120926910229 0.062054431031838594 0.04743642993737167 0.01807011736625434 0.03264776796634818 0.0732712037400762 0.07055476331808846 0.012847964285613403 0.011902811992598353 0.029374250836865998 0.03737642061463921 0.06049528597237541 0.05928008533018914 0.024599570726659407 0.02896882564033195 0.05270957819964627 0.03449226058387065 0.07552329295818949 0.03806290464542904 0.029192968698614014 0.0540993406431483 0.0476998349503836 0.0626954005656212 0.05966174284714877 0.004650828236007055 0.0160127005328173 0.010687956973936527 0.029713156874792077 0.04412068462631474 0.0561003213276017 0.007311764057861587 0.028554345529327747 0.023559930597410114 0.06691663436728167
 0.05843912151035072 0.056526643002401074 0.030400215390048883 0.06465643373860123 0.08014903747817573 0.03740824486771593 0.013742702409788095 0.04941793873126632 0.03962244881902829 0.04414545063347889 0.0065727722527546195 0.012007120763630284 0.03795629756112759 0.037500449746561554 0.02750439724957498 0.08276042797078155 0.03604804740149188 0.015190904926000542 0.028030938907548774 0.04020091716287532 10000.0 0.030244329627446945 0.031118028024320444 0.05512751282525771 0.05846804050652515 0.0711106534905754 0.03873901403311085 0.06061694656506741 0.07800443974611164 0.04372293285871768 0.09125317441914628 0.07472380707916225 0.021859085491540985 0.03952475160969329 0.02817833136406182 0.0156356505651885 0.06152013822195614 0.07122664101758196 0.03834442427986364 0.03148223140009333 0.011502497641730638 0.05467573466025247 0.020501943376986756 0.02701147189434912 0.026414796380832824 0.015802638766160833 0.0353486120289312 0.05035918900376051 0.044268002058993505 0.019752619764242613 0.06056007995829629 0.03561278359445323 0.06611654507760358 0.022511112007054537 0.02679022410188031 0.03594156956296159 0.055360824309423726 0.04990936341623323 0.014761649915567533 0.07951890465849533 0.016174181311387457 0.047445216425657556 0.028450891313120338 0.06330639567280492 0.03202431937519816
 0.02978642147993878 0.030068666443672534 0.0444138267348761 0.046104045668691765 0.06144930765994281 0.036634294814153624 0.04373259169595813 0.034250916756177 0.06181203482458879 0.0376583284190776 0.033365518904740356 0.031070350897837405 0.011875272037246231 0.045678910771219744 0.02073507560260072 0.06652924393108181 0.038677967448298725 0.02864321306270501 0.03000018343853502 0.0418840211054662 0.030244329627446945 10000.0 0.060110547795998025 0.050367173185138635 0.028565980285223412 0.045015331088306236 0.026995728889668683 0.05524413514369569 0.05918365991439243 0.06568266100035947 0.07478191888918262 0.060050967300664455 0.04300896612372663 0.009333206761373 0.023955583870611197 0.0407763642246753 0.03413763552377542 0.04099453468471014 0.04884120244788256 0.030085138177763992 0.032004702438068196 0.0726338740468244 0.03899367364958095 0.02489750797004366 0.04583815735899844 0.03809794031863543 0.010862278331756337 0.027771544675146705 0.036764390258985695 0.04723490452250284 0.045596842904193836 0.01232957120954014 0.04100626936021652 0.04379201442193913 0.056477433875971525 0.037574908996123826 0.05712114903923301 0.04648916806522167 0.01994973395847522 0.06488326647014114 0.03578283170263693 0.04677390058121504 0.049956622683959125 0.058083671110080934 0.03308399432456344
 0.08924394264931175 0.08193851008103102 0.05009062978040537 0.08322410808668518 0.09710518565033713 0.04959022732601409 0.01773668610000267 0.0793898602944533 0.021645879108032843 0.07206800194761019 0.03182591030424821 0.03015227115140127 0.06891300257287476 0.04101564132310899 0.04949729461527536 0.09727786086729075 0.06149094228719365 0.03403411701612683 0.055827031053085334 0.0488397580127787 0.031118028024320444 0.060110547795998025 10000.0 0.06422243412980094 0.08867542163949868 0.09519301281182636 0.05835422387786952 0.0689056036811392 0.09527144074161079 0.024229383502038588 0.10521112639490544 0.0887703710072637 0.03894025023798714 0.06941554635945751 0.048171114730816575 0.020303761191527003 0.09256144914883305 0.10076217873317096 0.03871097453947695 0.04742936166011382 0.028989732053764726 0.03796567471983679 0.0413524986401881 0.056413729412823875 0.024240463234249734 0.024025431601705772 0.06636580046165158 0.0738348139951206 0.07252928002624855 0.01329324665070484 0.0769398283076939 0.06669586280911842 0.08970505729086274 0.038979932411309384 0.019870830452679313 0.046817102991817315 0.05818738968847704 0.05934543853679367 0.04093175031769221 0.09295947487411224 0.03905900141520806 0.05523783915381694 0.02061315746802317 0.07086544651165212 0.05915900379746401
 0.07149745211363703 0.04230376454309462 0.08421921696567859 0.026836158395845383 0.035751049227460245 0.017720813163678604 0.05948733499789763 0.08460485853942552 0.04858667357043871 0.08702383527541795 0.061696163987552295 0.043844791775087454 0.06136247299893196 0.023259436108507822 0.031722725310967134 0.033870164507013065 0.08473094402962993 0.03999916380598126 0.07530690750144486 0.015858253240548917 0.05512751282525771 0.050367173185138635 0.06422243412980094 10000.0 0.06591221060036083 0.047030752520516285 0.023439120338664396 0.005501318824129972 0.034471855426582 0.04995179015452425 0.04131247355913611 0.025523197634578422 0.07692903875952135 0.053510803754460295 0.029253072750277047 0.04850249648147014 0.07752142894625796 0.07021027469978712 0.0261277168376435 0.02412066951110483 0.044792140545946324 0.04609870954827023 0.07500819614489618 0.0712417511435831 0.04006525592090692 0.04479535825997 0.0610502476660924 0.03330311473875146 0.08633415488644997 0.053863466144027206 0.0188372957795688 0.06260277638460489 0.041954364075630704 0.07760401161803983 0.07551519763891369 0.019400710552393806 0.012305423901777999 0.005269528576350713 0.043017590915512625 0.02916584854092727 0.07061438604827129 0.00898468726337037 0.043677794149944306 0.008286238754089308 0.07927867343247733
 0.007250185805268446 0.026285871036932223 0.06502705328127592 0.049039345558923635 0.06048671814702425 0.05798868227201624 0.07212056090176311 0.03534301783695741 0.08921805929675075 0.04619548642666759 0.06071477887910573 0.059402498359609174 0.021889620465159645 0.06950344380752999 0.0448642452687411 0.06786505361512338 0.0540415051351356 0.05655354794386412 0.048608728757238415 0.06330910564283156 0.05846804050652515 0.028565980285223412 0.08867542163949868 0.06591221060036083 10000.0 0.035178760933778974 0.044785597511283665 0.06936343038391629 0.058495860177337065 0.09291481069213814 0.07461483698428471 0.06437898527057824 0.06726276239737472 0.019294228438555588 0.04783380174204197 0.06923205259077932 0.0131482650967848 0.01384477923208516 0.07320601633607916 0.053043287590524305 0.0603976593208178 0.09825433792358768 0.06282684463440458 0.043828425035560684 0.07323704334021217 0.06636697882429211 0.02466656962231202 0.03311026901382753 0.044774603830447096 0.07577740921979344 0.053055229874085494 0.025234325110105697 0.03479177816339813 0.06799064129475424 0.08390135506645088 0.0599344880791489 0.075943923929467 0.06382546367655983 0.048236554280450525 0.06838410038319223 0.06069047579333932 0.06584416791183241 0.07760522395517735 0.07181621017637237 0.049652513632684366
 0.042425961326819826 0.014991483160589325 0.08937369084818426 0.021183612342861684 0.026779019698226398 0.04945072569779922 0.08252739994697823 0.06857449911024999 0.08742662615213818 0.07741116563108294 0.0760119673246048 0.06575977793305694 0.04785921914760298 0.06199514595746891 0.04580964069557593 0.034818315991853185 0.08207653430166305 0.061491674937502315 0.07427589101495133 0.053282725549260404 0.0711106534905754 0.045015331088306236 0.09519301281182636 0.047030752520516285 0.035178760933778974 10000.0 0.037363986673892804 0.04792821696486058 0.025151553893703694 0.0901551052696366 0.04041881760064129 0.033894380190115966 0.08765286053206015 0.03911094223622694 0.04703053688393693 0.07507889246676401 0.048088092931177606 0.030469532650781835 0.06599026663421194 0.048700533459156495 0.06699581091466057 0.09046491524991167 0.08382074099990076 0.06906382492234424 0.07336807510639332 0.0712112181020513 0.04974735502247656 0.02137688365287391 0.07613455106781751 0.08207985715102976 0.02864075040975126 0.05116789072351272 0.005636585207649958 0.08844078587082813 0.09773752572071769 0.05233350794968541 0.05925356065487455 0.047821643509188515 0.056699828054653845 0.0367190906232251 0.08033865046170417 0.0516789152593377 0.0780283865947391 0.049428948351755236 0.07675590837834671
 0.04955209287031247 0.026137220791072294 0.06464428871049746 0.026083517789936287 0.04142804524969377 0.01367594946398949 0.047594823948886575 0.061193008534551736 0.05033105925556098 0.06413573928600873 0.04486135955648089 0.030302389388183422 0.03793530793449992 0.026166831061105712 0.011305285733110983 0.04421835516767065 0.06299741280515192 0.025837652315146464 0.05364265783771591 0.018758861851602318 0.03873901403311085 0.026995728889668683 0.05835422387786952 0.023439120338664396 0.044785597511283665 0.037363986673892804 10000.0 0.028248406257680058 0.03930281619782693 0.05329026190104944 0.052735053161686585 0.0364603526155905 0.0591880927390685 0.030340594610023953 0.010846674672329665 0.038697977567407435 0.05534839064478718 0.05182017158431757 0.030150909272445976 0.011340263986327927 0.031523615392155015 0.05548606395844716 0.056412008988505256 0.04916897715866282 0.03600495351648877 0.03470335928531851 0.03761886450179301 0.01667482958737763 0.06336341240875777 0.0455384363179429 0.021961423806218364 0.03917891957910197 0.031755599155830545 0.059937283763708236 0.06366128893399595 0.01614108658587383 0.03156241824559753 0.019966395924495735 0.024290346625862245 0.04134229643199553 0.052184913065423215 0.021237295952632688 0.04066447628971275 0.03108938330201962 0.05741198767836315
 0.07521268909553583 0.04486112732220709 0.08971104578903545 0.02699336719201183 0.033489894898408416 0.0232150555274072 0.06476777875603323 0.08941995695921094 0.05240662161514335 0.0921642532402142 0.06718683049753907 0.04928933775292103 0.06601479254638319 0.02789842033218141 0.037043272230712486 0.03050127893476793 0.09009236190876906 0.04547714202037889 0.08066817864911359 0.021094666416418367 0.06061694656506741 0.05524413514369569 0.0689056036811392 0.005501318824129972 0.06936343038391629 0.04792821696486058 0.028248406257680058 10000.0 0.0325032478863715 0.05345623927941178 0.03741373140682167 0.02252855749005934 0.08242525161176381 0.05790716136672291 0.034652664119627495 0.05371406384410331 0.08130300848489534 0.07278285963988566 0.030408997604132973 0.02960741956238483 0.05022229474940115 0.048376409396059396 0.08050930890350991 0.07654572685078963 0.04488590705718966 0.050062370076914595 0.06582647135342032 0.036366669009512353 0.09144592058456226 0.05890297246334044 0.019287817574395773 0.06739949955894511 0.043182039256836974 0.08309894436559502 0.08072392877834694 0.024825604410908895 0.013598143693174716 0.010716048275056662 0.04849223618698484 0.02555556390725877 0.07611561786958934 0.013935641269231679 0.04830079660655158 0.002871741397203314 0.08461924222186475
 0.06564549937584503 0.033069365039771856 0.10217779117177285 0.013490633539659087 0.002265955945963793 0.045691906221061826 0.08653571676935881 0.08881314413487351 0.08223576662446264 0.0957025585824427 0.08401518155959446 0.06930274636203006 0.0659023466139599 0.055998783011192065 0.050501232991941106 0.009668790763893619 0.09786034215439171 0.06485258952687716 0.08904421567598596 0.04718158839915291 0.07800443974611164 0.05918365991439243 0.09527144074161079 0.034471855426582 0.058495860177337065 0.025151553893703694 0.03930281619782693 0.0325032478863715 10000.0 0.08398604215670384 0.01628505497316277 0.011196301718703939 0.09790227374499215 0.05654902060983598 0.05007351003797446 0.07684518052276935 0.0716428531237847 0.055550462335451585 0.05949278896404492 0.04855360348568374 0.07049366303649234 0.08052436876776063 0.09477794855816417 0.08402582830775766 0.07128945426183762 0.07282923019139714 0.0670608259832989 0.031467723616854154 0.09459375196719992 0.08329640460637493 0.018339466634472414 0.06866216131624395 0.023800043986458325 0.09867003761413173 0.1027384169441204 0.048511641851322014 0.045990494181880795 0.03786900495001737 0.06339986980739425 0.012187952015318634 0.09071836614473965 0.04235815876175502 0.07553034417847287 0.032674815242063296 0.09225846646274927
 0.09531864477473398 0.07932905620258245 0.07013679116579598 0.07392758115252326 0.0854559920053759 0.04073471070929237 0.03484224067018454 0.09257168603187864 0.00410844716090831 0.08786124029765292 0.047602406763760007 0.0356520921632532 0.07666868927788549 0.028495339035758058 0.04851413175692878 0.08376349704058461 0.07909472920241784 0.03714242700619496 0.07165827518275622 0.03748506498258434 0.04372293285871768 0.06568266100035947 0.024229383502038588 0.04995179015452425 0.09291481069213814 0.0901551052696366 0.05329026190104944 0.05345623927941178 0.08398604215670384 10000.0 0.09086956613685385 0.07547157755176014 0.059165189140481425 0.07415754665785405 0.045920126786204454 0.028103092583677807 0.09981708680621267 0.10295141106308954 0.024686745033752195 0.0421926543336454 0.03509032804724249 0.013739210818465752 0.06038843429430906 0.07068067048566878 0.019844818648469906 0.0289523405378736 0.07461008846042991 0.06996504852117438 0.08799032753777637 0.025426535409985233 0.06647011900988697 0.07543135839675319 0.08452183945041739 0.0594171635251265 0.043574766841916725 0.03782938834021832 0.040616583520623875 0.04612131642264372 0.04604795373223879 0.0789358658310352 0.05702068704177147 0.041632137150867235 0.01597120484131006 0.05470861881319496 0.07555124973165894
