NAME :TPP_input_30_3_2
NUM_VERTICES
88
NUM_CLUSTERS
30
Full Matrix
 10000.0 0.0013356245137432382 0.03449317253240124 0.07781163964695252 0.03068094955675304 0.05768350892768164 0.06600467544696288 0.07284292606848368 0.09718195520388719 0.07142220060844263 0.07500371623918557 0.10167242354472462 0.06374739823061225 0.04285691275047367 0.07925090022394951 0.0301885677738633 0.06901878021225587 0.046489012588711874 0.04777521730215181 0.064893783294953 0.06718287027437773 0.08368519500102788 0.06069237472621273 0.019387142135177636 0.06292519707459132 0.10869797748773477 0.0964574430600841 0.046948066773087604 0.024991714399143904 0.02405753250561297 0.06500325402413354 0.014257442559232551 0.0131052317291685 0.037267510159789574 0.08495559884312313 0.035272208043424506 0.06619388483679339 0.06730034603174792 0.06785472508396914 0.0852177698145788 0.038952800499665124 0.04950724405504078 0.05798436534147746 0.05626171150839181 0.037296370233404624 0.10230809778442007 0.07060428288619754 0.07708048778739283 0.10168902180350262 0.0212167857086551 0.07722720473411715 0.06814036768519406 0.05067340895025667 0.03722727889708536 0.04322197885287272 0.03646377320093917 0.05298047194878785 0.02367605134337906 0.009034552716822072 0.04681471052657769 0.05409400419764399 0.025828332253926105 0.05344882433714204 0.03257413415190178 0.007873092721059478 0.030623482797140625 0.06715667509986324 0.05207619272582713 0.03359766347047882 0.038332970315835 0.05981129499221095 0.041241246794945514 0.04268407802207082 0.06127538433082848 0.026629526153555523 0.08147802653757982 0.07616392269440585 0.08032240263938618 0.07631322443430963 0.02073473805147455 0.07840599551567866 0.08105085623629918 0.05498659410440623 0.024533795560589 0.03542721767080272 0.0657558687221838 0.03368729319044996 0.059563457973556264
 0.0013356245137432382 10000.0 0.034449774954712145 0.07755251624069155 0.029866608963064215 0.05793844018914998 0.0651455301649828 0.07217905138650263 0.09708885094242152 0.07085234666689583 0.07573896071030874 0.10122064039362315 0.06403035052025222 0.043095576493845905 0.07944023808961673 0.028864054960040984 0.06932899953200869 0.047541507536621445 0.04715770955550129 0.06556266428301008 0.06769222825363802 0.08283160076915788 0.05944509606641355 0.02068973245139458 0.06349687181385572 0.10842908494286209 0.09636504066200892 0.04804729574471559 0.025749697050293285 0.025130206087088047 0.06559842636688834 0.015319965596305664 0.014440855433232393 0.036726637701071554 0.08460729910993338 0.03612561442727607 0.06578473171565473 0.0676414968090843 0.06768798058423119 0.08486653416723382 0.03832125486446017 0.04998894659079426 0.05700442332030693 0.055224267374168176 0.03718173004523122 0.1018770620892126 0.07153344784236572 0.0777438692243683 0.101461211538015 0.020119814192543387 0.0771056361298688 0.06722934796658858 0.051721954800486636 0.03709734279594701 0.04318952558415621 0.037175058714947626 0.0526699124410291 0.02407574554553521 0.010314420321949095 0.04638339516676301 0.05444073882339892 0.02508303079449623 0.053612807674443236 0.031777891122153255 0.00912025822256603 0.031248624427438823 0.06714207773551031 0.05190974130782048 0.03441971720837091 0.037045692606047516 0.059067950761846406 0.04195684987324165 0.042734444890563744 0.0610687157685682 0.025370467481165365 0.08112428825606603 0.07532163990606518 0.07946918748821681 0.07722475323794811 0.019423342438605353 0.07858926098032505 0.0801899748601709 0.05386960987018106 0.02363850285233861 0.036617463163281 0.0667640012093237 0.034803737882006545 0.059452029733323475
 0.03449317253240124 0.034449774954712145 10000.0 0.04402536614194687 0.020247354935193907 0.02539510521267433 0.04398138106236276 0.04505611271058497 0.06270517828736594 0.041806051463308076 0.05124908110980891 0.06946272300214454 0.03159310087751657 0.011780567902191133 0.04579639395725341 0.04749546922270073 0.037058586061456206 0.03856377670506731 0.022181820659829057 0.040322830960603455 0.03870666876989407 0.05990655229491204 0.056483332351154505 0.03644399203306244 0.036168616112546924 0.07482268370892088 0.06198010877423475 0.04089885175065091 0.02061107194095314 0.028768705034618435 0.0385956618567129 0.02856611514814816 0.037514575485140575 0.013876283447398014 0.05183785631503356 0.024930255719399757 0.034194860821185384 0.03583914549282279 0.03360269372396829 0.052125051088219146 0.01715416244827522 0.02249756834773521 0.041322048040508125 0.04218335157593597 0.0033656036072770004 0.06985327137473674 0.053217513925104126 0.05135746533116686 0.06760853281583133 0.027658011727999223 0.04280548528813237 0.047493708124691135 0.04140387126263304 0.003555807761661439 0.008741311964527761 0.020987362758772592 0.020275929205016835 0.05781346624502637 0.03334742404736798 0.016945170383854284 0.023530969635554407 0.018678929057736087 0.020197127110621407 0.020013132470200312 0.03269413348539921 0.017145683225051122 0.03269751933077384 0.0179551258611424 0.023340410752140845 0.042833835221101006 0.035277745528900596 0.023417740498219906 0.008668194957135918 0.027292128607656257 0.049055547240097024 0.04845754067015652 0.05261114657416607 0.056761980673466446 0.05773113512471504 0.035842428597267884 0.04490840864578362 0.05765785510051503 0.044636681045737314 0.022375327507565074 0.03783515428923408 0.051921708189595586 0.03361314712093206 0.025145387572544274
 0.07781163964695252 0.07755251624069155 0.04402536614194687 10000.0 0.05232307240300935 0.032559856107550945 0.03756160386102361 0.024825489558322797 0.022295979686089682 0.019348088636671378 0.05810064584710344 0.02722728994934523 0.03174672320384009 0.04084619030988174 0.026422707403421525 0.08125515277455664 0.032391371862769636 0.07035688732669555 0.034804373728587495 0.05166044903818268 0.04308143074801695 0.04003356933147161 0.0683912872396468 0.07968691245340553 0.046245395505698596 0.03088983881538261 0.02166942413690318 0.07318948811575994 0.06268065975697378 0.07072275329207754 0.04760205289667588 0.0724081827899106 0.08146540350955321 0.04238116199329507 0.009020355219927669 0.06173527286026412 0.014343889809577902 0.034117688337435885 0.011138818333753287 0.0093449566629612 0.04228468650205351 0.04447861694007144 0.04598303505031419 0.04985822853935596 0.040870711176877544 0.027142869944950902 0.06924220487486135 0.05427462712105844 0.02398738423855929 0.06444689514716669 0.008072749772092935 0.040992786697500685 0.07094916223866304 0.040861889592409814 0.03586940186054541 0.05684761193017267 0.024986093783889888 0.10143875486533144 0.07737249488755663 0.032105434355089106 0.037639268320326026 0.05509349010418364 0.03164166824633335 0.05054323792875343 0.07670307424216988 0.05711095761000719 0.01696053283871703 0.02607590243125535 0.061131042701768314 0.06948649777139537 0.03230867773806746 0.05552964781101829 0.03745011922031658 0.016738138219206708 0.08540017530873323 0.006823138395775783 0.037047038520120874 0.038869394650385414 0.07039281863109496 0.07254697805509377 0.025888342128156824 0.039664599680290916 0.055467777914172185 0.05834633179032085 0.07621531521328893 0.07285601310220828 0.07214784352953259 0.01969714126155242
 0.03068094955675304 0.029866608963064215 0.020247354935193907 0.05232307240300935 10000.0 0.044075634230583305 0.035355783126460046 0.042713786003587856 0.07383764153743104 0.04206115879050748 0.07148082826814431 0.07321244573467725 0.050015998379449755 0.03190110462666455 0.062115422262410576 0.029822724901217103 0.055370648227084096 0.055727462185480074 0.0184275973563641 0.06056208425917297 0.05849886035450634 0.05302114318043244 0.03772072210019689 0.0427410516482723 0.05629772902565479 0.08241879210933159 0.07314413465579624 0.05762659671024868 0.033002987402201596 0.039335568625766884 0.058733122909856016 0.03375762753065568 0.04017015270339473 0.010428566147813402 0.05797052082281144 0.04141354421987373 0.03886327906577069 0.0545400929098709 0.0443883855143458 0.05818764610820112 0.010051544288513422 0.042743343343815306 0.028108717816444345 0.027213533440592817 0.020116731054320797 0.0740689955098291 0.07309286875536289 0.07144478386548891 0.07610300174180853 0.012295188092416842 0.05407601703549351 0.03765919614725943 0.059157341801748586 0.019724409664289108 0.02591541568369717 0.03873545594881034 0.028070936092744733 0.05331303254945452 0.034923008833016224 0.020394966858670517 0.043203579755839244 0.005133029091742151 0.03840810993500658 0.0019749687241713563 0.03370172375806516 0.033106938217000295 0.04665032104326429 0.030081269083176227 0.03948993699133649 0.02266339029891931 0.029300053450849232 0.0422389106967568 0.027419614936469085 0.03753488998157155 0.03321949135644429 0.05449208696768287 0.045489652044415824 0.04965862804645547 0.07779139699802684 0.020223955098923004 0.061194228710579175 0.05039792051783045 0.027685058752403867 0.006545343082384384 0.05113493535697021 0.07118600829547893 0.04736979343366092 0.03779724915196703
 0.05768350892768164 0.05793844018914998 0.02539510521267433 0.032559856107550945 0.044075634230583305 10000.0 0.05361608952428761 0.047479038724805404 0.043923334449639126 0.0420759369565256 0.03107653357683652 0.05963068768770391 0.006216069929066294 0.014848870759068874 0.021798182672239076 0.0727385315083173 0.011674898818475582 0.03807506350190655 0.036091293838377995 0.02163381803714965 0.015713107106508726 0.06465689626589853 0.07582754342996924 0.05300504353943904 0.01602573564115111 0.05950966495952467 0.043225618243198434 0.04090521527928066 0.03601963691034714 0.042989627820160185 0.018145432522079955 0.04779829053407641 0.05679526501241008 0.034674085900908015 0.04157583379844986 0.03156667053016124 0.0318333773993261 0.010508649843446537 0.022139977250941204 0.041900384988661846 0.03707037018201599 0.012442167729991571 0.056078024188279244 0.05848333302481391 0.024260767606344543 0.0593726475153343 0.03882645268261475 0.029336052714323272 0.05179414571764022 0.05297098917930205 0.027019622376858246 0.05765951507737376 0.038431122077893606 0.024601662933361704 0.018160605117135176 0.026983871908832543 0.023927943895951063 0.0796122283238922 0.05401363959543902 0.028986923646741783 0.0053078756532298375 0.04366175854176972 0.0057475061045218325 0.043230561866574736 0.05380241654407026 0.029613592908020372 0.015703661658587692 0.018258582667957875 0.03153876409068164 0.06650978521504539 0.04472607367413249 0.02437744888880534 0.016934951427842973 0.020828879980656842 0.07445061658490769 0.03910709451792567 0.05883520371403676 0.0622522962714544 0.04136329848486589 0.06122156137075399 0.02100965162214489 0.06318827434388362 0.06262667361488981 0.047436282364287444 0.04556618768111245 0.04117992135246662 0.041829839038132935 0.016201297380514616
 0.06600467544696288 0.0651455301649828 0.04398138106236276 0.03756160386102361 0.035355783126460046 0.05361608952428761 10000.0 0.014116539310944401 0.05860030889214128 0.018428119357181704 0.08463306904566296 0.04593797301992797 0.05704280302514102 0.050486874145932996 0.06047851073603885 0.055524436993181 0.060698923980213634 0.08203382018709758 0.021804542617868624 0.07510830261105098 0.06897507823801867 0.017688247724515518 0.031915415020577285 0.07684761888689869 0.06958197886983386 0.05969986988548091 0.0580909113204738 0.08452647327747692 0.06372670277793943 0.07141473719059947 0.07175628280214741 0.067912064323668 0.07516608814032365 0.03175208846124445 0.037470046838396144 0.06885785213797062 0.02532766612461852 0.061285331293343674 0.03777817317380983 0.03750457746373644 0.028863595768391932 0.060243987422702504 0.011141633622578227 0.015141396138682055 0.041130248339551916 0.04733217682905527 0.09162638447091961 0.08239938838905046 0.05572956334850447 0.04595105086467328 0.04410954005701218 0.004049013665805085 0.08442545010686803 0.040770664397580786 0.041725910579371715 0.06465844985780449 0.029921311223443384 0.08808453882590585 0.06998859696422324 0.02781196451044256 0.056312394536571594 0.04035891468989139 0.04884090513429704 0.03351485485536546 0.06882528999103103 0.06110376171416861 0.04477449053994402 0.03572841945482444 0.06731368759535852 0.04058285929902353 0.009137520079295091 0.06621081983194022 0.04443493256885182 0.03427701281984133 0.06147374164612278 0.03494363854354807 0.010233246765585423 0.014327171178331643 0.0947583490908894 0.051553068099641705 0.059689166711213076 0.01504619130584095 0.020637660314446124 0.04151679520575456 0.08163789277846423 0.09244090795518704 0.0774619767541735 0.03831115681374519
 0.07284292606848368 0.07217905138650263 0.04505611271058497 0.024825489558322797 0.042713786003587856 0.047479038724805404 0.014116539310944401 10000.0 0.044848856706256275 0.005864510217792987 0.07753269617380225 0.032593754712800696 0.04957892921449906 0.048347024164452496 0.04980416906790033 0.06705809310926467 0.052290708299359896 0.08060081658749473 0.025153111442935912 0.06901109152777221 0.061762631461716365 0.01720483702564777 0.046031947846920114 0.08068902835372192 0.06336259225193924 0.045680377906766795 0.044373550681339045 0.08328590188630876 0.06565883809632057 0.07377537701917462 0.06529321284027878 0.07209495526926218 0.0802378102413399 0.03591636413520183 0.023503585891315782 0.0687092874447371 0.015826998270276185 0.053325615500494056 0.027917351524644807 0.023516559602480634 0.0339076853827698 0.05645512472947575 0.02463106524471612 0.028742690227797473 0.04177969183028498 0.033852994328073885 0.08630247170750795 0.07461325317369015 0.04161446568340766 0.0545712662418819 0.032186899366847974 0.016814173077198534 0.08237487159821223 0.04152320146034128 0.04017036648063733 0.06407392182276697 0.026414594637701183 0.09595715354204848 0.07531325507731317 0.028193434402543075 0.05122046706252231 0.047160335700423266 0.04372525832372509 0.04074130575649937 0.07429741724021623 0.061795537740198386 0.03555976872241313 0.03166010399600727 0.06745721216260292 0.05287028362639017 0.01385649169337902 0.06461435680866857 0.042748959393125625 0.026692155111290868 0.07251323349257491 0.02121568754881145 0.012432027298382203 0.015066737181347154 0.08869617931807706 0.061324901409101844 0.0491072515987228 0.015973781584210738 0.03440827819685324 0.04924782275415879 0.08253973734368368 0.0882267380009371 0.07828630744572514 0.031287256951200056
 0.09718195520388719 0.09708885094242152 0.06270517828736594 0.022295979686089682 0.07383764153743104 0.043923334449639126 0.05860030889214128 0.044848856706256275 10000.0 0.040203411035517084 0.05902205531487847 0.02758096563850613 0.039999118865910725 0.05649670488656731 0.025721758288339436 0.10318177927642035 0.037400292397637466 0.08085804829445994 0.05687392349515226 0.05648680696591316 0.04743285414597439 0.05689064123173426 0.090112200576667 0.09614134573707424 0.0522115870677363 0.01779641842519863 0.0007259703333516442 0.08361847140826854 0.0789073852579893 0.08641969511392569 0.05257724551446701 0.08987734297032507 0.09903596627090493 0.06360683237594464 0.021489430034839777 0.07547868589287365 0.03663893267627897 0.03973717092833035 0.029707041858696985 0.021533025413441573 0.06390010869564673 0.05622361151704936 0.06781381918754316 0.07178060834961246 0.0599079205496139 0.026177769681191 0.07253768712854004 0.05410747778984947 0.011024863079816831 0.0857217986091795 0.020055182895305508 0.06163734806589898 0.08034277575861767 0.05999981180710535 0.05401285822394864 0.07083329302893482 0.04585604406249679 0.12047606667212449 0.09549435285569394 0.05344382387027587 0.04914083517602812 0.07614393951847884 0.04576364368441346 0.07214483290307133 0.09501035987724189 0.0727384585066881 0.030361082091289973 0.045314386626568795 0.07537363483805613 0.0917404333327231 0.05431445450542592 0.06827021633544042 0.05486715108520792 0.0365645383077179 0.10705040308231735 0.023668660146935923 0.05597670215730704 0.056700091858447696 0.07186108193249241 0.09398728901822727 0.025966041889540634 0.05732072455476685 0.07744728170719745 0.07958400601790357 0.08944480663915362 0.07797325548662694 0.08575020254193327 0.037643641394400885
 0.07142220060844263 0.07085234666689583 0.041806051463308076 0.019348088636671378 0.04206115879050748 0.0420759369565256 0.018428119357181704 0.005864510217792987 0.040203411035517084 10000.0 0.0718561203791575 0.0313812649646758 0.04392718758658782 0.043963238242497336 0.04395828855923723 0.06814283530481711 0.04651122406088009 0.07612750309373016 0.023784949404218398 0.06350812009323444 0.0561049761377868 0.022860969455168842 0.04999074092325649 0.0779640161325548 0.05785781627934785 0.042854381757571156 0.039683674572312075 0.07885288417806607 0.062374943724796274 0.07056278355719081 0.059740128061612614 0.06957757888044767 0.07799969162830873 0.03416452569384882 0.01935354798185109 0.06470035802985258 0.01024968267534747 0.04759335635011879 0.02208207950313441 0.019429388529001997 0.03261524764508072 0.051517381498082125 0.027903929565342597 0.031968692069135406 0.03846235674468595 0.032397452983410846 0.08089057757931452 0.06885957805693757 0.0380490721249746 0.05422577917790385 0.02646957740137066 0.021689127497396488 0.07772314729113193 0.03825026824615246 0.03613532002036865 0.05997147683501399 0.022236522643475636 0.09483502966027789 0.07322151846479227 0.0253714062851749 0.04601326718743863 0.04613579410906699 0.03858860632848955 0.04009431331401927 0.0722762227194368 0.05812933429627703 0.029750100707166667 0.027063829204111434 0.06355224093379482 0.054615256399112334 0.015201718608108719 0.06020292531935976 0.03861031974615987 0.02124729828339046 0.07324172218378196 0.016597292846349344 0.018278583624826993 0.020885153061581393 0.0831519097452557 0.061457016003877867 0.043255818900273545 0.02178064021221397 0.037682690412396136 0.04859079649165271 0.0787639433007109 0.08303095077251672 0.07451373783402748 0.025881727668507364
 0.07500371623918557 0.07573896071030874 0.05124908110980891 0.05810064584710344 0.07148082826814431 0.03107653357683652 0.08463306904566296 0.07753269617380225 0.05902205531487847 0.0718561203791575 10000.0 0.08249624829512221 0.02796031808929167 0.039614188358078506 0.034038836574840116 0.09726385736784107 0.025795110942200352 0.034267755357352485 0.06677073400852479 0.010939201742197159 0.015783542267946253 0.09470774683988026 0.10602001349226052 0.06247629047382823 0.015555411145093258 0.07679842725459389 0.05852791793397628 0.03602337237259918 0.05001270123530812 0.052942040450909326 0.013171853226771398 0.06161425636551265 0.06874158201481372 0.06352917374132327 0.06635586021681893 0.04008373539445024 0.06170612704968537 0.02436690153910544 0.05013801262653117 0.0666576178513578 0.06637331830676985 0.028768554201483124 0.08700900950815345 0.08923526959880164 0.051612912488717286 0.08171451821551881 0.014286791857454741 0.00523870690349734 0.06957352174702987 0.07767377884747516 0.05047283062371393 0.0886807824111914 0.03123763325323726 0.05203364842357823 0.04689465895662095 0.03857049447276228 0.05499979590214352 0.09232031669886784 0.06824611200006064 0.059590212002003734 0.029352108682506626 0.06963906807104259 0.03626753904492342 0.07111343163520942 0.0686499965070267 0.04467866709356296 0.04243533994040677 0.04929211260864092 0.04156296954661612 0.09407955325005726 0.07579158335491011 0.03378821870671074 0.044725742714164095 0.05101721941980635 0.09737474297307842 0.0648954263298338 0.08935249698035476 0.09254092214722752 0.012854948536628353 0.08509297585010772 0.03411299483357131 0.09346395650705361 0.09308603955215851 0.07315604821047222 0.047517096564307984 0.02124395203563842 0.04596465456298098 0.046596732503777306
 0.10167242354472462 0.10122064039362315 0.06946272300214454 0.02722728994934523 0.07321244573467725 0.05963068768770391 0.04593797301992797 0.032593754712800696 0.02758096563850613 0.0313812649646758 0.08249624829512221 10000.0 0.058142366438457556 0.06776568228612483 0.04860423718134332 0.0993919389815248 0.057729834312732424 0.09756031881302431 0.05479444747812076 0.07751219858883031 0.06856639895376819 0.03667299634671376 0.07712163541419728 0.10577601270196951 0.0723620656884008 0.016536622872556972 0.02765409988769018 0.10039376484224427 0.08908148879618309 0.09723460654959418 0.07342315032606164 0.09801954997480163 0.10687866667275067 0.06460290537620336 0.018288421781748193 0.08881660622230636 0.035565436861699405 0.0597612899190685 0.038277689931551395 0.017968712409794953 0.0634860171678541 0.07168356706279524 0.05694727540647567 0.061024411754944864 0.06614605442941035 0.001795268413622098 0.0948034420893704 0.07806603215168342 0.01760671981031882 0.08545771266669971 0.03303885935131333 0.047474727171840286 0.09806172297180048 0.0660522967556136 0.061963107177507394 0.0839221822756963 0.04928953076829554 0.12529570508431226 0.1024398954941715 0.05486114413314351 0.06478552481821585 0.07701977545250634 0.05886160860728968 0.07126241388265583 0.10163106589120367 0.08380324743067367 0.043930082509357926 0.051965058795708105 0.08813165079971338 0.08544115308504423 0.04610102618186406 0.0827367692541285 0.06385549498447365 0.04295112304800811 0.10459892943810004 0.021324938002664426 0.03907224197524864 0.03788856656702104 0.09522125516442852 0.09281504212849076 0.04844023212279287 0.03815501495528403 0.06657496487066637 0.07969658259612748 0.10330405588789515 0.09907361586947501 0.0991968279491732 0.04657862651214951
 0.06374739823061225 0.06403035052025222 0.03159310087751657 0.03174672320384009 0.050015998379449755 0.006216069929066294 0.05704280302514102 0.04957892921449906 0.039999118865910725 0.04392718758658782 0.02796031808929167 0.058142366438457556 10000.0 0.0209891669570228 0.01626770082936016 0.07886860149676847 0.005465486343947882 0.04092305903008564 0.040902418226409956 0.02004400398042269 0.012183716602226643 0.06676424563272867 0.08078066663183012 0.05831896603540417 0.014526198339059696 0.05639187848961374 0.039329388934386075 0.04370781130227804 0.041562170374736716 0.04819016329853705 0.0160647407052965 0.053512969539012696 0.06242063013432893 0.04039725126739106 0.04058618331850249 0.03618784354767915 0.033752049395173525 0.004635694289777677 0.022513896633607842 0.0409062100649326 0.04263591056865862 0.016633985064353877 0.060421556792667065 0.06306307205752684 0.030364974489445726 0.05770397090599175 0.037667935674472845 0.025363302041311143 0.04868060254422009 0.05913011010026252 0.025104624356876538 0.06108889409568936 0.04067809786279779 0.030693643452886686 0.024149099162754005 0.03186072496299346 0.02808786172756751 0.08544739679961898 0.05982797191400654 0.03395969283839577 0.010047721972514207 0.04976666469866234 0.011628449239566376 0.04909709727804767 0.0596674425013569 0.03511618608899659 0.015025004975038272 0.022767158619389348 0.0363961003213002 0.07232245853543735 0.04840970761505901 0.028683610958325438 0.02308054995295362 0.023087465342026055 0.08064658516865245 0.03852842386738586 0.06140927423112749 0.06458065854267772 0.03936955691387427 0.06740212019226183 0.015564401836432873 0.06550390088755957 0.06745213153373185 0.05354686158431289 0.04969341518231096 0.04111793286236184 0.04617747248647802 0.018763855706209885
 0.04285691275047367 0.043095576493845905 0.011780567902191133 0.04084619030988174 0.03190110462666455 0.014848870759068874 0.050486874145932996 0.048347024164452496 0.05649670488656731 0.043963238242497336 0.039614188358078506 0.06776568228612483 0.0209891669570228 10000.0 0.036437202125451686 0.05907067124665021 0.02636900249866125 0.03225589313067305 0.02962556916428492 0.028728419987869406 0.026976626670117278 0.0646592587100957 0.06708019165013297 0.039668298470626 0.02440954108074083 0.07054040442591428 0.05577592445295807 0.03494041180406349 0.022427368121457205 0.03015375172837681 0.026841613658644535 0.03357726867172768 0.04270132139559448 0.024188409114755446 0.04952593408803391 0.02118160572090367 0.03463742897282318 0.024859516412422986 0.02972258366486254 0.04983988269183048 0.027225644833537784 0.0110573137705073 0.049966446666386596 0.05148010708642301 0.012048003215216416 0.06785506148869772 0.04267270782827744 0.03958686243297756 0.06298138883991225 0.039214719720984274 0.03756111688319009 0.05432786231548053 0.03418857204053221 0.012476207958192848 0.008776416285504102 0.01630835566767202 0.021936118707345006 0.06505446234968032 0.03955195478488271 0.02280039145983679 0.011981379565652926 0.030443107506166342 0.010898616417133347 0.03149926171334104 0.03924893388611794 0.016421745954324097 0.02624753581184209 0.016942305585699497 0.02037827633000747 0.05454650733622038 0.041374541188130214 0.01626864391629399 0.006081666163619369 0.024969040447503636 0.06026902834651727 0.046450934504812 0.05784838045032384 0.06177336082926091 0.04680325515520033 0.0472305224801837 0.035607352956849816 0.06270626341033583 0.05463297798991848 0.034111551156046055 0.03562657875611592 0.04235018539975847 0.031469743683119826 0.021200332966186997
 0.07925090022394951 0.07944023808961673 0.04579639395725341 0.026422707403421525 0.062115422262410576 0.021798182672239076 0.06047851073603885 0.04980416906790033 0.025721758288339436 0.04395828855923723 0.034038836574840116 0.04860423718134332 0.01626770082936016 0.036437202125451686 10000.0 0.09177501806450701 0.012250014467754316 0.05590861045091906 0.04930430012060249 0.030765308422046108 0.02172421886323539 0.06607063381431745 0.08826591117505016 0.07457756014717074 0.026618544294144387 0.04322712391839264 0.02514159682237273 0.05860099724138185 0.057745351772906635 0.06445703572595314 0.02687164898785867 0.06959176476150815 0.07856692099832455 0.05184439612444412 0.033520259621363735 0.05237723812844905 0.035175195671339365 0.014595659865840296 0.022720262250583167 0.03379420042241002 0.05340115516769977 0.03283527177874644 0.06643359274127714 0.06972820522594388 0.04389072249560495 0.0477531807127932 0.04705819511534742 0.02947635341444919 0.03578444329238119 0.07247788126077473 0.01835045513922164 0.06434536311827373 0.05505454820663687 0.04413921982915203 0.03743149839366338 0.04811455881947807 0.03594187655342158 0.1013973480154489 0.07580776401000285 0.04333428158810327 0.02629247983148324 0.0628128803502599 0.025846239723969128 0.06086664383951293 0.07558283393309811 0.05131150162141641 0.016538234628287806 0.032264649918799175 0.05264105512315084 0.08339470694143439 0.05306098879149648 0.04480306886588104 0.03714001116219911 0.027513884083959442 0.09426076985433127 0.03278083594062826 0.06223419747628764 0.06458454952710779 0.04686264669385899 0.08089638775415443 0.0009221464223550482 0.06543349323822628 0.07479529854971624 0.0665718388700238 0.06560341494275934 0.05228160146280594 0.06222401988902212 0.02516378520005073
 0.0301885677738633 0.028864054960040984 0.04749546922270073 0.08125515277455664 0.029822724901217103 0.0727385315083173 0.055524436993181 0.06705809310926467 0.10318177927642035 0.06814283530481711 0.09726385736784107 0.0993919389815248 0.07886860149676847 0.05907067124665021 0.09177501806450701 10000.0 0.08431237266324333 0.07397051309814191 0.04646693953467223 0.08641877612428249 0.08601783320239567 0.07193093123470388 0.036854088870502046 0.04951168657996645 0.08297952705912896 0.11038836624427915 0.10250258759114492 0.0749794324354972 0.05017007469977487 0.05238810345527228 0.0853460446933714 0.04298054794388864 0.04322238838178941 0.04024744143053981 0.08594489840348624 0.060748551610716656 0.06722731310667429 0.08323849231535674 0.0740257413664174 0.0861243189772557 0.03940907091600298 0.06891715428889876 0.04476319298850955 0.041353066642537004 0.04850595596218512 0.10049459882453299 0.09594603543417299 0.09811385066014856 0.10456997116968186 0.0198568266188998 0.08365802124375739 0.05590438386958453 0.07802294833551275 0.04818405556011525 0.05481619013458708 0.06010171752047019 0.05773198794064446 0.04107076110127689 0.0391053132106779 0.04996740317638719 0.07098999976938562 0.029122320859819254 0.06727174825463478 0.03130108660190452 0.03783636752715277 0.0537042367287915 0.07646998052850631 0.059893074290599126 0.058801014859652716 0.015535731475683635 0.05331548044353523 0.06460702934680519 0.05580365912491688 0.06721844995312468 0.006820505452504515 0.08255939295577734 0.06525323931343278 0.06879754462318866 0.10128983691396773 0.012220452278145921 0.09085634507587546 0.06925681621493623 0.03735279258481741 0.025337275163012034 0.06460182099084705 0.09230982367295762 0.062157844414596625 0.0676196411334711
 0.06901878021225587 0.06932899953200869 0.037058586061456206 0.032391371862769636 0.055370648227084096 0.011674898818475582 0.060698923980213634 0.052290708299359896 0.037400292397637466 0.04651122406088009 0.025795110942200352 0.057729834312732424 0.005465486343947882 0.02636900249866125 0.012250014467754316 0.08431237266324333 10000.0 0.043703120333397266 0.04560356803856351 0.019816178136869308 0.010842778963910678 0.06935288264343285 0.08546752592214543 0.06294842123302602 0.014961978849275265 0.05444094067762285 0.03677098320517733 0.04641477262883045 0.04642689022353241 0.052760001518953534 0.015738054645988892 0.05848580896889572 0.06730296561285215 0.04564424322726691 0.04086031554452495 0.04038960752519493 0.03655553272525877 0.002358345350391147 0.024527569794874634 0.04117024551791785 0.047789303807034514 0.020967259227890365 0.06472392020396452 0.06752307347344694 0.035806417411831284 0.057129273621722425 0.03711090405377598 0.022382775138511304 0.04681041144628405 0.06458644025731711 0.02499280401037618 0.06472566360031971 0.042979495293838425 0.03613044566832747 0.029552670767128218 0.03629341878450177 0.0325068420757189 0.09049270506681903 0.06487644657139222 0.03880090149574668 0.015007184094411234 0.05520259760452564 0.017046206264241186 0.05441229385126728 0.0647603735588539 0.039978680514172624 0.01680114919545718 0.02747159509056171 0.04077152512524933 0.07759116152351679 0.05230574076923213 0.03275535510234908 0.02853774244581414 0.02643442027860165 0.08611183474570161 0.03920803707870956 0.06439549841795596 0.06735647733673508 0.038004666664754314 0.07286464401874355 0.011736092942779035 0.06826442215806666 0.07207259671111887 0.0589845811817659 0.05340252341655365 0.0414686935748491 0.05008585313869744 0.02249522865329047
 0.046489012588711874 0.047541507536621445 0.03856377670506731 0.07035688732669555 0.055727462185480074 0.03807506350190655 0.08203382018709758 0.08060081658749473 0.08085804829445994 0.07612750309373016 0.034267755357352485 0.09756031881302431 0.04092305903008564 0.03225589313067305 0.05590861045091906 0.07397051309814191 0.043703120333397266 10000.0 0.060440463656056057 0.027860836181340793 0.03526554277957263 0.0968408060887048 0.09344251128898096 0.030124269077528402 0.029902082541483993 0.09726273230420063 0.0801996443249533 0.0028337889462198705 0.02404197872733041 0.022439005014062718 0.030565687384444654 0.03223204375139603 0.037128640020169315 0.052259456348329306 0.0793624724515297 0.014316083652878583 0.06653134096209355 0.041345129946292775 0.059478478869701173 0.07968646227539078 0.055552590881538584 0.025878545092062815 0.0798760721938946 0.0805831109805392 0.041062776463851335 0.09736966139839628 0.02534436800441002 0.03826947724416871 0.08954193811910363 0.05668319370684251 0.0650914532075966 0.08571625556169497 0.004189160171409347 0.04145095224168587 0.0406748793757909 0.017580980405852032 0.05419200274218964 0.05973842422952466 0.038172782130789555 0.05425685093506588 0.032826800066360046 0.05184751447379675 0.03890328380916651 0.056317007467278954 0.03897497517571623 0.02262652557843386 0.053728609303350626 0.049064722645861265 0.016258967614331078 0.07576774471291721 0.0730474710962022 0.01600144144542894 0.03800556524257137 0.05617090637835688 0.07214143617487126 0.07666405636795161 0.08990999308042355 0.09390005032178685 0.03120063556920748 0.06208045656069925 0.05543429053054879 0.09482754031528648 0.0825719806523149 0.054334943809295426 0.013537933634488733 0.019464689519320042 0.013188940443329496 0.0518316140182349
 0.04777521730215181 0.04715770955550129 0.022181820659829057 0.034804373728587495 0.0184275973563641 0.036091293838377995 0.021804542617868624 0.025153111442935912 0.05687392349515226 0.023784949404218398 0.06677073400852479 0.05479444747812076 0.040902418226409956 0.02962556916428492 0.04930430012060249 0.04646693953467223 0.04560356803856351 0.060440463656056057 10000.0 0.05647113608707829 0.05178825638038711 0.03820036648510271 0.03988316379551305 0.0560303255495026 0.0512574018700704 0.06425415536747178 0.05620882326327864 0.06287820640540527 0.04207617292302003 0.049914396891933006 0.053605528430424446 0.04726703507147945 0.05518738759423018 0.010805210693086948 0.03976116865954574 0.047085490860169756 0.020801034330285597 0.04550497535581597 0.02853986905030817 0.039963990879646444 0.008844943393005643 0.04011978936494562 0.020462160656713933 0.02246455294068412 0.019401537685689658 0.0556419159576561 0.0719473570944724 0.06540343510947678 0.05818369522650182 0.030704982974176582 0.03782623566962589 0.025329572058755273 0.06299882552138177 0.01902761088747309 0.02092475441830347 0.04296597887198902 0.013403142748714052 0.07108260589912467 0.05020860467309829 0.007184998081167882 0.03748177074852201 0.02235117400003237 0.030579123869812173 0.0164902709871411 0.04917248794713888 0.03929929082121997 0.032829990559381475 0.018149950537737825 0.045520453698210624 0.035116544446668424 0.013312766507036593 0.044778421176363985 0.023563417126053636 0.022189339222171676 0.05082300587281069 0.03631302984446534 0.03074788124690425 0.034958103284671214 0.07564965354528458 0.03834442748266085 0.048399924168105686 0.035824831321259146 0.026563687348721672 0.02490259949757735 0.059864969588035666 0.0719717897472846 0.05567700258684683 0.024178553544715164
 0.064893783294953 0.06556266428301008 0.040322830960603455 0.05166044903818268 0.06056208425917297 0.02163381803714965 0.07510830261105098 0.06901109152777221 0.05648680696591316 0.06350812009323444 0.010939201742197159 0.07751219858883031 0.02004400398042269 0.028728419987869406 0.030765308422046108 0.08641877612428249 0.019816178136869308 0.027860836181340793 0.05647113608707829 10000.0 0.009103360188142007 0.08621023566706117 0.09540339448699284 0.053659082800263956 0.0056504056996710935 0.07389848729113395 0.05590316568440975 0.030170684551387963 0.03999047250056092 0.0437574431806707 0.0040896319262077475 0.051899464754622704 0.05951928306138644 0.05275114996134428 0.060373418773183515 0.03062902436711441 0.05326213108054235 0.017752159610760952 0.04251690071373286 0.06068926342117653 0.05565017755502501 0.01783301108612821 0.07684387221536598 0.07890810297224737 0.04075485282357416 0.07693468860346407 0.01762429818924336 0.012189034339759288 0.06635190581148878 0.06678202361844951 0.04461981520754251 0.07914055645791795 0.02586545370909827 0.04117858850580853 0.03623294140625963 0.028468805321230143 0.0452357045014022 0.08323802822454837 0.05857208937136366 0.04928906875687739 0.019015262215767617 0.05870074336019878 0.026306168556220793 0.06021926999702563 0.058871919427785566 0.03433627229452063 0.035067949119632465 0.03944801083569968 0.03189450816482614 0.08314812109194837 0.06612722080079737 0.023726472533448582 0.033976691449458085 0.04231894231908985 0.08666590062707849 0.05847079034844723 0.08046543550683442 0.08385465288958258 0.01972957458870423 0.07426922362426609 0.030543983223165497 0.08478889936092233 0.08259115926994463 0.062223118369942064 0.04011950285406988 0.021674494682639912 0.0378789811593144 0.03773795085142807
 0.06718287027437773 0.06769222825363802 0.03870666876989407 0.04308143074801695 0.05849886035450634 0.015713107106508726 0.06897507823801867 0.061762631461716365 0.04743285414597439 0.0561049761377868 0.015783542267946253 0.06856639895376819 0.012183716602226643 0.026976626670117278 0.02172421886323539 0.08601783320239567 0.010842778963910678 0.03526554277957263 0.05178825638038711 0.009103360188142007 10000.0 0.07894665089361602 0.09144746573494186 0.05823959593590342 0.005381765297375799 0.0648028243494348 0.046841673732776 0.03780465815922604 0.04297355307613957 0.048061792849615904 0.00514775312049161 0.05517964169935606 0.0634571891438485 0.049695817999983544 0.0516525401080724 0.03500261995712936 0.04593571986954184 0.008963746082737634 0.034528478372806044 0.051964558847153106 0.05230387740295803 0.017737548206136124 0.07177967773163361 0.07419503676113277 0.038382568393308884 0.06795199063990782 0.026271364186785787 0.013622945652446157 0.057249742436962896 0.06616928947311096 0.035811104533048185 0.07302409189645198 0.03387608429989277 0.038774693729748407 0.03291280203287143 0.031772165489410586 0.039551347015127976 0.087113723512584 0.06180703460592052 0.044661032267958214 0.01529593187630924 0.05738497550216433 0.021248606396630416 0.05787086218279799 0.06191567127523751 0.03676587039664271 0.02688480236745275 0.03394639770710264 0.03585999687652148 0.08113997156187436 0.060210280394988915 0.027433312087319094 0.031110449138297937 0.035235287411842585 0.08697974902675835 0.049904568017481186 0.07356980429421144 0.07676166519276845 0.02739222763936517 0.07409622338174429 0.02147150711761993 0.07768552521315672 0.0782994939093223 0.06107565206661608 0.046438071357890534 0.03076649685044457 0.043641567676021654 0.03083316376735332
 0.08368519500102788 0.08283160076915788 0.05990655229491204 0.04003356933147161 0.05302114318043244 0.06465689626589853 0.017688247724515518 0.01720483702564777 0.05689064123173426 0.022860969455168842 0.09470774683988026 0.03667299634671376 0.06676424563272867 0.0646592587100957 0.06607063381431745 0.07193093123470388 0.06935288264343285 0.0968408060887048 0.03820036648510271 0.08621023566706117 0.07894665089361602 10000.0 0.04264934267742613 0.09405348111843535 0.08056266602886739 0.052656793357354875 0.05656161943815336 0.09946206768753343 0.08020593126157609 0.08810494239982786 0.08249797238810316 0.08518117619763046 0.09265628172011094 0.04872510313585165 0.03584029426688532 0.08436243507528918 0.033017739072313604 0.070454078542377 0.04486393115024701 0.03572022284925621 0.04604916746881028 0.07330587580270759 0.02729689545407536 0.030580040160462035 0.05680731830767234 0.03837880040156572 0.10346916340839331 0.09171368798323648 0.0508662242020728 0.0635845530601711 0.04792984179459981 0.016156742063128685 0.09883852469106043 0.05649403486246818 0.05617184101314001 0.07989557188295981 0.04284090327560547 0.10572700713235247 0.0875124762032491 0.04305562779337385 0.06829603470533434 0.05799434465821395 0.060770350004089785 0.051163143227533806 0.0863709917245132 0.07699987314732235 0.05256829199442056 0.04836086787984558 0.08296688481714219 0.05656595354394563 0.02489813799395462 0.08084562763493046 0.05883528169408517 0.04389282265890215 0.07816751305848797 0.0347810409954719 0.007566014442699381 0.003362804168826601 0.10590000827190997 0.06891648068570351 0.06543529119612426 0.0027016654237216496 0.03504949627522822 0.05920491018650769 0.09773813456251305 0.10525356948532774 0.09350857967288047 0.04847767780352191
