NAME :TPP_input_30_4_1
NUM_VERTICES
117
NUM_CLUSTERS
30
Full Matrix
 10000.0 0.014463370367189077 0.06423519782593083 0.028769047620941228 0.024289365435644562 0.011617200124634247 0.08739833094681301 0.06954247544695057 0.01021738719148807 0.05482837446410498 0.016981989699117905 0.05646052141673656 0.07259648203399251 0.0642435855826592 0.08077374755014023 0.026969259927668333 0.029903034235512393 0.07013649795267567 0.08318926026052931 0.0491650585863393 0.011986533153735168 0.07312593614530806 0.07347313195281839 0.03025215310237472 0.006146920106362197 0.014564489336058407 0.0883777158029889 0.08137208981313004 0.03565312257685356 0.022734722654376253 0.0584692206962034 0.06654961403513139 0.0985878485112455 0.06104681304478513 0.0864170096691347 0.07630200493719619 0.02391486546092694 0.0831831879615206 0.08215644278400716 0.017401306875370746 0.087182207487083 0.0415414399773077 0.011121134821412327 0.04251337530649121 0.03858987199523011 0.09295546978561306 0.021081689820662577 0.05582333476730156 0.08137135617658964 0.06639616264133881 0.03360924777605296 0.058199086064962 0.06819009233567082 0.06063733134876474 0.06446167668621802 0.03368020049842474 0.056738697037878906 0.055904072846409004 0.025752522261006088 0.010749742299095774 0.05211308441908755 0.03099769463756 0.05641658299183067 0.0866267292065047 0.04746105691542508 0.045497255417310284 0.057793929216153034 0.07389793067057986 0.07492707277720723 0.08454977698021746 0.04269995985811664 0.07856907756984469 0.09161175034968207 0.07954624280282012 0.0039586539209407745 0.05207598041193102 0.02282863329018173 0.06793332923213351 0.021019295534672525 0.06246273076485431 0.04578027891728492 0.0721134492161082 0.015881698136003913 0.06608457897613775 0.04727303723395156 0.021655360118648728 0.03903611116895733 0.038889725844399065 0.06372719799685778 0.06275504687097302 0.004972913804096323 0.008624400590922884 0.07485484259181469 0.045542714850396425 0.037893326030602636 0.07119881277308077 0.044326411300386004 0.08616182618772537 0.07341966713051272 0.08738679663335967 0.08572657470312896 0.038295454612887796 0.08626104841712123 0.08926294398968092 0.020135067202802788 0.043959543567927424 0.0752274461197388 0.10148584815304452 0.06237136466027513 0.027257170274856527 0.03334065682051834 0.03750018839430599 0.06344728339042856 0.0439571315365601 0.08279370899531177 0.02537478204158555 0.06267950846493657
 0.014463370367189077 10000.0 0.07869828301666246 0.042836771752607465 0.0343353359926095 0.02388468512340091 0.09654058905007792 0.0827672731569129 0.022746197135677784 0.06582039333767686 0.010418917047211778 0.0663170258864544 0.08690928908299964 0.0714375248731641 0.09154523280639909 0.02567242566848709 0.0432797997905035 0.07640735234097183 0.09405487597315328 0.06287416173218802 0.026343191348980298 0.08687968499717613 0.08511233378615558 0.031562305909081156 0.02059428887650073 0.010715920543637174 0.09611056007995218 0.09286504400563814 0.049973208990233865 0.037196431324277635 0.07249383950191733 0.08093099407866668 0.11270784868304426 0.07303790848860009 0.09390284437985315 0.08588191898342759 0.03672467800392071 0.09016397720515071 0.08893421959711689 0.009782808531182647 0.09961585381361918 0.04701533780711668 0.02353014788424012 0.05655879679997577 0.05183873769512753 0.10648172670043837 0.016546441784302493 0.07018436535284565 0.09575959931478001 0.07901364494495987 0.043414960930575466 0.07140896624688926 0.0743907338771475 0.07502280303649263 0.07696220030718832 0.04403361312649475 0.06904799897307425 0.07015714584699626 0.03930131152873473 0.004028198346605927 0.06576385188882881 0.03646515431028785 0.07087867253277484 0.09701545726915481 0.06032497855305431 0.05369087532370399 0.071281947060329 0.08835912249941703 0.08280316521158397 0.0965758829946892 0.05639419688745252 0.08756821338885418 0.10606431570836282 0.09074244130934636 0.011273247778152296 0.06073187872198418 0.01650801984965074 0.0778502450901471 0.03463350286001365 0.0711533593715592 0.057726048603824805 0.08655867705363918 0.002697533251080906 0.08033868922882549 0.061648771269453846 0.02040075261175811 0.05259933671811929 0.04930620051831013 0.07732489664333596 0.07718081140030189 0.012344164077898165 0.021527516469586533 0.08742373058787124 0.057795287383286056 0.04190646712280914 0.08267633001986936 0.058749791957007795 0.0995941736035968 0.08783118106160293 0.1017965080643807 0.09657814134243332 0.04979698992102125 0.09790010186404345 0.10014613429443958 0.03200668661974515 0.05842091556200997 0.08439073531715681 0.115716541599286 0.07176268965501392 0.027910557177404916 0.03868777054019801 0.05188737532255059 0.07307688393466508 0.057072012178694176 0.09271511053697333 0.037073591543426036 0.07309660448917218
 0.06423519782593083 0.07869828301666246 10000.0 0.0376356765234039 0.05520735358750042 0.056993797533266846 0.07272435688924866 0.030304044228515452 0.057609223265213755 0.04697234073323131 0.07843155705651506 0.05392924284054004 0.01402395573047115 0.0699984796518803 0.058201755582602224 0.07815516223092113 0.04017373845839426 0.07714791256573052 0.05894649953374002 0.025823040918589234 0.05246959448197633 0.024639449670019194 0.04793628686305828 0.07508288961585798 0.058109577820286695 0.07555353028442086 0.08123679304115558 0.053200815056669966 0.02958793835480482 0.041503197447695137 0.018193523983941255 0.00758709226952864 0.039307358548783096 0.04010096408901817 0.08122149212891791 0.0634902595891241 0.04653090809548366 0.08165770251069214 0.08198856183745142 0.07928747206444298 0.04882148463443884 0.06829461429733004 0.057240421675806105 0.026327815226486334 0.034750239922486506 0.041794855514456844 0.07919754881573116 0.011319920256517518 0.01870300423123743 0.03670240929911138 0.053435248633170465 0.028552237967225187 0.07639328599360512 0.0076698817769569674 0.03643576580268892 0.051381054427333324 0.03699705258196794 0.013832032669913329 0.04258975271917771 0.0749045604396851 0.0246464062986995 0.06637152392260974 0.007928660484008783 0.06436953685193893 0.03358721257069169 0.05959826482013235 0.025352697347737874 0.009698206136881356 0.0721864108154728 0.0507427021195343 0.028943176886054887 0.0681634331425804 0.027628635681814152 0.05443684805505462 0.06766016452275377 0.058911537573535636 0.08182443299755297 0.056589280406619744 0.04608691604273787 0.062025196517128955 0.04105534451806397 0.00893158794839575 0.07998391076710853 0.011921368222325979 0.018471104225576494 0.07600030888718169 0.03233004187679543 0.05014514104686933 0.024020748776080788 0.004867620632671691 0.06715179904757472 0.058278665987503725 0.040444505230690084 0.03849545388800998 0.07143180100204705 0.04732181271365226 0.02034665095787249 0.037795350784962246 0.010907928319874525 0.024032271417808216 0.06059737312089137 0.04522742866391873 0.05500403471765762 0.06264007864494418 0.05194951724629333 0.020286038268552797 0.06537249927944208 0.04055371272285704 0.058276864281427414 0.07524500186268936 0.06697457428626105 0.02731258066690562 0.05733541459086353 0.033493619010039666 0.06506546793910437 0.049381836456057655 0.052385452240247155
 0.028769047620941228 0.042836771752607465 0.0376356765234039 10000.0 0.01898037332742494 0.025898676123964372 0.06708033043179307 0.05215663102271315 0.025764319103474664 0.03269282806846337 0.041100611870725216 0.03713619416433156 0.044221315355580146 0.050384276135853716 0.057243112995365386 0.04091057567253422 0.0055819063432162395 0.057640037062847864 0.059358942034065325 0.02062396823357569 0.01885945990564013 0.05270169586754652 0.048375021585475055 0.038728603703474286 0.023153977634646532 0.03823164537822726 0.07106166999855283 0.05629670144282186 0.015975507452781854 0.00986697111728349 0.029703921183475594 0.041671368743590974 0.06987661029146643 0.04993319159144375 0.06976257844776136 0.05566799785885523 0.023227190996819615 0.06786257249751215 0.06736092357488559 0.042014963922461866 0.06018055922030221 0.03699924003565591 0.01995887093192125 0.013747436907205318 0.026869701269135488 0.06440052499610568 0.04156969730080738 0.031809896825268455 0.05596804537032235 0.039483922220799064 0.021505198296583698 0.04212939504029377 0.05609097146704395 0.03597975582655167 0.050851302562444474 0.019795147439719784 0.045018025056804856 0.03313037748418878 0.005260267638912699 0.039416416735056616 0.03446306781324118 0.031416819292808686 0.029729644804849267 0.06366999878289946 0.035097633896420094 0.032979570027103944 0.0402835087945651 0.0472671672108262 0.05829076732223226 0.058334857120723074 0.026798444469570974 0.059095202274146136 0.06408752258543099 0.05515619275815754 0.03156395356303515 0.036684833497314405 0.044206096954696586 0.06279953965160827 0.01925914940218727 0.045257168670334046 0.02220591663057669 0.044610189184961596 0.043671437081163035 0.04258436869256244 0.019433731664606053 0.03841721284741811 0.025208633595986456 0.02224622459561217 0.044926563685690604 0.03735746498844379 0.032782377122265366 0.025617795795976703 0.047827642450895415 0.03644558153298178 0.03791508024532862 0.06071324047344124 0.020423920295964144 0.05771712229248421 0.04790196935171896 0.06160244341977406 0.061831511642012234 0.018199496010163078 0.06075228802288712 0.06518374409162836 0.026160089486600775 0.01866599806774251 0.05562225833948026 0.0728981235267623 0.043447694184952354 0.038310716160477626 0.032704007947879296 0.01591436913235974 0.043808712735800205 0.016966891817120234 0.06101612199403278 0.027710332851225587 0.041162348337862795
 0.024289365435644562 0.0343353359926095 0.05520735358750042 0.01898037332742494 10000.0 0.029503793855198683 0.06315213754470889 0.07100890321474387 0.0284923839133013 0.03148586410988695 0.02841925323587769 0.032338247137900324 0.05925125249767926 0.04036552106073325 0.05725113720732003 0.02321513174496563 0.015098289060855596 0.04668404379469431 0.05974554116566901 0.03285210148546059 0.02262737529395943 0.07167461978278952 0.05086159617212438 0.019960288212326305 0.022103786963839998 0.02591983014122063 0.06418162303954233 0.05856108901019567 0.034353871389974325 0.022979165812898886 0.043372306866654144 0.060020436621523204 0.08281453689222158 0.067604647899328 0.062286840183161225 0.05213807999327195 0.03472003766356477 0.059238159800628486 0.058303605199030384 0.029509440708301686 0.06578857736553803 0.020320294262499636 0.013515386365989625 0.02908898535162887 0.043740925632586 0.07438134225519794 0.026553675489250906 0.05057003204883315 0.07385847662527835 0.04558026439724621 0.009348144849115851 0.06070231036350643 0.04481549147016116 0.0545075934006793 0.06911293836347791 0.009711012497369397 0.06272534516617807 0.05204859144544821 0.013762731183193993 0.03225596527180618 0.053151945852136326 0.01261837495727087 0.04751093787133904 0.06284405388700041 0.0526461397802653 0.021439750529407296 0.0590423146867055 0.06456213914517507 0.05073641189544404 0.06246290023520398 0.04489996306176354 0.0542959306515204 0.0801479225255999 0.05640757877413471 0.024701617694048814 0.027817081299231942 0.029227841595444743 0.07899672511227034 0.030078371064790936 0.03817849782369861 0.02392828215362725 0.061139697103640006 0.03400622793511862 0.06129650494758114 0.03675349990478909 0.02219701476301936 0.04263462054740138 0.01499625146781007 0.06385287037199329 0.055594185798299334 0.029260211451633208 0.02730130718809957 0.053827577752702575 0.05306423633097749 0.0196028693506183 0.07842866002356737 0.0393727376113219 0.06734706935225852 0.06586838553021189 0.07920633373644814 0.06227325060327144 0.015811774274303476 0.06362355837933334 0.06583847391746168 0.034758950243259756 0.03745459567735985 0.050970948810622786 0.08650102362362912 0.038132651750193536 0.02008053472203326 0.014214062057499234 0.03469270632883917 0.03926960801837032 0.025453211445900698 0.05876396883841257 0.03860837086719671 0.03886931470936065
 0.011617200124634247 0.02388468512340091 0.056993797533266846 0.025898676123964372 0.029503793855198683 10000.0 0.09053760209290128 0.05888507510968999 0.0014200936724580125 0.05661587638036186 0.028493605107778746 0.05956067135682751 0.06693029418694638 0.06965881724888101 0.08217321749232846 0.038017033111612565 0.029103297455954268 0.07614831443104288 0.08442726251879469 0.046243873232695944 0.0075600252037025676 0.06310047866521853 0.07384405977997344 0.04041614387016612 0.008235757509154798 0.026163186372922292 0.09285294721959289 0.08180139851094584 0.027462443275861104 0.016987041054678853 0.054280650968475445 0.058271637830614696 0.09351900792250338 0.04964872997560353 0.09113969929489948 0.07917611845410431 0.012846392875600953 0.08838610522476305 0.0875427521770111 0.028826647292912573 0.08607795570335472 0.049051197996707416 0.016676362530632118 0.03877645920042222 0.02795913560073056 0.08963449360824738 0.03268231441214246 0.0475161622054212 0.0730505998379137 0.06535612987643558 0.038035279165851296 0.047525510202426006 0.07429798178980895 0.052433136494006924 0.05328612293066669 0.03748412705101215 0.045457810853394585 0.04710291213778038 0.025002207164767483 0.01985837558429091 0.04196941616034854 0.03915744993264771 0.04949250129416695 0.08839701397088247 0.03648744578981519 0.05072339085983696 0.0474218028970676 0.06644994442326732 0.0795071377470399 0.08414122888650817 0.03265637851772707 0.08200643503603636 0.08462123824495826 0.08041579929613131 0.015456815586230754 0.05658154006972065 0.03444300482880345 0.05633997456117611 0.011147273014579549 0.06658313105217016 0.04659667264955539 0.06539482990514425 0.02596228829591748 0.057220185552402436 0.04168568624862686 0.03291597634337922 0.02880527317722552 0.04221221312630157 0.05348953514227918 0.054846522197936586 0.011551604707033088 0.0030653846531365197 0.07372061486944949 0.03421152880808856 0.04645678542305539 0.05967833782950373 0.03665469792812941 0.0831376022772425 0.06530505937220248 0.07918619139058844 0.08694074396502838 0.04023677853994699 0.08640288632654544 0.09038248215280138 0.00854152381918084 0.03694806472823823 0.07856327757229237 0.09595764831509274 0.06578557058603242 0.037792574492466306 0.04140495236329326 0.029682294276960158 0.06657557085206332 0.042727091538917385 0.08516951545029691 0.013785428947594675 0.06493028951278587
 0.08739833094681301 0.09654058905007792 0.07272435688924866 0.06708033043179307 0.06315213754470889 0.09053760209290128 10000.0 0.10238840453668327 0.08987224626996762 0.03439136757898883 0.08844534298127098 0.031052780325024877 0.06313590500044235 0.02741944155797277 0.015014977294149148 0.0758995665052402 0.06233296584044255 0.02690082869259076 0.01529116376103365 0.05357759547161653 0.0829907912154408 0.0973636636489872 0.024828439659380055 0.06893965974648711 0.08442712667965077 0.0866559260755604 0.011052943575869383 0.02143232987521544 0.07856433125189705 0.07683696783730734 0.05539718566129628 0.08029786035015946 0.06595648402978756 0.10834351822739587 0.012875336241460042 0.01142477606525159 0.09030733540037991 0.016936905784584923 0.01854051901306289 0.08953405190992535 0.03228094000265232 0.051468343533161535 0.07639265614057208 0.06019118694777788 0.09050509484972892 0.050173188065435005 0.0841204147418159 0.07860233028863127 0.08545881945926229 0.0360711931495464 0.05380649517672773 0.09727535518591683 0.02843813547294231 0.07859172490006448 0.106468596605059 0.053753255778529276 0.10395115236576358 0.08178104935508519 0.06602238324280611 0.09502953194346057 0.0904104413377958 0.0608548560747345 0.07041968730388969 0.01073763772060899 0.09600078357124989 0.04288951324548101 0.09421959140960665 0.07600593998850846 0.01604572680971883 0.027043033867508 0.08753910225678992 0.008988078807322965 0.07855898010800046 0.019003504183123646 0.08778066650617002 0.03580942624349903 0.0862161912226918 0.12411160518626548 0.08624934605693359 0.025418471331083454 0.0448760228878005 0.07033017723104255 0.09564683621540646 0.08456359012308448 0.06523523087930168 0.07895734334457336 0.08807316575090288 0.048637701848944205 0.09530277283861699 0.0769480929974465 0.09237039324061665 0.08904511789404006 0.033434233818539556 0.09927459188803665 0.05767950404366784 0.11769058511256045 0.07514015014915892 0.046245608592005424 0.08094383283705316 0.08700783906564383 0.015019539687812647 0.050320791630383756 0.022996735401553926 0.015833912786314432 0.09292229650519396 0.07222307779724281 0.012187559949118661 0.07102970251155942 0.025026970345953966 0.07219637709312467 0.0589315057494305 0.07679379991572005 0.024021745866694925 0.05146464291433072 0.0076915486100100445 0.09479060816863415 0.02591989532911488
 0.06954247544695057 0.0827672731569129 0.030304044228515452 0.05215663102271315 0.07100890321474387 0.05888507510968999 0.10238840453668327 10000.0 0.06005808728343547 0.0735709316050919 0.08625281358706433 0.0802754747259262 0.04313753097571553 0.09616188314913422 0.08816057368179049 0.09114807505429584 0.05697926597522659 0.10356948183259003 0.08904456437930452 0.0511466864379824 0.0581039600090571 0.008835551986545826 0.07778794435134008 0.09023093639159915 0.06385265886449772 0.08357082465236067 0.11029527265478296 0.08340329987313695 0.03682129320688243 0.0498911586201557 0.04700593694379543 0.023187600546522084 0.06314769574269968 0.015512165965992789 0.11001542108129968 0.09258544477977854 0.04604267119738078 0.10991392783158417 0.11003621469879979 0.08680775375309925 0.07898801869425116 0.08862970428705892 0.0671098502242298 0.047544322551659086 0.030980271394728837 0.07001823133235953 0.08906120894211503 0.024315019378557793 0.028505082957369244 0.06635072319923659 0.07291567377658845 0.011362255521637088 0.10250727120450732 0.023803728896642236 0.00972185949843054 0.07098020930341498 0.01624428265162926 0.021419599425453423 0.05727506899887408 0.07874247793395191 0.018037052447947285 0.08355061018788042 0.03210071904630861 0.09445342893631878 0.022591490184987677 0.08236737733430734 0.012089608090973918 0.03146295879094044 0.10018250015433239 0.08104455789770626 0.027183874812064766 0.09715131056405299 0.045157229810422535 0.0844833976643512 0.0734858552722772 0.08359975794035102 0.09133739970546921 0.02957764321650054 0.048524969844609536 0.08882252142973199 0.06537166631235834 0.03595716152059487 0.08482300752655644 0.01851918959472689 0.03977378497165497 0.0874236997377261 0.03058813658494983 0.07169507596078656 0.007560796735317496 0.025680308421726025 0.0704356817316059 0.06138097257701247 0.07068732119113368 0.02609935921441658 0.09004004223159565 0.018078896749609715 0.0325022113698628 0.06712041786310703 0.026188332051830077 0.03339623386498959 0.09077640918702787 0.06671644731767555 0.08530653311774279 0.09290264220455707 0.05094205332868193 0.03509406855436795 0.0941411762725183 0.06237589275032114 0.0854807467589362 0.08921102876145283 0.08485894614050617 0.03631623110688454 0.08486064136872375 0.056994674594342286 0.09480168770911154 0.04619605616675023 0.08024856587128876
 0.01021738719148807 0.022746197135677784 0.057609223265213755 0.025764319103474664 0.0284923839133013 0.0014200936724580125 0.08987224626996762 0.06005808728343547 10000.0 0.056057806443864 0.02712468143943679 0.058862842274848955 0.06733199945460465 0.06873197365748893 0.08169733075647938 0.0366049845091465 0.02873118835827692 0.07516751301600902 0.08397234792242701 0.04623103881140756 0.007075640818303826 0.06416284728141008 0.07347896101332575 0.03905022367618858 0.006932304068755461 0.024773210527196464 0.09204383669566761 0.08143871133417396 0.028150422031227147 0.017159288494300616 0.05445788443489444 0.05904640350861673 0.09386360591937624 0.050973013036934633 0.0903031046986392 0.07852996544419585 0.01405329116364872 0.08749718230084415 0.08663421624514668 0.027472972089332803 0.08590484379614109 0.04789836278784476 0.015498826935344072 0.038844863696279465 0.02910170562679419 0.08974465443174363 0.03127214226207262 0.04828080298755414 0.0738452081203563 0.0651488786334315 0.03714126769437478 0.04869609171497676 0.0733060303522805 0.053189058101967696 0.05456004160621771 0.03665014212407469 0.046753164337003654 0.04794641815086562 0.024584066440956703 0.018718175443980654 0.043036587545503956 0.03793269730004932 0.05004792188693346 0.08788430646629797 0.03771123628209791 0.049787136744898666 0.048535755022731664 0.06710756418812766 0.07867652054232094 0.08388130871262336 0.03369169661501639 0.08130097588541005 0.08522727565311093 0.07999974426181784 0.014078018875033632 0.05572945139674248 0.033045926648034414 0.05775468284308758 0.012032131612275608 0.06578684299472516 0.04612343932655648 0.06594436561343252 0.02476553689929746 0.058086291808399186 0.04202472984751415 0.03149718461575947 0.029868850567907775 0.04144662749304536 0.05458337012114683 0.05555993962822696 0.01040268583463124 0.0016463877869227902 0.07353732160633188 0.03551529959457697 0.04521181604113426 0.061036572111557684 0.03729325962038147 0.08320346852137346 0.06606187529786403 0.07996667699008903 0.08649098330782763 0.03961248552423615 0.08607902040561545 0.08994680001520979 0.009921659048128343 0.03748390679506195 0.07786557310805672 0.09636634359129925 0.06506376519730085 0.03640375019082659 0.04019226978948734 0.030318090495694106 0.06588600690457323 0.04248581775904391 0.08458499664807151 0.01516461670010715 0.06433537205877855
 0.05482837446410498 0.06582039333767686 0.04697234073323131 0.03269282806846337 0.03148586410988695 0.05661587638036186 0.03439136757898883 0.0735709316050919 0.056057806443864 10000.0 0.059379396119158136 0.006961082504576674 0.04301137237194803 0.023030431378867223 0.025945432966045335 0.05011988515104318 0.02798839163237303 0.030254986071413546 0.028374286175379182 0.022424245295949816 0.04905806374789253 0.07039657478436848 0.019644526354511995 0.04397669132887595 0.05110919138731464 0.05708373613940626 0.03894410417238142 0.027140872974852296 0.04498224479778951 0.04244873142962855 0.029003825473992714 0.05420664321560121 0.059511269133521956 0.07681178065530023 0.037980511748771796 0.022975376874693042 0.05591974387380075 0.036939480596956696 0.036829102737416436 0.06048813412580689 0.035514488258314464 0.029127240873556486 0.04371157663577772 0.02732201093158472 0.05699897384061032 0.04755636237748372 0.05639820992927827 0.04927688105508518 0.06388402855645603 0.017936743635205626 0.022652014314383205 0.06650043930130506 0.02942955589671023 0.05074953999402154 0.07585823124771109 0.021807205020490262 0.0721377412846151 0.052164426384758225 0.0317915762482787 0.06363900143250037 0.05906982603977748 0.0341495154645672 0.042035523397597564 0.03189792132731199 0.06337040521766754 0.01781436802302378 0.06371069199016971 0.05357456981742866 0.02709892547919171 0.031522862607565774 0.05470599276494685 0.026510928619466315 0.06350889711759293 0.024922091224757706 0.05587881199305363 0.01344856981604598 0.058896989200636726 0.0918151618931619 0.05186358517553203 0.015269692408538005 0.010501956748219984 0.04834984791984888 0.06545378170460785 0.05762696709568444 0.03401540178059013 0.051411206362812635 0.05471184569028489 0.016580175554631402 0.06607755086523394 0.050037968724775665 0.05972861287104529 0.0553677088030693 0.02468821103853765 0.0661413976917225 0.03479653992447392 0.08687460388637139 0.04307512190992958 0.04067108576459923 0.05726880948745441 0.06748995997361015 0.030910949930698744 0.016593000962035528 0.03225997411423638 0.03445901112894959 0.058576921004358365 0.040123115109211356 0.023057849547036234 0.06406877694884251 0.012006076136359024 0.0462734335273157 0.033106401958022176 0.04346720449129818 0.011728832205594439 0.017844833295877244 0.02857632263442309 0.0604026012194908 0.00847151959827467
 0.016981989699117905 0.010418917047211778 0.07843155705651506 0.041100611870725216 0.02841925323587769 0.028493605107778746 0.08844534298127098 0.08625281358706433 0.02712468143943679 0.059379396119158136 10000.0 0.05900578101266256 0.08514615297623841 0.06257089392126448 0.08459272437289952 0.015329693137323653 0.0401925888815136 0.06711820312326348 0.08715539412001841 0.059766947793197654 0.028175506254224214 0.08943582633375909 0.07897061008083635 0.021534865433629268 0.022402278489576658 0.002878106978761729 0.08728886095255263 0.0865113179320008 0.0512644443176841 0.03775951630999897 0.06993170896171179 0.08158864875171261 0.11006422236906177 0.0780288025710351 0.08498344596154424 0.07813860554917709 0.040885278337904764 0.08105387002677969 0.0797506925378204 0.001110395724556784 0.09416836500409118 0.03783842909813985 0.021204691989211315 0.05433770982750959 0.05539265231756276 0.1025309463176242 0.006131567155056582 0.07104145878917681 0.09628758519076447 0.0739924628043216 0.03672974230247165 0.07494562055928003 0.06509226316302072 0.07569902181490355 0.08140504787054961 0.037729534435999926 0.07371003692512747 0.07148752875862148 0.03669421960010499 0.012038228957791686 0.06860571631555754 0.027660866788136375 0.07050561585089286 0.08972867705328838 0.06435810414809118 0.04561869584532579 0.07438399054749975 0.08812299280191775 0.07414220183183194 0.09070763776671796 0.05921189453461018 0.07945834419691557 0.10518582771368819 0.0841456664688469 0.01305413093561463 0.05276668608605461 0.006530700561942059 0.08454622054696183 0.037793202479915085 0.06304128774413323 0.05234752961346857 0.08569375884393002 0.008283580015361449 0.0815954860710152 0.060510633600941326 0.010286744095563582 0.055670515490072056 0.04283259001908721 0.08021366159139814 0.07754434786087976 0.017951636779420157 0.02557257069648084 0.082245966957175 0.06252287640130748 0.03233793687177192 0.08815863900592251 0.05932741561372192 0.09552884856644259 0.08823851564000014 0.10214432724396927 0.08964694415624098 0.044228817847190814 0.09163932793428477 0.09321308895342367 0.03703501384103527 0.058484769133327105 0.07640506208052684 0.11342773232120683 0.06406051241818382 0.01785678175793764 0.029728067649857016 0.0528176182985152 0.06550973025369837 0.05311275867935924 0.08513557567555013 0.04227857229833519 0.06608027738046227
 0.05646052141673656 0.0663170258864544 0.05392924284054004 0.03713619416433156 0.032338247137900324 0.05956067135682751 0.031052780325024877 0.0802754747259262 0.058862842274848955 0.006961082504576674 0.05900578101266256 10000.0 0.049765555970930436 0.016087716299774183 0.025681238869218335 0.048268857835419426 0.031987929094284925 0.023370128860191023 0.028273761022401686 0.02917072802118629 0.0520327513118067 0.07726613778963883 0.022090500365207 0.04170743517637363 0.0533753801446994 0.05693408016241855 0.03393477695209747 0.02856203158548048 0.050541806898460814 0.04659270215183024 0.035960380441266565 0.061146762125184974 0.06505964718914736 0.08302774847982933 0.03264131809494663 0.019843881500000427 0.06017989659804746 0.031031331748299345 0.03073635656189349 0.06011405948768228 0.03857008251345297 0.025423240139121842 0.04540412574743859 0.03350974379221822 0.06251764463333188 0.05227381377584408 0.05540212341329329 0.05601978770474855 0.07080798491921776 0.023488371681943288 0.023016786735405824 0.07293226087579477 0.022489528660588568 0.057618153011818336 0.08228573377919096 0.022780521747327677 0.07829506100218132 0.05885625193076229 0.03539012939828361 0.06450805521919217 0.06541439200154794 0.032326672336464836 0.04890334499216677 0.030748114589946852 0.069294411482374 0.014362217516401484 0.07020614772425336 0.06050197623352517 0.021282816565631277 0.03392157034610752 0.06059821133457429 0.022446946510064868 0.07004203948496651 0.02573535187330337 0.0570396413424608 0.008081672483394255 0.05776103248743534 0.09775146064396457 0.05591770571618698 0.008642495202601309 0.015749425407375704 0.0552440961405536 0.0656705598070072 0.06452728146458865 0.040587801250634055 0.0502819446143048 0.06033616416118639 0.01760309325342152 0.0727582565324541 0.056958570520853236 0.06142600397166835 0.05800953137449073 0.0290469054449052 0.07182449850835197 0.031531919982753634 0.0932251916945448 0.04934075835978351 0.045595813781002865 0.06422665415624905 0.07434263233480408 0.03072658327649463 0.019497418810614724 0.03374344780282677 0.034277825947842316 0.06236460941551586 0.04640733774316497 0.019003454454971716 0.06975151154807199 0.006330567912846583 0.04441020478345247 0.03087792577866353 0.049204578342617974 0.0070317923516311455 0.023866777711439576 0.026438219544297897 0.06463693002314994 0.007399417716084417
 0.07259648203399251 0.08690928908299964 0.01402395573047115 0.044221315355580146 0.05925125249767926 0.06693029418694638 0.06313590500044235 0.04313753097571553 0.06733199945460465 0.04301137237194803 0.08514615297623841 0.049765555970930436 10000.0 0.06525673879833342 0.04818070168786803 0.08244173757239538 0.04513442880427011 0.07189720472742979 0.048465326584219835 0.02657583783294964 0.06141981648774351 0.03619275998546493 0.038531670677883156 0.07833762226349644 0.06664859237824106 0.08229864775814535 0.07259353978741533 0.04240036981107296 0.04044646980882994 0.05037913853523219 0.016064279124532777 0.02003196802989746 0.02676603407936406 0.054002706021421376 0.07298174425965345 0.05517702233236118 0.057804075115683536 0.07415624265986367 0.07474964956757822 0.08609796967223611 0.036166054242766484 0.06859807366951597 0.06414506599860634 0.03081916315434042 0.04761352509605653 0.027772462698209613 0.0849730778526598 0.02497195949088235 0.022385653695547042 0.028513098007008127 0.05529329098346484 0.042512753911690924 0.07148452403626941 0.02169348344098362 0.050084261423495736 0.05332792480641188 0.0510059317722663 0.027741090348403448 0.04845369903745334 0.08334116573655623 0.038586231618553374 0.06886510708536984 0.0185909133724738 0.05384164933405578 0.047381561855322406 0.05851896117256811 0.03933187527321322 0.013018961333806818 0.06525103294027215 0.03888953788978231 0.042007188602511625 0.05990384339208509 0.02125473731003022 0.04423298842615774 0.07565349450516716 0.05616528051650696 0.08766180849605991 0.07044872828263399 0.05657540795299169 0.056914788694687295 0.0401709920161156 0.007480997262941868 0.0878562431861703 0.024723452262887663 0.025393897322511925 0.08116612410461692 0.04505071117113775 0.05075357847576735 0.037521902840632254 0.018813204276461534 0.07611050876228033 0.06774743641912949 0.029769438661060955 0.05221831154488534 0.07275887543059059 0.06072749389319276 0.03145565534586197 0.024049462698002646 0.018278873796719115 0.024834043233364658 0.049769748877436376 0.046360512106997494 0.043333301930703325 0.05133769316910296 0.06301899984682185 0.0303331607837494 0.057538337737679836 0.02903482277959732 0.05285953462087438 0.07914238402212498 0.06899483724952084 0.03797670825953291 0.05155980638284716 0.034494815804083194 0.05546227980864269 0.06113990366170957 0.04641755147004901
 0.0642435855826592 0.0714375248731641 0.0699984796518803 0.050384276135853716 0.04036552106073325 0.06965881724888101 0.02741944155797277 0.09616188314913422 0.06873197365748893 0.023030431378867223 0.06257089392126448 0.016087716299774183 0.06525673879833342 10000.0 0.030447941823916753 0.04912380150271041 0.044877802196065325 0.0074527365937224485 0.032834896761497055 0.04516997940396484 0.06243026153715982 0.09332314582675419 0.03224236186609634 0.042131085080533634 0.062467586067769434 0.06108649903913988 0.024719051286806692 0.03595602263738162 0.0650206064894529 0.059080083142170885 0.05196896268572067 0.07723325139734047 0.07803526330731606 0.09824433995170918 0.022465351191543068 0.020067798672303374 0.0725176886000574 0.018941452747391098 0.01794151405725697 0.06362545076288505 0.04781865704566286 0.02480975613929425 0.053847903002288006 0.04897546762601653 0.0768050777912653 0.06391315558049605 0.057772684051103806 0.0719704881244712 0.08667150803434637 0.03764505376859142 0.031646244374920744 0.08847986372036099 0.0064019318907509015 0.07367840830023421 0.09780779597344588 0.03240649974605574 0.09343999003294874 0.07475008742696646 0.047532869383174345 0.07046605906371416 0.0808657913960225 0.035007899390880295 0.06496560048675296 0.03262191842867992 0.08413528005777911 0.01894798810684013 0.08584397125876526 0.07638513785740725 0.011777530125441821 0.04239253167348416 0.07544779390249808 0.01900483893023161 0.08497506923255387 0.0325255286527546 0.06388240597682125 0.013703399341112905 0.05968366665640358 0.11249386512693076 0.06801007877514058 0.008392523978177906 0.030964818892251736 0.07103996515131845 0.07022330702844275 0.08060572255996706 0.056398954199302964 0.05267005158525125 0.07480079345094973 0.028407892207030883 0.0886231595587673 0.0730450323558827 0.06914411785669454 0.0676119996472461 0.041174039874515844 0.08628753577973478 0.030781424447655966 0.10861673382298967 0.06476232937946244 0.05781508250078828 0.08022821653900039 0.09000082379220388 0.03468135345795249 0.03219990362829417 0.04055652078163043 0.03769825342595735 0.07386443426184484 0.06186943624484902 0.017081208138314263 0.0829377730306048 0.01253495158900073 0.045556044149899395 0.032859278161349696 0.06394323648688902 0.014105934360123964 0.03933378056815219 0.026943906629036563 0.07684903019229404 0.019138035095333836
 0.08077374755014023 0.09154523280639909 0.058201755582602224 0.057243112995365386 0.05725113720732003 0.08217321749232846 0.015014977294149148 0.08816057368179049 0.08169733075647938 0.025945432966045335 0.08459272437289952 0.025681238869218335 0.04818070168786803 0.030447941823916753 10000.0 0.07386171653308285 0.05315401163875851 0.03347167926006367 0.0026103884405013593 0.04110889990408415 0.07464546095114995 0.08280732660210458 0.010427380387563885 0.06719389563898673 0.07697683373463075 0.08244895806713678 0.02524556714863093 0.006830703126730814 0.06686660342664413 0.067107851377269 0.041392928210979646 0.06573932377618764 0.05202672893893836 0.09495264414926362 0.026277264847219255 0.010938046138636767 0.08017876512349913 0.028904554126793016 0.030065686716676275 0.08570258603765323 0.018830936616124845 0.05031794935961147 0.06965689597752456 0.048346259347602706 0.07856404809574677 0.036520483797436706 0.08108114772482468 0.06474804897209537 0.07047152366835649 0.02194370278756384 0.04814496741380014 0.08366827341897766 0.034280349573096225 0.06437072618585585 0.09272739675338026 0.04754021752656115 0.09072545092561822 0.06796547384885791 0.057181136120668934 0.08948914740071398 0.07710041456002045 0.05797790920280649 0.05645671283006348 0.006635789214938801 0.08330467731740455 0.03981878936706434 0.08054602981872823 0.06109646909658736 0.02288610978352282 0.013230320888476888 0.07507687557791819 0.01455512417950876 0.06370067484480559 0.003990904383616365 0.08178523573505202 0.03287214229230859 0.08344181181420125 0.11100419044039997 0.0764633135378647 0.024389132271385176 0.035577525421041756 0.055427818355816706 0.09104729338168842 0.07010020514834478 0.05233391973383998 0.07596312751953511 0.07602352960741401 0.04225549707656518 0.0812303296734726 0.06256393651399475 0.0856713045029747 0.08109001494545631 0.01843522980391929 0.08690760510396055 0.05659688693716929 0.10395129077505824 0.06240846335020727 0.031862714920195385 0.06609790868733985 0.07199475606401023 0.005054316429831228 0.04251094052057626 0.010320503661031679 0.008621378839367262 0.08340319868907237 0.059570309017437914 0.014236628296671897 0.05710916093662913 0.021645585465420825 0.07001232368417032 0.05645276191311751 0.06488236462577592 0.019864286319663648 0.040605239907609 0.007480325930821739 0.08463186142811907 0.01851441319944576
 0.026969259927668333 0.02567242566848709 0.07815516223092113 0.04091057567253422 0.02321513174496563 0.038017033111612565 0.0758995665052402 0.09114807505429584 0.0366049845091465 0.05011988515104318 0.015329693137323653 0.048268857835419426 0.08244173757239538 0.04912380150271041 0.07386171653308285 10000.0 0.03800491238938623 0.05296109092347117 0.07646817933957828 0.055963159154766226 0.03472332468549311 0.09294146519682206 0.06962733839977758 0.006992792302702505 0.03015407630455219 0.015245634306143027 0.07367264373335976 0.07668741546957625 0.05451253939564342 0.04126108566620295 0.06650823328826794 0.08256748492953597 0.10552645919360777 0.08520763348951152 0.07124060616106376 0.06626087836678507 0.0486300138535874 0.06706077851089563 0.06566035028223628 0.016152930058716607 0.08562418209204095 0.0244417693354839 0.024284053465984286 0.052241832744979996 0.06143958367629078 0.09614030294048165 0.009404693892178823 0.0726609055948275 0.09671107278717248 0.06656568245196129 0.028588524887759936 0.08020709737171336 0.050938125748911524 0.07689017619693833 0.08774945122075302 0.030210157866162553 0.08055061440239518 0.07376824246493768 0.035732999518632375 0.026570408722199953 0.07311618650474515 0.016012498909261912 0.07035545110128218 0.07840563956992135 0.07064938035434142 0.03404925237829281 0.07905974789613986 0.0876145174409064 0.06087716033366821 0.08156969811194896 0.06408513421728619 0.06698755248394991 0.10336301760379513 0.07398092189417906 0.023964366337810728 0.041095962074106616 0.010747855599291693 0.09393592592498293 0.044611639375057834 0.05083277736444129 0.04525489036826905 0.08431821349510343 0.023612099724264257 0.08344100002811758 0.05968807476082742 0.005560846071028737 0.061063350772737716 0.03447984273237192 0.08442089141957529 0.0782200078573993 0.030075298992110318 0.03496119362367714 0.07435520486140883 0.0698058948240159 0.018342610480514034 0.09580582952426214 0.061078196440812756 0.08908608594779095 0.08867170248970761 0.10218659053701358 0.0788747196093727 0.03740368467752838 0.0818773215039816 0.08239083782042315 0.04610650670610904 0.05954315749649404 0.06416937214198265 0.10937053269365435 0.05251567084903894 0.0038632647671551362 0.017408960907287833 0.05545850901831068 0.05415579570408345 0.04834132163704002 0.07341789843296267 0.051160348354249784 0.0556295409354648
