NAME :TPP_input_16_4_1
NUM_VERTICES
61
NUM_CLUSTERS
16
Full Matrix
 10000.0 0.048820488122436306 0.09835828314164 0.09724969298486677 0.07240275027148269 0.08754630812270928 0.05478840198427517 0.012883140421056505 0.055223478627915414 0.05827584398774675 0.06538192446155681 0.05940057254057363 0.06309092040518906 0.06908590334477493 0.050159591795407354 0.04188164607377801 0.054490613250355195 0.07298983124179825 0.0966565869657428 0.06643955088501638 0.04418591512668312 0.07875102197928219 0.027653729114380292 0.08901349846054313 0.06933473006683713 0.06669737315011885 0.058530001457929415 0.08632158790718977 0.0166312396720262 0.055442501070200156 0.08575296345151047 0.006352783036378099 0.07135241016039295 0.0462230356262039 0.09543515471030806 0.024693205712390153 0.08484081441706892 0.07448080001452946 0.028198663125777384 0.08734734879668843 0.07040420859851887 0.08600203893486758 0.07194714013035673 0.013292675725373454 0.06785451997711278 0.06954789891304489 0.08124980579994853 0.08462092327898864 0.061775766588447224 0.06661331209930643 0.09472175479939826 0.06589667403707213 0.07700132650332477 0.029018947228566367 0.010084266122738512 0.03884101508158312 0.023556108227859012 0.06568343305266063 0.048944318281354884 0.050450989757576954 0.042285227307937545
 0.048820488122436306 10000.0 0.08253232446751176 0.06793470061879954 0.047573676988246424 0.04811237457931465 0.010368693449699696 0.03606500714872831 0.01608995337328285 0.03613831641327052 0.025411726268931897 0.018125760905365353 0.033092776733658985 0.06289076393649648 0.04127648408054861 0.06062775715300215 0.072702381707988 0.06984817182397796 0.07664778108368528 0.0819298328203171 0.0251332594902541 0.0571172931190094 0.05682813893706376 0.05786308531609428 0.022545828335648332 0.04881403347552495 0.03509601600437895 0.07481092560292782 0.052420011760621596 0.01439060253328655 0.05836489222749168 0.054809061212687506 0.024307952132387196 0.07985759094473908 0.07493842017691597 0.06280633327364447 0.050038456921089595 0.08111648802691233 0.0717126528384578 0.08870156351490953 0.05386538050734157 0.07778464220727871 0.06415074036407703 0.060324801733123413 0.09073651481409462 0.03027370801550074 0.08746471453244113 0.05685441409129734 0.013159479492806566 0.0666852510859391 0.0590073744846161 0.02192764750498562 0.04629567222807412 0.02671448590394396 0.058326749407053825 0.03405626490058078 0.05381130319935596 0.025352156815972356 0.06310073272308936 0.013780263050853093 0.0278515307226748
 0.09835828314164 0.08253232446751176 10000.0 0.027986081061903093 0.03522511175498266 0.05177423946461932 0.07343480533648072 0.09339263898970318 0.06685046388496355 0.0470433287826817 0.06091620279521423 0.06639420305601473 0.049695598244617285 0.03006948910666883 0.04909401298234741 0.06374483640434546 0.05993305984169795 0.02913135049468513 0.009013079463524485 0.05521218912434646 0.0617844390495524 0.025565388503233515 0.07729174723970482 0.03393805485982619 0.07277794491399972 0.03465581342916278 0.047836663950895364 0.012921946036252208 0.08550579511691593 0.06887380592475258 0.02851296778082735 0.09991609846961123 0.07333606793139343 0.083146612901618 0.010518964638440468 0.08713582056120411 0.042643685547751366 0.04094120300036557 0.09682411415594737 0.031833918581781195 0.029796447870742742 0.016424314019104852 0.02697850109287148 0.09910130117229456 0.06832295302798622 0.057555136786504243 0.04012378703232573 0.029844209295023974 0.08535819522855936 0.03578052770631086 0.042344210645110236 0.06730439016679295 0.03952260391066669 0.07442819178374134 0.10089287133924141 0.06113524608908182 0.07938229574958595 0.061299302156155165 0.05692798251306345 0.06880541409311887 0.06133499545401342
 0.09724969298486677 0.06793470061879954 0.027986081061903093 10000.0 0.02484895079232255 0.026303080729322196 0.0577016176590063 0.08903244417361761 0.051989940567509184 0.039088965102436195 0.042953646414038205 0.04993158972793124 0.0364156319537609 0.04128320156390808 0.04829944507269055 0.07252848922665736 0.07382107847466464 0.045165156511994126 0.018991295888271528 0.07320802532278643 0.054187366390033465 0.02047134148849395 0.0828094559752105 0.010139184953887092 0.0522813429020156 0.03187046630182383 0.03902047488178419 0.03269502422129854 0.08815675015045368 0.05355156610004412 0.011517232887920238 0.10046887601130013 0.052218666931874304 0.095358430021122 0.017657114648850038 0.09298575346353388 0.01906636097722178 0.06100827391269987 0.10361563140650541 0.056281209197020426 0.030031806347836035 0.03843476011803094 0.03872858790900162 0.10167281495122585 0.08683186998194366 0.03841354910165296 0.06268096542166555 0.012635463632983839 0.06683001016944368 0.049703584932391486 0.014954681229037812 0.04828724562443136 0.021937326559459267 0.069264944668961 0.10239692281556063 0.05852638463151662 0.08352063272365605 0.04314506100430731 0.06748939547058008 0.05550621295610823 0.055343886006567644
 0.07240275027148269 0.047573676988246424 0.03522511175498266 0.02484895079232255 10000.0 0.026209444397596777 0.03823889988891045 0.06442134654711275 0.03169999572575378 0.014407787636015981 0.02606824343261219 0.03118158759045366 0.0145216912884282 0.025995299730514565 0.024010443098589216 0.0504973915448998 0.05472227388672696 0.03261013958935144 0.029091867684124476 0.0573735701867655 0.02983238860646123 0.00966016923770412 0.05907638149940525 0.017467816746630584 0.03852142582850945 0.009475766206191508 0.014559045507338992 0.02975152564766127 0.06364337932371543 0.033688345246039045 0.01335349575613842 0.07565251955199559 0.03939960336098307 0.07411242114143185 0.02740087184860826 0.06914615695395183 0.0178366574216938 0.04862091875843802 0.07988741358044084 0.04981346649777975 0.011522490428363919 0.03423713902945722 0.02503556677684051 0.07704144397317962 0.07041763681428984 0.02340065443053002 0.052767768443195834 0.012235424614031236 0.05024085045761 0.034013575408586925 0.02584348220268432 0.03259604201263519 0.008852181045766402 0.0446271089649496 0.07764252184571649 0.033695691854072445 0.059385325182572724 0.026499248266354556 0.04676593146976468 0.03400877159858117 0.030669053532767346
 0.08754630812270928 0.04811237457931465 0.05177423946461932 0.026303080729322196 0.026209444397596777 10000.0 0.037900742441863394 0.07694543081142557 0.0340688423797346 0.03340724035019524 0.023357159865785633 0.030582958455840133 0.025656664300667417 0.05202551722602217 0.046474704534767916 0.07459311218888004 0.08036878635160269 0.05830541381446734 0.043081778164155315 0.08356562419899113 0.04378705243770421 0.0314720255186044 0.08061245632762076 0.017876995317557983 0.028322507306621354 0.035509958589572635 0.03239704522535147 0.051699018167570464 0.08272986596888025 0.0348261265795746 0.023671173560953787 0.092078253036764 0.027716044879833163 0.09833735805298208 0.041394016943218204 0.09013613952221784 0.009540430945392493 0.07456046392399071 0.1008521002245226 0.07420194385518539 0.03753581933863851 0.05710569890354172 0.050734380439060804 0.09507910073693554 0.09651956026968495 0.018583121087855377 0.07825634495141139 0.0226085209698634 0.04356576672375719 0.06019155388632793 0.01246712222847699 0.026308997270454403 0.017359918018168958 0.058563462134723535 0.09475821977731307 0.052255552837063325 0.07995369349734174 0.023250206965942738 0.07187168036530373 0.03865353782439948 0.04635615095831687
 0.05478840198427517 0.010368693449699696 0.07343480533648072 0.0577016176590063 0.03823889988891045 0.037900742441863394 10000.0 0.042579728233422105 0.006672460171077048 0.028286649686711178 0.015043108957578454 0.007786558717157311 0.02373921222175989 0.0560514504181631 0.03604273058207298 0.05915663675434911 0.0701516127700199 0.06320124038686474 0.0671444043291538 0.07830872555259882 0.021153356256982506 0.04788296486872093 0.057979146636199214 0.047601629338252564 0.014547661901391395 0.0406489005401103 0.027057932832022537 0.06652009397600447 0.05548210516784487 0.004568978215620883 0.048389432775539414 0.06036827845369682 0.01657452182659502 0.08025157484872525 0.06540833626763089 0.06525861999359275 0.03967835424740179 0.07578349229176841 0.07495122891299959 0.0821146810235285 0.04562475151973545 0.06992515681536371 0.056937260310332555 0.06512100854244707 0.08827050632493455 0.019907549844842217 0.08180089527930563 0.04686860106451878 0.013863542863027245 0.06083159699617845 0.048649084075515804 0.012079351900350999 0.03622880463652349 0.028677789868275 0.06366137626815031 0.03167151434729877 0.055567361349789714 0.014986439400468692 0.06041991929353495 0.007330652539291189 0.024484802054005435
 0.012883140421056505 0.03606500714872831 0.09339263898970318 0.08903244417361761 0.06442134654711275 0.07694543081142557 0.042579728233422105 10000.0 0.04368633023267478 0.05002133842603764 0.05416711083459 0.04776817168920464 0.053552551103295654 0.06549324050755606 0.04430578926011484 0.04391425997059208 0.057332801884073095 0.07042599016206688 0.09061748179601532 0.06902489327059404 0.03490655174386257 0.07176383697689666 0.032216989290474535 0.08020158192939518 0.0570727250613169 0.0600037104865232 0.05001575876578527 0.08209231907864006 0.02274230244183654 0.04366362343600257 0.07768975886001783 0.019113198059785896 0.059059820455704355 0.054037450286429464 0.08924682128510243 0.03309854733905542 0.07514641471016897 0.07474633553066057 0.039205840680121076 0.0865821621183863 0.06424261950644075 0.08261336238098697 0.0680808541333356 0.025461404258771258 0.07282634476877847 0.05858269156560826 0.0816506912098548 0.0764398331363557 0.048943253412497376 0.0646086734554987 0.08502985583699722 0.054053066312684306 0.06794037896694954 0.019794241993032737 0.022787776296968168 0.032289567137774686 0.027980601949414905 0.054419002714276375 0.05002708233982117 0.03889378575034615 0.033752678074948916
 0.055223478627915414 0.01608995337328285 0.06685046388496355 0.051989940567509184 0.03169999572575378 0.0340688423797346 0.006672460171077048 0.04368633023267478 10000.0 0.021694528989586927 0.010731077737151143 0.0042251478691654005 0.01717866854392501 0.04957740974586007 0.030257744256334 0.05485545487874093 0.0652126446119114 0.05675639899055931 0.060696605999616286 0.07284694016305544 0.016651847634921273 0.041321069739420825 0.05516789165200632 0.041978869788862644 0.016069418851035612 0.03398671175101945 0.02043766458069156 0.05984763895699889 0.05390192876222827 0.0021718104427922206 0.04227767500024438 0.06041524713410899 0.018089094096736747 0.07676454285536054 0.05897251196296833 0.06314229967249839 0.03456933062972753 0.06968574328028586 0.07322929435115132 0.07565329263285014 0.03895578524233682 0.0632703544232598 0.050382050916646846 0.06455876174930388 0.08327321256159664 0.015503315038465373 0.0755844005493512 0.04076883733493222 0.02012821734750599 0.05461483412973959 0.043941474013043234 0.010971528831554207 0.0302406004990732 0.027348039134541053 0.06350030088221005 0.027484036326140524 0.0531621488115163 0.010895216653337944 0.055497023209348365 0.004794306621605755 0.02010491933274404
 0.05827584398774675 0.03613831641327052 0.0470433287826817 0.039088965102436195 0.014407787636015981 0.03340724035019524 0.028286649686711178 0.05002133842603764 0.021694528989586927 10000.0 0.02110485347896547 0.022944426905974598 0.008795965646114972 0.0280144594436999 0.013238873937939337 0.04146668109550891 0.048764144209150026 0.035234130057449686 0.04225100404525792 0.054271353089222096 0.01550965662461373 0.02256335095980526 0.04739380673468766 0.0307851921959028 0.033644363946376626 0.012694697144754135 0.0014407047471832806 0.03867667675081618 0.05058607821870902 0.02386547393844649 0.027680167250429225 0.06179964518058008 0.035146811813739 0.06512484995146825 0.040678480148871425 0.05713573020221698 0.0278651604951854 0.0490350875189327 0.06790506085484145 0.054069554711011894 0.01775078724277424 0.04174389864343996 0.02869688542663922 0.06366438212803427 0.06609776628923152 0.02131868009433961 0.05455422129962876 0.02646136415861041 0.041757908203009994 0.033744445969286274 0.03741443859020225 0.02711374751467329 0.01912093212991274 0.030228392301484282 0.063979944683078 0.020010437222801544 0.04705896068166508 0.021648720468892498 0.039591919682491115 0.022401352680245557 0.016275683591063916
 0.06538192446155681 0.025411726268931897 0.06091620279521423 0.042953646414038205 0.02606824343261219 0.023357159865785633 0.015043108957578454 0.05416711083459 0.010731077737151143 0.02110485347896547 10000.0 0.007353818115600117 0.013145121337623647 0.04834418121698179 0.03300450561545791 0.06014375196351888 0.06902548665145053 0.05555171602733771 0.0538869788875744 0.07524284360058978 0.023650637358656197 0.035563755391213876 0.06266620166009311 0.032817195818133395 0.012852213714204504 0.0311564257102498 0.019664258089739255 0.05568546902845631 0.06270725919815494 0.011515443311897378 0.034302229721648494 0.07034406221016545 0.014151711836230624 0.08307912111377713 0.05211446845649069 0.07132525943664607 0.024655339865307182 0.07000995811422944 0.08172300273402376 0.07404633865638957 0.03563611077438683 0.059835838695775016 0.04848095185963515 0.07407838442581022 0.08672090525195775 0.004896353399300142 0.07531390635444722 0.032774587262604786 0.024575123790863733 0.054698789751961525 0.03363808275336741 0.006561318423093278 0.02209196371901736 0.03685729758107773 0.07328954700323523 0.03395905756599591 0.06116064744451909 0.0005456349791533769 0.05952743786971329 0.015407565240602458 0.026879473878798365
 0.05940057254057363 0.018125760905365353 0.06639420305601473 0.04993158972793124 0.03118158759045366 0.030582958455840133 0.007786558717157311 0.04776817168920464 0.0042251478691654005 0.022944426905974598 0.007353818115600117 10000.0 0.016918846693289875 0.050951421279671144 0.03284566889971413 0.0583366960895353 0.06831299675656079 0.05817551746642936 0.05982029116714441 0.07553903479445327 0.020337046399537883 0.04083828447850166 0.05915490316792992 0.03982392659099545 0.012305615365823011 0.034629800368428665 0.02157832403786368 0.0601322584562309 0.058083975254341454 0.004270871724576775 0.04076772578388192 0.0646232476400148 0.014257150887938386 0.08053152420890651 0.05806857184380665 0.0672518465769103 0.03191515063405023 0.071691087161681 0.07738526914566582 0.07698353225049513 0.039460072851132004 0.06386167986659902 0.05151243203960163 0.0687839013697113 0.08630105772490354 0.012249850855325569 0.07739768039799842 0.03924237383471441 0.019222471737627107 0.05648538312864075 0.040987518763454266 0.00678002107463278 0.028566881749815635 0.03156836905615854 0.0677184870921126 0.031152211700838112 0.05723473833826237 0.007371101228734946 0.05863420665081481 0.00895057868549695 0.0237796513859073
 0.06309092040518906 0.033092776733658985 0.049695598244617285 0.0364156319537609 0.0145216912884282 0.025656664300667417 0.02373921222175989 0.053552551103295654 0.01717866854392501 0.008795965646114972 0.013145121337623647 0.016918846693289875 10000.0 0.03520265895156307 0.021888060215267516 0.050033256940614786 0.05756010418288397 0.042407213272687566 0.04355826364423366 0.0629043813718727 0.01890799190451927 0.024148038149719976 0.055025208528338074 0.026936448999714008 0.025987552927500282 0.018080892198513256 0.00746024015381823 0.04323184165565825 0.057169319490719135 0.01917967380039747 0.025833866054297275 0.06719603029414663 0.027282793897958808 0.07358922708605867 0.04184608371447613 0.06448532954503838 0.021750275263614033 0.05700620778346774 0.07519607737015611 0.060924186270622245 0.022719686569278082 0.04708252347938774 0.03535379803905148 0.06976123330894182 0.0748590366873278 0.012611474045071392 0.062209318348954316 0.024381730112421746 0.03613146467919308 0.041702743694573594 0.03163624832422155 0.019573554496892475 0.01460180631363805 0.034180615153661796 0.0696793193967078 0.026607823027046996 0.05429825696129971 0.013666276515341856 0.04836879126461789 0.019677137180958128 0.02103796053120654
 0.06908590334477493 0.06289076393649648 0.03006948910666883 0.04128320156390808 0.025995299730514565 0.05202551722602217 0.0560514504181631 0.06549324050755606 0.04957740974586007 0.0280144594436999 0.04834418121698179 0.050951421279671144 0.03520265895156307 10000.0 0.022801260101638004 0.033994398103452415 0.03271477503082561 0.007232097326334865 0.03102283536512559 0.03240322186618163 0.03850378989521303 0.022091150109536783 0.04722648774255809 0.039204653925962556 0.06116796887818838 0.017605716670778898 0.029373148291523626 0.01741676794539913 0.05557554330060718 0.05174628688969226 0.03239194151275173 0.07021185285546794 0.06248518936212001 0.05507113200783718 0.030432453642109388 0.05711370552798633 0.04307991824978284 0.022629870524870168 0.0669585879391935 0.026076408662861084 0.01450494158890503 0.01712098477023573 0.0031306202932750472 0.069104828004633 0.045911265813745154 0.047238528864067014 0.027147487895006896 0.03245646811763189 0.06969971403539893 0.008557350309058628 0.04913092223979271 0.05470102349989182 0.03473375533278325 0.047907363709544674 0.07101504129403385 0.03421332833620672 0.04934176443292852 0.04886777308166847 0.027634344202831847 0.049601347414156484 0.036813413777566216
 0.050159591795407354 0.04127648408054861 0.04909401298234741 0.04829944507269055 0.024010443098589216 0.046474704534767916 0.03604273058207298 0.04430578926011484 0.030257744256334 0.013238873937939337 0.03300450561545791 0.03284566889971413 0.021888060215267516 0.022801260101638004 10000.0 0.028230289193671182 0.03602998138119226 0.02920639761400818 0.046589589087408234 0.04269342493763387 0.016215264742710195 0.028789913180566968 0.03512658271864942 0.04147305177439823 0.0447083082380713 0.016708927174132467 0.014459723141114093 0.03812946888287321 0.03986199853190001 0.03229429153293306 0.036863642129711674 0.052674386062757 0.046439386388942384 0.05191335440158688 0.04531887838954542 0.04515207634467703 0.04021860155630343 0.03992670507348417 0.05590658535288542 0.047756971687577324 0.020251586825887354 0.039425481455907116 0.024825404499189463 0.05342579047749069 0.05374687960979045 0.03407300354328271 0.046194920413941715 0.03597149445937426 0.049895273879026474 0.025440265920933035 0.04931496262803736 0.03828564816256521 0.031040728363192025 0.02556143001875381 0.05434032033259041 0.012047884356746658 0.03538093166662164 0.03354498287256886 0.026615341838938184 0.02893161725225947 0.014107800404481952
 0.04188164607377801 0.06062775715300215 0.06374483640434546 0.07252848922665736 0.0504973915448998 0.07459311218888004 0.05915663675434911 0.04391425997059208 0.05485545487874093 0.04146668109550891 0.06014375196351888 0.0583366960895353 0.050033256940614786 0.033994398103452415 0.028230289193671182 10000.0 0.013492497200118102 0.03511044779708925 0.06494490638688062 0.025118015720511082 0.038238286128238826 0.05205862467044495 0.015038799735416518 0.06756272170419973 0.07063531814124034 0.041448375334692956 0.04266035680320098 0.050842125346132895 0.02563253263898524 0.05652193186653964 0.061832404660131034 0.04078871036880792 0.07254944309714843 0.023755976747314143 0.06424813432974541 0.023824870211625316 0.06780126114646799 0.032857772797115936 0.0330874463185386 0.046258125687787234 0.04250272963316601 0.048744392998385504 0.037121541458004614 0.037687725735546775 0.030533138285092992 0.06187144920565696 0.03950296043576312 0.0613057197023203 0.07212941247854036 0.028281082531587877 0.07633939934391254 0.06458460783620151 0.0585037746721448 0.03514709775884951 0.04047988171430896 0.027497419000571278 0.018564744019905755 0.06066304141995346 0.007480461976275857 0.05190043260586717 0.03480408372725415
 0.054490613250355195 0.072702381707988 0.05993305984169795 0.07382107847466464 0.05472227388672696 0.08036878635160269 0.0701516127700199 0.057332801884073095 0.0652126446119114 0.048764144209150026 0.06902548665145053 0.06831299675656079 0.05756010418288397 0.03271477503082561 0.03602998138119226 0.013492497200118102 10000.0 0.030952624653862146 0.06296863413534737 0.011948979918398632 0.04899830241690558 0.05387839842305003 0.02688801899666555 0.07059124641378307 0.08044785903280528 0.045250894321423187 0.0501194970298929 0.04722382443348446 0.03791257123573628 0.06705810224651808 0.06416939565671237 0.05265930045651917 0.08225330431259739 0.023261783759109336 0.0626300644506686 0.03346417468243441 0.07254797373529095 0.022858809548029844 0.04047854041373571 0.03682562748303794 0.044778917456965904 0.04377452762810727 0.035553774635288166 0.04853815284003889 0.018124923918618824 0.06999651529413937 0.028709364413886752 0.06395570069392444 0.08356876536589997 0.024797088586226857 0.08009718469446847 0.07412878882162659 0.06336936755224463 0.048091598904261866 0.051799626028530665 0.03878181074193853 0.030935240923561397 0.0695645805058039 0.009732507033834577 0.06282155672792361 0.045699659807641055
 0.07298983124179825 0.06984817182397796 0.02913135049468513 0.045165156511994126 0.03261013958935144 0.05830541381446734 0.06320124038686474 0.07042599016206688 0.05675639899055931 0.035234130057449686 0.05555171602733771 0.05817551746642936 0.042407213272687566 0.007232097326334865 0.02920639761400818 0.03511044779708925 0.030952624653862146 10000.0 0.03216257381615662 0.02813928497973038 0.04521513388368087 0.027451404658435315 0.04937388371992832 0.04441106254449825 0.06838299184795373 0.02466098307989587 0.0365982633308047 0.016298972225144273 0.05858045732513824 0.05892314517781077 0.03743679203423818 0.07356464962286391 0.06968592503705995 0.05407553520973632 0.03196601336839892 0.0588485912018215 0.04913666780308708 0.016390482746353876 0.06813501574806316 0.01891848132512688 0.021105434058704204 0.013636811587918725 0.007589089035785216 0.07180189124000301 0.041762773245568714 0.05435971990003405 0.020176504435946777 0.03772189512132531 0.07688350156301671 0.006829501699494242 0.0544506314296547 0.061922825924480875 0.04117822538268017 0.053651922804707715 0.07403713886855033 0.040054802686638614 0.05198148844122018 0.056073485090889115 0.028014065409002347 0.05667199468388368 0.04331266266250117
 0.0966565869657428 0.07664778108368528 0.009013079463524485 0.018991295888271528 0.029091867684124476 0.043081778164155315 0.0671444043291538 0.09061748179601532 0.060696605999616286 0.04225100404525792 0.0538869788875744 0.05982029116714441 0.04355826364423366 0.03102283536512559 0.046589589087408234 0.06494490638688062 0.06296863413534737 0.03216257381615662 10000.0 0.05979634708693572 0.057550782533659056 0.019761468492075246 0.07755257094390967 0.025205057993322993 0.06528666106286136 0.030698221051981035 0.04283128437140448 0.016563713607698132 0.08489980668381746 0.06262986706041933 0.020316841709848092 0.09876437397318545 0.06570257031657846 0.08584158791514121 0.0017837374782958156 0.08762767960071619 0.034145052573539315 0.0461647191854982 0.09772935962591373 0.038939995597500526 0.026395068041634898 0.021763749870068242 0.027928081619396344 0.09860455452371512 0.07325871524382563 0.0501943735041776 0.04644774023439896 0.021748520484022187 0.07845689706060541 0.03820005930180769 0.03335842189497055 0.060111114426205765 0.031994656344953486 0.07116737539247746 0.10005993232297791 0.05840970668582646 0.07920016770586481 0.054230327268138014 0.058648670199073695 0.0630986380439753 0.05756902986745912
 0.06643955088501638 0.0819298328203171 0.05521218912434646 0.07320802532278643 0.0573735701867655 0.08356562419899113 0.07830872555259882 0.06902489327059404 0.07284694016305544 0.054271353089222096 0.07524284360058978 0.07553903479445327 0.0629043813718727 0.03240322186618163 0.04269342493763387 0.025118015720511082 0.011948979918398632 0.02813928497973038 0.05979634708693572 10000.0 0.05736208414737623 0.054494075343621974 0.038830052696533786 0.07160512859912285 0.08732672217582463 0.04808213765648675 0.05569744565867232 0.04331324185112933 0.049858407494285814 0.0748260147807879 0.06478826777689098 0.06454865739317127 0.08900408734029931 0.031408706402636204 0.059792852591739214 0.04501437240308303 0.07501853524736671 0.014616020712396304 0.05117379292166833 0.02780067757971829 0.04635354441594253 0.0388042607721004 0.03460668634944965 0.06023697870496985 0.013629064932032184 0.07551564870848863 0.018717644058327484 0.06485708577722839 0.09202101547647921 0.023852176868189703 0.08150577651885026 0.08085328902515312 0.06622353548000642 0.05854393437014734 0.06359111749526458 0.04790577430747845 0.042883980180247444 0.07578842627019214 0.01958416080126933 0.07102328373029163 0.05427521021250116
 0.04418591512668312 0.0251332594902541 0.0617844390495524 0.054187366390033465 0.02983238860646123 0.04378705243770421 0.021153356256982506 0.03490655174386257 0.016651847634921273 0.01550965662461373 0.023650637358656197 0.020337046399537883 0.01890799190451927 0.03850378989521303 0.016215264742710195 0.038238286128238826 0.04899830241690558 0.04521513388368087 0.057550782533659056 0.05736208414737623 10000.0 0.03798653663099671 0.03908821159217505 0.04529999325089451 0.032613777639984104 0.02714554157182111 0.015279436983313377 0.05224742988579535 0.03930391258422869 0.018283789365329362 0.04293953159649427 0.04839289138503387 0.034588809525396745 0.06019447875586888 0.05602189221211086 0.047680767676934674 0.04065794282277572 0.05598329814686041 0.058124020293904635 0.06391211288472544 0.03200289220981303 0.0544016908471226 0.04013871057757369 0.05131018176036474 0.0671179709683713 0.026817309715580526 0.062352223696261685 0.04164451815087067 0.03468925633030341 0.041655010412561144 0.050543880693409544 0.026893666855329665 0.033068907249839415 0.015305022384312259 0.05099010071683231 0.01083624148211874 0.03751016903958006 0.024097618650691377 0.03926678270871135 0.01382377392299023 0.0034539445259243635
 0.07875102197928219 0.0571172931190094 0.025565388503233515 0.02047134148849395 0.00966016923770412 0.0314720255186044 0.04788296486872093 0.07176383697689666 0.041321069739420825 0.02256335095980526 0.035563755391213876 0.04083828447850166 0.024148038149719976 0.022091150109536783 0.028789913180566968 0.05205862467044495 0.05387839842305003 0.027451404658435315 0.019761468492075246 0.054494075343621974 0.03798653663099671 10000.0 0.062572695426662 0.0171164978587942 0.04779608677676095 0.01208742081173887 0.02308873490656202 0.020966229698844638 0.06847442934129752 0.04332680857243187 0.010345452734097942 0.08145366488418064 0.04854706875895786 0.07499059625985403 0.01814607207095118 0.07276592964105653 0.02203171659330692 0.04384140256607117 0.0833294228439091 0.04274172011176908 0.009561329045702343 0.025986036542678004 0.02011271632144847 0.08211803529741188 0.06798090533211303 0.03256228561871302 0.047000558154038925 0.010369657139943061 0.05986535406102116 0.03064365083934135 0.027084412168927412 0.04204377342191441 0.015478089177991842 0.05208456433555604 0.08312251399061783 0.039970828434349306 0.06349726851406842 0.03597403436069296 0.04713477878426994 0.04346892018882488 0.03826288665355217
 0.027653729114380292 0.05682813893706376 0.07729174723970482 0.0828094559752105 0.05907638149940525 0.08061245632762076 0.057979146636199214 0.032216989290474535 0.05516789165200632 0.04739380673468766 0.06266620166009311 0.05915490316792992 0.055025208528338074 0.04722648774255809 0.03512658271864942 0.015038799735416518 0.02688801899666555 0.04937388371992832 0.07755257094390967 0.038830052696533786 0.03908821159217505 0.062572695426662 10000.0 0.07654072718111934 0.07121629768953162 0.050956504634466666 0.04828357037763011 0.06452534201840357 0.01103450274695627 0.056401333301157854 0.07157870404101047 0.025904351136235616 0.07324961427275672 0.023252857791242292 0.07666695114657653 0.010195319929946635 0.075140039996438 0.04784704402125591 0.020830903996367407 0.06129687216242783 0.05315213796607807 0.06296706256094872 0.05033257489623937 0.022684278824049622 0.04078533193009396 0.06541813780768604 0.05441852951908405 0.0708105892748427 0.06947870172348795 0.04259128206791419 0.08440400158274358 0.06585276380994641 0.06607626469418039 0.03012243131407412 0.02544715074394476 0.028823388621017642 0.00428163815619689 0.0631304513832106 0.022495073106390644 0.05127554075891413 0.03579084897237291
 0.08901349846054313 0.05786308531609428 0.03393805485982619 0.010139184953887092 0.017467816746630584 0.017876995317557983 0.047601629338252564 0.08020158192939518 0.041978869788862644 0.0307851921959028 0.032817195818133395 0.03982392659099545 0.026936448999714008 0.039204653925962556 0.04147305177439823 0.06756272170419973 0.07059124641378307 0.04441106254449825 0.025205057993322993 0.07160512859912285 0.04529999325089451 0.0171164978587942 0.07654072718111934 10000.0 0.04231585187881582 0.026114647741345757 0.030483521641437274 0.035061405357577735 0.08097446067642072 0.04349384845834596 0.00701364727987799 0.09258096894511533 0.042344808713578486 0.09098167716378436 0.023522069067173388 0.08661393794115156 0.009322451166737097 0.06076702888242601 0.09735459021100679 0.05834739209350343 0.025812330354010267 0.0407027420196429 0.03719156307313407 0.09427126942995578 0.08507181560671802 0.0282786141556392 0.06350978655139658 0.006748195694120296 0.05673742943158974 0.047753036643750565 0.010053341518646324 0.038174028176295505 0.012337815362883158 0.06055139065558487 0.09471766599229783 0.05069833168332474 0.0768366591383535 0.03300634704423783 0.0633064197192827 0.045622376301049115 0.04678444493028313
 0.06933473006683713 0.022545828335648332 0.07277794491399972 0.0522813429020156 0.03852142582850945 0.028322507306621354 0.014547661901391395 0.0570727250613169 0.016069418851035612 0.033644363946376626 0.012852213714204504 0.012305615365823011 0.025987552927500282 0.06116796887818838 0.0447083082380713 0.07063531814124034 0.08044785903280528 0.06838299184795373 0.06528666106286136 0.08732672217582463 0.032613777639984104 0.04779608677676095 0.07121629768953162 0.04231585187881582 10000.0 0.04400613567575454 0.032210289611381074 0.06826035017144089 0.06955573492013745 0.014863517255146287 0.045158662325282636 0.07490766380340216 0.002064929393322266 0.09279717631633735 0.06350302048326441 0.07903586470061207 0.03322585712417837 0.08267218997396236 0.0889759441017228 0.08689854386068975 0.048446753707188824 0.07254994065997925 0.061332634647589375 0.07957601055578259 0.09836960283628775 0.015250454047141553 0.08807870303981492 0.043663802842399874 0.015264860618374135 0.06737059001365217 0.040465969653191006 0.006531980538229805 0.0333178784299787 0.042775962978144774 0.07818330868432719 0.04344196484806812 0.06913057746477666 0.012343380906969861 0.0708015650959753 0.020083292537729586 0.036063009453084965
 0.06669737315011885 0.04881403347552495 0.03465581342916278 0.03187046630182383 0.009475766206191508 0.035509958589572635 0.0406489005401103 0.0600037104865232 0.03398671175101945 0.012694697144754135 0.0311564257102498 0.034629800368428665 0.018080892198513256 0.017605716670778898 0.016708927174132467 0.041448375334692956 0.045250894321423187 0.02466098307989587 0.030698221051981035 0.04808213765648675 0.02714554157182111 0.01208742081173887 0.050956504634466666 0.026114647741345757 0.04400613567575454 10000.0 0.013726139751714213 0.025999201449678853 0.05647486431216364 0.03613665712492727 0.020647428295547277 0.06936630794038579 0.04520936238135686 0.06492164142833173 0.029273312214371874 0.061123957053383346 0.027311925064862977 0.040075701892186365 0.07177659198641222 0.04290632541312447 0.005056094290520319 0.029292818853124826 0.017373911203215922 0.07008959418597334 0.06101858947704579 0.029710991455490984 0.04474789960858814 0.0199679851525425 0.05378586174373957 0.025079610639352618 0.035087396971989954 0.037641087081160575 0.018232162242854944 0.040474892173195706 0.07104852112569475 0.027983305713406716 0.05166597218626627 0.03166276280839667 0.03740383331080706 0.035053962161178134 0.026910258906481414
 0.058530001457929415 0.03509601600437895 0.047836663950895364 0.03902047488178419 0.014559045507338992 0.03239704522535147 0.027057932832022537 0.05001575876578527 0.02043766458069156 0.0014407047471832806 0.019664258089739255 0.02157832403786368 0.00746024015381823 0.029373148291523626 0.014459723141114093 0.04266035680320098 0.0501194970298929 0.0365982633308047 0.04283128437140448 0.05569744565867232 0.015279436983313377 0.02308873490656202 0.04828357037763011 0.030483521641437274 0.032210289611381074 0.013726139751714213 10000.0 0.03972462028266157 0.051213269463625304 0.022605572941924244 0.02769167454949526 0.06217632409755211 0.03370819311793809 0.06628142779878787 0.04123284242453102 0.057956703818067355 0.027155962537801982 0.05046557817662314 0.068716667489738 0.055412869476921846 0.01877192806133059 0.04290159527680878 0.029997510414711367 0.06419277007965742 0.06749193887957264 0.019923326774190394 0.055966588494258625 0.02642550984195433 0.04045946302528937 0.03517155004163808 0.03680136615070807 0.025680390375809905 0.01860753773058592 0.030244784185578567 0.06442243207955181 0.020562986642934065 0.0478438471272796 0.02020816582136626 0.040908769933052966 0.021329222645374034 0.016347726500952748
 0.08632158790718977 0.07481092560292782 0.012921946036252208 0.03269502422129854 0.02975152564766127 0.051699018167570464 0.06652009397600447 0.08209231907864006 0.05984763895699889 0.03867667675081618 0.05568546902845631 0.0601322584562309 0.04323184165565825 0.01741676794539913 0.03812946888287321 0.050842125346132895 0.04722382443348446 0.016298972225144273 0.016563713607698132 0.04331324185112933 0.05224742988579535 0.020966229698844638 0.06452534201840357 0.035061405357577735 0.06826035017144089 0.025999201449678853 0.03972462028266157 10000.0 0.07299216081887425 0.061975184595541834 0.028303468791278576 0.08759280985552734 0.06915040718717481 0.07037387039613881 0.016777929232783526 0.07430463491857468 0.04216004011159279 0.02960450321227639 0.08392731470694413 0.023623230168407353 0.020955173956391352 0.005754585504899335 0.014419288604523248 0.0865148123528511 0.05672374838651846 0.053147275876238374 0.030234462680781764 0.02917575563127439 0.07935435010769158 0.022874500302995156 0.04480508446500464 0.06224232602131635 0.03643847941709308 0.06369059639691244 0.08842900662465374 0.050110233863287675 0.0667360951249595 0.056138959352825826 0.04400608498484751 0.06105314620527056 0.05129305845669879
 0.0166312396720262 0.052420011760621596 0.08550579511691593 0.08815675015045368 0.06364337932371543 0.08272986596888025 0.05548210516784487 0.02274230244183654 0.05390192876222827 0.05058607821870902 0.06270725919815494 0.058083975254341454 0.057169319490719135 0.05557554330060718 0.03986199853190001 0.02563253263898524 0.03791257123573628 0.05858045732513824 0.08489980668381746 0.049858407494285814 0.03930391258422869 0.06847442934129752 0.01103450274695627 0.08097446067642072 0.06955573492013745 0.05647486431216364 0.051213269463625304 0.07299216081887425 10000.0 0.05475759935253542 0.07669860721992257 0.015220754939278932 0.07162015385755498 0.03130046802918716 0.08385974859660394 0.010734384801416063 0.07836196209977314 0.05846488710991587 0.019473386185222766 0.07167840559208963 0.059409899971956975 0.07198854328901456 0.058598460776809906 0.01371191344413498 0.051423340313175234 0.0661116418624975 0.06513511872266942 0.0757615896733805 0.06549906534907793 0.05194038772065912 0.08799646146949769 0.06486237078158782 0.06969708399609319 0.026814230638481453 0.015469216599931978 0.030673691750580236 0.007072570866372408 0.06311426991681378 0.032923976071788805 0.04951371407457859 0.036446190896640036
 0.055442501070200156 0.01439060253328655 0.06887380592475258 0.05355156610004412 0.033688345246039045 0.0348261265795746 0.004568978215620883 0.04366362343600257 0.0021718104427922206 0.02386547393844649 0.011515443311897378 0.004270871724576775 0.01917967380039747 0.05174628688969226 0.03229429153293306 0.05652193186653964 0.06705810224651808 0.05892314517781077 0.06262986706041933 0.0748260147807879 0.018283789365329362 0.04332680857243187 0.056401333301157854 0.04349384845834596 0.014863517255146287 0.03613665712492727 0.022605572941924244 0.061975184595541834 0.05475759935253542 10000.0 0.04402542178107455 0.06076678631013589 0.0169183087414908 0.07821431008499173 0.06089850556021928 0.06417448894036494 0.03584906063063225 0.07180209313852844 0.07415003087374229 0.0778218160304389 0.04109718053124276 0.06542426424514741 0.05255380374257144 0.06510945319795045 0.08513967057578857 0.016398016826228618 0.07772195020292169 0.042509840467999264 0.017964554771418274 0.056750550606563734 0.04506653996129054 0.010455825295819867 0.0319183693693431 0.028045178038906913 0.06392228040755078 0.029073247021191264 0.05427034684180193 0.011582085958841465 0.05733339888272496 0.005243990098824228 0.02172115836563792
 0.08575296345151047 0.05836489222749168 0.02851296778082735 0.011517232887920238 0.01335349575613842 0.023671173560953787 0.048389432775539414 0.07768975886001783 0.04227767500024438 0.027680167250429225 0.034302229721648494 0.04076772578388192 0.025833866054297275 0.03239194151275173 0.036863642129711674 0.061832404660131034 0.06416939565671237 0.03743679203423818 0.020316841709848092 0.06478826777689098 0.04293953159649427 0.010345452734097942 0.07157870404101047 0.00701364727987799 0.045158662325282636 0.020647428295547277 0.02769167454949526 0.028303468791278576 0.07669860721992257 0.04402542178107455 10000.0 0.08895164563873864 0.04548554216533422 0.08501605118502187 0.018543476213093546 0.08173127545010321 0.014261812210934552 0.05377677042162496 0.09240592893616195 0.05142885642288421 0.019519171190195604 0.033879323685658144 0.03028119579756782 0.0901874854359543 0.07830019498025192 0.030266518163461178 0.056498658559700925 0.0015284324401087142 0.058804404667303044 0.0409492440593397 0.01706379337864625 0.040270691040168685 0.012225714260334484 0.057901845185453826 0.09088588085306659 0.04701098296519423 0.07216701910497875 0.034590961131818934 0.05721288666478162 0.04537684265640986 0.043955090648674706
 0.006352783036378099 0.054809061212687506 0.09991609846961123 0.10046887601130013 0.07565251955199559 0.092078253036764 0.06036827845369682 0.019113198059785896 0.06041524713410899 0.06179964518058008 0.07034406221016545 0.0646232476400148 0.06719603029414663 0.07021185285546794 0.052674386062757 0.04078871036880792 0.05265930045651917 0.07356464962286391 0.09876437397318545 0.06454865739317127 0.04839289138503387 0.08145366488418064 0.025904351136235616 0.09258096894511533 0.07490766380340216 0.06936630794038579 0.06217632409755211 0.08759280985552734 0.015220754939278932 0.06076678631013589 0.08895164563873864 10000.0 0.07694183875862054 0.04197177758628672 0.09762524223910457 0.02079386527676445 0.08889195472199417 0.07364412437555008 0.02253178765759423 0.08689809912099289 0.07277306504998225 0.08685927681969355 0.07317352268326412 0.0072480118548590355 0.06475832072496046 0.07435341940560505 0.08027839184099922 0.08788653603408053 0.06783678501785115 0.06699304192864897 0.09873080562026902 0.07121535653850661 0.0807639794120506 0.033584156581870125 0.003732680239197075 0.04195902636237389 0.022240753948967695 0.07067147978241886 0.04812674821854047 0.05568301668887689 0.046191993975219565
