NAME :TPP_input_15_3_2
NUM_VERTICES
43
NUM_CLUSTERS
15
Full Matrix
 10000.0 0.015588660199845575 0.016592034719318714 0.030284008956354636 0.028912091015993527 0.03389487826602895 0.013249978684307044 0.0396702079407569 0.026793956207463974 0.050150059392334856 0.014216292329864806 0.04573300237228277 0.038690290648349834 0.04926392055840903 0.034817584558950176 0.035572334820175355 0.03996784684970213 0.028093243345045968 0.043644073267954525 0.05015025572714179 0.035509063189399656 0.0511004312793158 0.04108298507158909 0.03661366098290211 0.053563706783102065 0.0430509578105524 0.028425080525798816 0.04569872710026321 0.06262829099649589 0.047409300917272516 0.05252390266595279 0.02771598782360306 0.007112162486216282 0.022732234568124995 0.05381262050215566 0.043148823661652624 0.0374729676286339 0.04200726589972532 0.037511708966997244 0.015431892428276216 0.06163490243828158 0.03299067555062899 0.04241038928421252
 0.015588660199845575 10000.0 0.030138088657889073 0.014695451586087527 0.03072211772637252 0.04706712831030945 0.028673429539823114 0.04443497661312705 0.03672712591599903 0.03736180708767684 0.029743004596096495 0.047160419975776385 0.0535966275292017 0.04002042983984836 0.0366535433774351 0.023632400730274852 0.03969226201333068 0.012610096357560682 0.03680111606615176 0.042716882614499664 0.040311641913692436 0.0653928018922942 0.025598503670104574 0.0466208929908817 0.051459546182126475 0.043308137390611116 0.021678198751765354 0.06128720076762295 0.0473002903821584 0.04268859504339928 0.0494171533071851 0.02502238683245372 0.0096453856615401 0.03261963749950959 0.04246937494718276 0.03856708329574289 0.022408862071849174 0.05312859557262264 0.024996757266820373 0.017636571485637388 0.06502299869331629 0.03817354316332962 0.0371750262582727
 0.016592034719318714 0.030138088657889073 10000.0 0.04417850791608558 0.024421410495138535 0.01732805927633541 0.008086597415956432 0.05079583566209693 0.03462948473597268 0.06648412384591385 0.009208058916384201 0.03822811515092483 0.023941647915510993 0.05280020449035025 0.04829360576692852 0.04361970228967772 0.03512755620774113 0.0414444307740894 0.045209499134635164 0.051595896778458515 0.025875060183358715 0.04741203368486845 0.05389895702354906 0.042729334552903044 0.04893829146383588 0.0371498291273658 0.03288832941419582 0.03485307942535669 0.0743553477064583 0.04623180883909064 0.06752249555915181 0.04351301148798701 0.02351486845526957 0.010015081590086863 0.07037676574685632 0.04238876850399979 0.04935862335658061 0.025865772542755926 0.04595404362217146 0.018309572316828004 0.05086691838129945 0.04445809756746864 0.042449948477940924
 0.030284008956354636 0.014695451586087527 0.04417850791608558 10000.0 0.038665464716815215 0.06057175585360736 0.0433264352583397 0.052832259415009825 0.04883733252685419 0.027967511793788452 0.04442283447999704 0.05292567067814011 0.06794477475097475 0.03569446233605397 0.043668160038814345 0.018437800265959696 0.044786172507408885 0.003207418468292067 0.035858850271737776 0.04031352847208347 0.04918067626757523 0.07929227828281941 0.011293349843050809 0.05830051235071088 0.053783687688246276 0.04845693852906228 0.0244867666214711 0.07598264654648124 0.03309765889753771 0.043276811144207554 0.050803264716825565 0.030552222877751875 0.024033764996620372 0.045034910008257524 0.03484439699541507 0.03981691661275096 0.009897715059550689 0.06534617054970945 0.018307994304944744 0.028758015576861237 0.07132294269377339 0.0473807287751026 0.03794564048724063
 0.028912091015993527 0.03072211772637252 0.024421410495138535 0.038665464716815215 10000.0 0.031608461521914176 0.03101771803223651 0.06857805637954556 0.054938774668157025 0.06618195292009424 0.032488770784376335 0.017028386394624166 0.04343689047443693 0.030698005333456346 0.0632225553230779 0.028064789825015698 0.011266798716859915 0.035462953720693295 0.022207765729145713 0.028129467392687436 0.010609048168601217 0.07183231849941947 0.04421915108892436 0.06428420171495923 0.025185268575611357 0.014148564152002061 0.015979919476484278 0.057492853915854895 0.06046439881427401 0.0219148143701751 0.07912731757224137 0.053996379333961474 0.03168896022498068 0.016231630620121063 0.07227478862700526 0.018287136387635492 0.03868814378294614 0.03077534952615232 0.030437027721221963 0.01419498161345839 0.03434111584506569 0.061896827180408974 0.018704754069852093
 0.03389487826602895 0.04706712831030945 0.01732805927633541 0.06057175585360736 0.031608461521914176 10000.0 0.022815994110170004 0.06424206564242288 0.04709185936712403 0.08377253179184856 0.02298908557760988 0.03860325570817245 0.01270147063037956 0.06230556748811749 0.06341890486021726 0.05695259417224702 0.03919092020268323 0.05766112934868435 0.05377443830291419 0.05946215046892523 0.026550222591847295 0.04827054866413101 0.06956172048750274 0.05311920457599598 0.051165565701220606 0.039650395474550224 0.045049071749023 0.02850114079956 0.08897623550428757 0.05227083762911198 0.08338535807090178 0.060196616607570294 0.04084278175785935 0.016667280216631327 0.08769996470071427 0.049274371325695406 0.06463148729249693 0.01164150742119617 0.05938383495269241 0.032586750212768335 0.04501121976459114 0.058439746260068044 0.05003538992195838
 0.013249978684307044 0.028673429539823114 0.008086597415956432 0.0433264352583397 0.03101771803223651 0.022815994110170004 10000.0 0.042902703562006504 0.02655932698121557 0.0629354701748472 0.0015228604718142968 0.04583774137689076 0.025626387480491366 0.057355291688744627 0.04094341061851119 0.04610886868480385 0.0420990493308546 0.040958497352759006 0.050387971659383926 0.05690604756217901 0.03371073214781474 0.041667901447936986 0.053865269282735176 0.03468930711024146 0.05602836533899698 0.04441102538043856 0.036671230194288876 0.03285317877361939 0.0751194250573812 0.052337830274794994 0.06064695563876535 0.037466171019723195 0.020244354866462366 0.01798939513357441 0.0660624626178505 0.04830589859187492 0.04988648754153319 0.03282586514240962 0.0482923314358911 0.021757508919630342 0.05893391552803357 0.03666718577043301 0.04810721539167321
 0.0396702079407569 0.04443497661312705 0.05079583566209693 0.052832259415009825 0.06857805637954556 0.06424206564242288 0.042902703562006504 10000.0 0.01727493316268644 0.05092428813759442 0.04215697043631899 0.08537626310748299 0.06123994464863396 0.08445535248155729 0.00984650114484289 0.06776595047125648 0.07956377939030063 0.05308670027179285 0.08078430554352926 0.08693623691898725 0.07465138371648783 0.0437032043380272 0.06300745347499832 0.016006159020526007 0.09296496962701266 0.08270674961702945 0.06526295709856303 0.05674568190329017 0.08307501231170217 0.08582470196890365 0.025096426195303563 0.022679368234921733 0.038087764616943125 0.06006102831274674 0.04835875894152392 0.0815640418583088 0.06272760047132772 0.07524210977365675 0.06880160672693086 0.05479982551651325 0.1006954954813905 0.006682222438713209 0.08049122120450633
 0.026793956207463974 0.03672712591599903 0.03462948473597268 0.04883733252685419 0.054938774668157025 0.04709185936712403 0.02655932698121557 0.01727493316268644 10000.0 0.05614051367648905 0.025612951429203393 0.07114386638964466 0.044071610808472314 0.07534861381363822 0.019386027571234567 0.06010753690427852 0.06618366762114732 0.04803986133285216 0.07027629955548627 0.07672998815349241 0.05964226971430111 0.03317213853208954 0.060012392617312164 0.009998659850666084 0.07999574592925833 0.0690133461043012 0.05484806735878491 0.04100338585841885 0.08154423556746078 0.0742016279482154 0.03976050771423496 0.02481799923884651 0.02801113282949391 0.04434099493481261 0.055973428026669325 0.06994246546823787 0.05821597720159053 0.058244699779041856 0.06164329605543826 0.04215345896663937 0.08532020722872947 0.012326303786137017 0.06919163445599295
 0.050150059392334856 0.03736180708767684 0.06648412384591385 0.027967511793788452 0.06618195292009424 0.08377253179184856 0.0629354701748472 0.05092428813759442 0.05614051367648905 10000.0 0.06355421400890512 0.08088505016409185 0.08855374600704136 0.06075229107404174 0.04133475296555287 0.04496969853022186 0.07275311914519593 0.031055463193638323 0.06278440484912326 0.06629948491675167 0.07650816505066067 0.0893124211294744 0.028498938818360447 0.06297184205174446 0.0813480017337251 0.07642444719743936 0.05245416327452045 0.09278588938121479 0.039009387852765406 0.07051156621127791 0.03569894428187962 0.03133963013188917 0.04305968338238163 0.06996838384550551 0.008011128348907444 0.06733699579458764 0.0328051960123037 0.0904605812290798 0.04401385808779879 0.054656001885476646 0.09927930621834603 0.04841169327287047 0.06538208676051444
 0.014216292329864806 0.029743004596096495 0.009208058916384201 0.04442283447999704 0.032488770784376335 0.02298908557760988 0.0015228604718142968 0.04215697043631899 0.025612951429203393 0.06355421400890512 10000.0 0.04718633851432995 0.02501963302333688 0.05886946996432463 0.04052460283119542 0.04753266259138952 0.043545274248922336 0.04210770352408577 0.051910787703969355 0.058428887818954334 0.034989207145720194 0.04014645270499918 0.05504342050732946 0.03352431550846161 0.05746683760604004 0.045822726615176154 0.03817071828071217 0.03163906944003263 0.07636596175314854 0.05384580869547177 0.06039655925752941 0.03754128062521105 0.021099006622834225 0.019196854201397943 0.06651817948880313 0.049819224933406 0.051133926075440046 0.033305424809276306 0.049703360394764695 0.023264533256124362 0.0600672592094136 0.03600767284475427 0.04962638761939582
 0.04573300237228277 0.047160419975776385 0.03822811515092483 0.05292567067814011 0.017028386394624166 0.03860325570817245 0.04583774137689076 0.08537626310748299 0.07114386638964466 0.08088505016409185 0.04718633851432995 10000.0 0.05130443356812993 0.03237322883408076 0.08022816779718507 0.038298940006246084 0.008207846248170232 0.04983206766253547 0.024142508600519027 0.026933419176235714 0.012697966242081629 0.08442361330800406 0.056110261218121966 0.08015289037101178 0.012765085370070824 0.0047265983640348164 0.02846525078435271 0.06693230835641063 0.06835410479379089 0.018198626340922886 0.09604361621784321 0.07095666833909009 0.048715159694364206 0.028375635446934357 0.08749606713881121 0.01780861520440963 0.05057162181514467 0.03229129470406829 0.04025073406318843 0.031219208238253263 0.01839852925059855 0.0787041620719033 0.019710794019837295
 0.038690290648349834 0.0535966275292017 0.023941647915510993 0.06794477475097475 0.04343689047443693 0.01270147063037956 0.025626387480491366 0.06123994464863396 0.044071610808472314 0.08855374600704136 0.02501963302333688 0.05130443356812993 10000.0 0.07396930929390527 0.062382122412932464 0.06698805557006099 0.051694961532904905 0.06529236607318716 0.06562983149788583 0.07152734637108916 0.03919286048812353 0.0375195097011392 0.07783187122389332 0.04792643583839856 0.06385755529288002 0.05229363772401133 0.0555678427943163 0.016064223435126285 0.09822783150554713 0.06462669524710606 0.08290914411019648 0.06182975255983619 0.04577839280334895 0.027533825434751174 0.09149675857505692 0.061459303971403374 0.07329276737010865 0.022066020821034833 0.0693773049745728 0.041800519475940545 0.056826340777820304 0.05624578903451621 0.06208559405768229
 0.04926392055840903 0.04002042983984836 0.05280020449035025 0.03569446233605397 0.030698005333456346 0.06230556748811749 0.057355291688744627 0.08445535248155729 0.07534861381363822 0.06075229107404174 0.05886946996432463 0.03237322883408076 0.07396930929390527 10000.0 0.0764533460698065 0.017452988773578683 0.026025466749260266 0.033795728129073645 0.00881481889104829 0.006494112279955059 0.03815074468114062 0.09897067861904812 0.03234392811010854 0.0853414752649712 0.02517173185515198 0.028087704882877915 0.020937077677035832 0.08734246596285206 0.037548805098132416 0.014562617088854101 0.08631126593193589 0.06407143783281662 0.047449162718300665 0.046466821972132644 0.06851783233004118 0.014758385168913073 0.028067140773552997 0.06045951287183843 0.017404322873197115 0.03562730263346524 0.04787777962630465 0.07816505617374993 0.013177382372818151
 0.034817584558950176 0.0366535433774351 0.04829360576692852 0.043668160038814345 0.0632225553230779 0.06341890486021726 0.04094341061851119 0.00984650114484289 0.019386027571234567 0.04133475296555287 0.04052460283119542 0.08022816779718507 0.062382122412932464 0.0764533460698065 10000.0 0.05942127775180939 0.07384993798848086 0.04418025429860961 0.07341899401513152 0.07936964498443164 0.07032628000846748 0.050540436482728525 0.0535335677827029 0.022746496106455884 0.08682521589660212 0.07717617571146146 0.05807945663728159 0.06038440489504644 0.07333073696698864 0.07896284186327723 0.0205749100286046 0.013163188517042878 0.031726891992565884 0.05675432935074972 0.039292374523818875 0.07474907344740164 0.053555325777871726 0.07376924322386007 0.0602783902463513 0.04910334616281808 0.09645206562088916 0.007852209025521676 0.07351894866762397
 0.035572334820175355 0.023632400730274852 0.04361970228967772 0.018437800265959696 0.028064789825015698 0.05695259417224702 0.04610886868480385 0.06776595047125648 0.06010753690427852 0.04496969853022186 0.04753266259138952 0.038298940006246084 0.06698805557006099 0.017452988773578683 0.05942127775180939 10000.0 0.030180802691709283 0.01636252204589279 0.017815777966592602 0.021881610982304168 0.03830073425013413 0.08661462246228298 0.017966450823193425 0.07007133870751228 0.03658074003828545 0.0335844343832229 0.012231072239559857 0.07828729280260797 0.03249029959850495 0.02557371582975513 0.06886760156141367 0.04681960930852975 0.03217739305418285 0.04028604163399341 0.052423422121357074 0.022644491468560377 0.01259054632899663 0.05844255509402252 0.0024384951622608373 0.025318057723290873 0.05635071744864119 0.06166069672121015 0.020616649706931514
 0.03996784684970213 0.03969226201333068 0.03512755620774113 0.044786172507408885 0.011266798716859915 0.03919092020268323 0.0420990493308546 0.07956377939030063 0.06618366762114732 0.07275311914519593 0.043545274248922336 0.008207846248170232 0.051694961532904905 0.026025466749260266 0.07384993798848086 0.030180802691709283 10000.0 0.0417138342592201 0.017330173622761163 0.0214700087239487 0.012941270603987188 0.08236460077618925 0.04793347587001895 0.07555064283381922 0.01394756688856756 0.0036930540537498365 0.02030349375175428 0.06665063076562108 0.060784399840467886 0.013335660344065046 0.0889184734342726 0.06398195076096128 0.04213812383065699 0.02600908314736619 0.07943904992016859 0.011327388568138773 0.042385986664947535 0.035185807396545477 0.03218853634708745 0.024805925469801756 0.02657499829315187 0.07288267118201966 0.012866973254392068
 0.028093243345045968 0.012610096357560682 0.0414444307740894 0.003207418468292067 0.035462953720693295 0.05766112934868435 0.040958497352759006 0.05308670027179285 0.04803986133285216 0.031055463193638323 0.04210770352408577 0.04983206766253547 0.06529236607318716 0.033795728129073645 0.04418025429860961 0.01636252204589279 0.0417138342592201 10000.0 0.03336951480445201 0.03810053912748186 0.045973992473335216 0.0778201336156263 0.012997704784512655 0.0576769937316229 0.05098945161179917 0.04539221071471361 0.021436164212695973 0.07373136901791712 0.034701954836455835 0.04063740231521615 0.052515965073338604 0.031207755846904373 0.022197343529353427 0.04198836818137556 0.03779493993529726 0.0370718930517268 0.01017930458622243 0.06224633733217441 0.016594899282042875 0.025665322055252987 0.06822452556447041 0.04739926527835152 0.035243788564970166
 0.043644073267954525 0.03680111606615176 0.045209499134635164 0.035858850271737776 0.022207765729145713 0.05377443830291419 0.050387971659383926 0.08078430554352926 0.07027629955548627 0.06278440484912326 0.051910787703969355 0.024142508600519027 0.06562983149788583 0.00881481889104829 0.07341899401513152 0.017815777966592602 0.017330173622761163 0.03336951480445201 10000.0 0.006554995747050235 0.029336432404311642 0.0920422884311728 0.03528177929415139 0.08019485364622014 0.019175043507106554 0.019660831142551575 0.01556317553568617 0.07937837323285277 0.044460991661100825 0.007923347970873514 0.08514642450378798 0.061674380466824386 0.0429309022227641 0.03824290639702961 0.07022418906875012 0.006340177143945203 0.0302030762622625 0.051656767984585975 0.018930729391872375 0.02901083920950152 0.04071307281958379 0.07429955273580499 0.004485015174282654
 0.05015025572714179 0.042716882614499664 0.051595896778458515 0.04031352847208347 0.028129467392687436 0.05946215046892523 0.05690604756217901 0.08693623691898725 0.07672998815349241 0.06629948491675167 0.058428887818954334 0.026933419176235714 0.07152734637108916 0.006494112279955059 0.07936964498443164 0.021881610982304168 0.0214700087239487 0.03810053912748186 0.006554995747050235 10000.0 0.034179892946731384 0.09854682629241697 0.03810885984044622 0.08666530148780974 0.018774527849459745 0.022962429419026646 0.021910705692279903 0.08554889361336467 0.0440179654101976 0.008743365365252269 0.09039382104117695 0.06738252822236185 0.04924028694948112 0.04431728255386739 0.07395324178711 0.010309308656761674 0.03349506277858056 0.0565578139634831 0.022385126461834607 0.035565708572954144 0.04165144710078199 0.08049792172797195 0.00944214621931981
 0.035509063189399656 0.040311641913692436 0.025875060183358715 0.04918067626757523 0.010609048168601217 0.026550222591847295 0.03371073214781474 0.07465138371648783 0.05964226971430111 0.07650816505066067 0.034989207145720194 0.012697966242081629 0.03919286048812353 0.03815074468114062 0.07032628000846748 0.03830073425013413 0.012941270603987188 0.045973992473335216 0.029336432404311642 0.034179892946731384 10000.0 0.07172572789546106 0.054794958006806914 0.06831637240091684 0.024765437069410347 0.013102141648816764 0.026430933111534237 0.05455184900087208 0.07045759451841008 0.026268782353437915 0.08742768973703728 0.06226203926583098 0.0396939183752772 0.015891026508658958 0.08239999124821525 0.02388254576630052 0.04925008885531637 0.022387171545200077 0.04061639128108801 0.022856548326859398 0.026132511977492476 0.06803892791676615 0.025086129294928084
 0.0511004312793158 0.0653928018922942 0.04741203368486845 0.07929227828281941 0.07183231849941947 0.04827054866413101 0.041667901447936986 0.0437032043380272 0.03317213853208954 0.0893124211294744 0.04014645270499918 0.08442361330800406 0.0375195097011392 0.09897067861904812 0.050540436482728525 0.08661462246228298 0.08236460077618925 0.0778201336156263 0.0920422884311728 0.09854682629241697 0.07172572789546106 10000.0 0.09057277649325818 0.02794739924079455 0.09596593003247138 0.08407063370781227 0.07815683777067475 0.023304616173002012 0.1123880939779352 0.09361246116482724 0.0687932754486295 0.05798637051784419 0.055756561078685 0.05642723791693362 0.08894648920062782 0.08970182464836812 0.0877976619573203 0.05921856163849777 0.0885996385004561 0.06334357792270492 0.09323640655235411 0.0426888650312977 0.08963267057840699
 0.04108298507158909 0.025598503670104574 0.05389895702354906 0.011293349843050809 0.04421915108892436 0.06956172048750274 0.053865269282735176 0.06300745347499832 0.060012392617312164 0.028498938818360447 0.05504342050732946 0.056110261218121966 0.07783187122389332 0.03234392811010854 0.0535335677827029 0.017966450823193425 0.04793347587001895 0.012997704784512655 0.03528177929415139 0.03810885984044622 0.054794958006806914 0.09057277649325818 10000.0 0.0693629593708143 0.054351687301232736 0.05141943157912985 0.028464701695087313 0.08668024171693683 0.021816962781819334 0.04318561570847231 0.057853085792006896 0.04038642576509473 0.0351388479672968 0.05338085438881668 0.03637784156269601 0.04052635698355102 0.005582180267114952 0.07311229049804872 0.0164020192923973 0.03703388021241808 0.0742704912149465 0.057891673226418416 0.03847245779913332
 0.03661366098290211 0.0466208929908817 0.042729334552903044 0.05830051235071088 0.06428420171495923 0.05311920457599598 0.03468930711024146 0.016006159020526007 0.009998659850666084 0.06297184205174446 0.03352431550846161 0.08015289037101178 0.04792643583839856 0.0853414752649712 0.022746496106455884 0.07007133870751228 0.07555064283381922 0.0576769937316229 0.08019485364622014 0.08666530148780974 0.06831637240091684 0.02794739924079455 0.0693629593708143 10000.0 0.08943458385796166 0.07825637213916053 0.06480239656276504 0.04142170501574796 0.09068781485308446 0.08396650856176259 0.041040207513048654 0.031947957667652925 0.03800538511057774 0.0526785625369485 0.061759206550224134 0.07971895219817149 0.0678298666803443 0.06463143915333339 0.07157869471863204 0.05186642513758112 0.09359076654024731 0.014951713173445468 0.07901980487519482
 0.053563706783102065 0.051459546182126475 0.04893829146383588 0.053783687688246276 0.025185268575611357 0.051165565701220606 0.05602836533899698 0.09296496962701266 0.07999574592925833 0.0813480017337251 0.05746683760604004 0.012765085370070824 0.06385755529288002 0.02517173185515198 0.08682521589660212 0.03658074003828545 0.01394756688856756 0.05098945161179917 0.019175043507106554 0.018774527849459745 0.024765437069410347 0.09596593003247138 0.054351687301232736 0.08943458385796166 10000.0 0.011902543757398935 0.030225962484082783 0.0793157591859708 0.06269841886321705 0.01127025382107291 0.10086201973705004 0.07630871086084558 0.055139545820499174 0.039541520028756307 0.0885641977497504 0.014011088512675286 0.04914115296225502 0.04503255428550576 0.03795133715316438 0.03820075774065441 0.023078852808803577 0.0862967714465752 0.015983086326435143
 0.0430509578105524 0.043308137390611116 0.0371498291273658 0.04845693852906228 0.014148564152002061 0.039650395474550224 0.04441102538043856 0.08270674961702945 0.0690133461043012 0.07642444719743936 0.045822726615176154 0.0047265983640348164 0.05229363772401133 0.028087704882877915 0.07717617571146146 0.0335844343832229 0.0036930540537498365 0.04539221071471361 0.019660831142551575 0.022962429419026646 0.013102141648816764 0.08407063370781227 0.05141943157912985 0.07825637213916053 0.011902543757398935 10000.0 0.02397049375602501 0.06757983189547807 0.06370483743962871 0.014355627181319781 0.09246625732498831 0.06748246715096462 0.04550268575702969 0.027653870605903 0.08312711490166852 0.013374245445754478 0.04588959461855685 0.03457808133499886 0.03552650687151032 0.028076347944425744 0.02295272458037811 0.07602467732570346 0.015190192848460925
 0.028425080525798816 0.021678198751765354 0.03288832941419582 0.0244867666214711 0.015979919476484278 0.045049071749023 0.036671230194288876 0.06526295709856303 0.05484806735878491 0.05245416327452045 0.03817071828071217 0.02846525078435271 0.0555678427943163 0.020937077677035832 0.05807945663728159 0.012231072239559857 0.02030349375175428 0.021436164212695973 0.01556317553568617 0.021910705692279903 0.026430933111534237 0.07815683777067475 0.028464701695087313 0.06480239656276504 0.030225962484082783 0.02397049375602501 10000.0 0.06773905435396749 0.04472117215182243 0.021010691082225173 0.07082671313951527 0.04669984227999216 0.027368130746975708 0.028411811684772408 0.05921425879395716 0.01691355664060612 0.022891648353682792 0.046211704852973955 0.014653176062132983 0.014937334291678414 0.046862404966536486 0.05875637853010497 0.015499083337106298
 0.04569872710026321 0.06128720076762295 0.03485307942535669 0.07598264654648124 0.057492853915854895 0.02850114079956 0.03285317877361939 0.05674568190329017 0.04100338585841885 0.09278588938121479 0.03163906944003263 0.06693230835641063 0.016064223435126285 0.08734246596285206 0.06038440489504644 0.07828729280260797 0.06665063076562108 0.07373136901791712 0.07937837323285277 0.08554889361336467 0.05455184900087208 0.023304616173002012 0.08668024171693683 0.04142170501574796 0.0793157591859708 0.06757983189547807 0.06773905435396749 10000.0 0.10796959544238784 0.07920434559035594 0.08070614101887123 0.06323134992778626 0.05223460783182703 0.04126141300137758 0.09441950111197935 0.07576455566006189 0.08273762566577174 0.038035555400724216 0.08057173750655588 0.05308193451186725 0.07286874405847804 0.053149295669360976 0.07616944169942311
 0.06262829099649589 0.0473002903821584 0.0743553477064583 0.03309765889753771 0.06046439881427401 0.08897623550428757 0.0751194250573812 0.08307501231170217 0.08154423556746078 0.039009387852765406 0.07636596175314854 0.06835410479379089 0.09822783150554713 0.037548805098132416 0.07333073696698864 0.03249029959850495 0.060784399840467886 0.034701954836455835 0.044460991661100825 0.0440179654101976 0.07045759451841008 0.1123880939779352 0.021816962781819334 0.09068781485308446 0.06269841886321705 0.06370483743962871 0.04472117215182243 0.10796959544238784 10000.0 0.05177588496601563 0.0737486110596686 0.06045358381920181 0.056898192379791296 0.07238288638947957 0.04655456679049358 0.050746550879511576 0.025233197330742845 0.09093133574227655 0.030075335721690275 0.056565084861268766 0.08511092125067225 0.07847730901421668 0.04874139004570407
 0.047409300917272516 0.04268859504339928 0.04623180883909064 0.043276811144207554 0.0219148143701751 0.05227083762911198 0.052337830274794994 0.08582470196890365 0.0742016279482154 0.07051156621127791 0.05384580869547177 0.018198626340922886 0.06462669524710606 0.014562617088854101 0.07896284186327723 0.02557371582975513 0.013335660344065046 0.04063740231521615 0.007923347970873514 0.008743365365252269 0.026268782353437915 0.09361246116482724 0.04318561570847231 0.08396650856176259 0.01127025382107291 0.014355627181319781 0.021010691082225173 0.07920434559035594 0.05177588496601563 10000.0 0.0917129386566876 0.06771051972484624 0.04773878438726621 0.03803294970985577 0.07786719422882832 0.004274425299278768 0.03805713373686155 0.04849878745741698 0.026808578932929646 0.03210999447548153 0.03338186081872387 0.07923508370828757 0.0055377373192008715
 0.05252390266595279 0.0494171533071851 0.06752249555915181 0.050803264716825565 0.07912731757224137 0.08338535807090178 0.06064695563876535 0.025096426195303563 0.03976050771423496 0.03569894428187962 0.06039655925752941 0.09604361621784321 0.08290914411019648 0.08631126593193589 0.0205749100286046 0.06886760156141367 0.0889184734342726 0.052515965073338604 0.08514642450378798 0.09039382104117695 0.08742768973703728 0.0687932754486295 0.057853085792006896 0.041040207513048654 0.10086201973705004 0.09246625732498831 0.07082671313951527 0.08070614101887123 0.0737486110596686 0.0917129386566876 10000.0 0.0251796120580964 0.04773778148904597 0.07518467872244276 0.030000093345860675 0.08771623117305631 0.059819545890069034 0.09331735831016016 0.06904049555532378 0.0650082500474756 0.113260888534047 0.02756154362709753 0.08617564168808377
 0.02771598782360306 0.02502238683245372 0.04351301148798701 0.030552222877751875 0.053996379333961474 0.060196616607570294 0.037466171019723195 0.022679368234921733 0.02481799923884651 0.03133963013188917 0.03754128062521105 0.07095666833909009 0.06182975255983619 0.06407143783281662 0.013163188517042878 0.04681960930852975 0.06398195076096128 0.031207755846904373 0.061674380466824386 0.06738252822236185 0.06226203926583098 0.05798637051784419 0.04038642576509473 0.031947957667652925 0.07630871086084558 0.06748246715096462 0.04669984227999216 0.06323134992778626 0.06045358381920181 0.06771051972484624 0.0251796120580964 10000.0 0.02256816139457618 0.050446174023736565 0.03144985944878536 0.0635863519975234 0.04042502610887349 0.0693560131204023 0.04752329689140172 0.03984827228184796 0.08808342997687485 0.01820494587640145 0.06219423121841908
 0.007112162486216282 0.0096453856615401 0.02351486845526957 0.024033764996620372 0.03168896022498068 0.04084278175785935 0.020244354866462366 0.038087764616943125 0.02801113282949391 0.04305968338238163 0.021099006622834225 0.048715159694364206 0.04577839280334895 0.047449162718300665 0.031726891992565884 0.03217739305418285 0.04213812383065699 0.022197343529353427 0.0429309022227641 0.04924028694948112 0.0396939183752772 0.055756561078685 0.0351388479672968 0.03800538511057774 0.055139545820499174 0.04550268575702969 0.027368130746975708 0.05223460783182703 0.056898192379791296 0.04773878438726621 0.04773778148904597 0.02256816139457618 10000.0 0.02859130278821508 0.04687980478425268 0.04347665418127563 0.03205311732142258 0.04848732053299792 0.033824581564375 0.017496121444099857 0.06556249168344092 0.03149975262889426 0.042426540056299644
 0.022732234568124995 0.03261963749950959 0.010015081590086863 0.045034910008257524 0.016231630620121063 0.016667280216631327 0.01798939513357441 0.06006102831274674 0.04434099493481261 0.06996838384550551 0.019196854201397943 0.028375635446934357 0.027533825434751174 0.046466821972132644 0.05675432935074972 0.04028604163399341 0.02600908314736619 0.04198836818137556 0.03824290639702961 0.04431728255386739 0.015891026508658958 0.05642723791693362 0.05338085438881668 0.0526785625369485 0.039541520028756307 0.027653870605903 0.028411811684772408 0.04126141300137758 0.07238288638947957 0.03803294970985577 0.07518467872244276 0.050446174023736565 0.02859130278821508 10000.0 0.07474275150802717 0.03451078947457903 0.048296390557096135 0.020516560886411267 0.04271797981173479 0.01639105178865801 0.0409901326631866 0.05358003480138656 0.03491671851148071
 0.05381262050215566 0.04246937494718276 0.07037676574685632 0.03484439699541507 0.07227478862700526 0.08769996470071427 0.0660624626178505 0.04835875894152392 0.055973428026669325 0.008011128348907444 0.06651817948880313 0.08749606713881121 0.09149675857505692 0.06851783233004118 0.039292374523818875 0.052423422121357074 0.07943904992016859 0.03779493993529726 0.07022418906875012 0.07395324178711 0.08239999124821525 0.08894648920062782 0.03637784156269601 0.061759206550224134 0.0885641977497504 0.08312711490166852 0.05921425879395716 0.09441950111197935 0.04655456679049358 0.07786719422882832 0.030000093345860675 0.03144985944878536 0.04687980478425268 0.07474275150802717 10000.0 0.07456504126286931 0.04048393228060127 0.09509160302125405 0.051597788618119735 0.06006181166366337 0.105848756025385 0.046860769444650494 0.07264749348034848
 0.043148823661652624 0.03856708329574289 0.04238876850399979 0.03981691661275096 0.018287136387635492 0.049274371325695406 0.04830589859187492 0.0815640418583088 0.06994246546823787 0.06733699579458764 0.049819224933406 0.01780861520440963 0.061459303971403374 0.014758385168913073 0.07474907344740164 0.022644491468560377 0.011327388568138773 0.0370718930517268 0.006340177143945203 0.010309308656761674 0.02388254576630052 0.08970182464836812 0.04052635698355102 0.07971895219817149 0.014011088512675286 0.013374245445754478 0.01691355664060612 0.07576455566006189 0.050746550879511576 0.004274425299278768 0.08771623117305631 0.0635863519975234 0.04347665418127563 0.03451078947457903 0.07456504126286931 10000.0 0.03523140444344264 0.04626749642990982 0.024142717934564926 0.02787639751789263 0.03454933015800944 0.07497014328195661 0.0020822507598350437
 0.0374729676286339 0.022408862071849174 0.04935862335658061 0.009897715059550689 0.03868814378294614 0.06463148729249693 0.04988648754153319 0.06272760047132772 0.05821597720159053 0.0328051960123037 0.051133926075440046 0.05057162181514467 0.07329276737010865 0.028067140773552997 0.053555325777871726 0.01259054632899663 0.042385986664947535 0.01017930458622243 0.0302030762622625 0.03349506277858056 0.04925008885531637 0.0877976619573203 0.005582180267114952 0.0678298666803443 0.04914115296225502 0.04588959461855685 0.022891648353682792 0.08273762566577174 0.025233197330742845 0.03805713373686155 0.059819545890069034 0.04042502610887349 0.03205311732142258 0.048296390557096135 0.04048393228060127 0.03523140444344264 10000.0 0.06782375803251868 0.011283511514093372 0.03204549849845949 0.06876959178302586 0.0572366037202202 0.033196687374301544
 0.04200726589972532 0.05312859557262264 0.025865772542755926 0.06534617054970945 0.03077534952615232 0.01164150742119617 0.03282586514240962 0.07524210977365675 0.058244699779041856 0.0904605812290798 0.033305424809276306 0.03229129470406829 0.022066020821034833 0.06045951287183843 0.07376924322386007 0.05844255509402252 0.035185807396545477 0.06224633733217441 0.051656767984585975 0.0565578139634831 0.022387171545200077 0.05921856163849777 0.07311229049804872 0.06463143915333339 0.04503255428550576 0.03457808133499886 0.046211704852973955 0.038035555400724216 0.09093133574227655 0.04849878745741698 0.09331735831016016 0.0693560131204023 0.04848732053299792 0.020516560886411267 0.09509160302125405 0.04626749642990982 0.06782375803251868 10000.0 0.060863741997054015 0.03658815716562073 0.03488645470395565 0.06924794684517609 0.04745861634890746
 0.037511708966997244 0.024996757266820373 0.04595404362217146 0.018307994304944744 0.030437027721221963 0.05938383495269241 0.0482923314358911 0.06880160672693086 0.06164329605543826 0.04401385808779879 0.049703360394764695 0.04025073406318843 0.0693773049745728 0.017404322873197115 0.0602783902463513 0.0024384951622608373 0.03218853634708745 0.016594899282042875 0.018930729391872375 0.022385126461834607 0.04061639128108801 0.0885996385004561 0.0164020192923973 0.07157869471863204 0.03795133715316438 0.03552650687151032 0.014653176062132983 0.08057173750655588 0.030075335721690275 0.026808578932929646 0.06904049555532378 0.04752329689140172 0.033824581564375 0.04271797981173479 0.051597788618119735 0.024142717934564926 0.011283511514093372 0.060863741997054015 10000.0 0.027666627498931926 0.05817755482593193 0.06279081092029402 0.02208153295242195
 0.015431892428276216 0.017636571485637388 0.018309572316828004 0.028758015576861237 0.01419498161345839 0.032586750212768335 0.021757508919630342 0.05479982551651325 0.04215345896663937 0.054656001885476646 0.023264533256124362 0.031219208238253263 0.041800519475940545 0.03562730263346524 0.04910334616281808 0.025318057723290873 0.024805925469801756 0.025665322055252987 0.02901083920950152 0.035565708572954144 0.022856548326859398 0.06334357792270492 0.03703388021241808 0.05186642513758112 0.03820075774065441 0.028076347944425744 0.014937334291678414 0.05308193451186725 0.056565084861268766 0.03210999447548153 0.0650082500474756 0.03984827228184796 0.017496121444099857 0.01639105178865801 0.06006181166366337 0.02787639751789263 0.03204549849845949 0.03658815716562073 0.027666627498931926 10000.0 0.048281290897711396 0.04812348582352644 0.027290292666608238
 0.06163490243828158 0.06502299869331629 0.05086691838129945 0.07132294269377339 0.03434111584506569 0.04501121976459114 0.05893391552803357 0.1006954954813905 0.08532020722872947 0.09927930621834603 0.0600672592094136 0.01839852925059855 0.056826340777820304 0.04787777962630465 0.09645206562088916 0.05635071744864119 0.02657499829315187 0.06822452556447041 0.04071307281958379 0.04165144710078199 0.026132511977492476 0.09323640655235411 0.0742704912149465 0.09359076654024731 0.023078852808803577 0.02295272458037811 0.046862404966536486 0.07286874405847804 0.08511092125067225 0.03338186081872387 0.113260888534047 0.08808342997687485 0.06556249168344092 0.0409901326631866 0.105848756025385 0.03454933015800944 0.06876959178302586 0.03488645470395565 0.05817755482593193 0.048281290897711396 10000.0 0.09410786354838518 0.03661418253939733
 0.03299067555062899 0.03817354316332962 0.04445809756746864 0.0473807287751026 0.061896827180408974 0.058439746260068044 0.03666718577043301 0.006682222438713209 0.012326303786137017 0.04841169327287047 0.03600767284475427 0.0787041620719033 0.05624578903451621 0.07816505617374993 0.007852209025521676 0.06166069672121015 0.07288267118201966 0.04739926527835152 0.07429955273580499 0.08049792172797195 0.06803892791676615 0.0426888650312977 0.057891673226418416 0.014951713173445468 0.0862967714465752 0.07602467732570346 0.05875637853010497 0.053149295669360976 0.07847730901421668 0.07923508370828757 0.02756154362709753 0.01820494587640145 0.03149975262889426 0.05358003480138656 0.046860769444650494 0.07497014328195661 0.0572366037202202 0.06924794684517609 0.06279081092029402 0.04812348582352644 0.09410786354838518 10000.0 0.07392407027395487
 0.04241038928421252 0.0371750262582727 0.042449948477940924 0.03794564048724063 0.018704754069852093 0.05003538992195838 0.04810721539167321 0.08049122120450633 0.06919163445599295 0.06538208676051444 0.04962638761939582 0.019710794019837295 0.06208559405768229 0.013177382372818151 0.07351894866762397 0.020616649706931514 0.012866973254392068 0.035243788564970166 0.004485015174282654 0.00944214621931981 0.025086129294928084 0.08963267057840699 0.03847245779913332 0.07901980487519482 0.015983086326435143 0.015190192848460925 0.015499083337106298 0.07616944169942311 0.04874139004570407 0.0055377373192008715 0.08617564168808377 0.06219423121841908 0.042426540056299644 0.03491671851148071 0.07264749348034848 0.0020822507598350437 0.033196687374301544 0.04745861634890746 0.02208153295242195 0.027290292666608238 0.03661418253939733 0.07392407027395487 10000.0
GTSP_SET_SECTION
0 
1 2 3 
4 5 6 
7 8 9 
10 11 12 
13 14 15 
16 17 18 
19 20 21 
22 23 24 
25 26 27 
28 29 30 
31 32 33 
34 35 36 
37 38 39 
40 41 42 
GTSP_Visit_SECTION
1
2
2
2
2
2
2
2
2
2
2
2
2
2
2
EOF