NAME :TPP_input_23_3_2
NUM_VERTICES
67
NUM_CLUSTERS
23
Full Matrix
 10000.0 0.04579517132899428 0.06147033492463614 0.08086693472973361 0.03123929837486331 0.09645767676181399 0.05931440420927699 0.09565234589744949 0.03832171042042703 0.08844782420007904 0.09434361788844235 0.06614578778810422 0.03313785227347594 0.04723167878080925 0.051013952368562605 0.07520561380219953 0.052898244198110025 0.10000029005491205 0.041028115014273225 0.042596097002013715 0.08292628872758771 0.04776593010890673 0.07589459216360327 0.07892580939491317 0.025335602598604196 0.1131137466878693 0.06585748625529209 0.019989231885182698 0.08055067623692198 0.020244237892941795 0.06512155016352554 0.08519270551564383 0.09113653230475259 0.05829592087134282 0.05740032624136111 0.02786167655297467 0.04795304511985857 0.025770313516991886 0.0052386063079022625 0.030352583807416903 0.05234038465701661 0.0664260623177253 0.05111601209258703 0.07765517938566903 0.08442919083081303 0.08910815520641278 0.07291673152069408 0.03957855931066248 0.04658396811435554 0.02616708205710924 0.03771115621171418 0.023574382813263052 0.010409023631148377 0.05399087242676144 0.10196487618959078 0.060676359179555335 0.025836828422593612 0.07495467982252729 0.023245597666327153 0.08135269251109731 0.0536469101476202 0.08249489631838201 0.020224733007737396 0.060167363054414044 0.08859447783537794 0.017344854386733517 0.1117412843558243
 0.04579517132899428 10000.0 0.06681001073713418 0.08263671506313859 0.03925378166147175 0.05775213567200735 0.030815828831447515 0.08479243210093391 0.01341647981270457 0.04313587625907844 0.09069934093687072 0.061577225126208106 0.04164738858838817 0.0590143227217368 0.06498963281107081 0.037240520457035166 0.056264628586890755 0.0758028388869863 0.04024647440148655 0.0051613276149082375 0.03723189971653898 0.043278035425203774 0.04550856826507688 0.050926549792682255 0.05418349757419636 0.0915666170185605 0.020062608368681522 0.02852338074212681 0.05554192019176775 0.05301403527881592 0.04417057270649426 0.07479946008775083 0.05152313807613293 0.02852359535791551 0.01614570636181687 0.021726584739877403 0.06466319659339569 0.03346336755591026 0.04058525400120964 0.058284092847431704 0.05855082484754819 0.07704029494875467 0.020914633779414247 0.08439979691975331 0.059308532326167826 0.06055290021023599 0.06671061780351034 0.0594591099284531 0.02940270775725703 0.05035772215917738 0.032808176436429776 0.03917601168322722 0.035955798995830214 0.025645663090258508 0.06253640830798647 0.05231270909841222 0.03917751032150864 0.03384917068044829 0.03536131220397369 0.05473187310994456 0.009610483805654138 0.04506378767219552 0.025726309139461497 0.04991417519164081 0.043734177473786856 0.04932321396464658 0.08100404917773693
 0.06147033492463614 0.06681001073713418 10000.0 0.019402821383672875 0.033148686238698884 0.07539064855186317 0.045934489054797766 0.03837303464125476 0.05389758547465012 0.09975756916534156 0.03333948277183332 0.013850825459607924 0.030462638175111887 0.014564534448023707 0.013459951234966119 0.0622381945863906 0.010671577131620869 0.055365025198011265 0.0271948211095135 0.061810855486493406 0.09240640337918701 0.023594523199657026 0.05084222668054888 0.04853936122993895 0.03850201787319537 0.0625108750802347 0.07810506305671523 0.051725699888873725 0.045017327036471336 0.043747213904523165 0.035938344818617456 0.02977298238494278 0.0737678964175457 0.04759906411362019 0.06212151771170624 0.0512317201618469 0.017479895801153715 0.0410639388627944 0.06088202126545481 0.03533720848526888 0.009475016736333452 0.01129400032603449 0.04965791656978926 0.017934267121110164 0.04697092855973925 0.05427259771694522 0.01791763517607516 0.024383832248255702 0.038188680231337396 0.03581600790393912 0.034720480971154134 0.03946905033136211 0.0567609942219568 0.046717092695044364 0.08064342564266258 0.019821215182331223 0.037484653037115866 0.06779326090018396 0.04187117679237652 0.04760559119308918 0.0756657113205416 0.06472095674463343 0.057820864955821616 0.022519259689693847 0.08624178662847362 0.04502688283160153 0.07283741138442937
 0.08086693472973361 0.08263671506313859 0.019402821383672875 10000.0 0.052125643493791646 0.07870903136575616 0.05728280489190102 0.025364580637047905 0.07045771312435237 0.11086186218497991 0.015177337297138811 0.02134837086020609 0.04951911910368471 0.03377629706746522 0.03126056249243196 0.07033945284357661 0.02902136609740765 0.050012308590845204 0.045018967902627514 0.07789343151727499 0.10355418715394142 0.03999905142129737 0.05664681106085099 0.05251083035712858 0.05750461817079207 0.05220073853933853 0.09108930809049084 0.07057009228345608 0.04730543625595776 0.06283111642884384 0.04437891997377769 0.0216457171610715 0.07867276767057686 0.059369947816402854 0.07525542185822028 0.06930001684778743 0.0351300659276552 0.05993101748813078 0.0802617175586095 0.05392293879476686 0.028723675750533775 0.01823289554346319 0.06350747743483998 0.008908988873815643 0.047685068416556925 0.05475781843465508 0.018174128084991383 0.04297601810658996 0.05324547648489602 0.05509737888402205 0.05222445469343668 0.05873882090031742 0.07604493601660227 0.05970483292625968 0.08327347212378929 0.03075371419984863 0.05669992622260472 0.076903553778695 0.06095951691499436 0.050152303708245895 0.0908415188795057 0.07073936226300533 0.07654499323514188 0.03343994150494665 0.09470319569141511 0.06430804081244533 0.0684415846369392
 0.03123929837486331 0.03925378166147175 0.033148686238698884 0.052125643493791646 10000.0 0.07250581194548603 0.03444577059564225 0.06457514022788559 0.02597277867057593 0.079537817853334 0.06441391484067772 0.0352418696516824 0.0027765156032090563 0.02130256809950607 0.026957579673851918 0.0528299630947236 0.023130601572622866 0.06967073203695451 0.009935306851807855 0.03413531459007775 0.07263025083145865 0.016616800071694526 0.04901959361358705 0.05073626596260683 0.018911729315921156 0.08215422499179717 0.05582551360108566 0.018591445340853587 0.05121027297435282 0.021042835413516963 0.035862565559890466 0.05404907933626055 0.06828419459531214 0.03442900132960987 0.04167826995636643 0.01943244723259818 0.02587530576031805 0.007954764802632927 0.029259309319007942 0.021185743756394353 0.023686396328901797 0.041099710136878256 0.03041871355556697 0.050822990161645175 0.05489598593436874 0.06041614937852383 0.04197914331756686 0.02021025867734481 0.020495000245545444 0.014047614125140417 0.009947260314772307 0.007685580689749753 0.02433453374840173 0.030824452597339767 0.07821127009403772 0.029443510305474267 0.0054282501510216135 0.055193696677972026 0.00888979844486735 0.0524758162066624 0.04884831842831665 0.05883361060813044 0.024741111173666955 0.029045637885310137 0.07233087123778272 0.019350726875402773 0.082886116456873
 0.09645767676181399 0.05775213567200735 0.07539064855186317 0.07870903136575616 0.07250581194548603 10000.0 0.03819176012662608 0.06308533276905919 0.05887840214675751 0.048287602859290096 0.07643475582537845 0.06209507131905786 0.07284875471652806 0.07914370031302588 0.08364914624182017 0.021389747482087197 0.06990820653275526 0.03768161537504872 0.06473345995360917 0.05779648090177805 0.04334965461392877 0.06070735684630815 0.0250383420040071 0.026925080265403085 0.09131028837845603 0.05155314423019232 0.045298766198054154 0.07647162239879585 0.03146035714549395 0.09341143894089257 0.04045012418957724 0.05878913753172318 0.0064638864047819496 0.038644464812480656 0.04180982621474828 0.06870646944005838 0.0861391795375257 0.07317197776275655 0.0919450004243904 0.09266488745824798 0.07346762107733233 0.08606606501562555 0.04534171255629891 0.08574900239915977 0.031190780970783576 0.024691971025191658 0.0614726173528822 0.08666546173714912 0.052141519242138966 0.0864128404412465 0.0626913610203863 0.07824539870355958 0.08614285041594266 0.042796514102696206 0.005708447293710034 0.05602802408224608 0.07661157407108471 0.02401184884102474 0.07608570538819469 0.02862843622831048 0.05712747725519005 0.013983456744882031 0.07757934082995105 0.053679761371006426 0.02687452094922412 0.09114262528637078 0.030046799721102083
 0.05931440420927699 0.030815828831447515 0.045934489054797766 0.05728280489190102 0.03444577059564225 0.03819176012662608 10000.0 0.054800955152438706 0.024629953784217916 0.0540275224876165 0.06249720202515787 0.036152014345238716 0.035017946205309784 0.044653532477529026 0.05007367887408129 0.018640503813218814 0.03727910619679601 0.045551699297158105 0.02753539196421849 0.027819176070675973 0.04667192658612728 0.02516159210074998 0.016910708456360758 0.021185236903536214 0.053338223411505264 0.061039185189795675 0.03396356470097472 0.03959230325966676 0.025016471479769358 0.05524507882475078 0.01407071532881503 0.045357134864855334 0.033839740062546184 0.0023673184695568 0.018599267385392575 0.0324107499450866 0.05164993927445569 0.03508673373582939 0.05518896402429561 0.055075903945606935 0.04062965992500181 0.05721220575151105 0.010411866788625587 0.06131838190943046 0.028910214198370133 0.031420926984605885 0.0395925175380713 0.050382988312816054 0.013977180232163959 0.048451861927284776 0.024553293656244143 0.04005788963483247 0.049280190660343226 0.005878853363778348 0.04387973990840462 0.02702167743131065 0.03842328672408933 0.022506580473986598 0.03799910238804494 0.024609959594660988 0.03644884356787955 0.024402057109563936 0.04197020069784781 0.024200118506075674 0.04089675120448364 0.05295241850650181 0.05351962515751612
 0.09565234589744949 0.08479243210093391 0.03837303464125476 0.025364580637047905 0.06457514022788559 0.06308533276905919 0.054800955152438706 10000.0 0.07503562933487905 0.10340451955541317 0.014761246138265764 0.02956361425309451 0.06252534968149798 0.05204289963656733 0.05183241721172563 0.061472857117443644 0.04354730505684389 0.028097873826906358 0.0552378416890408 0.0808986840891245 0.09649745479560282 0.04866585232278904 0.04670627643812051 0.04101232724001231 0.07550616832794083 0.02695171197894048 0.0876048037856348 0.08116369857924652 0.034867082863808956 0.0804140163982917 0.04081811087038496 0.010635758579120407 0.06491290534713066 0.05716580194376005 0.0732331898554427 0.07749156399184369 0.0558526030263141 0.0713162613339858 0.09382105311926664 0.0730629830815431 0.04520555628770392 0.042349110373507665 0.06392537805558049 0.03425289202336178 0.03315000210895454 0.03852470140638794 0.022807327325267062 0.062330558393350215 0.057123680691835224 0.07199121966619855 0.060732403820001356 0.07213983965230919 0.08868549325932099 0.0592822874676951 0.0665672199679563 0.03576058141976289 0.06989039825642142 0.06873782737721501 0.07319810950976088 0.03735330263333035 0.09121478241425843 0.05910381317521286 0.0863495002371783 0.0371235025573742 0.08433542227905354 0.08089223429427306 0.04594159548909496
 0.03832171042042703 0.01341647981270457 0.05389758547465012 0.07045771312435237 0.02597277867057593 0.05887840214675751 0.024629953784217916 0.07503562933487905 10000.0 0.054464878605869904 0.07954016181405052 0.04981427490942382 0.02829526561412167 0.04561954594206715 0.051589153272839965 0.03748865939975171 0.04326902376510638 0.06990084604960295 0.027009401982781327 0.008255244927631135 0.04790448936257287 0.030599938139542725 0.04132961321361318 0.045812675247342616 0.04194321260578662 0.08504188942217007 0.030649553911836415 0.018723151206689888 0.049317402368157015 0.04147091563635597 0.03573168237841839 0.06467613963054875 0.053244663728963686 0.022835065830672803 0.019207593541094473 0.010768338827662491 0.051249598280807815 0.02082046304150978 0.033481127698733466 0.04569325016828458 0.04539040765002641 0.06388442414901492 0.01450158795962844 0.07165922772041818 0.05327749390066525 0.056044356967767404 0.05543321091588583 0.046177077740175064 0.01800247222974815 0.0377994071964053 0.019495943768740153 0.026725273085413167 0.027917616676305275 0.01875175382786837 0.06422677641752568 0.04084813292072846 0.02640771377377058 0.036663034796270894 0.023084841642604343 0.04915605082511598 0.022936529113648418 0.04510025164181472 0.018731204688234016 0.03871852013169511 0.05080063067870645 0.038040560739300025 0.07795818638157037
 0.08844782420007904 0.04313587625907844 0.09975756916534156 0.11086186218497991 0.079537817853334 0.048287602859290096 0.0540275224876165 0.10340451955541317 0.054464878605869904 10000.0 0.11399707234652012 0.0900416617245132 0.08144539478240577 0.09621553384301515 0.10206809241742014 0.041945893635438374 0.09044748273340672 0.08310890959586209 0.07716505769872663 0.04735194097340794 0.007357263418012468 0.07739211525427399 0.05671559027563395 0.06241549671571 0.09640630951664324 0.09842127631417641 0.023825117983163266 0.07161641881984708 0.06856574291229538 0.09577521119987818 0.06650447820102438 0.0958651147643974 0.04296654790595597 0.0522091958496006 0.03848749883899838 0.06444694995908966 0.10278484099094418 0.0752591285112359 0.08320923764496256 0.1000456492897801 0.09354285643582545 0.11096681597610766 0.050985625543144474 0.11531610501364621 0.07072112798952372 0.06721047561673059 0.09280588563265038 0.0992468822859515 0.06290484253736017 0.09219670158976227 0.07090487973052499 0.08118259852933521 0.07893861915385994 0.05318039495449844 0.04945097452091308 0.0810346376324418 0.08075828892334676 0.03473475002488454 0.07754477400322628 0.06619954358688528 0.03480865415236294 0.045134646403460606 0.06871398151103059 0.07820787021945129 0.021417251800018768 0.09219836991762735 0.07833154551268275
 0.09434361788844235 0.09069934093687072 0.03333948277183332 0.015177337297138811 0.06441391484067772 0.07643475582537845 0.06249720202515787 0.014761246138265764 0.07954016181405052 0.11399707234652012 10000.0 0.030057419324529495 0.06198652134706827 0.04790146657701961 0.04603203004839777 0.07223573079913921 0.04153474776133417 0.042743560061115814 0.05618893252920983 0.0863171874247187 0.10687336934983666 0.05028817467227807 0.05762455314604603 0.052437698410731835 0.07184011722920314 0.04081165986534365 0.09630920977124008 0.08235671596542996 0.046485687046274336 0.07708333127764576 0.04855520262036379 0.018244567303148652 0.07764577649995279 0.06478643999150424 0.08107025723169577 0.08003634842770863 0.04998140130988427 0.07190784457576868 0.09329935198758861 0.06854277924905708 0.04205028004858258 0.03339275614673741 0.07039619535354398 0.022981247337151126 0.04558067358944422 0.05174468211123452 0.024107081373137714 0.05756254748090135 0.06164190040970668 0.06907277313423492 0.06280256018340513 0.0715081808254479 0.08870515517896407 0.06607347587618606 0.08027820507027285 0.03869441992699508 0.06935911629084819 0.07930998772770406 0.07329959372780605 0.04921151237277715 0.09809464100120018 0.07096602888669312 0.08806564305444582 0.040879894958849805 0.09597484201044822 0.07826505248006552 0.060699062586325625
 0.06614578778810422 0.061577225126208106 0.013850825459607924 0.02134837086020609 0.0352418696516824 0.06209507131905786 0.036152014345238716 0.02956361425309451 0.04981427490942382 0.0900416617245132 0.030057419324529495 10000.0 0.03307149012606458 0.023884629951106875 0.02555159018177926 0.05055397300657259 0.014350374974253148 0.04204957192658602 0.026369112298056614 0.05695430110412678 0.08270132497748196 0.02025358437965133 0.038045559044387035 0.03517015693638933 0.04634676359477702 0.05068727437841234 0.06980561824244591 0.0525939100124265 0.03130126735233162 0.05108552492217756 0.024041943821095837 0.019336722396630025 0.060891218470009764 0.038168941975440074 0.05393134250994426 0.049986306750501204 0.029240479627108112 0.04234866159183862 0.0644879056672962 0.04439731394327998 0.01670916676314747 0.02398443304065482 0.04216929758248488 0.025364968179800676 0.03313637147458371 0.040451687153855144 0.006771682837204926 0.03416497889843703 0.03219449582592983 0.042600369302908773 0.03276195299010835 0.04270655686882659 0.05952788190866632 0.03836427192878291 0.06722566266036688 0.00940825323437158 0.04047325475327222 0.056691409499548526 0.04401087071949401 0.03395055405311496 0.06959193289106394 0.052154442807159515 0.05816209164668045 0.01210179836445781 0.0748963001670556 0.051391432423054315 0.05917755779928408
 0.03313785227347594 0.04164738858838817 0.030462638175111887 0.04951911910368471 0.0027765156032090563 0.07284875471652806 0.035017946205309784 0.06252534968149798 0.02829526561412167 0.08144539478240577 0.06198652134706827 0.03307149012606458 10000.0 0.018535044028393885 0.02421928459195068 0.05355924672947779 0.020575669492276915 0.06855929782033214 0.008878574203764493 0.03650753126611487 0.074472877773201 0.015242528609311518 0.04898483461712761 0.05037647840558682 0.018492868380956637 0.08070483943876126 0.05781103738977771 0.021321695540490626 0.05052024887561936 0.021293655424358297 0.0353257309084192 0.052054864988803476 0.06882039973856009 0.035184645706580864 0.043360151411590435 0.022147358102014302 0.023241401795602402 0.010712778331092014 0.03145167775662315 0.020108584664200978 0.020990855410769664 0.038324313081533466 0.031763245507305166 0.048089293106741086 0.05412411987918389 0.05986639892213963 0.039833266656763816 0.017946018942371248 0.021223378100871552 0.013602451805798842 0.010985907796304721 0.009635999885758082 0.02671910358480236 0.031782978730556445 0.07855715305767771 0.027754745659446946 0.007415583000675648 0.0562538679072321 0.011440577413733152 0.0519179390815809 0.051219561105560696 0.059311492592274855 0.027490876666839588 0.027583007442447613 0.07364961783088683 0.020091414200752312 0.08221367084507793
 0.04723167878080925 0.0590143227217368 0.014564534448023707 0.03377629706746522 0.02130256809950607 0.07914370031302588 0.044653532477529026 0.05204289963656733 0.04561954594206715 0.09621553384301515 0.04790146657701961 0.023884629951106875 0.018535044028393885 10000.0 0.005988837234437741 0.06279651850751418 0.01013847601368342 0.06538939050863511 0.019207212748418724 0.0538587988268466 0.088991933466534 0.019494217130936263 0.0541128279426027 0.05339287358663797 0.02395172616994286 0.074566220374229 0.0732422397810819 0.039530044999846484 0.05135799345060445 0.029182818782807256 0.03873078961475037 0.04260495328288478 0.07638659660342031 0.045711920488645835 0.05774256387917732 0.04062006388242654 0.007056039683375436 0.02913077013899527 0.04700842504696578 0.02103963840975987 0.007180917575118301 0.020027862310629245 0.045239484342631434 0.03060534748248913 0.054146642507768204 0.06105207972980339 0.029946687656407716 0.010348476022722701 0.03333960695334416 0.021321210660607905 0.0262841706135155 0.026323389810853692 0.0433206472776393 0.043564795954776164 0.08470641753519978 0.024396204309505162 0.024608505908371315 0.06715403438294136 0.029289842802554825 0.05353785913062597 0.06840720295632466 0.06688857854126565 0.04576299959324589 0.026107393755401064 0.08546734496802505 0.030531858257262515 0.081678918218228
 0.051013952368562605 0.06498963281107081 0.013459951234966119 0.03126056249243196 0.026957579673851918 0.08364914624182017 0.05007367887408129 0.05183241721172563 0.051589153272839965 0.10206809241742014 0.04603203004839777 0.02555159018177926 0.02421928459195068 0.005988837234437741 10000.0 0.06798051277549791 0.013753688817994348 0.06759179661766167 0.02517049425473209 0.059832527047657076 0.0948259842973364 0.025011467191932077 0.05862511006603414 0.05745904524439901 0.02654079168209937 0.07566647465375494 0.07917294769404164 0.0448643120727808 0.05493921041983538 0.031932141923004996 0.043212416101601994 0.04309158330148242 0.08117087205101509 0.051238152649975145 0.06361651083930737 0.046363806114974634 0.0040294859526637155 0.0346522516946953 0.05126398149331873 0.022686030242067945 0.010207016066400317 0.015418277361387742 0.051082478143281984 0.026757645525501327 0.05746076879434546 0.06455076253328818 0.030834753608704465 0.011820938747101085 0.03916532030281918 0.02484688684646447 0.032272587640137816 0.03137528203266517 0.047979405080970074 0.04925842537497657 0.08914492740451999 0.028018581114819766 0.02983317054937689 0.07257526199448754 0.03457581447104029 0.057270790699485236 0.07439194995894492 0.07174362090980682 0.05110425559329153 0.03008846660960512 0.09095720000268719 0.0338700017219633 0.08446875635239755
 0.07520561380219953 0.037240520457035166 0.0622381945863906 0.07033945284357661 0.0528299630947236 0.021389747482087197 0.018640503813218814 0.061472857117443644 0.03748865939975171 0.041945893635438374 0.07223573079913921 0.05055397300657259 0.05355924672947779 0.06279651850751418 0.06798051277549791 10000.0 0.05468978450209736 0.0433372900213351 0.046172044772226646 0.03673689258384128 0.03503612035452439 0.043422419110234374 0.014770662222788371 0.020558332383488465 0.07173990248768888 0.059319667356249134 0.029075610759602893 0.055218534067923486 0.026692763663750566 0.07334396369356845 0.026538656026279344 0.05403302482609027 0.015955495261020886 0.018401558649646658 0.02109505394128513 0.04739215116239543 0.06984145571482192 0.05258365335735114 0.07062729557718428 0.07365323254495923 0.058174632960529854 0.07347516675217587 0.024158411360458647 0.07580840423875647 0.029144247745422246 0.026980197309803562 0.05216948627107667 0.06896408189970836 0.03236161008323664 0.06687557197028567 0.04288434231752883 0.05793319876785659 0.06485540581616123 0.022186074133822595 0.02678459851672628 0.04247202019217668 0.05647172201969673 0.007307252329258362 0.05548041143106147 0.024460715520354746 0.03829738632851555 0.007849392871755094 0.05619350668785495 0.03972683204913621 0.02439255892187775 0.07080650293349956 0.04451318716385672
 0.052898244198110025 0.056264628586890755 0.010671577131620869 0.02902136609740765 0.023130601572622866 0.06990820653275526 0.03727910619679601 0.04354730505684389 0.04326902376510638 0.09044748273340672 0.04153474776133417 0.014350374974253148 0.020575669492276915 0.01013847601368342 0.013753688817994348 0.05468978450209736 10000.0 0.05530456506302183 0.01652899955309328 0.05123379875010463 0.08312564602544603 0.013304757192055722 0.04489519102841628 0.043728668225540675 0.032039012390605554 0.06489458184063761 0.06827017556000296 0.04155124391625457 0.041392906446185894 0.036872032576270676 0.02949110313540207 0.03358999328224784 0.06752054015551047 0.03868519635820499 0.05236840394143637 0.04065444067981599 0.01660338655827917 0.030909674777004906 0.05176578492141722 0.03006623799785887 0.003560939268554618 0.020942046494712208 0.03979879750981663 0.028584544099658618 0.04408633440442614 0.05106038725301153 0.020864671984371978 0.0200725586058992 0.028066389330556142 0.02844643421726446 0.02404890812119855 0.02999785425525519 0.04725502840077085 0.0372689059333659 0.07539499254969778 0.014394852810053064 0.027878244427606814 0.05964380838984226 0.03199676206115909 0.043650435648155655 0.06522601854796917 0.05814244431775991 0.047551609957247214 0.01634764845087116 0.07810937898397996 0.03741266504227394 0.07154362207794696
 0.10000029005491205 0.0758028388869863 0.055365025198011265 0.050012308590845204 0.06967073203695451 0.03768161537504872 0.045551699297158105 0.028097873826906358 0.06990084604960295 0.08310890959586209 0.042743560061115814 0.04204957192658602 0.06855929782033214 0.06538939050863511 0.06759179661766167 0.0433372900213351 0.05530456506302183 10000.0 0.05978604176304479 0.07327676977409718 0.07692938637725327 0.053338340722610886 0.030620866567096717 0.024908156907203532 0.08545205187822758 0.016053583249382393 0.07226667678980717 0.08196147645108971 0.020586153602614572 0.08939481853819961 0.03521514577909429 0.028409551236103472 0.041093404140284 0.04765263189797101 0.061031704150848666 0.07603893264705049 0.07121442541460904 0.07423011485886372 0.09684406581888816 0.08462470936922815 0.05828548258118671 0.06334936421883298 0.05596321527887212 0.05857840982345825 0.016646547881217194 0.016358230902546768 0.037588306609500424 0.0753153121432625 0.054477525775962064 0.0810023072621683 0.06230053860491028 0.07717835386067323 0.0910662689866413 0.051326107610358336 0.04011937319314843 0.041926821820036694 0.07499634296561047 0.05035508288208001 0.07680326935547299 0.021075335413759465 0.07967081328199564 0.03818259935422961 0.08570764829187404 0.041302553496617954 0.06234085130762416 0.08862630667661212 0.018431234086804832
 0.041028115014273225 0.04024647440148655 0.0271948211095135 0.045018967902627514 0.009935306851807855 0.06473345995360917 0.02753539196421849 0.0552378416890408 0.027009401982781327 0.07716505769872663 0.05618893252920983 0.026369112298056614 0.008878574203764493 0.019207212748418724 0.02517049425473209 0.046172044772226646 0.01652899955309328 0.05978604176304479 10000.0 0.035134417363838745 0.06998951350002053 0.006738897660446422 0.040483826953004634 0.04161366618860338 0.027051632831982187 0.07222795465093586 0.05405500570894202 0.026226667617196636 0.04164499791402056 0.030144649922065794 0.026498699482489722 0.044638679979743044 0.06100847547552352 0.02808082268948166 0.03867951329436417 0.024285126769502393 0.02562076896312804 0.016081981340605192 0.038721830133966254 0.02794408861739698 0.018397752647267306 0.036881680830901216 0.026309809759352525 0.045113216557110654 0.045245859761312825 0.05101545067570441 0.03296352516906704 0.02298399248828368 0.014619906509024333 0.02222282117963219 0.007564322569387377 0.01758223380327988 0.03346060086242237 0.025246914082186624 0.07043346094641414 0.019718487637356737 0.015342843056676521 0.049565661400164114 0.01803277680132296 0.04306810519092608 0.04947705729090172 0.05144218569695711 0.03187781330373683 0.01914971908502239 0.06749887486464776 0.02894623686969355 0.07333733175787462
 0.042596097002013715 0.0051613276149082375 0.061810855486493406 0.07789343151727499 0.03413531459007775 0.05779648090177805 0.027819176070675973 0.0808986840891245 0.008255244927631135 0.04735194097340794 0.0863171874247187 0.05695430110412678 0.03650753126611487 0.0538587988268466 0.059832527047657076 0.03673689258384128 0.05123379875010463 0.07327676977409718 0.035134417363838745 10000.0 0.0411329086002765 0.038333872490064404 0.04343778171838074 0.0485638051227844 0.049412040321578546 0.08885274394595234 0.023784676622816216 0.024363960799896243 0.052810713754840075 0.04847131666239859 0.04059003724728233 0.07075992537235669 0.05175818942435293 0.025641919200040116 0.016091822165509948 0.01711334585182707 0.05950337230426129 0.02852364385587332 0.037465148274389494 0.0534009644299752 0.0534684578046341 0.07196325689182087 0.017514050132478177 0.079464784905982 0.056667971641482705 0.05847367703628678 0.06225911732023588 0.05434505302725283 0.02476750196770963 0.04547678844252157 0.02767234860024953 0.03430868023696314 0.03246402582944518 0.022281549253642216 0.06282986717988899 0.047770031076477384 0.03421346811892635 0.03431974989092836 0.030534375607976047 0.05222889754641968 0.014714715029069389 0.04457846065388696 0.02237139211452687 0.04545230310130206 0.04609911153139889 0.04485658246478463 0.07955529106994161
 0.08292628872758771 0.03723189971653898 0.09240640337918701 0.10355418715394142 0.07263025083145865 0.04334965461392877 0.04667192658612728 0.09649745479560282 0.04790448936257287 0.007357263418012468 0.10687336934983666 0.08270132497748196 0.074472877773201 0.088991933466534 0.0948259842973364 0.03503612035452439 0.08312564602544603 0.07692938637725327 0.06998951350002053 0.0411329086002765 10000.0 0.07009800450191406 0.04979239555246348 0.0555798305317765 0.0897805995741809 0.09245348224850367 0.01735466906944738 0.06549312283138303 0.06172267142987359 0.08934581073801474 0.05921522885011365 0.08878311803161205 0.037619537417244005 0.044852260592845444 0.03131974370834846 0.058122564142822596 0.0956005372573971 0.0686130539830296 0.07769586870688784 0.09329717415796528 0.08623672407277191 0.10362033134401248 0.04375244967756384 0.10796644919768103 0.06402150738272858 0.06084698322567099 0.08551879862203499 0.092209177775294 0.05566153428457163 0.08548783003121933 0.063842898916139 0.07455360707704797 0.07318554055368358 0.04585675871856006 0.04519223429252944 0.07368183176185908 0.07404090459611712 0.02775964746342746 0.07097655099825936 0.05942789287788339 0.029622739108920382 0.038774351103350674 0.06295304579512706 0.07085553347533195 0.016878738074471364 0.08583813694013345 0.07323036720271864
 0.04776593010890673 0.043278035425203774 0.023594523199657026 0.03999905142129737 0.016616800071694526 0.06070735684630815 0.02516159210074998 0.04866585232278904 0.030599938139542725 0.07739211525427399 0.05028817467227807 0.02025358437965133 0.015242528609311518 0.019494217130936263 0.025011467191932077 0.043422419110234374 0.013304757192055722 0.053338340722610886 0.006738897660446422 0.038333872490064404 0.07009800450191406 10000.0 0.035933208026238665 0.036346826814100675 0.0326214272743608 0.06554578389339182 0.055003982847518174 0.03255400602450477 0.03577980225159561 0.03617692593856585 0.021130866528581347 0.038044380179293326 0.05748115566415689 0.02623899116641572 0.03914899856581149 0.02975169871040398 0.026490886018948057 0.022692165003060753 0.04543276291529186 0.03277608122362205 0.016180395397338093 0.034238918813719134 0.02656049719762921 0.04113130467964706 0.03923478205017899 0.04532496656826299 0.026661842814192364 0.025961254194405557 0.014765843059160498 0.027946866304356742 0.01251442698941348 0.02429118930212621 0.040114852859536684 0.02432133602404884 0.06636253614900105 0.013015109739783983 0.022041723223856884 0.04765986791936132 0.024744225731330227 0.037416113870501526 0.05207182117691684 0.04791654126251203 0.03797052014701254 0.012429141629588546 0.06598500385474991 0.0352879992415877 0.06738880859657823
 0.07589459216360327 0.04550856826507688 0.05084222668054888 0.05664681106085099 0.04901959361358705 0.0250383420040071 0.016910708456360758 0.04670627643812051 0.04132961321361318 0.05671559027563395 0.05762455314604603 0.038045559044387035 0.04898483461712761 0.0541128279426027 0.05862511006603414 0.014770662222788371 0.04489519102841628 0.030620866567096717 0.040483826953004634 0.04343778171838074 0.04979239555246348 0.035933208026238665 10000.0 0.0060447969583000685 0.06745210582597744 0.04662556409765642 0.04227477760079825 0.0563568313774994 0.01203074445330103 0.07006055815656807 0.015414939892796693 0.03938834833645302 0.022927177159547372 0.018503186343748684 0.030419866040773548 0.04930213999541903 0.061102275041341 0.0510094480760975 0.07191737039268357 0.06836700279956931 0.04845596851010874 0.0617841935159108 0.026849905307933332 0.06275506047647723 0.014924682809486748 0.015056289959105787 0.03862318411679877 0.06182458741942133 0.029528592103753384 0.06257645278318799 0.039617513289237315 0.05546881529742415 0.06600235991591898 0.02270903634623004 0.030596570285956456 0.0312017720249457 0.0536111149479285 0.022033832123156124 0.053883002535269994 0.010102610932951386 0.04904994822130569 0.014170230494735207 0.05887946459914621 0.028750337590194044 0.03843263446031057 0.0681914465877883 0.036645716465620905
 0.07892580939491317 0.050926549792682255 0.04853936122993895 0.05251083035712858 0.05073626596260683 0.026925080265403085 0.021185236903536214 0.04101232724001231 0.045812675247342616 0.06241549671571 0.052437698410731835 0.03517015693638933 0.05037647840558682 0.05339287358663797 0.05745904524439901 0.020558332383488465 0.043728668225540675 0.024908156907203532 0.04161366618860338 0.0485638051227844 0.0555798305317765 0.036346826814100675 0.0060447969583000685 10000.0 0.06864986048740043 0.04082419311193592 0.04831674543191638 0.05976702560115897 0.0061503421605132716 0.07164914617536441 0.015218886449990606 0.03420696187387628 0.026178602570816174 0.023104621880547058 0.0361857965342519 0.05307573288324637 0.06024247850875404 0.05356528601118799 0.07519082128718703 0.06911360214247722 0.04725557800005118 0.05914462071323543 0.03151068379664135 0.05911945612501633 0.008887608278373172 0.010322413654680639 0.03481818913279621 0.06178368212834163 0.03234490997053938 0.06383575535288488 0.04182122512389014 0.05759845768201679 0.06928923557470602 0.027061426356607104 0.03210517521060452 0.029502237400219324 0.05561850396875478 0.027862434293098454 0.05637420192779765 0.0040623394902989775 0.05485597013990897 0.01856159373589381 0.06274460923482217 0.027381866325735686 0.0435668228719252 0.0700732099071845 0.03284602664110405
 0.025335602598604196 0.05418349757419636 0.03850201787319537 0.05750461817079207 0.018911729315921156 0.09131028837845603 0.053338223411505264 0.07550616832794083 0.04194321260578662 0.09640630951664324 0.07184011722920314 0.04634676359477702 0.018492868380956637 0.02395172616994286 0.02654079168209937 0.07173990248768888 0.032039012390605554 0.08545205187822758 0.027051632831982187 0.049412040321578546 0.0897805995741809 0.0326214272743608 0.06745210582597744 0.06864986048740043 10000.0 0.09642672412170902 0.07258532970497134 0.02689559474535186 0.06839690762683623 0.005400244510617162 0.05348753531549281 0.06562883430236682 0.08717738140024663 0.05333976817091006 0.059554276085587235 0.032480356460156574 0.02309360674985627 0.021167846566207398 0.026790981795084195 0.005217780967448226 0.030356586262689455 0.04174296116285292 0.04899079350209689 0.053271862990743636 0.07184792038514967 0.0779038782773497 0.05290241663178016 0.014742904364619214 0.039403926931514725 0.004897533846958725 0.028855570126599908 0.015228287168681019 0.02532293742115559 0.049692799035674314 0.09701852320414818 0.04361797381755758 0.015895624814615934 0.07395915738052461 0.018893411940793654 0.069972789037527 0.0636498398243536 0.07770542114101554 0.03229057237794038 0.04416368076607906 0.09076169732086936 0.008099202211017847 0.10000346691580014
 0.1131137466878693 0.0915666170185605 0.0625108750802347 0.05220073853933853 0.08215422499179717 0.05155314423019232 0.061039185189795675 0.02695171197894048 0.08504188942217007 0.09842127631417641 0.04081165986534365 0.05068727437841234 0.08070483943876126 0.074566220374229 0.07566647465375494 0.059319667356249134 0.06489458184063761 0.016053583249382393 0.07222795465093586 0.08885274394595234 0.09245348224850367 0.06554578389339182 0.04662556409765642 0.04082419311193592 0.09642672412170902 10000.0 0.08829798938706114 0.09590915005765452 0.03605216363957894 0.10079590344731829 0.04962606741105539 0.032840113512392057 0.055789686654453115 0.06321675660805684 0.07700345614453814 0.09047769684220196 0.07955538155130586 0.08747816436141011 0.11032723170678643 0.09492165186905581 0.06739546651775545 0.06837545589081845 0.07141563636601296 0.06110929347464175 0.032258816379175194 0.03235389321660605 0.04484420915769408 0.0848499447825465 0.06883646438734684 0.09228158124324141 0.07572248984718977 0.08980903674580473 0.1046791646756624 0.06670785360096347 0.052929767741666675 0.053085551705951424 0.08757047717503409 0.06626468140220038 0.08988170490830963 0.036895051195716996 0.0956627067527783 0.053866793547662516 0.10005904106741709 0.05313199997968414 0.07735189773401646 0.10048368708170104 0.02490092581488869
 0.06585748625529209 0.020062608368681522 0.07810506305671523 0.09108930809049084 0.05582551360108566 0.045298766198054154 0.03396356470097472 0.0876048037856348 0.030649553911836415 0.023825117983163266 0.09630920977124008 0.06980561824244591 0.05781103738977771 0.0732422397810819 0.07917294769404164 0.029075610759602893 0.06827017556000296 0.07226667678980717 0.05405500570894202 0.023784676622816216 0.01735466906944738 0.055003982847518174 0.04227477760079825 0.04831674543191638 0.07258532970497134 0.08829798938706114 10000.0 0.04814834096150921 0.05412124068633966 0.07203220137208045 0.04775629875250226 0.07878566824000438 0.03884575646329695 0.03177698768015885 0.015999814903170376 0.04077350587199591 0.07962070769684773 0.051434480738004815 0.06064539143395277 0.07622803146040469 0.07116305850284511 0.08911109033059918 0.028479791729050838 0.09456965246561026 0.05719924216524683 0.05594821669788563 0.07354557731874255 0.075693429889811 0.040263531330519506 0.0683733135646577 0.047466871497573955 0.057359889303580304 0.055980005480551154 0.03157091007446753 0.049000859059702626 0.06047398594406892 0.05693723141632271 0.022657859705847883 0.05373397593422113 0.052377115795969306 0.01384627345524051 0.035626124168772796 0.0457639632898667 0.057714112643704595 0.025230515274994675 0.06850197974147774 0.07283925933465672
 0.019989231885182698 0.02852338074212681 0.051725699888873725 0.07057009228345608 0.018591445340853587 0.07647162239879585 0.03959230325966676 0.08116369857924652 0.018723151206689888 0.07161641881984708 0.08235671596542996 0.0525939100124265 0.021321695540490626 0.039530044999846484 0.0448643120727808 0.055218534067923486 0.04155124391625457 0.08196147645108971 0.026226667617196636 0.024363960799896243 0.06549312283138303 0.03255400602450477 0.0563568313774994 0.05976702560115897 0.02689559474535186 0.09590915005765452 0.04814834096150921 10000.0 0.061937895284074326 0.024840765934441494 0.046754524618818405 0.07052939391534323 0.07115423040352532 0.038449709429256275 0.03793063004284203 0.007995692376147475 0.04311998157495522 0.010663181186880482 0.015604807506073518 0.031619889980814636 0.04227260583827013 0.05950956618540863 0.031131420196553995 0.06941021070722952 0.06588936095218546 0.07005196661471813 0.05915534551434135 0.03595061796221984 0.027606478552307714 0.024003647253475004 0.020544132638705186 0.01376265842504217 0.009713688555723634 0.034128060724009576 0.08197565087352489 0.04540633644716171 0.015046627786851247 0.055129595887184094 0.010291526158960982 0.06246977409282342 0.037580645938979244 0.06251351532853762 0.006240354639496835 0.04424832378347561 0.06948732451234062 0.021014649619057364 0.09260239403450805
 0.08055067623692198 0.05554192019176775 0.045017327036471336 0.04730543625595776 0.05121027297435282 0.03146035714549395 0.025016471479769358 0.034867082863808956 0.049317402368157015 0.06856574291229538 0.046485687046274336 0.03130126735233162 0.05052024887561936 0.05135799345060445 0.05493921041983538 0.026692763663750566 0.041392906446185894 0.020586153602614572 0.04164499791402056 0.052810713754840075 0.06172267142987359 0.03577980225159561 0.01203074445330103 0.0061503421605132716 0.06839690762683623 0.03605216363957894 0.05412124068633966 0.061937895284074326 10000.0 0.07177825398649473 0.015467293468872283 0.02830031007685134 0.03152246429388675 0.027169594434145815 0.04138474831469417 0.05570926218974658 0.05799546970877657 0.05487941755529289 0.07710385023354586 0.06839502989984288 0.044828054954617384 0.05520823394451574 0.035418410506728455 0.05429849304096278 0.003985159148529417 0.00971152294032168 0.030054692679479772 0.06033405731365512 0.03433375539142039 0.06368723874859811 0.04294960394214949 0.058417734019833606 0.07125288425726879 0.030754692363097153 0.03626098324469415 0.02699881012391834 0.056331924273965474 0.033991941045703 0.057587909832728754 0.0028475432713178472 0.06004833628958452 0.024492030380271503 0.0653996265264591 0.025315297353650828 0.04962061084156528 0.07052043670108687 0.03169429422542285
