NAME :TPP_input_22_5_1
NUM_VERTICES
106
NUM_CLUSTERS
22
Full Matrix
 10000.0 0.033484973020954656 0.06473607396481554 0.04648586109383471 0.04145557650766504 0.055653285505973 0.05023011347374629 0.018208771792670768 0.06904479666453857 0.010758584472406017 0.04197511123298104 0.030082301560641397 0.03277305760491677 0.03690384400278429 0.053282437898724215 0.08436203049866832 0.08201291109535526 0.09269779401300104 0.052141308522412916 0.020840464510670443 0.06727218570643581 0.018897252011897958 0.018022059814077212 0.015797004665678162 0.0301119569357227 0.06690510307003346 0.055731744402723285 0.0490147776108865 0.03696545991299278 0.06683082801108182 0.07119579761418417 0.04479741460986374 0.017255413879333437 0.022990750757216318 0.015969778904878586 0.08010917816824457 0.049641142225455404 0.02664412154968287 0.042220229743670235 0.029830421749627727 0.028972451252782527 0.025583270174896935 0.06803365301778982 0.03708594736950879 0.04123152157560008 0.021441570841476302 0.0369131557080885 0.04187931973095315 0.055025833316720445 0.03839167777432073 0.019485671584496066 0.03060405328541479 0.01774100523231669 0.033352040553635554 0.05945393101644773 0.03383901516210751 0.05413057389053648 0.06432414210381338 0.045065118472054466 0.006841813355934834 0.03907730465581807 0.015039676555538412 0.07418997899513342 0.032705037953604486 0.03422046966380602 0.05382175233107788 0.06229144341025951 0.0774575915771831 0.03344099105516296 0.030458157452465225 0.018897918399816464 0.04653397716203771 0.06626919145158214 0.04586758604732353 0.011631552898134246 0.06933139768643923 0.061599178057128966 0.055022220869095466 0.07315843119850109 0.027532177134098477 0.06581430008215569 0.008998077179447376 0.02055760885658725 0.02401493496496315 0.03548542823096459 0.04621262497404508 0.051153820245995005 0.025713916887901058 0.04470936448740617 0.03019964727115228 0.03560967657088765 0.05409456000838469 0.04541236617784043 0.04857017714927074 0.04457925108859274 0.018578172287925777 0.02539437905402042 0.07188537470261544 0.030837506686834815 0.07951832142420744 0.0324017530228177 0.03452953904075215 0.0062568748342073845 0.013064291474111792 0.054101659263414155 0.03608228133880372
 0.033484973020954656 10000.0 0.0835716954986348 0.013352451766763586 0.06468235671442793 0.029882172908765554 0.021393530432297986 0.01650556067502371 0.043457489780130455 0.042781654553317686 0.07514363357181039 0.057523271347930026 0.029244661091908028 0.06776351620033756 0.06477588462100327 0.06850382447710927 0.06188276020086067 0.0707148050961263 0.05361115589100987 0.040361176709988504 0.07859745254512247 0.016810367808446944 0.0514687014327758 0.04464734831881181 0.0440346678168838 0.07440193607368423 0.0763063722580996 0.045171715634420406 0.0702795585231505 0.042635794793264445 0.05681326084365801 0.07530741215023952 0.0490651931908761 0.052587198010050726 0.04828469167569004 0.0918498825717197 0.02745945415740564 0.021451249339154883 0.07560964133161381 0.013613952764908153 0.06235509924867945 0.023515428834771257 0.06872465259290683 0.043293820634032434 0.06957834020299429 0.013231837267442002 0.06464094741002067 0.06600768867257857 0.07986306671828484 0.06311510055153584 0.05292894097262183 0.02835474845471926 0.04949116710975373 0.00977717063819664 0.07272139266525922 0.02394247271809812 0.03290329286946102 0.03312890300590986 0.01250475415090937 0.040272498707099 0.006877942847611872 0.027069976271578915 0.0789182772262953 0.00511564381222127 0.06419147073429851 0.07499951701057408 0.0393305885650387 0.08720446656301871 0.06082383620728413 0.029189277565922475 0.016653465938736924 0.04908248999228594 0.042521190027873156 0.06624308260098319 0.04491093021953683 0.053936153522157276 0.06043839825330979 0.032226776976670334 0.08470535039003484 0.05694775752575527 0.04145302324411595 0.03552214123341735 0.024264212100863627 0.053946698752376995 0.0684201515457711 0.06434739008349843 0.025885073473327157 0.012372931301031469 0.029950647440227983 0.06304786698078516 0.0673410203248594 0.023547946279313 0.07856323435420094 0.048546278199796455 0.0666363165523667 0.049994402162471016 0.0584499215847185 0.05377039362247263 0.04772501755260631 0.06742317644062278 0.021280937270285686 0.02295236404087562 0.03457669840434757 0.04469377339105634 0.022615729774029703 0.052759677342613935
 0.06473607396481554 0.0835716954986348 10000.0 0.09076445011271288 0.023959130430988143 0.11300211559042783 0.10493930388111286 0.07712781861459879 0.0883333205797266 0.06777404893644762 0.06936397120289166 0.036990314676949826 0.05624664230047517 0.041002465725808256 0.022431792471232437 0.07813763652958153 0.085050513981742 0.09535459641895289 0.04054875479613212 0.04565410460527733 0.0184551753576341 0.0685587487489079 0.05869000861829973 0.04950158713951655 0.03962733887033965 0.026868822726512653 0.00941311056649846 0.04975996231835116 0.06590193209789336 0.08464699400596813 0.06931567623632043 0.038241523644631265 0.05180284231202938 0.04466132078682566 0.06776304117655937 0.022459928349628348 0.1089668075804758 0.06233742641905933 0.058019209198561406 0.08881721094160709 0.06316048355953147 0.08886900887404962 0.0408311356530827 0.04173008337688438 0.03203648768332721 0.0788671211891399 0.032853174052231426 0.024336976741123423 0.017950139643528804 0.027739119103683155 0.06157900433031005 0.09462661383466382 0.06968552517418847 0.07579236819134967 0.01556088610902056 0.09635997877967259 0.07499246971688163 0.09718462508790923 0.09543738232951683 0.0633390264174088 0.09040597328039505 0.058754318019238354 0.03401951100165551 0.07924314480683237 0.039161897470661976 0.01159045370956204 0.08047296138053005 0.024849481005783425 0.03451443959646251 0.09464194301106577 0.06878763785582569 0.040949721758770916 0.08358587520262473 0.018873110514468844 0.06371864768174271 0.0704033966059568 0.043840963829138276 0.11429017398292073 0.01925587454707504 0.041454257715260893 0.08444635724640176 0.07277944458063255 0.08422723661687244 0.07581921433184656 0.05170653306820099 0.01941538116951354 0.07985109737964687 0.08403081302617964 0.10688784948304804 0.06829091037269969 0.044742381201783823 0.08948633495083262 0.07091555446095019 0.0440785307303618 0.02047016238479871 0.07072732974974932 0.06586297156837186 0.07621087397761568 0.03637474470091453 0.06860683940781734 0.0942643583133706 0.0640075642706657 0.07034529439115043 0.06897776420268678 0.09138936824578069 0.031016092228411164
 0.04648586109383471 0.013352451766763586 0.09076445011271288 10000.0 0.07402551288238561 0.028901202347910732 0.01971379642096804 0.02985771588358212 0.03381565062637731 0.056050087695295875 0.08833418276725004 0.06837468624467323 0.034556506474820795 0.07939571449582332 0.07032115856344431 0.062448301870335836 0.054083313172980284 0.061622184967197825 0.056424426269043274 0.05047542049749893 0.08332062184825158 0.028611152444500094 0.06434581313320535 0.05639764856971649 0.052239562515628314 0.07792353120133855 0.084344946620024 0.046872513507998606 0.08341132947954655 0.033929643747363264 0.05224623990466219 0.08670333928299018 0.061340695664884266 0.06418774278152524 0.06155888501134933 0.09620205959686311 0.029874935700013913 0.029171578162244794 0.08835445372821796 0.024708150441340407 0.07544567538739518 0.03537521787234698 0.06995202630592567 0.049169991531447875 0.0803444117845538 0.02657056223826125 0.0753423801568095 0.07557181853248363 0.08921867448243855 0.07297198997759702 0.06597135227533919 0.039186151252405016 0.06280697966031432 0.01564720097958634 0.0784237835573692 0.03352297839876361 0.027555163527115057 0.02048256691762578 0.009191109570407674 0.053316529492847514 0.01090155117092137 0.038091650680941266 0.08114877937999232 0.014093704023478319 0.07559518291172981 0.08328608045818192 0.031769623283320024 0.0909800073932926 0.07154234100128981 0.04010861898274428 0.028512622890925488 0.05283610793991028 0.03410439537981451 0.0746346472252459 0.05802466728587338 0.04910783943499636 0.06153914339022543 0.03309175486180966 0.08924819274271382 0.06836521349420939 0.03275654201897354 0.04887320563299463 0.03698216643300046 0.06729576697011122 0.08087764672479304 0.07212706490983671 0.019186088663560297 0.025030998214347188 0.036019764255694295 0.0762964529381477 0.07929210141236276 0.01223173701517717 0.09176154572986288 0.051362875616044926 0.07553627962642429 0.06332586794150438 0.07165179338622658 0.047548283087961385 0.05635931720944415 0.06319849012570235 0.031215058180645645 0.02688978508437219 0.04788978880962147 0.05799684590563926 0.01041164615471063 0.06087688679697613
 0.04145557650766504 0.06468235671442793 0.023959130430988143 0.07402551288238561 10000.0 0.09290819153978315 0.08555046139869478 0.05558123702529421 0.07981181922621815 0.04383632906951966 0.04881224181014823 0.013109717685647315 0.0413857260310927 0.02050303467457803 0.0236482184075433 0.0787097310959442 0.08243833845423001 0.09359458669902376 0.03716079918013748 0.024474905774828776 0.0328559246116743 0.04840828263770715 0.03488138538092792 0.025853409022064382 0.022274270348416926 0.03712901132423885 0.014600364512074228 0.04286866257862476 0.04459383931431233 0.07635990218064208 0.06719802801889474 0.021843004649417835 0.027845000752927906 0.020711341703339006 0.043845404028985624 0.04322256029026579 0.08813057669306464 0.04486618240111181 0.0388045393176502 0.06768394975503476 0.040540250564078444 0.06637763395550976 0.04640840128027361 0.02936260409553458 0.012978670259732063 0.0577703890759723 0.010758834958413458 0.0021806453533446965 0.015216885622282912 0.004015837283148214 0.03788145553425057 0.07185376010026705 0.04580194663026796 0.05841298207444457 0.02481520613056033 0.07423072690106933 0.0646084125841227 0.08452007727524602 0.07707991283578135 0.039519843525844846 0.07153862403916816 0.03806259045691357 0.04577899284781781 0.06102558961743308 0.01723074862258087 0.01253379756079241 0.07166542308226599 0.042818415445438344 0.011052718831404596 0.07178363094277672 0.048613138040440394 0.03421383708873068 0.07538928915419209 0.006743332130339586 0.03976118222921496 0.06718103838601583 0.04489514029436498 0.09354550272916919 0.0373819940096167 0.017747582820285476 0.07584262039640005 0.04912631018005284 0.061544781156920546 0.05209217602478197 0.030896969490062567 0.01055764503962178 0.06725045824325639 0.06292942845805222 0.084986209185933 0.0456018185373925 0.02393534816823449 0.0754806876125272 0.0509880900799996 0.03800296632556083 0.0036278843191689925 0.04685852287148726 0.042655544924270365 0.07230120910556073 0.01789576234665496 0.0702807263893858 0.07234559433458367 0.048902183501851965 0.04678640745800859 0.04501905516887755 0.07689670385215941 0.014699099924417855
 0.055653285505973 0.029882172908765554 0.11300211559042783 0.028901202347910732 0.09290819153978315 10000.0 0.009271127606351386 0.03806035593205545 0.06060958933829167 0.06153108819763944 0.09257715101694884 0.08408475355638423 0.059062886724402075 0.09248582530579479 0.09464469891498813 0.09086959787573495 0.08170060298989519 0.08792978174868474 0.08307734765683701 0.068457468964625 0.10847650414923296 0.04463289491913246 0.07265874410183831 0.07008550183838023 0.07337533722798525 0.10413341411613788 0.10536259860154056 0.07414561646624367 0.08854957437007868 0.0615096352222263 0.08109605066342801 0.1003485665358024 0.07287047819695434 0.07795248903442382 0.06639046560042972 0.1217173417672225 0.007431243757757913 0.0512935349412232 0.09625921228074324 0.025904573275733606 0.08141493996294832 0.03221591545544324 0.0976436005931988 0.07317206946623757 0.09594580002987928 0.035395514395065004 0.09123368518109745 0.09399819290540286 0.1078555028709737 0.09085159168295324 0.0729737582002482 0.03094881527637825 0.06670435331094163 0.03903910153759292 0.10256602216966182 0.024518623226798743 0.056444226375361034 0.043582856955756415 0.0202703471571277 0.061397932949613584 0.023453462675394665 0.05486999488611722 0.10829908746713954 0.034742720306864636 0.08953535758803215 0.10391448503670353 0.06007697809598761 0.11700394606739503 0.08749344154465107 0.03178866942029726 0.04441549955978242 0.07877303357692778 0.061873502683050294 0.09518076673847253 0.06506658736423004 0.07793704615368029 0.08925181242422608 0.0054351793586046365 0.11457992920210514 0.08251638448406635 0.060394637772103174 0.05307243939795314 0.036870289128832015 0.0684013988554296 0.09063596718414392 0.09364383525691031 0.04804386499440105 0.03039580381746639 0.017153663393612323 0.08040215732677017 0.0912599463820766 0.03955403577994555 0.09575527016683161 0.07797914633072302 0.09520894400049706 0.06673914052062449 0.07668876758082739 0.07606430223266665 0.07677892648700989 0.09205617439242729 0.024587576071608806 0.052359114105771244 0.05362131152399976 0.06265947316351628 0.037007890376203396 0.08201658236272018
 0.05023011347374629 0.021393530432297986 0.10493930388111286 0.01971379642096804 0.08555046139869478 0.009271127606351386 10000.0 0.03209583401883212 0.052164648432611226 0.05731849298861612 0.08924209552421629 0.07744243745324687 0.05028103307117838 0.08660787688511574 0.0860696265657809 0.08194966808214772 0.07307000815766022 0.07974536535866332 0.07404011482304877 0.06108637269904393 0.09976356647864112 0.03715012183517918 0.06785427882222445 0.06378372151640588 0.06535729699457399 0.09520710988105369 0.09755850612103108 0.06500041238985156 0.08489860260751775 0.05283751526514925 0.07195649653940148 0.09438512215614615 0.06717938061819932 0.07174173749898466 0.06248303834203189 0.11295108194349449 0.011250050813015767 0.04282028090650371 0.09187071162670173 0.020707179836019707 0.07742544707750663 0.02938135872031873 0.08846357364658246 0.06457283600719674 0.08943233272585374 0.0290616923515105 0.08460888946345718 0.08675851379601676 0.10064086016763306 0.08372450455292961 0.06855144397123365 0.02998005549787266 0.0630857552466925 0.030131180368638207 0.09405089846469963 0.023202344211338058 0.047268314506212834 0.03581286092565626 0.011002538576655427 0.056430546611245636 0.0146651801829009 0.04753171116714862 0.09921002913010499 0.02601807945458081 0.08340363116220259 0.0961964952086204 0.05116682953872787 0.1081296467366516 0.08082164973756248 0.03092208909010371 0.03694938212684158 0.0698457079836284 0.05314419150143373 0.08744074188188317 0.06048027551814953 0.0688120672714336 0.0800634565332599 0.013465116820869085 0.10584127516690058 0.07625853923528988 0.05170053880352905 0.04899571663824714 0.03334596387167565 0.065685576141778 0.08565984975872061 0.08567265650581246 0.03889402867251858 0.024516520583374175 0.019975652283933512 0.07695831690177432 0.08567529460900379 0.030780837436827004 0.09252909473897866 0.06893781220269722 0.087675338233924 0.06326914882235618 0.07290788269203456 0.06709471086434467 0.06894577686455769 0.08291077900173117 0.02223562268865568 0.04338010308322878 0.049107202958557146 0.05871839512754271 0.028324088755522493 0.07406335920941674
 0.018208771792670768 0.01650556067502371 0.07712781861459879 0.02985771588358212 0.05558123702529421 0.03806035593205545 0.03209583401883212 10000.0 0.05753361540927835 0.02652854189270363 0.05897164044474298 0.04608488837524187 0.030620555681390903 0.05458411440857092 0.06148823445156243 0.07863185904549738 0.07385212552233682 0.0836363800621706 0.054773372381279474 0.03154146033086651 0.07581148590208006 0.01076334189670728 0.03609549375718373 0.03202517406919968 0.03829594553084195 0.07339646755018411 0.06883377002456868 0.04850931769329355 0.05423471293170969 0.056062925602560654 0.06596423330422217 0.062404440362890876 0.03509021521014296 0.039902974640489856 0.031994351175662294 0.08912793568730804 0.032673161342593494 0.02181211670427439 0.06028089277072296 0.012233856957282676 0.046424033402222044 0.013362796208274482 0.0708931237247537 0.041324492349681746 0.05789536654763091 0.0033742014628526345 0.053215587884175346 0.056485433462241365 0.07023805917768879 0.05321423786928967 0.03716399343700865 0.019667151595552445 0.0330912046169457 0.0201694219766958 0.06881846128932981 0.01948759925056403 0.04453216157230144 0.049303773002315136 0.027121912310025004 0.024670215970926317 0.021214071930639258 0.018524940964173994 0.07939051939630525 0.017530440530350536 0.051513358577065564 0.06719169593493697 0.05208390795617272 0.08538779651088578 0.04949991230438701 0.020092300166172875 0.010535379068777584 0.0494304255806616 0.05573815312023398 0.05861576542275786 0.02905307022628728 0.0634902368022114 0.06322599377402152 0.03810644367784666 0.08194586800480676 0.04446201244336851 0.0549280612469575 0.019026896982186438 0.010772318923049525 0.037444251138440215 0.05369419501979959 0.057769696080452376 0.03926291357067586 0.0076821339175263135 0.02977299419133552 0.04678064804258531 0.053582644596383164 0.039375246132688044 0.06237035987846526 0.0501600781704916 0.058178653842430685 0.033552762778294366 0.04229628493761856 0.06462562551327307 0.04088115366044485 0.07575656719862364 0.01720604788124725 0.027996986872273515 0.018226291696544515 0.02833746579128696 0.03878569739173587 0.04636233954262635
 0.06904479666453857 0.043457489780130455 0.0883333205797266 0.03381565062637731 0.07981181922621815 0.06060958933829167 0.052164648432611226 0.05753361540927835 10000.0 0.07977521586035272 0.10950500879057762 0.07970614281382098 0.04065492569817727 0.09250448704882948 0.06590270340162172 0.03177588132916817 0.021278227873030457 0.027807922330473276 0.04787243860808879 0.06237546070795215 0.07490841385658432 0.050623036385912416 0.08447974331117578 0.07240449637826486 0.05857618770461757 0.06706954046406412 0.08501928021683766 0.03866176570106442 0.1042230918931887 0.0037037085036454244 0.02621478952616453 0.09830444486579 0.07879434599239242 0.07866281252068202 0.08499208426581574 0.08552242467065431 0.06311255298706708 0.04301419887454589 0.10616884414694026 0.05691540521980363 0.09630456860095074 0.06694899493345371 0.05451814128711199 0.050450642155506174 0.09012378886485155 0.05496814162165525 0.08538451736712974 0.08185927600930551 0.09346206443075915 0.08049100743782868 0.08704933597282036 0.07172521342362437 0.08678185906336044 0.0373809639684606 0.07323405177690052 0.06671344001594921 0.015806684022256358 0.018169996775845236 0.042815788501289025 0.07542422595844586 0.04420554623507067 0.055421958861989175 0.06662756118362313 0.040379858997867425 0.08814599523134588 0.0848081652182261 0.008147251884011022 0.07928881054023612 0.08205386848308067 0.07258522952365463 0.050687704014394645 0.04768519065352604 0.004777339216278199 0.07748823753335896 0.08020914942444687 0.023233397660635213 0.04739534819055801 0.06550946262559212 0.07971549179364668 0.08169491054831333 0.003976616344610021 0.07466466861642035 0.0671711492875452 0.09273367487748643 0.09754604610673985 0.07355793424169133 0.01829588836314549 0.05566641860146408 0.06982591634999245 0.09862966020348171 0.09372899346128505 0.021658196963755608 0.11288455242673001 0.0443207813256753 0.07978701156799431 0.08759150265618344 0.09370533696562187 0.01860769334107343 0.0629191435486603 0.03603863797725738 0.06421255275563058 0.035410421109313264 0.07280789545709161 0.08204620418316019 0.023915725754734288 0.06511633901668397
 0.010758584472406017 0.042781654553317686 0.06777404893644762 0.056050087695295875 0.04383632906951966 0.06153108819763944 0.05731849298861612 0.02652854189270363 0.07977521586035272 10000.0 0.03244365233770121 0.031057040420359557 0.04314220555932374 0.0339811417463548 0.0595108820589161 0.09472399707737975 0.09266907169893057 0.1034030454464826 0.060842070353985755 0.02801311579159058 0.07291435677592947 0.029406905830605328 0.011834539275193706 0.018881506124277428 0.037593788854797756 0.07365598931604751 0.05843668234262883 0.05868953878449002 0.027764266482320214 0.07758402742616556 0.08154410314517829 0.041711837732378694 0.016160290239970027 0.023294640379039635 0.0055101974818299706 0.08520580464888171 0.054877036402310925 0.03737086073126994 0.03472949453569947 0.036616810592314857 0.02011670407313351 0.029579687027686354 0.07632329773966778 0.0457612859161706 0.040306971705982436 0.029902714777043326 0.03685269147809416 0.04372285845994689 0.05557753944389937 0.04021052455226218 0.011480746475170696 0.032992508095798755 0.007022400796878085 0.04372170924286268 0.06480657149729033 0.03786985583812722 0.06488888041918484 0.07454746406271855 0.0535953094678778 0.005565665660774975 0.04773022712845433 0.025495529445441492 0.08141206363567376 0.04264846953384401 0.032481171572245636 0.056352597091245606 0.07304971194947017 0.08324088865402622 0.03402044802285044 0.03254210740403624 0.029383303773126004 0.055303601671186656 0.07702586608603168 0.049297032950375554 0.00436778540618375 0.07977738347459047 0.07042940580450337 0.06004783656504861 0.07852578810094915 0.02718802618807763 0.07656417525890731 0.008462798606694091 0.02470376680761465 0.013381446710733378 0.029574493270880495 0.050579488568912465 0.061822585534677746 0.033262648664550254 0.04834429583858227 0.02027139300584109 0.03171713117666997 0.06435257168653025 0.035842147185334586 0.05769378972939232 0.047305630038127905 0.007821500273202326 0.015783169931358396 0.08248589500460198 0.037242103854911356 0.08955563970291486 0.037129419881458035 0.04525891079058964 0.008334951734941235 0.002331587278162855 0.06420159747600478 0.041927814596541664
 0.04197511123298104 0.07514363357181039 0.06936397120289166 0.08833418276725004 0.04881224181014823 0.09257715101694884 0.08924209552421629 0.05897164044474298 0.10950500879057762 0.03244365233770121 10000.0 0.03798947569638405 0.06990617755144493 0.0286606645580172 0.07161646890431371 0.1194107904543724 0.11958254525392706 0.1307358535451417 0.08026259898511401 0.04925512762320008 0.08161923952184785 0.06072734795825877 0.025033596744545132 0.037958210159521805 0.05693224084261602 0.08569853736000749 0.06064235402450499 0.081640574259145 0.0053127244380440425 0.10690317785650286 0.10648928291491815 0.03163221817965767 0.031293290432889594 0.034053614859031564 0.027006179894695618 0.09104350882119418 0.08552744468244171 0.0665116268443705 0.011983855174151127 0.06866770673488264 0.013227178349860898 0.060393615124681076 0.0931452977274282 0.06675881253525065 0.03749166470840415 0.06234570794613565 0.0380774699200041 0.047296594897215084 0.05212889629036432 0.0449707250972032 0.022678070756448926 0.06221736458657448 0.026178264418338808 0.07521638588018269 0.07362708272813873 0.06816987767147709 0.09396051204891506 0.10622373945563957 0.08602502605667826 0.03514197836108655 0.08017256676290102 0.054119646193499314 0.09430804079762263 0.07467104396171355 0.03158494119452984 0.058481621816727045 0.10216017720772495 0.0913927748385165 0.03835876766817171 0.061521893664211576 0.06075192502950941 0.07547219205538189 0.1062100205974852 0.05555153188784366 0.030352872121776092 0.10535588114465604 0.08952827267726458 0.09037553940945565 0.08581381545701243 0.03353446922861519 0.10598797280480292 0.04039288970665916 0.05597849777976267 0.024531900566247312 0.01795719660793152 0.05907810745637597 0.09224746363428973 0.0655961719652608 0.07771349052058026 0.012291646648604545 0.025006726971763593 0.0959862104534393 0.003438222612034632 0.07878553285724185 0.05217404009796604 0.025974201548244296 0.016694574661240604 0.10908758323097179 0.054147694502785525 0.11262215150540454 0.06800408815518855 0.07411740936350163 0.0407647284011605 0.030727199137292965 0.09606274396018939 0.05629308585986079
 0.030082301560641397 0.057523271347930026 0.036990314676949826 0.06837468624467323 0.013109717685647315 0.08408475355638423 0.07744243745324687 0.04608488837524187 0.07970614281382098 0.031057040420359557 0.03798947569638405 10000.0 0.039260963841451835 0.012951460837603975 0.03380301644096054 0.08368226359143416 0.0856459526238485 0.09692986132191153 0.04302909643797869 0.01821388625420965 0.04502974011858281 0.04073010067425107 0.021772602058037445 0.014347080333323369 0.02160838106217793 0.04809391168501652 0.027585246011446986 0.04612216777922418 0.03327952934202983 0.0765274415174747 0.07127532828055327 0.018829189101052614 0.014918382134773454 0.007762978024651984 0.030772752561212754 0.05607897185270525 0.07871241801120993 0.040099108556608 0.02967418934683294 0.058317351582788765 0.02820895036631638 0.05559007556990765 0.05518836596767912 0.03115459641449073 0.012055196789670293 0.04869581577150131 0.00716661203697471 0.012712510529298589 0.024998215764630835 0.009252303515587035 0.024799555643103762 0.06067861932696415 0.03270559748549556 0.05284411742363021 0.036807067664211414 0.06373389846914107 0.06396909105882977 0.08155569369545648 0.07002092672572645 0.02712791534209478 0.06418831894727636 0.03049557778888816 0.05661719678083957 0.05460471058258174 0.008539262052317394 0.02544554936221129 0.07170258330568231 0.055227963836333556 0.0034173365402428257 0.06051029137617775 0.04089811476992339 0.03874094080055597 0.07565079284490402 0.01933896291599835 0.026873405017977376 0.07067493270756461 0.05197362018134129 0.0841450118987738 0.04996735333924159 0.004821693794009703 0.0758341079087481 0.03697577483675417 0.05060423677864129 0.03899146461197949 0.02088299908012765 0.02191746608617581 0.0649657877928816 0.05370560620986419 0.07459869613768297 0.0331368796151986 0.014983465570324409 0.07185795164296181 0.040593574308986725 0.04233315613547291 0.016717197105682143 0.03375668011372124 0.029840907088929516 0.07518722012995727 0.017743186364027823 0.07610095160119744 0.062094587993734456 0.04585115671120399 0.0348315016061573 0.03209894460509919 0.07287035613178826 0.018587207797055014
 0.03277305760491677 0.029244661091908028 0.05624664230047517 0.034556506474820795 0.0413857260310927 0.059062886724402075 0.05028103307117838 0.030620555681390903 0.04065492569817727 0.04314220555932374 0.06990617755144493 0.039260963841451835 10000.0 0.05193333707447535 0.03597269495851431 0.051601495301231357 0.04996517587777078 0.060981359150933306 0.02479015734403667 0.021724529066696224 0.0494872284484115 0.019883774650211763 0.045190163664905955 0.032135387814167866 0.019132689790123097 0.04517342507371578 0.050180020527766 0.01789860513423126 0.06459345319420098 0.037651989061644846 0.03842837988274209 0.0580259117487009 0.0387090069798958 0.038036261433570355 0.047674499776538475 0.06267462776019839 0.056538789333558666 0.008913946002129546 0.06569826693071139 0.03874860190308272 0.056899883786963784 0.04391029406572338 0.04059891442292184 0.014623420375949396 0.050217116197584975 0.030333875326701266 0.045323604916208036 0.04321764440742126 0.0562078355271873 0.04123406734143113 0.04810498244047439 0.050180588393105796 0.04975078512790528 0.020193176993647893 0.044041337262869046 0.04873426444148954 0.024850386427088287 0.04314667857664275 0.039980035486969975 0.037961081134007986 0.035651221259794384 0.01773338314468538 0.05001901343978609 0.024320683745015236 0.04760799847300777 0.04929708662829849 0.03282163689031908 0.05796082735537333 0.04181499486188665 0.05066344506205767 0.02010417771927726 0.019930409926166813 0.0368473682954629 0.04085585103813735 0.042363213453194416 0.03663932926155602 0.03270672171835267 0.06143890777774672 0.0555602441508669 0.04105136555813125 0.03686861390423742 0.040687417313407664 0.041164591684425336 0.056519228072165965 0.05698517694183164 0.03793080705526553 0.0259972512600489 0.03454925300074801 0.05743850391682799 0.05987379288760938 0.05307775197050411 0.03417855349773407 0.07320445954336094 0.01988982831999038 0.042263116838293244 0.05073481343795593 0.05498744459054606 0.03959206695720566 0.023557821958803796 0.046928723402954516 0.04609132310472806 0.00779508942679099 0.03818222902301558 0.045468391390430726 0.03574662446998798 0.027189703674149242
 0.03690384400278429 0.06776351620033756 0.041002465725808256 0.07939571449582332 0.02050303467457803 0.09248582530579479 0.08660787688511574 0.05458411440857092 0.09250448704882948 0.0339811417463548 0.0286606645580172 0.012951460837603975 0.05193333707447535 10000.0 0.04396458734536406 0.09635674178406664 0.09855958678663267 0.10984188211379446 0.055318445052601174 0.030431575674363828 0.053075144490584536 0.051041620589752174 0.022346861595073785 0.023116466401823046 0.034559007214502724 0.0576313593769615 0.03206778189540763 0.0589579801736301 0.02491675629778639 0.0893680121588451 0.08407795233331707 0.007905228476062095 0.019648687242626167 0.015214734618399792 0.03154860921427248 0.06241157271192371 0.0865448941505754 0.05200615674130551 0.018303701986596754 0.0665935589253414 0.02272603793949794 0.062096825630398055 0.06636752980637987 0.044050605155329006 0.00896668151907135 0.05754669903968114 0.00982087884180984 0.018805609997737446 0.024637998954434526 0.016925741869312855 0.024088545989926942 0.06640342330437127 0.032865598339321615 0.06413461485941126 0.045194965531874534 0.07046185577384614 0.07673321338471424 0.09366165985636705 0.08012602725951799 0.031910106284010864 0.07416893234193356 0.04132165139515613 0.0662807718853181 0.06538617728448388 0.004412541849648064 0.029886427648800628 0.08453763413406529 0.06275568668746599 0.011454517549691429 0.06606402414327714 0.05117702062886136 0.051321249495030204 0.08850396438871501 0.02716561867828841 0.029649610353832016 0.08354728653315181 0.06392773680343529 0.09192271296152739 0.057160827435289864 0.011147062834633719 0.08865411421795108 0.041610672291463965 0.0570312182793541 0.03749726368736316 0.01075587647115948 0.031012070208493548 0.07737845933393143 0.062254723800838026 0.08126596378917053 0.0278032042419762 0.003740176707143674 0.08378849854595778 0.030618045475416765 0.054982421316371405 0.023687151532280938 0.03367682601671601 0.026288217977968032 0.08811330109868577 0.03063552613886345 0.08856109396469183 0.06920430635898839 0.05822902101781966 0.04009947453566097 0.034151804478942116 0.08463222395757562 0.030847914159608004
 0.053282437898724215 0.06477588462100327 0.022431792471232437 0.07032115856344431 0.0236482184075433 0.09464469891498813 0.0860696265657809 0.06148823445156243 0.06590270340162172 0.0595108820589161 0.07161646890431371 0.03380301644096054 0.03597269495851431 0.04396458734536406 10000.0 0.05783012385392932 0.06357367209456301 0.07424766988177922 0.01819914522743104 0.03244506148948588 0.01433186502393977 0.05161141260567503 0.05368927655744971 0.04080550601556343 0.023586755098607536 0.01443342741692367 0.020493472258023848 0.027347252508248786 0.06704006905340744 0.062217775076456705 0.04782452265817013 0.04529534615117375 0.045632016883532814 0.03956601201145675 0.06129997588091409 0.027641757320136726 0.09147036324210174 0.04335536586859736 0.0622294932936009 0.07216834430796981 0.06187693266693602 0.07434718127551912 0.022965201949500542 0.021496897079088712 0.036570867664828144 0.06253315500635175 0.03414415674457157 0.02562038122466485 0.031198559846972455 0.02703885461030822 0.057029473102081646 0.08050819139396181 0.06349811519504063 0.05612256898279636 0.008106174377213705 0.08095528881438542 0.052705910356864984 0.07513667490362237 0.07593244965926867 0.054207369092261155 0.07140453778839245 0.043161368402113216 0.022834127279401723 0.06005304129032684 0.04029721274789645 0.02107459414996007 0.05804544164338101 0.02423865063884572 0.03327947240302097 0.08071542980287147 0.05185341910956831 0.0186767656954098 0.0611575557071621 0.017508637778498405 0.05623533117367734 0.04860086277706947 0.023036734917844755 0.09659677141820443 0.020457757890885074 0.03851615182148088 0.06201457659709252 0.06217564921035191 0.07025923571369011 0.07047240701661404 0.053965680840025086 0.01313242461325915 0.057946209446158164 0.06750139765962597 0.09086328180120536 0.06667099747973582 0.04720774656945364 0.06787249380177003 0.07403718365783751 0.021667153716408167 0.02107088179794973 0.06462622522404905 0.06295139149515537 0.054296526290337974 0.02248614978884951 0.048719513262050956 0.07857256615857756 0.04345389129060394 0.05947633131038282 0.06129330982641178 0.06991917072154191 0.017586371896541136
 0.08436203049866832 0.06850382447710927 0.07813763652958153 0.062448301870335836 0.0787097310959442 0.09086959787573495 0.08194966808214772 0.07863185904549738 0.03177588132916817 0.09472399707737975 0.1194107904543724 0.08368226359143416 0.051601495301231357 0.09635674178406664 0.05783012385392932 10000.0 0.012047899125996037 0.018246784553603006 0.0415490104949453 0.07023872767013643 0.06087628754909363 0.06906928652225124 0.09566809405847859 0.08168882552004099 0.06269972408611989 0.05203057489491395 0.07827276570334013 0.037819791335209685 0.11416879878712168 0.029847953997027048 0.013180785460298846 0.10011356840442712 0.08833436988975162 0.08560224584043111 0.09912593147711668 0.0676640191993034 0.09231364290652641 0.05847277885492571 0.11307853925219317 0.08192010269855989 0.10695682686818526 0.09051143510003201 0.03761387795135814 0.05284003473498891 0.09119914779426072 0.07698727236825201 0.08734012048403633 0.08088799131083031 0.08895351676017102 0.08087658133095776 0.09880911232992559 0.0961841887338973 0.10124458240696217 0.05984261835992366 0.06277303969135585 0.09241246424861584 0.035673056803093905 0.04990687905387671 0.07161930836412711 0.08947165294795356 0.07140823682597627 0.0693267858737149 0.047729761395297124 0.06410675936340567 0.09202117134478024 0.07890136952759441 0.03079408626038209 0.06124054765386256 0.08492562870804458 0.0969132266484603 0.06922765755828945 0.045047851168916575 0.029293258470480126 0.07404589769549166 0.093731823394343 0.01519860139221896 0.034802498524897724 0.09541258281399051 0.06377198556930967 0.08716112965854556 0.030854291345931394 0.09202397146439252 0.08930023395702441 0.10808975232197635 0.10415105825785004 0.06951087439818505 0.0435089352964728 0.07934387105158584 0.0976492501540412 0.11049170651421908 0.09866565806406524 0.05134126405935905 0.12251192626608687 0.04137505026039761 0.07725780057788628 0.10225218049278843 0.1057210960294281 0.014917998715256545 0.06604451296933103 0.009713753057076542 0.08972087608592783 0.05103747142817016 0.08961431792113299 0.09704591841712512 0.05393713552511259 0.06558758429945108
 0.08201291109535526 0.06188276020086067 0.085050513981742 0.054083313172980284 0.08243833845423001 0.08170060298989519 0.07307000815766022 0.07385212552233682 0.021278227873030457 0.09266907169893057 0.11958254525392706 0.0856459526238485 0.04996517587777078 0.09855958678663267 0.06357367209456301 0.012047899125996037 10000.0 0.011284345087867645 0.045942678348419225 0.0704600977149504 0.06878783100138476 0.06518189217304601 0.09509705821230993 0.08162639608466785 0.06410366386956388 0.060083398699593324 0.08400027151184228 0.039762898220212915 0.11427944467155138 0.020235011276268016 0.015762028894962064 0.1031110124844864 0.08828925796431875 0.08649541216860816 0.09744745611835709 0.07693761680768565 0.08382313872096138 0.055429909543713005 0.11433234823469539 0.07549100388428477 0.10672491227382168 0.08481648459573575 0.04585130071172335 0.054510692058216695 0.09434585056226091 0.07179682926369745 0.09010793880442312 0.08460941914966391 0.09406062946907306 0.08410623032366915 0.09805674956096534 0.0901306228229595 0.0994597782080707 0.05411451004589877 0.06949393140023336 0.08575062088977833 0.029377474202246994 0.03934423809820015 0.06325023468509743 0.08770137754592876 0.06384318422739858 0.0672204673521403 0.05699187436819042 0.057966201957233704 0.09415567216199437 0.08434556465373436 0.022619968949115762 0.07048288675695123 0.08731802829996262 0.09092538764443671 0.06530678897155257 0.048225839902094114 0.019984630267400556 0.07852524701044929 0.09222692455786964 0.015263921269180726 0.04122775223730381 0.08649332873228925 0.07237470541792494 0.08863114424209521 0.02138181389604341 0.0889676493518655 0.08422153937231035 0.10601759560429437 0.10542677561044618 0.07410931062153234 0.03606145117633926 0.07347626803062397 0.08995092493050874 0.10982588332464517 0.10049758129010529 0.04230150674227528 0.122815866000789 0.04443701168071015 0.08147293084612009 0.10039963800138677 0.10494743598349905 0.010520878263780984 0.06792410536827258 0.019895183302233988 0.0831291863376451 0.04759946304707286 0.08674973220041617 0.09499929835463489 0.04475109053117912 0.06843777251844294
 0.09269779401300104 0.0707148050961263 0.09535459641895289 0.061622184967197825 0.09359458669902376 0.08792978174868474 0.07974536535866332 0.0836363800621706 0.027807922330473276 0.1034030454464826 0.1307358535451417 0.09692986132191153 0.060981359150933306 0.10984188211379446 0.07424766988177922 0.018246784553603006 0.011284345087867645 10000.0 0.056886665060135864 0.08167424147897301 0.0785759401954617 0.075431650069651 0.10616289409978936 0.09279096926811273 0.07538714286233836 0.06976917474497012 0.0947285366709512 0.051011852004448466 0.12542876860043556 0.028091814633232844 0.026539925346604477 0.11435927593907076 0.09944621739869929 0.09774756533304226 0.10827011905195066 0.08583865346253798 0.09079686442754754 0.06605736429887178 0.12559337765604278 0.08429730921320998 0.11783113700072376 0.09401742574895745 0.05537304168451162 0.06579201714848681 0.10557756693982925 0.08138722209681955 0.10136542095978408 0.09576914147561096 0.10497287148948334 0.09532264391587644 0.10908464694771283 0.09906953490930348 0.11024987151504133 0.06361445084032345 0.07984233981835473 0.09430287250982244 0.03917847019788568 0.04446563490285888 0.07061308737621158 0.09852610951265603 0.0719300371790071 0.07803608256079853 0.06587529145597161 0.06716691898484096 0.10543851646864415 0.09515591990792537 0.03160514481627169 0.07940206699688693 0.09859277976700927 0.09990163066899325 0.07554219345973594 0.059384987095585116 0.028198595596227217 0.08955153990867448 0.10310527626752446 0.0264344721701763 0.05155267656647091 0.09296890993645784 0.08175648459117447 0.09990966745129339 0.02927878611389965 0.0993953998247922 0.09377785122047301 0.11671205572368504 0.11669209087767603 0.08510354738676684 0.04488629797137094 0.08266470899820609 0.09763371443756065 0.12085247710621759 0.11178119330012849 0.04945811823496583 0.1339842579430651 0.05559660447185853 0.09255262563796451 0.11116927519115645 0.11596019404760925 0.021781931830039764 0.07920636491094028 0.027843404732343743 0.09175334685970934 0.05818017857051882 0.0972530587667425 0.10572902357177053 0.05165944987590313 0.0796725809186053
