NAME :TPP_input_15_5_5
NUM_VERTICES
71
NUM_CLUSTERS
15
Full Matrix
 10000.0 0.043221307607591956 0.04013044017836558 0.04709631905140152 0.04972203448199971 0.052932972918556476 0.019243504957006014 0.03752575053403004 0.06714989579430743 0.025388223974295805 0.04023227380359247 0.0505287418927285 0.07578285673132283 0.04103024693155241 0.04006652164309448 0.040458827939956914 0.048961373567861725 0.03573334981499104 0.013751930200578832 0.04534995728563084 0.04842964099444584 0.07296480132899925 0.03866082835433915 0.05769947611485018 0.05062293410723087 0.04166825844431436 0.03163871128986625 0.06152208268650887 0.059237473738970335 0.0348530420958259 0.0403497778597677 0.015976745882943053 0.06947402082146326 0.06875341486793259 0.03540018094983272 0.07034083466365218 0.028062057012696165 0.04472919426799794 0.011185671633891957 0.019230193616154766 0.052356416128423594 0.04751896792485193 0.05564978517886142 0.035462499269330115 0.025371037385251278 0.029848557635496133 0.043215709112944804 0.0581863997695438 0.05714455372344293 0.040881388179607396 0.023312801881976316 0.06130136333000094 0.05422794130658982 0.04413538590569457 0.03401707009304843 0.07786884655624819 0.05115222009689138 0.06247736216286244 0.05409722988333169 0.03519677137784166 0.06551123781607793 0.05265050505357734 0.006868571960965585 0.04458452843847722 0.037107760694530825 0.02058784800380207 0.030061301079558258 0.020337039544810444 0.06393863870940557 0.031874644582186515 0.027208803888127745
 0.043221307607591956 10000.0 0.040553615020574085 0.05146019268605967 0.07991768393565349 0.05655502853994583 0.06211251694231358 0.07801637249097898 0.06686092437813557 0.06759223319395952 0.044728632165280044 0.02836165273944804 0.03994034697533758 0.04690343031374012 0.08270458840274386 0.040691206298526836 0.019603575663150484 0.06628579375524463 0.05669201092055659 0.07574959985679718 0.06096503645562174 0.07819038523257747 0.012443552631331057 0.07307669484284668 0.07551964354501126 0.011855679363779785 0.031216951227204838 0.06820423532234526 0.0625940131257518 0.02703360487074644 0.024822518382318148 0.041011216202401495 0.07873519107183967 0.028261105977986367 0.0323681677573689 0.02957604766292036 0.06346978839623671 0.03391389583277574 0.05022885430285224 0.026970027108272513 0.030262386494167903 0.012193636870241727 0.035130016103314864 0.0168339773231531 0.018256481530171353 0.04911619670607955 0.06386492581021393 0.07192504368498757 0.07809975503009632 0.052351640331053655 0.02982107573279279 0.042510453811532414 0.07773426475846518 0.07059040293483104 0.04603358115967357 0.03759839160195823 0.020549671674869003 0.02206810547275353 0.0714618901876545 0.06671019388485623 0.023061111760998957 0.061263797124830675 0.04531678386154394 0.07962963362167244 0.05544450259329324 0.042392832394350474 0.07266132182833011 0.028502103372617545 0.056675604651033315 0.07502121485777798 0.030569834956112655
 0.04013044017836558 0.040553615020574085 10000.0 0.07825858692162957 0.08981146329948134 0.08428925170769008 0.049765321990734204 0.07533210438284886 0.09749089710512288 0.06220208315191313 0.07055308229757407 0.06571270321080999 0.08027470353732881 0.07221378692102143 0.07422407902463839 0.06840471475068237 0.027784459655913495 0.07567647401252248 0.046385188574876945 0.08541867030361217 0.08359500262224172 0.1063147269043186 0.028142565946645305 0.09454704697126663 0.089986293761415 0.029458757000538772 0.05688570995391882 0.09497559664200382 0.09094883166594162 0.05616562003308659 0.058099252372072946 0.05177257113636758 0.10445499568544774 0.06728211994297378 0.06016169056981968 0.06827728342790383 0.03867353577556143 0.06665974344373177 0.05131384319746905 0.04225849700507997 0.02184569272568777 0.033278550313056425 0.07259022084314662 0.04876321872366071 0.03138865824889174 0.01778103673469394 0.08110603191817357 0.09444671711862006 0.09575010896845432 0.07485182780372825 0.01913033119879834 0.07993257949687316 0.09338590136368528 0.08362978530593795 0.06728701450872862 0.07615204564952638 0.06007623335466768 0.0616289826370823 0.09147411494055847 0.07523398728496161 0.06028990309033038 0.08640240493881024 0.03564382547070973 0.08449695114325564 0.07367487973044198 0.05602449753206669 0.05664699288300055 0.04542620196894339 0.09018213269664785 0.06146263122444159 0.015063974733007404
 0.04709631905140152 0.05146019268605967 0.07825858692162957 10000.0 0.04031100432871856 0.006072874321402417 0.05998900940871939 0.055284235438866194 0.02010801744492012 0.053587603551085015 0.007706302783844065 0.02971272371628967 0.054794807210873396 0.0062074359539619085 0.06549961425439167 0.01082168373882806 0.06958957539059031 0.033099475908076284 0.055960207574586814 0.037809091682009244 0.011609138961250265 0.02813973892520301 0.05859388711924103 0.022799901115326166 0.03165918864098969 0.060235461514010685 0.021889894155292727 0.01712378214762679 0.01272335507683084 0.02466120689794235 0.027054695234718023 0.03113495816207273 0.027436134221795663 0.05810219226979259 0.019468372836530225 0.0596670487742894 0.0746502447961887 0.01922670772505256 0.04150264190779856 0.03604166424145469 0.07876609797222145 0.06317625955228481 0.027987814498929044 0.03480137331758512 0.047764256626028935 0.07471303584803134 0.020629363805968325 0.02111715705230964 0.0302810559661743 0.00852351562005 0.059344936167340934 0.027586239953779297 0.03199242828837615 0.03020442935890442 0.013218125481263991 0.06371549890692549 0.038613577750974924 0.054328759272139135 0.02254478709217886 0.034511353224592145 0.060852718177586945 0.009904973672310248 0.05391748041729576 0.04646760995443415 0.016245467547067446 0.02662309145480274 0.06914237941520524 0.032896489675046076 0.018952441153692132 0.06740505031823368 0.0632335846240139
 0.04972203448199971 0.07991768393565349 0.08981146329948134 0.04031100432871856 10000.0 0.04119699580794457 0.048368172201888146 0.026499111674013105 0.04979523899127573 0.0348463239928322 0.04152142145695506 0.06730017895965888 0.09427344876223036 0.039734663687654846 0.03756202417884719 0.04603340387897835 0.09329164902612183 0.01438951129076786 0.04800806176756527 0.004432625851621067 0.029743034713388784 0.04582570991287647 0.08168206913243296 0.026068875208906196 0.010117962954591804 0.08429272034852336 0.05015667812199624 0.03901112940457526 0.04260456785728514 0.05541296879865715 0.06072474197137437 0.040564367471848085 0.03893130582277038 0.09511168187603247 0.05083910220109087 0.09677486530184662 0.06731229368987053 0.056398251043144505 0.03858667654760128 0.05447348911653556 0.09941129251062984 0.0891457839601778 0.0673846513078067 0.06422693435868108 0.06756763254390642 0.07835575255933543 0.01971795353305739 0.02853754373630887 0.017548377566586903 0.03314405171209037 0.0720102936064119 0.0678626966797189 0.012735142023862774 0.010315927358272407 0.03599740612474745 0.10200911918848256 0.07448145764723241 0.09023857946605957 0.022530389332491615 0.01461635954128267 0.09597399148020937 0.03484568244023752 0.055025330339782 0.010898331254450182 0.02650502777894935 0.03791788794235881 0.05187135196471156 0.05209828607148912 0.05665679703904282 0.04729144018963891 0.07616407050036486
 0.052932972918556476 0.05655502853994583 0.08428925170769008 0.006072874321402417 0.04119699580794457 10000.0 0.06519411050548206 0.058636391538494134 0.01422358330298239 0.0580198391953042 0.013747725200889137 0.033028362482179247 0.056291821778544866 0.012265644301114419 0.06921137796967987 0.016374206686407957 0.07502315895909414 0.03597874944716751 0.06135269677883302 0.03927194059176178 0.011457986029107735 0.02224012143105099 0.06418479760053786 0.02014614780098629 0.03178789896456364 0.06572372167582076 0.02773873572243484 0.011649294665688013 0.0066620517036679846 0.03011485111036614 0.031844470460406324 0.036956276772912196 0.022201610511850295 0.06102150516134126 0.025073811537538623 0.06252406598199162 0.08030713374664557 0.02331524209368037 0.04687893749372423 0.04209480329964448 0.08438934537319492 0.06843441537796544 0.03013098041562538 0.04010566712657415 0.053677031603225435 0.080754433921474 0.022155846474293545 0.01799619914294178 0.02881267660580757 0.012908170363534083 0.06540004740119333 0.02820357396086278 0.031373622666639255 0.0315799013745144 0.018925436687472357 0.0659497533088665 0.04235038754127426 0.05772171165649575 0.020991827122685738 0.0374718370010101 0.064407200752504 0.006931664051761359 0.05977569847427339 0.04850052862653698 0.019926745355698702 0.03238024835773948 0.07404334144095974 0.03895498752258719 0.01567426883953954 0.07201891450380205 0.06927472897935306
 0.019243504957006014 0.06211251694231358 0.049765321990734204 0.05998900940871939 0.048368172201888146 0.06519411050548206 10000.0 0.026923446002953884 0.07913913053718648 0.014197557783548571 0.054337737306592644 0.06884842379484638 0.09478703617888477 0.05452391153342168 0.02447174387215162 0.055771254224387196 0.06540907271144426 0.0373209975740464 0.005491692365597635 0.04465426666026724 0.05790863716595813 0.08241925889451497 0.05621700251539915 0.06437492937961861 0.05297908602826348 0.05922560317174012 0.04891819561340584 0.07155380108264864 0.0707855059253585 0.05287621323514437 0.05870913983045507 0.030819976266710222 0.07758741811325383 0.08799649751559757 0.052449793737051165 0.08958245961559116 0.018960354292258234 0.06187751819083199 0.018654237672722257 0.038280575983516245 0.06668453769495128 0.06517886063931017 0.0734371094606164 0.05455870225442183 0.04396147013471732 0.03393724693400493 0.04967027769920359 0.06558831270297089 0.06090358029281514 0.05232170440415126 0.03794098282245197 0.07846535093391435 0.05688212837285784 0.046705536170143856 0.0469519875022963 0.09710857309044633 0.0701800067096165 0.08171717612905303 0.06029533311318172 0.036113015371658404 0.08464944307743213 0.0630902566394663 0.017287401111011808 0.03975131532246125 0.04633405619831314 0.034385133261656216 0.010849989074991587 0.03897300139842264 0.07832896615922925 0.013097291261807727 0.04084566428458478
 0.03752575053403004 0.07801637249097898 0.07533210438284886 0.055284235438866194 0.026499111674013105 0.058636391538494134 0.026923446002953884 10000.0 0.07052831529648158 0.013168880977293932 0.052736936479290675 0.07496700695101528 0.10272280990594657 0.0518309374432442 0.011338351098051815 0.05611468907652549 0.08635247938318119 0.022817344868696608 0.029084562524585047 0.024367472241710784 0.04821618709673872 0.06963008769630134 0.07564444802225626 0.04967944517152062 0.03461525736526688 0.0786017238506446 0.05458020805839355 0.06067489918392832 0.06234139142428126 0.059796579853663136 0.06595030876041827 0.03778912088974519 0.06334257382722948 0.09962908353971069 0.0569668022764502 0.10131041959076517 0.04505791304699746 0.06528109535781328 0.028001539497403412 0.05111965096902179 0.08978716144799676 0.08427893872354193 0.07742477142386651 0.06561850470492349 0.0616464780478685 0.06056832292387504 0.037479548829076476 0.05170752206861243 0.04297049055952055 0.04677070336542894 0.060574834805021946 0.08028360248055547 0.03820717798718968 0.030054447476179916 0.04509895896256176 0.10791537485732755 0.07951852775176198 0.09382614286211019 0.04557006086800956 0.021279320283698368 0.09828892486210666 0.05396009177588054 0.040020776005713174 0.015791858339077248 0.039049022884265705 0.03824837052473399 0.026842360125321776 0.05008421282306794 0.07402721917440722 0.021628761775950224 0.06421866197012956
 0.06714989579430743 0.06686092437813557 0.09749089710512288 0.02010801744492012 0.04979523899127573 0.01422358330298239 0.07913913053718648 0.07052831529648158 10000.0 0.07125211190214428 0.0274834621537475 0.0402868061271047 0.05811247876740703 0.02628601229900005 0.08148249112114844 0.02909039433524733 0.08604156146696419 0.04772496499798071 0.07543482317830516 0.048898581181539134 0.022388922873579426 0.01278982075441327 0.07577288785504274 0.024398323732580975 0.0397154995239928 0.07698913605070719 0.040606116028059226 0.010897527091033293 0.008422138959542866 0.04195956332370175 0.04219216028803995 0.05117407319630648 0.017330857992778347 0.06596558267304604 0.037439184889665446 0.06727574423335524 0.09450876799217933 0.03298315375567508 0.06097218329812668 0.05558412341265219 0.09593467760554308 0.07901178978278693 0.035295665388494275 0.05129440522612324 0.0664270561844566 0.09473656483692901 0.03306322176645597 0.021768271186345476 0.03404359438904685 0.02685668633182176 0.07882537497586366 0.030447239761219613 0.037992472922386396 0.04150344944154495 0.03314868916963018 0.06913694364728477 0.04990032815652472 0.06387768746498211 0.027353474568259185 0.0492714926141931 0.07075577479647102 0.01667417895118314 0.07398762157353438 0.05867184001925405 0.033144036295658943 0.04660368573437578 0.0876997420948976 0.05250183760837631 0.012513143734658179 0.08538205746010909 0.08258147031761424
 0.025388223974295805 0.06759223319395952 0.06220208315191313 0.053587603551085015 0.0348463239928322 0.0580198391953042 0.014197557783548571 0.013168880977293932 0.07125211190214428 10000.0 0.04934710183520434 0.06844799634117903 0.09573735925999513 0.04897249700785062 0.015170437112678296 0.051859226085882656 0.07432602828511249 0.025570624066975904 0.01591618888252654 0.03145437390407625 0.049086962996283165 0.07269992087395358 0.06400816167307777 0.05358226291358523 0.040582851979557306 0.06700677456117066 0.04778119250999507 0.06251130486114437 0.06283640230269143 0.05260124172244295 0.058765991236622385 0.029562360040599707 0.06718999998591992 0.09105929657337963 0.05076005363205359 0.09271527903317445 0.03297476472253512 0.05980488156282394 0.017663652488248173 0.041268091566136145 0.0771725018958851 0.07281638912749697 0.07190854681917602 0.0568369606659129 0.050389583466731315 0.0474493052712349 0.03948764487860704 0.05514982623488137 0.0488199693669144 0.04525771246125259 0.047927302895471834 0.07582435892683509 0.044466790017380076 0.03470116666346648 0.041542462056041715 0.09974895260433088 0.07167985547016195 0.08501314159443536 0.04940491948615422 0.024152952938488625 0.08890653403328778 0.054660492729990844 0.027096192361976638 0.02568454242670742 0.0381796465792654 0.031457331824368454 0.01754645208590962 0.040846947824887826 0.07250755239467269 0.01419342824504029 0.05143381677658437
 0.04023227380359247 0.044728632165280044 0.07055308229757407 0.007706302783844065 0.04152142145695506 0.013747725200889137 0.054337737306592644 0.052736936479290675 0.0274834621537475 0.04934710183520434 10000.0 0.025929729544057697 0.05278953320566453 0.002202572662465403 0.06227921039335305 0.00466750503658646 0.062394653863116434 0.03185321495874377 0.049983073098204225 0.03836023501418922 0.016375994237508733 0.03582847084593151 0.05124363188322443 0.028440519663455475 0.03411480989735906 0.052996414325341 0.014356966910128105 0.024693013134490616 0.02040958635101619 0.01770062932728016 0.02110365904004608 0.024433519654246748 0.0348034640676978 0.05417851541101764 0.012373919468501202 0.05580673070482998 0.06808265278754065 0.014972838863723081 0.03568902961720127 0.028347102131301625 0.07135826920135632 0.05619756054822217 0.02599841518064171 0.027916604510363215 0.04011154315688988 0.06725670953922121 0.022182882131648173 0.027199666725800715 0.03451715374567573 0.008667867825944187 0.05165241528938482 0.02767236366610866 0.03527297178066413 0.031206480135757764 0.00781717442010701 0.0606237962304885 0.03390925366616994 0.04982320914959064 0.027250817531067895 0.033081035058518365 0.056062118973961024 0.016766588701266457 0.046976243706273894 0.04599628211136454 0.015228691108541647 0.020174303495972445 0.06397267026307524 0.025209031031221713 0.02403437313218747 0.06273076589887207 0.05553098684668939
 0.0505287418927285 0.02836165273944804 0.06571270321080999 0.02971272371628967 0.06730017895965888 0.033028362482179247 0.06884842379484638 0.07496700695101528 0.0402868061271047 0.06844799634117903 0.025929729544057697 10000.0 0.02780300055313135 0.02791007846809681 0.08297375290637524 0.021314196110053567 0.04795734191121069 0.0564564468651061 0.06357343446880125 0.06393127493253783 0.04114881008427419 0.05253750485671411 0.03945227891534563 0.05246929853679391 0.06002906285662928 0.03979670031823689 0.020671757832903693 0.04410887215522987 0.03785047348008272 0.016030161661930848 0.010180719301846329 0.03903061462733144 0.054565729529025754 0.028433143500436613 0.018000206843677282 0.030024398623113534 0.07733312810673992 0.01095741396605012 0.0515841927649804 0.03171465333568107 0.05859310607195162 0.04041377396805189 0.006928605186499405 0.017510739656034356 0.0354104700905915 0.06916874933650184 0.04811193448152168 0.05064251232723004 0.059822386951879906 0.03456905845532879 0.049884677533778295 0.014362927772455254 0.06102691935248736 0.0570098537746649 0.031616725692760916 0.03471792420840537 0.009623947992221655 0.024708126658772863 0.05219008178848486 0.057473592797430494 0.03138066229080274 0.039253818515385654 0.05579156901785356 0.07082251986495629 0.04080726478527344 0.03711583507579682 0.07956529260250676 0.030195000492606087 0.02898843988237424 0.07992763685020547 0.05249735904595977
 0.07578285673132283 0.03994034697533758 0.08027470353732881 0.054794807210873396 0.09427344876223036 0.056291821778544866 0.09478703617888477 0.10272280990594657 0.05811247876740703 0.09573735925999513 0.05278953320566453 0.02780300055313135 10000.0 0.05453878536225366 0.11047592938275219 0.04839702267547794 0.05534327589175149 0.08408419319163526 0.08935781523084858 0.09114483972409204 0.06636106556363061 0.07083816216352529 0.052179277884486924 0.07643535464417854 0.08630724266631504 0.05086886429358999 0.048213981884547605 0.06550661132250449 0.05912938332048633 0.04317383506111966 0.03699107229716062 0.06617673464986593 0.07495527006026723 0.015024475792351947 0.04577809698218742 0.015051158917737688 0.10064276888020979 0.03818687259337331 0.0784841856402137 0.05655993095805828 0.06597201038400119 0.04804960942728936 0.026928160254969965 0.04033798057041203 0.05526961496362887 0.08860167068261157 0.07470903737448951 0.07422171038362171 0.08486475228165621 0.06114970387532152 0.06893353981898599 0.02832623187568003 0.08678721604375944 0.08395979534973096 0.05915869896141582 0.012045866855028276 0.02463071203475717 0.019082726410589914 0.07703373369751583 0.08514923589153076 0.023164389764309422 0.06315911101576253 0.08008555147668389 0.09842638350116768 0.06798371467676549 0.06468248713536755 0.10562730873102907 0.055865321449058064 0.04564137452522861 0.1065360221643591 0.07024789772386218
 0.04103024693155241 0.04690343031374012 0.07221378692102143 0.0062074359539619085 0.039734663687654846 0.012265644301114419 0.05452391153342168 0.0518309374432442 0.02628601229900005 0.04897249700785062 0.002202572662465403 0.02791007846809681 0.05453878536225366 10000.0 0.06158783406178665 0.006785882487481548 0.06448653508579527 0.030538269041064436 0.050313120768573694 0.03668357872541687 0.014173552823863306 0.03410373729592879 0.05329161077125503 0.026242197615374625 0.032121487552111354 0.055079507240367 0.016369566544189085 0.022850308283835895 0.0188885073915103 0.019870685906289445 0.023298905702593558 0.025109794390916807 0.03283255835039904 0.056225903340283524 0.014538238324080383 0.05784738548877988 0.06872309163709803 0.016959944935906305 0.035920758330278385 0.029961813278332333 0.07337666762131397 0.05833657460714264 0.02766629088825529 0.030083509372107697 0.04196790905893729 0.06850582471678378 0.02025695703741329 0.025021615901099966 0.032352828221835606 0.006670049267723346 0.05324702216175176 0.028903992902962583 0.03318790386616603 0.029421446274966123 0.007590134869363799 0.06256176690555972 0.036025583784327485 0.05193394776339818 0.02505681298312827 0.03181747705333016 0.05820341947292494 0.014723697914674871 0.04782750847200344 0.04455088617578661 0.013686524917136463 0.020687235625734237 0.06396610615203564 0.02680257932262273 0.023834941361745913 0.06253173998084191 0.05716984138991707
 0.04006652164309448 0.08270458840274386 0.07422407902463839 0.06549961425439167 0.03756202417884719 0.06921137796967987 0.02447174387215162 0.011338351098051815 0.08148249112114844 0.015170437112678296 0.06227921039335305 0.08297375290637524 0.11047592938275219 0.06158783406178665 10000.0 0.06528769596656801 0.08869705500175636 0.03379302758263389 0.028489679784713333 0.03565853100047804 0.059107330464629945 0.08092092376334072 0.0787054460573091 0.06099735619372986 0.04593619729709742 0.08171773471056673 0.06232376698879533 0.07180329232935988 0.07321846619415122 0.06730265243559427 0.07348730209685155 0.04442433386813806 0.07467138131860165 0.10615915773111212 0.06509352465437865 0.10781975609448093 0.039887418544441756 0.07387408871409791 0.032818389942759534 0.05643739545405593 0.09079630883714933 0.08758288938505625 0.08604156346552792 0.07193170663820847 0.0653233495403545 0.058009321506325165 0.04851982482787182 0.0629996879571722 0.054277161711273635 0.056982899468067956 0.06170848462698541 0.0894689588644483 0.049496390870517874 0.0413656769745002 0.05449919433618715 0.11478866505531914 0.086616314412153 0.10014021232820151 0.05687692932896851 0.03224117722202024 0.10407514556943248 0.06484601607028373 0.04066329506546733 0.026696585690074087 0.049388455515468235 0.04585811771457992 0.019931020601760906 0.05597167440986312 0.08439175571677905 0.014236467158293286 0.06491218620682601
 0.040458827939956914 0.040691206298526836 0.06840471475068237 0.01082168373882806 0.04603340387897835 0.016374206686407957 0.055771254224387196 0.05611468907652549 0.02909039433524733 0.051859226085882656 0.00466750503658646 0.021314196110053567 0.04839702267547794 0.006785882487481548 0.06528769596656801 10000.0 0.05877664118665237 0.035878023164553616 0.05114826109251149 0.04277361463587698 0.020826931378924367 0.038594958722841875 0.04783609130266914 0.03279675824843631 0.03876588555543029 0.0494341242635002 0.011535049396728725 0.027865202824881318 0.022890145507313647 0.013840922359402411 0.016621814384985382 0.025178319688491827 0.03824943793746818 0.04951715176289465 0.008702639479367218 0.051147551263126534 0.06850451008166968 0.010372182294834107 0.037169074870607346 0.02660214118424279 0.06803089007058626 0.05235987215745533 0.021781789377955215 0.02398699932751084 0.03746402665589006 0.0662400719777581 0.026809351186230176 0.03141522164537387 0.03913508935619087 0.013332751815177714 0.04976094017160853 0.024201590670368138 0.03993980153139677 0.035727749875329264 0.01108784289868353 0.056027252289964725 0.029247567808491422 0.045159816967229 0.031792804288799326 0.03703595411301636 0.05141757568442148 0.020572801258173755 0.047024756230095346 0.05014077829570828 0.019603442400593273 0.021392252125122177 0.06574598914732757 0.023587628135158405 0.02355744898591079 0.06487272794501887 0.05349320334670053
 0.048961373567861725 0.019603575663150484 0.027784459655913495 0.06958957539059031 0.09329164902612183 0.07502315895909414 0.06540907271144426 0.08635247938318119 0.08604156146696419 0.07432602828511249 0.062394653863116434 0.04795734191121069 0.05534327589175149 0.06448653508579527 0.08869705500175636 0.05877664118665237 10000.0 0.07904464338294488 0.06053282251441964 0.08892725053576996 0.07813504847414321 0.09700202294389303 0.011669954944410522 0.0901549018308264 0.09040877956296774 0.009431277646362958 0.0481821930124888 0.08661664109302745 0.08129377043174317 0.04494021761967964 0.04384948962427534 0.05277609390212504 0.09702481861956246 0.04118705899968251 0.050134132795256525 0.04193211970669731 0.06088522159938559 0.05306918785338618 0.058635739817955494 0.03887917531549176 0.010943701887721062 0.00774280387568155 0.05468939124111341 0.0349462391630228 0.025759562023691018 0.042103123858304 0.07938635719598007 0.08928554654638841 0.0941027686810133 0.06924251451578221 0.027616443926025976 0.06203571909281515 0.09307644446908374 0.08484593903107435 0.06226766172403223 0.049493300522749945 0.03978745415978008 0.03626069907017207 0.08807134323629752 0.07915237656186921 0.03356715550715838 0.07915364438902876 0.04824088706246469 0.09109108094605393 0.07102186219827626 0.055494466537497546 0.07482327558336313 0.041481723312096895 0.07617725716551087 0.07843114021737883 0.025536097823359947
 0.03573334981499104 0.06628579375524463 0.07567647401252248 0.033099475908076284 0.01438951129076786 0.03597874944716751 0.0373209975740464 0.022817344868696608 0.04772496499798071 0.025570624066975904 0.03185321495874377 0.0564564468651061 0.08408419319163526 0.030538269041064436 0.03379302758263389 0.035878023164553616 0.07904464338294488 10000.0 0.035866036783734755 0.009962506267284333 0.025399032485710755 0.047560326947014855 0.06747099923819613 0.02807759093650407 0.015755276830897356 0.07012839186173478 0.03767887929590241 0.038039737957755206 0.0395240645401965 0.04305884766011671 0.04878397225450589 0.026270400188217927 0.041754488213795876 0.08335908195627692 0.039005667982456395 0.0850421366983965 0.05583651117134057 0.04590567925820317 0.02476410375563869 0.04033335391037547 0.0850322814687581 0.0751019634007822 0.05765913724762859 0.051149231993385065 0.05329365208207575 0.06493873824882332 0.014728739386710212 0.029775332613917023 0.0235867506166911 0.02473959580464047 0.057686544740765504 0.05944076516898495 0.01963384438189715 0.009385283075722419 0.024931953074903764 0.09082011656996176 0.06269696898074048 0.07812867910478964 0.023892230232885163 0.0015525719564091077 0.0835142698682879 0.031142798386046527 0.041405435757989904 0.01436838902328865 0.016997103570263246 0.02394678262879348 0.04309059254994377 0.03810154872585419 0.05152092453122158 0.03954043452599488 0.06185550316660653
 0.013751930200578832 0.05669201092055659 0.046385188574876945 0.055960207574586814 0.04800806176756527 0.06135269677883302 0.005491692365597635 0.029084562524585047 0.07543482317830516 0.01591618888252654 0.049983073098204225 0.06357343446880125 0.08935781523084858 0.050313120768573694 0.028489679784713333 0.05114826109251149 0.06053282251441964 0.035866036783734755 10000.0 0.044034336283543786 0.054708358156658005 0.07938677151541929 0.051071814375521205 0.06196366036967733 0.051620476159091086 0.05408697118757509 0.04383241346338956 0.06831450832605691 0.06715430924173492 0.047645181948521936 0.05341469444108619 0.026018287589202285 0.07488528041629962 0.08250480545651608 0.04742607856155685 0.0840909046610547 0.02012369703937784 0.05685994034843837 0.014474152558387975 0.03282467083823861 0.06230715345789661 0.060028850470737825 0.068291420723422 0.04910077206108067 0.03858423956849132 0.03162256034807073 0.047150027767935705 0.062994326292867 0.05925000912152643 0.04857964953669775 0.03327381028579914 0.0734751203911265 0.0554904630993513 0.04518775712603555 0.04280021469888677 0.09161845766965383 0.06474116082197395 0.07622587939279794 0.057973408453321655 0.034814781890637934 0.07917970117660321 0.059690491368890666 0.012293898037831128 0.04029125451629164 0.04305568822273342 0.02985730319900254 0.01632276512332311 0.033591310722533456 0.0740169587482225 0.018365071242680164 0.0364226319268904
 0.04534995728563084 0.07574959985679718 0.08541867030361217 0.037809091682009244 0.004432625851621067 0.03927194059176178 0.04465426666026724 0.024367472241710784 0.048898581181539134 0.03145437390407625 0.03836023501418922 0.06393127493253783 0.09114483972409204 0.03668357872541687 0.03565853100047804 0.04277361463587698 0.08892725053576996 0.009962506267284333 0.044034336283543786 10000.0 0.02786158388750336 0.04607363724684201 0.07732943025169592 0.026049556311827052 0.010337218777509146 0.07995640139125976 0.046285053298631855 0.038324609580415815 0.04132636983568792 0.05158849867319341 0.05702815472988674 0.036176715811815 0.03944781760443187 0.09151859644697917 0.04714536908547638 0.09318921276882486 0.06354689968422662 0.053095927290589054 0.03423680621414707 0.05013889946605153 0.09499249584381787 0.08485031470877977 0.06433754588615632 0.06021211086870964 0.06319144283298761 0.07412323867428842 0.017241643478095075 0.028336912470866223 0.018622812257542955 0.030218739809268088 0.06758217106912988 0.06519455981800575 0.01384039864053204 0.007693470643725796 0.03242307740364038 0.09859100026650244 0.07085478981226948 0.08653449826523193 0.022162017950107096 0.010196773036581876 0.09216965179565458 0.03326398999050009 0.05073234188552067 0.009896303494794539 0.023170204398689647 0.03362061607857545 0.048745420323903485 0.04780608195028037 0.05489547937745326 0.044405654164578104 0.07173822671735308
 0.04842964099444584 0.06096503645562174 0.08359500262224172 0.011609138961250265 0.029743034713388784 0.011457986029107735 0.05790863716595813 0.04821618709673872 0.022388922873579426 0.049086962996283165 0.016375994237508733 0.04114881008427419 0.06636106556363061 0.014173552823863306 0.059107330464629945 0.020826931378924367 0.07813504847414321 0.025399032485710755 0.054708358156658005 0.02786158388750336 10000.0 0.024735401763257524 0.06675362793119353 0.012111770227748534 0.02047005785201783 0.0687045992869085 0.030000893276380305 0.013645325111566433 0.014125614822803407 0.033950541027180585 0.03743727169343719 0.03295497975141276 0.021149703498558294 0.06957844748909185 0.028619646894603515 0.07115948630350365 0.07443456425085633 0.030426257564011985 0.04050950592397027 0.04174007110909812 0.08663498499676546 0.07222331043658525 0.039593390813675924 0.04413106231605473 0.05460023408223468 0.07768487748052158 0.010951515338354728 0.011181477703688127 0.018697878022888102 0.00897151848846666 0.06446482213898548 0.03883449985734573 0.020462299636320593 0.02018078819519589 0.016423459244376125 0.07531578435016917 0.04979030915277745 0.06562345305708182 0.011057370014530372 0.026937711265440287 0.07203943486479272 0.005744317513678276 0.055257606943577425 0.03723056365754025 0.011658479159051407 0.028311305899947643 0.06587594191514136 0.03859748211503359 0.02703444641666566 0.06326651851964055 0.06856734852571722
 0.07296480132899925 0.07819038523257747 0.1063147269043186 0.02813973892520301 0.04582570991287647 0.02224012143105099 0.08241925889451497 0.06963008769630134 0.01278982075441327 0.07269992087395358 0.03582847084593151 0.05253750485671411 0.07083816216352529 0.03410373729592879 0.08092092376334072 0.038594958722841875 0.09700202294389303 0.047560326947014855 0.07938677151541929 0.04607363724684201 0.024735401763257524 10000.0 0.08632086609347259 0.02004029428273227 0.035911373053522794 0.08777141180689942 0.04997378775014819 0.01150336473477369 0.015738782243387393 0.05223143400075795 0.05336857937757703 0.05722818798720021 0.007244576500052883 0.07870544664396456 0.047280402562227354 0.08003066490130889 0.0991664616954169 0.04435036332616299 0.06524115109953614 0.06405763606328371 0.10653527589468799 0.0902260590212604 0.04788572385772381 0.06205862161089794 0.0758950068978621 0.10182111804023596 0.03321283258914331 0.017922654421392258 0.028468177307944254 0.032229778831057834 0.08731839719607795 0.04323182356568708 0.033144865254504614 0.03958379825456451 0.039579243396565794 0.08192050825912922 0.06215824805760691 0.07647743388312936 0.024075778800080164 0.049088722211103136 0.08334380376426458 0.0203702111589689 0.07982076359278986 0.05593657443680339 0.03638241335985895 0.052549835776863126 0.08990609980846959 0.060893036513480554 0.025298396232769478 0.08686154911823778 0.09126542692668217
 0.03866082835433915 0.012443552631331057 0.028142565946645305 0.05859388711924103 0.08168206913243296 0.06418479760053786 0.05621700251539915 0.07564444802225626 0.07577288785504274 0.06400816167307777 0.05124363188322443 0.03945227891534563 0.052179277884486924 0.05329161077125503 0.0787054460573091 0.04783609130266914 0.011669954944410522 0.06747099923819613 0.051071814375521205 0.07732943025169592 0.06675362793119353 0.08632086609347259 10000.0 0.07872062623574431 0.0787395567641737 0.003018152265402357 0.03692721881725765 0.07569580646626271 0.07058239016178418 0.03409021020941896 0.03381402858260991 0.041220194702878125 0.08600503589695171 0.039674574243012205 0.0391388917312027 0.04081502794083047 0.05439967644745132 0.043019046595334315 0.047722945478192426 0.02723209681571919 0.020214915373532875 0.008961858390708424 0.04636589821447707 0.02449109397363973 0.014296555460451959 0.03803634466466136 0.06774748331767715 0.07792588197549598 0.08248933462495925 0.05782334637905973 0.019998345625688856 0.05380539232378144 0.08141800693361352 0.07318152019275702 0.050748026428998214 0.048819072225196325 0.03257566199728084 0.03376722111789189 0.07654670790775545 0.06761300294168215 0.03334282555825994 0.0680056302449604 0.03893355591521759 0.07971756480175679 0.05939835704265434 0.0438453987850383 0.06618908778455851 0.029812186827785424 0.06655764091679857 0.06931428638657419 0.019580352493892852
 0.05769947611485018 0.07307669484284668 0.09454704697126663 0.022799901115326166 0.026068875208906196 0.02014614780098629 0.06437492937961861 0.04967944517152062 0.024398323732580975 0.05358226291358523 0.028440519663455475 0.05246929853679391 0.07643535464417854 0.026242197615374625 0.06099735619372986 0.03279675824843631 0.0901549018308264 0.02807759093650407 0.06196366036967733 0.026049556311827052 0.012111770227748534 0.02004029428273227 0.07872062623574431 10000.0 0.016004199241778583 0.08072377302287971 0.04207923525690632 0.013517517099071424 0.018554568624123628 0.04605904686050902 0.04941615641282682 0.04307081814866226 0.013718748200475315 0.080784488774517 0.040726564120629215 0.08232622269421612 0.08205436935533879 0.042012961598101965 0.04852500164232533 0.05320416058829689 0.09849889510423876 0.08431256828173908 0.05016493689151555 0.056242718239522975 0.06628827310977649 0.08743735744845565 0.014824633180969177 0.0026331125304170796 0.009661176395203329 0.020912767363467415 0.07545257319762284 0.04827764918001126 0.013711852921109933 0.019633136038230692 0.02807282593107891 0.08601961949841268 0.061408580581491186 0.07712194888028365 0.004185831479104382 0.029560803394560426 0.08365190313636738 0.013354331980202713 0.06435530871209172 0.03592964013836441 0.0209380099578396 0.038610895639743306 0.07102827052627741 0.05010985087134868 0.03346857138858963 0.06761462728326618 0.07961414343279848
 0.05062293410723087 0.07551964354501126 0.089986293761415 0.03165918864098969 0.010117962954591804 0.03178789896456364 0.05297908602826348 0.03461525736526688 0.0397154995239928 0.040582851979557306 0.03411480989735906 0.06002906285662928 0.08630724266631504 0.032121487552111354 0.04593619729709742 0.03876588555543029 0.09040877956296774 0.015755276830897356 0.051620476159091086 0.010337218777509146 0.02047005785201783 0.035911373053522794 0.0787395567641737 0.016004199241778583 10000.0 0.0811527452164318 0.04470560053882637 0.028905238718651305 0.032683767282598114 0.049684001208037044 0.054468077482765456 0.0387527331058501 0.02917195493336648 0.08827621321204877 0.04472280910648485 0.08991050051546354 0.07158041611873557 0.049073971790700555 0.04001131279449807 0.05166411797467037 0.09743173824586561 0.0855874335864189 0.05938985082381011 0.0591734555363431 0.06505438900304135 0.08023040301996617 0.012032643409659732 0.018436726402731276 0.008391452991100216 0.02546027342670717 0.07144548552348313 0.0591958494012501 0.0039057628369553897 0.00653050282163421 0.02989241129911958 0.09467170259502673 0.06786718260076403 0.08376842213194813 0.012413733636537243 0.01687525897427337 0.08981625545226542 0.025185094117603737 0.056654993596974366 0.02007200713569801 0.020207477485504485 0.03520396190905921 0.058092792933759595 0.048938970662667544 0.046999246388554204 0.05405972342937769 0.07566169653968069
 0.04166825844431436 0.011855679363779785 0.029458757000538772 0.060235461514010685 0.08429272034852336 0.06572372167582076 0.05922560317174012 0.0786017238506446 0.07698913605070719 0.06700677456117066 0.052996414325341 0.03979670031823689 0.05086886429358999 0.055079507240367 0.08171773471056673 0.0494341242635002 0.009431277646362958 0.07012839186173478 0.05408697118757509 0.07995640139125976 0.0687045992869085 0.08777141180689942 0.003018152265402357 0.08072377302287971 0.0811527452164318 10000.0 0.03876033596231489 0.07729249477800951 0.07204508867029927 0.03561374581434151 0.03485081107553556 0.04391255266210544 0.08767081866305665 0.037902531062527 0.040769277977745766 0.03896442625256863 0.05716330045114409 0.044085698645558065 0.05065943495047096 0.02981935925613439 0.019015695331836727 0.005958763441978192 0.0466616067865205 0.025737355472701163 0.017126865336422627 0.040369873055464335 0.07003963666044698 0.0798569113483636 0.08472498175270139 0.05981131243174685 0.022787050980977948 0.05408510399502279 0.08376559850060443 0.07567427835649713 0.052849361367921746 0.04691944037467274 0.03237860522213783 0.03217306487926563 0.07865126754775395 0.07030181814225707 0.031248551598096662 0.06976040581292793 0.04194047365673807 0.08250363777174334 0.06165826011664247 0.046405182881605125 0.06917404292299302 0.03229388122647565 0.06744650710071919 0.07232284686006749 0.02208612196543631
 0.03163871128986625 0.031216951227204838 0.05688570995391882 0.021889894155292727 0.05015667812199624 0.02773873572243484 0.04891819561340584 0.05458020805839355 0.040606116028059226 0.04778119250999507 0.014356966910128105 0.020671757832903693 0.048213981884547605 0.016369566544189085 0.06232376698879533 0.011535049396728725 0.0481821930124888 0.03767887929590241 0.04383241346338956 0.046285053298631855 0.030000893276380305 0.04997378775014819 0.03692721881725765 0.04207923525690632 0.04470560053882637 0.03876033596231489 10000.0 0.03899871123741378 0.03433556937447199 0.005392018334153417 0.01140003939500819 0.018481575222603144 0.04916043093837442 0.045778290718811614 0.0038251238152382373 0.047465734119298025 0.05950162964165249 0.013101844457303818 0.031108212338455506 0.015441936665441235 0.05700968286529837 0.0422349962986493 0.02455294069605578 0.014528933310225261 0.025955397954350277 0.055371191532654566 0.032844301037130534 0.04111974705499801 0.046892584356777706 0.02121176993499557 0.038336605068142154 0.029713537374902663 0.046689818568049574 0.04028814651131582 0.014894321141995572 0.053591680728470543 0.02521354378309356 0.040452612819456744 0.040281745825311153 0.038469060651674505 0.045902669082124654 0.031091708965045994 0.037724818784033394 0.05190133218386875 0.024500767478268848 0.016476561925956056 0.05946145869044922 0.012647578200305966 0.034129492497043584 0.059495037053044014 0.04200928943354102
 0.06152208268650887 0.06820423532234526 0.09497559664200382 0.01712378214762679 0.03901112940457526 0.011649294665688013 0.07155380108264864 0.06067489918392832 0.010897527091033293 0.06251130486114437 0.024693013134490616 0.04410887215522987 0.06550661132250449 0.022850308283835895 0.07180329232935988 0.027865202824881318 0.08661664109302745 0.038039737957755206 0.06831450832605691 0.038324609580415815 0.013645325111566433 0.01150336473477369 0.07569580646626271 0.013517517099071424 0.028905238718651305 0.07729249477800951 0.03899871123741378 10000.0 0.006427638981298535 0.0416808540492526 0.04348257236263601 0.04574397612940316 0.010580049367438673 0.07157810998924194 0.03655708996292294 0.07301896835315418 0.08795528058488977 0.03483700477443262 0.054048491541806534 0.05272347640756698 0.09587966341586758 0.08007201298713704 0.040457569438219175 0.05172650704020915 0.06479852433321341 0.09031796589724993 0.02332828433920809 0.010884652344225015 0.0231753262579833 0.020731150161374078 0.07593790767694651 0.03719703730679485 0.027097330957593296 0.03110914114898225 0.028081867333368538 0.07584409528554706 0.053589149753010226 0.0686619498700798 0.01650490546086208 0.03959174122872289 0.07543206259054118 0.008879837038767864 0.06838417974271947 0.048171481197226244 0.02526387599321177 0.04106584139186435 0.07944797178983862 0.04955262157327837 0.020753953270535707 0.07670452168905201 0.07991580678761749
