NAME :TPP_input_16_5_3
NUM_VERTICES
76
NUM_CLUSTERS
16
Full Matrix
 10000.0 0.047725598640121956 0.024133817511278254 0.07461666816464166 0.07972842521245667 0.08218864546902321 0.08028687033417925 0.05068487007784005 0.016127268828153633 0.10612577993476065 0.10977135870941619 0.10966114636760056 0.006985520292457125 0.0740573665317683 0.06168111421424683 0.02304835369010975 0.04328701832258755 0.082547880244256 0.08059850924849979 0.11456994356471933 0.0843228835775249 0.0892225349979116 0.05573176657425259 0.08158231027242775 0.06605108068432963 0.08670660565711587 0.014815970914611759 0.07604586969780847 0.045045538613236805 0.0848903027650823 0.07372127065139696 0.024997618160245007 0.09804786102613167 0.02260178838243469 0.08116068503164012 0.050145860589840434 0.10433035472808684 0.0416026529531713 0.050331060623053134 0.11672564374245868 0.09635164476936628 0.043752619637470826 0.09894917714035864 0.09674604450645378 0.07796427164832383 0.022481253207668247 0.06203659380173263 0.10679980776195563 0.06455229527232702 0.041880222344466256 0.08139449531861388 0.04199877325262586 0.04487138196602582 0.019668617609835924 0.11520274051112504 0.03362879199853253 0.06078943782521292 0.05563616535435361 0.06778849118122823 0.006887935655205897 0.05709750704872068 0.03565231529369928 0.04308413036012228 0.06361649788841844 0.09714972196991993 0.10348363504975565 0.05420718504276839 0.08358553606102895 0.039573528047126626 0.08796904392991825 0.0038139157589425314 0.06144910834221677 0.08073265162471395 0.013080797968167603 0.05550083744420589 0.061060152321379804
 0.047725598640121956 10000.0 0.026780086833486715 0.031834639521515 0.03462315741592356 0.036203277209854286 0.04553696562011428 0.013577101113763156 0.0316266644187324 0.05934050928632234 0.06650566561566323 0.06374647759047823 0.040861440112572534 0.038763436042850395 0.03057589861831837 0.030414509557969045 0.024406584920041358 0.04059446965843105 0.04504367830888999 0.06756840894140502 0.04276996934154801 0.06123638268088816 0.019827675396337324 0.049776593936932054 0.03716508763601867 0.04105742969492302 0.03882052360027994 0.044532186383783534 0.03805148636975097 0.04585474602362622 0.03377439604919796 0.03708300319648463 0.055386464806753445 0.02886042500055203 0.040500343997257306 0.015564847874964895 0.05721382130950875 0.019335532641661143 0.009061991737121652 0.06927862537883045 0.07716768120235472 0.02240483276309069 0.0560523357656436 0.04924576303574348 0.033257080434845876 0.030021315541367284 0.027687882462438175 0.059239158158534755 0.016843184556755555 0.015765294578074844 0.03492296167203084 0.03686635387753407 0.029995921324881433 0.02897013109238094 0.06954884555580898 0.017591368840807507 0.02307752233196774 0.027364874111172253 0.03794443834004364 0.04177663507102302 0.023943602472655617 0.017945541357024926 0.017497883872717737 0.02062380686261799 0.06830179492540285 0.05959581896460614 0.028560502856269765 0.04806705913863202 0.03375313881958432 0.055455265584350134 0.04416041763034911 0.01770471656664838 0.03591956301179189 0.03947418406111309 0.03221712871068367 0.03437777510532462
 0.024133817511278254 0.026780086833486715 10000.0 0.05062419049629265 0.0611705172402593 0.058720696169981004 0.05651150702142007 0.026805384567867543 0.01153212636705009 0.08279384479518927 0.08566649746181938 0.08595518973229584 0.018532907148563878 0.06108594445680249 0.03788656927880454 0.004082556410975925 0.01982710445034014 0.05844363601612785 0.05673778068140786 0.09132343033318056 0.06019955659836952 0.06683916636291477 0.03160830053632454 0.05825274160155281 0.04273319477938419 0.06776015667249696 0.012199764881320076 0.06513521925052308 0.02590160427605145 0.07025961223300389 0.0582436757509943 0.012195276735177436 0.08138677245257817 0.018500454014456866 0.05702754591114426 0.03510246300410734 0.08122550285983353 0.030001767416892092 0.032377515871900193 0.09387459671389065 0.07665662450998487 0.033520531618428856 0.08213562587575164 0.07567737029090085 0.059678450608805736 0.019846010127298506 0.03798234172331751 0.08417410197368895 0.0432027982561984 0.017808217424363382 0.061701053820442504 0.023060579429378628 0.038545137684701795 0.0054004557734438265 0.09140159503053988 0.02025995143538972 0.045745368782225855 0.03190735058359913 0.05721570632028957 0.020360817191472758 0.033015190860765306 0.01162033621960944 0.030279902317670873 0.0460552324329201 0.07474217132987186 0.07943845685323296 0.04422302080388596 0.059767639663510196 0.019673662603469734 0.07702166509791264 0.021426870060869827 0.043377579935648176 0.062399541825832884 0.01312431126230555 0.03258380879483994 0.05145884921015158
 0.07461666816464166 0.031834639521515 0.05062419049629265 10000.0 0.038587843616843386 0.011419302223718994 0.01891018577893177 0.02395269017329787 0.059620482026232983 0.033830767902353134 0.03539856886009668 0.03573994528830396 0.0684244348701406 0.05581663042094671 0.01974448504336742 0.05264540702840325 0.03433583503828025 0.008762127616119275 0.01770270268083388 0.042378849001040116 0.01096057343896133 0.036880132555775026 0.019373468958911552 0.024850264490113325 0.02251190255859636 0.04064445107123526 0.062096791189760914 0.06316199021711415 0.04347689848411828 0.05639705733421372 0.04751723694878634 0.05560447126815048 0.05767785719913783 0.05956510012821794 0.009184001306111548 0.043758605159916614 0.033215224662967356 0.05053865685832978 0.03719338526909029 0.04617339766428247 0.056762338049383965 0.053027799165020345 0.05773951119884933 0.03733347457727952 0.038913967377153996 0.06088012395970831 0.01630585025395719 0.037896161295816154 0.023050791860846402 0.032822438567919464 0.03434316122162693 0.0446350888143576 0.06042062925141221 0.054981985428952086 0.040950272021905 0.049192945376469975 0.04466512003965285 0.023963143651161603 0.05972530897253551 0.06987347351110088 0.019718999946375937 0.03901048396091252 0.048450730136899815 0.037452466957134396 0.0420772306177691 0.028893254783180077 0.05575972830830656 0.01993117092940593 0.04373290632155844 0.07060010555632562 0.0715823828553436 0.035598459441866 0.04002066993409185 0.06337532782959658 0.028535552545558725 0.05921069339869654
 0.07972842521245667 0.03462315741592356 0.0611705172402593 0.038587843616843386 10000.0 0.031617692334233935 0.0574722658555412 0.04213096919373164 0.06387966175135606 0.042392489675552106 0.058788794224768584 0.049406192704606604 0.07274967104054127 0.021342581718532996 0.052689180068101936 0.06493892206598663 0.05634801511723903 0.0440377896744142 0.05621293893473964 0.04806036918197477 0.04596732231840558 0.07542575715432702 0.04440793600984627 0.06343789224065001 0.058069484782689376 0.007072830481977151 0.07293210093898482 0.028417431374975242 0.06972701192571527 0.018045311740136433 0.013028354876399912 0.07169710854200434 0.0214029382814432 0.057890597531466526 0.04633047662154132 0.030263362670796948 0.038953412837672674 0.03982139854315263 0.029492099904233827 0.04677600232861258 0.0953038539739414 0.039396970612220784 0.021894732109571408 0.021266605401302797 0.002033700248306718 0.05851088464418064 0.04850374826525503 0.03714434057010243 0.020926776798582708 0.048939579156509164 0.005545136835494625 0.06929592241338225 0.04363282158630319 0.0626126980587372 0.05501263822218535 0.046168883456264555 0.02131017269856222 0.0532264563931438 0.028869458937788046 0.07312541451930249 0.048097647057086995 0.052397162030445296 0.03781724250226823 0.01620643849562755 0.08018233007752877 0.05201666445751503 0.03382533898556639 0.05817564047123395 0.06668171548649829 0.03293495291917836 0.07595044647570026 0.018287235090458546 0.001515431169772502 0.07338485035136089 0.05896055775304495 0.03235968948890733
 0.08218864546902321 0.036203277209854286 0.058720696169981004 0.011419302223718994 0.031617692334233935 10000.0 0.02777651382641002 0.03206940141554213 0.06656761607053643 0.024093150638848027 0.03126095950170207 0.0276360334993611 0.07566419989253287 0.051246381837505114 0.03108213086101035 0.06121823878813156 0.04429572771084947 0.012896059179299441 0.02634083337676808 0.03265878794959989 0.014574886464106252 0.04518286812838905 0.029015651908274286 0.033836133647952696 0.03386280849388673 0.03204320314925 0.07063498095973475 0.05866137562559735 0.0544286799707529 0.04963976423267861 0.04258820090958567 0.0650683098837278 0.04857138400816198 0.06501860261623878 0.01569356376536833 0.04480986279473461 0.02281078284213333 0.05301331834640467 0.03911104952617835 0.03574517765972461 0.06573173909304919 0.054846991010237274 0.048486362833367394 0.026321932879100566 0.032454213533110066 0.06620882608383023 0.027452929647271324 0.026879182609521764 0.022437384538269267 0.04127726402466331 0.026577039792086227 0.05537966088198273 0.06175816212988668 0.06256467340367414 0.03337660969215588 0.05372420259940951 0.04290335703988561 0.034908799008356965 0.05663531114775043 0.07689952761343899 0.030276567913040453 0.04720129996526587 0.05078648069674343 0.03519476210368481 0.0491121581885252 0.02413439084584853 0.05532438287967787 0.027677278922116546 0.054181542607529595 0.06452070504935754 0.07891347518308504 0.034154984230483076 0.032881438287535585 0.07176759431280332 0.039761040789651536 0.05743666149823384
 0.08028687033417925 0.04553696562011428 0.05651150702142007 0.01891018577893177 0.0574722658555412 0.02777651382641002 10000.0 0.033601050743287675 0.06725755179812867 0.04282513519218888 0.03433880619189468 0.041335229449494915 0.075043931910159 0.07442016100697038 0.018629215128912684 0.057246749677216116 0.037009380281834946 0.015300321976213407 0.0015081548955701626 0.050329578963913234 0.014495430308265863 0.017970144986254263 0.026958978665603272 0.006073352396364253 0.014979905100477621 0.05919942996374499 0.06615017118622323 0.08170007272985658 0.04020809026098786 0.0753072303145198 0.06625810345626754 0.05751999344296045 0.07607333022340619 0.06973858427024412 0.012191196694593343 0.05966943195291121 0.043748341103778676 0.06486991032305309 0.05276840259297519 0.05557509435548639 0.03808069029891221 0.067886008251663 0.0760566683247305 0.0537752884463424 0.05782324989409338 0.07117824717494146 0.019123733688070976 0.04971963179049818 0.04108775126303683 0.03996909652635511 0.0530938716084803 0.042465421600921364 0.07546888362346747 0.06165315205025062 0.04476877365306008 0.06124939812575437 0.06233504150489347 0.02465406156815316 0.07776585336772546 0.07684995579871189 0.024061205662961088 0.04585613842888174 0.06301773602048992 0.05552958101426841 0.023577283270352353 0.030611906485358553 0.0723606627388461 0.003359152831426484 0.04311974896297192 0.08945677218138649 0.07787849551956433 0.05338310241336575 0.05889349915188399 0.0677152783441013 0.025619230296991192 0.0765899793794584
 0.05068487007784005 0.013577101113763156 0.026805384567867543 0.02395269017329787 0.04213096919373164 0.03206940141554213 0.033601050743287675 10000.0 0.03572732900667445 0.056160383123694715 0.059267727967116386 0.05915313873502044 0.04447390666993044 0.05077471134483228 0.017178387239489622 0.02915391445020943 0.014383595544354833 0.032128418367203794 0.03335914188567839 0.06472779929506571 0.03404661506145215 0.04821786135293154 0.006713423716539756 0.037186660321050016 0.023734138217164583 0.04748172260348385 0.03858453157275673 0.05706960336833209 0.027596432285482943 0.05628746801495701 0.044619279098577616 0.033329222593652764 0.06353250072569908 0.03655821964160756 0.031130918970472116 0.029119356303464374 0.05477278029430833 0.03214467034029732 0.022419779341901012 0.06758544377502303 0.06362082974916719 0.03551154087926889 0.0640175744704863 0.05178230349667923 0.04126609309305126 0.03795656820779436 0.014776263189383921 0.05816374049441308 0.02130276918697344 0.009211093157674226 0.040711535791547085 0.02725439303180107 0.04304683329105784 0.03103499564200495 0.06459961691083922 0.027657505972987658 0.03560946233715568 0.01383028472943636 0.050987756118937695 0.045942798838103524 0.010514082552653767 0.015200649472496533 0.030558233606148556 0.03139979773816226 0.05552746324835795 0.05284430557104571 0.0421345704713353 0.03646376783324929 0.024887977811343366 0.06740417191962174 0.04762983415765753 0.028489312947170227 0.04359785126134801 0.039754834336096015 0.018934347916952813 0.04782318725465649
 0.016127268828153633 0.0316266644187324 0.01153212636705009 0.059620482026232983 0.06387966175135606 0.06656761607053643 0.06725755179812867 0.03572732900667445 10000.0 0.09036275009726166 0.09498715933488071 0.09415362314788507 0.009236362745540395 0.0598187991230004 0.04872222954717043 0.013189627665607384 0.03111235340478345 0.06785145318392549 0.06737912891947839 0.09875137961208483 0.06974402738586051 0.07823446911558031 0.04137251092516306 0.06933820218015176 0.053892362067910336 0.07080887159215764 0.012721536677502678 0.0626661957478319 0.03710226675472417 0.07014679266389796 0.05861541954655227 0.019982235501173905 0.08273151372033972 0.009798332781637565 0.06674040988863814 0.03485292570810903 0.08846590182020404 0.02716656484274526 0.03440063170005467 0.10075963102668067 0.08814881799475963 0.029950471550484522 0.08359273626479873 0.08062304800913493 0.06216173669200833 0.010654481347853626 0.04838026700223666 0.0907875583523499 0.04843805989641393 0.027535292343352738 0.06536902584607045 0.03416330751733565 0.03295776970562351 0.006165407705087532 0.0997824995244184 0.01820217474411072 0.04567568650913026 0.04286286398247324 0.05444499656579963 0.01033233120204388 0.0433728613092593 0.02144021235945265 0.028281769617740166 0.047880092119660225 0.08611943335980142 0.08849913257225195 0.040852116427624575 0.07045066162916394 0.03092395984368908 0.07469191031855206 0.012535099191510064 0.04559569964604584 0.06493199136143059 0.012035350685616952 0.04395745740782444 0.04802953768781158
 0.10612577993476065 0.05934050928632234 0.08279384479518927 0.033830767902353134 0.042392489675552106 0.024093150638848027 0.04282513519218888 0.056160383123694715 0.09036275009726166 10000.0 0.020201596572987916 0.007463027763554269 0.09952042679697662 0.06369283121136 0.05300225329946948 0.08531113003093489 0.06801471694674548 0.02929245930815151 0.04136542974956055 0.008593613680855308 0.029014755791796562 0.056073261087604936 0.05280750040716899 0.04787675718535534 0.05402309758904049 0.03853344640478594 0.0947276059252889 0.07056952348708695 0.07714306492592067 0.057709786702467236 0.055392594863777525 0.08903436042901908 0.049929817681197884 0.08815317209856716 0.032303714002423864 0.06524666198651027 0.0036243219832493923 0.07432337863193396 0.06060802697838817 0.012820312813582755 0.07632355857782137 0.07551429875396534 0.04931303639398555 0.023888169463090567 0.044109235799894675 0.08925964668243856 0.04997994235035322 0.009187938519486053 0.04366283360209486 0.06536586314240996 0.03698164610102546 0.07842222957568089 0.08169950635758895 0.08655073736314499 0.012652172868534947 0.07649458736554819 0.06044607509325533 0.05771921363196258 0.0711364509054605 0.10067927247560536 0.05354175716201911 0.07129146070896294 0.0720631914670165 0.05297463607948319 0.05673635097279781 0.01618736554987026 0.07358858262693543 0.040900513531905956 0.07756244449750618 0.07269602519591178 0.10278874023948004 0.052998466829197434 0.04297154940510579 0.09585442788783748 0.061937098140118656 0.07384449679287673
 0.10977135870941619 0.06650566561566323 0.08566649746181938 0.03539856886009668 0.058788794224768584 0.03126095950170207 0.03433880619189468 0.059267727967116386 0.09498715933488071 0.020201596572987916 10000.0 0.013533187830167508 0.10371254894324032 0.07993164232022427 0.050182615019232296 0.08736362641201298 0.06792218751036021 0.027223916130676106 0.03323271852912391 0.02277208839368256 0.02550971667656479 0.041997167145995135 0.05406506985286 0.037439124224517305 0.048670049603793 0.05633182222701691 0.09674027866519105 0.08716091764319114 0.0738450847907542 0.07560089094958246 0.07129958712929885 0.08932015420033355 0.06942877292348473 0.09482689051565125 0.028822887177362495 0.07606873124638214 0.023525173155669446 0.08413287619836571 0.07026715338452304 0.02897754850855279 0.06060516398716931 0.08607363227437165 0.0688983177022759 0.043122867837188036 0.06020112060614466 0.09611151280321167 0.048540636326936545 0.02934498139225073 0.05369825337262547 0.06789151864107469 0.05324663908430848 0.07580136178356849 0.09301888792103184 0.09021360289973801 0.012953448061103037 0.0840812697978881 0.07368874702870154 0.055961211756366556 0.08642298626890957 0.10520877643398657 0.05318488603383538 0.07412121227132427 0.08192508696825516 0.06595160420537516 0.04047871948246538 0.007143679228958872 0.0863893323008948 0.031340876447914154 0.0758737269708696 0.09079122114246337 0.10683519780428954 0.06518846585732835 0.05967299469570965 0.09812139833509188 0.05862104935478212 0.0879962332374874
 0.10966114636760056 0.06374647759047823 0.08595518973229584 0.03573994528830396 0.049406192704606604 0.0276360334993611 0.041335229449494915 0.05915313873502044 0.09415362314788507 0.007463027763554269 0.013533187830167508 10000.0 0.10321056239197818 0.07074535731886149 0.0538327540603429 0.0882084253374129 0.07002742472374668 0.029605480528152404 0.03996525964650669 0.00977246317412127 0.02876809439941829 0.052656780748268774 0.05510004001389802 0.0457711745708453 0.05394213949332271 0.04583021773459989 0.09766336552521537 0.0777096426627983 0.07808971164845865 0.065060527541691 0.06234609537426703 0.09134270912404792 0.057380682441404034 0.09259920779635719 0.032261454573141404 0.07085625157377186 0.011081308298476682 0.0796786758478933 0.06582749623821642 0.015874905087673506 0.07233750922083576 0.08110123739036189 0.056755011296712204 0.03134496218871312 0.05105855039999907 0.09376768317004747 0.051254732893970284 0.016152931019100283 0.04881924880418336 0.0682669436787631 0.043931135873243474 0.0796247013758844 0.08753532953379813 0.0900013687999048 0.005930787005577583 0.08116977404442476 0.06673170928285975 0.05901060135924204 0.07799157016506317 0.1044853591053433 0.05527112648416118 0.0743530816290742 0.07742211732113921 0.05913905811052691 0.05239226637730511 0.01154672020401984 0.07981097983142306 0.03895484892839173 0.07909345578498082 0.0800881844017703 0.10644406491783284 0.05893186666843336 0.0500587244958589 0.09888236910344038 0.06272172011789022 0.08042749193690267
 0.006985520292457125 0.040861440112572534 0.018532907148563878 0.0684244348701406 0.07274967104054127 0.07566419989253287 0.075043931910159 0.04447390666993044 0.009236362745540395 0.09952042679697662 0.10371254894324032 0.10321056239197818 10000.0 0.0674399463791876 0.05641769069151546 0.018355608825098294 0.038245529880099376 0.07651458574363702 0.07526841965385717 0.10792961751193737 0.07834988681690938 0.08492638510726468 0.049814638549048815 0.0767009869208912 0.06116024920652141 0.07972410070310983 0.012284276492848986 0.06968263500114812 0.041789614078733904 0.07814599235952716 0.0668788459620802 0.022349421064522326 0.09116729544846379 0.015960946000688755 0.07526224163016933 0.04324314591719492 0.09765829428572767 0.03486089467764793 0.04334563209256657 0.10998152494924224 0.09331257267271442 0.03717329227751701 0.09205980539133668 0.08980065383980256 0.07099030168256697 0.016029155779835217 0.05646040025880217 0.1000185657646429 0.05766567284118393 0.03591241860504156 0.07441110663279459 0.038739717157059116 0.038826162177953746 0.013545745459436731 0.10880347821297735 0.026679622559069128 0.05393481009508064 0.05042826214605632 0.061419223997851706 0.0021994999695126713 0.05147400017721775 0.02969464313540577 0.03626718548250632 0.05664836444179789 0.09285244835989444 0.09731743663160525 0.0477942562354839 0.07830030129959833 0.03593272150146077 0.08165621228496284 0.0032989838748909033 0.05446823921115611 0.07375920010132432 0.010652409066032128 0.05082580605749704 0.05476601345609172
 0.0740573665317683 0.038763436042850395 0.06108594445680249 0.05581663042094671 0.021342581718532996 0.051246381837505114 0.07442016100697038 0.05077471134483228 0.0598187991230004 0.06369283121136 0.07993164232022427 0.07074535731886149 0.0674399463791876 10000.0 0.06539399424973869 0.06516237991558253 0.06316076755544336 0.06270516910949772 0.07334928967977376 0.06904457972651669 0.06482187796301461 0.09222903089900104 0.055324682894185906 0.08005567646323097 0.07160466439541434 0.025862295703346107 0.07121289850972143 0.00742118845831577 0.07681440196623628 0.011768530372866048 0.008693475961266534 0.07302066277797932 0.02691527125326101 0.051491950137157454 0.06450229262766698 0.025996323872821307 0.06021957531283216 0.03267738356231076 0.03014845737224749 0.0672316489173239 0.11099620753201665 0.030305670544898234 0.028020819233552447 0.041531883789349903 0.0197695556121386 0.05158139446420212 0.06150897029861689 0.05800289514739505 0.03355650038197938 0.054508357525506465 0.02685135669863986 0.07556532406694527 0.030853958195747634 0.06066105690750939 0.0763288924052361 0.041883788613589934 0.015806551263796192 0.06409474835208435 0.008985859897532731 0.06716964431163014 0.059530748125895275 0.055687278486357836 0.031578100007820395 0.019702460733539977 0.09785998738847203 0.07305419021919496 0.020349630193657337 0.07573389956506955 0.07235620263394076 0.016699805149378907 0.07027975842488678 0.022451697538486318 0.020724502930103902 0.0711523526347985 0.0695634873189273 0.015038526673670284
 0.06168111421424683 0.03057589861831837 0.03788656927880454 0.01974448504336742 0.052689180068101936 0.03108213086101035 0.018629215128912684 0.017178387239489622 0.04872222954717043 0.05300225329946948 0.050182615019232296 0.0538327540603429 0.05641769069151546 0.06539399424973869 10000.0 0.03865639905284274 0.01844900021469572 0.02423213889557962 0.018920762604508087 0.061406065501364626 0.025281858173196232 0.03119367633547931 0.010769941769583413 0.020827482258187875 0.006590957029327988 0.05651532150471224 0.047663152011113805 0.07218034779411091 0.024260049370118164 0.06904429158232539 0.05823738642342318 0.03941494327481039 0.0735199576810472 0.051740283047719535 0.021770382808903716 0.045933424476986846 0.05271982043391509 0.0493135401084331 0.039065416065412376 0.06559636646120107 0.046686051265882336 0.05268941879675296 0.07378370444658353 0.05617681841040189 0.05237820661588043 0.05320225263068295 0.00420202426044963 0.05760615868224215 0.03258582668518942 0.021761610300723017 0.049712670923903475 0.025854940727604858 0.06022398998360775 0.04305159382760568 0.05843407218375514 0.04424860956461836 0.05116545549926575 0.006059622305358387 0.06682075651943752 0.058233347555048255 0.006664724427970488 0.027411321184960986 0.047736055276796155 0.04569412852901063 0.03869412875729373 0.04492386842198346 0.05897617132077389 0.021908026373593986 0.02569737604153534 0.08163669864168556 0.059249811265333005 0.043015864180882823 0.05420393402893932 0.049197014596940966 0.008937506029907564 0.06429185278603089
 0.02304835369010975 0.030414509557969045 0.004082556410975925 0.05264540702840325 0.06493892206598663 0.06121823878813156 0.057246749677216116 0.02915391445020943 0.013189627665607384 0.08531113003093489 0.08736362641201298 0.0882084253374129 0.018355608825098294 0.06516237991558253 0.03865639905284274 10000.0 0.020240372735111797 0.060189498515855144 0.05757716141526326 0.09387309195646322 0.06185447838132594 0.06657934269630554 0.03337681494974 0.05857532222428583 0.04303315143344041 0.07146268830496892 0.009456227686920397 0.06921437665748241 0.024022244479475034 0.07428708307552469 0.06225431902487716 0.008200842098708978 0.08528635341548216 0.021458759456447735 0.058592787644073684 0.039174952323706574 0.08386801158632978 0.03402659111078634 0.03633429847690525 0.0966102660511156 0.07535281054090706 0.03751316117232693 0.08602244713161493 0.07899761961293088 0.06348120435588336 0.02270609898933637 0.03918418889470835 0.08701978747179027 0.04659345605820461 0.019963794797346134 0.06531799756966446 0.021042377171845605 0.04236201082444925 0.0073283055544607935 0.0935609967231898 0.024267669906827417 0.04979694152968993 0.03260396329176574 0.06128585453670858 0.020399138997352028 0.03431417503149445 0.014080390814090127 0.03434264878727749 0.04997299520103445 0.07450710877192153 0.08129583140299977 0.0482559903615331 0.060551803443523546 0.017920766057935633 0.08110370953210082 0.020863894589686727 0.04726379997930452 0.06618910057601081 0.010759724602368808 0.03256178768048557 0.055498993127589914
 0.04328701832258755 0.024406584920041358 0.01982710445034014 0.03433583503828025 0.05634801511723903 0.04429572771084947 0.037009380281834946 0.014383595544354833 0.03111235340478345 0.06801471694674548 0.06792218751036021 0.07002742472374668 0.038245529880099376 0.06316076755544336 0.01844900021469572 0.020240372735111797 10000.0 0.04104177631782703 0.037361106109250516 0.07659952641165713 0.04250537910384974 0.04713510016893465 0.015281150126915076 0.038455887249875746 0.022919207918448207 0.06183599961108775 0.029222729850981424 0.06889170954067353 0.013706268391853554 0.06973055055779438 0.057799384073285304 0.021439263147875767 0.07772407137722899 0.035761005263590835 0.039113597253459885 0.039025961483293986 0.06706484933109345 0.03881125573796246 0.03327592613696543 0.08002760956387303 0.05842607143751864 0.04255702735424208 0.07824175661409194 0.0658630820230455 0.05539085217764694 0.03723692575297326 0.019387587089363254 0.07104080733225641 0.0356357309208754 0.008841666767418854 0.05508347838578684 0.012950276547004706 0.049480367207572075 0.02515979668775902 0.0750805763173675 0.0311715465956157 0.04747875991133625 0.012389387800709875 0.062058073554216 0.04014573476821055 0.01483598923292849 0.011260243438795812 0.037902566558800005 0.04450130882426764 0.05501065131761843 0.062188737357446434 0.05132821709384304 0.040320221538351776 0.010521155299419318 0.0798569605347433 0.04097202316752301 0.04154231554896338 0.05779614450626296 0.030748599298263304 0.012871247246819184 0.05785451295388813
 0.082547880244256 0.04059446965843105 0.05844363601612785 0.008762127616119275 0.0440377896744142 0.012896059179299441 0.015300321976213407 0.032128418367203794 0.06785145318392549 0.02929245930815151 0.027223916130676106 0.029605480528152404 0.07651458574363702 0.06270516910949772 0.02423213889557962 0.060189498515855144 0.04104177631782703 10000.0 0.013809558284066803 0.037471883820095864 0.0022585905579428 0.0323217070165309 0.02684903476096912 0.021256135969372796 0.024731546173488946 0.044892705736100665 0.06959270171134053 0.07011413605779723 0.048485144460655306 0.06207755056352333 0.05418655812825376 0.06248026691737266 0.06146670814866443 0.06815959915971408 0.003209959565990709 0.052305833539833715 0.029569522178255005 0.0592660973118112 0.045831828151920634 0.042082464054717134 0.05294350822464556 0.06170399739149974 0.061376003747881554 0.03850391265086728 0.044684352920003015 0.06949163608050488 0.021847201043744463 0.035167373279464474 0.03099099425623883 0.04066871279556649 0.03921681999934405 0.05005636751818214 0.06905661907398081 0.06300273504836823 0.034257569139571134 0.05791937883535924 0.05256354015686435 0.029542193149116013 0.06725562598587807 0.07803629437690149 0.026210615462931543 0.046899147567506065 0.05716475257819952 0.04512830021595128 0.036277921316403235 0.021162586416834273 0.06407023112521333 0.014835606416396563 0.04965639828753411 0.07674361250240164 0.0796249882829606 0.04351224715921249 0.045370220672916975 0.07094919448988744 0.033116654219539084 0.06718232688433858
 0.08059850924849979 0.04504367830888999 0.05673778068140786 0.01770270268083388 0.05621293893473964 0.02634083337676808 0.0015081548955701626 0.03335914188567839 0.06737912891947839 0.04136542974956055 0.03323271852912391 0.03996525964650669 0.07526841965385717 0.07334928967977376 0.018920762604508087 0.05757716141526326 0.037361106109250516 0.013809558284066803 10000.0 0.04891030215117727 0.012987280820558967 0.019213715692323694 0.026773878836524007 0.0074961415897612065 0.015739687038677452 0.05785036643696496 0.06655358304127254 0.080648444764407 0.04103267614014452 0.07408241994371734 0.06514349995196049 0.058055824091759314 0.07469572814340676 0.06965087621260344 0.010718258415718676 0.05899615401266028 0.04226235492414742 0.06437824637685965 0.05211587366957725 0.054126080856622606 0.03945785525709503 0.06734494784914839 0.07466991823776925 0.05229695612582381 0.05659380673913254 0.07108299692428548 0.019082845304048853 0.04822228826203099 0.04010155847992161 0.03999537672722599 0.05178573096409273 0.04322555264980092 0.07491930760391706 0.06183604611140999 0.04347910311254854 0.0609692115270302 0.06143770221785165 0.024975833965888317 0.07681813660538886 0.07704944665847731 0.024066729299436485 0.04595066609727663 0.06249763088848268 0.05455893126742323 0.02454547461540375 0.02933199301190348 0.07162328868927827 0.0031110908660826773 0.04377050953414144 0.08829397306813391 0.0781352636228915 0.052457218915267646 0.05762649563545988 0.06810113932497147 0.02625766048151087 0.07574951180565598
 0.11456994356471933 0.06756840894140502 0.09132343033318056 0.042378849001040116 0.04806036918197477 0.03265878794959989 0.050329578963913234 0.06472779929506571 0.09875137961208483 0.008593613680855308 0.02277208839368256 0.00977246317412127 0.10792961751193737 0.06904457972651669 0.061406065501364626 0.09387309195646322 0.07659952641165713 0.037471883820095864 0.04891030215117727 10000.0 0.0369974337016719 0.06234212592369313 0.061399160711137366 0.05505236923658177 0.062169048357812604 0.0433121276870004 0.1032820828782995 0.07561407927811781 0.08559842308265136 0.06195588334517278 0.06106508255524011 0.09762782327110447 0.0523790967239315 0.09630804410489362 0.04038409762531044 0.07273201499317007 0.010377976952747182 0.08197863546692324 0.06840542812961144 0.006206320710296181 0.08210358934951527 0.08298203260051798 0.05161452140768351 0.027782779762759908 0.04991176289093982 0.09738488090070338 0.05846756376863933 0.011095973710079234 0.05158636756331706 0.0739360514531523 0.04289137878157501 0.08692459308230747 0.08891932935416938 0.09502603422282287 0.010837406119775081 0.08456131505485608 0.06724556831378624 0.06621947675169176 0.07692533677798731 0.10905515652042565 0.062096792649426975 0.07984135022268725 0.07972259752423154 0.0599734146525651 0.0621646015458312 0.021280129904056748 0.0804036187246017 0.04814713898589897 0.0861102114323852 0.07655426749220554 0.1112049550756109 0.06024870854192237 0.048431828693136884 0.10439700384419538 0.07034346989721572 0.08013541730405001
 0.0843228835775249 0.04276996934154801 0.06019955659836952 0.01096057343896133 0.04596732231840558 0.014574886464106252 0.014495430308265863 0.03404661506145215 0.06974402738586051 0.029014755791796562 0.02550971667656479 0.02876809439941829 0.07834988681690938 0.06482187796301461 0.025281858173196232 0.06185447838132594 0.04250537910384974 0.0022585905579428 0.012987280820558967 0.0369974337016719 10000.0 0.030925558472706335 0.02859178760395348 0.020269871980213 0.025219245267563792 0.04661762650116826 0.07123158850270345 0.07223528741833499 0.04946019709665002 0.06401256101257426 0.05628016810488915 0.06393792056107608 0.06306251662649784 0.07020761732607367 0.0035176781020230382 0.054560966952403055 0.02956825484597874 0.06149068154030855 0.04807792006319658 0.041834931602766516 0.05163223003452034 0.06394439139082891 0.06294230375659166 0.03964987782134226 0.04666186995035008 0.07154820068776037 0.02318526033294414 0.03537230096315496 0.03323611677174085 0.04246228621198774 0.04106882957350052 0.05113606173273519 0.07130419743360494 0.06482237308871196 0.03317087957921878 0.0600516612581324 0.0547974870308919 0.030786145174935844 0.06944989243654301 0.0798977456788374 0.02771254986925991 0.04869379158378889 0.059394639600822044 0.0473460948877295 0.0345443381713354 0.01972559447901802 0.06632700152302483 0.013577251748577676 0.050873961036234094 0.0787404562768376 0.08144133907927287 0.04575010053785369 0.04728049090119546 0.07261188141386571 0.034076388598280154 0.06941925356930471
 0.0892225349979116 0.06123638268088816 0.06683916636291477 0.036880132555775026 0.07542575715432702 0.04518286812838905 0.017970144986254263 0.04821786135293154 0.07823446911558031 0.056073261087604936 0.041997167145995135 0.052656780748268774 0.08492638510726468 0.09222903089900104 0.03119367633547931 0.06657934269630554 0.04713510016893465 0.0323217070165309 0.019213715692323694 0.06234212592369313 0.030925558472706335 10000.0 0.04157003648165237 0.012173389368673277 0.024945751915653645 0.07697759295651424 0.07447931267904317 0.09946303101639829 0.045043823155989426 0.093276960042861 0.08414777830333525 0.0647323867092997 0.09372475352511321 0.08239518172304247 0.029517552843404182 0.07611466705272617 0.05779015996833568 0.08031994923091512 0.06917077636263363 0.06819193053087749 0.020757300036320415 0.08358930827457149 0.0936608841798292 0.07051826780291917 0.07579193825971775 0.08387086551726085 0.03356811371547444 0.06411953435540065 0.05875749070061279 0.052557418767306345 0.07098143775330851 0.047921018859243894 0.09116523444271067 0.07222145960577293 0.05448274360332165 0.0754283147344877 0.07968359235365834 0.03616290944422754 0.09524777492036753 0.0869327396835724 0.03777376840063049 0.057677452963768853 0.07864629145970996 0.07312098399240441 0.007930284925013416 0.04111430891676838 0.08903426007561589 0.017506473101417612 0.049813961673706074 0.10739973660428725 0.08739851325320072 0.07085041648116736 0.07684019291991531 0.07618143860809284 0.03427701488567866 0.09368968584679672
 0.05573176657425259 0.019827675396337324 0.03160830053632454 0.019373468958911552 0.04440793600984627 0.029015651908274286 0.026958978665603272 0.006713423716539756 0.04137251092516306 0.05280750040716899 0.05406506985286 0.05510004001389802 0.049814638549048815 0.055324682894185906 0.010769941769583413 0.03337681494974 0.015281150126915076 0.02684903476096912 0.026773878836524007 0.061399160711137366 0.02859178760395348 0.04157003648165237 10000.0 0.030473511147196104 0.017359559527856384 0.04905633573705034 0.042807795010244495 0.06193147516212242 0.026545227045452834 0.0598097695030669 0.048561822222831896 0.03628212753945125 0.06568500429739597 0.042926546155714715 0.02545102919902036 0.03516538439885317 0.051795735644529786 0.03875129654148446 0.02830773480332057 0.06475282842236847 0.05744510017447715 0.04205338489331608 0.0660660386877317 0.0513013331865184 0.04382038060372199 0.04434792407187514 0.008065475938758988 0.05577386726720557 0.023598697679049995 0.013902346488401683 0.04219145303522241 0.02695692455296614 0.04961576149037532 0.03627205087475641 0.06031861138506777 0.034346123879473535 0.04070308467532798 0.0089262067740215 0.05630095101336188 0.051414534632637905 0.004269194673892463 0.020124768594912242 0.03710332121084043 0.035660398430866755 0.048832948969297685 0.04792137000040238 0.0482088712957565 0.02988418502140818 0.025357883150984546 0.07177087876360569 0.05287764851547812 0.032873068898753674 0.04591416073377601 0.044131928520468315 0.01462378037521431 0.05358705049067769
 0.08158231027242775 0.049776593936932054 0.05825274160155281 0.024850264490113325 0.06343789224065001 0.033836133647952696 0.006073352396364253 0.037186660321050016 0.06933820218015176 0.04787675718535534 0.037439124224517305 0.0457711745708453 0.0767009869208912 0.08005567646323097 0.020827482258187875 0.05857532222428583 0.038455887249875746 0.021256135969372796 0.0074961415897612065 0.05505236923658177 0.020269871980213 0.012173389368673277 0.030473511147196104 10000.0 0.015546206104955815 0.06525488128579181 0.06713230764624556 0.087291214870451 0.039539485974149094 0.08121926900294883 0.071984995703767 0.05799711671611238 0.08214262124639993 0.07256596239426047 0.018203036025268928 0.064361619657428 0.04904077403152411 0.06902652328068815 0.05742466370301623 0.0605072160620541 0.0320166468359345 0.07218122076349598 0.08212853581814648 0.05975973448095779 0.06374786210294277 0.07402679903417493 0.022412317904131642 0.05513932372274449 0.04659109589437466 0.04258907670344044 0.059116373146826814 0.04207523211698624 0.07977202585354676 0.06352994701634888 0.0487182286135285 0.06475834843635338 0.06759697578637792 0.02649181214121904 0.08312849846524353 0.07859705213650514 0.027035602881561968 0.04817232714429828 0.06726446264618266 0.06097070099654507 0.018557286401794056 0.03462460329469931 0.07720002283839442 0.006986808311278274 0.0432235431683682 0.09526229659308653 0.07939939362704286 0.0587271610559934 0.0648684777319275 0.06876154292525354 0.02613054452787366 0.08169249773950474
 0.06605108068432963 0.03716508763601867 0.04273319477938419 0.02251190255859636 0.058069484782689376 0.03386280849388673 0.014979905100477621 0.023734138217164583 0.053892362067910336 0.05402309758904049 0.048670049603793 0.05394213949332271 0.06116024920652141 0.07160466439541434 0.006590957029327988 0.04303315143344041 0.022919207918448207 0.024731546173488946 0.015739687038677452 0.062169048357812604 0.025219245267563792 0.024945751915653645 0.017359559527856384 0.015546206104955815 10000.0 0.06146017287718261 0.05165691542707015 0.07847521474366831 0.025300380727717352 0.07482196770098928 0.06426739320633887 0.04272132043477512 0.07855422517660335 0.057541489929910206 0.02178836576607606 0.05251928910321769 0.05417929784493446 0.05584048584609002 0.045644014256089264 0.06680350286934923 0.04011694658239784 0.05924147390632273 0.07875487808428992 0.05978903477628984 0.05789416246874465 0.05901362839765778 0.010106373830182081 0.05950801770302741 0.03847104291175146 0.027629093352243148 0.05475044220776192 0.02749455981056572 0.06676345647168117 0.04803271497251687 0.05807228104031671 0.05053355389125089 0.05759054454702979 0.011248742267393289 0.07326230539650438 0.06306486601941469 0.013234593229614825 0.03291560214853565 0.054288666728071866 0.05193071489072184 0.03261582113185223 0.044128848784548064 0.06556095992297704 0.018327428316874256 0.028174006125576433 0.08771840447493501 0.06385319142618757 0.04930928620070028 0.059577660257830026 0.05327050349104072 0.010738682361009978 0.07083538891574025
 0.08670660565711587 0.04105742969492302 0.06776015667249696 0.04064445107123526 0.007072830481977151 0.03204320314925 0.05919942996374499 0.04748172260348385 0.07080887159215764 0.03853344640478594 0.05633182222701691 0.04583021773459989 0.07972410070310983 0.025862295703346107 0.05651532150471224 0.07146268830496892 0.06183599961108775 0.044892705736100665 0.05785036643696496 0.0433121276870004 0.04661762650116826 0.07697759295651424 0.04905633573705034 0.06525488128579181 0.06146017287718261 10000.0 0.07962689360737639 0.03230196156700489 0.07497202646823699 0.019300712808105896 0.01848909492497553 0.07802319849283845 0.0171146876873462 0.06494063113647978 0.047501786459701295 0.03733616705631754 0.03496052927807057 0.0468898559366437 0.03640842579849282 0.041370638385329596 0.09726978388726984 0.04641686963071412 0.01729539141278001 0.015671337278671645 0.00901379591439481 0.06557158725763988 0.05231458089184305 0.03223016009783418 0.02620359921659449 0.05481559962545562 0.006866445461195269 0.07473611330663192 0.0504595135890795 0.06938559081050061 0.05116506566743132 0.05318562629029122 0.02823051217632927 0.057677903089611286 0.03417106562559996 0.08013036754054181 0.052481783781055905 0.05861859030631204 0.04488969741215353 0.02326564687599305 0.08115272168872574 0.049891880556889735 0.04045260845027081 0.05951144908960912 0.07228094887673765 0.034465079825655213 0.08293625573392126 0.02526152874932823 0.006417342086633069 0.08012838808128736 0.06338779321799085 0.03838109116797169
