NAME :TPP_input_26_3_3
NUM_VERTICES
76
NUM_CLUSTERS
26
Full Matrix
 10000.0 0.08139160147547561 0.04285655536136892 0.09383072244072713 0.07322696605164898 0.07722407365849804 0.03645500321471133 0.030751117899057188 0.023789907845229007 0.0636207675058622 0.045128385081106254 0.07130237024840697 0.06810940927567832 0.08658376410140173 0.030263971755176707 0.07291860483510103 0.03301263023964781 0.05795051041971621 0.04788099674252454 0.063075332849279 0.10000783349307488 0.02767296778402427 0.06215687641558394 0.0570207260277534 0.08031324049105014 0.07786579596545345 0.03832162369299922 0.028155375866234063 0.03585885546258578 0.03762747013800245 0.05022515532074686 0.07143868934607203 0.027040202371378528 0.09575988249977302 0.05672632715023692 0.0745118589906221 0.07117629727355423 0.06768355406338904 0.10201495918147495 0.05208970134900995 0.06752049686268699 0.06421036920933211 0.053257669594825544 0.07589693312898373 0.057306727705470635 0.07745771775695953 0.07463309163522727 0.06467609462025299 0.0819663419005638 0.06233845284825326 0.034673304266266976 0.03711091198378727 0.01986194243318381 0.027605416696240066 0.05973312624717524 0.09725339168994325 0.02213563500147878 0.056552229307203085 0.04632801244246405 0.02217044880881984 0.0825917443690566 0.043961353543271416 0.06829450557838311 0.049091260259169336 0.0741072301124246 0.09503880412787725 0.07831011779688432 0.08145715059424186 0.04701516438681749 0.10142656250558331 0.025114820717870297 0.0797953857663734 0.08315708547868013 0.012830959998306189 0.06257598514513056 0.06968305476424073
 0.08139160147547561 10000.0 0.0630280637584994 0.02700655183609206 0.027251602467453815 0.07518331004169186 0.07443694331540368 0.05739170958554946 0.07035925378304667 0.02603779726235887 0.043842712724364796 0.020026572489328345 0.03739084738202145 0.025600275453589744 0.0746318746802834 0.07707534574756712 0.06984206389325519 0.03041295370516834 0.04644901865078625 0.027458824634770614 0.02950422804676937 0.07327303074245611 0.020920227308858945 0.031808404070233685 0.024887233397359414 0.013479079745417207 0.06010138354680417 0.05559974221443127 0.07145793429218586 0.07367203223374037 0.03392681539017904 0.08564292961076198 0.10415087005960941 0.04095620109282821 0.08721109220359284 0.026861370726087623 0.0666855525561008 0.02260337130485444 0.03771339618868768 0.08433897919784371 0.045822781090301495 0.017300501171809906 0.04350833760192133 0.08459899261959751 0.07272618640279664 0.03876105401691909 0.06294125831367439 0.04270194731024295 0.06280061129488107 0.04765839173775767 0.05325842475948454 0.05212691381294838 0.10125202551403518 0.10616366230790919 0.029610783938929623 0.037872258641947446 0.0720592158056367 0.034460129769532784 0.05180663744117413 0.09312138578940521 0.06161686665926001 0.06659011769474689 0.023358519608848757 0.08990785894722107 0.04297461909037794 0.03193707567660018 0.05514284111793925 0.05430710265606981 0.05486848162527924 0.043766049156001505 0.06799766086584902 0.02820880321461228 0.0319570065461246 0.06969402318244544 0.08700906429609642 0.011957659085627922
 0.04285655536136892 0.0630280637584994 10000.0 0.06315056685504246 0.04236046204142003 0.034992744035184084 0.012763150630767491 0.016873668145277222 0.019246043409297402 0.0374702738027541 0.02028258194735486 0.04510258780226415 0.07192035092456793 0.05562176452368554 0.016278938527422824 0.03150686907771468 0.011213925790846124 0.032620687001644146 0.0165855070185057 0.06039791572751373 0.06963458263790617 0.05950024476995205 0.05259351809838845 0.031225307273985543 0.049656540358610904 0.05320409749752349 0.05946797104586655 0.023528513163610484 0.06508498294041648 0.01158878433534005 0.031034023260072936 0.03334240567558259 0.0695062571169823 0.05966074361762175 0.026183368593949607 0.043594719344978654 0.028349676275049956 0.04155708185642379 0.06834492947768989 0.022319895742590173 0.028704604904346943 0.05037884060042959 0.020110711656678645 0.03624553061553135 0.01699862387292423 0.04091449200713108 0.0318811505251554 0.07203028505344221 0.039415342646204686 0.023317288412072257 0.016891374792087674 0.05102262230724702 0.057831085141276016 0.06946633080474118 0.0580655585960764 0.06254586691644479 0.021141474736471228 0.05826863308674733 0.011232461897882613 0.039275299861436234 0.04019150017904593 0.0038488619156170373 0.0413335478580907 0.026948366338706255 0.03602878576104275 0.06237512860639535 0.03675844765664516 0.040225553623437126 0.00852404234288669 0.06526371058924016 0.05326279003696468 0.07663927956455338 0.04934139153822526 0.040825422926494555 0.02861462207701303 0.05200001757793741
 0.09383072244072713 0.02700655183609206 0.06315056685504246 10000.0 0.02125955010260791 0.06155401350163299 0.07588228789320152 0.06473261497622242 0.07678113722104991 0.030219696033578325 0.049478562657685514 0.022862144511479193 0.06389505267062438 0.007577750530490423 0.07822731836426744 0.06523371961280772 0.07292005298656358 0.03588495912088524 0.04880328598044408 0.0525773318253052 0.0064967232692512405 0.09267287983042329 0.043394869918149837 0.036859163272221336 0.013828272310943636 0.01859368612978903 0.08161325432403353 0.06575124363181306 0.09264185844637764 0.07473884741343825 0.04383411153653496 0.07523801944593629 0.11936807164582637 0.015530502368044699 0.08206245760200631 0.0199555997936054 0.054782926891057335 0.026274578543884836 0.010867934024987685 0.08053679522974576 0.036698219669215285 0.03777679613232208 0.0438121588714404 0.07251175989096834 0.06651657653748086 0.02457524591122684 0.04941256432033065 0.06884024223943531 0.04613344144240044 0.04115339233042235 0.06036419716870535 0.07235469733959164 0.11313453577992054 0.12076165742275338 0.053938964377425284 0.011393345265367892 0.07878483948622719 0.05849128572208343 0.05294028942832801 0.1000069727717559 0.04458183448514391 0.06580584780448223 0.0255644930562876 0.08759897905245691 0.030327381337570136 0.005297309853025678 0.039648636070498844 0.03726455214640656 0.054749384335360064 0.017032669108947514 0.08657498056514915 0.05513959796911415 0.014740339033833932 0.08410719710513635 0.07983117168288077 0.03109775246579258
 0.07322696605164898 0.027251602467453815 0.04236046204142003 0.02125955010260791 10000.0 0.04804553490529823 0.05499363751002902 0.043605752503048975 0.05552976595272417 0.010825790291225084 0.028393632528433306 0.008231279888463615 0.05603308292885277 0.013706758533442368 0.05707176055266465 0.050275809335487406 0.051783700622656324 0.015695438382665357 0.027552707879200573 0.04299632605503806 0.027728246957310854 0.07493189099066591 0.03232909633406802 0.016383536281554662 0.007441822952186946 0.013973988808600096 0.06575787677201571 0.04507166141828455 0.07613965043235912 0.05390726884762608 0.024281464190139178 0.05934097614915913 0.09928282785927182 0.024023715485240148 0.06329338798229185 0.0013092909380958966 0.03974909634898784 0.008720196288964857 0.028800657491289475 0.06118480363482871 0.019076293981327343 0.0265639875553878 0.022644712715720303 0.05781366479929786 0.04801299661882034 0.0122056061803849 0.035733261166413594 0.05966589172001953 0.035713788374408216 0.022060100711288912 0.03926439157949327 0.05593516695496998 0.09226938982754193 0.10047635798134316 0.043085138920792104 0.0244028432392473 0.05753861213064991 0.046741465290311486 0.03182693843871018 0.07874743316080647 0.034617803377236724 0.04526408807656207 0.007411168300702436 0.06778783693636964 0.01575433345996699 0.021823625265208695 0.02800295755556286 0.027514131166706902 0.03386423738280609 0.02932063609889869 0.06851248630519843 0.05209550385524943 0.010725009444956747 0.06422062894438815 0.062027687840217484 0.022070187523357657
 0.07722407365849804 0.07518331004169186 0.034992744035184084 0.06155401350163299 0.04804553490529823 10000.0 0.041704521195300055 0.051104230823765966 0.05345221096950332 0.051294563539157394 0.046457742139315916 0.055282225842857836 0.09716842143626182 0.05583908570568858 0.04769649944245565 0.005932025133755625 0.044234668289434786 0.04995162131523543 0.040584030331407575 0.08415660352755779 0.06689904655377658 0.09411040590637948 0.07409742197456264 0.04894679424945821 0.05244024872086595 0.06201940884494784 0.09230771904437944 0.057391538026118814 0.099159788528763 0.04034613497016038 0.054327070766344424 0.015713766449352486 0.10316683220140863 0.05012702525236143 0.030348776083745588 0.04861776696479395 0.009055944284992276 0.053390827002400096 0.06094958510651447 0.03220960407911957 0.029509408477843103 0.06963567213137997 0.038623093038591294 0.011360505717468774 0.02040054421118926 0.03795540321673656 0.012419638299905375 0.09892956811132088 0.01636605806310045 0.029140170626188035 0.049666692772139476 0.08300956693808317 0.08992037016226448 0.10269939846857959 0.08282340490019668 0.05479518625570623 0.055095812880525015 0.08465207146249411 0.03742132735013195 0.06850071672697461 0.018040502408949166 0.033307294455754435 0.05235491245160731 0.03996175340031634 0.032726433521111015 0.05804467906526104 0.021906430076194285 0.024571873850146517 0.034588258333320514 0.054176900623139825 0.08770659569046922 0.0973823408651046 0.04743288287762639 0.07579545924752726 0.02478389793372953 0.06778723816940342
 0.03645500321471133 0.07443694331540368 0.012763150630767491 0.07588228789320152 0.05499363751002902 0.041704521195300055 10000.0 0.020763783833164354 0.013940604304498906 0.049453793645326344 0.030686876735088447 0.05729115809141837 0.07900417175166624 0.0683415087626815 0.006195625597072042 0.036912296991367076 0.0058750997580402885 0.04426670778333992 0.028333074925549404 0.06856565865274206 0.08237068300663089 0.05808598335778438 0.06197047559998618 0.0428878725831719 0.062332729860412855 0.06534440290764658 0.06129807458377417 0.026729037837693852 0.06480057768117309 0.001427979864681209 0.04120525655320755 0.035020097604758826 0.061585058667837436 0.07227177989001402 0.021757973575443953 0.05624284629558402 0.0370889213528417 0.05365464159158309 0.08108286806809423 0.01699784686317906 0.04125141711935792 0.06057444810961601 0.03250607893091176 0.03945357693245322 0.021340273628707954 0.05359640577520953 0.041761091404403844 0.07824339349799639 0.04960419765678076 0.03592645875622202 0.023310699915665565 0.05423637652383692 0.04827446891145102 0.0610172429890765 0.0658838766734702 0.07525136608666448 0.014890683582851864 0.06526977806887672 0.023343884734017047 0.02776943939485717 0.050618481932263704 0.010829476281770431 0.053540402337064204 0.017857688225182293 0.04858736968999744 0.07513805103586207 0.04811816001490244 0.05171904882494357 0.021146111074014543 0.07784038039653056 0.05254278901323784 0.08546517430785401 0.06210333276450345 0.03829604385003633 0.026771149096160046 0.0630119903882728
 0.030751117899057188 0.05739170958554946 0.016873668145277222 0.06473261497622242 0.043605752503048975 0.051104230823765966 0.020763783833164354 10000.0 0.012968770256438809 0.03513216877249687 0.015257023672548579 0.04319340935768074 0.058256741540658206 0.05726007392103605 0.01840632144508181 0.04811023065511582 0.014952404323025786 0.029374068051768662 0.017157772526845385 0.04811405529980002 0.07111410013844854 0.043006253109798234 0.0423626904077525 0.028198679999414774 0.050945641647940604 0.050663116306639076 0.04266328103089961 0.006691014053892424 0.04828834891083778 0.020740722297553794 0.02350614252371336 0.05016558237523627 0.05770731702681416 0.0652754513886755 0.041014107495750664 0.044913531926001234 0.04356397552840045 0.03942971534082976 0.07212157910011203 0.03652397358664526 0.03684386182663406 0.04187855939692819 0.02255634778233532 0.05310580381760538 0.03386846002372366 0.04678659280338827 0.045868098546297906 0.05750444276621965 0.052636281238407724 0.03176534775181789 0.004391207535474662 0.03452472475746812 0.04891172095355813 0.05835373121602463 0.04532073816276243 0.06705733756888517 0.014720391318995876 0.04453240627693243 0.01590301577690627 0.03605111037497163 0.053047136354721226 0.019970227609464982 0.039757361126641466 0.038605761028689456 0.04335697484719124 0.06534324979128421 0.0481814768706018 0.051142993091765884 0.017352849386828507 0.07096631993428117 0.03662480525992577 0.06522380966651578 0.05299726002933417 0.025348814845274212 0.04460182335687289 0.0454996356345538
 0.023789907845229007 0.07035925378304667 0.019246043409297402 0.07678113722104991 0.05552976595272417 0.05345221096950332 0.013940604304498906 0.012968770256438809 10000.0 0.04771258511249754 0.027674617839337876 0.055801260975702136 0.06887022615341153 0.06923646162388343 0.008494596187066024 0.04926141843981796 0.009378697428809868 0.04200609593712294 0.02811562201458542 0.059757839231857214 0.08322749860345091 0.04415643904007883 0.05485169709897297 0.040768612259176516 0.0629528669441355 0.06342200922351644 0.048079390259180205 0.016319339043524728 0.050973616259396365 0.01480455399073515 0.03647107292165269 0.04857436173758678 0.05026436359835894 0.07598021523034532 0.0356313332081965 0.056837128939746934 0.04744757289597697 0.05203255347926109 0.08356203104755426 0.030859013298089898 0.045975729008392335 0.05470170731900855 0.03338351037742891 0.052663350811200514 0.0337144585083629 0.05717443105761798 0.05112701798955437 0.06736940091817147 0.058628799349178785 0.040578954682110584 0.01719672360436242 0.04180355208348501 0.03895757579717931 0.050234934299372036 0.05677320585019862 0.07820451994562433 0.0020696699309642646 0.0553602355822079 0.024931302622095437 0.02332460790471768 0.05936127237530659 0.02017165444194041 0.052267363740333014 0.030386463877663906 0.05303226985185186 0.0770001014612344 0.0555713986235696 0.0589072267512258 0.02465558452921334 0.08167622850461233 0.03870015054735229 0.07705080797888621 0.0643154943047569 0.02435545211898199 0.040699332023187776 0.05846045311661647
 0.0636207675058622 0.02603779726235887 0.0374702738027541 0.030219696033578325 0.010825790291225084 0.051294563539157394 0.049453793645326344 0.03513216877249687 0.04771258511249754 10000.0 0.020038831446848523 0.008089544292718933 0.04776424654480084 0.023105299412276792 0.05051594445116034 0.052339799844622156 0.04541501822353678 0.005772860512983655 0.02112087543165739 0.03451355762249968 0.03639735079904992 0.06413610490756717 0.023857347743125354 0.006946112253780832 0.016979755363381418 0.015938941266303186 0.05500280923894563 0.035593799856302906 0.0653236475562684 0.04855241244876455 0.013754140689658531 0.06025610723882872 0.08922889437720467 0.034844476306028056 0.06117606764296681 0.01190237788852483 0.04238682025424642 0.004322763138354085 0.03897223114658208 0.058361630665944346 0.022056101069683247 0.018687916657269057 0.017569247987321755 0.059754748531414485 0.04675856996800507 0.020990087108690488 0.03970705436939073 0.05077715796115059 0.04165990612804745 0.0224667861911236 0.03074311519364773 0.045147012319707434 0.08300535375662137 0.09056818423529614 0.03404913859141905 0.035011252827742846 0.049630718836321634 0.03722460616842326 0.026268874097770394 0.07102942418910993 0.04088908801385966 0.04088564974625649 0.004685746784909246 0.06414275177948404 0.022268621497464138 0.03181637584016669 0.034057688370935334 0.03459604441113097 0.029106324666096837 0.040093124092092904 0.057743304786877545 0.04616098814533925 0.021548417851070926 0.05401423539154191 0.06104608301393398 0.016623367694995922
 0.045128385081106254 0.043842712724364796 0.02028258194735486 0.049478562657685514 0.028393632528433306 0.046457742139315916 0.030686876735088447 0.015257023672548579 0.027674617839337876 0.020038831446848523 10000.0 0.02812815393745764 0.052671473513208396 0.04201800226363496 0.030880065791464382 0.045176163685717426 0.02600419450433785 0.014356037835021434 0.005873775815734071 0.040569847923086676 0.05585708123508753 0.05160171828400338 0.032341130872410695 0.013097506947880158 0.035702610400023475 0.03581920931751379 0.046731843693023745 0.01717015122072322 0.05500997652990598 0.030010821060774007 0.01076045108286534 0.05028815085961257 0.07166086282128417 0.050666132897549974 0.0462528431911867 0.029698716161134148 0.03771372115717373 0.02435994282167069 0.05703765797756245 0.04257082569207348 0.02468664193809373 0.030164879996404444 0.009495965681402051 0.051643283527174524 0.03438241831125692 0.03268303865818129 0.0380413215012362 0.053492527718708854 0.04340569017131515 0.020600974760433995 0.010886092584724985 0.037039296015036284 0.06391605874254672 0.072615526269587 0.03848670006762555 0.05214258452254482 0.029600812148796125 0.03932847483041841 0.010204641278394797 0.0509948244742073 0.043400541343239125 0.024105609677017616 0.02460115188621261 0.04702611530928559 0.030132220939722485 0.05018199856935458 0.03749173142348461 0.039840202703612104 0.013735471403147532 0.05631816375835388 0.04493690590208982 0.05645371221641189 0.03804670274626781 0.03733274761648528 0.04786585586248219 0.03232706358556307
 0.07130237024840697 0.020026572489328345 0.04510258780226415 0.022862144511479193 0.008231279888463615 0.055282225842857836 0.05729115809141837 0.04319340935768074 0.055801260975702136 0.008089544292718933 0.02812815393745764 10000.0 0.047992015233415536 0.01629892340904329 0.058529552360917544 0.05705538208472415 0.05339375249276639 0.013820276761292858 0.028993339083657428 0.03507515582857035 0.02879463112769981 0.07014473539312423 0.024512706848965154 0.015032845193637704 0.01090461412073543 0.008111309751259751 0.059883828952420254 0.04342248943025913 0.07062928163570939 0.056346726298187814 0.021103328153518588 0.06564940282417608 0.09656545505476336 0.029985897705241023 0.06798691442812835 0.008457759167651381 0.04669730454044316 0.003768967789556377 0.03238973714082829 0.06543183946656093 0.025833052342298077 0.018650758974834335 0.025012105258286087 0.06457588482452066 0.053138224711273656 0.020436389069952918 0.04314837564017567 0.05181090897391652 0.04369191853463694 0.027702489233226626 0.038807520887843186 0.05029519883888658 0.09080997552767388 0.09801855070710759 0.03538533213828977 0.029218735137366503 0.05771674161059911 0.03928079245363448 0.03399130444695602 0.07911647850911359 0.04265873405091195 0.048392227610445 0.0037701946421325595 0.07151224246431695 0.02366965388454957 0.025182524384280282 0.03595946562028442 0.03566172334184355 0.03663700044359155 0.03474855541906082 0.06393084695259825 0.043884957305369975 0.017240406941975824 0.06129190970835255 0.06737477252439013 0.013841915176298751
 0.06810940927567832 0.03739084738202145 0.07192035092456793 0.06389505267062438 0.05603308292885277 0.09716842143626182 0.07900417175166624 0.058256741540658206 0.06887022615341153 0.04776424654480084 0.052671473513208396 0.047992015233415536 10000.0 0.06081102323988827 0.07623422869918423 0.096944584229656 0.07320910073890875 0.04752640581578049 0.05813713501979784 0.013256027772041304 0.06688159103732769 0.048603129976920005 0.023929843522364415 0.0483881803694345 0.057721260917295875 0.04667214613816147 0.03337131675631248 0.05280669166460248 0.04337948559796703 0.07889629864416771 0.043109542540093596 0.10287180132579274 0.08334569597059434 0.07629770360582908 0.0980430258421752 0.05642773322090557 0.08811540953879522 0.04762196208380783 0.07474797910282803 0.09391509801309926 0.06925963690600448 0.02949720374454461 0.058779295009872695 0.10383188334759523 0.0870515126731422 0.06801115769301043 0.08654530145346655 0.006022704495857707 0.08930284454082424 0.06820452760873298 0.05596625670455858 0.03104006904024587 0.08616021269304347 0.08619786212576218 0.014366855152921658 0.07404370010388878 0.06972497774492104 0.013745171632843528 0.06287223644735289 0.08678814481225904 0.08860179633796375 0.07573017946129887 0.04894532172796819 0.09680118769699471 0.07000599936246286 0.06845193996878142 0.08177769478860654 0.08234452960633352 0.06639432973144083 0.07998258333703676 0.04599347739994865 0.014769413436928936 0.06480322841046493 0.05533422260958278 0.10031999167455218 0.03453141088947679
 0.08658376410140173 0.025600275453589744 0.05562176452368554 0.007577750530490423 0.013706758533442368 0.05583908570568858 0.0683415087626815 0.05726007392103605 0.06923646162388343 0.023105299412276792 0.04201800226363496 0.01629892340904329 0.06081102323988827 10000.0 0.07065113334211282 0.05914182339833724 0.06534506184833727 0.028657543644544186 0.04123395206542016 0.04874814136443562 0.014071533202176252 0.08644365752866388 0.03888897529828972 0.02956321375864353 0.006315424220387488 0.01416887817231177 0.07598826783937225 0.05845676401807815 0.0868365359159778 0.06720763449354178 0.036836320226574806 0.0689415752070556 0.11233231483701205 0.015564848334143663 0.07501480046436286 0.012399388821855277 0.0485820212454402 0.019397245574806647 0.016091089122267258 0.07333978571125467 0.02965818283381578 0.03305450444463945 0.03623442179234327 0.06653918157453685 0.059498008103860085 0.01807595416038763 0.04350690640208097 0.06536597471111079 0.04108084325718914 0.03388297705823496 0.05290253699442988 0.06650024168919604 0.1057876640280663 0.11364985477733294 0.049715902805817676 0.013448935209088035 0.07124520749112133 0.054041461507062544 0.045365460644330634 0.09244614860568133 0.03962660858268246 0.05832408336304413 0.018540814580558066 0.0802979593118644 0.02372485686507285 0.00888371917722485 0.034087319382541205 0.03215319882233056 0.04720130202201839 0.019307672207413962 0.08022156412120236 0.053593407398826017 0.008413160176481365 0.07711756403826654 0.07303118469109052 0.02673540726832883
 0.030263971755176707 0.0746318746802834 0.016278938527422824 0.07822731836426744 0.05707176055266465 0.04769649944245565 0.006195625597072042 0.01840632144508181 0.008494596187066024 0.05051594445116034 0.030880065791464382 0.058529552360917544 0.07623422869918423 0.07065113334211282 10000.0 0.04301610354935155 0.0053280783621719695 0.04504456561336063 0.029677425723417496 0.06647055304501383 0.08472263098175196 0.052468576801918 0.060685434733145506 0.04370919903326277 0.06449606038762448 0.06644843427866554 0.05654197692492819 0.02343740121394124 0.05940847534591224 0.0074290920898727455 0.04084442163501253 0.04118996814187205 0.055495729996081815 0.07571978546233214 0.02734858223401025 0.05835465178710791 0.04269574584203303 0.054807150968632715 0.08408321946810568 0.022581318653513885 0.044889867326332974 0.059873181808867144 0.03443058714465727 0.04564920252781467 0.02740407525628853 0.05689515840979189 0.04708392859675585 0.07505484407856808 0.05485513869324528 0.039469778223616865 0.02184647677077505 0.05004612312725525 0.042502176462731925 0.05500742591740063 0.06362287770906394 0.07841748491883786 0.00901877463397703 0.06258563790926236 0.02529037085059382 0.022999621878691985 0.05578245793437773 0.015555655484856174 0.054842106247227386 0.021918664140715794 0.05218619513792336 0.0778708967072951 0.05283083206645734 0.05635861833711885 0.023835454159157853 0.08135743620304697 0.04713226696352575 0.08362069858729253 0.06491440190057965 0.03261427987735946 0.03270134906043506 0.06293480689173779
 0.07291860483510103 0.07707534574756712 0.03150686907771468 0.06523371961280772 0.050275809335487406 0.005932025133755625 0.036912296991367076 0.04811023065511582 0.04926141843981796 0.052339799844622156 0.045176163685717426 0.05705538208472415 0.096944584229656 0.05914182339833724 0.04301610354935155 10000.0 0.03992635672394852 0.050358495981487755 0.03935266060471601 0.08412691674569302 0.07082051788549897 0.09098916022546104 0.07437366489858845 0.04924546471602007 0.05527193690129642 0.06418688821066022 0.09005933733566901 0.05459182044464133 0.09638494297459681 0.03559983264897088 0.053854239058982664 0.010391734110808432 0.09849614681031982 0.05461996955717551 0.024429705730744537 0.05097458509447939 0.010605169227073667 0.05483694624085447 0.06537138875770397 0.026422110602704375 0.03128356462499616 0.07024432277609831 0.0381670895258578 0.007538471606643151 0.015631055359752188 0.04108126644656423 0.015890085979848107 0.09835428777298026 0.021405262539456626 0.02987617900637481 0.047124657258652655 0.08101342065628236 0.0849140324643998 0.0979045219694437 0.08257860269754125 0.059156474297115146 0.0507998383757981 0.08408363983910831 0.0355664336474851 0.06321369508542105 0.023053356350970805 0.029344538036576995 0.05389655882710032 0.03410602551541375 0.03556836572083265 0.06202504790508762 0.025888988999805747 0.02894155876075019 0.0324323243148225 0.05893406947090853 0.08470071279345079 0.09805657395084583 0.050803019480488244 0.07225107438506946 0.01887094087329891 0.06895687172769181
 0.03301263023964781 0.06984206389325519 0.011213925790846124 0.07292005298656358 0.051783700622656324 0.044234668289434786 0.0058750997580402885 0.014952404323025786 0.009378697428809868 0.04541501822353678 0.02600419450433785 0.05339375249276639 0.07320910073890875 0.06534506184833727 0.0053280783621719695 0.03992635672394852 10000.0 0.040014594097526786 0.024464089605100364 0.06292306571021844 0.07941606355674061 0.053006522439356045 0.05660490028103366 0.03866355163291292 0.05920204800498192 0.061353958023144445 0.05562511834071698 0.020853992649615617 0.059489531572778816 0.006148400292525381 0.03623901820645358 0.03928700338742799 0.05909183808850112 0.07042897521993921 0.027248114978979884 0.05306346679986768 0.038599069754186206 0.04968853262866936 0.07875730581781067 0.0225407419940169 0.0396532514192356 0.05547019950923198 0.029139049010269345 0.04329637097965312 0.024350173803862965 0.05159516052400492 0.04265674066334229 0.07239015951033075 0.05033475573667037 0.034224552733765644 0.017755513038372254 0.04841497186527506 0.0468168566903964 0.05883855806356651 0.060193628242983827 0.07309976728960786 0.01087845142284192 0.05948399123192222 0.019979766008421797 0.028151229152800827 0.051188217190451565 0.011169030292642212 0.04968740088286028 0.02372265329055547 0.0469324600987354 0.07254370683345143 0.04795192251890998 0.05143371103429751 0.018519486522684814 0.07607375625545926 0.04727559177830387 0.07991131048009535 0.05958635853856066 0.03338102486726969 0.031828779116264645 0.05824417516168541
 0.05795051041971621 0.03041295370516834 0.032620687001644146 0.03588495912088524 0.015695438382665357 0.04995162131523543 0.04426670778333992 0.029374068051768662 0.04200609593712294 0.005772860512983655 0.014356037835021434 0.013820276761292858 0.04752640581578049 0.028657543644544186 0.04504456561336063 0.050358495981487755 0.040014594097526786 10000.0 0.01605801689648443 0.03435670413488772 0.042114003314581865 0.059520387642602375 0.02414642973212703 0.0013955418285669743 0.022431185617019157 0.021469976128051627 0.05124904267505127 0.02987350405750287 0.06119752057512934 0.04342876905107373 0.008672028064688152 0.05759231919897302 0.08372297468662884 0.03952623592338927 0.05714255061168364 0.016908777881691567 0.04091151492700461 0.010055653017032158 0.04434848456582112 0.05406772152830765 0.02182680432942685 0.019912533599979527 0.013404281206047577 0.05760435243542329 0.043270846922880093 0.023938522652243343 0.039025938061171016 0.049907767114768006 0.042042383002044686 0.020818667985756927 0.024987444170890116 0.04128828766905787 0.0772774951640344 0.08500081235431806 0.03333993901673983 0.04009824983344375 0.043909920512553484 0.035879568681262845 0.021394628570818076 0.06531120823221816 0.0414844549411949 0.03617929597851902 0.01044410573999098 0.05949807539285569 0.023884745611045796 0.03724990546988973 0.03474201352663353 0.0358675522461198 0.024482561685450734 0.044939688903370245 0.05302886002998976 0.04771209700979876 0.026281863833334897 0.04857924092330599 0.05749715688848341 0.019758844631623664
 0.04788099674252454 0.04644901865078625 0.0165855070185057 0.04880328598044408 0.027552707879200573 0.040584030331407575 0.028333074925549404 0.017157772526845385 0.02811562201458542 0.02112087543165739 0.005873775815734071 0.028993339083657428 0.05813713501979784 0.04123395206542016 0.029677425723417496 0.03935266060471601 0.024464089605100364 0.01605801689648443 10000.0 0.0457809503020547 0.05527963099616655 0.056622001756611376 0.03702118427053021 0.014664615315466227 0.03499447766453149 0.03702097948870094 0.05240240947473609 0.02085311159963041 0.060391309933649745 0.027438780222761087 0.015372996091986443 0.04473481328863199 0.07476714064170464 0.048208928230553685 0.04177860406964453 0.028852057100927156 0.03185274074183501 0.02533088035437433 0.055462068761994034 0.038398847276212615 0.02011987055726639 0.03421659063249441 0.0054081093820354505 0.045904552212749805 0.029089862251599582 0.02963519075275795 0.032337627842726695 0.05915625434921916 0.037975253975229314 0.015497453233677011 0.013284427963948275 0.04278849847387961 0.06595109616382763 0.07548611333772404 0.04386018490338023 0.050187639235510076 0.03015494686764106 0.044938253337468294 0.005424162121425262 0.051224592368903483 0.038066955070310146 0.020215034718984438 0.025261313616712126 0.04351459740753635 0.02629206627113444 0.04888671200462541 0.03242071205634094 0.03500860338695222 0.00879676549987055 0.053907422501659086 0.04996963706309427 0.06120842806632623 0.036227247473728956 0.041279578112112206 0.04288946949000083 0.0354537662617341
 0.063075332849279 0.027458824634770614 0.06039791572751373 0.0525773318253052 0.04299632605503806 0.08415660352755779 0.06856565865274206 0.04811405529980002 0.059757839231857214 0.03451355762249968 0.040569847923086676 0.03507515582857035 0.013256027772041304 0.04874814136443562 0.06647055304501383 0.08412691674569302 0.06292306571021844 0.03435670413488772 0.0457809503020547 10000.0 0.056257580128886236 0.04857971881273162 0.01071877060992063 0.035262987918367975 0.04516274800052901 0.034598574591458556 0.034140579793325784 0.04343875844256202 0.04537197100659629 0.06830234678747212 0.03050011851908631 0.0904104390341256 0.08196532416951104 0.0640449683378479 0.08657764861790843 0.04345536022592945 0.07510073155028164 0.03448651728141251 0.06342779556667477 0.08264266096045281 0.05603491482758969 0.016440741744708734 0.045990991278531554 0.09112626603102825 0.07485550404647746 0.05487596476882593 0.07338138254651681 0.016759212757747343 0.07605149694015684 0.05510794835143615 0.045260441862496975 0.02804083404312813 0.08225856493142612 0.08445683218887153 0.0033517323255742204 0.062147135604324125 0.060886437856409764 0.007665081165188462 0.05074365146081536 0.0796209826639733 0.07534619818131767 0.0642428145220665 0.03581536572820657 0.08613375963307135 0.05676511129810741 0.0568095022018513 0.06852177195428154 0.0691016328725905 0.05428090814464355 0.06804717294294826 0.044359676018526646 0.017339939756449763 0.05211189293986315 0.05033020473420285 0.08843337243328615 0.022055002035117958
 0.10000783349307488 0.02950422804676937 0.06963458263790617 0.0064967232692512405 0.027728246957310854 0.06689904655377658 0.08237068300663089 0.07111410013844854 0.08322749860345091 0.03639735079904992 0.05585708123508753 0.02879463112769981 0.06688159103732769 0.014071533202176252 0.08472263098175196 0.07082051788549897 0.07941606355674061 0.042114003314581865 0.05527963099616655 0.056257580128886236 10000.0 0.09802194104959244 0.04769245125364106 0.04313209115877002 0.020288090331132665 0.023545978187367828 0.08650680824344481 0.07198476363108634 0.09765119305733627 0.08122328672508541 0.049881805816134 0.0809391661729862 0.12535422168450497 0.018431221590853277 0.08825700907781737 0.026427619615551307 0.06047646594971512 0.03233849672897173 0.00968910852990893 0.0868276999350803 0.04295140788878418 0.042312435301085964 0.05030451518256665 0.07799697183266971 0.07270566247275513 0.03063567592637756 0.05494109737463926 0.07209769128097544 0.05113133790168887 0.04751767043931378 0.06673803145346653 0.0774565623009883 0.11939149759443926 0.12681204723934522 0.05790445937764836 0.013547162726189974 0.08522579011972307 0.06258895532099912 0.059436335513727 0.10646991654074599 0.049530586538882794 0.07226752415493133 0.031716901323268876 0.09395212423610995 0.03638479618315216 0.008871491352050514 0.045032801079057896 0.04239759064127927 0.061241186679111416 0.017880623430956435 0.09203381911139359 0.056986915304527416 0.020913452525591215 0.0900787335519604 0.08586490151597195 0.03552599910072449
 0.02767296778402427 0.07327303074245611 0.05950024476995205 0.09267287983042329 0.07493189099066591 0.09411040590637948 0.05808598335778438 0.043006253109798234 0.04415643904007883 0.06413610490756717 0.05160171828400338 0.07014473539312423 0.048603129976920005 0.08644365752866388 0.052468576801918 0.09098916022546104 0.053006522439356045 0.059520387642602375 0.056622001756611376 0.04857971881273162 0.09802194104959244 10000.0 0.052353317407859194 0.05917250241334564 0.08076349364369734 0.0744855087186525 0.015231984907672991 0.0368574365922569 0.008263005248817294 0.058874621164847034 0.05085587396280967 0.09203537257648556 0.03486170218835972 0.09894619267410037 0.07977828527254355 0.07603737572018145 0.08645375362863408 0.06722939427978339 0.10253424456568942 0.07500528071724351 0.07628240298544975 0.0566178104589777 0.061094006607778514 0.09554974603167656 0.07620707026498322 0.08290658947094576 0.08828511155594207 0.0437070505923624 0.09448641025724075 0.07207356956638436 0.04480918572522701 0.021151763988112533 0.040496762455444514 0.037865361592071385 0.04545284505224279 0.0990624037968714 0.04345809185816884 0.04095224865442602 0.057759428264329706 0.049841014350402925 0.0946547984245986 0.06202062524277041 0.06826218550374871 0.07376618467808817 0.08132607329378252 0.09532722898086958 0.08901181939509473 0.09143998929136601 0.059967150005992134 0.1042289962358646 0.0066648162782389254 0.06256412430326859 0.08564971103688687 0.019861836999821563 0.08478813037066601 0.06326825768402096
 0.06215687641558394 0.020920227308858945 0.05259351809838845 0.043394869918149837 0.03232909633406802 0.07409742197456264 0.06197047559998618 0.0423626904077525 0.05485169709897297 0.023857347743125354 0.032341130872410695 0.024512706848965154 0.023929843522364415 0.03888897529828972 0.060685434733145506 0.07437366489858845 0.05660490028103366 0.02414642973212703 0.03702118427053021 0.01071877060992063 0.04769245125364106 0.052353317407859194 10000.0 0.02517077781547589 0.03486712506378215 0.02493913233008166 0.0393725855769399 0.03883479274774351 0.050702019133047116 0.061528823567962694 0.02169678950310904 0.08114043537775541 0.08370753967740244 0.05392146475888561 0.0785792828022255 0.032827842227155395 0.06505471216853062 0.02377758696524593 0.05412512477397323 0.07490413921281978 0.04557859230026987 0.005905691173546382 0.03649576510771957 0.08151803448631645 0.06601483415250801 0.04416217018250187 0.06305575149866229 0.02733807363497199 0.06547640208330811 0.04496438153526548 0.0388935804600099 0.03120675519957833 0.0818926442675995 0.08586375070385925 0.010914809357991636 0.052337907853895166 0.05625146738106579 0.015161544104010913 0.04224925665205721 0.07630274616089482 0.06473591629001184 0.05642983902681462 0.02510782065345642 0.07906715749869049 0.046078786866607574 0.04727050542249113 0.05790610719014059 0.058418131488595426 0.0457541734501447 0.05817242200970123 0.04713855785855345 0.024187255722756318 0.04167330106883524 0.049925808178709515 0.07991050760368949 0.012300657454102621
 0.0570207260277534 0.031808404070233685 0.031225307273985543 0.036859163272221336 0.016383536281554662 0.04894679424945821 0.0428878725831719 0.028198679999414774 0.040768612259176516 0.006946112253780832 0.013097506947880158 0.015032845193637704 0.0483881803694345 0.02956321375864353 0.04370919903326277 0.04924546471602007 0.03866355163291292 0.0013955418285669743 0.014664615315466227 0.035262987918367975 0.04313209115877002 0.05917250241334564 0.02517077781547589 10000.0 0.0232981386643419 0.022769113701238707 0.05122449979732206 0.028900247558964483 0.06103348134533996 0.04204466814284911 0.00836404924030649 0.056371931403800375 0.08291915028461777 0.04003306304805478 0.055774974123189255 0.01762929375697965 0.039897248459539736 0.011263999893658153 0.04513727432752039 0.05268471465945382 0.02114048341853669 0.02109518905193151 0.012064900099731072 0.05645848595564263 0.04195757208900628 0.023991247449126785 0.03816416494346696 0.050639935239943985 0.04139189556903037 0.019848084167101765 0.023808138300974217 0.0412468779293646 0.0762760901739284 0.08415275283932008 0.03414405004869093 0.04076015642677479 0.04268480262665182 0.03654143577447423 0.019999086974151207 0.06408392329116533 0.04088171664799 0.034784313923884466 0.011560918620567146 0.05810315357282928 0.023602184045383202 0.03807634638652405 0.03418014540918611 0.0354355434032179 0.023091162885627164 0.04549835405475825 0.05264653664268186 0.0488661329849745 0.026846895023762495 0.0478372316527064 0.056171092247106674 0.021118942273615687
 0.08031324049105014 0.024887233397359414 0.049656540358610904 0.013828272310943636 0.007441822952186946 0.05244024872086595 0.062332729860412855 0.050945641647940604 0.0629528669441355 0.016979755363381418 0.035702610400023475 0.01090461412073543 0.057721260917295875 0.006315424220387488 0.06449606038762448 0.05527193690129642 0.05920204800498192 0.022431185617019157 0.03499447766453149 0.04516274800052901 0.020288090331132665 0.08076349364369734 0.03486712506378215 0.0232981386643419 10000.0 0.011726665113252831 0.07076412372643129 0.052174701330267775 0.08145503522096226 0.06122601568474204 0.030733823222856248 0.06476920387485696 0.10614840196489017 0.01915031286020867 0.06985020930516424 0.006146018774116788 0.04466684720170686 0.01353477076971072 0.02199450234474367 0.06796009351085985 0.0247822823926662 0.028961855992835777 0.03006548738936402 0.06276395962625907 0.05441874318028905 0.014601441679973957 0.040020938000409706 0.06191229243069689 0.03863995087472054 0.028538158717401677 0.04658728136203092 0.06113159080076754 0.0994851060816995 0.10743037530000371 0.04578140015008997 0.018363745761055417 0.06495699661266938 0.04987053894176982 0.0392332300674996 0.08618331387273895 0.037325820984377464 0.052469465664597675 0.012546029561798976 0.07474575767218396 0.019745381938623 0.014839852246649967 0.031211732061217582 0.029876457178306694 0.04118826639287918 0.023844356615899176 0.07446522809373857 0.0518863848767234 0.007245616676468094 0.0709691566354394 0.06820915247304238 0.02319866303062919
 0.07786579596545345 0.013479079745417207 0.05320409749752349 0.01859368612978903 0.013973988808600096 0.06201940884494784 0.06534440290764658 0.050663116306639076 0.06342200922351644 0.015938941266303186 0.03581920931751379 0.008111309751259751 0.04667214613816147 0.01416887817231177 0.06644843427866554 0.06418688821066022 0.061353958023144445 0.021469976128051627 0.03702097948870094 0.034598574591458556 0.023545978187367828 0.0744855087186525 0.02493913233008166 0.022769113701238707 0.011726665113252831 10000.0 0.0630734694984503 0.05036461351876127 0.07416023990836541 0.0644159027706086 0.027792740076409972 0.07308839268173214 0.10250685452822506 0.029627424895768084 0.07598508278221464 0.013462721999852836 0.0536912444710326 0.011690378781517763 0.029211393067350655 0.07349428398045602 0.032917809948763185 0.01922398640310825 0.03312125659117306 0.07172504860660223 0.061023711400897296 0.025282002726232992 0.0496975544246203 0.0511973699114238 0.04933566071662326 0.03534113264377439 0.046303247916274604 0.05392784426806326 0.09755032263097824 0.10413203424153421 0.03566481662552106 0.027548919533167453 0.06529868827157789 0.040093521283584954 0.04207280987079756 0.08669138550463605 0.04814178870002013 0.05650314501012517 0.011880368856622855 0.07961741780829745 0.029582897758610227 0.02233457827628745 0.041694755498285545 0.040828424592403115 0.04474554041945934 0.033450838683669305 0.06853677168822711 0.04018448102446427 0.018957976822661392 0.06728890092716454 0.07521560930083956 0.01266689702806126
