NAME :TPP_input_25_4_4
NUM_VERTICES
97
NUM_CLUSTERS
25
Full Matrix
 10000.0 0.0606477534669898 0.0743689022551143 0.09486825458137033 0.08641067752684638 0.09248705021817626 0.04083633183333932 0.05940981302654122 0.06792781670284857 0.03614200729695129 0.06920009985003217 0.02643921436672111 0.02604096556744303 0.014403808634387468 0.07225388784975335 0.059319032067283235 0.03416809200073045 0.028519933278600813 0.05524614502200014 0.100079174161063 0.09772232815165598 0.04117839766423937 0.043488979288895245 0.040878646692339794 0.031547883565495025 0.05490572085546659 0.013196432279349177 0.10884896889492415 0.04817140726983418 0.10365208168092849 0.04260753019008077 0.05297416864843801 0.008609937118776393 0.005158707008871137 0.018163309588941943 0.0481619328195883 0.07292106158767274 0.09143115000320226 0.050530659430651305 0.09478352183459421 0.0012264570780654346 0.022208777064880947 0.024536073534822882 0.03159405818496466 0.00626300380609089 0.06276389208014466 0.06401660450039402 0.0602941485153345 0.02948238690946878 0.03465849276319654 0.07240025255703424 0.08800386572957115 0.030627284328509728 0.08080518149771276 0.07685106725042265 0.014824113896434921 0.03862791293280292 0.1005590298090229 0.0830679726415356 0.0655372704554305 0.06395497518342354 0.045150696705763514 0.013005279461337147 0.02889657248402115 0.06261851323601456 0.009219123362500308 0.08465088098432402 0.0937926763625895 0.03835955478051625 0.08511126106037639 0.07386902444206199 0.08585613956719451 0.06717906376331917 0.008358472257566054 0.08640349017906156 0.09313334073510007 0.0868043878471169 0.07750392627135574 0.06144162794089303 0.05054500662191429 0.08353606435164923 0.06551354923153803 0.06481949898901257 0.09285129903486336 0.05657831768826498 0.07028282415756497 0.07399979803522157 0.0743734401966955 0.09722061569200591 0.03654393014581587 0.010078210031204142 0.07261599832828415 0.07764406608528737 0.08778832775131311 0.0393712840194312 0.09153784993051345 0.0434039232134327
 0.0606477534669898 10000.0 0.08424744905050373 0.03610626278934066 0.04553205629659001 0.03578308446433993 0.05009383790678386 0.013988321255934206 0.07040073973170159 0.055096688786996834 0.026238198538790974 0.03430116624890304 0.03549810310564412 0.06309220526049764 0.019630624434278324 0.08399176264033348 0.07410116545402752 0.03842218346651916 0.05830176738124351 0.05710739746609119 0.04132944517847926 0.019531397590709577 0.024474618058211224 0.07452290877739629 0.06807621859531598 0.007979898841021228 0.05352027021219408 0.06913131527697157 0.013081651233995085 0.07081742903058799 0.01852305467499814 0.0108418892275454 0.05226541615882019 0.05879016193820722 0.05359197364704834 0.01765744995185537 0.07211174260301714 0.04790552852596773 0.05742414412510905 0.03454969744993618 0.05960178552859238 0.043172272614875495 0.04711734004768357 0.07251156600427337 0.05832063784336222 0.01988774504589562 0.0814146846429762 0.06982984267576384 0.06784321777191406 0.026091693919174704 0.0779671386327538 0.027532579369853063 0.03276140963557892 0.022833722405605203 0.08024979810745346 0.05055962881735563 0.052273009109427344 0.04999225318561177 0.02678629861629555 0.006165065758205091 0.05697023678213297 0.01549709232347193 0.05452257885220305 0.059114899888541475 0.03388491494548349 0.0560163117247438 0.02795884258346912 0.0386492738912099 0.023947072243249688 0.04183161577516538 0.019064106250041273 0.03030022931084693 0.00912845732106274 0.05306569948515387 0.04166905814590891 0.07811935290233647 0.030495026781084622 0.03599765623268779 0.08788324381857925 0.06168111570319177 0.06809492533822917 0.017999601319663636 0.025962610229850965 0.04974061750398145 0.07233723251563944 0.01645367919125844 0.09709301771676321 0.056949948327414054 0.04948929429366132 0.067273824070575 0.05325005245354611 0.06780869884235267 0.0225860539854645 0.06962207573651863 0.02720090826617669 0.03242575888204041 0.017715763493542105
 0.0743689022551143 0.08424744905050373 10000.0 0.11551205444803982 0.06430704251587371 0.089680765142208 0.0392825282421686 0.07118357157420352 0.014347703512464723 0.03995104473364709 0.06577461685912218 0.07450901723113082 0.07788186668825453 0.08857355479078931 0.10387015649966748 0.020794180009312473 0.04475214710365152 0.058798256233738605 0.02636100680164939 0.07178744940506164 0.0918980861235812 0.07732352189930032 0.09000852016291283 0.03679915584880927 0.044192760272039805 0.07668929526052651 0.08320377371715407 0.07177304864999506 0.08176367571689203 0.06025055321415269 0.07320608658323734 0.07400641633536846 0.07104923729226023 0.0785536528865772 0.08823319604562009 0.08841167538787285 0.015305350917473991 0.06912306578931166 0.028749792264150104 0.11039276295610911 0.07351123336458107 0.08377819992759213 0.09001167316385654 0.04669094710394473 0.06823260252784116 0.06727493285316732 0.01199572149827199 0.01568811083981358 0.04640031460520422 0.07262605823772572 0.007114560380791929 0.1037142199207653 0.06418432896691495 0.10519236335868713 0.008516138313386708 0.06275513133298734 0.0394077265151082 0.08307668350315188 0.10985569753583665 0.0835716836470703 0.028444700463503062 0.07741708351309429 0.08374977214853925 0.045553445343776824 0.05311041023188067 0.06581060621877932 0.11066039758950391 0.0873637318082998 0.0684529811197695 0.06703562851799286 0.07930722752708011 0.08438869306432832 0.08214274774869776 0.06969549291465105 0.06920429389433012 0.034522071173605964 0.11318478703758879 0.06381337403445579 0.022457558377390285 0.026024001403818543 0.032623019691011765 0.0710527553265439 0.0625636917760834 0.06906013898719877 0.017794922878328564 0.10069851529601892 0.019726164988017422 0.03581827561739077 0.0771911302888404 0.038389965564644885 0.07929095251847029 0.02063590582525462 0.10648642728242538 0.03661700861033228 0.06203273473533676 0.11179979182376618 0.08003071656979689
 0.09486825458137033 0.03610626278934066 0.11551205444803982 10000.0 0.060687112409583834 0.03458425847836357 0.08510902841120178 0.04561608885363368 0.10119227157479488 0.09068040052527425 0.05008545881435668 0.06857412140730992 0.06886737038264659 0.09455816416431141 0.02375257449257923 0.11833101979264374 0.11015797181989906 0.07451591750872115 0.09098486294469538 0.06598597835545943 0.03740174787346659 0.05421785659539481 0.05279738922862577 0.11027392842550579 0.10412005437966515 0.043770080600324765 0.08572287535173267 0.07776082108158767 0.04700248913751501 0.08469969449468773 0.05433893202902323 0.04654886105695231 0.08688187894520605 0.09223016681579474 0.0844182459668634 0.04701480920538285 0.10168880812700631 0.05957843527055539 0.09105534476641079 0.007738684918624329 0.0939304008421174 0.07480714444128898 0.07686340149126701 0.10860207463306364 0.09334916232105658 0.04840382246911419 0.11463733418570693 0.10246732217464856 0.10393022505834801 0.06131385465215256 0.10870410536633625 0.012119293257463058 0.06873567223036672 0.014063612351725194 0.11010210957051747 0.08619034625688873 0.0875798669679788 0.05240443538101703 0.012767068078022841 0.03372673318520729 0.0871175655149225 0.05070889357150732 0.08663687864426309 0.09515361029867542 0.06241556108792689 0.09131063616869986 0.011101798722375817 0.03900227474369617 0.0599578084453052 0.05642356771889756 0.03643156848856213 0.03572989992859955 0.03419104067195925 0.0878816042533362 0.05489532410322873 0.10118998210014897 0.009964839489373508 0.05513558832549504 0.12229696446683895 0.09556686730262261 0.09274093431464155 0.044516639690462524 0.052961080197793 0.06109592118533237 0.10598466415487055 0.024958770885607218 0.13047028738131272 0.08311767932268892 0.055861543549082106 0.10307479470259025 0.08635862067468396 0.09672251236494925 0.01811062603505828 0.09267349334494138 0.06321663339887379 0.0037952394423221634 0.05167570452817043
 0.08641067752684638 0.04553205629659001 0.06430704251587371 0.060687112409583834 10000.0 0.027927807336076214 0.05233293895171612 0.03411008551797188 0.05089863383768707 0.05972860587710844 0.020299704974032204 0.06605107099857749 0.06908604775490171 0.09505987957817208 0.06061172171622459 0.07534229654582068 0.08067614580139545 0.057893975212171316 0.04755589286514105 0.013714361011221372 0.02859547819453808 0.05582879788661661 0.0670014426316323 0.07651513156460812 0.07538759688938917 0.04301811574530002 0.08556567666954176 0.02426233352041562 0.05388912469976746 0.02563950387035061 0.05124545305635268 0.04246472162104134 0.07825804921514838 0.08715969157334673 0.08799406457493103 0.06108297525098188 0.049013399212626436 0.005546935799091886 0.050613855644781575 0.053707989400240005 0.08518445709314476 0.07814276907020724 0.08402988432567046 0.08049296244720118 0.08138348995277893 0.02795033692924677 0.06832966529459109 0.0563542406254667 0.07650218201686122 0.05778609891843274 0.057228271371922074 0.04882737192219457 0.056905624741701105 0.05585499768189446 0.056860307542981124 0.07195651143149696 0.055652754169661034 0.019032253364236668 0.06069189463171249 0.04047742224710056 0.03849502956772008 0.05243281093227154 0.08656961180488253 0.06820824670975825 0.02390447429815952 0.07822458579646366 0.060684763071692925 0.02450164837080716 0.05190916809551033 0.00429929725712873 0.02831049229876245 0.024989395800222785 0.03742960264986458 0.07811887845977082 0.005886948017163304 0.04145194636228339 0.06272598666689763 0.010031159937342183 0.07912188447063935 0.05485979688795693 0.03471694676768566 0.02802334445154878 0.023186482236748907 0.006559759065261359 0.06231375670856319 0.057871872137904914 0.0829272202541085 0.028493712890011843 0.013426348718258504 0.0711100885118002 0.08341565958918425 0.043671979288028365 0.06001986466038634 0.03336488439382867 0.0481439357337027 0.05761788783306283 0.05635449223688494
 0.09248705021817626 0.03578308446433993 0.089680765142208 0.03458425847836357 0.027927807336076214 10000.0 0.06823945020631057 0.03309390016639779 0.0755732234255127 0.07523914143778965 0.02683132741984895 0.0674883568612832 0.06949288073022618 0.09736221667200759 0.0422863927157972 0.09738054226997117 0.09658630117303285 0.06571018454910554 0.06873733024777876 0.03141215850567964 0.005548357678063951 0.053559672044250155 0.060244465183836346 0.09429600452340635 0.09069844964409891 0.03857926479072175 0.08759917963608661 0.04321344022174219 0.048365092885382543 0.050360592614973596 0.05060169790296802 0.039940040686752436 0.08387722510654713 0.09165352512550808 0.08841142718510715 0.05340114318634285 0.07469967676368337 0.025647056991440924 0.07043137427642479 0.0270459323734373 0.09132588135722618 0.07791799652706671 0.08245505436941473 0.09573843452829449 0.08884923892983214 0.03074897494543184 0.09167665631121943 0.07925609883496597 0.09123353526115084 0.05860466545674106 0.08257971821281881 0.02391184140622156 0.062033014785892404 0.03402983754832767 0.08293630072795384 0.07987848211116104 0.07137340123431751 0.018208223353566425 0.038182675162785513 0.02964856589697915 0.0618677713935914 0.04937738473592941 0.08862803851073148 0.0822429711330759 0.03931745213167103 0.08603190651565892 0.037620985091430165 0.004466174849621763 0.05417151910000335 0.0240156876319238 0.01864863736037417 0.00676481693507142 0.026975607180757907 0.08428687077812194 0.022077324036603188 0.06937925146807632 0.039082859483018574 0.025868238510272236 0.10133847190364913 0.07505113266596954 0.062261946962989 0.02733985263110606 0.031438538579495925 0.02698566596814568 0.08427043018341569 0.040491424676428536 0.1071011148654782 0.054465555574489094 0.02127739707498928 0.0877883350606026 0.08664002920498891 0.06939165771169374 0.039521335939753065 0.061233358011545086 0.05369193295025793 0.03213733581341325 0.0525569892686726
 0.04083633183333932 0.05009383790678386 0.0392825282421686 0.08510902841120178 0.05233293895171612 0.06823945020631057 10000.0 0.039703820563855616 0.028927208016590815 0.007400527438267819 0.04142291273917522 0.035268853980693696 0.038691758374732536 0.05361633430168689 0.0689527687770196 0.03406561952107607 0.028705886177407165 0.019554701440541732 0.015022571658914968 0.06507684600456742 0.07234786793753677 0.03904084026846524 0.05116241021886764 0.02612909202355563 0.023142783705629933 0.042114529319917035 0.046433765374177496 0.07168316709445273 0.04444927622734299 0.06465114160606505 0.035518320943499264 0.03925308371766832 0.03501432669526332 0.04376551538872151 0.051005403902602914 0.05034732588585446 0.03333896466199883 0.0578458850696554 0.010916446859958472 0.08170502471494792 0.03971807490994855 0.04514858113156364 0.051584203247289524 0.028268456999250433 0.034693411534460705 0.03863685440518783 0.0329224353541371 0.02359934853646781 0.0241733137199921 0.033661536478566574 0.0350284218519635 0.07450661843952947 0.02495412015751894 0.07272511322108471 0.038951816938838126 0.026631227420183746 0.0033223357514018627 0.06985215679844323 0.0768652070821613 0.05139932212903125 0.023127811402164706 0.03990832021090937 0.047161869070974714 0.01607997212606216 0.029803625307075317 0.0316187878895807 0.07798793901425921 0.06774754957795646 0.030169721113212453 0.052532135155013066 0.05227535822967395 0.06166309649728749 0.051045517726046055 0.03402746272685629 0.05436920220615703 0.05231708663206004 0.08053689389735767 0.04580371304261088 0.037890043757061134 0.013362887706234942 0.04272758774722301 0.04262596580953725 0.036803700069096994 0.058837061392277505 0.023583956391241567 0.0659183271983776 0.047919961519547014 0.03410908228462019 0.06513228554829739 0.019569685838089663 0.042822584407512826 0.032178237972971334 0.07259847864567216 0.04705261085678878 0.024222348765598544 0.08131789888958511 0.04192681969680187
 0.05940981302654122 0.013988321255934206 0.07118357157420352 0.04561608885363368 0.03411008551797188 0.03309390016639779 0.039703820563855616 10000.0 0.057116384791415446 0.04573111819171063 0.013835953414221822 0.034975509838658304 0.037384430301872454 0.06497352078381714 0.03324448374723563 0.07271827671738143 0.0662385857991538 0.03295156471135397 0.04575132511631526 0.04689606381468553 0.03831453378653109 0.02239680452584833 0.03289351156004506 0.06539548191128738 0.06019450347324228 0.009002364696541811 0.05519492596825781 0.05832179906756803 0.01977918037199955 0.05850487632661067 0.018415811489280624 0.008441707217946065 0.05080169781031358 0.05872809406570439 0.05659484815004232 0.027056288844067876 0.058521373318235266 0.037493424520277166 0.04550673546564729 0.04200366322770173 0.058243573042211505 0.04622923572317946 0.0515065625670645 0.06501231814449634 0.05578037049552173 0.006398105062309089 0.06927491128146934 0.0573092423007383 0.0603649436288791 0.026092943182099673 0.06470322070799638 0.03480291282581944 0.028949997668222375 0.03412164319662079 0.06675804669524298 0.046904856892603854 0.04235865841516552 0.04286036580285966 0.038701678297414124 0.01240528209134386 0.04341918529875114 0.01862985330688545 0.05622745653384928 0.05134369124577891 0.01990033998017394 0.05300088126636662 0.03956891334462187 0.03446416665513873 0.021189606171748192 0.03099172500691852 0.014570132095122822 0.026446398557899164 0.01142515652990636 0.05119434215664329 0.031379854786630114 0.06419581094447457 0.04211183537117805 0.024118312511330044 0.0766820079938419 0.04998180859539245 0.05412196187547085 0.006670868565981582 0.01233931461788704 0.03926918660885882 0.06046858579245947 0.03006728586502813 0.08508465340436565 0.04296165471646114 0.040885517641764985 0.05835195637423177 0.053912002278095415 0.05407213203540508 0.03535930974685425 0.05573424957413607 0.02080724931083426 0.041821686142546305 0.022470336797640714
 0.06792781670284857 0.07040073973170159 0.014347703512464723 0.10119227157479488 0.05089863383768707 0.0755732234255127 0.028927208016590815 0.057116384791415446 10000.0 0.03185973911643384 0.05142769628259735 0.06378289194831292 0.06729383789335314 0.081555847996961 0.09002907531143414 0.026479476203478156 0.04337849806526112 0.04820394244534042 0.014174345497142742 0.05952208477500523 0.0779742115661083 0.06484622269812829 0.07784937127804724 0.03611493196609378 0.040902725695963774 0.06299457549295363 0.07503447616512249 0.061109206216716186 0.06875363997588549 0.0504901290084573 0.06047120733111179 0.06038137976938096 0.06323549644552251 0.0715279286173602 0.07976317308199557 0.07568404750157717 0.005333848018165517 0.05594341519006447 0.01805258683295516 0.09604546310655886 0.06692612212167857 0.07405698417778724 0.08050823153428888 0.04468700583571494 0.061665330990009086 0.05302554402187555 0.018079857510259183 0.009088738097180223 0.04297200851622677 0.060782543649552906 0.00758708492744012 0.08937561569419358 0.0529246207146609 0.09101907742003246 0.010358202707339025 0.05476749586078694 0.030049855644891398 0.0698616905211198 0.09571866796260968 0.06946940004960654 0.014097665561176365 0.06454141444407456 0.07570482878589542 0.03940327763959776 0.03877968459800153 0.05887427316138098 0.09648970826408755 0.07339636082646005 0.0561135968832097 0.05335101244401593 0.06496176368575321 0.07016433428640628 0.06795281239821735 0.06207078360018249 0.05552210234032996 0.02857090521667962 0.09900502243602971 0.049717202620903206 0.029740108764475377 0.017391926539912988 0.022700292176745497 0.056767397591490236 0.048234617014623636 0.05605364648615967 0.015672724263287422 0.08684868603453604 0.032028586736106805 0.02258795386781134 0.06405917776334688 0.034877674355213883 0.07129382071788877 0.008447016896925078 0.0924689481733103 0.02735536249580638 0.04958162603289155 0.09748720687394408 0.06741329026670435
 0.03614200729695129 0.055096688786996834 0.03995104473364709 0.09068040052527425 0.05972860587710844 0.07523914143778965 0.007400527438267819 0.04573111819171063 0.03185973911643384 10000.0 0.048481305264968556 0.03556751976759019 0.03870270608844468 0.04970052111843585 0.07336543047827207 0.030776202268561287 0.021431062265424218 0.020388813691872867 0.01928893200280172 0.0724250279205794 0.07945837192515741 0.04198063991683192 0.05313963261765518 0.01966846796833095 0.01576599585178315 0.047156835883547625 0.043485777476413655 0.07882523891199389 0.04806031414447627 0.07145084869240569 0.03910768693127403 0.044310664428340356 0.03149313368617034 0.03966851011414456 0.048403565357262285 0.053246273138698424 0.03678957047003109 0.06524391742864973 0.01448248017490441 0.0876551517546907 0.035113006944376454 0.04393368288407315 0.05009052749929312 0.02089246246128693 0.029882767911884395 0.04524018022646083 0.0316350699953474 0.02480178405549573 0.01677424393564991 0.03580772393594161 0.03687329677556442 0.08042648298089299 0.026630183675383577 0.07790429724284652 0.041169734279661516 0.02305486137406194 0.004078198024438535 0.07722888765955155 0.08184780286988257 0.056979067979045395 0.02887803033595892 0.04349921301015757 0.04409668672385535 0.009007487541567653 0.037124559717863014 0.02703158441146004 0.08305222063155432 0.07488313291709214 0.03341136626754999 0.05992660778654313 0.058847129678058115 0.06860958266846166 0.05689793879791207 0.03026925339718435 0.061756025211433314 0.0574543791832266 0.08558300269634321 0.05316068151126134 0.03431049217013342 0.014582616257281685 0.04836234977531761 0.04916889391318898 0.04381583044945909 0.06622797523612173 0.022688083831999453 0.07042374745402659 0.04544539511443276 0.04055966824519677 0.07252967177286632 0.012674510726998796 0.039651035496975136 0.03658784800446331 0.07734285185514805 0.05286183230037614 0.02822426441936724 0.08690532406482382 0.04496852800315297
 0.06920009985003217 0.026238198538790974 0.06577461685912218 0.05008545881435668 0.020299704974032204 0.02683132741984895 0.04142291273917522 0.013835953414221822 0.05142769628259735 0.048481305264968556 10000.0 0.04679647735366855 0.0496090612801954 0.07645035259405518 0.04358661592006956 0.07121941645253448 0.06987855451262924 0.04106901194759375 0.04272196016703297 0.03334509498245157 0.030988810049140527 0.03566803448744485 0.04671018013627407 0.06746472584694743 0.06404548090153062 0.02280166673144428 0.06677061640344867 0.04454677603787959 0.03360790444588799 0.04482156150463622 0.031226372894458065 0.022165017267004972 0.06073450096419102 0.06927327822173367 0.06875239875282019 0.04087670643678242 0.05164267075025813 0.023971059094340108 0.04395618483882046 0.04463958559673036 0.06798935546615446 0.05863433382977947 0.06429122209451324 0.06911971897007467 0.06478768887692354 0.007672109473847099 0.06618074311011261 0.05375947281958691 0.06467689233090226 0.03820473848583067 0.058848458316584515 0.038100097019941624 0.03874691259686911 0.04145167776749015 0.06005948067005903 0.05546575041017798 0.04457938028908346 0.03135970865062794 0.04636497320989064 0.02214248229610425 0.03733635818019639 0.03217080043900527 0.06779381362135614 0.05575398019156336 0.01301526914121111 0.061765044973455155 0.046813112656104106 0.02644991779487885 0.0325674534062054 0.017391612183737745 0.013654729555410835 0.020346989944570102 0.019493047380618408 0.06084337567162278 0.018061920926508233 0.05309609692434223 0.049196463718656984 0.01028647592689413 0.07520517107410953 0.048598016031636875 0.04366853262370599 0.008238597980267978 0.004722103496245893 0.025696782318116514 0.058239728135806725 0.04056120927758837 0.0818904945605224 0.03331594339023152 0.028348275489002178 0.06098420029063773 0.06499900576579885 0.04664048476889867 0.044308301636753165 0.04447976726239906 0.02989025900875812 0.046467168773965166 0.03608086733333754
 0.02643921436672111 0.03430116624890304 0.07450901723113082 0.06857412140730992 0.06605107099857749 0.0674883568612832 0.035268853980693696 0.034975509838658304 0.06378289194831292 0.03556751976759019 0.04679647735366855 10000.0 0.0035962606478493545 0.030000291334298216 0.04646028257039063 0.06597776774386911 0.04753422071908984 0.015716237780053374 0.04961050730387346 0.07966098708829845 0.07289165596158133 0.014776460671326286 0.019476691610840747 0.05093967302202643 0.04221610875506073 0.02910254602270657 0.020219903391663054 0.08989689887062205 0.021735044895171796 0.08705566134919733 0.016889433364559895 0.027548427903547383 0.018307969377694414 0.024531472294219987 0.02197627280965112 0.02253874068148449 0.06770623931739078 0.07046235613092428 0.04607999357387844 0.06834531736647592 0.02544148163749863 0.012255144112639123 0.018596973393885788 0.04532205297359545 0.024893215911356847 0.039524786103683374 0.06714330043096735 0.05884712273651496 0.04111368577044109 0.008905487330542581 0.07023175634700872 0.061572449867798466 0.011236034544991936 0.05452639012416119 0.07401128384718154 0.019180215432157675 0.03521618719556507 0.07762129914157888 0.057028510101976924 0.03942871361838235 0.054719667784834225 0.01883984139034715 0.021252481265504428 0.034391894220926325 0.04385498089507785 0.02318127383590231 0.05857346784571008 0.06928000451135062 0.014231685670826949 0.06389173174095011 0.048882737159984424 0.061060481524170346 0.04131281286933836 0.019347189598602942 0.06479354915802486 0.08313736685381956 0.06081097739263858 0.0563221178053691 0.06925197159699474 0.04849316797557657 0.07267555167908119 0.041516689478446514 0.04303199303050683 0.07208621316766936 0.05802032392373011 0.04426651158514129 0.08086828087488579 0.06180688910341977 0.07510548086447119 0.04407953097612677 0.019197176436655052 0.06548274880939989 0.05167878042028392 0.07610363431257108 0.018466908934634544 0.06518837406420432 0.016973658953556455
 0.02604096556744303 0.03549810310564412 0.07788186668825453 0.06886737038264659 0.06908604775490171 0.06949288073022618 0.038691758374732536 0.037384430301872454 0.06729383789335314 0.03870270608844468 0.0496090612801954 0.0035962606478493545 10000.0 0.027880657848129348 0.04624630361244842 0.06890825430447732 0.049650118492736775 0.019145052571393668 0.05312582302989567 0.08264626891708743 0.07494406998215694 0.01610513818295159 0.018091678573940388 0.05344410609964544 0.04452135441469491 0.030934714771968182 0.018151030252557383 0.0930305024143637 0.022578494941333925 0.09039684294729458 0.01902765533677586 0.029635906695887938 0.018480238219064398 0.02348101950712741 0.01922252567790706 0.022150518046936078 0.07125367020847653 0.07339886672227593 0.04953722982604329 0.06903977673097295 0.0251517291334358 0.009056908771227322 0.015183584236933754 0.047360384668657954 0.025358049995775137 0.0422198153420633 0.07032607019985856 0.062238819527300523 0.04329560034671687 0.011410907366720052 0.07369084377202911 0.062414033632255284 0.014832097115074565 0.05480460427406481 0.07750248591546723 0.02085551989549845 0.03852602454878144 0.08018797029978236 0.057028113152879444 0.040910102758689615 0.05831305900770321 0.02029769608657113 0.019172925030672243 0.037006063806257816 0.047167460818219195 0.0240566578591158 0.058609942061656185 0.07145534642618419 0.017177056610861836 0.06681508382146685 0.05097501053187987 0.06316695351540913 0.042985783997834925 0.01973870086447862 0.06765220353222855 0.08672627004544395 0.06076895892800176 0.059284391194162275 0.07211020567256302 0.05185814926622335 0.07625981364873924 0.04399864111247601 0.04598104115057932 0.07504637453159876 0.06125682428763753 0.04424246322409354 0.08385360767270635 0.0653717407534705 0.07784174663703294 0.046719143250997276 0.017785721367577903 0.06906325861649686 0.051609413353808045 0.07967175422714853 0.0218577583417515 0.0655780041172763 0.01782532180962383
 0.014403808634387468 0.06309220526049764 0.08857355479078931 0.09455816416431141 0.09505987957817208 0.09736221667200759 0.05361633430168689 0.06497352078381714 0.081555847996961 0.04970052111843585 0.07645035259405518 0.030000291334298216 0.027880657848129348 10000.0 0.0710248440969835 0.07371589172707532 0.04834716660119682 0.038234985229677096 0.06842162108320254 0.1087650720996214 0.10280126072669302 0.043940196665805176 0.041761553282272705 0.05523374808398781 0.04594203242813949 0.0588150890209647 0.00978241449000675 0.11837690786013744 0.05002449739710471 0.1142404691382557 0.04680390377678165 0.05745777809224804 0.018635663308320036 0.010054973526870977 0.010216861499550454 0.047776225880491296 0.08642107760596315 0.09974650413903523 0.06383471365019415 0.0956445288684716 0.015128775196320344 0.02002189000544781 0.018076030837896565 0.04578666729247521 0.020361680619888547 0.06936302961138296 0.07836851680027805 0.07422629587946275 0.04386257164997005 0.038898776675325326 0.0863513425325236 0.08934243138843968 0.038161278494420546 0.08066561681203838 0.09074819820937512 0.02698991080648765 0.05176832354509043 0.10751551046646034 0.08212376713384051 0.06868276791600374 0.07649029063038859 0.04814155291331994 0.00875003401333366 0.04302293621873648 0.07185141993813136 0.022812015411840744 0.0837759892725933 0.09925357794151377 0.044017583279182856 0.09323863826804384 0.07881053138261075 0.09100034288352615 0.07083811232831692 0.019595531913167076 0.09428682332271254 0.10580035474404276 0.08566754367411607 0.08560816856653158 0.07579748559874042 0.06425450877094951 0.09589792076164111 0.07149419213496795 0.07244347914460317 0.10129766454197686 0.07077977926244873 0.06959958652375337 0.0883602523368968 0.08614283386226247 0.1047977309337372 0.050931612867860784 0.011708550862475334 0.08574746233900918 0.07663923034016625 0.09995970289963632 0.046929265087150326 0.0915482707260006 0.045391469754577744
 0.07225388784975335 0.019630624434278324 0.10387015649966748 0.02375257449257923 0.06061172171622459 0.0422863927157972 0.0689527687770196 0.03324448374723563 0.09002907531143414 0.07336543047827207 0.04358661592006956 0.04646028257039063 0.04624630361244842 0.0710248440969835 10000.0 0.10300371991773725 0.09106647011156327 0.05499211000085377 0.07786181714434916 0.07013132103273087 0.04720740537728505 0.03308627322699394 0.029324351821905927 0.09235692205759717 0.08516555264577755 0.02727889596345714 0.062411638298300834 0.0824663180354929 0.02601461158854384 0.08624205360948899 0.03458577503907456 0.030060029743875664 0.06462387675447918 0.06926192202757206 0.06084306274619059 0.02409681688209368 0.09168238570498925 0.061673933900789506 0.07681690016146168 0.026526266904210952 0.07139055376597835 0.05147956522141242 0.05320587190381628 0.08923807601658411 0.07134055610485039 0.038514688321922605 0.10081056634668865 0.08936408047691553 0.08464874087746263 0.04028308334813613 0.09759702347683245 0.022234679030447856 0.04873044516727655 0.010800379833525109 0.09985208749562918 0.0650106656501138 0.07087605359241013 0.05975705068657775 0.01110979419980672 0.021591292499538735 0.07654819325833097 0.030367357889742454 0.06329473627838836 0.0763254898198468 0.05301042350436697 0.06960029354295877 0.012772526411711163 0.046365879709799884 0.040424479604247526 0.05647954443764564 0.03230479236104037 0.03935316375939671 0.02409357036327393 0.06576245616547904 0.05572999390562255 0.09656253270145368 0.01466654134129837 0.052142883923590344 0.10684263245595842 0.0809789581301569 0.08682357577160058 0.03571991924785713 0.04441808479211274 0.06346989816720923 0.09165615423346582 0.003184320875960251 0.11640657456315578 0.0759045011224402 0.061037423802164044 0.08507552853193032 0.06332351177692713 0.08730336954488961 0.0056486508650260975 0.08797212609184941 0.045142029131482145 0.021164875081629658 0.03021567720396004
 0.059319032067283235 0.08399176264033348 0.020794180009312473 0.11833101979264374 0.07534229654582068 0.09738054226997117 0.03406561952107607 0.07271827671738143 0.026479476203478156 0.030776202268561287 0.07121941645253448 0.06597776774386911 0.06890825430447732 0.07371589172707532 0.10300371991773725 10000.0 0.026368256982769706 0.05114349652771901 0.028644138708372183 0.0852276339379643 0.10057315344251289 0.07259384426200947 0.0839129537238779 0.018683526031427693 0.027774235127209192 0.07602946806201351 0.07003864394509882 0.08751750183034328 0.07837115069597252 0.07696363523385179 0.06940575937265288 0.0731760451484842 0.057936390561203636 0.06404794249841797 0.07531702898134587 0.0839003218040442 0.030824365623498728 0.08067865420483694 0.027440659480418357 0.11432859034227867 0.05867269088994172 0.07298344792477897 0.07862110106340552 0.028706522526447002 0.05363142597157619 0.07044892651052118 0.00920784499675773 0.019080382844434397 0.02987303937499396 0.06657108949773255 0.024076480817685316 0.10724618111666069 0.05740552150258343 0.10641981616200281 0.027974024803778298 0.050416768080042106 0.03241737000133174 0.09434281654244268 0.11068947844609195 0.08483862052222288 0.036854009518883256 0.07381063853859485 0.07039035505206692 0.032471867759415296 0.05826234200260185 0.05181770626547948 0.11175386801439917 0.09589919340390621 0.0638666568349969 0.07714959631666564 0.08376913469845394 0.09131027195782955 0.08414160938899155 0.056395361818075015 0.07927844844387837 0.053563299005415455 0.11430899425212837 0.07221271099201287 0.003993812304146369 0.02283731755516135 0.049091901970107425 0.07447662673361982 0.06711870840809428 0.08103568747394495 0.013153255678329541 0.09995566030561906 0.015052553120536607 0.048143840812608196 0.08874859589514693 0.0231613776537983 0.06604080713452222 0.034925813579902446 0.1065553587615883 0.05366344917274264 0.05819746746435838 0.11453749803645034 0.07555400294316884
 0.03416809200073045 0.07410116545402752 0.04475214710365152 0.11015797181989906 0.08067614580139545 0.09658630117303285 0.028705886177407165 0.0662385857991538 0.04337849806526112 0.021431062265424218 0.06987855451262924 0.04753422071908984 0.049650118492736775 0.04834716660119682 0.09106647011156327 0.026368256982769706 10000.0 0.03607958356650546 0.03572134731360671 0.09297705215519231 0.10086508519614891 0.05820319605942032 0.06691712941411336 0.007969887815961944 0.0060581428574178545 0.06639404585604487 0.04614301036883733 0.09843993859739172 0.06508196142644855 0.08996843168093833 0.05654370366983829 0.06364115608050923 0.03475503820807883 0.03918497937695065 0.05145432520793515 0.06878875772528963 0.04870119910873686 0.08621748267163729 0.031359984306663834 0.10773665955538723 0.0337234887648261 0.0513484067359693 0.05608481446182347 0.0025773937852493645 0.02915435304555408 0.06633220387681182 0.03305283183329326 0.03434146687527042 0.006474276428546495 0.05117801542377161 0.045101273254564145 0.10050263633318425 0.0423600287629709 0.09685058690258959 0.04965637507722819 0.02895996756482171 0.025430153495619817 0.09850108249344879 0.10042214506547832 0.07678137643450876 0.04633590190618212 0.060700697804544144 0.046302696675633755 0.015014102083324082 0.05850934514370301 0.028131648865234445 0.10175275574684728 0.09630019054240936 0.05071653748115331 0.08111321894980514 0.0798486822493732 0.08992497394281664 0.0770667452474924 0.033121933136575 0.08299155175975806 0.0717801385922606 0.10422698638397472 0.0744938783973247 0.02782236740188141 0.02832736842120143 0.06432611454180952 0.07018567432566965 0.06519699375532116 0.0871047222759914 0.028379546237078772 0.08833775835497604 0.040331351833777736 0.05879338056732177 0.09367390347470689 0.009689813026349862 0.0422372850865211 0.050608369252626996 0.09556299998683626 0.06906714608223483 0.04694224422640714 0.10643375713422873 0.06118463693669991
 0.028519933278600813 0.03842218346651916 0.058798256233738605 0.07451591750872115 0.057893975212171316 0.06571018454910554 0.019554701440541732 0.03295156471135397 0.04820394244534042 0.020388813691872867 0.04106901194759375 0.015716237780053374 0.019145052571393668 0.038234985229677096 0.05499211000085377 0.05114349652771901 0.03607958356650546 10000.0 0.03405678213493134 0.0715710852780859 0.07069372896774094 0.022328719583554334 0.03278004512380027 0.037766540578534395 0.030177132302544974 0.031041505453999852 0.029545184352548454 0.0805519057512049 0.029037522459770464 0.07601755869045765 0.020476651047797112 0.028465037554027628 0.020448638441045077 0.029504590169662195 0.03335849482697247 0.03333687636952503 0.05228380268091267 0.06291540493258209 0.030393137260310742 0.0726827442102201 0.027294125163051887 0.026099173616613718 0.03265050795233661 0.03430544894143885 0.023745012622352374 0.03517561551199727 0.05168013643702474 0.043131906423377935 0.029683188948825316 0.01564732652138165 0.054546304301377864 0.06550933443534605 0.006452354255012838 0.060973098240255444 0.058377719357653346 0.014397057556570022 0.01959546795927379 0.07234583351889153 0.06441133428736073 0.041795249231378784 0.0399629332536979 0.024624755853881835 0.03044102604388389 0.021397348648760247 0.03414874177508507 0.020697368554878384 0.06577191331587175 0.06651403228649007 0.014669657000901544 0.05661830353958595 0.04746764722152877 0.05896173676290853 0.042610623816099626 0.020230004015586875 0.05794983290213152 0.06896744425225841 0.06822553672598126 0.049027794860038026 0.05461256696730001 0.032790594232663825 0.058699093108665536 0.03837352435686783 0.03655650523432519 0.06433141670167741 0.042472669109381724 0.05225896088768875 0.06582742573526626 0.048369519592370326 0.06881280412259551 0.03055112153947705 0.02658834997198959 0.050370426490964716 0.0594993201969296 0.06247450064578052 0.012156240121517005 0.0708471281925542 0.025339678199054614
 0.05524614502200014 0.05830176738124351 0.02636100680164939 0.09098486294469538 0.04755589286514105 0.06873733024777876 0.015022571658914968 0.04575132511631526 0.014174345497142742 0.01928893200280172 0.04272196016703297 0.04961050730387346 0.05312582302989567 0.06842162108320254 0.07786181714434916 0.028644138708372183 0.03572134731360671 0.03405678213493134 10000.0 0.05863648836026246 0.07195961774211447 0.051087802191907346 0.06394458788759573 0.02999944575628441 0.031706437545185664 0.050596091306241195 0.06143632624526157 0.0630223368333036 0.05540372406039619 0.054249254190057765 0.046881608185120605 0.04785966987193659 0.049890878911033165 0.058481969378524214 0.06602790775224342 0.06210066522638392 0.018333652297172476 0.053031166564263196 0.00484549868443526 0.08649533393814784 0.05417689828097007 0.05999219669625202 0.06647490240477096 0.03632853877620312 0.04901245303950478 0.042630564526761526 0.023673415128585003 0.011563315155395049 0.03346921949074603 0.04674115542604888 0.02096345797808558 0.07954102077409675 0.03876217019891259 0.07986794435638021 0.024459623517646335 0.041450110914013925 0.016664743527753725 0.06636590280211153 0.08439706431825753 0.0581362539140232 0.010616123191940817 0.05106848602624522 0.06215237734362224 0.02783999690620611 0.02971690746047635 0.046056605755478215 0.08530610376066843 0.06728276985648778 0.04226529552795721 0.04896621953910738 0.05559891044179116 0.06269692999707221 0.05701712925542371 0.04883229727919581 0.05105403402306385 0.038181176863742484 0.08785318944649877 0.04366734783458433 0.03260184229733934 0.00759770364314655 0.02936309380739273 0.04659728467000011 0.03878750703990216 0.0536010447503069 0.015547976591288893 0.07470800528184014 0.03950210526821378 0.023098706035624573 0.06096525324048202 0.026161029129169264 0.05779192064017019 0.01737111950459511 0.08074808788034542 0.03398524116440133 0.03578389073549406 0.08721433815422923 0.05374614959594221
 0.100079174161063 0.05710739746609119 0.07178744940506164 0.06598597835545943 0.013714361011221372 0.03141215850567964 0.06507684600456742 0.04689606381468553 0.05952208477500523 0.0724250279205794 0.03334509498245157 0.07966098708829845 0.08264626891708743 0.1087650720996214 0.07013132103273087 0.0852276339379643 0.09297705215519231 0.0715710852780859 0.05863648836026246 10000.0 0.029537182010576486 0.06901086719093157 0.07967674018133154 0.0883018471295619 0.08790642345800077 0.055588778243722756 0.09925487979749427 0.01233632561701586 0.06655982899482349 0.01953059910094878 0.0645505763094201 0.055333028760605724 0.09195515706644812 0.1008689901256459 0.10162331047204466 0.07350209022777669 0.056659424901578735 0.009402753372804891 0.06219528874486821 0.058454700904134696 0.09885275157506143 0.091701497037162 0.0975100704322639 0.09296884272497528 0.0949947669384681 0.040999687002840485 0.07750484912053371 0.0661611475692669 0.08914540625969387 0.07130203992268289 0.06494596692635173 0.054947533166678296 0.07061528688944774 0.0638085203753561 0.06371295272427549 0.08557392823673303 0.06837370793285338 0.014913374058065492 0.06839108157511141 0.05155438231777625 0.048730089341320865 0.06545679631084056 0.10026089543073972 0.08109782039335338 0.037492174672323283 0.09182530638370485 0.06808768986702403 0.027041258988040807 0.06547967703809063 0.015954120571163806 0.03860007207007995 0.031397692835206055 0.048417865394378146 0.09180023735519326 0.015575816126262692 0.043444734072971176 0.0698229071123576 0.023365911351252433 0.08883048368940938 0.06616157455838165 0.03975928306599538 0.04047689441487934 0.036668006747953855 0.007648334813908882 0.0725334512597255 0.0676698828795664 0.09115828668213172 0.03711164171376286 0.010167403420990031 0.08332191025627668 0.09712623576510827 0.051529032728608135 0.0686578172161275 0.036875521939796076 0.06184177429119385 0.06343002881733888 0.06934030875435694
