NAME :TPP_input_24_4_2
NUM_VERTICES
93
NUM_CLUSTERS
24
Full Matrix
 10000.0 0.019109399488013573 0.006013620706800411 0.02543856394156048 0.0400828370708711 0.030385615202790296 0.04873371414094389 0.019049492756494854 0.034919714868014845 0.024219108227669428 0.05215602693718293 0.007775906260924497 0.05658899870887502 0.02066513241186061 0.01812672204465442 0.023646765416170012 0.040626948012404726 0.02304335626550221 0.036611671393547714 0.017938468962837156 0.021521469992355123 0.05902244030097879 0.022409626263760064 0.040116969970611295 0.03670018277329646 0.051419468676081145 0.04297700649300167 0.04474503693672513 0.045559993506166414 0.03716336576970868 0.05604310939543627 0.040444377025220496 0.047727178400403684 0.049708363452176905 0.057652916738079506 0.08305865692467165 0.046005647534175236 0.06155946210802955 0.019245068615467636 0.028819873603935193 0.0549711728606889 0.07035270744062565 0.06559926624984953 0.0406054562380907 0.05745868139318551 0.06505954328033633 0.021623176390216024 0.03834421820794171 0.06647817722374416 0.027251213876167416 0.019625083196128604 0.051788969488869185 0.031052566059882058 0.047777444514234685 0.008101162655298946 0.03992518539443767 0.04672034653078255 0.0321140859676113 0.04707099393497207 0.07352110086904327 0.06635847738662616 0.06925634237216065 0.049624887392528745 0.04407506963276943 0.042258434423513895 0.058268457921928515 0.032078545598258734 0.047681136583516914 0.02718073308218503 0.06746365153483547 0.02719663481742294 0.024546353506227643 0.0339079623833473 0.0311936429518779 0.056777344995174756 0.035077841797006314 0.0603696510244461 0.030704656368148005 0.04087728103715885 0.04525207573094878 0.03318321362124765 0.01852117103086879 0.06343809872745654 0.034190183630359854 0.034225337015954344 0.022440366353318326 0.037599769530869576 0.006121066806952717 0.018399691420048252 0.06656614544707985 0.038725258428282464 0.023470762325515038 0.009611794401618924
 0.019109399488013573 10000.0 0.025122853084041576 0.025239143423949784 0.0381188804070735 0.04930272302759459 0.04771761420218995 0.03750059033562051 0.04488651952612211 0.01573837403276993 0.04248812702294415 0.01397057876292636 0.046594023358136775 0.033545244248456944 0.03514432649197609 0.03679109856170506 0.038820490406662515 0.03629960985308734 0.044087368221921046 0.019959836725620787 0.010358167424755234 0.052564348303431596 0.04023710642813757 0.05317448563710482 0.04585293537467551 0.03652274097457368 0.03270454785247365 0.06288944593415541 0.03871739490894233 0.03659718450354042 0.05798956462797319 0.03792093565334904 0.04575608266027612 0.050091633646348124 0.03967835757843493 0.06443307294415884 0.03545416144743252 0.049232646101532586 0.0033240075158578477 0.009809819577068416 0.03794875107774094 0.06589289162816685 0.0485390372886417 0.021645458256067663 0.06317231995237584 0.06447796004897947 0.03944067653499516 0.027640527615456364 0.04958054436470271 0.046086213656666306 0.03659451352914654 0.03369264495967951 0.032261485525750574 0.039621807420561664 0.013302648563203718 0.05522412101019236 0.030617157097175624 0.051183161567426624 0.03266144484485904 0.0706941685649577 0.06661288714420494 0.05446952218853158 0.03923721206287427 0.026120451966865115 0.06132799264136696 0.03916981921818245 0.023454994747042213 0.0667517401446848 0.016693891038935905 0.052529417510561956 0.043556437122656305 0.007873858889748668 0.02640363598543854 0.013339320690043425 0.06007117111015228 0.020001265008553606 0.058657328667932024 0.02107196891879154 0.03922656799234801 0.0337921199201668 0.04986318288721327 0.025393654597944966 0.04448003392245938 0.03838068679903658 0.02419240193065771 0.03371834430842001 0.042240325989253015 0.023940335110708148 0.03744152154030934 0.05435816939413424 0.04773761931589956 0.011099104660741141 0.02741055163115919
 0.006013620706800411 0.025122853084041576 10000.0 0.028265956682343607 0.04245189168172226 0.024483118102136704 0.05051770451446628 0.013650186320782237 0.033417979750508434 0.029028624821164632 0.05617076877065942 0.012986316485739483 0.06068253019743473 0.01898229043983374 0.01390025109313352 0.021403676042719838 0.04302015861732223 0.020895031045043866 0.03612972815466257 0.02122335850906769 0.026929076747406945 0.062183725037507194 0.017404695849367918 0.037063295167829725 0.03544834134339741 0.05665732341793486 0.04732410367876784 0.039203592584358564 0.04911414104361943 0.039357262364376346 0.05671252628343263 0.04304561321036267 0.049916163275474414 0.05113702099659486 0.06343345371140696 0.08895283697005794 0.05034559458302297 0.06607665041315039 0.025196490871314123 0.03482202855361041 0.06056833126435956 0.07269833303249457 0.07116524768807908 0.046601204978556895 0.05683169061983771 0.06633961652261791 0.016653492065038772 0.042905944704877595 0.07200559923028754 0.02143932336176131 0.015321823189988875 0.057631010491707366 0.03298719558020269 0.051594862368834093 0.01349620978328982 0.035834996680174834 0.05218901023015737 0.026130795230805467 0.05225810871704362 0.07534887849163 0.06735810653360992 0.07429167500356279 0.05385569412785 0.04989092776821704 0.036261627261969444 0.06427853443831766 0.036447466614536905 0.04168289572216018 0.03213967622198963 0.07254332834391754 0.02290580619994862 0.030403152178449452 0.03795453301248787 0.037081837603821444 0.056989397355248536 0.040511894050557225 0.06207811577600216 0.035336428441518214 0.0432159929697682 0.04987017887929272 0.028606408604095326 0.019930903179792774 0.06942600323041316 0.035040807587435906 0.038787508071528566 0.021389973724309452 0.03800476946861657 0.004517474240682502 0.012441458481202393 0.07100671529689233 0.03743911983564104 0.0289424782602205 0.006057649512015791
 0.02543856394156048 0.025239143423949784 0.028265956682343607 10000.0 0.01473390672176752 0.043594278745438045 0.023846858500255978 0.04103069821860142 0.023155010566696905 0.011574224583193063 0.028865495184585522 0.01894036580187624 0.0718328265952138 0.04609500399396269 0.026889267448299455 0.021217536209933822 0.06195037661943538 0.04841808127638612 0.06166979489421814 0.03980394539738353 0.015930230485084667 0.07746599035510612 0.04516304125805013 0.033618616679150136 0.02324248935346213 0.0607619524477755 0.021400114313113824 0.051818692172684755 0.06354045724866797 0.05907837284184443 0.0330137919024995 0.06133101624617144 0.06912805918795198 0.072445011876015 0.04608776071180463 0.07196707475723656 0.024187374382917844 0.039879335975715476 0.02830310897177697 0.028853071823615867 0.041217173341956216 0.04492770191877861 0.050719872472495854 0.040930771816543345 0.038051150221895716 0.04059922661737388 0.04447506410080695 0.018413447733189044 0.05115263653095131 0.046823579136117115 0.027646268478346656 0.054542599845220356 0.007028815681847277 0.06469822579335142 0.028284764050171055 0.03861090286845052 0.03248844714261571 0.049300242494685564 0.05725331760023578 0.04835065198885893 0.04233821307019033 0.04998757330317543 0.02717397944924154 0.03481131316317866 0.05573212029845385 0.05313416960204644 0.01226761400080765 0.06070992009966639 0.013677098406251064 0.048534975802009495 0.031108487462238446 0.0329331250739674 0.011920431663651266 0.036883951748038955 0.034874410432131915 0.02276794377637424 0.03540276116622798 0.013064686303606809 0.06229927695066615 0.059009415493239716 0.05654931261764601 0.009581651996358923 0.06120188535699078 0.058203527053059805 0.015071011762899138 0.047842435032005456 0.01728872426921591 0.031127194131455444 0.035227120749458156 0.044454980228387585 0.02479046985343035 0.03613637247219778 0.034077822110758875
 0.0400828370708711 0.0381188804070735 0.04245189168172226 0.01473390672176752 10000.0 0.05411479915429481 0.009598887964022227 0.05453070803233924 0.025264028382043495 0.0225194269218329 0.020050977433935902 0.033661177696220616 0.08412155257985533 0.0606929161267453 0.0382963351445011 0.030017636573447144 0.07610001921967126 0.06295370218501342 0.07640351237329066 0.05432177740300763 0.027866724700883593 0.09067182357328928 0.05876197735815857 0.03615791569408403 0.023915996711007602 0.07133340428286923 0.017698448930477256 0.0590177949371768 0.0768362235579934 0.07337853434320134 0.020685792358820898 0.07539065049222292 0.08322918638696629 0.0868267797845853 0.04697396859728143 0.0711438128730136 0.019060591084437542 0.03196433702717061 0.04138679812069874 0.039080637645422286 0.04107495193256101 0.030298352444525698 0.04853291152899226 0.04936168413830561 0.029183860963145153 0.026395245071250028 0.05812241015824553 0.01851067613288655 0.04855330066790166 0.059345831101697215 0.038641054768308786 0.06277065493040987 0.009691847432648658 0.07766905432387346 0.042916802122736686 0.04322954547809053 0.03352236897005121 0.06087150289163244 0.06829638359453025 0.033634366738331506 0.028500026509233858 0.0438622877875579 0.020175239883875415 0.03901969726379988 0.0654850548598982 0.05744340952562518 0.016769972553645516 0.06999866320419765 0.022672591212542042 0.042876231330357006 0.03976575232191182 0.0452605073422154 0.013834996172879114 0.047919408016891575 0.02370218028966593 0.02812090161005229 0.020831966931496856 0.019192320554002516 0.07646693216744722 0.07117864418684425 0.07013982714277354 0.022654509831536173 0.0664950051091631 0.07285849911905593 0.018176034410431453 0.06251779384243532 0.013713297285324834 0.04562166588349394 0.047694944412717225 0.035569465065238295 0.024413227268402844 0.04921796484517156 0.04840411371047392
 0.030385615202790296 0.04930272302759459 0.024483118102136704 0.043594278745438045 0.05411479915429481 10000.0 0.059211067826685754 0.01735383843314462 0.033284652948885815 0.04938511332460276 0.0721676853694462 0.03592289199431041 0.0823580662586122 0.0321639734756278 0.016771725338845585 0.024151067179289016 0.06156032744833621 0.03188302367666496 0.04781454775792561 0.043296019391495924 0.04899870972698424 0.08167974090692719 0.01916799099212862 0.028871901991677922 0.035688242908070225 0.0805090925986642 0.06495717029430315 0.01612622786391647 0.06994010165898383 0.05771186042156406 0.060629639938392016 0.06206317420501508 0.06751849239299396 0.06664526884244962 0.08589111050360396 0.11185206769228306 0.0677785786691154 0.08344836373864138 0.04963033224459115 0.05877832296447984 0.0822436304161268 0.08170872517822099 0.09255168512580225 0.07092076059702898 0.05563969751392809 0.07172201627136171 0.019365430859653275 0.06150617284199503 0.09321211600664739 0.011917860015210405 0.015948599473794112 0.08211289708755934 0.04482459512616727 0.07289828795098624 0.03790403774582943 0.02249318559731168 0.07351356161195978 0.008377824091506237 0.0760617699089667 0.08224123874357715 0.07158734307808058 0.09342663193261654 0.0707255707361117 0.0726755130049269 0.012436047374754861 0.088219889472873 0.054934542592337626 0.017756935846011544 0.052651213384448135 0.0918916015290999 0.015197486532032144 0.05488565327246812 0.05535449666029336 0.061559434436162 0.05911503195010839 0.06204810524179681 0.06940627457511567 0.0546791080170081 0.06161508054770809 0.07276641795705154 0.025393860909722496 0.03410986388960705 0.09376471967172964 0.05061266917138511 0.05766581068359949 0.0352240545002086 0.04378435701471056 0.027202105845288923 0.012072490588570881 0.08792960131653262 0.03699040539618874 0.05323934044071825 0.02488666821541751
 0.04873371414094389 0.04771761420218995 0.05051770451446628 0.023846858500255978 0.009598887964022227 0.059211067826685754 10000.0 0.06182013160383973 0.027324078145203635 0.03210414803727805 0.022564854056029423 0.04272924085253792 0.09365380658321384 0.069153405868878 0.04448732279710628 0.0352399166311122 0.08559593215209087 0.07129778930710966 0.08527797378598695 0.06363913427638951 0.03746017892286518 0.10027005671769325 0.06609042663248692 0.037124670936800025 0.025331751111622156 0.08058794527107226 0.024138220392515418 0.0617678630736745 0.08643487083010716 0.08282133768624658 0.012084617866442457 0.08490999654972844 0.0927408673677046 0.09623571749160093 0.05318291336535867 0.07587074283539888 0.024462990449045863 0.033623929158655044 0.05098385997607838 0.04844456084816361 0.04702753534255781 0.02271074330966752 0.053091975879161854 0.0582467430474448 0.022736944200171246 0.016838087054031732 0.0655014478729474 0.026383933952285683 0.05287316053578959 0.06577518447686073 0.04456445423715196 0.07147019337917426 0.017682514880742847 0.08726195847437047 0.05212997019421236 0.044991274794507624 0.04039593954856555 0.06656228059509993 0.07765541158831768 0.024841289882909543 0.018904278251377683 0.04609322440909469 0.02413076298987945 0.04685272201308034 0.06979792891795414 0.06486200651599186 0.025929117012394587 0.07390322154695923 0.03212372304606122 0.04549332674568647 0.04421904783720786 0.054838004013040814 0.02286540016541535 0.0573493166126759 0.015851261042917307 0.03672809121975478 0.01163651528675169 0.02842720652091811 0.08595763900272177 0.0807082098502895 0.07735940850079513 0.03059967803039865 0.07416194163459607 0.0820331565120697 0.026931816169973144 0.0711398832398774 0.015572253522609422 0.05400214523220026 0.05429723378842529 0.03608417029118555 0.025046413266711108 0.058816715268408114 0.056554785925459906
 0.019049492756494854 0.03750059033562051 0.013650186320782237 0.04103069821860142 0.05453070803233924 0.01735383843314462 0.06182013160383973 10000.0 0.04050329376002989 0.042673487094043026 0.06946708962413144 0.02655865281581407 0.06529633130450567 0.014869918171642195 0.018583485524658584 0.028489022735512775 0.04420658768433333 0.014907513396833615 0.03134504325898935 0.026968311176449905 0.040485680539518676 0.06433025570178294 0.004273165814105913 0.040519068349578094 0.04284168368647861 0.0647321764608744 0.060816136769363024 0.03347553863071822 0.05274985014485092 0.040358199691557586 0.06641642053049608 0.04471828799505577 0.050206656342331804 0.049590686645513096 0.0766479619856291 0.10187419448501758 0.06382721313508936 0.07960732208442076 0.036879290976239765 0.047309975279864254 0.07401941841570207 0.08440462116959116 0.08464425829734484 0.05827256891298035 0.06442429220610447 0.0767561218008962 0.0037429891238134317 0.056484378906744216 0.08551476375610079 0.008891742585054947 0.019223318497604402 0.06808302196754958 0.04485906046733543 0.05579024751247857 0.024494902533742275 0.036482051230348374 0.06573233940321195 0.014891851518012497 0.06027074923018653 0.08639977619117396 0.07736401985310636 0.08794117125401306 0.06727755689071618 0.06304901216455279 0.02643554562625249 0.0764696839403583 0.049979882135230407 0.031600922799758166 0.04578985646613711 0.0861934708130415 0.024708535490410275 0.04144725802664765 0.0513455941254997 0.048105661701074706 0.06598903729515401 0.054068724112157296 0.07311663322996405 0.048946356329141495 0.044261511081139855 0.05626689106238999 0.015609136774040383 0.03194122355870389 0.08083313559517738 0.03339994828618123 0.052373839414882634 0.017949745100580738 0.047879099465166094 0.013563404603085182 0.009143859524435317 0.0844992190034052 0.044642008017737496 0.038704276786450706 0.010125435387014567
 0.034919714868014845 0.04488651952612211 0.033417979750508434 0.023155010566696905 0.025264028382043495 0.033284652948885815 0.027324078145203635 0.04050329376002989 10000.0 0.03436890387158219 0.045285746744199704 0.03303079585788985 0.09000609037794763 0.051855440814278383 0.021938514555029084 0.012246081530557888 0.07554637541218968 0.0532887159873855 0.06931558447539508 0.05279138298523471 0.03771916499734102 0.09361047944184128 0.04459725177105833 0.01106463496436084 0.002429280914321528 0.0814092575862789 0.04121155043034746 0.034460611977845196 0.07989553241359786 0.07207030918475185 0.02734631403683103 0.07534553313461252 0.0826418890034774 0.08438087190904678 0.06868797104207097 0.09418413373182243 0.04330162447867907 0.05720242813136169 0.04728720126050633 0.05083986097223753 0.06342096669596692 0.04905076095558858 0.07217423153013781 0.06342730575515282 0.0239359469185342 0.038451702728513316 0.044204594291707484 0.03989247954511996 0.07240185206974231 0.04193572981430696 0.021307663805452993 0.07689422900054009 0.019036999946473152 0.08177147900780665 0.04172785531566938 0.018021435971986903 0.054929386446550224 0.04128077843160314 0.07750896198117438 0.049060826144225855 0.038322581660835055 0.06891437739275509 0.0450901232486431 0.0579241221524875 0.042888261590201204 0.07628911438299746 0.034750007462174576 0.046742598923884396 0.036783030140937506 0.06781226480121898 0.018125775592866846 0.05271140630438035 0.0333449336659713 0.05787810807432695 0.02603852488050607 0.0458797524417583 0.03648626959096676 0.03601820287299771 0.07579682800799716 0.07774781826782244 0.05498331958541642 0.019499135250620206 0.08429196627093156 0.06842656983958605 0.03739128648375499 0.05453546998524105 0.012010648210605731 0.03786136798939611 0.03163745954754908 0.0608167504558777 0.004145169261996443 0.054434306031852925 0.038989711571808285
 0.024219108227669428 0.01573837403276993 0.029028624821164632 0.011574224583193063 0.0225194269218329 0.04938511332460276 0.03210414803727805 0.042673487094043026 0.03436890387158219 10000.0 0.02855791086110404 0.016446283813946867 0.06165659264655319 0.043862545784573125 0.032883879205968324 0.030085546013978837 0.05434905187921574 0.0464772467183822 0.0573675793780651 0.03379180689265077 0.005386431643342405 0.06819382912564412 0.04638042714510952 0.04438372186683288 0.034660348825671386 0.04960854398928416 0.019006160507254885 0.0599727810459491 0.054400185189193366 0.051914123161387694 0.04278923610035261 0.05351792056657498 0.06136738840837416 0.0654383966741006 0.03691207883650159 0.06301532496989345 0.02200974953286354 0.0373685065606293 0.019051328249355202 0.017420339634436746 0.032892154890253204 0.05035689188817933 0.043169437348960525 0.029356969828463485 0.049126048199890415 0.04879676121966445 0.045612854917493756 0.014189383873436856 0.0438501552943448 0.0499672558314453 0.03401606763308985 0.042968956811353404 0.01803919416070748 0.055161581670273005 0.02352374107593589 0.04851442075507226 0.02413295479148439 0.05366407568482924 0.046282906901740986 0.05499158014037989 0.05100724472495373 0.04527556933615057 0.02573006155414786 0.024466707556906695 0.061816017784213306 0.04225430701385507 0.008384968677800482 0.06707286684434909 0.0032678138530769303 0.04354715260701226 0.039197937296585696 0.02274274596043994 0.010991506337962342 0.025817560593265766 0.04520894328585857 0.012861935933610912 0.04292756649712441 0.0065628171764592355 0.0547411576851643 0.04872494216909023 0.05736776716733381 0.016983085842984674 0.04996453235123247 0.052637098171583685 0.010109034036248483 0.04493273242951248 0.02868920861105873 0.03033463241120556 0.03909995006519068 0.04240446428648748 0.03627967269302836 0.02680216577225057 0.03381742198825452
 0.05215602693718293 0.04248812702294415 0.05617076877065942 0.028865495184585522 0.020050977433935902 0.0721676853694462 0.022564854056029423 0.06946708962413144 0.045285746744199704 0.02855791086110404 10000.0 0.04454435038912832 0.08324514691588965 0.07231403505951697 0.05561872776417972 0.04866195565265422 0.08092134857998533 0.07488538431838081 0.08580612633772318 0.0619458946006314 0.033038590212164286 0.09185414960251699 0.07347704411701193 0.05620845110838925 0.043966441374136675 0.06765536270183393 0.009789729270352331 0.07859304786886268 0.07879700042617005 0.07896180215113763 0.033750041373606966 0.0798812381494412 0.08760096029982613 0.09237615368603673 0.03228260400848757 0.053444123174149545 0.007117527853812707 0.011917054781887974 0.0456747815150165 0.03855971313594548 0.02602828671829373 0.026841727652617393 0.030716185962245138 0.044223307918955776 0.04523168538657062 0.03257596761044218 0.07275222337651563 0.014858542564824464 0.030409275127504763 0.07564391258225951 0.056263907658155636 0.05586505316271569 0.027753861216066558 0.07871996926145472 0.05207520309877808 0.06318953489077442 0.021608615115130278 0.07814200460545762 0.06568542639906243 0.033453409724578435 0.03581318841061735 0.023961350153030813 0.003563816487615355 0.02981807048295729 0.08405802976343082 0.045664459197886885 0.02023682976181492 0.08883493963651162 0.026315879703750038 0.023145179252806975 0.05866263727703012 0.04740098577592112 0.01825827725109581 0.04725122283762538 0.037933223042159174 0.024209313944370592 0.026258806769142426 0.022072549877583884 0.0813490495547384 0.07066706930582627 0.08476992001290196 0.03843527007778024 0.05524204581011967 0.08070275050156779 0.018597673758916175 0.073472385609146 0.0337196237825127 0.05823819897294773 0.06408051800465063 0.015845373435831263 0.04441844783400689 0.05252732848369604 0.06155474916054819
 0.007775906260924497 0.01397057876292636 0.012986316485739483 0.01894036580187624 0.033661177696220616 0.03592289199431041 0.04272924085253792 0.02655865281581407 0.03303079585788985 0.016446283813946867 0.04454435038912832 10000.0 0.056977418157965365 0.02786757616055967 0.02118520157885392 0.02346804754201517 0.04390228075661762 0.03038314647172984 0.04278168218668878 0.021236259092750703 0.013943824361282126 0.060905578633978524 0.030088510662874407 0.04014551870787026 0.03441563358596403 0.04939417226531076 0.035267215362593564 0.048994246403979466 0.04706648479985458 0.04077737859446784 0.05105911315966671 0.04345627964070283 0.051106334456025665 0.053935585593057944 0.05057648743203984 0.07626650647316636 0.038293555860165245 0.053799977878665285 0.015324162565599387 0.022963289510525967 0.047592859499683324 0.06371018287698489 0.05818211558471832 0.03546697916920896 0.053909175138817156 0.05937570575521232 0.029309286590343896 0.03059049768385826 0.05901940194614657 0.03438652641765337 0.02262867720428788 0.04765116831021885 0.025256507602257987 0.04880232369607151 0.00956783929305232 0.04152566466885168 0.039204021957458604 0.03877645193569365 0.045254824604238554 0.06728939788071053 0.06093726398096702 0.06151598954270699 0.041940038479841145 0.03710283291604835 0.04818784514210231 0.05232106366728123 0.024386557359269596 0.05359168972056172 0.019409936642528297 0.059734913257605715 0.02961917188219824 0.02097690438554433 0.026341596964649674 0.027162044792343253 0.05227676890659676 0.027528577980378898 0.05432254440415798 0.02294749484975771 0.044214966168438875 0.044816154358590495 0.04095214430371475 0.014225647923848806 0.058219762550670136 0.03931313361774595 0.02647632780284428 0.02929093859495518 0.03326694623710702 0.013888381826979669 0.024447268636471425 0.05881710661968024 0.03641013191564472 0.021655313558171168 0.017384364426213446
 0.05658899870887502 0.046594023358136775 0.06068253019743473 0.0718328265952138 0.08412155257985533 0.0823580662586122 0.09365380658321384 0.06529633130450567 0.09000609037794763 0.06165659264655319 0.08324514691588965 0.056977418157965365 10000.0 0.05144767172821414 0.07445490522956774 0.07987889652811814 0.02372532367046956 0.05282691351888704 0.04336017575774235 0.039573556602874184 0.056406531960790575 0.011778452484327923 0.06491099789371754 0.09655887627723814 0.09133517025878903 0.01788317389497959 0.07438279840179102 0.09836963522228075 0.012861984886043705 0.026985697287225167 0.10441195323897536 0.02250387386056406 0.022282066065541065 0.02857098078452253 0.062311565148028165 0.07458604705959329 0.07635405147363933 0.08535608487705462 0.04359379847727261 0.04558766218290847 0.06547569223536498 0.10936130515721466 0.0726269279454574 0.039706033977149446 0.10970334084614083 0.11012008030468298 0.06439098317708498 0.06989043928303885 0.07405147314198893 0.07328906215248013 0.07592046704515416 0.03273607356259373 0.07885274914610543 0.00954228174021622 0.04880266596839828 0.0964102850949013 0.06363220263966161 0.0796561386113493 0.01805393941870538 0.11505951455582865 0.1125073874214091 0.08454709959654903 0.07968228542533147 0.055100166644077415 0.09138295676117458 0.0497947791095629 0.06802989784864634 0.09623334956494684 0.061561040556541005 0.08259863709966811 0.08353606541111226 0.03898782005592283 0.07114560129722303 0.03656860041596691 0.10663161281236268 0.05931501832122388 0.10399528127668223 0.06549090543067777 0.023943877999886426 0.012946009570790399 0.06745220126146395 0.0708407079504438 0.045166336513595064 0.036096522464783516 0.06771236171216163 0.04875030762698632 0.08874511579390142 0.056600364783841 0.07117789812709188 0.08989928162449759 0.09331014502092207 0.03589476385187904 0.05794602949964723
 0.02066513241186061 0.033545244248456944 0.01898229043983374 0.04609500399396269 0.0606929161267453 0.0321639734756278 0.069153405868878 0.014869918171642195 0.051855440814278383 0.043862545784573125 0.07231403505951697 0.02786757616055967 0.05144767172821414 10000.0 0.030538439966276573 0.039627000631155124 0.029514299289723496 0.002754823844155843 0.01751706610088498 0.016450827679797258 0.040088927400870666 0.04966976080580589 0.013560832567972048 0.053820825767816965 0.05400836314688833 0.05317461970102448 0.06286635652598017 0.04824738039010893 0.038681171399764146 0.025679052145008263 0.07568834286156775 0.030131767584763523 0.03535491768641492 0.03481388774531771 0.07295452829106053 0.09673605569454762 0.06587229430621198 0.08104640382140757 0.031676246467186475 0.04269806164019425 0.0714914391148459 0.09098395945461304 0.08206575157744068 0.05140134621610999 0.07556762702755006 0.08520708754203742 0.013121579839668343 0.05801988163148676 0.08312036598072137 0.0219601448106783 0.031610003732359185 0.05898779910106411 0.05149470380357024 0.04190637230724527 0.0208471525901612 0.05069797039020156 0.06403396668563083 0.028317394631867204 0.04879073478004317 0.09398840210606418 0.0862965575013368 0.08760849604441044 0.0695848586228539 0.05953365825028651 0.04002038752720657 0.06998240969174406 0.05208545319201774 0.04479385417342278 0.04648491568303967 0.08571467456915242 0.03827576761456875 0.034681511690963035 0.05418026705417909 0.040750212796810154 0.07595650977024793 0.05289127565108359 0.08076836034497653 0.050423704054469526 0.02954077809171798 0.043639176386992946 0.01800151392390059 0.038604148897242015 0.07280817588457938 0.01854648282103239 0.05396850807386325 0.0030861424406729127 0.05698608900793434 0.015155766804924729 0.02301769580982268 0.08613448935184131 0.05595671257324192 0.03046474159333418 0.013007860181353265
 0.01812672204465442 0.03514432649197609 0.01390025109313352 0.026889267448299455 0.0382963351445011 0.016771725338845585 0.04448732279710628 0.018583485524658584 0.021938514555029084 0.032883879205968324 0.05561872776417972 0.02118520157885392 0.07445490522956774 0.030538439966276573 10000.0 0.009941676884373443 0.05678466181954176 0.0316988409071676 0.04804783396127044 0.03510495616948247 0.03304539459375238 0.07607488345030702 0.022728213308711515 0.02348576802390448 0.024263059877978724 0.06944378116780028 0.04820968051650956 0.027889286437013185 0.06300220405475798 0.053073192570911365 0.048069325587702466 0.056865282272350465 0.06358637136815187 0.06441664989930371 0.06966720291408235 0.09573139955881749 0.05105094424270174 0.06676835239674758 0.03620920162114995 0.043994716283948694 0.06577390692521827 0.06719791006259919 0.075977338641841 0.05662684066500479 0.045872881870116344 0.058646683015568774 0.022302886905449643 0.044736229750101116 0.07660076959401031 0.02128844748015794 0.001502390673837123 0.06878075932453491 0.028730562810727944 0.06544207959624306 0.026216366632774102 0.02196645936111333 0.05699881751946233 0.02264265750744595 0.0651279288896654 0.06861385433455548 0.059071307339057695 0.07665561628979993 0.05405803660028113 0.05669724847995715 0.02909401139462074 0.07305937637704867 0.03817074402405166 0.034260920449959494 0.036134401304903495 0.07512022009543806 0.009094589004456925 0.04179967123521438 0.038593863704296114 0.04820640112768922 0.04746932887592578 0.0456757220948636 0.05542025578477407 0.037969532193727014 0.05696311201674869 0.0633457599976346 0.0334606244891065 0.017358001082250142 0.0793165874735751 0.04811833889044922 0.04091086166462074 0.03339928657384627 0.029796562634011616 0.018288300197726787 0.009987421396999934 0.07131345255460715 0.026082047992219897 0.04141862710006861 0.018268186734143318
 0.023646765416170012 0.03679109856170506 0.021403676042719838 0.021217536209933822 0.030017636573447144 0.024151067179289016 0.0352399166311122 0.028489022735512775 0.012246081530557888 0.030085546013978837 0.04866195565265422 0.02346804754201517 0.07987889652811814 0.039627000631155124 0.009941676884373443 10000.0 0.06407977281553412 0.041042671666950116 0.05710639460925398 0.04156657810168222 0.03186152731273659 0.0826687593802536 0.03265940895897991 0.016728165914535176 0.014476191456170904 0.0728460359119024 0.04234138446635808 0.03060203060707244 0.06916110742514188 0.0605087093590463 0.03817002268824317 0.0639798204285279 0.07109193993620544 0.07252700567398011 0.06672098477875447 0.09277195894229141 0.04496260166060399 0.06025562647194083 0.038646435373811766 0.04432651216418123 0.06217213463478487 0.05788600712516128 0.07187883478667059 0.05718521674938317 0.03612521514186039 0.04884624053523718 0.03221970051051471 0.039628774545332854 0.07234156829213673 0.030876625074897784 0.00960849533722753 0.07015759897490728 0.02096436260768917 0.07127678431475952 0.031097278039692942 0.01870861337760589 0.05337531412963547 0.031322370161756964 0.06872212297221497 0.058965469946891745 0.0491861704563511 0.07095214492910969 0.04757271143046427 0.054552246286856405 0.03552255088974542 0.07208350614259422 0.03340678566873695 0.040188721506355156 0.033105342589484686 0.06957304435163027 0.010026867111177819 0.04427545363414319 0.033087754247116005 0.0501248241044646 0.03752804552821272 0.042799548224104395 0.04586032134529597 0.03383580814862141 0.06430543816304841 0.06805253380337968 0.043375222970829866 0.01310397223611665 0.07923543934944874 0.056439526661209986 0.036220860419705875 0.04233458970676456 0.02012305235571764 0.02590080429790382 0.019891012302093048 0.06450499499043756 0.016374369987108943 0.0450879316404986 0.02681510932072809
 0.040626948012404726 0.038820490406662515 0.04302015861732223 0.06195037661943538 0.07610001921967126 0.06156032744833621 0.08559593215209087 0.04420658768433333 0.07554637541218968 0.05434905187921574 0.08092134857998533 0.04390228075661762 0.02372532367046956 0.029514299289723496 0.05678466181954176 0.06407977281553412 10000.0 0.030362010296572508 0.019675857737071478 0.02285050043635817 0.04905586542959727 0.020155580270089974 0.043030708246869026 0.08008239385797314 0.07730136012191033 0.032617767292037435 0.07121765184527615 0.07768078329987624 0.011333821196037822 0.0038488634952860345 0.09478616102367053 0.0015901911077782134 0.00720506492932539 0.011601661280088105 0.06888508684071905 0.08738855949091483 0.0738123255153382 0.08622917190702314 0.03551609109428903 0.042971365101875866 0.07001778718884011 0.10467838843292472 0.0793042049877268 0.04403545081928427 0.09767577274458131 0.1024308223170364 0.04262548157775206 0.06620301183486481 0.08063283915902845 0.05140049010933516 0.058129337892841956 0.044422709722816756 0.06874664330764005 0.014896312449572185 0.034398727684551336 0.07840915083216064 0.06527119053995803 0.05772166150294753 0.029326868385482655 0.10928905017411719 0.10427785186490915 0.08882888217633021 0.07753654126492752 0.05786712778743744 0.06935449773148586 0.06015246620465918 0.06227170356897409 0.07392912881313615 0.0555143793405433 0.08681192235049189 0.06552430887300427 0.03363043947108295 0.06519273758590773 0.03556845010268141 0.09615894465336369 0.05715454727305353 0.0969028770958253 0.059890559142063704 0.0004698158753347382 0.021379703166695244 0.04414079370660455 0.05801382804300897 0.05902133481824465 0.012453349712398407 0.06295074881243357 0.02654369837697962 0.07716546357256081 0.03853606495801004 0.05142552965032605 0.0912423034442489 0.07932720303869129 0.02839760364904151 0.038788630313750565
 0.02304335626550221 0.03629960985308734 0.020895031045043866 0.04841808127638612 0.06295370218501342 0.03188302367666496 0.07129778930710966 0.014907513396833615 0.0532887159873855 0.0464772467183822 0.07488538431838081 0.03038314647172984 0.05282691351888704 0.002754823844155843 0.0316988409071676 0.041042671666950116 0.030362010296572508 10000.0 0.01655541282542525 0.01899628364518719 0.04277080274942099 0.05047573441265137 0.012834005340082548 0.054745171368985344 0.055488628616321235 0.055262437720366576 0.06547364895091193 0.04784557509738676 0.03999540166446098 0.026573709485174905 0.07757077686430641 0.031102958079610308 0.035837875136408556 0.03477229296587578 0.0757020259295389 0.09943612557784241 0.06848434544946001 0.0837061902583151 0.03442565562488032 0.04544574052971883 0.0742461308668195 0.0932520337653152 0.08482051760430824 0.05405659334252739 0.07710456815114096 0.08722960738068819 0.012540369923535619 0.06064827434299229 0.08587515532053255 0.021101799578947342 0.032683217524724334 0.06144103583418546 0.053671867652363335 0.04330468326243474 0.023567269025028675 0.05124159005190626 0.06678046291320594 0.027383261924414724 0.05090964065612177 0.09613905517311007 0.08824905308402257 0.09033660722111943 0.07218650400380774 0.06228640423460176 0.038992860990884524 0.07263482535796252 0.05466821736450814 0.04360231982212949 0.04913333880999477 0.08844573655386469 0.039060008860400675 0.03738024966983258 0.05671969586462662 0.04340021309817426 0.07772212572726225 0.055620623766407376 0.08289341534684065 0.05303999494989272 0.03034725587870229 0.0455022313773528 0.015669499692709945 0.04070703890047973 0.07534565909808885 0.018793243706179595 0.05658600604142688 0.004154747504040487 0.0588485483971447 0.017334033002053207 0.023575877766272724 0.08878854807150718 0.05741205153245594 0.0330941227025813 0.014843382783554487
 0.036611671393547714 0.044087368221921046 0.03612972815466257 0.06166979489421814 0.07640351237329066 0.04781454775792561 0.08527797378598695 0.03134504325898935 0.06931558447539508 0.0573675793780651 0.08580612633772318 0.04278168218668878 0.04336017575774235 0.01751706610088498 0.04804783396127044 0.05710639460925398 0.019675857737071478 0.01655541282542525 10000.0 0.02412805089696044 0.05278128605795526 0.03801468275452395 0.0286786818293785 0.0712532281781297 0.07143873115567152 0.05090000060852227 0.07607702432112964 0.06343427541355921 0.030955066748054455 0.016884251713644962 0.09253483930872514 0.02101928335355845 0.02266268688819924 0.01961379706037401 0.08076255935815528 0.10214508875969179 0.07898163912185838 0.09328899577331293 0.041320731597527825 0.05150554027776938 0.08054683778623009 0.10648716987096903 0.0907004661041706 0.05680075576655519 0.09293446179728922 0.10167062482162861 0.0285662832991006 0.07104641891602499 0.09190702333509528 0.03633751427848228 0.049098646629364084 0.06066441570590566 0.06761741491867973 0.034524979138235705 0.03397206414962638 0.06777836333868928 0.07418864735056056 0.042225554242473394 0.047068442569342575 0.10999123551162646 0.10295129184539213 0.09821373304711864 0.08277076672438421 0.06817081403174939 0.053275517075945945 0.07467979382054077 0.06575231185983875 0.05727748369171852 0.059492984480100465 0.09623645680878236 0.055604669983164934 0.04214863952037177 0.06822595482309785 0.04663138624568853 0.09302835889958502 0.0640765009777235 0.09691169731530443 0.06375145564403804 0.019429395545872027 0.039852529995487905 0.026195921621305965 0.05509213665527507 0.07529672068846913 0.008061084732127896 0.06720845340972517 0.014783626758002703 0.07392850660653211 0.0319356636319409 0.04012970998616986 0.09841746444752432 0.07340106611909346 0.036846597057774495 0.0303421500147505
 0.017938468962837156 0.019959836725620787 0.02122335850906769 0.03980394539738353 0.05432177740300763 0.043296019391495924 0.06363913427638951 0.026968311176449905 0.05279138298523471 0.03379180689265077 0.0619458946006314 0.021236259092750703 0.039573556602874184 0.016450827679797258 0.03510495616948247 0.04156657810168222 0.02285050043635817 0.01899628364518719 0.02412805089696044 10000.0 0.02893224736994204 0.04114305982572774 0.02777385733300065 0.05790561908047771 0.05449888514396024 0.03780180170249484 0.0521741569752 0.05909367908299708 0.027897679967076375 0.019579837941655086 0.07228993425058651 0.022567142612053625 0.030024635717631327 0.032710131509084917 0.05776960828118791 0.0807647638645883 0.0550338247458142 0.06916942733826402 0.017258200550237038 0.027813222560928736 0.056980547956345516 0.08379381309619437 0.06735231063396604 0.03520879029038261 0.07483854423926752 0.08040091704943743 0.027089575275718203 0.047117751685291226 0.06849746482136865 0.035656106431263865 0.03654023703796422 0.04257740282427046 0.046392370623709545 0.030389714703423304 0.011668932069692073 0.05705709058271015 0.05024724367098045 0.04184199402391136 0.03334549994504017 0.08787594822944426 0.08206946621417732 0.07423656728708455 0.05882779092844109 0.044703824071029616 0.05339175039935984 0.05375515633924904 0.042124595092691744 0.058567672624508085 0.03566159724529213 0.0722733656054191 0.04412905273805355 0.01892663496901783 0.044771499656170326 0.024558082783963747 0.07349110380172115 0.03995438923780363 0.07513641670867491 0.03999369857793985 0.02313266170799278 0.0294723981118884 0.03441276860148882 0.035215392500379014 0.05636009174242705 0.01884552093916279 0.043379994880641544 0.01541561455473575 0.05441770023698636 0.017036108102975196 0.03174772023406935 0.07429722155541174 0.0565242702093892 0.014217381719267303 0.018505524092588106
 0.021521469992355123 0.010358167424755234 0.026929076747406945 0.015930230485084667 0.027866724700883593 0.04899870972698424 0.03746017892286518 0.040485680539518676 0.03771916499734102 0.005386431643342405 0.033038590212164286 0.013943824361282126 0.056406531960790575 0.040088927400870666 0.03304539459375238 0.03186152731273659 0.04905586542959727 0.04277080274942099 0.05278128605795526 0.02893224736994204 10000.0 0.06281947131132577 0.043931072458490206 0.04716231593915636 0.03828166022899335 0.04483277390750061 0.023295780279156027 0.06073497065255221 0.04901679358174613 0.046689876873038154 0.04800545997216386 0.04820030050651171 0.05604608392477162 0.06021185905544049 0.036929207537831014 0.06285360865718301 0.026208941823256622 0.04099186921211978 0.013676099996719657 0.013145936583826222 0.03368926226811611 0.05562287388725157 0.044254679791424376 0.02574390281852306 0.053922622618280056 0.05417473893999396 0.04314455723387406 0.018271299346223922 0.04508020809100929 0.04829935480008303 0.03432087459830008 0.03917532587199999 0.02277430015872813 0.049802384290195595 0.01934583892553773 0.05055170800773266 0.02526021556484771 0.0525040795021787 0.04135844581773512 0.06034532335554238 0.05636442140955098 0.047864531184216665 0.029994138645404112 0.02369585208007441 0.06140528937248993 0.0403408920741619 0.013305336388818088 0.06675538479661076 0.0067299932684594605 0.04603742787814728 0.04025577943152575 0.01743686372510951 0.016148547588011566 0.020956229403229217 0.05030361038595912 0.013585724003480303 0.04831399788699185 0.011074715453990826 0.0494529441259302 0.04349309874286193 0.05458699391112406 0.01901585594275549 0.04738442868977921 0.04774081005259325 0.014451550398412208 0.040901934072716126 0.033218551472157826 0.027491365523482157 0.038017664823272665 0.04609737860256082 0.04002026419540369 0.021415790177362445 0.031066347356267884
