NAME :TPP_input_16_3_1
NUM_VERTICES
46
NUM_CLUSTERS
16
Full Matrix
 10000.0 0.02145565920309696 0.025885437075233036 0.01989466952974018 0.031097679932610662 0.043082200816697135 0.04038801830171028 0.036146624996399354 0.04372286822905006 0.054870554679016366 0.0532663922883873 0.05106050732171212 0.02553761949103931 0.0518977880336323 0.058683471556177896 0.05709673221057684 0.047483916583945074 0.041228806677962956 0.07094498390960446 0.017923245411593576 0.05054854292237314 0.03472187006603251 0.04196340999511621 0.0670870213043588 0.021200575060501603 0.038140642444865834 0.028321689543870824 0.045616012692142535 0.03261546053842556 0.0553392093180776 0.011552310458244062 0.028077568979404076 0.05037480657336263 0.03903577057705096 0.03459129561183569 0.04385106597022482 0.04252340795447426 0.02611978939967376 0.021726577963005204 0.029504063164139234 0.0499128061310056 0.01573574565882696 0.0479315804852245 0.03919228455325177 0.04576035518166126 0.061540048145288455
 0.02145565920309696 10000.0 0.021840702427104865 0.007244372482967058 0.051506250473688044 0.031026514473283803 0.03565971954306048 0.0353386522283329 0.05512448636995582 0.04252704873050598 0.06493861839884585 0.059448288438541136 0.01760132632810189 0.0546520090027716 0.045418002633356894 0.07199211816595989 0.026272806673269387 0.048211257525711426 0.05484085262259539 0.022601078878410986 0.0364522612118513 0.051169815641719636 0.04814630149298814 0.047406568144433045 0.03182409575871378 0.032894955393578305 0.04043867749369757 0.06085051153927717 0.027335005468519916 0.04046032303255144 0.027048187627804365 0.047698545867527524 0.05775269919764548 0.0533093699448101 0.025932727501226556 0.03367155814084029 0.060736656289209684 0.02945415690664856 0.04222043981509612 0.0497248586679404 0.04693803012795942 0.03532623971743536 0.06230916105284576 0.041888433445062025 0.05862777481978086 0.055266180057723976
 0.025885437075233036 0.021840702427104865 10000.0 0.027865889502157088 0.04462648731855178 0.05285586444850389 0.01515416517219844 0.013509986386985197 0.03665754551806532 0.0642469416694127 0.07875004630385776 0.07547893127432892 0.03847646988245873 0.0735642754482316 0.03363164122929021 0.08298113384582763 0.041354983671178916 0.06484639455610719 0.07518932632508583 0.009837990715107832 0.057955155289933356 0.037862966071081035 0.027300737337930675 0.048034006671654306 0.01762633077587163 0.01261247687133348 0.053528763119754415 0.045145020559991866 0.04814853245057034 0.03140168698867797 0.03695814507185063 0.039639597685592005 0.07436611587044306 0.06485639425257471 0.04745487219787566 0.01826215313664061 0.06785230159875259 0.0470875114952894 0.04603012190999922 0.042625881754078075 0.06773587324120833 0.04118782120771928 0.07379573136322277 0.020265979081098846 0.04097941768092221 0.0768699286197733
 0.01989466952974018 0.007244372482967058 0.027865889502157088 10000.0 0.05096841805076948 0.026006923898863936 0.042295436756115704 0.041321331335314834 0.05863451795007439 0.03786550895985857 0.05814649960657122 0.05235061808131099 0.010673857981715468 0.04742203598137684 0.05262729766700956 0.06570792756113332 0.028491799225615955 0.0410839441095666 0.05205101781432737 0.026567980590730386 0.032434815002619896 0.05283147460336491 0.05294969175950868 0.05318260669179502 0.03489816227257373 0.039548709661426706 0.03408110614480989 0.0631142667349874 0.02042696447068308 0.04757787093523211 0.02237381815941745 0.04772296568778327 0.05059697008563075 0.047098306888193685 0.019635800329348037 0.040843097284317925 0.05554750467160008 0.02231766185905307 0.03860389919328867 0.04933597472415187 0.040075333898661414 0.03143152005434103 0.05600224046163681 0.04734374341399708 0.06171790581439389 0.0490362069665281
 0.031097679932610662 0.051506250473688044 0.04462648731855178 0.05096841805076948 10000.0 0.07312505136383288 0.0530447377469126 0.0460934821049718 0.03139052501195271 0.08454119622371713 0.061490465288610546 0.06466253997681266 0.05581775487045315 0.07180851058532865 0.07665692536832128 0.058378722829137586 0.0777666944428177 0.0588119684871221 0.10157384443531524 0.035153807416293585 0.08092996866501478 0.01573866735815588 0.03959431589306265 0.09234937275612415 0.02758579734855305 0.05217615622217731 0.0440053488531475 0.024453141963618957 0.06109602195712423 0.07557498719166561 0.034500060774389794 0.00521990473285236 0.06542455210280615 0.04663140586640178 0.0641186103301341 0.06120473167057151 0.03926651358880505 0.051368174845531134 0.02295604537965871 0.002001463322263338 0.07487150944442635 0.026990709527967515 0.05249179471844156 0.043245315451752545 0.02966162420356576 0.08771427781811471
 0.043082200816697135 0.031026514473283803 0.05285586444850389 0.026006923898863936 0.07312505136383288 10000.0 0.06610271663877255 0.06633278594680704 0.08453514869154079 0.011929852934215855 0.05642357730545553 0.04713684678398636 0.017544584494461325 0.035600039338380025 0.07029492995601488 0.06766484043413887 0.028667710412353543 0.03726233609850996 0.02882707132255875 0.0525693400094517 0.008134579720793548 0.07764614324678215 0.07885497817727727 0.06066989448485438 0.06076970081551087 0.06334407096764548 0.04030697434642589 0.08831381843623934 0.01362369234251434 0.06418206316922513 0.039255637058363074 0.07082681465781614 0.04438630033449752 0.051707275978314225 0.009273216403323405 0.06217481123848369 0.06470207417319024 0.025457788525209118 0.05527185522687875 0.0717880938566163 0.02242071589253275 0.0484075400348399 0.058756622209968884 0.072886983917935 0.08744527990621256 0.025833608270291526
 0.04038801830171028 0.03565971954306048 0.01515416517219844 0.042295436756115704 0.0530447377469126 0.06610271663877255 10000.0 0.007194170557054391 0.035044592936390784 0.07698317418912587 0.09358299719113056 0.09057725501108409 0.05296909321514242 0.08865019165485008 0.02421435818294826 0.09722984086225779 0.04960592018658422 0.07999111309846155 0.085817335539829 0.022747654899447523 0.07032755370851537 0.04224571721742947 0.02227837689301419 0.046058514927228525 0.02594828608246411 0.002767699402290573 0.06843720431052816 0.046191474204985754 0.06271919842539231 0.024913864686888654 0.051740521928693224 0.04782628656586136 0.08950003688185909 0.07940387846182807 0.06159188904636635 0.010393184853557086 0.08126560526819221 0.06221308806090952 0.0591179935624386 0.051098542288831886 0.08236525669572736 0.055064037175173025 0.08823906331678562 0.01384935506665833 0.040032759983015545 0.09089961498290672
 0.036146624996399354 0.0353386522283329 0.013509986386985197 0.041321331335314834 0.0460934821049718 0.06633278594680704 0.007194170557054391 10000.0 0.028434730722403226 0.0776488112060332 0.08935505973097464 0.08703924293767956 0.051881477769104796 0.08621180665760111 0.031406519001851825 0.09225559317982863 0.05276210200794661 0.0767856013284255 0.08792694492892976 0.018229938548162822 0.07126147267358224 0.03505154667700846 0.016330258716063178 0.05247919385597637 0.01945857438292984 0.007441640604648173 0.06446174181491203 0.03923329306548363 0.06149588191864636 0.031874114248252226 0.04768376491306535 0.040874246817666965 0.08616606509378802 0.07481843237758212 0.060937418876130064 0.01709225493158932 0.075717586549649 0.05966119458649674 0.05352252025777023 0.04416697607831651 0.08101468050274911 0.05001851808152658 0.08349550401653966 0.007981669810113685 0.033349325537046406 0.09035084461209389
 0.04372286822905006 0.05512448636995582 0.03665754551806532 0.05863451795007439 0.03139052501195271 0.08453514869154079 0.035044592936390784 0.028434730722403226 10000.0 0.09644815831606246 0.0898303997666876 0.09087863646116974 0.06757334999430432 0.09463646205776997 0.058451534138162904 0.08864052850620127 0.07788952327556418 0.08275322061051181 0.10996447634570213 0.03252343809860421 0.09102761123700844 0.015653947797479157 0.013320571492027849 0.08091122098547841 0.023765874549752684 0.03586015941841516 0.06817047620059567 0.012259381007005863 0.0758650761291162 0.059919469271338184 0.053408039811570766 0.027477429778894905 0.09095115991882179 0.0745322562649723 0.07705382388866941 0.045379379530493896 0.06981047331168516 0.06973391648400448 0.049969862856193245 0.030219794862111692 0.09363521372703874 0.050404015081316325 0.08170115327992314 0.02127192255341944 0.005037975806700691 0.10512057544642867
 0.054870554679016366 0.04252704873050598 0.0642469416694127 0.03786550895985857 0.08454119622371713 0.011929852934215855 0.07698317418912587 0.0776488112060332 0.09644815831606246 10000.0 0.060980484194676214 0.05082981075574509 0.02936739982971566 0.03716511796197267 0.07899570467224 0.07315727473761946 0.0345881152782712 0.04262673181308457 0.019303484305624227 0.06439458853217522 0.0070947939566998975 0.08950533100448219 0.09056869969736142 0.06596670893500996 0.0726845918988364 0.07424676660496898 0.048902127857184285 0.10021145655261905 0.023737451184332785 0.07267487074738632 0.05030654123790771 0.0824330067766253 0.04786564626156521 0.058974213388774156 0.02044104702896771 0.07228623091459643 0.07286580202742877 0.035052631889648224 0.06576574808197302 0.08326948898347207 0.0227243174585276 0.05915492125431369 0.064965655781694 0.0844051298406596 0.09937471394043973 0.01941988599848236
 0.0532663922883873 0.06493861839884585 0.07875004630385776 0.05814649960657122 0.061490465288610546 0.05642357730545553 0.09358299719113056 0.08935505973097464 0.0898303997666876 0.060980484194676214 10000.0 0.010611267482357908 0.05094467436832146 0.02548922235918135 0.109654974146589 0.01299778278065426 0.08121469636221407 0.019216643751545002 0.07974289530269314 0.07116996936294226 0.06306292507238152 0.07547383253612165 0.09267457829784562 0.11059917510529726 0.07237730936640739 0.09124700871089429 0.025257961996465985 0.08566928951222949 0.04506496823704668 0.10518224137181081 0.041842694960208086 0.06351920067437067 0.013598047451875463 0.015305559046235848 0.04991636686849566 0.09594750206267583 0.024969735342577987 0.036393572620920044 0.03988323446956525 0.06173600890655096 0.03891829169770011 0.040301426167768106 0.009872539205225423 0.09163880889785693 0.08964608984792866 0.04961091499635477
 0.05106050732171212 0.059448288438541136 0.07547893127432892 0.05235061808131099 0.06466253997681266 0.04713684678398636 0.09057725501108409 0.08703924293767956 0.09087863646116974 0.05082981075574509 0.010611267482357908 10000.0 0.04394830832445416 0.014879143558646404 0.10477760865245195 0.023564362719825913 0.07319825140938034 0.011304166023573935 0.06938524591886247 0.06884402385444695 0.05334761460771169 0.07742388405412785 0.0921957481343616 0.10352651028848465 0.07145793719783014 0.08809021897210133 0.023037105481620572 0.08810644106196862 0.03684796598431928 0.09990611746070283 0.039541786944772395 0.06589649451179572 0.0030130661462690342 0.018728114960129615 0.0414644821628069 0.09184148022094518 0.032124580505710154 0.030038084485528343 0.04193622646384659 0.06458563422367074 0.028486716997201577 0.04047761599054646 0.018176821615631562 0.0901979304495102 0.09128076290976059 0.039001838609277355
 0.02553761949103931 0.01760132632810189 0.03847646988245873 0.010673857981715468 0.05581775487045315 0.017544584494461325 0.05296909321514242 0.051881477769104796 0.06757334999430432 0.02936739982971566 0.05094467436832146 0.04394830832445416 10000.0 0.03742476059640634 0.06230965884234163 0.0599538861968734 0.030933042698146156 0.03267645848059869 0.045761107128808286 0.03634050408904021 0.025133032354024698 0.06013802129401568 0.06288455796710998 0.05971338401118826 0.043861396536574594 0.0502215977262826 0.02901822284517024 0.07086867287625763 0.0097621435654824 0.05692094654589753 0.02280180562066718 0.05335405315757208 0.04187925687380305 0.041927981761958395 0.009500579544089439 0.05124232496999226 0.05263593758855885 0.014635135935990248 0.039438497636497975 0.05441894803904712 0.029408033346289927 0.032280981817355586 0.05034623455617881 0.057671728324674675 0.07026472134798505 0.03860267704178123
 0.0518977880336323 0.0546520090027716 0.0735642754482316 0.04742203598137684 0.07180851058532865 0.035600039338380025 0.08865019165485008 0.08621180665760111 0.09463646205776997 0.03716511796197267 0.02548922235918135 0.014879143558646404 0.03742476059640634 10000.0 0.09973364540350096 0.03843276986497893 0.06349232878992012 0.013191935989158918 0.05511379654568712 0.06857032333733634 0.040660373555012584 0.08267650136881247 0.09385597031786597 0.09497532639272352 0.07308725776933206 0.08599578688916669 0.027803169030891087 0.09372801426258653 0.0284321385799304 0.09431480608698417 0.041270265814577226 0.07203853662430854 0.011919992827165361 0.03003680584221502 0.03212125549001006 0.08822422047197144 0.044676624799751916 0.02655061207189811 0.048954902410345516 0.07134805689384675 0.014440843123245159 0.045397952762172775 0.03226306903553733 0.09055396764777997 0.0958022522911609 0.024122828352199806
 0.058683471556177896 0.045418002633356894 0.03363164122929021 0.05262729766700956 0.07665692536832128 0.07029492995601488 0.02421435818294826 0.031406519001851825 0.058451534138162904 0.07899570467224 0.109654974146589 0.10477760865245195 0.06230965884234163 0.09973364540350096 10000.0 0.115309411630592 0.04554483481452186 0.09358713192079986 0.08236307489033814 0.04336290033807902 0.07190368709272602 0.06645447229627112 0.04520382946456534 0.026911869283944227 0.0491187474342541 0.02457627040340141 0.08455576013053875 0.07005817828987082 0.07159462346263161 0.006480536772389214 0.06885681394352823 0.07146880413358259 0.10314985810507567 0.09678562730247195 0.06887999730237122 0.015577994612926806 0.10114294876405924 0.07485472080944057 0.07956127422442644 0.07467759993463886 0.09045684111538958 0.07434861873515176 0.10584634198020516 0.03729678899341926 0.0634890955646977 0.0961258262667708
 0.05709673221057684 0.07199211816595989 0.08298113384582763 0.06570792756113332 0.058378722829137586 0.06766484043413887 0.09722984086225779 0.09225559317982863 0.08864052850620127 0.07315727473761946 0.01299778278065426 0.023564362719825913 0.0599538861968734 0.03843276986497893 0.115309411630592 10000.0 0.09079874955268019 0.030627709887984106 0.0921435900978358 0.07448735751447427 0.07471750650916514 0.0734793859291899 0.09330743799854448 0.11884087052364102 0.07399886520362375 0.09510971786603138 0.03162687716040849 0.08282199243586678 0.05542917091886915 0.11135265873786661 0.04645329056159322 0.061358960590229515 0.026514207531786314 0.018691989378095398 0.06040075716674804 0.10085494365604142 0.01913905128641073 0.04537936177403894 0.039555587215122215 0.059034903875743804 0.051532302246367345 0.04224097110809492 0.009706576504037294 0.09345328577555068 0.0877297418658523 0.06255120037129147
 0.047483916583945074 0.026272806673269387 0.041354983671178916 0.028491799225615955 0.0777666944428177 0.028667710412353543 0.04960592018658422 0.05276210200794661 0.07788952327556418 0.0345881152782712 0.08121469636221407 0.07319825140938034 0.030933042698146156 0.06349232878992012 0.04554483481452186 0.09079874955268019 10000.0 0.06228522191029608 0.03722298840419046 0.04646165257067316 0.0276173739603824 0.0764104128210297 0.06836442998713928 0.03202254087022392 0.05616417261518338 0.04718399206984928 0.05991978957730103 0.08532450368937376 0.036354778408247385 0.03908096642720383 0.05072814200195211 0.07386935319682081 0.07075137626090205 0.0728607353173825 0.03180111909923801 0.04216721335966986 0.08308450547053084 0.04542108935526415 0.06709517010522927 0.07597097436034167 0.05102103011350214 0.05991250867976995 0.08123521963100223 0.060590200663141795 0.08200361421723068 0.05324081342641943
 0.041228806677962956 0.048211257525711426 0.06484639455610719 0.0410839441095666 0.0588119684871221 0.03726233609850996 0.07999111309846155 0.0767856013284255 0.08275322061051181 0.04262673181308457 0.019216643751545002 0.011304166023573935 0.03267645848059869 0.013191935989158918 0.09358713192079986 0.030627709887984106 0.06228522191029608 10000.0 0.06175960444331069 0.05870821829615951 0.044117822606167145 0.07019907151191648 0.08296852496665061 0.09232088935333395 0.06213165345921982 0.0774504095881722 0.014909982355940423 0.08116598033201533 0.02597653737294604 0.08865621797225014 0.029960239438533882 0.05926419136777239 0.009596940099238789 0.01782754704246985 0.03076140144093591 0.08085475906579861 0.03260451775082873 0.018766598465795762 0.035890987129559286 0.05842574740579772 0.022022118332032735 0.03279408294456559 0.02240187989565807 0.08039464035936293 0.0836197913417113 0.03453022490399904
 0.07094498390960446 0.05484085262259539 0.07518932632508583 0.05205101781432737 0.10157384443531524 0.02882707132255875 0.085817335539829 0.08792694492892976 0.10996447634570213 0.019303484305624227 0.07974289530269314 0.06938524591886247 0.045761107128808286 0.05511379654568712 0.08236307489033814 0.0921435900978358 0.03722298840419046 0.06175960444331069 10000.0 0.07744157676918058 0.020760304546195284 0.1048680914178676 0.10240737168913841 0.06356782377227188 0.08652065220829906 0.08323211514894858 0.06807578705012153 0.11514136138826718 0.04215853929780691 0.0758843931464253 0.06804341204762998 0.09898112890491047 0.06638365054350723 0.07827524941838003 0.038096362800156464 0.07916819209118743 0.09214282745587478 0.05384234897728425 0.08408659860530675 0.10015381236118565 0.04090756801292676 0.07723389207509841 0.08414650277291799 0.09535704817287785 0.11339596424128277 0.03320143397643711
 0.017923245411593576 0.022601078878410986 0.009837990715107832 0.026567980590730386 0.035153807416293585 0.0525693400094517 0.022747654899447523 0.018229938548162822 0.03252343809860421 0.06439458853217522 0.07116996936294226 0.06884402385444695 0.03634050408904021 0.06857032333733634 0.04336290033807902 0.07448735751447427 0.04646165257067316 0.05870821829615951 0.07744157676918058 10000.0 0.05870813729335499 0.0301837159739781 0.0265469847789321 0.05720473763026408 0.009708275821860223 0.020722708736316785 0.046232299394810224 0.038882468290230274 0.04546129714744294 0.04123818644329792 0.02945414296759301 0.03030161508220971 0.06802592272628914 0.056765018633137335 0.045792326654446054 0.02786736564972055 0.058676089923574065 0.04209697828708527 0.03664022120942358 0.033162050510575504 0.06450949522048538 0.03232119698999735 0.06554321375648432 0.022020000061016825 0.036104190013326945 0.07482967677131623
 0.05054854292237314 0.0364522612118513 0.057955155289933356 0.032434815002619896 0.08092996866501478 0.008134579720793548 0.07032755370851537 0.07126147267358224 0.09102761123700844 0.0070947939566998975 0.06306292507238152 0.05334761460771169 0.025133032354024698 0.040660373555012584 0.07190368709272602 0.07471750650916514 0.0276173739603824 0.044117822606167145 0.020760304546195284 0.05870813729335499 10000.0 0.084869749461018 0.0845984589599783 0.05922819246657163 0.06732144763071804 0.06760700376526192 0.04823762933294582 0.09538271132570926 0.021706923706315943 0.0655803171914176 0.047283260215619724 0.07847642063691382 0.05047931643810088 0.05932212248625422 0.017395252331911765 0.0653689938192038 0.07258564719257887 0.033526270098053174 0.06338730420765802 0.07954741556959077 0.026507181669223927 0.0564932871619951 0.06604604485149193 0.07818982111069454 0.09415262337497497 0.025821567834933702
 0.03472187006603251 0.051169815641719636 0.037862966071081035 0.05283147460336491 0.01573866735815588 0.07764614324678215 0.04224571721742947 0.03505154667700846 0.015653947797479157 0.08950533100448219 0.07547383253612165 0.07742388405412785 0.06013802129401568 0.08267650136881247 0.06645447229627112 0.0734793859291899 0.0764104128210297 0.07019907151191648 0.1048680914178676 0.0301837159739781 0.084869749461018 10000.0 0.02507215407959949 0.08554107587703033 0.020582307139275096 0.042055118451730884 0.05533212253878933 0.011137146535209617 0.0672446810786145 0.0665017599252621 0.04229828340760252 0.012123225532199772 0.0777912052154462 0.060272225270968344 0.06930451942750886 0.05167207569047977 0.05449985927199097 0.059368591688039936 0.03569885078531286 0.014632774414412384 0.08347842858484657 0.03740595101412778 0.06695425027113186 0.030338045556216702 0.014264485345871056 0.09570248700643479
 0.04196340999511621 0.04814630149298814 0.027300737337930675 0.05294969175950868 0.03959431589306265 0.07885497817727727 0.02227837689301419 0.016330258716063178 0.013320571492027849 0.09056869969736142 0.09267457829784562 0.0921957481343616 0.06288455796710998 0.09385597031786597 0.04520382946456534 0.09330743799854448 0.06836442998713928 0.08296852496665061 0.10240737168913841 0.0265469847789321 0.0845984589599783 0.02507215407959949 10000.0 0.06833683747507113 0.020838883244444453 0.023489531068369377 0.06915867181425639 0.025350947745400348 0.07197167564522602 0.046934659636875285 0.05300834423332917 0.03477374342492366 0.0918314611333933 0.07748874753860828 0.07232369450026609 0.03267071480102587 0.07521345802637323 0.06778007796926251 0.05376696686227728 0.0379845077984151 0.09083037933027557 0.05237901765845514 0.08545976593426563 0.008482735951977311 0.0183472548126962 0.10136311453554088
 0.0670870213043588 0.047406568144433045 0.048034006671654306 0.05318260669179502 0.09234937275612415 0.06066989448485438 0.046058514927228525 0.05247919385597637 0.08091122098547841 0.06596670893500996 0.11059917510529726 0.10352651028848465 0.05971338401118826 0.09497532639272352 0.026911869283944227 0.11884087052364102 0.03202254087022392 0.09232088935333395 0.06356782377227188 0.05720473763026408 0.05922819246657163 0.08554107587703033 0.06833683747507113 10000.0 0.06565108349049581 0.04505164838850555 0.08723011638525491 0.09143645095359292 0.06700574662072782 0.022327403157395842 0.074413398382987 0.08749747035054656 0.1012993338347289 0.10027206118732947 0.06289304262811209 0.035667540817075155 0.10812501770346461 0.0742056324818221 0.08875771506550408 0.09036110927309336 0.08295044725035142 0.08223763233950081 0.10913525808192272 0.05989060083568846 0.08582489128409115 0.08503095868544507
 0.021200575060501603 0.03182409575871378 0.01762633077587163 0.03489816227257373 0.02758579734855305 0.06076970081551087 0.02594828608246411 0.01945857438292984 0.023765874549752684 0.0726845918988364 0.07237730936640739 0.07145793719783014 0.043861396536574594 0.07308725776933206 0.0491187474342541 0.07399886520362375 0.05616417261518338 0.06213165345921982 0.08652065220829906 0.009708275821860223 0.06732144763071804 0.020582307139275096 0.020838883244444453 0.06565108349049581 10000.0 0.02478271856320936 0.04843052253920331 0.02921649686162908 0.05237386044886913 0.04801882606691451 0.03217158775373765 0.022441581629227613 0.07103214786779388 0.05735755590630061 0.05335569816403044 0.03362723358440986 0.05677591504753433 0.04721455675427979 0.03467121806656536 0.02559509039443706 0.07067283742172174 0.03216705870807389 0.06566443547753471 0.019456605293093836 0.026884111774781866 0.08174932035539363
 0.038140642444865834 0.032894955393578305 0.01261247687133348 0.039548709661426706 0.05217615622217731 0.06334407096764548 0.002767699402290573 0.007441640604648173 0.03586015941841516 0.07424676660496898 0.09124700871089429 0.08809021897210133 0.0502215977262826 0.08599578688916669 0.02457627040340141 0.09510971786603138 0.04718399206984928 0.0774504095881722 0.08323211514894858 0.020722708736316785 0.06760700376526192 0.042055118451730884 0.023489531068369377 0.04505164838850555 0.02478271856320936 10000.0 0.06606167409138478 0.04664378001821076 0.059974491774846206 0.02454652042698104 0.049411516710370966 0.04697142940404304 0.08697585340183103 0.07717628598428727 0.05882750875759527 0.00970643147982067 0.07937807969642677 0.05958835218348368 0.057283923352228955 0.05020873691250142 0.07962185324147075 0.05302112545222933 0.0860511284713372 0.015009495651755488 0.04078653536579012 0.08813220747164777
 0.028321689543870824 0.04043867749369757 0.053528763119754415 0.03408110614480989 0.0440053488531475 0.04030697434642589 0.06843720431052816 0.06446174181491203 0.06817047620059567 0.048902127857184285 0.025257961996465985 0.023037105481620572 0.02901822284517024 0.027803169030891087 0.08455576013053875 0.03162687716040849 0.05991978957730103 0.014909982355940423 0.06807578705012153 0.046232299394810224 0.04823762933294582 0.05533212253878933 0.06915867181425639 0.08723011638525491 0.04843052253920331 0.06606167409138478 10000.0 0.06627191509331656 0.02679382084171937 0.08025868947425764 0.01677821611703051 0.04435608552441537 0.022816173072228284 0.01307351338271699 0.031646439927778984 0.07070137136048209 0.024412962471095027 0.01518602377128077 0.02119331888467252 0.04356246143363357 0.032790524723632884 0.017936319430843558 0.021921643765096855 0.06728332469762972 0.06886403745037188 0.045963731777175616
 0.045616012692142535 0.06085051153927717 0.045145020559991866 0.0631142667349874 0.024453141963618957 0.08831381843623934 0.046191474204985754 0.03923329306548363 0.012259381007005863 0.10021145655261905 0.08566928951222949 0.08810644106196862 0.07086867287625763 0.09372801426258653 0.07005817828987082 0.08282199243586678 0.08532450368937376 0.08116598033201533 0.11514136138826718 0.038882468290230274 0.09538271132570926 0.011137146535209617 0.025350947745400348 0.09143645095359292 0.02921649686162908 0.04664378001821076 0.06627191509331656 10000.0 0.07821061932980754 0.0710819753716993 0.05343476532566125 0.022237132991903934 0.08858029206253708 0.07060105362806086 0.08012811082922457 0.05632520137199992 0.06369685507712919 0.07049421443100931 0.04620603064752941 0.023969404686759413 0.09460706806944758 0.04838301909036746 0.07685181268527069 0.032769126097632564 0.0077134275367491964 0.10679312227956143
 0.03261546053842556 0.027335005468519916 0.04814853245057034 0.02042696447068308 0.06109602195712423 0.01362369234251434 0.06271919842539231 0.06149588191864636 0.0758650761291162 0.023737451184332785 0.04506496823704668 0.03684796598431928 0.0097621435654824 0.0284321385799304 0.07159462346263161 0.05542917091886915 0.036354778408247385 0.02597653737294604 0.04215853929780691 0.04546129714744294 0.021706923706315943 0.0672446810786145 0.07197167564522602 0.06700574662072782 0.05237386044886913 0.059974491774846206 0.02679382084171937 0.07821061932980754 10000.0 0.0660293169380828 0.026672267565376145 0.059295898199058825 0.03444391168242052 0.038627983375927336 0.004991359309552263 0.06092072763013831 0.05120666885386777 0.011834388316882284 0.04206428021308278 0.05991244900929659 0.01964842177265878 0.03541773026371951 0.04618199429001014 0.06708366385057112 0.07823375738705537 0.029416747068502235
 0.0553392093180776 0.04046032303255144 0.03140168698867797 0.04757787093523211 0.07557498719166561 0.06418206316922513 0.024913864686888654 0.031874114248252226 0.059919469271338184 0.07267487074738632 0.10518224137181081 0.09990611746070283 0.05692094654589753 0.09431480608698417 0.006480536772389214 0.11135265873786661 0.03908096642720383 0.08865621797225014 0.0758843931464253 0.04123818644329792 0.0655803171914176 0.0665017599252621 0.046934659636875285 0.022327403157395842 0.04801882606691451 0.02454652042698104 0.08025868947425764 0.0710819753716993 0.0660293169380828 10000.0 0.06499699285894193 0.07045651326175212 0.09817450410936994 0.09272830289487467 0.06312185836162451 0.014851174665142101 0.09785484186900309 0.06989034615736049 0.07665257813205249 0.0735775958889739 0.0846560381599026 0.07107443064865389 0.10179853147004399 0.038656197184171036 0.06492397450631081 0.08999357712860145
 0.011552310458244062 0.027048187627804365 0.03695814507185063 0.02237381815941745 0.034500060774389794 0.039255637058363074 0.051740521928693224 0.04768376491306535 0.053408039811570766 0.05030654123790771 0.041842694960208086 0.039541786944772395 0.02280180562066718 0.041270265814577226 0.06885681394352823 0.04645329056159322 0.05072814200195211 0.029960239438533882 0.06804341204762998 0.02945414296759301 0.047283260215619724 0.04229828340760252 0.05300834423332917 0.074413398382987 0.03217158775373765 0.049411516710370966 0.01677821611703051 0.05343476532566125 0.026672267565376145 0.06499699285894193 10000.0 0.03308291907463642 0.03893921163618597 0.028012666272635767 0.030045726216558984 0.05450767919420645 0.033713933667202996 0.017172318983264073 0.01674356608268083 0.03340724194577377 0.04121701777402364 0.009516341582981364 0.03703894384790375 0.05066036853091163 0.054794986134557404 0.05367277634290903
 0.028077568979404076 0.047698545867527524 0.039639597685592005 0.04772296568778327 0.00521990473285236 0.07082681465781614 0.04782628656586136 0.040874246817666965 0.027477429778894905 0.0824330067766253 0.06351920067437067 0.06589649451179572 0.05335405315757208 0.07203853662430854 0.07146880413358259 0.061358960590229515 0.07386935319682081 0.05926419136777239 0.09898112890491047 0.03030161508220971 0.07847642063691382 0.012123225532199772 0.03477374342492366 0.08749747035054656 0.022441581629227613 0.04697142940404304 0.04435608552441537 0.022237132991903934 0.059295898199058825 0.07045651326175212 0.03308291907463642 10000.0 0.06642981741366526 0.04839207225259477 0.06199750350958293 0.05603706169052423 0.042403397599993786 0.05021752927801378 0.023974115648237457 0.003320576435403147 0.07408935068994434 0.026678926019726112 0.0548817873613315 0.03812363460338842 0.026384955193538277 0.08671856109751683
 0.05037480657336263 0.05775269919764548 0.07436611587044306 0.05059697008563075 0.06542455210280615 0.04438630033449752 0.08950003688185909 0.08616606509378802 0.09095115991882179 0.04786564626156521 0.013598047451875463 0.0030130661462690342 0.04187925687380305 0.011919992827165361 0.10314985810507567 0.026514207531786314 0.07075137626090205 0.009596940099238789 0.06638365054350723 0.06802592272628914 0.05047931643810088 0.0777912052154462 0.0918314611333933 0.1012993338347289 0.07103214786779388 0.08697585340183103 0.022816173072228284 0.08858029206253708 0.03444391168242052 0.09817450410936994 0.03893921163618597 0.06642981741366526 10000.0 0.020257881779397004 0.03896764016919061 0.09045079222041064 0.03418706502043799 0.02829895135449719 0.04255261192743864 0.06525767661144131 0.025480992488324295 0.040584925564737424 0.020717735931861322 0.0895653717678109 0.09151881583110558 0.036037292617672606
 0.03903577057705096 0.0533093699448101 0.06485639425257471 0.047098306888193685 0.04663140586640178 0.051707275978314225 0.07940387846182807 0.07481843237758212 0.0745322562649723 0.058974213388774156 0.015305559046235848 0.018728114960129615 0.041927981761958395 0.03003680584221502 0.09678562730247195 0.018691989378095398 0.0728607353173825 0.01782754704246985 0.07827524941838003 0.056765018633137335 0.05932212248625422 0.060272225270968344 0.07748874753860828 0.10027206118732947 0.05735755590630061 0.07717628598428727 0.01307351338271699 0.07060105362806086 0.038627983375927336 0.09272830289487467 0.028012666272635767 0.04839207225259477 0.020257881779397004 10000.0 0.043603637279577286 0.08251986019017606 0.01478514612528466 0.027645215926956956 0.02461320595874084 0.04675085573031273 0.039702314897518 0.025194505799829386 0.009070338862775607 0.07671995051825001 0.07440630142408441 0.052354704710056335
 0.03459129561183569 0.025932727501226556 0.04745487219787566 0.019635800329348037 0.0641186103301341 0.009273216403323405 0.06159188904636635 0.060937418876130064 0.07705382388866941 0.02044104702896771 0.04991636686849566 0.0414644821628069 0.009500579544089439 0.03212125549001006 0.06887999730237122 0.06040075716674804 0.03180111909923801 0.03076140144093591 0.038096362800156464 0.045792326654446054 0.017395252331911765 0.06930451942750886 0.07232369450026609 0.06289304262811209 0.05335569816403044 0.05882750875759527 0.031646439927778984 0.08012811082922457 0.004991359309552263 0.06312185836162451 0.030045726216558984 0.06199750350958293 0.03896764016919061 0.043603637279577286 10000.0 0.05900265860555633 0.05604583751470845 0.016540519069476275 0.04599867724189474 0.06283312369388906 0.02158785276501425 0.03914461803634819 0.05117065328161197 0.06695105929414681 0.07969322506147572 0.029415132159167086
 0.04385106597022482 0.03367155814084029 0.01826215313664061 0.040843097284317925 0.06120473167057151 0.06217481123848369 0.010393184853557086 0.01709225493158932 0.045379379530493896 0.07228623091459643 0.09594750206267583 0.09184148022094518 0.05124232496999226 0.08822422047197144 0.015577994612926806 0.10085494365604142 0.04216721335966986 0.08085475906579861 0.07916819209118743 0.02786736564972055 0.0653689938192038 0.05167207569047977 0.03267071480102587 0.035667540817075155 0.03362723358440986 0.00970643147982067 0.07070137136048209 0.05632520137199992 0.06092072763013831 0.014851174665142101 0.05450767919420645 0.05603706169052423 0.09045079222041064 0.08251986019017606 0.05900265860555633 10000.0 0.08607749396827324 0.06238881641818137 0.0642922704687082 0.05921767377273428 0.08040653517295 0.05935414225050216 0.09153314270687012 0.024238069260017883 0.05034560021060953 0.08769816674779775
 0.04252340795447426 0.060736656289209684 0.06785230159875259 0.05554750467160008 0.03926651358880505 0.06470207417319024 0.08126560526819221 0.075717586549649 0.06981047331168516 0.07286580202742877 0.024969735342577987 0.032124580505710154 0.05263593758855885 0.044676624799751916 0.10114294876405924 0.01913905128641073 0.08308450547053084 0.03260451775082873 0.09214282745587478 0.058676089923574065 0.07258564719257887 0.05449985927199097 0.07521345802637323 0.10812501770346461 0.05677591504753433 0.07937807969642677 0.024412962471095027 0.06369685507712919 0.05120666885386777 0.09785484186900309 0.033713933667202996 0.042403397599993786 0.03418706502043799 0.01478514612528466 0.05604583751470845 0.08607749396827324 10000.0 0.03953321726531037 0.02219516944450541 0.039976752423608194 0.054381030422335636 0.026802679847470954 0.01510024495747242 0.07607881339464095 0.06872097049110211 0.06711907070263781
 0.02611978939967376 0.02945415690664856 0.0470875114952894 0.02231766185905307 0.051368174845531134 0.025457788525209118 0.06221308806090952 0.05966119458649674 0.06973391648400448 0.035052631889648224 0.036393572620920044 0.030038084485528343 0.014635135935990248 0.02655061207189811 0.07485472080944057 0.04537936177403894 0.04542108935526415 0.018766598465795762 0.05384234897728425 0.04209697828708527 0.033526270098053174 0.059368591688039936 0.06778007796926251 0.0742056324818221 0.04721455675427979 0.05958835218348368 0.01518602377128077 0.07049421443100931 0.011834388316882284 0.06989034615736049 0.017172318983264073 0.05021752927801378 0.02829895135449719 0.027645215926956956 0.016540519069476275 0.06238881641818137 0.03953321726531037 10000.0 0.030930332570230208 0.05039366514033072 0.024116355273011918 0.024752836667943805 0.03582312192826829 0.06411115695186421 0.07148404830534241 0.03650626330759131
 0.021726577963005204 0.04222043981509612 0.04603012190999922 0.03860389919328867 0.02295604537965871 0.05527185522687875 0.0591179935624386 0.05352252025777023 0.049969862856193245 0.06576574808197302 0.03988323446956525 0.04193622646384659 0.039438497636497975 0.048954902410345516 0.07956127422442644 0.039555587215122215 0.06709517010522927 0.035890987129559286 0.08408659860530675 0.03664022120942358 0.06338730420765802 0.03569885078531286 0.05376696686227728 0.08875771506550408 0.03467121806656536 0.057283923352228955 0.02119331888467252 0.04620603064752941 0.04206428021308278 0.07665257813205249 0.01674356608268083 0.023974115648237457 0.04255261192743864 0.02461320595874084 0.04599867724189474 0.0642922704687082 0.02219516944450541 0.030930332570230208 10000.0 0.022707797470136303 0.05310777668139633 0.007248142804526155 0.03186313352012001 0.05406479951691716 0.04979725347206055 0.06619606370954134
 0.029504063164139234 0.0497248586679404 0.042625881754078075 0.04933597472415187 0.002001463322263338 0.0717880938566163 0.051098542288831886 0.04416697607831651 0.030219794862111692 0.08326948898347207 0.06173600890655096 0.06458563422367074 0.05441894803904712 0.07134805689384675 0.07467759993463886 0.059034903875743804 0.07597097436034167 0.05842574740579772 0.10015381236118565 0.033162050510575504 0.07954741556959077 0.014632774414412384 0.0379845077984151 0.09036110927309336 0.02559509039443706 0.05020873691250142 0.04356246143363357 0.023969404686759413 0.05991244900929659 0.0735775958889739 0.03340724194577377 0.003320576435403147 0.06525767661144131 0.04675085573031273 0.06283312369388906 0.05921767377273428 0.039976752423608194 0.05039366514033072 0.022707797470136303 10000.0 0.07404392926916845 0.026256698405476644 0.05288355940804288 0.04143953322644654 0.02876361022643482 0.08681764556270333
 0.0499128061310056 0.04693803012795942 0.06773587324120833 0.040075333898661414 0.07487150944442635 0.02242071589253275 0.08236525669572736 0.08101468050274911 0.09363521372703874 0.0227243174585276 0.03891829169770011 0.028486716997201577 0.029408033346289927 0.014440843123245159 0.09045684111538958 0.051532302246367345 0.05102103011350214 0.022022118332032735 0.04090756801292676 0.06450949522048538 0.026507181669223927 0.08347842858484657 0.09083037933027557 0.08295044725035142 0.07067283742172174 0.07962185324147075 0.032790524723632884 0.09460706806944758 0.01964842177265878 0.0846560381599026 0.04121701777402364 0.07408935068994434 0.025480992488324295 0.039702314897518 0.02158785276501425 0.08040653517295 0.054381030422335636 0.024116355273011918 0.05310777668139633 0.07404392926916845 10000.0 0.047897633879346015 0.044151920541724836 0.08636249684773697 0.09553048792470172 0.013174527430084102
 0.01573574565882696 0.03532623971743536 0.04118782120771928 0.03143152005434103 0.026990709527967515 0.0484075400348399 0.055064037175173025 0.05001851808152658 0.050404015081316325 0.05915492125431369 0.040301426167768106 0.04047761599054646 0.032280981817355586 0.045397952762172775 0.07434861873515176 0.04224097110809492 0.05991250867976995 0.03279408294456559 0.07723389207509841 0.03232119698999735 0.0564932871619951 0.03740595101412778 0.05237901765845514 0.08223763233950081 0.03216705870807389 0.05302112545222933 0.017936319430843558 0.04838301909036746 0.03541773026371951 0.07107443064865389 0.009516341582981364 0.026678926019726112 0.040584925564737424 0.025194505799829386 0.03914461803634819 0.05935414225050216 0.026802679847470954 0.024752836667943805 0.007248142804526155 0.026256698405476644 0.047897633879346015 10000.0 0.033572656189061995 0.051558813225896616 0.050952771143263714 0.060804592017264486
 0.0479315804852245 0.06230916105284576 0.07379573136322277 0.05600224046163681 0.05249179471844156 0.058756622209968884 0.08823906331678562 0.08349550401653966 0.08170115327992314 0.064965655781694 0.009872539205225423 0.018176821615631562 0.05034623455617881 0.03226306903553733 0.10584634198020516 0.009706576504037294 0.08123521963100223 0.02240187989565807 0.08414650277291799 0.06554321375648432 0.06604604485149193 0.06695425027113186 0.08545976593426563 0.10913525808192272 0.06566443547753471 0.0860511284713372 0.021921643765096855 0.07685181268527069 0.04618199429001014 0.10179853147004399 0.03703894384790375 0.0548817873613315 0.020717735931861322 0.009070338862775607 0.05117065328161197 0.09153314270687012 0.01510024495747242 0.03582312192826829 0.03186313352012001 0.05288355940804288 0.044151920541724836 0.033572656189061995 10000.0 0.08509871166392846 0.08120168397601925 0.05599687703460498
