NAME :TPP_input_27_4_2
NUM_VERTICES
105
NUM_CLUSTERS
27
Full Matrix
 10000.0 0.09489465095584088 0.0633494095490325 0.08011105957409274 0.08642809923223585 0.08355513812775957 0.007822129231597664 0.05290421293046672 0.04269683554974623 0.047543994151249776 0.04534745747618041 0.05202409337013297 0.044548835963402714 0.08850196995422331 0.08544394601453603 0.061858583658448596 0.07778187827131741 0.023063715277234376 0.01986729755472218 0.05558795331544151 0.0596181853611063 0.09204308494887986 0.08114145881844846 0.057441434926412814 0.07513935409113993 0.04603934403212355 0.07222373995740919 0.053514496284444386 0.034962500512707946 0.06487443359786588 0.021237676494953506 0.08778310911555173 0.07053595646750312 0.04233392548405326 0.047042254577613254 0.11342732641396171 0.060391905950616144 0.03316739623990388 0.004772748963506896 0.041441732299816965 0.00892225125514674 0.027989426126170384 0.05548780057878187 0.03575111527057359 0.032312882898622296 0.08417503312060497 0.040193798922989445 0.08439136093031033 0.055701977445577616 0.10140979024406702 0.10282377963596614 0.0884601784394549 0.02336847668699341 0.0760260975426904 0.054530441988221774 0.06460027580689609 0.05328345720428116 0.07498632364867555 0.009257678284840063 0.08352699281022531 0.06037269449349243 0.090610022878924 0.05269405994587905 0.03281834021320512 0.01236864489370695 0.03588461619633594 0.016547518577888644 0.0498688806953828 0.06829663924016369 0.07722174211616936 0.07825817619881033 0.1153419575612991 0.05474235723671889 0.07480972745051476 0.03868599485496414 0.054971441246885334 0.0747656087152489 0.08110649934137747 0.03434472182968374 0.09543326999200498 0.03657326310017342 0.03832107167140939 0.026952815019057854 0.06457925633181309 0.03740514427286712 0.028605982635248866 0.017516720465300995 0.09614482871001234 0.08587553989635682 0.05507156263525352 0.08198335050005262 0.026501787978152093 0.07546652529643788 0.05043553292151748 0.050383955347102646 0.08584324979986423 0.09329979273290367 0.05790169327834005 0.06272554297466938 0.05724239651740256 0.06804105505068264 0.08855436735707897 0.10852913984218378 0.016339160906924114 0.08035489653299027
 0.09489465095584088 10000.0 0.039765965855164745 0.023306647238521883 0.03735906310448287 0.05673025966101178 0.0878655932558175 0.07290617111775906 0.07617754252071957 0.050798966285869204 0.06126596910607683 0.06318478463879053 0.062278816342596154 0.05682111780488687 0.039535445878087966 0.06699929314489006 0.047039321891413514 0.07278060736845933 0.07523521800925417 0.04039908760964295 0.052894674075078495 0.007377238777170022 0.03831619366468441 0.058184935061184995 0.023098755549233924 0.07807471822662551 0.0705125448863076 0.04758755093501794 0.0642145237273606 0.05283521401193179 0.07367659264009935 0.04150573116461778 0.041828996719831896 0.052579174138582055 0.055005036877218146 0.0185387721625014 0.04535358457820808 0.06179316066336038 0.09013756026855746 0.07194896596748607 0.10354378781075194 0.06695799368633323 0.05682333278895736 0.07622772595474153 0.08331087103702041 0.016174162756828106 0.07652695284541415 0.02011892778981352 0.07815092170865115 0.006517707230572877 0.029379442805476615 0.029955670203232074 0.07236205749310046 0.07461136752039811 0.0524652691997846 0.05123119073318537 0.0706341447175734 0.0578619821676735 0.10037037976695927 0.013261662055766784 0.034556493239340604 0.005178115409600059 0.042753151765935644 0.06680312749317634 0.08554139414869989 0.06179709593118723 0.0789647262372942 0.05809613572457723 0.027557870962067462 0.03372544115734068 0.055146084459782904 0.021597090479694988 0.06453805450466703 0.04684812218641565 0.07026626011651253 0.04831511240667263 0.04520789652462544 0.050194685642510645 0.0607220808118979 0.04116837411794638 0.07355803695152532 0.06632365073230147 0.06806867781039508 0.0387498170087244 0.06375961536069225 0.06732721014400016 0.08970068587415733 0.028211270928275915 0.07236435213098932 0.04047933236130444 0.01865749901454659 0.08207232899972146 0.02718465811907566 0.05662828626255859 0.05803294895264435 0.059096106879338764 0.019493234448834714 0.037072230951045546 0.055528234113666634 0.04332746845653654 0.055777660055733244 0.010523093433726547 0.015961234809260892 0.08950534229252624 0.05283765441315584
 0.0633494095490325 0.039765965855164745 10000.0 0.01839848856435765 0.05689251882823096 0.0694481326928479 0.055593797052257046 0.03337379875386803 0.06288244091834815 0.03553237427245946 0.04863061243642723 0.05554703815713412 0.023244543956967942 0.07232525816357552 0.057816465077330584 0.02899992774525809 0.058369349659116866 0.04557006423724191 0.04618431343829634 0.027156203266939502 0.013801037051873967 0.041024780333644734 0.019098591740591708 0.054219058315142316 0.016702313437957438 0.066412377144541 0.07374957250261965 0.009888906080317615 0.02869723938026311 0.015925818981346825 0.04402112438724069 0.026518164823673397 0.01004904294063268 0.027216895045511422 0.01711535936543416 0.05682404857253854 0.04280527343281439 0.034451715800176363 0.058967915910028784 0.057942164038730204 0.07226017292909354 0.038524208622340704 0.05140627552485451 0.05917624173462601 0.06459025851984289 0.03862167696288861 0.061887760068444944 0.0421968802375967 0.038902066067343324 0.04547198504028455 0.03953090330983456 0.053012383180951354 0.04506053941494807 0.04066506510598676 0.012743868235875675 0.0526261460530894 0.0634831788032899 0.026195566366232926 0.07087458493913269 0.03468420860483375 0.0183083445992388 0.037673544124959754 0.01641899415006569 0.045551479254556985 0.05742177306470824 0.040314941648957846 0.05013924295676293 0.04845702619981117 0.015511479241173203 0.04681572041152033 0.02615645763705456 0.06120350527891148 0.025077070917672833 0.017593185993040435 0.05443058341231063 0.04092579407241702 0.054733643637461526 0.06302436008140795 0.030973584342849955 0.03346512630728402 0.03483038076844241 0.028294610745424994 0.039857346866261724 0.0012563755986180576 0.04522289247721888 0.03494005683536088 0.06441498794090353 0.032823582508011845 0.04315714119871556 0.015045103451387433 0.021933539709634714 0.060532309126972335 0.013570345075561008 0.017114082332738097 0.048796614773776475 0.07249768479905593 0.04961754682595219 0.017808584076814044 0.055349490089117374 0.00624468898189529 0.02046864582446336 0.03929215832084519 0.04908026944083636 0.06374074134488876 0.06459114975085303
 0.08011105957409274 0.023306647238521883 0.01839848856435765 10000.0 0.0504952935744659 0.06695017561398763 0.07251438684586275 0.05026218965998687 0.072058000574736 0.043905549277162295 0.056792294001608 0.06176659355709126 0.04163853836329689 0.06866751780126368 0.052061685778212366 0.04379976387081352 0.0558650391979203 0.06029538591304244 0.06170190885456283 0.033139140490126756 0.030239743082548218 0.026758923933390362 0.01640419235735219 0.05862032797970625 0.007089124901415962 0.074983129483987 0.07581487092055329 0.027811731814011153 0.04632117215630506 0.029636452993952116 0.05972941096514733 0.021871367231270897 0.01854470363404324 0.040052174968748425 0.03530537895604341 0.038927177885380526 0.045496757151687044 0.04877946459501109 0.0755441577522218 0.06723959714290957 0.0890223183383064 0.05353294377497739 0.05630192233013791 0.06990165836916301 0.07623062206480176 0.028292919123299287 0.07163134691452942 0.03287511699120406 0.05525343057569295 0.02818456428278824 0.02385427001322713 0.044697087481731956 0.05980840420407963 0.05153348591347092 0.03090796433012395 0.054356435160501176 0.06988246939131423 0.034866161221521294 0.08699822271066818 0.023384514736235668 0.023612383398420797 0.022820204113213588 0.02833380811021131 0.05760521854772756 0.07282067632067232 0.052191006169819226 0.06566355429513006 0.05516757983211329 0.014661002109810663 0.04237268373090319 0.03251976765861163 0.04390964987348276 0.04190950032416691 0.023792826603395843 0.06440894305439593 0.04584442876023957 0.05278964153333644 0.06013109004319782 0.04624769783673631 0.025177910259334035 0.05322814091931578 0.04662108829660126 0.05481878627109914 0.017192168651950765 0.05598653299628653 0.05151358690043593 0.07881891042566203 0.01783865988559173 0.050222816861174475 0.026019716013155884 0.004772338239073793 0.0732757074270617 0.004854136224719261 0.035425033784294124 0.055337609254327326 0.06982134997055048 0.03789452623369031 0.025176763140599873 0.058033323121795315 0.02357962097160245 0.03247102238509546 0.026446719894815035 0.030720576537477357 0.07832462926935752 0.06228747827774968
 0.08642809923223585 0.03735906310448287 0.05689251882823096 0.0504952935744659 10000.0 0.01973841160575611 0.08141767065841386 0.08707987598469985 0.05297770852816796 0.03976297070874672 0.042165566782510266 0.038811610575248755 0.07169590792259674 0.019463866377893237 0.0023697769125962096 0.08527895645537246 0.01255926190188131 0.06373265382315814 0.06752828716471689 0.03625900748322049 0.07001724628671274 0.02998204065475494 0.06658561865278119 0.03247249358035174 0.04492923038288556 0.05307868029078217 0.03626973742026938 0.05896259298985643 0.06719061621699811 0.07281831937598368 0.06703595341974833 0.07234982044495175 0.0644665304161247 0.04973227296174815 0.06399873579888879 0.04771141609261973 0.026053666406368105 0.0564938916152988 0.08192030779247544 0.05044429792031495 0.09361680692742308 0.06093720357728096 0.033035991276659904 0.0563397379101894 0.06337402532429273 0.022979110186660285 0.05441291412284881 0.01822798797446863 0.09310752606773719 0.040648067423093695 0.06600261858561869 0.007605967788879977 0.06352570355905526 0.09752492857711872 0.06633136768151264 0.023872297380606252 0.04363879288694078 0.08221469849590356 0.08864001555977857 0.027879085833904492 0.04008799439606355 0.033098571725290835 0.047533709196114105 0.05365512754963455 0.07456159382233084 0.05078461240122133 0.07012600091981329 0.03762720780422203 0.0417241802062296 0.010726770760120337 0.08103528607421494 0.0443233569133901 0.07969056312166378 0.07178697502744827 0.05089645729813602 0.03150577444443107 0.013347625243439989 0.013842996437979656 0.05827710049252076 0.07465621355889081 0.08018208631108711 0.07270396298114548 0.06146003379380296 0.05660900052453334 0.04915149277840338 0.06554325969252578 0.07493310799556531 0.06332366488866364 0.09888658501622272 0.046599535056432786 0.04652683849948138 0.06503442034127166 0.051207240583205194 0.06864375565842998 0.03721918852166796 0.02185734347995975 0.019009703791618923 0.04189633700057612 0.027544525211412964 0.056178533956706536 0.07727545881106744 0.02734457794558799 0.05161045831930911 0.07526999314947247 0.016604941086223155
 0.08355513812775957 0.05673025966101178 0.0694481326928479 0.06695017561398763 0.01973841160575611 10000.0 0.08009843299977405 0.09582037885204059 0.04384450384188825 0.0425014595013513 0.03851078102543874 0.03163251247672961 0.0794554438951722 0.005001449672449022 0.01741234276482747 0.095952591923302 0.01120212782450685 0.06276508789111082 0.06687487630466404 0.0441303862910116 0.08126095081050812 0.04937716041037544 0.08223832681247042 0.026158948811299446 0.060596020940752594 0.042479540142321734 0.018916520775781494 0.0690030314356543 0.07235670985330347 0.08499818634545889 0.06706199478024688 0.08865827781895617 0.07828137028735657 0.05465122390113143 0.07238583494826505 0.06733611141143314 0.028883969001892926 0.05880047821673784 0.0795408904622503 0.043067864314399795 0.08941275138649539 0.06213596126343766 0.02839220418952264 0.04923799219653015 0.05532929997464002 0.041438850468106886 0.04591734384904011 0.036889684520472775 0.1018600556751056 0.060327634704166196 0.08470466998761449 0.027341574679425742 0.06271268007966749 0.10964866525597576 0.07657032090318873 0.020350556703158777 0.03284002095999166 0.09559760975546669 0.08369077679062038 0.04602280694037184 0.05125352640894199 0.052196172096686984 0.0566284458569949 0.05168910719561159 0.07119522494232026 0.05074636373530487 0.0685049296550129 0.03423510306464119 0.0556683599517521 0.02465281811836453 0.09509072555122564 0.06356808969066934 0.08935599512844412 0.08594860451146691 0.045076289716678555 0.033406410138861704 0.014719613586742494 0.006834178548480808 0.06186213453755214 0.09189184155557813 0.08586771812275286 0.07894110264760404 0.06224494058412341 0.0694651488334255 0.047091805273295574 0.0684548366420884 0.06917912548507896 0.081442003083379 0.11254852948948037 0.056472723534353036 0.0635412118933457 0.058805216220774364 0.06669923079729752 0.07786223097224965 0.03367629651160818 0.0030629103118901147 0.03874773479703595 0.052297990334379166 0.021024404082527006 0.06719039895892889 0.08977033261072528 0.046422844850361425 0.0713089528755835 0.06982252374907127 0.0048570586562403035
 0.007822129231597664 0.0878655932558175 0.055593797052257046 0.07251438684586275 0.08141767065841386 0.08009843299977405 10000.0 0.04591914288548385 0.04159208829688258 0.04192623342072844 0.04158922286477416 0.04904158704564721 0.036813976501801494 0.08496700634889294 0.08059290964714347 0.0545605467378746 0.07351765772749135 0.017723969305603778 0.013903892225989789 0.04915704266882696 0.05183614566209933 0.0852960612852929 0.07332210788596076 0.05396611746655074 0.06769055262406477 0.04531704578983005 0.07027293379451015 0.04574230045297367 0.027145772611024736 0.05712244787657316 0.014715745465244092 0.07996209276913348 0.06271511082847468 0.035485839129919705 0.03922353620488824 0.10640366785184814 0.05539620698403246 0.02650693962818766 0.0043558759115242575 0.03947462461176472 0.016679564626639904 0.021393868216737763 0.05173693583240975 0.03438975381179217 0.03251103422952504 0.07771067111678884 0.0390898186091594 0.07819591013637246 0.04911907130880344 0.09436984522280774 0.09509465045166478 0.08294532117739688 0.017903511603014732 0.06903684950198724 0.046713738590091945 0.06052172559142132 0.051446615304475675 0.06737429779635581 0.016463384688675472 0.07680569022723849 0.05330920598312869 0.0837000709026429 0.04539122046076472 0.0284919501966716 0.01128340006982511 0.030638434744948057 0.011599773107970375 0.04594490139837059 0.06099632617644972 0.07182997345290093 0.07058295209115782 0.10855113944604562 0.04727549984889912 0.06701022595350484 0.036175550437393414 0.04993075793707455 0.07031003584554878 0.07711374348873355 0.027149280612472963 0.08761114101720996 0.02933093462464929 0.030603970004761536 0.02052518770423382 0.05682788908592723 0.033134029708359214 0.021017247710873273 0.0195040808173635 0.08840552807993066 0.07867196647642298 0.0477544764856818 0.07450420607148152 0.026128234896619747 0.06783693470205074 0.042640685887016035 0.04649030070463475 0.08255126110348449 0.08716406075813092 0.050799192595434424 0.05908873735170406 0.049513775726360516 0.06036542156709193 0.08188988686015505 0.10122828740331916 0.018235108294164505 0.07659400741224627
 0.05290421293046672 0.07290617111775906 0.03337379875386803 0.05026218965998687 0.08707987598469985 0.09582037885204059 0.04591914288548385 10000.0 0.07427133655466162 0.05451529656139866 0.0644712629421435 0.07310036441269448 0.01660134707646865 0.09958499553778309 0.08753256892384341 0.010264066401569438 0.08555342297415275 0.047603496370407415 0.045303700211796166 0.05191177858682997 0.02004843385807805 0.07439500439984784 0.041001937285735285 0.07451334762192395 0.0500074319313584 0.0784014099237317 0.09479951090901444 0.028231372535982662 0.026738176134079215 0.021530955636544807 0.04317077464045248 0.04483100222075341 0.03243736049286238 0.04209738000241254 0.023459565078473688 0.08916798296221704 0.06699892116751634 0.04207331415906266 0.05026638102490095 0.06993686270192785 0.0604391676051436 0.04227896257392931 0.0715028269448305 0.06809245099993225 0.07051433399460262 0.07141809618189675 0.07233774251887237 0.07454607887586662 0.0060607250090982286 0.07831679969580374 0.06539043827959257 0.0844717462211884 0.0471898550761901 0.023129917856144936 0.021294342403578914 0.07632062788444967 0.0795705838838349 0.02580628671248396 0.06211552044196551 0.06780994743070198 0.04708548869690047 0.07103453028128698 0.03971946275582562 0.05472110042901071 0.05393084961247695 0.051517060398245274 0.04802080904897566 0.06657781453820372 0.04815338554115263 0.07643173277166353 0.029941818784207912 0.09408510158453795 0.008372096436253631 0.03143839641457315 0.0657940923351503 0.06301735094754828 0.08175072978195222 0.09019161431514883 0.03762702042697787 0.052316630198263527 0.016779052106997518 0.019424440059545432 0.04321092387380677 0.03427849157678831 0.05722018123886962 0.03452944349713067 0.06290979310710292 0.059069552795279874 0.03314432677108866 0.04048638554628621 0.05451477630636358 0.06447662047910406 0.04586557017913461 0.01843769144204967 0.0670963630565858 0.09884727775885939 0.08250695127011176 0.04518475095324527 0.0776084568935428 0.03157443778504736 0.021280564586092083 0.07256415194371883 0.08040793173767975 0.061781751241942046 0.0911172212828441
 0.04269683554974623 0.07617754252071957 0.06288244091834815 0.072058000574736 0.05297770852816796 0.04384450384188825 0.04159208829688258 0.07427133655466162 10000.0 0.028215473178890282 0.015354455120526122 0.014235026762688136 0.058635011350194624 0.048819963889662296 0.0512449189532566 0.07897822058197922 0.041475353379664674 0.028070885636521437 0.03167718967390373 0.03893977951777474 0.06836323060963576 0.07060637359394299 0.0814618912014566 0.02052292275831189 0.06512913557162393 0.004153435845950105 0.02979453901837127 0.05633124652707677 0.04754969636345439 0.07374178758559734 0.03311171388602037 0.08896558862338963 0.07284920953688825 0.03621714029175774 0.054799328179606754 0.0929927730704157 0.0311582542750609 0.03249727283959972 0.03960595171509168 0.00494151790471056 0.04696804877996638 0.032087313750754194 0.020475208526738897 0.007223774154349528 0.011567570093419008 0.061070387773397274 0.0025139632463145214 0.05898454519104159 0.07952334279731783 0.08215624528857841 0.09553321752291284 0.057746815462763286 0.028339211063800343 0.09460087865843829 0.062271096462019206 0.029136502215694277 0.011189218144665551 0.0858009845609455 0.04085596734966298 0.06293483686736893 0.048519456486463754 0.07104308626222 0.0465196942266551 0.01959271522200593 0.030792667801269154 0.023620514774211787 0.031210532788173557 0.018081888729238098 0.05740004553841186 0.04707421323258426 0.08729704923195412 0.09229995397100016 0.07100049806671306 0.0799669780700322 0.008731554939243791 0.02789081842643576 0.03967929750193568 0.04338723578806412 0.037063955070903855 0.09513099332444215 0.05923442806035527 0.05484784366536237 0.03128696153734032 0.06367302480114269 0.01803659402740495 0.03994701546045099 0.026298390821148203 0.08987193096919754 0.10142478890808919 0.048211896584443685 0.07134297608444015 0.01624243392548495 0.06893234985199267 0.06079712418252753 0.018161554010498442 0.04557429367249708 0.0664002447526657 0.04730703076908138 0.025510679821067025 0.057448534502811614 0.07847476948999227 0.06672606220570677 0.09202088503566537 0.027169253693359773 0.04181729879870758
 0.047543994151249776 0.050798966285869204 0.03553237427245946 0.043905549277162295 0.03976297070874672 0.0425014595013513 0.04192623342072844 0.05451529656139866 0.028215473178890282 10000.0 0.013222259805865152 0.02019105453344398 0.037916656509773695 0.046820587964292844 0.03916185535294412 0.05645118078074304 0.03358543425734509 0.02449274724272192 0.028037209285353075 0.011003964040705822 0.04342016512501385 0.04645444998657487 0.0535742006602197 0.020169573371542234 0.037049794492039205 0.03136327512074876 0.04051333041774119 0.03068995500407337 0.029885116135587617 0.04831582463348952 0.027357202910186694 0.061053173451995006 0.04558110315049641 0.012452748047175905 0.03170542140079298 0.06878853210549635 0.014284577002236133 0.016893895876148445 0.04287248860113994 0.023353997327144844 0.055410047986745196 0.021175184600654522 0.017157863018010287 0.02623424336430365 0.03296953566141807 0.03767201555509789 0.02772585159454055 0.03721773945252124 0.06043885565154944 0.05716735222460898 0.06753050638992056 0.04102447989843013 0.024214742991747 0.07144295956059467 0.037715065824867416 0.022274950832672856 0.027987669000630155 0.060195252078709974 0.051210376012571945 0.0380787075758436 0.020318285532248525 0.0459198887163489 0.019200471948909392 0.016200963232120745 0.0364385851126522 0.011781707572591484 0.031004642072415066 0.013096677202937196 0.02927395030228054 0.029917459357938943 0.06106197512223641 0.06952414603643946 0.04904483743114596 0.05303277327481812 0.020558586255868115 0.009141035871948838 0.02996741915848203 0.037845642364156704 0.019432963804377378 0.06701267286939831 0.04340201505055819 0.0366495869054131 0.021711434420236268 0.03617951749404611 0.012974599074878312 0.02633205188873807 0.039231074099359955 0.061740147356110345 0.07667047471097546 0.020517907331598417 0.04345075441596567 0.03127647761018542 0.04071688371320506 0.037677155577705936 0.013501270883195622 0.04540608133911891 0.045978735840631564 0.01911670811249838 0.023118883917303563 0.03073791289653225 0.053223091729466196 0.04269209498217071 0.0660925805980136 0.03917033642373616 0.03812737762356894
 0.04534745747618041 0.06126596910607683 0.04863061243642723 0.056792294001608 0.042165566782510266 0.03851078102543874 0.04158922286477416 0.0644712629421435 0.015354455120526122 0.013222259805865152 10000.0 0.00875802535795581 0.04806355263764923 0.04338029678614053 0.04086567324510953 0.06769599499226506 0.03252475651491018 0.024358083103535703 0.02848749415942375 0.0236531583176302 0.055624972053199065 0.05601821797035642 0.0667949648356902 0.012428905806424128 0.04982899927491792 0.018214914184074883 0.031081754555537723 0.04309252873280062 0.03819582792453473 0.06075254760078513 0.028888751295736245 0.07427525814989566 0.058674695711789154 0.023337312785278015 0.04290668553689641 0.0785001101637514 0.017345421390361913 0.02290758163029843 0.04116709373302489 0.010757676705998179 0.05187009428667229 0.024860924266264475 0.010169919826746272 0.015224738402480238 0.02246825935569903 0.046623945743024676 0.015328512315871052 0.045023532022196396 0.0701530354564823 0.06737811354687828 0.08019678584842176 0.045614840513896644 0.024345916523858768 0.08305357731213094 0.04969933520396535 0.019291281360435078 0.015406551418952003 0.07275088052253292 0.04662263152365505 0.0480925371319266 0.03334544427473937 0.056178220364179014 0.03222444809764373 0.013234045215326597 0.0330871899030447 0.0135424304886415 0.029994230021303657 0.004587078170732157 0.04213185861463436 0.0344060909433558 0.07385128940623231 0.0782958355467312 0.0599592180880169 0.06603931906742053 0.009276817762282917 0.013073666553171064 0.029708444938272387 0.03575907761078326 0.0270389328319515 0.0802057626254243 0.05124193977919705 0.04549135623354282 0.02466265118804733 0.04931940595712755 0.008754807793295662 0.03218538213500629 0.032767581352607426 0.07458240350237391 0.08894811204914096 0.03367740807616552 0.05599710795231887 0.022992601517803028 0.05379386246281408 0.04899149300350496 0.005065014636589283 0.040996267300741386 0.05302286746372803 0.03229573579172773 0.017501563920898126 0.04359436365276335 0.06561305847704552 0.05214429965983958 0.07700536959514552 0.03311578482589484 0.03506671979608202
 0.05202409337013297 0.06318478463879053 0.05554703815713412 0.06176659355709126 0.038811610575248755 0.03163251247672961 0.04904158704564721 0.07310036441269448 0.014235026762688136 0.02019105453344398 0.00875802535795581 10000.0 0.05662875356577285 0.036616831892312164 0.03714040721617515 0.07603273104253608 0.027635120627215203 0.03239322114217176 0.036509481472439924 0.029149228308775456 0.06350575749733087 0.05724167729905476 0.07306606105316389 0.0063496677794009065 0.05468949854984492 0.015102355602582615 0.022368020906873932 0.05082460159177664 0.0469292071771361 0.06847758085501847 0.037135417896276335 0.08046825574286558 0.06557588374400285 0.03155167585312145 0.051199200606968934 0.07944759576991577 0.017834482422508624 0.03166507548681052 0.04814386563870079 0.011851495478975894 0.05778552937779266 0.03350423441247858 0.0064497596532611685 0.017985772669721258 0.024722842785070157 0.047636705271723104 0.015605200076434771 0.0452194753209991 0.0788216217214185 0.06894620359738003 0.08455082051694361 0.04351676604325826 0.032443202657798556 0.09126943936757405 0.057695401134375594 0.014940825707759075 0.008129934510943775 0.08038135009415008 0.05211576226600878 0.049933550430373924 0.03900400668703592 0.05801155215371821 0.03934142065704779 0.02137007484369647 0.03965556042514077 0.02228325336953814 0.03756262487461014 0.007105228621198125 0.04726592712993833 0.032931775200636115 0.08123879788996692 0.07843144887294774 0.06838291216079467 0.07311142937734166 0.01344398436375283 0.015952178515423323 0.02557614365878231 0.030040439164403347 0.03576930280332076 0.08597758747182939 0.05999992599057186 0.05420757584358352 0.03323241103784564 0.05612285280575833 0.017209794443999334 0.040917628629066054 0.037683261490192 0.0793110216456415 0.09680379373500601 0.04050329221802616 0.0603855921625433 0.027349987430755285 0.05925370195923938 0.057267291065107626 0.0067504834653676895 0.03383276423427352 0.05235044064157126 0.03839803581860276 0.011588181459099652 0.0509169317829432 0.07337650370969934 0.053379511616986015 0.07913017415450817 0.038270509601599396 0.02883422594974463
 0.044548835963402714 0.062278816342596154 0.023244543956967942 0.04163853836329689 0.07169590792259674 0.0794554438951722 0.036813976501801494 0.01660134707646865 0.058635011350194624 0.037916656509773695 0.04806355263764923 0.05662875356577285 10000.0 0.08333181291121013 0.07197083421462167 0.020479145764816433 0.06937461099301455 0.03344765627050525 0.03202936854366425 0.03587504247372351 0.015219571813704843 0.062452411551428694 0.03785091770528204 0.05791928947330514 0.03929914715138059 0.06271595749867705 0.07821835305652405 0.014743939353689499 0.011663922315714333 0.020332858144943757 0.02973364796233464 0.04387689692837619 0.02736141779857734 0.025496294464952704 0.007850188138430577 0.07984865250807807 0.050583488406796696 0.026148845727510323 0.04085329671686135 0.05411806866707751 0.053110471005910015 0.027257164738095002 0.05490748461950172 0.05284593228273163 0.05607111582004142 0.05804165134199117 0.05685166707256196 0.060623826724287 0.02253480419938291 0.06826629442313699 0.061347294928371134 0.0697351696490721 0.032978461908526456 0.03613693915641187 0.011160629255491111 0.05979693438070293 0.06328732367208872 0.030823435085102147 0.05318250177206141 0.05503899355836362 0.03235721899125181 0.05954133934445202 0.02419440925128263 0.03905385000141563 0.042199753300016525 0.035402310801094364 0.03540671844840535 0.05003003394622542 0.03545734004305751 0.06097663077221276 0.033830275601367865 0.08386624992565433 0.01244400605734524 0.030484254052010627 0.050007898169934444 0.04647493716654182 0.06557405166971089 0.07397648903136209 0.02159612015468362 0.05164536806341399 0.011597897233886111 0.006243245887823725 0.02836819979477919 0.0244465222642106 0.04114215588947578 0.020108740903822878 0.05071919512570415 0.0546356422710089 0.044033980273800885 0.025402286735411055 0.04508249273499963 0.05044124817362096 0.03681486893724706 0.006517338967663184 0.05054297116947776 0.08246641895023965 0.06906940082003518 0.03015685596148329 0.06101780152996185 0.018955162033801123 0.023632002459824678 0.060076005539903034 0.07232107109872216 0.04973209011725587 0.07479673651885636
 0.08850196995422331 0.05682111780488687 0.07232525816357552 0.06866751780126368 0.019463866377893237 0.005001449672449022 0.08496700634889294 0.09958499553778309 0.048819963889662296 0.046820587964292844 0.04338029678614053 0.036616831892312164 0.08333181291121013 10000.0 0.01734468327028188 0.09935083508740301 0.014107005241023807 0.06757248135722305 0.07167261251454342 0.047718645709566375 0.08449084828490275 0.04944455459195022 0.0842930676981676 0.031075727760429248 0.06255594996476822 0.04739298294864192 0.023015738505784266 0.0724221596357688 0.07658535677017342 0.08803181852595492 0.07180997790759225 0.09049649819723922 0.080877847208581 0.05880955624138471 0.07612606535062107 0.06616537421374512 0.03292172600311294 0.06330327187987647 0.0844629249952224 0.048069264017648966 0.09440110242639113 0.06676559466758569 0.03323297393046688 0.05423940244590029 0.06031622644483445 0.04214849369041986 0.050905794279203324 0.03745939454621213 0.1056379238495315 0.059940738981409704 0.08536738529799444 0.02693345185776048 0.06750913826143293 0.11276130671408557 0.07998824951527726 0.02489872527976326 0.037785290378536306 0.09836496592057462 0.08868815968820633 0.04692114993376964 0.054304283832256064 0.05253502242504264 0.06014052599149611 0.056522940988832385 0.07614677408058736 0.055428911316682664 0.0733690673809661 0.03905349031529967 0.05810119008366018 0.026355506817383415 0.09767344331473325 0.06194140753916259 0.09293337538262252 0.0884755679217391 0.050060666102245126 0.03768550877157685 0.017886714553440885 0.009423828574470525 0.06623799526176759 0.09335877540078916 0.09007564360571423 0.08304846428774476 0.06691256597905297 0.07226930073870605 0.051910124774002885 0.07293864595824233 0.07417959183442917 0.08245829105041097 0.11527790498575906 0.05983677698283544 0.0650278074858437 0.06380600091383745 0.06874840734772 0.08148022285379994 0.03849980022902183 0.0038922291225290083 0.03813805283329382 0.055517876741388604 0.025878852467081846 0.0704017861891409 0.09274484836224828 0.04676801528667909 0.07084384452467289 0.07482090014451184 0.008694919884839709
 0.08544394601453603 0.039535445878087966 0.057816465077330584 0.052061685778212366 0.0023697769125962096 0.01741234276482747 0.08059290964714347 0.08753256892384341 0.0512449189532566 0.03916185535294412 0.04086567324510953 0.03714040721617515 0.07197083421462167 0.01734468327028188 10000.0 0.08600053160487053 0.010388045039548276 0.06288001842047469 0.06672902613876697 0.03631315911774654 0.07078459458412918 0.032159601857916546 0.06804514911403649 0.03079101449918761 0.0463321529596517 0.05122268380600323 0.03393431646332304 0.059511523620591124 0.0671013901068259 0.07373404409538958 0.06631287591860272 0.07393188888414606 0.06561618763119312 0.04951067610923859 0.0643316598749944 0.050078039420472675 0.025202578090332835 0.05598722577922217 0.08097824468027807 0.04885370952816462 0.09250503776539082 0.06032227132432022 0.03151555057211716 0.05480909311060056 0.06178675573625791 0.024876678717800863 0.05274386739707533 0.02015469446932405 0.0935745025087102 0.04293383638460383 0.06803315511210016 0.009935025007909788 0.06268961025438566 0.09847904510161812 0.06693862104009111 0.022237919938324507 0.04171433957677488 0.08333454239017588 0.08743800026373412 0.02971999227139758 0.04069167455367937 0.035193493413528155 0.04787817547238814 0.05263271615368622 0.07348832819562576 0.04995841798684288 0.06922808286080985 0.0362995041852283 0.04280403516954249 0.011135627042927223 0.08225822883252654 0.046684298687937976 0.08025509770995735 0.0730096993153406 0.04945596456845838 0.030669154046874855 0.011568838219518651 0.011474420804207621 0.05794054643505559 0.07640611981708094 0.08020658648560262 0.0727769328190334 0.06079873031114551 0.057579605171669004 0.048085305618273975 0.0651599884581769 0.07361068290425529 0.06523085434304393 0.10007337233433838 0.04705356875160424 0.04818897977246994 0.06362865391376456 0.05260105500395458 0.069111946740143 0.03587061703392187 0.01959602185674162 0.021348490470267222 0.042394787508217804 0.025750292592896705 0.05686016897615453 0.07824946371717659 0.029424318929024296 0.05390674374625597 0.07397997327413804 0.01423601599805322
 0.061858583658448596 0.06699929314489006 0.02899992774525809 0.04379976387081352 0.08527895645537246 0.095952591923302 0.0545605467378746 0.010264066401569438 0.07897822058197922 0.05645118078074304 0.06769599499226506 0.07603273104253608 0.020479145764816433 0.09935083508740301 0.08600053160487053 10000.0 0.08524427293891 0.053789874467558216 0.052068997590385996 0.05186763545263014 0.015322079561126923 0.06936045106059108 0.032422013582509554 0.07661439911085492 0.04481225890671965 0.083029296277962 0.09694419430292534 0.02694982572004548 0.032059674019831445 0.01416782894190691 0.04981736419155904 0.03539846911501872 0.02530000490589483 0.04448331132155829 0.02483590681222021 0.08225408305736351 0.06760813836332417 0.046489076798608156 0.058853638109740695 0.07438410885450934 0.06973826888190805 0.0477294857411018 0.0736063310284024 0.07330174018855394 0.07652034362458497 0.06760449908475152 0.0772506868252458 0.0711877787230051 0.012561733949807535 0.0719627491999543 0.05651010276846771 0.08184466968472039 0.05333265360254089 0.015660228050535133 0.01938237761213298 0.07728614162572382 0.08306734730433254 0.01563244985603494 0.0709615156313584 0.06355327916111778 0.04536085860466184 0.06574175305616435 0.039350325664851124 0.05943659491030011 0.06160384357639255 0.055546231895422106 0.05519104989967925 0.0691825477125775 0.04448451592830406 0.07487682016705963 0.019831770418968372 0.08763185061359391 0.008036773272847351 0.02257579280769817 0.07030412208648669 0.06425845670262029 0.0814765943561856 0.08993071630305523 0.0419195527940569 0.04266925853472754 0.025285321348260396 0.02543320883195435 0.04882541959521027 0.029613437498947858 0.061280586940607965 0.040432893823370675 0.07040605696439897 0.05043224551013275 0.024172343521004967 0.03951496466808922 0.04835041366392555 0.0708071761976659 0.03984862880438806 0.01878855213431364 0.06965993733115283 0.09901196378135287 0.07856019966052598 0.04389421106841134 0.07910540109628174 0.0291501063935056 0.012196557467273684 0.06798043882054522 0.07296490820269734 0.06934592073516725 0.09114480170418023
 0.07778187827131741 0.047039321891413514 0.058369349659116866 0.0558650391979203 0.01255926190188131 0.01120212782450685 0.07351765772749135 0.08555342297415275 0.041475353379664674 0.03358543425734509 0.03252475651491018 0.027635120627215203 0.06937461099301455 0.014107005241023807 0.010388045039548276 0.08524427293891 10000.0 0.055847041697147826 0.059854360243278025 0.03365309085508358 0.07040343112906626 0.03980999389262875 0.07105364169684984 0.021347062620237216 0.04944082814324953 0.041174704009769844 0.024120304148918328 0.05831539521092897 0.06302287461368504 0.0740061753943946 0.05972675504105226 0.07751692614392913 0.06711224963988682 0.045200179907879987 0.06209527124517976 0.05937742085277892 0.019364085289369445 0.050377744227125335 0.07348484845452052 0.039478368520745995 0.08438705485109894 0.054220789452055086 0.02259810687290073 0.04556854364804549 0.05235233931870968 0.03123080963405779 0.04313012970093798 0.026931517194805014 0.09161038543839474 0.0512295951416737 0.07425499055198126 0.019361059739172997 0.0557197766194681 0.09871082281161424 0.06588129701505575 0.013245237145449177 0.03155805139289033 0.08448221294652329 0.07904760376816068 0.03556574330439392 0.04025807962247171 0.04225885962355328 0.04604517594466365 0.04510130517899026 0.06558668954285433 0.04320410266813318 0.06197091045223668 0.02795476995688138 0.04446946510654697 0.013831321939283416 0.08392202362006668 0.05648920388872925 0.07884175134431387 0.07476743475695262 0.04052963172447031 0.02449609747081793 0.003803039768851996 0.004688490501353445 0.05298322224072806 0.08088636983856645 0.07645432419441583 0.0693067189573893 0.054511602206404275 0.05835581128131403 0.04046197080494279 0.05990781200133708 0.06489818633466665 0.07071937529154304 0.10142300815139738 0.04572990997494626 0.0525663118478229 0.0547096093507064 0.05552091201217126 0.06740105962490996 0.027460350792269186 0.014200704859454112 0.030456369490326995 0.04142492435093572 0.016052174602227184 0.05631527599363815 0.07874614384235638 0.03655367467874122 0.06221277132715458 0.06536661324543198 0.006430158512071035
 0.023063715277234376 0.07278060736845933 0.04557006423724191 0.06029538591304244 0.06373265382315814 0.06276508789111082 0.017723969305603778 0.047603496370407415 0.028070885636521437 0.02449274724272192 0.024358083103535703 0.03239322114217176 0.03344765627050525 0.06757248135722305 0.06288001842047469 0.053789874467558216 0.055847041697147826 10000.0 0.004131367771050039 0.032818742216886375 0.04619345815143612 0.06946576220764679 0.06451901297835476 0.036784161662794065 0.05455405557554607 0.032187431664185 0.05440301327992557 0.036527379176262524 0.02178381366788235 0.05179794754124837 0.005052911263278138 0.07175451483635774 0.054375223385877754 0.020552393064974604 0.032103288876213935 0.0912350335159141 0.03769243254109679 0.011518263114367164 0.018379750387931958 0.024635078024862346 0.031154867639791257 0.00706334040772896 0.03437857800559123 0.02118871859293726 0.022911896979927966 0.061322746034220714 0.02580763182699011 0.06138305101712939 0.05241976691471503 0.07929089276666747 0.08386285799647131 0.06547181439360056 0.0005123007493254071 0.0693705663923013 0.040209140880324755 0.04293812638886356 0.03616896097830299 0.06343118080391408 0.027590492438425856 0.06094479533345232 0.038652514548071996 0.06828659086299124 0.03199575701160484 0.011125977915820165 0.01279038008842056 0.012954842892372075 0.006516288586838063 0.028529984999993055 0.04719262337969294 0.05427938898859921 0.06581583022006537 0.09276720225936301 0.04577994540161823 0.06020485526373267 0.02071853973859494 0.0322305077169602 0.05260427330811077 0.05952267125821706 0.014607086995235016 0.07897111336051599 0.03167844403694321 0.028493934712528493 0.005730475814382218 0.04668683661027519 0.01567557234278383 0.013358630796779025 0.01884492975506218 0.07738631910232527 0.0774705480297184 0.03435005307007098 0.061448925078386146 0.01701794430736784 0.05597808766457579 0.037354544864657425 0.029089298803476493 0.0653137425875393 0.07026614870819017 0.03633949338715919 0.04174705049241169 0.039345425647222466 0.05600148294120064 0.06588534574313928 0.08705897790751212 0.018192477764370225 0.05910457923295198
