NAME :TPP_input_28_5_4
NUM_VERTICES
136
NUM_CLUSTERS
28
Full Matrix
 10000.0 0.059343420119914135 0.04600397817429388 0.08397834560964987 0.02654998496385235 0.05721788452364167 0.02641698526776527 0.02163974614009252 0.014705485639145947 0.0717688126271937 0.08758738542546456 0.06122922848616278 0.054360650238415804 0.07939321117925077 0.048221673361870616 0.07539936752690532 0.08931010102491894 0.06958316902102415 0.05922969481681527 0.0373858545500766 0.08341594346738533 0.04057461523048054 0.06030145880051011 0.03649029002328072 0.08702961894033805 0.06265395048888792 0.055262549585412726 0.06784459658588701 0.08395915592592504 0.02430586230247191 0.033737775615518335 0.0751554579934128 0.05697060939579581 0.026863762814137652 0.07991512680062186 0.045520309910489415 0.038118067746406095 0.07998377878166545 0.05420619904031858 0.056291594270954 0.021284219841884944 0.0582465943297486 0.023643367046039174 0.08579078775492814 0.08394706240944848 0.07289802921694097 0.028495694913794237 0.09342991032390867 0.08194506272209104 0.08418231946839007 0.022990695013821144 0.08808970004399114 0.029975926174692955 0.03512813155124874 0.057684916175483755 0.06514336310491221 0.06142643753419108 0.06181143061483074 0.05765644722414757 0.0752464429518576 0.0650787695919447 0.056986147695507125 0.06836742015596252 0.07536729810005215 0.031504536952332435 0.020125782280799323 0.04869585040283747 0.07070596181206877 0.0743590166886824 0.06546156494128078 0.042321776761467284 0.07759069354606356 0.02326123348351868 0.08911321176643346 0.05126486181992825 0.07014438958007513 0.05321687925743513 0.07611450166811995 0.09122234894036498 0.05688141936977671 0.07123975952165051 0.08283565926053424 0.033410795268671085 0.04844883607658979 0.06704388839218117 0.030183244470110154 0.0709333954381438 0.07939455738103345 0.0852618712723195 0.036617573142910614 0.09711329855509929 0.018845202341357205 0.029828776312797664 0.048715088290595635 0.05889678352890314 0.07717049683977399 0.05547435280070991 0.038916685257751764 0.049052479409509034 0.03265151819311825 0.07134695611289209 0.03949396555976985 0.002396913524826626 0.05841797547181191 0.050341004566314254 0.07717829804481646 0.029516946891887465 0.08035742146568875 0.09086418384746955 0.07459525691737134 0.008253854311967807 0.01556579608414099 0.059407673861697444 0.05941598424660011 0.013078170262703819 0.06968334620932795 0.07648476660093861 0.0245134359908573 0.015368443134421646 0.017683785827968528 0.06294057466476974 0.053226291857972056 0.07417397264179487 0.07706628407906965 0.019635449801667277 0.04412746066220576 0.0866538974409965 0.08114760912833051 0.014894977498721644 0.06611390553862587 0.024921195410778873 0.06279654199152923 0.08727782540952533 0.084761252278378 0.012077959710495526 0.06011774202049553
 0.059343420119914135 10000.0 0.031674458973423754 0.028676964674070746 0.03336769913524216 0.06494105540179294 0.06173747246381008 0.056992929659243144 0.07036434100557448 0.03264966228270769 0.03138463490711055 0.023006907811085955 0.005601628027120417 0.021498631133665888 0.06136408481863419 0.023646987257235935 0.03653715621965117 0.04424760295643135 0.06461002989471769 0.022404817228351658 0.04816829381765098 0.05066772513999417 0.0027745403417045694 0.0464191998798487 0.02865789030221374 0.06561209813083253 0.06281144976878768 0.02841250707905271 0.03521931031180585 0.037367062193014035 0.036977648824331175 0.05983898744860971 0.02218578801928744 0.07459141171210593 0.022650280330336715 0.04818598536331528 0.046614106490596274 0.026847141890967437 0.050795010005405726 0.03238905048177741 0.052424845829895116 0.0707354113458017 0.04430653401538371 0.027386966967326468 0.05450071197695905 0.06693034916725864 0.05072514337394922 0.041658174626478 0.039698228529948615 0.041584034265665835 0.05706155609605325 0.05078884966072738 0.07546384546242169 0.03304337581179828 0.06409926420473809 0.02181716946029458 0.05042619348982566 0.026815676225249423 0.023249009228962957 0.028495982872649993 0.005798197668327348 0.01984776914269736 0.029026019006031696 0.029590965319032395 0.028362909656806476 0.06021242945711699 0.01381124353598051 0.013529637295053977 0.015222067777983588 0.08466525067711152 0.026197143172160372 0.04223548172819719 0.049980760937051366 0.03743676707563462 0.04469012170937112 0.02619555141869319 0.01966399016015957 0.04059032055905045 0.04830509055567568 0.0025981207034137914 0.05105019428159797 0.023621490930221 0.037348756861513795 0.012094117416170811 0.01318805584986868 0.08001637662803578 0.01697238239697362 0.04293678216162606 0.04900646225326777 0.040287703321993454 0.04801467325016101 0.0718209646254424 0.03771606392083304 0.0678277117679446 0.03145020403133749 0.017842830381329174 0.007215365630265913 0.03248059232547017 0.03749082757470525 0.035615165489459186 0.053973010416538736 0.03306585842622861 0.06116203974576425 0.029210381501559225 0.02966355800164699 0.04294585253018884 0.03579192936911726 0.055526175446521 0.040085677088248416 0.060946662171967265 0.05453506966034284 0.07118884912820833 0.06271871325046689 0.04359565123008539 0.05214322166350934 0.015468030580657396 0.03203368959191224 0.049580340013588346 0.061840374849432785 0.04249730950592516 0.03822579215165074 0.033551706378111786 0.04251000654113815 0.04033502820528197 0.0652622196058236 0.07329050367866435 0.05176471065506073 0.03261060521960231 0.04450430305237996 0.05734535942231996 0.07091894930067492 0.023203927796931895 0.03195252222318805 0.036987228082433314 0.06796262547981129 0.01709687060940351
 0.04600397817429388 0.031674458973423754 10000.0 0.043669499277435006 0.023932769082365413 0.03345172515492825 0.06180407254699182 0.05571591672647219 0.05115451281834583 0.06191162182919862 0.047597764856354745 0.017808735162772142 0.0266657362632406 0.05190791043878922 0.029785347446352545 0.03416552423148865 0.04659036377280416 0.024633262024588924 0.03336231976761402 0.027911515037085062 0.03751585032359593 0.0609285019674635 0.030329756828941287 0.055321692919108066 0.04994247861754762 0.034816147326259976 0.031259138855027666 0.022952707950585346 0.06678075010493302 0.03630641220087692 0.012413582287797488 0.035183260173920934 0.04759147648206121 0.06997365425240203 0.0534251933475523 0.06162283586532877 0.056404093361519185 0.03871781177913026 0.019960791331146394 0.05513434075708875 0.029280417286695216 0.039101530732454204 0.02296387527755196 0.05678773010877533 0.03901694880951729 0.03873596239489582 0.024216083716918142 0.04983433380367184 0.036314446689676615 0.07237253843232803 0.056499354595250406 0.04213054087950997 0.07221419456141971 0.04189187371919955 0.03270151612708361 0.05118370006456804 0.02228668417696032 0.01690589803853575 0.014206163262637456 0.031541922949511185 0.035015077115195796 0.015587790904876414 0.023359891648277738 0.06047682203685155 0.029320953697618387 0.05739637525993553 0.018685013671666396 0.035209732907632754 0.041306913187394 0.0529912634077285 0.007838447334463814 0.07116796625535693 0.026375763167683714 0.04583043235113875 0.013763279396687837 0.056332341978602395 0.043250092774474516 0.0301105250401359 0.04537741034657681 0.029501552487385323 0.028357019928544096 0.051521072691314486 0.04509812942114889 0.021620041543777252 0.029983610071439536 0.07449760544350124 0.048636305691935514 0.07225249823632118 0.03932393129870603 0.05012912466969435 0.05226865345160374 0.05063095435303043 0.01617835426107945 0.036449035453787144 0.012929120358665721 0.0447594444256614 0.034228987713374064 0.04439457930655894 0.006641083346125587 0.013364642480967899 0.029830762107464416 0.04540144723939924 0.04836975967288386 0.012747877453173555 0.004634330566779114 0.031220860377798112 0.016746816803959494 0.03654992696242446 0.04701648001917093 0.03552373298052984 0.03830248505245973 0.0517718950607419 0.03166271182168674 0.01682948701705566 0.046281796659416695 0.047125960007568815 0.031793533658148736 0.025379376750204092 0.05606486980027701 0.036268668752067364 0.017425809806773385 0.007472466805521123 0.07025666528388462 0.06953775975452854 0.042301493920194326 0.04305286169243468 0.04086451781591852 0.06409855626821725 0.03510663618178057 0.02921788032428749 0.046524997775882045 0.01934381445278446 0.04654044838436841 0.06848158857765058 0.05768646091353568 0.01999262090173879
 0.08397834560964987 0.028676964674070746 0.043669499277435006 10000.0 0.05748259185409022 0.07012813519972719 0.0899731784119594 0.08493143596959002 0.09263465822302412 0.052857462528191394 0.003932694612262544 0.02595235488914999 0.031600736158886436 0.026530910363617346 0.07025363639689149 0.009522723492333319 0.00872794435421978 0.03872741224813888 0.06875442786367844 0.04956570036896751 0.03274607493746424 0.0792721703799621 0.026415824873419407 0.0750949628679052 0.009502307779204782 0.06822676610732598 0.06860091912863887 0.023251085038765083 0.046982171075831136 0.06455268600367293 0.05445223409564899 0.0541076810219614 0.04844681091576626 0.10223373730493314 0.028499985225551194 0.07650326990717411 0.07527179379919303 0.0052475038164317015 0.05582974685318978 0.05880551157815062 0.07184125238337583 0.07651814610385105 0.06434770169556807 0.026105817133738305 0.04114701843926373 0.06440119803752542 0.06768769743810102 0.013872634716184816 0.021936603691410445 0.05644914280389259 0.08511980921850444 0.0326799046596633 0.1033816251013712 0.06161269765542221 0.06891607121990898 0.04425115361662834 0.051264577885801424 0.027922358214029108 0.02946964503634853 0.01460483855707998 0.02373906831674743 0.0284975373418701 0.023270881276539455 0.04649182559586678 0.05518837410955335 0.08794297140760905 0.03539704248433915 0.015151263793807912 0.01655449995905498 0.09048297189461742 0.04319123473325338 0.06150954925925702 0.0690031264228935 0.010438939521552185 0.051279738741691484 0.04604737696243758 0.04721209974211221 0.02884196465284669 0.026317330602941107 0.030224532827929508 0.04568324632405699 0.02029256969293557 0.06592796519125785 0.036219272950040765 0.017177505011979503 0.10754783371930884 0.03330635685756702 0.06140919161848699 0.032407510087160724 0.06896466696241477 0.02121310986514209 0.09297966423435008 0.05699643707439288 0.07735910106094407 0.03410430870067831 0.0172526673310696 0.03563037299656734 0.06115751550187016 0.04608966867628963 0.054198131506368936 0.04918675272041445 0.061736825777025245 0.08607341765677315 0.03272358192937458 0.03932978483478077 0.030950400352413452 0.05607349021301833 0.04509947799262306 0.013314908256227668 0.055856455268550875 0.07774985393015181 0.09336450148964173 0.06644334643743882 0.04517734777223188 0.07892379346998642 0.03274001083036581 0.017389465166415968 0.0681947868449637 0.08896049888956631 0.06866331909403131 0.03718314865293196 0.04010345403595716 0.06355068380108234 0.05938928744563718 0.08515272327235374 0.08562843736417068 0.03524512039785663 0.04567994005374428 0.06980145593669572 0.0564722402811769 0.089863092917956 0.024502273610602192 0.0033637933406948694 0.04902332136489952 0.09396435055124586 0.024505312735559635
 0.02654998496385235 0.03336769913524216 0.023932769082365413 0.05748259185409022 10000.0 0.04903121225621892 0.03791774068365123 0.0318693406502245 0.03702029936654633 0.05252794669856834 0.06106027378802085 0.03586447515404273 0.028124717990104003 0.054254050863551354 0.04172481306012035 0.04907379723727467 0.06309133446281182 0.04852183029793494 0.050060433484490297 0.013384852588095592 0.06056542195808101 0.03850211790892321 0.034046921420634715 0.03283849984103656 0.060532128891982624 0.05267569150344959 0.046691250620542024 0.04290394258933001 0.062228234624849464 0.012746423291455488 0.015165451883048369 0.058320360605921134 0.036761539658075944 0.04702415010634107 0.05503564386479606 0.04035628506291781 0.03414018103692646 0.053610438590032866 0.03965923948097014 0.04034968660271241 0.02151556774387805 0.05284697007177854 0.014156221566933228 0.060472882543173845 0.06282599726020202 0.059798289029181294 0.023209918864983657 0.06739748856401376 0.057317857558947416 0.064686426234735 0.03260769376265523 0.06493858415917088 0.04895816776832699 0.02138521008910988 0.04885266518945404 0.04364883546757083 0.044662402258548506 0.037142497064467345 0.0325270574513802 0.049509723123149274 0.0389759430820256 0.031273665225035545 0.04348808823883795 0.05414215301052731 0.009496212568875263 0.0337782677979025 0.022147912855857425 0.04419345056007388 0.04809450220921989 0.0645871506084192 0.017765932218494294 0.06033062102822648 0.01992125733384519 0.06303242634482427 0.034489606956549713 0.04905857007771823 0.03229480448463199 0.05271057404098032 0.06681767627475105 0.03082269395460653 0.052142550306978605 0.056989189724601486 0.023363232370404417 0.02199561613924665 0.04049852253126938 0.05190278341830958 0.04684210817262555 0.06186661799658007 0.06224419847737444 0.028541491425871295 0.07158241299446565 0.0387230823015702 0.01192215309522406 0.04599675608003071 0.03567706139989156 0.051039834847845966 0.030608340216263585 0.024938850509034827 0.029295912685609122 0.012858682508282525 0.053315315734318684 0.02593373478532723 0.028600760605128762 0.03462695777034229 0.0272876643880761 0.05419014716078848 0.009447698293700343 0.0604805995946679 0.0649404052127655 0.05837488280051918 0.02116867345618405 0.03785334160072582 0.049175917840926245 0.0403074837220705 0.023005681479804856 0.04544964757124908 0.05117345517735811 0.02012156455157423 0.033116448163555794 0.012587788377201124 0.04121316922964269 0.031324080561942316 0.05802002566575068 0.05923292982887508 0.032961367798191595 0.047396083236475824 0.06408482965952958 0.059348913509206264 0.012519835040749768 0.05099773251964338 0.03901896389557456 0.03736501423408055 0.06079765872481048 0.06341258053322556 0.0366820062164097 0.033975703227774684
 0.05721788452364167 0.06494105540179294 0.03345172515492825 0.07012813519972719 0.04903121225621892 10000.0 0.0812116978770293 0.07525955670454425 0.05305714268713111 0.09518507681630078 0.07386865010388591 0.0462004454818485 0.06008653912745779 0.08425263073503093 0.009041481345845336 0.06115030096470072 0.06959365449275427 0.03348414023971321 0.002620766104173401 0.058553335778732896 0.04737038015116819 0.0870831010208235 0.06336407141376106 0.08148198836520633 0.07835611729256102 0.006116997628689474 0.002351292264562603 0.04690697960922405 0.10014306228035964 0.06113430750999603 0.034266385912540366 0.025988866415851464 0.08043095680667905 0.08406870358956593 0.0859242705814627 0.08934908297346092 0.08288423501368195 0.06488924679579552 0.01463719031580964 0.08700820532030933 0.03616640088921575 0.006393765638348532 0.037620879232686304 0.0884842017213188 0.04232020674744113 0.018039046839091865 0.029421701356113755 0.07081007160335341 0.05358406111486543 0.10581550528505132 0.07642220009350535 0.05175889689317276 0.08718860217136756 0.07029711015319023 0.0013692567682524752 0.08454934903175275 0.019385290874595104 0.04308165501231214 0.043799301956708205 0.05565156161849055 0.06773218898064853 0.04661272225670726 0.04686019661308223 0.09392834723028823 0.05767385743439684 0.07538152556282529 0.05212600508227359 0.06613433249686239 0.07265560463793759 0.02045690589431653 0.04033130856275973 0.10430744248932372 0.03483218670645945 0.06799507531662247 0.020373873669078613 0.08974774549200303 0.07595337360354024 0.044717230249418316 0.05914254528656029 0.06286803867985756 0.028874395132441198 0.08275059622533967 0.07237827451203019 0.054997081104446864 0.06080766803999056 0.0870341114667431 0.0819057329748501 0.10546875433551273 0.0492457693101207 0.07754563926131873 0.0697843170334713 0.049627769560948214 0.037109194051392014 0.012115789136955147 0.03672457354464594 0.0760670182929196 0.0676556751431277 0.0736211555868735 0.027460932948889877 0.036619155677060304 0.02629454606653175 0.07463891261398048 0.059376311552312586 0.038595729518266494 0.03537177825055404 0.04381841095304318 0.03963178659781968 0.03646944555931082 0.06789175461930277 0.024380875059189216 0.049365704714949374 0.05316066733429136 0.004555755724616217 0.024954489899675348 0.06454996435199375 0.08040630337407943 0.05369105771355159 0.033718588004492824 0.07183544593482778 0.05766517198808454 0.03298574117984398 0.03210773754700102 0.10311132205503945 0.10274747280877929 0.04163351773300933 0.02268459209460683 0.0486956470228656 0.0974907880980486 0.054484840721720315 0.017080867739081226 0.04126220953116827 0.047195933066728674 0.07216340933050039 0.10187409942498928 0.06873481877938015 0.05081103540725301
 0.02641698526776527 0.06173747246381008 0.06180407254699182 0.0899731784119594 0.03791774068365123 0.0812116978770293 10000.0 0.006154613442716986 0.03921953281053831 0.060957593011554054 0.09297894438999248 0.0724858817672924 0.058377016486186144 0.07739150281064747 0.0724964063249585 0.08305685363694894 0.09703039826507805 0.0864255638125289 0.08292091045855536 0.04067780052156124 0.09827579852545355 0.020115435730878758 0.06369783646604929 0.019440792423445083 0.09025316383058837 0.08611655307723008 0.0790656651061999 0.07975183450228127 0.0752478207150854 0.026501154927521833 0.05148963575296735 0.09534513972779006 0.04968283140275531 0.014667740808752236 0.07723502216321791 0.02613168650718431 0.020511968846241378 0.08716889124243217 0.07534289293677571 0.04427177379969353 0.045327984867525574 0.0831396523729953 0.04412364381236151 0.08380712824235896 0.10074373473788911 0.09517922238117404 0.05179195938957275 0.10184065796524872 0.09415091128071595 0.07244396157985561 0.005310707798403791 0.10252537816670869 0.014289650967626253 0.0290062707470237 0.08146062563573772 0.058151213948449146 0.08146240401655797 0.07434583442216512 0.06950123972630323 0.0851337317236416 0.06732337036534156 0.06762410209323526 0.08037647971668305 0.06672932048664357 0.035619915657971686 0.006291906993234948 0.056168219199337614 0.07505670087999992 0.07656865581554284 0.09145306461700917 0.05553727679306097 0.06386625528034576 0.04639243474787664 0.09744497972188615 0.07105104867611459 0.06191207211423513 0.04764696712000507 0.09030794475084891 0.10369582934728998 0.059874026844437905 0.08977491941839355 0.08269075264588496 0.02488128061066267 0.05442350892768752 0.07302354636339504 0.02005943801282085 0.06740755338433121 0.06578936098557399 0.09989469092142018 0.02392250932246577 0.10705366963788272 0.04400386370748228 0.04745453741107976 0.07404880831243195 0.07349208052312259 0.07853286805665283 0.055569750538768725 0.03079131112919497 0.06678599738978179 0.04954245957925321 0.09067819631504984 0.030650510520378295 0.025158222665747083 0.07230720523595924 0.06518889258530816 0.09190603410998703 0.04581587632071417 0.09830426872929204 0.09973612660107176 0.09517042025571336 0.032659230992768774 0.039916589653690215 0.0826919202209298 0.0778159897997312 0.016702551815184836 0.06657178203768921 0.08741258833964147 0.04749342039265493 0.011547892799084703 0.025593125220298944 0.07913027439961634 0.06922847268646398 0.059632729644129745 0.0640262721211908 0.046049924500389985 0.07036090095082172 0.10184582403413811 0.07277618961580891 0.027552535400215794 0.08721643839391156 0.0511441744150187 0.07385444045396358 0.09332161739268155 0.07542981866432617 0.020629597847643903 0.06933147753337494
 0.02163974614009252 0.056992929659243144 0.05571591672647219 0.08493143596959002 0.0318693406502245 0.07525955670454425 0.006154613442716986 10000.0 0.03536002326850514 0.05898746998912458 0.0880373692757392 0.06674445866664125 0.05334860434812024 0.07358207099163891 0.06660090844622583 0.07776021606546205 0.09179256467250524 0.08034534444393011 0.07693100305786892 0.03541832892425401 0.09232904722970589 0.020633130073738584 0.058824254401132044 0.018248672827800946 0.08562253685498954 0.08009883893619985 0.07309488705576538 0.07398635673001099 0.07289256622024176 0.020825394863544143 0.04533604216267112 0.08919053026318789 0.04662419629411988 0.017772567501623565 0.07355705107286238 0.02636052585587329 0.01964951294390379 0.08195392131239347 0.06920749999418341 0.04234753136643728 0.03953723176341594 0.07732505180066385 0.038040893875746606 0.08004678403636213 0.09468435568662971 0.08906993555441461 0.045858515890856336 0.09653465420119575 0.08840913675264744 0.07085525634757069 0.0013519733440779803 0.09661727705801106 0.01847816846777327 0.02493492709574963 0.07548239771962975 0.05517597023349483 0.07530803168264065 0.06850431044619697 0.06369281360401971 0.07958987043775902 0.06266683227423143 0.06191092371673651 0.07460457494193501 0.06426739566111989 0.03011023452515894 0.003787578464384809 0.05067680261536029 0.07015127197795466 0.07200463479695539 0.08596211677894931 0.04954919528671108 0.06276487955783239 0.04048080853521335 0.09213226800691691 0.0648971325249551 0.05928929710168026 0.04414700125069534 0.08439155274423382 0.0979549312751252 0.05501417895248105 0.08363987125249285 0.07857815895767017 0.02112715639445643 0.04908445302843695 0.06787553775060837 0.023284759243251414 0.06379896708490572 0.06467264513755859 0.09396710182974197 0.021365813988430526 0.1015832109692318 0.03997954843775483 0.0412999321557467 0.0683553769488624 0.06750158064048276 0.07412488540220252 0.05111336633214499 0.027311765365538837 0.06064857561745517 0.04339448860546132 0.0845287215950841 0.02735215222804112 0.020756306429367946 0.06635763663213631 0.059155787634365145 0.08595553194713533 0.039668756387528946 0.09219312467817868 0.0943664932552283 0.08901706090263056 0.02715839449014391 0.0361220315616166 0.07666298125487543 0.07167542999463518 0.010713056974888887 0.06286931244620556 0.08177042467438767 0.04155755921487061 0.008665151007821512 0.019469961361788034 0.07306757082480522 0.06315224788973833 0.05873436268837761 0.06272284154497919 0.041172383977769914 0.06506442750775053 0.09588265628179367 0.07031357727925582 0.021406781348114492 0.08107261762979334 0.04656017187826901 0.06813842184893469 0.08828998019886852 0.0732314628783853 0.018439202459178832 0.06377075878713294
 0.014705485639145947 0.07036434100557448 0.05115451281834583 0.09263465822302412 0.03702029936654633 0.05305714268713111 0.03921953281053831 0.03536002326850514 10000.0 0.08579188060591583 0.0964173186808992 0.06813995863783094 0.06503693641820478 0.0912236650728144 0.04416310953897568 0.08355036520692546 0.09698764693021368 0.07233856443272228 0.05542489473298531 0.049492817347456516 0.08707013326225692 0.05506859235434207 0.0709133280532452 0.05114754207485101 0.09680419149125086 0.05901199462104054 0.05150670719909179 0.07403271237011337 0.09744690648375919 0.03805309914817898 0.03893190226573038 0.07475963322920809 0.07065048197253648 0.03503438562099649 0.09194039177153823 0.060148343392022054 0.052769702118914935 0.08820424443787664 0.05393199530413002 0.07067096918118031 0.02206973807364598 0.052483660435717124 0.028495893483435238 0.09747884655112558 0.08616366293609813 0.07034951009494349 0.028585283762601676 0.1006463184526124 0.08737712838374559 0.09822685742722256 0.03669708332971543 0.09188377358453627 0.03856116378483156 0.04935397049833633 0.05383493262810855 0.07857945177619238 0.061831133517723784 0.06793959431499931 0.06444382208730397 0.08225734315429853 0.07591460031110597 0.06449355586405565 0.07447003345213245 0.08895577517652598 0.043945952346769325 0.033095285248391657 0.058325460514044934 0.08051466043324465 0.08488549999648541 0.056851640675765064 0.04955654676801864 0.09196090907822509 0.02493297144132341 0.09648635417545517 0.05260618523595645 0.08373508842635793 0.06667118999971992 0.08049516449009625 0.09619727457542841 0.06780385570502773 0.07252816614644304 0.09397934388834092 0.04793409262898287 0.05872908028208859 0.07630420723697463 0.03634496714860103 0.08340751690265964 0.09373853382477403 0.08901118306483227 0.051295501994106145 0.10341618237408959 0.004907830978666205 0.035817012182323665 0.04252642051988878 0.06387746321272807 0.08792656200454738 0.06742207189331917 0.05323279502426719 0.05242335889183971 0.038702197136733035 0.07192062658850858 0.05386821028041694 0.014790080821085736 0.06389896819362004 0.05577063761588368 0.08115303718104924 0.03656326907633192 0.08177843806719715 0.09790785977635667 0.07383955793350515 0.015959254556776645 0.00088948779279303 0.05617702746656127 0.06144869225380229 0.027755333571072703 0.08207546046775378 0.08286970602434203 0.0260527078795099 0.027671683840026932 0.031216175049792953 0.06654036882304779 0.05760669901236369 0.0886529438504424 0.091356437447322 0.01143606560288954 0.03531899877588348 0.0899681480663776 0.09460039840051046 0.027665352980774827 0.06518033912667184 0.013486737023714192 0.06973269726421201 0.09581826478942795 0.09836627747319766 0.01972962482636048 0.06818725785641007
 0.0717688126271937 0.03264966228270769 0.06191162182919862 0.052857462528191394 0.05252794669856834 0.09518507681630078 0.060957593011554054 0.05898746998912458 0.08579188060591583 10000.0 0.05354636743157842 0.05564828862910361 0.036102632444860366 0.027638562496810327 0.09016845344404587 0.052445026129354866 0.06157221884627452 0.076891805114026 0.0952471318752298 0.03936702103508517 0.07968051712453104 0.04221590388486575 0.035138144556832805 0.041522929135913676 0.04697950086868264 0.09670337546040102 0.09292327126997874 0.06067059393247741 0.014797246775161931 0.04774084093102051 0.06303720364164891 0.09245018313272196 0.015768432786520153 0.07562329433402414 0.02611656169488962 0.03673075769967549 0.04055130938223287 0.0537785379283245 0.08180851392391422 0.016695096371003207 0.07403812348909433 0.1004805095625324 0.0665220186904055 0.03189581135316326 0.08660274265606902 0.09914488718853219 0.0750551487489145 0.06663245854459626 0.07015367281014331 0.012435298581966533 0.05831474274823014 0.08165481497085901 0.07495156919427406 0.03667301409476687 0.09451957645057556 0.010916590784031541 0.0824720552749802 0.059464004418915826 0.05579283199423533 0.058863301065361445 0.03320924664177992 0.0523734793394592 0.061248539072274885 0.0077081575597925 0.04338225111683161 0.06277503887774939 0.043325033289680466 0.04077570640412558 0.03655671435212783 0.11384714660753771 0.05486652450464233 0.00958636105047283 0.07238972200331137 0.06325593062773627 0.07559831093884391 0.006919705212541898 0.02028450047652477 0.07255307293767549 0.07758491465989939 0.03389190670682854 0.08369160563493283 0.03483115426574345 0.03902020657651217 0.04029925262783302 0.04368726448392392 0.08099708401129221 0.01961108387569723 0.01039203902712767 0.08025042506526872 0.037631259384177225 0.07406894007662919 0.08881275600307113 0.062011987029818305 0.09588369053935347 0.06394946824945057 0.0356437121238484 0.0278899546867986 0.03303039956476784 0.06833005566047344 0.060998943636199544 0.08657890861649874 0.03260085956423576 0.07269511714396455 0.06171876192776573 0.0609909342922994 0.07496012417399017 0.05947544032781779 0.08801922042499928 0.06613804394012872 0.09351518684549005 0.07048926155716388 0.08668127626548267 0.09357432894531507 0.07575852477344652 0.060101565969596614 0.020385299515501356 0.0627093628804043 0.07247936977796066 0.06683130759655595 0.054583490518090534 0.07081736800442658 0.06531742449767267 0.010699232025165364 0.007719849606920653 0.08467844180254272 0.09921313889896866 0.08311873362483302 0.012874160965333715 0.058281302885428904 0.08948905743949101 0.09091488163807096 0.055781009693590206 0.05522176265788473 0.014610496700479042 0.07576561541781399 0.049734028872870234
 0.08758738542546456 0.03138463490711055 0.047597764856354745 0.003932694612262544 0.06106027378802085 0.07386865010388591 0.09297894438999248 0.0880373692757392 0.0964173186808992 0.05354636743157842 10000.0 0.029885021711587106 0.034698670344461134 0.02648609944477866 0.07411674513660343 0.01345536885863333 0.008836175692248635 0.04213779157616804 0.07245531772794393 0.05276199625476655 0.035210994724491795 0.08172416900571589 0.029287928020439478 0.0776971743027438 0.007622210016220612 0.07185576177239852 0.07237093447348329 0.027051560069603978 0.04662071490149895 0.06779956627901697 0.058328389568488764 0.057273870658506844 0.05024755441096088 0.10543502417063892 0.028363484868070436 0.07874399252797804 0.07781050803402786 0.009099998234758676 0.05962680993096546 0.06051675317042759 0.07570528546499167 0.0802613616096313 0.06817563024499328 0.025099402819888036 0.043686495465242836 0.06772978288870214 0.07159937521634477 0.013360562233750302 0.02449425120009135 0.056276223988367936 0.08818798828785213 0.03468329021924392 0.1065073080104929 0.06442363081484512 0.0726457808422721 0.04548988239797189 0.054912494827257935 0.03182735330948236 0.03339986712026752 0.01823933055028839 0.02614479191280598 0.03239089615368775 0.02704330160957679 0.04686052959159861 0.05846382645289314 0.09110974289785322 0.03892938893490094 0.01792637268292746 0.018059151880129944 0.09418937212940146 0.04702895657827354 0.06189795159058364 0.07287340830818555 0.010995130116452504 0.05514430830134263 0.046852043397040355 0.049323874037898015 0.031934901167433416 0.027688460859182203 0.03311289998176811 0.04899009907406068 0.019730815813300925 0.06873155098286901 0.039595675657200895 0.0206014953743846 0.11077994902660607 0.03421509707033295 0.06167563463056925 0.03469239609323782 0.07159197860523274 0.020972056101986762 0.09681285896373658 0.0608290732408578 0.08122415320792942 0.03798228771960149 0.018015620115432056 0.03814061400108573 0.06378946781757734 0.050008210899619585 0.05804321426123678 0.0524918873498601 0.06432862645839085 0.08966081990881265 0.036629522094747353 0.04326228917210049 0.033941555540328676 0.059865506307508864 0.04792623581835404 0.013658525312192948 0.05905840592756609 0.08145437168914832 0.09715282791980073 0.07013538047013425 0.04891433505417388 0.0822701489911499 0.03381213726910436 0.020732296101071652 0.07207432621563468 0.09226238818791382 0.0720758373246231 0.040894026139430883 0.0440154609838527 0.06419211868297252 0.05977802384745567 0.08902094513122108 0.08953909615701026 0.037453783889531314 0.04554113145924143 0.07331666271166462 0.05997825296008902 0.09375992372583505 0.02843342403893273 0.002282338828769775 0.04863744160957472 0.09744426820711177 0.028353306368649182
 0.06122922848616278 0.023006907811085955 0.017808735162772142 0.02595235488914999 0.03586447515404273 0.0462004454818485 0.0724858817672924 0.06674445866664125 0.06813995863783094 0.05564828862910361 0.029885021711587106 10000.0 0.020568657827434028 0.038738720371442055 0.04503226183219185 0.016429658965979584 0.02893833643713825 0.021243553702458482 0.04526667306564646 0.03286678789134678 0.02714691404756079 0.0668413703915702 0.02053267408428577 0.06166891388875625 0.03286145633149551 0.04549869274133424 0.04438794146649756 0.007299212382574884 0.056709164993911404 0.045984976103105556 0.029288330806522964 0.03700159449053486 0.044261155898747344 0.08278186597478615 0.0405585070143756 0.06592492732307484 0.062362271057812516 0.020930302483872506 0.03156572917880069 0.05382802835448608 0.046661866738857916 0.05246762831515451 0.03964529879239154 0.042453997232876454 0.03225263582949464 0.04487096444601687 0.04199090133008299 0.032515624364320886 0.021666954483165562 0.06405081503402264 0.06725569607212029 0.03077222362184464 0.08454219375714962 0.047360501062415426 0.04512320559586204 0.04482270660080578 0.029043173074323973 0.003846264459638792 0.0037022504112293507 0.0141364792278374 0.023480095632048725 0.004920745800748544 0.007942986649514658 0.05215038070483619 0.03703157825444978 0.06912933380397498 0.017302829289552464 0.020045649398473964 0.026632214648981585 0.06662902134898016 0.01892794806696581 0.06523462630879964 0.043773128374870594 0.028349671469153518 0.026249700171911704 0.04911372963267518 0.04083853885439 0.01905351475066783 0.031212953794650132 0.02205344247292029 0.02812841767615153 0.036604249755271906 0.051386967530050266 0.020056015687044678 0.014797483385689304 0.08774073456609222 0.03855970095837185 0.06590226383573641 0.028432096816653426 0.05572890632035689 0.035892879566300835 0.06800250953091527 0.03235612150355678 0.05207844601697557 0.00962624128691231 0.029987875057607236 0.028792550442377683 0.04853254726061054 0.020347504361114658 0.029452991818530495 0.031168303718641516 0.04940430642554027 0.063494143384689 0.00761302345304265 0.013385284817144096 0.021171164727484457 0.03196568142798204 0.03267237634297105 0.02981487048113335 0.03821528920514325 0.05416873050920581 0.06881164469770527 0.043101932330704695 0.022206991227635697 0.05876898064057264 0.037193113739857744 0.015327702974356625 0.04286536729938446 0.06892837292465682 0.04825130904853869 0.015604115256686094 0.014539262222985941 0.0654732405008096 0.06331968484418635 0.059864716910415464 0.05987801628716279 0.030853208830751155 0.0543630237150876 0.04831789477390541 0.03556586831146224 0.06427751218259031 0.0015930221937729388 0.0287539226689121 0.05863213978192571 0.07224033877010594 0.005914970568601779
 0.054360650238415804 0.005601628027120417 0.0266657362632406 0.031600736158886436 0.028124717990104003 0.06008653912745779 0.058377016486186144 0.05334860434812024 0.06503693641820478 0.036102632444860366 0.034698670344461134 0.020568657827434028 10000.0 0.027099126233288445 0.056175460640041856 0.025133982345175936 0.03881866787030474 0.041472632124875265 0.05987662043079824 0.018103147666148837 0.04706336638529377 0.04887433806700455 0.005941456845653227 0.04423863994531521 0.032911086936383 0.06104930525605142 0.057914320325470336 0.026892532162398015 0.04012890672449371 0.03317273580554108 0.031404846329176145 0.05658419605548897 0.02371299988722916 0.07074577935449668 0.028245533234368316 0.04701605449124625 0.044617875454382595 0.02895229653780607 0.046164556059432524 0.03330346692562213 0.046848369986375794 0.0657646339446935 0.03873364553114525 0.032946056042103315 0.05275304416225623 0.06304310148818756 0.04513070460885051 0.04377541054518253 0.03952235407801414 0.04588592164724765 0.05352207620539166 0.050125272614560075 0.07181292310767104 0.030305991054610355 0.05929500006104042 0.025191807287222236 0.046384276771872644 0.02417865068387185 0.01998820716620549 0.028771824454337906 0.01087924570999606 0.01659428651250561 0.027542935522672396 0.033923973160426 0.02391984253978325 0.05641212645422437 0.008329359093500913 0.016885939890640897 0.020003972506125886 0.07960104795797261 0.020779071566338906 0.04561412889960805 0.04439008505515093 0.039427562079375277 0.039995665164637526 0.030049149447560798 0.0203011982472127 0.03917671480926069 0.04858576281621984 0.0030468882732896728 0.04797813918328865 0.02897963874734089 0.03461002357308062 0.006505421140309939 0.014752128202769126 0.07610712382347538 0.022119190256213214 0.04648982067681902 0.04810196939004847 0.03809340975343492 0.04960418633407881 0.0663871199128802 0.03211515160564822 0.06254090009281604 0.028002212621600926 0.022915813942510906 0.008372951056696191 0.030381770570500215 0.032735405851833516 0.030018960862852793 0.05071362816446286 0.031096683579433064 0.056248373044534054 0.025797082165323837 0.025092007018203175 0.041435849422729314 0.030203875807216462 0.05319890763398587 0.04190266366341814 0.057563269374708945 0.04927817133379349 0.06585275955944576 0.05805797921277457 0.03965605324821915 0.04780067285615121 0.020600959642463872 0.03194795400329234 0.043982557639793106 0.057682370342430296 0.03786706972704363 0.03497806535658184 0.029270888477687763 0.045401028896228664 0.04382073576774677 0.0597297907923883 0.06780200356752858 0.0507370924636209 0.03743467630369647 0.03961308428826301 0.053390908452042904 0.06535447292048907 0.02112699089378624 0.03495389861256 0.041817261811966974 0.06337063273888392 0.014946179570190779
 0.07939321117925077 0.021498631133665888 0.05190791043878922 0.026530910363617346 0.054254050863551354 0.08425263073503093 0.07739150281064747 0.07358207099163891 0.0912236650728144 0.027638562496810327 0.02648609944477866 0.038738720371442055 0.027099126233288445 10000.0 0.08164982695725263 0.0289960025809548 0.03499383302377851 0.058455697564530625 0.08358031319106858 0.04201943458580695 0.05710753652099682 0.062293435823283186 0.02194769987313999 0.059466753948373224 0.019486706626633106 0.08407965984451224 0.08226715628609643 0.04106938852066105 0.020521936921974564 0.05600656696425201 0.05838471033446561 0.07464111858411306 0.028759585949248406 0.09133590193860508 0.002031692299642708 0.05811153942689198 0.05912316193115843 0.028769260495084197 0.06970609978626548 0.037848354635731773 0.07388924141715815 0.09032704848878279 0.06576749561017525 0.006492121787874554 0.0649825427592133 0.08339933608713786 0.07218639262254807 0.039820099328150546 0.04662249070658229 0.029919385312403502 0.07336194714532862 0.05805572784992093 0.09162244549261643 0.048647176150319035 0.08327753448535455 0.02163269960523358 0.06778129445826982 0.04237839392294284 0.040585044949876796 0.03614367192673274 0.01696638101211846 0.03764591536374473 0.04148076901963638 0.02053552450565274 0.04789275339966375 0.0771377698651854 0.035169569200267925 0.019034964852410838 0.012616743054641449 0.1044442565104414 0.0473255893927085 0.035517788132125805 0.07146945803667178 0.036907754766049024 0.06389685656591033 0.02137461652717821 0.02984345506062131 0.0512390265845583 0.05258070144471483 0.024082272542154087 0.06569517336703388 0.007192765207377376 0.052574381085480223 0.03358987814578834 0.02400160997243251 0.09685681061213694 0.010299548063118178 0.035220904875337876 0.05722580365470133 0.05385652700506804 0.047405353387882966 0.09294446980560771 0.05921427528103787 0.08835635005192322 0.048328056792372544 0.009964235206396865 0.02392323840817146 0.04660462246222064 0.05702245419938364 0.05708721044061529 0.06901900558995841 0.04679501207971036 0.0810204419018953 0.046208068349842375 0.049068230392142066 0.05363270928000965 0.05727906456105138 0.06773974193417577 0.03975290759511442 0.07609054067617162 0.07528612339616143 0.09206786598482661 0.08150819460791413 0.06093389814945928 0.07069214367973793 0.010881310460035517 0.03998571572607515 0.07107783304918411 0.07970273269565001 0.06195372042340862 0.054103146900263785 0.0521593015080159 0.038091924673642676 0.033404648362728065 0.0866286785274795 0.09440169770791054 0.060145573856276446 0.01915068646150923 0.06451153832002869 0.07425131899978359 0.09235369083769615 0.03813741293504899 0.028385257137276024 0.022572490572634638 0.0869021027928428 0.03354357942424378
