NAME :TPP_input_24_5_3
NUM_VERTICES
116
NUM_CLUSTERS
24
Full Matrix
 10000.0 0.024693958206501082 0.059957391095103514 0.043891801076667805 0.019792206039454897 0.04425886095975124 0.07403676785437112 0.06559155433640192 0.08991128448057056 0.06020006105352626 0.013432117129692358 0.077691731431798 0.046323061941828114 0.0250351585931233 0.09368678397621237 0.08695143520042342 0.08207060334591905 0.002768364693338439 0.06292486265886554 0.020264115994147066 0.05113553644867161 0.09933631509252795 0.09246621865110555 0.07296172942406348 0.08201578501962918 0.06346432378722404 0.024525582993143204 0.02990751603309764 0.0789704499343363 0.08641732076837216 0.03302155534462456 0.03866749540658404 0.06304133069363939 0.053967689871497145 0.03189789957619856 0.09182036925073832 0.07718289853524295 0.004701244780300356 0.04786324761270486 0.07873219127865884 0.0856306281895355 0.07830124906761264 0.05417383733503431 0.069219014999626 0.0031762918203125322 0.0802044374171656 0.054575662162998834 0.09556168318916348 0.0577433375760517 0.02521648852480438 0.09005853186105511 0.061601223834901075 0.10511308870028482 0.022693807741071652 0.06511772932952353 0.022073106859222844 0.025935888964737048 0.005159982060321041 0.08788697046393629 0.08985461929543188 0.04458228469237892 0.08188355746940922 0.06333090795119596 0.015003225518331978 0.04740598768793482 0.10876705119037043 0.11238667989365132 0.08063556902649549 0.028386738819768942 0.07892764967171315 0.07419303734750642 0.06704841724480382 0.07306316855493145 0.0806312861369602 0.08728075329327577 0.06851478937919762 0.09303763312540297 0.02305018755801981 0.05016227785211824 0.08289290126726662 0.049130593391855895 0.0943461011247242 0.08926615366704115 0.02640133145342584 0.060420173474128015 0.07493651066146399 0.04558540389711482 0.05606118792837458 0.10064733523768402 0.06722733562550157 0.07955810702327316 0.12494422511126875 0.08403602819468477 0.058172424276534095 0.03652560896310101 0.037105537415399396 0.060812234554692375 0.07404173317858365 0.06913749480704491 0.03879088308520539 0.08055983308931197 0.044495482779486256 0.06904380408531745 0.04346859308648944 0.06522942517601514 0.0793678378952843 0.11575901816017102 0.07222803598349692 0.07064494433236172 0.07360146992103632 0.08359132790787856 0.05807221771363065 0.09405981872600017 0.09902686134917407 0.06951658147888491 0.1004134744965352
 0.024693958206501082 10000.0 0.058820381301495174 0.019806200857696552 0.02603692030167128 0.04357578710619447 0.0500970126960319 0.04519597791909547 0.075821668151337 0.041039314262926584 0.02748398758481418 0.0746405498766055 0.0216319959665294 0.01422268091558514 0.06964511215500054 0.06248917893624001 0.07736673189923293 0.022178296968748096 0.056881911094918046 0.027790639254259907 0.03587169467467297 0.07793180106897496 0.06793753874016382 0.06402813044893803 0.06011401523928225 0.0406559517900952 0.018734287183644435 0.019838542414906592 0.05841914071400142 0.06525253689644202 0.00860977590792538 0.015306261845993827 0.06094794301221364 0.03010412740909357 0.03330076381325953 0.06903706617414009 0.06919236254455557 0.02785329413833606 0.02930874794778151 0.05409512717953671 0.06885864199596704 0.05673199282852883 0.03480383812515102 0.06007021186538969 0.021517687872651386 0.07716593378332613 0.05398028105186484 0.07094482295768463 0.036397503834936056 0.0028020249724182923 0.07174064822994934 0.03699421169931477 0.08338274874294396 0.007887961754762862 0.041199592716760595 0.008544712204371209 0.006918124037523178 0.02011496594966612 0.07455529827957554 0.06568926937369027 0.03476992669716775 0.07211147127835696 0.0566345882554975 0.015939942749676025 0.044603950921386984 0.08600205655473155 0.09180335336698621 0.06698582736258046 0.03429003389601253 0.054795835116037014 0.04956989840929201 0.058501629054904775 0.06541468184532201 0.057426142447696275 0.07536692420482105 0.04383403237477635 0.06932842037481707 0.02246342713763134 0.027150612607080744 0.059103408909869225 0.028960521331533293 0.06966076660947257 0.07551628948439515 0.0018145484923848946 0.054674746801721345 0.07066456220539193 0.031898610947479374 0.033208580919845535 0.0838111958544837 0.06312951550090412 0.0747467111549024 0.10371574612561213 0.06723047587387278 0.03352830199327951 0.023682292284377553 0.013194852416844016 0.04876327097019629 0.049875096767686054 0.06628939868086318 0.021493349527583132 0.058919268661163794 0.02420891136533782 0.06396836041334857 0.026639464751273795 0.0561951896120159 0.06298284148357931 0.09515501436689447 0.060483076195029066 0.050794031221527265 0.061469719256772797 0.06460149649643986 0.03366484644643803 0.06936641936842872 0.08051098343807944 0.050477645800749725 0.0784103176036401
 0.059957391095103514 0.058820381301495174 10000.0 0.05882438544548496 0.0771785453273675 0.0159722358851293 0.0718162963066833 0.05110246684964785 0.04549980847312864 0.0454723251109427 0.04687494588019022 0.017848913913719015 0.06633081399810974 0.07198733669810524 0.08638437847748084 0.09858631063884275 0.022955077252218774 0.05829921644626317 0.011984379169686967 0.039693490096919005 0.03493547405375257 0.07545277915718436 0.09114391378267955 0.02255732651271729 0.06554503379009188 0.059583648769330096 0.04083225644782036 0.07809734119599702 0.058190915083866326 0.06523931584251799 0.05830104754484028 0.055181498896024986 0.0035534678828275717 0.06091385285850818 0.028282065020291645 0.11389807114786774 0.023311338980398857 0.06428885931744549 0.04288524920277955 0.08311917871535705 0.04977240353656887 0.10642202230273015 0.09045130183055397 0.021234995651843325 0.059227578286207776 0.02031514816570757 0.005382295747567977 0.09537655678442092 0.05175902252338948 0.06162103251152534 0.05744616983695277 0.07121122409685508 0.08135526031810605 0.05121629431534859 0.06646335725775544 0.06584432029447967 0.06569383598022427 0.05684306218770443 0.04220785026262827 0.10409008459085753 0.026808392922490827 0.030128582984937056 0.0136174730009234 0.067427967601322 0.014217687020659443 0.08944759107776451 0.08239071846078831 0.03815442710026361 0.031752963431551075 0.09538978628722893 0.08601453360316107 0.01899459908978843 0.019890985823262423 0.07121640338112828 0.03854250086962193 0.0801947667209549 0.11014072974007436 0.03898072739726156 0.07870516584898975 0.07651545580830003 0.08458438736650618 0.09949716064661489 0.04420462419069174 0.059745544372459526 0.011173475867708501 0.016026348608330895 0.03324788527926313 0.08369988192053197 0.0607917960691469 0.009546210694449074 0.02071447204479365 0.09555074548754681 0.04885339901794092 0.07000631302780784 0.0824978401095609 0.06708308545132327 0.026583991691052727 0.07366980976559173 0.009562339891558313 0.07979915369938564 0.06349694929201428 0.04722023275674931 0.012436842400486581 0.040061769751382176 0.019664190814551258 0.044841311584195596 0.08525665187284771 0.028833580164093466 0.05135082612980534 0.030445304634024756 0.05541602062024088 0.0666973803265683 0.09768312364114692 0.06458047058570361 0.0481686188048056 0.0789738735208769
 0.043891801076667805 0.019806200857696552 0.05882438544548496 10000.0 0.04462342065375948 0.04649901543195298 0.030306291617473308 0.028109318914563038 0.06294282405669119 0.025831395138720112 0.043265598284512014 0.0714656162012901 0.007544406723337222 0.030211500335675948 0.04989781549779398 0.04603206348569759 0.07259607068648903 0.041221469742160226 0.05296319822775744 0.04057922283710679 0.02664371939941994 0.05903319035971366 0.04867436881549794 0.056682502249483735 0.041109280098559804 0.021360731543920895 0.028141517138257695 0.03352271371112698 0.04051955651151584 0.04668985114036664 0.011205922711489694 0.005684686689127357 0.05990251730330413 0.010306519094654045 0.04052891379394188 0.05691910589884815 0.06222055811534451 0.04742756395884568 0.017767803092432578 0.03525588468820362 0.05391757375700135 0.04779105076170819 0.0332087192491866 0.05294265441377284 0.0407512595512567 0.07380854567872601 0.05509032326325378 0.051928958539370934 0.018981530256484108 0.02054990429054652 0.055319121607122365 0.018228574408684126 0.0642462028046983 0.021908947250895004 0.02139809891758458 0.02667618167615195 0.022765897758069274 0.03895945873788317 0.062419752192831496 0.050251459164181146 0.03201663893115074 0.06332328798735473 0.05216550200000935 0.03537258652070656 0.04558789806368943 0.06637198205605256 0.07328993788009536 0.05503429422498125 0.04414153092691269 0.039895853913804895 0.032576567025546524 0.05211163844496599 0.05909051687427047 0.03772449295274264 0.06445085330244235 0.02640774287185367 0.05507832020123973 0.03303506686612577 0.02037821613735406 0.03929879336087399 0.027858979612940846 0.051634820934567754 0.06295534323423237 0.018443890466050487 0.05132760963752155 0.06679223304289353 0.025928067345078045 0.024930277608778265 0.06825537858169849 0.06014532553616887 0.07008038351512579 0.08473514308783232 0.05233920049565374 0.015145472207005838 0.033659610687957135 0.013706990516384373 0.040349712082791485 0.030174305832709674 0.06402959237336223 0.027933038171336612 0.04012303881877686 0.012139256028417079 0.06005277037694218 0.01894371633326445 0.049641897759978654 0.04872501987624778 0.07659837427446628 0.050876254848590485 0.03390080737577215 0.05139909693945931 0.047852291079761404 0.014273751778699705 0.05099322873943583 0.06367683755896213 0.03444595344669768 0.05915730890919736
 0.019792206039454897 0.02603692030167128 0.0771785453273675 0.04462342065375948 10000.0 0.061208713082525255 0.07402760976957057 0.071202307614365 0.10103454142012842 0.06705205256393176 0.03261803778383248 0.0944904788500937 0.04373161998719683 0.015219448101476973 0.09302526141612934 0.08027644503547618 0.09825681614914908 0.020173419917368103 0.0782322480281138 0.0383382071500351 0.06096898623844018 0.10356495086863234 0.08987690169665925 0.08703276612558622 0.08566217378518137 0.06596611428558867 0.03754762716885895 0.015970585357581054 0.08435925535167578 0.09102724701902831 0.03383861730518114 0.041000307214838175 0.0799772197801441 0.05473621072396213 0.048957129547072674 0.08089199189678131 0.09179524405845081 0.017726127743792248 0.05515379295554466 0.07566862085394988 0.09468611520950784 0.0661892453434408 0.04143914965502722 0.08311953986946491 0.018989580401187117 0.09703821364286508 0.07186771392485992 0.0922887018042753 0.06232214792618769 0.024401106228646434 0.09775890843372553 0.059416826944407815 0.10885593338505424 0.029907261524436672 0.06538973284519302 0.01801190314747861 0.021878222523192273 0.020902784142029864 0.09951599257314234 0.08195225521007168 0.05747482430041965 0.09561712193827349 0.07834504492394177 0.010710995265172467 0.06366716710842717 0.11082307778488168 0.11763016295353447 0.09199199344766625 0.04667546519719324 0.07129181951952303 0.0689530707974054 0.08122562441459402 0.0877881960909969 0.08215112858743538 0.09981771845093615 0.0641992273649623 0.08382458228082619 0.038314285071359935 0.0421632232797616 0.08309735073141436 0.03778338486286215 0.08931326458677008 0.10062117600121623 0.02681713889022503 0.07580848935926354 0.09121316834942868 0.0562872263551796 0.04716363962815047 0.10969625208095113 0.0834568713319138 0.09566918515808968 0.12931312543495138 0.09305712391964294 0.05584856162829296 0.02197650605570832 0.032910948100827966 0.07292529384545923 0.07337359731943677 0.0858943453935275 0.026925264872736082 0.0845803031478264 0.05022633074135874 0.084892325059794 0.051992097766724595 0.07912122157279332 0.08870835727720501 0.1209681067994341 0.08470779212880862 0.0768232726450482 0.08586311065287998 0.09063780222695235 0.057086462460259856 0.08959181673409548 0.10654417760769186 0.07650448817817355 0.10377996806298784
 0.04425886095975124 0.04357578710619447 0.0159722358851293 0.04649901543195298 0.061208713082525255 10000.0 0.064933330979316 0.04604447321870255 0.05249145974375544 0.03966544467572021 0.031462813019790196 0.033471953573518703 0.05375048002198497 0.056334117816234104 0.08180177312779068 0.08958487956687304 0.03785690954164139 0.04248880050701769 0.01992458869112849 0.02406396026519592 0.02732121765946531 0.0756301778176249 0.08509934663647481 0.031351965737041486 0.06258724392369068 0.05209816608618414 0.02516297497447032 0.062486453848335365 0.056149854409705685 0.06388258543214886 0.0440837052836068 0.04208774624286941 0.018842475770195294 0.050636151076784146 0.012393358324494593 0.10307781484877704 0.0344592864488706 0.04869129006685544 0.033103661636754884 0.07518280339201633 0.0530839950029889 0.09422657702337588 0.07645895568238457 0.028274283313729408 0.043380464598256084 0.035999936766218855 0.01071018891590369 0.08920283263042621 0.04393591383658959 0.046356861747823414 0.05990795118694368 0.06122969140572642 0.08175305992233284 0.0358053070114175 0.058174335679296016 0.05021628935268509 0.050357081576979025 0.04095765274607788 0.049649261015498235 0.09468384809629402 0.01638301496315978 0.040265851823306255 0.020808558860377052 0.05147787782115467 0.004433640618127041 0.08868725862789707 0.08502244432846669 0.043699740566187036 0.016623757380615257 0.08518193791273514 0.07643033555171294 0.025779318209524178 0.030368652532211434 0.06640008250270091 0.04738332946529867 0.0703303277933424 0.1002796294029598 0.02302903903248269 0.06544373681595564 0.07113507427536177 0.07052215272913005 0.0920988435142224 0.051445810620125404 0.044648723051729275 0.01747406716432787 0.030719616768351724 0.02332667260849875 0.07082282507132995 0.06644131506429546 0.023073551189881056 0.035378536851975596 0.09836972552776835 0.05179922097838238 0.0594189144002418 0.06715111388930874 0.052929641933337976 0.025905225735064135 0.06640699557033047 0.02489357055797944 0.06488084636935343 0.06058406828212767 0.03603113599572143 0.025128400054482462 0.02902607474576266 0.02479734594699683 0.04715324502088346 0.08816654781818736 0.03394845271947268 0.048075086705788826 0.03561289852497311 0.05595306489773226 0.056579279903929844 0.09060413175852462 0.06817258031723723 0.04529131696165379 0.07847798827363123
 0.07403676785437112 0.0500970126960319 0.0718162963066833 0.030306291617473308 0.07402760976957057 0.064933330979316 10000.0 0.021188786096104806 0.053939124059755615 0.026346546862410364 0.07182846914431026 0.07833560078643985 0.030390112741930642 0.058993322356480075 0.019654172596238206 0.028569969375145006 0.07692240715247332 0.07132782772290344 0.06187376874361448 0.06765897604692754 0.03777641428188001 0.03331294853556199 0.020328390325596475 0.05954957019859533 0.017641110672349886 0.01288470221658801 0.055148462484451 0.060847536519580046 0.02274585953238177 0.024116749018699105 0.04148734568418433 0.03536927840665761 0.07139009797979592 0.020079507748914965 0.06385949008921171 0.047683438398371976 0.06462617372673317 0.07769327007644283 0.03250899173795268 0.012130200408473126 0.04176460384873729 0.04725217320184016 0.048529328771316174 0.0570071026307416 0.07092623689033072 0.08011386361744363 0.07002030865644335 0.02432482401885767 0.021030813001737016 0.05064714203851075 0.0386999375475046 0.01553098223575296 0.03723420966111557 0.05158106270404268 0.008923606619815191 0.05645715831165821 0.05229432897947751 0.06901715738820285 0.05512647411640069 0.03460806219408658 0.04857252903033763 0.06240071237128198 0.06047029597159351 0.06541304562350798 0.062186579928115555 0.03719189171322749 0.048045022325170106 0.04965912369390141 0.06890997333060306 0.029318510554381626 0.019567300518438573 0.057550692901264446 0.06313302047496194 0.0095425037063303 0.05930727762017579 0.017188147066890053 0.04136485533906121 0.05977771681309683 0.03713214736447217 0.009074751151576904 0.04600575936682625 0.027684890803126964 0.054649163096015904 0.048676268315360656 0.06138688392432921 0.07328842977353425 0.04174189966581556 0.03643480363437225 0.05201515633241353 0.06898180690125442 0.0749079298554054 0.0575703871326068 0.04069541813974661 0.01882817378054213 0.058767448927671724 0.04121716798276474 0.04605904557588276 0.0024815354180271784 0.07324467533879475 0.05214065369170377 0.018167535963208106 0.032126418516765 0.06757973292831297 0.037403215620342364 0.05543884961739729 0.0396948290480127 0.05105486007881433 0.05117704217282946 0.023387386630761325 0.05069691496489512 0.03194478286927363 0.016954080276053156 0.025896037087687913 0.04448933392294806 0.026431242772691873 0.031925859214199596
 0.06559155433640192 0.04519597791909547 0.05110246684964785 0.028109318914563038 0.071202307614365 0.04604447321870255 0.021188786096104806 10000.0 0.0368825822736045 0.006495494376282803 0.05986636841813772 0.05717435385984792 0.03309475954701338 0.05771433266080403 0.03583049347694417 0.04940160927730574 0.055957096471813884 0.06283155305186887 0.0407828616820461 0.054165011878611155 0.01900666270085912 0.033811908491964644 0.040042486912158975 0.03856656133206668 0.017380145529448714 0.011303836524298666 0.042760508314681735 0.06151409697999858 0.013405117321578437 0.02088179650757521 0.0375911680524671 0.03037558248815417 0.050451650964854156 0.020754751469844946 0.04760464249027549 0.06739766044149062 0.04378306512053836 0.06991117609537259 0.017911145387797856 0.03312815134106215 0.026389873326991747 0.06413992705463885 0.05797895912762921 0.035878923448264405 0.06279015031626012 0.05898901120558392 0.04976704432376986 0.04427410545196246 0.009137316684047351 0.04685072003375097 0.027209825581405934 0.02665625243539978 0.0397117375090428 0.043332856159103865 0.01849708678310042 0.05330361084481486 0.04991029989231204 0.0604397970795134 0.037178048600891536 0.05531877861839873 0.030272844729139145 0.04221633617952968 0.03934843683531219 0.06105827597237865 0.04274821301603309 0.044576440538792436 0.046913827398474675 0.030602752766481927 0.05330078650987154 0.04851494660537671 0.038493650769972146 0.036366730334403484 0.0420678270137886 0.02043277927024024 0.04049149039602193 0.03386912085890461 0.061906429315067575 0.04660960248603334 0.044801817039765046 0.02548737218214288 0.05363521451370738 0.0487232738939711 0.037221239242228615 0.04439693618514988 0.0404226214315663 0.05212590828928193 0.02427887380947981 0.04690730842732185 0.04024641620381658 0.04782945268712203 0.053871731395172213 0.05935270154346151 0.02489566822962992 0.027639598637348536 0.06172661591128354 0.04180963214945505 0.024950440565280608 0.0233281163084363 0.05209017284968574 0.055801331956214686 0.015586074975984182 0.021338241087428416 0.04639261158505364 0.022789264181797952 0.03425062506997504 0.022048788567755304 0.05028494316184262 0.030419962995766478 0.005791598117108477 0.03013630450114154 0.019760274458721604 0.023736500827520896 0.04676660102219519 0.03564565441527689 0.006965616710605696 0.035292389014878085
 0.08991128448057056 0.075821668151337 0.04549980847312864 0.06294282405669119 0.10103454142012842 0.05249145974375544 0.053939124059755615 0.0368825822736045 10000.0 0.037198179933540174 0.07984364405417578 0.03856497762758013 0.06907288097856149 0.08977621747149445 0.058533409431817666 0.08185593739881403 0.03362352191062524 0.08741353664485492 0.03425767985505234 0.07248027275096348 0.04007797167798499 0.03776844587356734 0.06655159338625416 0.02294408319881898 0.03835087300954555 0.047917990877355404 0.06545645874366038 0.09460472087211919 0.03142583728035008 0.03376762738461841 0.07005698163140238 0.06336743927794569 0.04256586590624628 0.057349688217485754 0.061610447447071205 0.10158081620362229 0.023618475199696117 0.09460538573997691 0.046885245368767606 0.06566974758686485 0.012458277376816543 0.10029708800421411 0.09461862443901127 0.02478207612013303 0.08782864078600748 0.03886175718034727 0.048191311758154325 0.0705068256302364 0.04494324209161034 0.07813337651514211 0.018684272973055163 0.06331972802022104 0.04238298804267738 0.07114531861456094 0.054598138288701255 0.08436634430837739 0.08188859233308714 0.08521969468370277 0.003443024884684876 0.08795485980976511 0.04540980290639826 0.016996270458219647 0.03284050971000114 0.0903358591246879 0.04806563631858261 0.05194142550628582 0.03947229863017321 0.009287350733799722 0.06742838746937904 0.08321861728344256 0.07331609078575767 0.027280173206431817 0.025957802453910273 0.04744831499342479 0.008626834857365989 0.06965227419078332 0.09482276783532567 0.06712919780921553 0.0813662603233415 0.052939173361716295 0.08999008554369613 0.07762157041141392 0.001452701652087748 0.07562376712832843 0.03616847774514379 0.03485019096776048 0.044889669157135006 0.0837604287278443 0.015606060894964299 0.036704276291591585 0.03308766717381843 0.05183244837703839 0.01329915977353717 0.06450844012005323 0.09609677938936576 0.07629592180592282 0.029168196254502697 0.05641730489687331 0.03948834739209177 0.09077197531798598 0.036923348173854544 0.052591715239635205 0.03377733383596955 0.04920153734529191 0.027781435023900968 0.01485154928276948 0.04181846648380411 0.01860199025539294 0.03196991584747709 0.016982328932003736 0.022761374544609168 0.06061493069988871 0.07510744967108038 0.02174367102038217 0.029921148742284426 0.04222758030983504
 0.06020006105352626 0.041039314262926584 0.0454723251109427 0.025831395138720112 0.06705205256393176 0.03966544467572021 0.026346546862410364 0.006495494376282803 0.037198179933540174 10000.0 0.053859600612742004 0.05286098095565777 0.031895997856739834 0.05420592473796102 0.04213920666707381 0.05376982717824178 0.05223484966538132 0.057457607856095085 0.03570955845747811 0.047959575396949804 0.012520322012852733 0.03967192322571527 0.04590246960611705 0.03498707257942287 0.02379103639605704 0.014552388615091538 0.0368473394477781 0.05846059914117529 0.019036574043161517 0.026813232510143916 0.034037856434726683 0.026958915308868 0.04507392062473524 0.020678707310647457 0.04113791946670036 0.0708315067534389 0.04041972421233226 0.06461812838216831 0.012353884593009122 0.037848295884698395 0.028262871962564145 0.06628042080511277 0.05764445768158103 0.0318955624197955 0.057493611500309114 0.05482634907956388 0.04381786025488754 0.05009698671411401 0.008251730349936301 0.042944484204151055 0.03070703145671353 0.02870759975837766 0.04567391586676034 0.038347842948819835 0.021841408028149302 0.04939109364964716 0.046300832234166166 0.05507534094330152 0.036889818602553796 0.05953053118599777 0.02379079221251464 0.03981577848307605 0.03437126941579388 0.056674056676929166 0.036476511819337594 0.05091174438813895 0.05220954857679925 0.029714449184645633 0.04686501906695728 0.05192342691470834 0.04203838720722301 0.03201616277836583 0.03822540066370174 0.026735218583546737 0.03943980652771817 0.03684645412581501 0.06593085024992805 0.04051052410713001 0.04437622845707016 0.03157988434869141 0.05285609961604789 0.054030897135088365 0.037285692657299405 0.040438987561204 0.035096293365509304 0.04783105897628088 0.017808783329996962 0.04726377104607352 0.04296052041814551 0.042933044160608426 0.05000208075081767 0.06493250076479187 0.026658448406539335 0.028899543524003538 0.05932249478935849 0.0393800202654046 0.020038048253721182 0.028247846635351945 0.04718984761992239 0.05375333462363695 0.02193915519760613 0.016830415689266093 0.041760339085048295 0.016887911631348496 0.02973907979889824 0.022899440424350905 0.05557979788460559 0.027488337288582434 0.010497447155100276 0.027547986617969204 0.02368591880676837 0.025002084730120604 0.05221368277680711 0.03952478981922236 0.0094858990445914 0.04143316581250182
 0.013432117129692358 0.02748398758481418 0.04687494588019022 0.043265598284512014 0.03261803778383248 0.031462813019790196 0.07182846914431026 0.05986636841813772 0.07984364405417578 0.053859600612742004 10000.0 0.06469066377945497 0.04768527320974587 0.033847712937483974 0.09128826622365732 0.088821711028291 0.0693038605637222 0.012455044826305174 0.050765493547422026 0.007570286844863401 0.04313008678527075 0.0935313886628506 0.09140588733660938 0.0613714069582888 0.07702878826364978 0.060023969436784605 0.01715203882297129 0.039649247487841065 0.07289429602842756 0.08065439059884812 0.03400905896641126 0.0375968239081046 0.050058359910660634 0.052354549057499665 0.019365004976072492 0.09649669396733228 0.06523517068200259 0.017481641668685013 0.04202174616869082 0.07841871668625833 0.07694272513746934 0.08413023085438436 0.061316883128260787 0.05778679523898413 0.013628507981212972 0.06718022742105184 0.04149842743678682 0.09488692685439645 0.05317161466294515 0.029247972299089695 0.08216112846177276 0.061490217201309094 0.099519323814186 0.021711909989226973 0.06313245694595378 0.029008847141992155 0.03167386067371941 0.01195458894340289 0.07754004785766182 0.09248461150362947 0.034642110981566616 0.07037377854043221 0.05133370426668881 0.025275672335550076 0.034953363582868 0.10422329516124149 0.10569598190347725 0.07057371304645114 0.015134873783393578 0.08169688734982883 0.07552252639478925 0.055486084833158124 0.06109938274398646 0.07713498234210861 0.07639856697233087 0.06947028274316557 0.09649268037454163 0.013448529359848088 0.05463458226170049 0.08021681226097185 0.055723561785753765 0.09489989549346366 0.07906621279355135 0.02927884988004066 0.04825146048691718 0.062169063549414566 0.03729276578663169 0.060692550179451986 0.09170836852712334 0.05453591400813338 0.0668381203275501 0.11864928034765404 0.07540361274636187 0.058371601862769844 0.04587068344215981 0.04064886985252553 0.050729179272055176 0.07228282873501755 0.05619419876574681 0.0465231094853254 0.0753638893182249 0.04015818248218519 0.056524657031372216 0.037077193650048815 0.05387382322615089 0.07063088049786012 0.1090427294917417 0.061618270621314926 0.06431327175457621 0.06310222173101043 0.07627054264896659 0.057370583596876114 0.09423573754420826 0.09108279430247712 0.06266735344988232 0.09515797421397959
 0.077691731431798 0.0746405498766055 0.017848913913719015 0.0714656162012901 0.0944904788500937 0.033471953573518703 0.07833560078643985 0.05717435385984792 0.03856497762758013 0.05286098095565777 0.06469066377945497 10000.0 0.07898359000210879 0.08830534675950284 0.08981425268544113 0.10649199169723643 0.006387901602118504 0.07595866033549742 0.01850757247164785 0.057442842101775145 0.045299704111802674 0.07412473365568846 0.09600337720671538 0.01935980166337495 0.06826826076691948 0.06739931314122573 0.05748236300805104 0.09430124286935856 0.06048707623140261 0.06624459876368857 0.07291670266763313 0.06872314171141201 0.014650527227140523 0.07142991934791773 0.04586527972723923 0.12358378301772302 0.015610085388878411 0.08206839927436228 0.05412596302935626 0.09029778163610322 0.046905941541140764 0.11783196650475505 0.10425620306002469 0.021356746220008545 0.07685211860516111 0.0025515289302302634 0.023203750840036255 0.10024714594938564 0.06046374611559383 0.07743096333998456 0.054771219275186356 0.08098671258454644 0.0794866977678671 0.0673642159404933 0.07470199497816501 0.0821608044474967 0.08155860618284443 0.0744217893916686 0.035144446792054 0.11232937751495205 0.0404831772678537 0.021595941439038546 0.019339442575280134 0.08449288500343967 0.030837966827428717 0.08853919679863011 0.07793912626419726 0.0343444634693471 0.0495842913275555 0.1047115540135903 0.0948827151313363 0.02086146203425237 0.015522352765741518 0.07558398227903948 0.03011523870871801 0.08953802088424596 0.11878168326023046 0.05617684370386112 0.09181332823507365 0.08122082269499822 0.0985514454598989 0.10560413331835727 0.0371157161357842 0.07536071595831965 0.020311376821828857 0.005048566322374849 0.04564023209627303 0.09627258018374038 0.05402453732494411 0.011557545537358462 0.00562256727966418 0.09039605846310249 0.04653557686559867 0.08045676179564522 0.09823138848575366 0.08143987079260613 0.032916040480442506 0.08050238929554057 0.008599252449376652 0.09493101052514734 0.06631352139821359 0.05936360882781864 0.011449385607775128 0.05260553231475441 0.02312584586856142 0.043819796218813066 0.08036685118192084 0.028063078472303764 0.05559403129742684 0.029077642942835463 0.05513745849295267 0.0767934875756033 0.1034849985385408 0.06000337592305001 0.05235368039719475 0.07822059960305189
 0.046323061941828114 0.0216319959665294 0.06633081399810974 0.007544406723337222 0.04373161998719683 0.05375048002198497 0.030390112741930642 0.03309475954701338 0.06907288097856149 0.031895997856739834 0.04768527320974587 0.07898359000210879 10000.0 0.028622247347535445 0.04930807605606171 0.041177233094603104 0.08003560818012186 0.04380630589124346 0.060485982009730585 0.045935696351012724 0.034021202439232026 0.06160148514485822 0.046696915454101935 0.06395821419698618 0.043826738334380284 0.024369087470336066 0.033915772366005376 0.030623204506919948 0.0444778460238085 0.049858934969194406 0.013729900925083577 0.011812514040804151 0.06743869416352233 0.012697040283034726 0.04711920267808713 0.050286937143921746 0.06950810900586721 0.04933864894265085 0.02510659211146156 0.03265854067210006 0.05940110747698574 0.04047733080979471 0.026042235913855023 0.060262868349707774 0.043147099175746266 0.08131740322092827 0.06253362087288687 0.04951498513116168 0.02426920517011111 0.021380812962119272 0.06004162598673449 0.015800767754706322 0.06641080503939728 0.025974184412921413 0.02201846707683776 0.026550069848964707 0.02227002876086456 0.04170985922297632 0.06877015003245313 0.044831740941755675 0.039529096402604776 0.07036871368221102 0.05967133160194614 0.03567111174191973 0.05299409199111206 0.06746446875969556 0.07617909089693671 0.06150731291846373 0.05028851104997113 0.03413089874412944 0.02803257874049936 0.05950311375266291 0.06645489211529483 0.03894298465691636 0.07108674900995633 0.022209333521530084 0.049145600558762645 0.038752071274653355 0.012967753548055991 0.03943289046516569 0.02098914669735277 0.048029867166249574 0.06918067558478432 0.019927410112682533 0.05886555966489794 0.07429131874894113 0.03347163546361458 0.017389961930932434 0.07328903712505375 0.06768049520804556 0.07753216415065135 0.08697160787552771 0.05786669918811026 0.01223449400774637 0.029375192697492412 0.010838284241148737 0.047631067212721576 0.029646888394409453 0.07157202586125508 0.023058592105168554 0.043151260099998166 0.019624559794692745 0.06756233928332318 0.026487974142068226 0.0570331116839401 0.054561424032269934 0.07941365888621299 0.05788512072062266 0.03879503882197852 0.058321927829852495 0.05249763099232858 0.013449155421273732 0.04774878543024574 0.06804146840871204 0.03981743029582016 0.061181533701921906
 0.0250351585931233 0.01422268091558514 0.07198733669810524 0.030211500335675948 0.015219448101476973 0.056334117816234104 0.058993322356480075 0.05771433266080403 0.08977621747149445 0.05420592473796102 0.033847712937483974 0.08830534675950284 0.028622247347535445 10000.0 0.07786188762780707 0.0655260976145713 0.09127169736536042 0.02362126566203978 0.07081384094009809 0.0369544207397426 0.04997916993151586 0.08922129982804176 0.07466009074756245 0.07822101443843184 0.07129712378508285 0.05152877338416633 0.031182695947693205 0.006193234252134866 0.07056497375211541 0.07689559310424757 0.0201864985165395 0.027365654022184445 0.0743278098283298 0.04005293734053038 0.0450681866595142 0.06776115207219749 0.08335319734182982 0.02587819889869108 0.042989357603335165 0.06045357732623056 0.08234326813416716 0.05370253224496117 0.029247939215905232 0.07426258994499835 0.022452487998637617 0.09084519116600409 0.0669560219742156 0.07709728026303984 0.04864517280194426 0.011691660909689124 0.08472215003701748 0.04423396353930347 0.09435276312406374 0.02094564314797892 0.05046028136238202 0.006150665151189644 0.007924271586225507 0.02270734220027879 0.08860713244401447 0.0675445773758555 0.048849440453719015 0.08633315766140054 0.07063540585327369 0.010182425438257408 0.05784820907298178 0.09595136156704595 0.10350044976311253 0.08103581007888908 0.04468329179632242 0.05674540575306576 0.053888304370984526 0.07266012401977749 0.07954256284028301 0.06731591344157027 0.08953238681360519 0.0490227314012371 0.06989627792605527 0.03380296230857365 0.02743160746599012 0.0680482410791948 0.0245220432376561 0.07428763652620021 0.08951630323799493 0.014174064176414456 0.06855147232378477 0.08447764346903401 0.04611865253450242 0.03280989039727883 0.09716164916089234 0.07686183777254366 0.08865129969824621 0.11487966549035476 0.08072133737616531 0.04067060628513452 0.012023723117911644 0.017784005169929347 0.06298014292657018 0.05826339766937701 0.07985658485372543 0.013842029247776692 0.070334003185529 0.0375364952152259 0.07783906659745911 0.04071013153852415 0.07037137656515752 0.07661451872160607 0.10680986681768441 0.0746875248118144 0.06345224341717456 0.07565658152044584 0.07740811038649091 0.04203926945702769 0.0744945831753325 0.09333249795330491 0.06348757429560224 0.08921117120260451
 0.09368678397621237 0.06964511215500054 0.08638437847748084 0.04989781549779398 0.09302526141612934 0.08180177312779068 0.019654172596238206 0.03583049347694417 0.058533409431817666 0.04213920666707381 0.09128826622365732 0.08981425268544113 0.04930807605606171 0.07786188762780707 10000.0 0.02902718369134243 0.08720476811494046 0.09098020044876695 0.07536745032881247 0.08684039747965001 0.054542388792462516 0.025477797357463305 0.00928001944148977 0.07046024434639335 0.021554938790874785 0.03143823003121991 0.07444520115115612 0.07916430155770014 0.02934719464044724 0.024803546302594185 0.06103974127042586 0.05501994618419876 0.08535881702637221 0.03972093914930922 0.08219624720982947 0.049370791414057556 0.07482773339093703 0.09731720239126368 0.05083565265286421 0.019278168204811125 0.046262036653545974 0.054748080888098724 0.06332459309976264 0.06875746525950466 0.09057252609030057 0.09121435979978387 0.08543501694844412 0.012429496775594627 0.03906952876547955 0.0700793100569219 0.0402268647191318 0.03363723190019899 0.026175377243488427 0.071228862325216 0.028569113332049367 0.07572654791622117 0.07149991945582719 0.08867101543003525 0.06071593404831407 0.0344031852514657 0.0657619713787943 0.07101520195201004 0.07381583083409647 0.08476607974076206 0.07857540865449472 0.02159421538941478 0.03797174168188478 0.05727290243484513 0.0875215624039417 0.035338173075161114 0.02910285907724421 0.06988727105088022 0.0742925376893291 0.015406480906317268 0.06575236011155453 0.03090127501107722 0.040895068640238716 0.07897094246679016 0.05382611902804059 0.01111557731284748 0.06206061996476527 0.020721528633983365 0.05962372921644332 0.06818238078589679 0.07539630248561557 0.0848867481654177 0.05929050895908903 0.051598743588982775 0.05120554389350712 0.0819445470818131 0.08557518209680379 0.04385603933558014 0.045819705946688445 0.037193552484892214 0.07636180068870631 0.060114462991428114 0.05981938567395845 0.01978957739858987 0.08611748932348379 0.06970101930362779 0.023500920908324462 0.05128798373663472 0.08004473589128122 0.05589806265634785 0.06814615220557609 0.046892371830405975 0.04020095140161457 0.061755275230727304 0.035056337133595884 0.06081774315596446 0.0361493576360533 0.03612689157935986 0.018023617163620727 0.04220059680338955 0.03827637111409107 0.02176710839150915
 0.08695143520042342 0.06248917893624001 0.09858631063884275 0.04603206348569759 0.08027644503547618 0.08958487956687304 0.028569969375145006 0.04940160927730574 0.08185593739881403 0.05376982717824178 0.088821711028291 0.10649199169723643 0.041177233094603104 0.0655260976145713 0.02902718369134243 10000.0 0.1053458431845934 0.08456394902764461 0.08944309285063383 0.08659606582390429 0.0637049768902237 0.05391284277014162 0.020036561960863206 0.08795547248558751 0.043798717084442676 0.039244845785541604 0.07416781429166745 0.06460116242481435 0.050434163024354516 0.04944863494421216 0.05490613896884453 0.051669367241674306 0.09855744759966538 0.03913659549186446 0.08586000601686233 0.020582625868021648 0.09310874269891808 0.08950793670098417 0.05653895110965399 0.01644393786747664 0.06946573853660612 0.026857577895276413 0.04243552001786687 0.08526050355842632 0.08379865975157681 0.10835870980521779 0.09614896022957027 0.018846121709835684 0.04683938153774817 0.061735526481720523 0.06521147632770091 0.028597392325132406 0.055178672248596426 0.06711659069058343 0.03214679529699023 0.06567993078400017 0.06144944565029603 0.08258105176807769 0.08329980687168506 0.006099705103024991 0.07341078113638663 0.09096971128958446 0.08813099428502096 0.07460991464275529 0.087523508125152 0.05004552050973477 0.06698408295462288 0.07812860044096662 0.0899503104728358 0.009503150276966769 0.013480382528738427 0.08563591936750313 0.09146890709662225 0.03453169952676944 0.08767399309382068 0.019699337895551356 0.012970388189979642 0.07906125067766603 0.03813227619760244 0.029363645267264187 0.04361563221441443 0.011232189856401568 0.08267347320243719 0.0607103173862072 0.08869478527927709 0.10144585745969786 0.06642622589461047 0.033291487821502506 0.07773612226616741 0.0966969777323343 0.10327326621380249 0.07232870706367613 0.06855794564010242 0.03105607964957723 0.05987590242261898 0.049879018440609525 0.07380292915646074 0.02622424558066282 0.10095020702658754 0.05376088406007619 0.045021058124913624 0.053862482654308076 0.09550906683422572 0.06061722576796369 0.08342912579783208 0.06801394255712633 0.06922393604426062 0.07967727035081584 0.051957346947479104 0.07923881229557396 0.05927617941935249 0.033231807307082535 0.013108872600771888 0.06922826857918547 0.054985164508063795 0.05058638707528414
 0.08207060334591905 0.07736673189923293 0.022955077252218774 0.07259607068648903 0.09825681614914908 0.03785690954164139 0.07692240715247332 0.055957096471813884 0.03362352191062524 0.05223484966538132 0.0693038605637222 0.006387901602118504 0.08003560818012186 0.09127169736536042 0.08720476811494046 0.1053458431845934 10000.0 0.08021191232170677 0.020486509401118236 0.0619191573243817 0.046036336438388566 0.07017894811716147 0.0938275596905092 0.01739106806657949 0.0656736235487012 0.06662163045296167 0.060895821127347656 0.09716125272204064 0.05788556915066968 0.06311977402723735 0.07498258771773521 0.07030312904354465 0.0194985389063009 0.07164941895420718 0.05017392469120729 0.12304655032274893 0.012418859994934063 0.08653675362505571 0.05495438077075102 0.08900154994662111 0.04295920215388777 0.11805459495224097 0.10567960426940735 0.020358924735883462 0.08104989831099911 0.005506861414468591 0.0281351914781102 0.09804339944578211 0.060151353667404255 0.08013031443184511 0.0507038798817738 0.08078775521972528 0.07533149384344076 0.07035344267723902 0.07397637132392994 0.08515808902365644 0.08426420444806897 0.07856376124996502 0.030274178467821756 0.11127575151655282 0.0427171374004534 0.017033428990577082 0.02084380935704821 0.08805519371594347 0.034743500767480014 0.08458653519309774 0.07309448011498111 0.03056177868019176 0.05430743594120002 0.10413016644952716 0.09419236002218784 0.020634282422138123 0.014011968837644025 0.07344325743424418 0.025022364915794734 0.08908114030897717 0.11784942915911069 0.06001805415344232 0.09296920221723541 0.07912949714517475 0.10008908802756013 0.1037990244498366 0.03217235391132656 0.07795818285355159 0.02272093663249908 0.007137475459665647 0.047170304045138174 0.09714508711286439 0.048827604644889944 0.014860566790009078 0.002620658188603599 0.08530025046803538 0.04277147652069031 0.08053895587910792 0.10076557958145742 0.08329537093602986 0.032820117328505406 0.07917818283414835 0.013394297552814178 0.0971198875714928 0.06378112204862182 0.06045865985984644 0.013445704540690953 0.05401169253401584 0.02308714577479756 0.040561477067550804 0.07539394410796847 0.025820656373338444 0.053766030200808196 0.026520729536376773 0.05180648070704673 0.07677236821024654 0.10158503183649562 0.055304842002086865 0.05059048660358584 0.07440266485186649
