NAME :TPP_input_28_5_5
NUM_VERTICES
136
NUM_CLUSTERS
28
Full Matrix
 10000.0 0.0707857104049907 0.08628728010530595 0.030275634654326346 0.02109022332660054 0.056939949756221055 0.0627573717450243 0.06407888423182666 0.013506570726642396 0.02516481431634893 0.07757199039601058 0.015408700213402843 0.07304437479090894 0.04281909122278877 0.037333303329148505 0.007526790836020043 0.06135444145855324 0.0795871061472004 0.02574234659170718 0.038379706628962076 0.01454764955618864 0.08695968648895509 0.07471885391538956 0.036885134287583006 0.05107634952713843 0.030913202953742686 0.026686522831135512 0.006430880642661159 0.05732504047291087 0.042975575211081946 0.03585207731323163 0.04373870261981141 0.05233697921977214 0.037516912993885154 0.03862734359940599 0.060668029719934215 0.03933065377777016 0.03820183628363004 0.004293832300994205 0.05198140388659808 0.02254793807959037 0.01727088709714907 0.03176890109413493 0.021947861573209954 0.03604093257639356 0.07991604037908398 0.07308675900705916 0.052893923624736446 0.028356997200413042 0.08705310597978425 0.042664115019463905 0.0630588090908374 0.0595904581707827 0.0790709182424302 0.03401097405003836 0.04915674748312777 0.048038487396506666 0.040834947940349635 0.04108374818325297 0.060852439180031886 0.002832524807439262 0.010904946608587216 0.026067570442620952 0.0291774572538139 0.08073735652281736 0.07285279743784412 0.09007668628713342 0.033701833462928 0.04137265422756002 0.0446913243343209 0.06761271052139504 0.013792332925346025 0.008353130399003723 0.0783405329770501 0.054448285603399836 0.03605442393677358 0.04168901247177323 0.02701338672640055 0.06886169892455374 0.06284569983585257 0.047714862730359665 0.07762364975827667 0.05028084053687017 0.06333687665585636 0.043379291594184445 0.012186004254207194 0.07923111188525143 0.0593295384740364 0.06010781737791764 0.061591241451120375 0.00832941694733675 0.028731095317083764 0.03378495550830487 0.042290338657955034 0.04345479381032171 0.06196260814929779 0.05078771220960719 0.06593980213881578 0.03205279466500456 0.04558752027429891 0.051359016002289405 0.060645526205026445 0.050247217716014904 0.07911454091127838 0.0673578468833454 0.04264820186957588 0.01915964973900851 0.05088606203353103 0.07878988352327415 0.06563479225556261 0.029414350838761 0.039728277517783774 0.01868676865292437 0.047388475182477734 0.03650756853438696 0.05263223927184599 0.04168995026154392 0.020355385904558525 0.06673806025487501 0.037565422694528 0.0748723301017924 0.07428043150987329 0.07296600060438836 0.08452452714943962 0.05635409569388789 0.023546633918337966 0.018215667703763323 0.06472096321778387 0.03202621332044758 0.04747099100704069 0.020539070395718638 0.015940814686477737 0.017019641825492572 0.04217515402043154 0.05517439325863393 0.06260406478554233
 0.0707857104049907 10000.0 0.061290453069076656 0.042237276117364414 0.08154268130960032 0.02590704480445112 0.02832792949598236 0.028821541453164568 0.07827525699544259 0.04860793867919181 0.06359480212302411 0.08430700418823413 0.016031381540846663 0.09064175078473102 0.06809573898604003 0.07677567238822239 0.03017658396009754 0.06412661970670952 0.05060449376208773 0.07348164680573821 0.05829101528471686 0.08058380120614196 0.012902199153832419 0.07269073497262883 0.09321394175115076 0.08831267249874276 0.046613774463192176 0.0644676217831582 0.052209759737827106 0.06971948692041859 0.05051601250140626 0.06182016889944797 0.025606597580095373 0.04951360786113782 0.03658672277032901 0.03400178891955544 0.03187846013368035 0.09280297496060269 0.07337273183253946 0.06788795201732462 0.050966679313185985 0.08684876904510302 0.060766755893622716 0.06131628792964413 0.0564738273688359 0.05352130252331889 0.020830224686129283 0.03935391290511437 0.06602923248628692 0.06430164936533135 0.058031750923147475 0.02426765563420118 0.011196530208172325 0.011279544644497872 0.07906178252718768 0.021775854635331552 0.03176300765729551 0.05655549243492612 0.0644579685769857 0.0423668425269018 0.07030139185888047 0.06611287888304211 0.09009156654740968 0.07986622247420788 0.028552767667100076 0.04420096592337769 0.07230665356862677 0.08937535032966894 0.03181195793777377 0.04338735598049406 0.04060318013157121 0.06362300690242632 0.06319182301742164 0.00795305539158963 0.039817754827909724 0.03520637640253999 0.06273384948940693 0.07584443188917867 0.0651693527192362 0.05812714627111189 0.06478174867038794 0.07785860757882904 0.07085897489402458 0.011581278160595824 0.0333679916165803 0.0829692339502931 0.016595581219484772 0.016988735565316947 0.02507816552152461 0.014226634706031496 0.07850973365151018 0.06654993236976435 0.059387666545896854 0.08908354068784043 0.05711452228001487 0.0787130409282207 0.04550932601934629 0.010166840724349573 0.06190341984840342 0.0353886581806836 0.051735859154922494 0.012638349124801967 0.06348125291368639 0.08008144236241288 0.07828503305835259 0.048103121043107475 0.052015231867761656 0.03020671391371883 0.00801574914861001 0.07413879553004103 0.07804480523104661 0.06221934854139957 0.053710552414732084 0.09314456521672057 0.06240968772777155 0.03249042133244914 0.02934567348453912 0.05239086375540829 0.004060459839886937 0.08588002798392601 0.07940976940480571 0.05244581733362707 0.003502824875613904 0.07562608774158076 0.0827635873275986 0.08484961239211476 0.06827430080040026 0.021095951565218228 0.04174765816278118 0.041490445492350946 0.06956238368293957 0.08582631833639137 0.08017282046864817 0.07195688768558961 0.07433478681154909 0.06389765186477979
 0.08628728010530595 0.061290453069076656 10000.0 0.06185474396504341 0.0811459807415563 0.08030915169523378 0.03574662225484014 0.08671006295095271 0.0993306235719754 0.06358169292354607 0.012140832425271916 0.1013566418480645 0.07722575812925506 0.07359961010613267 0.10755269455915943 0.08743853239991387 0.03502744215659702 0.01037270754686083 0.06151292666042326 0.05849069606947105 0.08301268500381279 0.023853870010777697 0.049522382002000744 0.059088664202529124 0.0697337379374856 0.08118743216388702 0.07862759639731681 0.08275110462357811 0.029072544291527436 0.11170123968777124 0.05047725578058758 0.04560237932651321 0.07652635609524316 0.04885552317155043 0.05398993402212918 0.0325169670556482 0.06818356576920978 0.08071654345053789 0.09052217670941769 0.04174928827451361 0.0807384280597821 0.09397972075934498 0.056043972487325164 0.09289936577491353 0.05080282388794694 0.008182411715382155 0.08184689575454464 0.09124795699801566 0.10093831735117402 0.0032647597974939054 0.10244056046155187 0.039244534928481324 0.060758992316489735 0.07077770032357582 0.06748934507407581 0.0597592282480464 0.08029985185855938 0.1002147812886004 0.04948814351538775 0.027377945935274362 0.08788695889108512 0.07586307888849095 0.08861044547661774 0.07237571899597603 0.03542745433682063 0.01810722344019861 0.011634116510864836 0.08008335222109611 0.07290681285642167 0.04264794888325788 0.023379745505838944 0.08934972694217061 0.08348433941605843 0.06035996564260634 0.09248040559629009 0.06957544996483414 0.04797253080335081 0.1070436374937674 0.022870460954617457 0.024909091989001732 0.04357765700264849 0.027697948818000095 0.1161279805309242 0.05222227808439024 0.050319367369336884 0.09551727721500199 0.0773656532662419 0.049250485849706066 0.08131911005654563 0.07067110967532521 0.09409246681263453 0.06151025994463894 0.05372624315684001 0.07204535678690441 0.04393715908561772 0.042728734010580215 0.03591674652676656 0.05211551160242048 0.09975631084269335 0.04582197122814518 0.03502775768506598 0.0675568290408381 0.04037420421892296 0.029182715043954383 0.0373698685083716 0.043754264423021896 0.0767572808895184 0.08075542960368019 0.06344474594956956 0.034461509866239706 0.07027578263246217 0.04950379920436596 0.06961656036990703 0.07288638644758919 0.10270288433468769 0.04039710952385345 0.06654034661680017 0.0680222053740104 0.06111735187231758 0.07216078324836192 0.03197476605715795 0.012424652243697872 0.06438681832502444 0.019231752181517733 0.052250586003187716 0.0832616086166522 0.07111671281786448 0.04147309793921275 0.07740178858746988 0.04043432176227075 0.09893437736333213 0.09391372408839882 0.0830154571518608 0.053900845866104975 0.04438223429477583 0.0284110358359376
 0.030275634654326346 0.042237276117364414 0.06185474396504341 10000.0 0.039436437956659666 0.036388810062977395 0.033145009546288934 0.04473665102795247 0.04084041848411439 0.006425420222637685 0.05584210721957829 0.045252624983585704 0.04826248869645113 0.0516772567000388 0.04610041180919501 0.03523800529216746 0.03202474706715519 0.05756903891283541 0.009208677979508278 0.03685457716878954 0.021877383977967832 0.06922978514937468 0.044647839155631246 0.03561213041924555 0.056429388312227165 0.04684828614247278 0.017397718943087153 0.024603016676134046 0.03539941164207287 0.05067005791347288 0.016692848266061697 0.030987353066208676 0.03093521864428003 0.017242445699440362 0.00874937486446031 0.03209967322894412 0.015240496028300674 0.052133088693988486 0.03370023326859441 0.04005692414351111 0.018922959907881634 0.04505068872047975 0.02328387048448774 0.03105593979467285 0.02198461049527491 0.054421116976484954 0.049803236191550755 0.03970509290466068 0.03910287350780124 0.06338245206217377 0.04297694441186184 0.03300311507094924 0.03133838979213148 0.05186639487750277 0.03975607927503976 0.02063402615566201 0.029895137325656764 0.04063414961164828 0.031303754224722175 0.03459625028269813 0.03059716641963817 0.023971083230461338 0.04790345143907327 0.039149462261273464 0.05068853676499528 0.04588007275176122 0.06833017426678041 0.04828777617231671 0.02025253804106302 0.019710981534435214 0.04026690381481278 0.02833296766061987 0.024245773443070606 0.049299391563748365 0.041371825273039 0.013550430021834986 0.030385179070334615 0.04549926590801088 0.0500111115919816 0.04242268030225688 0.03546289365264079 0.06174339249283128 0.055973796328462055 0.03352096941461561 0.01347103184420717 0.042217813769213845 0.05361235165846118 0.029184506732933872 0.03928729746078723 0.0361973227504757 0.03853539795292118 0.027245054768698044 0.023125000378992865 0.050311631872160464 0.027528587297212897 0.05237207931029144 0.026635745278922297 0.03611956745780828 0.03829201356149259 0.01673469873285326 0.030293561573741006 0.03429859442507291 0.036250324987259455 0.06373632862621233 0.055362897604304226 0.020725438009615915 0.015164731988275199 0.03216249791392706 0.050197969151124934 0.0521219429228136 0.037620318837420716 0.028844150365952812 0.01184007140346482 0.05505499023753167 0.04166113426289221 0.023555933707433373 0.016307963039810455 0.010338246778013706 0.03832952443781776 0.04635716977914427 0.0606601189830342 0.049430248230413976 0.04490045468690363 0.06553808802910685 0.05175239423357048 0.04276182177807903 0.026351902242761606 0.034492342088955165 0.01807762437983147 0.021499888961425285 0.03748123133341734 0.04415240273150815 0.037936305023872775 0.037408050499119806 0.04588794124931568 0.04493553856644084
 0.02109022332660054 0.08154268130960032 0.0811459807415563 0.039436437956659666 10000.0 0.07306182852695083 0.06622355327146895 0.08091051704722861 0.031170955072410918 0.033013781242162886 0.07056629840965985 0.027787064614430763 0.08718765824027028 0.022412456439471925 0.05839016196771936 0.014814724061157485 0.06433455163318882 0.07267104952632039 0.030992177014238412 0.024350161297855232 0.033685894234244285 0.07620583778493954 0.08236190702943402 0.023238183252159317 0.031195935079243113 0.009837331908701216 0.04396520146809671 0.02524127549348688 0.052753616155004644 0.06402392205141819 0.035218357379822415 0.03555062936244323 0.06791968695811705 0.03688096130769628 0.045395158579045615 0.06242879351050598 0.05292322160105589 0.017111995034972426 0.02357668874248037 0.04116328824302736 0.04065167188119031 0.014334063771331474 0.026081972876005582 0.04286360044813074 0.0318269328974126 0.07628178701860067 0.08816386791103684 0.07148865831172976 0.04943730884302657 0.08112474792207168 0.06347440026348394 0.06778435471507666 0.07075878203174414 0.09130116079887232 0.016639320591627538 0.06006757575201239 0.06478666956775443 0.06154322143239769 0.03173726544739302 0.05975100501545395 0.0238626203267759 0.016937864222199502 0.008711808164146505 0.010740902606369136 0.08456973003553366 0.07142011701149227 0.08224729895657751 0.012618012425270636 0.05650401478353066 0.045162388006533986 0.0670727601948311 0.03468040479540593 0.027769592197631754 0.08832578402262704 0.07313031993753749 0.05007601574591791 0.033180574844063344 0.047090105670893986 0.060377330555914245 0.05627693889491964 0.03807012119354702 0.06623215113870065 0.07135264093044866 0.0720524630500175 0.04947171709952569 0.019952969984273525 0.09282220980479834 0.06711694287467317 0.07619857894976119 0.07518752654476525 0.02262688415282334 0.01989207852899681 0.028408902360026935 0.022193581201709053 0.03756756050999636 0.048135601433592225 0.04922464745246409 0.07458290676427655 0.053084007881205535 0.04965902769695916 0.04717959504061319 0.07354035683543868 0.04119197130653889 0.06727739795661106 0.05438880788278803 0.041316210530997446 0.03546096273011578 0.06754503381089207 0.08943696519968823 0.05380553949636769 0.012192823716335684 0.031656226359461775 0.02887286016931768 0.027031391273715597 0.057552643289433034 0.056035071350866904 0.05474969569579321 0.029820263067872416 0.07769416678485624 0.017706964665154683 0.0626067868461455 0.0703990130690492 0.08429768231907558 0.07483863675193039 0.0403958584655668 0.003332395982135941 0.013359801643038785 0.0702700244831891 0.04878425985595451 0.04817313587599462 0.041409221537966584 0.014962435960938427 0.004314992262057958 0.02907670913342789 0.04209579491422407 0.053991453301190956
 0.056939949756221055 0.02590704480445112 0.08030915169523378 0.036388810062977395 0.07306182852695083 10000.0 0.04456642106099338 0.00837848028202581 0.06062344004711638 0.0420993024923306 0.07932327542671896 0.06763762534367042 0.01802040563933577 0.0879042705643957 0.044017928568137465 0.06409535551800172 0.04543684369491906 0.08040864226333344 0.0454771041760799 0.0731439265568702 0.042571987487553684 0.09555532958318386 0.037724507702070476 0.071944026835867 0.09281382722085352 0.08167328328773639 0.030253600677377496 0.050610718117981374 0.06266104775962354 0.044808891963279675 0.05129734187921933 0.06536826247948263 0.005461135246446421 0.05112811890606904 0.036317838492369144 0.04846163023428833 0.021157080536130104 0.08763256196203376 0.058256717302416876 0.07361679444433017 0.03447862203876208 0.0741763915579346 0.05951870601310589 0.04132990005641768 0.05730380035003625 0.07213642589784677 0.016571695746243356 0.013453737863284701 0.04385263056182846 0.08291576170273793 0.033014412869617184 0.0411395139964746 0.020116666198543454 0.027515872989669933 0.07601095175856326 0.02190338539437203 0.009096826358263504 0.03186703727644827 0.06659618579788455 0.05579995804410867 0.055541259947040025 0.056165745225287216 0.08072950240411618 0.07486228293352896 0.05237751961366824 0.06221437342313324 0.09010347654630188 0.08351075745239571 0.016657965933087073 0.04873951497871384 0.05722909265949862 0.046146003850756435 0.048603133350490234 0.03308222430896269 0.013939183997603927 0.0233806735015766 0.06534391813821254 0.05418362636511642 0.07757306926375168 0.06973230281622458 0.06944150435812502 0.09045649520218538 0.045231669867316374 0.02921062692097095 0.03632856529646441 0.06844884860143986 0.024614724682795748 0.03112715145012924 0.0031727731092344507 0.011727042178278033 0.06328096974785986 0.06360782531288885 0.05907759625562795 0.08658573384924745 0.0611145116547716 0.08578090973369575 0.0539041010318128 0.030349777258531746 0.038947485208788234 0.04071334020680175 0.05973621055049497 0.014066788154109852 0.06932825434063417 0.09265566991228372 0.08732248314297217 0.05234578297939176 0.038213692337403134 0.006329377204925559 0.03152251126239704 0.08350542898169223 0.07352992310329902 0.06411016826169895 0.04443262351659887 0.09139888564281835 0.03845354144668644 0.04244004936431324 0.020312533211677936 0.043797140001828785 0.023152270333190398 0.08248995557432758 0.09073728477232669 0.06935256273585386 0.02547721662505252 0.09096461358563146 0.08692654535172278 0.07633545910775208 0.061142865698557855 0.03933094997588098 0.024927538750186027 0.04838370944178996 0.049366512403835966 0.07287637511950092 0.07047490838007742 0.07329959774816011 0.07995360531009342 0.07431178931180364
 0.0627573717450243 0.02832792949598236 0.03574662225484014 0.033145009546288934 0.06622355327146895 0.04456642106099338 10000.0 0.051137731592651794 0.07396263528839253 0.03759478569169616 0.03577911596204647 0.07804560121359944 0.04329838610861686 0.0692690650232934 0.07521784482681386 0.06655828379769747 0.0022330919415715703 0.0365582256405362 0.03741944934268646 0.05144507724798828 0.05481854174086477 0.05264335800420856 0.020366438482650802 0.0510711406425056 0.06990430024641898 0.07055608866130576 0.047139978688874366 0.057522601265680394 0.024657639651691578 0.07871100265679372 0.03110871622403273 0.037866754228791585 0.04083138395372899 0.02952654709273443 0.024412514677209226 0.005937122030841201 0.034260350881105996 0.07336668068806232 0.06648169525562053 0.041912668914292045 0.05027028186641576 0.07550487436377717 0.04116120012723451 0.06264317243686862 0.03567357160992287 0.027570755144403387 0.047537230387145246 0.055691493322793 0.06988282216966363 0.03836057818765345 0.06851349756756797 0.004062999468989779 0.025280845889397767 0.03927840375150921 0.0588203731414506 0.024439859940167473 0.04488910955655655 0.06641213932898882 0.04132844543629962 0.014178393795364553 0.06343273930738239 0.05445185729482598 0.07487813956561343 0.06131839500988604 0.018394921460717036 0.017647988621661278 0.04572296585677692 0.07081079017749405 0.03833004060806278 0.02137171111159967 0.012876078729391637 0.061228625375835635 0.057350308058452266 0.030556781650699853 0.056867762113850105 0.03635483369352648 0.03942137319226846 0.07765930212868839 0.036857173578432725 0.029991052892613272 0.03972001472581039 0.04953325575545531 0.08231278408104825 0.017475874987119885 0.019674843428983423 0.07417853540007079 0.04491006065390088 0.013628367951680313 0.04564654769267368 0.03528186471342857 0.0710866812734901 0.047642949258483044 0.03913239007521375 0.06761286273053707 0.033389452294645836 0.05159623902583923 0.020022984380490744 0.018205307217452872 0.06764223402910095 0.01724720517357555 0.02564187174079965 0.032127051947879674 0.03773115637696746 0.05175745228787469 0.05046467790280251 0.02585562210331559 0.04793936997942188 0.04515431361219264 0.03318760261996158 0.046292489760550934 0.059222882041490454 0.03956518186005719 0.044103138965374634 0.07084134532865553 0.06993679262910991 0.010319177718985516 0.032205233034484665 0.04241961550679182 0.02697071757953767 0.06537491959299171 0.0511292994323822 0.025087156344324377 0.03178774383668453 0.04777041645374428 0.05696561370455108 0.06923673223528691 0.05326068660544532 0.007327815366644035 0.044603030620390734 0.018481557958175188 0.0698918789543755 0.07489888005712207 0.06626680736992646 0.048715154641126496 0.04808411530323859 0.03594932150509683
 0.06407888423182666 0.028821541453164568 0.08671006295095271 0.04473665102795247 0.08091051704722861 0.00837848028202581 0.051137731592651794 10000.0 0.06667763170530348 0.05037677280194617 0.08644253719970714 0.07389803082578156 0.016230707066404653 0.09617609592828534 0.04693549667084478 0.0713741776562567 0.052218846118681043 0.08742901286734049 0.05379459507854027 0.08151564295963909 0.04956884456885982 0.10289285767697705 0.04151764657657635 0.0803109348370497 0.10116598241936639 0.0896759007304059 0.03750416735897926 0.05785313778329529 0.07043255073206312 0.046734634516264674 0.05965327195267359 0.07368348092795646 0.0138360549823941 0.059460725321561464 0.0446234558903865 0.05545567737170315 0.029496916568601355 0.09574396805304447 0.06508213922839 0.0818572347592857 0.04153129022876966 0.08134976953860061 0.06789204311832263 0.046954110913841586 0.06567178095548673 0.0785831485284635 0.01267668368277947 0.014613288320412098 0.04825363599255397 0.08943516035685165 0.03520233375371585 0.047480728651723106 0.02595203269115256 0.027006980229648477 0.08429669985156964 0.029720698482086857 0.016169570541907523 0.03457192691129006 0.07495530780271514 0.06308775021417619 0.06249736690338465 0.06397853958380778 0.0884113032457644 0.08303554530266018 0.05686362025598411 0.06871129221716506 0.09685613381377907 0.09157835992417156 0.02481738938754137 0.05685464898735023 0.063964493057513 0.052557432307134305 0.05572681672759241 0.034848700028685474 0.01408890090812083 0.0316031916975722 0.07368938161668148 0.05862140964566397 0.08520965865449216 0.07742101303455624 0.07772267741305376 0.09813174774080703 0.04581272645018263 0.034716947008783854 0.044445300957920764 0.07527844544089193 0.022200308861234964 0.03751782843807209 0.00586719328805457 0.016147796947951508 0.07000255374206114 0.07193337363793302 0.0674560674012943 0.09487214189267852 0.06939589669074687 0.09397840887709716 0.06181036703846086 0.03536247713349702 0.042990157503127124 0.04871933925110907 0.06773562410313985 0.019191531679264736 0.0775460452043236 0.10034308515562054 0.09537577374736322 0.06056639306441401 0.04573856044110021 0.013372918327699441 0.03267120448306824 0.09151499170114927 0.08174196780097699 0.07247033826385263 0.05247104859289547 0.09970912126242723 0.04167796430981446 0.049978863223894415 0.028690909624184836 0.05190924520817111 0.027048169179272573 0.09074036013159797 0.09857163758561445 0.07616434868715426 0.027384418708209176 0.0982181890623676 0.09526401117651623 0.08415827178924906 0.06921981581723914 0.04531047920341615 0.03232256836284387 0.05636701239053677 0.054664445058097824 0.08000615196284287 0.07818373878150235 0.08167610649840489 0.08821856707274771 0.08217110134902716
 0.013506570726642396 0.07827525699544259 0.0993306235719754 0.04084041848411439 0.031170955072410918 0.06062344004711638 0.07396263528839253 0.06667763170530348 10000.0 0.03677746845491992 0.09089476775923916 0.007527905590796581 0.07797748555972224 0.05358336147448298 0.03019226870831425 0.01654735919680842 0.07275813653673904 0.09289285081862245 0.03808969248729311 0.05140957666915388 0.020124248444074757 0.10046603820617542 0.08386687412775924 0.04994650871845354 0.06230779042843829 0.0403598700917234 0.031783408766447724 0.016742363520030206 0.07050098525355274 0.0354756826186289 0.04886024595380577 0.05724420448028744 0.05680383520403432 0.05047515137157212 0.04955142384404266 0.07246799708432258 0.0464208417172375 0.047633502667086824 0.009252327995973326 0.06545791246412007 0.027366241239820833 0.020929784632095667 0.04527013223452127 0.019904040732463196 0.049440425025544577 0.09274284099911158 0.07718669768072092 0.05365912067466464 0.022341867545549798 0.10020806465576695 0.038748979681100956 0.07379499527074904 0.06720153603000763 0.08533483461773418 0.04618411555254397 0.05741426971249718 0.05153181289416177 0.03749067734245783 0.05457341723132954 0.07338210430755863 0.011490050212068165 0.02441148283853961 0.0331479737825697 0.04084060586853389 0.09144699608818002 0.08528903128433145 0.10343793081893275 0.04335276002121556 0.0470031822649278 0.05722821173060777 0.07990634278964577 0.01475570659214669 0.016614988799409567 0.08610667535982211 0.05499732005647523 0.04310631870788479 0.055194655441387915 0.01656151631397923 0.0823227513460705 0.07619593789870417 0.06121495411124647 0.09112074373635934 0.04285629861133271 0.07224708434373386 0.05430286113227671 0.012802480102504902 0.08444962019427325 0.06884777417319915 0.06367971235393871 0.06737719563394232 0.008568933853887377 0.0421244579418145 0.047267424593289926 0.053326054472565575 0.05688446446467735 0.0752413318771988 0.06358855006990125 0.0748062377115033 0.0274800670930485 0.057124911712000966 0.06455158475080927 0.06701396033100217 0.06375365562653189 0.09259908621715517 0.08074855864772734 0.055583070352533404 0.02685081219195152 0.05430587264991196 0.08613436103325882 0.07909956614859656 0.04147280959335202 0.053234666983044174 0.030296413640101456 0.05820234621552657 0.03139382511813117 0.06413686834182279 0.04899081240008276 0.03198215460293451 0.07422651671014337 0.04874257174737701 0.08833102013844972 0.0871970146258234 0.08001815327950383 0.09801181792060452 0.06922688161898663 0.03268469890080934 0.03149347717371132 0.0750829141296626 0.036954262809349575 0.059877308991295175 0.013625504115710318 0.019433945778150268 0.026862220238938663 0.055395001811261134 0.06850432584882946 0.07608470512744961
 0.02516481431634893 0.04860793867919181 0.06358169292354607 0.006425420222637685 0.033013781242162886 0.0420993024923306 0.03759478569169616 0.05037677280194617 0.03677746845491992 10000.0 0.05648240767322979 0.04046617919863981 0.05458540725302442 0.045805334525123365 0.04624106159461323 0.029457589986994378 0.036220900240926696 0.05833317182416879 0.003780191236043328 0.031842381633803915 0.01949111987408087 0.06871852702601018 0.05055189874880158 0.030503267839935354 0.05100749534453988 0.04047981068272287 0.019030926204285967 0.02009294070208202 0.03574997619446447 0.05120902339214986 0.0147691021472525 0.02807976869121948 0.03668611553858576 0.015901542457307044 0.0136138227705742 0.03571908782816948 0.02101033152392603 0.04589506551458921 0.02891656653086262 0.03734886701316163 0.01906094080056251 0.03905446745333459 0.018641656436308728 0.03008147419301694 0.01874712061018776 0.05654313828689375 0.05599673701397494 0.044166725921293594 0.038460835600470526 0.06481896579914424 0.04477663638686384 0.03795525729338387 0.03775085917229374 0.05829120434864563 0.033919951897660255 0.027053922825337612 0.03502401080360748 0.04243654607609047 0.027638360404580672 0.036878772546737486 0.02590005537270005 0.01782070908688337 0.04149834603237756 0.032957041863279635 0.05560837588899756 0.04864557631849516 0.06910042348605114 0.04198140754642159 0.025608889403353822 0.02094379194895754 0.04319049504134167 0.025772969373980176 0.02028586842153109 0.05558715601487077 0.045857044286018944 0.018797762741821485 0.027048260433292448 0.043549807009254406 0.04958143905200075 0.042376575119287226 0.032651910930128814 0.06060476046632142 0.057089342019225636 0.03963066646864214 0.01830474121922932 0.03676564824219718 0.060000243404272326 0.035079029749711214 0.045081517876096586 0.042523678248492035 0.03349415630134359 0.02166679207150857 0.01901130280924474 0.04449537315710376 0.0253694064579707 0.049453203602050584 0.027701715410716952 0.04221582696966319 0.038569119821801015 0.02046941368985353 0.030139076897155653 0.04068579884602957 0.033955819939781876 0.0624852754890762 0.053084528238366374 0.020458496608821777 0.013783912946314356 0.037469701709038995 0.056550061418087806 0.050167628890437584 0.031511292994986326 0.025293999548549388 0.00653347496616912 0.04935216500373731 0.042364965234485144 0.027516104454010946 0.022385363316519934 0.004839790471366654 0.044719964586235415 0.040398554423064954 0.059047474351419306 0.05122551958063396 0.05130414321853004 0.06537043615003194 0.04777131245163523 0.036338161045543216 0.01994022062199933 0.03976349449850924 0.02133112513135476 0.023358422525873463 0.03542621115385298 0.03822924626095761 0.0315775833464651 0.03298648023652471 0.0427299191670595 0.04402128778368223
 0.07757199039601058 0.06359480212302411 0.012140832425271916 0.05584210721957829 0.07056629840965985 0.07932327542671896 0.03577911596204647 0.08644253719970714 0.09089476775923916 0.05648240767322979 10000.0 0.0922781307238312 0.07899676172932023 0.061750208706283734 0.10194219303032895 0.07799040894915645 0.03438517530277112 0.002105576357883329 0.05392287864608048 0.0472444427607318 0.0759330677432017 0.017000444999082553 0.05317493549350665 0.04796570310333293 0.057647628572037035 0.06992354005268482 0.07313750903936632 0.07464207417244252 0.020739377267903075 0.10645839686242395 0.042370767371599324 0.03516121619656861 0.07497627882766673 0.04090634465364527 0.04887807613025855 0.03099591968394966 0.0645309323625981 0.06906521037288288 0.08185680915797529 0.03021967275821276 0.0746855909744822 0.08385457107422878 0.04636686073832659 0.08644673261170713 0.04156382836770304 0.01320170836523429 0.0833040149911302 0.08904340307249455 0.09472109105998328 0.010952550548785741 0.09802745113495541 0.039753410495545045 0.06089198718701687 0.07400410724751494 0.0562199398613427 0.05776284376009725 0.07794145449449605 0.09573115172172515 0.03884494123023908 0.023612109707720458 0.07940507643442793 0.06686171866401112 0.0776926075007131 0.061341305570443594 0.04124776281237842 0.019809624900520864 0.01263305120977522 0.06865892826470098 0.06965628262332405 0.03613205776880781 0.023034251437103387 0.08207872682026908 0.07565079656474136 0.06416295810364157 0.09041804979792764 0.06538435948830698 0.0375089445824004 0.09994941034945824 0.01087410059194038 0.014746638763857945 0.032562188220437875 0.016998302341185326 0.11145413296598328 0.05322396598159828 0.04598113738731965 0.08602192110187151 0.0801352495663254 0.049243848520353656 0.08077360733805518 0.07088592767504948 0.08505931970524906 0.05132844007105208 0.04413578572980223 0.06022208110129045 0.03427558922216355 0.03059235954470117 0.0292072536756905 0.05371099588302874 0.09413407189963854 0.041212936887819816 0.026519686288766765 0.06772203563718815 0.0293978453591248 0.018874220386948422 0.025358317202910145 0.036051028006103956 0.07011745876267513 0.07881360955548943 0.06712943973340972 0.02233328655457819 0.059291026736736356 0.03920727158413144 0.06206061281069508 0.060884831260382265 0.09743423672530842 0.03724893063364399 0.06327283562973601 0.06056773440353659 0.06264608870768255 0.06056596418692042 0.020721650951396834 0.01135361652077397 0.06694070682823797 0.012032679604822948 0.04012101079380795 0.07248224884685067 0.06140875231134215 0.04263776573942141 0.07268760387753129 0.034553673757905704 0.09183158809611447 0.08390552693955966 0.0727446459554507 0.042552960939336665 0.03238505492583291 0.016833160160413974
 0.015408700213402843 0.08430700418823413 0.1013566418480645 0.045252624983585704 0.027787064614430763 0.06763762534367042 0.07804560121359944 0.07389803082578156 0.007527905590796581 0.04046617919863981 0.0922781307238312 10000.0 0.08477603054592572 0.04988243748337839 0.03731419382874563 0.014731074418248287 0.0766864673524748 0.09432284651345706 0.041151003298679566 0.05017438371187978 0.02605514644858995 0.10072584160796101 0.08920723209236382 0.048794376994030726 0.05883507563025708 0.036127042489336514 0.03822607077974544 0.020654282226076764 0.07231138209463259 0.04243653498883388 0.051064209538951195 0.05775788542775642 0.06363697662977054 0.05275379480251748 0.053782212148239424 0.07606166484649618 0.05244526627173352 0.043177963418751526 0.011570953820296447 0.06538176835339059 0.03378706354714781 0.015307585028226708 0.046005598612333456 0.02733409649640561 0.050742498134085046 0.09514634374262028 0.08416811331994101 0.061066435993904836 0.029761500865112263 0.1020046083147762 0.046229706847299476 0.07821022760451385 0.07315366222938924 0.09179271679673721 0.043892323356900964 0.06307082478389472 0.058541495802713804 0.04500305627518951 0.054704109300152216 0.0762132994372025 0.014656832346742392 0.025497625968828347 0.02798419317324256 0.038199927598479906 0.09590251788125913 0.08822585714589448 0.10467096503394786 0.039145659212171946 0.053483216959683236 0.060066590941052406 0.08300942016509105 0.021500799571433818 0.02135423753118564 0.09205288322816857 0.06242724015747512 0.04911425541250229 0.05556829829854044 0.023015877623154803 0.08316575961108146 0.0775319328694894 0.06140993146817331 0.09110974043618049 0.04975083231414093 0.07767350001630717 0.058549723877686234 0.007846889837214453 0.09119342511085787 0.07396642509633271 0.07072628420399381 0.07392242170429987 0.007267102154143126 0.041932264387116246 0.048176446491772155 0.04983831015379294 0.05801092031148753 0.07430187983386309 0.0660710920763456 0.08025991189646174 0.034970223930483164 0.06092770028737381 0.06634396352884302 0.07338719178040636 0.06416463191517145 0.09244606430277512 0.08013728771100206 0.05788210699306362 0.03236280059538481 0.0613434789690854 0.09223787449051746 0.07885677017542879 0.03919105377101416 0.053669683443553586 0.033944622361649704 0.054459193587959566 0.03881531104211954 0.06797531584734706 0.05496175816633697 0.03563167140842521 0.08024727805353865 0.04546433185504317 0.08800658257899834 0.0894634345157613 0.08620987111977389 0.09861076009526877 0.0675002289181269 0.028621599367898758 0.03128350287817499 0.07974043528960788 0.04352014721726994 0.06286457683342297 0.02110698659933254 0.013971640147215813 0.023668754498767063 0.054492728493513214 0.06776398436148225 0.0768148374734964
 0.07304437479090894 0.016031381540846663 0.07722575812925506 0.04826248869645113 0.08718765824027028 0.01802040563933577 0.04329838610861686 0.016230707066404653 0.07797748555972224 0.05458540725302442 0.07899676172932023 0.08477603054592572 10000.0 0.0994322070708306 0.06182497526373105 0.07985624337983176 0.04491150716297056 0.07964864022693298 0.057391339087689744 0.08320069037988653 0.05911026386959616 0.09592147638951083 0.028703386786369023 0.08220493610827785 0.10314969649427032 0.09505814304832882 0.04670107486281496 0.06661979483041755 0.06594663326925272 0.06221843677724633 0.06022578473410836 0.07306695138701143 0.02117541198484936 0.059575311772529324 0.04511944107350047 0.048611520882164014 0.03435141355078416 0.10037886154584424 0.07482669922042931 0.08014430125253028 0.05110237102262914 0.09004311602258766 0.06980644902560422 0.059067202396142736 0.06638470064623064 0.06937911757557917 0.00494266499174211 0.03001388610421122 0.061869643563636494 0.08020175780262764 0.050486210260317264 0.03927322292628531 0.019700907470463335 0.010852198783227093 0.08755586128430691 0.02862501648782113 0.026765866566038226 0.049545256644275885 0.07514352122959667 0.05687698624765192 0.07195495367427535 0.0706754640742851 0.0953271111710127 0.08737690730567858 0.04437468898853575 0.0598996382777748 0.08812762721136254 0.09654887480475463 0.03167222146243878 0.05488507644608917 0.05596577019229384 0.06331039520170215 0.06484889842593272 0.019920594832913842 0.029850121480106205 0.0373950012040788 0.07359275535766362 0.07219134956210776 0.07972409035858552 0.07234866890982679 0.0765529447993255 0.09258205458838452 0.061818718268377496 0.025827307965438008 0.043238933364018614 0.08492294111179838 0.006597515874482482 0.03039763291089991 0.015483109550244505 0.012065176971481103 0.07994237860960657 0.07488761746572069 0.06884097118782885 0.09797511108550394 0.06845105583633042 0.09162616224012497 0.05832551005635281 0.025326347580159954 0.05695849335578938 0.04648968085052225 0.06456656232144657 0.014263163865689573 0.07571148984393801 0.09481424357301638 0.09189905227121194 0.05929179912583937 0.053915267156927245 0.024200789875742614 0.017292337880531115 0.08782288540369039 0.08578308095572755 0.07274910854242611 0.05834776571033935 0.10244375033592625 0.0563281600407402 0.04540082014565819 0.03243807096918824 0.057369154277419857 0.016350679409267058 0.09429263507661546 0.0937750028606963 0.06800730784660462 0.013343410394197943 0.09101831488745693 0.09458413805586398 0.09051571749735379 0.07446267492196545 0.03637136935523415 0.04133726249252293 0.053564499328696766 0.06719661098601962 0.0888341677455062 0.085101357164716 0.08242103690384703 0.0866394398730282 0.07781195067723438
 0.04281909122278877 0.09064175078473102 0.07359961010613267 0.0516772567000388 0.022412456439471925 0.0879042705643957 0.0692690650232934 0.09617609592828534 0.05358336147448298 0.045805334525123365 0.061750208706283734 0.04988243748337839 0.0994322070708306 10000.0 0.08002581839388552 0.03716348131960231 0.0670936656982998 0.0637735843001133 0.042487421354352524 0.017825407824045614 0.053459556624760284 0.0626076514345927 0.08828598452030155 0.0182595583879316 0.009061777944308229 0.01402022610246665 0.06159058131954295 0.04574855569701657 0.0490406493318859 0.08567396715779421 0.040152247964176435 0.031835040579746385 0.0824855077239671 0.04126406690208021 0.054519672857647444 0.06416262257364096 0.06678724576914324 0.00857920351737438 0.04576401757346137 0.032076526740947325 0.05915937224072464 0.0352159529834145 0.02989394104726892 0.06381314725299173 0.034363397457758245 0.0707852629394373 0.10133821335186682 0.08893674624593159 0.07100280988285677 0.07269997904926526 0.08392599381085898 0.07194003447414286 0.08094634477333368 0.10140998639318512 0.011922819816724455 0.07089546387478388 0.08062576185540478 0.08183821683832825 0.028064303397751764 0.05881373938388979 0.04564982675223174 0.03555263863451264 0.02329015281145403 0.014117488344622767 0.08644133075620007 0.06877884880366515 0.07161037800354855 0.011124100710502816 0.07137844155389705 0.04844275617133627 0.06584304073806589 0.05576791592156353 0.04823100712725631 0.09628118721673055 0.09062678573963538 0.06457702229817384 0.029990097822381157 0.0693894819341077 0.05087768677680585 0.049644681395781556 0.03152930144156628 0.052592719558773246 0.09289470988903259 0.07977185991592288 0.05728729509008943 0.04204840395250909 0.10427673259584842 0.07435190040682378 0.0908761875313663 0.08744336095974364 0.04503666721548773 0.02455473807594822 0.03128022546677887 0.0016708003535653338 0.03600073345150284 0.03331313495359353 0.04952681979396617 0.0820395199773142 0.07415771718514874 0.055565909990132105 0.04500792685945264 0.08520773001881965 0.034510454042878586 0.05301590391188955 0.03991808113314262 0.04369092153964475 0.05330060387012867 0.08316585781404062 0.09801097352805078 0.04091657269963942 0.014793894953739247 0.02970540968948523 0.044394736140284594 0.004619488181945608 0.07863448920501824 0.06028154595879663 0.06798517980307935 0.04461847112712681 0.08721768117535073 0.005595144412164303 0.04820377141820468 0.0651569480257436 0.09382279367035837 0.06256744272851979 0.023617930964690337 0.02126696975868748 0.02815980590146499 0.07501400149586814 0.06561657932753584 0.051052276199607574 0.06335458233830304 0.036264503262888236 0.026722412010212686 0.021102083598258735 0.029485598155964698 0.04521250573216055
