NAME :TPP_input_28_4_3
NUM_VERTICES
109
NUM_CLUSTERS
28
Full Matrix
 10000.0 0.05726281490200172 0.09111781580566701 0.05589229711278592 0.06928474746157963 0.0441421977772719 0.07143988119022668 0.06417811221781948 0.07487817598682357 0.07149363739767148 0.04463424076304472 0.06829747403634052 0.05667525077600571 0.011852671769991545 0.07862639294360765 0.03167308703174999 0.06307517108928201 0.050948964146677676 0.010153757921896706 0.07378628497405182 0.019672970477454678 0.08211640707185162 0.015579574468208743 0.021929737968632894 0.07824030122442356 0.05486146724354031 0.05207139687521619 0.06543179863031907 0.015920995085174746 0.05567158459892304 0.011347422711037588 0.04800973762796251 0.056769149518978136 0.034036459542562035 0.013152831795192662 0.0026785635149123854 0.01804142653558295 0.044167304594415945 0.006413459960394515 0.042180233660002384 0.04662136469904348 0.05853226442841041 0.037633662860174485 0.06622240310377206 0.04194171391636672 0.04741338268340134 0.0853390076090181 0.06520198555821612 0.061756201849249404 0.04664501513981522 0.06431626005197891 0.05797266535511215 0.04551386414490609 0.030394333907317467 0.06339848538579192 0.021096924366270618 0.008362439919865532 0.051063382985918025 0.07051943788113009 0.04981229055972736 0.06878587607045615 0.048119689360542325 0.05137161267875334 0.022209456934580787 0.02735437523493207 0.00884075202142714 0.05703920321211378 0.06673875722734833 0.06695684358374493 0.05358778723640757 0.058822413044497764 0.07174434936213063 0.03710308515143688 0.06366230564503922 0.04058261497567428 0.022628782489471748 0.027483215169915705 0.07757538525157981 0.033077383517846705 0.01391286377358913 0.06206299138939754 0.015011581048313393 0.028531901649677206 0.03623303184426753 0.03918830541536713 0.03951796179574025 0.06990565637829647 0.03545774864328741 0.028884017153796435 0.012896832237129568 0.0286893728385157 0.04003553535657097 0.07292133129069148 0.018194734594730224 0.036065182835917246 0.01576346562847504 0.06943224734864381 0.029503566485792377 0.027317554854510855 0.01860672998938339 0.0776878684077202 0.0498848018519344 0.028302073616114434 0.07966830633503333 0.039361672520629096 0.04410568283389548 0.02704667421336029 0.06270740627292187 0.03999076809075012
 0.05726281490200172 10000.0 0.091482988336882 0.020050511090262017 0.08299872635252119 0.08143532445087408 0.04980561731195917 0.10308371306424619 0.07822878223286957 0.0472039284831915 0.04760960155780881 0.017583969909612817 0.10688238486380176 0.04585844018969388 0.06377844360541428 0.07430210929014869 0.07461813134347521 0.04360458600248665 0.047109648109285134 0.07342780177215376 0.056038782708079896 0.09125874832817253 0.041685273493425004 0.07831407858673636 0.07178148253229283 0.00637933987046856 0.016747353469050753 0.04472342639783573 0.046276485068232384 0.02731062293741806 0.06762949572718832 0.07454813425233577 0.006578443161239597 0.06279304233401793 0.05423878920846449 0.059862110303865144 0.04287478726990018 0.08729874336405755 0.0635660406409387 0.07262382691674178 0.051068774806769746 0.07685370565296712 0.041968596633447236 0.0946523190553488 0.02564352941618869 0.05735037982795658 0.078912543054645 0.0627833116515219 0.06002019316326553 0.10132399022960976 0.10525002373744353 0.03412537507119598 0.013200316449573117 0.07447330217473232 0.08056217586034775 0.07113223394473853 0.05501367164647036 0.1021870453435568 0.04406459109848094 0.018933549306144427 0.06813191744960238 0.009259335308332912 0.07451152705701161 0.0665538346115689 0.06524038938957522 0.04853006117358651 0.10195559286035095 0.05305215396561518 0.04629971710602513 0.01079279236384246 0.022677012584871495 0.08875752991505181 0.07213321635301717 0.10179281272007305 0.016742360755074473 0.058939898192239125 0.05290610866518669 0.0771006786045988 0.02441931476750744 0.05895027352693088 0.038480323817132844 0.04226808453349849 0.031222701633285437 0.02648974664544474 0.09538188082280838 0.08348179550128758 0.05972509645209142 0.0356373369853182 0.05268870189692206 0.05940742974448043 0.03215247351213422 0.01877221282641651 0.019511389363456644 0.06966146166907744 0.08056546627360371 0.04389508757611932 0.022255082077643203 0.043988410409636 0.08170889348133778 0.07287873877689009 0.06972941190297709 0.04721045566990283 0.043210697990319506 0.0686646911271957 0.02219373095834056 0.08617635805657237 0.05718369297992437 0.015820299684711568 0.024738810223022822
 0.09111781580566701 0.091482988336882 10000.0 0.07151449959156389 0.025349739363354034 0.05988559386231069 0.044008689937302774 0.0632923769983942 0.0162900793261285 0.04725288645159481 0.05061549639040862 0.08155126097593815 0.08685444604818163 0.09109792548221626 0.030427619145878708 0.12277605237396094 0.028640806730090305 0.04982808494890198 0.08842365622336215 0.018912931874596316 0.10839207221274019 0.01451956091771488 0.08779810162315452 0.09328009714111381 0.019968829846699194 0.08514744247707011 0.07491642130941703 0.04748043519939814 0.07803715470620996 0.06418415016229542 0.09935439123887671 0.047647226077132634 0.08503534061472376 0.05800797843712855 0.10183952003192268 0.09257378673681085 0.07835565014477552 0.06838360555527745 0.09440753225842358 0.053677587054190436 0.04734793756395183 0.035509120679809644 0.0591751350775678 0.04481606691543619 0.07023074192144522 0.04431832120629955 0.014148702649996472 0.029696232831810096 0.033070566443482344 0.09655123770836117 0.0675054585590402 0.05741101927632873 0.09363235078751594 0.07087072480051179 0.03165196063608444 0.11157933522579447 0.08275965462748311 0.08712100171836501 0.05053175649218005 0.07321593203201081 0.024551010481146163 0.09028834120267812 0.0432700610704778 0.11330349976564111 0.11786891453051027 0.09005371658665681 0.07397297087747459 0.03859985860934144 0.046182036319396214 0.08076769202770313 0.06938304603605355 0.02773703151881669 0.05973070933072985 0.061640427095286485 0.08639119089193303 0.11204096239230799 0.06379507343318716 0.014902924969975664 0.08938973581521431 0.07800621927195499 0.05345878103755452 0.08706580360975694 0.0952251480319787 0.09948035880831485 0.09952613570227208 0.06971320468441337 0.03186016482932141 0.10776229294109327 0.1142908229681112 0.10364554252725136 0.09696231536186932 0.08129393708421524 0.08559913037430601 0.08191342065047034 0.07067986857933968 0.09502964438641748 0.07668032913011284 0.1093246239877934 0.0884999000819112 0.08661239837673287 0.022244137113237143 0.04761520721506875 0.10772727277168083 0.02454161237050979 0.09795811951713738 0.06666318066277532 0.11499886322664192 0.07842594427049351 0.10165587797170131
 0.05589229711278592 0.020050511090262017 0.07151449959156389 10000.0 0.06457540838897814 0.06861236134314061 0.03003609814635358 0.0891848493265174 0.05867149514461539 0.027661534574776353 0.031016728952622356 0.014982810499944902 0.09703945497878987 0.04660590347786347 0.043833211293130975 0.08011632384921126 0.05630786610852064 0.02514645533816595 0.046466675948328595 0.053680774094628576 0.06143398332127095 0.07193511159345216 0.04174317354830621 0.07414279425192787 0.05175298049360974 0.013843904181413307 0.0051070263841030954 0.02471645538518503 0.04128125138287039 0.007374778076726841 0.0671906882668441 0.059471829899593806 0.013533825668578173 0.050164499029398874 0.05754604587448908 0.058556517106805935 0.03832778214491368 0.07582045422007612 0.06223249186436857 0.05883446199989523 0.03405431332236053 0.059652202124113485 0.027982950121834483 0.07845742094273646 0.014325781698613996 0.04054045543040607 0.05886219890125486 0.0432096321068221 0.04067313355261227 0.09441657028555628 0.0918718183155444 0.014105733701644436 0.025830881475120252 0.06470122196224552 0.06287105244644778 0.07399436655774584 0.05091646183803109 0.09302975071581437 0.02470810358713587 0.006258018880423448 0.04851852402651525 0.02123135759010237 0.05859481328225759 0.07108580359094752 0.0717153497560249 0.04831709554225817 0.09012318771898613 0.033014429731475566 0.026328292225331347 0.009680300947446535 0.0036128128938660376 0.0706014040984025 0.05975131946408494 0.08773047477437614 0.021741038220468436 0.06495755067719206 0.042018080095912916 0.05726617109603872 0.02935434669516242 0.05271230597163772 0.018459289971670963 0.041876831555362266 0.03763577730581695 0.03698240469769916 0.09012860899557673 0.07264007761809098 0.03970575906265792 0.047032102305243705 0.06133828076201463 0.06219285212836949 0.03922419742995396 0.01844556999258737 0.020361419481174006 0.06343407393716995 0.07021068073448988 0.04681064705477541 0.014027539977623297 0.0532440075361522 0.07570831978885881 0.06760434050595346 0.0496855847440533 0.029168290996433664 0.05200558929910222 0.04863061790817502 0.03353938348095417 0.07443121074564354 0.06480343959380812 0.00929975742547291 0.03721831792921597
 0.06928474746157963 0.08299872635252119 0.025349739363354034 0.06457540838897814 10000.0 0.03455825839946085 0.045325207100765805 0.04008030902174822 0.013959615458635168 0.048408348203453376 0.03605541337351455 0.07773560123263305 0.062139230299225065 0.07139695003590427 0.03711322770694996 0.10053290438874278 0.00839433764052302 0.03953809177863759 0.06840140346151036 0.018708908918640122 0.08782240199358705 0.013036194169417599 0.06891020443655325 0.06876545312613039 0.026698828707663456 0.076709718541259 0.06646226955590012 0.045414928021703264 0.058232959197978953 0.057472820653500414 0.0763375405419095 0.022873604842914442 0.07718306788133725 0.035266606501017365 0.08109376301809139 0.07037130912885733 0.05935203283357147 0.04304855663965233 0.07171613830263346 0.029083083212013 0.032438238835331284 0.010934573134675793 0.043671262088163534 0.021942324843097806 0.05836788946218935 0.02690335401962264 0.02859028607829774 0.02380293107507892 0.024939056870575734 0.07123131462537168 0.044232155311206056 0.051719986641493916 0.0816445535066331 0.046115712729550215 0.006430967073118406 0.08886190366097746 0.0610982390076316 0.062036467788297 0.05097178481164217 0.06408252669394585 0.020039912733238317 0.07936873260576266 0.01867203952834607 0.09139121132134473 0.09658031613189709 0.06978792723061095 0.04952734696790283 0.036917485511544494 0.0449532922924685 0.07236893181876766 0.06363360799473682 0.006399884464365005 0.03515176078680588 0.03834471543652991 0.07374063136286035 0.09127818210346063 0.04322397310971852 0.01916969754341331 0.07456277527677407 0.05557278995418054 0.049675742690823574 0.06804531404998544 0.07884626439687162 0.08446696103785493 0.07422367418005882 0.04439153431747943 0.03182402983951017 0.09138372578856475 0.09492780297455125 0.08213377486005483 0.08044978289991357 0.06876905677037207 0.0826677432100241 0.05793161289191085 0.045472610016096905 0.07587373409109134 0.07389522230418238 0.0912232422467652 0.06356623971576938 0.06240072500604546 0.028506380449470275 0.03579137465333047 0.08962599010995738 0.03251553140640785 0.08389516609444082 0.04132006561404781 0.09484406677820649 0.07318269388817576 0.08728009361381435
 0.0441421977772719 0.08143532445087408 0.05988559386231069 0.06861236134314061 0.03455825839946085 10000.0 0.06418618198927618 0.022052238709020847 0.04622187930916955 0.06623147938853215 0.0390068137932802 0.08358971740426606 0.03130952095580448 0.05114532935258645 0.06281354714388215 0.07218927784664651 0.03298068704301093 0.04723118610731136 0.04787665286988796 0.048532437769258314 0.06380080301880654 0.0469457061932044 0.05090639571206661 0.03622877634760035 0.05600962728582191 0.07619818810435892 0.06788643270316208 0.060827640390999305 0.04033391032237186 0.06357152909620178 0.04746258104452018 0.013691630714920279 0.07746658186775887 0.018696856074986543 0.05727423338789771 0.04413782043567264 0.04310737812249508 0.009297333183466473 0.04405900158278233 0.010377804619148185 0.03721552825171965 0.02483404837157648 0.04068121162861063 0.02286512216706395 0.056446580378500824 0.031811879634646954 0.060600710770062544 0.0460302246822498 0.04420818788494973 0.03709001767939002 0.02383706878478883 0.06083399327745405 0.0747164243823318 0.014375603802732815 0.028239544405018014 0.059988423571739675 0.037678771081825706 0.029413647297961375 0.06737945074790405 0.06502270315742081 0.046127477886264964 0.07454670529923035 0.017819817679217476 0.06419307422208746 0.07043788836740587 0.0484642982583816 0.02176402303646087 0.0558858206236773 0.06140165639062712 0.07268492982204719 0.06952739283162725 0.033794680908617 0.009350685950133721 0.021017631414491162 0.0669870811913368 0.06658258965188496 0.028714035467537785 0.05090606948933145 0.06378459005439974 0.031009683290319973 0.06177837359443019 0.04989855520298553 0.06444808522237229 0.07185984450709719 0.039673071426810244 0.009834303775647221 0.054469307456175606 0.07544486653703587 0.07286789490967485 0.05647056665001446 0.06556537733738334 0.06319757036603642 0.08896962783939931 0.027835645119202383 0.01133284223697661 0.05619542378209212 0.08171023947722068 0.07199335109170003 0.029949013255154276 0.031124476326229916 0.056857051386625 0.043280887087108644 0.07054948173342301 0.06043796603115734 0.0730742425840778 0.007475753521221847 0.07117543684849824 0.07786547895149389 0.07546423300455396
 0.07143988119022668 0.04980561731195917 0.044008689937302774 0.03003609814635358 0.045325207100765805 0.06418618198927618 10000.0 0.08014294681819123 0.03475383847045872 0.0033026029256707765 0.02861330112169523 0.037774023577776664 0.09544644564883173 0.06591730283030871 0.014199783947025936 0.10083272687289632 0.03864352547043514 0.020774352361701158 0.0644237757137733 0.028979495319626375 0.08312923921054399 0.04826678098405717 0.06133507561398806 0.08372597565431016 0.024197209671961414 0.043802675060356025 0.03449471276730774 0.006353856183988802 0.0555581814546692 0.023505908138575282 0.08232651666222272 0.051324274083465675 0.04322830718852027 0.04976299243395284 0.07773069786864162 0.07378212758939431 0.05397424250342004 0.0731802223907348 0.07691964058139512 0.05392277982677241 0.02851604924334813 0.04539219450774891 0.03393526450139387 0.0647891862689317 0.03489607094206705 0.03260342811122767 0.03028151450222991 0.021619934829636787 0.02147971613743781 0.09800519135869613 0.08374960608595709 0.01709657894047802 0.055195663423310434 0.06679822905552536 0.04649087111422451 0.09214324171064765 0.0640642690651747 0.09296772906512264 0.006523718650091278 0.03374190637644109 0.025510588414059673 0.05093149756028625 0.04837175557088349 0.09116654068275774 0.09358156950680357 0.06637397669623447 0.08533141569218188 0.008737263369989704 0.004626003658584295 0.03971639344698452 0.02713233939736818 0.05171149600390174 0.05772610636260236 0.07844504503678218 0.04949306600035897 0.08690544766870813 0.04739160548101327 0.0315567598472715 0.05524565349985625 0.06263247368498913 0.01202340090210332 0.061013037456888804 0.06289103084805031 0.06452373168703261 0.09661803792153502 0.07162443950100841 0.01376705646396604 0.0742027900272032 0.08572416994889206 0.08136070917929467 0.06465795186582882 0.044887959334247725 0.041624152397767976 0.07146913675532855 0.07043127719906775 0.06806432402154075 0.032750726536586214 0.07865175243485577 0.08246499051959609 0.07642902008316214 0.021831510651545125 0.02306933197356118 0.07719736628768412 0.019671713782541633 0.06178048687599126 0.07143521159785586 0.0881325100785489 0.03528391797966079 0.06559450165531892
 0.06417811221781948 0.10308371306424619 0.0632923769983942 0.0891848493265174 0.04008030902174822 0.022052238709020847 0.08014294681819123 10000.0 0.05398506138575218 0.08267478329645848 0.05853381168792657 0.1040570948846608 0.02559069438312363 0.07239092509396984 0.07546987787267023 0.08913501790457193 0.04309915345253108 0.06609366930448755 0.06915848418814405 0.05817432744183987 0.08348986488724104 0.04880305522184646 0.07255745721379547 0.05102682084791761 0.06624077554943755 0.09766415797233673 0.08893276503140521 0.07796786800559014 0.06220999576226926 0.08356267285630485 0.0652036980153633 0.030013515403600314 0.09883837748383598 0.0403444861562721 0.077265871326373 0.06368613818965922 0.06507171116783297 0.02011098922550694 0.0628420581029865 0.030539364681791886 0.05606392937939593 0.03516505195195336 0.06164852721155421 0.018514366315485115 0.0777830805919293 0.04987197584790495 0.06866989945250399 0.05952549746866808 0.058799000584485485 0.039868491491279856 0.00421402578285817 0.07996257265386537 0.09672676802084174 0.033882475889319495 0.035649149262679876 0.07702969467021147 0.05864735670530277 0.028136210699352807 0.08439920517824628 0.08609483110313487 0.057779877531057504 0.09644047117571056 0.03202859921812048 0.08223545905958793 0.08888302084292783 0.06954491395680795 0.01290330007140461 0.07143940180850356 0.0781890313067541 0.09398804731206138 0.08972155008533085 0.03579836397417595 0.03135567042527899 0.001751343586701184 0.08895412854785083 0.08588817883463991 0.050669563901020086 0.05918667082421692 0.08583395628415545 0.05202725466679877 0.08006269347011907 0.07154972085734121 0.0863213453750119 0.09381311159307656 0.04685775109053268 0.024722657460583528 0.06834533808203538 0.09702264548194763 0.09304729338178822 0.07568764094911871 0.08738190911145403 0.08505625452916638 0.10941774305994435 0.04641094562230657 0.02814133234435636 0.07743263672799144 0.10170185407008642 0.09300011871424997 0.04344383162980175 0.048197168283405416 0.06774918016708101 0.06191417021660833 0.09161789886006708 0.07170277502083426 0.09510415174245773 0.020073377168580254 0.09079245916599685 0.09848449341569009 0.09744505425445085
 0.07487817598682357 0.07822878223286957 0.0162900793261285 0.05867149514461539 0.013959615458635168 0.04622187930916955 0.03475383847045872 0.05398506138575218 10000.0 0.038022903147617956 0.03482825749956306 0.07031787233376803 0.07534974563757754 0.07484217598826219 0.024268274301119202 0.10654679298142639 0.013399583578580157 0.03518266790915681 0.07214782468138264 0.005814831112114137 0.09210725183177923 0.013622756411810003 0.07160599121067954 0.07791684827955687 0.013091675717280217 0.07184944642512432 0.0614861162473911 0.03639723332433802 0.061760669775464405 0.05130761576531933 0.08329279422983606 0.03309194183134008 0.07197996759195305 0.042081823994068485 0.08555002587893211 0.0763743383663617 0.06213085993551765 0.05521832217259293 0.07828520708726491 0.03877970908194247 0.03142933441270788 0.02140001212381469 0.04333295160363304 0.03589980733909882 0.05548962741762111 0.028058398535556105 0.014800889833957515 0.015465787316345658 0.0182926395962478 0.08330606818564869 0.05811529303822708 0.04483540274062975 0.07908330041805323 0.05587951291029359 0.01882082706221752 0.0954316482601065 0.06651679225746138 0.0748141068404701 0.04098130623683322 0.059490989094370166 0.010163711561507152 0.07608401520522969 0.028695722397266102 0.09704906613395813 0.10158131686907153 0.07377014593579202 0.06299689038642267 0.027294288492161627 0.035509523195905064 0.06743599230055328 0.057038357360018464 0.019376705594212763 0.044707018427498496 0.05224362434992869 0.07157005920949178 0.09575274765864579 0.04751650268616655 0.005210517306010082 0.07396517362827376 0.06188055333895101 0.041687287086453355 0.07085881358636383 0.07946408534571249 0.08406211987514321 0.08537413681904926 0.05588012687764107 0.021035899114269747 0.09204790386087065 0.09809152851644735 0.08737078018297015 0.08118003305615759 0.06646739305682868 0.0748632260107044 0.06626879397995157 0.056402948397655576 0.07882438468527175 0.06590628153298822 0.09328421346425403 0.07358642479527107 0.07107171052904401 0.015160689771012136 0.03242252502028753 0.09168345592882786 0.019099724959129788 0.0827911758923554 0.053423672821988066 0.09873520727871087 0.06645738837317917 0.08642003813838636
 0.07149363739767148 0.0472039284831915 0.04725288645159481 0.027661534574776353 0.048408348203453376 0.06623147938853215 0.0033026029256707765 0.08267478329645848 0.038022903147617956 10000.0 0.02967214728788175 0.034685466075386015 0.09741660293846875 0.06547300109264517 0.017245207840566733 0.10040551346081829 0.04157060942850838 0.02146208668781435 0.0641285399297392 0.032257966707922595 0.08249581258412433 0.051551674219049756 0.06081030913962685 0.08453556600586005 0.027479404747037185 0.041307174910488804 0.03229814562272139 0.006159447858421055 0.05557518204942226 0.021493239468920594 0.0825078252492158 0.053582303834324614 0.040638895825825784 0.05124788826685165 0.07726681197784416 0.07389250940395642 0.0538122217313222 0.07513002026528384 0.07711617333943922 0.055910728913693294 0.029954364339474914 0.04811638984818577 0.03428045266298734 0.06759883830287435 0.03367826293833342 0.03448329069897632 0.03346024092240638 0.024637843480966842 0.024253720536987024 0.0995022281186817 0.08622378365647385 0.015495192980072701 0.05313458803489711 0.06824543994214648 0.049388311760449236 0.09201475833909578 0.0643186675938448 0.09478872174848038 0.0033275392103707365 0.03176159502493802 0.028689738995977272 0.04875254408408506 0.050782787881668325 0.09078645848205052 0.09297007983097422 0.06608607467516912 0.08753813215442181 0.011574429948773326 0.004980707190699003 0.037318377770674156 0.024593670135028556 0.05480266973934204 0.05948245636216151 0.08098873048996734 0.04773712576622004 0.08625514875055629 0.048227514222329224 0.03485843462172395 0.053830358317440895 0.06322449433958269 0.01042936630661835 0.06053992179871201 0.06163118691417148 0.06289866353206533 0.09781997007004577 0.07341262013092201 0.017008262849125398 0.07268538708562003 0.08471471435775772 0.08104826971216966 0.06338329660558642 0.04327589680044226 0.0384341404131118 0.07235224755838712 0.07209282476884837 0.06739434982149346 0.02959801619115575 0.07745378455849544 0.08356350370402171 0.0772690969632329 0.025106190781472543 0.024235723868419635 0.07602749578558257 0.022845312776294167 0.06000751963192766 0.07340552098534883 0.08729089583498008 0.03241237793538413 0.06380733148667364
 0.04463424076304472 0.04760960155780881 0.05061549639040862 0.031016728952622356 0.03605541337351455 0.0390068137932802 0.02861330112169523 0.05853381168792657 0.03482825749956306 0.02967214728788175 10000.0 0.04567003081531597 0.06930970908041538 0.04169077860231996 0.03400211155058066 0.07558319740824589 0.02770627360336023 0.008544769333614718 0.03943851733088586 0.031827338048362665 0.0593292334418738 0.04610588141177485 0.037855867586061034 0.05515395711937816 0.03453032102827812 0.041499661246517716 0.031666672946682 0.02362416450677638 0.029410832036210165 0.025039519818705655 0.054928175213980676 0.02859636156432381 0.042250068271915665 0.022042220499671927 0.05315293367889722 0.04672626471815583 0.028851286741457066 0.04719859911653968 0.04953303485527666 0.028759917335368042 0.0036241974328792568 0.029244867402708676 0.008564438249531976 0.04752204309625471 0.022398124928006108 0.009749667059573447 0.042013765345284636 0.021677342202040678 0.01810570729802414 0.07006570162711019 0.06145140341766318 0.021827794990166065 0.04559588873264215 0.0388136391737967 0.033032201239108855 0.06571818843218664 0.036684273292525216 0.06614048385272629 0.029926716531878842 0.02901504755033897 0.02626291008640088 0.04336672404075338 0.02757974457535932 0.06584875278070439 0.0693949379801328 0.04126602184179316 0.06077073279648756 0.02243932810332293 0.024706336200778396 0.03732707580803401 0.031243709239853514 0.041453321888387545 0.031023326062377954 0.05702031725079189 0.03772437249018308 0.06309463988345476 0.01886782439086584 0.03585923214446907 0.039254288654917084 0.034382483169535384 0.02315155177463209 0.03723493473020202 0.0446496645666326 0.049330994511058844 0.06814942371733985 0.04483740160876144 0.025288054215306895 0.057223932611914774 0.06420150269633274 0.05591856178415313 0.046374530674434984 0.032724620505063806 0.050998074510038856 0.042869215997178606 0.04312069483292674 0.04509686114104156 0.04316808245479473 0.0587999888128988 0.05390229929406069 0.04784505456900433 0.03361822790861781 0.0055742736182506055 0.05720941384009096 0.03521575914215584 0.0483022397151366 0.045603313149518654 0.06543021628672929 0.0402657704151681 0.0518396705230559
 0.06829747403634052 0.017583969909612817 0.08155126097593815 0.014982810499944902 0.07773560123263305 0.08358971740426606 0.037774023577776664 0.1040570948846608 0.07031787233376803 0.034685466075386015 0.04567003081531597 10000.0 0.1119106588332275 0.05795073815226874 0.05192834479669891 0.08941169962334036 0.06966536170604912 0.03906085601954382 0.05840409206108491 0.0649215837238667 0.07076856332198171 0.08387363779802828 0.05326116751795371 0.08771959347405071 0.06158958422276562 0.015134495020151875 0.016803916482469178 0.03419489292149283 0.05470622505391342 0.02077405847519465 0.0793699328022116 0.07424001615331195 0.013228524670849015 0.06514450272740328 0.06790782493355779 0.07097486890434536 0.051532709877778894 0.09078657655199665 0.07470929912059612 0.0737746307676484 0.048517633518801326 0.07371260150456342 0.042964341114019235 0.09283090592974964 0.028508025439633378 0.054984065713804584 0.068028227624941 0.05512464725089758 0.05309026604515968 0.10880966233714354 0.1067959267384509 0.02601564441126529 0.02948568306688245 0.07949112647936474 0.07661871338679921 0.08477657535248266 0.06422653697718678 0.10781337130453396 0.031358639335438726 0.019528223681160688 0.06021965062619181 0.02463695922934894 0.0731669953833226 0.08099697044058836 0.08056242144261112 0.060115906832452576 0.10510502432737835 0.04329434342690362 0.03539248671654753 0.014869231927597704 0.014479548082868887 0.08393849173772105 0.07473242786519882 0.10258369972657265 0.029450017645622422 0.07399271462536097 0.05683727454698585 0.06815030477929063 0.037921856880840904 0.06668978086948052 0.0286306004760067 0.05359124828336786 0.04584863776498697 0.04270371610747821 0.10410585023230358 0.08756401831232613 0.049969959603472724 0.052399335491938995 0.0687561596584828 0.07287829526264807 0.04712442821242555 0.02845592891880823 0.0053799142844624575 0.07751163122001413 0.0850859386073004 0.0571509233207269 0.005437021228018408 0.06016143628686209 0.08980980411526159 0.08145760147285601 0.05931060795351525 0.04323764624947804 0.05919614907719527 0.057433553447050464 0.03855743494850446 0.08940598310411223 0.0729009820502924 0.0059068460050227265 0.041589349466109454
 0.05667525077600571 0.10688238486380176 0.08685444604818163 0.09703945497878987 0.062139230299225065 0.03130952095580448 0.09544644564883173 0.02559069438312363 0.07534974563757754 0.09741660293846875 0.06930970908041538 0.1119106588332275 10000.0 0.06749509968175321 0.09387345960143201 0.07400602859243222 0.06279598443614962 0.0777674131896098 0.0646721264714951 0.07852884777263291 0.07351132399651884 0.07265272803497944 0.06937258204627998 0.03713671593427714 0.08633335839910743 0.10244931392365886 0.0954550892063446 0.09188975425048607 0.061265304648019346 0.09287616941768119 0.05322678179889628 0.044720682188888264 0.10398195585937302 0.047488877883842644 0.06841472393883552 0.05517596674784092 0.06462506799794657 0.02228856671163599 0.0529452453531767 0.041524510207304445 0.06795915738220741 0.05437963847062095 0.06931192586881012 0.042619726158988194 0.08365617917620523 0.0629347700175775 0.09011115464672483 0.07713590680422203 0.07545930707067991 0.016609478548813953 0.02197485899378405 0.09096973464063968 0.09783441409245047 0.03255199190680769 0.05654629143116058 0.06283083727351722 0.05426258947335286 0.005836786161894102 0.0984325167148082 0.09260851457505709 0.07678686133565177 0.09884259395680689 0.04846715047498549 0.069222815577949 0.07614466597253927 0.0643222878077913 0.013088378590341943 0.08719009521325888 0.09254329816134547 0.09950994425620856 0.09847519274503677 0.05914287625248211 0.03829012763492236 0.02683131327356288 0.09090625563614754 0.07494893790406536 0.05508366216883087 0.08036677603144027 0.08564839509807032 0.048772168908258307 0.09240948092186357 0.06844325503191384 0.08366545631164224 0.09154264331531199 0.025758039970949557 0.024564027360146637 0.08568589009420191 0.0920775592546928 0.08365742022533454 0.06529892014940432 0.08425568801792642 0.08811250752627948 0.1172407916140262 0.0391461215454755 0.02682886335664752 0.07212202421959815 0.11071478182263146 0.08596485400098153 0.029926907366606276 0.038102525682837236 0.08741203932818556 0.07400626580713639 0.08485942028012701 0.09114010090028063 0.09389527147932769 0.02401417883696354 0.0802215472803129 0.10603640622529006 0.09535147319405947
 0.011852671769991545 0.04585844018969388 0.09109792548221626 0.04660590347786347 0.07139695003590427 0.05114532935258645 0.06591730283030871 0.07239092509396984 0.07484217598826219 0.06547300109264517 0.04169077860231996 0.05795073815226874 0.06749509968175321 10000.0 0.07485692137296407 0.03493362631009312 0.06429621470813465 0.046412609233683975 0.0032751453887893225 0.07285417752570285 0.017648691240846143 0.08372631762907487 0.004880099253313348 0.03375307170244179 0.07620483038936332 0.04392421516955598 0.04233690092816706 0.05965732992575744 0.013197847698025423 0.047537223931909095 0.021779911128298333 0.05212875391929857 0.0458732700375872 0.03734571921000371 0.01181443051400608 0.01426592175962893 0.012863783797525329 0.05287813781511232 0.01786191466892832 0.04697258903361645 0.04439476409418108 0.061171008950979544 0.033571284772542676 0.07185186672232881 0.03346040738531029 0.04678430670646003 0.08363540621759848 0.06325871638592463 0.05969815598144851 0.05830292708459182 0.07303795389870962 0.05090733662379265 0.03379246956487635 0.038677590312303396 0.0660420626842638 0.02742544174598679 0.013826321989037282 0.06202776744100048 0.06403835420511372 0.040371584964915413 0.06749012749258818 0.03663830926992552 0.05479228946655839 0.02533237698099991 0.02787720808024221 0.0031883157726091756 0.06659615138654826 0.06246784249591853 0.06131062089722381 0.04309580431950922 0.04980801572896035 0.07477393753479952 0.042890230329496674 0.07166651004764288 0.029356976695868602 0.02142771169806485 0.028175200275955294 0.07681404202964476 0.02148520831958736 0.02036976513286567 0.05545769003430518 0.00495171159157199 0.016712591224245617 0.02448533510655323 0.051026014710965496 0.04827935742531637 0.06659300947558244 0.024906745408515295 0.023531380024265705 0.015788551478374623 0.016980393940310017 0.02949500059338633 0.06232380852362939 0.0283788164888849 0.04482755016400553 0.005052223406619003 0.05959808923331853 0.020920567180863707 0.03876491799637007 0.02984788829416242 0.07530359125814637 0.046312092690552635 0.019437311184743983 0.07674265784186456 0.027517185221668284 0.05250841341999406 0.02390900567560519 0.05257753106968718 0.02827154996211517
 0.07862639294360765 0.06377844360541428 0.030427619145878708 0.043833211293130975 0.03711322770694996 0.06281354714388215 0.014199783947025936 0.07546987787267023 0.024268274301119202 0.017245207840566733 0.03400211155058066 0.05192834479669891 0.09387345960143201 0.07485692137296407 10000.0 0.10932818318851142 0.03238183715304111 0.02849160299630119 0.0729135225869913 0.018642589191502044 0.0924430757432793 0.0368873974339786 0.07060176728679297 0.08781114128732018 0.011625845530428443 0.05767059288495774 0.04802088145622862 0.019151516347310632 0.06320901512341857 0.03693412359159994 0.08888681626124417 0.04919001488637708 0.05720278948089131 0.05179246362299158 0.08656736562001237 0.0807281766176865 0.06225863427681828 0.07210042094048899 0.08350360660522181 0.05322313819725067 0.03237239788261178 0.04041275849562649 0.041400147678149236 0.05844286063558266 0.04660239603530498 0.03390765303471664 0.016382703156798822 0.016787158901844866 0.019017980345650606 0.09881159608119194 0.079392129751358 0.030181367465148778 0.06834431453837021 0.06840981629786608 0.040037488228763476 0.09969681266886311 0.07067735681047563 0.09221959946886253 0.020572746788465858 0.04694538466603481 0.01769790139122654 0.06431085173137317 0.04542713116302999 0.0995870545000007 0.10273316754247949 0.07480562614273474 0.08258015122258924 0.012581296803984943 0.017506043352251168 0.05348045846309459 0.04111885510413265 0.043175153507927666 0.05810152925791551 0.07372322516075513 0.06209349991961879 0.09623630652074021 0.052329294047706594 0.019910213615580902 0.0670263772499902 0.06801314316445348 0.02540678086643391 0.07012699041014483 0.07419997305865535 0.07670502471462536 0.09882001509768626 0.07143311496563601 0.009005598041968366 0.08605894890410459 0.09614281354622813 0.08965957403409933 0.07598597899083251 0.05724497401988359 0.05563571731834805 0.07547141616589104 0.07091081956507984 0.077665767117663 0.046834610516443956 0.08965157428576502 0.0853348240002922 0.08051179957034016 0.009274738956594884 0.028786909633847658 0.08813259328333595 0.005932803505593055 0.07431117181165184 0.07028454928890739 0.09803901777988532 0.04946949775258465 0.0781302602340666
 0.03167308703174999 0.07430210929014869 0.12277605237396094 0.08011632384921126 0.10053290438874278 0.07218927784664651 0.10083272687289632 0.08913501790457193 0.10654679298142639 0.10040551346081829 0.07558319740824589 0.08941169962334036 0.07400602859243222 0.03493362631009312 0.10932818318851142 10000.0 0.09461516838994785 0.08106073483430438 0.03649403029823575 0.10542360831818849 0.018722240061495754 0.11346971983343386 0.0396241719891775 0.038252943148969216 0.10967505297635224 0.0744107664319322 0.07541473624796906 0.09458534122742895 0.04617626828644109 0.0819726072037494 0.024765934379715783 0.07855919696214625 0.0763802493909125 0.06530839568194105 0.02314550010904909 0.030246345375069594 0.04711307316067019 0.06942311215650762 0.02887863460208646 0.07245972927356067 0.07786551159953718 0.08966696035085789 0.06793354304667652 0.09502117624258379 0.06792728790374791 0.07903113641425867 0.11686974770733628 0.09662623574971457 0.0931352779696709 0.05896187690578771 0.0881516376870473 0.08573430834879332 0.06110203754350932 0.05781622624690307 0.09447965841749661 0.012218805306079737 0.04003544220682468 0.06823873685871548 0.09893621000741154 0.07388038436324064 0.1003644389960345 0.06541637225151513 0.08224387643980544 0.009741662031180614 0.009159707886975928 0.03457001959304514 0.0791580832176751 0.09709629226572801 0.09623191888673954 0.07480982362089403 0.08353398667059513 0.102547864939037 0.06683618943192923 0.08905862566604456 0.05999813703150823 0.015426778888484793 0.05913417136256003 0.10923183893201606 0.051557305293755386 0.044995879293609944 0.0903550469134914 0.03986646046295644 0.043570695213824354 0.04795712278870879 0.049267760576931385 0.06510959586709776 0.10082403970971104 0.04028579942562506 0.022739303267958845 0.019673472852702354 0.04236548800605313 0.06190017925891195 0.09301251975608346 0.04437491705318208 0.06202066793139765 0.033466785070670184 0.09202423192803703 0.031066675877697732 0.04596063420258133 0.04133291842102435 0.10901438689252733 0.08057142234286473 0.0314778936162096 0.11079420323339075 0.05224961258810791 0.06997109403146806 0.017633725478996075 0.08466656019265589 0.05042007546520349
 0.06307517108928201 0.07461813134347521 0.028640806730090305 0.05630786610852064 0.00839433764052302 0.03298068704301093 0.03864352547043514 0.04309915345253108 0.013399583578580157 0.04157060942850838 0.02770627360336023 0.06966536170604912 0.06279598443614962 0.06429621470813465 0.03238183715304111 0.09461516838994785 10000.0 0.03121537644759863 0.06139867283047606 0.015736504588079514 0.08109477579855928 0.019447842266090885 0.06154574363997831 0.06473312694636348 0.023584459131754103 0.06833694837603224 0.05810674701114287 0.03803941778830799 0.051098383289139425 0.04926438752791353 0.07086837375012704 0.019702848188420878 0.06882913897946884 0.02947321712736304 0.07441702284970647 0.06436887774293117 0.05196824780324297 0.0420919719246667 0.06601688733376088 0.02539751848654979 0.02408414843659035 0.00841676641734591 0.035462916331648685 0.026351574078604535 0.04998498495292104 0.018748091367688183 0.02762681536277188 0.017091504624823596 0.017470250385484935 0.07006345664744432 0.04705336829258255 0.043668591843157606 0.07330213935599776 0.04253639873091908 0.007878052060242452 0.08321000845968153 0.05476816241103786 0.061908992285631716 0.04390447666695882 0.05570881764471927 0.01468472218430905 0.07098647466478811 0.015317583330507221 0.08527940290819239 0.0901765339106606 0.06288092783826432 0.05084349981735085 0.02999628757891773 0.037752359935830405 0.06400373437229415 0.05546518909666377 0.014302036738079116 0.03135907766595012 0.04135082461322774 0.06541932284091441 0.08463684982819268 0.03626498808852318 0.017926834268561655 0.06643472319166775 0.049661601569495624 0.04190681985838686 0.06071507325159752 0.07095897423404149 0.07639233743155245 0.07198068272500947 0.04255723714010382 0.025730574460170845 0.08353576366778075 0.08779824852179696 0.07580022138383816 0.07259164235235023 0.06043038353530335 0.07466337832569488 0.05327582411397872 0.04301252189725045 0.06861870269745597 0.06596317795148829 0.08373473500685719 0.060238240133180666 0.05799591707095631 0.02484175113694816 0.0274196140746903 0.08213270399555544 0.028724926690366893 0.0757099110135954 0.04028160314741211 0.08797890817296042 0.0650035228484982 0.07913632951491398
 0.050948964146677676 0.04360458600248665 0.04982808494890198 0.02514645533816595 0.03953809177863759 0.04723118610731136 0.020774352361701158 0.06609366930448755 0.03518266790915681 0.02146208668781435 0.008544769333614718 0.03906085601954382 0.0777674131896098 0.046412609233683975 0.02849160299630119 0.08106073483430438 0.03121537644759863 10000.0 0.04457515784068925 0.031009115332293283 0.06396706052805667 0.047803731718993304 0.0421138911227233 0.0630787093391072 0.031669815419188785 0.037267065459969086 0.026957489099049076 0.015327477025656728 0.03519041053824055 0.018324720540684528 0.06168447267075479 0.036085780757841544 0.03766714583896934 0.030583399026508338 0.05816480032617657 0.05322059041808988 0.03394933781465956 0.05559826934626547 0.05627203028847329 0.036898400907789494 0.010087697946208325 0.034660897556237906 0.013315309379772152 0.053819935002894274 0.020414965053691152 0.01625761095414944 0.03930345349260521 0.02015115015359567 0.01693520596380185 0.07858148597955118 0.06918770817828125 0.013870984833922758 0.04393937358004801 0.04734195753232704 0.03773716274798353 0.07184700515156393 0.04339099177632892 0.07466165340275285 0.02147696413672767 0.02467671470523323 0.025424491972855217 0.0409095927110238 0.034453954549074496 0.07133176028679172 0.07428696207139285 0.0464916103766335 0.06897026543844516 0.016056825794915727 0.016568654678841346 0.03289270326709429 0.024619187995304163 0.04548767137790267 0.03947924932976385 0.06452559946419738 0.036571033694524885 0.06776103900444179 0.02676565765898019 0.03495343987739253 0.03990778747105194 0.04186548348047022 0.014643943441788841 0.04165054301931044 0.046442982679340286 0.04992654948998525 0.0765021821755003 0.05333609061722352 0.020647072126919186 0.05870404462719414 0.0677588459818891 0.06143097319529788 0.04822331268857396 0.031470151814018646 0.04426244505438821 0.0508909165595334 0.051658304983587304 0.049176291007038554 0.035984027518230086 0.061541285620676296 0.062176327595458256 0.055807913164653375 0.030241529063572938 0.004224387121085626 0.05999334132534625 0.03093525123722258 0.04818677975339177 0.05397501249444769 0.06955798980032953 0.03405101912818484 0.05191857063612422
