NAME :TPP_input_21_5_2
NUM_VERTICES
101
NUM_CLUSTERS
21
Full Matrix
 10000.0 0.04050428235848593 0.06116818531750099 0.051218125025158434 0.03174971931636667 0.03974300845948303 0.044947021414993044 0.04387164361024672 0.013480938031319773 0.058257060713190104 0.01826443465238424 0.01730488317567314 0.04587795633014217 0.024189025781697505 0.04598699814112354 0.045299659936729596 0.02598547431628967 0.05116502063125448 0.03937357352900544 0.046190095903874254 0.03229994644714371 0.03793302036653598 0.01855280876504023 0.02718712038257149 0.054462803361514905 0.04252716358575378 0.040536221889720316 0.06752307311636184 0.006872603784833161 0.023256659087115286 0.00345865844975095 0.05190587796320162 0.06313475709577591 0.02122150321577336 0.05932758492833497 0.017236754067156853 0.015174415232239592 0.018805347714763224 0.02035536037407652 0.03897991919584959 0.07538271902771145 0.022515771796073693 0.039613601872437065 0.03060665775553796 0.044467348170674804 0.048976364196622685 0.027846461978015647 0.023172846128616333 0.02196528193344163 0.040543904698109826 0.06786371871139493 0.004056924663038026 0.08094432221715447 0.03126916826825496 0.03240536884933622 0.043234234017792854 0.006842871191320777 0.05036580934916866 0.03932817278725285 0.030110690571862293 0.026360242411524137 0.032287573262920824 0.05356249005205162 0.059036632803608796 0.028948723449562536 0.05511662919076166 0.024874631748662203 0.06583636186629539 0.05251065183998209 0.03206853820684587 0.04575606508082373 0.03334511609772915 0.028421478825227713 0.03958710798633725 0.06000613132826723 0.04408920756671699 0.04440835637685351 0.017235896651433526 0.04098826473786611 0.04176999641824301 0.010694707235385166 0.06130450251935886 0.029635558858317756 0.052345626713403814 0.03908903797034504 0.03077114235644188 0.050984618977187694 0.03540428067566804 0.029659524724758444 0.040344560894024176 0.060110279365990844 0.04025704394397925 0.011162552341996566 0.05519484815172273 0.029139762681788903 0.009612477773059014 0.04195326202657822 0.024662411049804413 0.05664938173396421 0.050057480403288515 0.05731757379026415
 0.04050428235848593 10000.0 0.09741352889786599 0.08526516044820133 0.06762956950182472 0.053277003412805904 0.02641546820222936 0.07023650798125186 0.02915583100332284 0.06480804419681835 0.031551827754108086 0.023337250623669904 0.07440878653636476 0.06350861107675698 0.08491664983522329 0.0810370512804684 0.03911151875416275 0.06991095679996076 0.068801324781482 0.06863619207542536 0.008204534277833402 0.052665586750229226 0.040030506630492436 0.06692882251822321 0.030684732249189977 0.08250417067656567 0.08064443284708663 0.05760977693619649 0.04630545493030084 0.0438537938098741 0.04168768713061239 0.04656742181597863 0.04913088705892889 0.05218781002693556 0.032805660947668035 0.030281897474727194 0.033321872544177476 0.040231005689788095 0.0207830562726798 0.02477258331024691 0.06739599258455171 0.06248586324210128 0.048940788250456016 0.03948294666901547 0.07475371503720254 0.07465799421920574 0.03457878452880211 0.04642542576943884 0.05904148176702211 0.025149698688272215 0.05779748758770515 0.04201896083874609 0.07648087560425318 0.06598991722837881 0.012305260025478978 0.0713630324007438 0.03367052652936583 0.08047305666135784 0.06646702863551433 0.06640284329122197 0.050629994445103986 0.06447107962932094 0.08980582801812126 0.02321297778777518 0.024454401641389276 0.014835040772866556 0.0653544327802289 0.027218979666661907 0.08860839287553035 0.04969658787417899 0.08357969336793353 0.07346583225195906 0.05045540081006206 0.0018290551231477667 0.01950291892460056 0.08282110745562062 0.024218342406296924 0.049206534581425404 0.04624413838150218 0.06293770236740444 0.0355474330955765 0.02166396804108844 0.06833209764799572 0.013333563782989366 0.0685984856023268 0.06982849391135568 0.035199238645522865 0.06579684116990141 0.025529561379759945 0.07554179267350752 0.09511604918976285 0.08065080088329998 0.050049504530376945 0.07350990923417446 0.023009645732159575 0.04005362617263988 0.07596484909864626 0.02984910564390973 0.03399687035748848 0.07225981909987128 0.07714460362200008
 0.06116818531750099 0.09741352889786599 10000.0 0.013634114953430386 0.06148770329348228 0.09219285007793307 0.10610612067119699 0.03439321808439301 0.068703698181776 0.0652361975355472 0.07897878304310535 0.07532974892396781 0.029207669964636526 0.03774797520234953 0.018838011896840715 0.01638034577513906 0.08396750031843592 0.045944805334760704 0.03165813689997537 0.04052134045464292 0.08979768602303434 0.09025764454545898 0.05776204998634271 0.04913016080061759 0.09602587934915759 0.026381833626223313 0.028446466907344148 0.0893262815104771 0.054296598413098 0.05503796602757157 0.05849159067264718 0.07812079857905804 0.09158189179342353 0.0689234628009528 0.10116060875163414 0.07823867351667614 0.07576063266522534 0.07624112033717144 0.08021027669648881 0.10012991760131008 0.09117106412068388 0.04043915748972492 0.09461891403561948 0.06358789777507867 0.026551855456052518 0.03359204890789794 0.08744896898080012 0.0767604060877873 0.059030642611013144 0.08407064663228403 0.08967332295270487 0.06232342235963505 0.0897380007953586 0.06406256100031073 0.08606840619364965 0.07917549648105132 0.06677918343100185 0.02351908933268818 0.035570467811382143 0.03140468506070571 0.04855281301764661 0.033376014072484285 0.007665435103776959 0.10874599895045192 0.09009558416237734 0.11209161184222455 0.041785547293565095 0.1173160610246278 0.008820607475759246 0.05320827000920089 0.01617504488436619 0.04480182548828343 0.07981721376248394 0.0959830867068769 0.11594845085384245 0.019543162400657007 0.08864707274537309 0.0673782010510887 0.06542152161843369 0.04414256023144557 0.06219453436227948 0.11907685483655385 0.03203600638190675 0.11053677507865475 0.03172568119986986 0.031448408361062476 0.08775117603999313 0.033177410229229994 0.07539312050670637 0.021875390843008137 0.005204886464784067 0.03185188992767944 0.05000811288029582 0.046501820218306386 0.07702864712402822 0.057846777379384484 0.021843176025606353 0.06936441188718642 0.09630300579693037 0.09057970086130132 0.04378940940398451
 0.051218125025158434 0.08526516044820133 0.013634114953430386 10000.0 0.05791383823272014 0.08566557758267286 0.09592983119347077 0.020880795477803738 0.05711761125893213 0.052282532020103537 0.0694308755272893 0.06391016696409826 0.015777271817924526 0.029883178391052898 0.018944650141239593 0.007322003833966999 0.07563506940951255 0.033080780944507365 0.01808554839276585 0.0272270331026352 0.07789415905216947 0.08370922839963024 0.04528885750911206 0.04492029420746359 0.08250611443162109 0.026150816156772793 0.0274607214650192 0.07596052974300044 0.04443517798526658 0.04212368155729958 0.04821318158894393 0.06450934453442264 0.07800429827408761 0.06234711316104613 0.08761921078344714 0.06845431004385522 0.06627239211482365 0.06788095488501947 0.06912761381061494 0.09001780890327203 0.0782020680351629 0.03306842033299341 0.08743023066502043 0.05022995225460287 0.012934038471899612 0.020672704466630446 0.07855104755632016 0.06940156498533132 0.053424876339426525 0.07076742377837322 0.07631156094961425 0.05301569122935183 0.07736153407548303 0.06014681560621834 0.0736185146703073 0.07592819653400494 0.056166836748154536 0.010777277795987052 0.021941489448752627 0.02123062396520307 0.03548095593445919 0.020794088940269195 0.00819376064129542 0.09556211314301163 0.08003343240139948 0.09978349867571906 0.03605306651792532 0.10421688049247503 0.007212733545912966 0.039709349859854054 0.013668419961536532 0.0423210135222159 0.07312079617561286 0.08376091960236652 0.10341780863264793 0.0180137131546654 0.07531713251544385 0.06015672127945821 0.05178988496706218 0.03056911913138878 0.05065548316948864 0.10687867692153608 0.02451759203760006 0.09851347338610654 0.018169467415514617 0.024744347374003585 0.07415680680569428 0.019943210311195607 0.062438355691422046 0.010968757993191405 0.01000460637491123 0.031232745524314636 0.040210606523681136 0.034157756320757945 0.06420488490822548 0.04652203874981497 0.009436908107658813 0.056554398779249185 0.08272719104208007 0.08690008645995904 0.03197453397251789
 0.03174971931636667 0.06762956950182472 0.06148770329348228 0.05791383823272014 10000.0 0.033907625018901905 0.06055380759041086 0.06193002626070984 0.044930263121655926 0.08547515789146737 0.03659253018099798 0.04685992374091128 0.06127439714838348 0.03042667948731307 0.042651698280193634 0.05059212134623833 0.03360741179520705 0.07339194404630989 0.05571647797738975 0.0668956266070665 0.05986951957141363 0.03220246974481338 0.0482921232576392 0.013030526985026703 0.08603071358312775 0.03531434353413977 0.03313049023940659 0.09836031587792603 0.03087530440497236 0.05167733564060373 0.03329693077602577 0.08274408258470642 0.0945915810573559 0.01600978571582154 0.09077934232110176 0.03753294153148618 0.03438740682307918 0.028542860611369986 0.04715012656460086 0.055233586922572346 0.10558536581885843 0.027182555465519547 0.037970749140376216 0.06097073369142561 0.05828439647267421 0.06639469700869405 0.038900550105073636 0.02413211610045226 0.009809730578846501 0.07221499693386096 0.09871276228109414 0.028276736434015848 0.1100830942130344 0.0028923696471592516 0.062402382716870444 0.018014478458494243 0.03732691024026849 0.06283637695271953 0.05796830749288363 0.040511673231787025 0.05169956314441692 0.048056208387424644 0.055530860081821204 0.08881441908155022 0.04712953916327687 0.08084503246202157 0.022481608084935555 0.09458075077938372 0.05504756143016125 0.05915859353702562 0.04603522672530194 0.01680910501637531 0.023726719725064214 0.06723916241907134 0.0863151245613845 0.04208782717074839 0.0759394837494126 0.018453024202648334 0.07067210643916445 0.06440641307465307 0.042209226082071144 0.08570487299511553 0.03434332899316588 0.07694955812979826 0.055436027177842975 0.03355247467588847 0.08272406469696919 0.05206008458490559 0.061393585268139796 0.04833660520640063 0.06311052755904012 0.03004743935862437 0.03112804960990835 0.0769949858608188 0.06075293718111442 0.03968834392823193 0.05141809812970222 0.05634482372991642 0.08831708074109232 0.029164195422965177 0.0777544700297124
 0.03974300845948303 0.053277003412805904 0.09219285007793307 0.08566557758267286 0.033907625018901905 10000.0 0.03454558930564384 0.08282025107042948 0.046180787347401435 0.09696322680827028 0.026797940098117583 0.042978658911271755 0.0840550848119543 0.055783855016631266 0.0738417862189824 0.07866758523263395 0.016148577622920417 0.09089544844860055 0.07764745457783284 0.08574073215740652 0.04810837793726333 0.001956475313366888 0.0574051148586984 0.04376534441829578 0.08069755919866889 0.06730075086401852 0.06500742204330315 0.10165573463251946 0.044615149285761914 0.06251832373441622 0.04314404180404394 0.08679240676535631 0.0952308159341289 0.023367818135072622 0.08421637572756648 0.028802095283498724 0.02793528057436539 0.021238408052048706 0.03900167872017669 0.03135859961459374 0.11061407269442228 0.05261376839487239 0.005466383416540839 0.06782512837923088 0.0820011298592858 0.08787112745892436 0.01909323227608406 0.016884852143503746 0.03325441846729695 0.069301800146858 0.10195103302317689 0.036143619638899 0.11758250977727619 0.03102092371716074 0.05461588566235594 0.0242676974379767 0.03984132841680876 0.08756635542371423 0.07831000307129597 0.06509853671138233 0.06610213235336353 0.06999197079661806 0.08535264048117908 0.07648221818423784 0.028875884878651333 0.062153651061449905 0.05042695815087645 0.07938783809527067 0.08460697187971353 0.07147233149489646 0.07606178727578154 0.04963421210543482 0.012547514341562474 0.05382719121821283 0.06778787247762919 0.07275269330983561 0.07137811934998392 0.025625930959363687 0.07839071359749793 0.08148528043243534 0.04829009685440878 0.06463269711661351 0.0612194211764982 0.05728862837899424 0.0773529369176884 0.06127957563421214 0.08120675867809594 0.07361522253044388 0.060938169301139815 0.0749075758369051 0.0927837272590406 0.06252427194496822 0.04792532772094201 0.09491733742361884 0.059007965741837184 0.04904254429362699 0.07738535338479162 0.05880144038405015 0.08373705511970456 0.020022363289139446 0.09693406744987902
 0.044947021414993044 0.02641546820222936 0.10610612067119699 0.09592983119347077 0.06055380759041086 0.03454558930564384 10000.0 0.08541452879247499 0.040554773102673726 0.08749996771283379 0.027466437791385544 0.03385196811067547 0.0885589786913938 0.06874255017757175 0.09029547319999857 0.09021766839089729 0.026948310964803667 0.0885904742917739 0.08224401412041779 0.08565060749731322 0.026419476388735118 0.034799875026886175 0.05437397769474518 0.0650148264560621 0.057099953578539336 0.08577856458704453 0.08358934910905698 0.08352568784020953 0.05181931044076565 0.059425418176763584 0.04776342967459856 0.07129083777419049 0.07530863083108502 0.04484386631427539 0.059039239419103974 0.027948244864609464 0.030673883471118133 0.03290111232035338 0.027946238618654546 0.005990377909206273 0.09326147760619384 0.06655649647353985 0.029189953879314275 0.05911994748972897 0.08787271540234978 0.09035621071329906 0.0216818570431554 0.03642201886633192 0.0547318026710402 0.050188994827339024 0.08373606676573697 0.04398466046489962 0.10200862956616048 0.05810763328614357 0.03473652683426232 0.05748017179285979 0.03979758755841902 0.09384385219665747 0.08107644470462642 0.07499698310825566 0.0654998104451033 0.07607235019243434 0.09850833866423976 0.04728471049262607 0.016014728600609315 0.029597039254866814 0.06729775974126999 0.047834852684630474 0.09745754090640511 0.06737324690974361 0.09054175680788362 0.07187476652155589 0.03784741284283144 0.027845878768405972 0.03490448069909666 0.08854746257179508 0.050140820196793966 0.043695540383423034 0.06807241458474497 0.08022066255156132 0.04637974181915527 0.030633084981484794 0.07435569751900067 0.0245298446279868 0.08198617345816629 0.07530572691587031 0.06115264030381863 0.0785565671585886 0.04676196010606429 0.08516642563538099 0.10501466284980544 0.08239788699953025 0.05610932730691634 0.09252119087304816 0.044128275951820596 0.049916882829568 0.08655311507219993 0.04844983890829126 0.06041232750311005 0.05454608261678761 0.0956664254121833
 0.04387164361024672 0.07023650798125186 0.03439321808439301 0.020880795477803738 0.06193002626070984 0.08282025107042948 0.08541452879247499 10000.0 0.044884499832938594 0.031982373224160754 0.06144609525501767 0.05169121488665767 0.005235334673793668 0.03162415336722886 0.03474612178735995 0.02231316106825113 0.06985587343311132 0.013593246583967262 0.006405419342018171 0.006795570168785487 0.06374101456517312 0.08091882558860836 0.031229442589014233 0.0495267820310579 0.06295813558646682 0.039536946245310484 0.03975573240954194 0.05510747424036794 0.03824805932127047 0.026601572694056615 0.04042676363519485 0.043809304959645586 0.05719963800249031 0.06090453341712468 0.06793005645815678 0.0599989468367648 0.058630143281363116 0.06253701848237381 0.057506419768289185 0.0798280225233689 0.057719391444022286 0.034776882150791645 0.08328592262372292 0.03203392282246345 0.00812064418037954 0.00510561089209374 0.0714529182706496 0.06593544419696931 0.054614892178550166 0.052315456134155516 0.05546041476530264 0.04696855817244025 0.05771650096478498 0.0634228886158833 0.05803299613886659 0.07910343895606656 0.04665090429099328 0.011544034798673369 0.004543891018586206 0.021909197531621818 0.02004982847463136 0.013876475730027144 0.028726105337695772 0.07726343121473692 0.0703370520059123 0.08404150528574716 0.03989087771918289 0.08612663199761478 0.027559789938618674 0.02113702494429137 0.02972576446763291 0.04983513939004626 0.0706508427348225 0.0685639868854504 0.08701730895359241 0.032840240036079105 0.0566894807834897 0.057702913857466405 0.0315537495066792 0.009799879334064844 0.0391228065187025 0.09132488163816574 0.028974084198220465 0.08354570789597734 0.006654848436316214 0.03049291487242627 0.05420722106946813 0.00987424032300352 0.04553410652166793 0.018981622499988852 0.030070360797623753 0.04304349715997736 0.03494341175428895 0.0161344281718421 0.047710506260049905 0.03609739738716805 0.01617620674594988 0.04042226225123921 0.06286243117022595 0.0888316443486455 0.015979696102752253
 0.013480938031319773 0.02915583100332284 0.068703698181776 0.05711761125893213 0.044930263121655926 0.046180787347401435 0.040554773102673726 0.044884499832938594 10000.0 0.0512286503368335 0.01983715271957565 0.00688504860546053 0.04820552125008312 0.03446496225145134 0.055762368629162964 0.052342576037597614 0.030331487343824827 0.04863215859836086 0.042024315122812225 0.04520839899266015 0.021220663878638114 0.04464800088114168 0.013869018889201326 0.04054358215178323 0.041105300941371964 0.05355811141128486 0.051780030025542295 0.056415203627727166 0.017772606099195298 0.019058367569968544 0.0133613714565836 0.04108337549293772 0.05111373439012851 0.03258547656335414 0.04590580766212777 0.017910912380342755 0.018248809940298694 0.02545203747368693 0.012622351354354109 0.035066700325272045 0.06493274909369716 0.03369034097061239 0.04449741364769453 0.021773862591351147 0.0478101328611915 0.04980565839529661 0.029717060339928346 0.031569176067111106 0.03523397384542162 0.027314107779955427 0.05673558136110621 0.016654460769610628 0.07149251971351041 0.044198733796040855 0.019455283862247198 0.05471274729692714 0.0077802836067960655 0.05374620619489126 0.04059170129192497 0.037434718081600385 0.024946796384578508 0.03651425825761222 0.06105168319170691 0.0458559013431548 0.025977823054070853 0.043990431011240796 0.03714057454924115 0.053009942292728165 0.05988325021673414 0.02754120774911907 0.05448874968206764 0.04648236261750784 0.03697309299068176 0.027931315289342753 0.048426663019410315 0.0536653601889535 0.0310211193715021 0.028646694668817585 0.03226795583222942 0.0398965033613143 0.006509172274455109 0.05070103261638785 0.039184601560106676 0.04197355218039329 0.04178041204700356 0.040706132523018114 0.03823391194510933 0.03852415893057097 0.016697978007331957 0.04692629932419891 0.0667547794408448 0.052074802877354213 0.02113572417168764 0.05264644128335366 0.01583269455988358 0.010936249840443403 0.04769581965695094 0.012864704445909758 0.043400646127903876 0.05998889042984209 0.05553845159938349
 0.058257060713190104 0.06480804419681835 0.0652361975355472 0.052282532020103537 0.08547515789146737 0.09696322680827028 0.08749996771283379 0.031982373224160754 0.0512286503368335 10000.0 0.07105968745631322 0.05611464713678668 0.036666157183797114 0.05803335590237076 0.06645751692795723 0.05428934275636632 0.08144687907749419 0.019291599479137292 0.03720867480154089 0.02524525063943298 0.06146240524106279 0.09530753570230446 0.03979013526093157 0.074885019386857 0.044174567332651175 0.07046616524278437 0.07030122154012833 0.02526500679682209 0.05572917841505628 0.03503165562828075 0.05522441798921793 0.020868512397118524 0.030487090332683354 0.07917065667264125 0.047841226724525475 0.06913956254161835 0.06926699698158664 0.07577560477441941 0.06170940809792999 0.08312254835523596 0.025940214320377408 0.06044830595223839 0.09565552738103417 0.02952154360705983 0.04003867925330043 0.0316760714021859 0.0808996409683236 0.08113228336589565 0.07643624660385599 0.040251999671653216 0.025568275707062244 0.06226622319419984 0.026083628693213422 0.08616337845992247 0.05343947024934911 0.10044098705367115 0.057122534048038645 0.04175029403945712 0.03306710673490745 0.050434317181301896 0.033779104039931236 0.041854361273029536 0.060384682286124626 0.06162219568652746 0.07574282252156223 0.07510274936489097 0.06605702747427389 0.07034322207163626 0.05927530653604254 0.026549368530215892 0.061601158117869044 0.07717761015586776 0.0865034359937085 0.06298238617762025 0.07607235647054321 0.06444237383391761 0.0429264402341824 0.07528732034065456 0.019514472490096694 0.02376542145013869 0.048715326350888724 0.08216707359762551 0.057515286839198376 0.07656659545967183 0.03733234601929981 0.05936368912902774 0.03482945878940328 0.03869210474648455 0.04074511686721138 0.05060409972599427 0.06040940704097179 0.07319187868662794 0.05450137482940924 0.019358720690602037 0.04339073223052921 0.0486453702927466 0.04804516048386607 0.039777008783507005 0.042532318575142496 0.10820405768768306 0.023002837220122998
 0.01826443465238424 0.031551827754108086 0.07897878304310535 0.0694308755272893 0.03659253018099798 0.026797940098117583 0.027466437791385544 0.06144609525501767 0.01983715271957565 0.07105968745631322 10000.0 0.016190827802663624 0.06382720514703744 0.041396438711726866 0.06284781047564651 0.06336003605639995 0.01067527734353094 0.06726493121251473 0.05734222368622886 0.06302113027235513 0.02439357892595713 0.02544051799312235 0.03248542410287959 0.03839606938797922 0.055110075172650416 0.05834602060853995 0.05617263597760679 0.07487392605293806 0.024995699297753287 0.03779605810455036 0.021476750052257323 0.06000381731459588 0.068608547521428 0.02078552361365628 0.05909259246507638 0.002004415331869198 0.003226105677388174 0.008711467175754287 0.01285641391357739 0.021494119250795148 0.08381713677299915 0.03911886871048205 0.02470098685567281 0.041606290539815766 0.06259752957800394 0.06653806854972394 0.010169273711491499 0.015136997559575193 0.028907405170315734 0.0429155067288514 0.07517165989707722 0.01665872726799521 0.09087240737425765 0.034720179547945845 0.029179953131588405 0.040228432350738745 0.014969258702184778 0.06852676945746047 0.05693115075812091 0.04825435960058144 0.042596737625107704 0.050461867288211074 0.07144301803064121 0.05392895166670641 0.011700276405994012 0.04427014879038515 0.03988482213600752 0.058762513368035126 0.07043399699647754 0.04667465158571623 0.06323684116314833 0.04525978073343661 0.019810822579132404 0.03142959854085456 0.04977601288637505 0.061124930614142835 0.04539767196097599 0.01821924609600771 0.05206141746767231 0.05811814170355679 0.02329651176987419 0.049170932727142465 0.047055488744533996 0.040368467698107105 0.05706381405035734 0.04792900242905397 0.05475008214489235 0.05343112881123306 0.034158112727225284 0.05851947789653863 0.07817183378267306 0.05510713385233736 0.029235450932915925 0.07131892844634283 0.03229236923122559 0.02544257607760826 0.060202461737089076 0.032131517885861986 0.05798122850724303 0.04286853723290096 0.07386641104053915
 0.01730488317567314 0.023337250623669904 0.07532974892396781 0.06391016696409826 0.04685992374091128 0.042978658911271755 0.03385196811067547 0.05169121488665767 0.00688504860546053 0.05611464713678668 0.016190827802663624 10000.0 0.055073592581111955 0.04027952565864681 0.061862403159269615 0.05899817235468641 0.026834691578821127 0.05493268810654716 0.04890669141037745 0.05180242422417233 0.015170284453403722 0.041630926124522856 0.020535681570896663 0.04425726393298791 0.04008285491814992 0.059199318570710424 0.05732007993391395 0.05868329135873045 0.02297294469035642 0.02557900742735475 0.01835221535810964 0.04387784769576621 0.052504004731756496 0.03292585585586185 0.04448466539524159 0.01419073118014704 0.015675421162573575 0.023528569772455637 0.005955318943044895 0.028499447885123735 0.06765631979930899 0.039161230632379966 0.040607506760360776 0.026660910027244463 0.05469517384558695 0.05658073451681279 0.025166599243800183 0.030060065720700985 0.03752631200369537 0.027135890063263352 0.05898085235485653 0.01935822978807679 0.07486569996504847 0.04572677475235494 0.01557167225526795 0.054492017349603045 0.010475391554531201 0.06063086186738226 0.04742915301110938 0.043973829193735554 0.03169505097778794 0.04336291446256345 0.06766809786119339 0.042175190045178175 0.019872052997089378 0.03809360105802276 0.04206157173280372 0.04864268019363809 0.06651413460639326 0.03372493803445206 0.06085350571609606 0.0505821038923493 0.03524999982759759 0.022330681836858796 0.04282219725319577 0.059815307840997804 0.030086073182441775 0.029252015928887425 0.03674355581711995 0.04639988328715123 0.013256730108421825 0.04456310985012254 0.045262326817726635 0.03570873299689433 0.04866345034334196 0.04668259854278231 0.03881693978630736 0.04540806647622761 0.017967536964414145 0.05362133046244112 0.07349306987343829 0.05731932521919818 0.026784933939029615 0.058911106832120516 0.016162413938569282 0.01748627194128649 0.05447932603945053 0.01644354443043734 0.04273726213369133 0.05849848366343565 0.06193510170840375
 0.04587795633014217 0.07440878653636476 0.029207669964636526 0.015777271817924526 0.06127439714838348 0.0840550848119543 0.0885589786913938 0.005235334673793668 0.04820552125008312 0.036666157183797114 0.06382720514703744 0.055073592581111955 10000.0 0.030860681851460608 0.030847459572345342 0.017989090620850752 0.07174365880919949 0.017704861097113632 0.00650490640098356 0.011476292294305756 0.06768026472527103 0.08212884960390583 0.034860592927637435 0.04855064633366757 0.06807829287916896 0.03627014236554955 0.036739274553604595 0.06018741155501494 0.03982971386503339 0.03057156467840713 0.0424890814920927 0.04904177417957906 0.062413264978113614 0.06161299095895233 0.07307559542900002 0.06248783373917601 0.060898909848530844 0.06425487356360503 0.060781418394176334 0.08287097197403628 0.06253015638606875 0.03415160610953335 0.08484785354019256 0.03679829201514314 0.0037013233292659663 0.0058922813419840375 0.07368355281621262 0.06720688801510102 0.05457708482550798 0.05721270565780786 0.0605378410935825 0.04868108371873313 0.06211446415855915 0.0629685810576647 0.06229309615155069 0.07880623107248265 0.049274932890855695 0.0064203600560727644 0.007955352410037959 0.02076632166701861 0.023834680623294534 0.01407828184958798 0.023759356412149976 0.0821675386688024 0.07321110131310492 0.08841169360636919 0.03889145901549364 0.09099874171349623 0.022627573418074108 0.02591126512217924 0.025633009381947087 0.048148814005170626 0.0717098855822978 0.07277040027399258 0.09153815783161005 0.029091163784981992 0.06163147184966016 0.058632363584670985 0.0367536090709152 0.015034969524617903 0.042181267259561867 0.09566642806686086 0.02738283223428716 0.08773956388157791 0.006790994514255229 0.028665921111780387 0.05938360832807197 0.01050828318127921 0.05005536953898916 0.015541616956891923 0.024839352080536368 0.04020868965763849 0.036185999920111504 0.01949385924475011 0.052143047499975864 0.038797986746079684 0.012394009701168478 0.04472042958451567 0.06803132745931541 0.08890409553732391 0.018331259823423384
 0.024189025781697505 0.06350861107675698 0.03774797520234953 0.029883178391052898 0.03042667948731307 0.055783855016631266 0.06874255017757175 0.03162415336722886 0.03446496225145134 0.05803335590237076 0.041396438711726866 0.04027952565864681 0.030860681851460608 10000.0 0.021802495993767754 0.022972786925131515 0.046299081568637726 0.043726089858652575 0.025335978327224278 0.036978632705205385 0.055415136013956506 0.05382742878010446 0.028370613925717016 0.017907845589601994 0.07074155048470669 0.019136352503121668 0.017485375478202482 0.07523158961055941 0.017533195064865607 0.028949541269791896 0.022103236938768863 0.06034871136223308 0.0736455207894586 0.03248762002623312 0.07596615089376954 0.040794436744314475 0.03817041893495155 0.038549550713202006 0.04428043951146176 0.06275222246130334 0.0809097515860731 0.003347996084026529 0.057607976769994754 0.03951997870397999 0.02796172269762859 0.03598556714634369 0.049700993824350184 0.039586238764585335 0.02409419528980896 0.056948839358529256 0.07560024347566402 0.024764587463003817 0.08376279482653344 0.032116974221216905 0.053671710076703946 0.04798448380122878 0.030511797039340642 0.03283901925131975 0.027864609694265914 0.010134414781747283 0.02578639446315473 0.017823577103793696 0.03036347638559576 0.07928162070881203 0.05274609324319642 0.07832539048192956 0.008326791069903272 0.08698904171915353 0.029451267919925993 0.03355817011933677 0.02184544112341643 0.019149426853291775 0.043238165703657315 0.06235674841313529 0.08287603830653563 0.019905574370887327 0.06144850157803986 0.030293791145859488 0.046915742605377626 0.0352696007103232 0.028384541170768437 0.08484070802455211 0.00571295025745853 0.07596319685193959 0.025060075595950818 0.0065892535303705094 0.06468137595019059 0.02180573730853943 0.046324727536558266 0.019178687184320854 0.03747997995643331 0.018450841882814147 0.013501393322062799 0.047109963389561034 0.04702117146550796 0.023903349716262783 0.021863221875957455 0.04004449745446899 0.07212199545836084 0.058308835682390744 0.04755574179301057
 0.04598699814112354 0.08491664983522329 0.018838011896840715 0.018944650141239593 0.042651698280193634 0.0738417862189824 0.09029547319999857 0.03474612178735995 0.055762368629162964 0.06645751692795723 0.06284781047564651 0.061862403159269615 0.030847459572345342 0.021802495993767754 10000.0 0.013112408912485373 0.06668169689149973 0.048290393696033766 0.02925646572267434 0.04153007730448417 0.07691137479977873 0.07192440921598246 0.047381268119539056 0.030408491908465535 0.08887566589464703 0.00776736107244344 0.00966716810258239 0.08795133506871194 0.03932094555743218 0.04621587083575795 0.04385999504292857 0.07457408058396912 0.08829349979146199 0.05076575255194415 0.09413149596927405 0.06237862111765549 0.05962989396673956 0.05908037151189799 0.06604529656757707 0.08430968893060552 0.09175651314837874 0.023741277420024867 0.07654334959382318 0.056258238094103845 0.027162956511248358 0.03667583433040329 0.07057142646302555 0.05892060304056274 0.04058930052964061 0.07569140679037435 0.0883174533078191 0.04635274840641521 0.09239083720245904 0.04523920781383064 0.07454238284468673 0.06035421336218855 0.052284663324943595 0.028294963914056122 0.03344788490609563 0.019798786423696372 0.04085068977657559 0.02624313903982844 0.013571437373904914 0.09928098610718714 0.07434869861641782 0.09975168277953776 0.023805237572246743 0.10736392931366635 0.013473396708211908 0.047476706904924074 0.005408288145547564 0.02597527003319463 0.06161199988910344 0.08368235630425264 0.10413063527923111 0.0022660920198504077 0.0803021540433505 0.04958155378125056 0.06101832376498062 0.04287663896220637 0.04943558403155193 0.10639523892554514 0.016601177351162837 0.09756991500403964 0.029143288465814526 0.01524386304972195 0.08167417231796335 0.02834301680622947 0.06573719956076159 0.015854080608945095 0.02092603982981804 0.013241768273589336 0.03520963552907035 0.05033900253677073 0.06686037567314597 0.04490988196129379 0.01858855278634697 0.05942405519673487 0.0897707077982049 0.07174448152651086 0.04897811610675183
 0.045299659936729596 0.0810370512804684 0.01638034577513906 0.007322003833966999 0.05059212134623833 0.07866758523263395 0.09021766839089729 0.02231316106825113 0.052342576037597614 0.05428934275636632 0.06336003605639995 0.05899817235468641 0.017989090620850752 0.022972786925131515 0.013112408912485373 10000.0 0.06909169950933663 0.03564304013626918 0.017603607387648764 0.029089550003138145 0.0734189838549225 0.07671251781212164 0.04148060592854456 0.037601600055519525 0.08075587217044544 0.01958115448045631 0.020640492078846714 0.07682725460313057 0.03844211782633224 0.039008838912413905 0.04247044879337263 0.06432953413250384 0.0780104547454383 0.05531393830694761 0.08595457319867704 0.06249633594920944 0.060166515279865065 0.06132933097015215 0.06395922031073341 0.08426436368234151 0.07994195228255721 0.02606278971619918 0.08057922026610384 0.048054972565811524 0.014379048675332342 0.023720110213697188 0.0722190942212036 0.06255895442300223 0.04621830869837017 0.06834979322299209 0.07718772150256682 0.04678800773345508 0.07999202794473448 0.052831289482388105 0.06974026621373441 0.06860654064132947 0.05065385108846599 0.015212829847481006 0.021853739287663848 0.015233070485496497 0.032726554672167465 0.01735700369987736 0.008783869101933942 0.09281672368716533 0.074240109687379 0.09572693280712512 0.028800577077658804 0.10129124302254085 0.007572577307851121 0.03813252682645885 0.00774488699191571 0.035061165352611695 0.06613553489529582 0.07961260692124231 0.09962449947051802 0.011666726196620892 0.07295627214295237 0.05325585064271253 0.05109102239446077 0.031209724703884084 0.045833912219426017 0.10270084577696377 0.017448187691666017 0.09415651078887025 0.017567124368526393 0.017526566780132945 0.07285238000903715 0.017939616979968938 0.059316129730320744 0.005536945175896295 0.014814958167443647 0.02438583527899451 0.034162126566765136 0.03744556997068812 0.06086059216563437 0.04151194626095602 0.006511702144348515 0.053205838375880096 0.08126470118207231 0.07958957443487145 0.03592341315379806
 0.02598547431628967 0.03911151875416275 0.08396750031843592 0.07563506940951255 0.03360741179520705 0.016148577622920417 0.026948310964803667 0.06985587343311132 0.030331487343824827 0.08144687907749419 0.01067527734353094 0.026834691578821127 0.07174365880919949 0.046299081568637726 0.06668169689149973 0.06909169950933663 10000.0 0.07669391587207636 0.06524234318016757 0.07203581783212437 0.03300272209112861 0.01487210673345946 0.04234216443267508 0.039012129946324706 0.06499901865050581 0.061211713066335396 0.05893986357580019 0.08550749790771374 0.03196243909285264 0.047590574496521244 0.02943592314481691 0.07067684102948292 0.07911890656197125 0.018051276912251835 0.06873259199883076 0.01267851430115797 0.01218781135348662 0.007762381649064582 0.022962999516407092 0.021754324811905278 0.09448319483671738 0.04352864583689743 0.014214871830294466 0.05208973595375563 0.0701381956048247 0.07496007665247006 0.005403568449885441 0.009475702215812475 0.02834366437191566 0.05326248034026187 0.08580259200754958 0.023088830954438578 0.10154076074233347 0.03116670129248265 0.0388997793774684 0.03262429679814952 0.024595249932515377 0.0759528806087283 0.06531214910584314 0.05445831430686445 0.05184888691943715 0.05793848038007323 0.07665600415809193 0.06218369919361753 0.01513034683878668 0.050009589459675534 0.04293681533617932 0.066066966579159 0.07575029925490878 0.056545551278291674 0.06787552751033625 0.04575688221520559 0.011719902299593174 0.039370843100443156 0.055671975616119376 0.06520713043906635 0.05549771926504455 0.017568889459322792 0.06259928231844507 0.0673968224062388 0.033114315008952296 0.053794954616870276 0.051999431424086896 0.04553219666821065 0.06495425824267663 0.05252065916983518 0.06514937524847667 0.06124015042814217 0.04479036452695585 0.06467066449541398 0.08375231352268596 0.05723341062218029 0.0358689739789567 0.08074653541401607 0.042864879389364875 0.03455229199213289 0.06672934586145886 0.042782222711136304 0.06796967903619895 0.0333412306642519 0.0830742074262498
 0.05116502063125448 0.06991095679996076 0.045944805334760704 0.033080780944507365 0.07339194404630989 0.09089544844860055 0.0885904742917739 0.013593246583967262 0.04863215859836086 0.019291599479137292 0.06726493121251473 0.05493268810654716 0.017704861097113632 0.043726089858652575 0.048290393696033766 0.03564304013626918 0.07669391587207636 10000.0 0.019666291308981267 0.0069777925798139755 0.06455973725309193 0.08906782776295677 0.03493713336153969 0.06151573137529952 0.05674897878573519 0.053108825820419425 0.0532726732107864 0.04386501479598191 0.046684501814935275 0.029634242417588948 0.04775196679608822 0.035039607847172964 0.047447179758055534 0.07030466993054763 0.0612994223868123 0.06557686122181598 0.06480546069564198 0.06990592523797835 0.060887044233254646 0.08340907969578715 0.045227509094910086 0.04664980156606874 0.0906572111888908 0.030453619570328754 0.021264049379034762 0.012416579001022247 0.07743419090319827 0.0741805177065101 0.06532599514376108 0.04848438092302104 0.04419675300398646 0.05477974860481329 0.04441438664600952 0.0746025001555591 0.057650304817800015 0.08991329075600074 0.05232862687467899 0.02247256999119642 0.0161093160380464 0.03464524118470256 0.02486079141003427 0.026069588539602315 0.04123021736979228 0.07275480297719536 0.07460348134294484 0.08253793458991505 0.05204938775600816 0.08171725625337993 0.04015150458666853 0.02122369820481575 0.04319559473629551 0.06252138848447862 0.07924062495847539 0.06812601261868906 0.08470957520584722 0.04641389357740888 0.052358221138276734 0.06676542750495364 0.025503486345597567 0.009434464055702637 0.04399459345676668 0.08985221772458898 0.04184702157062908 0.0828667736670803 0.019863672977243632 0.04350105263443903 0.04743078067501009 0.022266452173458462 0.04438346704809901 0.0325701292020389 0.04112823972433816 0.056491965715357306 0.04417366210732849 0.004055691581141756 0.04691244149186639 0.04214329301366359 0.029701928078111697 0.040702093285370895 0.05599534302072913 0.09899154314644537 0.007234898543104375
 0.03937357352900544 0.068801324781482 0.03165813689997537 0.01808554839276585 0.05571647797738975 0.07764745457783284 0.08224401412041779 0.006405419342018171 0.042024315122812225 0.03720867480154089 0.05734222368622886 0.04890669141037745 0.00650490640098356 0.025335978327224278 0.02925646572267434 0.017603607387648764 0.06524234318016757 0.019666291308981267 10000.0 0.01269516382816313 0.06186542714862479 0.07572628666301859 0.028941709800890225 0.0432156329456981 0.06442284988635215 0.03353318890229413 0.03362347154873698 0.05923044402425372 0.03334102654997614 0.024996473695249707 0.03598706038061779 0.04687058052743859 0.06050698298644764 0.055346206851338314 0.06953366435510924 0.05601762037532028 0.05440403009116307 0.05776377032326122 0.0545496755496258 0.07652296637263649 0.06256815642541003 0.028535778858782498 0.07837977238621245 0.032289127422071115 0.00595718956340513 0.010703699137089597 0.06718371395641128 0.06078448722748511 0.0486350010937993 0.05284241811346083 0.059591509513754505 0.042185677449231115 0.0631939349939757 0.05727884480562316 0.05681427933278261 0.0730299725008101 0.04283995413552334 0.011755570499287002 0.0042595416427597555 0.015520932054609436 0.01820776000516437 0.007831409639260371 0.025129827434618387 0.07772486265696656 0.06681698513870131 0.08300698955565487 0.03356342652058754 0.08645669141172153 0.023891399677083376 0.021647091298507677 0.024512613138588876 0.0434314947443784 0.0653407867132151 0.06720302985572309 0.08633467041994744 0.027233954408962927 0.057360114024421975 0.05229137570415152 0.033855326241030596 0.013687550238008541 0.03589681163765437 0.09021557980735709 0.02256872654570547 0.08213170326117399 0.00029539851077757507 0.02409339677729838 0.0560930994901539 0.004033517487883265 0.044982198208301766 0.013413250644551912 0.027967858333441228 0.03682578757130269 0.02974218531397001 0.022467469219248554 0.0469270433184858 0.0324003543903442 0.011116242808130478 0.03937117609044913 0.06464946646747449 0.0829286704926915 0.02237189415238782
