NAME :TPP_input_24_3_3
NUM_VERTICES
70
NUM_CLUSTERS
24
Full Matrix
 10000.0 0.04200983724357448 0.03377116206469287 0.03218702840820455 0.032246954962312384 0.051631938693254095 0.026831141925666487 0.05178723332079094 0.029010159970626528 0.024637333460801093 0.04356135282462174 0.018982980628956078 0.0366632487283271 0.03201247700576737 0.006568566001860634 0.053196170362354994 0.007694452359340732 0.03663882338142481 0.04681980700131439 0.03288090401814426 0.007762579369381774 0.044179199220415535 0.04261522692588313 0.04203422487204716 0.06582541005881148 0.044679073905984475 0.052558267534201134 0.03272723935986018 0.03930513335010999 0.01699822145384323 0.041578382895194076 0.04224618251253795 0.025893972981344274 0.05204881770912769 0.0544693251203809 0.03530222454180931 0.05742601194322024 0.0553068540671294 0.07718364968926927 0.027542664972147492 0.051779056301454345 0.04084937902523788 0.03839506445288475 0.02046723112117227 0.019928903629973186 0.05841248263049643 0.053223905001300455 0.01480244577563996 0.043587055112091454 0.04674120248714884 0.014086245647666206 0.032191685150877614 0.057544593858206976 0.02359056072113101 0.06139163777159284 0.039277809700622814 0.02522329076365158 0.046543904315271334 0.012733586237624946 0.05146064763327111 0.035319716629724156 0.012257492606871959 0.03551872432433335 0.04978048880107716 0.060837734416701365 0.03475830573051666 0.020403798141986427 0.06441198738045037 0.011088307662258382 0.02332304876854893
 0.04200983724357448 10000.0 0.07505435075537303 0.05944478858019878 0.014887106341306536 0.08697055277741429 0.023956064614669332 0.09365539161778108 0.07015587794621198 0.05983512369634688 0.0688589979308667 0.05836690745466774 0.0783909180796894 0.0168401862582101 0.04299735342565879 0.06937389698441783 0.045559244281395316 0.06950688845745404 0.08882926740266289 0.0658768153549326 0.03489626174434288 0.010598590937840498 0.08455133708996414 0.08110807035926003 0.06888918931689995 0.05249528941811942 0.02994491682657301 0.07006020520564751 0.06652550542281253 0.05234874989959167 0.08189007515553275 0.07772278187766166 0.05985942514481491 0.07791855762012785 0.06080214524919519 0.04935022387561291 0.05945039151669259 0.0953531494238957 0.10813930809537674 0.06947581118104289 0.09134328595615453 0.08250401522292083 0.03702669349048169 0.05230635648166497 0.03962477771961427 0.042192087597179725 0.09125132516811447 0.05138602356653108 0.007750255853124784 0.0190357408986218 0.055059331131347734 0.07323891916316153 0.058528729170244834 0.03997363633962816 0.08398074925074568 0.00785283994132331 0.06651857397386976 0.050728304206667955 0.05177414733957636 0.09227013055725801 0.07009163458745199 0.054212090232043354 0.0066577279205683884 0.0886477064674037 0.08499262670948017 0.007309431083195833 0.057438184861991363 0.09364569635430285 0.045959842058533554 0.048239981146271635
 0.03377116206469287 0.07505435075537303 10000.0 0.03215773437963483 0.06601178839317536 0.026851683824991306 0.060015317781748206 0.02421632148901477 0.004913965170036409 0.034430670869395455 0.037818384246966645 0.017330507109371066 0.01592089065543217 0.06571286090302819 0.03569158024282857 0.05304700867060256 0.033719576754348626 0.04141095158576224 0.017249658872013834 0.039767229858877075 0.041505710765051246 0.07537554355675256 0.016282285034869774 0.030787576728633283 0.07301905411188311 0.05579729181974922 0.07843708062254451 0.03177575499043412 0.03369297464161059 0.034291125063270554 0.02627445671847939 0.02098669348312823 0.022692760486703722 0.04140369189293843 0.06261576401927114 0.046773639825434025 0.06787234071789042 0.02222805312508413 0.05379452057244657 0.012961124527214847 0.019536766868207017 0.01849245054377146 0.05896098002772691 0.0386390995486846 0.04839059075972039 0.07996078991096163 0.04046361820445568 0.024868717896483896 0.07726062665192691 0.08031946284262999 0.020014771568074043 0.0022019854618951056 0.06871653499546466 0.05161812142688961 0.05142718681867008 0.07113355506404011 0.018760873581097792 0.05953746521156172 0.023498830406249633 0.03037661982317609 0.0377290601049998 0.022890959594454058 0.06842096670979955 0.03591246687790009 0.049206160103924326 0.06774529797619114 0.03131036537370826 0.04544391844119274 0.03591636587098219 0.03516711593571096
 0.03218702840820455 0.05944478858019878 0.03215773437963483 10000.0 0.05670261769681473 0.028957334353807828 0.055089200993561224 0.05633855963907776 0.028900991666899405 0.05129937987449191 0.011412391938601045 0.02073669973327169 0.04619310030229236 0.05745896961655117 0.038426411816996145 0.02298189086578848 0.03849886901364069 0.06246101532643659 0.04927756864243659 0.05933767741387477 0.037385809057196365 0.055513267807900155 0.04828520849592908 0.05905486809397985 0.04116549464134008 0.023948240547171575 0.05194335105822336 0.054859093987628185 0.007544061152588167 0.045890806020162024 0.055769014430216174 0.020947504480329657 0.010253660775456731 0.020274741424350783 0.03049560761586991 0.015995146372726362 0.03571892626058024 0.043059600804164065 0.04886723739985239 0.03847057774657767 0.038504444537184525 0.04970467282328688 0.03095729791911295 0.050411744776808654 0.05206950927546865 0.05040494682756696 0.0701043325803097 0.018433478216318414 0.0645081647679962 0.07172403956560101 0.025237430040990452 0.030041964726724615 0.03658625612027406 0.05571061289085205 0.029224906503454297 0.05304132411803052 0.04142612677917043 0.02792089649396266 0.021945394766018356 0.06199623179873712 0.05974740690401052 0.03248818904161224 0.053220550049604416 0.06568316880211934 0.028850468720378365 0.05290151953357996 0.04667611697972421 0.0346641341745839 0.04218025906916637 0.011446046743691703
 0.032246954962312384 0.014887106341306536 0.06601178839317536 0.05670261769681473 10000.0 0.08181482956484726 0.009181969513943311 0.08231286656564747 0.06125616257864564 0.046280533705218514 0.06735963153802323 0.0505767087991032 0.06697269698262985 0.002104908781884266 0.03139074917107145 0.07115751791928797 0.033841697538115174 0.05525519572030682 0.07813714364286659 0.05172873327208848 0.024507005406007507 0.023654260216044446 0.07347051859087675 0.06799076562458312 0.07500413760769413 0.056019663613181093 0.041565672589648966 0.05664852022338463 0.06419807746538604 0.0392581824118563 0.06929313592254147 0.07234250160083824 0.054575460015994705 0.07655686292885777 0.06543789104710067 0.050387154020009796 0.06541667942363644 0.08745248458393705 0.10531567306669132 0.05858996604603504 0.0837913419005496 0.07092820396794826 0.04190725337731128 0.038544162243310316 0.025319192697908482 0.05278941848455435 0.07765352712123083 0.0445438395502559 0.012326880143945965 0.015138570510409751 0.046239355490585284 0.06443578222203374 0.06477644239461017 0.02528814938125968 0.0840374270901527 0.01857897671315395 0.05487519628717999 0.05533573646327735 0.04392514116089096 0.07982233961427075 0.05612710078880098 0.04374594936704581 0.012065911220314678 0.07534417978892823 0.08449413603925786 0.011299838577434653 0.044422001601339224 0.09134309680628726 0.033431819671084606 0.0452894306398137
 0.051631938693254095 0.08697055277741429 0.026851683824991306 0.028957334353807828 0.08181482956484726 10000.0 0.0780945006959994 0.043783171779633465 0.028369318364506894 0.06023978978418351 0.025152525480725725 0.032886375327803884 0.041922964428280377 0.08213124457361283 0.056041350442300825 0.03882435685152235 0.05484452407889162 0.06816044974699714 0.03722347774275058 0.06630611624658612 0.05888398781204306 0.08404058403437119 0.03960387615733073 0.05697658797013015 0.060335973645240244 0.04979956444307606 0.08070921597756094 0.058594453085198554 0.024043748956125953 0.058393557516313546 0.05205694175397195 0.00948325879573154 0.027320752418933086 0.02228182153372968 0.05255369272823417 0.044155500061562616 0.058565703279831564 0.019351415767212277 0.027199943925468772 0.03960223038231526 0.01563137651861132 0.04332973593473048 0.059687405309572214 0.06307877342672918 0.07014165925869262 0.07798565916215412 0.06546876935015257 0.03747355919565435 0.09118801030586729 0.09692029207520765 0.03850932298071868 0.026310257278223566 0.0598287898021002 0.07371005878808196 0.02993683009453634 0.08113926397663415 0.04517283527865408 0.05403791046249187 0.03890385018156834 0.05328130758603553 0.06452621549589103 0.044738465270264684 0.08048216219698057 0.061008667936979316 0.02695785341855797 0.08003724132618507 0.05651960312602045 0.019288374021393162 0.05794900512587306 0.039088365164725025
 0.026831141925666487 0.023956064614669332 0.060015317781748206 0.055089200993561224 0.009181969513943311 0.0780945006959994 10000.0 0.0747017887941362 0.05543505486955474 0.03757063109841296 0.06623360217487691 0.04577998758547444 0.05942493757315751 0.007549580700212432 0.024466926847585595 0.07197667829526253 0.0267118384688977 0.046166540022258985 0.07094941005413272 0.04268717487692612 0.019256403845219528 0.03195570294769593 0.06607877487704755 0.05942214039958575 0.07834714882619194 0.05828867485824781 0.04867003549883966 0.047964480007780995 0.06262767744607972 0.03092223798645125 0.06101287641810612 0.06863060880927023 0.05136261637146217 0.07532156840127965 0.06809783831286018 0.0513864933287908 0.06885650388842723 0.08192669743608987 0.10278475093497344 0.051481434576075874 0.07852358139733275 0.0632501750345839 0.04554200272171023 0.029763712309133314 0.01630503568095621 0.0591063153553671 0.06881301253929374 0.04065001272246218 0.021192533701773215 0.0205182669131482 0.04085702714859437 0.05862295240755164 0.06839391122071976 0.016106636808364706 0.08355633607911961 0.026594818938819063 0.047312164306132255 0.05825772335571372 0.039336760534097986 0.07157994913928371 0.04715854771503827 0.03724053765541533 0.02014519004849411 0.06665367719421095 0.08366173107090033 0.01926867368021312 0.03607028829302722 0.08929001058275216 0.025651619185459013 0.04402076040724409
 0.05178723332079094 0.09365539161778108 0.02421632148901477 0.05633855963907776 0.08231286656564747 0.043783171779633465 0.0747017887941362 10000.0 0.028109708991129474 0.039746441738309636 0.061097759859125696 0.04001579600743006 0.015342993463068173 0.08151262772052413 0.05099241852230585 0.07649614815978587 0.048495927399757895 0.03956313699914314 0.007157869386659393 0.04020980958659581 0.05877040457316107 0.09576240902903163 0.009259612169839402 0.021746213630669885 0.09695779931125978 0.08001062303063435 0.10116480292848806 0.031111608939034054 0.057290952903493224 0.04426383180747926 0.016974015971928335 0.041930437419601195 0.04687664419501729 0.0631463725793527 0.08673508374955954 0.07091639046032651 0.09205675117857746 0.027579462281881174 0.06685690744797106 0.024250762523395426 0.02915935569477091 0.01146493604542926 0.08247733966879091 0.046933559795555024 0.05992687315110635 0.10362117754070387 0.024698400757512614 0.0473309221898987 0.09439378088370078 0.0951020382105255 0.04050606074421653 0.026378276239396873 0.09291740457124839 0.0622403492864274 0.07252656663425996 0.0910088299006755 0.02744289561069485 0.08372923313161423 0.044989175793763526 0.010928279185879648 0.03592904267768273 0.03952979563936139 0.08725101475349635 0.02107802856161721 0.06987380038873044 0.08646771647384688 0.039391602472637406 0.06290498182432999 0.04905922883507139 0.058906164031108085
 0.029010159970626528 0.07015587794621198 0.004913965170036409 0.028900991666899405 0.06125616257864564 0.028369318364506894 0.05543505486955474 0.028109708991129474 10000.0 0.031913153328487064 0.035732234376168 0.012507522883385278 0.01750512359458938 0.06100049125261245 0.031252273806379675 0.050648764341924814 0.029397399604655552 0.04004079289388664 0.02140418388157118 0.03800247376911432 0.03676334455160797 0.07047239895944908 0.019530705738751444 0.03154471537506915 0.07003294821969205 0.05212500326181591 0.07377813136204248 0.03070733177079427 0.03136750123606202 0.030826394303290535 0.02755317482700058 0.021133579538334692 0.01898451304277003 0.04030582004063434 0.05937693779562826 0.042868819400547556 0.06445579989704955 0.026534861323942 0.055564707229116286 0.011704579442538204 0.023428595229607725 0.020825876326589242 0.054532606608553594 0.03534935229400828 0.04432736544820906 0.07561470786708316 0.04195771435810083 0.02005290376584553 0.07242621336662947 0.0756592858298525 0.015143643721368302 0.0031901439582887057 0.06523328940037156 0.04765266306166334 0.05050392112594334 0.0662202968406657 0.01691241501666562 0.0557447786057861 0.018588991741983512 0.03309649064005347 0.036524119055598846 0.018550197034940426 0.06351954298160876 0.0374377953828853 0.04852120216147389 0.06284736958489147 0.028370136769016334 0.04610194103165133 0.03181678769783332 0.030835359347677022
 0.024637333460801093 0.05983512369634688 0.034430670869395455 0.05129937987449191 0.046280533705218514 0.06023978978418351 0.03757063109841296 0.039746441738309636 0.031913153328487064 10000.0 0.06164752067912553 0.031316600174095856 0.025764878760648976 0.04499604801785813 0.01934182755675985 0.07408005355260947 0.017219167110591255 0.012032957402834164 0.03796591367764068 0.008375803047227966 0.027603987053741508 0.06492533056681297 0.032547064574134754 0.021916456891982173 0.08919896240122219 0.06833432557128429 0.0762191399367917 0.01039416733058065 0.05700725132725058 0.00803521977506559 0.024131300852058012 0.05237114918258897 0.04200660731727019 0.06861209339028551 0.0777875761503533 0.058615725363165984 0.0812841126704269 0.05548824584513012 0.08743781737110208 0.021710022225517087 0.05360799003941984 0.028630210783612938 0.06303214696604591 0.007834626173480052 0.02147009919932793 0.0828776076274406 0.03143121647016768 0.03323057460199488 0.05859094195280388 0.057085812254274955 0.026119806507183048 0.03431625856542676 0.08153129505643336 0.023076374273228624 0.0787595212674861 0.05953696495359161 0.015835360051448585 0.07060049418940592 0.029542358509892185 0.034621895315959224 0.01088967870021312 0.018811810863257568 0.05425833414793452 0.02908616189650805 0.07740784875711253 0.053367470042981896 0.00466159885925483 0.0772472258162135 0.014917915970949066 0.045582243112135906
 0.04356135282462174 0.0688589979308667 0.037818384246966645 0.011412391938601045 0.06735963153802323 0.025152525480725725 0.06623360217487691 0.061097759859125696 0.035732234376168 0.06164752067912553 10000.0 0.030419313075100037 0.05319221193072337 0.06823808885429236 0.04973527666644728 0.015409844456432892 0.049698310030565566 0.07238713566624778 0.053942049882267605 0.06946015773054846 0.04877598514314789 0.06381328433498461 0.054024372547349 0.06710129639723153 0.03647331104165664 0.02484962527810991 0.057262901071065284 0.06423050174848148 0.0046523361126047345 0.05672237495494332 0.06327992640904635 0.020383071066107213 0.019644915918901953 0.009201111155543873 0.027636588403616356 0.020899955878126993 0.03358599152593865 0.042798272543124405 0.03951339946727282 0.04660246981324951 0.03836970824222234 0.056225816552387536 0.036564390742619225 0.061329529741019954 0.06346398998941549 0.05327375917915827 0.07768861150755672 0.029485355026030544 0.07443384337121373 0.08223602200370679 0.03556205242167338 0.03596714135299436 0.034797526485653 0.06710964093775715 0.017830295465911535 0.06198811185847658 0.05038425186350447 0.029074946249089698 0.032815716370796624 0.06819075876240763 0.0694423236226027 0.042950203059791595 0.06290962850382883 0.0731700044988956 0.017480413955853175 0.06268027061281889 0.05709449780594818 0.024868865361331673 0.0533646205029958 0.022235320686662157
 0.018982980628956078 0.05836690745466774 0.017330507109371066 0.02073669973327169 0.0505767087991032 0.032886375327803884 0.04577998758547444 0.04001579600743006 0.012507522883385278 0.031316600174095856 0.030419313075100037 10000.0 0.02724481148128938 0.050574621185317206 0.02316771144811564 0.04370468871276986 0.02209982035636145 0.04198688521987243 0.0336214419884746 0.03904264517312227 0.02655318791867114 0.05815553507688582 0.031004560132625595 0.03874879680629647 0.0611686396586726 0.041816417405254824 0.06135620832395957 0.0341331922687026 0.02576759211940133 0.027145507527249226 0.03594524717901619 0.023673511870979165 0.010813610646967571 0.037340956074511246 0.050037479821018284 0.03213819956626388 0.05460620816487487 0.03708600914743848 0.05913178996501986 0.018501884664244583 0.03326304871851443 0.031214030917126278 0.04248832696318984 0.03188832622573105 0.03733308182393206 0.06366043893292163 0.0500306313745732 0.00754565181848941 0.06117937846476531 0.06540239313526375 0.005820462790801598 0.01528332232586298 0.05521353869058002 0.04093824877879309 0.04745247037184207 0.05404957816473528 0.020762960071163798 0.045090222848060794 0.006678219934106532 0.043455291037611275 0.03912683183244632 0.012988516541107309 0.051709632885831525 0.045732327767905506 0.04617590046648313 0.051084425678110064 0.02683946906963511 0.04728380251342524 0.025397132865561632 0.019249610548848557
 0.0366632487283271 0.0783909180796894 0.01592089065543217 0.04619310030229236 0.06697269698262985 0.041922964428280377 0.05942493757315751 0.015342993463068173 0.01750512359458938 0.025764878760648976 0.05319221193072337 0.02724481148128938 10000.0 0.06618557378299476 0.035651928391733555 0.06815381805819502 0.033153047364450364 0.028765945662940322 0.012215589000130443 0.028242507315384524 0.04349478761712341 0.08079115355233656 0.00686046668208937 0.015060811383386835 0.08735711121414487 0.06883781048656223 0.08717942146318368 0.01913021397697729 0.04886383055342948 0.02928809105019064 0.010356122183331321 0.03686413963877722 0.036055235347021285 0.05726890902163715 0.07654292539836736 0.05928559827377776 0.0814343058459484 0.03165830809176738 0.0681254618765661 0.009417150416442222 0.0309454118040235 0.004228551292200842 0.0693769276616406 0.03237080391395444 0.04493792457634568 0.09055650955108212 0.024600543946238337 0.03397550151029845 0.07905179574745491 0.07986732327176742 0.026435773078435688 0.017423493029490707 0.08213224037019454 0.04744261574606596 0.0673322693969895 0.07593976954344818 0.012119108700237614 0.07224561767151956 0.031147047963332224 0.016213344710931686 0.02491395959510462 0.024441002787574585 0.0720260125540322 0.020053843724088975 0.06512693861210342 0.07123198073575014 0.02464001746566042 0.06094852956346927 0.03377331909591943 0.046491450993156415
 0.03201247700576737 0.0168401862582101 0.06571286090302819 0.05745896961655117 0.002104908781884266 0.08213124457361283 0.007549580700212432 0.08151262772052413 0.06100049125261245 0.04499604801785813 0.06823808885429236 0.050574621185317206 0.06618557378299476 10000.0 0.030734312605293107 0.07242175688820272 0.033133711003803586 0.053716079038636254 0.07748198983792086 0.05023322772687036 0.024249908349755576 0.025751520340807018 0.07274277161079225 0.06678793445580686 0.07669378529866537 0.057516967661458154 0.04364924194727588 0.05538276511222292 0.06497811610882444 0.03814014364245723 0.06822352250952461 0.07265007953311216 0.05497016686225906 0.07742500689777276 0.06701267807010616 0.0516487580309281 0.06711212776470955 0.0873071685463457 0.10592846710251404 0.05794339373074445 0.08371388442415541 0.07009709917848875 0.04359518981348827 0.0372166731664073 0.02383834126911755 0.054822985023208835 0.07630403759576009 0.0447481399874844 0.013652075014814708 0.01484283071413838 0.0460724568898375 0.0641869731753213 0.06649741567303144 0.023600504054831217 0.08506700564756679 0.020683746368897634 0.05407100193496756 0.0569386851353617 0.043956290457210195 0.07877327256005731 0.054689237320230816 0.04325842627403767 0.014168912287151872 0.07408055946342829 0.08545358362367632 0.013397816320394919 0.04330394786070857 0.0920516411461946 0.032510591661036065 0.04608735021851722
 0.006568566001860634 0.04299735342565879 0.03569158024282857 0.038426411816996145 0.03139074917107145 0.056041350442300825 0.024466926847585595 0.05099241852230585 0.031252273806379675 0.01934182755675985 0.04973527666644728 0.02316771144811564 0.035651928391733555 0.030734312605293107 10000.0 0.05972068731554369 0.0025659572644323447 0.031111800653437046 0.04675672292321849 0.027288398266427445 0.008564629631153835 0.04663663631377628 0.04208799034995722 0.03868218143130539 0.07230478666048769 0.05113663131407503 0.05691644527801922 0.02843377561883577 0.04538495292685027 0.011352424116658903 0.038996494137986996 0.04683307298093178 0.031441397515357544 0.05803914402745409 0.060968394122722716 0.041830067916939134 0.06381356464259119 0.05778427996345881 0.0821819817251897 0.02721248760659884 0.054593887037242356 0.039676658344832895 0.044147743100541384 0.01420306846120379 0.01424470174076691 0.06361449660931973 0.04947728667275295 0.020478547803169437 0.04340254221396493 0.04494576795163626 0.017568502134423385 0.03441874721335417 0.0638922071554384 0.017896411413700627 0.06755114276213853 0.04142818033195396 0.023618846631885543 0.05288686402241022 0.01774813660091223 0.049297473422289774 0.030220490948796194 0.012816346354030108 0.03683780034541657 0.04638489056405184 0.06687675348912782 0.03599964702602592 0.015617013930498311 0.06982733988790664 0.004744821122700262 0.02987382275490279
 0.053196170362354994 0.06937389698441783 0.05304700867060256 0.02298189086578848 0.07115751791928797 0.03882435685152235 0.07197667829526253 0.07649614815978587 0.050648764341924814 0.07408005355260947 0.015409844456432892 0.04370468871276986 0.06815381805819502 0.07242175688820272 0.05972068731554369 10000.0 0.060221895365890316 0.085389350154009 0.06933909641921829 0.08220694719378036 0.056818161350256934 0.062305880544072476 0.06930441948166711 0.08165386261648719 0.02153213482017492 0.017712379046614306 0.051351295326902184 0.07783590290379562 0.019356731162426477 0.06826582341189404 0.07807879493733495 0.03553659103762278 0.03304386755413446 0.01707081273620134 0.014912305915078835 0.020773907981908927 0.02082738066272704 0.05746444241517392 0.04536812343607486 0.061047097188115 0.053159694739654775 0.07134234285225848 0.03306087686336556 0.07262500993199876 0.07241965018903092 0.04439932917124385 0.09248543288360256 0.04089566732591939 0.0759637177859347 0.08519238117333808 0.04814523786125015 0.05112945976843032 0.022261374095751314 0.0759273285224955 0.016443660720258754 0.06180411918290312 0.06431848532623918 0.021017765958132578 0.0445524274604862 0.08341484139918318 0.08271907437776967 0.055291294904637765 0.06427332084701148 0.08800076609235595 0.018754843006151125 0.06426203698837363 0.0694317585137382 0.03143371662989072 0.06389432077913723 0.029905451846132348
 0.007694452359340732 0.045559244281395316 0.033719576754348626 0.03849886901364069 0.033841697538115174 0.05484452407889162 0.0267118384688977 0.048495927399757895 0.029397399604655552 0.017219167110591255 0.049698310030565566 0.02209982035636145 0.033153047364450364 0.033133711003803586 0.0025659572644323447 0.060221895365890316 10000.0 0.029127730018467222 0.04435097539100515 0.025333401567938833 0.011074540863344855 0.049169633854758615 0.03962994458943986 0.03616015393474872 0.07343956257891018 0.05231924514247959 0.05919900757793946 0.02603163289029876 0.045265279347328484 0.009376216731163345 0.03643305127670113 0.04574855603565124 0.03097896905623968 0.057803530100452596 0.06206459141834078 0.04286489174467201 0.06510010508011446 0.05588934929884765 0.08122962857097205 0.024822630728158396 0.05280592012690974 0.03715816331009961 0.045937811781133424 0.012805439641136515 0.015306593602385033 0.0656584405211605 0.047008213022078256 0.020241543226146592 0.04590051993030037 0.04722281528979822 0.016352976075959477 0.03253762605422821 0.06523009369573614 0.01886672779269564 0.06746496263535749 0.04397540044749604 0.021094907162240314 0.05423162097815728 0.017197560372125362 0.046731697782687126 0.02804785594437664 0.010851087554039284 0.03940372076722499 0.04387240152011262 0.06667047848874093 0.03856558238489902 0.01328749486118906 0.06913849342097746 0.0036878170718786267 0.030536311893272723
 0.03663882338142481 0.06950688845745404 0.04141095158576224 0.06246101532643659 0.05525519572030682 0.06816044974699714 0.046166540022258985 0.03956313699914314 0.04004079289388664 0.012032957402834164 0.07238713566624778 0.04198688521987243 0.028765945662940322 0.053716079038636254 0.031111800653437046 0.085389350154009 0.029127730018467222 10000.0 0.03995723606225814 0.003842814049011171 0.03908348267441869 0.07547054360435448 0.03464066887127879 0.01818369174009916 0.10104799390964671 0.08026811274442965 0.08771808955179015 0.009770634935246124 0.06773515711014103 0.019776829933797774 0.022589359081694613 0.06113279721812993 0.05279842897446853 0.07882093392210546 0.08964297845765937 0.07051387601527027 0.0932380664230497 0.06036029906599271 0.09520323802843217 0.028558765116990504 0.05929624217750032 0.030109379273370235 0.07502885825770242 0.017744347872396624 0.029948186356236285 0.09472628660522749 0.023886194666771277 0.04476631765331913 0.06734562373772726 0.0642210765381369 0.037244116787619935 0.041853460719774395 0.09350694041145735 0.03031377651078849 0.08905695277741926 0.07000668224303276 0.023141603846579043 0.08259390452277865 0.04105115201664168 0.03158203184865879 0.0038520075604427063 0.030206003186875507 0.06436707587205383 0.023134321666382147 0.08748302854523399 0.06346041544771486 0.016541616786242993 0.08612824953563886 0.02650233103327854 0.057387073856787006
 0.04681980700131439 0.08882926740266289 0.017249658872013834 0.04927756864243659 0.07813714364286659 0.03722347774275058 0.07094941005413272 0.007157869386659393 0.02140418388157118 0.03796591367764068 0.053942049882267605 0.0336214419884746 0.012215589000130443 0.07748198983792086 0.04675672292321849 0.06933909641921829 0.04435097539100515 0.03995723606225814 10000.0 0.03991690713936741 0.05410792153440534 0.09036909860168998 0.005450282942868117 0.023489348143393138 0.08981549567687379 0.07302194730398914 0.09495747279942071 0.03068590183637534 0.05013508579025819 0.04132387260521865 0.018215049771859594 0.034882896557679684 0.03994224250833794 0.056101536921515704 0.07963219231142918 0.06402176246822275 0.08498687929104559 0.022487405064713632 0.06128681559021118 0.019547177690648194 0.023277316146996425 0.009851972859768384 0.07592927592325222 0.044553056771880914 0.05690949529589252 0.09701886651456218 0.029201534594361377 0.041064900892420514 0.09002752360585482 0.09145656024266219 0.03468794852923288 0.01943783270940899 0.08586369059651955 0.05952208106404675 0.06557576377609664 0.08576830401309266 0.023851036949083707 0.07678224338711521 0.03897839957618025 0.0161612481679751 0.036147775668620145 0.03464866713743641 0.08232787457964533 0.02504264863704169 0.06297323217887675 0.08157481069791066 0.036796322221421485 0.05646397763693523 0.045375456892076296 0.05223408663276672
 0.03288090401814426 0.0658768153549326 0.039767229858877075 0.05933767741387477 0.05172873327208848 0.06630611624658612 0.04268717487692612 0.04020980958659581 0.03800247376911432 0.008375803047227966 0.06946015773054846 0.03904264517312227 0.028242507315384524 0.05023322772687036 0.027288398266427445 0.08220694719378036 0.025333401567938833 0.003842814049011171 0.03991690713936741 10000.0 0.035240708464355106 0.07171169455013482 0.03450486580215511 0.01956179635767767 0.09755662792008936 0.07670837305963744 0.08387603915039285 0.0092354294099711 0.06480915470284138 0.01596800671872129 0.02337921020788021 0.05895999170221833 0.04982714465777933 0.07612202806319468 0.08614633011340135 0.06698349240950446 0.08965981213690104 0.059520716166758636 0.09344872759076976 0.02681075700341986 0.058181215726684436 0.030098020903363748 0.07125697847751727 0.013931410915519702 0.0264103527707371 0.09090146682648405 0.026661006190240595 0.04144693003118189 0.0638794287712944 0.061087292752481225 0.03410094355923476 0.040026873883683166 0.08990645410562204 0.026997238991407678 0.08632955745998333 0.06625543836240437 0.02113357450774325 0.0789729551925395 0.03774105739430092 0.033038293966821605 0.004870524607776052 0.026926671151856922 0.06066339289670816 0.025389432469580336 0.0848457751437607 0.05975836841579846 0.012986435537845425 0.08395371497828605 0.022666303252591505 0.05392159338296513
 0.007762579369381774 0.03489626174434288 0.041505710765051246 0.037385809057196365 0.024507005406007507 0.05888398781204306 0.019256403845219528 0.05877040457316107 0.03676334455160797 0.027603987053741508 0.04877598514314789 0.02655318791867114 0.04349478761712341 0.024249908349755576 0.008564629631153835 0.056818161350256934 0.011074540863344855 0.03908348267441869 0.05410792153440534 0.035240708464355106 10000.0 0.03810050975210948 0.04970053905150702 0.047234425351091736 0.06724439220031085 0.046120636348902906 0.04865459760273997 0.0369624763018727 0.04479414634625165 0.0195702037528813 0.047426833753770666 0.04943642755445846 0.03244599941517022 0.0576055220393341 0.056119283252949514 0.0374625452091612 0.05833782110762716 0.06306568415417287 0.08394221206806918 0.03464476266845468 0.05951600194704477 0.04761087444432485 0.03728487156921239 0.021552037600432117 0.015813848691847123 0.05591446798101708 0.05803863353263374 0.021528843777890976 0.036004038420998655 0.03898848824686897 0.02183591161083975 0.039947141966803296 0.058255618413107 0.019183264859779153 0.06650249496317688 0.03293347314375838 0.03165906158456978 0.04732837538099072 0.020080369985716714 0.05763459884742183 0.03848696117141171 0.019473230796765904 0.02857309769435068 0.054943815179940625 0.06623612909732629 0.027762724980213115 0.024112405611117684 0.0707826545089025 0.012686253285358962 0.027191100378254257
 0.044179199220415535 0.010598590937840498 0.07537554355675256 0.055513267807900155 0.023654260216044446 0.08404058403437119 0.03195570294769593 0.09576240902903163 0.07047239895944908 0.06492533056681297 0.06381328433498461 0.05815553507688582 0.08079115355233656 0.025751520340807018 0.04663663631377628 0.062305880544072476 0.049169633854758615 0.07547054360435448 0.09036909860168998 0.07171169455013482 0.03810050975210948 10000.0 0.08652415550245353 0.08531665506529296 0.05963127960084063 0.04485758889804913 0.019362074092106787 0.07479000275029912 0.06208725883103814 0.05706764879081771 0.08547513468866466 0.07513228016494594 0.05770414905101721 0.07258527985167856 0.052357024533408514 0.04334454364697406 0.050383251396862894 0.09438095993837857 0.10332644494485543 0.07154271199303251 0.09015085046849396 0.08499515605542698 0.029278849336201142 0.05782760826722878 0.04624236755268494 0.03169757459041945 0.09598478629687109 0.05075274137036575 0.018260052694522508 0.02958540043377963 0.055794544295886775 0.0734012369145776 0.049347911180818216 0.04725973910480764 0.07766994494803861 0.00549981822371471 0.06937352238334848 0.042540062425701484 0.05188983483164148 0.09556159927494447 0.0755842208994104 0.05635129352974487 0.011810725806049584 0.09300807344402066 0.0790013116107105 0.012689384026188561 0.06193935748194346 0.08866332752430099 0.0503124291836198 0.044964838135503886
 0.04261522692588313 0.08455133708996414 0.016282285034869774 0.04828520849592908 0.07347051859087675 0.03960387615733073 0.06607877487704755 0.009259612169839402 0.019530705738751444 0.032547064574134754 0.054024372547349 0.031004560132625595 0.00686046668208937 0.07274277161079225 0.04208799034995722 0.06930441948166711 0.03962994458943986 0.03464066887127879 0.005450282942868117 0.03450486580215511 0.04970053905150702 0.08652415550245353 10000.0 0.018758572829502728 0.08927218463511757 0.07165526993564657 0.09198419553510834 0.025281920462718058 0.04995832199406768 0.03612424043807831 0.013466721413827196 0.03600459197939316 0.0385044938321785 0.05705050671398062 0.07877936876863774 0.06237266092865772 0.08393934823089678 0.026745005181920384 0.06474465402790508 0.01507868135222666 0.02684246357901785 0.0045973336771836 0.07349207774357587 0.039229625389883144 0.05175918042564946 0.09466456411554687 0.02589024277137083 0.03822042766919029 0.08546908821605484 0.08655521767234671 0.03126778282544966 0.01829823687852671 0.08473743952742897 0.05429345531580061 0.06683170901593888 0.08179490819878793 0.018797541748416455 0.07526758848418433 0.03578629914578212 0.014246338679780547 0.030814461061673574 0.03036287022400903 0.07811418605279682 0.02148120188624297 0.06439361782342377 0.07733968890023396 0.03150023212267397 0.058881367646752863 0.040441863935169436 0.05007283848874106
 0.04203422487204716 0.08110807035926003 0.030787576728633283 0.05905486809397985 0.06799076562458312 0.05697658797013015 0.05942214039958575 0.021746213630669885 0.03154471537506915 0.021916456891982173 0.06710129639723153 0.03874879680629647 0.015060811383386835 0.06678793445580686 0.03868218143130539 0.08165386261648719 0.03616015393474872 0.01818369174009916 0.023489348143393138 0.01956179635767767 0.047234425351091736 0.08531665506529296 0.018758572829502728 10000.0 0.09990285609024732 0.08038021339183979 0.09452604238607519 0.011598607700862622 0.06261969165109803 0.02880018351751101 0.005298998716375101 0.051773522778592804 0.04880308662533201 0.07181207791254511 0.08878508593297957 0.07058551894877794 0.09327115521364783 0.04550136498852638 0.08300260754348843 0.020611562482101248 0.045401135678904914 0.014271581458983126 0.07864070177328314 0.029749682829127485 0.04338634679502567 0.09951590593865527 0.011481761726287398 0.04420054327228248 0.0803175304485195 0.07898956455236662 0.036068188896006576 0.03206960330832018 0.09382180800308754 0.04487916168411634 0.08196865446070373 0.08008066554704416 0.018380387914756196 0.08343223712171238 0.04077726328081146 0.013483563555342708 0.014851867875937095 0.03125973282539228 0.0752359994012538 0.007747835401067253 0.07987234683554846 0.07436856244726726 0.023675392554403225 0.07600501531630373 0.0351922927180022 0.057328475317034326
 0.06582541005881148 0.06888918931689995 0.07301905411188311 0.04116549464134008 0.07500413760769413 0.060335973645240244 0.07834714882619194 0.09695779931125978 0.07003294821969205 0.08919896240122219 0.03647331104165664 0.0611686396586726 0.08735711121414487 0.07669378529866537 0.07230478666048769 0.02153213482017492 0.07343956257891018 0.10104799390964671 0.08981549567687379 0.09755662792008936 0.06724439220031085 0.05963127960084063 0.08927218463511757 0.09990285609024732 10000.0 0.02118678522535628 0.043417251010814076 0.09457069065192432 0.03978639503296187 0.08238714363613234 0.09683990101187752 0.05683794176478232 0.05133359923545927 0.03832434934129461 0.011412243732295022 0.03062460855112179 0.009590562497685997 0.07897229852748595 0.06342934751594854 0.07944235440177565 0.07463924202248752 0.09085434228777531 0.03309984551740979 0.08624276778125352 0.0829652582202509 0.032581738055110304 0.1111033023257816 0.056557755902939606 0.07638594345435733 0.08701746876659541 0.06454960958299166 0.07097403781708851 0.010368353168506051 0.08611667559357677 0.03455893504744955 0.061051687641902094 0.08185630150916254 0.020179834056426895 0.0602492039337397 0.10312285892528769 0.09884980248896079 0.07102109167923222 0.06541042565022552 0.10672860415137807 0.037614098970830324 0.06569732378123137 0.08457025937729878 0.050904579174401936 0.07691365711803513 0.043666504197675225
 0.044679073905984475 0.05249528941811942 0.05579729181974922 0.023948240547171575 0.056019663613181093 0.04979956444307606 0.05828867485824781 0.08001062303063435 0.05212500326181591 0.06833432557128429 0.02484962527810991 0.041816417405254824 0.06883781048656223 0.057516967661458154 0.05113663131407503 0.017712379046614306 0.05231924514247959 0.08026811274442965 0.07302194730398914 0.07670837305963744 0.046120636348902906 0.04485758889804913 0.07165526993564657 0.08038021339183979 0.02118678522535628 10000.0 0.03389043087476957 0.07422468740518393 0.025962358426943388 0.061350981156529046 0.07775946008299628 0.043585627510354615 0.03316358795638228 0.03144511939757173 0.010017543021362537 0.00984797171488826 0.013007830528290333 0.06624898318780989 0.061903284062188146 0.06031782522573343 0.06170264686106769 0.07261917935355253 0.015600309595019984 0.0651244462842383 0.06188548887290274 0.02847591180274202 0.09176045223405947 0.0363317650888922 0.059432625707849525 0.06926099422803418 0.04446248886080887 0.053632576102808784 0.013448928378533209 0.0650966872890639 0.0338629163776596 0.044767382632880715 0.06207728284004376 0.004238406462715455 0.03993519618575205 0.08495120424295084 0.07823290091361128 0.05051489733106454 0.04786765642642505 0.08751458228761559 0.0357726426654183 0.04796808405521775 0.06373890697743975 0.04741227671076304 0.05576397260427191 0.02318409566669916
 0.052558267534201134 0.02994491682657301 0.07843708062254451 0.05194335105822336 0.041565672589648966 0.08070921597756094 0.04867003549883966 0.10116480292848806 0.07377813136204248 0.0762191399367917 0.057262901071065284 0.06135620832395957 0.08717942146318368 0.04364924194727588 0.05691644527801922 0.051351295326902184 0.05919900757793946 0.08771808955179015 0.09495747279942071 0.08387603915039285 0.04865459760273997 0.019362074092106787 0.09198419553510834 0.09452604238607519 0.043417251010814076 0.03389043087476957 10000.0 0.0851602912844771 0.05693277213437494 0.0681871421474287 0.09366436416720135 0.07286128348795841 0.05742088810468663 0.06492321169056993 0.038597477060861876 0.03666282145395525 0.035052692984508985 0.09435935374728549 0.09567695344830002 0.07777070118755212 0.08986730031360364 0.09138463075270055 0.021022324171740155 0.07006570558072622 0.06055038646865486 0.01255390078695497 0.10577632630819415 0.05389365146799442 0.03762087863248865 0.04894697584958784 0.06080113133122096 0.07628158316513989 0.033753791539331744 0.06236241878195116 0.0676967190030837 0.023285628520936505 0.07699517122212983 0.03033354230012685 0.05620276206267561 0.10297865680219698 0.08710881098355466 0.0635984422527418 0.029584445858140386 0.10225929086833017 0.06966266641233877 0.030291614416364108 0.07248622986032524 0.08108315456040799 0.061320890475894174 0.04392645845975143
 0.03272723935986018 0.07006020520564751 0.03177575499043412 0.054859093987628185 0.05664852022338463 0.058594453085198554 0.047964480007780995 0.031111608939034054 0.03070733177079427 0.01039416733058065 0.06423050174848148 0.0341331922687026 0.01913021397697729 0.05538276511222292 0.02843377561883577 0.07783590290379562 0.02603163289029876 0.009770634935246124 0.03068590183637534 0.0092354294099711 0.0369624763018727 0.07479000275029912 0.025281920462718058 0.011598607700862622 0.09457069065192432 0.07422468740518393 0.0851602912844771 10000.0 0.05959886978590426 0.017767655137795168 0.014518328329223963 0.051840760865923714 0.044875562973638185 0.0701885218352154 0.08323454858535138 0.06438177686835092 0.08723087578993588 0.05063384276377429 0.08556075331282274 0.019066377463858312 0.049526593630367925 0.020862690909990798 0.07063035503033384 0.01821906124456549 0.031840824380438656 0.09105607358734884 0.021228235844418818 0.0380188521464016 0.06896569903878128 0.06740789814190801 0.030050467765609084 0.03233002142721975 0.08762579228816622 0.03328082793514856 0.08044754576793843 0.0694601231560161 0.014030894318001615 0.07689124120662197 0.034344326962422754 0.024692780424010227 0.00597919896678292 0.02373442575524485 0.06435990523603599 0.018698488486571862 0.07872514440452479 0.06347774709491907 0.012866735844693196 0.07679005039799736 0.02447990857856194 0.051063831093081505
