NAME :TPP_input_17_5_4
NUM_VERTICES
81
NUM_CLUSTERS
17
Full Matrix
 10000.0 0.07335517763036187 0.04964075765367244 0.05885447121945157 0.059260096871684154 0.04171359788151587 0.053405872024887585 0.057694729325621266 0.06613665594830197 0.008850397783621448 0.08685696424707223 0.04201481879950549 0.07276850677736697 0.0018930572190088621 0.01155650250678865 0.05779514648428995 0.03684845036577502 0.028456829113077228 0.02492627034031235 0.027884668404682594 0.0923512654437273 0.04503845835430659 0.07676434080071579 0.00872512678834586 0.030863705700768573 0.023860644962253923 0.05299985253435642 0.028921547722438587 0.07103554354497284 0.04528004499479147 0.048365747058946196 0.03942039878841806 0.031734330745283784 0.059409548889335 0.0326940900826724 0.014854672377250426 0.09523260657286396 0.013489069678100298 0.02549419510057706 0.10296097799221379 0.02958122223008352 0.04594956007792232 0.015822185212918477 0.011250714935312251 0.05229526830670194 0.03764096979453417 0.04871988871382836 0.03575745398432169 0.035587298954034195 0.08793384035655331 0.09172106786498141 0.017160221074122 0.06072765902976359 0.033137931458925095 0.0233478991531423 0.017239643998391778 0.00823956538929966 0.10185532939466885 0.02164810903408745 0.04267145155010156 0.06971478192241265 0.04006698850390678 0.022077526861968653 0.06855263290653202 0.041041646992070475 0.03965286260552147 0.01316843325599872 0.06471899319309742 0.07720377864384417 0.00398286775365405 0.0816597059537708 0.01964017333358016 0.015891921931561095 0.021482531512225962 0.021455794913689964 0.06792389668446526 0.025172834356430203 0.05530677934576981 0.0333026181011134 0.07759224459079406 0.08356550316344158
 0.07335517763036187 10000.0 0.045814333172424344 0.04793142004975237 0.09042550388691457 0.08217768421962471 0.020621479496555246 0.03545516905329375 0.0992630608050848 0.07573386263712349 0.03642233048813754 0.09650403965287892 0.0527027913656774 0.07172755059273551 0.07214094841545679 0.07766955711109957 0.09214248999277341 0.06758703208697937 0.05051611252053199 0.048597286125289206 0.06375771623276125 0.07703845638623405 0.09773158504633997 0.06465279519410537 0.10337537456840613 0.08389592691491407 0.07041465003007934 0.08973939095937258 0.009847388036409676 0.06623636075348571 0.04586846829291167 0.07503974525272686 0.09803189285354535 0.037521421959032825 0.08633280118593326 0.07200712197125052 0.03792145985089081 0.0737077476159544 0.09060573042841254 0.05403759192692677 0.05632154140954529 0.04992819550338802 0.06893028869441292 0.07909567370922956 0.0929009327954744 0.051869256263404544 0.05882245909031839 0.08018300266971445 0.08446759933165894 0.029152401213549447 0.041701236116439035 0.06560543440510878 0.02016837365193057 0.09515846915385431 0.09620976855462472 0.05702593383747456 0.0771305449697353 0.0581194763186756 0.05745901995909835 0.036354509287608125 0.02497747819477314 0.03514218552180613 0.05246326022846352 0.1034200578360704 0.07072856943710724 0.04098862931297316 0.06846887012687317 0.09271874399899657 0.028299081695341916 0.07684457599256395 0.023582740561091983 0.06346995958218216 0.05784919944472491 0.0890256725558617 0.09412556078742683 0.06027248429577129 0.09724256804242631 0.01818168747230463 0.06547320494640879 0.09419970846012607 0.06353397458394854
 0.04964075765367244 0.045814333172424344 10000.0 0.06908327146117185 0.09589601222087436 0.08091724317173708 0.029595352439581623 0.0590097286986958 0.10452048127978902 0.05672337886818644 0.07752199301438314 0.08823592370506043 0.08079719134448786 0.04776489097165694 0.055902801051492125 0.08781936090167448 0.08296728012964454 0.06329935503772083 0.027193801160129805 0.02410823544537589 0.09801393603984776 0.07989533140647137 0.10983912936832022 0.042689260476048776 0.07911660383440884 0.07069565344426756 0.08054797192768638 0.07662430891501461 0.03770207248031225 0.0731030797824034 0.06006412163169935 0.07526289275202755 0.08117218669973682 0.011974630318546318 0.07758212764175054 0.057894613843744606 0.08186059636717428 0.058289743013219764 0.07444050735189055 0.09615226185059711 0.020569454951709032 0.06153246755832459 0.05601586754468515 0.04877345443094374 0.09304031795322251 0.05676804689536446 0.07014526300885933 0.07614999467465085 0.07843521971264496 0.0728945581439619 0.08322645475695754 0.033891824185323625 0.048925772048509654 0.08155973371124811 0.07155990834644374 0.03418937226231115 0.05706773026399671 0.09854271903133831 0.02800187449467444 0.045150715096416126 0.060304353157595636 0.038777572011406324 0.030336273929984236 0.1080083434799107 0.07347830352807899 0.0473538513490773 0.0537859625678165 0.10030054280821814 0.06723308975048888 0.05129881009288295 0.06634638223249412 0.03108659775709096 0.036154447189755294 0.0708610445238969 0.07005466800155388 0.08288507459484822 0.07411140353812902 0.03281507063057232 0.06488371282817315 0.10839579124451479 0.09349757808097584
 0.05885447121945157 0.04793142004975237 0.06908327146117185 10000.0 0.04481039339281949 0.04224759997560205 0.04367436163008724 0.0126252205986818 0.0531287721056631 0.05519667317158606 0.03451244189882644 0.05940522025084485 0.014032544882181126 0.058266120650697285 0.050366836048057424 0.031018739744883835 0.056674942146683775 0.03569830521412526 0.0511828462028492 0.05223187331205409 0.03367780134775176 0.035017585337469265 0.04987338558048023 0.052993863940634794 0.08007738607506105 0.0543593029266267 0.024647854846089036 0.058448319121451896 0.054280391466955194 0.02395341045399265 0.010857508035904838 0.035739985653445536 0.06836285246984236 0.06891459014208888 0.051864107287163966 0.048084844684365774 0.04421899481355693 0.05033652568622494 0.06203914439504974 0.04636555510443552 0.063717000879716 0.012971149204600511 0.04533547376996426 0.06939243093202385 0.05007850356926229 0.021238662200820702 0.015366810935387096 0.04313984700862404 0.048039768752238414 0.040504306177690144 0.03761486472835817 0.06346903757070076 0.028132962362544704 0.06302830487002758 0.0749375058108634 0.051562291832034986 0.0571005843446862 0.04391850560848534 0.058085412191822006 0.024157567840627347 0.025538380078769154 0.030574838780099475 0.05017942722818234 0.05733143086593754 0.030567897742866834 0.02330201874800525 0.04697814985593226 0.0460468481762362 0.02903503102089695 0.06276724168907791 0.037028244570818526 0.06319843672074542 0.05061779910983058 0.06289315058425558 0.0727535573187558 0.01396905908929484 0.0740971551507364 0.041659968985558876 0.030846233764964846 0.04626923704751794 0.025969160788074454
 0.059260096871684154 0.09042550388691457 0.09589601222087436 0.04481039339281949 10000.0 0.01758150149085535 0.07981449763565882 0.055800021372964345 0.008991031339390963 0.05086281583550282 0.07768653301662744 0.027842275336688645 0.04998980104569447 0.060102425547930834 0.047777514076241055 0.014100973356767976 0.029468441643006243 0.03341623905033411 0.06984941236446346 0.07254674901908852 0.062377539847287 0.016013747228682675 0.018148702948471884 0.05977237353256759 0.06123652633973174 0.03840262180564828 0.02029407468280305 0.03728880604778476 0.09476564598575038 0.02461103341531625 0.04456309262352819 0.021038798511356864 0.04502852348509284 0.10056682620190642 0.029514856481407045 0.04452487435796914 0.08728616924535884 0.04577344903165595 0.04311396861477442 0.08447157077021507 0.08148650301917341 0.04061671320755304 0.04443155934360391 0.06980349107895611 0.010850418061316418 0.041030487046316476 0.03161496788816457 0.02356948914500734 0.02501001769696313 0.08487651119141207 0.07942361274742188 0.07358539289510968 0.0703207541447013 0.03823241082099967 0.06027347518277343 0.06498275497917967 0.05222009402548266 0.07951251536616581 0.0730564617722635 0.05667254266423008 0.07021008440646577 0.061290695191566005 0.06710942638327073 0.013040187927196772 0.0224626991987782 0.05249103073333486 0.04729995385157201 0.005600202475899669 0.07370941525516889 0.06159190018516235 0.08180972190431245 0.07504673085944691 0.06306483400747308 0.04698539820801869 0.0587662684160779 0.039075648364636034 0.057407228481675975 0.07909777473055489 0.03103711611432296 0.020687406317933223 0.05193173364549632
 0.04171359788151587 0.08217768421962471 0.08091724317173708 0.04224759997560205 0.01758150149085535 10000.0 0.06852797970602816 0.050359090651753674 0.024700131850894026 0.03328136866237363 0.07675943612988817 0.01742953188992584 0.05185018173750365 0.04260301820342737 0.030279316929573852 0.020586804434804176 0.015956139212286957 0.017632737723312093 0.05413967232123435 0.05702974790876512 0.06817901081888418 0.007875923232480249 0.03544659115911881 0.04268163509875492 0.046190027738596484 0.021400234811101048 0.020595871080708397 0.021629007879731862 0.08494440231841541 0.018294217497185326 0.037758491791252846 0.0071531804085395775 0.030816875328388938 0.08678216042908936 0.013447230661145372 0.02705950988067478 0.08646620128645484 0.028224846286737312 0.02717805880588986 0.08710921662470447 0.06513767637307098 0.03337123459417772 0.02722159376359487 0.052222764189016495 0.012135491149087204 0.03035197778647978 0.02690002278617513 0.005989052598509649 0.00851437415993586 0.08234105735658523 0.07966458461462339 0.056445037636586363 0.06283739768502074 0.024203709785824097 0.044089064476603636 0.048578183489143834 0.03464625224878035 0.08330172140657595 0.05654825817068804 0.04626501306162854 0.06554024188520123 0.049591627805964586 0.05121307070404599 0.027611508061741407 0.01195717752421745 0.04168457064109562 0.030060912415689915 0.023111063346754803 0.0706179072888709 0.04401040196915353 0.07807674297946353 0.058058286230549455 0.04660206566571291 0.030499104502430624 0.042382951851570816 0.04221958529962933 0.04160217693600894 0.06841472649155633 0.01727618995007209 0.037066414849849995 0.05771771798394423
 0.053405872024887585 0.020621479496555246 0.029595352439581623 0.04367436163008724 0.07981449763565882 0.06852797970602816 10000.0 0.03189805135894977 0.08880467407900844 0.05663901339300363 0.047976657137487416 0.08086835151152831 0.053411413072237506 0.05170432441928328 0.05349610713879252 0.06877373936375479 0.07609919777328959 0.052135355572334244 0.02994424892720457 0.02797590186324441 0.06930703035912915 0.06482107965353455 0.09039289236934818 0.0446820245386776 0.08389593879193742 0.06643007351692105 0.061202280265472114 0.0724751289101331 0.017888361083594803 0.055248142269688015 0.03714741370104002 0.06166079784046294 0.0800059481480886 0.025869269119664858 0.07024086474907565 0.053855476395703004 0.05281801286625131 0.05531360148698997 0.0725752026486946 0.06661126649061906 0.03611791247455738 0.04013465760336092 0.05093611203920174 0.05858819885087284 0.08015647348770556 0.038898376243405836 0.04956666759795302 0.06543543707237101 0.06919315502198985 0.043935230716937675 0.05368435550361476 0.04498414458607248 0.019548018881804106 0.07790686150943263 0.07656422029882479 0.03668481797135775 0.05787746190533861 0.06895441183745835 0.03683891266160421 0.02317937950663498 0.030759996762246763 0.018936353386521457 0.032019548515764995 0.09277537688122331 0.05816600579551724 0.027346451250762207 0.05001807349686813 0.08311558538748172 0.037642065590653376 0.056738775289440935 0.03724683558246239 0.042863886178017736 0.03765604496502006 0.07048781908570793 0.07454241461342592 0.05758245473379913 0.07787168492651028 0.0032696795650810637 0.05125805359405815 0.08781973324408308 0.06587618991703117
 0.057694729325621266 0.03545516905329375 0.0590097286986958 0.0126252205986818 0.055800021372964345 0.050359090651753674 0.03189805135894977 10000.0 0.06444113126706666 0.05590396467359719 0.02954451952705347 0.06665261649954975 0.02181477784295416 0.05673228914656857 0.05124304083245429 0.04252484886934484 0.06318369283831415 0.03975319668574697 0.044859568976930865 0.04522094350146415 0.03960805753603248 0.043979701254109986 0.062277955435461406 0.05052467845084927 0.08264743214245557 0.05840290606837786 0.03553146591324267 0.06332348659860934 0.0416571804635975 0.032698543692138815 0.012709205378841468 0.04334242567009875 0.07289685398139593 0.05759241147531607 0.0578223886217829 0.04963018203509569 0.038596939872129116 0.05180902727341977 0.06598073383400735 0.045334458317153804 0.05662852311126367 0.01707668901908958 0.04656901343894489 0.06724734964995117 0.05971139972919901 0.02290663363657181 0.024448510797093526 0.049934806442064016 0.054719311164930395 0.03279177069458288 0.03411333645170331 0.05882836678057393 0.015516287592258753 0.06836073415547705 0.07668744856829124 0.04703353227599877 0.05772893487694584 0.04483035934096936 0.05234262612945481 0.01662625134524906 0.015193814973766201 0.02232269650725338 0.04458660688825949 0.06863565094103935 0.038407646804546676 0.018253601499610795 0.04752049715895976 0.057633108380509605 0.021067526642259256 0.06167669090942638 0.02787526317292936 0.058031022077506225 0.046546300115314694 0.06596014126319963 0.0744712073875535 0.026011721051515994 0.07645838888625635 0.02960220608381024 0.035858358960402605 0.05881935014707309 0.03449444773467304
 0.06613665594830197 0.0992630608050848 0.10452048127978902 0.0531287721056631 0.008991031339390963 0.024700131850894026 0.08880467407900844 0.06444113126706666 10000.0 0.057498413627155916 0.08524013268151132 0.03028297189370132 0.05714976812349903 0.06712867030478249 0.054842534823680913 0.02211295683501499 0.03324084506926124 0.04160196753820051 0.078224587655371 0.08099034343169179 0.06782476587455413 0.024679982520631628 0.015766983600567372 0.06737956218327586 0.06451874739164293 0.04397574565677931 0.02892332655119057 0.041772732358533016 0.1037169121869504 0.03359789644913921 0.0534301096450117 0.029328737663463868 0.04818740121362477 0.1094136380420346 0.03471552893043952 0.051671811173857655 0.09473528904418844 0.05269635289054214 0.047572115017334674 0.09085215036467101 0.0896109081350681 0.049538705540554236 0.051921724791941806 0.07628941442862845 0.014241946824238906 0.050005147400778015 0.040442829908811304 0.030492543566720282 0.030815756984811104 0.09277805027642845 0.0866347556398682 0.0811446921022856 0.07912966623138204 0.041611480703010795 0.0645441674811552 0.07305812794187869 0.05869638141894273 0.08551846488753831 0.08108718825439874 0.06566347580091059 0.07863542126259074 0.07026210260724915 0.07541184726839822 0.004204020813037181 0.031262812164177846 0.061478165216579485 0.05475938407216199 0.007507261150247888 0.08181003586227846 0.06815585253565976 0.08999105387862763 0.08274917850202448 0.07110692415312715 0.051809763681431795 0.06325564142568504 0.0461598355419394 0.061386761438859454 0.08808615928453298 0.03964473500543852 0.020274580810602287 0.05763161957524431
 0.008850397783621448 0.07573386263712349 0.05672337886818644 0.05519667317158606 0.05086281583550282 0.03328136866237363 0.05663901339300363 0.05590396467359719 0.057498413627155916 10000.0 0.0854287773632783 0.033281491443566555 0.06877257349816113 0.010227433786690802 0.00483187482239531 0.05039479436840175 0.028075546581701295 0.02182460916362644 0.030513284106832843 0.03365900339649079 0.08810472513079072 0.03722009307964366 0.06858031981373096 0.014052376060813396 0.027787192451340457 0.01508271581434026 0.04622291719699457 0.020412789967799893 0.07451255471888493 0.03886753693126947 0.04528275343425216 0.031647145414189205 0.024627181699874844 0.06575268477860002 0.02384377425368388 0.007583416990404467 0.09424348161176432 0.005552569666418083 0.017718061621719138 0.1005994027635616 0.03731659594989295 0.04224863355548937 0.009901307688012074 0.01895029045240543 0.043560063779831 0.03413904723169939 0.043458432024578976 0.027294581422347076 0.026822836987717324 0.08748392819959129 0.08997571037945395 0.025630202167142846 0.061178600911222195 0.024984996331530864 0.02105775849237162 0.02284844113599262 0.0019091971675054178 0.09891226463921057 0.028911739199379026 0.04238973495711317 0.06910152298236442 0.04108722169409115 0.027385642996445785 0.05982117786916324 0.03389448194700643 0.03868385318106777 0.008391385651404555 0.05637732662329442 0.07629304090484629 0.010730016349539658 0.08150494315761173 0.027921408832277103 0.021048675649370286 0.014405628039918838 0.01886384585197256 0.06285783930564251 0.021579652385605844 0.05812371070041665 0.027016156808211223 0.06968005842693702 0.07883286826298151
 0.08685696424707223 0.03642233048813754 0.07752199301438314 0.03451244189882644 0.07768653301662744 0.07675943612988817 0.047976657137487416 0.02954451952705347 0.08524013268151132 0.0854287773632783 10000.0 0.09388672772804935 0.028364477480035077 0.08577954155301942 0.08078328706537992 0.06358570872345931 0.09100225673170166 0.06869234700929408 0.07099961776858614 0.07054546036746849 0.029965064303947006 0.06946085882003941 0.07824818348595101 0.07928671425862163 0.11214471674161398 0.08749076587942663 0.058326335640579166 0.09210331759207593 0.04618672854522851 0.058465280726473313 0.041277032880045396 0.0702112912094113 0.10186194845809751 0.07185591899068024 0.08599031161218398 0.0791628734471008 0.009721995929460894 0.08134788307095583 0.09513619835363182 0.01863471064549087 0.08119716601861673 0.04527367765233446 0.07611008078221218 0.09591082078173122 0.08414139010900924 0.052193031355076074 0.049873831881061 0.0774882163588593 0.08238086829681 0.009788895848065329 0.0057078398330412585 0.08599994726203235 0.02956850020450551 0.09693589469808465 0.10623150544207924 0.07467844872485717 0.08724386676604691 0.02175159057284248 0.07871683139522731 0.04443170386756345 0.01822996998648687 0.04853219406285172 0.07146250209185617 0.0893521483698769 0.06504787263366786 0.04720703528276569 0.07705180395163409 0.07779782041480228 0.010559996469256648 0.09082476152227219 0.01294305664831052 0.08475500707188195 0.07452673456886148 0.09534554935828299 0.10401528161006106 0.039242663841149536 0.10597019263671993 0.04472836440452625 0.06434343721836044 0.07346519983340215 0.03376365393979713
 0.04201481879950549 0.09650403965287892 0.08823592370506043 0.05940522025084485 0.027842275336688645 0.01742953188992584 0.08086835151152831 0.06665261649954975 0.03028297189370132 0.033281491443566555 0.09388672772804935 10000.0 0.06927918761565097 0.043500471568014065 0.03267248995165363 0.036536829165459354 0.005293142398873695 0.028968696548890012 0.061081059989926724 0.06421822054274023 0.08535035705947333 0.025236919381101505 0.045133165035054455 0.04631419272064838 0.03424515404239854 0.01820537605417463 0.03785171939780758 0.013449313413000645 0.09813445490700083 0.03552941878415368 0.05394372239716834 0.02367562076403627 0.01793327898027231 0.09583310456833186 0.010820653992375584 0.030377135743676665 0.10356688104635937 0.03024152333832196 0.018609901888266063 0.10453672339581978 0.06998938701698117 0.04958247465910055 0.03226404045152455 0.05029826729290593 0.017081062957099942 0.04505340871457449 0.04404311352389093 0.016732905882565468 0.012094058242042745 0.09909273251093836 0.0969467020583415 0.05888898040038271 0.0779700632467304 0.011570915651307748 0.03478410158676563 0.05416672384486045 0.03379855631474279 0.10071050273720819 0.061347197343251225 0.06015033061411461 0.08182394008217027 0.062267708660379055 0.057914562584740856 0.030953517842321625 0.02884050557249369 0.05551545025996408 0.03445559450750505 0.03294246151221062 0.08732047967604402 0.04281794901331868 0.09452139399545322 0.06109974319532053 0.052166652372268536 0.02321904796910751 0.03374537649122497 0.05955705172878926 0.03142508033515941 0.08128269007126303 0.031298923761798936 0.04840721528201441 0.07483689875622113
 0.07276850677736697 0.0527027913656774 0.08079719134448786 0.014032544882181126 0.04998980104569447 0.05185018173750365 0.053411413072237506 0.02181477784295416 0.05714976812349903 0.06877257349816113 0.028364477480035077 0.06927918761565097 10000.0 0.07222526076225257 0.06394302072480805 0.0359915266669799 0.06726976500719384 0.04844444887995556 0.06475119716402628 0.06559484627270933 0.019647844091524206 0.04407846692664509 0.04996236355750875 0.06702177846247351 0.09279200716608783 0.06665420964202677 0.03181921970673047 0.07018545562233265 0.06066073223827819 0.03421695817519698 0.024864335052840393 0.046171849447992595 0.08015263661182488 0.07923925881351303 0.06301066305312393 0.0615021928981886 0.03766450659113191 0.06374824915659531 0.07426294382254277 0.03530124565837845 0.07710221152268902 0.026819379081940316 0.05887458018058705 0.08338476258267967 0.057437828006682026 0.03512887171130697 0.026527443333673528 0.05391797876707274 0.05873827019447187 0.03680022821427297 0.029490426899008805 0.07740961282644966 0.03513438886841291 0.07437976762587419 0.0880309530085096 0.06548707910153692 0.07068146744582543 0.031588307933632716 0.07182623952956065 0.03696806853784674 0.02781537326777554 0.04322953773425026 0.06391980990391948 0.061210665960186525 0.04111418180300646 0.036847243381112955 0.06066592398897969 0.04966327971666802 0.027434396169156664 0.07665871440607407 0.035656550927578086 0.07706397479871822 0.06458986071466002 0.07554569136024844 0.08587484199110727 0.010989961320361107 0.08695119786613831 0.05088399004373161 0.04332299543748966 0.04530939994455616 0.012713819193991336
 0.0018930572190088621 0.07172755059273551 0.04776489097165694 0.058266120650697285 0.060102425547930834 0.04260301820342737 0.05170432441928328 0.05673228914656857 0.06712867030478249 0.010227433786690802 0.08577954155301942 0.043500471568014065 0.07222526076225257 10000.0 0.012326666769689734 0.058213062626270524 0.03830211580031573 0.028763737375552694 0.023070686858958453 0.02601374563162323 0.09183872229593411 0.04564135558751627 0.0774791163451919 0.0070804929730267545 0.03270113157121183 0.025308303851505412 0.05322347348436464 0.03050867964468592 0.06929331564450043 0.04542029013955584 0.04768895149226502 0.04002408434983507 0.033559169878019934 0.05751651294625629 0.03399941444444623 0.015583317237707641 0.09407065020343129 0.014435124780279614 0.02723384150095755 0.10204144403861862 0.02775153257031758 0.04541484675522207 0.016196151805485604 0.011298977339830915 0.053381622022203 0.037108403188471806 0.04853870044405974 0.03667893577647618 0.0367237372997614 0.0866888608792516 0.09069586575204554 0.01549183874856144 0.059377166159592376 0.03482550090699066 0.02516619473568472 0.015408908903495333 0.009846689195832512 0.10105185379443835 0.019767666172095032 0.04149035224644568 0.06851912439381727 0.03868672943532599 0.020250201951962577 0.06962444913017563 0.04142177863987156 0.03860679754653947 0.013423620041189343 0.06552511235554946 0.07604761003241288 0.005197213840358522 0.08037379214935084 0.0179068172038978 0.014116857607646364 0.02328742755187316 0.02329832396919906 0.06764227092943739 0.027043945237066075 0.05364831340284278 0.03347230001852936 0.0781822520246517 0.0831776740664177
 0.01155650250678865 0.07214094841545679 0.055902801051492125 0.050366836048057424 0.047777514076241055 0.030279316929573852 0.05349610713879252 0.05124304083245429 0.054842534823680913 0.00483187482239531 0.08078328706537992 0.03267248995165363 0.06394302072480805 0.012326666769689734 10000.0 0.046377074502359984 0.027380778898805185 0.01734339516499618 0.029035426818933 0.03221138177254227 0.08328720679047227 0.03349504477565201 0.06521415593578564 0.013649077247704065 0.03191317675106835 0.0147963850260274 0.0418810295161759 0.020746865953218736 0.0713817895959652 0.03437404531151612 0.04048741684185405 0.027879301461190515 0.026702221056061997 0.06429509414782995 0.02247039889768693 0.003299981517600493 0.08966417951727833 0.0024312137066062525 0.01937530158654209 0.09582755455532906 0.037318110774520116 0.037421983680723435 0.005083086834229703 0.02257333373868917 0.04120157008483602 0.029330707935502378 0.03870958683998393 0.024367675954297768 0.02467676764393818 0.08301898594103016 0.08527983580268532 0.026748755420619757 0.05699864213941136 0.025832830922594672 0.025504625637925563 0.02171349437922711 0.006739498045514985 0.09409865156208726 0.028677125352749827 0.03810732296625373 0.06463223203072455 0.03721556509973466 0.025847279027220102 0.057410449492809976 0.029704589236197433 0.03425470430357617 0.0038129940465486717 0.053209026287699815 0.07174970096228106 0.014447205911550125 0.07711551109148664 0.028724660480262277 0.01975855982838229 0.016993399771315067 0.0232917633880075 0.05810215703160238 0.02566892341472861 0.05479043125008619 0.02244304903103281 0.06604656503100244 0.07404817438772349
 0.05779514648428995 0.07766955711109957 0.08781936090167448 0.031018739744883835 0.014100973356767976 0.020586804434804176 0.06877373936375479 0.04252484886934484 0.02211295683501499 0.05039479436840175 0.06358570872345931 0.036536829165459354 0.0359915266669799 0.058213062626270524 0.046377074502359984 10000.0 0.03624938522360442 0.029502025144544745 0.06328385458902136 0.06563076111208552 0.04953526121591184 0.013693682833936374 0.02205552391986681 0.05623283938530053 0.06669733464910477 0.041174686607984005 0.007573421524565044 0.04215345682524808 0.08267818338684964 0.014765950151054552 0.032185726219143375 0.018928311040321878 0.05139326893433285 0.09115997005918047 0.03398675745668985 0.04310966292253448 0.07318957929376288 0.044879706419412774 0.04756737730756063 0.07077306037208515 0.07567372905232166 0.02869782879363974 0.04202055663227269 0.06894278239742756 0.021994019638577514 0.031189448693509363 0.01927593263396211 0.025400998882584555 0.029056145273101675 0.07082649920352088 0.06536877657944276 0.06978347003866471 0.05750122225043509 0.044733769844677654 0.06417377413340555 0.059709122429871996 0.05206590508408205 0.06607957280802267 0.06774174211324109 0.04568132792116437 0.05653832736646281 0.051001196973943945 0.06090841577539307 0.026314309215939035 0.016805085946444125 0.04194547230987845 0.04479894562180176 0.01510975910432791 0.05974477833952113 0.06081575744662798 0.06789950758378806 0.07077336784831006 0.05796747118113938 0.05054602901850588 0.062345736542268756 0.025164539542371266 0.06190730523689799 0.06769270593535935 0.025305659803372606 0.020871057998266957 0.03898413964960065
 0.03684845036577502 0.09214248999277341 0.08296728012964454 0.056674942146683775 0.029468441643006243 0.015956139212286957 0.07609919777328959 0.06318369283831415 0.03324084506926124 0.028075546581701295 0.09100225673170166 0.005293142398873695 0.06726976500719384 0.03830211580031573 0.027380778898805185 0.03624938522360442 10000.0 0.024569134440994345 0.05582495684207872 0.0589672775210091 0.08405261413577995 0.02377510116674129 0.04734612827744462 0.04102426892358226 0.03176986082217751 0.012994277777675886 0.03649344978889069 0.008805014692687834 0.09348901072632848 0.03312726336376066 0.05049881943708123 0.021125746721687492 0.015601785037732388 0.09064502487431407 0.005860670262266193 0.02509333040209925 0.10063138313574378 0.02494968817202958 0.014433865715024412 0.10236667667806502 0.06469842281694062 0.046192407623040534 0.02702838231814306 0.045405713575093924 0.019258983839071354 0.04109621837093246 0.04141222955815304 0.013535123714222627 0.00863526447679009 0.09582688052687155 0.09428977563266012 0.05365468081716655 0.07392347481490856 0.008789245838616528 0.03130352783246437 0.04888147746656303 0.0286584458999893 0.09883271160111513 0.05605454230640433 0.0558091652612786 0.07828653922450161 0.05763606466383878 0.05265449512636219 0.034445128119029673 0.026260479115691585 0.05119371179669197 0.029182051730129936 0.034872258145539216 0.08404396251915983 0.03778858452754606 0.0910464735757624 0.05584393909982584 0.04688299673057738 0.01887551023409782 0.030038052758011944 0.0579802453774137 0.028188923670094606 0.07661201008345675 0.027441293087330062 0.05014947074682674 0.07362265449298465
 0.028456829113077228 0.06758703208697937 0.06329935503772083 0.03569830521412526 0.03341623905033411 0.017632737723312093 0.052135355572334244 0.03975319668574697 0.04160196753820051 0.02182460916362644 0.06869234700929408 0.028968696548890012 0.04844444887995556 0.028763737375552694 0.01734339516499618 0.029502025144544745 0.024569134440994345 10000.0 0.0366587574121096 0.03948737186800211 0.06728193815090565 0.01771239681548628 0.04964686162746612 0.02691354099468188 0.04441841258532648 0.018814620146305836 0.024569592536196932 0.023574010773623408 0.06921679063609293 0.017047385537387615 0.027424788999431075 0.012378343966837051 0.03318980244424651 0.06923571296603524 0.018802074228945725 0.0142493266507696 0.07809189232180563 0.016319123352746028 0.026486147565046143 0.08203297699403629 0.04807531471099009 0.023472477238969825 0.01263657758093448 0.03968694499202052 0.029767692683073558 0.016968759062362716 0.022217340391121512 0.01343172901773669 0.01708038302602504 0.07253672067018614 0.07257739519627825 0.04064615194321614 0.049461251889594174 0.02868160755870715 0.03962928087148231 0.03156762113592018 0.023659594584112785 0.07953260309798225 0.0396464817969459 0.03124281878091251 0.0545486051484361 0.033373065160892904 0.03381358053224515 0.04487733053500802 0.012698130794413112 0.02662469855493443 0.015341393141465223 0.038415618154415125 0.06081929406161999 0.03170716075948321 0.0673525861343957 0.041890283499967235 0.029657033386802846 0.027203259009440636 0.03749490248484149 0.041504790634004814 0.03851571925435565 0.05240137466496422 0.005286088164039735 0.04981918414081575 0.05763071182412958
 0.02492627034031235 0.05051611252053199 0.027193801160129805 0.0511828462028492 0.06984941236446346 0.05413967232123435 0.02994424892720457 0.044859568976930865 0.078224587655371 0.030513284106832843 0.07099961776858614 0.061081059989926724 0.06475119716402628 0.023070686858958453 0.029035426818933 0.06328385458902136 0.05582495684207872 0.0366587574121096 10000.0 0.0031760794751598278 0.08391474122702919 0.0538713815898004 0.08494008835752614 0.016679988742440147 0.05576624920673247 0.04375043351932754 0.05648291938051951 0.04976925690334156 0.0469064739280416 0.04858356269707025 0.04059686536676913 0.04890308390606382 0.05513422757596222 0.03529843343718756 0.050398130046646526 0.030809436033081186 0.0780479639195327 0.031366593713664175 0.04808311611967117 0.08881764839118655 0.012801380964569379 0.04048270908267121 0.02883323973002443 0.028675572018645925 0.06620367087592043 0.03371671001546749 0.04755303013142966 0.049153713008906974 0.05127584987156249 0.06980460647532129 0.07643527481807993 0.015441216535200046 0.0420318032988799 0.05485898542299774 0.04821219874220169 0.007759832848417727 0.031200645069476052 0.08927436934558027 0.00771916818343504 0.02826230939534009 0.052819843830201406 0.02279169895709368 0.003190088446013964 0.08153608784359956 0.04776162770321427 0.027920712442507906 0.02667093173020804 0.07457383121625688 0.06057245485981379 0.027706931789221796 0.06313058989304463 0.01382168132278418 0.009465249520865056 0.04491037780288702 0.04636774502980465 0.06370826598107136 0.0500920282540554 0.03238395224357876 0.038921670949877675 0.08414803072865779 0.07711989999695895
 0.027884668404682594 0.048597286125289206 0.02410823544537589 0.05223187331205409 0.07254674901908852 0.05702974790876512 0.02797590186324441 0.04522094350146415 0.08099034343169179 0.03365900339649079 0.07054546036746849 0.06421822054274023 0.06559484627270933 0.02601374563162323 0.03221138177254227 0.06563076111208552 0.0589672775210091 0.03948737186800211 0.0031760794751598278 10000.0 0.08456114018766048 0.05654565519240845 0.08739507745100816 0.019769607026633485 0.0586714365924758 0.04692238454077312 0.05871389045892037 0.052944109327640196 0.044542303682649935 0.05088806398377316 0.04182267173540079 0.051661703020705656 0.058284228683590455 0.032128725822804814 0.053519431014681124 0.03397043133238941 0.07730593456128829 0.03454117814121172 0.05124826981052363 0.08856668440646655 0.011507458282815308 0.04201314070535968 0.03196041526413587 0.030984205355523802 0.06911873457342171 0.0356051533593341 0.04944435031953646 0.05212172447718319 0.054329198420804165 0.06892122371027748 0.07605074982924813 0.01701136374230161 0.041284974090823955 0.05803496848607279 0.051098594913011615 0.01084732330981511 0.03431741415231994 0.08927576810056692 0.00888270098019987 0.028773707255685586 0.05232020347911507 0.02292901986582342 0.00636474829082162 0.08434964399679688 0.050346931336025594 0.02893445314762356 0.029827644009910587 0.07719896523714474 0.06005014602112306 0.030527378000133856 0.062206738343997106 0.014992548011119523 0.012612769447886031 0.048049132044093425 0.04928727212112396 0.06505614393702107 0.053056811980389175 0.030591211173032738 0.04155102373412832 0.08647057698958671 0.0780781810478264
 0.0923512654437273 0.06375771623276125 0.09801393603984776 0.03367780134775176 0.062377539847287 0.06817901081888418 0.06930703035912915 0.03960805753603248 0.06782476587455413 0.08810472513079072 0.029965064303947006 0.08535035705947333 0.019647844091524206 0.09183872229593411 0.08328720679047227 0.04953526121591184 0.08405261413577995 0.06728193815090565 0.08391474122702919 0.08456114018766048 10000.0 0.060308235980493854 0.05673761508620775 0.08666958234771138 0.11128597416774325 0.08494489360855892 0.04758315857688862 0.08795204680127176 0.07292254166434584 0.0518377992751577 0.04448890312973303 0.06337360058225389 0.09785997186243098 0.09503813510230241 0.08036478896507644 0.08073415902055497 0.03596948136033188 0.08296761115267624 0.0924210416940638 0.024872193551049804 0.09604142936753879 0.04642408488763644 0.07820590731860755 0.10301726982029767 0.07150609937958538 0.054730696017828505 0.045073792831953466 0.07115782843148578 0.07579360602691564 0.039735351214293634 0.027235974231049193 0.09692752228132535 0.04989687227437383 0.09174401113095028 0.10689576478141989 0.08499707995490222 0.09001324114099712 0.01840723535377116 0.0911392285248678 0.05578847545157493 0.0397531273458521 0.06182463442750416 0.08324952098225133 0.07146991755962571 0.05859267535895136 0.05614474611999796 0.08009985600766521 0.0604795202964917 0.035509811060102654 0.09622334702987892 0.041933705913467706 0.0964992576009457 0.08415096187321693 0.09407436429876449 0.10477215848346906 0.026235966589752153 0.10560091393590347 0.06642008647521289 0.06205075050216632 0.05134358407791366 0.010556037949055396
 0.04503845835430659 0.07703845638623405 0.07989533140647137 0.035017585337469265 0.016013747228682675 0.007875923232480249 0.06482107965353455 0.043979701254109986 0.024679982520631628 0.03722009307964366 0.06946085882003941 0.025236919381101505 0.04407846692664509 0.04564135558751627 0.03349504477565201 0.013693682833936374 0.02377510116674129 0.01771239681548628 0.0538713815898004 0.05654565519240845 0.060308235980493854 10000.0 0.032003265662266155 0.044514116041403685 0.05320793087151536 0.027488187273737526 0.012726837688231813 0.028756402720939576 0.08052501186981743 0.01130539390728315 0.03166578633130995 0.005618952178787872 0.038284767457698925 0.0847644469993888 0.020679907190139936 0.03019563208830831 0.07918133444650019 0.03179214353749955 0.034018295201701375 0.07936651767552122 0.06563910066847822 0.02735615890131552 0.029540735863452777 0.05601827276448311 0.015884961186590853 0.025949023495937126 0.019850481326326698 0.011782874768276453 0.01582950922763458 0.07539075944552795 0.0721848591103842 0.058297809167645216 0.057287658792697684 0.03180998752426752 0.05049740325372907 0.049202003213782756 0.038810708284163296 0.07547401415299348 0.05729435606335637 0.041927212177062585 0.05905527102290483 0.046030838891348236 0.0511671926061146 0.02835849578394028 0.006682032922953447 0.03752242347524833 0.03239899341865094 0.020759384063582118 0.06374497018492088 0.047817558482843914 0.07140129179299358 0.05959355885902985 0.047318146317950324 0.036875867304177086 0.04865744727876325 0.03435022389935529 0.04828779340287315 0.06437200191867921 0.01502363108318899 0.03255385271696218 0.04985634772456242
 0.07676434080071579 0.09773158504633997 0.10983912936832022 0.04987338558048023 0.018148702948471884 0.03544659115911881 0.09039289236934818 0.062277955435461406 0.015766983600567372 0.06858031981373096 0.07824818348595101 0.045133165035054455 0.04996236355750875 0.0774791163451919 0.06521415593578564 0.02205552391986681 0.04734612827744462 0.04964686162746612 0.08494008835752614 0.08739507745100816 0.05673761508620775 0.032003265662266155 10000.0 0.07651264254088655 0.07907147291966132 0.056527941314260755 0.029507936294345873 0.0553792887079697 0.10349586307123937 0.03673663834553555 0.05337003910985059 0.03756444258002186 0.06277024183605887 0.1131780871800084 0.047661136468487755 0.06192354506746672 0.0872793633435377 0.06333818784520213 0.06121354551301388 0.08097673839770038 0.09711910686094401 0.05027331227733658 0.061488735173442007 0.08752424763500542 0.02816812494441743 0.05324405105230434 0.04086767873541692 0.04140672882167729 0.04314370066452834 0.08672368307628327 0.07869043239194395 0.0902839341285621 0.07770816014975444 0.05602827966268203 0.07836856815520699 0.0808736328395511 0.07001892369037735 0.07502082145761296 0.0889620658858268 0.0674600145637011 0.0749254070431446 0.07294882742916776 0.08243679076566598 0.0175833461581473 0.03737568505632291 0.0638786416777619 0.06435638415350614 0.012568148696458262 0.07667351827287255 0.07929774828728672 0.08499734612126046 0.09152517542557324 0.07904540422966036 0.0651279871375406 0.07688969404678156 0.039447868398614944 0.07544183744337217 0.0891252400506917 0.04625365352960223 0.00549545307574438 0.04731018645280832
 0.00872512678834586 0.06465279519410537 0.042689260476048776 0.052993863940634794 0.05977237353256759 0.04268163509875492 0.0446820245386776 0.05052467845084927 0.06737956218327586 0.014052376060813396 0.07928671425862163 0.04631419272064838 0.06702177846247351 0.0070804929730267545 0.013649077247704065 0.05623283938530053 0.04102426892358226 0.02691354099468188 0.016679988742440147 0.019769607026633485 0.08666958234771138 0.044514116041403685 0.07651264254088655 10000.0 0.039437373133208074 0.028309104469266544 0.050582448265577465 0.034077155830674666 0.062331342240295406 0.042576432368826835 0.042235368041850276 0.038996800906121 0.03863486875212726 0.051764273254515825 0.03608193388506806 0.016266068199395408 0.08741974964693462 0.01607962397306184 0.031766308129902686 0.09585491062372008 0.023677072959657843 0.0403810845308333 0.015471081962413273 0.016723803922473485 0.05416359131182397 0.03217584871966616 0.0445663598440837 0.037008464103443495 0.03797763353218712 0.07990897696070169 0.08430020142506729 0.013814740106885227 0.052467537405711126 0.03889949034643053 0.03198296901612698 0.008924963371483081 0.01456879739510862 0.09512748802167863 0.015070194382986915 0.03487817611821399 0.061830767780818696 0.03176100228626357 0.013661769366989653 0.0702103253843547 0.03951358010363812 0.03228765675078445 0.012674086803667196 0.06500261573672755 0.0694197633884303 0.012246689219837925 0.07353766262506031 0.015396928069773972 0.007323135298462442 0.02835286770161376 0.03003098895061984 0.06321882906633756 0.03360052889706824 0.04658739239360807 0.030965502054619592 0.07672107619193609 0.07838098294031078
