NAME :TPP_input_21_4_3
NUM_VERTICES
81
NUM_CLUSTERS
21
Full Matrix
 10000.0 0.03469388493920911 0.05256271930359081 0.07743725844825096 0.08715891274537026 0.04656899751472933 0.04319459039427759 0.048174524437488916 0.04685329763221786 0.0732764497809492 0.03986173634695968 0.10574701661670556 0.024119786306395757 0.05427242116678194 0.09233889633757966 0.07953625390631723 0.06935293092959618 0.01511789802903569 0.0680183802404362 0.06856159527911787 0.06287251710492756 0.09212506671667664 0.07781978495847929 0.09042198046257148 0.044983832164668856 0.056768925324864224 0.06713681564367091 0.05987877773579755 0.1003149981224159 0.019799521396164758 0.07359703023565507 0.07837662990157099 0.08793397212853442 0.08054847841236099 0.0744796876688243 0.09363631202394661 0.07157323921053449 0.015012558136213546 0.08897799155507809 0.08014086165503072 0.07893875617476027 0.038698545832104574 0.052219841133361554 0.07853604296022573 0.002455424901425103 0.08099602665421507 0.08574281934106247 0.08312927486205107 0.04848515821843353 0.0716967473826851 0.006967827800917099 0.04336339233056079 0.051402813984096775 0.03967110400591571 0.04064067029581251 0.024668246729055217 0.019005694504977463 0.08251660386019785 0.07964657100833769 0.03548257969365885 0.05670325711266198 0.06288453517115866 0.022423998119555692 0.023916839371682437 0.032500660762403454 0.0591655500044708 0.009890560949773124 0.03704195917258917 0.035838793055611454 0.04688490697747601 0.1004440017325928 0.03395353217766533 0.0338056987240679 0.08340315013570303 0.08624309731574965 0.07659996220324952 0.0672216185977165 0.033928644587786244 0.05321460387228934 0.06957705609525434 0.018988521742526424
 0.03469388493920911 10000.0 0.047122374557533514 0.043559958676962926 0.055500924936215015 0.011916943275492226 0.01239904835236964 0.02629818543962139 0.030170584355919787 0.06047704294363546 0.014757572812755944 0.07688399512560162 0.04233001667597506 0.05209358019365641 0.06136214085724504 0.04581486977847336 0.040630760267020255 0.043452816726718024 0.04718555773404788 0.05215090409051719 0.05299328653690637 0.0577459302886633 0.045150048860192346 0.05576183215022698 0.026351037275409453 0.05967684271407473 0.03944907038840922 0.027812824221102143 0.0704899512996604 0.020978233002417197 0.04548034521525024 0.05865984882771418 0.05479807364406554 0.05467894484532001 0.03981419560660561 0.06294407532758553 0.05293557857721245 0.04343290345580068 0.05476415019111324 0.045448312578839745 0.052685195890055096 0.026747914905861356 0.027406634299799514 0.044820636353950644 0.03713471758955241 0.04967454011844777 0.05402191642297395 0.05085622965257968 0.04862573568435703 0.03709757798323639 0.02855898938168452 0.018639942009456033 0.057139716299977696 0.05283827888389705 0.032984933109730094 0.024483825142157023 0.0282680379985374 0.04938003619439836 0.0559285452340092 0.02508712076670825 0.05565021121618023 0.037702835604838315 0.012292034087296618 0.02190089771223843 0.015961824686698826 0.06383183015819112 0.04146895952724714 0.0024014659198716712 0.00838234811330385 0.04441971170771095 0.07042956687291085 0.004979264788928676 0.033420470840174125 0.04912571823285929 0.055248369853302094 0.043985074645470974 0.035665010108502225 0.016370365067985067 0.018723195603926098 0.046587682831605796 0.035880841675145526
 0.05256271930359081 0.047122374557533514 10000.0 0.0778921576005539 0.09393249790148833 0.05191622206539146 0.05862723812339088 0.07341208421846818 0.019250180560527776 0.021837878651464467 0.06187124770774329 0.06824755420674113 0.03351242351612969 0.006020598776034887 0.10037414053580275 0.06199340025483398 0.08432166748734486 0.06766619867187197 0.026865113331068783 0.021278557868922573 0.011050605745424316 0.08685729200844139 0.08285199941670257 0.08173191862681027 0.022869031716130726 0.015699163647332075 0.038134897678927734 0.044910553527023375 0.06569109538811231 0.05748935034071302 0.04240754990227971 0.0322353438498749 0.06556521918012034 0.042679880456475 0.06904168718713473 0.06234403950671839 0.025982490634423823 0.06756364837472925 0.08548207893672405 0.07211960421491641 0.042241717937810445 0.072279953407728 0.07413110377624646 0.06126205339942452 0.05401089135158373 0.08934274786688108 0.05912360926940826 0.08863377288803173 0.008052164778885347 0.06820234371653577 0.047100664994548604 0.031538875868318654 0.01740026663388349 0.02618452300495824 0.07781809226539754 0.0640198791692807 0.06321976753125723 0.061556891412356776 0.03856277045538765 0.06984366866711963 0.009488093104737418 0.08369205504085407 0.04682193830904976 0.061429635449434104 0.03149824832491368 0.02026100641926765 0.06235205812891017 0.048155989048077524 0.03898878632175646 0.00609257070456054 0.06623003373729462 0.05170073866925219 0.07530633749363241 0.08039281540345503 0.057469789984552794 0.08198872012746862 0.04686489089107015 0.03083694583618185 0.05688401302089493 0.09287419377988074 0.03477326421563312
 0.07743725844825096 0.043559958676962926 0.0778921576005539 10000.0 0.016908953862531672 0.03194907282355869 0.0344917617786817 0.03791971114259461 0.05885309811642106 0.0802774432439492 0.03936749015881285 0.0644984736081472 0.0848257971993481 0.08387262017070754 0.02326180959982774 0.026724320449750028 0.02155908841593787 0.08299985353822278 0.06150746991045306 0.07039669257478837 0.07811182122635472 0.015419822133409219 0.00744644852273613 0.016801673879017105 0.05566111327624728 0.09326527989682794 0.045946881081766366 0.0334825180199589 0.057052320394177486 0.05979425060827722 0.04712758895287661 0.07000033061670499 0.03424030254666702 0.056711042244750286 0.010485825266666257 0.049162085727207074 0.06794936350128176 0.08301904839858673 0.011839215258153476 0.012535032439859206 0.054793517359570956 0.049685657865576036 0.03307185340847748 0.026472671510688033 0.07980320542721606 0.01458982794361312 0.040208389353956 0.011705153830855894 0.08282437937233898 0.009943313781831028 0.07182058211525535 0.04795373039226819 0.09288184226676223 0.09270335459469778 0.05443773499001269 0.059147988380711884 0.06545259490789693 0.03159275872821521 0.061655295492118796 0.05123567315717893 0.08737880454551032 0.030138138465743224 0.0553026558631648 0.057794921330742544 0.05484310806448192 0.09783499299045403 0.08257989642485705 0.041165199986320934 0.04652583965204323 0.07810668748013799 0.05644528940200318 0.04349413082213391 0.06091941567797734 0.006910803366731258 0.04351314993295706 0.007576249262980802 0.03486134029799261 0.054254872773723796 0.025029131103860538 0.035576170188472256 0.07881326949073753
 0.08715891274537026 0.055500924936215015 0.09393249790148833 0.016908953862531672 10000.0 0.044993858601161306 0.044365365899069927 0.041698205959348186 0.07473526293792879 0.09714251832106381 0.047365479258372506 0.07880491128778247 0.09777024332689327 0.09985913324611966 0.006459959482304198 0.04266831917943818 0.01958571659819526 0.090209819843272 0.0784024875116272 0.08725651897766094 0.09470643182655916 0.02065295043749307 0.011095783693141193 0.026393969344510805 0.07134564675496627 0.1090830517067845 0.06285569632758563 0.05011103182750788 0.07151027617891781 0.06809373372577937 0.06392840204848317 0.08687415568668438 0.04891273920891455 0.07333239920410918 0.027296685887387203 0.06403494176542233 0.08485467812428524 0.09025114552656556 0.01771437394205624 0.027869328247738977 0.07146081852128612 0.05386359249218739 0.03675827810602668 0.04257460811248409 0.08938289401725058 0.006223316557426551 0.055734807508112674 0.005332580221507629 0.09842335149513284 0.026788133072849833 0.08232418845156603 0.06320688945187664 0.10830269775796225 0.10700666082929546 0.057064162164132126 0.06586499376149663 0.0725424017226434 0.04719967957097287 0.0784037894087877 0.056204040425802425 0.10341222700511485 0.028886145348957927 0.06610742122811045 0.06514301806586169 0.06877810294780479 0.1136248032355357 0.09079758137092069 0.05322418750995289 0.06008840064387135 0.09372559140605215 0.07081549862959956 0.05416793031321409 0.06471676706110059 0.018428760124603115 0.05915045564214906 0.012038976714979171 0.051770223470953114 0.06839898471107625 0.03847672135674759 0.029700613342102382 0.09138095078452198
 0.04656899751472933 0.011916943275492226 0.05191622206539146 0.03194907282355869 0.044993858601161306 10000.0 0.009941457169081827 0.025080343228364957 0.03307820969285695 0.061355308274465815 0.01639763686505769 0.06911985334870732 0.053054456056609196 0.057480412088103394 0.051119443739595045 0.03521585206535765 0.03250778636736941 0.054566940270824954 0.04539842726595917 0.052093393685977665 0.05561427282929442 0.04586935035033098 0.03424505724591891 0.04385760125271334 0.029227562997265175 0.06601978277091791 0.03422026332992592 0.020032249240485186 0.06228574254836915 0.03138913075255481 0.03942713470050026 0.056540725276483135 0.04457422708151757 0.04947725321421507 0.02791209532852825 0.05435793990554324 0.05175831435268537 0.05455830281397497 0.042948735535228225 0.0335902931973865 0.0473688457628575 0.030681678452487735 0.02390146721213701 0.03424647396756765 0.04900234494344272 0.039487356901919575 0.04493981789730463 0.04008355790775548 0.055022396443204474 0.025180916958024185 0.04047567254773876 0.02045871308686573 0.0644093603379412 0.062076693584917284 0.03708931193610252 0.03331110564585742 0.03829516564149171 0.03925928345611449 0.05189173356969821 0.030213764778031386 0.061101999362151195 0.03215607288733443 0.02414505640918959 0.031097487517607054 0.023846459786873175 0.07042275003249031 0.05300489051231084 0.009537538595007422 0.015101765445125807 0.05046813170055604 0.0621086503426231 0.013469495018608146 0.03993794585485891 0.037295904224307355 0.04666752809987052 0.03313852611003462 0.027605353401865318 0.023576972083137557 0.006924777455278525 0.04141234584086373 0.04691187894392416
 0.04319459039427759 0.01239904835236964 0.05862723812339088 0.0344917617786817 0.044365365899069927 0.009941457169081827 10000.0 0.015615937874394444 0.04061975644059159 0.07003466834861194 0.006699853815083908 0.07874714858997786 0.05420168249442892 0.06384762136007419 0.04993282495511809 0.043561010051752204 0.02839179189576987 0.04872525584906119 0.054829576246083075 0.061059582049385365 0.06351790228602858 0.049582639380277106 0.03465378282769193 0.04883337687383071 0.03670888485881763 0.07175472620787383 0.044140807724313974 0.029920357155282698 0.07180254614195763 0.025375954686283324 0.04936490215491192 0.06610191269340088 0.05312570595648216 0.059414834267525814 0.03335175129931607 0.06377390347350816 0.06106494395470008 0.04873674389207124 0.046229470379900744 0.03927823866705405 0.05730796721118086 0.020906369361806107 0.015515824011803856 0.042635253354225064 0.045511673008710306 0.038330375251401226 0.05420853291946334 0.04007541211606307 0.060683978755964145 0.030217230020511694 0.03801847341282542 0.02814730907796266 0.06941895482754969 0.06519723682191629 0.0272640685432952 0.025635771861076316 0.03146301348498446 0.04796278456223988 0.061754861888039664 0.020748525308475887 0.06744130870714353 0.025394392538305548 0.021745686731534486 0.023858291216690513 0.028124314312539204 0.075982078328657 0.04809575210441597 0.010711726862148207 0.01973458299902328 0.056357565365167624 0.07158647812417525 0.009863996660806512 0.0307152582674026 0.04079574844571779 0.05613108305432366 0.033439468729722366 0.03737507030095663 0.028347905578063076 0.012903390548189836 0.03440689164016449 0.04756567740185819
 0.048174524437488916 0.02629818543962139 0.07341208421846818 0.03791971114259461 0.041698205959348186 0.025080343228364957 0.015615937874394444 10000.0 0.055941376789497045 0.0856132073902373 0.011625125533236122 0.09180450935043744 0.06437165452724994 0.07837988746575575 0.045865690535178666 0.054593147906306635 0.022354759474638254 0.04888237165721407 0.07037815629345377 0.07667446712338136 0.0788693490575659 0.05317042372474965 0.03489020001445646 0.054387645640435155 0.05204197747332404 0.08577982006725703 0.05909287793578336 0.044352822134830626 0.08460292720922553 0.028377345630291272 0.06393449828074406 0.08159240176707216 0.06418947975155816 0.07418202814472434 0.040945566635562175 0.07640267211052935 0.076652489624017 0.04893380824108404 0.04942461838353663 0.04661185900871264 0.07205527407715256 0.012216946432563706 0.005022833060675451 0.05377715977148228 0.05011872910638573 0.03553730184284323 0.0666436571008242 0.03888157432507542 0.07477132092511875 0.03768956489633011 0.04481796996907448 0.043621002029823226 0.08290552730876614 0.0770749947882834 0.016521891864274725 0.024735211413783462 0.03145558265817787 0.05944941032127743 0.0768769703292266 0.014528496724832501 0.08192647200376062 0.014739618164937447 0.031031462187546835 0.024569406897646282 0.04216787867051229 0.08983650557438945 0.05009601481507267 0.025337609381413325 0.0344769574459902 0.07065434465066629 0.08428634530837313 0.02193756880063032 0.023329020031059803 0.04482649459454067 0.06897598601617043 0.03371755420154974 0.05130074190532456 0.04265559374459266 0.025346952806694016 0.021894716374859034 0.05749040906052966
 0.04685329763221786 0.030170584355919787 0.019250180560527776 0.05885309811642106 0.07473526293792879 0.03307820969285695 0.04061975644059159 0.055941376789497045 10000.0 0.030510943145001197 0.044723868838354504 0.06070067142716298 0.03645963279392934 0.025129376096680374 0.08116846516247576 0.04531422085218661 0.06526860126888773 0.06095943940846203 0.02116576162085006 0.023079427617027668 0.02292797423742939 0.06857285999248255 0.06364626305692206 0.06385871534596933 0.003911157259892982 0.03441390612869102 0.024013213154743165 0.02650551257850759 0.05631971768871783 0.04514708701901634 0.029906603389045817 0.031812649541175124 0.050569115772175176 0.03459701936110128 0.050349525924546876 0.05103294701305388 0.025180751946486137 0.060882687538890486 0.06694092598316684 0.05386324901740752 0.03327953292480045 0.05666202693502416 0.05608451102924105 0.044471848755859085 0.04891773231786873 0.07009760972063361 0.045457428715751605 0.06944857431092835 0.02411206240044183 0.04929065616635421 0.040149238161259405 0.012637838633297085 0.03433538076349548 0.03730917498844039 0.0626848634523876 0.050987493961014096 0.051939724125072376 0.045882452427584985 0.03296431789111026 0.054653920692348854 0.028699683838366855 0.06515254196165395 0.03355412559315377 0.04825081700543869 0.016789355715592248 0.038981972075427376 0.05655278474810619 0.030690559631198704 0.02179074923302218 0.019408403214277215 0.05663982232632988 0.03507934289682348 0.061667127904979725 0.06169695176018202 0.04468898431697398 0.06276865054358956 0.029996797269476454 0.01556024060697904 0.03771783396909659 0.07439293179643724 0.03391573661764675
 0.0732764497809492 0.06047704294363546 0.021837878651464467 0.0802774432439492 0.09714251832106381 0.061355308274465815 0.07003466834861194 0.0856132073902373 0.030510943145001197 10000.0 0.07475204899931681 0.05231710539374457 0.0553450077936582 0.023499477100257026 0.10353557224123583 0.05846380012006082 0.09170513690770758 0.0882320008183363 0.01891641576010304 0.009889800126577792 0.010792570848419744 0.0856423130721048 0.08651922809230846 0.07954266897950213 0.03419085943809802 0.029915856093751126 0.03462763915245023 0.04738821624481855 0.05172798405737505 0.07514968890673525 0.03559446306554692 0.015286994974138556 0.05876299918683199 0.030570249875860385 0.07017586945552297 0.050845121447905865 0.013005380248909926 0.08813732123463464 0.08520871406588432 0.0715596969191663 0.03122169086923094 0.08711744212764687 0.08516259745640546 0.05802171516634336 0.07492467723079657 0.09363520793529469 0.05100980633052564 0.09184857695647633 0.028879242035834824 0.07035727886159567 0.06730401842690144 0.042085120888306495 0.03491233713076146 0.04687980114076699 0.09318215183271475 0.08123603751664846 0.081614286719457 0.05625057510968569 0.024870961261728084 0.08515639541072778 0.023903747259018466 0.09325834846704575 0.06371525409978787 0.07851928151019667 0.047026897337720724 0.03298114383495794 0.08315836643673068 0.060756591385418175 0.052146633807067966 0.027927834629299337 0.05245254235630162 0.06543367737106943 0.09208485081762978 0.08094395651352637 0.0483541444538319 0.08590550248037343 0.04562673583843972 0.04590764276586957 0.06439255531988737 0.10248214085883689 0.056265539530287956
 0.03986173634695968 0.014757572812755944 0.06187124770774329 0.03936749015881285 0.047365479258372506 0.01639763686505769 0.006699853815083908 0.011625125533236122 0.044723868838354504 0.07475204899931681 10000.0 0.0854071747700313 0.0536644438900547 0.06678422830991335 0.052477160444638994 0.05018685969549896 0.02966977925830841 0.043688902496383866 0.06033191911577983 0.06607931936743966 0.06762408566744614 0.054702280565534764 0.038502489426049835 0.05447214645796368 0.04085216154516826 0.07415556205397136 0.05036429632995537 0.03642905272898928 0.07848431878450807 0.020813076960038857 0.055754909454786776 0.07171206562277194 0.05977068194187273 0.06569512067675858 0.03933055472925297 0.07046652308556267 0.06641247241384263 0.04371263569842827 0.05120337615519085 0.04526034797865735 0.06360244597163667 0.014285950162562427 0.013634769023109434 0.04926921582140803 0.04204767769268052 0.041176604228813925 0.06090778853578434 0.04353787052122902 0.06314627472087156 0.03612474874144093 0.03546382292778989 0.03266786226970537 0.07132006143456505 0.06582772942371355 0.02069294568917004 0.019836135665096368 0.02608744024269142 0.05463188178812824 0.06781120861368287 0.01405248644623363 0.07032301951889655 0.02452061664202864 0.02027053460903884 0.018433750880513536 0.030554829010659545 0.07821986249752262 0.04365452637792434 0.014038636752649115 0.023051111845039853 0.059037798040924266 0.07827357623881845 0.010313652611387721 0.02404978176535272 0.04594692104753379 0.06281770751999201 0.03727320349426996 0.043972809117051245 0.031070461894357377 0.01950565724099897 0.032822461804295405 0.04684045903823996
 0.10574701661670556 0.07688399512560162 0.06824755420674113 0.0644984736081472 0.07880491128778247 0.06911985334870732 0.07874714858997786 0.09180450935043744 0.06070067142716298 0.05231710539374457 0.0854071747700313 10000.0 0.09685918956356816 0.07262974728755323 0.08378452352803276 0.03863760605305855 0.08467811327562368 0.11828736837322222 0.041787651302970276 0.047433991017318725 0.05956004898903792 0.059568033390554595 0.07190723503531753 0.052958603512325134 0.06146488988481927 0.08104478760905566 0.038648649610426904 0.0493733506152743 0.00747542863729479 0.09762991771721796 0.032194670105043656 0.037338264399503655 0.030258637921026343 0.026293785211539796 0.05526893113380741 0.0156608379083614 0.042530697875887535 0.1182368575341887 0.0615193296030322 0.05197356688027774 0.027435031770447142 0.09965199639262803 0.08859742625803965 0.039214040922238666 0.10803386665002837 0.0786909674355255 0.025383855873582464 0.07475040506006546 0.0762919338084885 0.05778998537598843 0.09878699525410407 0.06252049938989551 0.08494818704715074 0.09406441239434445 0.10597821298220483 0.10129712331583371 0.10499201909999056 0.03351315408272812 0.02968856273563476 0.09933164462494838 0.07435353839167774 0.09119962908409678 0.08695234373277608 0.09876613627138697 0.07325126999996928 0.08469001270564815 0.11482718250938692 0.07545738351566345 0.07162295200446465 0.07312321467776542 0.008053407086900277 0.08091412680051217 0.1090065463199789 0.06054274120403081 0.022832085599558995 0.07206385162899147 0.04157769246927324 0.07182018509149968 0.06664248269150987 0.09865798605414126 0.09461215072812505
 0.024119786306395757 0.04233001667597506 0.03351242351612969 0.0848257971993481 0.09777024332689327 0.053054456056609196 0.05420168249442892 0.06437165452724994 0.03645963279392934 0.0553450077936582 0.0536644438900547 0.09685918956356816 10000.0 0.03332665304024437 0.1036846044404636 0.0789883227784388 0.08255418800998261 0.03828698533073309 0.055669101607195334 0.053234675644909864 0.04455261491516617 0.09776661161447635 0.0872312113913119 0.09447530536961284 0.03665907742918751 0.03369180494281096 0.06029433196281876 0.05861995164228874 0.09274081763264198 0.03864446264893373 0.06633837017714363 0.0640626169588189 0.08567638988339739 0.07058132187510564 0.0790504079089659 0.08745536044845152 0.05728182209722969 0.03816515388517777 0.09525164894287717 0.08393243720819236 0.06945096497509719 0.057803102834567834 0.06727054305443872 0.0780423980050554 0.024508835939426262 0.09199464662721644 0.08140005359235913 0.09301880281708204 0.027350663275069093 0.07693533838943659 0.02207005254801472 0.03999842684468612 0.027911322065616504 0.015551379271567342 0.06136626625023583 0.04509195374589027 0.0411268589074312 0.08059978946952355 0.06804427002359872 0.05466393470955126 0.03498913094112316 0.07818334225156945 0.03342658266899857 0.043333851426991005 0.03042948550286116 0.03554823886779797 0.03250814767156902 0.04456235915058446 0.0383186569333262 0.027419939824443795 0.09307800834374792 0.04444298064405023 0.05582678038417622 0.08960859870806953 0.08091938365079338 0.08609720146945372 0.06435471392779242 0.031318654916204544 0.05989434323834573 0.08623039895630544 0.006893004705679529
 0.05427242116678194 0.05209358019365641 0.006020598776034887 0.08387262017070754 0.09985913324611966 0.057480412088103394 0.06384762136007419 0.07837988746575575 0.025129376096680374 0.023499477100257026 0.06678422830991335 0.07262974728755323 0.03332665304024437 10000.0 0.1062951793383786 0.06791469522050374 0.08995193346544962 0.06937003882508569 0.031867952267089404 0.02522075936057449 0.013453653897117918 0.09287486778336572 0.08877253173583849 0.08773205087664555 0.028647668116324514 0.009730952034418875 0.04391344491020764 0.050929831050521124 0.0704728591820172 0.06101638759535867 0.047953580128752005 0.03586614536212287 0.07128603315728367 0.04754077871584491 0.07505711801266267 0.06751331153666681 0.03010433617865101 0.06926127117542243 0.09150247476507636 0.07813791678755122 0.04726378132754043 0.07663561133289327 0.07930927699082611 0.06719463489829654 0.05549972534677902 0.09521682504291802 0.06468915467830448 0.09456735539898872 0.005982005943764105 0.07420089744087396 0.04932898355437395 0.03721870185409325 0.012326051403038442 0.023386709748627853 0.08198389311190242 0.06765983605919854 0.06635360809694232 0.06737386578498164 0.04306623781133221 0.07408134948574334 0.0036215914724867493 0.0890538867338835 0.05079750138654143 0.06514413907513676 0.036245085656496846 0.014267234825513956 0.06387208604526304 0.05326724111518315 0.04412715020395941 0.008054315791108555 0.07104985269596456 0.05652930593938907 0.0790201189506087 0.08640927017600926 0.06291505683021134 0.08789780640747122 0.052830298338771134 0.035725491360440065 0.06261954438110885 0.09819582992918587 0.03574959667364621
 0.09233889633757966 0.06136214085724504 0.10037414053580275 0.02326180959982774 0.006459959482304198 0.051119443739595045 0.04993282495511809 0.045865690535178666 0.08116846516247576 0.10353557224123583 0.052477160444638994 0.08378452352803276 0.1036846044404636 0.1062951793383786 10000.0 0.04849021238029136 0.02351422771672092 0.09469228355867604 0.08476780216532345 0.09365266989663501 0.10116177533299262 0.02457369425929961 0.017522743473007845 0.030900311870563683 0.07776183846089725 0.11550022420462262 0.06918589220771801 0.05655870481758979 0.0765853168636082 0.07302834577694124 0.07010575408165175 0.09311263080657689 0.054229180032957174 0.07937563926841239 0.03355134967252766 0.06931304098483988 0.09120001290140202 0.09473969484117829 0.02226808303322642 0.0336930101066574 0.07753534011285415 0.05785507294511242 0.041067595203784606 0.04845658785196496 0.0945162549751265 0.011690720969074982 0.06131531859139931 0.011791077988108797 0.10481756189843962 0.0331805006867075 0.08772147181093148 0.0695820595581553 0.11466931261597194 0.11318575548751894 0.06052798555919968 0.07040065808947911 0.07711587159889094 0.052864594132428264 0.08452855917583549 0.06038144459448166 0.10985179983222568 0.0321362891591207 0.07166155593830636 0.0698565151104359 0.07494826208676615 0.12003781252834622 0.09555970090165976 0.05912358285026293 0.06622092098501584 0.10012404035861211 0.07585974298076785 0.0597848986513194 0.06842103030579934 0.024042918487174894 0.06475826951757878 0.018418764970300625 0.05809581564644036 0.07460525431393754 0.044706773650087024 0.031122482237868142 0.09722672755768931
 0.07953625390631723 0.04581486977847336 0.06199340025483398 0.026724320449750028 0.04266831917943818 0.03521585206535765 0.043561010051752204 0.054593147906306635 0.04531422085218661 0.05846380012006082 0.05018685969549896 0.03863760605305855 0.0789883227784388 0.06791469522050374 0.04849021238029136 10000.0 0.046077704785772514 0.08926746175815499 0.03973788428409038 0.04899053639203574 0.058998480222575284 0.02741947844502179 0.03414736562169776 0.021104979643380702 0.04348867426016102 0.07764550505760971 0.024509146982470094 0.02043014432283962 0.03117462354549726 0.06644073246636373 0.023008266019839605 0.04597540973875329 0.009633363777838033 0.031205972963817222 0.016802038118151303 0.02300061556570484 0.04550105970877283 0.08924774617429893 0.027582417144538927 0.014808511033979881 0.029516238281956136 0.06388709514764283 0.05088929780191569 0.0010005117954043974 0.08198647347377744 0.04129549800621083 0.01358765473250302 0.03793323073112505 0.06861457517121623 0.01916513752414476 0.07283458542198151 0.03901837920604539 0.07887576264892608 0.08251594728228939 0.06991174083564777 0.06849639529034134 0.07347013544097616 0.005125164385346455 0.03668586533825845 0.06418716897617019 0.07103916535511004 0.05263729478648722 0.05776514331640061 0.06631263686392182 0.04937263521529586 0.08215993884873554 0.08711665831245025 0.04376304110791248 0.04380346970989795 0.06409550812487774 0.030686492242574345 0.048542298056120585 0.07423197960436341 0.024466155760421545 0.016812137730322196 0.03411274255821975 0.01533499133969013 0.048215528774591634 0.030681202781147675 0.06002381594286453 0.07440704806539412
 0.06935293092959618 0.040630760267020255 0.08432166748734486 0.02155908841593787 0.01958571659819526 0.03250778636736941 0.02839179189576987 0.022354759474638254 0.06526860126888773 0.09170513690770758 0.02966977925830841 0.08467811327562368 0.08255418800998261 0.08995193346544962 0.02351422771672092 0.046077704785772514 10000.0 0.07118686712063498 0.07400625562052364 0.08198142005406601 0.08722948883684509 0.03470719477384638 0.015547855725612288 0.03793763208848184 0.06150035723049048 0.09852454761975643 0.05971043091530795 0.04492371426184733 0.07720423871559862 0.049807468555393274 0.06269731244579375 0.08407047045712071 0.05468691839588397 0.07298030252332725 0.029438929118621716 0.06907117560349778 0.08061055793472476 0.07123524128252048 0.03092298980146932 0.03352859836381545 0.07090219839665654 0.03440569995354648 0.017567339627849607 0.0455679590216708 0.07145954078747149 0.01363358975191065 0.0595900520573263 0.01767693131695542 0.08751550011845846 0.02691619445465576 0.06513359285834473 0.052783726933995086 0.09678971389394594 0.09344592212752141 0.03747982744460919 0.046919961470693335 0.05364167829873919 0.051189891922662545 0.07710069138959634 0.03687762416201908 0.09357284398070054 0.009573321302199022 0.04959033033410445 0.04646119874613498 0.055703998567911854 0.1029166786716164 0.07215540310833107 0.03865276954459374 0.04693867298056054 0.08297384553674023 0.07667816450426498 0.038113543683930294 0.045155668577616874 0.027816171992225087 0.06263307492521553 0.014704324859894537 0.04941200360803473 0.05566486584665552 0.027653924567448498 0.014123242256503504 0.07586560487620801
 0.01511789802903569 0.043452816726718024 0.06766619867187197 0.08299985353822278 0.090209819843272 0.054566940270824954 0.04872525584906119 0.04888237165721407 0.06095943940846203 0.0882320008183363 0.043688902496383866 0.11828736837322222 0.03828698533073309 0.06937003882508569 0.09469228355867604 0.08926746175815499 0.07118686712063498 10000.0 0.0820585323196889 0.08318256408419615 0.07790450532102983 0.09824758903283175 0.08205288758918623 0.09750390250291462 0.05871675442824365 0.07157659370409933 0.07968456303047486 0.0706623778857498 0.11246200930950236 0.023406284184345365 0.08611472501675085 0.09271636062937026 0.0981997631156284 0.09377040070742595 0.08181778461959749 0.10537420223134544 0.08597645300222627 0.00012890013894387592 0.09481656133387542 0.08769172057535594 0.0920458658279113 0.037321537865416435 0.05362473998524388 0.08827340807211369 0.013963772258953002 0.08399009062071107 0.09692582369553181 0.08682909493518609 0.06355835833986029 0.0787793219016089 0.021007049722575687 0.055839762699008325 0.06604441896129633 0.05366439813595083 0.036777252340977416 0.024345669806316483 0.017705018035675292 0.09277137381830178 0.0933349627368538 0.03449426444697829 0.0717528994194876 0.06329650533984224 0.031777729913059896 0.0252834865680309 0.04549279819128091 0.0737592241165914 0.005798598128686091 0.04553272412271277 0.046894629867134656 0.062002659231356165 0.1125140926675291 0.04111814437399323 0.028640859742019676 0.0894647649465435 0.09779626762661672 0.08082574107206811 0.07834658879392556 0.04693182006752285 0.06054481636528006 0.0683578093716896 0.03386837860722415
 0.0680183802404362 0.04718555773404788 0.026865113331068783 0.06150746991045306 0.0784024875116272 0.04539842726595917 0.054829576246083075 0.07037815629345377 0.02116576162085006 0.01891641576010304 0.06033191911577983 0.041787651302970276 0.055669101607195334 0.031867952267089404 0.08476780216532345 0.03973788428409038 0.07400625562052364 0.0820585323196889 10000.0 0.009253305571594952 0.02023535378236765 0.06677820253709994 0.06790231977720881 0.06075395465966432 0.023433435483598455 0.04109879254957835 0.01571327751283782 0.029159710738394535 0.03884742141797259 0.0650327704915338 0.01726535287567604 0.011475303732037395 0.040929055055430125 0.015832170972692315 0.051325451795666825 0.03565767002582316 0.0066063374222123826 0.08198423786128624 0.06629782648606551 0.052644567237677985 0.015404013822491113 0.07375426336684493 0.069239105061377 0.03924954190452359 0.07007315102924065 0.07508658848825982 0.033633626800894365 0.07313129109529343 0.034814602409323006 0.05162025016021524 0.061306924894785356 0.028754241216887102 0.044089288595798116 0.052316432370971166 0.08009073602033374 0.07034818276683008 0.07211495331998025 0.03788450096891324 0.01238457312024109 0.07226084100768303 0.034223803148913955 0.07641969874751466 0.05341376699964945 0.06760648660826712 0.03707609694928686 0.045260060868879515 0.07771253646287045 0.046873325341773735 0.039437250097215514 0.03139642370696242 0.039373644571383 0.052111895522411265 0.08035991789880702 0.062034384462151274 0.03147292501218924 0.06733782729518083 0.02674399283528591 0.03569471589966196 0.0473364133022508 0.08552658930902535 0.054239115779779704
 0.06856159527911787 0.05215090409051719 0.021278557868922573 0.07039669257478837 0.08725651897766094 0.052093393685977665 0.061059582049385365 0.07667446712338136 0.023079427617027668 0.009889800126577792 0.06607931936743966 0.047433991017318725 0.053234675644909864 0.02522075936057449 0.09365266989663501 0.04899053639203574 0.08198142005406601 0.08318256408419615 0.009253305571594952 10000.0 0.01222629883581633 0.07600863023081195 0.07662984749455651 0.07000450588207269 0.02637421162565533 0.03372420932132298 0.024871078821185003 0.037522208160016376 0.04561369620983013 0.06822574069805486 0.026395968522041003 0.01099857687407841 0.049945705400737006 0.023081248162134135 0.06032064733346918 0.04350451249533945 0.00491984708532958 0.08309703059438303 0.07548057833517066 0.06181442593049729 0.023250577415826156 0.07889740890879626 0.07597949116226811 0.04850254985533901 0.07041908341956314 0.08374962927357825 0.04245272374881296 0.08196088226637878 0.029283206050031103 0.06047302106810073 0.0621832922005278 0.03353523551959746 0.037524149571325376 0.047459930194786025 0.08509060521275089 0.07401524655901942 0.07500012282426684 0.04706865579981415 0.0180621430079446 0.07711703155536244 0.02695793403238466 0.08378500391770498 0.05662409604161484 0.07127332308985493 0.039866499260188135 0.03758327780139088 0.07842574601372276 0.0522107387615956 0.04396416145427474 0.026795916623099835 0.046243034083249666 0.05713012970163339 0.0845553830865668 0.07114259461110503 0.04006939127885101 0.07601817213420649 0.03580417728850028 0.03861799776523812 0.05480900862687657 0.09298112006739111 0.0529523136768766
 0.06287251710492756 0.05299328653690637 0.011050605745424316 0.07811182122635472 0.09470643182655916 0.05561427282929442 0.06351790228602858 0.0788693490575659 0.02292797423742939 0.010792570848419744 0.06762408566744614 0.05956004898903792 0.04455261491516617 0.013453653897117918 0.10116177533299262 0.058998480222575284 0.08722948883684509 0.07790450532102983 0.02023535378236765 0.01222629883581633 10000.0 0.08531072184534877 0.08378373726900874 0.0796498480220582 0.026829663242328546 0.021510601543195045 0.03448968245025572 0.04463265096916621 0.05783925892626798 0.06597298943145584 0.03732669925807601 0.022496551644073767 0.061023146623490246 0.0352089685042969 0.06851615404432009 0.05555586120830515 0.017138509785753358 0.0778065909842577 0.08440212080696943 0.07076189303076176 0.03522897753277634 0.0792078497477531 0.07894635743812695 0.05839909408272218 0.06444712046712221 0.09065037382347106 0.05385412974617793 0.08937400792801677 0.01835687116681953 0.06819619161849044 0.05708247425635827 0.0354056596118766 0.025571777574380453 0.03656244847171094 0.08506863824573374 0.07227239987534173 0.07215850527531138 0.05767874325807261 0.030288376948753363 0.07702881276319987 0.014797504286591516 0.08777031674477875 0.05478443715869349 0.06959687421706386 0.03843353022578412 0.02536687834558545 0.07273087264928839 0.053602075197332684 0.04461672066723107 0.017137258376736124 0.058465913486427275 0.057845508059365044 0.0833500551835627 0.07968943972547261 0.05170077318493203 0.08304397350694952 0.04469509198000666 0.03747125039918163 0.05958511463422763 0.0970263678712955 0.0455647057374337
 0.09212506671667664 0.0577459302886633 0.08685729200844139 0.015419822133409219 0.02065295043749307 0.04586935035033098 0.049582639380277106 0.05317042372474965 0.06857285999248255 0.0856423130721048 0.054702280565534764 0.059568033390554595 0.09776661161447635 0.09287486778336572 0.02457369425929961 0.02741947844502179 0.03470719477384638 0.09824758903283175 0.06677820253709994 0.07600863023081195 0.08531072184534877 10000.0 0.019201808863406424 0.006780289679306535 0.06586525892793262 0.10252295570645771 0.05118041365651378 0.04208753577255512 0.05252344722884716 0.07495390535829015 0.05039251094199977 0.07339411019123142 0.030915967587716822 0.058427570785615335 0.01876151225551302 0.04566616945688947 0.07275212873935952 0.09826352036494487 0.0038121692346403946 0.014741232326441997 0.056830334150808196 0.0650467212545976 0.04825376221853177 0.027735985732857047 0.09452313470385218 0.023070635262772168 0.038630770292900234 0.01836051015425276 0.09265241022778226 0.02088455571956596 0.08626394793399833 0.05911975493707805 0.10290344178222267 0.10428920546931757 0.06965529215708344 0.07451476180031052 0.08076574618279105 0.030782466396839635 0.06402790769670082 0.06664411774582343 0.09622030353098514 0.04403791931533175 0.06979604850718572 0.07310547790396398 0.06738285822891836 0.10710059161783259 0.09764898256578564 0.05534733971356231 0.059597597245018744 0.08796727598379557 0.05175779702112914 0.058208397979804094 0.07628437583820899 0.00878703439706273 0.042090787777693726 0.020168092869485173 0.0406156809261046 0.06660363185149916 0.039024754963335385 0.04780559027400426 0.09208985190672962
 0.07781978495847929 0.045150048860192346 0.08285199941670257 0.00744644852273613 0.011095783693141193 0.03424505724591891 0.03465378282769193 0.03489020001445646 0.06364626305692206 0.08651922809230846 0.038502489426049835 0.07190723503531753 0.0872312113913119 0.08877253173583849 0.017522743473007845 0.03414736562169776 0.015547855725612288 0.08205288758918623 0.06790231977720881 0.07662984749455651 0.08378373726900874 0.019201808863406424 10000.0 0.02254704822867271 0.06025006518474412 0.09798773062717911 0.052516511329869606 0.0392781604863063 0.06446881199980108 0.059299910180452386 0.054087909917257204 0.076772368752085 0.04164985501076201 0.06383892581797573 0.017669103097812534 0.056600461719091166 0.07441542780850967 0.08208340148701944 0.015401243405089554 0.019934158271528023 0.06188782557023113 0.04703567115175346 0.029877754429118178 0.033872962488263963 0.0801132431759353 0.007317841275419455 0.04765016380722763 0.005890969091427565 0.08733012542807574 0.0164561486505749 0.0726389288420582 0.05212359429710165 0.09722116135727474 0.09610512838686608 0.051157564571924184 0.05781877829410059 0.06435737119074389 0.039035614235916866 0.06865852337923323 0.04897335599052068 0.09232916966253163 0.02483791469176603 0.056230069408080216 0.05677971599794527 0.05791278075749994 0.10252908075887289 0.08215422565687008 0.04281935897101744 0.0492880787664707 0.08263134058107138 0.06385390148677923 0.044258138033042765 0.058214356766667724 0.0125223473234423 0.05094669590403555 0.0012292924407859783 0.04149255441535026 0.05748679329953968 0.027583813019694762 0.0290856911794524 0.08095257491921247
 0.09042198046257148 0.05576183215022698 0.08173191862681027 0.016801673879017105 0.026393969344510805 0.04385760125271334 0.04883337687383071 0.054387645640435155 0.06385871534596933 0.07954266897950213 0.05447214645796368 0.052958603512325134 0.09447530536961284 0.08773205087664555 0.030900311870563683 0.021104979643380702 0.03793763208848184 0.09750390250291462 0.06075395465966432 0.07000450588207269 0.0796498480220582 0.006780289679306535 0.02254704822867271 10000.0 0.06137555017628618 0.09742887537329967 0.04529401227226586 0.0373952327940525 0.04585157535599759 0.07410196385854774 0.04410903644102027 0.06698932938345369 0.02413669244210468 0.051861496169462944 0.015947683764805674 0.038907390094379525 0.06659583090130147 0.09751099482837346 0.008700105039279227 0.010554155905106503 0.050311469434003685 0.06586495307435987 0.04964528270263003 0.02152095385810641 0.09285144793907972 0.027768518833401475 0.031882578232119235 0.02322942987898519 0.08781363905879955 0.018784362794361506 0.0842983077191515 0.055148004438693596 0.09809516852916118 0.1001792031935461 0.07089526503117045 0.07427544666921244 0.08028562678650583 0.024160784595703953 0.057517607838474843 0.06716839809362876 0.09100764650279605 0.04684472893892565 0.06799898101407086 0.07265553428499603 0.06405169372802112 0.10199260713089722 0.09650965318373605 0.0533933077258131 0.05670349291695934 0.08316587527562232 0.04509859846737558 0.056789951122296095 0.0770457372670634 0.01012803175126775 0.03533802435925339 0.02326373535167757 0.03505423139512319 0.06316657143699059 0.03726281824963026 0.051632607440539664 0.08906155383561791
