NAME :TPP_input_24_4_1
NUM_VERTICES
93
NUM_CLUSTERS
24
Full Matrix
 10000.0 0.09041229697480849 0.04822889124515653 0.06300339582032921 0.06267559417880428 0.075975200372886 0.057390506307276434 0.03751677913041638 0.025681643444094716 0.07358056713153878 0.08440404742592571 0.04534626749718486 0.08579294526948623 0.028636660341672417 0.016819378933255434 0.055365397001780225 0.07390743010377535 0.01025670246619951 0.08071896654841478 0.09749423064173637 0.09641148176498658 0.06249777166130514 0.0689034439686505 0.0582376524087219 0.0764313304931641 0.05224119409134694 0.058125529692164474 0.07947524232136968 0.029507116948303613 0.06475133626894373 0.06632831665945371 0.0618447414621827 0.07313982551786155 0.07156091433388063 0.08202563939867893 0.061408944693298134 0.05012451838803438 0.10082272328462806 0.09540111081034018 0.10220211600843207 0.09917588896930637 0.06709498588713858 0.01713093063086041 0.0366033385089232 0.0840933089652088 0.09148542588114347 0.0573143658627001 0.018235603282715535 0.05879785610722526 0.07171189952033213 0.0695752399810523 0.0810137002225863 0.08090721405435033 0.012024339574220238 0.041032579632289345 0.04891943149315075 0.07720047106894005 0.056651511258925695 0.07422685245741145 0.021073966847377893 0.026948212375056797 0.04987240234216908 0.09657085145924967 0.04193998767034387 0.0753211582381279 0.038685593340428634 0.024578031832062322 0.046397016236303636 0.11423689809040768 0.03137581775271924 0.041121478923499814 0.06108605058679501 0.10434053253721491 0.08928129179438303 0.05282333274242527 0.0767330422273652 0.0603746805292205 0.09281151549158104 0.0967134908337114 0.009406781500039024 0.07832282653922704 0.10245371284339662 0.04996022767194467 0.05319686774695487 0.031187459159568418 0.05756068353777809 0.07404684393734279 0.05172567539187092 0.07153282953915384 0.0924571281009209 0.07526024915666493 0.013836197978660304 0.0933493965824756
 0.09041229697480849 10000.0 0.0738543849262595 0.03030277480371851 0.08360621920684128 0.03526216210885273 0.04727683264858383 0.06621005321244122 0.09913103495992218 0.018887784879407905 0.07562799621319208 0.09430225291234952 0.013973263218391901 0.08711553670441899 0.10102836735819141 0.03904779434290705 0.03568937040103524 0.09687104453303971 0.01253785401662836 0.0288567368126368 0.08022575582285163 0.03203432837568694 0.07054968876683824 0.08323602804425621 0.016782628026288052 0.03823252360888651 0.09981934785412708 0.05229561372545583 0.06499327017820651 0.05304093418697049 0.03774359933862667 0.050954060311265766 0.02702832081015021 0.03947130050609436 0.10267757678473129 0.0823386061157129 0.04048789699963725 0.04333993368497271 0.07161642121733308 0.07006447706690094 0.03625628027984619 0.10061820802511656 0.08727255277791965 0.0664740803793497 0.09860602673120505 0.0013619520197134213 0.04789927096437659 0.08830472720119867 0.0316165065465851 0.05718252117695191 0.07325605560165237 0.022554179550486133 0.05053677140069519 0.08941494337446396 0.05563754169112541 0.0916143075611882 0.10029476777450312 0.03611775871832393 0.02567050560156205 0.0725896287775972 0.06528455581353158 0.05595571799292535 0.07117768732360166 0.056131703929239746 0.025270611993524476 0.05190303782919504 0.0929175043292073 0.04546897920933 0.047118621461459065 0.09889486837646028 0.09191314871302915 0.04562382735923452 0.07329572308718585 0.030467761831479288 0.06592886614794015 0.029402681896300287 0.05647453504312864 0.10759232145074693 0.09741267478217067 0.08100858309510636 0.016430123868013118 0.040978610647579176 0.04487186064888983 0.042786096999406185 0.06017480363546635 0.04032039679292166 0.06310186003572893 0.08383516639168082 0.019016259404898636 0.0803604454569938 0.07772944921748057 0.08489458178281571 0.10037331167377168
 0.04822889124515653 0.0738543849262595 10000.0 0.04455517465496882 0.0166038387904754 0.08033373048131848 0.026620997873969456 0.015252635218746152 0.03630934423428534 0.06529636994950089 0.036387092531538524 0.02120681962935024 0.06280277895949915 0.02332349729524009 0.04545863508559733 0.03661668701627891 0.07861826017963193 0.046085177841864 0.06136494771384118 0.0661183763313419 0.04840681048914394 0.04240159143805628 0.021114995001575272 0.01314501072812907 0.05708091090444648 0.047650290423822836 0.026341090257193923 0.03765134067853687 0.026721040893701004 0.02500186067480167 0.036889889183480594 0.02479646656800511 0.047622784414307534 0.07870499326525518 0.03924957771328446 0.015037776465967526 0.04255124251717923 0.06325577978363443 0.04846620992165245 0.056109760928644614 0.06450189594476573 0.029659245691130084 0.03257148030277827 0.01597669431967005 0.03910355026007998 0.07432111674062657 0.02602078517645466 0.03222752944254628 0.05024595385723465 0.028301071065409255 0.02145065025956426 0.07754638363235908 0.039773495756931475 0.03788411945567181 0.05701521849831839 0.017819218520346364 0.03491663865827485 0.05674952616698788 0.04904876242980391 0.030750470287742776 0.04764650879343202 0.018175721699110192 0.049798279694716605 0.022704965951448896 0.04977879483857207 0.03807026007775634 0.03086799454359577 0.035904618048219636 0.07738388940191443 0.032383549232794635 0.020093488925915465 0.028785215619092145 0.057783208401496595 0.0570491498075375 0.008783199964230628 0.07748379210492788 0.019961177718877975 0.04889445074994334 0.04940893147043673 0.04367562110640324 0.07028798482109556 0.06608055921329402 0.057218120518961836 0.05986367501780959 0.04563691950920822 0.033872985642501595 0.028211198589899077 0.010385614169079453 0.060096681598194146 0.044326100836967 0.027034612181017544 0.03457002314763035 0.04709602137764102
 0.06300339582032921 0.03030277480371851 0.04455517465496882 10000.0 0.05643356189379194 0.04051137464952729 0.018979688222405797 0.0359101101209455 0.06907617962870351 0.021544946399416516 0.055711688511021415 0.06438505236260798 0.022844614276291468 0.056851186322510974 0.07181776900159273 0.008756499963706914 0.03932361747413646 0.06823357982861136 0.018574698164844295 0.03591021778562527 0.06390692017619022 0.002437991959656601 0.0460539581993889 0.05525074542048944 0.014052290079288312 0.015841123525161538 0.07086440748167337 0.035087474125849276 0.03546968589766048 0.028241105271507534 0.013707247284021873 0.024864743575972768 0.011659897416403718 0.04097310349377474 0.07757969365740856 0.054999546915016906 0.014325883546436161 0.043592289548435095 0.0572205376014667 0.059392193010123016 0.03953735384987032 0.07286129066450357 0.05765634253989022 0.036171643161634244 0.074596445271916 0.031025266531680834 0.01965168615391663 0.05858479380943647 0.01151752125306509 0.03519630927154144 0.048691450369935114 0.034305236402302916 0.03457855329983257 0.06029916461457267 0.037049787298974575 0.06205034690248527 0.07445724190756793 0.021807878849939854 0.012266235753386857 0.04356331016903013 0.041087597482709765 0.026383894663258148 0.057447122901849716 0.025844538425836127 0.013351898032790237 0.024805093099112198 0.06281732598258562 0.016608481385024278 0.05484651550275063 0.06863017379074879 0.06180170439233014 0.01884131994910115 0.06255785101657685 0.02917128610621866 0.03737341428263742 0.03611740622692771 0.029899067495727915 0.0843091583971007 0.07718146676352956 0.05380708620503647 0.02620096759975428 0.04383447991785317 0.02878213806187836 0.029059994655296947 0.03579847098241641 0.010747970648000049 0.04133506491575802 0.05482762345905719 0.01587378551728736 0.06245612600447838 0.054351779476754174 0.05569233353755023 0.07854360001663838
 0.06267559417880428 0.08360621920684128 0.0166038387904754 0.05643356189379194 10000.0 0.09468038956382602 0.03746133266120959 0.031832655542137545 0.045735398132774246 0.07789845865654041 0.026563089531362986 0.023689137417893354 0.07112341472498834 0.035005964893337196 0.056736769357329554 0.04959212686667685 0.09308323910383601 0.05879617781730508 0.07112951919511207 0.0703667752449461 0.03771210236727824 0.05407037030248499 0.015921274231727855 0.004496468546370174 0.0672419299995375 0.06236112701892822 0.019545353857894496 0.03813442115380382 0.04332183720349517 0.03075010129573823 0.045890091760446616 0.03266894792037118 0.056588680613509613 0.09353613464385958 0.02284842668663722 0.0016037811767220368 0.05724134926470217 0.06401288345527946 0.04065282956835713 0.049188185282894446 0.06702690610289709 0.01714023180453707 0.045965167003116085 0.0325742376139602 0.02252929429179369 0.08384725946666445 0.036790364430670464 0.04524025738685129 0.06397793449984343 0.02927533484547051 0.014042047011761134 0.09053896714268876 0.04053094533057053 0.05139399690727068 0.07338852784081165 0.01834633411568139 0.0187985330103836 0.07153680631583482 0.05796500661515038 0.04690852754032895 0.0642464698531265 0.03147858150575846 0.04219311344560664 0.03830349986310758 0.058452482271315755 0.05413245150753551 0.041700141919389186 0.050867103347568166 0.07763099644445302 0.04022483759333909 0.0256902734170262 0.03825853371418896 0.05001396010222445 0.061683056377109684 0.01969305047908743 0.091314695172542 0.027163272474760716 0.03229075701221243 0.03404610295573758 0.059248442519059745 0.08263414996898966 0.06741077218203853 0.07290431359868892 0.07536440256785547 0.0622013994944925 0.04580698450784967 0.02567700163290583 0.011273647322528167 0.07230707403376782 0.03320102264872197 0.015917629883855405 0.048841018323030054 0.030935515131212364
 0.075975200372886 0.03526216210885273 0.08033373048131848 0.04051137464952729 0.09468038956382602 10000.0 0.05837648373100059 0.06734658273924315 0.09303203381207649 0.021410377835257056 0.09620530964311462 0.09683838186685698 0.044213586891091124 0.08423230595829045 0.09061197057959644 0.0454167903814872 0.0020693604570092366 0.08492551238376704 0.0378146508526835 0.06204216839146994 0.10398756449597854 0.04290522116097038 0.08612675505445193 0.09265817866078883 0.03788459186055291 0.03270645672915412 0.1060217291839888 0.0748269661023548 0.060237623993635574 0.06861102915849615 0.05406672818719026 0.06502270761186106 0.04747778330480947 0.005473644910418245 0.11682942264669784 0.09313785120244582 0.037785587205705864 0.07519486854894285 0.09672085485534268 0.09761805801287328 0.06877626039269451 0.10993748114932259 0.07973219528649511 0.06711618222078061 0.11439382519408496 0.036567730976580094 0.0590266228107332 0.0811427409918108 0.030844526723047105 0.07570500270284534 0.08869108277962197 0.012827781172162411 0.07392313576942719 0.07970623479730235 0.034992372166818206 0.0960184412809235 0.11330448340351049 0.02375859352878835 0.04688374957647889 0.06477317984255947 0.04915781911562626 0.06321182042171451 0.09674713998484989 0.05785021102670304 0.04737378120296671 0.044824659716514115 0.0876649464525337 0.04447447579256188 0.08152449723578663 0.09509987814341103 0.09326098654253721 0.05903981535018166 0.10088242814950055 0.06037127082040535 0.07499383050544275 0.005917689106583488 0.06965007062709633 0.12426098256958838 0.11768296045804535 0.06727754377833813 0.020010524755199082 0.07367615308971687 0.026743765533976668 0.02341100548130141 0.04572739458129433 0.049876508947156055 0.08184609609428344 0.09060911801811601 0.026934449674083906 0.10279664890278732 0.09459063251447733 0.0759793112861733 0.11888513330365429
 0.057390506307276434 0.04727683264858383 0.026620997873969456 0.018979688222405797 0.03746133266120959 0.05837648373100059 10000.0 0.022411636938511025 0.056562936311083015 0.04049354310024214 0.0395555021463595 0.047434353211508726 0.036329011842003336 0.04330989499847499 0.06199673356794324 0.013102226452876153 0.056964021538440414 0.05992321462454482 0.03476419633247907 0.04218178465890509 0.04945757554985836 0.016609069515514312 0.027804484932955304 0.036416793262612525 0.030533188961702186 0.027871893124876503 0.05257271327618351 0.023986808802101724 0.027913063060352832 0.011371063232691186 0.01074144103080327 0.007337187496766741 0.02112574402587782 0.05800606212486948 0.058746334285103806 0.03603835229183659 0.023231840127705294 0.043491402114546295 0.04455623940723963 0.04903846920388378 0.04246592893182007 0.05400744812248996 0.047362384336882606 0.023057220119177692 0.0560400506011726 0.04771688139143673 0.0006722176372906116 0.04787956831690651 0.02759953638462519 0.019657223278022214 0.030332160513352222 0.05320547305914488 0.02478003000844209 0.051305296874788416 0.04519898177600423 0.04442931139988992 0.055522740917634046 0.03661967605230529 0.02254712650886514 0.03632543946238095 0.04281325501958959 0.009495349192802897 0.04521364859830991 0.01545877558519337 0.023344803511370506 0.02652425590449502 0.05028613931464967 0.018847795280177323 0.0571394379026148 0.05472417016783832 0.04548438247854881 0.00369572754590189 0.051835757043704474 0.03329150890874497 0.01871990937332816 0.05449049516622484 0.011279351633777614 0.06588582695388372 0.06005347596082748 0.04933282869716382 0.04517918859210357 0.04533180232249588 0.04061077321959451 0.04220727978320583 0.038361901871556206 0.008535807503302635 0.02510286494398569 0.036564614640309794 0.03485233972421405 0.0471234893456943 0.036361618351023826 0.0467772092161864 0.060697684346103106
 0.03751677913041638 0.06621005321244122 0.015252635218746152 0.0359101101209455 0.031832655542137545 0.06734658273924315 0.022411636938511025 10000.0 0.03425249326283289 0.05465142839333366 0.0481436227585902 0.029689173381531066 0.05721074744772956 0.021257683134382886 0.03979087098079428 0.0271876386186895 0.06551555548214325 0.03829601857442041 0.054226153894311194 0.06458508879955346 0.059963649931569454 0.034238560633139944 0.03271178691124617 0.028349029860931137 0.04971371426781651 0.03484242984236835 0.03886678491409033 0.042214239584287126 0.011650906494839037 0.027528486363995578 0.03291283948809931 0.025070492396234243 0.042369582246979766 0.06518492192945427 0.05449270574131668 0.03025308831068504 0.029983546778337374 0.06518814191026648 0.05814392722690658 0.06472606793883053 0.06472511972721624 0.043992098232905674 0.025222085450831547 0.0009368880702373832 0.054273609815637815 0.06690907482611516 0.022097332189300347 0.02561114995756895 0.0387078061531895 0.03420223114097985 0.03395557075874222 0.06614827942999221 0.04380382685822663 0.029594482224463117 0.041893019688400764 0.028689395903487683 0.05011711358965455 0.043588887774745684 0.043724506597997 0.017380294152425455 0.03251143407495236 0.013322493704570459 0.05925268567888536 0.010263604042882415 0.04467330188019822 0.023473302263751206 0.027949737813721447 0.023273010632648264 0.07909828029388437 0.03295272159896933 0.02648744956801975 0.02586708685645749 0.06693312326918285 0.05570158868672773 0.016036674298794927 0.06512312235573998 0.02293185048899419 0.06411524582990095 0.06374969787674889 0.03108517450857443 0.05980360180499976 0.06733055615543654 0.042892135752653514 0.045741354128537894 0.030384387712437563 0.026414028517232936 0.036692200190404506 0.02432620317270819 0.050110475687477826 0.056334374005017826 0.040232153559211954 0.025284275175694152 0.06194728522743559
 0.025681643444094716 0.09913103495992218 0.03630934423428534 0.06907617962870351 0.045735398132774246 0.09303203381207649 0.056562936311083015 0.03425249326283289 10000.0 0.08523332402103202 0.07119243907895571 0.02350131110047509 0.09115344358331517 0.013492258219521403 0.012077024349561634 0.06036520710688247 0.09100083116994043 0.016858941004776647 0.08764259968180146 0.09872523032684129 0.08294270139590289 0.06771224728220772 0.056803233590149625 0.04134510468175919 0.08311385063115129 0.06359874578638784 0.0353794747525639 0.07345920692632109 0.03447643783271928 0.05961845611774843 0.06715253835213487 0.05810053312440793 0.07652161471002158 0.08947103542421049 0.06098150221098892 0.04490980666224116 0.05976144627877739 0.09823576763921331 0.08426015033374389 0.09219093523784963 0.09845248719395398 0.04500131066290812 0.013352113033658644 0.03371449233805557 0.06430737919647206 0.09995788337750719 0.056200903012063125 0.01189949770904227 0.0691169222930294 0.06432467145321968 0.056507786659647764 0.09515153037145885 0.07543197230042131 0.015073720556207402 0.060009165862454215 0.02838111239010141 0.05623320954255661 0.07063162725693538 0.07785368207475507 0.028332385199925533 0.04562675966951704 0.047196148595078674 0.08566548318738756 0.043463562406725664 0.07882822837614308 0.04939332886013097 0.006314130773237527 0.05390330494359872 0.11232773338037629 0.006436461961997347 0.020277116715952632 0.05988967449258183 0.0936758068116244 0.08977116362274225 0.04405339423267016 0.0923982487770946 0.0545300163468495 0.0718579581562287 0.07868757873989399 0.029372285865692977 0.09036152091833947 0.10069783694798379 0.06631822835077546 0.06963975241784945 0.04775065931802948 0.060400724383258074 0.06451331060415577 0.034617770264643875 0.08162997687623341 0.07854723798904938 0.06084545402011369 0.017495101545070727 0.07417711062020135
 0.07358056713153878 0.018887784879407905 0.06529636994950089 0.021544946399416516 0.07789845865654041 0.021410377835257056 0.04049354310024214 0.05465142839333366 0.08523332402103202 10000.0 0.07615916131079041 0.0841337248866906 0.02360903811717074 0.07431248986446426 0.08558817341430537 0.028691185588980265 0.02090806008193516 0.08087261490702631 0.016840356085490865 0.0415685981253795 0.08325919204895257 0.023960996448611337 0.06746319240837832 0.07654746917814609 0.016479155152802398 0.021821534931993947 0.0916175208485039 0.054053185870624895 0.050776233675775925 0.04952336495414872 0.03416880937242904 0.046321628352405636 0.02637693268838458 0.02388195988384453 0.09911728562716973 0.07644352216248097 0.025498778239482624 0.054089521898484996 0.07570011715077295 0.07629500383897762 0.04792134456620818 0.09414422350139941 0.07261446670409 0.05468748111251264 0.09605022995794718 0.020211179498539907 0.0411656790072378 0.07380811006431463 0.016183175631720288 0.055903061084730914 0.07012419363954715 0.012796833048690873 0.05298217226890889 0.07402771220775937 0.036930943546114786 0.08233848981826032 0.09599919701754914 0.017597826572352725 0.02566550278514739 0.05746951157211334 0.047525430201843286 0.04722503444248186 0.07565449272267244 0.0444223521405612 0.026081491298593808 0.03615273414483029 0.07924826650582377 0.03174242602393264 0.0614370978493109 0.08592434578594416 0.08112505370467962 0.040317370219206186 0.07956528200673085 0.03911156627425329 0.05861952806577673 0.015963494890171022 0.05143388186402724 0.10569671231091947 0.09791730180177875 0.06420908934147049 0.00517219800471991 0.05281065910806978 0.026137310268063554 0.02392232960277531 0.042640510086761986 0.03209223400062177 0.062101555310769226 0.07566799173797875 0.005935247886871004 0.08234952681107806 0.07563422418195496 0.0696927263473413 0.09966113652982657
 0.08440404742592571 0.07562799621319208 0.036387092531538524 0.055711688511021415 0.026563089531362986 0.09620530964311462 0.0395555021463595 0.0481436227585902 0.07119243907895571 0.07615916131079041 10000.0 0.050168765551164715 0.061752693776080156 0.05914803691075404 0.08138690135666071 0.05234282771185636 0.09503516066354557 0.0824222281301714 0.0643302299534963 0.054621025694758074 0.01202302982747778 0.05334379598849609 0.015532107891100601 0.030444895853883616 0.06163310290227662 0.06736144299152952 0.044949427842106135 0.023342133372550807 0.05923180781737081 0.028277772054967548 0.042165677919668125 0.032247128825277686 0.050404606275070256 0.09657813352145073 0.03152888870187661 0.026915852708107597 0.06278721107646738 0.04415105196402508 0.014346147671563973 0.023022830844708828 0.0491895236852786 0.038859580623913426 0.06894943656556599 0.04907342525389758 0.02574636457156213 0.07543637207305276 0.039019125375457736 0.06856088195484134 0.06625862197046936 0.02053856783947566 0.014952033642396844 0.08878453361813111 0.025228443102679354 0.0742712094050471 0.08404963821618884 0.04484854343021965 0.03150232651424513 0.07587905862928923 0.05145095602760253 0.06545798000927855 0.07885225923435064 0.03991313271094145 0.015928314983580983 0.04942955672543554 0.05143009983386643 0.06454062956193662 0.06644485222899224 0.058032465273219196 0.05617335709027848 0.06613546038604727 0.05176326042681502 0.03781264453690195 0.02353322452172231 0.04754541742627177 0.032109873996427264 0.09160647314980015 0.02920890416324416 0.03301342635335464 0.021903847567676514 0.07903222427073388 0.07994387853773688 0.04795845956970667 0.08015717006849817 0.08174595010980701 0.07534502276779696 0.04733016870883622 0.01453576295555105 0.03682315742149687 0.07022482195541695 0.008198213356374065 0.010646522311103286 0.07088706031630136 0.024935045252028856
 0.04534626749718486 0.09430225291234952 0.02120681962935024 0.06438505236260798 0.023689137417893354 0.09683838186685698 0.047434353211508726 0.029689173381531066 0.02350131110047509 0.0841337248866906 0.050168765551164715 10000.0 0.08375744743500245 0.017180883342468894 0.03537339987160129 0.05594699001123057 0.09496587016108379 0.03891742956530204 0.08192126475176945 0.08725059122662177 0.0613960014022978 0.06241009522043553 0.03747803424132583 0.019748811720805885 0.0775346345318657 0.06449933577288279 0.012794375223505088 0.057622712114311976 0.03743155133215252 0.046019989610700016 0.05792916653849169 0.04600119943290502 0.06855324359413614 0.09440604868573349 0.03758375025237007 0.02325339799704697 0.05967146591332626 0.0836480854522476 0.06404985067146808 0.07244241863328757 0.08536056346894537 0.021909637782354975 0.02839516537138432 0.029812847481520834 0.04080984180435249 0.09485152574026451 0.04687197585127004 0.027153281335372596 0.0683343224258237 0.048168539322767046 0.03644648727063277 0.09580846375362694 0.05988510651538478 0.033323609732206105 0.06853669899946667 0.005346497922848765 0.032801452503366614 0.07311806223326382 0.06997655718893854 0.03642663807492486 0.056051447491013 0.0383693262020465 0.06555709485194745 0.03976743765894018 0.07075195090607524 0.052267790900583526 0.02122507125671671 0.05296121505484098 0.09769985343729061 0.0173502354410808 0.004393261606550505 0.04985452345757405 0.07347250970914158 0.07819340382150612 0.02994885653833213 0.09478075838831884 0.04106851456465546 0.0484757282725478 0.05537813716499278 0.04501081596495338 0.08925569093419058 0.08665936637845531 0.07156854869303476 0.07461630311809836 0.0559788762504389 0.05399628240761248 0.04655783984451666 0.013956922550521389 0.07935007579173776 0.05687507510449089 0.039535022009080385 0.032490962261757565 0.05070425633377511
 0.08579294526948623 0.013973263218391901 0.06280277895949915 0.022844614276291468 0.07112341472498834 0.044213586891091124 0.036329011842003336 0.05721074744772956 0.09115344358331517 0.02360903811717074 0.061752693776080156 0.08375744743500245 10000.0 0.07845866731765082 0.09451079710885271 0.03111026907094996 0.044069049410378716 0.09105360255334466 0.00693163077757357 0.017965428594590313 0.06626329404774574 0.023699949024629352 0.057392085032260384 0.07114056111175425 0.009857805226233212 0.03567626211793429 0.08818135380662474 0.03841056074214147 0.0581706022955663 0.04037423200809257 0.025931962586035567 0.03879518149894288 0.01520438025864815 0.04733329880578917 0.08938214747417025 0.06994184816977425 0.03615463264128465 0.031149119042314374 0.05769924552606022 0.0564419141325531 0.024567938525929773 0.08824433390453197 0.08020658440934118 0.057626782742106204 0.0851042840866883 0.013690469603149156 0.03688582933047236 0.08106341368863829 0.029144910244666013 0.043755680787667256 0.06007785781205398 0.032661010998272316 0.03660364662768038 0.08304482358747493 0.05596060790436943 0.08061362771380226 0.08720602878716237 0.03703992023114978 0.013781943241405033 0.0663664555805911 0.06281724025577062 0.045595594938424584 0.057294409110763694 0.047694860902719044 0.013024129387824527 0.047318794636119925 0.08484856478736291 0.03943125110458503 0.03784532233004878 0.09016015860676668 0.08177607242535939 0.034038900066539514 0.059696371799879765 0.0170214169287969 0.0544548201887424 0.03836701598697815 0.04428076812664293 0.09393408523542657 0.08349212238695794 0.0765456233985129 0.02423534131058056 0.029466367895657052 0.0458245330201083 0.044643336929651646 0.05751194873999382 0.03080534882052214 0.04953558373688502 0.07239277046449191 0.01994225862682748 0.06639095071686975 0.0642557139238796 0.07842502060950655 0.08656384886573669
 0.028636660341672417 0.08711553670441899 0.02332349729524009 0.056851186322510974 0.035005964893337196 0.08423230595829045 0.04330989499847499 0.021257683134382886 0.013492258219521403 0.07431248986446426 0.05914803691075404 0.017180883342468894 0.07845866731765082 10000.0 0.022246954920574782 0.04809477829892364 0.08226130902554685 0.02379026824460509 0.07531698584021546 0.08540267703924256 0.07107754414893219 0.05531288805950275 0.04426012974606048 0.030509507215563586 0.07079129717470964 0.05318225045838362 0.029912750860336554 0.06004974535867293 0.024069447822126323 0.04613128607646754 0.05397589047288512 0.04462198459402755 0.06362019145388223 0.08119603696463519 0.05340114151871499 0.033920225443976645 0.04888617761192588 0.08474355490177113 0.07171557489582944 0.07943058942314113 0.08499990180838514 0.038557005191793524 0.011506002762687153 0.02083460245703208 0.0556598362179313 0.08787033028206567 0.04292012211944381 0.010485346974127877 0.0581325875275894 0.05098936349787556 0.04425184541915698 0.0849841115873618 0.06199462816773148 0.016774029613045846 0.053414425635599 0.020306994436690238 0.04857423718961462 0.0609982016358392 0.06497894908126323 0.020546520845433285 0.04003380221561707 0.033874336366431786 0.07307172588301979 0.031012010354176604 0.06592251909515393 0.03953297993431034 0.007587887666394945 0.04259246242025848 0.09883600112682064 0.011779760440590299 0.012805828332103347 0.04656049619158667 0.08106884446282889 0.07641630789187287 0.030689698544584313 0.08293990908960797 0.04104896851444101 0.064209580227546 0.0689053240449223 0.027837172267588486 0.07948175536689128 0.08721147485185922 0.05795979774389275 0.06118526928286962 0.04075251906383312 0.04765437912551552 0.05147620380037005 0.02376232148265927 0.07026522972038586 0.06680708045473614 0.04912909387101648 0.01535971444110716 0.06511951048116722
 0.016819378933255434 0.10102836735819141 0.04545863508559733 0.07181776900159273 0.056736769357329554 0.09061197057959644 0.06199673356794324 0.03979087098079428 0.012077024349561634 0.08558817341430537 0.08138690135666071 0.03537339987160129 0.09451079710885271 0.022246954920574782 10000.0 0.06340203765915178 0.0885465796293206 0.006570877426236266 0.09026095302812302 0.10392476673751927 0.0932991336873241 0.07081092846532205 0.06648476770513694 0.052269279462836736 0.085789476230382 0.06377845289508778 0.047439333405891404 0.08123621905238013 0.03635275627974297 0.0668425946523139 0.07212939103276231 0.06475063513091803 0.08056690784910696 0.08653806156124184 0.07294042326293981 0.055776000485815005 0.060672808795556525 0.10496270621444971 0.09391523787946436 0.10153646555340136 0.10444657488303033 0.05703349513379895 0.014636693815823965 0.039052706737025114 0.07608974052783424 0.10197748640105811 0.061743444967188914 0.014187427036482445 0.06989856446254833 0.07247848257493544 0.06649849697694486 0.09433404053741794 0.08303237212502214 0.011617490663561296 0.056167409509311886 0.04004849994186234 0.06816996996898488 0.0696366347025339 0.08181210635736018 0.028439432354629365 0.04162528355893998 0.053112833714932146 0.09525548636963538 0.047448652072501714 0.08285182508063339 0.049489154482870515 0.015050775519158562 0.055637033820425626 0.11888913135316104 0.018511759545257554 0.031855359377161274 0.06555425479096469 0.10324183277673137 0.09519413601043528 0.052281040504891976 0.0907457686818061 0.0619194419800392 0.0838276457727298 0.0901842111532427 0.023655897559180652 0.09057574673574353 0.10711957030515687 0.06401818848320806 0.06734123647092258 0.04492360949860821 0.06438128075439471 0.07343543132893333 0.04547856158905674 0.08269912713228973 0.08900307315932425 0.07130185143725778 0.016152302061955535 0.0858839279837167
 0.055365397001780225 0.03904779434290705 0.03661668701627891 0.008756499963706914 0.04959212686667685 0.0454167903814872 0.013102226452876153 0.0271876386186895 0.06036520710688247 0.028691185588980265 0.05234282771185636 0.05594699001123057 0.03111026907094996 0.04809477829892364 0.06340203765915178 10000.0 0.0439534036932584 0.06005345723303154 0.0272817243481314 0.0423229207280585 0.06170541519994946 0.007415619714206841 0.04089362588931511 0.047985050875954186 0.02275180286210493 0.01509555522004721 0.06295111933289989 0.03425268101468135 0.0270750139644808 0.0240764897908836 0.013623051702850908 0.02017894451013762 0.017791916394472383 0.04491492957987135 0.07145452580959913 0.048091298826663825 0.011017630279806156 0.04785026277650504 0.05600699157164901 0.059417019707856816 0.04485150925746192 0.06554474431839248 0.049115613779049244 0.027430600647972675 0.06898911659598488 0.03978033365954361 0.0137266973109504 0.05000110565517511 0.014575384872843992 0.032015523624801936 0.04339885060914943 0.041092678461748425 0.0343484680766692 0.05195572594938918 0.03438103949092665 0.05383402879357841 0.06803442108588405 0.02357739165115284 0.018861457367810155 0.035360256192881634 0.03544040862424777 0.018540836069056765 0.05647094080483223 0.01708881512900197 0.019956308881060165 0.018470973681876324 0.05409558027306394 0.009600927963766138 0.060207379761756726 0.05987369500945135 0.05323891785197309 0.014561721663942716 0.06242790756142471 0.03458822609759413 0.03006985572618035 0.041762828723927566 0.024354134608316706 0.07888203232873031 0.07310751328779969 0.046361777293941406 0.033671735569707754 0.04871382233322334 0.02826963599485464 0.029529963231025552 0.030342875876542625 0.005098277468064813 0.037812108920370194 0.04698103996080525 0.02351957523234687 0.0596823647164502 0.04946271126672416 0.04733096450950903 0.07379828678632473
 0.07390743010377535 0.03568937040103524 0.07861826017963193 0.03932361747413646 0.09308323910383601 0.0020693604570092366 0.056964021538440414 0.06551555548214325 0.09100083116994043 0.02090806008193516 0.09503516066354557 0.09496587016108379 0.044069049410378716 0.08226130902554685 0.0885465796293206 0.0439534036932584 10000.0 0.08285674771530765 0.03754377829317267 0.061971128550527076 0.10297820411785069 0.04169648555595694 0.08474547421825501 0.09100580929517794 0.037369309729260905 0.030969647033792232 0.10423420944677887 0.07385832262291471 0.05828545676425495 0.06731928775242207 0.05294521549698671 0.06368703093230164 0.046674512312817856 0.004025486985707873 0.11530333752157323 0.09153466755560345 0.03606884988326608 0.07491505148752743 0.095817994347011 0.09688466082123803 0.0685954316617312 0.10824249673090156 0.07769583059554488 0.06527214588795957 0.11294239579656457 0.03701459781990001 0.057609490750331165 0.07910942271805645 0.029380704290159702 0.0745138479180341 0.08729373590398773 0.013562462669546582 0.0730102316863462 0.0776493330322569 0.032929672182619364 0.09419754920122414 0.11173894033372354 0.02194853316341423 0.04613411020853425 0.06275369162501405 0.04708848286333786 0.06160569092097463 0.09587512988136195 0.05608523593687574 0.04666492245721872 0.04289186647815958 0.08564995360140229 0.042730863139850236 0.08157627878145148 0.09309890275921909 0.09136543320107261 0.057724592299003306 0.10014251926901836 0.06000070472078215 0.07339116345739301 0.006368278972053307 0.06824301701370655 0.12283060858925807 0.11644175393905198 0.0652083233663494 0.020011562846220455 0.07349518419756212 0.024699656312546003 0.021369050178957544 0.0436668690584715 0.04848988970926768 0.08063522237373949 0.08887231556850828 0.02623185549944802 0.10171100806953008 0.09323869233619254 0.07393187204999993 0.11755177395204634
 0.01025670246619951 0.09687104453303971 0.046085177841864 0.06823357982861136 0.05879617781730508 0.08492551238376704 0.05992321462454482 0.03829601857442041 0.016858941004776647 0.08087261490702631 0.0824222281301714 0.03891742956530204 0.09105360255334466 0.02379026824460509 0.006570877426236266 0.06005345723303154 0.08285674771530765 10000.0 0.08648003251575066 0.10136567844204737 0.09442221537488363 0.06740748996596571 0.06719276696233763 0.05429971133935053 0.08206283607694952 0.05915489983235338 0.05142211914281328 0.08038855123037582 0.033063097404293564 0.06577561412302131 0.06967709963080801 0.06335179045593814 0.07754513502831026 0.08071895851051905 0.07639293671948642 0.057700896056404716 0.0563875030850586 0.10328733799048216 0.09439682909381673 0.10172182905470062 0.10233401181942062 0.06081418026757795 0.013591797412337082 0.03747288692486587 0.07911239525520185 0.09786908542842478 0.05973509940443208 0.013862129010346282 0.06546309756567875 0.07196793454780272 0.06747035173998729 0.08914687767478369 0.08205221857532495 0.00870171802677095 0.0502388101442423 0.04317107276823644 0.07157916821875357 0.06451530892821437 0.07873625771184645 0.02469629069715925 0.03578868522983802 0.05146833960473241 0.09567481051437719 0.04486812207849378 0.07980106951529889 0.045022735019151224 0.01772664851033344 0.05178539089045683 0.1170523165847997 0.023102116835697822 0.035023854763885226 0.06356270031282057 0.10360289372915064 0.09280585448872633 0.05210444875153944 0.08529365126033596 0.06102394956490024 0.08727771421383566 0.09266214333258554 0.017672238730504566 0.08578070055808554 0.10524757459097148 0.05849299335779953 0.06179457907816965 0.03941729583986099 0.061492285497268324 0.0734726428957198 0.04754866218823491 0.07828769910364777 0.09024567262124539 0.07265972690119052 0.013146369468628032 0.08872494076532426
 0.08071896654841478 0.01253785401662836 0.06136494771384118 0.018574698164844295 0.07112951919511207 0.0378146508526835 0.03476419633247907 0.054226153894311194 0.08764259968180146 0.016840356085490865 0.0643302299534963 0.08192126475176945 0.00693163077757357 0.07531698584021546 0.09026095302812302 0.0272817243481314 0.03754377829317267 0.08648003251575066 10000.0 0.0247796296616564 0.06987411365273545 0.020005058054477748 0.05834526841137596 0.07070848932287113 0.004530173459425175 0.029604219009796973 0.08728729549044584 0.041178068649714177 0.05395369015810834 0.04066723748796882 0.025242785387145986 0.038463011673634334 0.014642402755385333 0.04068400893962541 0.09050545207337887 0.06984718165335069 0.030668061097382272 0.037383416296113706 0.061664136992323364 0.06119212475665358 0.031092817692490383 0.08811373596425569 0.07619042009015457 0.05454611555144608 0.08661211864806345 0.012956317503353413 0.03538183660830118 0.07713842294958204 0.022937986849554285 0.04523820761323294 0.06105732949082148 0.02682634187308853 0.039649408127136646 0.078700040271519 0.049409805193819815 0.07914579552406138 0.08800277966245305 0.030284573339039264 0.01334063600008082 0.06189960838412106 0.056942431263580534 0.04355253154431647 0.061406536249182755 0.04431366344669541 0.013092765246425938 0.042049475945347886 0.08137666829606356 0.034697397534581204 0.04472423807752588 0.08708720640322831 0.0796282762969203 0.03308841388835235 0.06446809813306771 0.022631417683189117 0.053396186514944856 0.03205022589715383 0.04397847689535301 0.09577018114044453 0.08622065943380243 0.07138530797568006 0.01804655977344458 0.03598696637347365 0.03912405716157945 0.03782962004063414 0.051666559801589705 0.02803676901571062 0.051277850527140185 0.07131133392224924 0.013016260067980574 0.06959670436296087 0.065750405751686 0.07411402945158425 0.08883004044570825
 0.09749423064173637 0.0288567368126368 0.0661183763313419 0.03591021778562527 0.0703667752449461 0.06204216839146994 0.04218178465890509 0.06458508879955346 0.09872523032684129 0.0415685981253795 0.054621025694758074 0.08725059122662177 0.017965428594590313 0.08540267703924256 0.10392476673751927 0.0423229207280585 0.061971128550527076 0.10136567844204737 0.0247796296616564 10000.0 0.05605681719561731 0.03568839367415611 0.054924066345067066 0.07151137397026805 0.026540262010184276 0.05098463218458779 0.08913646806870955 0.0328822196183045 0.0684222728807059 0.04126142257581339 0.03179750324675305 0.04144024156611914 0.024620070949820723 0.06528368382328661 0.08506717170976227 0.06949880450165279 0.05022439589577481 0.014765223756862437 0.04688144283590512 0.04341815591611906 0.007526986196360589 0.08722763133621983 0.08930303712520955 0.0652088432231124 0.07990247863592446 0.027932279224310033 0.04252762706552321 0.08990964356557297 0.04498009061447499 0.04110912052562575 0.057363878476155414 0.050129093423622144 0.030539648799405725 0.09291295378716441 0.07204315246088057 0.08326757201036633 0.08380732219905011 0.053939419817738435 0.023737135291737637 0.07694460166021627 0.07697976037831777 0.05153670115864947 0.04607393595191043 0.05654198418072834 0.022630296813788434 0.06042837556228674 0.09245936901390758 0.05175898570313562 0.01999630143037873 0.0966341959741653 0.08611896842117264 0.03884394785628087 0.046484577928293636 0.00907783758627798 0.05733695488342256 0.056158615257669714 0.04618327478614631 0.08763402148014424 0.07510440955608426 0.08862501661781477 0.042031644342399484 0.01212555439785898 0.062459069379954296 0.061655461378196774 0.07170042990143573 0.0399825606718143 0.04557716874846933 0.07436653846445529 0.037614076495389684 0.05729965985029316 0.059927493769852604 0.08830647299091451 0.07931826537672289
 0.09641148176498658 0.08022575582285163 0.04840681048914394 0.06390692017619022 0.03771210236727824 0.10398756449597854 0.04945757554985836 0.059963649931569454 0.08294270139590289 0.08325919204895257 0.01202302982747778 0.0613960014022978 0.06626329404774574 0.07107754414893219 0.0932991336873241 0.06170541519994946 0.10297820411785069 0.09442221537488363 0.06987411365273545 0.05605681719561731 10000.0 0.06165200118675044 0.027512648132773362 0.04184464300527432 0.06779012258485786 0.0767989641172003 0.05498504311958713 0.029207959175223636 0.0708847748377956 0.03810215251116442 0.05020142213880256 0.04214415472457947 0.056939526450020476 0.10484561255810136 0.03709640546953696 0.038268946808534564 0.07249085003247523 0.043375302435649306 0.00925167605933895 0.016019890272066076 0.04958098030943928 0.04776902950425132 0.08096323224362821 0.060897339008631333 0.03069838725015477 0.07984326049629625 0.04898973835738458 0.08056275548746418 0.07497076928683855 0.02981350838363419 0.026962201109680672 0.0955626648533077 0.030366692597940708 0.08629037124820452 0.09452797808608669 0.05605027523257983 0.03848849556598007 0.08492836671908664 0.05778616776407163 0.07731913291552954 0.0901314960749924 0.05102765650788983 0.010334413324505999 0.060627170551515355 0.05755726615245588 0.07527241017718724 0.07832083826141699 0.06825384074468246 0.05325061045257906 0.07773644055979838 0.06326956561566183 0.04719996681775369 0.014958909633411205 0.05044720421341736 0.043961953991828666 0.09905508308078115 0.03994542395762572 0.03493747352523489 0.020017904928186454 0.0909395109622635 0.08658970997206752 0.047220629908088396 0.0898964592060319 0.09123253237968214 0.08641512920143819 0.056611943976124596 0.024634189395781977 0.048408014004396926 0.07738531547956792 0.0045656049648069115 0.022100060110456742 0.08290873430299286 0.02569699935024068
