NAME :TPP_input_18_3_2
NUM_VERTICES
52
NUM_CLUSTERS
18
Full Matrix
 10000.0 0.06246477934076307 0.06766661276154329 0.09328778837204468 0.03794952477867079 0.07105811141410195 0.11058550847425606 0.07325549843441667 0.0823590587574426 0.0493234177089746 0.051482890651092 0.052943104849685806 0.015491456692393902 0.012929544548339127 0.03652517058617644 0.022259502035883567 0.04751992219272751 0.03860060099712328 0.006761656489558192 0.029948556488712474 0.11213876918238312 0.03890523187248273 0.008230091654052717 0.08408249282735006 0.010934723101596924 0.02687766325385071 0.033141830632734195 0.10017514435185942 0.08515323670086883 0.05678720125406319 0.05099385123874886 0.025617403990292973 0.04852554441941937 0.04341873569319987 0.014655656888422243 0.08103569764620551 0.015485245662708045 0.04857465069788688 0.01932505088563083 0.013893499197408607 0.061491306602935315 0.05109664304936689 0.012644276290607328 0.06466434565836313 0.03967860242838394 0.020999851886521467 0.05470875084308516 0.08230078353872375 0.0625759070298732 0.052956866975373065 0.007301922176925686 0.052648305848468094
 0.06246477934076307 10000.0 0.006428717055627837 0.04833842427440437 0.08545079611200669 0.012944012730756176 0.08209380740891732 0.0107915565724953 0.10285599374773906 0.08357548860112511 0.07411204898498243 0.009550330249587987 0.051332874036968484 0.049716788155435135 0.07354395962655261 0.04119395912017344 0.027687748552821117 0.08266990713019375 0.06546104063936009 0.061117381734837585 0.07834656058372169 0.05289380124835069 0.05575500084318963 0.06570053645943914 0.06147265100755148 0.03866673431079884 0.07370585990042908 0.08059504381599077 0.0818248854596794 0.031796735063684786 0.05767903566839901 0.052927485190698946 0.07722719045742987 0.07619949032020255 0.07578189878561425 0.09720446076269179 0.05195328579104794 0.06337866391734737 0.04785997463908927 0.05234738031879398 0.07704502672550613 0.060604425940770486 0.07001805609018578 0.008229831893564304 0.07680639957212954 0.04561618493896455 0.08764027959630083 0.027795469905625734 0.0034071044504885954 0.020449048412233786 0.058227299329830735 0.013322442004683365
 0.06766661276154329 0.006428717055627837 10000.0 0.05024040346664494 0.09170597405494835 0.006937882483994151 0.08537481815505789 0.007009555972607964 0.10906413445237868 0.09000142384072553 0.08051288658431151 0.01497055772790603 0.057146106135827476 0.05507925886489055 0.07991612577118531 0.04595799426583383 0.03406382246160387 0.08898442071125658 0.07029115840208003 0.06746352336847256 0.08104209160411306 0.0593221903443986 0.06124360986182104 0.07044682638548856 0.06723567370318696 0.04465202834256759 0.08002346914279385 0.08484964517304563 0.08727472689928303 0.03763087214122905 0.06397373521629746 0.05919001001665255 0.08365462768065028 0.08262035999323322 0.08061855311104187 0.10332594943791575 0.05636909608419562 0.0697544727310372 0.05378039231345215 0.05809572961541811 0.08331394197976595 0.06691940180437855 0.07459086047918423 0.005338796919414099 0.08319452491673653 0.05154738746068264 0.0940686241517541 0.02858320913297033 0.008917940466206566 0.021296582596799257 0.06305768127224913 0.01614049547204092
 0.09328778837204468 0.04833842427440437 0.05024040346664494 10000.0 0.09834390395589614 0.055709840761892705 0.03763220234531413 0.04488357886306395 0.0898776786308025 0.0875320276505498 0.07400568197342532 0.05351329735148641 0.07811495567073934 0.08122914458732391 0.08391993922404845 0.07819360310118302 0.04595135811714115 0.09401900041673804 0.09868930339603145 0.07527280835938174 0.03154713339217558 0.062278732959889394 0.08509073010360069 0.035693421554065304 0.08690958685396732 0.0666882448968122 0.08637506344037556 0.04286839563025077 0.0571342802677978 0.03660946302578356 0.05677209674338307 0.07181510256040961 0.0799652944991039 0.08234695806039155 0.10794193962441073 0.08253129793620842 0.08919161877507074 0.06423089242011269 0.07411795102628313 0.07966537527189674 0.06999919702588453 0.05948016934613521 0.10446805227324676 0.055210603789355765 0.08569833615494821 0.07230793020137713 0.08906777845189451 0.022181714572251796 0.04524130203653149 0.06845649807308296 0.09229831083905927 0.060452758873200736
 0.03794952477867079 0.08545079611200669 0.09170597405494835 0.09834390395589614 10000.0 0.09698951784281165 0.10209207283429214 0.09536691617976291 0.05057754571333678 0.01788651922886363 0.029110320587328965 0.07714349938437502 0.03723793730273609 0.04330562611022527 0.014435875254435527 0.05460078484838072 0.06066583370948448 0.004726429019664422 0.042772328828441744 0.024894826960707845 0.1066861467129631 0.03668388314440174 0.03759253732741727 0.07540209396500411 0.029613222280166114 0.04769343937597439 0.012330436428416407 0.0881911537785575 0.06683776554432211 0.06489707714453728 0.042222711213644744 0.03252331359541886 0.022773608789620075 0.017883527397410507 0.04137472549981292 0.0518763734961991 0.05249140036320777 0.03527577333519998 0.03939085979369056 0.03705492548754028 0.03900984729566234 0.04001987998825191 0.046137470310389755 0.09050548261713534 0.013270898536136746 0.04140136850012362 0.02190796492045452 0.09576139281568788 0.08414775439428479 0.08343548798335715 0.045073504037309475 0.08008231649433908
 0.07105811141410195 0.012944012730756176 0.006937882483994151 0.055709840761892705 0.09698951784281165 10000.0 0.09153046395143462 0.010850633525319111 0.11579958332424771 0.09604174670070005 0.08690624464686433 0.019853749177598006 0.06159134204144264 0.05880705649511218 0.0856123948687428 0.04894683223670996 0.04056827091106141 0.09445312281081004 0.07312519354266828 0.07307901039162545 0.08686682566643963 0.06551001484581145 0.06511968351685431 0.07725322318517852 0.0715363883808026 0.04950142849917656 0.08551633104789994 0.09147306414003646 0.09420875709976088 0.044534266875523656 0.07061159186443679 0.06456869560021007 0.08984928352632474 0.08860227940852729 0.0834016642101317 0.11012911757136952 0.05876158827295629 0.07623550316091064 0.05844119927613529 0.062421586650638586 0.08998417368093505 0.07352656115369219 0.07703935509422428 0.00654390638087251 0.08896015575978854 0.056243126964007316 0.10023032187782385 0.03365402453537767 0.01578081783593786 0.02090443874126005 0.06594557401487898 0.018423945063914676
 0.11058550847425606 0.08209380740891732 0.08537481815505789 0.03763220234531413 0.10209207283429214 0.09153046395143462 10000.0 0.08098103667149563 0.07434123070883605 0.08653613236496381 0.0732630687999482 0.08475352014066702 0.09528260575305929 0.10080504237969808 0.08860451764811705 0.1016716274029008 0.06910278109621855 0.09736779418612512 0.11698952902372638 0.08478632008623717 0.009325931208066612 0.07263012800686258 0.10262053011677932 0.027154725530097398 0.10154468405899754 0.08720277268930342 0.09220279230652416 0.01562097932133356 0.03967537425138025 0.058524643871120774 0.0619449698433566 0.08542736461621692 0.07981083784166057 0.08423058241178469 0.12447202925211241 0.0670129602417331 0.11138522398634347 0.06757966165928259 0.09181090663390358 0.09686533055656427 0.06476685422903304 0.06324092759012567 0.12303350179488105 0.08983478672718544 0.08888136249749908 0.09067729687176723 0.0857480507304055 0.05910281327545469 0.07872665032342167 0.10067859571813227 0.11195072630108951 0.09230426052099554
 0.07325549843441667 0.0107915565724953 0.007009555972607964 0.04488357886306395 0.09536691617976291 0.010850633525319111 0.08098103667149563 10000.0 0.10955212614965083 0.09245226825382546 0.08221473416360899 0.02033341488530688 0.06193918910827016 0.060496247954208215 0.08302079339799588 0.05192808833231598 0.03596749153136873 0.09239744245484885 0.07622196339477812 0.07076573288595842 0.07612280628817339 0.06164842095362878 0.06650639911535415 0.06791525875469048 0.07209976809062714 0.04915535236721283 0.0834395473228824 0.08155464867787775 0.08583286641920293 0.037559572633464045 0.06503835105141145 0.06289773543669518 0.08581322724524726 0.08521489089310133 0.08654655868007018 0.10350633641369894 0.06258978684104513 0.07127766378269666 0.05838696400337496 0.0629938937025869 0.08414995610659931 0.06806997696506197 0.08071809025724667 0.01224450859263878 0.08617017808292701 0.05613826244015164 0.09625631793743365 0.022803646700989545 0.0112551712961943 0.028305941311262375 0.06898586241657773 0.022851919473953416
 0.0823590587574426 0.10285599374773906 0.10906413445237868 0.0898776786308025 0.05057754571333678 0.11579958332424771 0.07434123070883605 0.10955212614965083 10000.0 0.0338515504784754 0.03248619401534795 0.09802381404658037 0.07349361679090043 0.08131039418407587 0.045909822052470226 0.09009796369975485 0.07548039278701636 0.047177641870060294 0.08862397939793774 0.054186609329943784 0.08218430748402042 0.05349733005234206 0.07809027516553244 0.0552075260384482 0.07160211679957966 0.07653334310793189 0.04958131740210558 0.05874775292443155 0.03519880317127264 0.07200223051245164 0.0453760845779423 0.06235886905677179 0.03391877009722598 0.03894908838826409 0.0901598796584883 0.007521443084179821 0.093289116029114 0.04097347552582452 0.07292000935891123 0.07434365254054962 0.026034143838695727 0.042638805629144086 0.09336680103699571 0.11037458671545936 0.043029294384646234 0.07376530961529264 0.028903494250881297 0.09887071559060233 0.10016010077323939 0.11051624001914453 0.08816575161818523 0.10404227895385648
 0.0493234177089746 0.08357548860112511 0.09000142384072553 0.0875320276505498 0.01788651922886363 0.09604174670070005 0.08653613236496381 0.09245226825382546 0.0338515504784754 10000.0 0.013796400674365366 0.07650875296675108 0.04294920280390925 0.050439433491221555 0.013118086683479795 0.060620113869204524 0.056499960919952255 0.01376281273730503 0.05530295221961588 0.02452859584359892 0.09190270201679338 0.030803870492588644 0.04616213066258507 0.060626932339533035 0.038948199623337953 0.04959421975127093 0.01618164939196943 0.07202043838885452 0.049706910382945974 0.05782445558902954 0.031001927713990185 0.03368856226099355 0.007568453322228838 0.007562684509313042 0.0563256750005298 0.03428883002217002 0.061684583257377586 0.023499617691809534 0.04350021415631218 0.043434843418329566 0.022035397074783844 0.028128621117302483 0.059771821439615014 0.08984503045719562 0.009686467016229482 0.04493066545488238 0.005408023230774637 0.08865212992086703 0.08163779461878962 0.08588364254353176 0.055638935243396755 0.08096024975039473
 0.051482890651092 0.07411204898498243 0.08051288658431151 0.07400568197342532 0.029110320587328965 0.08690624464686433 0.0732630687999482 0.08221473416360899 0.03248619401534795 0.013796400674365366 10000.0 0.06800332372211783 0.04121281113079776 0.049042458599203774 0.01735678964350131 0.05761233429929471 0.046469035424201936 0.024405847394707827 0.05806493368611499 0.022065891202894303 0.07833481134814953 0.021896844427852124 0.04630765112925952 0.04700835926945201 0.04054933388523516 0.04424770172981 0.02145094300977545 0.05912025824578318 0.038000087934461 0.04606127684792881 0.0181647048667777 0.029891812482802708 0.006561254621681779 0.011348392859216896 0.061399761565537565 0.02984586087875496 0.06117451493004601 0.011038459016043107 0.0404594131480087 0.04215886656910794 0.010634582663339042 0.015106219708186647 0.0633376588984918 0.08100194223315288 0.01634988986647185 0.041279153575578625 0.015198056226117976 0.07635663227988866 0.07183429062455284 0.0792011794979925 0.056652324680736964 0.07333032505213681
 0.052943104849685806 0.009550330249587987 0.01497055772790603 0.05351329735148641 0.07714349938437502 0.019853749177598006 0.08475352014066702 0.02033341488530688 0.09802381404658037 0.07650875296675108 0.06800332372211783 10000.0 0.04218065377768597 0.040237931156065825 0.06582681815891721 0.03166459572466876 0.0227436063690855 0.07460291388414193 0.05591379895691621 0.05327023410328944 0.08196951615575797 0.046289372498997165 0.04633753149615868 0.06573555338732409 0.052265137189224674 0.029777721895361136 0.06567047980948323 0.0814932080937238 0.07988413530349693 0.029731807039645494 0.052653764827480846 0.044715799630324654 0.07053899670920016 0.06901911675922143 0.06623326918725546 0.09281764095694961 0.042499496256252545 0.05763418450433634 0.03885041198026214 0.04312517202961183 0.07200696581728276 0.055402075909269634 0.06050501580454173 0.013427299951360445 0.06920731891372814 0.03662515017802655 0.08084590834392597 0.0348430418454477 0.010382848408088025 0.015994831876290413 0.048681231602094296 0.00762099046845882
 0.015491456692393902 0.051332874036968484 0.057146106135827476 0.07811495567073934 0.03723793730273609 0.06159134204144264 0.09528260575305929 0.06193918910827016 0.07349361679090043 0.04294920280390925 0.04121281113079776 0.04218065377768597 10000.0 0.007829754802166924 0.029962358253932425 0.0178168378608856 0.03272022634488147 0.03594879446931169 0.02171188774194879 0.019320019323965418 0.09668215515889902 0.02471383105192341 0.007348704059930835 0.06899221235592341 0.010172814850871136 0.01298631557554762 0.027945474379651274 0.0852769216402967 0.07160307590867226 0.04152456774792517 0.03698193144591003 0.011860749581505039 0.03994735697546473 0.03584228398053778 0.029994976300764024 0.07100835135486681 0.020047169288407933 0.03589697248846215 0.004034594274892835 0.001598571965211237 0.05019478060752029 0.03758626973209066 0.0277550758814609 0.055048752138451416 0.0335759723412075 0.006114222015642555 0.04825011787231074 0.06834329987606329 0.05081604668263662 0.046372029028333525 0.017197643530983558 0.04379270779046165
 0.012929544548339127 0.049716788155435135 0.05507925886489055 0.08122914458732391 0.04330562611022527 0.05880705649511218 0.10080504237969808 0.060496247954208215 0.08131039418407587 0.050439433491221555 0.049042458599203774 0.040237931156065825 0.007829754802166924 10000.0 0.03736360988783735 0.01142011659573107 0.035283220150852626 0.042550541555402145 0.01748894540260857 0.027126157623216518 0.10165952438866482 0.03191759278489552 0.0064309026628264244 0.07499524053408312 0.013987535806087883 0.014545007882490317 0.035029774708936506 0.091481707055161 0.07879120210120219 0.045048323040169674 0.0441286219148632 0.019528666854148415 0.047700449910605375 0.04346351727614038 0.027216891093646826 0.07883308509574337 0.01230689868007733 0.04351363220320222 0.009592416908880274 0.00703405808505009 0.05796649081247481 0.04495019964097952 0.023246009485204305 0.05233579470905773 0.04093733150261873 0.010208106878704281 0.055783108663954 0.06948683316673132 0.049719846723485735 0.04180857657724868 0.011268798577407497 0.04051078931847209
 0.03652517058617644 0.07354395962655261 0.07991612577118531 0.08391993922404845 0.014435875254435527 0.0856123948687428 0.08860451764811705 0.08302079339799588 0.045909822052470226 0.013118086683479795 0.01735678964350131 0.06582681815891721 0.029962358253932425 0.03736360988783735 10000.0 0.047722573182136886 0.04756031942650677 0.010168674609241314 0.0427176052093841 0.012590923604768229 0.09281225585499088 0.022643882948641718 0.03305255481780501 0.06166427919119601 0.025951763926514597 0.0376047234450329 0.004103150416747999 0.07519600931672048 0.05513494200567065 0.05092339993997173 0.027886821704839995 0.021590440262496305 0.012536129963439474 0.007027655086182092 0.04477026411726043 0.04514543447526345 0.04857003106245605 0.021186793866634492 0.03079426092343491 0.030381113217573537 0.02797918399895135 0.02583223207774466 0.04750517978046928 0.07925211633240987 0.0036361738406848493 0.03238278047706628 0.018509421372147047 0.08191689391507384 0.07193018870210824 0.07402307838970497 0.042643946740736134 0.06965280303631598
 0.022259502035883567 0.04119395912017344 0.04595799426583383 0.07819360310118302 0.05460078484838072 0.04894683223670996 0.1016716274029008 0.05192808833231598 0.09009796369975485 0.060620113869204524 0.05761233429929471 0.03166459572466876 0.0178168378608856 0.01142011659573107 0.047722573182136886 10000.0 0.033142970898175826 0.05363093924131802 0.02433345813858992 0.03646522471507886 0.10147694413415055 0.03810269975933438 0.01769542362253991 0.07716282908950509 0.025407619036246838 0.015451374926933893 0.04575946550462024 0.09387187291730327 0.08382205701408392 0.04370431110615069 0.04967000758058332 0.02777580970295026 0.057134406143376046 0.05337616850967923 0.0346616932412516 0.08698608450163872 0.011242900782746503 0.050578180745725225 0.017295653804932476 0.017666908034497046 0.06564135614333186 0.051090446698550306 0.028853052863701326 0.04263354340045649 0.05134781208288645 0.01633524804016262 0.065866050267887 0.06385623228931676 0.0417884254985898 0.03080490887096545 0.0170998911436765 0.030524296003837836
 0.04751992219272751 0.027687748552821117 0.03406382246160387 0.04595135811714115 0.06066583370948448 0.04056827091106141 0.06910278109621855 0.03596749153136873 0.07548039278701636 0.056499960919952255 0.046469035424201936 0.0227436063690855 0.03272022634488147 0.035283220150852626 0.04756031942650677 0.033142970898175826 10000.0 0.0572899659253575 0.05275751648242533 0.035772295034510425 0.06842682459588019 0.02570222236416151 0.03939734804638929 0.046310003660476586 0.04222188286775191 0.02075313393015999 0.04843750385720611 0.06285912911960326 0.057944419907427505 0.010632778419852332 0.030134521871775375 0.029150638895856947 0.04985586089390499 0.04931735698809969 0.06216362297239187 0.0701273187249921 0.04371279622409905 0.03569226121185682 0.02868578349820057 0.034204329636677584 0.04953334618685605 0.03299636029749443 0.05851731733037533 0.03492339879390362 0.05054376862550399 0.02670755392472396 0.060298165759905945 0.03616691950042076 0.025369380792970107 0.037020061601658355 0.0463562480375645 0.029456164859855385
 0.03860060099712328 0.08266990713019375 0.08898442071125658 0.09401900041673804 0.004726429019664422 0.09445312281081004 0.09736779418612512 0.09239744245484885 0.047177641870060294 0.01376281273730503 0.024405847394707827 0.07460291388414193 0.03594879446931169 0.042550541555402145 0.010168674609241314 0.05363093924131802 0.0572899659253575 10000.0 0.04393098665669211 0.021639622127485447 0.10198812677344907 0.03275138522549325 0.03722179893642186 0.07069450788691825 0.02935433946272634 0.045526189842100606 0.008965196060437499 0.08346992893641197 0.06220407091907319 0.06103187119212621 0.03769178913606045 0.029892817102030445 0.018117966692511745 0.0131578834028737 0.04359128933696205 0.048021496755665326 0.05250298752000126 0.03065626460909564 0.03767980929770929 0.035965591703107334 0.034394341704281024 0.035421314561128854 0.04778093011848187 0.08801340072138344 0.00859565740425752 0.03956619866562682 0.018284064426138953 0.09199283095018738 0.08122589232604607 0.08166660135208115 0.04549884356452032 0.0779095131051553
 0.006761656489558192 0.06546104063936009 0.07029115840208003 0.09868930339603145 0.042772328828441744 0.07312519354266828 0.11698952902372638 0.07622196339477812 0.08862397939793774 0.05530295221961588 0.05806493368611499 0.05591379895691621 0.02171188774194879 0.01748894540260857 0.0427176052093841 0.02433345813858992 0.05275751648242533 0.04393098665669211 10000.0 0.03666857494814759 0.11834757807479163 0.04559540893003047 0.01436905720235811 0.09060863129971095 0.017583478542736293 0.03200541098383568 0.0391662640229418 0.10677609168446552 0.09191347830627913 0.062384823583302954 0.05771896657878566 0.03230187781266333 0.05489945195621836 0.049682067302994605 0.0103291126893264 0.08749899300436574 0.014832406534970836 0.05533322093046981 0.025326555950712013 0.020125393530083927 0.06815262726832719 0.057850861159898515 0.006043975903392804 0.06688880590561687 0.04573724771555811 0.02676628579594741 0.060650375629160924 0.0867295287721701 0.0658891330109651 0.05401942149736319 0.007237572640209369 0.05473932024614326
 0.029948556488712474 0.061117381734837585 0.06746352336847256 0.07527280835938174 0.024894826960707845 0.07307901039162545 0.08478632008623717 0.07076573288595842 0.054186609329943784 0.02452859584359892 0.022065891202894303 0.05327023410328944 0.019320019323965418 0.027126157623216518 0.012590923604768229 0.03646522471507886 0.035772295034510425 0.021639622127485447 0.03666857494814759 10000.0 0.08784912329043634 0.013089205978399328 0.024268610229806982 0.057654309722665095 0.01911711432071492 0.02516050793728514 0.012703820027976879 0.07275033029323355 0.05568184149585297 0.04044022626062346 0.02293157200962249 0.009170639679534846 0.020696903031872382 0.01706913825076256 0.041472664503225114 0.051911198722043306 0.039149634316869915 0.01894414013993329 0.01918433259723249 0.020162053561764655 0.03164338579216637 0.022199908607426315 0.04226210061221392 0.06669747727546436 0.016082478735425378 0.02046412903340373 0.02959996075294915 0.07105829895879114 0.0596092447572431 0.06156130798982109 0.0346782319455636 0.05706923251033507
 0.11213876918238312 0.07834656058372169 0.08104209160411306 0.03154713339217558 0.1066861467129631 0.08686682566643963 0.009325931208066612 0.07612280628817339 0.08218430748402042 0.09190270201679338 0.07833481134814953 0.08196951615575797 0.09668215515889902 0.10165952438866482 0.09281225585499088 0.10147694413415055 0.06842682459588019 0.10198812677344907 0.11834757807479163 0.08784912329043634 10000.0 0.07522906612992611 0.10402542830653426 0.031339421745253386 0.10365672305966092 0.08761488973899996 0.09621735660883478 0.023698179291372492 0.04710449288358828 0.05780517797731687 0.06540559879940377 0.08753932318880561 0.08489205102721842 0.08896446918970607 0.1263466921698856 0.07475685998081913 0.11164883298831854 0.07162904498488555 0.09302585179550613 0.09827906398770937 0.0705622606385057 0.06706512372567487 0.12437434215027181 0.08576649040851474 0.09341618088173902 0.09170231484356442 0.09156607586536465 0.053643991372881665 0.07505600619312434 0.09767354087745303 0.11290741718327431 0.08937575216413758
 0.03890523187248273 0.05289380124835069 0.0593221903443986 0.062278732959889394 0.03668388314440174 0.06551001484581145 0.07263012800686258 0.06164842095362878 0.05349733005234206 0.030803870492588644 0.021896844427852124 0.046289372498997165 0.02471383105192341 0.03191759278489552 0.022643882948641718 0.03810269975933438 0.02570222236416151 0.03275138522549325 0.04559540893003047 0.013089205978399328 0.07522906612992611 10000.0 0.03158464811100501 0.04567293931712863 0.029091662014573333 0.023392525003737907 0.024414707699181783 0.06141683998673637 0.046908447241957536 0.028282881386612165 0.012268176514091164 0.013293533379752646 0.02434190066233047 0.023637264573858053 0.05210911087563734 0.04952277051940497 0.044113768802117696 0.012705618997001494 0.022359166661542987 0.026129380341907496 0.02798108269723765 0.013102482358996683 0.051549242257007535 0.05944978511601001 0.02525879911135674 0.022325360613397714 0.03474649220004096 0.05927497529700329 0.05086759125865619 0.057340948869746874 0.04187414949731378 0.05144695472900914
 0.008230091654052717 0.05575500084318963 0.06124360986182104 0.08509073010360069 0.03759253732741727 0.06511968351685431 0.10262053011677932 0.06650639911535415 0.07809027516553244 0.04616213066258507 0.04630765112925952 0.04633753149615868 0.007348704059930835 0.0064309026628264244 0.03305255481780501 0.01769542362253991 0.03939734804638929 0.03722179893642186 0.01436905720235811 0.024268610229806982 0.10402542830653426 0.03158464811100501 10000.0 0.07627584302908665 0.007982392887855082 0.01889951740819584 0.03028591571322 0.09250456161702518 0.07830275146931816 0.048567656885831076 0.043817816588141156 0.018371036857340445 0.04420486133811846 0.03955223746710168 0.022858870516961362 0.07613510054665258 0.015531405677852056 0.04211327331992761 0.011100332906805538 0.005757655902318785 0.05583341470245447 0.04419876840778994 0.02041302749679213 0.058628764334764355 0.03651125378954416 0.012784805275990635 0.051560581961632136 0.07449413872042177 0.055602221310936006 0.04823414581155966 0.01050438852103019 0.0468726053697692
 0.08408249282735006 0.06570053645943914 0.07044682638548856 0.035693421554065304 0.07540209396500411 0.07725322318517852 0.027154725530097398 0.06791525875469048 0.0552075260384482 0.060626932339533035 0.04700835926945201 0.06573555338732409 0.06899221235592341 0.07499524053408312 0.06166427919119601 0.07716282908950509 0.046310003660476586 0.07069450788691825 0.09060863129971095 0.057654309722665095 0.031339421745253386 0.04567293931712863 0.07627584302908665 10000.0 0.07471614697247801 0.06209061061525217 0.06518041595968312 0.01671834726344753 0.021442918388058646 0.036527570771226814 0.034791025698615634 0.058667877516881066 0.05356204562381621 0.05764056420186772 0.09771182014762783 0.04771861038227286 0.08615096591382812 0.040539213292636565 0.0657199708234509 0.0705510605720595 0.039625883353991045 0.03612304675674397 0.09664116198158484 0.07391386220402016 0.06213936613002818 0.06478997843893991 0.060517104234501386 0.05017085267760464 0.06233152856655498 0.08156884033825547 0.08595139151824416 0.07330857748569886
 0.010934723101596924 0.06147265100755148 0.06723567370318696 0.08690958685396732 0.029613222280166114 0.0715363883808026 0.10154468405899754 0.07209976809062714 0.07160211679957966 0.038948199623337953 0.04054933388523516 0.052265137189224674 0.010172814850871136 0.013987535806087883 0.025951763926514597 0.025407619036246838 0.04222188286775191 0.02935433946272634 0.017583478542736293 0.01911711432071492 0.10365672305966092 0.029091662014573333 0.007982392887855082 0.07471614697247801 10000.0 0.023128058441128734 0.022847427507314708 0.0904981446375173 0.07461958825897376 0.05034704402782718 0.040863311505728556 0.016136129542597192 0.03771012536312173 0.03272464289106562 0.023017597115559625 0.07013897208334961 0.023164733079021574 0.03792122680191153 0.013947551928919217 0.009140342545846624 0.050573837497769586 0.04070980060335011 0.023150707621505465 0.06500192521160739 0.02926185610781582 0.01616538975278571 0.04435547724343622 0.07815795069480447 0.06098675671196349 0.05552352164829657 0.016695791572202155 0.053543743557918855
 0.02687766325385071 0.03866673431079884 0.04465202834256759 0.0666882448968122 0.04769343937597439 0.04950142849917656 0.08720277268930342 0.04915535236721283 0.07653334310793189 0.04959421975127093 0.04424770172981 0.029777721895361136 0.01298631557554762 0.014545007882490317 0.0376047234450329 0.015451374926933893 0.02075313393015999 0.045526189842100606 0.03200541098383568 0.02516050793728514 0.08761488973899996 0.023392525003737907 0.01889951740819584 0.06209061061525217 0.023128058441128734 10000.0 0.03676237444203287 0.07876031726289291 0.06839971530451014 0.030557138750327846 0.0344608618342053 0.01602228340441709 0.04488629111428086 0.042056699519903935 0.041479892103953836 0.0728574973281079 0.024186314696316647 0.036082603809488634 0.009245892283768537 0.014243783033701544 0.05133701167726581 0.03608722321001474 0.03779082845796752 0.04297440105500242 0.04117731788249205 0.006997624782988183 0.05450645685942235 0.055617348447879036 0.037969243996156116 0.03641967503155686 0.02571152044820292 0.03240560920516074
 0.033141830632734195 0.07370585990042908 0.08002346914279385 0.08637506344037556 0.012330436428416407 0.08551633104789994 0.09220279230652416 0.0834395473228824 0.04958131740210558 0.01618164939196943 0.02145094300977545 0.06567047980948323 0.027945474379651274 0.035029774708936506 0.004103150416747999 0.04575946550462024 0.04843750385720611 0.008965196060437499 0.0391662640229418 0.012703820027976879 0.09621735660883478 0.024414707699181783 0.03028591571322 0.06518041595968312 0.022847427507314708 0.03676237444203287 10000.0 0.07896960959277877 0.05915705113650274 0.052579198444037564 0.030990661784290635 0.02098570141863394 0.01655819927949865 0.010967862696087374 0.04082808951712435 0.049059827442975275 0.04580717587086274 0.02464126011942789 0.029265252737070337 0.028174994636583572 0.03207776388189685 0.029152833424773632 0.043787213200594664 0.07908727000498315 0.006573642954121757 0.031039464808365103 0.021571676168381498 0.08343095699998349 0.0722632572182311 0.07305035658763168 0.039509523061088896 0.06909074296573392
 0.10017514435185942 0.08059504381599077 0.08484964517304563 0.04286839563025077 0.0881911537785575 0.09147306414003646 0.01562097932133356 0.08155464867787775 0.05874775292443155 0.07202043838885452 0.05912025824578318 0.0814932080937238 0.0852769216402967 0.091481707055161 0.07519600931672048 0.09387187291730327 0.06285912911960326 0.08346992893641197 0.10677609168446552 0.07275033029323355 0.023698179291372492 0.06141683998673637 0.09250456161702518 0.01671834726344753 0.0904981446375173 0.07876031726289291 0.07896960959277877 10000.0 0.024100199198090064 0.05283670315294805 0.04986237722064708 0.07461107411114876 0.06559854906852614 0.07031773537685362 0.11351303416622843 0.05140039966122162 0.10276914493225635 0.0546304541934692 0.08211886283901262 0.08681639568631229 0.050044625265681715 0.05065946665762426 0.11278744323559069 0.08871514751643951 0.0751295615546709 0.0812743676776521 0.0708745257201331 0.061633786574174565 0.07719098298624893 0.09744285093484342 0.10234048519078773 0.08910798267200969
 0.08515323670086883 0.0818248854596794 0.08727472689928303 0.0571342802677978 0.06683776554432211 0.09420875709976088 0.03967537425138025 0.08583286641920293 0.03519880317127264 0.049706910382945974 0.038000087934461 0.07988413530349693 0.07160307590867226 0.07879120210120219 0.05513494200567065 0.08382205701408392 0.057944419907427505 0.06220407091907319 0.09191347830627913 0.05568184149585297 0.04710449288358828 0.046908447241957536 0.07830275146931816 0.021442918388058646 0.07461958825897376 0.06839971530451014 0.05915705113650274 0.024100199198090064 10000.0 0.05031615366530356 0.03466360904340831 0.05993890545989238 0.044087729874554685 0.04932867043416272 0.09713900440752114 0.02771490219156907 0.09089818657501947 0.03674004278740245 0.06920524747672956 0.07298686347480383 0.027834998838086215 0.034109028544923196 0.09770611100808192 0.08999551942753889 0.05434874885362313 0.06895679770716004 0.047846859607303976 0.07031266009162944 0.07861967540713252 0.09491668471314525 0.08870470983097346 0.08710271841350942
 0.05678720125406319 0.031796735063684786 0.03763087214122905 0.03660946302578356 0.06489707714453728 0.044534266875523656 0.058524643871120774 0.037559572633464045 0.07200223051245164 0.05782445558902954 0.04606127684792881 0.029731807039645494 0.04152456774792517 0.045048323040169674 0.05092339993997173 0.04370431110615069 0.010632778419852332 0.06103187119212621 0.062384823583302954 0.04044022626062346 0.05780517797731687 0.028282881386612165 0.048567656885831076 0.036527570771226814 0.05034704402782718 0.030557138750327846 0.052579198444037564 0.05283670315294805 0.05031615366530356 10000.0 0.028139746501981613 0.03566013506742355 0.0505975584615969 0.05124169718974071 0.07142575942792907 0.06596320464820038 0.0541120369293421 0.03503407744991312 0.037542683080115706 0.04308335428009123 0.0467950981621823 0.031238342072835212 0.06826259972270836 0.03985203144959365 0.05343099440027974 0.03578735138200727 0.060871147756302216 0.031032395496508474 0.02875772002519806 0.04526562787320128 0.05626387471511623 0.037151307607068564
 0.05099385123874886 0.05767903566839901 0.06397373521629746 0.05677209674338307 0.042222711213644744 0.07061159186443679 0.0619449698433566 0.06503835105141145 0.0453760845779423 0.031001927713990185 0.0181647048667777 0.052653764827480846 0.03698193144591003 0.0441286219148632 0.027886821704839995 0.04967000758058332 0.030134521871775375 0.03769178913606045 0.05771896657878566 0.02293157200962249 0.06540559879940377 0.012268176514091164 0.043817816588141156 0.034791025698615634 0.040863311505728556 0.0344608618342053 0.030990661784290635 0.04986237722064708 0.03466360904340831 0.028139746501981613 10000.0 0.025466745137533525 0.023465622693962906 0.025584014027755286 0.06381386218145373 0.040295851717581065 0.05626302612706111 0.0075079148527317265 0.034545491066564585 0.038394964736525976 0.019398824587207812 0.0031029203393958126 0.06363022764676803 0.06505616187369857 0.029179680278924196 0.034357249827195506 0.03328930263492047 0.0581943567956291 0.055123481068937843 0.06558682237046555 0.05413779791206378 0.05880253198036865
 0.025617403990292973 0.052927485190698946 0.05919001001665255 0.07181510256040961 0.03252331359541886 0.06456869560021007 0.08542736461621692 0.06289773543669518 0.06235886905677179 0.03368856226099355 0.029891812482802708 0.044715799630324654 0.011860749581505039 0.019528666854148415 0.021590440262496305 0.02777580970295026 0.029150638895856947 0.029892817102030445 0.03230187781266333 0.009170639679534846 0.08753932318880561 0.013293533379752646 0.018371036857340445 0.058667877516881066 0.016136129542597192 0.01602228340441709 0.02098570141863394 0.07461107411114876 0.05993890545989238 0.03566013506742355 0.025466745137533525 10000.0 0.029485788758518577 0.026198667007033754 0.039057606934779755 0.059503679521203036 0.031830835319137565 0.02403638552777884 0.010568392220191227 0.013127062536603023 0.038467282183143145 0.025846380294334916 0.03826002068197664 0.0581216402297525 0.02515562996597011 0.01150912398381646 0.038714813577486476 0.06520801605891614 0.051660336099168244 0.052441157626098384 0.028775149503610833 0.048152749619451825
 0.04852554441941937 0.07722719045742987 0.08365462768065028 0.0799652944991039 0.022773608789620075 0.08984928352632474 0.07981083784166057 0.08581322724524726 0.03391877009722598 0.007568453322228838 0.006561254621681779 0.07053899670920016 0.03994735697546473 0.047700449910605375 0.012536129963439474 0.057134406143376046 0.04985586089390499 0.018117966692511745 0.05489945195621836 0.020696903031872382 0.08489205102721842 0.02434190066233047 0.04420486133811846 0.05356204562381621 0.03771012536312173 0.04488629111428086 0.01655819927949865 0.06559854906852614 0.044087729874554685 0.0505975584615969 0.023465622693962906 0.029485788758518577 10000.0 0.005633803747782752 0.05729903058509239 0.03267728529549202 0.059503792470617385 0.015977218160427388 0.03983927654535028 0.040680750905665725 0.016302437474677196 0.020568661718851078 0.05986467349648994 0.0837638397791543 0.010613179817854547 0.0409846717351043 0.010443091646662786 0.08130464359881341 0.0751503524721516 0.08074161175429166 0.05424714636609046 0.07538002556381998
 0.04341873569319987 0.07619949032020255 0.08262035999323322 0.08234695806039155 0.017883527397410507 0.08860227940852729 0.08423058241178469 0.08521489089310133 0.03894908838826409 0.007562684509313042 0.011348392859216896 0.06901911675922143 0.03584228398053778 0.04346351727614038 0.007027655086182092 0.05337616850967923 0.04931735698809969 0.0131578834028737 0.049682067302994605 0.01706913825076256 0.08896446918970607 0.023637264573858053 0.03955223746710168 0.05764056420186772 0.03272464289106562 0.042056699519903935 0.010967862696087374 0.07031773537685362 0.04932867043416272 0.05124169718974071 0.025584014027755286 0.026198667007033754 0.005633803747782752 10000.0 0.05177483281533534 0.03812359900285663 0.054996171179254615 0.018201401170635775 0.03616747990138136 0.03643159515629147 0.021700277310100855 0.023005733755551067 0.05452073358730449 0.0823761299617467 0.005052694429897417 0.03752400261088542 0.012532402831759954 0.0822211560005103 0.07432634314918164 0.0783242018645737 0.04937466125477322 0.07340948008244562
 0.014655656888422243 0.07578189878561425 0.08061855311104187 0.10794193962441073 0.04137472549981292 0.0834016642101317 0.12447202925211241 0.08654655868007018 0.0901598796584883 0.0563256750005298 0.061399761565537565 0.06623326918725546 0.029994976300764024 0.027216891093646826 0.04477026411726043 0.0346616932412516 0.06216362297239187 0.04359128933696205 0.0103291126893264 0.041472664503225114 0.1263466921698856 0.05210911087563734 0.022858870516961362 0.09771182014762783 0.023017597115559625 0.041479892103953836 0.04082808951712435 0.11351303416622843 0.09713900440752114 0.07142575942792907 0.06381386218145373 0.039057606934779755 0.05729903058509239 0.05177483281533534 10000.0 0.08988781975272264 0.024824177268620278 0.06041326109791357 0.033912035925128856 0.028409367747570344 0.07187779980020818 0.06351146195944171 0.0074363256557283125 0.07718962261166006 0.047258936473405254 0.03564300056848776 0.061448273095477304 0.09669574763983238 0.07617840067268324 0.06409334281246314 0.0175663617785778 0.06503389355048948
 0.08103569764620551 0.09720446076269179 0.10332594943791575 0.08253129793620842 0.0518763734961991 0.11012911757136952 0.0670129602417331 0.10350633641369894 0.007521443084179821 0.03428883002217002 0.02984586087875496 0.09281764095694961 0.07100835135486681 0.07883308509574337 0.04514543447526345 0.08698608450163872 0.0701273187249921 0.048021496755665326 0.08749899300436574 0.051911198722043306 0.07475685998081913 0.04952277051940497 0.07613510054665258 0.04771861038227286 0.07013897208334961 0.0728574973281079 0.049059827442975275 0.05140039966122162 0.02771490219156907 0.06596320464820038 0.040295851717581065 0.059503679521203036 0.03267728529549202 0.03812359900285663 0.08988781975272264 10000.0 0.09100478696311856 0.03682201757008007 0.07004735274901935 0.07198676662628113 0.02154459600051272 0.037782693077624066 0.09253424834344427 0.10487700474972635 0.04268191608642561 0.07068853113512419 0.02999091168075512 0.09206242087988908 0.09440829924430051 0.1058479186432646 0.08643458575155737 0.09908991981948988
 0.015485245662708045 0.05195328579104794 0.05636909608419562 0.08919161877507074 0.05249140036320777 0.05876158827295629 0.11138522398634347 0.06258978684104513 0.093289116029114 0.061684583257377586 0.06117451493004601 0.042499496256252545 0.020047169288407933 0.01230689868007733 0.04857003106245605 0.011242900782746503 0.04371279622409905 0.05250298752000126 0.014832406534970836 0.039149634316869915 0.11164883298831854 0.044113768802117696 0.015531405677852056 0.08615096591382812 0.023164733079021574 0.024186314696316647 0.04580717587086274 0.10276914493225635 0.09089818657501947 0.0541120369293421 0.05626302612706111 0.031830835319137565 0.059503792470617385 0.054996171179254615 0.024824177268620278 0.09100478696311856 10000.0 0.05581888709279883 0.02175885457786244 0.019018020750593306 0.07024080046148438 0.05718490627384501 0.018280765974650788 0.05266318369530173 0.052040683071156744 0.02195874444027238 0.06707944456767663 0.0750978204845947 0.05275346455444871 0.03927028716055961 0.008389183779799036 0.04050564606040038
 0.04857465069788688 0.06337866391734737 0.0697544727310372 0.06423089242011269 0.03527577333519998 0.07623550316091064 0.06757966165928259 0.07127766378269666 0.04097347552582452 0.023499617691809534 0.011038459016043107 0.05763418450433634 0.03589697248846215 0.04351363220320222 0.021186793866634492 0.050578180745725225 0.03569226121185682 0.03065626460909564 0.05533322093046981 0.01894414013993329 0.07162904498488555 0.012705618997001494 0.04211327331992761 0.040539213292636565 0.03792122680191153 0.036082603809488634 0.02464126011942789 0.0546304541934692 0.03674004278740245 0.03503407744991312 0.0075079148527317265 0.02403638552777884 0.015977218160427388 0.018201401170635775 0.06041326109791357 0.03682201757008007 0.05581888709279883 10000.0 0.034190219417442276 0.037133063856917316 0.015277861515379436 0.004807029203513247 0.06105223318311684 0.07044441325263338 0.022072986810721885 0.03449274843800076 0.02594865016430378 0.0654683810516251 0.06101288243675199 0.06957864112430526 0.052611458737258 0.06330055315443615
