NAME :TPP_input_29_5_4
NUM_VERTICES
141
NUM_CLUSTERS
29
Full Matrix
 10000.0 0.08957378290626879 0.03832074716294261 0.01377183969816704 0.07938269504132463 0.11290314965683 0.028433064086534697 0.06644129253068085 0.018543834091418458 0.08747686465849447 0.1138010586717129 0.06848372209550348 0.08902254442157265 0.026679821166962957 0.1305361388255513 0.03257642086791624 0.10591576644115622 0.09602835250047288 0.08117609238393203 0.09826351274036034 0.080660087288585 0.06502827353660139 0.08955668428604269 0.010591806709867273 0.09479784516116734 0.05214812831133472 0.08510936352081129 0.04762173073258825 0.04320006317000321 0.02442399480680668 0.0787689249046016 0.015194124942193453 0.03965522678616934 0.05024767348251781 0.040987188039185767 0.07501233101813094 0.12395123111190315 0.04692840355518757 0.011971301889950717 0.034432735186867076 0.0532628836370799 0.06286802901775504 0.07729120528658168 0.0875587714342195 0.04870210788145177 0.06955206228610498 0.07974967935429289 0.09831955650250473 0.09730829999539678 0.09153129406845022 0.08052989276195313 0.07772395351105338 0.06727365740982554 0.1021799211606022 0.056347180380048593 0.037958830178430665 0.08013712898899836 0.07862958697975152 0.09573731913441456 0.0629364246080983 0.08844009407981909 0.08242130841613282 0.04959561401029723 0.028225139445338013 0.030713533375986715 0.08668353178579995 0.08014891061245852 0.11140420671306218 0.09681254497529405 0.03720814868750604 0.05927555028690862 0.03605806429596364 0.09123464170147513 0.12878131488239009 0.06546382985762073 0.08813302061245917 0.08671267859110127 0.1104692073870363 0.0945357076478149 0.006247098639549002 0.06438803362979265 0.02623855291281853 0.07812802443539311 0.06870135481135393 0.09565574191057788 0.05095034613567666 0.08131960314193377 0.10411435588476323 0.07079782005545199 0.09545413944866159 0.026112920787786514 0.05732832724640871 0.032368349612916986 0.08543197573286408 0.04643814015928205 0.05461171811508714 0.018268598575185882 0.10655427071278409 0.05331869641233805 0.06506386478251987 0.05360057803947241 0.0660953991514197 0.04178110696126483 0.07895250658349641 0.011272036590163015 0.08777896747906046 0.07215979556683277 0.05230127941035528 0.07931659369868359 0.0916998809718866 0.07320717867274353 0.05050041150509941 0.052907579994395826 0.07644061043453022 0.08534893610543338 0.0841791788576902 0.08090503286258606 0.03687433381553409 0.03731777906509237 0.09860182614454636 0.03265242265642983 0.08718398707319391 0.09353705710780605 0.07672322916344446 0.07854881588896671 0.06879302490934627 0.09790734762727835 0.07495077456139562 0.08603666319133745 0.04057187617806517 0.029992904786561705 0.038854227808936506 0.08596985147584243 0.05516031938415562 0.10094434089001138 0.08128063316634838 0.08002206830740707 0.08521149115406476 0.06627546905355794 0.07700787984849135 0.09854708646752641
 0.08957378290626879 10000.0 0.05152548969002756 0.08352114211121961 0.06380490074138231 0.07017297023191413 0.06362777700763474 0.03496006430335689 0.07148088988058025 0.018051340390258522 0.06137506109190222 0.07196894859189293 0.09419096741512702 0.0847404643518826 0.06952207708888747 0.057071019710478184 0.06602578070788918 0.08154245478251804 0.024296020051201943 0.07380182647359924 0.03591152170442012 0.027128560350452455 0.07252641878696443 0.09440959805361768 0.005354107812229298 0.05149994756050643 0.04168336634107127 0.06873355294690298 0.05702372558793805 0.06643848714868056 0.07548961462505771 0.07440712722287171 0.06691568329277452 0.04642657476909571 0.05022948525865753 0.10262741523832741 0.05992396068195838 0.07681580347987337 0.08000105576788988 0.05625580526100707 0.0895036798026398 0.0343200594300652 0.023858479079212173 0.021941784951456975 0.07695760260150447 0.03619488578166336 0.0832076814057787 0.06616853077960878 0.01147723731458854 0.005783153046930745 0.08904580230256869 0.09254750816405022 0.04200104101035457 0.04038245351142245 0.04955681813494186 0.0843887116105407 0.07161512159442035 0.06232293404150472 0.017144610408168094 0.028627078202339173 0.08730001318098202 0.05523169217412798 0.04211301722799616 0.06375299094085563 0.08901682989368177 0.06454958745694073 0.02130073011802061 0.0562415863851555 0.010989321311626157 0.06572829668576123 0.09019230636401966 0.054016714980310576 0.014165984277408051 0.06600195724108386 0.042300431706443486 0.0014814956190850328 0.09150350951423694 0.07151871578155232 0.07787142719702615 0.08919435591040596 0.02662659347827716 0.06339056589542462 0.014970180836927202 0.0992023002889789 0.05581726900280293 0.0665710018536415 0.06031817475897046 0.03871371148382329 0.03288837292367463 0.032053607646799466 0.0667960090433569 0.07693451001147247 0.08476427214030863 0.015245992196703697 0.056892448288635954 0.056111488376112795 0.08950623074038114 0.07501167324841654 0.07833767073922462 0.09428097682879648 0.03928976522762226 0.06345373158352499 0.04926406634089334 0.08801320844883703 0.08204453443447057 0.022741987722114238 0.04168570477804255 0.09054301923235593 0.09131599335081605 0.08821022599763989 0.07927588399797837 0.05925909944052362 0.04423128088990445 0.087265605375571 0.08721318492654927 0.10966713192991147 0.07213690406312023 0.08362219817969202 0.052256697903305956 0.06590595751668114 0.08363748916893848 0.04554936362447435 0.08035554620602348 0.01707289943104576 0.04565251028010449 0.09508916850502111 0.07259810618875577 0.09336988766151236 0.08650045665009155 0.07749285470708235 0.07811746748840148 0.05465713130821569 0.004653374764272123 0.0909579778032477 0.04565980055618884 0.011541761863928982 0.10471751133767103 0.035091637593278595 0.023298330151915233 0.022696282704502326 0.04498654996829032
 0.03832074716294261 0.05152548969002756 10000.0 0.03483309784810719 0.061494438127315865 0.0891583061116879 0.01308768599923978 0.0354701361394233 0.021199182785366685 0.051985836387689104 0.08665897050364874 0.05763944030086493 0.08324727245291523 0.04114018334499052 0.10169435313425926 0.007671049664282635 0.0824632013599633 0.08184490888421281 0.04724570408212399 0.08000628034043221 0.050565878245675135 0.026881469294041005 0.07316294459329502 0.042954965927629776 0.05667045497027617 0.030348902454373196 0.05673589967283688 0.04017388836948466 0.025692065136972593 0.017876578277316243 0.06687978601209006 0.023389906326368014 0.032410734881591546 0.01708100464222431 0.012180499743795955 0.07919255711440659 0.09373392682157142 0.04589411745750376 0.028498457703657862 0.011239556616119932 0.05867591402774187 0.03072120319248856 0.03988379206068341 0.05294709502611388 0.047157086059104146 0.03955851807820997 0.07155691380965491 0.07686788777404924 0.05898756091012755 0.053240684135536474 0.07513916278876351 0.07523397508404875 0.04008318663300883 0.07081409582399387 0.03336687800721235 0.04644947337998717 0.06589786694350064 0.0601936013756571 0.05957845540767712 0.024735026698515527 0.07942909739833406 0.05994091191931082 0.012227558466117347 0.017470426707675433 0.04664812244080698 0.0674242370929121 0.045324146340742784 0.08310664381761826 0.05849187236398521 0.02917991635099373 0.06261563291562351 0.008454733366446253 0.05305507636664426 0.09925248311634632 0.0383670629156443 0.050112193120745024 0.08040379434336566 0.08790029958555301 0.07914100603022285 0.038794089754022515 0.026093365525395665 0.012135170168287641 0.0398308717389392 0.07357648204049433 0.07076132977201545 0.04107384125408452 0.06135336493397048 0.0719213065656385 0.03938458896951255 0.06275935026048156 0.02045197706291226 0.05287236262687523 0.04386582036184813 0.04936237909702911 0.02904493457282803 0.03644380899152849 0.04219592717664815 0.08645660742871482 0.05115270380149081 0.06853900025495019 0.016511117653396006 0.05095297619117502 0.011918546499993582 0.07357112193775996 0.030584399810948865 0.053352324087837424 0.044802624596123594 0.058827872380618484 0.07557160493922527 0.08203897838389977 0.06503232818772388 0.035044455532679826 0.018992850979744933 0.07154349797469185 0.07733900546913448 0.08837987108577812 0.06671457834228287 0.04524815113994867 0.003728972073395323 0.07697238094676188 0.04304801281515688 0.059969110646169416 0.07957546235991377 0.040303125755616634 0.05249527257207127 0.07121908456966637 0.07923611019260687 0.07396430987374628 0.0774352639557128 0.04237426651463979 0.03664395471877968 0.009891290682926586 0.04776049351961085 0.060721765830202855 0.07142963682940201 0.04417279140037023 0.08327242800902306 0.054516801503893736 0.028319989454166482 0.042348170304950125 0.06925899281200275
 0.01377183969816704 0.08352114211121961 0.03483309784810719 10000.0 0.06625632985394138 0.10021449974907 0.029362099025901794 0.05664937859027266 0.013994217128428726 0.07898250122961237 0.101780011568153 0.054870512132083486 0.07528574816160813 0.013432051737279337 0.11878143766078808 0.027566177219191648 0.0932447012880181 0.0824096441046902 0.07200985429935879 0.08496055141716455 0.07003442324950024 0.06135348194964946 0.07614746018793667 0.02433179599433571 0.08885743792485717 0.04079121798587797 0.07385720530103881 0.034180922167953355 0.031856059048923774 0.01736162653637952 0.06512449059752913 0.013824598859560692 0.026687482662940843 0.05000223648862409 0.03334220454063829 0.06194661014880529 0.11264586539766233 0.03315876136868276 0.0189339971442029 0.027302018359411706 0.03994468065600319 0.05369886462095223 0.07468265397055948 0.07856636997182902 0.034931872040156846 0.05928740965679896 0.06598264029548616 0.08541508044991618 0.09235970906509634 0.08623551095962134 0.06678033090202361 0.06407103222366828 0.0562881043267396 0.09151953425613316 0.04493673734076364 0.024509763354527425 0.06663598141297775 0.06558474787060058 0.0875208082330756 0.059149768542407985 0.07467164531149567 0.06992196974657068 0.04702526877615382 0.01977644577453231 0.01827454989529509 0.07362139246709823 0.07146090215036814 0.09969224723056114 0.09184170371147962 0.024677003375004787 0.04585708835439066 0.029751759262961284 0.08721067736638066 0.11722945789169112 0.05453857648754538 0.0820457454835069 0.07295787749356446 0.09761228231603218 0.08100573573643202 0.008500966153944793 0.06021695000016784 0.023459639278366834 0.07372903615752464 0.055631057697528526 0.08337984778501126 0.03762886255885984 0.06843758574355946 0.09372726908730665 0.060962903421568695 0.08541291470860247 0.016806605071455108 0.04356322661296161 0.019041090629829747 0.07735954129517701 0.034658395714292765 0.04231865689742106 0.007990467829687159 0.09339174426750725 0.039547359061482226 0.05175889034681611 0.05129176090733267 0.05290151050890493 0.03428744302143308 0.0651990972033802 0.019959216006355026 0.07868597426351173 0.06101849194979805 0.039099554142621076 0.06561410659295007 0.07793498268014058 0.059453701297515434 0.037990197894777915 0.05244903437734794 0.06269086583318137 0.07157714914986876 0.07123567664833141 0.0673925342573291 0.023364798390688595 0.03259826475204701 0.08572037527266578 0.01917933611461009 0.07558161311661372 0.07991815347384419 0.06912817186873561 0.06687589741465558 0.05543180600863825 0.08465182546101595 0.061367958700292415 0.07226694270763552 0.026800133590950403 0.016230561360517586 0.03885198307309458 0.0803884171796977 0.04190623804458641 0.08970957680257992 0.07413755110311863 0.06690178730241211 0.07465939402325938 0.06055705698539463 0.06832843059156675 0.087284969164378
 0.07938269504132463 0.06380490074138231 0.061494438127315865 0.06625632985394138 10000.0 0.03470278521579787 0.07161345270007433 0.03319374491984128 0.06453237487242215 0.04696970540197768 0.03927825129967456 0.015213250863761378 0.03046931209419253 0.05696260694445979 0.056662489405358014 0.05870919910923526 0.027963054403486128 0.020736200279646132 0.039553600759190656 0.019162107059285775 0.028154605135111702 0.06520142445859807 0.011685902242422455 0.08929451205922119 0.06760043242805716 0.031349682758715317 0.024139312748768862 0.03228622889538874 0.03850768077486746 0.058904947977847566 0.012357505192678742 0.0685869330412837 0.03972749502606124 0.07390410256844816 0.04950125948522114 0.04369575559246639 0.05327835392509846 0.036238351256748576 0.07786355869585254 0.05355975070845114 0.04154195013219715 0.03725614949445377 0.07595541611601055 0.04349277653250284 0.03486129649803813 0.029815284707700413 0.02031069943686114 0.01947633734654563 0.07515522516083886 0.06946430236050717 0.02642747680989597 0.031198685999937484 0.025155866074713013 0.039619166713170555 0.028130563277862192 0.04822095056209261 0.007935315842201826 0.0015451814436794537 0.05346511138400931 0.06397482486442922 0.023501993335422883 0.009918780721659507 0.06537681373704315 0.0548128644813961 0.05710590847377389 0.007424817936134476 0.04252570367052806 0.039178732616749375 0.0746993184403017 0.04231346539295349 0.03826279225622456 0.054746921089608325 0.07658248179195702 0.05620650590194624 0.026108242435785998 0.06278847547536673 0.02787351459061127 0.031651414932061896 0.017732402942581913 0.07475470177282809 0.0626804436467042 0.06440877076760736 0.06716408737238337 0.042689235591391685 0.021235519780829805 0.028690423754107526 0.0044782245166353355 0.043176373062699974 0.03275094033532274 0.03993009476389154 0.055343376657241074 0.027845899410555 0.052696314829588566 0.048858300401305815 0.03474542490180011 0.026147180805836428 0.06645238633064851 0.027171732606957297 0.03203581469680728 0.0391225759252533 0.06733419519756954 0.01337194251449151 0.04961915186291293 0.02577272306498468 0.0800244662304861 0.04287205648377351 0.023029395808059214 0.04319895371137657 0.02928800888880818 0.024631923481330725 0.018796102147334036 0.02944272695538682 0.07411324579383262 0.025853149382362443 0.02352973099443805 0.048508081750522895 0.00837107074902155 0.0484997951266123 0.058336759844298106 0.01984828287422339 0.05172582789726409 0.02177002888910642 0.0187115224497456 0.04841583251313219 0.018220363094631487 0.03801151767101148 0.018655541841422856 0.03320168904022052 0.022738582546883507 0.04185249096895215 0.0508969148173805 0.07128973832063082 0.06460438259105818 0.041701100565264 0.03409685825466208 0.05295684009934191 0.044167435616453074 0.030358554813698407 0.055765011482827025 0.04158432139724758 0.032079084644776705
 0.11290314965683 0.07017297023191413 0.0891583061116879 0.10021449974907 0.03470278521579787 10000.0 0.10101130003864627 0.05444394464178288 0.09677053439201866 0.05261015698688549 0.011878366209194602 0.049117999435996276 0.04988823432935907 0.09156202854667123 0.02491215150679574 0.08836511356998768 0.006989076360784474 0.02981825428574372 0.04970869387482071 0.020178757355466842 0.04055109090549896 0.08355220713798824 0.028520796176408115 0.12240477255415584 0.07165130403297258 0.06179147559018637 0.03351605002279384 0.06673608624378435 0.07029651428098935 0.09080407363954551 0.041510656340893515 0.10088238363360051 0.07352722780227823 0.09763822179424221 0.0783175950501991 0.07110507701895465 0.02612632145909992 0.07093175625479829 0.10999262623956033 0.08366169389072121 0.07507971648043509 0.05940180758775565 0.09003748129384137 0.048856988724064535 0.06952834429699235 0.05018189623539267 0.04686202001184636 0.015282589207992641 0.07944404387269732 0.07571848797774983 0.0517499710379834 0.05776964587450931 0.04908582568926766 0.030522432747180014 0.05775805736975444 0.08290858721260372 0.037590055354970765 0.035048819197536975 0.054004478296683874 0.0831455128763448 0.042893816951273055 0.03055489888811509 0.08933934986867814 0.08661325868916701 0.09180865313187289 0.027348176032662208 0.053224361438892434 0.016397445372292662 0.07915447115644139 0.07572315317789798 0.07086139527720406 0.0840797609243935 0.08433575277177892 0.026011369533812258 0.050829821473737845 0.06982255285525783 0.04890271666520617 0.004261234273626372 0.02771785255773751 0.10866457163802946 0.08125390444689526 0.09487749643983204 0.07989992692514405 0.07233377336785549 0.01840480109947926 0.06306015942405484 0.031871876866898255 0.03325332059583789 0.05133044390714822 0.038140089150232766 0.08772856339688781 0.062150298590271144 0.08739016206716149 0.05604453187229349 0.06676401283408333 0.05834664360338486 0.10094604024962837 0.012283394369457646 0.06647572502407684 0.07009849156485334 0.08993391727401856 0.04786073875237561 0.07811885815209459 0.05211185073952099 0.11224061981622424 0.04803632801387579 0.04437283927821225 0.07677118200209468 0.05512557209843968 0.04091118254600965 0.049585132713856665 0.062403693882879356 0.09703340558373365 0.05360242070081024 0.04560261819242226 0.07228976336020099 0.037143030778267465 0.0832009334808251 0.08668098490034389 0.014877354881296233 0.08641056030176207 0.029708157455872734 0.031075613907884207 0.06106479163346814 0.03666414034306692 0.06787659811643229 0.019587461436440454 0.06097469513956347 0.04425786560505498 0.07653589701059002 0.08531703632695377 0.09822027568836848 0.07309142980779099 0.07487949899798134 0.024557028770261384 0.06297808680003796 0.06953813736992653 0.0382184004911885 0.07360850056791264 0.054438586998131415 0.025227816872409443
 0.028433064086534697 0.06362777700763474 0.01308768599923978 0.029362099025901794 0.07161345270007433 0.10101130003864627 10000.0 0.048108494442544114 0.015878831442790876 0.06503497650059896 0.09910950999665069 0.0656435284567753 0.09046144723091075 0.03937043121414401 0.11444520643502784 0.01291037578206085 0.09420485560385533 0.09137844023770497 0.06031885539514535 0.09054776165992584 0.06324063372610131 0.037582296282186074 0.08312832887504298 0.031041260520906604 0.06862591430509642 0.0403204240516183 0.06918117453281625 0.04606622739930636 0.033616462715349384 0.016817875918860695 0.07547815594442195 0.01566498044658984 0.037319716851047714 0.021826502303286865 0.02270483220498494 0.0832583844252649 0.10662397341314923 0.05007971391852409 0.0171022608815701 0.018073516458402068 0.061558755688209774 0.043489899869032386 0.049102456761925185 0.0660337517776446 0.05161671575636462 0.05208153356392393 0.0792089113136119 0.0881214670111073 0.07021233246549123 0.06480614346402021 0.08205481791806374 0.08127559402321301 0.05201983118242449 0.08376095387461695 0.043908104043443204 0.04740673549298612 0.07513216746239629 0.07042701145368652 0.07252497187070808 0.035635835158605654 0.08749921669715309 0.07118691080948257 0.02191644152294532 0.01936259881040351 0.04505913538351103 0.07801801472570072 0.05841116423449804 0.0957186204149733 0.06974005969792813 0.03385486900598992 0.06637213767048766 0.017027686590748103 0.06358017033385413 0.11207982463111163 0.050236920743557935 0.0622585282164907 0.08771434326943371 0.09950508005264444 0.08894811302583741 0.03061295403029506 0.03735139549320034 0.008354738950352134 0.0509133140930616 0.07725330628268691 0.08268668484367209 0.04787440749286974 0.07200851975386167 0.08494081814483959 0.05215138962686142 0.07579515399380346 0.020979172748248846 0.058665498477675555 0.043498555427732705 0.06235451607009709 0.03735271024884743 0.04565773670512492 0.0373382631327901 0.09750842729338972 0.0560970945971933 0.07249303163499744 0.02561612984458123 0.05997952678580094 0.022896162004790662 0.08044313604612538 0.018860590285282013 0.06644000848069394 0.05687975900055252 0.06134979048254682 0.08200395110021066 0.09034403161438138 0.07249145933769414 0.043249389949928996 0.024477882611913086 0.07821387169741327 0.08507711576252087 0.09266157779528034 0.07595516969742623 0.04612405052843834 0.014547707004290653 0.08826721054673534 0.042967116559892694 0.07223568343656173 0.08901312807436335 0.053275194314742175 0.06442647315296898 0.07560326743073957 0.08986790499456378 0.0795072187445622 0.08534604817441911 0.04524395770178167 0.036961169871335194 0.010421940397395371 0.05961987345069037 0.06366121122405499 0.08415977325617931 0.05694677342448551 0.08773798716321068 0.06731144806247906 0.04075757245390378 0.055435162374473594 0.08194584856061247
 0.06644129253068085 0.03496006430335689 0.0354701361394233 0.05664937859027266 0.03319374491984128 0.05444394464178288 0.048108494442544114 10000.0 0.04816451570369634 0.023534565381892636 0.051213593498723446 0.03786555500976518 0.061997713978733694 0.05401209143672619 0.06634143102198159 0.0363982898212062 0.04803580973687014 0.053517080680074984 0.01568616467197679 0.04874788125546185 0.015132140868486663 0.0321067015073319 0.04412825406942171 0.07416173656152887 0.03982345598263712 0.017858741886880036 0.021346923394166762 0.03443414249671795 0.025552699156640976 0.04209172348694198 0.04319104677704458 0.052044641563738316 0.034438706474678824 0.04337664156743909 0.02635167679025499 0.06793759516679727 0.05868216008931609 0.04246462626550885 0.06020818005901208 0.03270471009501017 0.054754124827314406 0.00495792141144775 0.04291842977896669 0.02230281778248884 0.04242109535973901 0.004265875434203438 0.050340562266301986 0.04373046761363888 0.04628493980853582 0.03996205434413292 0.0557866824024528 0.058605466756855094 0.00813920367470961 0.036105394673871 0.01502116605327009 0.05130544988511158 0.04014759524302289 0.03165447546217053 0.032223380357119656 0.031016927660648418 0.055899149564013595 0.027718839415999282 0.03496900386214289 0.03821682137650232 0.05733333079928359 0.036799714350265036 0.01608948869000371 0.04764477706214303 0.04577021003940225 0.03425338594542503 0.05524124196908394 0.03210312154452791 0.04563658363183987 0.06402870499008831 0.007737014774942227 0.033636727195460715 0.0591582785180206 0.053683706701161585 0.050154393931769126 0.06404759739076112 0.02959243544618645 0.04343013693652516 0.03465886190632277 0.06430567129456623 0.03612489338827822 0.03192205230234263 0.031105768859344022 0.037768526128530724 0.0043568043654743155 0.029012956011716794 0.04051358891580789 0.04197468764898386 0.05274412340823844 0.02304573751850596 0.024080900205112773 0.021385003128138763 0.060812556759939684 0.053563657530843765 0.043480233021551275 0.05934924364588692 0.035927031973763436 0.0292358631553262 0.02582667489043735 0.0545782979461232 0.06250087365924964 0.02230401718447925 0.010900371904339548 0.055870332336529896 0.05767928563897131 0.05751636390254213 0.04553731264892038 0.024987282052464088 0.042999244179698366 0.05349978282496678 0.05509328612864362 0.07536276691120998 0.04082790043282217 0.05073310582625198 0.03356707371261999 0.04372199886676623 0.0515774787872684 0.024812652395910028 0.05170981264148952 0.01790917315661969 0.0184523632366572 0.06027009177023391 0.04775092607936727 0.05906327871228972 0.05462787676534224 0.04404933727521101 0.04697551323174362 0.04401201752567432 0.034280762939689007 0.0561326364694484 0.03605610052429265 0.023427920308808154 0.07031073154046945 0.019301800399937667 0.02257127158323138 0.01331728689052863 0.0338378546278326
 0.018543834091418458 0.07148088988058025 0.021199182785366685 0.013994217128428726 0.06453237487242215 0.09677053439201866 0.015878831442790876 0.04816451570369634 10000.0 0.06893343731206089 0.0967372700133143 0.05578512257874477 0.07907628046728372 0.02360025994801378 0.11314214942857449 0.014467390910505112 0.08979795150095912 0.08285520416078432 0.06269304346445331 0.08368504733598989 0.06266904049672577 0.04801887653473563 0.07545586681752287 0.02615438948121036 0.0767575707014558 0.035092291438330356 0.06749694503101515 0.034921831681745834 0.026481032541629455 0.0061353545465222935 0.06603981188102356 0.00411204307938517 0.026031935549205906 0.036009401520112616 0.02244651257327075 0.06933994886105695 0.1062125547976543 0.037093668556669956 0.013334417595527033 0.015889219337343493 0.0472576662792092 0.04443345715925673 0.06106166982764941 0.0690447218142411 0.03878311327067629 0.051448866189938935 0.06852458109565013 0.08270821657189327 0.07970161409040119 0.07374799082127581 0.07051897519618681 0.0689204636511885 0.049619389501224256 0.0841171117269088 0.03923622797628376 0.03240994482892247 0.06657142460094675 0.06358076153479922 0.0772001285852479 0.045845764000146914 0.07711783790743179 0.06623367592700286 0.0332645810588832 0.010267727989836847 0.029267096280420696 0.07156001131662441 0.06161515912587727 0.09403790441472946 0.07919387320383654 0.022823329418877228 0.052526986774078056 0.01760165819311855 0.07411038969356393 0.11121683148615379 0.047787319524500674 0.07002445968060302 0.0764784168024375 0.0946651910984053 0.08089071267811468 0.017778136228205517 0.047075847392557706 0.009479334526667164 0.06074980800888767 0.06316535575887382 0.07901118419410522 0.03757233011587518 0.06585435137153178 0.08592108358610065 0.05251233448038397 0.07715284973812178 0.00918933536207036 0.04670857553416455 0.02804371685135226 0.06689816009724632 0.03008431741185471 0.038663960495593015 0.021806506007232104 0.09148515915825592 0.04347732750031271 0.058662172865186615 0.03750003253619907 0.051715710327530334 0.023237303674750045 0.06889675074967716 0.01552477409647106 0.06927653216790851 0.054569438363689514 0.0468419567602908 0.06999540296162883 0.0801901418068078 0.061767583970934785 0.03508964793162559 0.038455811180261056 0.06651443836940636 0.0743603490342663 0.07877789867768327 0.06737878743207523 0.031124314764413054 0.019441889498018405 0.08293981048444793 0.02763189519433581 0.06985174020739769 0.08039695853158119 0.05822533728591735 0.06135893814081595 0.06201736287296935 0.08318387632373717 0.06675166479295508 0.07482152460730193 0.031490428807969706 0.022033467649239316 0.024910972030250843 0.06804879524448935 0.04935012066496312 0.08323351294983286 0.06286375839094985 0.07403356848519627 0.06715839744917701 0.048228933468119635 0.0584758160608664 0.08086680758515781
 0.08747686465849447 0.018051340390258522 0.051985836387689104 0.07898250122961237 0.04696970540197768 0.05261015698688549 0.06503497650059896 0.023534565381892636 0.06893343731206089 10000.0 0.04462654934789488 0.05683374214801652 0.07743114433787804 0.07738065477615083 0.0550665162482336 0.0554743154346106 0.04814877303972952 0.0638057462810353 0.008363265961064428 0.055818327679319976 0.018825251236514746 0.03479974014046541 0.05495106283283001 0.09406778845810025 0.020920095407050008 0.04139160332562602 0.02388537846092798 0.05764303992397455 0.048844767723951237 0.06315169957622657 0.05903992512000382 0.07248371345651199 0.057959449223004035 0.05281285739650216 0.046492009980458944 0.08788778925667068 0.045827046059433926 0.0655638023742952 0.07965511011266634 0.0530442319445185 0.07727479709485706 0.02540944300725853 0.038027050146903434 0.0038907235080560786 0.06535575060899104 0.02282866751545046 0.06692197179328715 0.048120191700733665 0.028738583509950844 0.02381354657571863 0.07291879106313623 0.07691156133272097 0.028335655943815416 0.023990892274652585 0.038358391041107685 0.07480446566938623 0.05488866602618057 0.04555211340270171 0.008702305376549235 0.035247632516186685 0.07030172731587851 0.037880743604304525 0.04611038263800635 0.05968005147364548 0.08083865610974104 0.04699027127710575 0.007577497477691632 0.03967508878499532 0.028332381681015813 0.05764087139455715 0.07701735571913067 0.05158484581126763 0.03209166059263802 0.0518657806296581 0.029238422773374528 0.0174574621642923 0.0748411809985238 0.053717517935252694 0.06012272146087234 0.08584745863442837 0.03306672340989847 0.062462061275986504 0.02782071115210457 0.08510127335353544 0.03776979549334347 0.05485232178598694 0.04318257568997219 0.023278488782551364 0.019891012320269345 0.015032171040760267 0.062348877042561354 0.06373104022952017 0.07626668074633888 0.0036494401512426997 0.047594953721466354 0.04440131943086936 0.08375377967208565 0.05698497663886742 0.06586268943555128 0.08042405737843594 0.044797100667725916 0.0486776182326 0.045697853258102716 0.07202030068094337 0.08188033760423437 0.004695683963916937 0.026476661459654632 0.07851373634688746 0.07543246380640332 0.07097490020004428 0.06365210282997846 0.04831572897705 0.05128036506030031 0.07153979048674669 0.07049943620422927 0.09425795390481578 0.05533983607268958 0.07425225994231816 0.05141786842549655 0.04785554589204657 0.07510089323505843 0.02762898877073499 0.0627314625984198 0.012080405667422998 0.02878081326742507 0.08074379032432524 0.05460871912912691 0.07811695083808276 0.06969107659758866 0.06751172925807235 0.0703822634404935 0.058020311530508614 0.02051183074122642 0.07847342143053664 0.02836552397416436 0.01106566898232602 0.08948313896352032 0.017245615649869653 0.02623315976620585 0.01067081976908924 0.027394936103202126
 0.1138010586717129 0.06137506109190222 0.08665897050364874 0.101780011568153 0.03927825129967456 0.011878366209194602 0.09910950999665069 0.051213593498723446 0.0967372700133143 0.04462654934789488 10000.0 0.05444575529575679 0.059575835988347176 0.09442522894779735 0.017449406660680088 0.08688867057236707 0.013793837289636946 0.03969574432724287 0.04333702627415304 0.029391955122146148 0.03626631628153981 0.07764406925043829 0.036241993638010325 0.12278424946477152 0.06225168606585655 0.06173966050080314 0.02993639631233199 0.06960019360811892 0.07062464417335564 0.09063787104919128 0.04847057664292348 0.10082418421888244 0.07535245822277743 0.09323746250697866 0.07671236473860979 0.07954658992540672 0.01525552705335608 0.07485337026283495 0.109672940464872 0.08255771135718216 0.08079131378358403 0.05606050112074823 0.08262638866487343 0.041137190080897314 0.07363491847006422 0.04710097478949002 0.05485547652603071 0.02200033532238825 0.06986663657995991 0.06669552028813795 0.06027047872913043 0.06617091375110329 0.04739877994639685 0.02099321562083299 0.05755486677086921 0.0867727520989421 0.044045013107367637 0.039163757492124154 0.04458856155309083 0.07752238258220207 0.05221669321866628 0.03238400566730822 0.08524912163581677 0.08647101019529801 0.09536623405268152 0.03263977390376242 0.04666398066908697 0.0052197695256059485 0.06962086487089741 0.07710465025566579 0.07721298634752706 0.082550425947967 0.07542018037795982 0.017007468687233955 0.04922992225680007 0.06120450354023116 0.058239982786994514 0.015581775948019965 0.03700606796200757 0.11007296898829742 0.07550006368726254 0.09370742693780021 0.07241643250636481 0.08005583184031106 0.018684598588596744 0.06587449133940274 0.03550529868083622 0.023040408847669783 0.04750417168929063 0.029623538625085655 0.08798106640273035 0.0670833332818831 0.0907724817615422 0.04822455575575047 0.06737472056828496 0.05946242588662341 0.10342200456163542 0.023197027070633213 0.07118643616960393 0.0772614971805724 0.08530371899761707 0.05137135776293981 0.07636613553200133 0.060391613691238334 0.11195850442144238 0.04034249681039103 0.04244055592853778 0.08245618459083096 0.06363825512887183 0.05066840431590751 0.05643167263352529 0.0638382909115333 0.09233378129195037 0.06155263913901676 0.05455782788992857 0.08168758920614112 0.043779198170687955 0.08689665972479069 0.08457753581075361 0.021479335617203492 0.08971917453626181 0.026999643541466303 0.040504855699341986 0.054470837864322566 0.03537835611795856 0.0754572687803488 0.028489501382693478 0.06911927919170562 0.05324684857058456 0.07994029854492143 0.08780410815548503 0.09515416777626463 0.06471349921886897 0.08087022996089123 0.01651212814109969 0.05549642514740364 0.07850992055721552 0.03286637406837195 0.06792941549899727 0.04842932840482137 0.018123466942620972
 0.06848372209550348 0.07196894859189293 0.05763944030086493 0.054870512132083486 0.015213250863761378 0.049117999435996276 0.0656435284567753 0.03786555500976518 0.05578512257874477 0.05683374214801652 0.05444575529575679 10000.0 0.025854898815374415 0.044099187872900715 0.07178464185283533 0.053163180797387105 0.04264147626208003 0.027545277103736734 0.048691502725129766 0.03104609967771691 0.03856120792420005 0.06762379366737098 0.021894455661694616 0.07881429922784042 0.07638314847528571 0.028148878229614264 0.036596650174873534 0.021054192468466456 0.032230380276290556 0.050832816540136536 0.01032393239810067 0.05962268746430939 0.02977783316701225 0.0723755356127177 0.04552204652869659 0.031071043596215524 0.06848155118565835 0.022616601486644388 0.06883056199293863 0.04790328209130938 0.026345893690401197 0.04050734396414415 0.07998641914149399 0.05384112084869468 0.021015686625568807 0.035847654813693765 0.013970474091890847 0.03386733640622603 0.0834422838092417 0.07731551742338398 0.01840554912745491 0.020740133300591178 0.03011045034748963 0.05374042888872889 0.0267467723031054 0.03433323801346656 0.012120705136072886 0.015571953664281175 0.06435987342931812 0.06600750772743404 0.021884441111453396 0.024004478495594995 0.0641886756751428 0.04708786422494532 0.043402457117426865 0.021990321213738995 0.05102050478255373 0.0543824200224509 0.08294758106503457 0.03297102720649003 0.023157715600775758 0.04980289474732728 0.0834459578588896 0.07140067745948714 0.030139547858095028 0.07076537505796149 0.022964542372984075 0.04569298389495541 0.026228072826969682 0.06329808356912955 0.06516050120294108 0.05770401548853326 0.07238071937521964 0.028810991242564383 0.03642252595647945 0.01821666690957698 0.01935004045989473 0.057170799954235185 0.03914667816541211 0.05267147160128425 0.04681434052438174 0.013065083877900296 0.039286294543118695 0.05797040807665569 0.028659468478605555 0.021587653658832175 0.053829359812539876 0.03998106552192423 0.017457078926461814 0.024671209220728945 0.06696641931206758 0.008629871022825586 0.04594025263709794 0.01702724945970247 0.07083497936348171 0.05336017960771919 0.03049392850425303 0.02801069355153704 0.0199102918607428 0.02470379496818257 0.007892352990805063 0.02263981508287139 0.07313272601193709 0.015689504881324437 0.01970249567609108 0.03769821377978595 0.012796356845701067 0.03480534156874045 0.05408438711014428 0.03430209218473247 0.038433554250473394 0.03523956216872211 0.025053812404696903 0.055323674681653945 0.029142777089065167 0.024247573356907207 0.030994732833109807 0.021407238780047744 0.019812867949353323 0.028775161366219496 0.03880363306120116 0.06749051469236865 0.07187337638143025 0.02648973005328746 0.0487027585311623 0.060536786794987245 0.03277179945080409 0.04189997077773582 0.059250852094656324 0.049282793233676986 0.04654414626952745
 0.08902254442157265 0.09419096741512702 0.08324727245291523 0.07528574816160813 0.03046931209419253 0.04988823432935907 0.09046144723091075 0.061997713978733694 0.07907628046728372 0.07743114433787804 0.059575835988347176 0.025854898815374415 10000.0 0.06265615984543449 0.07480018189603435 0.07834229184918622 0.045787822197215146 0.020072867334197907 0.06999138321008475 0.03018936115130268 0.05862282969990906 0.09295869232064083 0.024691179039033735 0.09960767751956018 0.09805875077520027 0.05400285416220814 0.05422744423095125 0.04449824263699813 0.057620535130995444 0.07478209737992846 0.01885971410990684 0.08261054954438167 0.053408936275421315 0.0982202976312709 0.07121012557428807 0.023123553595383612 0.07483116788689909 0.04241530422315787 0.0915000415321828 0.07313195608792143 0.0373448231925375 0.06529930931093429 0.10481343626896636 0.0739208828739529 0.0406505024560676 0.05922208028236019 0.011957249199559794 0.03805882779013814 0.10557834476904678 0.09981073817396706 0.008572765870927295 0.012150031657163931 0.05389007265913991 0.06735888026896523 0.05244162381752708 0.0514478958422638 0.02258606616167899 0.03191297294063851 0.08373100072632009 0.0914408716366801 0.007650589003250686 0.039803081627301694 0.09004346114035383 0.07137483522769034 0.05997254478074652 0.03169910610909958 0.07289104729458394 0.06174282062575808 0.10511713706188712 0.056833845237802647 0.03128762706698008 0.07522492044768288 0.10670920304633655 0.07573688209692635 0.05435241045266819 0.09314062714957973 0.002901128817626236 0.045642935615657534 0.022573485765448358 0.0832147701185041 0.09046489247995876 0.08229373092826468 0.09660849089229047 0.02668930817313556 0.04634128586000628 0.04261277338403745 0.034332888024821484 0.0710116422296051 0.062376468949083844 0.06941994204599125 0.07058372543327732 0.0323808054543009 0.05707161465623678 0.07931544663785565 0.05420275860838466 0.04744119656106468 0.0721641648749089 0.03771384172442481 0.03592863303060378 0.027101069287847477 0.09279484361358087 0.033778510691358045 0.07167163395679581 0.010189967742155304 0.09330413641157544 0.07328395604633349 0.05284382282719661 0.03877873196830176 0.009942881105069504 0.00897768638282959 0.018220932525232263 0.04821467376691272 0.09898754161399283 0.012637172956105489 0.006982984619005483 0.022447217120199207 0.02209920500806219 0.052399392303627036 0.07963499832978248 0.0385811556841607 0.05659526992140486 0.05129976912429427 0.019071163515830408 0.07842079782979389 0.048688064305442626 0.023526324388015704 0.03109264478871194 0.015666689513028284 0.0077455758498895175 0.04862599495630294 0.059224460901594216 0.09304040644070431 0.0948046237463874 0.035967107349382584 0.06096957311036628 0.0831858779549451 0.02029206621153647 0.060652270543433 0.08417432726792154 0.0717701263736791 0.05946706364939925
 0.026679821166962957 0.0847404643518826 0.04114018334499052 0.013432051737279337 0.05696260694445979 0.09156202854667123 0.03937043121414401 0.05401209143672619 0.02360025994801378 0.07738065477615083 0.09442522894779735 0.044099187872900715 0.06265615984543449 10000.0 0.11174851349754313 0.03347228807402371 0.084693713011633 0.07134124204755063 0.06969785264217022 0.0749468933363437 0.06561206361341944 0.06572900538913688 0.06589189194325336 0.03724026317088452 0.09008041199041199 0.03649541210942413 0.06829879964132542 0.02489083179092607 0.028537189377929137 0.023689137544563966 0.05407204981160876 0.0252470957811585 0.02002318693480355 0.05779575562696312 0.03554945883253522 0.048527046965191334 0.10641858907931333 0.021553976926181415 0.0320390097346694 0.031065906455606192 0.026603958287711667 0.052119962883680156 0.07960229878981558 0.07631208919342626 0.023248434273122565 0.055807157161084725 0.054011709107427 0.07642252055689513 0.09457614750049148 0.08821456583903578 0.05425203905151401 0.05115760605607558 0.05174871052459478 0.08658200298252379 0.04023227606523628 0.011297887990824172 0.056167862081053746 0.05652207848361853 0.08607843292711018 0.06351218762972091 0.0626298894944769 0.06207059394616495 0.05312723145592681 0.02374750606619666 0.005694842086900893 0.06438550819707285 0.06981595873692471 0.0929134522430647 0.09404510626738241 0.019759095946137242 0.03259635153233714 0.03401504865166997 0.09047568107060001 0.11055366778956285 0.050181536646905 0.08326257824850788 0.0604555188831057 0.08861334738426478 0.07029665722247712 0.02065683232570416 0.06416081739378629 0.03190520334870483 0.07696136822479163 0.04221030495670792 0.0757624066603785 0.028607685823859343 0.05973643531315133 0.08917268710748666 0.058072958504802166 0.08152173986643045 0.020691509436385657 0.03184337225334819 0.00568852897073625 0.07634347626201969 0.03008275152023953 0.03593479899498016 0.009767105534530281 0.08369209632222854 0.027551972456498097 0.03841685858613729 0.05737231586628345 0.04370157525865206 0.03655733950132486 0.0527061894118146 0.03325693393466165 0.07629157659923558 0.0560231827067996 0.025701858005697794 0.05284877951473562 0.06594850162592639 0.047721905441672915 0.03139021413498772 0.059966465736592256 0.050176407554651026 0.05941257893905193 0.05780502303748385 0.05687335024062201 0.01026782989249062 0.03805401258110175 0.07677833670687569 0.006061020887036102 0.06937065023330714 0.06886456074140251 0.06895975633140745 0.060743674111621744 0.042126933091970346 0.07477499439697188 0.04831137208370974 0.06020210709791974 0.015327769066536732 0.007075142320468325 0.0474786483573048 0.08220203875932393 0.02853206977160593 0.08387790884926845 0.07435562720315252 0.05349470082499353 0.07023057667605735 0.06289198480608704 0.06679684619250859 0.08144636744843094
