NAME :TPP_input_24_4_4
NUM_VERTICES
93
NUM_CLUSTERS
24
Full Matrix
 10000.0 0.036145450053247395 0.05177076346697865 0.056569985522357716 0.07430704595181042 0.04026150199241923 0.06732220230095085 0.051725100854447724 0.06228682212000723 0.060030426023656255 0.06721449554032274 0.04724937409313867 0.07560296898833947 0.03961735062470277 0.061853813813435465 0.04366405644609234 0.06739767974793781 0.06469229206410515 0.06876458325769748 0.04018741893347022 0.026549217222245076 0.08897114380353002 0.06322343890877508 0.08575650632624224 0.025195606670871104 0.04473544164919269 0.056307490270202556 0.018381147020249556 0.0226673664210229 0.07328690585894687 0.044977364214073515 0.052614833391786554 0.052937839432697205 0.014027505432351392 0.041675878541945696 0.008603987059271703 0.019576489603868527 0.019077731285841205 0.07945774308134955 0.04496250145684743 0.03127745535069449 0.08686770181778343 0.09261245149619599 0.03909169733366479 0.07961862943655976 0.07618794585039765 0.041093707102139804 0.04761416940423544 0.08205017774265587 0.05457636930848476 0.07954203687648553 0.03947116204371943 0.08025204005282581 0.05211960811243318 0.04383476949162455 0.04974758617330952 0.05098970119289166 0.043624796176979674 0.07539766142189407 0.02704812868001632 0.013682615956396624 0.07676948581721668 0.015143410729302233 0.06337104452120376 0.029692597303357108 0.055527911154514206 0.0674598399454848 0.034650718765487476 0.04738933484705253 0.09943620574850888 0.04779259648205443 0.0714760074882831 0.03795997594210421 0.07561099104664538 0.03933728337379937 0.0699070052778799 0.0214148883758397 0.01957694637275081 0.08145506515404585 0.015759037884982004 0.06332516264772284 0.08069294880569261 0.0372144427501305 0.017208803619060204 0.04150115012577056 0.07875567427586497 0.08665630068779721 0.0782976346092148 0.02288142770593243 0.049159255234408526 0.017319783043693807 0.0857582792228398 0.0635057505137397
 0.036145450053247395 10000.0 0.03343991565807295 0.023982380379528465 0.07283932537615137 0.054660817391479266 0.05678182953069353 0.018481920457471924 0.05202888063610336 0.04743621697620367 0.031133523818927904 0.04742168542955157 0.06592193262291339 0.03287520049590913 0.02785423696569021 0.008795739046283203 0.03498271668703529 0.029163968378388312 0.042230236362920504 0.07305903845995458 0.055119003681410234 0.0773104398879438 0.0378346681951161 0.05460819826890984 0.019005630411389467 0.04373958570854183 0.0645146276410473 0.04333527003685352 0.013482741026215425 0.07174991730997649 0.06414963009150852 0.06455935196132062 0.0279088420050127 0.04019905673878473 0.006856980413761663 0.03245500054733605 0.03329453816072882 0.04603069495685606 0.07457952975083007 0.05920509943942192 0.005061096578979168 0.08027745208502733 0.057849456872476945 0.005840518416325313 0.051333869612853904 0.04545698081351409 0.07125038092616866 0.052865212624521984 0.06901819218511843 0.05179544776578715 0.051412517135111815 0.00878189851690335 0.058336588972137005 0.046532725396096264 0.025427898472677218 0.029303487835961983 0.024825948410586742 0.02148908057641257 0.06576900931388081 0.011851645574239287 0.0225188440001165 0.07545772480213972 0.037473723393206426 0.04832050274019573 0.025710894404874483 0.02324882849236201 0.03749726574288123 0.06853937509490099 0.06325811504376613 0.06382360709422477 0.03434180358720039 0.0366530651481355 0.03557624375021929 0.0587216579228895 0.061215029873650156 0.067630590189713 0.04079120697450107 0.02536707363110449 0.06769090342116288 0.020396758091029008 0.02916537112408439 0.05391731024327202 0.021385704504309256 0.0489223961682179 0.03467520215990254 0.04962344274870838 0.056509075706704964 0.042193641963129594 0.04407437563951139 0.06584527980350736 0.05341093346752643 0.07349787643803758 0.029718358417041707
 0.05177076346697865 0.03343991565807295 10000.0 0.05099111337023429 0.04232317697288613 0.04111441403568379 0.023789845416482314 0.023949720021987777 0.019501726415784352 0.014469574426456923 0.04106972316678162 0.02422473668975159 0.03277109263396749 0.015036290366315192 0.051481082026884846 0.028484812320349714 0.027129012444509874 0.03522083760598252 0.01928091984879208 0.0739151527295384 0.054958697068452925 0.04387219182037525 0.013888978805594506 0.03888973441270419 0.027330292090248214 0.021592119115786068 0.04208971407397554 0.04550929847403302 0.03760259377165949 0.04130092960238537 0.05160560145583375 0.04530580595766431 0.009597238588550107 0.06267236757182969 0.037641070231283574 0.043685389767541424 0.03519003728598035 0.0483377468180711 0.04243857223417234 0.043709050339479964 0.03555395635726909 0.04740460186387489 0.05244768397227296 0.028035750835470902 0.03021759536950439 0.030223435214159322 0.06858489060891684 0.03174641189155058 0.035602324009384255 0.024145546712614853 0.030011457030675977 0.04171193362494342 0.028535013096002388 0.018485942417598808 0.00877809107349979 0.004329140193088854 0.011803241612063886 0.011961650395058693 0.032633063833551273 0.041980996187785856 0.043002967929790664 0.044792483339709005 0.06135924722505424 0.01488071553324985 0.0572118162895446 0.05084495612989927 0.0226234942316015 0.07188662344450827 0.047904400925718 0.06201012815064775 0.06777661689715146 0.03623508802057215 0.019226298016721273 0.025859919575685612 0.05219828636146508 0.03721950483529758 0.06670012999366857 0.03222063333609457 0.03432462944334353 0.04131486613554322 0.05208709621571964 0.030069869093585156 0.015288821848608178 0.05441434644805364 0.014417841877813038 0.030298333568604046 0.03841824216150417 0.04917232145625325 0.04253300783596089 0.050485412245982755 0.06509630176674142 0.040065821943973116 0.02839005868741681
 0.056569985522357716 0.023982380379528465 0.05099111337023429 10000.0 0.09300726485951631 0.07852109813303632 0.0746120107312798 0.02768168514371934 0.07049169671806232 0.06541317287044457 0.022319797193525944 0.06967063998821157 0.08331668064173593 0.055044737161395074 0.0061033180348999076 0.023340099241701082 0.0379944218655562 0.025505091006897157 0.05139424707727592 0.09563198401801483 0.07841212748785613 0.09287212744793573 0.04916524077080258 0.05551411799906559 0.042987064479473015 0.06603146703702295 0.08743751291692485 0.06673108167321948 0.03521245334181245 0.09195257865422579 0.08811693780320345 0.08801545319420008 0.042481881371410755 0.055967231422989795 0.017127332037049612 0.05486152543822793 0.05713865738135793 0.06928657881470485 0.0934223569876971 0.08298516576044132 0.02718831152311543 0.09809015870958981 0.05064243251107475 0.026030607804414473 0.05675284929099536 0.0486479979711623 0.09451848694302976 0.07576166824608539 0.08446901545932041 0.07294637290105818 0.05700633415133615 0.017358174723346203 0.06900566153260149 0.0673336194920573 0.04504984806845832 0.04669522315427489 0.03957078447275478 0.040442894724393275 0.08320039823244961 0.029554192491076117 0.04327272521503893 0.09554432211640737 0.052567683129999994 0.06494055869714843 0.03367893277923273 0.0011502266560084848 0.04372472628023705 0.09066490342656408 0.08709281672852928 0.05289795461815579 0.028112019480526593 0.03321434095587594 0.058366908534761015 0.07293183047889443 0.08517541197785547 0.08782195160213395 0.05330117596308989 0.049191349239477315 0.08284994872196944 0.04149330983378415 0.007576563982111631 0.06065613986289945 0.043236992788701425 0.07141317091558302 0.05656679269312505 0.05426999305490425 0.058650572531885284 0.0300881332623577 0.06785251536111533 0.08970200539476109 0.07366909767695155 0.08901210072459896 0.031679802971787824
 0.07430704595181042 0.07283932537615137 0.04232317697288613 0.09300726485951631 10000.0 0.03795822854392375 0.02092502358355591 0.06627256407589767 0.02337175599762734 0.028554789099194493 0.08259188345057838 0.027697998767842846 0.016835860502171084 0.04056816061034215 0.09378158861908063 0.06990882024167053 0.06594716863947231 0.07659511934130595 0.05191086592266305 0.07323818654199052 0.06023132819941288 0.024472620525213467 0.04975798244686547 0.0682907474557088 0.058732830467074656 0.030948624355320743 0.022532003830596743 0.058451786142103036 0.07155873294811999 0.0010975420378498341 0.04221486255572622 0.02911475171626962 0.051631431290049025 0.08815209066402122 0.07830770882521307 0.06604588712143207 0.05497488534951998 0.05979533070632452 0.007962906121165063 0.03532450794887811 0.07326014158875378 0.015181320030574104 0.08624892283758581 0.06835348393491177 0.05793914498242798 0.06347734810079084 0.06514770103755346 0.026923321989289636 0.024413031366020778 0.021415705245381302 0.05751864238894558 0.08160224432688473 0.043003819077132896 0.02632714136758973 0.04811973398742019 0.046497319720102806 0.054109065995006624 0.052655090536032366 0.016742415269884778 0.07795538308833573 0.07261538814565821 0.002637666770520537 0.08841281724414518 0.030818725173713354 0.09212672947497848 0.09277147167654652 0.05959313417927144 0.07485279192594385 0.036517261789609616 0.09653698502391388 0.10620243432763538 0.07568886012525976 0.03931399995893186 0.0316899547451545 0.04761257606257395 0.005216295113127567 0.0946927617315697 0.058449520559629854 0.02578138406467063 0.07188514720970798 0.09440674086317984 0.05444793307718956 0.051476652247337225 0.06621972142068061 0.03856596003051399 0.05989458383031236 0.06564245988746818 0.08924111737458633 0.053452109917909434 0.03733199391298503 0.079437154800597 0.024081583110359593 0.06915580008764097
 0.04026150199241923 0.054660817391479266 0.04111441403568379 0.07852109813303632 0.03795822854392375 10000.0 0.04052612061166144 0.05856054253318591 0.03703917994332782 0.03830821813661702 0.077659805692146 0.01900586410722847 0.045738057637256774 0.027330048200380257 0.08166538375477433 0.05653939780906671 0.06755916290493742 0.07260646531493285 0.05982658140277724 0.0371977755872913 0.022278902791690355 0.058547647970469366 0.05480604367358942 0.07960183056782481 0.03582361801007175 0.02012627062252488 0.016712308553292008 0.022287184167872842 0.046853124297325514 0.03712734574423549 0.010592047924654924 0.012354537797563828 0.048991165698448996 0.05419830322379278 0.0614571967960857 0.03336892309654727 0.024097066455899128 0.02285091075215451 0.044831430311925866 0.00491593998332737 0.05248901386708486 0.05257201011474382 0.09348024861577353 0.05284453819599744 0.07015220725498607 0.07127878908725875 0.030019428740297973 0.013125962308805307 0.054052122635258236 0.02493001311882864 0.06986746947820256 0.06263478019486271 0.062281268603777265 0.027015503893730856 0.0394370448083769 0.04277289291290978 0.049456803185892795 0.043175037626808084 0.04552891182411657 0.05405074505207099 0.04369839107677359 0.04001120579866118 0.055350218983080984 0.04287417149309401 0.06494438412684421 0.07785273877612514 0.06368718329158855 0.03765512135129317 0.008614666576137311 0.10284253849494966 0.08195337890919434 0.07581173261137426 0.022890781197143602 0.05306774910322401 0.01188450962914632 0.034846741919311745 0.06166244418994479 0.031098143408016574 0.05429297991700814 0.043933500602610996 0.08279113547868236 0.06884421084315764 0.03726020779098536 0.02879868826451152 0.027109411784500336 0.0707439212165719 0.07863743037120721 0.08752464753366314 0.017439346325596797 0.011184810296212535 0.041929697700343556 0.05637032671296847 0.06729007123558439
 0.06732220230095085 0.05678182953069353 0.023789845416482314 0.0746120107312798 0.02092502358355591 0.04052612061166144 10000.0 0.047152568256176995 0.005139648076681525 0.009371082312953699 0.06230583998630503 0.022483267269753904 0.00917441571022998 0.028284192095042064 0.07470858899476668 0.052272548817490425 0.04516897977231382 0.0562895305918814 0.030986873752178328 0.07765700474585635 0.06096895884565285 0.021850278720177144 0.028994625643628202 0.0479287941035072 0.04650556809956965 0.023545994999280367 0.03181833812116562 0.055217299105808915 0.05863810802637946 0.020112120724867153 0.04883676430636996 0.03768832843027201 0.03225079474094152 0.08015587987967462 0.0613563584014016 0.05871907580287031 0.04803034087433037 0.05741117100685529 0.019029094069902566 0.04040568535950247 0.05827739542334342 0.02361903912345788 0.0655486800759382 0.05161332553668599 0.03752472138717642 0.04262524298846848 0.07052621079974482 0.027441736628323627 0.014787386738326552 0.01561466627239365 0.03711891962576572 0.06526978602548593 0.02418612118328131 0.015506463573485509 0.03136104213937408 0.028117774454817557 0.03505894364845293 0.03542184264841881 0.009010949647991784 0.06407634464546288 0.061992818020264254 0.02297213082256073 0.07960694814688804 0.010148680540277719 0.07909223535826172 0.07451431656472406 0.03872438275251774 0.0775624952669264 0.04350218555555444 0.07581766409395678 0.09105352780060114 0.054910425724707994 0.029362687973565737 0.013295529928163302 0.05227329566558305 0.016688989652636304 0.08553595728226329 0.048698283718401986 0.014439300386925985 0.0607438515803328 0.07519209003167754 0.03440805110307721 0.03643075410502497 0.06411699921168175 0.02623065695740312 0.039301712952751776 0.04556468867082293 0.06848432846705511 0.050753554638629454 0.04541580331926165 0.07674715148170551 0.018465129559315358 0.048710484856759134
 0.051725100854447724 0.018481920457471924 0.023949720021987777 0.02768168514371934 0.06627256407589767 0.05856054253318591 0.047152568256176995 10000.0 0.0432729235303164 0.038111583703454896 0.019100196344115417 0.04557105778958874 0.05571953782930045 0.031850904592278406 0.02758903058774209 0.00975051479006593 0.01653672721785649 0.014366474523085215 0.02527237623683911 0.08443508167348689 0.06542759575202703 0.06522795041685717 0.02200611177226997 0.03612827464423894 0.028509164054019168 0.042190459990367815 0.0638807680561747 0.05395551795556691 0.030218400795214845 0.06525058332023528 0.06900569809133862 0.06580718696348388 0.014903741266738518 0.05795418379823075 0.018454767331689905 0.04605170456289881 0.042745870486412124 0.05690162609461928 0.0660982582141524 0.06231364721449796 0.02316786917385992 0.07050433477817525 0.04089686559410455 0.01335288913181067 0.033289344378198284 0.027005394885394794 0.08106275518586785 0.052550271645079895 0.05681752340674594 0.047362878613767485 0.03341025182594815 0.02344534462802696 0.04251071805219681 0.04162180082727199 0.01999507998131696 0.01983738545510118 0.012181272999889818 0.015635469537400772 0.05560908191525067 0.03028925725485862 0.03887446344672139 0.06873613186114427 0.05546891822623101 0.03733570822053534 0.04384835248196457 0.0277146939039075 0.0193297305854076 0.08081296132267587 0.06661172493146142 0.04817538409999346 0.04908231045476741 0.019886991401804662 0.036014550663379746 0.045386886844012604 0.06771303136000471 0.06116614310890385 0.05914465704188719 0.03591074943858051 0.05522084789724642 0.036706672796551695 0.02815013279659357 0.036277340768069884 0.021400698841829668 0.06131389190656793 0.03279031947059643 0.03139560004375574 0.038060161472866116 0.029327227468753294 0.05306918007638548 0.06929039549245704 0.06835483200437747 0.06136465093426763 0.011801685187926304
 0.06228682212000723 0.05202888063610336 0.019501726415784352 0.07049169671806232 0.02337175599762734 0.03703917994332782 0.005139648076681525 0.0432729235303164 10000.0 0.005204565163176007 0.05922168066575537 0.018398593874977224 0.014185602880449429 0.023149349589431437 0.0708605182292263 0.04785693279892173 0.042780951272373406 0.053223587287492345 0.029479088541270893 0.07393464467634729 0.05679839515903633 0.026986975534577896 0.02665103095723995 0.04762605403136094 0.04137645366311524 0.01898467618181227 0.030223318691437524 0.050570852371057864 0.053554205655317655 0.022422644765515875 0.04592844387798789 0.03558681025127438 0.02845718458423786 0.07505368236521352 0.05679522662141971 0.05368706588400068 0.04307277204112688 0.05284748210231286 0.022939631195437352 0.03742377734314134 0.05337053382435604 0.0282485767767046 0.06460922737644999 0.046974166896646775 0.03728633505433429 0.04145423123721478 0.06703776916755408 0.024181140719749084 0.01976382784343968 0.012313616417447578 0.03690751399469413 0.060590311119100904 0.025820824299458117 0.010869683235535282 0.026609409924051145 0.02381100328555125 0.031098667702468042 0.03081296184663596 0.014008897770488 0.05906853083990141 0.056853175496926096 0.025698481886996912 0.0744819094665488 0.008067693365263395 0.0740431336563331 0.07034602260059676 0.036626187302120146 0.07355706672935748 0.04081908167876841 0.07480090194024808 0.08622928654652158 0.05249929891434574 0.02433462066572506 0.01602889120086591 0.048898057756834264 0.018539007552644884 0.08040194671599186 0.0435811407183014 0.019244662502679588 0.0556068033471444 0.0714111295785943 0.034680423450148004 0.031445826771747974 0.059535919426741385 0.02110083166259851 0.038763313392615316 0.045615134139299275 0.06600802635410738 0.04621655564981159 0.042915207614883544 0.07203353909961448 0.023570490065386352 0.04579528424308525
 0.060030426023656255 0.04743621697620367 0.014469574426456923 0.06541317287044457 0.028554789099194493 0.03830821813661702 0.009371082312953699 0.038111583703454896 0.005204565163176007 10000.0 0.054038687620786174 0.01930258539020621 0.018485725803607182 0.02043134104842296 0.06570052029801932 0.042930496679425945 0.037783560660241175 0.04804522088308341 0.02498125849577209 0.0745736707544565 0.05679669680987796 0.03047789585163279 0.021746628539759387 0.043741933153270275 0.037961525480396344 0.018877385249490012 0.033587426570167174 0.04962614906574478 0.049760556705645886 0.027594399182613378 0.04781417676235348 0.038431858460836334 0.023270471512300654 0.07237128884673119 0.05198730943414163 0.05148260262433811 0.04125510730058861 0.05208237616683483 0.028017748022595206 0.039327109235969125 0.04903399915029466 0.03298023793423861 0.06023793073471854 0.0422439256574632 0.033544530195036594 0.03704672010419217 0.06804221858592734 0.026042245736447173 0.022636695502451808 0.014832670747898182 0.033190621484205575 0.05590375257869124 0.023994681220988134 0.011292768826096 0.022034430027326572 0.018797516653219347 0.025948636502740534 0.02605218293721959 0.018333367722273782 0.054974946952150223 0.053657311989554556 0.03089765823349454 0.07159067174391048 0.004572052211676362 0.07007311017672949 0.0652873864505264 0.03176497526308838 0.07375402688946373 0.0430132838059827 0.07036162754295978 0.08173244523205424 0.04747508474418278 0.02247869948512679 0.01598756609270291 0.0501771514636533 0.0236664645985927 0.07737190876854343 0.04088103113291044 0.021738756774026903 0.052281946714178705 0.06623821482126206 0.03137636490380955 0.02734066688305549 0.058690014167853036 0.01853112223258613 0.03478809986831161 0.04200576464890791 0.060948742905562056 0.045564719651708344 0.04527833191744414 0.07081156487384374 0.026832560719396673 0.04064708799785186
 0.06721449554032274 0.031133523818927904 0.04106972316678162 0.022319797193525944 0.08259188345057838 0.077659805692146 0.06230583998630503 0.019100196344115417 0.05922168066575537 0.054038687620786174 10000.0 0.06414205762562321 0.0700032924558341 0.05082468572386239 0.01803469027420943 0.02389204747770608 0.018732056101982496 0.006016443893567055 0.03394248858803603 0.10247009708008424 0.08371310233419639 0.07735674408705306 0.03371779427891551 0.03366150230940568 0.046349892025809074 0.06088874264860515 0.08244202492953241 0.07204754777650746 0.04459515172690043 0.08163277245329344 0.08810391429803864 0.08468677565327322 0.03147265334016659 0.07071127617143286 0.026666732625323646 0.06280066227855678 0.061021815703519465 0.07494205587834327 0.08125615170462974 0.08138395583317773 0.03613220460242644 0.08456668825407355 0.028978153319339384 0.028529054082042364 0.036515955485763696 0.027967160311329207 0.09956761623959205 0.07130546673779968 0.0692173550758087 0.06516828552185022 0.03683806758181878 0.030707129870862167 0.05096020603546902 0.059456428480605124 0.038783223809978416 0.037470201752571215 0.029649343109081287 0.03461891492575236 0.0699318818843505 0.041942385677330614 0.05363945383315447 0.08490783844552864 0.06771122263480421 0.05215812171201388 0.051730206028581124 0.023129884332860104 0.025447259353788932 0.09847147424628262 0.08568480033404138 0.03317763157460985 0.050086425524830766 0.011331117345506625 0.05505532076733531 0.057267269875346506 0.08672463867656786 0.07767843474773305 0.07003645578332122 0.053712928604899596 0.06742126699355627 0.051502802676929665 0.01749336476025136 0.040828888184978054 0.040479024927281074 0.07880762723512405 0.051640323177305596 0.03383351298748801 0.037035818492242696 0.011090269264139878 0.07159405686665625 0.08836277734893606 0.08440523700678813 0.07361066245060721 0.013693946906549282
 0.04724937409313867 0.04742168542955157 0.02422473668975159 0.06967063998821157 0.027697998767842846 0.01900586410722847 0.022483267269753904 0.04557105778958874 0.018398593874977224 0.01930258539020621 0.06414205762562321 10000.0 0.02931181556577166 0.014654026224185877 0.07159988794123641 0.046395500832659836 0.051352733808839306 0.05855595266307291 0.04176290612812181 0.05556877086560482 0.03849266847610319 0.0427180231904205 0.037135265569425584 0.06142015268104841 0.031472985766756445 0.0036821965705034873 0.018317081658418024 0.033202877691761216 0.04429261404464729 0.026624138857198033 0.0287160992459817 0.02108232787043941 0.03328883592539246 0.0608662389342027 0.05357474510923081 0.03879078311636017 0.027694383154924083 0.03520314814754061 0.03223386670868445 0.020329579572974182 0.046989219632047705 0.03962032193766619 0.0763648748997684 0.043818151515625334 0.05166470838774059 0.053582112714762896 0.04882037492433889 0.007546093446865086 0.03690574226674712 0.007492835569678475 0.05135646826462553 0.05615209710210251 0.04328351687785117 0.00801031618604282 0.0255897811888147 0.026977665971268605 0.03458686914581838 0.030094911544496183 0.029099234105305793 0.05096888643148041 0.04492178504217263 0.030286767884216834 0.06092865903121087 0.0238683994732176 0.06469876947764655 0.06923283282439913 0.04662901879532249 0.05517266071624715 0.024278801360061 0.08609672551286764 0.07950451345084436 0.06034963406921915 0.012093007471035687 0.0343499351552615 0.030876270787605926 0.022928033360373582 0.06716329248797019 0.03075181340705496 0.03681287123781493 0.044227579983547365 0.07249131651545768 0.050083988146610914 0.02646131776387848 0.04191282501875815 0.013123055064323083 0.05246942584954173 0.060184704404746416 0.07300141973617034 0.028533495525859445 0.02673132999817964 0.054791308766290577 0.039932384449737325 0.052244875198504806
 0.07560296898833947 0.06592193262291339 0.03277109263396749 0.08331668064173593 0.016835860502171084 0.045738057637256774 0.00917441571022998 0.05571953782930045 0.014185602880449429 0.018485725803607182 0.0700032924558341 0.02931181556577166 10000.0 0.03710818239991948 0.08316297457464049 0.0612375776749943 0.05221965974680616 0.06400262226317129 0.037308236847300745 0.08284801906121791 0.06719623753372783 0.013441765099086598 0.03631477800630938 0.052128869575932935 0.05549639419671021 0.031104621082322845 0.03410125223115917 0.06250965205233498 0.06773627348469403 0.01642849351698481 0.05281939395288173 0.04056161701308503 0.040841847330112035 0.08868958736324052 0.07040199549555712 0.06700760800927782 0.05612994901867747 0.06450289927594552 0.011899120655117008 0.04472333772289234 0.06745147876494899 0.014785692207118742 0.07042444961953401 0.06070764044904424 0.04191570303212752 0.04818910587142568 0.07530755632973775 0.03272339101856495 0.008647321252022867 0.021868339615748102 0.04148423854438418 0.07437603931479955 0.02633604966334786 0.0234845669134424 0.04051332272389417 0.03708377501749803 0.043755842993680114 0.04451899973657832 0.00021309821058614309 0.07323544896816851 0.07085941695737932 0.018046736548726756 0.08827410471016854 0.018384242832979864 0.08822740611069162 0.08326026653639891 0.045541748221015366 0.08333296699476185 0.04720573898818149 0.08070994776369714 0.1002115481919488 0.06187759607415712 0.03777373820565721 0.015186602836504436 0.057052407489910195 0.014624843565856754 0.09427571395085278 0.057353228303570924 0.009495639375433329 0.06967177870985229 0.08357992880773338 0.03814820463535511 0.04559549982172597 0.07120806824885186 0.03502517580897893 0.044071927015347456 0.04927658669376531 0.07542633103512872 0.057836684204443094 0.048744566398255376 0.08409993957925327 0.010696947496001028 0.05631725881524869
 0.03961735062470277 0.03287520049590913 0.015036290366315192 0.055044737161395074 0.04056816061034215 0.027330048200380257 0.028284192095042064 0.031850904592278406 0.023149349589431437 0.02043134104842296 0.05082468572386239 0.014654026224185877 0.03710818239991948 10000.0 0.05711842758086784 0.03181994413325079 0.04032441172479642 0.0455417244266468 0.03431185304381555 0.05887995679018853 0.039938087429588855 0.050134457727532326 0.028859254293751288 0.05383495877052097 0.01857511199490898 0.010993458248448596 0.03252630603137552 0.030834788422524167 0.03122379795606072 0.03947063526308749 0.03791978738045483 0.033979087966434986 0.021761934486936262 0.052003538212752776 0.03893748892363027 0.031097023550987205 0.02124885213113025 0.03358201264498681 0.04346753140688949 0.03067879814722255 0.03278970468230852 0.05008208319225073 0.06648626978926785 0.029164125310871536 0.045246537069499417 0.04495143515753242 0.05364842889597443 0.020934959241539073 0.04275919924399264 0.019191575154458584 0.0450346500576891 0.04163861498791039 0.04172999678464141 0.01450237414653829 0.012161259231308735 0.015707737310264425 0.02212785502549825 0.01622115029911419 0.03691621783943023 0.037416971131815996 0.033751316572155014 0.04320575499920355 0.05134784019344975 0.023810834024515788 0.05186723400500336 0.05459349064880555 0.036889696751298134 0.056898916213507046 0.0349810015636122 0.07565821473208668 0.0656514499486414 0.048483020844567445 0.004469194253731372 0.03604603341929612 0.03775152757120334 0.03543538806268343 0.057252601337464376 0.020496315811619887 0.04202820708530472 0.03258739281895666 0.05805440710400396 0.044924808279907295 0.011813246320883777 0.03985997959462869 0.0021011515348672693 0.04532039627673419 0.05344972329443232 0.060363371485929455 0.027587246216865105 0.03764970513462445 0.051214462576220525 0.046702541684288806 0.03998063322423155
 0.061853813813435465 0.02785423696569021 0.051481082026884846 0.0061033180348999076 0.09378158861908063 0.08166538375477433 0.07470858899476668 0.02758903058774209 0.0708605182292263 0.06570052029801932 0.01803469027420943 0.07159988794123641 0.08316297457464049 0.05711842758086784 10000.0 0.025377841731245954 0.03532082356598395 0.022253633220791824 0.049586251715070744 0.10045446905067436 0.08287170205954657 0.09204027444668234 0.04799026556515018 0.05168320840673907 0.0466427151328259 0.06802067046665401 0.08964326824903572 0.07111598283086347 0.04000058267335527 0.0927489248222957 0.09151583653098957 0.09063815876648863 0.04246553902749734 0.06182284406733164 0.021117096040536795 0.05965169403072767 0.06113544592986744 0.07375763112975776 0.09367869760446626 0.08598836140056922 0.03164934054823313 0.09794331257290048 0.045404280922929516 0.02882093583703445 0.053881844949352116 0.04551503180556236 0.09900496946476679 0.07801877488986714 0.08368926590673179 0.07431613047511668 0.05416898994066273 0.02239002194002027 0.06713185338806549 0.06862092236571819 0.046390075253304706 0.047284391652791365 0.03976291103396435 0.0417643787360456 0.0830600945267053 0.0348120797846197 0.048383631051368274 0.09626729290643936 0.058454666934797464 0.06480487188781608 0.03974878171744735 0.0072468354103065605 0.041512172477592355 0.09564043140586537 0.0901669054438255 0.04712830902685154 0.03370364110194082 0.029312024585718202 0.06071844868192898 0.07194345913397326 0.08890190589334158 0.0886456128118113 0.059332091005043566 0.053217921307519025 0.08200151004249343 0.04651442848949356 0.001513754512456127 0.0579951377355354 0.04542965600468554 0.07622778382745603 0.05848571551300484 0.05128998399832458 0.05500798652572672 0.024533536842606878 0.07192500317250894 0.09280714657128457 0.07905773916764647 0.08820302905353831 0.029231398577840743
 0.04366405644609234 0.008795739046283203 0.028484812320349714 0.023340099241701082 0.06990882024167053 0.05653939780906671 0.052272548817490425 0.00975051479006593 0.04785693279892173 0.042930496679425945 0.02389204747770608 0.046395500832659836 0.0612375776749943 0.03181994413325079 0.025377841731245954 10000.0 0.026198806657580793 0.02103312227567503 0.034293408745704045 0.07872382432015414 0.06015690530363945 0.07182121569805495 0.03033956981932237 0.04584253564669189 0.02279583914604722 0.04277754855163461 0.06431831819185557 0.04840935224383156 0.021374960693148964 0.06884248911365862 0.06659733354463035 0.06526628984593588 0.021248979031148345 0.048766909803416046 0.009551947323768626 0.038918284889356364 0.03759678300331962 0.051262519746302554 0.07076291267010516 0.06075358462435406 0.013662298253763763 0.07588922223604852 0.049382169575729676 0.004641339372290031 0.04290040450537868 0.036755828539757375 0.07615328252045558 0.052672489102130376 0.06342829307049234 0.049625747436583954 0.043002263441490204 0.01428975340647025 0.0510041006496788 0.04404003601364163 0.021807799000029895 0.024160557693792557 0.018108945596132242 0.0172546009293581 0.06110310039721805 0.02064604187042357 0.0303244751473178 0.07247396573059794 0.04613698195040361 0.04308210065002981 0.034127107591234995 0.022985142351064164 0.028976471734520438 0.0746156875346612 0.06496860327663394 0.05579171835732283 0.04049629806055203 0.02814499376090808 0.03534489452843244 0.05253747008726012 0.06443553452029056 0.06470420962582729 0.04957622490206437 0.030036595677137446 0.061967540394907615 0.028152736760901617 0.026395293243298344 0.04570043276768871 0.0200703809967088 0.05494141911177695 0.03327545765669355 0.04108329747610033 0.04781052351379076 0.034946377457655976 0.0483366444367858 0.06762470169598028 0.06070745891280398 0.06796530696547046 0.020950130710079513
 0.06739767974793781 0.03498271668703529 0.027129012444509874 0.0379944218655562 0.06594716863947231 0.06755916290493742 0.04516897977231382 0.01653672721785649 0.042780951272373406 0.037783560660241175 0.018732056101982496 0.051352733808839306 0.05221965974680616 0.04032441172479642 0.03532082356598395 0.026198806657580793 10000.0 0.013223821416224628 0.015336591136332626 0.09740812659056283 0.07819256915049141 0.05880631362661863 0.01619023039483106 0.019671880160079362 0.04300280111962038 0.04862689840992572 0.06911128328516974 0.0672821496003882 0.046560378969332655 0.06505764216887369 0.07814392447142854 0.07243157566027195 0.01857274883426205 0.07436077886142752 0.03405609415281683 0.06105081768237993 0.05603957711705664 0.07025265037391669 0.06379143551519524 0.07053264096815823 0.03970458252932757 0.06652782311624086 0.026473241865549713 0.029861455411446514 0.01876513846796156 0.011033583295840971 0.09312766157034834 0.05886673401161423 0.050775385932349655 0.05070666315908375 0.01901306657711334 0.03904513948361299 0.03224267495712277 0.045265648520127814 0.028586375470608546 0.024808540239565555 0.018555095379142218 0.025969800119879045 0.052168219642498105 0.04681393259463325 0.0549969432445332 0.06810646213890383 0.07194505473187901 0.03513076252639267 0.06004498964222315 0.038466581877186136 0.006805814560437582 0.09438239843188304 0.07478298616715476 0.03534036675588456 0.06331766862539293 0.009743688209284083 0.04479359573992139 0.03882112027185244 0.07802830960035369 0.06128770671505828 0.07568105549398971 0.050150202162135976 0.04894719202847891 0.05285073524220424 0.03517431653149841 0.022707677297950687 0.03307911358847674 0.0753343194242098 0.040453172982119194 0.016343816371443932 0.021910401836803463 0.02331551873394045 0.06555633929010705 0.0774011492215217 0.08353315031876767 0.055103554675989534 0.006369745918159461
 0.06469229206410515 0.029163968378388312 0.03522083760598252 0.025505091006897157 0.07659511934130595 0.07260646531493285 0.0562895305918814 0.014366474523085215 0.053223587287492345 0.04804522088308341 0.006016443893567055 0.05855595266307291 0.06400262226317129 0.0455417244266468 0.022253633220791824 0.02103312227567503 0.013223821416224628 10000.0 0.028181724617378997 0.09867022492750041 0.07972532084943344 0.07150065689629204 0.027737373001442377 0.03008131844491923 0.04258739832208138 0.055372096894463554 0.07682207580584657 0.0681869197201891 0.042345297460066406 0.07563944707134453 0.08311456144308148 0.07924944199653479 0.025635378123367043 0.06931241874081738 0.0258705123932277 0.059677096986245855 0.05702237999306479 0.0711188733601129 0.07524075519622452 0.07619578476331007 0.034224246767265216 0.07858419843925186 0.028856195863960703 0.02560631935281952 0.03162978653461643 0.023284992547887063 0.0954118489164706 0.06580006610662383 0.06332318351904462 0.059354024035956396 0.03191975730634168 0.030445200919098907 0.04541540646662101 0.053660137093196836 0.033413101052894495 0.031731764661301884 0.02397697622560741 0.02943583768328345 0.0639299335007497 0.04062224816230584 0.051337100528355585 0.07890417051647113 0.06648597621007711 0.04614172964754518 0.05183588147457768 0.02612370574373008 0.019763759651755107 0.09491309450231022 0.08049975631182185 0.034761780091705906 0.05226824836873798 0.008238566967074642 0.049849620527897 0.05138464352418185 0.08200041634339646 0.07169441666650875 0.06931498783955843 0.04999932524740062 0.061539466422381076 0.04916884700155182 0.02201695591925838 0.03577838059028066 0.03565884268896272 0.0753261088269379 0.046245391353521646 0.02903807736571899 0.033150710352238696 0.01498693749098386 0.06741393532220341 0.08317346109913124 0.0816826880378122 0.06773752938320418 0.00773065334320589
 0.06876458325769748 0.042230236362920504 0.01928091984879208 0.05139424707727592 0.05191086592266305 0.05982658140277724 0.030986873752178328 0.02527237623683911 0.029479088541270893 0.02498125849577209 0.03394248858803603 0.04176290612812181 0.037308236847300745 0.03431185304381555 0.049586251715070744 0.034293408745704045 0.015336591136332626 0.028181724617378997 10000.0 0.09319135315953779 0.07419996787881054 0.04347149036343693 0.005632902099442227 0.01977699235944007 0.043580501630754394 0.03980398169384032 0.058190957983846735 0.06447505379896029 0.050953821015727076 0.051095741391180685 0.07014143466500128 0.06245049467900606 0.015925893156696486 0.07811624763579117 0.043586174683430394 0.061227141218034395 0.053797128037689164 0.06735299738143558 0.04906291740590494 0.06196007559781615 0.04607249031773349 0.051373704804899376 0.03526458554586328 0.03642795820535677 0.011081020871056165 0.012080161885170165 0.08783274065032984 0.049226921135396326 0.03545077355257555 0.03931867398465348 0.010931444735021868 0.048506894256034064 0.01761268463668602 0.034511614174962374 0.025258837781242327 0.019547767110368933 0.018348957822085673 0.02519992535533935 0.03727393072205639 0.053266000034516314 0.05813767624499595 0.05390707734997593 0.07625740620210435 0.02144371263752308 0.06791486807785255 0.05167996806297227 0.008532674753887024 0.0910803407108824 0.06601204184444721 0.04538204493246207 0.07435336696203065 0.024729995329991462 0.03849219650201242 0.02350463322588183 0.07119189727438385 0.04755355186224298 0.08090334972494015 0.049698882164679485 0.03361612602698529 0.056164762700320094 0.04963410878996027 0.012077657498199158 0.03163669416736852 0.07324397734470191 0.033656799661078096 0.011025624425484892 0.019137968659156377 0.038194126639373806 0.061712070356051356 0.06849102219775122 0.08329269038495238 0.03976740736987098 0.020561987177590828
 0.04018741893347022 0.07305903845995458 0.0739151527295384 0.09563198401801483 0.07323818654199052 0.0371977755872913 0.07765700474585635 0.08443508167348689 0.07393464467634729 0.0745736707544565 0.10247009708008424 0.05556877086560482 0.08284801906121791 0.05887995679018853 0.10045446905067436 0.07872382432015414 0.09740812659056283 0.09867022492750041 0.09319135315953779 10000.0 0.019219231687426938 0.0954120103347529 0.08771360746672711 0.11262492916717336 0.0561384659480381 0.05571686197321316 0.05070641716393284 0.03048438928822015 0.060468340317083966 0.07258435875870653 0.031040962951060586 0.044155033232321735 0.07957527849303156 0.048267884988074154 0.07947639801800797 0.04080455976244076 0.041701646530826746 0.02755320451345405 0.08074945323519071 0.03832875302842216 0.06884560268952958 0.08835665539590509 0.12386982755486237 0.07415639506413253 0.10410696964756813 0.10353594063522817 0.008396108221271768 0.05032223958076928 0.09122787094548157 0.062042360890926344 0.10388571336692826 0.07827645506392615 0.09847608490886325 0.06344562633492422 0.06920030069046407 0.07415139212474357 0.0789369766737669 0.07143850616858657 0.08264074085871224 0.06627505493762008 0.05251733690779622 0.07485651305387976 0.05135134745255962 0.07905134324232858 0.06957029079186308 0.09466021565145216 0.09514094184575382 0.006330304359728282 0.03672167812667932 0.13220759560768458 0.08750094612848941 0.10394233301407323 0.05477337963674873 0.08991830333716594 0.025876353476586043 0.07102146295708428 0.05586517366877946 0.04875787270655143 0.09148969109969224 0.05418045472078208 0.10186063130028866 0.10355344274383804 0.06434513952579905 0.024229285535840382 0.059638508846497705 0.10419412843164826 0.11232880050710663 0.11337201011043459 0.03186986826027949 0.03611219743771866 0.026235627117244437 0.09341823733691038 0.09532697536579987
 0.026549217222245076 0.055119003681410234 0.054958697068452925 0.07841212748785613 0.06023132819941288 0.022278902791690355 0.06096895884565285 0.06542759575202703 0.05679839515903633 0.05679669680987796 0.08371310233419639 0.03849266847610319 0.06719623753372783 0.039938087429588855 0.08287170205954657 0.06015690530363945 0.07819256915049141 0.07972532084943344 0.07419996787881054 0.019219231687426938 10000.0 0.08031206647882895 0.06867970240920877 0.09352507943507639 0.037394274382001484 0.03799237957330677 0.03847945196638495 0.011797462226710895 0.0433024291438662 0.05940560014134002 0.02147413265492736 0.032816704897872306 0.060377796213778784 0.03850638479881311 0.061758693027144415 0.02406643748731369 0.02270975601353598 0.009125639371913965 0.06707515975940782 0.025353652193256946 0.05127014904086663 0.07481953482854693 0.10465749819054088 0.055666212443590275 0.08517628807000743 0.08438106089891338 0.01613442146225493 0.03460331899940047 0.07520109488855177 0.04555971534076291 0.08496870765446957 0.06113030318701383 0.08040876676689503 0.046011395120138014 0.05000126155849191 0.05502387245976355 0.059717829969226234 0.05222386022752104 0.06698389895635691 0.04974656584941758 0.036380448383536095 0.06225378821528747 0.04074680044229023 0.061150960516900214 0.05588087736401069 0.07750659111541833 0.07595079146193712 0.01705138961878003 0.025815916568953507 0.113046295186846 0.07397299378595837 0.08481714428464869 0.035982618438535424 0.07253278107756624 0.015028764447310427 0.05707489703828524 0.04649578953553506 0.030130239770890365 0.07522398070714197 0.03768201500656235 0.08422601650395446 0.08480598785939664 0.045138705787655956 0.009710869015444748 0.0408397062251151 0.08517413235800338 0.0933234846910733 0.09452346772670513 0.012653112593382764 0.02661722348827856 0.02098586991410195 0.07789227182029326 0.07618470381097749
