NAME :TPP_input_15_5_2
NUM_VERTICES
71
NUM_CLUSTERS
15
Full Matrix
 10000.0 0.05319343975224991 0.051126551692919124 0.06205250769394211 0.05037011627748865 0.013986383594983052 0.020315702937594996 0.07322661656394214 0.044581560616132436 0.044595711532971476 0.056941957602009784 0.03219153509980153 0.030778785063132093 0.03751563169007743 0.04878739922476945 0.04040391667690994 0.0659815846443272 0.05338024907163882 0.012400157090855457 0.04815265580155932 0.016815332310405322 0.029229257410225046 0.07602625194088367 0.06226864775385186 0.05796111697184777 0.06179065307263689 0.050297791212784576 0.045608682427617335 0.059523374391977864 0.06627375850002594 0.07789839441569121 0.03653168062038932 0.054433864429525504 0.04208177420322827 0.042698655880799866 0.05988985934254784 0.06244230084617112 0.009256616783997978 0.05692169068473912 0.06367085175426064 0.03925071286993423 0.04350891054994632 0.05691454314522787 0.04147829255978467 0.07575476495037899 0.05395648944754455 0.039293223873096354 0.08120054835210318 0.006534460301967539 0.049552404875756 0.053232675311942465 0.06688517733288109 0.01779759542130007 0.05587368366435171 0.0286054123416799 0.03808167257054915 0.029460885581088433 0.05489661096168833 0.01757989432528973 0.019310064676283496 0.05041895939553533 0.07035364922205838 0.03755428097865421 0.033178100811837134 0.013949093546152916 0.05003377180062798 0.034134438875805986 0.06521694056715371 0.029122190055504007 0.03938107304326915 0.04801594544218821
 0.05319343975224991 10000.0 0.060572242816130016 0.0490756589032119 0.006018864490913535 0.06258902087369472 0.0714608369690815 0.05137862122609132 0.05607518831594809 0.06110941458867565 0.044178378583366824 0.023017418575575908 0.024983038946471806 0.052147216016082305 0.03826269808930108 0.09245898774842155 0.0772862183504829 0.06715460490531554 0.06549857542893286 0.09627482398230813 0.04027111961306028 0.08174625424071277 0.05184934031935934 0.08961242513273629 0.06976439736056342 0.045124586525012784 0.038520364625160335 0.04977130030989022 0.03488402084148387 0.07583381219462454 0.0542852797091303 0.05754084469905348 0.04373527470611521 0.056371221876604705 0.07742433086045218 0.06854336972137175 0.04852459641893086 0.052606224193830826 0.04277524630946476 0.042673144910549826 0.03934846874002937 0.029417601155690903 0.07362803870187179 0.02386417185806142 0.04550249763138136 0.07951736925008936 0.031955793709015926 0.06181344229464718 0.059307027820112004 0.08902213211266868 0.07450072773588934 0.09327833683950726 0.06965554273888136 0.0493192704268194 0.054945182753268165 0.031120240830226742 0.02397234962812532 0.018915653047977658 0.037000218659664706 0.07170994845075702 0.031354116465758954 0.03617623007614589 0.08738124264126222 0.021566691443195445 0.05835525263555331 0.10187113736546684 0.058653124781644125 0.031773146700106676 0.049567444085485426 0.0836812760232413 0.04003596512908415
 0.051126551692919124 0.060572242816130016 10000.0 0.023494571713291442 0.05459238233657106 0.06458492513053621 0.06785733083188678 0.03563655295248443 0.0066809826476624 0.00814040386516263 0.023011685093372727 0.043594756398341504 0.042059810299338564 0.01384379450373201 0.08416659102565492 0.0820890270175298 0.017489108305887603 0.006901414775999204 0.05780794997647031 0.05881631407377524 0.05768951670258539 0.0604997289164922 0.03913103636448793 0.031762065197289545 0.009312307626272817 0.02700941624246783 0.02400684368808209 0.010810381217989141 0.03463607963159883 0.01673104211457633 0.03969507741092221 0.015362257072731025 0.021314808126638527 0.009054255169228849 0.030245807668657133 0.009356943881624606 0.024470484272827265 0.05947988504678886 0.024415937686635785 0.03148857528500932 0.0217525947437225 0.031186715918196054 0.013430416685431918 0.06940320781545796 0.04453706593479626 0.022788239076984285 0.07331912020262935 0.03842202668512872 0.055626659665961614 0.041848899844936414 0.01636663195217951 0.034448844770094925 0.05213896181292857 0.01672669821165491 0.07707334888034127 0.07174071161797435 0.04753525333681632 0.07569079517372804 0.04263883422935052 0.054596767118195506 0.03126877384468764 0.04600564925914176 0.05635814489950132 0.04492041878892062 0.04031106727271607 0.09078538964328388 0.018561109010453956 0.04375874182413974 0.02218220053975549 0.04492409021467816 0.08464458673316604
 0.06205250769394211 0.0490756589032119 0.023494571713291442 10000.0 0.04330451355422841 0.07601787320113502 0.08150440251083584 0.012699868171085357 0.025061992474793727 0.030215148809434593 0.005746973705795192 0.0409857995836967 0.04039005844465433 0.028796165045996705 0.081234031249967 0.09875722392825426 0.033777262783861166 0.029574377077287987 0.07177405607838185 0.08107097071697056 0.062353914981585254 0.07896667732176489 0.016139301297838828 0.054347654764350585 0.02924484346129935 0.004573815637579277 0.013167175045291909 0.0189850505282663 0.01521842182292009 0.03161349240088918 0.017227932548443008 0.034186236030893644 0.00782131379270345 0.02778546961539749 0.053165475877407234 0.0261424263303166 0.0010116927384422878 0.06848784205468138 0.0066757761706039325 0.008963538573963016 0.02287992955254879 0.02358262856675908 0.035304204646695946 0.06527231886449335 0.02107407368684694 0.04606622631049921 0.07131064971958714 0.019148507828708656 0.06790145779028531 0.06511675043215462 0.03953505226121444 0.05633485864677081 0.06872716376798317 0.0074328529180648145 0.08271885415744482 0.06983892033673571 0.04607947119513219 0.06713265946651606 0.047805771552637516 0.07131864990636928 0.018353462435674473 0.0238731254106602 0.07714596982214171 0.04169186275506211 0.05529234072247583 0.10803785294016778 0.03748484788435836 0.023145334259591727 0.03527730170826036 0.06689078554192747 0.08229226552361635
 0.05037011627748865 0.006018864490913535 0.05459238233657106 0.04330451355422841 10000.0 0.06073567806036132 0.06936982327877451 0.04624982792574374 0.050181246152927295 0.05528430885220199 0.03830562695372008 0.018865769522887717 0.020710748184859407 0.04643905526327895 0.04169021965479137 0.09026837695378752 0.07127087314320923 0.06120097871554881 0.06276425077268888 0.0918781233029931 0.038884337809506585 0.07833230127527172 0.04695445196909147 0.08384972883963061 0.06376940766762156 0.039454357739440164 0.03252950072691215 0.0437986936944323 0.02944169773891388 0.06981510344983462 0.0493955728864455 0.05196031521209548 0.03779111870941613 0.05055396443728218 0.07213013176334442 0.06252789212572861 0.04278648911999968 0.05077555255358483 0.036927519964654036 0.03722263356485033 0.033479216598746045 0.023419780423725323 0.06768799738422306 0.02632917026726058 0.04113889949837691 0.07377148214025754 0.034146321486381116 0.056702887758121975 0.056680109972383284 0.08388152468096209 0.0686633337861368 0.08746270619293026 0.0661861876938237 0.04334869590288015 0.05524723109126921 0.033091629388149635 0.020919815516643 0.02405494912915526 0.033475207867869755 0.06834922577741225 0.02541671336399927 0.0320422440524725 0.08331541811042545 0.017570343814755012 0.05432794177360007 0.09978624297382035 0.05321155209731925 0.02727668428768255 0.04425929079755759 0.07899725801244735 0.04328937908457276
 0.013986383594983052 0.06258902087369472 0.06458492513053621 0.07601787320113502 0.06073567806036132 10000.0 0.00918373030981298 0.08708058285008079 0.05814404509117152 0.057681997234224805 0.07086657060513583 0.04382749428232898 0.04273341674291627 0.05117673419802285 0.04909539236712048 0.030056054468300824 0.0787077600578188 0.06632335376261494 0.010261551616802018 0.05005071339778083 0.022477101722381102 0.027395465685764286 0.08982509637802183 0.07232006293737187 0.07092873755068398 0.075674035870923 0.06413185421549569 0.05952070545853978 0.07297400538226458 0.07918780939571758 0.09173701109861214 0.049624045276216666 0.06837405940684699 0.05553389418201177 0.0521578718614919 0.0731049414239503 0.0763959604175102 0.009986827025632163 0.07080948816670445 0.07742586860126105 0.05318660453729701 0.05687894967742889 0.06930935011275333 0.04629087580428638 0.08923051015298704 0.06493674266441075 0.041744703787091275 0.09516357622194797 0.00906022903016451 0.056524391844624045 0.06510429659519003 0.07692211223695866 0.020407673859589647 0.06985956375630825 0.02205653398024204 0.04094756812897905 0.040152316997441644 0.06043366794498442 0.030183692244119233 0.02012247085573456 0.06386376575085884 0.08340889885111906 0.03890464514515737 0.0445430763876296 0.025137200558416197 0.03932306300869841 0.0469401632414143 0.07818125350913031 0.04284129336458997 0.04495165132108277 0.04776542851235089
 0.020315702937594996 0.0714608369690815 0.06785733083188678 0.08150440251083584 0.06936982327877451 0.00918373030981298 10000.0 0.0930579434929944 0.061715094137236075 0.060423482544910624 0.07661923099075606 0.0519394780762218 0.050691412634634246 0.055075526237242246 0.05773040670517225 0.021009288187102158 0.08062760884042057 0.06871001248462069 0.010051801314172869 0.04429339251803292 0.031550233103077814 0.02093622050092513 0.09595812725722758 0.07147150720637173 0.07328969802880382 0.08157925701858636 0.07022995824704527 0.06407342536626531 0.07977893891382233 0.0813743108806424 0.09775347049109327 0.0525445111638589 0.07405803552860016 0.05892733050953867 0.05130611430905058 0.07583500242785929 0.08196794807722922 0.01894737288113744 0.07671375048586711 0.08369022557536647 0.05897186799864475 0.0638033989921317 0.07091192188510194 0.05546664623620737 0.09598616016745903 0.06508108035978549 0.05078008954476245 0.10060995212175874 0.013886749385380698 0.0536659338304001 0.0661632474335257 0.07598602898229408 0.018067229036943716 0.07496330850791263 0.029375114303140243 0.05002842912184973 0.048591861436442896 0.06961448026663877 0.03770583754726974 0.016647280571373834 0.07068574219780799 0.09066924259783035 0.033333269890925964 0.05277219815167981 0.02754639355382795 0.030430578249976043 0.04953733979292674 0.08552752166970787 0.047044171721903054 0.04160580911840895 0.05629363723647649
 0.07322661656394214 0.05137862122609132 0.03563655295248443 0.012699868171085357 0.04624982792574374 0.08708058285008079 0.0930579434929944 10000.0 0.037719635401313165 0.04274357616029285 0.016545686921037434 0.04876119039881905 0.04860299345880441 0.041423653062510196 0.08681735975209795 0.11086392860051676 0.04302727620611956 0.04120467654534005 0.08350190992041741 0.0937239660257649 0.0716790321424854 0.0914489613776263 0.003496501282442782 0.06534187557967337 0.04010453940739043 0.011485268514268964 0.022951174049379228 0.03164616139228284 0.01721487049781054 0.040647886959842346 0.004707993840535915 0.04688361703825914 0.019159807471152344 0.0404720468036272 0.0656559517691054 0.03658312953020427 0.011904331918674247 0.07901289370521739 0.016344860182949148 0.010165970343711311 0.03408692823829958 0.031621894489679024 0.046392286867619995 0.07082986157785455 0.011046217534455208 0.05770451105920998 0.07764611718028 0.010453059972702664 0.07929651910486389 0.07746603868592805 0.051158452130364906 0.06685224355403858 0.08098267527661691 0.02013230353325349 0.09186348326579204 0.07627605757985244 0.053926288415533624 0.07021658241701643 0.05788346175897495 0.08357793880954732 0.02490717008480991 0.018185815163949622 0.08983729324899015 0.04913902918662261 0.06742186827947651 0.1202274751213628 0.05017493267044089 0.020431391390482414 0.04756811638721028 0.07956106327391838 0.0881250984947516
 0.044581560616132436 0.05607518831594809 0.0066809826476624 0.025061992474793727 0.050181246152927295 0.05814404509117152 0.061715094137236075 0.037719635401313165 10000.0 0.005788255761169092 0.023006315860114042 0.037820606312019625 0.0361843147804481 0.007169218254071369 0.07796411635220873 0.07663554109863896 0.02367955421536557 0.0115344580308526 0.05166578223376373 0.056010050336296906 0.0510444042190463 0.055517768480829094 0.04118581212905975 0.03413868994119757 0.01525654468458946 0.027720626116073017 0.021869843386679026 0.007489805013491181 0.03351231391665161 0.023175746376135127 0.042111003366901496 0.009811131697492025 0.020787824720840436 0.0029698352220209863 0.028349760932149914 0.015959737494790578 0.025934537765342526 0.05284963840827234 0.024155382874124606 0.03186919496374332 0.016737666522943694 0.027086658890888207 0.01771858628168753 0.06344498301497144 0.045461002853770416 0.02433650698684262 0.06707598995959975 0.0420482407436255 0.049235132202710474 0.04055384150016523 0.018636091784462662 0.037449003044208236 0.04651419625268854 0.017668843687106573 0.07039241358262606 0.06549615690859817 0.04150474960942285 0.07037181134336705 0.03603828300928104 0.04902579552520194 0.02852500258424063 0.04554335546668574 0.05244437291055582 0.039208317924466225 0.0342050749852282 0.08552026441044916 0.013198050495416351 0.04259948655868329 0.015542554705127928 0.04184196168682638 0.07837828359917295
 0.044595711532971476 0.06110941458867565 0.00814040386516263 0.030215148809434593 0.05528430885220199 0.057681997234224805 0.060423482544910624 0.04274357616029285 0.005788255761169092 10000.0 0.02858860774602651 0.0418801478033173 0.040128163496614314 0.009624444846087881 0.08114220816039056 0.07410619641743853 0.021610301878508747 0.008856739903925853 0.050402969294778846 0.05111302239093026 0.05285297497719882 0.0523952517227881 0.04623300864072175 0.02866579726117016 0.013385567130695783 0.03316252549971797 0.02765608677808897 0.01327796218461417 0.03928368905257926 0.02170620852664023 0.04700423832232272 0.008072550591394065 0.02645131280683061 0.004743331149222544 0.022951743994750046 0.01545128125256077 0.03113136703515029 0.05329932775100362 0.02979418830126519 0.03741368292703435 0.021832105071158424 0.03247236894835853 0.01379528386533608 0.06709264545113724 0.050907903095737415 0.01872372780002323 0.07020633287712819 0.04628220679440337 0.048647026632664715 0.03500746162439474 0.01339660884361227 0.03217857699704301 0.04428489426792221 0.02294559020384718 0.07153227621272293 0.0686295302276132 0.045168616998427884 0.07475352213226844 0.0382721859410534 0.04670550489504387 0.034248182982670905 0.051267662606388986 0.048282657266757296 0.04333080918206157 0.03295129090355566 0.0827311274650742 0.01088616171331725 0.04837960744674012 0.01669927919689135 0.037079458184215174 0.08142301110004266
 0.056941957602009784 0.044178378583366824 0.023011685093372727 0.005746973705795192 0.03830562695372008 0.07086657060513583 0.07661923099075606 0.016545686921037434 0.023006315860114042 0.02858860774602651 10000.0 0.03524269785336938 0.03464366320119892 0.0254576007373786 0.07559757111948857 0.09431867100097387 0.03590145757150157 0.029656389670302173 0.06700364318022668 0.07856648602304624 0.056711765656427236 0.07505715528447242 0.01968581259102426 0.054676844401546035 0.030214987757153998 0.005155454890358266 0.007426931861796604 0.016026671830411288 0.012095838377169153 0.033947311443405744 0.021252183427136785 0.03130956054662787 0.002622928375801525 0.025422413364503477 0.05134978902106634 0.027631359880827957 0.005769833342793159 0.06312290140814063 0.0015743543425544037 0.008875188784341423 0.017693474944410762 0.01786263927847871 0.035857282678485536 0.059661478830043246 0.022559106017132857 0.04578364275398584 0.06561544493005994 0.024428824798765823 0.06291339544667511 0.06355351508530606 0.0393774680105296 0.05708237868901978 0.0644648458693658 0.00653747852344503 0.07706776159816027 0.06413747222284334 0.04033311774958325 0.06193221898394135 0.0422845885264436 0.0670602727605632 0.012999675770147379 0.022994442337417417 0.07397884605726339 0.035960047966269504 0.05088257188824103 0.10368850955694463 0.03445986047790988 0.021005997944160446 0.031098114265656656 0.0643281634160393 0.07662990062555497
 0.03219153509980153 0.023017418575575908 0.043594756398341504 0.0409857995836967 0.018865769522887717 0.04382749428232898 0.0519394780762218 0.04876119039881905 0.037820606312019625 0.0418801478033173 0.03524269785336938 10000.0 0.002009766129412369 0.0323091505328987 0.041232511059032625 0.07252748620680416 0.061076157618107085 0.04935500994349691 0.04455497327708553 0.07326350704806814 0.023995048429717378 0.05954478971851927 0.05071175544621943 0.0693218470312494 0.052841342266621835 0.038662485881918826 0.027866611543009966 0.03328514592706119 0.03219998897170091 0.060146984926545334 0.05298181643529436 0.03672875924560282 0.03352324813168598 0.03724975618978505 0.05528584937868089 0.052636119019061185 0.04089772825335861 0.03417736277742652 0.034426883730737365 0.038600336660241985 0.022185104704741724 0.017473252629130936 0.05540595531914872 0.025902048714214913 0.047875928872895074 0.05923884648049989 0.030754355282104063 0.05854384996258318 0.03866178586685272 0.06650941999106812 0.05503230258625671 0.07334160660240513 0.04739174058557691 0.03778972623534313 0.04348981531211618 0.029222820517158223 0.0051694592981104 0.03302540580253705 0.014809690423528612 0.049600560241498094 0.023858451940554727 0.04070268985050124 0.06449976041530414 0.0015514363085682224 0.03548688466489705 0.08213397835243975 0.03719417525776877 0.03535856073978016 0.02784010845572168 0.06071016140719023 0.0420075177384178
 0.030778785063132093 0.024983038946471806 0.042059810299338564 0.04039005844465433 0.020710748184859407 0.04273341674291627 0.050691412634634246 0.04860299345880441 0.0361843147804481 0.040128163496614314 0.03464366320119892 0.002009766129412369 10000.0 0.03053343072521941 0.04245429321516905 0.07116751715278274 0.05954877368822174 0.047715335279486584 0.043097244835148416 0.07131557108411676 0.023544036965842178 0.057822767966086555 0.050669197465625294 0.06743478531600917 0.05127313607879661 0.03826341545734056 0.02722814067719932 0.03187609054466817 0.03230132233970432 0.05867064324527749 0.052902744715607124 0.034841582694915704 0.032816352583316076 0.03552624420354213 0.05328881413426613 0.051165738874021774 0.04034983613560804 0.03320924261180233 0.033904302811200396 0.03843809759244887 0.020850995485215455 0.01707431351055252 0.05370995518602449 0.02734841933660833 0.048175763765130754 0.05736167133933086 0.03184379437622692 0.05824089774311192 0.03728157633514789 0.06450026683684379 0.0532271886227557 0.07147773025584732 0.0456703082082552 0.03687714687977841 0.04336680398478001 0.030293082350110734 0.005806434088446529 0.03490546882042669 0.013263222742122854 0.047908949952790054 0.023715787956920486 0.041281662594987355 0.06261247908178445 0.0035536630859707968 0.033617211688196855 0.08078762044897164 0.03525069432102454 0.035954851160177194 0.02588962076093821 0.05872202424797668 0.04314921339966595
 0.03751563169007743 0.052147216016082305 0.01384379450373201 0.028796165045996705 0.04643905526327895 0.05117673419802285 0.055075526237242246 0.041423653062510196 0.007169218254071369 0.009624444846087881 0.0254576007373786 0.0323091505328987 0.03053343072521941 10000.0 0.07160142773033012 0.07074687593956602 0.03043409931858231 0.017842008221195173 0.04505110285601196 0.053346238324207165 0.04399681721119907 0.05028605063863118 0.04478234159108526 0.03749252577911062 0.021992882229443962 0.030543206144074662 0.02216400644100623 0.009831786444948164 0.03419665570462624 0.030120920418503647 0.04601503167943161 0.006316623995021011 0.022927022399342474 0.005278711328599369 0.02756034366692332 0.023050802622955183 0.029531474752058452 0.04570072437073367 0.026269749883764505 0.03417769763823505 0.013547347474321595 0.024431899795144357 0.023367664406070455 0.057470336177017224 0.04789299968983333 0.027383017206269098 0.06067417289429034 0.0470019377119675 0.04233369757334367 0.039929651698363905 0.02274864593969157 0.04128895488281856 0.0405618454924908 0.021463268787367526 0.06323995144379964 0.05909567293155861 0.03554417627595276 0.06525158538674256 0.02910365349998186 0.04312219437742887 0.02758236296507443 0.04655961289361874 0.04852971319363081 0.03377504938364022 0.027725725105459308 0.07982079951003943 0.009104119299633853 0.042938039258524976 0.00840791823012732 0.03911580885736695 0.07192235974710477
 0.04878739922476945 0.03826269808930108 0.08416659102565492 0.081234031249967 0.04169021965479137 0.04909539236712048 0.05773040670517225 0.08681735975209795 0.07796411635220873 0.08114220816039056 0.07559757111948857 0.041232511059032625 0.04245429321516905 0.07160142773033012 10000.0 0.0766258246717713 0.10160179904030972 0.08935349457794738 0.057306911895819324 0.09674036778559986 0.03237788544021479 0.07577725369202755 0.08797272855729596 0.10608826606645748 0.09321291248719378 0.07823360351039543 0.06846439031366772 0.07426868463221695 0.06960733868082661 0.1008797481648987 0.0903967178872482 0.07454804808957229 0.0741942917785366 0.07684054499099084 0.08858273978063019 0.09340860835914525 0.08098492529401943 0.04183187795465114 0.07455920849727077 0.07707584294841169 0.06330301337692004 0.057834354657260376 0.09493669185754458 0.016021263762168867 0.08273495109996983 0.09644964907286895 0.010942060103209356 0.09716332679931027 0.05182054609092139 0.09736588477961942 0.09345627024694105 0.11049294572023134 0.06593864421372363 0.07883166073463575 0.02986314889023875 0.01251532517029674 0.03675650816083509 0.0221409135555319 0.043615955105543926 0.0668307405870516 0.06305311022044145 0.07372707501208596 0.08587603471816152 0.04017311593533054 0.06113659611857829 0.0845257175658707 0.07387087889406328 0.06887337019761275 0.06502509783148247 0.08798448090300404 0.0022056741059923164
 0.04040391667690994 0.09245898774842155 0.0820890270175298 0.09875722392825426 0.09026837695378752 0.030056054468300824 0.021009288187102158 0.11086392860051676 0.07663554109863896 0.07410619641743853 0.09431867100097387 0.07252748620680416 0.07116751715278274 0.07074687593956602 0.0766258246717713 10000.0 0.09213085227680858 0.08145533859915356 0.02828407569109537 0.041136785683895775 0.05252286402453745 0.022702396646390056 0.11395567636989384 0.07799170153833768 0.08581925720866809 0.09941774596886253 0.0884868684965887 0.0803611503639863 0.09881547324718493 0.09333146741363242 0.11556912011047005 0.06690322889069295 0.09170446110454034 0.07369101508054966 0.05923406300387002 0.08890921208168537 0.09933543905573408 0.03994525784058788 0.09461794420601743 0.10199077668270748 0.0770435348775477 0.08314747675140176 0.0822020843936655 0.07601874416299007 0.11483180379515437 0.07394710955879949 0.07077559153919898 0.11755894142971343 0.03388680464201576 0.05706188587412635 0.07668831268594199 0.08209637869906612 0.030185615650104126 0.09178079731419314 0.04694326904201023 0.07017255212523497 0.06941561610841532 0.09019531830653736 0.05798254021607761 0.0276350098172388 0.08983306130707278 0.11018455733276299 0.03296146361525639 0.07344256837927608 0.043468398782773504 0.009639254908019432 0.06358626473484999 0.10517355997316544 0.06350340379927522 0.04537931710857569 0.07496483755944652
 0.0659815846443272 0.0772862183504829 0.017489108305887603 0.033777262783861166 0.07127087314320923 0.0787077600578188 0.08062760884042057 0.04302727620611956 0.02367955421536557 0.021610301878508747 0.03590145757150157 0.061076157618107085 0.05954877368822174 0.03043409931858231 0.10160179904030972 0.09213085227680858 10000.0 0.012763182906485758 0.07076517938679941 0.06192278835415858 0.07433925143924255 0.06958966737066873 0.04621027973691187 0.02414361634020485 0.008446408790094903 0.038228744948616784 0.03932784656918512 0.027997742146550004 0.047975892152367555 0.0024601246598245576 0.04584731716079649 0.029544367413305454 0.03512994520576839 0.025173183300924974 0.03407321561649348 0.008743041375861658 0.0347618882899885 0.07481490051574455 0.037472098883692316 0.04273459830620971 0.039115488053989324 0.04791003170002918 0.009929285761175768 0.08689215141677385 0.053644670110267426 0.020293100169467688 0.09073105619221346 0.04140784016512301 0.06964768758597213 0.04240381666036266 0.015649703309323183 0.024517890908769713 0.06348537386377588 0.029489425094455457 0.09314236972970909 0.08915157668370885 0.06501494726567117 0.09297325392265357 0.05953635463422186 0.06568963834338507 0.04678588076823647 0.05764535604388527 0.06259085632213163 0.06239161089126291 0.05364033836293905 0.10005189842319373 0.03186119677322499 0.05665073008905804 0.038227692579241794 0.04972476525694882 0.10204314991136905
 0.05338024907163882 0.06715460490531554 0.006901414775999204 0.029574377077287987 0.06120097871554881 0.06632335376261494 0.06871001248462069 0.04120467654534005 0.0115344580308526 0.008856739903925853 0.029656389670302173 0.04935500994349691 0.047715335279486584 0.017842008221195173 0.08935349457794738 0.08145533859915356 0.012763182906485758 10000.0 0.05874366265824898 0.055051201598496795 0.061609064765001074 0.05928374875182677 0.044668699164159824 0.025020526722750746 0.004606281154191265 0.03337783789514615 0.030908236458303505 0.017439961902255042 0.04143045961613136 0.01289458480425405 0.044988565815298 0.016859819453155286 0.02808888281240525 0.01256411001933639 0.026230779307830975 0.007493681153959377 0.030575317273934064 0.062134594800506836 0.031104801143908917 0.03791960479594295 0.028007114859641954 0.037850885993311004 0.006554885774026477 0.07495292093727803 0.0506339381644274 0.01652574631562018 0.07844219047821371 0.0427537811798195 0.0572703803325932 0.03700470596994821 0.009978122500281558 0.02757317458128855 0.052069156240097385 0.023232819309895663 0.08038527699261584 0.07686255267063674 0.05300422849082669 0.0818445388266833 0.04688686560960634 0.054398596933139955 0.0381582619111257 0.05260885428193483 0.05379572885266304 0.05074071169888221 0.04140521477356083 0.08979266543407025 0.019383719878645143 0.05053162789196508 0.025474703410631336 0.041632356188069396 0.08971650185778082
 0.012400157090855457 0.06549857542893286 0.05780794997647031 0.07177405607838185 0.06276425077268888 0.010261551616802018 0.010051801314172869 0.08350190992041741 0.05166578223376373 0.050402969294778846 0.06700364318022668 0.04455497327708553 0.043097244835148416 0.04505110285601196 0.057306911895819324 0.02828407569109537 0.07076517938679941 0.05874366265824898 10000.0 0.040226961951092204 0.02736947561929236 0.018494005528950856 0.08647037093349423 0.06271357671943546 0.06333247580740245 0.07201673119729905 0.06079864127112982 0.05412755739474349 0.0707447665814923 0.0714564271560192 0.08820647373014054 0.042503092662008864 0.0644213480651357 0.04887559863118038 0.04249467252919103 0.06582846492692632 0.07226755339199827 0.015571260946812512 0.06716454889258679 0.07430058955157728 0.04944044692966319 0.05494762098155135 0.06111463230125782 0.05227319509410469 0.08686402436795068 0.05579557051037247 0.04890812616685807 0.09083539699341286 0.006262873170391989 0.0463188602193391 0.05651999757688642 0.06728767668598182 0.010146432725665545 0.06512547010353117 0.0319699812912812 0.047895652797955476 0.041849214568218385 0.06610577876516234 0.02984599979659756 0.010015108185744538 0.06170717286598981 0.08196188836694662 0.029108036165794524 0.045565124472982915 0.01749712404792242 0.03792042703547691 0.03951792207589887 0.07691960429564393 0.037077647662763856 0.0346925910423985 0.05618707338408178
 0.04815265580155932 0.09627482398230813 0.05881631407377524 0.08107097071697056 0.0918781233029931 0.05005071339778083 0.04429339251803292 0.0937239660257649 0.056010050336296906 0.05111302239093026 0.07856648602304624 0.07326350704806814 0.07131557108411676 0.053346238324207165 0.09674036778559986 0.041136785683895775 0.06192278835415858 0.055051201598496795 0.040226961951092204 10000.0 0.06495225001697617 0.023381434159277653 0.0971944603092045 0.041729204227687104 0.05832178567241817 0.0835153438091389 0.07540651615356754 0.06254621791943392 0.08739697719376627 0.06382291902043649 0.09807008980517175 0.04727762538767002 0.076121813575507 0.0533147324789723 0.02882195824629682 0.062102234996955004 0.0819359533053955 0.055096619413628 0.07950190328950457 0.08739788799709379 0.06525771851805477 0.07512681916354243 0.05283672774527474 0.08922957799709846 0.10111695105031634 0.041649857607668206 0.08744569974919485 0.09723513455488518 0.045066950723544205 0.019942136059973848 0.046790351012379085 0.044967821305307874 0.030843295727938848 0.07366368496523433 0.07208505804842039 0.08622911847017836 0.07291491408055471 0.10200359235164573 0.05992192808637764 0.030255750170274487 0.07998402761378388 0.09978135294034304 0.011146363590524604 0.07470842578470206 0.03826641836454766 0.045409350285803333 0.044242502056132595 0.09586358297779207 0.0502404984022078 0.014241656238579453 0.09581692639554504
 0.016815332310405322 0.04027111961306028 0.05768951670258539 0.062353914981585254 0.038884337809506585 0.022477101722381102 0.031550233103077814 0.0716790321424854 0.0510444042190463 0.05285297497719882 0.056711765656427236 0.023995048429717378 0.023544036965842178 0.04399681721119907 0.03237788544021479 0.05252286402453745 0.07433925143924255 0.061609064765001074 0.02736947561929236 0.06495225001697617 10000.0 0.04550667959495004 0.0739346099962913 0.07512244409837125 0.06593096396450501 0.06087037452954185 0.04936395363956465 0.04955913736053612 0.055772592899034155 0.07411403664997454 0.07610382410330757 0.045336654311469146 0.05454747741203509 0.049202959175944375 0.056727212566794846 0.0670038663544958 0.06247998575701915 0.012621978286065816 0.056230865060437424 0.06156323389879106 0.04022658769165416 0.040089265685140714 0.06636097513756876 0.02493661882323457 0.07171813274263435 0.06592148981528026 0.022521230199932903 0.08093352293816071 0.021214747258226085 0.06504748613098366 0.06384748600358721 0.07965010457420539 0.03453213030455898 0.05757762464138525 0.020369238747398797 0.021278241855804042 0.019363758802994097 0.0387446997973868 0.015216700811495775 0.03584360035339771 0.04699014898674848 0.06469772538346649 0.054364054030031285 0.024254296718362673 0.028782717664814963 0.061790281611221964 0.04392281115413395 0.05935327397502309 0.03615396324637507 0.05563685783709317 0.03182571932129996
 0.029229257410225046 0.08174625424071277 0.0604997289164922 0.07896667732176489 0.07833230127527172 0.027395465685764286 0.02093622050092513 0.0914489613776263 0.055517768480829094 0.0523952517227881 0.07505715528447242 0.05954478971851927 0.057822767966086555 0.05028605063863118 0.07577725369202755 0.022702396646390056 0.06958966737066873 0.05928374875182677 0.018494005528950856 0.023381434159277653 0.04550667959495004 10000.0 0.09470951066307115 0.05554997535541031 0.06354329616827525 0.08021241189941855 0.07000565060061778 0.06010317909386518 0.08120394875394792 0.07086919279718584 0.09610520943772607 0.04570715990636974 0.072439537047383 0.05254793336311714 0.036536777965819216 0.06677275144543662 0.0796450767028083 0.034059548272666676 0.07557608034708217 0.08328146870568645 0.05867040102441186 0.0664737044756396 0.05967127530641177 0.07043532239359773 0.09665537362774315 0.051245234275922 0.06736500732152606 0.09725867981421558 0.024350627143295268 0.0353110886806084 0.05407259640247421 0.05976600830094385 0.012153388891799094 0.07171901070785858 0.04938787279611078 0.06632370096424621 0.05777568711388165 0.08406119881017955 0.04486575265330615 0.010047188682938834 0.07261468901181055 0.09319298105076225 0.01261194548605915 0.06077392764495117 0.02526272287540106 0.030525219174331583 0.042320412515801924 0.08852894350021609 0.04398679089699621 0.02324382214053893 0.07462262959361723
 0.07602625194088367 0.05184934031935934 0.03913103636448793 0.016139301297838828 0.04695445196909147 0.08982509637802183 0.09595812725722758 0.003496501282442782 0.04118581212905975 0.04623300864072175 0.01968581259102426 0.05071175544621943 0.050669197465625294 0.04478234159108526 0.08797272855729596 0.11395567636989384 0.04621027973691187 0.044668699164159824 0.08647037093349423 0.0971944603092045 0.0739346099962913 0.09470951066307115 10000.0 0.06871879206802552 0.04349922386082915 0.01454975825581699 0.0257380980813542 0.03503282835532245 0.01867133152251888 0.043811096356838344 0.00244114124343712 0.05030084048795231 0.022308730638957972 0.043924121535601865 0.06914969292570786 0.03994232808780435 0.015313155638066293 0.08160251679074335 0.01934023916725316 0.012456246431252468 0.03703001291528341 0.03384982536387665 0.0498002950945862 0.07204236882997084 0.008834794833859686 0.061158345951615914 0.07904330045038889 0.010459391063108744 0.08215801754327584 0.08096232471098194 0.05461456652821256 0.07016352751677903 0.08414758706014525 0.02356977128446657 0.09401778803007964 0.07770679214407009 0.05585703348447634 0.07075451107945578 0.06039932456142432 0.08674296502973702 0.026970234999715122 0.01721984860692715 0.09323871544274527 0.05100058120878079 0.070548266507479 0.1233497143885541 0.05357910928694955 0.020307416077790446 0.05077729446583334 0.0830240296632704 0.08934587170604526
 0.06226864775385186 0.08961242513273629 0.031762065197289545 0.054347654764350585 0.08384972883963061 0.07232006293737187 0.07147150720637173 0.06534187557967337 0.03413868994119757 0.02866579726117016 0.054676844401546035 0.0693218470312494 0.06743478531600917 0.03749252577911062 0.10608826606645748 0.07799170153833768 0.02414361634020485 0.025020526722750746 0.06271357671943546 0.041729204227687104 0.07512244409837125 0.05554997535541031 0.06871879206802552 10000.0 0.025252320101430862 0.05831154671470754 0.05551211266748139 0.0413622456218023 0.06639811112949662 0.02654056799300566 0.068712675910376 0.03259394236632412 0.05307105839447766 0.03334767977748976 0.020220720611529207 0.028784706788176125 0.055357509609620804 0.07151500304323888 0.056121475359795066 0.06287445905727015 0.0504721786183622 0.0611344626049024 0.01904956544361201 0.09334600566575897 0.07528113842665517 0.010117057267547018 0.09523548211665311 0.06510341985071148 0.06376863673057959 0.021943936279636977 0.015588100146826144 0.0046218236122965205 0.053405877776053504 0.04824219008844934 0.09087357987937104 0.0936989909725337 0.07189418740344375 0.10233991605123177 0.06249709359832292 0.05496454827647323 0.06251526849734461 0.07762075136722955 0.04559443589986579 0.07083834877227756 0.04835046600398559 0.0845500065039747 0.032492442460599465 0.07551818778022197 0.04177015880596778 0.032665500567774716 0.1060270153328985
 0.05796111697184777 0.06976439736056342 0.009312307626272817 0.02924484346129935 0.06376940766762156 0.07092873755068398 0.07328969802880382 0.04010453940739043 0.01525654468458946 0.013385567130695783 0.030214987757153998 0.052841342266621835 0.05127313607879661 0.021992882229443962 0.09321291248719378 0.08581925720866809 0.008446408790094903 0.004606281154191265 0.06333247580740245 0.05832178567241817 0.06593096396450501 0.06354329616827525 0.04349922386082915 0.025252320101430862 10000.0 0.033379491085595264 0.0325143665551907 0.020077248354524624 0.04224749693507772 0.00832064531260342 0.04357558321921256 0.02143080264362204 0.028992692409519502 0.016739897004754634 0.02961763343449385 0.0038712876208354587 0.030256504959665476 0.06668487207480486 0.031738972782388464 0.037960643053046986 0.031064831304640456 0.04034963320128322 0.006337701333819966 0.07859576593594643 0.05006191496600487 0.018137238964782983 0.08233008683030188 0.04056682872754314 0.06187621138368825 0.039688326629663824 0.011859978692854087 0.027091337185675135 0.0565650897929195 0.02367814223667011 0.08485202669608166 0.0807503179925927 0.05668514423981079 0.08500301509626432 0.05109650359766485 0.05887243970518565 0.03992355840527034 0.05285417280037797 0.057640477073966696 0.0541837526025959 0.046007702007366015 0.09406711381828842 0.023989626022313464 0.05122068024284006 0.02986219611604385 0.045223686451380654 0.09363450310380579
 0.06179065307263689 0.045124586525012784 0.02700941624246783 0.004573815637579277 0.039454357739440164 0.075674035870923 0.08157925701858636 0.011485268514268964 0.027720626116073017 0.03316252549971797 0.005155454890358266 0.038662485881918826 0.03826341545734056 0.030543206144074662 0.07823360351039543 0.09941774596886253 0.038228744948616784 0.03337783789514615 0.07201673119729905 0.0835153438091389 0.06087037452954185 0.08021241189941855 0.01454975825581699 0.05831154671470754 0.033379491085595264 10000.0 0.011634699101949105 0.0209852343255789 0.01076823703855478 0.036098537805698654 0.01619018866431055 0.03631027617824437 0.007773929228070987 0.03025672959484489 0.05605203000612815 0.03042197555738972 0.0037072452483873047 0.06774475582411171 0.00487024209613563 0.004581158609133602 0.02260754411591042 0.021204657058922917 0.039314499527550756 0.06222397034608581 0.01774901768373373 0.04976069812890182 0.06854045301969489 0.020066234756247237 0.06783037013891417 0.06816986885111619 0.043270452320081164 0.06045295633272781 0.06959888183144002 0.01031593973052717 0.0811723394560906 0.06710109077188031 0.04381629189962692 0.06341629361953036 0.04673311013476089 0.07219421653598605 0.015191477255676017 0.019508773497429924 0.07907289782073317 0.03923115871966349 0.05599982584023653 0.10880307323063222 0.03950059626640704 0.018578032419527636 0.036249779085056354 0.06928570297067403 0.07937490425042346
 0.050297791212784576 0.038520364625160335 0.02400684368808209 0.013167175045291909 0.03252950072691215 0.06413185421549569 0.07022995824704527 0.022951174049379228 0.021869843386679026 0.02765608677808897 0.007426931861796604 0.027866611543009966 0.02722814067719932 0.02216400644100623 0.06846439031366772 0.0884868684965887 0.03932784656918512 0.030908236458303505 0.06079864127112982 0.07540651615356754 0.04936395363956465 0.07000565060061778 0.0257380980813542 0.05551211266748139 0.0325143665551907 0.011634699101949105 10000.0 0.014382765428596756 0.012032978309573247 0.03766888038339642 0.027606311422110588 0.028426040149370384 0.005730215911203721 0.023639669532662666 0.049421200735700714 0.03065608236555173 0.01317661783148423 0.056116934382074816 0.006874459132224751 0.013511764212685821 0.011452253547040502 0.010630050647014546 0.03742297972329541 0.052594197308303656 0.026649961030079113 0.046006731578622194 0.05836280977114579 0.03161369844261609 0.056420667770169984 0.06179179027110697 0.03993322881069684 0.05841026120044966 0.058979928688868886 0.010878537312035056 0.06970505541515234 0.05687100912186772 0.03293540723337254 0.05562383162858626 0.03510454790324017 0.06156680393680925 0.007458498400571845 0.024400390346495066 0.06995052791995866 0.02862808993376629 0.04528186354515346 0.09795553823805564 0.031231352478710468 0.02089570728405463 0.02617997697515046 0.06120515140069299 0.06944330336813094
 0.045608682427617335 0.04977130030989022 0.010810381217989141 0.0189850505282663 0.0437986936944323 0.05952070545853978 0.06407342536626531 0.03164616139228284 0.007489805013491181 0.01327796218461417 0.016026671830411288 0.03328514592706119 0.03187609054466817 0.009831786444948164 0.07426868463221695 0.0803611503639863 0.027997742146550004 0.017439961902255042 0.05412755739474349 0.06254621791943392 0.04955913736053612 0.06010317909386518 0.03503282835532245 0.0413622456218023 0.020077248354524624 0.0209852343255789 0.014382765428596756 10000.0 0.02606194393187328 0.026914893959527574 0.03621212798758464 0.015329668907132735 0.013637118809081855 0.009501908988733404 0.035502242821798924 0.019406634777710475 0.019742718352784107 0.0531471370684824 0.017029657428758536 0.024883764467248878 0.011148955715675443 0.0204162153740562 0.023972939673223857 0.059183685052627936 0.038585598963335965 0.03170248046747643 0.0635284898418 0.03724363311993497 0.05091536302632041 0.04780253546183092 0.025781737023053034 0.04447892416903634 0.05020026653243478 0.011631611484633535 0.06954943545029713 0.06195840780112828 0.0375139604917166 0.06498708495135785 0.03434288466956419 0.05277589204044961 0.02115943047661922 0.038176126741016565 0.05820827756119041 0.03454123059223817 0.037075358719409084 0.0895086442338968 0.018558979183991207 0.035128445062307515 0.017057373811177046 0.048310813371537475 0.07486746338148367
