NAME :TPP_input_28_4_2
NUM_VERTICES
109
NUM_CLUSTERS
28
Full Matrix
 10000.0 0.058455653554774153 0.06356715636630982 0.006407295338629647 0.05571616718324206 0.047423121716933116 0.028833605411506077 0.038190406088530325 0.018818902620839042 0.07000643849768567 0.016789411676703576 0.038247095552924965 0.00718218648448015 0.04884565529067997 0.023572771959166378 0.04294514694325618 0.053309401703424915 0.03092203624943644 0.05275125765808481 0.0398737743653115 0.06172035291584861 0.05755708124278415 0.01881152508654734 0.04431329723341458 0.035946127143647234 0.048650036861459085 0.05500450072350315 0.05979646565443952 0.03657874218573367 0.0134922701873202 0.05240803669049128 0.05343548683500877 0.00835573640933096 0.05305359228573963 0.034533225614437384 0.002951475721793243 0.028817592720926273 0.08044644105114426 0.007618538870114789 0.01932223932069272 0.08491995527557143 0.01600184707434283 0.05562845078744574 0.06136506607963368 0.01551125100621646 0.05551394189953514 0.042609073930941814 0.05608925853247329 0.02493574501699357 0.045672489658166476 0.06425007125333015 0.05505627518829336 0.039672660815468865 0.014960942642211603 0.04160576611004825 0.047627738229513446 0.03242048766650548 0.03258893888966715 0.03389889593629966 0.051745257474508526 0.02202995042989666 0.03166552365169366 0.05774794887589699 0.017993930458492638 0.023472126035023272 0.020169701928649097 0.043655387393673244 0.039250582639312255 0.020326906986629513 0.040339622298747664 0.06774712325434168 0.050494476313975696 0.04723274297741265 0.06041475818937311 0.03361886238900628 0.061409760390529776 0.06780026318982073 0.0641714946952202 0.0652071971562135 0.030865913305151288 0.031049691559475075 0.0401405793336641 0.021948875685434174 0.06917761580578445 0.036722341767522905 0.07031732368314937 0.05103500410599997 0.031107320441671547 0.03885506212799898 0.05308648176652781 0.07019758553391495 0.024296545634162406 0.06430569070463416 0.07267425573295822 0.05055786763264053 0.059909661936531015 0.04433751910275401 0.027724015999432656 0.035190931400203775 0.05862085194155521 0.02273590627560371 0.05024192113031666 0.02651413059874671 0.01721991602988325 0.05429552028710629 0.06733443406301577 0.011416774680253535 0.06759312541058528 0.03974575170473673
 0.058455653554774153 10000.0 0.023665558640701995 0.05296390277512815 0.03616223265808801 0.05633788144141917 0.07090931362580379 0.05348710657663692 0.07638187319154391 0.012511159525779617 0.0750842365337764 0.0800156923167804 0.05526958162913816 0.032918206647685064 0.052252500413446604 0.0521900403938234 0.048740989598132896 0.06369503241097861 0.026399723216026034 0.0653896018800393 0.0863851902321816 0.0762027480807093 0.04304582298712602 0.05012926551675505 0.04553865282149707 0.05001522779079083 0.0757374308019049 0.041445148568916075 0.04134198645432246 0.04501251559646062 0.04653549996415462 0.04621089039936883 0.06016988102528259 0.019555628494093154 0.07816357318993629 0.05751819215600573 0.08254792837844933 0.0356284561822216 0.05395222916510512 0.039133645804813454 0.03549265547175083 0.07246019977929193 0.004409571947920324 0.018212455184349337 0.07396508068410235 0.028745525729800325 0.03354124022016679 0.002401758986275687 0.06730634926757766 0.03536437223859265 0.032253963619671124 0.06625526508815761 0.02506987289423296 0.06913371830445948 0.06885103244328022 0.05664618143874845 0.04128083657144912 0.060046574616708245 0.03594157782964109 0.04816129846142846 0.0542982648173052 0.08137714707736403 0.048930230678041864 0.07577147159199396 0.0351976694820687 0.060063910360746146 0.014894566139830506 0.020963340605389433 0.03985651270432304 0.02331367171326642 0.009453594218945148 0.06920748682126704 0.019732223414034116 0.0027367527631629992 0.032404300430812445 0.04762132944567202 0.010756414512815332 0.034127759587426566 0.017144199294143896 0.040372639530255924 0.08597247618322508 0.027814725389688 0.056427282311977384 0.015990176428119184 0.022491668610276804 0.05660494339158028 0.021367590205793027 0.05491660848351222 0.061073118079250165 0.07937322174369871 0.02912061852850158 0.05176575337675017 0.0220303921085619 0.04477931635227281 0.04872287876712941 0.02341390858373424 0.016279723897164127 0.07088214934206274 0.0703793529008462 0.045207064145223796 0.05944867889168387 0.02442543103739446 0.07028794355849843 0.04123884094269117 0.0185861008775037 0.04151890459631505 0.048080036011352356 0.045758513571271774 0.07172089423674768
 0.06356715636630982 0.023665558640701995 10000.0 0.05722075292723315 0.017389688800562523 0.04207047713969883 0.08358518070996462 0.04304811800094343 0.08238099999851435 0.0213417834897401 0.07845453491592481 0.09349898041715769 0.05812831635332614 0.05444963650297177 0.048443974343419356 0.07125547531589246 0.03146741797248867 0.07832887095375395 0.011932956208916904 0.08219565831963448 0.0718982651827769 0.06102626180266932 0.053799279702155124 0.06968668222527759 0.06322850281821053 0.034851614805812794 0.06137030125096996 0.020867661320280007 0.05932487494865936 0.05179727912575398 0.06805281452198311 0.028739956647669988 0.06809587920733305 0.010796106243646408 0.09090843282152493 0.06373610930899161 0.0811076844084887 0.017017844411615732 0.05701207266219985 0.04623615369114639 0.021597086292354333 0.07934745476965051 0.027181322905648533 0.0054620678049082435 0.07809470238407516 0.051706392609861346 0.023870198600299878 0.023438699604738822 0.0795077963175701 0.02297171971250019 0.009113917526935212 0.050258692699536714 0.043001778617157906 0.0698311671348582 0.05829739970510627 0.07634077471610565 0.05789472034962884 0.07564497055258874 0.03132654845338495 0.06943584576405414 0.05093985539975911 0.07785964234645928 0.07116467475866048 0.0782319256208988 0.0414860536695134 0.05726253256666621 0.029435857398685466 0.036683701973254774 0.050106382179460576 0.023560971415847433 0.02698395527597039 0.05532704410673662 0.016794409648850837 0.021760851769684474 0.03025208063734321 0.07043969342806151 0.03061174774926092 0.05773225553809722 0.008234797868287357 0.05637957699456072 0.09414993180436633 0.023586091643943752 0.05294917874505204 0.014049828422764796 0.029548981432896696 0.07981774048463375 0.012552111314979372 0.0706435024204912 0.07820550264825572 0.06642734741447855 0.007092334171635895 0.04769362764105998 0.0022469534221537637 0.06844475915146367 0.06972636578257511 0.0470019019971994 0.022540745728607585 0.08320459248477231 0.06260135523941998 0.06781297464718748 0.07223385962125296 0.04643974172824624 0.06604449814875316 0.0481518811760595 0.04157443984071309 0.06510551862977007 0.05215065515091801 0.06923920028238079 0.08745711553203606
 0.006407295338629647 0.05296390277512815 0.05722075292723315 10000.0 0.04937049882181638 0.04225922843762235 0.033512816756032175 0.03306080393142876 0.025167146153391277 0.06425871486892522 0.022173487921009944 0.043303932662863365 0.003720597896378115 0.046355113431363906 0.018597604166476656 0.04330866702140887 0.047434646574400184 0.03406592072434474 0.04635095028769178 0.042525882306581914 0.05903858269420916 0.05392216329085373 0.01641624906196141 0.04430033051858652 0.03545764790643004 0.04295037822810481 0.05153328356470069 0.053537180349906024 0.03534557587961349 0.008896639223801812 0.05152763338427932 0.04743069426460592 0.013252069539191232 0.04675509813600753 0.039727492353688665 0.007481708131177776 0.03161455531760989 0.07407430357470866 0.0028568911543122018 0.014108982669179898 0.07861837889548158 0.022402108607459014 0.05035905124452342 0.055116083190317536 0.021288604671506384 0.05244333792535371 0.03623169529321005 0.05057705587126899 0.0293965733383564 0.03933523815211984 0.057843243926271624 0.0504771306912497 0.03581623418515255 0.017387725641924954 0.03837643455978256 0.048381283959371545 0.031102949610649546 0.034912273259906694 0.027520931967921686 0.05110674442049646 0.017512767104096282 0.03308063391645376 0.05689082581188263 0.022825335424321136 0.017771935499513933 0.017351264286871802 0.03832193070618594 0.03454085907090357 0.01680591379152702 0.03409749530154584 0.06233840098865052 0.046556534316762606 0.04097607178310363 0.054811681670170344 0.02721737809165135 0.060191201511049855 0.06260448947963103 0.06134572506549875 0.05903152564043335 0.02929430242244486 0.03743963231835739 0.033755658408130385 0.017947600200440065 0.06313982123284971 0.03088416278684251 0.06954674296408102 0.04470273247618922 0.03254137845521267 0.04088809649768828 0.050319192446279616 0.06382086371284654 0.019225525307419937 0.057993866598223774 0.07045742000924955 0.05005154055978458 0.056203870983635204 0.03838884951968573 0.03252681459803919 0.03297666601581636 0.05727307751516838 0.025708896485393925 0.04674990000341452 0.025726190107005654 0.01212368726422032 0.05022108326149692 0.06510568504734858 0.005121420968498991 0.0658016388136067 0.04340898729664773
 0.05571616718324206 0.03616223265808801 0.017389688800562523 0.04937049882181638 10000.0 0.02494467491531593 0.08002724714694948 0.027370647952752857 0.07395393979501688 0.037786147767198255 0.0684812894662071 0.09017182528524606 0.049220619032763806 0.061049831715230034 0.03614640020135168 0.07408186878932788 0.014082600858187924 0.07666131464673287 0.009896951191333365 0.08226198317676725 0.05452449789410511 0.04363982336729437 0.051086756301631175 0.07311252322598664 0.06524028918865554 0.017690819181851426 0.04403154187400282 0.005864007783089021 0.06191746575922392 0.04640864443778778 0.07384880732903981 0.01135337593846067 0.06187818857319836 0.0166639748631088 0.08707955964968529 0.056646336207324156 0.06815991871008989 0.02915539196352042 0.048353839036167225 0.04194613161880443 0.03593328385742378 0.07168291090077586 0.03829467718770157 0.020660183908020706 0.06863130729838393 0.06050176441332879 0.013262046933936896 0.03494232237195412 0.0757811573555307 0.010049292460908028 0.011116749908433001 0.03286996195342046 0.04743644210643121 0.058634941072882196 0.04189067618208033 0.07957893008187353 0.05940241777990448 0.07495947265940207 0.021902391338645875 0.07485247198023309 0.038663077922397524 0.06392975542316337 0.07785314868186592 0.06769269502192302 0.03754129691289229 0.04477153728597438 0.03485962678323989 0.04069735399865334 0.04751877657237786 0.022203674418748626 0.04218157205666116 0.038087639155926084 0.01899044267416234 0.03519776650215176 0.023272707806206487 0.07816037275165244 0.04537213399529837 0.06802019761457383 0.025043300348264973 0.057521196451995625 0.08674117709414958 0.01839350826534146 0.04040517996667144 0.031128000435663456 0.029952066103613114 0.08815978753419616 0.015293683861159084 0.07037627161698261 0.07877046370118236 0.049253721013304635 0.02011857233449884 0.035311657860060214 0.019560874382424317 0.07918171880525732 0.07479003429320918 0.057584469968667285 0.026375928275303332 0.07938255893321736 0.047172604423438326 0.07523933483963915 0.06940948651474821 0.05425189021706721 0.05220240566238475 0.043399463799777716 0.051098541316555654 0.07509550817537418 0.0447620389907102 0.07865814762021874 0.08631310569018703
 0.047423121716933116 0.05633788144141917 0.04207047713969883 0.04225922843762235 0.02494467491531593 10000.0 0.07577157458896021 0.009233092564459727 0.06252629035109239 0.061060592062053075 0.05491087307126583 0.0855210528191834 0.040251215115442066 0.07241634162547098 0.023850402134530522 0.07942002097635152 0.01191833966927634 0.07549613383446215 0.0317349955280162 0.08311885177018082 0.030297138447801353 0.019868363282290538 0.051800807330057014 0.07933254263989574 0.07037292811301886 0.007253925653325092 0.019616217765849313 0.02400751961926068 0.06820293721346246 0.04407869861838479 0.08308022900292342 0.01426010501515347 0.055396385535019105 0.03788690807610008 0.08188325058955663 0.04949726970899817 0.049332546123558335 0.05338738439923635 0.04002255163338489 0.04248679226007443 0.06052363583746581 0.06171840410404352 0.05705862730786448 0.0444228794914152 0.05592900456815436 0.07448238428759826 0.022896111816702196 0.05449553847619605 0.07164050162286324 0.021071124317390715 0.03581571807052899 0.010480352666689534 0.058083432112828765 0.04388309198958515 0.017851937010245646 0.08501981277186724 0.06458856917716874 0.07536593216937988 0.024208427838872018 0.08352060846916497 0.025547253708216266 0.04357020003865209 0.08793051497772363 0.0532025777734263 0.03996089218153728 0.029584562724978024 0.04916474296546126 0.05218433281928821 0.04915649357905412 0.03484329674309957 0.06411360485122194 0.013310726341461607 0.03662118550323692 0.05621452977836042 0.028354912011252443 0.0895252279772747 0.06671874060930019 0.08316172953448675 0.04912193446312889 0.06248596177872259 0.07603304405134279 0.0295593165636767 0.02615416540675756 0.05520915750310143 0.040694503839631274 0.09976070937751276 0.03556489712421089 0.07182754320187763 0.08060968336305586 0.0243570568435584 0.044976670623516575 0.02313671028236903 0.04413989441475733 0.09424602420237553 0.08300837624706238 0.0738115273766574 0.04186072462872107 0.07478174716927961 0.024944035005695846 0.08642661661524798 0.06726409232031205 0.06774896968599001 0.03293572263614551 0.04283365822695233 0.06679671782774771 0.08945520374356149 0.039535457468147565 0.09211711262538254 0.08513574216537369
 0.028833605411506077 0.07090931362580379 0.08358518070996462 0.033512816756032175 0.08002724714694948 0.07577157458896021 10000.0 0.0665719214407913 0.02414964933776121 0.083416618660319 0.03224074721023654 0.010146111410064627 0.03578784169533453 0.04703923179395849 0.052050893545220196 0.029768576763046575 0.08034697884647306 0.009769088097569411 0.07468681367559428 0.017185598898241197 0.08985953861670255 0.08630254660234675 0.029793272795997795 0.03243046630443337 0.029211156960482845 0.07616921159883927 0.08369427930709548 0.08491381332100201 0.03280838558489825 0.033708217326572344 0.04249806604067411 0.08003186254377229 0.020532292516622922 0.07282537823108431 0.007350631102719028 0.026415558264379392 0.04915623023551275 0.10046075805816866 0.03584005201626983 0.03818513081291948 0.1033839881097963 0.020609936636628735 0.06694365402099524 0.08000261446834776 0.029666919888492557 0.055199766347651134 0.06684305097982698 0.06890614218415887 0.004259630725336227 0.07037191122091896 0.08662687141851028 0.08380961352702095 0.04633641410937456 0.039528286528577684 0.0702491304948682 0.03145033267599159 0.030874016407057052 0.01460892093746198 0.05852787916851121 0.04087988385671446 0.050730387357378025 0.05487032729393857 0.04678425625649779 0.035203317203525895 0.04279380201331136 0.04888439692156432 0.05690352963289548 0.050025931290000485 0.03349279620727398 0.06040043810753616 0.07886091443124212 0.079318285915504 0.06686495534385688 0.07345544969686224 0.05675715663196829 0.05152634468463185 0.07750972421531276 0.06143637950015212 0.08277026998323368 0.031139790317850597 0.021872421916364973 0.06227585495900193 0.05076759727706256 0.08511416490612084 0.05406391169944902 0.05737759234529153 0.07143835649035409 0.018393943445243467 0.01935866860927521 0.08136537522376773 0.09064706740734553 0.05270889798323198 0.08368854645409121 0.0660696159147721 0.03934643368859655 0.06209816588491534 0.06144825483559317 0.0013678752997465017 0.06328475186108709 0.0497359075670407 0.011526724770944713 0.052879130224522244 0.05362169596474935 0.03663536706337763 0.059155969652852025 0.061356937746448265 0.036671784964169125 0.05954263942772844 0.012867086181507541
 0.038190406088530325 0.05348710657663692 0.04304811800094343 0.03306080393142876 0.027370647952752857 0.009233092564459727 0.0665719214407913 10000.0 0.053541223887151344 0.05995906225547236 0.04618281337867998 0.07629838521573856 0.031018125348948426 0.06578610020440478 0.014617640800227632 0.07127829674631557 0.017704363834296022 0.06649153801374326 0.031551663670663206 0.07427744448037747 0.03365535352247164 0.02475989570121125 0.04329425253094846 0.0713602610255252 0.062307655082500246 0.012226710892033013 0.023434726895087517 0.02836006524320777 0.06040446594304377 0.03529361637204115 0.07571924298013555 0.01910580097651679 0.046172446777734244 0.03668575237600192 0.07265421694822694 0.040271221447835 0.0421089055736627 0.056524088420970925 0.030796162203374822 0.034222619975548874 0.06318623459913361 0.052593128966462656 0.053516939863856014 0.04430711105554323 0.04706793943576005 0.06860503906554656 0.020492929392501313 0.05141987167311628 0.06245406695422135 0.020200636900159587 0.0384556866174682 0.018087384449500005 0.05162164133355951 0.03526830958883038 0.015600880931560965 0.07684017343369343 0.056629344755585426 0.06652231254358772 0.018455801164390676 0.07602140808523486 0.016363682826384885 0.037089384378401785 0.08071668362148703 0.04463793492147228 0.03221313077959291 0.02079795046310237 0.044261503278101924 0.04620321079894856 0.04087476525959008 0.030619778247707452 0.06198428370259403 0.016984276481233244 0.03401038212755414 0.05380429462760762 0.02262626216640373 0.08262773820019279 0.06416926798031886 0.07751764493492669 0.04910271733080074 0.054522730462938644 0.06702905139873688 0.025710188049334275 0.017107322116880274 0.05500452332704829 0.03519957795834812 0.09281741973973615 0.03417548117989975 0.06314305187365742 0.07190465648450779 0.026028485018970246 0.04721422461385397 0.013904930917354695 0.04488751503030352 0.08841952854447634 0.07541308950367434 0.06873624532857874 0.03789335282509027 0.06557245617421237 0.01980599136977254 0.07952003123067106 0.05822082463896397 0.061867946230494 0.025700162413165025 0.034355962641845754 0.06169632324671104 0.08345355223405483 0.030502421302804665 0.08579420167021383 0.07608823035049242
 0.018818902620839042 0.07638187319154391 0.08238099999851435 0.025167146153391277 0.07395393979501688 0.06252629035109239 0.02414964933776121 0.053541223887151344 10000.0 0.08824661268588631 0.009229269689709408 0.02978149820573155 0.024747290630183275 0.061683626007775424 0.03949839230217144 0.0497963114795714 0.0700979578007521 0.031667118216743916 0.07148089214465225 0.040615628138371405 0.06999501724489442 0.06849392639329574 0.03415526104683814 0.051968514961007364 0.04555800966847212 0.06505040543449774 0.06563593357022114 0.07768801990169603 0.04770457597600164 0.03158817724250196 0.06154779642716386 0.07058394702097041 0.016594584178197008 0.07187074817391899 0.025971164442991496 0.01902644174378111 0.025574056585333453 0.09924082748196535 0.025683385092345298 0.03752850888715388 0.10373644676218556 0.0046378725217212455 0.07324789616580567 0.08016323972671799 0.0071357803060260565 0.06924901822194314 0.06103250473530685 0.07405963718688847 0.022496789433025053 0.06391492321956216 0.08286201613354889 0.06847722960597225 0.055395719647807935 0.019566691962200525 0.05244614376298023 0.053029684395584795 0.04415201917872833 0.03556559142977945 0.052359666644551876 0.060351940869762 0.03735180165864853 0.03201504447838509 0.0665388232569469 0.012119895764359213 0.041964371894371334 0.03299960309193271 0.06148852875611392 0.05629303047790009 0.036820635766410766 0.05914142809011861 0.08549410687485565 0.06250156943002734 0.06603810551888419 0.07848896483346232 0.05235245775272643 0.07089149570175426 0.08520701444929128 0.07714718238630368 0.0839545204329827 0.043256582112737446 0.013511668730337623 0.05891785601810963 0.03643394966503215 0.08778760178750343 0.05521290822387982 0.0783530924700415 0.06985256417774853 0.036851456164980895 0.041651248759656145 0.06202549729470116 0.08898601526134665 0.040326635328510434 0.08312425719326512 0.08408702302620256 0.05892459739338491 0.07476212211066072 0.06290404210558453 0.022788259166718332 0.044292299582168175 0.06852863787192398 0.026414608829071227 0.06495504424209873 0.03382311188835135 0.03542203583433935 0.06995607779085497 0.07892378278991818 0.030231885977767207 0.07818144953587683 0.03701073287808585
 0.07000643849768567 0.012511159525779617 0.0213417834897401 0.06425871486892522 0.037786147767198255 0.061060592062053075 0.083416618660319 0.05995906225547236 0.08824661268588631 10000.0 0.08643141254653831 0.0925211446069719 0.06627573736550439 0.04404573666950868 0.061250588226986716 0.06406567027773111 0.051642281383133454 0.07617974561194343 0.029353433672734595 0.07766382895850207 0.09134268521947589 0.08069695834816917 0.05532678074278878 0.06186938025959697 0.05779401280500224 0.054130718982797026 0.08067210084743785 0.04200556910732842 0.05358525763849643 0.05670165054692949 0.057362216764828555 0.048937025262376754 0.07223028412018055 0.023338029420451965 0.09067408161346001 0.06927158337241737 0.09273734279311203 0.0272167967112994 0.0649854945005627 0.05076772474605096 0.02507051625622941 0.08444601995064178 0.016645873739008846 0.017130654301088746 0.08546348951146625 0.03862684950173408 0.03946686751930464 0.014554491101340904 0.07979863800049994 0.040226442121580434 0.030380670986890224 0.07018079588199617 0.03750638969464575 0.07978115500757392 0.0755594543680525 0.06826497739675791 0.05370624302392702 0.07247957331825047 0.044032935126185516 0.05912081315487839 0.06349564682798199 0.09091884767980152 0.059121940801913006 0.08692034767242598 0.04654971794133963 0.06955825417362414 0.02702187779111155 0.033435121248336586 0.05203787672494236 0.0320395104896666 0.007432707299758965 0.07432812385647537 0.026463790775080997 0.009991066422603445 0.04115017201439864 0.05715044593208087 0.011217238182119059 0.04204393983710496 0.01310800083858044 0.05284755695628341 0.09819463145127079 0.03539898959035012 0.06563092420983252 0.007810297212164057 0.033380150510233686 0.0652840515405275 0.025808320833545482 0.06735588310178318 0.07331710697605397 0.08507895623327076 0.023990181235000303 0.06066168191115071 0.019130393526630374 0.051572079640375926 0.059836177486726455 0.03196285521687866 0.026094089660323717 0.08338195382376795 0.0782681475036576 0.05506747841846898 0.0719489475242882 0.03551775171925973 0.07946526004851132 0.052881157738583574 0.029005658436898316 0.04930852554092488 0.0592465690008705 0.05391587123169589 0.0841068843875712
 0.016789411676703576 0.0750842365337764 0.07845453491592481 0.022173487921009944 0.0684812894662071 0.05491087307126583 0.03224074721023654 0.04618281337867998 0.009229269689709408 0.08643141254653831 10000.0 0.03875226485268572 0.020446423574350423 0.0644287478980729 0.03285502924877874 0.05514268467059507 0.0632953330692373 0.0385952587550221 0.0670855446353339 0.04781348691580581 0.06082964908296138 0.05964052760310081 0.03504590012279609 0.057034932037997796 0.0496863399743279 0.05806113574777803 0.05674963348440084 0.0717476507641969 0.05117469160630871 0.03025639357450984 0.0661159571133479 0.06403460216700059 0.01890269557288095 0.06828740199853998 0.03489100175806406 0.018398102627199778 0.016916101824037817 0.09502365287045687 0.02165696754868441 0.03600640479106043 0.10001670715045177 0.011648455560914046 0.07235625141587607 0.07678126115449159 0.0025922775168724693 0.07151634221047115 0.055999934780574294 0.07270447606954725 0.029890599462202926 0.05855805437913742 0.07801548073346536 0.06019095116822527 0.0562506987166059 0.011092910754419158 0.04371191371944302 0.05896599971763984 0.04726128492634191 0.0419330856448455 0.04753480268960803 0.06513693426590293 0.03050151889673926 0.02293619856920438 0.07130671389324304 0.0029873567776874197 0.03992656798858814 0.025387155559703625 0.06035163992780074 0.05603796931049997 0.03696540973989661 0.05588061008576062 0.08442394749809475 0.053902818673270465 0.06268051068268123 0.07696917929393543 0.048203693859264325 0.07539114312193959 0.0845543440317538 0.07990674571301329 0.08086588599854304 0.04601475115076636 0.0219827781590587 0.054873671816361234 0.029251458338678503 0.08517211569484158 0.05305408247807079 0.0835294971886666 0.06609419648777173 0.04230007290629785 0.04824993419566344 0.05294101655586958 0.08477132257411223 0.033704466312184454 0.0794139254170295 0.08773483462690897 0.06379434547317248 0.07632106582535672 0.06051900365302899 0.030875857679585995 0.03537511709740165 0.07281573013326302 0.03209873291846165 0.06657183685994651 0.024856229659233568 0.03392465574311631 0.07090880430417332 0.08245456958369568 0.027204755703017846 0.0822120745153577 0.04504001678661376
 0.038247095552924965 0.0800156923167804 0.09349898041715769 0.043303932662863365 0.09017182528524606 0.0855210528191834 0.010146111410064627 0.07629838521573856 0.02978149820573155 0.0925211446069719 0.03875226485268572 10000.0 0.045344054686801964 0.05405645111183882 0.06171451722476407 0.034745774041078085 0.09038173223751439 0.01655219839395724 0.08476176177897876 0.019578567551338705 0.09826703568136542 0.09529871377777513 0.039774169259881004 0.03756506512785389 0.036445920770200674 0.08613103515416273 0.0926167359538999 0.09505795068641949 0.04040781461013357 0.04384897504192856 0.04737021643691031 0.09010933235073182 0.030126076383576058 0.08276502347971901 0.0039047263152714616 0.036029256635536 0.055354313004194196 0.11031790667960338 0.04550344248536248 0.04831054681951117 0.11306066674125846 0.027361551958971445 0.07593719966688157 0.08980388979955138 0.036314158865081915 0.06219656182452864 0.0769891564174461 0.07809421748957483 0.014400493864451023 0.08051647639140024 0.09670101516268356 0.09329794044452633 0.05513263770807957 0.04743249378071494 0.07916173716855208 0.034856961580945686 0.039168865071700726 0.020929282754422848 0.06866612078805288 0.04553428079220748 0.06026988101816633 0.06168815350806567 0.05095277804832182 0.04172940689766799 0.05289854340217641 0.05798603181223217 0.06634091102235634 0.059301757234293706 0.04347622666941902 0.07042425028942614 0.08764413166382512 0.08850742387309786 0.0768248293329715 0.08261545429131051 0.06690086438748098 0.055802083381654315 0.08606472126561339 0.0675438424594509 0.0924405368586593 0.0397645039866934 0.022541293209421574 0.07238918105216427 0.06016635223954936 0.09456758476086607 0.06395233926290303 0.06015033869089287 0.08143107049796003 0.025742958684646114 0.023310545436629467 0.08991377686050564 0.10057417564320091 0.06240038857504292 0.09354433930015112 0.0708247994091812 0.0440051041359304 0.06944634991509704 0.07123918510697795 0.010887102717034393 0.07182820864352393 0.054473560498364985 0.021265415167326725 0.060654742759994926 0.06182279468510269 0.04677703672082325 0.06717650673677848 0.06649378734925875 0.04667852258390287 0.0640682098928409 0.012352947342417117
 0.00718218648448015 0.05526958162913816 0.05812831635332614 0.003720597896378115 0.049220619032763806 0.040251215115442066 0.03578784169533453 0.031018125348948426 0.024747290630183275 0.06627573736550439 0.020446423574350423 0.045344054686801964 10000.0 0.049953698761787346 0.016402378812257454 0.04696066255572343 0.04622943070891903 0.03706188744352888 0.04693958752323052 0.04570977746185011 0.055716406715525066 0.050950546557932776 0.0201080278878338 0.04798739092206128 0.03916661841944283 0.04150966355590477 0.04848729927698076 0.05307812325254247 0.03906401134178609 0.012287008196336551 0.05524814749344367 0.046432288773273815 0.015262308870201137 0.0478688425745913 0.041661411643159785 0.009373777861068008 0.02835813878670392 0.07482552630009764 0.001333832302313342 0.017002402426955995 0.07965134332018764 0.022598858395073786 0.052859618235404034 0.05634448719477613 0.01996638605515059 0.05591894624905261 0.036291259414514596 0.05287161416936335 0.03178547374822988 0.03917636906360398 0.05817315400820635 0.04802242543984291 0.03911110424912644 0.014227917595498837 0.035210536634926605 0.05199136854408376 0.03482119145479455 0.038172752904889355 0.027635540790275845 0.05482557428701385 0.014945835842275358 0.029488829233267087 0.06061128173669424 0.020662725641809192 0.020163601350764022 0.013938800754487543 0.04082274046285184 0.037473626143253023 0.020330275160055665 0.03543538951535625 0.06469297033041148 0.04372167594144041 0.04223595402592665 0.05700595269279473 0.02789704033009744 0.06390326602107453 0.06512854427986454 0.0648642073508511 0.06041988724751043 0.03300599605059892 0.03761478140124304 0.03454679411517247 0.015052867096168314 0.06477057297569008 0.03293725660433234 0.07326728925998448 0.0457064057926177 0.036007247131118136 0.04424088468984405 0.047013382028689155 0.06456195951218403 0.017118681827612545 0.05903032412015982 0.07407546442309317 0.05376706857920576 0.05949334424342912 0.0402427435859138 0.03472301775049106 0.02948499669446204 0.060980153009168224 0.028726372129066452 0.05012560533140261 0.022016200109523595 0.01515332923871 0.053388651359245455 0.06872535184256937 0.007290245978331076 0.06947299404002595 0.0462244987763752
 0.04884565529067997 0.032918206647685064 0.05444963650297177 0.046355113431363906 0.061049831715230034 0.07241634162547098 0.04703923179395849 0.06578610020440478 0.061683626007775424 0.04404573666950868 0.0644287478980729 0.05405645111183882 0.049953698761787346 10000.0 0.05692991646664658 0.020965298100988506 0.06956817600004887 0.03780687778547017 0.051756024347170554 0.03612139618885302 0.09874909612888308 0.09053926705111878 0.03014899010506182 0.018417888189192887 0.01783184059897634 0.0683484863491946 0.08905524045622422 0.06691274010675317 0.014429957741601178 0.03776486110547044 0.01367998751471206 0.0677264796669977 0.04574526528619158 0.04617418536672248 0.053391623547391444 0.04648503399699083 0.07756029423690913 0.06838178571662293 0.0487701619243134 0.034569382061135606 0.06836241230829646 0.05707844169543063 0.02856094575255125 0.04921680026676512 0.062396409105728474 0.008170353577852136 0.05187395902524216 0.03202873353891158 0.04466499264562907 0.05526963571443218 0.061558085210720606 0.08285498953971744 0.014357077272638599 0.06340890846272963 0.07820450524141737 0.0244464502012006 0.017550095191031755 0.03316470697695441 0.04821140580652303 0.015245962277802897 0.05777485907210362 0.07943261558262446 0.0168905457077958 0.0663125285827122 0.03445517801917524 0.06122244152113747 0.026260640143365568 0.02071453717590024 0.029663438841387942 0.0395972724522528 0.03748278352831352 0.0827312698591371 0.04216975273194455 0.035604629352405846 0.0441022420002595 0.017302562975947566 0.034832391433169095 0.01550161692587191 0.049527440481367556 0.018484565627639067 0.06688835466117365 0.044617399584363365 0.05944397732492675 0.048891620633764496 0.03232396807230237 0.027511641339356328 0.046474281939441364 0.028688352883670092 0.03173931609711889 0.09038124644766758 0.06089197548957575 0.05692845960140577 0.053365040840321454 0.02414595731618459 0.015829606931295606 0.01548391005603311 0.034707833436362724 0.04754535964925214 0.0758983837344356 0.014277708769714596 0.03728716514527681 0.008544398484736308 0.07114643374239803 0.03573885539275563 0.015139598119652743 0.01880841118900503 0.043592327321796014 0.020206082818809087 0.043382655948835336
 0.023572771959166378 0.052252500413446604 0.048443974343419356 0.018597604166476656 0.03614640020135168 0.023850402134530522 0.052050893545220196 0.014617640800227632 0.03949839230217144 0.061250588226986716 0.03285502924877874 0.06171451722476407 0.016402378812257454 0.05692991646664658 10000.0 0.059144652518080015 0.03060856985939393 0.05244683556637085 0.0365468672268721 0.06057972183409587 0.04256743863655654 0.03607516976680302 0.030793469506366813 0.05959072590270445 0.05046779743401279 0.025568931494108976 0.033941262160805515 0.03899940107510118 0.04919808576827643 0.022231406208788208 0.06516647989367241 0.03120795979929964 0.03159276212923256 0.03955097391444097 0.05805294283244714 0.02568716990686014 0.03266710743642718 0.06407559814351475 0.01621942687237578 0.02283879589090458 0.06986607480253193 0.03821739157002796 0.051076566612745 0.048056715893980174 0.033386247008627454 0.061166713258888804 0.02469810615554593 0.04992658665182138 0.047970215257156695 0.026573635071236914 0.04635778902841924 0.0318966035064215 0.04362958358014395 0.022551084189596782 0.021630445830596815 0.06456751220940399 0.045142466057107 0.05285660608092496 0.017488963729861893 0.06518066429663229 0.0025332691321889164 0.029794075358811775 0.07038798371128956 0.0317623419088155 0.022521891271855887 0.008829648144249897 0.03993713889238859 0.03954208711799814 0.029073523981707556 0.029285152335426 0.061522152119222774 0.028444587780752473 0.03498618831159596 0.053296194023526575 0.020111053460513287 0.07289894863812794 0.06291189284772612 0.07029946700156045 0.0526515741116326 0.04307702630221378 0.052889575865535006 0.02609015478581041 0.00451330382811252 0.05792920269480322 0.03061078114627247 0.08286721014484684 0.037067598367387995 0.04987277395179072 0.05852493128760076 0.03393717818506461 0.054022716185136536 0.0008506675342418865 0.04982819652245866 0.08064831021436629 0.06438268934709178 0.0628234265128164 0.03598530390653786 0.05102677013831501 0.01926555625227323 0.06982152757940813 0.044111382341212146 0.054637753593209076 0.018215300550787992 0.022311678692522915 0.05598630339937925 0.07543905712234066 0.016725951053630204 0.07712920325846158 0.06191866067239914
 0.04294514694325618 0.0521900403938234 0.07125547531589246 0.04330866702140887 0.07408186878932788 0.07942002097635152 0.029768576763046575 0.07127829674631557 0.0497963114795714 0.06406567027773111 0.05514268467059507 0.034745774041078085 0.04696066255572343 0.020965298100988506 0.059144652518080015 10000.0 0.07959000503372901 0.020002929503332358 0.06594650101307312 0.015624518179361597 0.1015535530372145 0.09507778142631887 0.028351187166104037 0.002828770802771728 0.009095429750288724 0.07705167169093183 0.09305571921197246 0.07980935056390441 0.012183231915340398 0.03697919142606142 0.012772215897073795 0.07830104666377039 0.03674547422134873 0.061604065111594185 0.03489395895228535 0.0400463243099102 0.07079033958157208 0.08660977718010408 0.04614856389523865 0.03705577119059719 0.08751993036927404 0.04525887158735647 0.04778800487358599 0.06645196924929489 0.052706304696887835 0.028648152129019354 0.06261992590907473 0.05084623848911123 0.028755263686880316 0.06632111723481693 0.07706093044888178 0.0893154075193107 0.02828057692267306 0.05772857998241051 0.08060177704061593 0.005624794589556631 0.014998060193304118 0.015200537390730134 0.05650648991460597 0.011111316658477593 0.059092291848487875 0.07450572872153823 0.0170911984706739 0.057649471760658114 0.039543624826866075 0.060492672430470865 0.04181967557527978 0.034624424174174565 0.030414690597574866 0.051898674744631446 0.057923406172008425 0.08731593084236221 0.056488149589814456 0.054926792975520417 0.05303823039272581 0.021774983175477512 0.055530919256387465 0.03293570229938303 0.06768524430393098 0.01705702274929884 0.05137957691022282 0.055955622357794894 0.06019096425297921 0.06805399340961417 0.04416650701106684 0.028557507916943222 0.06120922140906565 0.012952523452089536 0.011475525449686488 0.09284787757015789 0.07813669754555214 0.059443353054267734 0.07058019935244012 0.036373056968551865 0.0095788375299143 0.03628689105442622 0.0493088563637426 0.030651812726430718 0.07612175160500324 0.01999653682906336 0.023385723531326813 0.028974261994203186 0.06889746168187011 0.037054594843428074 0.03577893099788201 0.03182908986194937 0.04284439208336685 0.029783612064244874 0.023117739102381477
 0.053309401703424915 0.048740989598132896 0.03146741797248867 0.047434646574400184 0.014082600858187924 0.01191833966927634 0.08034697884647306 0.017704363834296022 0.0700979578007521 0.051642281383133454 0.0632953330692373 0.09038173223751439 0.04622943070891903 0.06956817600004887 0.03060856985939393 0.07959000503372901 10000.0 0.07865890240778213 0.02261784338424677 0.08544236491360649 0.040509636678261476 0.029592467824723957 0.05360562202777553 0.07908006728210995 0.07050897370890727 0.00550279461597815 0.030112087688329632 0.012154663462551249 0.06775204118910264 0.047056546629842544 0.08141554821982724 0.0027300485907869156 0.06064536314456073 0.029344863200852007 0.08695086026035954 0.054911914568594955 0.059782825954382585 0.04161009275491195 0.04569166296462058 0.04402396189882318 0.04884970046304752 0.06864214664516524 0.05022586152900546 0.034582188844191626 0.06395665772465288 0.07035547247440666 0.01769459775426274 0.04720571747190594 0.07610901374293322 0.014424294371294808 0.024378606126171782 0.01879354472011104 0.055322853215776 0.05258866554026517 0.029729749874630885 0.08520757997373983 0.06459419329485111 0.07780040826338994 0.02319167453881797 0.08213581693665425 0.03284250541901529 0.05453025456494872 0.08590043731404468 0.06195240522736011 0.04046622131893266 0.038090928767114285 0.04438222612037212 0.04885943616275404 0.05043783698639552 0.030113394273722897 0.055581196269874324 0.02442108067867094 0.029711158124679945 0.04815085607488172 0.0265601467031045 0.0868706583113132 0.058556510535192174 0.07852945343198774 0.039071029592938296 0.06255354161878858 0.08344830369343537 0.024962580927707676 0.03405209274315423 0.04517032645659604 0.03725504706934421 0.09706865050569148 0.027375894822155772 0.07372309502785931 0.08244577975264752 0.035638457840612904 0.03358235574623561 0.029775381783025315 0.03364340925730964 0.08973892537410016 0.08183663253816269 0.06852407709716861 0.036232559283121225 0.07950031235285228 0.03636624320703017 0.08383179548584352 0.07075359899457224 0.06377379308317654 0.043344479141833 0.04491685621823367 0.06169595148841798 0.08527991409347567 0.0437056767765931 0.08842558883611687 0.08841989960934456
 0.03092203624943644 0.06369503241097861 0.07832887095375395 0.03406592072434474 0.07666131464673287 0.07549613383446215 0.009769088097569411 0.06649153801374326 0.031667118216743916 0.07617974561194343 0.0385952587550221 0.01655219839395724 0.03706188744352888 0.03780687778547017 0.05244683556637085 0.020002929503332358 0.07865890240778213 10000.0 0.07036766348937273 0.009282255040080763 0.09261138147798778 0.08796984401950618 0.02557770538404133 0.022661951100365993 0.020034775821078595 0.07495915240540446 0.08554031821280962 0.08188566109721993 0.023905193779339234 0.03167417014966127 0.03272934356553244 0.07801850310397822 0.022852305154371394 0.06773114235291418 0.015584986757455722 0.028079753398951083 0.05527601826105037 0.09493258778586687 0.03675957342635143 0.0349319669299126 0.0972903222032784 0.02747991546487735 0.059557174065109346 0.0743428777789218 0.03601583862980482 0.04597551127823927 0.06377147300871079 0.06183515547726416 0.009297622563309153 0.06743248870488505 0.08223613454583516 0.08429624427668744 0.03870617285935538 0.04395861804017817 0.07226718669750803 0.021954725529128256 0.02264258681563586 0.004854600176617223 0.05594957041332608 0.031113951239385356 0.05155576682462506 0.06023950387061246 0.037041045085065366 0.041418470713227136 0.039140565702445944 0.050895471112782566 0.050367551104471164 0.043187139679463526 0.029154173447083646 0.055835567382083395 0.0711613831165897 0.08062108836708422 0.061901622480344615 0.06632630090894634 0.05357067452346415 0.04176884800536534 0.06953059651131278 0.05187650659713485 0.07670689463975212 0.023336498877387687 0.03147009738101495 0.05842983917537135 0.051995624694732914 0.07852147676331017 0.048886178034387676 0.04783935273435893 0.06661198751533809 0.009220375789062983 0.010067173139438935 0.08395042032046193 0.08542111480922832 0.05299374988088839 0.07820560164230758 0.05630562968949433 0.02958165710151968 0.05308276060979083 0.055845802791448046 0.010665389841549362 0.0661110842629446 0.03996706243541973 0.00835703063478308 0.04415048628855055 0.05720441330313761 0.033803157394667355 0.0506372418375619 0.05161605319146651 0.03598911680253566 0.049773637621335666 0.009762668287477018
