NAME :TPP_input_18_4_2
NUM_VERTICES
69
NUM_CLUSTERS
18
Full Matrix
 10000.0 0.05056665051274126 0.012615058343711197 0.027777129516990344 0.027065683968532258 0.023172280952938034 0.016060118612080537 0.02893669163709421 0.030548903687169702 0.03312692335391694 0.0153301033371995 0.053880094158690675 0.024044916442500206 0.054630665106077246 0.028262888986612746 0.05181919169813648 0.04160348188728581 0.057217419941629856 0.060677775298523855 0.02461390963270366 0.038980817601017896 0.04276633291368402 0.04857062957396296 0.02586590299757756 0.03331955660606677 0.04996563373454522 0.04125084958678786 0.037948592038056686 0.05333913757517632 0.028897966863159343 0.025039961967857936 0.04526794718510113 0.0367362957618557 0.02930050785588752 0.0495701589203612 0.031362676842931106 0.04165400773253098 0.03389922003098874 0.037452949174464865 0.028581371747266 0.04115061574987774 0.06507297868113972 0.033850111328908174 0.006654779307475522 0.019918633289231474 0.03969844186782669 0.007233866793591266 0.026127390612826637 0.03257351753917641 0.023578288599764033 0.04538902295370389 0.02135316663090809 0.050555588649993044 0.03738131026568008 0.047222491209234295 0.04993874282193943 0.050738064702015175 0.03819812468676789 0.03292180299908617 0.0271377159944777 0.03198549204187239 0.009065251912308113 0.034655997162481626 0.05050897519486454 0.03595500312675966 0.041489557534980244 0.0566162289860667 0.026503444633243185 0.019303969966522252
 0.05056665051274126 10000.0 0.06256385906865859 0.07078168718392303 0.024829949002698793 0.027957897972937733 0.044882213399574114 0.07653865770258851 0.020663649760407087 0.08283423130930212 0.05397358065447956 0.007746179789583872 0.0692932182525573 0.0910820549683083 0.07880264585963913 0.10207299503278797 0.09216997803790429 0.07427219438819782 0.07250721475904921 0.027908040004331672 0.08945489141283577 0.009383559718340338 0.05889608401557657 0.024705402841512892 0.05302149004252097 0.0646428802476987 0.09165643463975616 0.07246299596083614 0.010169352865508819 0.06443355720393454 0.07178704791462638 0.09554711792114243 0.027747571400205492 0.07447946876842293 0.07710555022019638 0.06763772476798938 0.013756799331855234 0.020828898413500056 0.07764962013352562 0.07625108169957759 0.0895832040822527 0.020500693845176166 0.03094751338506134 0.04543374373862279 0.07046660711057384 0.04923087324355919 0.05718185979398467 0.027677531924689733 0.08282418541211116 0.07339604640673596 0.03588655619395954 0.06883395238599001 0.04821536595117478 0.05644623459081487 0.08175741013040214 0.04948819805845854 0.005346400639126487 0.05856304601224606 0.019410932314074522 0.07377743862166586 0.0417414819929614 0.044961562724071494 0.0819619750324311 0.07844875676905429 0.08391139018743565 0.09037458679563055 0.019157767989867718 0.05094812679879246 0.06035202024852317
 0.012615058343711197 0.06256385906865859 10000.0 0.027012673795362378 0.038306560475020235 0.03471532414420571 0.02198761641395541 0.023550204664630228 0.04294770295251493 0.024252943987393555 0.015272986689351974 0.06625600290169723 0.01396655859581561 0.05393438915746641 0.01661116860067648 0.03951691897124527 0.030048784289043923 0.06326123190707911 0.059595096531373404 0.03552591328947635 0.026980949438082547 0.05434606391728127 0.05709414681433348 0.03792117789811373 0.03450289728906154 0.05733517747134395 0.0305418366976546 0.031536213639644664 0.065820297532823 0.02396534472938711 0.021476106635196647 0.03477520405586457 0.04552852356917786 0.02635720571511793 0.044451239922334955 0.02536530962127677 0.054197105971945436 0.04650372447828974 0.03672746123606708 0.016477274788054674 0.03344206718316344 0.07763775778427606 0.04608086067218708 0.01907930699729858 0.008702676991815119 0.04946706085708773 0.0054553155122475765 0.038742137641743266 0.022602286036025196 0.01561444249175902 0.05718581078979557 0.017952125983742594 0.05477963666318464 0.04531890394087545 0.039609028973406825 0.05377243551924603 0.06231075484609458 0.04563954939017234 0.0454313259213586 0.02320003689458646 0.042906505413201616 0.02107368955680976 0.028769728217358348 0.053794528933973663 0.02355446455619817 0.028884960675437086 0.06923083154756667 0.035209288711086674 0.02281696032734205
 0.027777129516990344 0.07078168718392303 0.027012673795362378 10000.0 0.051404465822231855 0.0472917396354386 0.04375605829263233 0.010192942483171279 0.05034951019232486 0.019702151628633386 0.04058196389065642 0.07161890191422474 0.03976335854626874 0.02725551380628686 0.026465189975731496 0.0459770714038391 0.03355290188696353 0.04007761436873451 0.08626502834259941 0.049764609429870744 0.03404682886078993 0.06501405704638637 0.039255431962116 0.04812401758740215 0.059978119923023196 0.03695599764020572 0.029884548195305376 0.05827151582623049 0.07009729345387007 0.050977914427715224 0.0071052861626127745 0.031971345176590636 0.06347174230746092 0.0048394739014115855 0.07134609833977322 0.052293061093102264 0.05861005207096706 0.05046497126743272 0.009890882415440037 0.03831137000967779 0.02127616171486672 0.07984653704506094 0.04381640554515306 0.02852969205574966 0.023497568785242694 0.036207189368891064 0.027298553316562443 0.04311200805346215 0.02256216610769321 0.01625041080110171 0.05035662075303674 0.009417337843583984 0.07829491710736783 0.028153751813319947 0.06562212422960753 0.07762571699561759 0.07253690770060557 0.027262897736837884 0.05137688517551585 0.007097527718555518 0.03503496903390793 0.02754409510207102 0.013166684512908332 0.027903643782943084 0.04221272184760407 0.04367152103844996 0.07005314407951162 0.023440990236566945 0.010491668795384216
 0.027065683968532258 0.024829949002698793 0.038306560475020235 0.051404465822231855 10000.0 0.004119248742972531 0.020227691806498943 0.05513379328985016 0.01053659484226791 0.06014928595815103 0.029201329640737274 0.029952359962896767 0.044469907114377365 0.07555698990718948 0.05481967496989261 0.07764967846954805 0.06827012540923727 0.06714211458677904 0.056595683740190555 0.003121316284124737 0.06528660906647146 0.01610034771912858 0.053630571273823945 0.005515124547033428 0.03193244702929859 0.057840613661129414 0.06823812764708935 0.049090445503996126 0.030409029296318515 0.0404891470910276 0.05071922435095744 0.07230121275324013 0.014598260624036359 0.05424524455572876 0.05575473591352309 0.04371643533863498 0.02081537915630411 0.01700545632253594 0.059856319740093825 0.051443293362014725 0.06783034991792894 0.042742656827124643 0.026064470614461935 0.023299935896480186 0.04657232556633965 0.04282359930887651 0.03307288764296532 0.015145667995167752 0.05962830772862557 0.050594578716876885 0.03764055086270644 0.04732829336419581 0.03656598670708022 0.0464229777330877 0.05872837053305173 0.03698010887374693 0.024030013787497143 0.048220965169902465 0.013639634626678308 0.052813794670116626 0.03319548713890424 0.023874828343438233 0.06080299527619735 0.06638386857654532 0.059097436208345094 0.06561422763697221 0.0365899899332797 0.03724811647224285 0.04107605176770304
 0.023172280952938034 0.027957897972937733 0.03471532414420571 0.0472917396354386 0.004119248742972531 10000.0 0.018100292160597796 0.051048960568449646 0.01072858205019432 0.05618404562880792 0.026675188630568735 0.032445627658164784 0.04167265434169562 0.07158067701418035 0.0511334460878242 0.07417550164022729 0.06456833532842671 0.06402479061328689 0.057650396348539204 0.0033904255845489885 0.061681127753916196 0.019660004478576576 0.05090611724087271 0.004553058433478007 0.03189480650434183 0.05485274320168236 0.06440860888058343 0.04768292769055166 0.03258251002513257 0.038796978333713955 0.046616020481004716 0.06843971908025354 0.01788578090101296 0.05012690807653362 0.055209324043471224 0.04200922594111924 0.02209368198480152 0.016814559870665165 0.05578452491796479 0.04839234063477042 0.06377845485184326 0.04487253385773038 0.02437257836241586 0.019200007220723864 0.04284480993690226 0.040134513484508694 0.029401674986798902 0.013053774074264658 0.05574420737302372 0.04663234262410286 0.03643155393187293 0.043240593464843186 0.038894647838137245 0.043160466856585984 0.05743001255087642 0.03913896669731801 0.027636903128648912 0.04489344165814981 0.013924881597161357 0.048708698617555696 0.030454514750621147 0.019757602469902005 0.056711003450057425 0.06271902229510078 0.05606097014411688 0.0624458844891866 0.038021984330570344 0.033657209663480805 0.03697705541941999
 0.016060118612080537 0.044882213399574114 0.02198761641395541 0.04375605829263233 0.020227691806498943 0.018100292160597796 10000.0 0.04378723987840255 0.02868421614237413 0.04609816346166918 0.009206765794037378 0.05017222695116412 0.024647796856058366 0.07069051739415202 0.038216076707348216 0.05939603756086981 0.05141113214251614 0.07126919502882588 0.045957404925780015 0.017106376526214998 0.047876310985038514 0.03578096045493415 0.06072623791148782 0.02253773427693879 0.018260954866502196 0.06318949404736672 0.05239217196699528 0.029864411885235306 0.05052901372502865 0.020785408382766244 0.040412182966739506 0.05666280185142748 0.023795738572617877 0.04493272501436978 0.038724396109786424 0.02397535903544241 0.04018510069144783 0.03431385742733338 0.05349095196193203 0.03207346331301167 0.05501303775549752 0.06285475760288056 0.03923444763905886 0.018172627847817743 0.03067801160848977 0.05069777029143571 0.01807419843403979 0.028463256697213793 0.04458927277495359 0.03698776204595939 0.05167469482860307 0.036645567001163885 0.03453979697173589 0.05057659454219277 0.03967016660143881 0.033886515882211914 0.04340672964287238 0.05177278253244583 0.03181786250583101 0.04245471091527247 0.041581361900928045 0.020752518956708713 0.049406874766417176 0.06598897576682457 0.039605705623133966 0.04639898725248439 0.05611172468011662 0.039675237828818974 0.03527617852936975
 0.02893669163709421 0.07653865770258851 0.023550204664630228 0.010192942483171279 0.05513379328985016 0.051048960568449646 0.04378723987840255 10000.0 0.05587699057268841 0.009510350375258434 0.03861670709188427 0.07821045519328228 0.03405142242200185 0.03187285948178549 0.017581678065215715 0.03578493285047328 0.023363521129847797 0.04978441480044421 0.08284008575588708 0.053037324656213865 0.024020571355249595 0.06990368508124595 0.04943979678001279 0.05269997528043595 0.05801970851956081 0.04710194036307061 0.019753653448849908 0.05285279367000909 0.07695971368941158 0.04666781741829326 0.00489077791109209 0.022109989406442102 0.065672835359952 0.0057655117184434316 0.06608347068602924 0.047418751338507266 0.06522261650372128 0.0569850780223504 0.01622741798057847 0.030933075962065057 0.013075182903393533 0.08736312722017808 0.05171147619383572 0.0318607527416773 0.01722242805524438 0.045989596275359236 0.02585793111374241 0.04924215013198513 0.012478485256771485 0.008724386554659149 0.05937743815860465 0.007811713234712249 0.0778451478518395 0.03823317950594986 0.05921578864854254 0.07695045807907672 0.07769846064684878 0.03741557654329963 0.05736649881409442 0.003351320905598515 0.043860780655867675 0.03174678167552535 0.005721268333389272 0.036614347180030656 0.03362576249457518 0.034223717821468685 0.07778316597438857 0.0325213734620666 0.017474597602804662
 0.030548903687169702 0.020663649760407087 0.04294770295251493 0.05034951019232486 0.01053659484226791 0.01072858205019432 0.02868421614237413 0.05587699057268841 10000.0 0.06225363091057096 0.036909897366968814 0.023331680284907005 0.05146653170796313 0.07204911238968734 0.05876935023998846 0.08236165721297474 0.07201074707216104 0.05970271337410992 0.06710736061432604 0.012939201984743165 0.06951683497484105 0.015028870650719521 0.04534673285541359 0.006183563059844078 0.042272958000588876 0.050144458987058965 0.07125374365808435 0.05839130663773117 0.022910799471875968 0.04944909172537017 0.05113433919919927 0.07507382921914355 0.02367564844130192 0.053914597287393194 0.06584412093582075 0.05265090867147693 0.011645326404433616 0.006473856294003525 0.05767418986306019 0.05773805178165073 0.06891956864842075 0.034954248187980604 0.01655178773799912 0.024978820449142482 0.05042955040805463 0.03463713227499378 0.03749547856491167 0.007820485699235286 0.06237042412785216 0.052866881672788 0.02739885691916145 0.048170819477854475 0.04643269043352225 0.03974204207155855 0.06814889306363006 0.047000084904434115 0.02221653849351687 0.04172333946967748 0.003207902084584281 0.053133547600672036 0.02542100325087561 0.024334975815472133 0.06131509321451959 0.06097429533847638 0.06538071247197506 0.0714706136584695 0.027497771177271223 0.03215480407908163 0.03987357357341591
 0.03312692335391694 0.08283423130930212 0.024252943987393555 0.019702151628633386 0.06014928595815103 0.05618404562880792 0.04609816346166918 0.009510350375258434 0.06225363091057096 10000.0 0.03935999498366024 0.08514017568234565 0.0310799843380117 0.038043137041889746 0.01165243628808738 0.026282869232901122 0.013875862781018756 0.05894014578225731 0.08088351154156778 0.05774081887211453 0.014945733347655874 0.07558732019671908 0.05894924778951662 0.05842413155887014 0.05798031190634641 0.0565673575367918 0.010362389746871106 0.049378949949558486 0.08410556662666228 0.04461710227317747 0.013702790392849428 0.013265627488652855 0.06921844680368505 0.01513828132483985 0.06248022046268993 0.044725502214632944 0.0722802019690352 0.06407043406967318 0.024519673952716307 0.026025285585069415 0.009567908186261319 0.09494827772734053 0.059810319640107544 0.03743851392674635 0.015873922589386986 0.05529159549230252 0.02819823261057815 0.05617189306508878 0.003804981841783294 0.009554797797766473 0.0681677987230561 0.015013006130860486 0.07882641263566592 0.04770037093672182 0.05447633698851621 0.0777360434747541 0.08351190360608564 0.046914739697389574 0.06406085434801276 0.012748260847348652 0.05261829642774608 0.0379283577301466 0.009310769809169454 0.04522650402692241 0.026811891730733534 0.026039708437997303 0.08557614472620705 0.04152279535648857 0.026053340429290618
 0.0153301033371995 0.05397358065447956 0.015272986689351974 0.04058196389065642 0.029201329640737274 0.026675188630568735 0.009206765794037378 0.03861670709188427 0.036909897366968814 0.03935999498366024 10000.0 0.05904595279764773 0.015441044322336863 0.06783669052492759 0.03031759793593847 0.05050633091824896 0.04314522690101377 0.07254408423612184 0.045926325130777025 0.02609233191797066 0.039400290046177164 0.044937698958309465 0.0636170454619437 0.03091177401984803 0.01950438202197388 0.06524194342162323 0.04459065930177267 0.023432826828346662 0.05925697370324387 0.014112350739990884 0.03600717076242918 0.04889703360031268 0.03251242831028947 0.0408062147221678 0.03437052869203505 0.016967001236805383 0.048539462721533706 0.042080138030085666 0.050472550503561094 0.02293210975698997 0.04866811683584067 0.07154520542739877 0.04543241396007077 0.020362174507296934 0.02351570767691123 0.05430881580302577 0.01328860413205103 0.03545548180102356 0.03736572167574719 0.030885571956740018 0.05769911368880754 0.032290836152563035 0.03951721416564341 0.052624614039589124 0.03309686889437094 0.038499495846951316 0.05260096347541786 0.05349813728269025 0.03993394621670707 0.037897806450193645 0.04589344998220669 0.023164667929456654 0.04396947185359647 0.065364736629047 0.03042073334327201 0.037259348702839444 0.06440187103087294 0.04168999355879758 0.033765319207189254
 0.053880094158690675 0.007746179789583872 0.06625600290169723 0.07161890191422474 0.029952359962896767 0.032445627658164784 0.05017222695116412 0.07821045519328228 0.023331680284907005 0.08514017568234565 0.05904595279764773 10000.0 0.0741175230244006 0.09007270883882595 0.08208400942908665 0.10569280146164707 0.09528355258384284 0.070857957679537 0.0800770081231427 0.03307176857007257 0.09284046785212395 0.016210453949364934 0.05535750769641259 0.028549283867561146 0.05978518095727408 0.06136852871044048 0.09438226536923394 0.07864084794251067 0.0029674245913661385 0.07030440784788475 0.07336618136693324 0.09811950672010994 0.034992918958532106 0.07562392372359378 0.08393994032348129 0.07352822843062953 0.013020873241290327 0.021237891190950868 0.07771059159525356 0.0807325228922004 0.09128248813826255 0.013222893724630284 0.02930123024029885 0.0481914393524327 0.07374851256286132 0.046433524360903644 0.06080842593291771 0.029004155656806446 0.08546215434604225 0.07588118094978584 0.03157545048938943 0.0706785284278915 0.05591077544708722 0.0544187572450919 0.0880993703032357 0.057157072601888195 0.012895987923662483 0.056554195961159945 0.021132774402775778 0.07527358743284729 0.04007482319432891 0.0472910955264226 0.08343679762035351 0.07645768370031171 0.08839833881530572 0.09463509919915288 0.011743506015430982 0.05034204449218802 0.061393172062534175
 0.024044916442500206 0.0692932182525573 0.01396655859581561 0.03976335854626874 0.044469907114377365 0.04167265434169562 0.024647796856058366 0.03405142242200185 0.05146653170796313 0.0310799843380117 0.015441044322336863 0.0741175230244006 10000.0 0.06575506241150117 0.019825378804720444 0.03597023503164076 0.030538995754060015 0.07717146053656886 0.04981965985606919 0.04138520871184572 0.026332799366383344 0.060331300618303 0.07095396635221864 0.045689351446491604 0.028957946783614717 0.07129744205663152 0.03319139253551165 0.018802727929231926 0.07416316593844169 0.013726443924955553 0.0333876924221019 0.0373970479987327 0.04754184820837007 0.0381429197044521 0.03203223076201231 0.013651907076346824 0.06309557206738434 0.05610450043090888 0.04904093759411437 0.00796089074545733 0.04059985691272975 0.08636931809198839 0.05767886065298435 0.030625406223717705 0.01684349289109936 0.06300130017061802 0.017501477702278508 0.0488734201497014 0.028028220727374265 0.02532870845917775 0.06940888003376272 0.03036120940176043 0.05058028210719599 0.05922611118283802 0.025925078497307366 0.04920125056263341 0.06802978586022729 0.05958747249771457 0.05434234300770023 0.03471353415103834 0.055874464349779676 0.03310934559713561 0.038273498655765466 0.06723054476784693 0.015081356981342107 0.022064174724899563 0.07877503136517695 0.048950892788883836 0.036714761837311344
 0.054630665106077246 0.0910820549683083 0.05393438915746641 0.02725551380628686 0.07555698990718948 0.07158067701418035 0.07069051739415202 0.03187285948178549 0.07204911238968734 0.038043137041889746 0.06783669052492759 0.09007270883882595 0.06575506241150117 10000.0 0.0489060341840798 0.06038216044929319 0.049635265005818295 0.03188084860532683 0.11343736853943286 0.07446688855469732 0.0522279837303126 0.0870745600610396 0.041557732616055096 0.07137838434039857 0.08722417915791603 0.03593408488115488 0.04461887830135713 0.08453618556542529 0.08795421827810766 0.07780403377917557 0.032554973569559505 0.04398636041245154 0.08881608637058251 0.02769770904799189 0.09774231494245304 0.07886198340078321 0.0776816366318759 0.07027469176608066 0.017364642592583735 0.06275218071076223 0.03167988271257677 0.09542857097789036 0.06077154302374398 0.054204879268616786 0.04892952365946332 0.0455945678532865 0.05455106343102449 0.06425904702747216 0.04184679678887698 0.04054245975339855 0.062275400716950986 0.035982626119296805 0.10514675810398755 0.036454311700691126 0.09108844150805875 0.10456456299047023 0.09388044097534634 0.03440177822008352 0.07218869831283294 0.031066870769116985 0.0500424650621245 0.052581430613748835 0.028866664672890088 0.017020080710927487 0.06473465669792319 0.06392253163742666 0.08544371350895173 0.04015382500272913 0.035652418603644924
 0.028262888986612746 0.07880264585963913 0.01661116860067648 0.026465189975731496 0.05481967496989261 0.0511334460878242 0.038216076707348216 0.017581678065215715 0.05876935023998846 0.01165243628808738 0.03031759793593847 0.08208400942908665 0.019825378804720444 0.0489060341840798 10000.0 0.023876813643200368 0.013453783598697597 0.06651275647748993 0.06959894931742049 0.05208951388316112 0.010789006661493732 0.07079295570690577 0.06409750221958277 0.05409781616011807 0.04782761135245774 0.0627299685868144 0.014273089741596736 0.03779904857825993 0.08143574343883787 0.033527246445101834 0.01936816727675692 0.018579702666382116 0.0619538700665931 0.02302745743378548 0.050857304154354036 0.03337592799089887 0.06966112174593336 0.06168724486341736 0.03380719299302273 0.014373637976341063 0.020947479204260457 0.09294720358464137 0.05948842160339769 0.03398739896218579 0.00834463222411125 0.05864502294983999 0.0217474267386602 0.05376056756768996 0.008270144551611637 0.010364329062888143 0.06937712550109175 0.018206268871338156 0.06913961052431589 0.05232117091566516 0.04285444797228933 0.06791897467524138 0.07876871870042812 0.051974746628029936 0.061026811840398335 0.019683736650338252 0.05411546383607247 0.03530267695340294 0.020128042328313236 0.054021195821881904 0.01604467597121638 0.01736982209284968 0.08410495374868046 0.04416625417185688 0.02879177350915198
 0.05181919169813648 0.10207299503278797 0.03951691897124527 0.0459770714038391 0.07764967846954805 0.07417550164022729 0.05939603756086981 0.03578493285047328 0.08236165721297474 0.026282869232901122 0.05050633091824896 0.10569280146164707 0.03597023503164076 0.06038216044929319 0.023876813643200368 10000.0 0.01243165053799477 0.08485087855311761 0.07996017619552948 0.07476581332460347 0.013163227786556883 0.0937415134067199 0.08519795286304944 0.07743697466667136 0.06435511685726802 0.08283587678980861 0.016519797130112625 0.04771956056865206 0.10514464028098283 0.047968070798694994 0.03965851058456725 0.016395882368512534 0.08301822381008024 0.04140626501392743 0.05842641948128545 0.04629569561103099 0.09341262995381784 0.08549870627227985 0.0499917245623205 0.02801029236091983 0.028934955675896438 0.1167570195313262 0.08328440339982426 0.05777451238147629 0.032079171646747444 0.08106354741305616 0.044930831928792214 0.07758930930504766 0.023624911967774803 0.03246138820052646 0.09284372494930078 0.04002753600712363 0.08590299574783733 0.07383114382190017 0.04790649724968403 0.08439097923953591 0.10167898874251043 0.07312628081030971 0.08472307117252208 0.03896166261869324 0.07741748327781274 0.05916716368326645 0.03449464857106042 0.07053777396559333 0.021663182137408202 0.014776188189442518 0.10797283529760575 0.0668881673518761 0.051249475744790184
 0.04160348188728581 0.09216997803790429 0.030048784289043923 0.03355290188696353 0.06827012540923727 0.06456833532842671 0.05141113214251614 0.023363521129847797 0.07201074707216104 0.013875862781018756 0.04314522690101377 0.09528355258384284 0.030538995754060015 0.049635265005818295 0.013453783598697597 0.01243165053799477 10000.0 0.0726697013094132 0.07875161941522041 0.06554323308647221 0.004409274331577004 0.08422821581809793 0.07276638281676341 0.06746709678221685 0.05945892893592691 0.07044321497517392 0.005095139435216753 0.046134749784177746 0.09454296516311692 0.04395959343953373 0.027246415607487855 0.007801330487137353 0.07519971689986177 0.02901336166605824 0.05837044787758711 0.04306354466831842 0.08273045983425044 0.07466828512282958 0.03795132003287162 0.023136261521471718 0.017995942582312307 0.1058875410841552 0.07170317815726986 0.04709791178597089 0.021727821434433553 0.068732058536977 0.03519726847625397 0.06671892946917192 0.011246159899653831 0.020445005561835573 0.0808685797900708 0.027773592443361566 0.0810410807760318 0.0614118690789501 0.04885230363178837 0.07970081429552363 0.09220522722413353 0.06069594733041023 0.07417643908884326 0.02653017307631904 0.06537530871754116 0.04819980876980208 0.022415867174877376 0.05862163449209045 0.019815865810965012 0.015737553419743946 0.09685570829084168 0.054655269245484465 0.03902044844187552
 0.057217419941629856 0.07427219438819782 0.06326123190707911 0.04007761436873451 0.06714211458677904 0.06402479061328689 0.07126919502882588 0.04978441480044421 0.05970271337410992 0.05894014578225731 0.07254408423612184 0.070857957679537 0.07717146053656886 0.03188084860532683 0.06651275647748993 0.08485087855311761 0.0726697013094132 10000.0 0.11721522434805866 0.06739812484734645 0.07377468277489298 0.07338775235301727 0.015503813908110764 0.06181611190882425 0.08951993931706324 0.009667357003700817 0.06833840412154764 0.09428320867026832 0.06819059355023206 0.0856982966285993 0.04715111339148479 0.06929383257213857 0.0817328984064486 0.044020418312536135 0.10655472734705775 0.08780007636502046 0.06063771260904909 0.05537569294553946 0.034923693197559336 0.07740217500961899 0.056740100507450125 0.07248347977570496 0.04404257496630438 0.053167596883576945 0.06253489116177641 0.025301371134262517 0.06101075914982495 0.05248348553889693 0.06223120997574827 0.056204839260116435 0.039480334139684194 0.04866453170457911 0.10247202337160723 0.02101581198932418 0.10282157322373733 0.10246249744043157 0.07839127951282959 0.019563213409406366 0.058436127210105035 0.047059969275200016 0.03429470505910378 0.05052239228662883 0.05035718294251854 0.015497747505506367 0.08204858333683844 0.08374837242716282 0.06309992884895295 0.031643792801526904 0.04045704320821467
 0.060677775298523855 0.07250721475904921 0.059595096531373404 0.08626502834259941 0.056595683740190555 0.057650396348539204 0.045957404925780015 0.08284008575588708 0.06710736061432604 0.08088351154156778 0.045926325130777025 0.0800770081231427 0.04981965985606919 0.11343736853943286 0.06959894931742049 0.07996017619552948 0.07875161941522041 0.11721522434805866 10000.0 0.05460333808507402 0.0743438724793247 0.06412620533676025 0.10641077473532695 0.06170692154872918 0.027697662623610102 0.10911286227877713 0.08225296278726152 0.03264918456757908 0.08190455125554767 0.036329880077039974 0.08107081770032674 0.08623945466871046 0.04550585638810157 0.08595094164977085 0.021973373426832685 0.03622453793908546 0.07590347304650644 0.07358069875441861 0.09612123133901132 0.05596482354153757 0.0904172924126515 0.09298560962887173 0.08199818943865242 0.06405841301079986 0.06589920829745241 0.0960874765549082 0.059060456484597845 0.07064234706884126 0.07783628473189369 0.07432361787373229 0.09405474192337256 0.07750793143210986 0.025021118223491418 0.0965211828080015 0.032932360244181856 0.02342867591924056 0.06809177141062617 0.09773014150608848 0.07012338199358589 0.08277624256020427 0.08663397045836585 0.06669325055745078 0.08760418837709455 0.11115807816244666 0.05935197313055536 0.06545298496044209 0.09012403333346874 0.08563239228316262 0.07964982468574401
 0.02461390963270366 0.027908040004331672 0.03552591328947635 0.049764609429870744 0.003121316284124737 0.0033904255845489885 0.017106376526214998 0.053037324656213865 0.012939201984743165 0.05774081887211453 0.02609233191797066 0.03307176857007257 0.04138520871184572 0.07446688855469732 0.05208951388316112 0.07476581332460347 0.06554323308647221 0.06739812484734645 0.05460333808507402 10000.0 0.062488373118192296 0.019063324971544223 0.05429376867649564 0.007119386810396322 0.02933385385735553 0.05823893170809939 0.06563471216952133 0.046068347985236784 0.033504985196314965 0.037412613178755216 0.04872296778958756 0.06973288859517832 0.014638051909371199 0.05240643495475271 0.052981372107917105 0.04063939256652465 0.02371019132049934 0.019308049343623002 0.058462016794194396 0.048408033931429166 0.06560779849895179 0.04583922094316938 0.027541917877296384 0.021368184804939887 0.0438863759327259 0.04351903397241835 0.030363998968906066 0.016295622681163583 0.05709754676865683 0.048191069536367495 0.039454950389163225 0.045254697818794175 0.03551902648972922 0.046515112519410644 0.05573442182837703 0.03578350211003166 0.026939296282764577 0.04823328186070176 0.016128092126207395 0.05082747012058683 0.03384017752074327 0.02224906916136049 0.058733270455778586 0.06591704111432112 0.05605514032797889 0.06260690484341672 0.03955541949573391 0.036914333587453003 0.03956453078220488
 0.038980817601017896 0.08945489141283577 0.026980949438082547 0.03404682886078993 0.06528660906647146 0.061681127753916196 0.047876310985038514 0.024020571355249595 0.06951683497484105 0.014945733347655874 0.039400290046177164 0.09284046785212395 0.026332799366383344 0.0522279837303126 0.010789006661493732 0.013163227786556883 0.004409274331577004 0.07377468277489298 0.0743438724793247 0.062488373118192296 10000.0 0.08132341405476555 0.07294576033552518 0.06476105861435007 0.05528647950410855 0.0709862227066731 0.008738122799621682 0.04172548079537279 0.0922141303673455 0.039651373861637175 0.027333588753828138 0.012106239115808784 0.07166767034151995 0.029782436940056396 0.05398295770752064 0.038697162305956066 0.0804456251327612 0.07247625014894751 0.039463746274999774 0.018807192729067092 0.0209505824421013 0.10373614416074325 0.07012121750092437 0.04477375929366287 0.01909570910123 0.06829407547633623 0.03228972996584244 0.06454898697424545 0.011546552700802269 0.01950489730981599 0.07974026127046745 0.027255653404903116 0.0768963289251284 0.06138329423321033 0.04453710361635809 0.07553125608943866 0.0892903198539418 0.06081437914837535 0.07180071259713057 0.026949302926050436 0.06435244139574092 0.046082906892514784 0.024105534383069813 0.06017217593466155 0.01547208115838721 0.012007713088809142 0.09487859128193593 0.05398876247287129 0.03838428609446428
 0.04276633291368402 0.009383559718340338 0.05434606391728127 0.06501405704638637 0.01610034771912858 0.019660004478576576 0.03578096045493415 0.06990368508124595 0.015028870650719521 0.07558732019671908 0.044937698958309465 0.016210453949364934 0.060331300618303 0.0870745600610396 0.07079295570690577 0.0937415134067199 0.08422821581809793 0.07338775235301727 0.06412620533676025 0.019063324971544223 0.08132341405476555 10000.0 0.05844884869768479 0.01721769445013597 0.0437166857843585 0.06373109312338207 0.08401668648065867 0.06308115291235415 0.017797735710302617 0.05509222145469987 0.0652829285292254 0.08801398138803355 0.01881080398887585 0.0683662529183625 0.06783885678574929 0.05829065861993288 0.0143681710945238 0.018023579594097127 0.07260577195867102 0.06745407042912342 0.08282944284538864 0.029412585962740944 0.029351460464733248 0.03821409678178807 0.06250379984792061 0.048088303192863745 0.04905650867773038 0.022820042848883004 0.07529903409781781 0.0660606869101207 0.03728823620099199 0.06211130400394717 0.04044389085036235 0.054141688432506004 0.07237666083586718 0.041548273233144216 0.007977796190935235 0.05618567365561067 0.015226400684641164 0.06733236598746507 0.039493221773777946 0.03816078588279767 0.07546672780369441 0.0757152585883192 0.07509164239255585 0.08166850552576614 0.026106184184729604 0.047112166296754396 0.05452286840303555
 0.04857062957396296 0.05889608401557657 0.05709414681433348 0.039255431962116 0.053630571273823945 0.05090611724087271 0.06072623791148782 0.04943979678001279 0.04534673285541359 0.05894924778951662 0.0636170454619437 0.05535750769641259 0.07095396635221864 0.041557732616055096 0.06409750221958277 0.08519795286304944 0.07276638281676341 0.015503813908110764 0.10641077473532695 0.05429376867649564 0.07294576033552518 0.05844884869768479 10000.0 0.0481633607064933 0.07885836025690199 0.006313981056528102 0.0691238383075365 0.08650711378119774 0.05268678050954828 0.07745675403305274 0.04563138190520095 0.07098510905888597 0.0681808424105506 0.04394997140960285 0.09798619856382891 0.0799228893330345 0.045341807800188136 0.04054109671555892 0.037892686096567596 0.07272277991838096 0.05926523931205414 0.057246744966621105 0.02916325711698529 0.04334831411656679 0.058478475447945086 0.01080830484816747 0.05373259448854033 0.03858476225401165 0.061646145148624584 0.05385256942011172 0.0240063005915256 0.04594582739271245 0.08977584841135855 0.011890849854569034 0.09564970257067675 0.0899439748567806 0.0631306723252777 0.012142462465673565 0.043774636755227025 0.046236317661933334 0.02045913865024301 0.040553443014254835 0.05171748906784479 0.02483945242613671 0.0784525063099313 0.08140511841478114 0.0477282473905933 0.022136715034153785 0.035569528158073745
 0.02586590299757756 0.024705402841512892 0.03792117789811373 0.04812401758740215 0.005515124547033428 0.004553058433478007 0.02253773427693879 0.05269997528043595 0.006183563059844078 0.05842413155887014 0.03091177401984803 0.028549283867561146 0.045689351446491604 0.07137838434039857 0.05409781616011807 0.07743697466667136 0.06746709678221685 0.06181611190882425 0.06170692154872918 0.007119386810396322 0.06476105861435007 0.01721769445013597 0.0481633607064933 10000.0 0.03632296635347664 0.052458590189874116 0.06702774226710585 0.05220945580578778 0.028475376159578267 0.043284114517702005 0.04810552029858756 0.07096814776230387 0.020019773560896955 0.05130138867994658 0.05974158685833735 0.04649002172653566 0.017666434079024875 0.01230588546305963 0.056141920353448116 0.05218822209232384 0.06561264640362144 0.04069402978348533 0.020608577405889707 0.021009419002511315 0.04576121029824889 0.03735505625805515 0.03251220834818107 0.009633843819945594 0.058242305596891905 0.04891802483128185 0.03236950292691386 0.04490207327621619 0.042068746662850535 0.041214250625158155 0.06196544574581128 0.04245953038020668 0.02509568535367908 0.04305908848815942 0.009373581626383227 0.05016550801762724 0.027753034135621746 0.02097427608715232 0.05828081248649148 0.06155609532688755 0.05985228732733697 0.06609823208095073 0.03358341900704573 0.03239787274104136 0.037663833275411146
 0.03331955660606677 0.05302149004252097 0.03450289728906154 0.059978119923023196 0.03193244702929859 0.03189480650434183 0.018260954866502196 0.05801970851956081 0.042272958000588876 0.05798031190634641 0.01950438202197388 0.05978518095727408 0.028957946783614717 0.08722417915791603 0.04782761135245774 0.06435511685726802 0.05945892893592691 0.08951993931706324 0.027697662623610102 0.02933385385735553 0.05528647950410855 0.0437166857843585 0.07885836025690199 0.03632296635347664 10000.0 0.08143816967873119 0.06181423317835152 0.021175745716271434 0.06093644227798892 0.016548388634327404 0.05551029042414836 0.0660860366531358 0.025802639071544307 0.060310020050880896 0.02416262472407132 0.01886678668384994 0.052607936166284175 0.04861433286655015 0.06986438861737308 0.03671814187520499 0.06746941700333589 0.07300041208725194 0.05567964812355103 0.03637457760560228 0.04216678658491002 0.06866822098228659 0.03274919140633356 0.044396311826536076 0.055560040045309574 0.05003968586681732 0.06802350326744803 0.05179507979513942 0.02163470414301196 0.06883378718019692 0.029403111202971212 0.020244943199417137 0.04985980517536596 0.07003293704251393 0.04545762740095857 0.05739213205602101 0.05934886436857804 0.03899755998081365 0.06326917887701079 0.08380286457385011 0.04273584955331151 0.04978729825486521 0.06807562562594534 0.05793608779515748 0.05254002927157213
 0.04996563373454522 0.0646428802476987 0.05733517747134395 0.03695599764020572 0.057840613661129414 0.05485274320168236 0.06318949404736672 0.04710194036307061 0.050144458987058965 0.0565673575367918 0.06524194342162323 0.06136852871044048 0.07129744205663152 0.03593408488115488 0.0627299685868144 0.08283587678980861 0.07044321497517392 0.009667357003700817 0.10911286227877713 0.05823893170809939 0.0709862227066731 0.06373109312338207 0.006313981056528102 0.052458590189874116 0.08143816967873119 10000.0 0.06651640262846743 0.0876424409869741 0.05874150779432068 0.0787912229454653 0.04371686168855024 0.06805042999522537 0.0724385918549745 0.04143161747806411 0.09953375241259614 0.08108750099797694 0.050988060971233484 0.045725372434969214 0.03414909552719393 0.07237784018717916 0.05594936665865399 0.06353506101336222 0.03438202643197819 0.04532351621139349 0.05777256116349012 0.015642981581202323 0.05448044500797109 0.043032089154310775 0.05951816343929679 0.052376544218852045 0.0301940690242914 0.04453657700561447 0.09352176783870159 0.012653675325879098 0.09652110076480179 0.09358447192114852 0.06873192630067108 0.011805307019478541 0.048813387771281434 0.044048108327364416 0.024789626080979447 0.042587649371431245 0.04875443805575717 0.018995238270385743 0.07766196818390217 0.08009976819241355 0.05397608062171788 0.023625469909165083 0.03496194253713667
 0.04125084958678786 0.09165643463975616 0.0305418366976546 0.029884548195305376 0.06823812764708935 0.06440860888058343 0.05239217196699528 0.019753653448849908 0.07125374365808435 0.010362389746871106 0.04459065930177267 0.09438226536923394 0.03319139253551165 0.04461887830135713 0.014273089741596736 0.016519797130112625 0.005095139435216753 0.06833840412154764 0.08225296278726152 0.06563471216952133 0.008738122799621682 0.08401668648065867 0.0691238383075365 0.06702774226710585 0.06181423317835152 0.06651640262846743 10000.0 0.049776820120968686 0.09349058877654627 0.046850661046763054 0.02406517048358115 0.00430923321959413 0.07605801195826829 0.02517925215039854 0.06230664364963557 0.04623996214805708 0.08165355362729851 0.07349980812433965 0.03347235174119451 0.026306181599993796 0.012946206208793906 0.104579925762614 0.06980463719860767 0.046277503695927535 0.021881841184438713 0.06565049430963507 0.03534828910872975 0.06555756395188696 0.008947825534171132 0.018602609855859473 0.0784359919451318 0.025185558187742364 0.08325422706281735 0.057986430218129575 0.053099644732400135 0.08199086615984709 0.09198682555295093 0.057145939984046955 0.07325069565772652 0.023054068136138264 0.06289045422423467 0.04710000727926656 0.017981836673395972 0.05404505028649676 0.024048457414827175 0.020626260966623657 0.09534902874699254 0.05186479312586683 0.03634280661783509
 0.037948592038056686 0.07246299596083614 0.031536213639644664 0.05827151582623049 0.049090445503996126 0.04768292769055166 0.029864411885235306 0.05285279367000909 0.05839130663773117 0.049378949949558486 0.023432826828346662 0.07864084794251067 0.018802727929231926 0.08453618556542529 0.03779904857825993 0.04771956056865206 0.046134749784177746 0.09428320867026832 0.03264918456757908 0.046068347985236784 0.04172548079537279 0.06308115291235415 0.08650711378119774 0.05220945580578778 0.021175745716271434 0.0876424409869741 0.049776820120968686 10000.0 0.07938424101350944 0.009341597684719708 0.05209058740457406 0.05368667853775548 0.04632853812853119 0.05688542353884 0.013231900633786134 0.006585953427963646 0.06970532008526621 0.06416228517790298 0.06771563174637361 0.0236620060478438 0.05874442185077836 0.09168413641677631 0.06862794067341195 0.043632097857418166 0.03564528211617902 0.07753604294256972 0.033276163261472834 0.05820875205607995 0.04606067005542353 0.04412910574980446 0.08098159698278753 0.04893290524447898 0.040493274921735795 0.0751752437226418 0.009812397528025306 0.038749603644341296 0.06987181726590638 0.07583714813338985 0.06156394805482034 0.05347662800844638 0.0692958698616547 0.04641412523115329 0.05698248437983902 0.0853296491342026 0.026725551917436467 0.03302853747656417 0.08560347424603358 0.06439883275998998 0.05410307736249797
