NAME :TPP_input_20_3_2
NUM_VERTICES
58
NUM_CLUSTERS
20
Full Matrix
 10000.0 0.016815561373045382 0.03539784868737231 0.04694017554323261 0.007649079661309112 0.025694472690593738 0.028314042078195382 0.02425152415461755 0.05893095323974215 0.04740658319210724 0.004751334530939981 0.0550921288894825 0.006910194180068141 0.0371786898972155 0.02959005217810223 0.06037725436189995 0.02585487076897358 0.022180102664732713 0.03658138862677894 0.056281595314093644 0.04141438829116085 0.03363978750599769 0.03952035159353236 0.024604660412447275 0.020867652419448483 0.018982709586838977 0.047317737011302534 0.03622230648539717 0.05718935658818432 0.036205937712163995 0.022138012110731832 0.011362104162456843 0.03232605384395787 0.07018213010291365 0.020245637724533347 0.0547159065516954 0.03954151082230311 0.056655772999034126 0.0316159575045147 0.03554458564998037 0.0540280321591674 0.026428858029813165 0.04531927652093621 0.04795166404882964 0.026350075087196258 0.028525705533231662 0.06370088615297341 0.02970290211307931 0.04922506166152708 0.03270605703113792 0.016957866798657666 0.005729569470177432 0.05609879669969214 0.010989601191795238 0.03423460548439529 0.041240818767725146 0.027546078971065247 0.045809994143956694
 0.016815561373045382 10000.0 0.02942992554114578 0.05845248687423445 0.018581715441218425 0.040538700047613334 0.04398252653459236 0.014837827815711576 0.06763459719828352 0.033465937366267524 0.021556635444956566 0.06618467630204034 0.013052360503441876 0.020395189258191018 0.013082356581609946 0.07718034029642724 0.026323153811618986 0.038960538519076805 0.05124039239242845 0.07283626843718943 0.0570982101978844 0.01793700878324556 0.04125233281362878 0.018811414506087337 0.028776274762199457 0.032013892069774626 0.061756374450986924 0.038720651198347805 0.044483914973676125 0.04824888551776187 0.03759834109960545 0.0056956782111045115 0.049117292924720515 0.08698708304629478 0.027247257746601545 0.062349759570557176 0.03564153073304879 0.04132724356127208 0.016540043949943455 0.03349587758442957 0.0406534130509827 0.040230910284169016 0.045236540340567975 0.05709387635959822 0.009587336804965785 0.04362726901972779 0.0738405957086673 0.019160084216034073 0.058250927650393525 0.04912115505898831 0.025351503142507326 0.014807381588813116 0.041065995914953815 0.007254780175059905 0.03655536014209863 0.04742988351141181 0.02102744720417795 0.04626548462531331
 0.03539784868737231 0.02942992554114578 10000.0 0.08232705565319896 0.029471881200960472 0.0431478783965458 0.0617108777523667 0.04389011581254941 0.09400377261461612 0.05590347254479977 0.03799461049376506 0.09048807130804298 0.028601041551957865 0.03250796319522905 0.03432589565630072 0.08453800430065625 0.05532295299537577 0.052308172872268265 0.05044607604343285 0.07719743663009522 0.05863692615106585 0.024089777445694377 0.07032458041216735 0.011224653164335468 0.02474165395425906 0.0342766308315873 0.08147801991146508 0.018391981760410406 0.06768701256293214 0.04174799826935407 0.042919103131593764 0.029221540834848517 0.06089230509298129 0.09557018497191239 0.05388593018372656 0.08939393447136781 0.006955608204027896 0.059254710134910224 0.02175092967331251 0.008305462596452437 0.06317115339990567 0.06151812736115452 0.018947571755542746 0.08307650737353423 0.031189802329923192 0.06265290787094512 0.09906828208300075 0.012017217874109282 0.08432802392781957 0.05540702677228204 0.025331635643166695 0.02968693116362885 0.05992246872038121 0.027500928110166835 0.06540603675609892 0.02999464950389761 0.05031331859101742 0.020443915209621504
 0.04694017554323261 0.05845248687423445 0.08232705565319896 10000.0 0.05324754054107165 0.05340711980448493 0.025269566018542425 0.05247437163865361 0.016094795872709067 0.07137101641278609 0.04461554628898485 0.008213094440565382 0.05379960923950608 0.07595901518551272 0.06648353485816977 0.0520590248032778 0.037745374621215556 0.03644767901948913 0.059075204913072804 0.0563103340021783 0.05629327715689807 0.07612052840426417 0.031946877362731 0.07150356039612497 0.06341216232471654 0.05558155998810707 0.01488768719638933 0.08006956493711263 0.07466078932482055 0.06705367246427218 0.04993948323389193 0.0553087501260162 0.03606863555129579 0.05511555514621258 0.031624855427509584 0.016669682889255622 0.08612477626308675 0.08273457400869391 0.07497153603884485 0.08176155032674463 0.07436329257623707 0.021356361061081738 0.09004872244528506 0.00937473504650026 0.06525978486744899 0.022785645558866453 0.01738864922185209 0.07585399570377753 0.00997150238291689 0.04676430552005428 0.060394550331903565 0.052640604395438405 0.08119815639776255 0.056242500348776404 0.03143073172319898 0.08084514711835454 0.04853485820699437 0.09016407288000422
 0.007649079661309112 0.018581715441218425 0.029471881200960472 0.05324754054107165 10000.0 0.021989986527987726 0.03239421153716341 0.029578502566722523 0.06592767668062235 0.051519011607410216 0.008634193218463981 0.06145319205791945 0.005549671751115711 0.03773094116526705 0.031594493844084776 0.060409664991658465 0.0332632133429529 0.023963324248429948 0.032658681343794634 0.05514688753655543 0.038690621340559415 0.032626458297457424 0.04714225346309979 0.019501049182804313 0.013338866664202977 0.01354339553279409 0.05206531340931099 0.028616078945245767 0.061989194663572625 0.030371015218408577 0.019277755637576218 0.01302571056333205 0.03359406906966181 0.07077971932747193 0.027872866187932357 0.061947498569104545 0.032877945399025485 0.059871319456164994 0.030205228491092227 0.028576520232004205 0.058484660734742726 0.03216028288492355 0.03786650076424046 0.054942382784599814 0.027898887274930527 0.03320462734792581 0.07029447063593222 0.025943621137807675 0.05622941882071987 0.03142942431515082 0.009395145250753136 0.004014495520364894 0.0595475988308148 0.011357267530088078 0.041859758529015786 0.033738823527518336 0.03380557135551942 0.038297013004211386
 0.025694472690593738 0.040538700047613334 0.0431478783965458 0.05340711980448493 0.021989986527987726 10000.0 0.02816456756967192 0.04994315541075962 0.06880523358117858 0.07293707953586837 0.02178962031696335 0.06113766900278039 0.027488072161426954 0.05948359756059635 0.05358031733531688 0.041400347733642553 0.04890458331471545 0.016995157655508575 0.010891569571942504 0.034534697325466615 0.01688642512377514 0.053690225202443216 0.05984629289762495 0.03690300493834039 0.018419792858389367 0.009475832162514493 0.04615342845094761 0.03168176716001044 0.08288209198494004 0.013869092080629397 0.004171948391131681 0.0349090071224625 0.02064319515392121 0.05242376957690847 0.04020162668058187 0.06671459503597599 0.043178887723978404 0.08171735573487224 0.05107201181262405 0.03806358146295291 0.07967254755844158 0.033524629069225445 0.041647294077382796 0.05856632019657428 0.049886806231455263 0.030643951278198515 0.07056727972709477 0.04464128331009544 0.059832353248501786 0.012452995318660445 0.018758577932509495 0.02574868408840258 0.081313487964502 0.03334257823043297 0.05480744542425377 0.02851899573529659 0.05285361858680353 0.04117293090002484
 0.028314042078195382 0.04398252653459236 0.0617108777523667 0.025269566018542425 0.03239421153716341 0.02816456756967192 10000.0 0.044662577607858606 0.040914534857035466 0.06785343757397469 0.024367345651967125 0.03298196483285949 0.03489932284708295 0.06406798207452748 0.0553688264620964 0.03827623602798525 0.035047111235329595 0.011318339991043641 0.03418875879545245 0.03831727519886834 0.032654808783449125 0.061629979737894545 0.039691033409343365 0.05186230424596548 0.03997631359871486 0.03124945613744695 0.019838082786030456 0.05638299932912038 0.07483760708382636 0.0417853341989907 0.02482691139366654 0.039185303845674924 0.012708727954020713 0.04595111227923944 0.02492772001523597 0.03949562034584346 0.0643478124481842 0.07866093612213311 0.05977092965959275 0.0595896358291535 0.07299525578873857 0.008488758696520226 0.0665385685798927 0.031175779008823467 0.05286177620856601 0.0029614225571491567 0.042408452007107744 0.057787542263072464 0.03238345575489827 0.02234266776459028 0.0375476970490214 0.03325603409573754 0.07760106160493563 0.0392167448368913 0.03581314065111886 0.055997814175273865 0.04387813645456771 0.06646144117592392
 0.02425152415461755 0.014837827815711576 0.04389011581254941 0.05247437163865361 0.029578502566722523 0.04994315541075962 0.044662577607858606 10000.0 0.05860031069180834 0.023793709821272657 0.028362015859616563 0.05938171026299615 0.024454516228896717 0.024141663506638517 0.014783692576125896 0.08151514589501069 0.015411032406571877 0.04335622813474699 0.06082557330481859 0.07885664034250775 0.0653268306462345 0.026785774191413172 0.028926282834083435 0.03358733064386414 0.04186459271640302 0.042809468367774994 0.05921420874763639 0.053349217524955854 0.03296411653876302 0.059903695989767886 0.04631590046541927 0.017890558061786726 0.05309137158334947 0.09025715626845347 0.021561301549844876 0.052685568251724095 0.050309210809566636 0.03411988491375537 0.026817389441776696 0.04832291109743653 0.029983058512213053 0.038486753960052425 0.06007377116270279 0.04893721644323366 0.015071123091246894 0.04334834320789989 0.06582731947111845 0.03278396961229065 0.04992673080678092 0.05596456857967231 0.03808953345012402 0.025597068124437072 0.03319865072704833 0.020150016885134854 0.02506226417061177 0.06146979241254275 0.006563433916818542 0.061094932092425606
 0.05893095323974215 0.06763459719828352 0.09400377261461612 0.016094795872709067 0.06592767668062235 0.06880523358117858 0.040914534857035466 0.05860031069180834 10000.0 0.07340340162729339 0.05746856569967775 0.01119433929204936 0.06549771511279444 0.08274052301050284 0.07332702430244635 0.06680734904359202 0.04319242952382728 0.05181643447334045 0.07498610206596049 0.07183679387758392 0.07238175387700818 0.08439562458606846 0.03200498383565634 0.08287608411448408 0.07721033768224073 0.0700957196322231 0.02960551117864163 0.0938034941400121 0.07414987428940187 0.08258573419433805 0.06515418972037049 0.06554421058583876 0.05212744148074607 0.06845264280435788 0.040539886143130886 0.0065145114685184035 0.0984667127501658 0.08447999393578569 0.08369995413380044 0.09443135382077833 0.0748593605363947 0.03565407550912853 0.1035479239071893 0.010986958421993766 0.07289594067861027 0.038236690591294864 0.008748790487351703 0.08618887097822132 0.009706626321839922 0.06276526151538818 0.07389905269618048 0.06463565975122526 0.08272145971481648 0.06687335199751118 0.03407960478124285 0.09556564470169522 0.0533400274533459 0.1038102529967879
 0.04740658319210724 0.033465937366267524 0.05590347254479977 0.07137101641278609 0.051519011607410216 0.07293707953586837 0.06785343757397469 0.023793709821272657 0.07340340162729339 10000.0 0.0517971061458087 0.07704189227704797 0.046014107150948474 0.02429416900704081 0.02227351966750605 0.10520274547329891 0.03434577053152182 0.06714594796020625 0.08381371213463061 0.10264870432035657 0.08879441962525074 0.03225184721214136 0.04141158438637501 0.04849350557762013 0.062197107470417866 0.06505951526486584 0.08053921761898217 0.07013279716286852 0.011786068973567605 0.08165114493346781 0.06952659159367314 0.038600795244881435 0.07682803163403694 0.11371517502493401 0.04345317335496403 0.06694337008583795 0.06285892221042959 0.011365891366022722 0.03425836344452617 0.06263398642582442 0.007383713999959633 0.0609918196441388 0.07446801007711726 0.06566202590574599 0.026054478355366287 0.06626044240367789 0.0816644465745969 0.04393752347077778 0.06635774536899157 0.0796592265183397 0.058817353767454936 0.04753425393362922 0.009931845520484749 0.04056833244351655 0.04021957600245357 0.08001238591986762 0.024133838833050536 0.07580864218436476
 0.004751334530939981 0.021556635444956566 0.03799461049376506 0.04461554628898485 0.008634193218463981 0.02178962031696335 0.024367345651967125 0.028362015859616563 0.05746856569967775 0.0517971061458087 10000.0 0.052822598035530105 0.010578905939800667 0.041899637183478236 0.034335823770347704 0.05562837817595592 0.027951491829858573 0.01750596878242231 0.032600256335447414 0.05157169212956038 0.03700914659389453 0.03815665717084937 0.0406504080081525 0.02766286075130038 0.020310484743504775 0.01626624047967838 0.043783296316934 0.03655174031123352 0.06131947356665886 0.03325842801179156 0.018004051507318736 0.01605085911178879 0.02762974893334662 0.06546385850859451 0.020801627736633313 0.053672563990990664 0.04151162110003105 0.061231982852484414 0.03604612034957127 0.03717578711028004 0.0582928078480791 0.023548055454100485 0.046116788681903026 0.04649475061097101 0.031099976396074782 0.024896675606083853 0.061689236896861635 0.03342215515362234 0.04778771294122138 0.028059213895306558 0.016669331643848363 0.008890468015930348 0.060630457495262295 0.015484933304435707 0.03538405681183498 0.04024696851616635 0.03106602807747402 0.046443658800630505
 0.0550921288894825 0.06618467630204034 0.09048807130804298 0.008213094440565382 0.06145319205791945 0.06113766900278039 0.03298196483285949 0.05938171026299615 0.01119433929204936 0.07704189227704797 0.052822598035530105 10000.0 0.061933746638292764 0.08317151771690144 0.07367675566579845 0.05573596555096183 0.04427751425073132 0.04426491504867166 0.06627176992621013 0.06108945649828276 0.06291864830560001 0.08370724855369947 0.036313975968541905 0.07962609523734224 0.07158667904177565 0.06365170995141424 0.01879748694925439 0.08823993422260906 0.0793691294641902 0.07465512156065476 0.05778292710790334 0.06323614519687923 0.04299631258474391 0.05726376218975384 0.03910125620775522 0.01490967607397047 0.09432889595951548 0.08835632942460463 0.08265645318245729 0.08997355241453805 0.0794708996279714 0.029551667133978513 0.09823581010671131 0.011559408454649422 0.07265667032026114 0.030659407464660317 0.009431372475147705 0.08384303561037973 0.011162000612705348 0.05381985785627303 0.06859382000603806 0.06080197629772459 0.086731123936208 0.06423901176219786 0.03682249987918207 0.08882401771769724 0.05499240142627818 0.09833845458611334
 0.006910194180068141 0.013052360503441876 0.028601041551957865 0.05379960923950608 0.005549671751115711 0.027488072161426954 0.03489932284708295 0.024454516228896717 0.06549771511279444 0.046014107150948474 0.010578905939800667 0.061933746638292764 10000.0 0.032546446008028904 0.026099258737529232 0.06512538738040947 0.02983810908279182 0.02773425825856601 0.038196453375475066 0.06023392142942117 0.044102888698473224 0.027975266270243267 0.04430181309080258 0.017710822491087998 0.017547273729436035 0.019074607035439627 0.05412244550707046 0.03116259752948268 0.056580831255204245 0.03573974312270283 0.02462541590189571 0.007476421603264414 0.037701092680898565 0.07529248347331398 0.02596045341654503 0.06108581532468772 0.03303391979035056 0.054322731706960135 0.025720860111978452 0.02929556875408875 0.05301790436487364 0.03333484529674598 0.039671511217182855 0.05454155864589849 0.022450029027956942 0.03527750435426379 0.07046794608024047 0.022914629160512828 0.055803076490848064 0.03647939802540255 0.01368775072174764 0.0018981052843615265 0.05399856822893686 0.005881733291598147 0.03907997218879773 0.03766346098976571 0.029105708772665252 0.040310853020871895
 0.0371786898972155 0.020395189258191018 0.03250796319522905 0.07595901518551272 0.03773094116526705 0.05948359756059635 0.06406798207452748 0.024141663506638517 0.08274052301050284 0.02429416900704081 0.041899637183478236 0.08317151771690144 0.032546446008028904 10000.0 0.009495437744290887 0.09746425875076105 0.03954835220888241 0.059347686071322875 0.0697677809205969 0.09278033704363951 0.07632749485229226 0.008422136904285973 0.052555748572563336 0.027271605280682374 0.04461269293939022 0.050340032577475276 0.08104900143209155 0.04858591419419319 0.03587221441331945 0.06493716432823082 0.05700264443267809 0.02586041027486357 0.06950107623194661 0.1073603569341037 0.04439229627201605 0.07681643600369137 0.03940209923694074 0.02679148431314066 0.010947782770869892 0.03994751507298156 0.031238434519236306 0.05958929372860168 0.05141801791145263 0.07297985046311559 0.011216596514666319 0.06348616824705296 0.08989353954807425 0.02101085889050699 0.07399711251507977 0.06902583854165696 0.04210094195258665 0.03443040396071194 0.02741490809453091 0.02676332175229922 0.049074645350183785 0.05943955159774359 0.029808765984220133 0.052869050148564856
 0.02959005217810223 0.013082356581609946 0.03432589565630072 0.06648353485816977 0.031594493844084776 0.05358031733531688 0.0553688264620964 0.014783692576125896 0.07332702430244635 0.02227351966750605 0.034335823770347704 0.07367675566579845 0.026099258737529232 0.009495437744290887 10000.0 0.08989889775881699 0.030144295127453848 0.05148480047252722 0.06422756274037011 0.0858180692715029 0.07017798298386486 0.012845229375760233 0.043526056730446086 0.026242527714076026 0.04070328121907588 0.0449000470527112 0.07185916032819487 0.0478605483377165 0.03394513441096215 0.06069623315522888 0.05067961301081564 0.018772969982391367 0.0616289364789165 0.09948523742455329 0.034949771371884646 0.06745533120937695 0.04123012322886677 0.02866745982221544 0.013744223490027864 0.0405800714511601 0.02965712094776105 0.050486270017484 0.05248899745950167 0.06350327144117589 0.003916490242477943 0.054611975560104366 0.08042072594682369 0.02232681338372151 0.06452822158332513 0.06213901110506779 0.037618109261843946 0.027880281581056727 0.0286206271391178 0.020238112158158822 0.039829333180611645 0.057819709417087105 0.020764014271025602 0.053775058828326776
 0.06037725436189995 0.07718034029642724 0.08453800430065625 0.0520590248032778 0.060409664991658465 0.041400347733642553 0.03827623602798525 0.08151514589501069 0.06680734904359202 0.10520274547329891 0.05562837817595592 0.05573596555096183 0.06512538738040947 0.09746425875076105 0.08989889775881699 10000.0 0.07328274099981176 0.038488553641518604 0.035621189110890114 0.01003674284488573 0.02721207192941701 0.09300934214622869 0.0769827841116712 0.07790100983877041 0.05982011394676114 0.05055932752856381 0.03734406772594143 0.07148620351283375 0.11285802508378029 0.04658648171453475 0.04216225901245558 0.07161324493872456 0.02846768306693917 0.011197544458567018 0.06311065203257245 0.06869669369984073 0.08418823806644334 0.11559245786258324 0.09061459575169052 0.07909358268146925 0.11076888111686732 0.046419304578038174 0.08066294989240634 0.06117979585737561 0.0867271681909068 0.04057016190455402 0.06325405340342212 0.08541639231755273 0.061955893931478226 0.029418881682390756 0.05987444281975692 0.06322743916265067 0.11471333380958876 0.07075862359013091 0.07363060853990594 0.0646461495278819 0.08163798307710057 0.07981184604095609
 0.02585487076897358 0.026323153811618986 0.05532295299537577 0.037745374621215556 0.0332632133429529 0.04890458331471545 0.035047111235329595 0.015411032406571877 0.04319242952382728 0.03434577053152182 0.027951491829858573 0.04427751425073132 0.02983810908279182 0.03954835220888241 0.030144295127453848 0.07328274099981176 10000.0 0.03749896407805458 0.05922985152629704 0.07237321099365086 0.06184253289361887 0.04161250359220151 0.015002003405178573 0.044243492947140015 0.046602069639971044 0.04420879967688197 0.04619472084648251 0.06099066570316742 0.03997808142686408 0.061161954850669366 0.044808990828866954 0.026283726265548583 0.0458605686252795 0.08083515739232927 0.010204761947578671 0.03732265811647441 0.0610625671063971 0.04564334626545165 0.04123958673958127 0.05812839542728469 0.03854388133891981 0.027357162643009074 0.06918390522445667 0.03359861673437393 0.029939249818687973 0.032997530551116115 0.05045499271721287 0.04548205921296018 0.03456020274277469 0.05149224746313379 0.04265708539531817 0.03003840845356899 0.044277440989349715 0.02827229657522763 0.010247071340078448 0.06700192285670939 0.010789876226032374 0.06993631105719299
 0.022180102664732713 0.038960538519076805 0.052308172872268265 0.03644767901948913 0.023963324248429948 0.016995157655508575 0.011318339991043641 0.04335622813474699 0.05181643447334045 0.06714594796020625 0.01750596878242231 0.04426491504867166 0.02773425825856601 0.059347686071322875 0.05148480047252722 0.038488553641518604 0.03749896407805458 10000.0 0.02429185797811898 0.03556348965520045 0.024793178223337552 0.0556117450481983 0.04574231766914012 0.04325319909064632 0.02934821888080275 0.020207528173466934 0.030462493650337274 0.04546080910334646 0.07554552546537086 0.030781008680565818 0.013518645894816493 0.033538054010540996 0.010159228711233112 0.048036558635518374 0.02756387653647917 0.04986941215738767 0.05429333385826065 0.07727802342491717 0.05343378024871905 0.049386774241555506 0.07307214004896356 0.016822031569991992 0.05564342300939635 0.04166062630729449 0.04842296644381513 0.013664323118012208 0.053682338327985864 0.049906804466286515 0.042915812684716656 0.014178207145518802 0.027355075130066756 0.02588874193133898 0.07647731658088078 0.03296939045738658 0.041113874479443556 0.04468623174370358 0.04425718714375099 0.055487130405309094
 0.03658138862677894 0.05124039239242845 0.05044607604343285 0.059075204913072804 0.032658681343794634 0.010891569571942504 0.03418875879545245 0.06082557330481859 0.07498610206596049 0.08381371213463061 0.032600256335447414 0.06627176992621013 0.038196453375475066 0.0697677809205969 0.06422756274037011 0.035621189110890114 0.05922985152629704 0.02429185797811898 10000.0 0.02714175534366189 0.008470428885982524 0.06358107942515027 0.0693772104405888 0.045817360675010084 0.026610061690085108 0.01943718689963895 0.04947971809399699 0.03598512769367358 0.0937705993963389 0.01117552320224927 0.014626480124530276 0.0456547940454549 0.023379994205251105 0.04681120439892663 0.05012391087010066 0.0736648753897396 0.04919101474992468 0.09250141706190988 0.060890782611288594 0.0441788350991166 0.0905628188379132 0.04102015478643561 0.04504176081266027 0.06535703306794058 0.060482115953211124 0.037017292039312595 0.07563313875932084 0.05369534110384874 0.06657031935568307 0.012539925445450323 0.028050660177617648 0.03650467614850208 0.09212953428974274 0.04400684535223219 0.0644886750066851 0.029276041942192525 0.06363001138706845 0.0442006585673014
 0.056281595314093644 0.07283626843718943 0.07719743663009522 0.0563103340021783 0.05514688753655543 0.034534697325466615 0.03831727519886834 0.07885664034250775 0.07183679387758392 0.10264870432035657 0.05157169212956038 0.06108945649828276 0.06023392142942117 0.09278033704363951 0.0858180692715029 0.01003674284488573 0.07237321099365086 0.03556348965520045 0.02714175534366189 10000.0 0.018699563929968473 0.08767509354941204 0.07797840816640887 0.07143693960092738 0.05272406393673171 0.04397818382828826 0.04229989216051493 0.06310170205683574 0.11108575184551911 0.03770140476859906 0.03609636064254327 0.06716247540288015 0.026514469683704536 0.020506384954474502 0.06219207962205072 0.07291964817525338 0.07628614426256129 0.11258986103486329 0.08515333166732011 0.07124480561582025 0.10863457382669855 0.046796145186295345 0.0719306760991631 0.0649782046361722 0.08242131476086556 0.04100892340997255 0.06929622150065799 0.07915401133572496 0.06589800883987393 0.02375481136704132 0.053291689483630195 0.058351689840776585 0.1118668230096987 0.06604337258060802 0.07411558887538267 0.055558568951733986 0.07977483460577708 0.07099025905049355
 0.04141438829116085 0.0570982101978844 0.05863692615106585 0.05629327715689807 0.038690621340559415 0.01688642512377514 0.032654808783449125 0.0653268306462345 0.07238175387700818 0.08879441962525074 0.03700914659389453 0.06291864830560001 0.044102888698473224 0.07632749485229226 0.07017798298386486 0.02721207192941701 0.06184253289361887 0.024793178223337552 0.008470428885982524 0.018699563929968473 10000.0 0.07057168763747292 0.07050828682228301 0.05343542136524291 0.03440754388639493 0.026281291409729297 0.04513252584086437 0.04445516351107605 0.0982347487809463 0.019387874939863544 0.019502631182341842 0.05141917776359136 0.020343096314988738 0.038387474721606175 0.052161568760535626 0.0717794329355226 0.05758990555008974 0.09799639303330324 0.0679445473662425 0.05255528799999828 0.09529122492306866 0.04044942536981063 0.05347283763943863 0.0634463169901446 0.06655276976707743 0.035610789993784996 0.07209292923367444 0.06126005707964742 0.06459032078393913 0.01066659833551114 0.03538824702395966 0.0422999130172876 0.09748992296624734 0.04998364737543364 0.06590704745118361 0.037486100131517666 0.06743231940055236 0.05260444515988797
 0.03363978750599769 0.01793700878324556 0.024089777445694377 0.07612052840426417 0.032626458297457424 0.053690225202443216 0.061629979737894545 0.026785774191413172 0.08439562458606846 0.03225184721214136 0.03815665717084937 0.08370724855369947 0.027975266270243267 0.008422136904285973 0.012845229375760233 0.09300934214622869 0.04161250359220151 0.0556117450481983 0.06358107942515027 0.08767509354941204 0.07057168763747292 10000.0 0.05570278324861514 0.01941673424501576 0.03768080471076739 0.04431988537747467 0.07967987943909277 0.04036401088597893 0.04396439225499048 0.057944284816724825 0.051605910103497736 0.02245283051332971 0.06564967371793332 0.10325881508346291 0.044607866672856475 0.07877848545406933 0.03099452178133117 0.0352050622383946 0.0028007193217687884 0.03155628278771339 0.03937236779645031 0.058161535867548346 0.04299592000314532 0.07415631449017177 0.01173217598499838 0.061428484773891796 0.09103537441413598 0.012669672689882158 0.07525824766629814 0.06402108735482437 0.035575660082445844 0.02986276413366994 0.035835880788670435 0.02267679745918928 0.051659465120532086 0.05138525456277485 0.033146192884916374 0.04444853265126995
 0.03952035159353236 0.04125233281362878 0.07032458041216735 0.031946877362731 0.04714225346309979 0.05984629289762495 0.039691033409343365 0.028926282834083435 0.03200498383565634 0.04141158438637501 0.0406504080081525 0.036313975968541905 0.04430181309080258 0.052555748572563336 0.043526056730446086 0.0769827841116712 0.015002003405178573 0.04574231766914012 0.0693772104405888 0.07797840816640887 0.07050828682228301 0.05570278324861514 10000.0 0.05923447516581566 0.06037128980501552 0.05669416262766136 0.044235924377588894 0.07541527297698303 0.04305639684705459 0.0729917551907478 0.055674444730647143 0.04124401291565884 0.05208194524829883 0.08285610204933444 0.01994022808471051 0.025576285250126223 0.0760301680014228 0.052549791281963756 0.0556052827795724 0.0730035224939245 0.04324949932487791 0.031202297050272502 0.08389581179671396 0.02475830139831104 0.043974213062849134 0.036969867342833786 0.04027060641429731 0.06038934724583336 0.025287837548145925 0.05985011385538014 0.05647595447445075 0.04427518611420068 0.05082883563041695 0.04318715732371444 0.0052884684937229915 0.08068776049402832 0.02277550200534769 0.08458841193588308
 0.024604660412447275 0.018811414506087337 0.011224653164335468 0.07150356039612497 0.019501049182804313 0.03690300493834039 0.05186230424596548 0.03358733064386414 0.08287608411448408 0.04849350557762013 0.02766286075130038 0.07962609523734224 0.017710822491087998 0.027271605280682374 0.026242527714076026 0.07790100983877041 0.044243492947140015 0.04325319909064632 0.045817360675010084 0.07143693960092738 0.05343542136524291 0.01941673424501576 0.05923447516581566 10000.0 0.019239409782849676 0.02747213824794321 0.07143496723676512 0.021685512512181253 0.060187643752760825 0.0390480252122564 0.035739034819052044 0.01803768838098331 0.05249480397504904 0.08867557175710518 0.042673459075391586 0.0782036873705815 0.016897252503529896 0.053617536576538526 0.016624806794689757 0.014809026849222428 0.055874933091661104 0.05097288909716604 0.026706049795173374 0.07197229949914356 0.022598833385919625 0.052547605166178055 0.08808912671935373 0.00789252061143824 0.07321617814346958 0.04848218637934783 0.01814533677506035 0.018993240663795027 0.053954276398437855 0.016278382518086172 0.054268480353186696 0.032196159424095996 0.03983885066037126 0.027860143808959237
 0.020867652419448483 0.028776274762199457 0.02474165395425906 0.06341216232471654 0.013338866664202977 0.018419792858389367 0.03997631359871486 0.04186459271640302 0.07721033768224073 0.062197107470417866 0.020310484743504775 0.07158667904177565 0.017547273729436035 0.04461269293939022 0.04070328121907588 0.05982011394676114 0.046602069639971044 0.02934821888080275 0.026610061690085108 0.05272406393673171 0.03440754388639493 0.03768080471076739 0.06037128980501552 0.019239409782849676 10000.0 0.009720959142795062 0.05968202269463823 0.01665996639529487 0.07325115328283288 0.020326913098661574 0.018341823157443208 0.024138636657395855 0.03685137748891649 0.07083255975559649 0.04084101769327225 0.07374377817269492 0.025332848484945283 0.06935411970084414 0.034914378378305494 0.020284393704569394 0.06942184414723938 0.04206634234804552 0.026678940063764988 0.06630890905290433 0.03679093101795616 0.04157567756057489 0.0807573961028851 0.027130611777977993 0.06760936055255164 0.030677330359075355 0.003950147598580308 0.016806362161476275 0.0693182856813232 0.021958154618952237 0.05508329381150928 0.02040025116832591 0.046652450036153294 0.026752180249216766
 0.018982709586838977 0.032013892069774626 0.0342766308315873 0.05558155998810707 0.01354339553279409 0.009475832162514493 0.03124945613744695 0.042809468367774994 0.0700957196322231 0.06505951526486584 0.01626624047967838 0.06365170995141424 0.019074607035439627 0.050340032577475276 0.0449000470527112 0.05055932752856381 0.04420879967688197 0.020207528173466934 0.01943718689963895 0.04397818382828826 0.026281291409729297 0.04431988537747467 0.05669416262766136 0.02747213824794321 0.009720959142795062 10000.0 0.0506698871088141 0.02526050718732116 0.07545391312250654 0.017224022402017956 0.00865133765144164 0.02654342416673946 0.027169478054162716 0.06146651845102257 0.03675637264370646 0.06717335136724077 0.03504616395927066 0.07334085187654062 0.041675107914520025 0.029982693174679435 0.07200275069447491 0.034484758884462056 0.035445280900439025 0.059382891843699145 0.04111586864213224 0.03314975363067651 0.07296823086233639 0.03517805609286568 0.060680460828390285 0.021208994916797893 0.009339515397542112 0.01752748629135895 0.07305356214669191 0.024759112746496326 0.051463704729717195 0.025494278064693728 0.04650675001367999 0.0352800480927774
 0.047317737011302534 0.061756374450986924 0.08147801991146508 0.01488768719638933 0.05206531340931099 0.04615342845094761 0.019838082786030456 0.05921420874763639 0.02960551117864163 0.08053921761898217 0.043783296316934 0.01879748694925439 0.05412244550707046 0.08104900143209155 0.07185916032819487 0.03734406772594143 0.04619472084648251 0.030462493650337274 0.04947971809399699 0.04229989216051493 0.04513252584086437 0.07967987943909277 0.044235924377588894 0.07143496723676512 0.05968202269463823 0.0506698871088141 10000.0 0.07592118883210965 0.08539891761375525 0.0588848923354055 0.043447442646788355 0.057527851459133895 0.026212807945845223 0.04028139853837439 0.037680063185839795 0.031399944663507644 0.08418570944968164 0.09181703974841436 0.0780731761710093 0.07941845559737307 0.08448382634076795 0.02153377540608583 0.08610212942676311 0.024217988510254182 0.06990183862624542 0.018887780718335044 0.02736032567726045 0.07701611194587187 0.02485912486873955 0.0369538298673654 0.05736170000512984 0.05259282627270337 0.09047106292750577 0.05789720746259447 0.04243364282948246 0.07461753689235462 0.05663081267040129 0.08594863952807291
 0.03622230648539717 0.038720651198347805 0.018391981760410406 0.08006956493711263 0.028616078945245767 0.03168176716001044 0.05638299932912038 0.053349217524955854 0.0938034941400121 0.07013279716286852 0.03655174031123352 0.08823993422260906 0.03116259752948268 0.04858591419419319 0.0478605483377165 0.07148620351283375 0.06099066570316742 0.04546080910334646 0.03598512769367358 0.06310170205683574 0.04445516351107605 0.04036401088597893 0.07541527297698303 0.021685512512181253 0.01665996639529487 0.02526050718732116 0.07592118883210965 10000.0 0.0817840578483483 0.025712418369021217 0.03311010170306023 0.035772534593636086 0.05191326850344293 0.08268248059783048 0.05646775857247509 0.09020327180835262 0.01429349546686208 0.07519055198702573 0.03767543640382566 0.010188381698282158 0.07751649113692732 0.05872603898136912 0.010185008660893686 0.08287640310557118 0.04413266677055309 0.058108016481672874 0.09741731746498929 0.027728777339949797 0.08417547819188198 0.043971933965943996 0.019925502122062077 0.031148585823866617 0.07558547385166746 0.033531373537319865 0.07016694531350673 0.011602734686258725 0.059046441336734465 0.01010607976034707
 0.05718935658818432 0.044483914973676125 0.06768701256293214 0.07466078932482055 0.061989194663572625 0.08288209198494004 0.07483760708382636 0.03296411653876302 0.07414987428940187 0.011786068973567605 0.06131947356665886 0.0793691294641902 0.056580831255204245 0.03587221441331945 0.03394513441096215 0.11285802508378029 0.03997808142686408 0.07554552546537086 0.0937705993963389 0.11108575184551911 0.0982347487809463 0.04396439225499048 0.04305639684705459 0.060187643752760825 0.07325115328283288 0.07545391312250654 0.08539891761375525 0.0817840578483483 10000.0 0.09232055590247773 0.0792794749584134 0.04931421929748537 0.08482428407512 0.1207494159950419 0.04992782063304713 0.06764000163831457 0.07464258866410399 0.014422209188399666 0.046021853277389065 0.07440251974831874 0.004666268384370102 0.067329921362979 0.0862474996506597 0.06781122119052764 0.037653583502094704 0.07291935470724513 0.08275024881610617 0.055723591620714906 0.06830682058882417 0.08867580740779979 0.06974633124490376 0.057975660585364644 0.012457575913575275 0.05139102317381523 0.043312822794024534 0.09149161432233692 0.031319937053036095 0.08758254761588992
 0.036205937712163995 0.04824888551776187 0.04174799826935407 0.06705367246427218 0.030371015218408577 0.013869092080629397 0.0417853341989907 0.059903695989767886 0.08258573419433805 0.08165114493346781 0.03325842801179156 0.07465512156065476 0.03573974312270283 0.06493716432823082 0.06069623315522888 0.04658648171453475 0.061161954850669366 0.030781008680565818 0.01117552320224927 0.03770140476859906 0.019387874939863544 0.057944284816724825 0.0729917551907478 0.0390480252122564 0.020326913098661574 0.017224022402017956 0.0588848923354055 0.025712418369021217 0.09232055590247773 10000.0 0.017827053787575164 0.043066758042324016 0.032726679831104465 0.05774329566661106 0.053126688180124865 0.0805774939507502 0.03954279935126539 0.08935528586023793 0.05516347591851476 0.03472169560303093 0.08872684080023881 0.047392349200496044 0.03423095785188765 0.07241444218896596 0.05680863259957273 0.04436493139159656 0.08408384134033524 0.04687170376679808 0.0736767525637888 0.022402201869110995 0.023083883158161476 0.034382499721675036 0.08922020000761952 0.04108493963759329 0.06785049059104636 0.018119376782304592 0.0637272077381305 0.03329513908556075
 0.022138012110731832 0.03759834109960545 0.042919103131593764 0.04993948323389193 0.019277755637576218 0.004171948391131681 0.02482691139366654 0.04631590046541927 0.06515418972037049 0.06952659159367314 0.018004051507318736 0.05778292710790334 0.02462541590189571 0.05700264443267809 0.05067961301081564 0.04216225901245558 0.044808990828866954 0.013518645894816493 0.014626480124530276 0.03609636064254327 0.019502631182341842 0.051605910103497736 0.055674444730647143 0.035739034819052044 0.018341823157443208 0.00865133765144164 0.043447442646788355 0.03311010170306023 0.0792794749584134 0.017827053787575164 10000.0 0.03191704388845039 0.01882126957709578 0.05297061660260937 0.03603893046320521 0.06289141493928364 0.04362043176495259 0.07854638450977097 0.049064659036808275 0.0385353435454936 0.07616410321190871 0.029695867018821816 0.043241090885389154 0.05479697826983026 0.04707159958529968 0.027156502745164016 0.06719846903641866 0.04328461887969511 0.05607181033784391 0.012743418209063344 0.017788848342965086 0.02280788341048795 0.07807675054730799 0.030506878931598088 0.050636526158228334 0.031256477409687344 0.0490056241374367 0.042911945355954904
 0.011362104162456843 0.0056956782111045115 0.029221540834848517 0.0553087501260162 0.01302571056333205 0.0349090071224625 0.039185303845674924 0.017890558061786726 0.06554421058583876 0.038600795244881435 0.01605085911178879 0.06323614519687923 0.007476421603264414 0.02586041027486357 0.018772969982391367 0.07161324493872456 0.026283726265548583 0.033538054010540996 0.0456547940454549 0.06716247540288015 0.05141917776359136 0.02245283051332971 0.04124401291565884 0.01803768838098331 0.024138636657395855 0.02654342416673946 0.057527851459133895 0.035772534593636086 0.04931421929748537 0.043066758042324016 0.03191704388845039 10000.0 0.04367651101829576 0.08151341218243177 0.02503646807863088 0.06059688256319179 0.03478621723801231 0.04685200647446971 0.020613648453951163 0.03191062090876074 0.04566149859829906 0.03612238550871477 0.04322283929349321 0.05477602156807013 0.015262394419388313 0.03906102380495907 0.07127210766897919 0.020684072302321447 0.055983004295301106 0.04343755532723077 0.02049035502384592 0.00916035363282835 0.04652214754168064 0.002266619028717238 0.036241608406862774 0.04358011570316708 0.023289133972003814 0.04409144548119821
 0.03232605384395787 0.049117292924720515 0.06089230509298129 0.03606863555129579 0.03359406906966181 0.02064319515392121 0.012708727954020713 0.05309137158334947 0.05212744148074607 0.07682803163403694 0.02762974893334662 0.04299631258474391 0.037701092680898565 0.06950107623194661 0.0616289364789165 0.02846768306693917 0.0458605686252795 0.010159228711233112 0.023379994205251105 0.026514469683704536 0.020343096314988738 0.06564967371793332 0.05208194524829883 0.05249480397504904 0.03685137748891649 0.027169478054162716 0.026212807945845223 0.05191326850344293 0.08482428407512 0.032726679831104465 0.01882126957709578 0.04367651101829576 10000.0 0.03787754149516289 0.03567763303779369 0.051437976917502855 0.062177328141772646 0.08713881059990025 0.06342181070704986 0.057135528796722235 0.08254953720467263 0.0210266389521058 0.06201761544694224 0.04310663506617213 0.05858171135236664 0.01564882193122329 0.05231388374191822 0.05945029428645472 0.044247660310406715 0.010852752493346912 0.03557809987501031 0.03583076465605541 0.0862806523966859 0.04305365422775956 0.047941012078896346 0.04908068819787575 0.05351178367342519 0.06163869315065275
 0.07018213010291365 0.08698708304629478 0.09557018497191239 0.05511555514621258 0.07077971932747193 0.05242376957690847 0.04595111227923944 0.09025715626845347 0.06845264280435788 0.11371517502493401 0.06546385850859451 0.05726376218975384 0.07529248347331398 0.1073603569341037 0.09948523742455329 0.011197544458567018 0.08083515739232927 0.048036558635518374 0.04681120439892663 0.020506384954474502 0.038387474721606175 0.10325881508346291 0.08285610204933444 0.08867557175710518 0.07083255975559649 0.06146651845102257 0.04028139853837439 0.08268248059783048 0.1207494159950419 0.05774329566661106 0.05297061660260937 0.08151341218243177 0.03787754149516289 10000.0 0.07082246597589323 0.07131085058395602 0.09533570565767067 0.12437099548429396 0.10093300541650421 0.09023570006374802 0.1189459468697394 0.05351706782273533 0.09185181787058412 0.06447953133301115 0.09645922321976472 0.047840312312307155 0.06359430272498633 0.09609676454526972 0.06506763567423024 0.040261593047146695 0.07074361448095871 0.07340055807080058 0.12338694420127051 0.08080129331952589 0.08001652260235691 0.07577295898539417 0.0898190403676444 0.09099190773441783
