NAME :TPP_input_22_4_4
NUM_VERTICES
85
NUM_CLUSTERS
22
Full Matrix
 10000.0 0.04957504733626876 0.05627927184249072 0.049564396582043396 0.04480660467460727 0.03869283369059282 0.07633038450274071 0.07727451546663384 0.06579817434619273 0.031179663695522174 0.0628342003559945 0.014536418551011525 0.06124473358947885 0.05236244567106798 0.052478890369888426 0.04744591720681109 0.0559861722846443 0.049232621001408815 0.05684572528028259 0.05480329443416078 0.03202186832045708 0.06909618893213412 0.054941246385821894 0.046632853982131545 0.0148359997598235 0.08853905543765879 0.05761300697667872 0.05127090568859548 0.062146824155073395 0.0861568662065604 0.06354783848607595 0.07753285703576727 0.025705754154590005 0.06105274764867941 0.050696416283971084 0.0871182762153253 0.05903133133615077 0.09876995555249536 0.0864365204389505 0.08352963637762006 0.060786883088295975 0.08150377368857696 0.07129377585962493 0.037095384858253436 0.06296511931873018 0.005732782337098288 0.020301854164959696 0.05863203328793074 0.017710169917949683 0.06554722533310679 0.020326632214964255 0.04008159861377163 0.05626402330662052 0.08103657394128116 0.06843660251249623 0.08849511931083116 0.009845018116373986 0.04122282169524387 0.06450316711730986 0.005860127173139856 0.016029626921119727 0.0415344563768477 0.08435347114896598 0.05906343410912144 0.05975837043690531 0.025007669378862146 0.051072715094927966 0.041201667600781186 0.035260729711321076 0.012706680266187409 0.04043197114940346 0.07319247558507838 0.04529160313514644 0.06030378763839858 0.08532372252974886 0.06383422502208952 0.01568316331831087 0.019766751992060034 0.03743851863930045 0.004362621035712183 0.05676317608526218 0.07959628538255636 0.016822003033634174 0.039604163140420694 0.06489243293749959
 0.04957504733626876 10000.0 0.06594940121063994 0.09608132312669547 0.09130423600669503 0.014547510408976639 0.08396358280807809 0.09114683883728186 0.03164579652280906 0.04633068518715039 0.03604029581057487 0.049344635639393813 0.08981872632774486 0.04600494435469372 0.08780022748224095 0.07026806043432104 0.08168748183647345 0.03199407202296996 0.07305344828667416 0.03498779164065551 0.06527722558601343 0.06493227945452747 0.0320211223271407 0.0076463813367089895 0.038543495227357866 0.08427185648706964 0.042290085249305734 0.0797449659020858 0.08505563939448407 0.09352305268591492 0.02570204635877933 0.039196083584223294 0.07207892763483148 0.09656879703713561 0.07083120861962126 0.07691845802935719 0.10362390172747976 0.09922520898618663 0.0855415541562335 0.08352385526298337 0.07523578119682195 0.07021444009445704 0.026683984224187794 0.08405107812045699 0.09322180979539009 0.04848350588447199 0.050640239197064944 0.08814722280969643 0.05180415465831355 0.08697987645471672 0.0636648295139516 0.08600145885236413 0.032195079739407266 0.07479533209079661 0.042218605633036095 0.049447283437269625 0.05941815502540957 0.08661503763232592 0.029486737619312912 0.044046165701779515 0.04471417141593821 0.08188835355897257 0.09981801364437422 0.08839724077312128 0.10412261619921431 0.03633404406541416 0.034675442151730025 0.05532060343021203 0.0827616689556077 0.06202348882477304 0.023790042014922064 0.09509483513332384 0.0789768655692239 0.09006983014627985 0.09337518018818788 0.02621055130282026 0.06519677839407584 0.030397529302661753 0.03294614941172575 0.05354882281472694 0.09685044100932488 0.052941986947045945 0.0454176579876204 0.04790393503972032 0.08758305855464243
 0.05627927184249072 0.06594940121063994 10000.0 0.06442018786757672 0.06140722824287846 0.05257452621072707 0.020524204795712993 0.025312816459773044 0.05160962240649392 0.026422632809309156 0.042971297905375454 0.06992581584471266 0.0318088063396925 0.022192687009113695 0.039044896682371176 0.016881940741523032 0.023766586637988054 0.035841698913602595 0.009514276088789658 0.03621148399305394 0.0315086015594055 0.018989243680441914 0.03949294258276327 0.07002099356145383 0.06348502598688174 0.03377576787839178 0.030529451628582643 0.026215386647860148 0.023075354077393237 0.030638713151595512 0.055360373315693705 0.06089643337109048 0.05229223716513167 0.04461532372821634 0.013398405541093816 0.03606979627996809 0.06471603925992779 0.04250263434725295 0.030656172785004224 0.027678596822503926 0.009798560383332296 0.03283401000676504 0.06676955109002891 0.05864633483844523 0.03595046769033881 0.0505475260907547 0.0360746975194665 0.03178050662118517 0.03898765937480685 0.023410861850175445 0.045646699123035483 0.05696511002456285 0.04041577186774303 0.02853306846615051 0.04312695243526595 0.06795276581037582 0.0591125937987656 0.05603007611870754 0.05233526098024511 0.05708777728637471 0.04086702097220118 0.044159871839445405 0.03392685091579072 0.03172793562778607 0.06456104815011386 0.07254084496268853 0.03399225784201869 0.015204280085972226 0.059566767986002606 0.057750870595698 0.0774201229278825 0.030638301054700733 0.03296367417818747 0.03328163954342973 0.03002579347942715 0.05516534346612314 0.0631590449997176 0.058897171902433994 0.03350998889486745 0.05910004788394767 0.051605400399519406 0.04764355057079594 0.07041726088202345 0.019783411158155857 0.024788679656455096
 0.049564396582043396 0.09608132312669547 0.06442018786757672 10000.0 0.004808315413509221 0.08270472815804027 0.07616220809590672 0.0698257369759438 0.10211715362565169 0.05668064644148934 0.09584403320867796 0.05960524193182366 0.04258970308531147 0.07688511573231019 0.028932583120410547 0.047567206200373316 0.04518149693165149 0.08270774621197274 0.057539962894968294 0.08692869374027297 0.03644861531894003 0.08331729030614031 0.088794426921244 0.09471988313173554 0.06430721459184599 0.0959006735626896 0.08559195920963727 0.04020878880070361 0.05104129818227341 0.0826554773858639 0.10239793377068265 0.11388887795258344 0.024241079875380357 0.030888477548233265 0.05133687364537239 0.1002561412120901 0.011252282669122619 0.0987578068357445 0.09123166213426202 0.08840873109692109 0.06095191776189889 0.09724518170018406 0.11253530156692486 0.01246901485277716 0.04063474140465406 0.048469032967038334 0.046763087458535 0.04024518288460043 0.04482921156522284 0.05441239954036563 0.032431311528176306 0.010104875994360538 0.09019137331077039 0.09255414007564153 0.09929252694715682 0.12369221419002616 0.04106498251118128 0.009804810910337308 0.10162818748913094 0.05533942990553992 0.051613570881051264 0.020279387219985907 0.07238089978832178 0.040664909718588015 0.012244127704950081 0.0739133466442414 0.0830380243717439 0.0568872488368623 0.014445649727047082 0.03747987741762174 0.08999630215447522 0.057610502901868775 0.03178592998323878 0.040402286864944924 0.08136705802741641 0.10250230809543272 0.037671556525305565 0.06866513277697775 0.07152978924991533 0.047127965761286555 0.020081321194535415 0.10770237624079901 0.06374065003938191 0.06214930805204572 0.052459689264210796
 0.04480660467460727 0.09130423600669503 0.06140722824287846 0.004808315413509221 10000.0 0.07797461818504517 0.07412749848384925 0.06839208690278661 0.09775890868059249 0.05237696364500594 0.09162696195434888 0.0550811097131208 0.0416076997335746 0.07297436946439285 0.027763117837525688 0.04466557305821386 0.04331940578069041 0.07838127211244357 0.054974033465896396 0.08270008887539092 0.0324859644198712 0.08018289105953978 0.08449145947860305 0.08991420276650476 0.05957142299878119 0.09347409735392695 0.08157654870246217 0.03809865325920238 0.04947233223935605 0.08105176534670318 0.0979178123897586 0.10957165596113123 0.01943308695137855 0.031097210041178686 0.048552147951283826 0.09739939477309816 0.01508623099031028 0.09702582772117206 0.08897285907396044 0.08610609306095668 0.05853863165195508 0.09415769431382151 0.10797155459589428 0.0077339901964968046 0.04008563140526051 0.04366213320840346 0.04216720426929683 0.03910135247614845 0.04015779408661808 0.05296943037031922 0.027674887251380106 0.0054391331815081675 0.08589342218962072 0.08974552192372982 0.09521485897746239 0.1194703702338444 0.03642301698553776 0.005571736341727857 0.09722787163554866 0.050568281363379736 0.0468887053446825 0.01739276720019923 0.07149125437206293 0.03954609997545559 0.01599666566377388 0.06924284865865617 0.07878765969919745 0.05312536069817256 0.009869616183891206 0.032815314793288794 0.0852354395818053 0.05679723328902627 0.029323968865200955 0.039483190588773955 0.07978831039609041 0.0980310314564047 0.0332441782387249 0.06386345081087781 0.06708239234986922 0.042440257956445536 0.020858492704682895 0.10383970259441912 0.05916293038881131 0.058110681525939775 0.05110005347257419
 0.03869283369059282 0.014547510408976639 0.05257452621072707 0.08270472815804027 0.07797461818504517 10000.0 0.07146200231560447 0.07788538813225285 0.030085382345744285 0.03179755117815355 0.03075784765548358 0.042111215815264016 0.07533293701091433 0.034305034651998495 0.07329552828533904 0.055848168698848705 0.0672571238295348 0.02171771629534266 0.05914699984736698 0.026310505810933988 0.050878934074060564 0.05406428175904686 0.024272456032767446 0.01744686309217632 0.030930595703032266 0.07419542913812506 0.032859948193248785 0.06521950549812155 0.07080832460100263 0.08129362853494877 0.026177414621514516 0.04075578739454989 0.05905012978410498 0.08204361057907818 0.056564508143761495 0.0681453771711602 0.08977727718780204 0.0884577038597903 0.0747249246866371 0.07245443892713004 0.06156384606031582 0.061485327472730215 0.03267068662366332 0.07094368732491226 0.07870383218570888 0.03645896512404515 0.03655809886549223 0.0736300180992152 0.038001756109681845 0.07286173644051791 0.05031512250124359 0.07259988578945605 0.025036901708764388 0.06487978416430448 0.03725626756416256 0.05179508627413951 0.04830776801553225 0.07309100902618755 0.028296294423349702 0.03379609367364491 0.031091560934225815 0.06772691270504144 0.08649487963896534 0.0738850108052052 0.09023468637135068 0.03283550149282655 0.02456625748764085 0.04108435961591852 0.06984435981088001 0.05045049977067758 0.027791929039997224 0.08103421732562731 0.06446619774088301 0.07555328254012587 0.08102630763167137 0.02656095726340895 0.0542966007383287 0.02204205356499936 0.019094101806454548 0.042958838966970045 0.08253423520724555 0.04891082930066304 0.03904437643489145 0.03382973441072584 0.07337902135612673
 0.07633038450274071 0.08396358280807809 0.020524204795712993 0.07616220809590672 0.07412749848384925 0.07146200231560447 10000.0 0.011392979647514987 0.06421597260485909 0.04694506172533912 0.05542338422846423 0.09021763666737685 0.035527777995888896 0.03806000214341274 0.047674492730358294 0.03157795038503651 0.030999660748339205 0.05232885824926694 0.020593603684048407 0.05096983881695656 0.04869370591614922 0.022336261856550504 0.05437206021537784 0.0887737067584877 0.08400041949426355 0.021033228079079147 0.0439558948926386 0.03603230171684149 0.025718830316420603 0.01013580222232757 0.06920586473525474 0.07107107856038504 0.06902453692261051 0.04980846858346438 0.0275320091510957 0.02924001166775315 0.07360451280652808 0.023499246187206238 0.015564210047423026 0.013129233719954692 0.0165166882207489 0.030121131240560043 0.08011532527658263 0.07309917133201424 0.0390473196823531 0.07061991435866612 0.05603035421411656 0.03708625235990044 0.05876933154296567 0.023047207016429407 0.06369478768203489 0.07056425370707523 0.0549267823020002 0.022242342025902057 0.05330433488618175 0.07560067958607534 0.07833453372842072 0.06926724236971366 0.06547275531862551 0.07744530332918183 0.061218218424242424 0.05692523964618832 0.018671382326958776 0.036776157677092455 0.07318411952314807 0.09304711773919336 0.0499226431442313 0.03564209853087102 0.07450816089312189 0.07659490648480449 0.09732328445075263 0.025036165535831864 0.044892893308867025 0.037682522299974236 0.009641491569553847 0.06890010932242109 0.0818548051760008 0.07935855044133097 0.05276683092828954 0.07890033477143374 0.05946006659661947 0.05341241220518814 0.09085194132823443 0.04007715782460135 0.025185203786787895
 0.07727451546663384 0.09114683883728186 0.025312816459773044 0.0698257369759438 0.06839208690278661 0.07788538813225285 0.011392979647514987 10000.0 0.0738893094923955 0.050283489840901724 0.06505523335440212 0.09161528756248778 0.027537386749914763 0.046116869080586105 0.040894981537100736 0.03008299921559636 0.025426094582948384 0.06032208159517344 0.020662074151535814 0.05973233133462571 0.04710089795143901 0.03292380408451637 0.06312759762848252 0.09533110377069928 0.08663143883995075 0.031434977134744316 0.05309218310551689 0.03099959898649794 0.018946859812573026 0.01305515047795014 0.07849739770234354 0.0814531454479024 0.06618841761498118 0.04136083292407332 0.026591912065492513 0.04044613459588325 0.06591307234299174 0.029296676280908703 0.02562132063754661 0.02370607206590216 0.01709563738854691 0.04151361232902582 0.08965120130429212 0.06846675201942322 0.030442244678902886 0.07170864899029639 0.057228163838932034 0.029646004391140252 0.05957771179658607 0.015429440409698902 0.062209030352177536 0.06545611950421185 0.06383681385143912 0.03361047167721397 0.06352460170059558 0.08649411422689095 0.07784308714631359 0.06397626001286195 0.0749845112630332 0.07921441380322763 0.06323471670325008 0.051825563513856296 0.008694324587262728 0.02925085958876743 0.06538319369805752 0.09628453049691506 0.05816254406513418 0.03883259455041803 0.07016910141515871 0.07564843568506646 0.10242296671229137 0.014544666399960103 0.04006938896957495 0.029765161856552966 0.011716575083377452 0.078229910201691 0.08063013687960076 0.08302490043609734 0.05882205815242396 0.07930408444649403 0.051724782080130025 0.06443136422660226 0.09280467054189814 0.044767389603207204 0.017368545270813097
 0.06579817434619273 0.03164579652280906 0.05160962240649392 0.10211715362565169 0.09775890868059249 0.030085382345744285 0.06421597260485909 0.0738893094923955 10000.0 0.045454686456206136 0.008834112269468813 0.07167538063868788 0.08199260460297907 0.029672523307236843 0.08498863069311896 0.06299304760929302 0.07346158594622006 0.01944385423997259 0.0607963979964501 0.016101085231012006 0.06620233122516932 0.04220585556094738 0.013521956696400243 0.039185510247702754 0.06061935769985669 0.05825042800415088 0.021119409299612053 0.07374241118891509 0.07437000552221351 0.07228271175956352 0.006455296121110908 0.011976488485308225 0.08080072365112191 0.09262503836678668 0.06167743795697218 0.04903394213072891 0.10677399920720168 0.073961449578414 0.06099677248776168 0.05968518880968313 0.061326743275731996 0.042641326659181744 0.015935828859997257 0.09181677981252201 0.08600205756321194 0.06212662718691708 0.05623026634182843 0.08123204000530732 0.058858121441487166 0.07500815759807573 0.07164692411999893 0.09235569062090744 0.012199046805937842 0.04901707733813936 0.012351108754990195 0.022728514728967055 0.07457951029412999 0.09233525345486246 0.0021730622218613578 0.06184948876136447 0.05360958786892051 0.08383257830808306 0.08234478767277582 0.08131749810859443 0.10698512251362216 0.06284189262831613 0.019558634874662195 0.048212936680785974 0.0913595095035862 0.07591240580961377 0.05461306668848618 0.0821320609855323 0.07663611189980424 0.08300539050425884 0.07252314897878288 0.00596064474438375 0.08057866534651133 0.051794533682204 0.0308741174444984 0.07015797671608873 0.09646791335241194 0.021514953554768512 0.0689135425446606 0.04121201273501663 0.07630245962982313
 0.031179663695522174 0.04633068518715039 0.026422632809309156 0.05668064644148934 0.05237696364500594 0.03179755117815355 0.04694506172533912 0.050283489840901724 0.045454686456206136 10000.0 0.03930976544871395 0.04400108399788426 0.04359602411211104 0.022779840909813914 0.04202604953298958 0.02438202645938765 0.03568359384011939 0.02602877093950758 0.029881958570984184 0.03037695554827612 0.020962180521378226 0.03793839364922688 0.0321180606891997 0.04837278568777653 0.03706831213866884 0.057433592446135356 0.030169983000511345 0.03342357192548283 0.03983063447558072 0.0570477860076055 0.04612128144679176 0.057208943447048674 0.03646770469017628 0.05058072391838227 0.025755849567204225 0.056059322906893666 0.06155380341388714 0.06835422211186583 0.055597373149180666 0.052747011384978316 0.03319060135592363 0.0506519322703598 0.056802033184997755 0.046754940526384625 0.04691284982137611 0.025559354826110867 0.01289020776256697 0.04184052598014615 0.016107282819193203 0.04231884099451737 0.027570916066391234 0.04700383958476718 0.033518139893212354 0.04986120519695537 0.04330063476804061 0.06712563684574495 0.03621938745601545 0.04691556665626254 0.04503841955001738 0.031084521537046675 0.015174775356994302 0.03864693307122681 0.05838881043838402 0.042101623122445864 0.06182501115991216 0.04620558534220972 0.026436812493607877 0.011486326889177952 0.046560766678190466 0.03595121776506004 0.05269817956684341 0.05057157418476733 0.03321390827102139 0.043764217846325004 0.05639947232354688 0.04617713594943951 0.041379212475786624 0.03275464997090028 0.01543252869463804 0.034631871895945625 0.05228623511503483 0.05295162616986891 0.04416032282890862 0.008484028604183617 0.04252342283674403
 0.0628342003559945 0.03604029581057487 0.042971297905375454 0.09584403320867796 0.09162696195434888 0.03075784765548358 0.05542338422846423 0.06505523335440212 0.008834112269468813 0.03930976544871395 10000.0 0.07034639573466869 0.07371354002362906 0.02131601830547061 0.07734854571351375 0.05500905920991685 0.06521351132145178 0.013878401274126843 0.05224889679197369 0.008933044319686554 0.05955941902245337 0.03351979381641271 0.007897668579064154 0.043151305170426445 0.05962484165949986 0.05031898693671501 0.012444325627616867 0.06577648739072926 0.06585557114502284 0.06361134437486834 0.014087748559239584 0.018581427728760862 0.07546063910234423 0.08474419872011606 0.05346145335676951 0.04170060179102059 0.09989634397632127 0.06592080627918603 0.05273044105298311 0.05128063649908909 0.05264081071784505 0.03511678491340336 0.024691983018657743 0.08605206164996156 0.07776083546502363 0.058614973458447156 0.0509768145569139 0.07306636648924314 0.05382909062036292 0.06638215958142085 0.06636953016893848 0.08628011702758043 0.00657528530056474 0.0409466710896519 0.006508937996642318 0.027848295480555153 0.0710191290948378 0.0861283835821387 0.01007983752715584 0.059504230088747063 0.04931143840296181 0.07701716686689265 0.07351473094420412 0.07313112447190576 0.10005362325490927 0.06330611269611207 0.012886664289658872 0.04063349931541857 0.08578673634572395 0.07197270562264725 0.05747180883831316 0.07341094144021602 0.06918316636689562 0.07480623053184936 0.06382031425011729 0.01371374407549043 0.07691432899039835 0.05107782024236214 0.026021224598483036 0.06714028928613101 0.08908528627820905 0.018166715642400254 0.06806670040887063 0.034047526074318324 0.06772392443247227
 0.014536418551011525 0.049344635639393813 0.06992581584471266 0.05960524193182366 0.0550811097131208 0.042111215815264016 0.09021763666737685 0.09161528756248778 0.07167538063868788 0.04400108399788426 0.07034639573466869 10000.0 0.0756526957954034 0.06336302855094814 0.06637033615906662 0.06190944345386391 0.0705163871183562 0.05759108162510128 0.0710879481421154 0.06322361925927238 0.04652266347540266 0.08137401624574937 0.06266234317323024 0.04441018057818655 0.011194980625539721 0.10131139694197763 0.0672589433864925 0.06576153473364306 0.07668205904599683 0.10014980297132249 0.06825903926034056 0.08278605671797502 0.03739570045402895 0.07473684562366878 0.06507868814652072 0.09898991355465606 0.06996615719869323 0.11226485922520915 0.0995984543957401 0.0967449437302479 0.07497238672183502 0.09304951474764962 0.0741461910163917 0.04743200862969579 0.07724497502697375 0.019922485694355 0.03441771393105225 0.073009745823912 0.03206550592295494 0.080075065802251 0.033955962536688276 0.05102134720596775 0.0638526754929808 0.0933650758415954 0.07644576831206724 0.0938440258106921 0.018994770326002247 0.052435028200631575 0.07006386253606127 0.012917137255525573 0.029065933870981015 0.054756649924976926 0.09880588066185486 0.07344791701444334 0.07079177815639255 0.015756271998503057 0.05985619791030719 0.05473061221219856 0.04521385502735158 0.022649510248971442 0.033563283785230186 0.08772860419713012 0.05953266267745156 0.0746482355165486 0.09936178628483361 0.06862802096306025 0.022030147269811853 0.0200743552568176 0.04684585056327077 0.013974247532345559 0.06954519028210378 0.08802341299271335 0.004592255642668706 0.05212537214008725 0.07942857973457751
 0.06124473358947885 0.08981872632774486 0.0318088063396925 0.04258970308531147 0.0416076997335746 0.07533293701091433 0.035527777995888896 0.027537386749914763 0.08199260460297907 0.04359602411211104 0.07371354002362906 0.0756526957954034 10000.0 0.052401036228844344 0.013851678284747624 0.01973331262553333 0.008548500989326894 0.06415802682773052 0.02235591526737944 0.06599568266071304 0.029357925480226872 0.049305321577963725 0.06898412521005175 0.09193058637991257 0.07372435722703188 0.05640882918731637 0.061392394460077 0.010490132862173304 0.01003204474545229 0.040558823500345134 0.08485878027028945 0.09207230687087462 0.043460629788901015 0.014297522528493511 0.020332989551823916 0.06309340759026766 0.03841400924428421 0.05679657875956487 0.051086661574630585 0.048545117032256405 0.023821876979590664 0.06188873113379949 0.09626319452492518 0.04287187489236048 0.00414273226887787 0.05646904821544971 0.04402948297963951 0.002809070732738154 0.04511227042514221 0.012525411047631028 0.042396240817902636 0.03937187116420444 0.07011982167983889 0.055406257510993456 0.07460293899021471 0.09962127462463324 0.058771021494402734 0.03772485951347471 0.08240044928368294 0.06486471680487019 0.05107976818564032 0.026343051124960996 0.02988424656365054 0.0023282794427792707 0.03791423192161804 0.08422350943310129 0.06301399995306659 0.03512557114409332 0.044901972440317885 0.05581878997490778 0.09466504845261565 0.01522393448832761 0.01655442869696036 0.0022277938139307297 0.03923284840537019 0.08474862789309158 0.059977561063214425 0.07284195524607881 0.0574493203737716 0.06197053673739154 0.02421286321484224 0.07943000926884734 0.07799058283508349 0.042767711097195585 0.010404392681384683
 0.05236244567106798 0.04600494435469372 0.022192687009113695 0.07688511573231019 0.07297436946439285 0.034305034651998495 0.03806000214341274 0.046116869080586105 0.029672523307236843 0.022779840909813914 0.02131601830547061 0.06336302855094814 0.052401036228844344 10000.0 0.05641618258492357 0.03381403290108536 0.04389756957872144 0.014291838707830004 0.031174131265190825 0.014019825598137005 0.040488668849262804 0.019922992948271084 0.017308606705093262 0.05121343841345212 0.05428105917336318 0.0403523000833934 0.009174864089759932 0.044569508299710216 0.0447123057143248 0.04752010730507313 0.03317276674686785 0.03977355260646347 0.0587352895199501 0.06356985697910797 0.0321486919356979 0.03596782208685106 0.07989209099035442 0.05419273049986521 0.040475746504378095 0.0381572743485481 0.031988982814925015 0.029774882175974727 0.04459303182034482 0.0681955232561665 0.05644501095040295 0.04710368179839011 0.035659445876485917 0.0517575898987011 0.03885990084723583 0.045468487404093275 0.050095774234121426 0.06780631526138808 0.01822493338641373 0.031346454039523804 0.022953432776191253 0.048081639280494935 0.058591603008717595 0.06740552759475257 0.030252079802589604 0.050834938048757536 0.03666047429363389 0.05730031066448695 0.054793758780941774 0.051818670514719 0.07996665895183305 0.061181842472285974 0.012045962461304873 0.02019944296761176 0.06832577977785752 0.05859375805454576 0.061521339870586354 0.052830821375132515 0.04852739861976243 0.05349196186735312 0.04739028405443658 0.032984448102672134 0.06396938555134114 0.04733893702145229 0.017530763461331672 0.05624585642744179 0.06841766082705347 0.030882210864722967 0.06240732258483058 0.015138953298238497 0.04669337811663722
 0.052478890369888426 0.08780022748224095 0.039044896682371176 0.028932583120410547 0.027763117837525688 0.07329552828533904 0.047674492730358294 0.040894981537100736 0.08498863069311896 0.04202604953298958 0.07734854571351375 0.06637033615906662 0.013851678284747624 0.05641618258492357 10000.0 0.022917809441802026 0.01681801416660772 0.06603249562016661 0.03066425540439217 0.06892343508618562 0.022923236550065642 0.05785843986850181 0.0715328863321627 0.08877446764694427 0.06618198060386805 0.06799143397091487 0.0655880936580957 0.012861190693488329 0.02219227420911386 0.05375920212306835 0.08689014444131572 0.09592985902934444 0.03142760609352868 0.008942010766313445 0.02571904283577727 0.07346484649968552 0.0261936078697894 0.0699092010871485 0.06301974161638119 0.060295734185696656 0.0334751976012941 0.07132566519860452 0.0980237360930837 0.029263724273491575 0.012832563710563499 0.04843895108587968 0.03838741535778402 0.011354441595202663 0.038516078433456793 0.025492213838086877 0.03241572960587189 0.025619293303501135 0.07280872754230931 0.06569585105353334 0.07933736706745681 0.10449367202688468 0.04832821447278773 0.023934238200024494 0.08504598428262951 0.05689757067911079 0.045346141841799414 0.01321540008277084 0.043730105864232996 0.011791634599755314 0.02589475790287458 0.0767744236688947 0.0654633201754192 0.03678007369043552 0.031406888652809016 0.04504789282354062 0.0891678959052107 0.029065644983072236 0.008836559917459194 0.011760933538850703 0.05246257615381606 0.0868615544113975 0.048585108158558855 0.06683677916184787 0.057219184785012304 0.052410156183104184 0.012567106489565726 0.08579802943217031 0.06925806662257832 0.04392002085856493 0.023527556217041886
 0.04744591720681109 0.07026806043432104 0.016881940741523032 0.047567206200373316 0.04466557305821386 0.055848168698848705 0.03157795038503651 0.03008299921559636 0.06299304760929302 0.02438202645938765 0.05500905920991685 0.06190944345386391 0.01973331262553333 0.03381403290108536 0.022917809441802026 10000.0 0.011421562165329205 0.044672164301215296 0.011030687733317722 0.046900354328812136 0.017257434637371328 0.035854123491650014 0.0497447861307063 0.07270254424385746 0.05788275841456785 0.04922266707903544 0.042976142453894806 0.010767438843710387 0.015676867210041114 0.04041399976522783 0.06549309584294517 0.07355190487562198 0.03745689101741349 0.029756107871609802 0.004095176550908561 0.05273871201825936 0.048009435217379326 0.055073979312157975 0.045179436305002686 0.04222280596759342 0.015065729367401767 0.04971336563755133 0.07684252510885842 0.04238605622744527 0.023453944271391036 0.04199828753542581 0.02784913356256898 0.018473946235943634 0.029872684803569933 0.018597219136208733 0.03238937776154648 0.04039990664438342 0.050941476119248964 0.04508045195664478 0.05661435907005238 0.08178689417174721 0.04777540453042949 0.039366721665919126 0.06325041845446165 0.049846098128132524 0.03441850681351282 0.027338843834396342 0.03690776131246342 0.018629382530768908 0.04790161928883884 0.06800956601340644 0.04370800017127365 0.015409543653418872 0.043532531521249425 0.04566504541929905 0.07663214042524598 0.02672091956917892 0.016122808911753692 0.02033809095887781 0.03937772104195392 0.0654091745846113 0.050752216187856095 0.05555413533175854 0.03773427303005239 0.04928776035650604 0.03531565938976279 0.06288134927571853 0.06342239928561115 0.023045838481423313 0.018441161300729245
 0.0559861722846443 0.08168748183647345 0.023766586637988054 0.04518149693165149 0.04331940578069041 0.0672571238295348 0.030999660748339205 0.025426094582948384 0.07346158594622006 0.03568359384011939 0.06521351132145178 0.0705163871183562 0.008548500989326894 0.04389756957872144 0.01681801416660772 0.011421562165329205 10000.0 0.05562009390981462 0.014567167787557705 0.05745343306063288 0.024063805769489528 0.041926018244210876 0.06043626499490351 0.08405030648796456 0.06761044326491437 0.05117443295577086 0.052922754935685073 0.005621885517567504 0.006754776779866646 0.03778865124173529 0.07631064861841123 0.08360950437520262 0.041257105999153026 0.020950969526979713 0.011788816412886219 0.05682551990940403 0.0429854361648641 0.05370651470132702 0.04623986483010653 0.0434942704157933 0.016847366636745378 0.05501710038069096 0.08771644265045622 0.04304830290215853 0.01254773966632967 0.05087055577936371 0.03754773878120578 0.008027658199245924 0.03904736260606439 0.010477729388163512 0.03846743514942842 0.04011525369645911 0.06157402688577275 0.04906334931725812 0.06622283607992985 0.09129674691917933 0.054712802013930445 0.03868877439262703 0.07385764788085458 0.0590862193632986 0.04445784986455341 0.026446685525487824 0.030161057653255774 0.00801028133695452 0.042651964775653244 0.07796693058973937 0.054465635014606044 0.026704715426241962 0.04474419991299065 0.05208596392581683 0.08750089470105597 0.017285842718825536 0.014648935335873855 0.009635816160287532 0.03654767511949285 0.07620016611915388 0.05670046892921903 0.06602630421372595 0.049127729508719076 0.05721060430987645 0.029077770610300743 0.07138433704612551 0.07248826844865928 0.03434438285251882 0.009219823169064037
 0.049232621001408815 0.03199407202296996 0.035841698913602595 0.08270774621197274 0.07838127211244357 0.02171771629534266 0.05232885824926694 0.06032208159517344 0.01944385423997259 0.02602877093950758 0.013878401274126843 0.05759108162510128 0.06415802682773052 0.014291838707830004 0.06603249562016661 0.044672164301215296 0.05562009390981462 10000.0 0.04422748073900036 0.0056409060501799 0.04676516036898711 0.0329894691908888 0.006168692545131892 0.03768884328445318 0.04724974598953039 0.05272782968371034 0.011157802463186902 0.055290482849923245 0.05741249665674356 0.061684956892996474 0.020884685428007803 0.031190461976183744 0.06177251305970816 0.07394123699968252 0.04389897508663175 0.04642792876416301 0.08735374713465802 0.06737416764976309 0.053654554994068945 0.051568528480151324 0.04558056824983996 0.03977237452324346 0.03217514866840374 0.07256870138305029 0.06804047041295455 0.04485201618598894 0.03722511584928536 0.06312363382637391 0.0400200513040149 0.05859778829680179 0.05264923615948476 0.07299148690174838 0.007582990852715974 0.043331300595224505 0.01920405920758498 0.04130810600146363 0.05721821893777348 0.07293640325353981 0.019166215158168128 0.046210389951899467 0.03543770853544411 0.06441026550749328 0.06901055036000596 0.0632559554644036 0.08757585759792762 0.052215775551422504 0.0028498926721572775 0.029451600804407677 0.07220523348718773 0.05811201621806132 0.04950570404285688 0.06628039651900418 0.0575308785887114 0.0649619207012359 0.06159811047591547 0.020838081457079063 0.06308657610800293 0.039115717533713734 0.012143782501519831 0.0535018363724851 0.07726497946943978 0.030521278070258267 0.05569565793015409 0.022112631472932187 0.05961797985665814
 0.05684572528028259 0.07305344828667416 0.009514276088789658 0.057539962894968294 0.054974033465896396 0.05914699984736698 0.020593603684048407 0.020662074151535814 0.0607963979964501 0.029881958570984184 0.05224889679197369 0.0710879481421154 0.02235591526737944 0.031174131265190825 0.03066425540439217 0.011030687733317722 0.014567167787557705 0.04422748073900036 10000.0 0.04514172610853003 0.028105062518592596 0.027382011674124677 0.048338831093256714 0.07650378252534364 0.06597131512676943 0.038525185929312804 0.03981083074081534 0.017861573575491684 0.01362253418375786 0.0297245624250409 0.06427922275093516 0.07031684520469149 0.04848099313797476 0.03551803057314691 0.00695183464737083 0.04293462557599829 0.05674196703391604 0.04407211970319354 0.03426543285443487 0.031331435928240996 0.004099978532166824 0.040668699012232655 0.07571867239697833 0.053174611449526475 0.026498183665620314 0.05122295097753069 0.03667080249931653 0.022493252061131917 0.039137598810492745 0.014374849719400066 0.043145382440616935 0.05097193697868637 0.04934134133802965 0.035177420083945726 0.05260565420335097 0.07746559519191228 0.05808802204864376 0.04982819887998042 0.06142521331406649 0.05859956650293908 0.04257768547459416 0.03758283285637143 0.028528083084831672 0.022405210158767123 0.05650165774279067 0.07566947625127551 0.04262532861424801 0.018613527892536782 0.0544164765801031 0.05619166280515768 0.0824334126946536 0.022165937211097466 0.025754998558879846 0.023909805550533233 0.02876475432646355 0.06411075266121824 0.06138989095980605 0.0625223552742175 0.04014078977367181 0.059082726180424386 0.043192833147092616 0.05707612887446373 0.07217918466499568 0.02534540968508686 0.015519498499789704
 0.05480329443416078 0.03498779164065551 0.03621148399305394 0.08692869374027297 0.08270008887539092 0.026310505810933988 0.05096983881695656 0.05973233133462571 0.016101085231012006 0.03037695554827612 0.008933044319686554 0.06322361925927238 0.06599568266071304 0.014019825598137005 0.06892343508618562 0.046900354328812136 0.05745343306063288 0.0056409060501799 0.04514172610853003 10000.0 0.05068497356574469 0.030341466982618387 0.0034061737216210556 0.041278849267170174 0.05284181589452022 0.04928738171542016 0.007370750498722507 0.05764493046875983 0.058620796716680815 0.059905670354451546 0.019154739179273954 0.02720070870835899 0.06657275708435846 0.07652452886978316 0.04566462143246737 0.0422117637602733 0.09110016425142205 0.064351876580832 0.05073457480421192 0.04886249258481415 0.046006144333712286 0.03550550064575466 0.030583182966141462 0.07712214784129756 0.06998046567105788 0.050342515619665226 0.04213349801922533 0.06517860959307362 0.045029456907864605 0.059466646167040095 0.05749869394234798 0.07734996480724013 0.004205534383796938 0.03980829305317431 0.013669103156674096 0.03677046606739181 0.06266550607309523 0.0772056288624663 0.016404971067722214 0.051841813676946215 0.040761143314968606 0.06819408001981243 0.06835984473473042 0.06527247348838686 0.09127446873903501 0.05758464008282652 0.003981950685720758 0.032143591467019776 0.0768684711541629 0.06346326023050614 0.05401815903348784 0.06684977830843657 0.060628560549424976 0.06696501597923746 0.05993834628868873 0.018973304592849415 0.06849778211662301 0.04463472376072356 0.01751368997098572 0.05905632459176276 0.08049800009698707 0.024885200616131704 0.06129269131098639 0.02530043087613446 0.060657539674913746
 0.03202186832045708 0.06527722558601343 0.0315086015594055 0.03644861531894003 0.0324859644198712 0.050878934074060564 0.04869370591614922 0.04710089795143901 0.06620233122516932 0.020962180521378226 0.05955941902245337 0.04652266347540266 0.029357925480226872 0.040488668849262804 0.022923236550065642 0.017257434637371328 0.024063805769489528 0.04676516036898711 0.028105062518592596 0.05068497356574469 10000.0 0.049242435859539066 0.05274103622047974 0.06593833405092164 0.04442776391862433 0.0651910458785604 0.04914365937448396 0.01925033296174595 0.03044413083113386 0.05766894559069158 0.06707577158997549 0.07780700542407687 0.020791626239305708 0.031858451528316616 0.021200046863259717 0.0672178064140547 0.040615863885383026 0.07214457287660375 0.06163095618496073 0.05864416305096125 0.032197226178096006 0.06319596747667033 0.07774684876677689 0.028095327101485348 0.03144135217781304 0.027118340943030488 0.015489970631002018 0.02683906473864987 0.01595789560321893 0.03399053218403251 0.015143757586195154 0.027352949774622635 0.05411704926943667 0.059876883613342875 0.06285339728416071 0.08738496000128254 0.030897724212774758 0.026916859914630782 0.06588733087710717 0.03550718492415265 0.02251138111100178 0.017688314241990456 0.05335936224505421 0.027248354093634082 0.04087122559993482 0.054970230093164735 0.04685674921524278 0.02077558023388503 0.02861148381425061 0.028557980038562324 0.06642480435586315 0.04134117866797442 0.014407659677689389 0.028599488009850033 0.056635142282098136 0.06712549934532505 0.03354454075119892 0.04419492984091157 0.03635046790077765 0.033147374886090486 0.03171931868018203 0.07135553783944087 0.04868279255609776 0.025706413207574066 0.03313218962914258
 0.06909618893213412 0.06493227945452747 0.018989243680441914 0.08331729030614031 0.08018289105953978 0.05406428175904686 0.022336261856550504 0.03292380408451637 0.04220585556094738 0.03793839364922688 0.03351979381641271 0.08137401624574937 0.049305321577963725 0.019922992948271084 0.05785843986850181 0.035854123491650014 0.041926018244210876 0.0329894691908888 0.027382011674124677 0.030341466982618387 0.049242435859539066 10000.0 0.03363812647919306 0.07063809594364451 0.07308418971788067 0.020504971473019742 0.022995311984215467 0.044997337816107486 0.039644353400046156 0.030091578601241266 0.04752135331046972 0.04873564059034732 0.06971730867961556 0.0628654847477273 0.03236157333556904 0.01832560657810765 0.08367678788509435 0.034425176110080204 0.020689583978235213 0.01859198299561312 0.02549261819811585 0.014000152765960117 0.058141647320316056 0.0770252808738497 0.05339771577288778 0.0634969030143655 0.050091086816567744 0.04975405062048935 0.05328563967108783 0.03871534657624921 0.06221196654569042 0.0755952088778517 0.03394268511518903 0.011991148504510255 0.030997951025854967 0.05359558613398348 0.07378088311694933 0.0747456270244531 0.04359851039185344 0.06853536624491112 0.053067823746792 0.06303935298817401 0.040913744125200394 0.04962703859182966 0.0835056541147415 0.0806232748367978 0.030261628933021513 0.02957574211143062 0.0777647546028092 0.07304369034413355 0.08143307227744986 0.04397787007406789 0.05195189453926289 0.05104614603337966 0.030317384193487625 0.04717857307659495 0.07852827113059484 0.06669984629569164 0.0372426261160909 0.07256176715922938 0.07042406165085355 0.031694783298417774 0.0809227075104534 0.029492055636561567 0.04057515610083916
 0.054941246385821894 0.0320211223271407 0.03949294258276327 0.088794426921244 0.08449145947860305 0.024272456032767446 0.05437206021537784 0.06312759762848252 0.013521956696400243 0.0321180606891997 0.007897668579064154 0.06266234317323024 0.06898412521005175 0.017308606705093262 0.0715328863321627 0.0497447861307063 0.06043626499490351 0.006168692545131892 0.048338831093256714 0.0034061737216210556 0.05274103622047974 0.03363812647919306 10000.0 0.038523110639876644 0.05205476294623669 0.052345247948311864 0.010643408035060597 0.06045766213320722 0.06176814741596738 0.06328191867885302 0.01595026943382239 0.025097419863557024 0.06794119457231164 0.07926507618388899 0.04865348534151813 0.04494986310788111 0.09328180091060684 0.06751634305352379 0.05393912132365442 0.052116500178246095 0.049291273029505915 0.03823950566501452 0.02739406485943933 0.07872120401115801 0.0729406869029408 0.0507218763921274 0.043391881752085554 0.06809942419322045 0.04617590474548018 0.0626861001522089 0.05881725729268535 0.07910957060659513 0.0014142984794895599 0.042858150827623114 0.013785565008710508 0.0351403260580067 0.06313239232322193 0.07903352134141939 0.013529012069483128 0.05166276678895468 0.04148414750082011 0.07034499890207331 0.07175906866507334 0.06820562823594889 0.09348458280603356 0.05622904595279354 0.006070873224717022 0.03478411558721689 0.07836920479707117 0.06411852082125015 0.05175190242826599 0.0701265807822769 0.06313902904311437 0.06990361128660023 0.06332366944223261 0.01580254663357087 0.06903645784236641 0.043633781797095685 0.018228625690409953 0.0592446956193979 0.0829552102538837 0.0254331687933715 0.06050959111130667 0.02769964292340423 0.06384340136915452
