NAME :TPP_input_20_4_3
NUM_VERTICES
77
NUM_CLUSTERS
20
Full Matrix
 10000.0 0.018576500767428825 0.03662954604471953 0.012962564285993726 0.04230839861016119 0.03120353650043501 0.0661051393006647 0.016415497905271022 0.04452314699118768 0.047644946032493266 0.02689616675870022 0.030989279493965096 0.04523712308866562 0.029390484555753094 0.019618112513746493 0.03571116830062176 0.03899853829450911 0.051961228692959424 0.044997904088097326 0.017146169691125413 0.04451861662667231 0.0131794494370263 0.007861742211598093 0.031734382874730224 0.04367333946557192 0.05095848638671814 0.0369903063503248 0.056224819680268254 0.038121054254511615 0.0472188384297085 0.05198068559687705 0.015187763294694633 0.042741104330414816 0.04869401827561667 0.028981306055347336 0.008996813081535155 0.01709809896544774 0.02067771451825381 0.033618409933286485 0.05239980962404442 0.021638112639907666 0.05225478865688558 0.048763723026530224 0.03732791896757522 0.031186926673964856 0.024758143181426325 0.0411829441161792 0.04322611693781587 0.03973102876225021 0.058148493936293184 0.06297155977872733 0.012801716862826962 0.03739208519013835 0.056200289327395146 0.05009613365651929 0.050561193041742156 0.03508608407286716 0.024911079742984937 0.059921699272926864 0.059449069526807154 0.03775714643550352 0.027708718117382652 0.05107172073431744 0.0489699468906067 0.0311202313309925 0.04887043895219465 0.042352381448882 0.04114853880923158 0.04480277074224756 0.04568140036448401 0.05697734180872258 0.023512204427968135 0.0494820927243567 0.014427849005793256 0.05350522664315724 0.048524527596070864 0.0644671530004945
 0.018576500767428825 10000.0 0.052537072855676985 0.02736796548336538 0.026972351865851996 0.0460244932638422 0.05706142535003995 0.009908960565014537 0.04700353715299923 0.032987075399955657 0.045472603611537474 0.04862660018347331 0.026720806553627654 0.02397492492980966 0.015172176641013344 0.03878359607216232 0.053344184465564846 0.06457875124955947 0.061403425517343235 0.013459239230917169 0.05175722404185833 0.008109910467802697 0.025268755199467394 0.015706109891503853 0.05925220052925772 0.05839792267510418 0.05457544019050668 0.04324065800035096 0.019615027566604548 0.036253551375398804 0.04874306886396951 0.022073621020735363 0.027838967303447697 0.05994176257966755 0.011193492748808835 0.02757051468747539 0.0070154089893057735 0.026165503068572946 0.021835350110560703 0.07040923501403974 0.03163366080112943 0.06924278116164911 0.06587624777722051 0.02657722467159151 0.020493437382817888 0.024039680767807655 0.03260380896040396 0.056869766651108454 0.054467402460378435 0.054999477843466794 0.07848305652902164 0.030657839057559595 0.018925307286512805 0.07030267796459187 0.06867078271000575 0.06912783199739728 0.021275893338819407 0.030817197764629062 0.07388227783548174 0.0484477608065023 0.055892328416771386 0.04302715954069009 0.035097980987868656 0.03614816573566162 0.04969669055297963 0.034721178154603245 0.04636356615753759 0.03867706346076038 0.04276756481772639 0.04725611614665447 0.05275782119983383 0.04085090396881011 0.04002221433554255 0.007465782812403909 0.06523291679602852 0.067076685996977 0.051039163665867235
 0.03662954604471953 0.052537072855676985 10000.0 0.025177663621780977 0.0785424578768878 0.04571332813651292 0.10186057853481496 0.05298724564987655 0.038826568195441946 0.08409481782580558 0.022515942248037935 0.010373916894707387 0.07824833140820776 0.0653398230020711 0.04313514567572599 0.06633195713888139 0.006707043232451514 0.06475397984890763 0.009042082960033882 0.04255618835446831 0.02858895864407426 0.04944930745280851 0.02876804801146368 0.06756411977801194 0.05033754592636235 0.03140423777313579 0.00957937199829653 0.07398904470289744 0.06990077924779152 0.08373006767463169 0.08533887963645195 0.03216321761075744 0.06652374054792026 0.0653263905551166 0.06372536521025393 0.030255432309006486 0.04751900219570267 0.0313212061986186 0.07024522473933677 0.043067849908720625 0.023891424694583763 0.04993101328140104 0.0468683790728205 0.056720954035356166 0.05312655380963005 0.05967637314337959 0.05596918794706291 0.01094840976378917 0.050639323494317205 0.09105387676391043 0.06456846442639438 0.024319441623748127 0.06902173403428515 0.020694569740866336 0.031536144708391695 0.029868834802058642 0.05931663668737591 0.029415931785276146 0.06732421585076435 0.09584981121609906 0.014659437441638898 0.04278458131438028 0.0871470452630285 0.08559947368770852 0.02254668703799903 0.07012038176288601 0.07089529274344185 0.07490744702186167 0.04740579954182296 0.07603190184950989 0.09064615167657934 0.03455108005600816 0.06282316552544867 0.04562564646661086 0.06799797836982664 0.032081498264983736 0.08168539754604752
 0.012962564285993726 0.02736796548336538 0.025177663621780977 10000.0 0.053523538003240535 0.037136920075111976 0.07898417478557225 0.028485402476558456 0.034451885428413036 0.05920052768084733 0.02340562220553126 0.022174267758089797 0.05339432890922239 0.04230088336466263 0.020023503389361538 0.04782348784185718 0.026544977765787493 0.058631266941718635 0.03404024708025232 0.018684836347942466 0.032349537957765184 0.024690589219074032 0.006512320644463092 0.042453611611609605 0.04762844119786545 0.038583910895107355 0.027880495847444363 0.05566739137077908 0.04528368893760573 0.05975610461668533 0.0648156476555365 0.009482538592289582 0.04486452417630723 0.05658747823580793 0.03855117478872215 0.011872566704697359 0.02270434410245805 0.012704094163579635 0.04578201795772813 0.051109367719831725 0.009827962181212787 0.05348006252493951 0.04990809976746385 0.03675083397915815 0.031651658495201365 0.03768937969860045 0.03850414257785146 0.030550722943637188 0.04500567722635574 0.0709372733462775 0.06613206759811638 0.007885149128377011 0.04443413477425921 0.04375187002608633 0.04539070875596051 0.04515915670283701 0.03715961345222379 0.01520121287970179 0.06500808088812211 0.07206752774176285 0.030105493392089035 0.03346256172218518 0.062049744015012925 0.06112546023028271 0.027192692303338307 0.04981701565177713 0.05399361236620502 0.054001480640195894 0.037321250608207825 0.05786315947321391 0.06986369165289352 0.026595785470596867 0.04660765067051369 0.020611574336035714 0.06083322523363868 0.04442501552231123 0.06388924653701282
 0.04230839861016119 0.026972351865851996 0.0785424578768878 0.053523538003240535 10000.0 0.05952444202344574 0.0343729053764171 0.02602604644698987 0.07214001017859496 0.006171459992510808 0.06748944367069662 0.07326724139894725 0.017605178198569205 0.021433450459852333 0.04115200464335726 0.038580064373759104 0.07994403584431571 0.0720758097078767 0.08715856279525301 0.03998762914514952 0.07828037052791 0.029178479675308715 0.050045844467322166 0.011266915410389775 0.07228633475234271 0.0848635034700484 0.07926319770045566 0.05412549133048608 0.02121137913119436 0.014561763037372456 0.035879673024190005 0.0490419461245572 0.03916027093697414 0.06591756331537954 0.016591869603232026 0.05041863128197604 0.0335541349619847 0.05302581710702113 0.011094871071063045 0.08821626771267184 0.0585911738555854 0.0843286678341093 0.08146244464748087 0.04491661824001257 0.04091918936274432 0.02790223619411287 0.0518074960435644 0.08364806149207364 0.06661044003946996 0.04085709407863303 0.08985246702899036 0.05510720459824568 0.021725552419743673 0.09704093402758013 0.08979866128492578 0.09081477992547005 0.037416892352095645 0.057586072289715434 0.08270571568693784 0.024222174083957927 0.07968734847356249 0.05776459798691214 0.008854612339428296 0.01124827125552664 0.07155163705487144 0.0453526040890829 0.04483918506984646 0.030463665108604675 0.06581735466358304 0.04198516198529502 0.037480805598884316 0.059147956079607406 0.05680603616984562 0.03443549130871693 0.07124763481630453 0.0877770261964952 0.05968687377381609
 0.03120353650043501 0.0460244932638422 0.04571332813651292 0.037136920075111976 0.05952444202344574 10000.0 0.0680474546554543 0.03803337984374724 0.07141217803432753 0.06263716499151159 0.023316158319029855 0.03544405531551644 0.06954807751030598 0.038609260245270324 0.050821468180900935 0.027855078867754783 0.051558484330506506 0.02149434853319392 0.04986676678310302 0.04834034153081919 0.06718530516114461 0.038027201216870296 0.03136275264148691 0.05256159850538095 0.013315242244516719 0.07251936527465758 0.03910785763886121 0.08723404087185521 0.06458986048532393 0.056382746740902455 0.04743936443761966 0.04455030452671978 0.0730564942042018 0.020104625281410455 0.05300105603971851 0.02559720538673749 0.04731998710137758 0.04931031695677161 0.04845413236670876 0.029740108534171153 0.0466446237996858 0.024804453592384933 0.02200298990032492 0.06847927757197188 0.06226791887196061 0.03175124944703317 0.0723460892801444 0.056286662818914125 0.008568257029915326 0.05178715635024206 0.03245859094006345 0.029718294963287553 0.06408363445102351 0.0656179985522572 0.03591775182556902 0.037982047068287346 0.06565295528144005 0.05232889217770638 0.02872008641557272 0.06593533025080422 0.03579137645580825 0.0036779896346284284 0.06786500382840932 0.06064275398673675 0.024627652648494536 0.0795307892012576 0.028999372523656905 0.03945290449947703 0.07422416031129321 0.035219835637123574 0.05269059986760519 0.011562579743623366 0.08065596223929784 0.044731119500122166 0.023832476087575088 0.03334220742369258 0.09542635982423307
 0.0661051393006647 0.05706142535003995 0.10186057853481496 0.07898417478557225 0.0343729053764171 0.0680474546554543 10000.0 0.05117398088796313 0.10404700670811227 0.029133980915360763 0.08494363416832953 0.09413601419886714 0.05072363308373915 0.03672184732139273 0.07222938490071246 0.04020049391943786 0.10496487302366776 0.07041688031043546 0.10940199869957391 0.07045250808131502 0.10826778070363066 0.05526233484609207 0.07369353230865554 0.04320474877135327 0.07749210539405356 0.11492642249439393 0.09974609593583203 0.08824805921382328 0.05556928079543729 0.02102342982733194 0.021662852294590394 0.0775161030339465 0.07352327052026533 0.06375427262699364 0.049229767810579514 0.071610235470392 0.06407386935339747 0.08243830040841561 0.03523230504077451 0.09735851252035965 0.0864415892184499 0.09028107117763581 0.08845678690219265 0.07895047176219325 0.0744433129680872 0.04220786445665705 0.08582798330773496 0.10929514271387877 0.07185669756499437 0.020471960685719864 0.09022735219237245 0.07759455316699834 0.056097437165900016 0.1220711765276348 0.10356337305131122 0.10535316940937231 0.07154434675863448 0.08721094066706546 0.08081563633973596 0.010541225356310215 0.09855861093272601 0.0681582407609108 0.032478660693171395 0.0231316111479882 0.08826851067688558 0.07960358577179644 0.04101366837964117 0.02872101179393319 0.09896622196472563 0.034807619301334636 0.01752575991597053 0.07332200816345823 0.09113755537107078 0.06401233603088273 0.06790001975285552 0.1010848322033956 0.09331032885041654
 0.016415497905271022 0.009908960565014537 0.05298724564987655 0.028485402476558456 0.02602604644698987 0.03803337984374724 0.05117398088796313 10000.0 0.05421527515870582 0.03124128910384866 0.04173845152737441 0.0472706726033814 0.031811628116716534 0.015519116024402327 0.023019857946503113 0.028919304088336067 0.055002523071233364 0.05544195478247999 0.06141174188971413 0.02071449085371198 0.05722369125067421 0.004103805111043125 0.024253753289455806 0.016021926194170484 0.05134813752760879 0.06386942750999657 0.05326075223786861 0.05307263852170078 0.02658306614633361 0.03134162996334012 0.040221692233770256 0.02638117997158277 0.0375004618078578 0.05052208963880003 0.015061098259390365 0.024404964884064306 0.015314139354210039 0.031465043997194825 0.01731391276861224 0.06443416517351681 0.035291505921979376 0.06214263476006481 0.05892732898013003 0.03641743832145003 0.030247386592303794 0.014288218197059966 0.04227268308167477 0.05903062685167407 0.04623047400564717 0.046530762199679436 0.07031582613263786 0.02916180569422219 0.026110441436760858 0.07222165328245687 0.06447438233883077 0.06529909948685188 0.031158411264156964 0.036238623091035045 0.0650834938858691 0.04369542426471042 0.05367749399751884 0.03539040208481685 0.034850783899764363 0.032676705225225866 0.04587407187313058 0.044452191418505156 0.036487785891778146 0.029745017433441382 0.05126658262412046 0.037616383562915 0.04462344017465014 0.034725219678012086 0.04984475779169564 0.014115242634116731 0.05587016912199313 0.06260571371861556 0.060786496914541334
 0.04452314699118768 0.04700353715299923 0.038826568195441946 0.034451885428413036 0.07214001017859496 0.07141217803432753 0.10404700670811227 0.05421527515870582 10000.0 0.07830551119333963 0.05355843605896541 0.045215704729190585 0.063166947020193 0.06973413113987355 0.031832667199472524 0.07998354220788222 0.03344614408855875 0.0928692579125726 0.04543153476155325 0.03375327745653108 0.012679868982703717 0.050227708652194204 0.04072233917825451 0.061483561356585587 0.08095551481174934 0.01654896017041561 0.04778717256956078 0.041953855047118176 0.05461181258767164 0.08314778160970088 0.09433221658160786 0.02942059359722559 0.04200860712022394 0.09102997807814804 0.05565076084482146 0.04631078369859276 0.04000725900533905 0.023881746663622534 0.06881542963304423 0.07980760741192759 0.024771718819796815 0.08464278319015184 0.0811885746111679 0.031378582301872016 0.032405109528178294 0.06732510007694115 0.026423163542476195 0.032573522999154475 0.07897034532564576 0.10064049884682612 0.09844127038197106 0.04169804200108733 0.05373359649061429 0.04206871128465152 0.06988442818276683 0.0684746749090798 0.03795565292638337 0.019694943359387873 0.09856774869613832 0.09517234040969791 0.05249920818842613 0.06775755767511651 0.07876349048612498 0.08248619335872481 0.056046218551499175 0.04200022574242118 0.08683025612181107 0.08366467509336431 0.011068056464622085 0.08980298799038657 0.09883270718103725 0.06040918004162929 0.029674049518349087 0.04035247408169124 0.095201713991365 0.07002927911869884 0.04811992129165395
 0.047644946032493266 0.032987075399955657 0.08409481782580558 0.05920052768084733 0.006171459992510808 0.06263716499151159 0.029133980915360763 0.03124128910384866 0.07830551119333963 10000.0 0.07217137061146772 0.07848192380076709 0.021686777279670007 0.024033413200242208 0.04730269202074072 0.039667426383599116 0.08569332188469284 0.07365304634864234 0.09261688765392244 0.046102368834925696 0.08442210835026802 0.034645925861277876 0.05545420522757028 0.017305353456878104 0.07505017382267792 0.09101190328710862 0.08446194174122976 0.059115717149319534 0.026654838314060843 0.011311203037780554 0.033729545098827474 0.055026333195251874 0.044565646782485896 0.06729075250547477 0.022757274032049572 0.055470699135023206 0.03965086451692157 0.059101625931774426 0.014750407366712478 0.0918055284427849 0.06455316900445768 0.0873657868230568 0.08464009728384721 0.05081053389581001 0.04697742713623563 0.03090706535026764 0.05769359277930791 0.0894722643655513 0.06929069924043943 0.03805868728067563 0.09201560894112173 0.06040267361459299 0.027254676331372334 0.10283504626477699 0.09411197466662773 0.09524918915951273 0.043280649610068805 0.06368589578776644 0.0843988615140514 0.018721064267583378 0.08467004300189707 0.06116470984021379 0.005857334534894832 0.0064321315262931104 0.07616153096020116 0.05050558616247536 0.04523479695013748 0.03014719928199084 0.07189988670457177 0.041597662292319995 0.03449823657787443 0.06320879798687085 0.062432283785839454 0.040452052697832135 0.0725140600486585 0.09200765969759095 0.06426181569667451
 0.02689616675870022 0.045472603611537474 0.022515942248037935 0.02340562220553126 0.06748944367069662 0.023316158319029855 0.08494363416832953 0.04173845152737441 0.05355843605896541 0.07217137061146772 10000.0 0.01216778115141316 0.07210449889086325 0.05009653105029029 0.042769553696297015 0.04662046988334596 0.02864715865666409 0.042447217914751215 0.026758463262492083 0.04096605023380863 0.046775544989064145 0.03941973932792523 0.021189278724295664 0.05773268881962532 0.02852860559863087 0.05131126997178401 0.01604197451227836 0.07904253222004393 0.06498303619301664 0.06916573502925037 0.06637863657317677 0.03285527103155211 0.06759401692102615 0.04281144053031749 0.05566472723096539 0.017907074647763643 0.04319968282919585 0.03570215186372271 0.0574716311482585 0.027735648096093975 0.030272628548386797 0.031139886459943675 0.02765161207499092 0.06005452527358455 0.05470091168694081 0.04348448554009996 0.06188529786682067 0.03328842867331843 0.02822986647948274 0.07162577913218408 0.04492991789657755 0.01619775263653168 0.06423739336627789 0.042321152659808056 0.023211512239863792 0.023699580293424137 0.0598144579312792 0.03691188065875633 0.04601204798643105 0.08052139347886474 0.013706075266246875 0.020627991418188503 0.07634262933521153 0.07215776307908238 0.004224118567782813 0.07293128716133532 0.050092969989506304 0.056647513332531554 0.05899630221393907 0.05573381775906242 0.07176012550152532 0.012732951433468432 0.06993209412808872 0.040631312124157236 0.045585333302078326 0.02175007663093628 0.08727810308670723
 0.030989279493965096 0.04862660018347331 0.010373916894707387 0.022174267758089797 0.07326724139894725 0.03544405531551644 0.09413601419886714 0.0472706726033814 0.045215704729190585 0.07848192380076709 0.01216778115141316 10000.0 0.07515923523115835 0.05812698191444742 0.04201248002812897 0.05725877761853276 0.01671911058602915 0.05440119207112533 0.015450635540405832 0.04083318769707547 0.036675577307397254 0.044167868196696464 0.0234583113433907 0.06270569232512814 0.040084069836241444 0.040474527713044814 0.006001286732763421 0.0760510308307163 0.06726771359196274 0.07695710063112259 0.07666125066482476 0.031020364676958397 0.06660867645466458 0.054964505861073175 0.05959240584472792 0.023134679131792412 0.044703714056116034 0.031995630261512295 0.06413805984293912 0.034688679324379294 0.025090836850797923 0.0405397421325279 0.03731239994261179 0.05771982871398193 0.053210643364960036 0.05200590579495833 0.058203491981996515 0.02124816563836197 0.04026822387520985 0.08218669396830944 0.05500783247124507 0.018200164524127718 0.06643726822066008 0.030346022742620618 0.025185005547676557 0.024276367857360537 0.059016095231894675 0.03162282974859425 0.057238734697482016 0.08880545055871028 0.008219143045245375 0.03262003695292471 0.08205170022408118 0.07932959787715843 0.012348839804174564 0.07107385661553112 0.06137486334204062 0.06648988007011539 0.052316111554838084 0.0667438410463372 0.08201715957686352 0.02447372669671121 0.06574185970548202 0.042443238431259356 0.057628400070164267 0.024987003854462356 0.08407583035388451
 0.04523712308866562 0.026720806553627654 0.07824833140820776 0.05339432890922239 0.017605178198569205 0.06954807751030598 0.05072363308373915 0.031811628116716534 0.063166947020193 0.021686777279670007 0.07210449889086325 0.07515923523115835 10000.0 0.03514595031013673 0.03600600029508398 0.053294765161781416 0.07815985216071573 0.08512057488543592 0.08724977669567052 0.03597268814166576 0.07160049510748548 0.03303125162974995 0.05194166404366132 0.01746113086243234 0.08281370389576903 0.07783218344050487 0.0810577218495745 0.037753073410561756 0.008788558335550105 0.03207755418121713 0.05333396976849575 0.046322894804339564 0.024324975796865104 0.07943856571536762 0.016791536228814626 0.05420203030863393 0.0307436271822758 0.04873279841260807 0.025234556451380518 0.09615519182620162 0.05556731957626535 0.09390954226379793 0.09072292447688911 0.03272017005171292 0.03077848505177735 0.0401167083621314 0.03927061866536769 0.0811299703628198 0.07747859456373318 0.05844119893534932 0.10144135076252575 0.05734079063038694 0.009706048140615852 0.09449805340816801 0.09526026134441398 0.0957915899552867 0.025423253137857316 0.05260669234046199 0.09536270799666209 0.04021648847065005 0.08256357591899954 0.0670903348342985 0.018718666581840713 0.028019226402387035 0.07632508428609602 0.029476942185422052 0.060245264159615126 0.046970560950147705 0.054950685113218226 0.058279381375535316 0.05508366431814047 0.06641568164877834 0.04253084523350361 0.03279295540601297 0.08485728221083154 0.09358734774326631 0.042592497026985865
 0.029390484555753094 0.02397492492980966 0.0653398230020711 0.04230088336466263 0.021433450459852333 0.038609260245270324 0.03672184732139273 0.015519116024402327 0.06973413113987355 0.024033413200242208 0.05009653105029029 0.05812698191444742 0.03514595031013673 10000.0 0.03837840659014733 0.01816436432184771 0.0682625132690486 0.05076689367309246 0.07315251197480649 0.03615911459966862 0.07246108893398767 0.01954246553101937 0.03698134562827585 0.01808972337737053 0.05106727586411238 0.07908057442972839 0.06392080530113722 0.06475769637260972 0.03364751096187687 0.01907045638443381 0.02483312104202147 0.04160481167421787 0.048785004171891966 0.04474617334629817 0.022009089078759675 0.035193972591952616 0.030408829342744092 0.04683492248207304 0.010493887482916553 0.06791374263574024 0.05011123683578216 0.06333383547924605 0.06061182347547877 0.05002082712764623 0.04421774623263238 0.006973490880967448 0.056362470004217693 0.07257488714501775 0.045335308052234534 0.031124051583317745 0.06842379679656647 0.0410226402654453 0.03357813243255295 0.0853998551548139 0.07101788742710094 0.07236719425392009 0.0437520109035298 0.05159113712137324 0.06133426122376849 0.030678849584269266 0.0633133619644782 0.03723165647996233 0.0293718811649352 0.02244826401258509 0.05383774873583993 0.05578546840287035 0.025312165435449122 0.014752586560568078 0.0665253000546154 0.0244330201076918 0.02911413667118848 0.03994543254140528 0.06340596993095403 0.02952804180976063 0.05012717185808685 0.06878988468484236 0.07185195720880937
 0.019618112513746493 0.015172176641013344 0.04313514567572599 0.020023503389361538 0.04115200464335726 0.050821468180900935 0.07222938490071246 0.023019857946503113 0.031832667199472524 0.04730269202074072 0.042769553696297015 0.04201248002812897 0.03600600029508398 0.03837840659014733 10000.0 0.05091197069828849 0.04236097828604145 0.07145311061833932 0.05217208475096655 0.00261562528377555 0.03713683132635686 0.01932377255481893 0.021853878732451575 0.03010928245058252 0.06317350225231372 0.04371159554563905 0.047503093176989725 0.03692017540390223 0.027323648454103632 0.05137992133212651 0.06318944555016275 0.011092498116244845 0.02489217684217319 0.06787761765091839 0.02457825483303506 0.026749760119231455 0.008178184051625837 0.012728706240674365 0.036998343041822174 0.07005231895267468 0.019692548182640792 0.07109063174848534 0.06754277805031735 0.017854468785329265 0.012012430084275426 0.03696576582217657 0.02163665262226003 0.04515711607115087 0.05934354646256916 0.06949125152503982 0.08240815324828146 0.026571927914359823 0.026413727633666433 0.05849904944427703 0.06531226547557113 0.06515787487292553 0.01715113582690377 0.01680805535885005 0.0795397757717029 0.06350327834868201 0.05006366201517948 0.04731547703890411 0.0485798155442018 0.0510012402642698 0.046778041930325205 0.030211263189192247 0.0582750336011527 0.052764765389782725 0.028257832681353814 0.060195282939133836 0.06745512188627335 0.04256475260998158 0.02990491041595474 0.008909609049088604 0.07283504973747097 0.06423372599129985 0.04519883353707969
 0.03571116830062176 0.03878359607216232 0.06633195713888139 0.04782348784185718 0.038580064373759104 0.027855078867754783 0.04020049391943786 0.028919304088336067 0.07998354220788222 0.039667426383599116 0.04662046988334596 0.05725877761853276 0.053294765161781416 0.01816436432184771 0.05091197069828849 10000.0 0.07074942400522882 0.034072043148489835 0.07269328112338447 0.04837587197266916 0.08007092551249691 0.031887302921037246 0.04143524869471339 0.03621106929594342 0.03785348816097311 0.08639315428823297 0.062326832350656405 0.08152890263627835 0.05157257811217131 0.030917100196641872 0.01991215817326054 0.05057918335056562 0.06567433544148646 0.027634250092839152 0.03964157565532455 0.03732336576699651 0.043908443636143664 0.056120602474823686 0.028291423124956687 0.057240125140104396 0.057202655616354584 0.05066594094301968 0.04857477945649362 0.0653360243272552 0.05915742691507356 0.0148399218708576 0.0711325295170732 0.07543341281811639 0.03208190683309598 0.025008063177451727 0.052982632831783096 0.04355661294185621 0.05143444572098237 0.08702599446064253 0.06355570650576044 0.06545854061895257 0.05986008364542409 0.060541481422401316 0.04486129624520326 0.0387926178040851 0.0603013816490566 0.028175774576437343 0.04545018532794856 0.03596160349518645 0.04944034756787622 0.072698018211152 0.007590411344693418 0.011831011330126479 0.078869894893595 0.010041975887271305 0.025275189901032134 0.034220966088673865 0.07876343128796313 0.042211552925284314 0.032848096713920916 0.06103435578464589 0.08896316192707553
 0.03899853829450911 0.053344184465564846 0.006707043232451514 0.026544977765787493 0.07994403584431571 0.051558484330506506 0.10496487302366776 0.055002523071233364 0.03344614408855875 0.08569332188469284 0.02864715865666409 0.01671911058602915 0.07815985216071573 0.0682625132690486 0.04236097828604145 0.07074942400522882 10000.0 0.07106194097733762 0.012067185299706833 0.042188445480158085 0.022440450526839618 0.0512354218563592 0.03128376303986432 0.06878313535854245 0.05680297732313993 0.024805185469695283 0.016220016888105093 0.07068975961595901 0.06959740802475005 0.0861800912479787 0.08931170069281735 0.03186185737985229 0.06451558739610419 0.07138033383759769 0.06449829796878856 0.03381290756779721 0.04771903476089838 0.029881565122004676 0.0723119969935427 0.04972344947470186 0.022668527347460176 0.05663538214602655 0.053561789312850244 0.05428072249933105 0.051328667296235836 0.06300033881148596 0.05277575155146235 0.004770325925569742 0.05687316197319874 0.09517536966980782 0.07126590622869548 0.02760012728014333 0.06869680502646418 0.017221948720564473 0.03790311920067795 0.036086376980782646 0.057653382333119736 0.027068559064238107 0.0739036737178496 0.09844077938678046 0.021311748741323102 0.048475771469623875 0.08835713938892253 0.0876638905462811 0.02904236637281154 0.06753070797650682 0.07571773343004502 0.07870729641326529 0.04274085892651795 0.080603489848337 0.0945554688479789 0.040187835015833534 0.0591253518679413 0.04611460279068865 0.07423161345208262 0.03858756456198547 0.07813229077904106
 0.051961228692959424 0.06457875124955947 0.06475397984890763 0.058631266941718635 0.0720758097078767 0.02149434853319392 0.07041688031043546 0.05544195478247999 0.0928692579125726 0.07365304634864234 0.042447217914751215 0.05440119207112533 0.08512057488543592 0.05076689367309246 0.07145311061833932 0.034072043148489835 0.07106194097733762 10000.0 0.06720314057173798 0.06889924599763965 0.08821176041770808 0.05647945616583835 0.05280686485228345 0.06766048458602363 0.015079477209819211 0.09328436784692061 0.056793813668322264 0.10714525019056413 0.08160205257643817 0.06489478962157867 0.04879315638865254 0.06589024243033705 0.09230845004477531 0.006699984666739385 0.06952855827770729 0.047043115198367846 0.06705669196642501 0.07075005326857747 0.0612606652707232 0.033843374886739434 0.06811310091774753 0.024014061609948366 0.02415287517712792 0.08877811181968992 0.08246997120115361 0.045045593709170904 0.09308594062237231 0.07564738725668302 0.014278953375797057 0.05080185066870769 0.019816737455348562 0.05117277799701954 0.08124155745759522 0.08337273006415866 0.0458832210471999 0.04856215841774517 0.08523753324109778 0.07382204722688965 0.01080306137926334 0.07152978517099454 0.05252329363181401 0.025169478321667164 0.07938424330552193 0.07001807707401524 0.04231090340500198 0.09904095726292794 0.03000028219881751 0.0450444106540813 0.09566519285944174 0.035777717725478 0.05307828138269535 0.03258838485975369 0.10135607611016094 0.06459773523237064 0.0038726567968535735 0.04328733289068909 0.11521106315096018
 0.044997904088097326 0.061403425517343235 0.009042082960033882 0.03404024708025232 0.08715856279525301 0.04986676678310302 0.10940199869957391 0.06141174188971413 0.04543153476155325 0.09261688765392244 0.026758463262492083 0.015450635540405832 0.08724977669567052 0.07315251197480649 0.05217208475096655 0.07269328112338447 0.012067185299706833 0.06720314057173798 10000.0 0.05159639301520482 0.033983249132906394 0.05799668395874251 0.037164670819556905 0.07627157012590924 0.052285704390974616 0.035274975926434055 0.010760471626132553 0.08239903002130522 0.07892698037785086 0.09179457068288148 0.09211022374999875 0.04120514245021582 0.07541275945525085 0.06862991023798748 0.07257703961402034 0.03796358448458326 0.05651041249416948 0.040266609316404196 0.07857347376403899 0.04140404234685871 0.032841672695014236 0.049610981738511674 0.046945323682051586 0.06547601307058558 0.062048454805967275 0.06721021479928559 0.06441357044416664 0.013491113070670378 0.053558936033974054 0.09763408606193681 0.06429819210073753 0.03237266503229354 0.07804982610646967 0.016183668020457214 0.02826486108902518 0.026029532981879794 0.0682710864743003 0.03812573682921328 0.06836240764966853 0.10379067057404337 0.014685151002923322 0.04735936729755614 0.09582272535252921 0.09388703228850992 0.0253583443001869 0.07883934914521362 0.07666938999132006 0.08191110299529952 0.05480550362055679 0.08212555013125009 0.0974644387270322 0.039457717760563935 0.07099227054367847 0.0545759779704378 0.07069105854161174 0.02951775386449986 0.08995817358694248
 0.017146169691125413 0.013459239230917169 0.04255618835446831 0.018684836347942466 0.03998762914514952 0.04834034153081919 0.07045250808131502 0.02071449085371198 0.03375327745653108 0.046102368834925696 0.04096605023380863 0.04083318769707547 0.03597268814166576 0.03615911459966862 0.00261562528377555 0.04837587197266916 0.042188445480158085 0.06889924599763965 0.05159639301520482 10000.0 0.03837097298302484 0.016922442743780512 0.019881883122695523 0.028820202346543984 0.060774600091402835 0.044995060281154214 0.04644572104336387 0.039196977530341376 0.027433868758978425 0.04970246258855038 0.060930906423523674 0.010409293272678142 0.026634413868580804 0.06528578626027237 0.023520248960404045 0.024558656891171263 0.0064918128868980554 0.01317067558752847 0.03525847988457653 0.06806635312829426 0.01961917101772409 0.06887751863120438 0.06533935722740229 0.020203703446432023 0.014175137077183179 0.03452798367925462 0.02420922820137414 0.045210719649365905 0.056875378719528275 0.06723826663478089 0.08003735749443283 0.02479207294068363 0.026540267315574125 0.05862020817171395 0.06370320740601548 0.06363945170964828 0.01885213929057763 0.01761257527885309 0.07705197762305178 0.061906927062807614 0.048789501723354764 0.04485486316136103 0.04766618624109851 0.049552153319397066 0.045029039102160974 0.03223550168770302 0.055717843125629746 0.050442697255165016 0.030662105713752153 0.057709882836712384 0.06526595576285696 0.04027323504137057 0.032458590623892856 0.0066346749135253345 0.07025564106710429 0.0625477802802039 0.04746544153435173
 0.04451861662667231 0.05175722404185833 0.02858895864407426 0.032349537957765184 0.07828037052791 0.06718530516114461 0.10826778070363066 0.05722369125067421 0.012679868982703717 0.08442210835026802 0.046775544989064145 0.036675577307397254 0.07160049510748548 0.07246108893398767 0.03713683132635686 0.08007092551249691 0.022440450526839618 0.08821176041770808 0.033983249132906394 0.03837097298302484 10000.0 0.053120022671173564 0.03884497482173857 0.06717422554014449 0.07514321730613337 0.006660435151638057 0.03805513601626555 0.05419867376790425 0.06283903385904888 0.08781504086966752 0.09626234960468276 0.03086613966845084 0.052462592852234154 0.08724449994957449 0.06171489571146031 0.043775839561365645 0.044859686731057606 0.025830897077592084 0.0733362716249579 0.0712105062419173 0.022889715040560237 0.07713323581717275 0.07382726491820944 0.041620368390970205 0.041191653093026685 0.06892064523675519 0.03770036174499424 0.02065245531558798 0.07399074031461485 0.10249661799808318 0.09143957628738855 0.03814176540413372 0.061928471170897496 0.02939113401058862 0.06012441687838633 0.05842855790873467 0.04730193642033969 0.02106332958615382 0.09273003212263609 0.10011260066832939 0.043041052553480265 0.06366152960488446 0.08565196928092542 0.08790248910512304 0.04851558832083035 0.053402635077230545 0.08634060736485308 0.08543203472284733 0.023574583379530743 0.09009401627989153 0.10110322411113176 0.05571276001486492 0.04195336260990138 0.044456777829703066 0.09092364324870879 0.06060701356036928 0.06064395083223012
 0.0131794494370263 0.008109910467802697 0.04944930745280851 0.024690589219074032 0.029178479675308715 0.038027201216870296 0.05526233484609207 0.004103805111043125 0.050227708652194204 0.034645925861277876 0.03941973932792523 0.044167868196696464 0.03303125162974995 0.01954246553101937 0.01932377255481893 0.031887302921037246 0.0512354218563592 0.05647945616583835 0.05799668395874251 0.016922442743780512 0.053120022671173564 10000.0 0.020867538647449578 0.01856813640166618 0.051295055297062714 0.05976562304759063 0.05016905675192375 0.05109116029132733 0.02688655843518006 0.03531890270939047 0.04413045627119689 0.022278684902040467 0.03587460975258197 0.05190568083338167 0.01633016086308851 0.02170722839255962 0.01202275545907224 0.027367955520323214 0.021129054624201508 0.06321197138395225 0.031231849814177298 0.06155885534455626 0.058245722341045886 0.03375003535056567 0.02746525904906047 0.017651828952794733 0.0393009757116414 0.055190554066638656 0.04642866807124792 0.05044123049024384 0.07047572993264832 0.025973796152896245 0.02629809395875193 0.0684403460770037 0.062422205377735525 0.06309922397197582 0.02907498327455958 0.032140080952495625 0.06577693337265739 0.04768479801258012 0.05086297172940015 0.035114746360568425 0.03791001032564576 0.0364447450577085 0.04361084622733106 0.04270068982739624 0.039379867553591213 0.033555844591662796 0.04757112938772667 0.040940850939367106 0.04860875906607825 0.0334943186224902 0.0470835054867232 0.010442272681431665 0.057175621124861 0.060665570064867586 0.05898495378268416
 0.007861742211598093 0.025268755199467394 0.02876804801146368 0.006512320644463092 0.050045844467322166 0.03136275264148691 0.07369353230865554 0.024253753289455806 0.04072233917825451 0.05545420522757028 0.021189278724295664 0.0234583113433907 0.05194166404366132 0.03698134562827585 0.021853878732451575 0.04143524869471339 0.03128376303986432 0.05280686485228345 0.037164670819556905 0.019881883122695523 0.03884497482173857 0.020867538647449578 10000.0 0.03931362576509714 0.04255573663662205 0.04503748532010506 0.02944667689552311 0.058630437764028945 0.04434650466665149 0.0550367369788733 0.05878744045927563 0.013359838283618287 0.04650445474951605 0.050464686224682365 0.036146116511940635 0.005765916033529067 0.022129216889144192 0.01794804386123166 0.04147978958444575 0.04820469703276178 0.016295723811800417 0.04947942416193335 0.04591292445876719 0.039531007033972394 0.033864686603508505 0.03191112800769429 0.0422221142579459 0.03561009487646021 0.03949226021491891 0.06484832956091963 0.06145135850411698 0.005401340189955747 0.04355642965383576 0.04844854202623458 0.04421353386834941 0.04438284762559049 0.03872200678327429 0.021192359194850175 0.05966624461497056 0.06723371761626436 0.030626805261646586 0.02768918705173838 0.058767369654788425 0.05683158176698912 0.025327165490364522 0.0520568006678098 0.04751452647629988 0.04801640127364189 0.0428634966819434 0.05147712920572821 0.06390547588703828 0.021491169413244398 0.05049071937864964 0.01963360874646115 0.05485200283997642 0.042900878695080566 0.06690897141647392
 0.031734382874730224 0.015706109891503853 0.06756411977801194 0.042453611611609605 0.011266915410389775 0.05256159850538095 0.04320474877135327 0.016021926194170484 0.061483561356585587 0.017305353456878104 0.05773268881962532 0.06270569232512814 0.01746113086243234 0.01808972337737053 0.03010928245058252 0.03621106929594342 0.06878313535854245 0.06766048458602363 0.07627157012590924 0.028820202346543984 0.06717422554014449 0.01856813640166618 0.03931362576509714 10000.0 0.06573905994894984 0.07378138190905165 0.06870643797905544 0.04814543365631973 0.015768130111993434 0.022206418407615537 0.03947747434083288 0.037775107922176115 0.032326152435014716 0.06198994937451172 0.0060257090275320415 0.04021353504047733 0.022354374443244014 0.041796273932165055 0.009605363054563958 0.08008906364583424 0.04732605010253588 0.07716784445364733 0.07408666839526991 0.03602010389704204 0.03125468589571738 0.02266406945742291 0.042839813279876494 0.07243443636114498 0.06029898932922573 0.045290814405496704 0.08416010154247996 0.04450552904358466 0.015822557553803747 0.0858425499797411 0.08049348528724684 0.08131843248104048 0.028832100704746545 0.04638643051003763 0.07792606001353311 0.03379857919642089 0.06942391335892356 0.05031595717996767 0.019596568951313953 0.021003262871077507 0.061881446270185256 0.03912592518781384 0.043399394980922115 0.03134646298131153 0.05580911469082502 0.04212426660515351 0.042391493977021466 0.05050364539510832 0.04876466813856847 0.023170425076726953 0.0674101831677573 0.07861111714763644 0.05472822465261431
 0.04367333946557192 0.05925220052925772 0.05033754592636235 0.04762844119786545 0.07228633475234271 0.013315242244516719 0.07749210539405356 0.05134813752760879 0.08095551481174934 0.07505017382267792 0.02852860559863087 0.040084069836241444 0.08281370389576903 0.05106727586411238 0.06317350225231372 0.03785348816097311 0.05680297732313993 0.015079477209819211 0.052285704390974616 0.060774600091402835 0.07514321730613337 0.051295055297062714 0.04255573663662205 0.06573905994894984 10000.0 0.07982851466508219 0.0420212130572755 0.09989619645590778 0.07790401022631142 0.06799907243277675 0.05608430258327808 0.0559154012048446 0.0860345779337743 0.018196453242520207 0.0663044352461346 0.0369332286653399 0.06023460450137209 0.06023394755243237 0.061191493062145844 0.020712981324582463 0.056517337312167897 0.01282245614257118 0.011133446780655943 0.08097788160787076 0.07486025326569373 0.0443875173908597 0.0844576405400144 0.06128165292375196 0.0058207876610052766 0.05945309841934332 0.019338603869852027 0.0398029421502411 0.07739515666537823 0.0684688414169549 0.03127712632388432 0.033874262295080115 0.07853675690964315 0.06269336897349218 0.017638146090817278 0.07664007638927105 0.0376023961657081 0.016252532841620763 0.0804377890194954 0.07257572699306812 0.02779085889155102 0.09239802159784279 0.036689013027522845 0.049679151026789145 0.08493563574165915 0.043067864755230306 0.061018576737612275 0.021090663410491085 0.09277044492591519 0.057608967360153474 0.018782517758760216 0.028633701908382603 0.1081317360110392
