NAME :TPP_input_27_5_2
NUM_VERTICES
131
NUM_CLUSTERS
27
Full Matrix
 10000.0 0.025705746082546912 0.028916713327043275 0.028490478048649234 0.03151816080133057 0.07705707141755667 0.03961808023105854 0.029382509371232077 0.03616799349268173 0.009303917036453798 0.05841100739462075 0.025935928324279326 0.07157807836053426 0.06991933588655583 0.07560335216092945 0.06813886482547601 0.07608298967460857 0.09762770123121749 0.026279631967907193 0.0662657547602345 0.07047813401053334 0.06198239301518394 0.09079536667619709 0.07900245770729011 0.022894028185900056 0.046932416911503 0.043967814533502146 0.050299981518695025 0.06903424918746658 0.034485388077293476 0.07503787861135904 0.07757162877689834 0.045198809748047554 0.030264510822873177 0.06863362327711252 0.057644913998130855 0.06815991250718666 0.09477443323499748 0.06109275762531248 0.05830157437877311 0.07534829098699193 0.026703716933128306 0.07869393176400137 0.02097227420035666 0.055880952439417056 0.0790197986314137 0.04023627106879788 0.06587926859534991 0.06466325565008038 0.06878437863070448 0.07709818844984365 0.060021658927284116 0.06648591291983082 0.04832252266489252 0.06618405946295723 0.08063001692868903 0.06793525435107921 0.03241962265310654 0.08260793593073723 0.08526126120942534 0.04635177969802806 0.0439349032126569 0.05051798708342289 0.07567703982624789 0.04193535381256606 0.053096668086443116 0.031070941239217872 0.03553477374282175 0.0452660320762056 0.06883442438317235 0.04295915911745486 0.021469012001696024 0.07468864234359371 0.046939935515817155 0.023944495991735055 0.016617566507654776 0.07493388865721871 0.08184774054506498 0.07583285425619887 0.041728082387212796 0.06583838549221031 0.06087536408630711 0.07735145949099513 0.0686946905993204 0.0768374401308978 0.04723691046356837 0.05773531331352388 0.07866386713579933 0.09165039516017047 0.01701533032966715 0.04785348053815226 0.011444002629730287 0.07863424682381209 0.04292756176706346 0.05571034390434647 0.09162438525381068 0.021219212266834934 0.008682368588162927 0.049838829372199106 0.07951875482050176 0.06368542799858108 0.029091269708631004 0.019722987889128532 0.052025555462563815 0.06754916524399006 0.028115889395354417 0.03769530492453736 0.06559766743247919 0.07112639445028951 0.05687884667134587 0.06663810476882918 0.014440890340618828 0.008241676243520015 0.06779174723206388 0.05002699433953574 0.03383240385467019 0.08057313572652862 0.08019212797164231 0.04025118172272668 0.013381333657228984 0.061774716137646644 0.07407434380084715 0.03250014180098121 0.05370346576534872 0.03865619440985846 0.06477283749184988 0.06623428628539575 0.03972356894469033 0.030965050202869358 0.048453599097220176 0.06608152608938694
 0.025705746082546912 10000.0 0.02027068875110047 0.03531487525352742 0.046697977112654845 0.052741046910110924 0.040608403114212516 0.03767013009684915 0.02841692176652122 0.03394165571378903 0.04406586099738712 0.010927189592363579 0.049677833282305156 0.08408102268472431 0.06992413274723604 0.04316252898686421 0.05531741743787386 0.0889529769595752 0.04049697120714018 0.04300051295212443 0.0682512529914683 0.06534772184728009 0.078493161635096 0.05374692613368682 0.00949765351581421 0.0213117036949811 0.029272180465093132 0.0305189842825329 0.062041521049325095 0.05514654267975051 0.06100826970641169 0.055799288679034345 0.059959867130435024 0.031319736781088826 0.046797667372340236 0.06849458265405253 0.07574793048724424 0.08963430661639064 0.035396338962275536 0.07468163557567224 0.061585752175192354 0.047359443990622835 0.07706280468863665 0.04662772530379836 0.04188425675407944 0.07016293825005054 0.032466108449213965 0.05250724040450942 0.04483030073500226 0.06902327779684256 0.062489993482706285 0.07001769370127815 0.05864961069411037 0.02917366495126474 0.042136794314519437 0.06948255064028756 0.07833275446267049 0.008064533475169184 0.06569440423735214 0.07527412845531181 0.039461200031966605 0.051927967464883824 0.06959292336841116 0.06454080804822221 0.01728589141395069 0.07348757273013022 0.05032024144284992 0.03902458317131238 0.021283616415440115 0.06384923440800225 0.057031876390966504 0.02191905247143714 0.05732015879562172 0.05608044227644688 0.046043317965291625 0.023492025017041965 0.06585437431337446 0.07657298796369501 0.05716017036601907 0.01616774628197603 0.06942172759585813 0.05498894678826578 0.05173128850915953 0.043482580350891975 0.05174599874283364 0.02523499393212944 0.04298557682611096 0.06437799884574774 0.08470399987810927 0.016730613303059014 0.022378651481697587 0.021920665140493335 0.05931254558934189 0.0635185396570509 0.054464719946529405 0.0849474352112774 0.02350160964990041 0.033011584616665646 0.045763419146326575 0.0540964746644748 0.07689047347120063 0.0337229470959286 0.014116182619117602 0.04058365476883741 0.06532292947615086 0.006869926708031055 0.017659102063648655 0.04532462615510349 0.053669104621167495 0.038250344209787096 0.070786487993218 0.037773875608254945 0.01756842264357783 0.059326414276800896 0.024798681103214003 0.008133059404251266 0.07085816400596574 0.06209721682143418 0.015718089126596602 0.028459460047890503 0.07660304708316859 0.06588146233583597 0.021921071161778268 0.05135531033071723 0.054358054100820535 0.0415243355059493 0.046007037924152484 0.017671532841266747 0.01915158723864472 0.04800273193109132 0.04189275292108656
 0.028916713327043275 0.02027068875110047 10000.0 0.018732947756529048 0.05864686147297157 0.0667237657878685 0.0585454533681578 0.05263778087857084 0.04801425852898401 0.03254882591296341 0.06420570664391521 0.03057303548213109 0.06677926071181804 0.09734659990244766 0.08993533225222315 0.05619008736421164 0.07307012376184738 0.1092212897532704 0.027387385433367235 0.05905120886728749 0.08768276299076719 0.08323726818009772 0.09862336386606448 0.06525748141028095 0.01133713487625357 0.034064204606765264 0.04952680915840521 0.04975629014148045 0.08214574814171531 0.06334866003675138 0.08102940416233546 0.07278728205513113 0.07252689339881467 0.04864789542392574 0.06406908453599078 0.08337528337713372 0.09223695440033056 0.10967856317508447 0.0440275359761461 0.08641708381935059 0.0816391611690149 0.0554964251823421 0.09645945861949778 0.04728022889763591 0.0620769565787727 0.0904185375886499 0.052229469913879875 0.07267141504968982 0.06345810780148883 0.0878908812547016 0.08240601161516475 0.08534046986073922 0.07880882073242132 0.04870122465624019 0.05715854261822444 0.08972551259738522 0.09358673533572194 0.027045255340539465 0.08501619178438762 0.09554221186504006 0.059272386433720965 0.06772240535098595 0.07925330033483621 0.0847944994823407 0.03392605894345002 0.08199928025766041 0.05963828867317781 0.0560259184726892 0.03830009352949835 0.08372166252701375 0.06994126256413276 0.00894521732361065 0.07663039280502902 0.0714950039534929 0.05285956063316738 0.01449308856077307 0.0861096896100859 0.09657413590512756 0.0759854825756275 0.02663557305577291 0.08730840186570094 0.07490036968163671 0.061337293901306586 0.05575304947924944 0.06392470340260782 0.04365784987582798 0.06309190198382211 0.08433145592397447 0.10489614634736982 0.011961561346688127 0.030662439573636485 0.03308941452364964 0.07778975008327477 0.07182050331374557 0.07346447273512832 0.10512091237805757 0.03933238487896683 0.037568825687620974 0.06520843948778143 0.06487175106570205 0.09064176840074488 0.016288934300857816 0.030827187212275547 0.06084577018207024 0.08471975485524641 0.02714045653439482 0.037537746240067144 0.06370408677000157 0.0730191081129569 0.05760457984468682 0.08850463161761447 0.04335314904684744 0.02452673579675325 0.079534062734523 0.03127825677791789 0.023170375111606464 0.09112874898923418 0.0810607740344317 0.03283336095711857 0.038969540287140066 0.08937933897295301 0.08609746015205237 0.04170763725150087 0.07055161873344727 0.06622127564403595 0.05767830436113379 0.06438755832352552 0.03676545131421952 0.0033067438034317127 0.06663819148498591 0.05669585899746458
 0.028490478048649234 0.03531487525352742 0.018732947756529048 10000.0 0.05977577245776502 0.08520756952437489 0.06648298586743209 0.057510207894308905 0.05926290457631613 0.026230056252083342 0.07859731280249063 0.04337299952966541 0.0843584640386398 0.09760608196282598 0.10102816172512542 0.07475950108462671 0.09033606846632755 0.12186642535725326 0.010299429226953045 0.07699451689958581 0.09714355649246667 0.08996888085945268 0.11279924379518404 0.08397561168170584 0.02599320476079752 0.052423006198335995 0.06350354451849927 0.06583339455972871 0.09375665348586938 0.06035084825841474 0.09568494702105876 0.09044230150914676 0.0731897708862384 0.0565698568516972 0.08155602592301817 0.08606375992289708 0.0966406722701004 0.12065002239460021 0.06275384743862528 0.08544181691091612 0.09619254992294536 0.053262565152143164 0.10566149761947964 0.039301990127664034 0.07626012404445079 0.10296318314372367 0.06361263606623684 0.08687673475845113 0.08010135564151219 0.09616205932512228 0.09733210816342464 0.08848381199056381 0.09075071724947911 0.06445240232798717 0.07537888859254403 0.10327861826197747 0.0963364429756521 0.043169152461280835 0.10095391906997307 0.10865375222806754 0.07047803285263905 0.07232505821975545 0.0765237070108739 0.09827080339312247 0.051330313593001234 0.07799391406461982 0.05807254975059598 0.06291365784446276 0.05565933745719151 0.09444200891982289 0.07113986997977102 0.013395823031016371 0.09259396543883369 0.07541773903785651 0.04972133288964897 0.013674716937894476 0.09870017244783655 0.10752949724362973 0.09247034554614525 0.04508671017748572 0.09390537635928012 0.08593295667697337 0.08005425255687859 0.0743991876455068 0.08260515678882999 0.060372809856208576 0.07761691019558335 0.09915533738351998 0.11669955148306634 0.01927362880868046 0.04937445702902548 0.037899779327124294 0.0945745777936085 0.0682371596764025 0.08241174632007392 0.11679895601715633 0.046827421784229634 0.035294980633401835 0.0753387626048972 0.0836044341249569 0.09170317721079235 0.002810851329874292 0.04074654938151011 0.07394478534921847 0.09416763453172257 0.04169982395986169 0.052871796278801515 0.08053723250675772 0.08893792171748245 0.07354437773942406 0.09480220792475368 0.04064738523739853 0.029475881405770975 0.09176260082741847 0.050003425853022136 0.040483603862560315 0.10406602622139469 0.09741176962506763 0.05002953313318829 0.04169363340400464 0.08939630882002757 0.09829267207520523 0.053738348676379215 0.07997923844780039 0.06659453407107371 0.0755779120376238 0.08122165876644168 0.052948412670333206 0.021937580461776015 0.07520724552054475 0.07496399630150914
 0.03151816080133057 0.046697977112654845 0.05864686147297157 0.05977577245776502 10000.0 0.08498135223950282 0.023042871240546155 0.012295217082753837 0.03286850414988414 0.03484856137880511 0.0529195330544507 0.03886337237555427 0.07475661560166594 0.03872002657557224 0.05601470116136514 0.07901635139569856 0.07660489013085753 0.07903957356696331 0.055673640253554715 0.07289940606760932 0.04794330145257239 0.035248458920521406 0.07714161063467327 0.09005767026294549 0.049548618039654886 0.0632673619720651 0.04406115039166263 0.054452569695116936 0.051969334110014524 0.013612115454335168 0.06565788733239018 0.07973125794117947 0.01388432457644975 0.021908419295298222 0.07212131058397532 0.02640537547784954 0.03787946340063809 0.07268599062020702 0.07779119356966459 0.02811667444074248 0.06556436719991489 0.011306695103924853 0.054595997937478415 0.02981626985758679 0.05065781519298753 0.06257072696212378 0.03418156358441115 0.057319593199581444 0.06545866120109602 0.04403800568093566 0.06817682505956772 0.028995192668422088 0.05090176177342689 0.05224062027933487 0.07460813415215929 0.06672468816164441 0.036614800156243354 0.049013224412217525 0.07616783819627984 0.06937212274743226 0.03591087175084131 0.016288038455515647 0.02348479387874662 0.062470794621246266 0.056085832728488674 0.028247223008368343 0.00849985610261148 0.018677066778121455 0.057296226848156086 0.049517054355007806 0.011452228413879453 0.052454940023600086 0.07002282476251817 0.01747879759114777 0.014919947578624523 0.04803424080378802 0.05933727536641435 0.06105877942806904 0.07296247320650097 0.06125115651834223 0.03845201231226642 0.04422750409695513 0.0908298679965861 0.08042142045007544 0.08734955753563038 0.055486798255688946 0.0529571084201767 0.06907822395921337 0.07167552343083777 0.046921879692946304 0.06723068667843603 0.025872540428850833 0.076402495491912 0.019570379305495884 0.03500396925668623 0.07136493467597825 0.024077882338012637 0.02473855876803882 0.034434715888119104 0.09140223372623993 0.03222447041824915 0.06055973448395199 0.03287940405431476 0.04484042089238057 0.0454553016354289 0.04410301484596428 0.04694679279482078 0.06691862461868198 0.06716871296646518 0.05758997075249198 0.038715314482298833 0.020281017495874784 0.034121429076272976 0.052699628184919446 0.07009468218760755 0.05341372733795468 0.06493364370871528 0.07583048153938857 0.054601891672384655 0.019682079840286276 0.030734650888240463 0.05756331674037315 0.035201884720513 0.03486121642142688 0.007705760373682588 0.07158888997735141 0.06736744972513613 0.05052545727670855 0.05991925466838315 0.02917158245267787 0.0748733069214814
 0.07705707141755667 0.052741046910110924 0.0667237657878685 0.08520756952437489 0.08498135223950282 10000.0 0.0652801103981119 0.07271913285140137 0.052211222671053145 0.08601077893231217 0.038690069176814494 0.051589213160980474 0.01424055776290456 0.11225997755104815 0.06690070807754057 0.010714998652183777 0.019235299955770394 0.07277696202221949 0.09231128840721756 0.012102218438966486 0.0728144956032991 0.0809801116997821 0.056803968754454884 0.009318790572376721 0.060392337390600806 0.03280316137794112 0.04114483788941678 0.030536242319905926 0.05996513635858182 0.0975352474279798 0.042867515312524834 0.014980665943301876 0.09398403165776757 0.06308117136566387 0.015325442171226849 0.09484203975603338 0.09506634792703769 0.08113048524204688 0.025539288609361308 0.10791157474091709 0.043815459421594795 0.09114699663828828 0.0795298414888871 0.09694080494043038 0.039590356861166354 0.06009070741938241 0.05176062407635908 0.041961763520463144 0.023272403506811038 0.07786092615808737 0.04188908193854339 0.09467344992122782 0.0566651031170559 0.032741940364322916 0.010916798451562588 0.054293706630960524 0.10158664631342973 0.04501297341573508 0.03659885614601496 0.0604602403159452 0.05331557484344222 0.07975958791081611 0.10759071797264347 0.05179830725529686 0.03548887991851781 0.1128994292856486 0.09199831368396288 0.06791790169255027 0.03182394083911953 0.06497902629061253 0.09094203704730527 0.07257899863714913 0.03187687420978653 0.08383617469474049 0.09156185340070483 0.07559078587961712 0.057275445904573716 0.07182025799998996 0.02751764118275551 0.04012691681827472 0.08396817467029656 0.0591285201942969 0.015752488276088678 0.011848643143074456 0.007076651408501444 0.030534685175004433 0.03776618916065231 0.04360790171541213 0.0736549172953234 0.06886336056972629 0.03649921216530881 0.06905856817604288 0.025887055313375557 0.10453070085619992 0.06729545347258709 0.07442163267079895 0.06342153914608044 0.08255761465860018 0.059262412938410204 0.011884267028888455 0.1048806634390139 0.08294028838854062 0.0585422479570263 0.04507455632434877 0.07112105421304017 0.0489627169821991 0.040165762772775934 0.02165046777788986 0.03076601741287097 0.029053003786534925 0.08583444921500516 0.08580858964868862 0.0689051362417361 0.055602899462019656 0.0368514765545812 0.04554490475656942 0.0584943673772413 0.03119052337295825 0.037113195201815496 0.07401897451076835 0.10714530149755591 0.059279320451413625 0.05020701249695925 0.06409264001084616 0.09100262511556398 0.013392716223182926 0.021632156470224442 0.037518503911291835 0.06376965131439336 0.06582964703407933 0.010975700096289521
 0.03961808023105854 0.040608403114212516 0.0585454533681578 0.06648298586743209 0.023042871240546155 0.0652801103981119 10000.0 0.012680295600961322 0.014895061006102026 0.04701951396763221 0.03030727341329064 0.029895630634395702 0.05364951999565068 0.048118766461351443 0.036425536476494144 0.06104446526080497 0.05461920429338916 0.05909999752543927 0.06585425955761164 0.05326282169083209 0.03087554373837439 0.024795027720792735 0.05502786217751743 0.07158268942567156 0.0474433581882616 0.050173478944649214 0.024538124056963682 0.035324147092839306 0.030743913584502822 0.036646911735590475 0.04265552863362097 0.0581141194201052 0.02889438724164331 0.01001629870361461 0.051245889028566714 0.030870280905440646 0.035613044258991616 0.0552315697551277 0.06336967966831367 0.04263889670311548 0.04259019033303679 0.03309195175168271 0.03922562109958497 0.04830343152021584 0.028206539523517475 0.04127627538519951 0.013710322861943165 0.03428061499165098 0.043977492412742326 0.029735164711214273 0.04516088121866469 0.03152904165126855 0.028969063788781255 0.03330547513984135 0.05569152426955792 0.044541413260536136 0.039533975443141196 0.038940436132380386 0.053135348298765823 0.047947137461177 0.013129035942306558 0.01461035387271422 0.04304007727676295 0.040023066385131006 0.0426688703298088 0.04866122237693003 0.03146621377648949 0.004821961169224223 0.04227100244319412 0.029621114703784642 0.025941939518475888 0.05545641831390399 0.04716264764251029 0.018870432476059382 0.03563694861903007 0.05294203770785499 0.037611129876807384 0.042440074598435636 0.05031958093825148 0.05077813259177235 0.028875676413753045 0.0225602248375584 0.07359236186132977 0.06281069240708789 0.06873237673341616 0.03844974503169969 0.030501580014223297 0.04611082789503314 0.05255118153059998 0.04893180187507385 0.05580104287334464 0.028742702985474374 0.05381108964090464 0.04168851558289402 0.016095696500596134 0.052440272227364415 0.019750012931418075 0.03739123541656358 0.011803321398986946 0.0732846500415493 0.04060735213934265 0.06628567474013992 0.02773040239817707 0.02223441405639827 0.02793624334030193 0.0351453516010835 0.03233965599982319 0.04553884030747635 0.044451796924306265 0.036581207249763215 0.030192531409530227 0.036044818127725066 0.03702299801503257 0.030626533885853808 0.058848189921178864 0.044466361991532144 0.043331921111817814 0.052941840765626795 0.041610279737957376 0.026837952838225397 0.042195080174020565 0.036197058888658665 0.020542335434527884 0.014240652265175725 0.026986383252840862 0.052119288353905426 0.045903322051499586 0.03603949539441904 0.05855045523667677 0.008836375872399075 0.05611748741056455
 0.029382509371232077 0.03767013009684915 0.05263778087857084 0.057510207894308905 0.012295217082753837 0.07271913285140137 0.012680295600961322 10000.0 0.020573789569958555 0.03567689160302 0.04114523738380538 0.02847339697954053 0.062485009874594974 0.04646062346066701 0.04864321740568876 0.0669468513696774 0.06446796325237433 0.07151396621052321 0.05551506513304727 0.06062981417305913 0.042100969523125725 0.03260019514758057 0.06769490132077814 0.0779376914653947 0.04234935797688789 0.05219031850261376 0.0317659825622548 0.04218391607651376 0.04333955490205144 0.025492088795306702 0.0548497511946889 0.06751286150130863 0.023026306685692565 0.009640468476129434 0.05983722017218646 0.0310005477163901 0.039724533674541984 0.0668821666141754 0.0664786204555799 0.03788993213121536 0.05485043168719879 0.02082397921458669 0.0498955710228926 0.03569232750592345 0.038802854403388876 0.05390981262848866 0.022016501398469265 0.04617474310136288 0.05324248803795477 0.03970442833606751 0.0573039302000186 0.03277813206612227 0.041646112485764775 0.03997785451778432 0.06240264253485988 0.05720805460308012 0.04107304270484065 0.038602831500414776 0.06489627906629171 0.0606044174188258 0.024501055033084647 0.015139983273797704 0.03520914226913245 0.052651317188680824 0.04482885137462243 0.0402877084793837 0.02001402810819606 0.007858351914492943 0.045664027865856736 0.04187320739105673 0.01994846025968158 0.04793367147796455 0.058386379193303556 0.018867392765543067 0.02307426780044762 0.04448000427261446 0.050283573134140044 0.05439595859964368 0.061117619933838414 0.05094966217902383 0.03646406276849053 0.03519753396741022 0.07892272805220084 0.06841536887435969 0.07520476213035762 0.04345427811163243 0.04108773268405565 0.05837307053422064 0.0647261006915442 0.04171753796579401 0.05669831044990701 0.0200056537791391 0.0645139086990364 0.031864586763603035 0.02769408899501983 0.06455549564662873 0.014169063171985232 0.025616112786527024 0.02447094001038275 0.07933953183985293 0.039224909327986425 0.057729268144414134 0.023562306409405653 0.03313531660391482 0.0392866373195662 0.03392062276838274 0.03526096973180934 0.054685251821869646 0.055399458467367206 0.04533386445167545 0.037304462693747265 0.023604762305028563 0.02888820229047123 0.04330672195092031 0.0596534494627603 0.04348989619192265 0.056000311798064806 0.06421262027849917 0.043435575769528334 0.01600956444047677 0.03917329781556092 0.04883057145480259 0.02323508655499601 0.02649362787924619 0.018618673490687996 0.0593288176052294 0.055144915764978215 0.038925125950897366 0.053315391794921306 0.0207482666045064 0.06268627381118735
 0.03616799349268173 0.02841692176652122 0.04801425852898401 0.05926290457631613 0.03286850414988414 0.052211222671053145 0.014895061006102026 0.020573789569958555 10000.0 0.045061296167157726 0.022854183398203696 0.017550318850729968 0.042007339950817096 0.06287636376413008 0.042084315959461216 0.0469455897167747 0.044415945759490406 0.0626307665895288 0.060849536327126176 0.0401108869259744 0.03983649167294253 0.038127045006633144 0.05469195388537134 0.05776731713963878 0.03667894557269006 0.035333061289583884 0.011198552735657029 0.021690366439268208 0.03455667493457449 0.04583798793267679 0.038972608558928507 0.047199732412528485 0.0421486249639947 0.011004953846150795 0.039316372701864236 0.0457259310189212 0.05011636916993324 0.06182973330538884 0.04849342870012091 0.05657302273455272 0.039242543587409424 0.04021323750170286 0.04864699315695052 0.050803042345079 0.0203195824586062 0.04374748081828309 0.004350595332042057 0.029809535174958622 0.03298263796621491 0.04078818428664308 0.04111993576908726 0.04642385764771118 0.03148911367119719 0.01951255719925391 0.042051956863969404 0.044653381062742366 0.0544016807022298 0.025087624942165213 0.04733421706846868 0.049635325777768004 0.01133063352425646 0.029186326324517446 0.05542008103479246 0.03966259037179863 0.02785002551988797 0.060689811297529844 0.04029888852020984 0.016132609565053486 0.027380976738038583 0.035740838705872066 0.039057209076704284 0.04682558967882811 0.039934274728690815 0.033535636278795355 0.04148141405172158 0.04564950594835656 0.039514210804497726 0.04868988644785175 0.041984350414414034 0.036384401099932254 0.0421165908564646 0.026973625111740836 0.05927139913262387 0.04857409915172204 0.05498008599050398 0.023828163003346864 0.022414746114727494 0.04260760771441169 0.05749769081735499 0.04032383458078527 0.04113370498046086 0.024838546738495813 0.04520582457428771 0.05243836435280176 0.026228837166950892 0.057632543029765115 0.015421715062301874 0.03734829432317539 0.017347693003235066 0.059305023981390766 0.05536533386441181 0.05849584399042846 0.01852190119339562 0.015891942429953135 0.036906031361587016 0.022076475593459103 0.01749930360217766 0.03435758483830089 0.036605434368019704 0.024952711231919646 0.04365674298846524 0.03831364248407938 0.030755080672136996 0.032515811337687 0.0441811885255695 0.030744182329312402 0.044989493943045814 0.04569364710472911 0.02686284323320384 0.026564842178657733 0.05665342360302209 0.03903259611739991 0.006552068435016385 0.023010410410118382 0.0388081457977015 0.03883578103435357 0.03485422263869988 0.0211724135286088 0.04738386194686484 0.020283789355927003 0.04238504429849071
 0.009303917036453798 0.03394165571378903 0.03254882591296341 0.026230056252083342 0.03484856137880511 0.08601077893231217 0.04701951396763221 0.03567689160302 0.045061296167157726 10000.0 0.06752184381696243 0.03517660871638629 0.08082855018227442 0.0716820763938242 0.08337126769368894 0.07687725134040949 0.08538039272456893 0.10572864076992744 0.020835788485571355 0.07538243975842489 0.07761646886824385 0.06791714221722554 0.09949452920237921 0.08762023445238766 0.029368162578375295 0.05524899331566761 0.05320481214084103 0.05959232682815786 0.07712831431447943 0.03412415740761455 0.08401964664205219 0.08683628531137307 0.04765058335880661 0.03823989726854021 0.07788347485276512 0.06122134944826263 0.07260377416959914 0.10221939695999731 0.06905105821351594 0.059327156506322774 0.08430189668215475 0.02717733429152623 0.08555620601281054 0.014732863000989282 0.06498485055792162 0.08730342025256618 0.04901409864629107 0.07485504256113662 0.07396665894952004 0.07537650539579793 0.08612436320965404 0.06384330488944964 0.07475348345561447 0.05762212280290133 0.07517520831150346 0.08923855129123347 0.07135525032362328 0.0411277335607453 0.09179656712355114 0.09366739483782212 0.05486061438936021 0.04919255015274528 0.05029416257826567 0.08432250600210642 0.05069088235291583 0.05188550645436874 0.03206890075086328 0.042613105263362656 0.054187200099970606 0.07657035125840485 0.045875795884265415 0.02388521263677274 0.08392169411509942 0.05163712509518596 0.023528058055143363 0.01826095521713348 0.08329314260069004 0.08945780927160911 0.08511624857465423 0.049557659086622116 0.07160596959877828 0.0689132838929296 0.08565048934066707 0.07732753438199694 0.08553746960597264 0.05641187718951662 0.06687896325228203 0.08765210394078785 0.0994837088262278 0.021747066441305227 0.05552816071318268 0.02022804024914939 0.08793072709004537 0.042038225996987894 0.0629709164719686 0.09940664243169843 0.029811049983512684 0.010307083699518401 0.057819306497611835 0.08802621755537668 0.06606394926942509 0.027685669555301565 0.029026330383726047 0.06095250155582963 0.07474318328582477 0.03705788764902007 0.04692331445011768 0.07489738416528063 0.08037165354119938 0.0661800909867836 0.07222044015094788 0.014797610540455473 0.017141603815841882 0.07613924811429179 0.057469966087809125 0.04195375212640257 0.08897601340365664 0.08944908263709539 0.049022057682475494 0.020184099627710575 0.06346324009850605 0.08230323863822277 0.04169292894123207 0.06125073044027191 0.04107350253624638 0.07388804693434997 0.07553494388850528 0.048838911350782534 0.03520677044407053 0.05577657232323978 0.07504322070037434
 0.05841100739462075 0.04406586099738712 0.06420570664391521 0.07859731280249063 0.0529195330544507 0.038690069176814494 0.03030727341329064 0.04114523738380538 0.022854183398203696 0.06752184381696243 10000.0 0.03527284397985009 0.025187764131851066 0.07440379688440749 0.03130313800800685 0.0381172802418336 0.024685921871785924 0.04591278099216934 0.08173813270870878 0.027926676112822027 0.03500801423263554 0.04231445157323716 0.03442866647864107 0.04672620627830789 0.05350925202931071 0.038967811076426905 0.01510910985325803 0.016878614734185976 0.023317118886314967 0.06647483288338298 0.017094595003216684 0.02860645287691562 0.0587893262304305 0.032645735916424036 0.023432126918341973 0.05716756875853213 0.05643367762821113 0.04935790452150022 0.04673511031491807 0.07154663340906073 0.017596876766516025 0.061841970234566376 0.04265516898214157 0.07363205605438175 0.002543742935405493 0.02796819834415071 0.019658449766869285 0.008479089092075358 0.015476854081301615 0.03947950949418752 0.018874654962089545 0.056667464054761585 0.019624146748746858 0.01677358801288582 0.031566312284973475 0.025779217666328066 0.06319558838617613 0.03736200419757234 0.02448003389628059 0.03195434846826731 0.017178748415477237 0.04358322962812636 0.07318080932444185 0.02103424779213129 0.033590846660571466 0.07887404884100445 0.0610849369595842 0.034274584031083265 0.030209415144708807 0.027608561323216558 0.055968688729033385 0.06540062573676318 0.01729893680058253 0.04722678614525491 0.06359926211979461 0.06548468694038681 0.023884265819983055 0.03743141796581427 0.020050174272368635 0.04391395045864796 0.04528041892734485 0.02064401802588608 0.050724482505245416 0.04035829560444881 0.04383578240737474 0.023762318277788397 0.0013144827644559856 0.020611241363188676 0.043095762886962506 0.059331830712778075 0.045950116587476615 0.047345063293010727 0.023517565781265095 0.07195919061464254 0.02871388478309107 0.04355837569714386 0.038223368042685134 0.06017595785626811 0.02145067596044283 0.04892440411502114 0.06719267596311411 0.07734439054275992 0.03931351175179149 0.008091974440145214 0.032970229756799925 0.03726397494694849 0.026740705131168642 0.01712329040950453 0.014259791117398533 0.011256910577231605 0.04714570610515191 0.061109507307930196 0.052091842089091886 0.019209771012632524 0.04858295867342059 0.042221287045437254 0.027924224402817298 0.0231225340246044 0.033788729915251926 0.049418801645618696 0.06999715459377949 0.024850929388159682 0.025982445467721986 0.025644347716602 0.05729300128088593 0.027315900433186685 0.01725569197734767 0.028254325909588204 0.0626364880508652 0.028252883129071836 0.032269340180264935
 0.025935928324279326 0.010927189592363579 0.03057303548213109 0.04337299952966541 0.03886337237555427 0.051589213160980474 0.029895630634395702 0.02847339697954053 0.017550318850729968 0.03517660871638629 0.03527284397985009 10000.0 0.04565196120090046 0.0748247452510165 0.05936296208651385 0.043360015598184726 0.050329063932394856 0.0790201800977913 0.0466809451720266 0.0404610854027204 0.057379211831688946 0.054544459665545386 0.06942992221716597 0.05446883596523852 0.019275890638756264 0.024636902000394253 0.020163765764554923 0.02454179935781135 0.05160265746744441 0.049073463548368536 0.05236711767201007 0.051664866092795865 0.05137313062298599 0.021013755250328916 0.042706907185235725 0.05869486826062809 0.06529632147138713 0.07910823105777035 0.039333547726323755 0.06623670345558995 0.05285256585138817 0.04172131713404968 0.06618682146527363 0.045351614260505616 0.03290472622716857 0.06013650505100802 0.021688483716789535 0.04350767959701187 0.039062189762731694 0.05809620178035288 0.05409006999181762 0.060023305284657213 0.04831394629392134 0.022679546245191595 0.04067260180242199 0.0600025975187884 0.06830498503951427 0.010178209435555868 0.05835939588477937 0.06554565011941071 0.02872237418785556 0.041933612244988885 0.06228071601288065 0.05500684200106035 0.017912681041580763 0.06668303699196065 0.04383350859503181 0.02870034124975234 0.02028505657277349 0.053165690438530505 0.048337584212532154 0.030320391531383165 0.050139815596925146 0.046195398546689616 0.041269378782377984 0.0302205971897931 0.055834846478360275 0.06600113384744895 0.0507261378569431 0.022506202619135073 0.05861094313747427 0.04433298846817763 0.053853611688597605 0.044250033969474564 0.05207814241788021 0.021362669203280983 0.03433420623614334 0.05587272834180349 0.07442080319203258 0.024100085419660314 0.028385794030869157 0.017589874816421245 0.05330786200548032 0.05708530843455943 0.04353766822248759 0.07462131713176501 0.01478960166630773 0.03097124578453423 0.03487880463838578 0.055318654135471025 0.06749085419172088 0.04223567309071506 0.007071179927291004 0.030731112252734623 0.054441635562725355 0.005479868530027259 0.01176127082331937 0.03989212296257445 0.04649582849762165 0.03155949379969171 0.060008991474966404 0.0344796488630183 0.018208180968292294 0.04911304962538126 0.03128543162968991 0.015082154956792609 0.061027510091511236 0.05536310577463964 0.01628487109705032 0.02318398239701872 0.06764264511459563 0.05568418089384763 0.01114190935846002 0.04043666196813788 0.04628745644902008 0.03897404949298945 0.04054450048289268 0.014073690532712946 0.029839604078711977 0.03710119852649558 0.04065052575455051
 0.07157807836053426 0.049677833282305156 0.06677926071181804 0.0843584640386398 0.07475661560166594 0.01424055776290456 0.05364951999565068 0.062485009874594974 0.042007339950817096 0.08082855018227442 0.025187764131851066 0.04565196120090046 10000.0 0.09947547849435541 0.05266085644475611 0.018376574459964067 0.007097528658427148 0.059481064358608504 0.09017315468176415 0.008724839804021235 0.05868323570499651 0.06742955085761124 0.04387468085353984 0.023252689328815735 0.058500824049696476 0.03348085885803339 0.03085297611289222 0.021577294559620794 0.04575837025968904 0.08784475942878035 0.028869465149559133 0.006121884318131215 0.08254389756423262 0.05300530767390673 0.0029451954066529395 0.08215375455318598 0.08157328295468677 0.06721662953639511 0.032457586992962986 0.09597310722293803 0.029820798527905423 0.08206452750103231 0.06530065318602554 0.0901989792605067 0.026450806670860937 0.04597764143127181 0.04068825088568746 0.027765534163834576 0.009830055130904194 0.0638676398869509 0.028108218440481697 0.08176978998246691 0.042501873001787045 0.023734836378628364 0.012470657808774809 0.04040974749913579 0.08838187507725477 0.04161343927374791 0.024140759018247703 0.046707057036308425 0.041023397845242955 0.06778819504726549 0.09657410877079506 0.03767831653615749 0.03303215849105316 0.10207949012300754 0.08230622777838945 0.056830717337765596 0.028700405229256147 0.05081258500758828 0.07958086756246796 0.07112944325990778 0.018132810875739386 0.0716860080209478 0.08299456380053798 0.07316922203447104 0.04307061531028114 0.05762750301529279 0.014215769717152417 0.04079173739830213 0.07026117833683003 0.04525242130565694 0.02880519241616739 0.02065071261480874 0.02058533238616504 0.024663078105563476 0.024418530729128047 0.0299363491561955 0.05983003346773909 0.06639964066081507 0.03920121393056714 0.062215715017813596 0.013673073989783048 0.0942856617082764 0.053895473870945454 0.06056638751768523 0.05514373867854258 0.07587698673439291 0.04637766599641522 0.02573318317211543 0.09219869923363566 0.0824051525503719 0.0520754827247547 0.03226826202448062 0.057067930006286335 0.04445292592479266 0.03391558930603068 0.008198837968652558 0.016624790636701147 0.017191575422953135 0.07213314543158716 0.07835410674445922 0.06379831679958224 0.04139900046598688 0.04060991837056608 0.043892287277721924 0.04448827995864739 0.01874308351110912 0.03434019493140128 0.06631701147203084 0.09478763529513314 0.04504896152948502 0.041479384578302414 0.050825590784600076 0.08017940754402905 0.009706194442551067 0.007960226888370914 0.032388980972724954 0.06421701873084311 0.053104728293282645 0.01330481791010062
 0.06991933588655583 0.08408102268472431 0.09734659990244766 0.09760608196282598 0.03872002657557224 0.11225997755104815 0.048118766461351443 0.04646062346066701 0.06287636376413008 0.0716820763938242 0.07440379688440749 0.0748247452510165 0.09947547849435541 10000.0 0.0588553261884456 0.10893261095828181 0.09881012455847511 0.07758556664343515 0.09219900850872628 0.10051022854048124 0.04864264350904828 0.03412058318135381 0.0835422144042344 0.11920107953345001 0.08796475356427186 0.09765779715672172 0.0724899154335477 0.08317059492425156 0.060267949474974054 0.038353873703913584 0.07988835461051377 0.1029468042531928 0.024837840714166125 0.05428777583194937 0.0974493117686924 0.017440411372915392 0.02160919186789901 0.06621856781177994 0.11131823377687722 0.013082182441470675 0.07934861609691668 0.044526162680030006 0.049193110747789814 0.06201662405198919 0.07302478869043437 0.06835204463550429 0.061726902268605756 0.0745414939110433 0.08965365918613975 0.04200416127007726 0.08237412526262627 0.017753705827444913 0.061700397956721276 0.08124296779457764 0.10329216624470416 0.07504062572641389 0.013077225186804176 0.08485306023977089 0.09159243939803965 0.07423557209309145 0.058990025540990323 0.03370979974010552 0.024130098271342392 0.07280372832700097 0.09015197934748351 0.026780560080672568 0.039613234202528935 0.0471045285407125 0.09018595413708692 0.0552886007488481 0.0274263164855332 0.09111274135117886 0.08841044232191524 0.029346468300816702 0.048334346278344806 0.08653047951383878 0.06729880425207081 0.0601271524402527 0.09259482317260634 0.09716625179035644 0.033079453092456156 0.05631246047462294 0.12158352476744738 0.1107770124733149 0.11631477915923664 0.08656824639094622 0.07508288190684617 0.08231216811668765 0.06938632847671033 0.08564178233879753 0.10271560804044644 0.06439730439501544 0.09609436483512797 0.03244261006138344 0.0461544786929827 0.06863977582223635 0.06059828488398352 0.06233686020785914 0.05310704752424566 0.12103215027768408 0.007512694042013953 0.0986527850525602 0.06996586135586051 0.06727808509523933 0.04820001708541823 0.0802981751332827 0.07999702978356897 0.0912961481109084 0.08679936562917827 0.08320746122593077 0.031500425818431634 0.056987457096469185 0.0728211116326812 0.06351740994356705 0.10572102190968397 0.0898933804374378 0.07126594433910109 0.09350409699506014 0.08892551446519226 0.05837890397663575 0.008218871031487362 0.06474993976572652 0.0678037402837978 0.04888153652092647 0.03128500010381679 0.0994913011349554 0.09151603108214172 0.08373611013494302 0.09853713805900724 0.046443757829948515 0.10378294318577921
 0.07560335216092945 0.06992413274723604 0.08993533225222315 0.10102816172512542 0.05601470116136514 0.06690070807754057 0.036425536476494144 0.04864321740568876 0.042084315959461216 0.08337126769368894 0.03130313800800685 0.05936296208651385 0.05266085644475611 0.0588553261884456 10000.0 0.06853867761919764 0.04883334248720641 0.02303923076202262 0.10157652804741839 0.05786006968643908 0.010252501801581226 0.0256982477984284 0.024698279246768085 0.07579907629963835 0.07863182828328064 0.06962995605262318 0.04199761977383505 0.04780430889502865 0.008197616345744988 0.06838957547482218 0.02521275613708793 0.0534981045473294 0.054137958366502245 0.04533884367154988 0.051948544565608976 0.04489310321642669 0.037380999332141396 0.019752025602655123 0.07803364799571698 0.06163529728087207 0.02436939129382751 0.06722358525915509 0.01304947420321788 0.08420671468209599 0.03207308143547206 0.009663990997823271 0.037781456020894874 0.025236990786605924 0.0444984113724497 0.01685495142361088 0.027129286202916242 0.0428308966040645 0.01191432554977373 0.04722714222001201 0.06183715855712008 0.016784051910205513 0.04583263001122603 0.06492168303300211 0.03592834242695627 0.01543602746083763 0.03075388741696066 0.04042053257527743 0.067889336714704 0.01625379791872982 0.0634879706809838 0.07365181717398527 0.06423206508277755 0.041041314475552836 0.060676375331106355 0.006805211247416881 0.05246883581748487 0.0888607840112667 0.036094957426150764 0.04150165047942595 0.07045164860203022 0.08735553349884674 0.010160712988065432 0.006649991908567851 0.04079369149972846 0.07370861439239357 0.02583091638786315 0.015125694970869847 0.08070527250879801 0.07085787828511185 0.07302726540531887 0.05442054275760534 0.032597446341896694 0.026255813266149126 0.016125712056152285 0.08232857712888132 0.07654581923227481 0.06434172047678095 0.0437274216027183 0.07044451101987668 0.02114027823717994 0.0160369736700568 0.05469299684515372 0.0738166909067483 0.02582914158673506 0.07820737891498673 0.05324086679836554 0.1004179571365404 0.06039489461014176 0.030355182904657545 0.011432082534555498 0.06319075011424319 0.05477039220740229 0.0459416508112414 0.03630695916770603 0.04248156820706372 0.027356551469961573 0.07224747191688934 0.07183416754861816 0.012093396525159788 0.07932304382971607 0.07039081185836854 0.012562819855465557 0.039525947469907285 0.06332626878271302 0.06319551006822505 0.05778882221628409 0.007771726771046732 0.04823848557785834 0.022206733282976274 0.05627075380138401 0.0575565339606415 0.04576737848718805 0.05730490443501435 0.0890714776045801 0.02789709222825311 0.06261500058872482
