NAME :TPP_input_19_4_2
NUM_VERTICES
73
NUM_CLUSTERS
19
Full Matrix
 10000.0 0.08670811985875759 0.044520466308463735 0.013631977865841808 0.04660281431900616 0.050067845855479694 0.008602902076010489 0.047879214245427605 0.041080051495074314 0.043172567109701215 0.07498585421841207 0.057778096296398136 0.0319391141488824 0.055601617560507216 0.05377811923451624 0.02204772793119549 0.052789223213367716 0.034016466530877226 0.035204466867979456 0.08302698346465523 0.03864698939562628 0.07033311123039165 0.07259760243239217 0.03493458220097187 0.06932504065718723 0.048518735972237555 0.06529534375728993 0.07004726066379008 0.015631295232262664 0.053083724156926665 0.06186978345703051 0.0296770566271964 0.007841482747454767 0.0076738529576909405 0.04627945246797166 0.041456083887772895 0.05672639195493836 0.06452586626424894 0.0616827738060762 0.05314718933027771 0.06740572891322451 0.06573188136714825 0.03176192392948129 0.032793476543359915 0.013168890147583724 0.07490114005989443 0.014489835640559055 0.038617703253207264 0.0668965649890598 0.035323563790082516 0.07543898552004591 0.02256922465943758 0.015487099973241894 0.061038047670886 0.04133259968150804 0.07502649164253515 0.08484851119341051 0.037919916492875405 0.021141471048920404 0.056653396899746536 0.022926013582800647 0.06499157976843953 0.0548750032076312 0.08626687497545026 0.07828520845009748 0.07149224812984957 0.0412688168705431 0.024131165873137902 0.015879486558616263 0.024064353631712464 0.013287593237759587 0.03868575089216375 0.051040659276221714
 0.08670811985875759 10000.0 0.06122782024310048 0.07308894371294111 0.04019058539047433 0.06349427839261329 0.07841104210850783 0.08357794385473218 0.06595667748220733 0.10000211828083619 0.0895106230006814 0.057965886530359695 0.05739026603647352 0.05515261246453278 0.04292649031347582 0.06579574234357344 0.044670220172019194 0.10191511013807862 0.07822874328227976 0.003900331814254205 0.05389511883603541 0.025233362835166355 0.08499888617716521 0.054062716599871136 0.02830802708262482 0.05543619248766357 0.022251492395040543 0.018653077511104503 0.07525197980607544 0.0637906837513673 0.07946521698923417 0.07502991096021498 0.07886919704474718 0.07918197666097285 0.0657241385483935 0.04525204657636722 0.06325096500480787 0.09771871065648746 0.025447879623648556 0.08311977615105241 0.03833464458085152 0.022114142734194528 0.09179598888978284 0.07006947107161206 0.0907559994271743 0.03003696870941183 0.09912761593424022 0.05492854372638012 0.020084408813912533 0.05969068611145489 0.0144037992219556 0.10823699097192366 0.10099110964405777 0.03952907194458478 0.10232535201704018 0.06447281059802652 0.05873973222317462 0.06339019750241241 0.09380938911338059 0.08312769040043068 0.10961665581116402 0.0230887171407438 0.033310877189285784 0.10090855786798714 0.09366557324050635 0.05366498064564192 0.10104957823026059 0.06699353935959053 0.09824359959970652 0.08346223800429169 0.07348969977045507 0.07275393819517272 0.04491263127190717
 0.044520466308463735 0.06122782024310048 10000.0 0.03510229130339431 0.03084354938602795 0.06594009697640278 0.03708554821389003 0.07660316824044762 0.005178923053174021 0.08147462688170207 0.0986718565687583 0.06877528111834383 0.01965099214824757 0.06500263208996089 0.05346707061187742 0.02648346109173614 0.053908461779029464 0.07567987238192991 0.018071017376862127 0.058683634702582546 0.04566305366947486 0.03721796755480064 0.09482928431181534 0.019922751809896198 0.0347306764757902 0.05859284146412985 0.0473294373152867 0.05211895654565254 0.04483804435061935 0.06864776864440017 0.08444710453502542 0.05735192032813801 0.03917810705241127 0.04032279280579998 0.0053948530304131674 0.030855894378862575 0.012953006712228217 0.09535388721067857 0.03836927255172853 0.08014237551847857 0.06455584099700536 0.048198947592250796 0.06956110930438733 0.0559670582075532 0.055888860983080546 0.06646745859987888 0.05020816962496523 0.012536372047303842 0.04303371398258422 0.011500645065345637 0.046942567384510116 0.06596352971075765 0.059491578017494696 0.05890970574042016 0.0811425696088313 0.08598596486402696 0.09007261750752006 0.006610798948397998 0.06301748607950863 0.08265683439966864 0.06392740387475648 0.04817834164928121 0.03045854896572956 0.1115905533631327 0.102891380414483 0.07737779305883781 0.08057002260474201 0.02142584692111449 0.06035428293306452 0.05919683863452668 0.034743078834108335 0.0629839946401211 0.01640428946313732
 0.013631977865841808 0.07308894371294111 0.03510229130339431 10000.0 0.03297085475597768 0.042312702685580114 0.005536446261045849 0.04564233199307924 0.0328332825366206 0.04683468197863701 0.07125805848954184 0.04886780697632725 0.019258501087085263 0.04610701869366717 0.0418931185300087 0.009379612531600532 0.04112403465363819 0.040584291396258326 0.03124669370588426 0.069419648947819 0.02715304726395498 0.05705985542766489 0.06821162393215134 0.02195466379126978 0.05621555900599251 0.038765884290850205 0.051787608234136855 0.056598693819561306 0.010537124910208952 0.04540260672522625 0.05729366393277275 0.025663464099033802 0.005828355040426118 0.006394451496884846 0.0380947713557424 0.027840597764206956 0.04796643777361009 0.06389873327520885 0.0480555729052267 0.05024426056192811 0.055644538248953414 0.05225061022581604 0.0348322628921114 0.026638551605783697 0.021417870846637637 0.062472293763833106 0.026771672750461505 0.02677846355576909 0.05326469404701613 0.02441316306697257 0.06184913277289686 0.03581471374202071 0.028568456542890655 0.04916669164059413 0.04619256116842763 0.0667928114948713 0.07532789141605362 0.028651074360887176 0.028040722048824258 0.05340713870687242 0.03655791893636987 0.05153854589157414 0.041338242052014924 0.08346208581570579 0.07502025474201511 0.0617518906642254 0.04570266374494194 0.013690893663367123 0.027315028116452204 0.02474477292927668 0.0008061117263067056 0.033655130144215895 0.03866926998658843
 0.04660281431900616 0.04019058539047433 0.03084354938602795 0.03297085475597768 10000.0 0.0399869496546936 0.03823722285130144 0.05585381598629816 0.033713096646672845 0.06732569962653277 0.07283323515531585 0.04039108796669013 0.018331416765112064 0.03648838531812384 0.02333302934913005 0.025708361101070536 0.024107153513110897 0.06612710290135235 0.04327579706869297 0.03659246226195829 0.021138276915662512 0.026472414330841895 0.06858693244448093 0.015214917742666003 0.026720806578401514 0.03137316516671854 0.01985855766687974 0.02493655988022455 0.036420826622936726 0.04211229110488598 0.059223002389450545 0.04075814795500737 0.03878156686714218 0.0391677502304609 0.03623832990810528 0.005463098676010988 0.04017540464474779 0.07370875915787596 0.015125970228374953 0.05780594923343513 0.03371243145758203 0.020513553002872848 0.05699500805893012 0.036942198466921324 0.051835656881791495 0.03624038785149001 0.05897335491563057 0.019467332763873104 0.020294107665450034 0.023536082805117313 0.029131596426703352 0.06848707228888566 0.061215387497053304 0.028162005232920177 0.0685878138443749 0.05639868845367061 0.059412073091369616 0.029359220445894885 0.05609034390785417 0.05942666128007276 0.06952877020014854 0.020057426254115506 0.00972590767576443 0.08580027729097146 0.0772235935442199 0.04708259632522029 0.06755113208696771 0.02770315357787437 0.05898109782850093 0.04724583982487269 0.03334109708447924 0.042346837740127354 0.01857859900590347
 0.050067845855479694 0.06349427839261329 0.06594009697640278 0.042312702685580114 0.0399869496546936 10000.0 0.04649552154097904 0.020276318304018496 0.06660920964530526 0.03872847891919053 0.033059273145489454 0.008920103213356735 0.04669290379256936 0.00925045048331701 0.02109165834409011 0.044364516908810804 0.01940221707841529 0.04458117814806618 0.07067442280800955 0.059753073446219766 0.020318925709766303 0.0631032553306193 0.02900380821891148 0.04601743585483509 0.06443612411422472 0.00894564335641896 0.04348866145232822 0.04532258072316876 0.03461120120920191 0.003090348463699563 0.019237031866008867 0.021710412725902004 0.04486161808048251 0.044054649431026535 0.07087157207508438 0.036854540201884556 0.07768733894548284 0.035085039775022246 0.048356875047564696 0.019731240766884 0.027618311707477645 0.04315273233649947 0.03427410281211511 0.01742917574116029 0.044394636328951353 0.03756739909172758 0.0642709375551372 0.05346619110428798 0.050715600944295613 0.055057102599807874 0.06017151362867898 0.06275411459067745 0.05702401432720149 0.024199316218909882 0.04197382406678555 0.024958717647697682 0.035515069973142674 0.06156971582860091 0.042368521409359525 0.02031395792334386 0.06739940172487462 0.04209043573862862 0.04824266412642218 0.046060570881321664 0.03740318912778689 0.02306747638608638 0.04053549536389693 0.050315836032367105 0.05165970607899879 0.030930787960789352 0.04311877789022234 0.013708695893689464 0.05801473371413638
 0.008602902076010489 0.07841104210850783 0.03708554821389003 0.005536446261045849 0.03823722285130144 0.04649552154097904 10000.0 0.04785122360389476 0.034136796490215185 0.04672546317143614 0.07417709684746775 0.053461539495962454 0.02336779286020863 0.05086964696024925 0.04727731786850877 0.013449323561397055 0.046459480815134624 0.03919454358763068 0.030377202883922413 0.07476892039525877 0.03240246116560838 0.061730487242169944 0.0713558365961701 0.02633673538822382 0.060728215173757476 0.04357399569009727 0.05723881169546731 0.06207560654273351 0.012626895401902106 0.04957989424394404 0.06045614497584476 0.028229640910317384 0.0024028068391292847 0.0036788753045954078 0.03941549716658208 0.033201050315766596 0.04966198601628053 0.0656248485022722 0.05326106260214988 0.052745469031803986 0.0610211728310863 0.05771521766064335 0.03479172814825177 0.03006070760566907 0.018842806165228914 0.06796617203392094 0.021236069727845405 0.030254240627990824 0.058511535730257004 0.027230399900196264 0.06693515487902192 0.031148171920911776 0.02400426573217994 0.054558248272134596 0.04558318304366398 0.07123246437029238 0.08016969212465713 0.030486987764663305 0.02627081141448778 0.05605959562267641 0.0313910688460624 0.05701556171196356 0.04633556821685144 0.08608482266562394 0.07778463748247352 0.06663189624365655 0.04526442696203365 0.016023162681320216 0.023600294759815597 0.025388768036402817 0.004986803921927221 0.03677420217046169 0.04256842716177831
 0.047879214245427605 0.08357794385473218 0.07660316824044762 0.04564233199307924 0.05585381598629816 0.020276318304018496 0.04785122360389476 10000.0 0.07598880130488801 0.01995812841399711 0.027330108205026307 0.027753417071504038 0.05702219786993964 0.029319077165602114 0.04076708678883501 0.05133345017505756 0.03902756204089421 0.028980058945680485 0.07677788728365628 0.07979433893861079 0.03471618583822437 0.08100429390320936 0.025562217890498815 0.057451623565020316 0.08193440127089428 0.02820263418741919 0.06294925275614309 0.06520639437003209 0.03538442508567797 0.020772875851442236 0.01595073753113411 0.020010960112057965 0.04562080801058752 0.044460245527986025 0.08087873136814099 0.051557947265843285 0.08926053062156798 0.01875114048921831 0.06664656425038899 0.00554915367100977 0.04773446998209056 0.06270572192504618 0.020563376833438448 0.02064182410618735 0.037639251158944745 0.057688912658933965 0.060121795623304365 0.06488573460883192 0.069646471027712 0.06512411023929189 0.07932615914277084 0.05304435881948159 0.0490859851878059 0.044462515731990324 0.023858832244794306 0.03672470419609822 0.04960682705549991 0.07111552898136014 0.03228991436629319 0.009180538969770974 0.058938506302212826 0.061641400752728774 0.06507444092702039 0.03841408331773601 0.03043054050596705 0.03993665335169967 0.022387275916397897 0.057382365016615394 0.04305766820423161 0.023942191296411845 0.0463696767771754 0.013836474122892151 0.07224864666933581
 0.041080051495074314 0.06595667748220733 0.005178923053174021 0.0328332825366206 0.033713096646672845 0.06660920964530526 0.034136796490215185 0.07598880130488801 10000.0 0.07960993256500354 0.0989789588922334 0.07006998403421194 0.019919181698705348 0.0663819985308321 0.055587865645636496 0.024929669385733405 0.05588094407823302 0.07317381369443728 0.012899138084285914 0.06330859873432194 0.046539872844108675 0.04222680315048577 0.09527056576995577 0.02102170331068604 0.03980038206073793 0.05970185938216121 0.051204035389145613 0.0560971972569216 0.04299042374610978 0.06942195433984567 0.08471088576288885 0.0563716582433261 0.036353277799259044 0.03755471787725715 0.005286104498601849 0.03295387947255842 0.015647686483766975 0.0947129352188187 0.04255565273281765 0.07980230687842621 0.06726516871238655 0.05205087940868316 0.06762468021893317 0.055455354486894405 0.05296978674024213 0.06978618339233388 0.04577784443334934 0.014398125035658724 0.04739087400299596 0.011591608745329444 0.05174738662702742 0.06198716774811092 0.055713078196831155 0.06140413024071919 0.07902405692587583 0.0876002723444417 0.09235363685494416 0.005039545347113316 0.0603470731033091 0.08247844513487823 0.0596345043363057 0.051955873881457254 0.034480364255415064 0.11180993898392491 0.10312667986426648 0.07940730650164117 0.07853330066581865 0.019262509278985703 0.056959510406983396 0.057392082460068536 0.032378631263666836 0.06258916829781648 0.021044077755210357
 0.043172567109701215 0.10000211828083619 0.08147462688170207 0.04683468197863701 0.06732569962653277 0.03872847891919053 0.04672546317143614 0.01995812841399711 0.07960993256500354 10000.0 0.0420501039463926 0.047028310924575274 0.06311214247048727 0.04797793938394728 0.05727491825448523 0.05499120369530971 0.055552927559150915 0.01222197421783791 0.07709507587688476 0.09612878967722865 0.04731708737037222 0.09366727554757664 0.041942702220613984 0.0645372570914472 0.0940465017496717 0.045145682477723034 0.07835749199220585 0.0813589071559111 0.0366589570246548 0.03991865927837386 0.03458906452698899 0.026571805780279744 0.0443262045957406 0.043050030766636146 0.08484064818950578 0.062259364089149255 0.09442649617679169 0.025777824484711845 0.08026567134195146 0.024200484272511476 0.06625507741659604 0.07827616033169282 0.01200677546542825 0.030675885580400204 0.030239583395148654 0.07616119734033405 0.05170825996204767 0.07131034995415464 0.0840528581851733 0.07021230816729379 0.09385324342881599 0.039633615855742044 0.03804762525317518 0.06216232067505233 0.0042885898187488575 0.056530960494519826 0.06950279191326206 0.0752313048395197 0.022473938181491876 0.027175816486774314 0.04625543926209199 0.07723542214466783 0.07702214964435448 0.04967646100214428 0.04365108555240946 0.05979626893691457 0.00303640686311011 0.06035626364184433 0.03226223460310888 0.02227787068232165 0.047350005894422294 0.027272575332422215 0.08103077522266074
 0.07498585421841207 0.0895106230006814 0.0986718565687583 0.07125805848954184 0.07283323515531585 0.033059273145489454 0.07417709684746775 0.027330108205026307 0.0989789588922334 0.0420501039463926 10000.0 0.033481287734635046 0.07917685288839502 0.03721354588810742 0.051625302561265074 0.07545086952459949 0.05022399668307381 0.053641324418169475 0.10167492046041772 0.08620794382396886 0.053288944957607325 0.09433869812564771 0.004539036421830066 0.078786890592551 0.09603526495654427 0.041460114515041155 0.07289248492147543 0.07329770420039323 0.06155160870349889 0.03073181856727947 0.01427267884108498 0.04595354911688827 0.07207167367540863 0.07098227362989942 0.10345982337242897 0.06990201325144041 0.11063915958511708 0.018150623383756684 0.07951561332031296 0.02188960708592372 0.05122955465144544 0.07233773408869623 0.047126403600858936 0.04470754066683717 0.06495964205506663 0.059810760401174265 0.08744957682664899 0.08629117648627874 0.08089448142053071 0.08755033702745942 0.08961214649639966 0.07967316765252541 0.07619286410696414 0.051433567823148736 0.04632239711264909 0.02666733044362082 0.038188847028207386 0.09395572169951025 0.059309597434571995 0.0183371267114342 0.08581739028151429 0.07133770240828129 0.08058498490142017 0.013001417491003274 0.004413206090364818 0.03636087389050065 0.045064397049546144 0.08155759859612174 0.07013354857126732 0.051223684890396484 0.07203261475841177 0.037605683337783365 0.09103585539942399
 0.057778096296398136 0.057965886530359695 0.06877528111834383 0.04886780697632725 0.04039108796669013 0.008920103213356735 0.053461539495962454 0.027753417071504038 0.07006998403421194 0.047028310924575274 0.033481287734635046 10000.0 0.05030731395646762 0.0039038563125604825 0.018175623314048678 0.049578247326159716 0.016849440830341973 0.05341055770084901 0.07547638581999727 0.054383844921910666 0.02380676312538274 0.06085750423148423 0.02901376156726698 0.0490821320089473 0.06257129184525158 0.010550987580040642 0.0396544133047748 0.04057983710756174 0.04216462094441074 0.007111814909652161 0.021635080549825998 0.030339436606015763 0.05203262248138236 0.051338162717245554 0.07393418313586905 0.03835474249441796 0.0798000345231764 0.03977430271958963 0.04603538422139374 0.025874221799042852 0.020377207189738736 0.039159718832008306 0.043152922621487344 0.025722409830327433 0.05294251163903 0.030232840538041577 0.07215006446150361 0.056248718927064484 0.047511263331256784 0.05849265506709256 0.05646033023712766 0.07145824500413124 0.06557441844608465 0.018581870740613748 0.05045674544537709 0.01808191060515214 0.027135715297640552 0.06507263077042594 0.05121721383499266 0.02534372349464233 0.07594056042095053 0.038132659247027634 0.04743570089415435 0.04615820067325775 0.037882093180783526 0.014239058968371196 0.04900097642888968 0.05525859547319771 0.060327161785846434 0.03971647534401446 0.04966585185561369 0.022618995073391036 0.05893589175842076
 0.0319391141488824 0.05739026603647352 0.01965099214824757 0.019258501087085263 0.018331416765112064 0.04669290379256936 0.02336779286020863 0.05702219786993964 0.019919181698705348 0.06311214247048727 0.07917685288839502 0.05030731395646762 10000.0 0.046684182311602894 0.0368777498788523 0.009973143444785493 0.03692293423824162 0.05867372499146192 0.026218390346065056 0.054018240719951156 0.026652570492539638 0.038584484566575546 0.07541306893623173 0.0033294905859333826 0.0374288907304797 0.03986874967018513 0.0381386725960618 0.04323035212281318 0.027111711098966377 0.04950306795810828 0.06492411055931264 0.038058761714329335 0.0247254603797054 0.025541660974457606 0.024284867325569958 0.01521764969295596 0.03224363976948071 0.07576585900343233 0.03195817941015818 0.06049572980715243 0.04954268559399931 0.0388199858310133 0.05143882444162674 0.0363807728086482 0.04057351499222524 0.053713152390030806 0.0424040728160182 0.008198692206678133 0.03732489532700839 0.008378704991357974 0.04477201991459999 0.05450696172503737 0.047371048294848055 0.04330835695480115 0.06323141803586066 0.0680209956054457 0.073552492626064 0.014880800114939799 0.046701467871483104 0.06300834534451887 0.05433024998316945 0.038385991266327336 0.02420367816474201 0.09205608091672102 0.08336174433502001 0.06031183291406937 0.0625116573810567 0.009605030951433214 0.04654673355452211 0.0409902740929287 0.019258242644105857 0.04335325201739143 0.019413920135184747
 0.055601617560507216 0.05515261246453278 0.06500263208996089 0.04610701869366717 0.03648838531812384 0.00925045048331701 0.05086964696024925 0.029319077165602114 0.0663819985308321 0.04797793938394728 0.03721354588810742 0.0039038563125604825 0.046684182311602894 10000.0 0.014414711642326073 0.0463312262794041 0.013024020174894407 0.053542525637223164 0.07204776904916738 0.051499562258067094 0.02036046632130808 0.05716135703928779 0.03277511274574603 0.04537298211826454 0.05882299179971534 0.0073581466032263294 0.036232604106336566 0.03742998606945609 0.03997324520774991 0.008713140954431072 0.02493318355876279 0.029236219731663154 0.04955449327764497 0.04892587827363582 0.07018471781041688 0.03450095611027889 0.0759491005468157 0.04262497353690135 0.04232639902798764 0.028094721157833225 0.01842456365690676 0.03577788376215299 0.04314497939366033 0.024317295797385775 0.05155600690482568 0.028381390986026014 0.0700494266570158 0.05248628281593578 0.0439655774447511 0.05481924518802715 0.05305034574686255 0.07025494941452687 0.06414810708442505 0.015623560964587684 0.05119636246728571 0.021413238081665127 0.02932091324399133 0.06139850687475943 0.05040073150797244 0.027976525532337163 0.07447745187033826 0.03473746158771779 0.04356785735300469 0.049958100752262175 0.041622332310638874 0.01589136461657952 0.049763110731294274 0.05191340685924071 0.059089511253785705 0.038795515476046594 0.04689719256191428 0.022294930933311665 0.055036470258106596
 0.05377811923451624 0.04292649031347582 0.05346707061187742 0.0418931185300087 0.02333302934913005 0.02109165834409011 0.04727731786850877 0.04076708678883501 0.055587865645636496 0.05727491825448523 0.051625302561265074 0.018175623314048678 0.0368777498788523 0.014414711642326073 10000.0 0.03927087735491956 0.0017445356639510328 0.060343253038737624 0.0630645563362144 0.03910192064812099 0.015154475005593911 0.04275703188869865 0.04717677335368517 0.034844683977761116 0.0444099643257232 0.01256446156296925 0.02239715263327111 0.02444497764533034 0.03898748959944622 0.022074155831262914 0.039136050292280504 0.0336470617520369 0.04659253261797475 0.046316332105239125 0.058809515151473056 0.02265995943512987 0.06347088365213849 0.05611937334040427 0.027918918077630292 0.04080176498512737 0.013751934653277828 0.022067058729475984 0.04994471904767594 0.02840925844656711 0.05322326790712419 0.021481999491976395 0.068089961083779 0.04124794247086895 0.029772822765483688 0.04435280396124944 0.03911167403386459 0.07198129185940423 0.0651802424150102 0.007283172547187463 0.05983224245234136 0.033081643344417176 0.03678497686144349 0.05079681844029062 0.054224039244387255 0.04133729575487453 0.0750872256867674 0.02100370964079036 0.029440017569617005 0.0643338237622866 0.05603258307324613 0.02391390329710132 0.05850389425411399 0.043971789707174906 0.06102129370279594 0.04292399874612958 0.04259618600657838 0.030011272979554412 0.04182172418645746
 0.02204772793119549 0.06579574234357344 0.02648346109173614 0.009379612531600532 0.025708361101070536 0.044364516908810804 0.013449323561397055 0.05133345017505756 0.024929669385733405 0.05499120369530971 0.07545086952459949 0.049578247326159716 0.009973143444785493 0.0463312262794041 0.03927087735491956 10000.0 0.03887118962328364 0.04956984070672026 0.026359091089899856 0.062257793977693154 0.026084467334435535 0.04830264011109048 0.07202838251802147 0.012887462478181969 0.0472789050076 0.039059638677546256 0.045327925327386664 0.05032198691822179 0.018367257545799886 0.047379246540030825 0.06122365095254824 0.031526302289818314 0.014752398329878647 0.01558306321373083 0.03004449291274307 0.021160328633138447 0.0394354016328983 0.06998740547072126 0.040425201386686184 0.05541499375959361 0.05279318857880912 0.04589765859202707 0.043084925958619076 0.031059672843016764 0.030792096992949818 0.05844027008698359 0.03334587760031775 0.017411658364498674 0.04575079515210483 0.015346156782000348 0.05382949042159969 0.04459519954898881 0.03743131350814569 0.04631736880745171 0.054710609176629676 0.06765155422206885 0.07479738266811486 0.020314969505765022 0.03724719568239577 0.058284148238958944 0.044662851116169563 0.045305801186476403 0.03317027310211087 0.08805615941268484 0.07944506567617463 0.06124540417186181 0.054109878816078025 0.006114383250633937 0.036593015236828424 0.03271350021754399 0.009315070638575965 0.03826502251575236 0.029338632341474602
 0.052789223213367716 0.044670220172019194 0.053908461779029464 0.04112403465363819 0.024107153513110897 0.01940221707841529 0.046459480815134624 0.03902756204089421 0.05588094407823302 0.055552927559150915 0.05022399668307381 0.016849440830341973 0.03692293423824162 0.013024020174894407 0.0017445356639510328 0.03887118962328364 10000.0 0.05871380254530244 0.06304609453487478 0.04084632929334392 0.01414748094754356 0.04423864979813004 0.04579602432889551 0.03502008273033618 0.04583278787765581 0.010825644715612273 0.024092633974109132 0.026187720252836385 0.03785099739913876 0.020462460965521803 0.03759234707992989 0.03207442416355644 0.045699775058344966 0.0453834433708499 0.0592259629739095 0.023053524717995436 0.06414068604920486 0.054455057424991654 0.029401171092830105 0.03909737448596605 0.014618145647773835 0.023776673367091168 0.04830146894716788 0.02682320292626029 0.051910565496035274 0.022802576463509482 0.06715171493441356 0.04159630285351857 0.03138905095760313 0.044553679111446656 0.040776724076887545 0.07070259323169284 0.06394859892005782 0.008303935095421058 0.05812994985015934 0.03232125456906288 0.036631577456489046 0.05104184034882053 0.05275480831962663 0.03967287297445369 0.07391002351260262 0.022712546638550508 0.030613844816022983 0.06298189522423081 0.05463491459274942 0.023526477576678657 0.056797531226577394 0.04373000780855894 0.05970609055782362 0.04140483158969278 0.04184138961159009 0.02829511435697966 0.042662940362120164
 0.034016466530877226 0.10191511013807862 0.07567987238192991 0.040584291396258326 0.06612710290135235 0.04458117814806618 0.03919454358763068 0.028980058945680485 0.07317381369443728 0.01222197421783791 0.053641324418169475 0.05341055770084901 0.05867372499146192 0.053542525637223164 0.060343253038737624 0.04956984070672026 0.05871380254530244 10000.0 0.06901990956216651 0.09801481439398782 0.048056621156180764 0.09255938493427616 0.05311069714812319 0.06063196602623732 0.09252880593041374 0.049235935793247365 0.07977135759088344 0.08335501782166661 0.031572081463305535 0.046439470599996244 0.04471926547058167 0.0269161996383392 0.0368901295568915 0.03565917456280927 0.07845947748100764 0.060766021741368866 0.08850624742728443 0.03793900896353821 0.08018914483478799 0.03407993702877653 0.07106333536077972 0.07983098182002464 0.010478549262577495 0.03201957515914835 0.020878162901075432 0.08069794356686996 0.04058921297468624 0.06673034711866058 0.08449816908317596 0.06489067454259106 0.0941903407771296 0.027466554604249738 0.026432617594467977 0.06616605181032548 0.00858601026695813 0.06540884148196185 0.07801128230718334 0.06919155773586458 0.012990890572901667 0.03745031013382536 0.03413459641361516 0.07883736345956131 0.07581126033598452 0.06180903860725711 0.05552621155522654 0.06710030102104021 0.00930152746126031 0.054255133777995256 0.020980812297095936 0.0188917311534786 0.04093808707345728 0.03133151657337689 0.0775838090370599
 0.035204466867979456 0.07822874328227976 0.018071017376862127 0.03124669370588426 0.04327579706869297 0.07067442280800955 0.030377202883922413 0.07677788728365628 0.012899138084285914 0.07709507587688476 0.10167492046041772 0.07547638581999727 0.026218390346065056 0.07204776904916738 0.0630645563362144 0.026359091089899856 0.06304609453487478 0.06901990956216651 10000.0 0.07541417012389938 0.05169351771136415 0.05496754178959737 0.09833003330660982 0.02860816456214368 0.05261694558037724 0.06492610261440346 0.06209644002010658 0.06712134002764385 0.0417496364273097 0.07366674435178577 0.08748904215972247 0.05676698272000765 0.032779356621408726 0.03405580883907228 0.015833050988284216 0.04120807774274462 0.025502664190692016 0.09513583772637789 0.054074840058776115 0.08119869467523275 0.07572892717416913 0.06289348386993428 0.06516879591321308 0.057050717288471844 0.04817056449700885 0.07943862427210499 0.03620823082317901 0.024179785509369566 0.059137566930431054 0.019762627720184552 0.06417894748374114 0.053627172106149826 0.04814066544501773 0.06952301489857417 0.07583283807454572 0.09345971712680898 0.099634432423365 0.014861677928758093 0.056035138872878365 0.08422486806048805 0.05025594698104327 0.06266790045410565 0.045865935821251355 0.11416646230594538 0.10560516600951053 0.08628071703884173 0.07557347361982746 0.020358664685259445 0.05057530924574514 0.0555943743713807 0.03056628488933258 0.06424012889847829 0.03348093599215138
 0.08302698346465523 0.003900331814254205 0.058683634702582546 0.069419648947819 0.03659246226195829 0.059753073446219766 0.07476892039525877 0.07979433893861079 0.06330859873432194 0.09612878967722865 0.08620794382396886 0.054383844921910666 0.054018240719951156 0.051499562258067094 0.03910192064812099 0.062257793977693154 0.04084632929334392 0.09801481439398782 0.07541417012389938 10000.0 0.04999662018827431 0.023636131725611475 0.08168551865055274 0.05069703418126885 0.026774459632334012 0.05162999045018222 0.01837083765458104 0.014770997598431083 0.07143163907271685 0.060108964033421114 0.07593553172844333 0.07112980816078206 0.07518586533387923 0.07547850296925004 0.06331913526481803 0.041579816036676855 0.061374803483468625 0.09410160956068923 0.022068032031989246 0.07940919721619998 0.034980894797376975 0.018219806283304454 0.08789682178514899 0.06617170142173737 0.08692741250288774 0.027092570671080136 0.09556297098551697 0.05187380647725191 0.016709412563674236 0.056627384494265895 0.012536019650131923 0.1044719421949627 0.0972326586575744 0.03588260826537775 0.09843791971566462 0.061463687616980685 0.05628013594010293 0.06055459371146794 0.08993280398186902 0.07947451914418588 0.1059216243162894 0.01919068835828376 0.030089820628915857 0.09774887452624051 0.09039652219675925 0.05058340635342047 0.09716461498525507 0.06362241013535604 0.09443332610583925 0.07956664136042355 0.06983345718415025 0.0688878133803551 0.042297487996411656
 0.03864698939562628 0.05389511883603541 0.04566305366947486 0.02715304726395498 0.021138276915662512 0.020318925709766303 0.03240246116560838 0.03471618583822437 0.046539872844108675 0.04731708737037222 0.053288944957607325 0.02380676312538274 0.026652570492539638 0.02036046632130808 0.015154475005593911 0.026084467334435535 0.01414748094754356 0.048056621156180764 0.05169351771136415 0.04999662018827431 10000.0 0.04671675915911754 0.04930578037939094 0.02575250659154559 0.047421270149097285 0.01327739630600038 0.03171576872344864 0.0354319827264715 0.023882845143903327 0.022984894713647112 0.039221656519881264 0.021287909550133596 0.03157296946920454 0.031239210045895777 0.05065641176817375 0.017076160468466113 0.05737559109786822 0.05267273077390992 0.03296031005068417 0.03678858172323089 0.028765480422948606 0.03178908595794611 0.03808679542800963 0.01665652890768535 0.038486736640140844 0.03650909034348939 0.053004942628206035 0.033164433674800965 0.03679129704295478 0.03495077267174808 0.04658119179823483 0.05709581357420832 0.050192616435920795 0.02239468349851216 0.04910527597250879 0.04176787241099153 0.04877937774694136 0.041510968806607394 0.0403030442655865 0.038611469374425916 0.06000309892898836 0.030806467107485046 0.030442328282704666 0.0662770923787391 0.05759079463918163 0.03519951449926357 0.047932320632452695 0.03156640301704992 0.04626800112051251 0.029593381295053595 0.027893744236228684 0.02130558321615764 0.03819393303373169
 0.07033311123039165 0.025233362835166355 0.03721796755480064 0.05705985542766489 0.026472414330841895 0.0631032553306193 0.061730487242169944 0.08100429390320936 0.04222680315048577 0.09366727554757664 0.09433869812564771 0.06085750423148423 0.038584484566575546 0.05716135703928779 0.04275703188869865 0.04830264011109048 0.04423864979813004 0.09255938493427616 0.05496754178959737 0.023636131725611475 0.04671675915911754 10000.0 0.08986317584981841 0.035446771597133955 0.0031479927135959125 0.05415899855667222 0.022623642195468186 0.02472931433371435 0.06227838725493589 0.06457010856978733 0.08180519075074831 0.06713646700319285 0.06281251376622969 0.06345334013903992 0.041254861267347454 0.031793734065449414 0.038043925618337096 0.09801214438357043 0.014839077539328421 0.08223559657375339 0.0462213903896595 0.0234130518136124 0.08346430840663989 0.06309987625073799 0.07738038999407193 0.04251191411701249 0.08082955466670828 0.033652319975735846 0.014328425650807516 0.03823308148209993 0.011105119255422487 0.09282485862918408 0.08560643076570514 0.04362967897827861 0.09502914377214346 0.07324409437287363 0.07180282613790562 0.04050784727414715 0.08220098557492991 0.08333510201840859 0.09290496309851583 0.024203721902519258 0.016755442378345725 0.10693912029095871 0.0987378510244691 0.06248398465773788 0.09397360562210719 0.04763735281743098 0.08412373524833469 0.07369359795161327 0.05723536995077128 0.06797287086951284 0.021720633535394007
 0.07259760243239217 0.08499888617716521 0.09482928431181534 0.06821162393215134 0.06858693244448093 0.02900380821891148 0.0713558365961701 0.025562217890498815 0.09527056576995577 0.041942702220613984 0.004539036421830066 0.02901376156726698 0.07541306893623173 0.03277511274574603 0.04717677335368517 0.07202838251802147 0.04579602432889551 0.05311069714812319 0.09833003330660982 0.08168551865055274 0.04930578037939094 0.08986317584981841 10000.0 0.07491792360295044 0.09158308372366633 0.03723036211622593 0.06836761580910822 0.06875878693490602 0.058738486766782505 0.026551032288306145 0.010918740260401062 0.0432254240924801 0.06931081590953567 0.06825715894401568 0.09967754338610474 0.06577285872378238 0.10668136939653962 0.019864481498165155 0.07504706316772936 0.020014313862325692 0.04670527205620823 0.0678093847628342 0.04588920824426349 0.04157874164156881 0.06308579354432246 0.055341045470614365 0.08541252630950293 0.08240104852175756 0.07638278444629253 0.08379170454468801 0.08508009909382648 0.07848072305665911 0.07464819115849677 0.046900675958026126 0.04623075827164802 0.02256185228029488 0.03453963185234914 0.09023805945358981 0.057836667822228495 0.01638203042428172 0.08446682624043704 0.06681106595972479 0.07622417783230535 0.01723304415518304 0.008885117926795609 0.03196654348289726 0.044902441433161314 0.07811868047939166 0.06861780123873018 0.04913194410466988 0.0689960158986739 0.03460690233836894 0.08686500569478292
 0.03493458220097187 0.054062716599871136 0.019922751809896198 0.02195466379126978 0.015214917742666003 0.04601743585483509 0.02633673538822382 0.057451623565020316 0.02102170331068604 0.0645372570914472 0.078786890592551 0.0490821320089473 0.0033294905859333826 0.04537298211826454 0.034844683977761116 0.012887462478181969 0.03502008273033618 0.06063196602623732 0.02860816456214368 0.05069703418126885 0.02575250659154559 0.035446771597133955 0.07491792360295044 10000.0 0.03439149036483641 0.03877801235362551 0.0349432493008092 0.04003865164000674 0.029085665840530624 0.04873355057022362 0.06458429791958667 0.03897730942249314 0.027565205083703512 0.028313199628554 0.02491673182729851 0.012600998976827316 0.032005716129290505 0.07614520467727924 0.028634121083536135 0.06067609675261659 0.047166508074780795 0.03564040803673266 0.053023874595847974 0.03687297034505822 0.043067128552923016 0.050954583561381196 0.04567146970350317 0.007529288956627395 0.03400035209973908 0.009540740030045862 0.041461958245864496 0.05748078725597808 0.050306790294762566 0.04103837001405529 0.06485481820666103 0.06657971084289115 0.07161815680345031 0.016079956551834862 0.04891849797921995 0.06304385907834441 0.05746296373671163 0.03523365622915811 0.020877925670678154 0.09172547649478789 0.08302548772935217 0.058519156942550256 0.06407670657337673 0.01293094193296932 0.04926552901789953 0.042602703315979186 0.022028765838273477 0.04367048135123308 0.017007196158866523
 0.06932504065718723 0.02830802708262482 0.0347306764757902 0.05621555900599251 0.026720806578401514 0.06443612411422472 0.060728215173757476 0.08193440127089428 0.03980038206073793 0.0940465017496717 0.09603526495654427 0.06257129184525158 0.0374288907304797 0.05882299179971534 0.0444099643257232 0.0472789050076 0.04583278787765581 0.09252880593041374 0.05261694558037724 0.026774459632334012 0.047421270149097285 0.0031479927135959125 0.09158308372366633 0.03439149036483641 10000.0 0.05549467437313906 0.025053325040537328 0.027483327438755825 0.061903549738377237 0.06602057079111726 0.0832986479649236 0.06747818598351325 0.061913126086796125 0.06260645085377843 0.03859231685746704 0.03187767914403169 0.035037166931437415 0.09919412515779204 0.016610994212564296 0.08336088297130982 0.04857514938010303 0.025878478178940383 0.08362578861449589 0.06360822455438268 0.07682843672723286 0.04524137690011864 0.07942546771582067 0.031991155614371915 0.016876120793783166 0.03646058881833728 0.014248464629229967 0.09187077209068308 0.08468646959374408 0.04569658184851777 0.09527284026423233 0.0754290072551621 0.07435378163596815 0.03833676163500137 0.08189436493507903 0.0845807848212752 0.09173399222459327 0.02660976506380623 0.017048681986426013 0.10871449993905265 0.10044236392799447 0.06474530316785278 0.09425204468149687 0.046242174243411274 0.0834165386606988 0.07371444249824566 0.05634884970390649 0.06872471866303427 0.01971520020395808
 0.048518735972237555 0.05543619248766357 0.05859284146412985 0.038765884290850205 0.03137316516671854 0.00894564335641896 0.04357399569009727 0.02820263418741919 0.05970185938216121 0.045145682477723034 0.041460114515041155 0.010550987580040642 0.03986874967018513 0.0073581466032263294 0.01256446156296925 0.039059638677546256 0.010825644715612273 0.049235935793247365 0.06492610261440346 0.05162999045018222 0.01327739630600038 0.05415899855667222 0.03723036211622593 0.03877801235362551 0.05549467437313906 10000.0 0.034843277823850834 0.03700613134977915 0.032922021849793905 0.010750313573373959 0.027986852312719752 0.023509108809844467 0.042307552362474445 0.041712526177076624 0.06368465829337372 0.02864755957188581 0.06992563770613082 0.04395955042850575 0.039422988314499856 0.02840242323525774 0.02187287336604887 0.03456076678410107 0.0387575300271869 0.018320609978713095 0.0451983271401294 0.031467524422538924 0.06299617659880415 0.04605695108910866 0.04188173104873654 0.048111893009893915 0.051415325454707506 0.06402003520942887 0.05769355907223513 0.017072483272326862 0.04793839415926049 0.028595774932130592 0.03659612796659666 0.05468687763786381 0.044742084623273434 0.029215120900634484 0.06795698092011684 0.033495844976305235 0.03938136768089727 0.05443143573794893 0.04585101422939373 0.023070950496191196 0.04656549883829266 0.04471211963856389 0.05285922104996926 0.03312888816458879 0.03955419046721269 0.01810872808653684 0.04965176885472655
 0.06529534375728993 0.022251492395040543 0.0473294373152867 0.051787608234136855 0.01985855766687974 0.04348866145232822 0.05723881169546731 0.06294925275614309 0.051204035389145613 0.07835749199220585 0.07289248492147543 0.0396544133047748 0.0381386725960618 0.036232604106336566 0.02239715263327111 0.045327925327386664 0.024092633974109132 0.07977135759088344 0.06209644002010658 0.01837083765458104 0.03171576872344864 0.022623642195468186 0.06836761580910822 0.0349432493008092 0.025053325040537328 0.034843277823850834 10000.0 0.00509624246506205 0.05317854724811819 0.044376461598314425 0.06116548507579475 0.052942025153572915 0.05746786812830374 0.05767142169654333 0.05252833315357156 0.02419908176473472 0.05347433054426246 0.0784940163883072 0.009796277984052585 0.0631893540718818 0.02360364533657008 0.0009186104256977073 0.06973887407954923 0.04807782180471396 0.0686420213131541 0.020762401904978828 0.07830663875840667 0.03791720126199492 0.008330384736205362 0.04244279717234447 0.016817863168969473 0.08637953041360967 0.07916970863004077 0.0215217581682384 0.08048783040294509 0.05074357615450106 0.04932303371001386 0.04751592747517742 0.07156201906020415 0.06371545657798426 0.08809022436606692 0.0015958293807392268 0.01690343591826007 0.08521335361912732 0.07724669033057274 0.03991303538218003 0.07924942955013248 0.047561090708633146 0.07619784301650794 0.061238995763600854 0.05226019514859421 0.05127079376511305 0.03160749723523993
