NAME :TPP_input_17_3_2
NUM_VERTICES
49
NUM_CLUSTERS
17
Full Matrix
 10000.0 0.04649766865188001 0.03239462927926151 0.04484443637280378 0.03475837903213976 0.0400628653251851 0.03669890781321995 0.044807956514697087 0.027939188555600805 0.04774008938188217 0.04445268564881031 0.010451572166693748 0.015657287530884214 0.05533411605605258 0.04099990284854579 0.048538012061995046 0.038342895283479395 0.024640080821179872 0.040383239403472035 0.03710678992409867 0.04290496983463034 0.045302918348563155 0.05055227883201648 0.03694804499027264 0.03174105454437769 0.022404895275625357 0.0520855101957519 0.04295436691789336 0.03462477911140342 0.054287142574196375 0.04541782886272427 0.053792008047228085 0.039926521981750396 0.0413677123503397 0.02621669701132974 0.017134188595979427 0.024713812514597394 0.04464712201882927 0.03626592598218956 0.03506035029374079 0.061693289348945614 0.026719101026753515 0.03384138857798594 0.06869996624415732 0.04564523227113071 0.03502215995876571 0.03852637267191809 0.030184327873606753 0.03424681590873238
 0.04649766865188001 10000.0 0.033671559525183754 0.057236988533289956 0.026184735416964755 0.08550822439414661 0.07909131954430695 0.0911633030080656 0.030976736383444045 0.010716425943367696 0.06470393249198059 0.05223073582203473 0.036893129927820456 0.09060153799876292 0.02154313245799538 0.0877651059105229 0.061462847132134915 0.024075411432285712 0.08048194118507447 0.04581994903259021 0.08625592516984773 0.08984507423885812 0.03392528415816251 0.07395853047124706 0.07750702664902717 0.06595290942698322 0.05505423618911861 0.00996844672536431 0.07845271320351639 0.01475514088195212 0.06939697667549996 0.05373333067789731 0.07545922302919372 0.0376707489429357 0.02208539922259801 0.06330457509882167 0.06562415060716684 0.08432432160951374 0.03810268864170628 0.017728504143291492 0.048426339948490583 0.06752366428478976 0.06339544943790335 0.1000481057505657 0.036924462436334335 0.03608386653320056 0.07903035603289894 0.0211162746536821 0.06611810989647986
 0.03239462927926151 0.033671559525183754 10000.0 0.06844043070702152 0.007705533871942553 0.061471586399199044 0.05190343530623223 0.0693723669416416 0.04152189666155609 0.027331607539309646 0.031038696154721917 0.03074591804116782 0.016762190129912872 0.058572322454917405 0.014686998890253839 0.057635543985910594 0.06623336244412004 0.03074644031971221 0.07276664275710411 0.057592062488942344 0.07459208593226076 0.06404054712364862 0.01860492272746812 0.06912149019245664 0.06188882686204854 0.0417570340043994 0.07166529152588014 0.03787763681154707 0.05275632717185161 0.031873679173047675 0.03586645572454615 0.07194016239502343 0.07191995518654917 0.009323570265715902 0.03012636866144135 0.0476550766777393 0.05710196118028216 0.07703275486056083 0.052458083818082916 0.01600540943006734 0.07320452821601821 0.040623429256735566 0.06389967516110273 0.06679563989075984 0.057621663369701925 0.003434765579464465 0.07089829845449314 0.03459455915069171 0.06511207849202824
 0.04484443637280378 0.057236988533289956 0.06844043070702152 10000.0 0.06601543801483527 0.07370214657253187 0.07639091272247486 0.07290587672742793 0.028268424124513324 0.06581289332320905 0.0888282571061314 0.054982428997915056 0.05470945672960876 0.09818415962259865 0.06822656322788964 0.08966827981994624 0.012479237175621294 0.039084507850786133 0.04153515911554084 0.011638346538859468 0.05154111151012139 0.08036399281686019 0.08192246875167614 0.03331390039532502 0.05331176913636544 0.06337193812850853 0.011080666695181818 0.047595714955192735 0.07278094604376616 0.0715555365436841 0.09019648166382258 0.014450405156315016 0.03200213122218894 0.07748201488545509 0.04047130121709516 0.047812701153901106 0.03643898482757475 0.04324909511916165 0.019136611177980486 0.06014676671329803 0.029590544518728494 0.0692491499531516 0.020409223702328345 0.11236745334061832 0.02369447883601816 0.07183402186006806 0.041380020412094015 0.03802873293556766 0.02372001258593653
 0.03475837903213976 0.026184735416964755 0.007705533871942553 0.06601543801483527 10000.0 0.06735032859261694 0.05845243581950175 0.074788760746747 0.03816476755060186 0.019656796675433998 0.038642060079214474 0.03526690405331104 0.019548483205000543 0.06616445678869427 0.007475756660351679 0.06488017109160125 0.06520773535642606 0.02715223570188127 0.0748268009125396 0.05474654353625735 0.07763092781287825 0.07036015545761876 0.01655893192606085 0.07042309210122359 0.06569366027870414 0.04740125918651175 0.06812600589815175 0.03117726324561703 0.05895024909747239 0.024459586564200348 0.04355036496236021 0.06806277094883607 0.0729664263276217 0.01273889290406922 0.026105793723675264 0.05114373730545754 0.0590235895321634 0.07906024282780857 0.04887419668571355 0.008837033846789688 0.06794959746496684 0.0469714255282296 0.06380941659370921 0.07450023846482418 0.05291383055746383 0.009902794170067179 0.0730264186578006 0.029994909313912896 0.0654098582754274
 0.0400628653251851 0.08550822439414661 0.061471586399199044 0.07370214657253187 0.06735032859261694 10000.0 0.012761302636979017 0.009749107622671454 0.06675824738972834 0.08465307943642136 0.04944168097460952 0.03334945510746803 0.04938572003375156 0.03328597275623233 0.07474711699324434 0.02239575720829282 0.0624604381248957 0.06470150502432524 0.041618425905512534 0.07066893231507815 0.03414511577172575 0.006766644548782096 0.07919360564803817 0.046148847095364716 0.022400907475409577 0.02000547279721257 0.08377324873999045 0.08290476179820379 0.009429626699441076 0.09072089044394806 0.04553642358287095 0.08644216634694717 0.049506918130721764 0.06739496207531263 0.06624914189203052 0.026877832220890983 0.03758629006476766 0.044156313878975235 0.07277429559272308 0.07120691540193168 0.09778220661605214 0.021307323535601667 0.05459192787355092 0.04777580197151023 0.08293361717781347 0.062277148546716316 0.04015769228358481 0.07022835481182636 0.052221324219450756
 0.03669890781321995 0.07909131954430695 0.05190343530623223 0.07639091272247486 0.05845243581950175 0.012761302636979017 10000.0 0.022509349346407276 0.06460250262401723 0.07685745281323975 0.03681735240035839 0.027640252602525294 0.04221292575521154 0.023431932417038143 0.06592801140739978 0.013464700006452609 0.06628467888402753 0.06050812963978852 0.050027676457958956 0.0714653812698855 0.04419940707118159 0.012472230581795155 0.06879718425812172 0.052969062480426765 0.03053343525142178 0.014295537965468024 0.08561126230840624 0.07785927012026009 0.004599420590447366 0.08255641622947749 0.03278557650081443 0.08791823692603147 0.056512969574408975 0.05682556645382538 0.06178955419281141 0.028705677462472923 0.042252241704938305 0.05319186854855116 0.07219330418724257 0.06344526368135127 0.09766364574051666 0.01162869311542542 0.058958733053937416 0.03833965547075554 0.08198127597656779 0.05222218336487743 0.048321771806591717 0.06625503813253779 0.05720039748040725
 0.044807956514697087 0.0911633030080656 0.0693723669416416 0.07290587672742793 0.074788760746747 0.009749107622671454 0.022509349346407276 10000.0 0.0697694703316905 0.09123006766373352 0.05910409311085136 0.03984208674035888 0.05608823863739834 0.041964159567926575 0.08206601036305357 0.031148070232799804 0.061002691719622075 0.06916854054853362 0.03674011841956277 0.07141483206749502 0.02783118946173362 0.013558648344308623 0.0874637635647361 0.04262556605219453 0.019617790788083823 0.02763711750704827 0.08347254396846937 0.08765882261078187 0.01894936362088341 0.09749319403258305 0.0552738507793756 0.0863834903418277 0.04567515348717275 0.075836164009892 0.07086407598210145 0.029223650326389346 0.03651866462691927 0.038527262765541186 0.07451381422131634 0.07789615711333582 0.09879899235907638 0.030218193457500542 0.05292184209437656 0.0559784204522108 0.08477063019180087 0.07045466036548036 0.035601643897196715 0.07443788017654202 0.05011234714913836
 0.027939188555600805 0.030976736383444045 0.04152189666155609 0.028268424124513324 0.03816476755060186 0.06675824738972834 0.06460250262401723 0.0697694703316905 10000.0 0.038242821349497656 0.06620938570730053 0.037846939783924664 0.030646542447457355 0.08269621508551372 0.039972028469494124 0.07641298319605888 0.030566786638265724 0.011012658319807253 0.05121511686064904 0.01672690575668203 0.05840520766460741 0.07252243184961905 0.05375336391738764 0.044004680943998925 0.05267072379960405 0.050309788863266584 0.030148912239649547 0.022626852597616667 0.06230744161069496 0.04437872286025223 0.06883373018845389 0.03048927916959837 0.0450989801614802 0.05016429551747825 0.012235017794927 0.04056529657493779 0.03781857037903421 0.05474484457180632 0.010955117204559085 0.03189574907804018 0.034613081100019 0.054553463106089946 0.032589819507729954 0.09538077413590954 0.018233163114101673 0.04495664532168562 0.04999835263399473 0.010153136544888924 0.03549381860564571
 0.04774008938188217 0.010716425943367696 0.027331607539309646 0.06581289332320905 0.019656796675433998 0.08465307943642136 0.07685745281323975 0.09123006766373352 0.038242821349497656 10000.0 0.05788805744963383 0.05145524578743721 0.03527345635802596 0.08579737593450835 0.013127111231829396 0.08416786795028897 0.06867278391733163 0.029176839502810956 0.08485917436937448 0.05420890858681525 0.08958751709699841 0.08832323362286837 0.023670894364903196 0.0790008397142162 0.07945499892718715 0.06469571038084437 0.06464809276444498 0.020132590440103206 0.07684046547675563 0.0066570384827561845 0.0630038050188709 0.06357832972504886 0.08088332881046946 0.029191314771863174 0.027262224293285044 0.06487424016091534 0.06941824841648084 0.08888963367464271 0.046790424741201646 0.013463248811749389 0.059038743354832904 0.0652396352449444 0.06959137578516855 0.09404487813125496 0.04687472441623821 0.02901198751691246 0.08326144237206981 0.02809653315874702 0.0719948007475059
 0.04445268564881031 0.06470393249198059 0.031038696154721917 0.0888282571061314 0.038642060079214474 0.04944168097460952 0.03681735240035839 0.05910409311085136 0.06620938570730053 0.05788805744963383 10000.0 0.035496695151734384 0.035562888253031215 0.031579993898751435 0.04479179947827025 0.03519091635101628 0.0827671615302804 0.05704051296168202 0.07802074742486961 0.07979444409331979 0.07559912096799254 0.04864687897908884 0.040544702382070974 0.0776444573884482 0.061058798535255226 0.03589647345431927 0.09482266786761698 0.0682404777688072 0.04016747786620271 0.061511633167010686 0.005857970687098512 0.09593448335643494 0.08109278222300327 0.029713549800449594 0.0571744158974873 0.05096825890514754 0.06485258350908259 0.08200148034506156 0.0767582999626591 0.04699943829319213 0.10037598139768178 0.030398007840156466 0.07774205377367317 0.036541695401919934 0.08408908897457092 0.028903451267449143 0.07607960564900072 0.06214077918834685 0.0775625194569101
 0.010451572166693748 0.05223073582203473 0.03074591804116782 0.054982428997915056 0.03526690405331104 0.03334945510746803 0.027640252602525294 0.03984208674035888 0.037846939783924664 0.05145524578743721 0.035496695151734384 10000.0 0.016246230035809016 0.044990338758759976 0.04238738424078831 0.038653560538809126 0.047654145563231526 0.032889445140693946 0.044469224351081076 0.04754419712695481 0.044597979752713145 0.03765812078596561 0.04933449730908586 0.04279577622038331 0.03127476168515947 0.013790929614880376 0.0624946974976741 0.05031351592327127 0.02637028722058227 0.05766418961032506 0.03577454330213228 0.06423625320835076 0.046119652235224365 0.03862653388859456 0.034149716734532605 0.01762390929762151 0.029959841639280133 0.048673072456608596 0.04662018773291558 0.038072992732638415 0.07197662077685578 0.016814114455798675 0.04227906534105608 0.058251478915944586 0.05581655167793826 0.0325582232313639 0.04252172969854528 0.03865184986714389 0.04207173765922804
 0.015657287530884214 0.036893129927820456 0.016762190129912872 0.05470945672960876 0.019548483205000543 0.04938572003375156 0.04221292575521154 0.05608823863739834 0.030646542447457355 0.03527345635802596 0.035562888253031215 0.016246230035809016 10000.0 0.05520195584420946 0.026362054807419998 0.05120846863593389 0.05084308318238074 0.02192811393961554 0.05604037605562668 0.044815290619418205 0.05824180455573839 0.0532370732687426 0.03493542011486546 0.05238424532567954 0.04614570725850327 0.029464289980480493 0.05967468193239829 0.03659058854243094 0.04177339100049672 0.04142789594372612 0.03835845850628617 0.06058116214293975 0.05522622310584626 0.025861422672753764 0.022428358405713413 0.031604204574712746 0.0403469982723019 0.06030388038629939 0.04125532511530588 0.021849885816895676 0.06493620731503373 0.030631309039932567 0.04775574635210494 0.06645840891125299 0.048593641093211945 0.019523762148916768 0.05418307149650303 0.027425791554156087 0.04872517249312628
 0.05533411605605258 0.09060153799876292 0.058572322454917405 0.09818415962259865 0.06616445678869427 0.03328597275623233 0.023431932417038143 0.041964159567926575 0.08269621508551372 0.08579737593450835 0.031579993898751435 0.044990338758759976 0.05520195584420946 10000.0 0.07323114901098084 0.010892523627643267 0.08879947794541448 0.0763892318915658 0.07338584834357083 0.09204676994497592 0.06703941988910353 0.028460645771413405 0.07148715086925989 0.07637693316158375 0.05383244218897718 0.03483113227994343 0.10672164303283353 0.09169098640352222 0.027938210725347617 0.0904111389781349 0.02573927572183286 0.1087301803276516 0.07992814917920586 0.05996176243758782 0.07724307295967744 0.05132907272491922 0.06536997492628656 0.07643678738299749 0.09159295509640812 0.07327792000007852 0.11696634401391173 0.0290193856523944 0.08177766735616909 0.014907890220947802 0.10077581115495056 0.05748438643758233 0.07170721774788272 0.08212541881602085 0.08023886699348837
 0.04099990284854579 0.02154313245799538 0.014686998890253839 0.06822656322788964 0.007475756660351679 0.07474711699324434 0.06592801140739978 0.08206601036305357 0.039972028469494124 0.013127111231829396 0.04479179947827025 0.04238738424078831 0.026362054807419998 0.07323114901098084 10000.0 0.07224141810144899 0.06870430616774545 0.02920921235209252 0.0805131536226235 0.05669432808976852 0.08387767508132671 0.07782153110588667 0.014083443067592608 0.07564370563725197 0.07237290004572004 0.054772724645886776 0.06915719374287543 0.028475252889054996 0.0664018769955257 0.01718837463992875 0.04997244678985581 0.06871526185962339 0.07799539573553219 0.0162565037818435 0.027755504972688787 0.05774855546317385 0.06472622834728796 0.08470554406045214 0.05015082653643086 0.008080414275957798 0.06688249064726201 0.05444131690415809 0.06807869064478499 0.08105040955498745 0.05277715074103106 0.01598377345905715 0.0787641021214208 0.03070646023651059 0.06995809235722535
 0.048538012061995046 0.0877651059105229 0.057635543985910594 0.08966827981994624 0.06488017109160125 0.02239575720829282 0.013464700006452609 0.031148070232799804 0.07641298319605888 0.08416786795028897 0.03519091635101628 0.038653560538809126 0.05120846863593389 0.010892523627643267 0.07224141810144899 10000.0 0.07971522115043532 0.07124257069596653 0.06286725446021511 0.08433886699257924 0.05625008019567279 0.01773363028062023 0.07261390997161457 0.06623301047708416 0.0432921937292191 0.02665538023706095 0.09869286655890432 0.08770316075015416 0.01769108092947639 0.08933872189352365 0.029826974586822104 0.10090271534434544 0.06975403757433235 0.06069041059973687 0.07232351401781645 0.04211837147728181 0.05570720174085583 0.06580434262978592 0.08460349619623694 0.07108928929526905 0.1100962324995493 0.021863607699592526 0.07242059687713676 0.025513608235060894 0.0941672798093003 0.057178047178274134 0.061233619179634505 0.07702722326437353 0.07066011779855552
 0.038342895283479395 0.061462847132134915 0.06623336244412004 0.012479237175621294 0.06520773535642606 0.0624604381248957 0.06628467888402753 0.061002691719622075 0.030566786638265724 0.06867278391733163 0.0827671615302804 0.047654145563231526 0.05084308318238074 0.08879947794541448 0.06870430616774545 0.07971522115043532 10000.0 0.03992862616204813 0.029100982236872894 0.01764977969833557 0.03906344775328333 0.06919394599595596 0.0816645363612445 0.02085367529410775 0.041387811106425976 0.054077107117243006 0.023552653315379236 0.052576398633987324 0.06240095605929591 0.07490814992940228 0.08341954737353267 0.026877273799044994 0.019738669258200496 0.07553079032693576 0.041687592223560874 0.0375994193382441 0.024881115457572482 0.03100254319877165 0.025133569904764456 0.06075696454024445 0.04162743036011545 0.06027605053125926 0.00810295344467707 0.10331755257019183 0.03290814670860392 0.06947930122163064 0.028905980870365475 0.04068520991601499 0.011269833103034893
 0.024640080821179872 0.024075411432285712 0.03074644031971221 0.039084507850786133 0.02715223570188127 0.06470150502432524 0.06050812963978852 0.06916854054853362 0.011012658319807253 0.029176839502810956 0.05704051296168202 0.032889445140693946 0.02192811393961554 0.0763892318915658 0.02920921235209252 0.07124257069596653 0.03992862616204813 10000.0 0.05645288698776091 0.02766086404929372 0.062224241367513325 0.06983881740375755 0.04283911365586343 0.050131434790025145 0.05408022831995466 0.046411727985950224 0.041066791954410826 0.018548954895428228 0.05891385086473055 0.03567377144721021 0.06018874273486048 0.04121128725975731 0.051842988180504056 0.03922465554318131 0.001996864304017596 0.040373671240448925 0.04155816145534145 0.06034235628978617 0.02180370656319468 0.02113759720866039 0.043400185647195264 0.04958884080495624 0.0404198426740148 0.08821048176194013 0.02728190947275574 0.03417429330339732 0.05497682822023797 0.005784699335832242 0.04283010205386043
 0.040383239403472035 0.08048194118507447 0.07276664275710411 0.04153515911554084 0.0748268009125396 0.041618425905512534 0.050027676457958956 0.03674011841956277 0.05121511686064904 0.08485917436937448 0.07802074742486961 0.044469224351081076 0.05604037605562668 0.07338584834357083 0.0805131536226235 0.06286725446021511 0.029100982236872894 0.05645288698776091 10000.0 0.044683933211798754 0.010351069011240046 0.04812991719375439 0.09088823908039216 0.008284434108208257 0.019575086711253943 0.042777183709310565 0.052613820725833385 0.07347703603395091 0.04546726705752111 0.0915064317493367 0.0765933924353186 0.05596995535795767 0.009913813708452646 0.08163933252098145 0.05844972485358769 0.027228829390991426 0.01580644766859426 0.004267943119148909 0.05065271143033797 0.07365613714697421 0.07059990660525005 0.04908643675253171 0.021733653398930484 0.08827185174984173 0.06009062902798939 0.07530969662303458 0.0019543776080064193 0.059771776836875845 0.018196489437838633
 0.03710678992409867 0.04581994903259021 0.057592062488942344 0.011638346538859468 0.05474654353625735 0.07066893231507815 0.0714653812698855 0.07141483206749502 0.01672690575668203 0.05420890858681525 0.07979444409331979 0.04754419712695481 0.044815290619418205 0.09204676994497592 0.05669432808976852 0.08433886699257924 0.01764977969833557 0.02766086404929372 0.044683933211798754 10000.0 0.05378149014151351 0.07708136560719551 0.0704726104544062 0.03651383547598865 0.05234492565842307 0.057690410048990205 0.0150803547287731 0.03633692340620072 0.0683140058849001 0.06001510309834579 0.08166808846805504 0.0167046356180342 0.03631961658575426 0.06648169958601254 0.028960796178540894 0.04387403890407067 0.03545179943196737 0.04731593398856373 0.007876728877918545 0.04862030135968844 0.027394198514849956 0.06306132786938257 0.02314469251572071 0.10572711009399681 0.015514339457152594 0.06101321479467322 0.04402649577587133 0.02639198180535234 0.0266610322570775
 0.04290496983463034 0.08625592516984773 0.07459208593226076 0.05154111151012139 0.07763092781287825 0.03414511577172575 0.04419940707118159 0.02783118946173362 0.05840520766460741 0.08958751709699841 0.07559912096799254 0.044597979752713145 0.05824180455573839 0.06703941988910353 0.08387767508132671 0.05625008019567279 0.03906344775328333 0.062224241367513325 0.010351069011240046 0.05378149014151351 10000.0 0.0402496331394675 0.09309449559226919 0.018269105600191547 0.014557995821688215 0.0397058434472801 0.06261590717846996 0.08002548887632155 0.039608602594333485 0.09623700951410107 0.0734394894307869 0.06592169744222057 0.020259529026659527 0.08301295516291674 0.06419927681603986 0.027045525215698796 0.020746213817294787 0.010886623516391457 0.059181905097331754 0.0775966707432179 0.0802641846636168 0.04552868355721391 0.03136683966130217 0.08175849513590276 0.06895689889531027 0.07679702330962791 0.010172213361274612 0.06616028521973649 0.027902275822430767
 0.045302918348563155 0.08984507423885812 0.06404054712364862 0.08036399281686019 0.07036015545761876 0.006766644548782096 0.012472230581795155 0.013558648344308623 0.07252243184961905 0.08832323362286837 0.04864687897908884 0.03765812078596561 0.0532370732687426 0.028460645771413405 0.07782153110588667 0.01773363028062023 0.06919394599595596 0.06983881740375755 0.04812991719375439 0.07708136560719551 0.0402496331394675 10000.0 0.08118295048105229 0.052859056895355694 0.029088299457639515 0.023893331259045882 0.0903558885452099 0.08779566416338624 0.011482790569499817 0.09420268632928 0.04416095887474569 0.09298191303076626 0.056193221514956995 0.06923297686310041 0.07130050037058179 0.033211108488645134 0.04432864006646139 0.0505095149972373 0.0789334534229427 0.07486302037499534 0.10407970267848318 0.023424778132581526 0.06134336678368887 0.042428197674582044 0.08903595523495729 0.06450750405596874 0.04672169621799014 0.07546107879941263 0.05898655102827254
 0.05055227883201648 0.03392528415816251 0.01860492272746812 0.08192246875167614 0.01655893192606085 0.07919360564803817 0.06879718425812172 0.0874637635647361 0.05375336391738764 0.023670894364903196 0.040544702382070974 0.04933449730908586 0.03493542011486546 0.07148715086925989 0.014083443067592608 0.07261390997161457 0.0816645363612445 0.04283911365586343 0.09088823908039216 0.0704726104544062 0.09309449559226919 0.08118295048105229 10000.0 0.086777820284227 0.0804926011356061 0.05983920480391752 0.08318542637237561 0.04200016380232483 0.0701800552372605 0.02414784572577919 0.04630162743822071 0.0827859251191295 0.08939419586475125 0.012010343828270278 0.04152057876187615 0.06622056866908081 0.07512448734254348 0.0951424993542364 0.06410966102287204 0.02197747425593068 0.08077127461847107 0.05799718000442888 0.08036834615990628 0.07687421104561089 0.06685058765018094 0.017024113604718474 0.0890519238162616 0.04471743516714883 0.08195335439236498
 0.03694804499027264 0.07395853047124706 0.06912149019245664 0.03331390039532502 0.07042309210122359 0.046148847095364716 0.052969062480426765 0.04262556605219453 0.044004680943998925 0.0790008397142162 0.0776444573884482 0.04279577622038331 0.05238424532567954 0.07637693316158375 0.07564370563725197 0.06623301047708416 0.02085367529410775 0.050131434790025145 0.008284434108208257 0.03651383547598865 0.018269105600191547 0.052859056895355694 0.086777820284227 10000.0 0.02377672039357197 0.043730110657478956 0.04439441537671326 0.06650561011944571 0.04855826965051379 0.08560774781554835 0.07683352896513373 0.04773090735661002 0.003581441927263559 0.07823506576969043 0.05211955542037057 0.026918674646414942 0.012846070123633951 0.010923815886337307 0.042695572941933345 0.06843644877258923 0.062315773347239735 0.05020476250011911 0.013468799788657544 0.09127286219885622 0.051970644976645 0.07189003460698294 0.008098695208549021 0.05299783558399738 0.009926522826871662
 0.03174105454437769 0.07750702664902717 0.06188882686204854 0.05331176913636544 0.06569366027870414 0.022400907475409577 0.03053343525142178 0.019617790788083823 0.05267072379960405 0.07945499892718715 0.061058798535255226 0.03127476168515947 0.04614570725850327 0.05383244218897718 0.07237290004572004 0.0432921937292191 0.041387811106425976 0.05408022831995466 0.019575086711253943 0.05234492565842307 0.014557995821688215 0.029088299457639515 0.0804926011356061 0.02377672039357197 10000.0 0.02516235916244909 0.06394679362696708 0.07253666192140518 0.02595078840029271 0.0860199480417012 0.05888902973709552 0.06691262664691537 0.02710819278850085 0.06989953729807877 0.05595436621836538 0.014653181398706536 0.017034737281812803 0.0226620544487843 0.05608402180409636 0.06677308763577855 0.07972213065987496 0.03098136677341276 0.03331356965168091 0.06870829096120903 0.06631030822390152 0.06382135314617714 0.017961965166216946 0.05879734244026832 0.030566035505168985
 0.022404895275625357 0.06595290942698322 0.0417570340043994 0.06337193812850853 0.04740125918651175 0.02000547279721257 0.014295537965468024 0.02763711750704827 0.050309788863266584 0.06469571038084437 0.03589647345431927 0.013790929614880376 0.029464289980480493 0.03483113227994343 0.054772724645886776 0.02665538023706095 0.054077107117243006 0.046411727985950224 0.042777183709310565 0.057690410048990205 0.0397058434472801 0.023893331259045882 0.05983920480391752 0.043730110657478956 0.02516235916244909 10000.0 0.07212568563443107 0.06407083184310856 0.01258395622199574 0.07072648912905244 0.03391210878141198 0.07427974807686877 0.047301629814489335 0.0482821731028672 0.04776514271637545 0.017114859168615687 0.03161514315169364 0.04657375211265107 0.058055613729768904 0.05123887550771272 0.08354767578966735 0.0064846280088100864 0.04730593089685012 0.04924151005659134 0.0677610921407013 0.0428232402129072 0.040878118534644535 0.052126882917933645 0.04608024648600698
 0.0520855101957519 0.05505423618911861 0.07166529152588014 0.011080666695181818 0.06812600589815175 0.08377324873999045 0.08561126230840624 0.08347254396846937 0.030148912239649547 0.06464809276444498 0.09482266786761698 0.0624946974976741 0.05967468193239829 0.10672164303283353 0.06915719374287543 0.09869286655890432 0.023552653315379236 0.041066791954410826 0.052613820725833385 0.0150803547287731 0.06261590717846996 0.0903558885452099 0.08318542637237561 0.04439441537671326 0.06394679362696708 0.07212568563443107 10000.0 0.045095493520810784 0.08222655860173088 0.06977267630099554 0.096745385845008 0.003502065055276529 0.043044828885099314 0.0802882032192158 0.0420202148011559 0.057391885197208115 0.046954733085302354 0.05427281121696583 0.019265222494773776 0.06121246090608375 0.01913301290416901 0.07770275229985225 0.03140467134499838 0.12056839496086705 0.018420574408583378 0.07509996959993777 0.052457826437108133 0.038468516959728916 0.03476536286142506
 0.04295436691789336 0.00996844672536431 0.03787763681154707 0.047595714955192735 0.03117726324561703 0.08290476179820379 0.07785927012026009 0.08765882261078187 0.022626852597616667 0.020132590440103206 0.0682404777688072 0.05031351592327127 0.03659058854243094 0.09169098640352222 0.028475252889054996 0.08770316075015416 0.052576398633987324 0.018548954895428228 0.07347703603395091 0.03633692340620072 0.08002548887632155 0.08779566416338624 0.04200016380232483 0.06650561011944571 0.07253666192140518 0.06407083184310856 0.045095493520810784 10000.0 0.07665163569183894 0.024718947199572006 0.07240957037506521 0.043767260258396265 0.06770444569700775 0.04365643738109212 0.01679751021546919 0.05892247764271164 0.05927933601507207 0.07713922477503192 0.02851898623655766 0.02236413899508424 0.03904954639743978 0.06656170513117968 0.055193262672262544 0.1022671784927395 0.02696317660837806 0.04080442870912598 0.07215458917493497 0.01387686033074687 0.05812066954780855
 0.03462477911140342 0.07845271320351639 0.05275632717185161 0.07278094604376616 0.05895024909747239 0.009429626699441076 0.004599420590447366 0.01894936362088341 0.06230744161069496 0.07684046547675563 0.04016747786620271 0.02637028722058227 0.04177339100049672 0.027938210725347617 0.0664018769955257 0.01769108092947639 0.06240095605929591 0.05891385086473055 0.04546726705752111 0.0683140058849001 0.039608602594333485 0.011482790569499817 0.0701800552372605 0.04855826965051379 0.02595078840029271 0.01258395622199574 0.08222655860173088 0.07665163569183894 10000.0 0.0827284029734722 0.03649149307788849 0.08462995804290291 0.052088502128167166 0.058303607162415436 0.06030183770464141 0.024971180024284743 0.03810852159466436 0.04860431966667567 0.06943343398707176 0.06338024877315455 0.09482917642192529 0.012187259698839688 0.05494573214974683 0.0428417447316642 0.0793610064980295 0.05336578222516136 0.04377465226907292 0.06460171133348047 0.05307127964019596
 0.054287142574196375 0.01475514088195212 0.031873679173047675 0.0715555365436841 0.024459586564200348 0.09072089044394806 0.08255641622947749 0.09749319403258305 0.04437872286025223 0.0066570384827561845 0.061511633167010686 0.05766418961032506 0.04142789594372612 0.0904111389781349 0.01718837463992875 0.08933872189352365 0.07490814992940228 0.03567377144721021 0.0915064317493367 0.06001510309834579 0.09623700951410107 0.09420268632928 0.02414784572577919 0.08560774781554835 0.0860199480417012 0.07072648912905244 0.06977267630099554 0.024718947199572006 0.0827284029734722 10000.0 0.06685964145529016 0.0684862044063976 0.08745580089193368 0.03203395779589003 0.033734085378099375 0.07141839814276822 0.07607483006444471 0.09553041725774512 0.052443063669139874 0.01959769067650435 0.06277057509224161 0.07097435287724285 0.07604717685645739 0.09795669857460211 0.05167933698413765 0.03302701975212349 0.08991280650479551 0.03423199485565798 0.07850331436553554
 0.04541782886272427 0.06939697667549996 0.03586645572454615 0.09019648166382258 0.04355036496236021 0.04553642358287095 0.03278557650081443 0.0552738507793756 0.06883373018845389 0.0630038050188709 0.005857970687098512 0.03577454330213228 0.03835845850628617 0.02573927572183286 0.04997244678985581 0.029826974586822104 0.08341954737353267 0.06018874273486048 0.0765933924353186 0.08166808846805504 0.0734394894307869 0.04416095887474569 0.04630162743822071 0.07683352896513373 0.05888902973709552 0.03391210878141198 0.096745385845008 0.07240957037506521 0.03649149307788849 0.06685964145529016 10000.0 0.09804481845326649 0.08034361348752087 0.0352759949741072 0.06048788008558287 0.0499381534562935 0.06418194840823951 0.08045396091034304 0.07913887495928724 0.051669228946026456 0.10327907350620048 0.027911269384061018 0.07794624825756977 0.03109804605888306 0.08691549545749268 0.033999196749594944 0.07467452992899322 0.065490227531885 0.07750059811067625
 0.053792008047228085 0.05373333067789731 0.07194016239502343 0.014450405156315016 0.06806277094883607 0.08644216634694717 0.08791823692603147 0.0863834903418277 0.03048927916959837 0.06357832972504886 0.09593448335643494 0.06423625320835076 0.06058116214293975 0.1087301803276516 0.06871526185962339 0.10090271534434544 0.026877273799044994 0.04121128725975731 0.05596995535795767 0.0167046356180342 0.06592169744222057 0.09298191303076626 0.0827859251191295 0.04773090735661002 0.06691262664691537 0.07427974807686877 0.003502065055276529 0.043767260258396265 0.08462995804290291 0.0684862044063976 0.09804481845326649 10000.0 0.04645040532301187 0.08039070942603668 0.04201369666624544 0.059904051588950125 0.04988971947444646 0.05769156090756874 0.019539001959112342 0.06086102853289365 0.0156551850387651 0.07973057453731144 0.034637133252506044 0.12243154608825385 0.016818359227521753 0.07537212968770997 0.05577585819596955 0.03816779617626334 0.03803753500150866
 0.039926521981750396 0.07545922302919372 0.07191995518654917 0.03200213122218894 0.0729664263276217 0.049506918130721764 0.056512969574408975 0.04567515348717275 0.0450989801614802 0.08088332881046946 0.08109278222300327 0.046119652235224365 0.05522622310584626 0.07992814917920586 0.07799539573553219 0.06975403757433235 0.019738669258200496 0.051842988180504056 0.009913813708452646 0.03631961658575426 0.020259529026659527 0.056193221514956995 0.08939419586475125 0.003581441927263559 0.02710819278850085 0.047301629814489335 0.043044828885099314 0.06770444569700775 0.052088502128167166 0.08745580089193368 0.08034361348752087 0.04645040532301187 10000.0 0.08108737683195734 0.05381614446020617 0.030453985297903 0.01624336237330569 0.011266002314117477 0.042918261395537276 0.0706554660010964 0.06136485643164937 0.05377807079096193 0.013231009932389834 0.09482703853541878 0.05183384232900828 0.07474929937745715 0.010369141323540748 0.054394281837376074 0.00983461246057585
 0.0413677123503397 0.0376707489429357 0.009323570265715902 0.07748201488545509 0.01273889290406922 0.06739496207531263 0.05682556645382538 0.075836164009892 0.05016429551747825 0.029191314771863174 0.029713549800449594 0.03862653388859456 0.025861422672753764 0.05996176243758782 0.0162565037818435 0.06069041059973687 0.07553079032693576 0.03922465554318131 0.08163933252098145 0.06648169958601254 0.08301295516291674 0.06923297686310041 0.012010343828270278 0.07823506576969043 0.06989953729807877 0.0482821731028672 0.0802882032192158 0.04365643738109212 0.058303607162415436 0.03203395779589003 0.0352759949741072 0.08039070942603668 0.08108737683195734 10000.0 0.03838256028084349 0.0559760314404438 0.06606989019331559 0.08590717556567493 0.061027868345398244 0.021338216462506766 0.08067685049668909 0.04613744584364927 0.07321694673770991 0.06625523642870004 0.06552874276234344 0.006346951687785853 0.07975053069614943 0.04252514009372367 0.07440191640743991
 0.02621669701132974 0.02208539922259801 0.03012636866144135 0.04047130121709516 0.026105793723675264 0.06624914189203052 0.06178955419281141 0.07086407598210145 0.012235017794927 0.027262224293285044 0.0571744158974873 0.034149716734532605 0.022428358405713413 0.07724307295967744 0.027755504972688787 0.07232351401781645 0.041687592223560874 0.001996864304017596 0.05844972485358769 0.028960796178540894 0.06419927681603986 0.07130050037058179 0.04152057876187615 0.05211955542037057 0.05595436621836538 0.04776514271637545 0.0420202148011559 0.01679751021546919 0.06030183770464141 0.033734085378099375 0.06048788008558287 0.04201369666624544 0.05381614446020617 0.03838256028084349 10000.0 0.042163989641564835 0.04354254383021772 0.06233862284840187 0.022772507745394494 0.01967549165917163 0.043491591677926295 0.050760961380315786 0.04232984846155923 0.08885759607082662 0.027571519769557462 0.03353539451529621 0.056972924783564624 0.005009144286305887 0.04477192112636625
 0.017134188595979427 0.06330457509882167 0.0476550766777393 0.047812701153901106 0.05114373730545754 0.026877832220890983 0.028705677462472923 0.029223650326389346 0.04056529657493779 0.06487424016091534 0.05096825890514754 0.01762390929762151 0.031604204574712746 0.05132907272491922 0.05774855546317385 0.04211837147728181 0.0375994193382441 0.040373671240448925 0.027228829390991426 0.04387403890407067 0.027045525215698796 0.033211108488645134 0.06622056866908081 0.026918674646414942 0.014653181398706536 0.017114859168615687 0.057391885197208115 0.05892247764271164 0.024971180024284743 0.07141839814276822 0.0499381534562935 0.059904051588950125 0.030453985297903 0.0559760314404438 0.042163989641564835 10000.0 0.014519976545047292 0.03134575004905951 0.04593770877346133 0.052127149981403775 0.07090843478581406 0.0235812794976277 0.030448721598202416 0.06600296185992906 0.05613289502115951 0.04977972152036964 0.025275010828056915 0.045441487081633945 0.029027887091770746
 0.024713812514597394 0.06562415060716684 0.05710196118028216 0.03643898482757475 0.0590235895321634 0.03758629006476766 0.042252241704938305 0.03651866462691927 0.03781857037903421 0.06941824841648084 0.06485258350908259 0.029959841639280133 0.0403469982723019 0.06536997492628656 0.06472622834728796 0.05570720174085583 0.024881115457572482 0.04155816145534145 0.01580644766859426 0.03545179943196737 0.020746213817294787 0.04432864006646139 0.07512448734254348 0.012846070123633951 0.017034737281812803 0.03161514315169364 0.046954733085302354 0.05927933601507207 0.03810852159466436 0.07607483006444471 0.06418194840823951 0.04988971947444646 0.01624336237330569 0.06606989019331559 0.04354254383021772 0.014519976545047292 10000.0 0.02003723163820674 0.039711007942752126 0.057950308900700284 0.06277721074562173 0.03809148284026304 0.0170321902882878 0.08016309832056233 0.04982908783812519 0.05972695468565305 0.01403787469632219 0.045414567374611074 0.014962773404116905
 0.04464712201882927 0.08432432160951374 0.07703275486056083 0.04324909511916165 0.07906024282780857 0.044156313878975235 0.05319186854855116 0.038527262765541186 0.05474484457180632 0.08888963367464271 0.08200148034506156 0.048673072456608596 0.06030388038629939 0.07643678738299749 0.08470554406045214 0.06580434262978592 0.03100254319877165 0.06034235628978617 0.004267943119148909 0.04731593398856373 0.010886623516391457 0.0505095149972373 0.0951424993542364 0.010923815886337307 0.0226620544487843 0.04657375211265107 0.05427281121696583 0.07713922477503192 0.04860431966667567 0.09553041725774512 0.08045396091034304 0.05769156090756874 0.011266002314117477 0.08590717556567493 0.06233862284840187 0.03134575004905951 0.02003723163820674 10000.0 0.0536099707743962 0.07779970228877389 0.072629770998753 0.05281409367793997 0.02417789427384189 0.09128321187022641 0.06280658078244156 0.07957763751713087 0.006175803846706724 0.06350859101730096 0.020654907155415424
 0.03626592598218956 0.03810268864170628 0.052458083818082916 0.019136611177980486 0.04887419668571355 0.07277429559272308 0.07219330418724257 0.07451381422131634 0.010955117204559085 0.046790424741201646 0.0767582999626591 0.04662018773291558 0.04125532511530588 0.09159295509640812 0.05015082653643086 0.08460349619623694 0.025133569904764456 0.02180370656319468 0.05065271143033797 0.007876728877918545 0.059181905097331754 0.0789334534229427 0.06410966102287204 0.042695572941933345 0.05608402180409636 0.058055613729768904 0.019265222494773776 0.02851898623655766 0.06943343398707176 0.052443063669139874 0.07913887495928724 0.019539001959112342 0.042918261395537276 0.061027868345398244 0.022772507745394494 0.04593770877346133 0.039711007942752126 0.0536099707743962 10000.0 0.04213856538054474 0.02549511131012913 0.06290781617561282 0.02969931673079269 0.10475737773600274 0.010258294996076939 0.05589238032434088 0.04979483116450539 0.01947554228567685 0.03310156949770596
 0.03506035029374079 0.017728504143291492 0.01600540943006734 0.06014676671329803 0.008837033846789688 0.07120691540193168 0.06344526368135127 0.07789615711333582 0.03189574907804018 0.013463248811749389 0.04699943829319213 0.038072992732638415 0.021849885816895676 0.07327792000007852 0.008080414275957798 0.07108928929526905 0.06075696454024445 0.02113759720866039 0.07365613714697421 0.04862030135968844 0.0775966707432179 0.07486302037499534 0.02197747425593068 0.06843644877258923 0.06677308763577855 0.05123887550771272 0.06121246090608375 0.02236413899508424 0.06338024877315455 0.01959769067650435 0.051669228946026456 0.06086102853289365 0.0706554660010964 0.021338216462506766 0.01967549165917163 0.052127149981403775 0.057950308900700284 0.07779970228877389 0.04213856538054474 10000.0 0.05972098554793893 0.05182035980761527 0.06037724712924265 0.08237390994977051 0.04515538241615698 0.01863801977522448 0.07195930814056548 0.022744243383894743 0.062376050047858365
