NAME :TPP_input_19_5_1
NUM_VERTICES
91
NUM_CLUSTERS
19
Full Matrix
 10000.0 0.011713817407456117 0.07841836135996456 0.03426986781752349 0.02295765657373057 0.029843170953565236 0.06144762768364454 0.033414062003491056 0.05531772853583906 0.06310672492231585 0.05404654886810533 0.011517360584505597 0.0582628676037276 0.015361443447878416 0.046223232090938135 0.05530380744253368 0.025760059395636806 0.057695127506916126 0.07140517027877627 0.06263687332441818 0.05665962759385358 0.024461194414947117 0.04256817780909185 0.037098638564564995 0.019155277739712866 0.052998195549526124 0.03065728955157538 0.07399342796731441 0.04133569253051528 0.07154579399084168 0.07319947225968847 0.07502389107800163 0.012079652161231384 0.03780587605201173 0.022800647644772794 0.05109260523485099 0.08500401819656161 0.060448859575639294 0.0421329918609313 0.011621269404647321 0.03449907842637735 0.024753976543242986 0.054122595750770004 0.03898970765337417 0.06357472444249304 0.03150859607139341 0.06197234627355848 0.03291575969558006 0.08742673665298 0.0706646733383731 0.02415935817819213 0.04062135117830172 0.06428374227695534 0.019064940188808548 0.040801838016100746 0.04074656807594151 0.046522731630825334 0.010350927748505243 0.011358753930754388 0.06406084585699526 0.03425295000685014 0.027794707527308008 0.0408810740351783 0.012188725100977177 0.030721118813695533 0.020028523143439628 0.040376932668936084 0.02911556110780782 0.03217279674024947 0.023468991307451562 0.0467034659376555 0.04295882833072541 0.09381552506077402 0.03060634860552874 0.020940765838437517 0.06479582628274633 0.07289700109743688 0.03188002437740387 0.045339233507716535 0.08106008518443053 0.0915082411978949 0.023998410223060287 0.01683540472100178 0.02582661044368364 0.07893343099780106 0.066579994809665 0.052283445547003 0.04899639904667511 0.03626444393564896 0.03782191227838986 0.0692071410522899
 0.011713817407456117 10000.0 0.07829675832063367 0.045025333638435666 0.03454028139081709 0.040079501536164554 0.06488957953876492 0.0315860352373635 0.05991789260910377 0.06374934725553798 0.0457450528001588 0.0013416004747247349 0.05310515498804923 0.016176421005761523 0.05267830002807357 0.04461549857137148 0.014417765776232407 0.04608191112985619 0.07417067373762799 0.06549943747158325 0.04494765922508301 0.012797857029783156 0.033707606002012454 0.033037268417046864 0.007673843766877352 0.05386164510344702 0.02287100307641491 0.07029568332823051 0.04114237851525851 0.06298801372197378 0.07378753081642857 0.06735773844592217 0.017790234551622448 0.04682636876234998 0.017991863997217868 0.039378850534986166 0.07582538557211004 0.05562648666481141 0.030922783657968505 0.00593525640436635 0.04073055277740146 0.035151786611540226 0.043642379364882626 0.030146826990596808 0.06342018303799261 0.03009274740667394 0.0623033310165897 0.031970083946094734 0.08154826640507025 0.06797351322901661 0.018561453892710644 0.042080850117553505 0.05386262653321081 0.016589185724094527 0.03194287628336794 0.04647239678822964 0.04780714863366877 0.00836061942232083 0.022661272821170326 0.052634470995968984 0.023912726436963405 0.021590246774095292 0.029434560743566453 0.01905604082450244 0.02067429306626912 0.031540184766433624 0.03888533414038401 0.017828018766050658 0.043398123303422326 0.026996554429145152 0.03666291893728044 0.03139497081484396 0.08478145007996947 0.021217010300669532 0.009404535582514667 0.06712374730633879 0.0613533798168881 0.02052327611520678 0.03382216005275331 0.07142179517084357 0.08357918380933016 0.02180427100347326 0.010437977314398314 0.03411992409220467 0.07939452979912848 0.06647269759615576 0.04930196919143203 0.0477360433730436 0.027454824372849834 0.03813379289756918 0.06425144770913183
 0.07841836135996456 0.07829675832063367 10000.0 0.07282790376821038 0.07950574053093558 0.06892717804855415 0.026455440191775766 0.04675221804087322 0.034577882865823764 0.015671714569817002 0.05529569184029214 0.0769684020151339 0.03700508252510673 0.09275924877075833 0.046566485396328246 0.07313803581074775 0.07566439669922549 0.08752206742263101 0.019549653126475542 0.023150215180869273 0.09199920683878772 0.08172199028732621 0.10653843401069601 0.04709055112888399 0.0814653758961439 0.02561530831266481 0.061031984325975924 0.024090885303845455 0.037318940695463106 0.05817214496478245 0.006704148955048335 0.05191638073434245 0.09049231620619222 0.061297036211198204 0.09624654484399302 0.09000678136677866 0.06833518251772902 0.03440313005123238 0.0949444204050282 0.08392168923455197 0.05110668909300368 0.07017734654487709 0.0709190788346842 0.1036092522988011 0.014912914656073344 0.048205048359384876 0.016498921449397075 0.04636361788904261 0.041913611552602745 0.018639044274551268 0.09663616725954094 0.037990233094182126 0.1170356553486103 0.09463739667592128 0.06081959219759487 0.04609425576881748 0.03217797526307054 0.0853272912640856 0.08411171329016856 0.08613037073040801 0.06935715104858249 0.05907493527555303 0.09184186840533136 0.06714580903514251 0.09344233357511918 0.08681213664193728 0.0394848268682892 0.08698708593285288 0.07695755981582765 0.05537260519212336 0.06673960406220487 0.08069756491956653 0.07134568578632357 0.09533816347135939 0.07701337635029945 0.019564057998783205 0.09342361088909659 0.08790110871022536 0.08056893629746803 0.07109343907628163 0.06006095629090701 0.05649333249345802 0.08869865882162277 0.061460145376051864 0.0040008742990807235 0.011870660313049286 0.03174448791462184 0.03071796691958233 0.10145037805563638 0.04066489860100296 0.032745469830936305
 0.03426986781752349 0.045025333638435666 0.07282790376821038 10000.0 0.013859152900852338 0.00597864457543518 0.04802357563974095 0.04447011797431168 0.03965065505528936 0.05781785427639698 0.07434713369375238 0.04433174613530223 0.06985749842738163 0.046421492929701894 0.02703689753460201 0.08212821618574646 0.05687745683329251 0.08828559595820805 0.05823014817629307 0.05076469086626309 0.08841949727916652 0.05757426043152096 0.07663265748027795 0.05141803142882324 0.05269510185216751 0.04954762622156121 0.05433998288410172 0.07923932091690564 0.04488213794137356 0.0907292385588211 0.06627088857472811 0.09132697128354472 0.04007516543671106 0.011834536359009199 0.05583136262809056 0.08313166608191414 0.10516376809084184 0.07078976262123515 0.07594763767670933 0.045882797645754536 0.022857379187628642 0.010019106552280343 0.08037365332075967 0.07308148097401224 0.06050626707527064 0.042660430981928066 0.057830872684569656 0.04227961599428123 0.09747347102804109 0.0735539612584379 0.05744704085821377 0.04007161584784593 0.0985360187973525 0.05135366364743716 0.06440445948052743 0.02681312399547009 0.043993638980302424 0.044270447197243094 0.028086792419526614 0.09336034284127766 0.06211357194021689 0.04971622457698663 0.07437199713403488 0.027509009144162672 0.06497907165942916 0.02301335164417819 0.04757123584274026 0.06285322467783601 0.004870421843607418 0.029860959124613697 0.07235942204366178 0.07374272443595893 0.1130438948105459 0.06485970134164971 0.05299276197254536 0.05412454528518973 0.102638784304185 0.06553593146858924 0.07578560088959155 0.10292412990354598 0.10737229681522895 0.041165265474627774 0.05090362750004422 0.016057076151872473 0.0715648025043247 0.06279838033318445 0.059495807186045135 0.05261080597169412 0.07037373114501629 0.0416604936031441 0.07858352388223594
 0.02295765657373057 0.03454028139081709 0.07950574053093558 0.013859152900852338 10000.0 0.012734526727956663 0.056782921705398316 0.04326196200178621 0.048859168215473585 0.0639297811818892 0.07081634209660378 0.03413455122030684 0.06982158683713757 0.033175157859171946 0.036792514324615756 0.07574389865476895 0.04788251083380145 0.07991030977335652 0.06724674027287927 0.0590619737602087 0.07929147878576064 0.047337935886553884 0.06413104166495617 0.049438102118017364 0.04209487617526969 0.054566467140601115 0.04868724951700582 0.08198335730327097 0.04677490778327482 0.0880008210768986 0.07326901651186146 0.08984686663609756 0.026635879075983686 0.022915986718059198 0.04288285608068049 0.07379064935121697 0.10219005106770021 0.07128778904889736 0.06505746400996569 0.03415936987323911 0.028531285992016816 0.009506341311642392 0.07424791429632586 0.06064090553776916 0.06587756397450753 0.04123221797089305 0.06350781747135305 0.0415439799017867 0.09867269611616321 0.07706519428644108 0.044581305541079086 0.04321731960203133 0.08672745904796066 0.038252437640618836 0.05916603110499572 0.03424541825116704 0.048286040728209696 0.032105090578968785 0.01465686983966953 0.08577317096809865 0.05487356924397137 0.044535666367577866 0.06383866872048388 0.020688184715875236 0.053275009381244076 0.009368995397922731 0.04819662094052167 0.05206880687608785 0.010118834180655326 0.028330092198087412 0.06638431072381762 0.06514897201678103 0.11056696775336743 0.05284438047226032 0.043405825561625595 0.06210691370166853 0.09484728053343675 0.05483645462934823 0.06740719470452178 0.0991512346901823 0.10630125043134572 0.03712527208379691 0.03870039771836769 0.018058972850849387 0.07885753483470068 0.0685209607273522 0.06081652969907163 0.055008935165199564 0.05797879822704255 0.04314108199026278 0.07968307132768429
 0.029843170953565236 0.040079501536164554 0.06892717804855415 0.00597864457543518 0.012734526727956663 10000.0 0.04499044087942622 0.03858303726457245 0.03682051195937 0.053638255797136936 0.06837956495189322 0.03929829713252268 0.06418063914105397 0.04302499150852854 0.024441600595429457 0.076219912315581 0.05141272432985058 0.08260375342933192 0.055381636479593925 0.047504358344402864 0.08287890088235958 0.05243408619737257 0.07240733644506571 0.045495456148305885 0.0477112615641936 0.04493538996175739 0.04842037149969539 0.07411546066333195 0.03942424363977337 0.08480765427664907 0.06247986747740692 0.08550873862029991 0.03698932510787552 0.010184641441178149 0.05206092226152649 0.0776492699786479 0.09923554287049925 0.06519580587417277 0.07093725563605782 0.041436395517123435 0.01809345032912918 0.005112760539083733 0.07444902550478626 0.06883121364602145 0.05607355540408727 0.036750158585743674 0.05349193402439245 0.03642488238896581 0.09205530243514255 0.06860784850288378 0.05359520774582498 0.034847650071624305 0.09384830177799221 0.04775960553458628 0.05844805080846297 0.02288878031942084 0.03911340494408314 0.040080990412984574 0.025275839382314504 0.08755775516522758 0.056325103585752385 0.04377789863821962 0.06924393065812728 0.021974802361604776 0.06036059379923951 0.022027204788884983 0.04191093309250614 0.0578644462508174 0.008312226596464904 0.02389610201203833 0.06643307473563378 0.06813031343824949 0.10715300133384989 0.06040051996898615 0.047697347140402024 0.05072553504971474 0.09685209895387184 0.060502627051377114 0.07012938961413691 0.09695938437369984 0.10161513042855636 0.03519697862174247 0.046656973025669804 0.010153086897365313 0.0679170799532763 0.05849872655225012 0.05400701598741941 0.04730649540009278 0.0661069076541322 0.03610186789830758 0.07311153325889677
 0.06144762768364454 0.06488957953876492 0.026455440191775766 0.04802357563974095 0.056782921705398316 0.04499044087942622 10000.0 0.03705762059705566 0.008448354017861074 0.01536585852784686 0.05950346591317838 0.06357058165074032 0.04431746264654926 0.07673903699923318 0.02102516582063927 0.07550068818217275 0.06712041402097076 0.08803259703921919 0.010471904305854884 0.003388766298404127 0.09120187662912714 0.0720520001586985 0.09712637637975705 0.041357079739244615 0.07009455457266169 0.01628013951255352 0.05450265391114889 0.042123433579581405 0.02725642484092152 0.06921109708774431 0.01978392114441516 0.06547332062808471 0.07299230119970594 0.03621044879546297 0.08245803226562896 0.08776163728402875 0.08221865737366053 0.043111510536809824 0.08857511164347573 0.06968015467559184 0.02869435628834445 0.0472788795681919 0.07320214779167485 0.09377856068960701 0.019645330183387547 0.03745360450972237 0.016892941550992756 0.03535969270365703 0.06228627499403095 0.03521082079173507 0.08329055180694107 0.023669338075927797 0.11233872046916628 0.0797661419584433 0.05885928355668139 0.022588838002457746 0.019086765303635424 0.07026121355589018 0.06435053312438963 0.08909389046844282 0.06434885725716749 0.05082344974206349 0.08575670426617861 0.049292062519921076 0.08351853358335003 0.06511862304675996 0.03175838196303058 0.07795891459356923 0.05250729207768242 0.03831735626181658 0.06676679464073075 0.07745018151692849 0.08749719808186723 0.08487500793591883 0.06671489588384076 0.0069250826147340015 0.09774332317505091 0.07961675863892179 0.07816676956343166 0.08303540004743966 0.07793130526995194 0.04466076412195743 0.07508458196759644 0.039450103536275774 0.02430449417385003 0.020131516185908215 0.03346485955857438 0.02680036927338738 0.09127064634526022 0.02862179761180244 0.046792152402703485
 0.033414062003491056 0.0315860352373635 0.04675221804087322 0.04447011797431168 0.04326196200178621 0.03858303726457245 0.03705762059705566 10000.0 0.03484337273152479 0.03262629964011799 0.0304772243104265 0.030266819473837633 0.026595021684689645 0.04659190245096029 0.033661007760281705 0.04205353994599085 0.030392155791576423 0.05260217750862889 0.044838307481307856 0.036702998428706446 0.05506271661430255 0.03584640464937507 0.06104637125685739 0.0071380769769463625 0.034915216885163976 0.023207694250388967 0.017530947377435536 0.04070433505947278 0.010229651896164628 0.046296930215273265 0.04250390252073388 0.04701996262581472 0.04528889967276888 0.03796815689366012 0.04950152642727121 0.051180736371051104 0.06074601838455836 0.028233520456528056 0.051575741266842605 0.03730178123308782 0.025082323317383345 0.03644304407340693 0.03990965998635015 0.05787320374061534 0.03192699022647721 0.0020618393434978033 0.031020918417024722 0.0024634071735625982 0.055688346195501046 0.03726309541494487 0.0498856659013843 0.013646769877858404 0.07528212273068499 0.0480510952232833 0.023850062233159598 0.027089787931194962 0.018115594705131258 0.038921970356511154 0.0417271046895233 0.05514563966088682 0.027482823756718882 0.013791986780294009 0.04872209969705516 0.024418571769171973 0.04757080397485786 0.047295029917945396 0.007300654326191315 0.041539609559693644 0.04627469898266449 0.015077335561449148 0.03234742057847782 0.04076702744665887 0.06857432433062864 0.04923768778655497 0.030774271251771193 0.03751242361426732 0.06433757325193887 0.04295057745021357 0.041741335220181634 0.058820274904642596 0.06329800337859827 0.009859477379507027 0.04195964788406172 0.02843078841345386 0.048012898391338474 0.03497482535933933 0.0189237804908726 0.016155840229846046 0.05552795919497275 0.008497929332877562 0.036842542198571075
 0.05531772853583906 0.05991789260910377 0.034577882865823764 0.03965065505528936 0.048859168215473585 0.03682051195937 0.008448354017861074 0.03484337273152479 10000.0 0.021764672855355615 0.06064540922520298 0.05863416509673441 0.04724057984413578 0.07067887504699104 0.012617572733559871 0.07552227398905376 0.06376763300181318 0.08717683864176805 0.018600708062269728 0.011503576997083506 0.08986655702188227 0.06819024342188958 0.09292419576821273 0.04026767134978262 0.06570090960944332 0.018690472480676498 0.05230733000821055 0.047979267793779375 0.026169428295155055 0.07210687268768953 0.02787403121203387 0.06922459934036691 0.06650466345564046 0.027822003038543274 0.07704170172845475 0.08602123053462041 0.08568663937462512 0.046520425981651195 0.08547976893870103 0.06432085349249295 0.021412705381453186 0.03938662801418771 0.07326081605973465 0.0894850322546879 0.025709901668455604 0.034777880719789205 0.022777872757234974 0.032780393493531845 0.06808822892639727 0.04119266311069697 0.07800601089923805 0.021254804759884317 0.10946069563343848 0.07403645347569272 0.058032993467580854 0.015071654784007816 0.01852289937281132 0.06461382952617196 0.057247388244489446 0.08900413859804725 0.06228691463928479 0.048193399477399076 0.08280335382509543 0.04313787424993095 0.0793467046373753 0.05742340960513402 0.03094046369667171 0.07418487196444558 0.04418626483248345 0.032938420243028295 0.06629517254778779 0.07560144210973183 0.09158480170373606 0.08050468751691954 0.06277116582056198 0.015063204769696085 0.09793758704585352 0.07605649479943329 0.07657799890662925 0.08588789026002108 0.08270016233732802 0.04102982702605595 0.06983790828619962 0.03198570619338011 0.0326439251907451 0.02689918212771182 0.03577100409961595 0.028273771480415634 0.08689844897067961 0.02642767689399371 0.051410321552471626
 0.06310672492231585 0.06374934725553798 0.015671714569817002 0.05781785427639698 0.0639297811818892 0.053638255797136936 0.01536585852784686 0.03262629964011799 0.021764672855355615 10000.0 0.0479411804886405 0.06240996427620112 0.031015071914990047 0.07770388794139707 0.03244865724204802 0.06508357140477122 0.06261116104697673 0.0786661887163988 0.015593569340546197 0.012235614677812347 0.08252474525413482 0.06834925940357442 0.09347939835142818 0.03439229233063637 0.06753300497543897 0.010108887873029606 0.04846760299296626 0.026757589200343823 0.022632139715348443 0.05539500605486003 0.010107623047262 0.05094860587514078 0.07515355273695146 0.046548694819596254 0.08174089876862668 0.07980292605141105 0.0677945110063885 0.029296329617733905 0.08296169741517491 0.0692128465196169 0.03566230982685749 0.05465944502036056 0.0627838532879294 0.09038103674089669 0.004320340707128655 0.03382078376075179 0.0021150817215718066 0.03184567955011321 0.04692242688033439 0.019846462551231504 0.08225308136097718 0.022508920063600456 0.1059373374679954 0.0798486423300935 0.05026418034749775 0.03100641621129672 0.016630540702138027 0.07043420458199363 0.06848881726082273 0.07858585000639894 0.05759894644203286 0.0458125485184079 0.07994530317095302 0.05164216196702932 0.08010125601871182 0.07114820061263803 0.02564394702985578 0.07389930585394396 0.061777296354623035 0.039871009509919085 0.05731509882927346 0.06990739044100948 0.07262690473563 0.08182951128298743 0.06337080473324475 0.00971969661825108 0.08672729448210705 0.07509592631928129 0.07017238972681793 0.06912650335961643 0.0627499294007184 0.04203825114524821 0.07418716292784215 0.045871962895818706 0.015828075532425864 0.005194374671054444 0.021744857791739392 0.01761890789320707 0.08808535977349681 0.025670687509579175 0.03183662889895696
 0.05404654886810533 0.0457450528001588 0.05529569184029214 0.07434713369375238 0.07081634209660378 0.06837956495189322 0.05950346591317838 0.0304772243104265 0.06064540922520298 0.0479411804886405 10000.0 0.04492860198851275 0.018313902338935067 0.06152892623061531 0.06289964349915284 0.017871513089575557 0.034096720034996614 0.03247777290931601 0.06343682866539116 0.05767790567475756 0.037396242636547936 0.040275533183972506 0.059963226887101685 0.023339505326824182 0.043456671031119505 0.04322718204486148 0.023395785307455123 0.03557193935334954 0.03517123019585982 0.01750920487761856 0.054633396809910646 0.021801111327893287 0.06342737011712711 0.06844304907447789 0.05927422029684257 0.036468124658421926 0.03139487540831482 0.021058620842529702 0.045419120472962184 0.051202576301088196 0.05548128431495154 0.0655510327036477 0.015700439831210354 0.05804622090944411 0.04461611048438266 0.03202156772064426 0.04582617659619842 0.03289310838647012 0.038590811948296284 0.037666143448409795 0.058668692024674486 0.040905927382302525 0.06414923937082544 0.06034676889743362 0.013903302179322246 0.05674376076118527 0.042148305013972494 0.05400920323524758 0.06491155707302605 0.030926673304301613 0.023649441093073955 0.026645961202749972 0.04233447734335174 0.05021390091232851 0.0496444837789891 0.0724774449927746 0.030566420743409053 0.04296799966255545 0.07558052335606927 0.044486314938177826 0.013707582758748893 0.029134188291690566 0.03995547263604816 0.05213440051414332 0.03840792499328869 0.05670425662721687 0.03879431360672719 0.0424023869900677 0.028040945635616175 0.02858516228805224 0.03783725943371746 0.03376308872810807 0.05318812497454716 0.05833617284415924 0.05839558969643398 0.046773307694396006 0.026354975386348848 0.032750130830163274 0.05675595310933917 0.03646131196648307 0.02625764631222324
 0.011517360584505597 0.0013416004747247349 0.0769684020151339 0.04433174613530223 0.03413455122030684 0.03929829713252268 0.06357058165074032 0.030266819473837633 0.05863416509673441 0.06240996427620112 0.04492860198851275 10000.0 0.05197551730175326 0.017264881485612584 0.05148933304019412 0.04427845190280553 0.014298310853211352 0.04617782374470957 0.07283763300385274 0.06416953293023912 0.04521227721685118 0.013296237091622842 0.03486062210817406 0.03180359773935042 0.008422247674722959 0.05252034808915658 0.021911149807310824 0.06908828812026564 0.03980496553457841 0.062229989715889944 0.0724496841140601 0.06648334777122103 0.018511466593276026 0.045862524871910997 0.01933094251336265 0.03967710653727325 0.07517584337203892 0.05447600722954648 0.031643460990581136 0.007154124999218855 0.03954812190646009 0.034413321411155176 0.04324434412979083 0.031310312310682535 0.06208921702890377 0.02876352817543982 0.06096626911428102 0.030635823006944885 0.08049976155297615 0.06671603807799255 0.019902384265039073 0.04074181150016005 0.05476208366188678 0.017863627280021017 0.031180081801352646 0.04525107480640196 0.046466124655331426 0.009395379776945757 0.022677229204586778 0.05259601893016678 0.023435286863379465 0.02045480449725714 0.03005036576078557 0.018053948844780416 0.02172149476040579 0.03149349404729302 0.037566938782424564 0.018566339697549224 0.04282888170029364 0.025725591835433714 0.03614338747813583 0.03144541971768921 0.08411234265964017 0.02235440126843339 0.009423450708850537 0.06578680968310169 0.061391770001394355 0.021214762366944598 0.03383675356338512 0.07085376967310804 0.08274871207531886 0.0204750924061581 0.01177803852431559 0.033116610954686876 0.07805852869373218 0.06514175509192127 0.04804287535376324 0.0464193307075943 0.02862931148885032 0.03679255348902506 0.0631184717670929
 0.0582628676037276 0.05310515498804923 0.03700508252510673 0.06985749842738163 0.06982158683713757 0.06418063914105397 0.04431746264654926 0.026595021684689645 0.04724057984413578 0.031015071914990047 0.018313902338935067 0.05197551730175326 10000.0 0.06923648224145403 0.052502044911447075 0.03618270722028428 0.04520191368645286 0.05071351923751912 0.04659431146109265 0.04197113413739722 0.05544420664069057 0.05170409260721005 0.07449381265370997 0.021251412357519452 0.053336245034367846 0.028641099962939887 0.03094758884706619 0.018593337785937688 0.025445933561923692 0.02494149555047764 0.03668154635283962 0.02241942200241464 0.069424585772483 0.061555975964383496 0.06943645804520235 0.053997524717352516 0.03849272393667984 0.002969526739688853 0.061075435087052085 0.059020289030589305 0.04812553131514022 0.06262274606141578 0.03399301804088569 0.07207867080608174 0.027259777770094626 0.028645941999336143 0.028933939731986984 0.02829188800656128 0.029278617214201025 0.01950054666809829 0.06925719040552064 0.031035476316830683 0.08153331810717859 0.06935250683882799 0.026402257109193878 0.047384488556188244 0.029861879056506443 0.06135334920331054 0.06769017427384304 0.049131762680763774 0.036351572786181126 0.031520797176395464 0.057923340856271995 0.0507644102981734 0.06263251053513626 0.07376412072820411 0.022286441223810374 0.05582657738608232 0.07220009487966048 0.04152023434474684 0.03059025431635868 0.04552311690772263 0.044901052423773305 0.06491860801845263 0.04825008415897084 0.04038544705085403 0.056610485858790215 0.05598288022427156 0.044942618945956886 0.03876571522500411 0.03767396130803083 0.034518692073825206 0.062414220150626885 0.05413571139818266 0.040179652280045317 0.02907634916337513 0.011627087522923159 0.019416154882515607 0.07036079501063627 0.028298203002849784 0.011148056247256927
 0.015361443447878416 0.016176421005761523 0.09275924877075833 0.046421492929701894 0.033175157859171946 0.04302499150852854 0.07673903699923318 0.04659190245096029 0.07067887504699104 0.07770388794139707 0.06152892623061531 0.017264881485612584 0.06923648224145403 10000.0 0.06142569291155966 0.05829062705454724 0.028264373780074382 0.056711408459167605 0.08661349684556255 0.07784462212033498 0.05415873914674193 0.023538895814778252 0.031584975956149605 0.0488682894304469 0.018764435733243937 0.06762859244757276 0.038995641659947136 0.08620609848685692 0.05544936992007488 0.07853546723866225 0.087811072386894 0.08326037836278039 0.0067120370571951615 0.05196820159898982 0.009999345182053882 0.04853619054105133 0.09089339114417284 0.07172128629529748 0.03629228145719573 0.010378800089288362 0.04979891150038397 0.03796352767451596 0.057674710617029806 0.028272479283542443 0.0778507232047536 0.044881968223971995 0.07644475238556539 0.04655967944312114 0.09772191151125481 0.0835809152537086 0.011816476436493428 0.055369347270995864 0.05502918102953719 0.00520540263532426 0.04763598760260504 0.056077370268219406 0.061258757204576485 0.007887516375613626 0.018518969577393192 0.06415259143103395 0.03873087536527158 0.037717347989824866 0.03618472521597013 0.02754453453676932 0.02320313014026246 0.026208748349805515 0.05383401344094494 0.02520202164280493 0.0432621744230068 0.038561731517945015 0.05140255851443636 0.04298080002365182 0.0999140736401112 0.02187231031424606 0.02339678061108798 0.07990215492505526 0.07208490297045463 0.02778380783626254 0.04554220440134885 0.08611443067955038 0.09933760647998549 0.03675023311544412 0.00956088431063053 0.04068971069842234 0.0935130531729093 0.08088866743811408 0.06493049425110309 0.06265464874536708 0.025774269705009522 0.05211569818732702 0.08037705920463738
 0.046223232090938135 0.05267830002807357 0.046566485396328246 0.02703689753460201 0.036792514324615756 0.024441600595429457 0.02102516582063927 0.033661007760281705 0.012617572733559871 0.03244865724204802 0.06289964349915284 0.05148933304019412 0.052502044911447075 0.06142569291155966 10000.0 0.07571330378896635 0.0590728418615023 0.08581655423380609 0.031195298023455557 0.023892651997272363 0.08773501025091016 0.06255886328141015 0.08633409714102099 0.04032466190609889 0.059268183982274895 0.026214378198145944 0.04989355916570784 0.056967736006555345 0.02793158050246288 0.07654344956422852 0.03989375628590917 0.07492086810195087 0.056609063530516486 0.015205380259213162 0.06874039334871745 0.08333771385456097 0.09069462945578532 0.05245306424159445 0.08071654167818317 0.05632971963183758 0.011954244648567538 0.027454975566158304 0.07356112642371893 0.08279460740785491 0.03583121227301616 0.03285449553432405 0.032942570077626805 0.031245238523615243 0.07661921460157886 0.05052920252621828 0.06990234978333545 0.02210127912502161 0.10472823837166013 0.06527261995165028 0.05748325753936004 0.006777377461206428 0.022764175120164876 0.056138456896055344 0.046451071423156874 0.088762727908744 0.0596826534490491 0.04529867348018423 0.0783062234858173 0.03438564254303929 0.0729953407925266 0.04565932163847276 0.032365091273770144 0.06856065100152631 0.03160338342282138 0.0263610074266347 0.06599405174598381 0.07295972734412667 0.09740170401794547 0.07381997021898871 0.05714971368985581 0.02735390060571032 0.09798368395330383 0.07073363521375496 0.0743133412020141 0.09001018462894589 0.08959679853002138 0.03693840483261286 0.06192471085293895 0.021094858422188226 0.044941597128712756 0.03762717383370622 0.04093217060399644 0.033150532525362576 0.08011838033263921 0.026467080178091396 0.058727825925598796
 0.05530380744253368 0.04461549857137148 0.07313803581074775 0.08212821618574646 0.07574389865476895 0.076219912315581 0.07550068818217275 0.04205353994599085 0.07552227398905376 0.06508357140477122 0.017871513089575557 0.04427845190280553 0.03618270722028428 0.05829062705454724 0.07571330378896635 10000.0 0.030385042310617175 0.014770061781871497 0.08037464120879406 0.07401488562194117 0.02009215490498865 0.03481973305154264 0.047966128465836436 0.03555971600516869 0.03958765798649352 0.05932495838740649 0.027806699964827923 0.05307989857528803 0.04936903231782532 0.025703616352010978 0.0722693095162912 0.033358596948807745 0.061951517253535794 0.07843669860653038 0.053269737361270914 0.020451365579470665 0.03428545591398457 0.03892478992105367 0.03254437116363687 0.04883327044446765 0.0665387034613382 0.07249083274051989 0.0023068949806802626 0.04688735217697455 0.06200395967225504 0.042975533959498644 0.06297916567210973 0.04448010090099156 0.052697347536246525 0.055510491048555294 0.05217284117937015 0.054653384117729034 0.047657025696160926 0.05567720060698275 0.018356340681180493 0.0691278068143891 0.057127956254756175 0.0518790026224231 0.06666253500950146 0.013598538907184878 0.02108029694224444 0.03250699988747515 0.029857662803693532 0.055411103223015776 0.040674421450395355 0.07518453833640969 0.04459237444116185 0.03497584812947982 0.0823609781814149 0.05327499962684922 0.009903050788274638 0.01695955680307826 0.04322628511076625 0.0432266196793975 0.035474963931442206 0.07340770767236371 0.022424916250586867 0.033357721308515276 0.014751333896073028 0.02860691255336876 0.046068547518299016 0.0413214606715839 0.048907736393432176 0.06680830622198014 0.07618399008923514 0.06430816255083371 0.04333873078955066 0.048816978543623143 0.046302071385606235 0.049673100146218785 0.043537120225063654
 0.025760059395636806 0.014417765776232407 0.07566439669922549 0.05687745683329251 0.04788251083380145 0.05141272432985058 0.06712041402097076 0.030392155791576423 0.06376763300181318 0.06261116104697673 0.034096720034996614 0.014298310853211352 0.04520191368645286 0.028264373780074382 0.0590728418615023 0.030385042310617175 10000.0 0.03204997275867502 0.07522407762176936 0.06699948895465044 0.03158613675996881 0.0065042339155813676 0.03091348225391014 0.02857578260783543 0.009564215831124486 0.05354156406967595 0.01480316394761717 0.06351538814032097 0.04061255624282376 0.050586841137411465 0.07217649360042662 0.05587718300008138 0.03157156704093944 0.056472230768506375 0.025183987991341153 0.02625420975966484 0.06264887355955202 0.04802585913380335 0.02175503910780302 0.018476589294597875 0.047624074939028385 0.046859197936443324 0.02957165316301362 0.02794565262769685 0.061313775434233685 0.02971919962117155 0.06085045501685885 0.03182101192718731 0.07186354548525967 0.06252193140552878 0.024644832020546615 0.04345107677654827 0.045794496147519896 0.026417884622794065 0.02034735547631123 0.05238689015435109 0.048441423584147505 0.021513615637701298 0.03697553542773827 0.03830464911212463 0.010600939675051638 0.016800889264375608 0.01923811022574111 0.029438234318767936 0.017855098823830642 0.045776366117646385 0.03699541128881266 0.01132849930825246 0.05596975632597918 0.03282988316021804 0.023145546102193697 0.017281399595358127 0.07167844656370395 0.019936837132499267 0.005095562326685815 0.06790313843339549 0.047156128266646474 0.012558424760193178 0.019604666207421573 0.057859244702061226 0.07158211768583117 0.02273930720978928 0.019303708407579098 0.04369135162460394 0.077445705301666 0.06428730756445522 0.044472071054750914 0.04523285912476558 0.025837974485043748 0.03858246809923212 0.0561197186032839
 0.057695127506916126 0.04608191112985619 0.08752206742263101 0.08828559595820805 0.07991030977335652 0.08260375342933192 0.08803259703921919 0.05260217750862889 0.08717683864176805 0.0786661887163988 0.03247777290931601 0.04617782374470957 0.05071351923751912 0.056711408459167605 0.08581655423380609 0.014770061781871497 0.03204997275867502 10000.0 0.09367418579948358 0.0868383501096191 0.005881574554642891 0.0339449383535118 0.038677826354514576 0.04693758997909747 0.03936880713395409 0.07213508003352702 0.03599338169260176 0.06784227462407147 0.06113738900986603 0.03908307829619547 0.0863241054854589 0.04715284190932822 0.06164084023942061 0.0863752184207416 0.049578997199262884 0.009273270860535206 0.04461231550521865 0.05351503210779857 0.023825146085882234 0.048799133704713 0.07560825649657855 0.07832509174075214 0.016807422293831267 0.03858026595091325 0.07583360148814586 0.05309333598108229 0.07658620966881417 0.05488097338369949 0.06677527307349443 0.07013884061985858 0.04811141078437827 0.0659573166936009 0.03360409981622934 0.053020131568489934 0.029210100882358977 0.07907161911796043 0.06919010135618048 0.05176338778338774 0.06873143214465617 0.008150124815472259 0.02661272065242873 0.040704651093824276 0.022157565693061418 0.06080676634043801 0.03534048411034268 0.07762208716287422 0.05643798033795357 0.031546881416893886 0.08774045061665396 0.0613476041934043 0.021391152317189882 0.014768576879835165 0.05292959475868342 0.03765078941093792 0.03675437574883863 0.08654457183850633 0.015414103869457824 0.02910462453196044 0.012533428250002572 0.038165903036748224 0.05808027328976541 0.049483183561863466 0.04718664751169259 0.07400341799048755 0.09045085231225522 0.07827519683613823 0.05702256105886698 0.06179111421859057 0.03879542124781855 0.060811846736719376 0.05830715370923051
 0.07140517027877627 0.07417067373762799 0.019549653126475542 0.05823014817629307 0.06724674027287927 0.055381636479593925 0.010471904305854884 0.044838307481307856 0.018600708062269728 0.015593569340546197 0.06343682866539116 0.07283763300385274 0.04659431146109265 0.08661349684556255 0.031195298023455557 0.08037464120879406 0.07522407762176936 0.09367418579948358 10000.0 0.008769544257517524 0.09729363346343949 0.08050603925874403 0.10570064733771248 0.04806621203323873 0.07895227226758532 0.021977725862644234 0.06183222951028503 0.04002306848133805 0.0346466145011052 0.0707925597182658 0.013755800164501652 0.06596544668057011 0.08308870923467974 0.04639607898861835 0.0919396836469889 0.0942727297967418 0.08281671132707219 0.04480005058436915 0.09629737343168554 0.0791772668999191 0.039140883771502155 0.05774435295140703 0.07806921974393578 0.1024363445247808 0.019436876651365575 0.04556388707078589 0.01769510357890088 0.04346843544638861 0.059632072254902475 0.03327176182575988 0.09268549798254182 0.03221693811716619 0.1197470244940101 0.08944665452998213 0.06486766060539341 0.03306041448563726 0.026823592059098452 0.07992678332025696 0.07469963891386461 0.09392753242191747 0.071406861344085 0.05857757671780301 0.09337692199919786 0.059313462820324195 0.09213315484095867 0.07558709556124377 0.03865612559438229 0.0863030562130559 0.06278540205460853 0.048062297382284284 0.07228315163694057 0.08415849629672702 0.08715064412639173 0.09363050973158689 0.07527336868408407 0.0073466255310048025 0.102188827077881 0.08778129322209739 0.08462452925764496 0.08445095499683873 0.07669411340895738 0.05327289659065953 0.08448743988996228 0.049904854623454245 0.016377471235723223 0.01829099935420205 0.0371218565203177 0.03193252738497881 0.09999821513824537 0.03674186096315695 0.04656211392140495
 0.06263687332441818 0.06549943747158325 0.023150215180869273 0.05076469086626309 0.0590619737602087 0.047504358344402864 0.003388766298404127 0.036702998428706446 0.011503576997083506 0.012235614677812347 0.05767790567475756 0.06416953293023912 0.04197113413739722 0.07784462212033498 0.023892651997272363 0.07401488562194117 0.06699948895465044 0.0868383501096191 0.008769544257517524 10000.0 0.09018376707569067 0.0721318414039633 0.09729102769513177 0.040498141972444564 0.07041844829489091 0.014716097692751604 0.05396868617010144 0.03895418877494422 0.026646023722541275 0.06677191566303325 0.016460377641075705 0.06278821166574654 0.07433433064844394 0.038996195702765524 0.08322513440694765 0.08691016750318487 0.07958296449970394 0.040615734867740526 0.0882753016624069 0.07045616347548986 0.03071342443339976 0.04955869208619842 0.07171019958858946 0.0939913102286112 0.016550005674822774 0.037281303878266774 0.01390092378691347 0.03517951129971291 0.05909572867218937 0.0320334872282672 0.08399138992479827 0.023704814975175615 0.11190149982743124 0.08069538959829729 0.05775956479457176 0.024819705873330853 0.018587416156354293 0.07117616246866698 0.06606454014601004 0.087612813931735 0.06370598178159363 0.05049312537490523 0.08540423434344864 0.05055189690081721 0.08370043544370814 0.06721157624213055 0.030936997425075625 0.07798048452177332 0.05516944390915086 0.03929629044794115 0.06549490144371341 0.07667089861536586 0.08468295541124231 0.08514306362751661 0.06685161806230022 0.0035861603465671505 0.09614244760470494 0.07954021348078229 0.07728242959448561 0.08058025699025555 0.07495417164745116 0.04480270743303855 0.07578909638846072 0.041480793835676426 0.021141297375259674 0.016850557237205365 0.03143243978609659 0.02519791866510123 0.0915245223737958 0.028419567208912002 0.043917873820817
 0.05665962759385358 0.04494765922508301 0.09199920683878772 0.08841949727916652 0.07929147878576064 0.08287890088235958 0.09120187662912714 0.05506271661430255 0.08986655702188227 0.08252474525413482 0.037396242636547936 0.04521227721685118 0.05544420664069057 0.05415873914674193 0.08773501025091016 0.02009215490498865 0.03158613675996881 0.005881574554642891 0.09729363346343949 0.09018376707569067 10000.0 0.03234600242804633 0.033679249460018296 0.04987198150620912 0.03779054756057364 0.07554317907626414 0.03789243748448906 0.0729310956935169 0.06407051562014728 0.04489163631575208 0.0905079758296198 0.0529157199017962 0.05949023882312836 0.08729404929585323 0.046365888508330885 0.005657191070793577 0.050433922037537424 0.05830256569532119 0.019488018195663256 0.04700214130463395 0.07712145665158125 0.07840744358032029 0.0219482601424271 0.03391397879973868 0.07987584877416783 0.05535195480466174 0.08046934852578494 0.05723934228199593 0.07249376599399375 0.07493463571902408 0.04478974684056978 0.06861287615395707 0.027795550481962635 0.05012751520664711 0.03244375233907343 0.08096090674317113 0.0722053582663982 0.049865970509646085 0.06740094589553992 0.013368243024960104 0.02805588617129783 0.042436457815950755 0.018398563202847343 0.06092579679656426 0.031878427159556626 0.07633640199171252 0.05945992778549563 0.02902783282136561 0.08755227470231738 0.06258190647054195 0.0253283247775247 0.014941597939631224 0.05867731538743995 0.034017434580421814 0.03588568627190044 0.09008316004099468 0.01857912343118421 0.026381245634367306 0.013422424220563993 0.04395565936080282 0.06396021924929714 0.05096641881428233 0.044774726541580934 0.07470553955440486 0.09480928164478104 0.08241187013110775 0.06105685974082331 0.06536137585785765 0.034408580774404146 0.06343892710514332 0.06347935957851207
