NAME :TPP_input_19_4_3
NUM_VERTICES
73
NUM_CLUSTERS
19
Full Matrix
 10000.0 0.10069746955655719 0.015125540305195355 0.03771795683606858 0.03420352962515678 0.06627242582305032 0.09271730868047406 0.02799882570982149 0.0170330513780292 0.06627807451450195 0.05959700080652782 0.062156334877107915 0.029257331938268072 0.03204156982151957 0.06957007566320614 0.08397283484563324 0.029074327591468954 0.026993908466524927 0.09042811644148156 0.06868729338397565 0.026410810718097668 0.0720428433227617 0.029619667994604585 0.07677334406892228 0.061517720448838485 0.032110583977751954 0.07555091463680685 0.054836623139685396 0.10267517529205175 0.05262393799153201 0.06887154289842444 0.0786672412525745 0.08477354791233593 0.030715327629687157 0.08018335283779665 0.05076682557943576 0.0415608445575623 0.08028947389249089 0.022909319055346725 0.031048376573245027 0.04294795974969107 0.08763748475246609 0.06792494808830096 0.04406068588054959 0.03659130215397938 0.04529764861922747 0.04688137870332197 0.025058011499624364 0.07289236435516326 0.02087570890710972 0.0792196112051578 0.0820992986793031 0.07297232290245255 0.02651486586632488 0.018269942470199918 0.08256785758662254 0.07040637638200145 0.06450870046857766 0.019756444844480678 0.06339817330704299 0.06386344864342196 0.08579868811864348 0.0835149744899068 0.09822970143933366 0.03025615988666639 0.09420759358842642 0.04207770788796151 0.07473241924497287 0.06311696556374569 0.011706691171581579 0.04976753783076682 0.09364709641838992 0.08917605843416074
 0.10069746955655719 10000.0 0.09832084600332953 0.09254671634077481 0.07601733397895037 0.07850638109602281 0.02928980496811341 0.08855000658675577 0.09497199310678582 0.07722768424506894 0.05998323722808745 0.05899661228334578 0.10912672403680027 0.08074061675165105 0.04923458627440473 0.01681508603737571 0.07375859190785046 0.08687546915495112 0.01162688588076149 0.050748175207900176 0.11899666688274767 0.08285624800555988 0.07805813721547318 0.06818660462690682 0.0421938116651388 0.06963148660118512 0.08045694051264322 0.06268289465831375 0.0026884132862963527 0.05266721188896833 0.07846577240049923 0.033422598923831794 0.05512035197387009 0.09858115234445798 0.07514054394402614 0.05203211867752749 0.06418554300640346 0.0471039667913853 0.0939592006488352 0.10595400307557527 0.09433873700673859 0.01869231452438255 0.03317462924412576 0.06509208281131418 0.09695173688514157 0.08315686280034264 0.057723128832508165 0.08065283912839505 0.028106396712304225 0.09780972903049215 0.039319360098297056 0.05727071505624048 0.05317483412303978 0.09828011923565783 0.08315591046672849 0.0232278654200804 0.07607716840870216 0.05622257105515099 0.08147438194704437 0.03733206850896081 0.03753771853338231 0.08521153872955622 0.018399013367268662 0.0035728972546115504 0.07326500539764 0.0282685939538795 0.07759414087567527 0.030887568290147528 0.05923117633323933 0.08962308929868959 0.061655274953356654 0.008522845052792324 0.0520406433863101
 0.015125540305195355 0.09832084600332953 10000.0 0.02296714954481732 0.024640545788279233 0.05302330793895762 0.08613402459035367 0.039952065694175615 0.030449396944666383 0.053189028132423655 0.04982006085971937 0.06869567589446039 0.016293891615655115 0.041820698619862394 0.07445198008995561 0.08153702816430264 0.024642102700425914 0.014609174114389603 0.08904424681860552 0.07383687208622648 0.020837160513299053 0.08275523373980422 0.03778678735046321 0.06480554191326186 0.056872013720476865 0.029025159241172098 0.06213343998298353 0.06169211726440918 0.10054680845092866 0.05567849527265025 0.055625701866571634 0.07241215921669643 0.07453153690149268 0.015591260189039897 0.06739218225548031 0.04642537430401263 0.04637921698329429 0.07136962792626468 0.008450121245480944 0.01682874554023372 0.02802540689065813 0.08758347347000164 0.0670414901484644 0.03594935501695596 0.02150272057590552 0.03178553362024791 0.05029353380157471 0.033225628283048037 0.0702274821989866 0.00575286109250962 0.07172715177752213 0.07158235347570407 0.07882226639994135 0.011390712111874497 0.023999828240407344 0.07805298272227647 0.08016881346394111 0.07058076847297859 0.0190713463147675 0.061399001363703146 0.06078353492909094 0.07212119219406499 0.08029159428378618 0.09549029991912975 0.03559477142072569 0.08773804384242824 0.030081735836409215 0.07566271064811236 0.053133144872788404 0.019837669319918788 0.05565676709092763 0.09210111263314551 0.07933643107503098
 0.03771795683606858 0.09254671634077481 0.02296714954481732 10000.0 0.01902392895257103 0.03161044164817838 0.07431045786428325 0.058102222785285616 0.05079855049586727 0.0320373287210671 0.035316895876317075 0.07787236258466934 0.02025078060012263 0.05747220754008622 0.08091069731390985 0.07657966496386506 0.028299047688481006 0.013382903872976307 0.0852656668106172 0.08071700945299957 0.0343778237310107 0.09704181856625246 0.05225766245429843 0.0450915457091171 0.05067274720823925 0.03242639508866573 0.04025123259466265 0.07183673748719725 0.0950587842105677 0.06131728746564984 0.0341385796501236 0.061953675925157374 0.05727887522581857 0.00936958807106582 0.04630330324713588 0.04246939472427507 0.05563286430579682 0.05649764798473055 0.014809039061480126 0.01590795530244765 0.005484218372452567 0.08592446864560131 0.06566025277712477 0.027871307752000567 0.004582460722459457 0.01154661524368408 0.0571411858479506 0.04847618475808817 0.06577595414587036 0.017453153607402648 0.05924782299330257 0.054003454212959386 0.08637962856540354 0.01259262215561986 0.03939471619160619 0.07003396174970164 0.09319160072213457 0.07897919511334157 0.030877723727853232 0.05889807913297466 0.056646308268298466 0.04980178248953678 0.07417916495759415 0.08928367809812762 0.047432566213807016 0.0760197105581801 0.015019310118272695 0.07627879281315456 0.03782458592944534 0.03841892017902434 0.06509887010661027 0.08790881213856033 0.06254280102765276
 0.03420352962515678 0.07601733397895037 0.024640545788279233 0.01902392895257103 10000.0 0.03427097183659424 0.06163892735074227 0.0454845661058165 0.04133242147913183 0.03396545897174127 0.025571915393519044 0.05946326940238741 0.033110861922498076 0.04283967509239518 0.06200041340833718 0.05953774398228883 0.011044575232868932 0.011017184152350371 0.06781338991973962 0.06185605702834861 0.0439636260183673 0.08022996754969296 0.03722595561297615 0.04290603937480325 0.033845108652080576 0.014193049273533266 0.04352855146549921 0.05379763215550578 0.07840973676471061 0.04244852895931673 0.03674873171573586 0.04809271029226463 0.05067075665846325 0.022793410000617534 0.04703408110363249 0.02440246957466992 0.03775487563490667 0.04685855305046813 0.018356580679346316 0.030026401220731788 0.023176803866118863 0.0677679868810833 0.04724623139391515 0.011487427246380121 0.022592764181393936 0.016613316709989275 0.038541576299243804 0.0343780668740219 0.04838928838811363 0.02245468052126609 0.04711054938095242 0.0479288668877052 0.06757795202344805 0.022267478860181624 0.02687320285541445 0.054544174080767054 0.07584953974039767 0.060381714952515035 0.018205889962530843 0.04070475754765251 0.03898815605547677 0.05404300475589682 0.05766195731624733 0.07294564251231139 0.03125192688552807 0.06326558367046864 0.010027422325257504 0.057541324047569134 0.029030476398771415 0.028993952173581024 0.04698823492122914 0.07064122533512585 0.055229353374573034
 0.06627242582305032 0.07850638109602281 0.05302330793895762 0.03161044164817838 0.03427097183659424 10000.0 0.053370454782915785 0.07952657516787806 0.0755202751364419 0.0012794791188452358 0.021188343153635648 0.08596049601264208 0.05138285837355773 0.07613139882555728 0.08507862133905836 0.06558726315910332 0.044549178983613456 0.03928806657035225 0.074829766289621 0.08546412985961595 0.06581232614964391 0.11013825236953192 0.0704521304721906 0.014978753303099111 0.043674205068930876 0.04601490775082119 0.009330572167114965 0.08193679222628882 0.0811931527537737 0.06757885625227884 0.0026056316209345804 0.04508379108377391 0.029853326337367096 0.04097384219206772 0.014699664414545456 0.04208409199305523 0.06742690549144476 0.03325610620729542 0.04459852403004106 0.04691762596310451 0.028647960585831043 0.07840716640364018 0.06171024009066632 0.03113860523742006 0.03533083396541234 0.02123865635588545 0.06578123101161897 0.06815755461312173 0.0573924057046177 0.04815556786124118 0.03958632923438685 0.02644172453595385 0.09136802419604641 0.044009912756001766 0.06112485095091032 0.0555077566068504 0.10483795367544878 0.08592474152429565 0.05246747246580289 0.054912255056728365 0.05089549716356848 0.019798479081002438 0.0618516919229853 0.07494480640918388 0.06388554585783529 0.0550440158035635 0.024664044122843946 0.07323053293133551 0.020255268462092385 0.06302697348317121 0.07534123647312395 0.07658413259905618 0.03528312747578174
 0.09271730868047406 0.02928980496811341 0.08613402459035367 0.07431045786428325 0.06163892735074227 0.053370454782915785 10000.0 0.0889778175455255 0.0920542124832641 0.052116615157493294 0.039042812313088975 0.07060070554963292 0.09333030601200092 0.08194666389634685 0.06339708616336874 0.02561916309370239 0.06366802069767703 0.07248238086083485 0.031952913331316106 0.06462977029522476 0.10545045362307752 0.09723521612803074 0.07763495421674906 0.04092058361419872 0.0319864055229754 0.060767560767839006 0.0534404011553368 0.0713661789550322 0.03178483993551784 0.057039025943419336 0.052748005096093675 0.014072783991095607 0.026530966080748165 0.08205782111642766 0.047288626370389115 0.04237867124402263 0.06584319778039172 0.020139664085701864 0.0798612413241258 0.08948374599720485 0.07466404738692557 0.03924926633645075 0.03741596724244052 0.05020255522959683 0.07889275654302351 0.06339813349302234 0.06006796994725647 0.07863672770065454 0.028213444399631284 0.08401438873515639 0.015067979925702763 0.029133000947374244 0.06909074311096423 0.08289945185078515 0.0777243031236343 0.015453642320925255 0.09048829157386548 0.06864723011835529 0.07304860713279861 0.03599168940860831 0.03277858047187148 0.05685421894791687 0.02147446460397542 0.0259709217819889 0.07126464255333882 0.001723931252873003 0.05963228279247491 0.043898882876845034 0.03693392117660142 0.0833436351593851 0.06759335873393488 0.031728472065264864 0.022899641006415224
 0.02799882570982149 0.08855000658675577 0.039952065694175615 0.058102222785285616 0.0454845661058165 0.07952657516787806 0.0889778175455255 10000.0 0.011473444995909432 0.0791010702428406 0.06567597817529201 0.03833036978708371 0.05598146845170823 0.007864207899958902 0.04762051673112157 0.07307265909880506 0.0349906274195352 0.04483021948669572 0.07716946775045816 0.046402268398613285 0.05434663755025209 0.04408935438574893 0.011350752979132904 0.08592551049809954 0.05738820198889849 0.03420951588088973 0.08863985386728254 0.031203467566880857 0.08998364156691611 0.0359351761833599 0.08191931527436203 0.0754409848637757 0.08929827367546843 0.05407877504399241 0.09122418010664259 0.04821145230404561 0.024412765812001695 0.08230114703638104 0.04488889766461026 0.05676301784559569 0.06356787360379824 0.07228404915497763 0.0558932901017205 0.049985907581560685 0.05876024872260927 0.061369601202730016 0.030865409520934556 0.011619317927748599 0.06349731482465949 0.044906071874804554 0.07839334463833819 0.08744128005418948 0.04940969393337477 0.05019229055245304 0.01895260942010392 0.07563211808316345 0.04284581081804366 0.04117846178070392 0.027835735887023337 0.05404541789671966 0.05643699083237402 0.09914148182481915 0.07408942880356688 0.08687004481176229 0.018048071364575077 0.09014007778167994 0.0554771274611551 0.058744560346450286 0.0691517084102963 0.02029534482448795 0.02846548574434604 0.08045974604660044 0.0924944172807596
 0.0170330513780292 0.09497199310678582 0.030449396944666383 0.05079855049586727 0.04133242147913183 0.0755202751364419 0.0920542124832641 0.011473444995909432 10000.0 0.0752667557522822 0.06435290524301925 0.04874684402430588 0.04590387859955796 0.017414968606855118 0.057429806269784875 0.07883521797550455 0.03224721932683153 0.03809772150560098 0.08391945393921332 0.05632578385741978 0.04311816049289736 0.05544923732790358 0.017487965742302613 0.08369976496643199 0.06006823007617588 0.03303068681996837 0.08481749740565583 0.04145154175442482 0.0966298096657426 0.04332307440616327 0.07803145598597737 0.07812614416186839 0.08901629012421394 0.0454852811310573 0.08828193297919254 0.04992282388479266 0.03146656247299879 0.08295298608561329 0.036604176227077685 0.047186907809636504 0.0562681196939167 0.07980575480323127 0.061831221471696535 0.048223646179934576 0.05074010079256095 0.055879034317433865 0.03774204072925251 0.014321292548187583 0.06849838932724268 0.03584772327948717 0.08014551808906871 0.08680099352442998 0.05982868718043316 0.04139683180633073 0.015242573343241144 0.07982959925353213 0.05431921098354865 0.05144005139405379 0.0231747229031018 0.058823171751007826 0.06046916930248896 0.09531734141862161 0.07927211921971222 0.09296795504732407 0.02174543426230513 0.09336183517849374 0.050897293869235465 0.0663500709907182 0.06792475346493311 0.01264470555196897 0.03766207376179121 0.08721504491109086 0.0927439992775242
 0.06627807451450195 0.07722768424506894 0.053189028132423655 0.0320373287210671 0.03396545897174127 0.0012794791188452358 0.052116615157493294 0.0791010702428406 0.0752667557522822 10000.0 0.0200570023048823 0.08504041144839117 0.05192899769576398 0.07559783560753079 0.08405657806924756 0.06433000387557816 0.04411134675376411 0.03932018782210361 0.07357101837336376 0.08445576239247453 0.06631791792253679 0.10933096123180631 0.06991936976192271 0.014028291973056285 0.0425224531997099 0.04546097574724522 0.009566120754145297 0.08108488556430389 0.07991450941225188 0.06665518891332319 0.002825044209640573 0.043805085334391244 0.02874154088445604 0.04140687298582194 0.01430166159991499 0.04110785263551896 0.06667362401336886 0.03200929307961378 0.044784104171673604 0.047469452460563534 0.029254877986484972 0.0771760166800034 0.06055993210625902 0.030435308770579532 0.03584988473397769 0.021435785038636464 0.064933954520702 0.06769435892700196 0.056176051322316414 0.0483992730443051 0.03830969580816494 0.025323204755770847 0.0903556973701223 0.04435881839810923 0.06078179509140736 0.054232895326457066 0.10399146711345993 0.084972990818715 0.052171283468301834 0.05377998278864583 0.049740739545110005 0.02008485723906072 0.06058629395741216 0.07366595184936538 0.06331287317011554 0.05379216158215072 0.02449227637903651 0.07207432346952812 0.019038550697922877 0.06281116273358532 0.07451119632063788 0.07531771601678784 0.03418079079771341
 0.05959700080652782 0.05998323722808745 0.04982006085971937 0.035316895876317075 0.025571915393519044 0.021188343153635648 0.039042812313088975 0.06567597817529201 0.06435290524301925 0.0200570023048823 10000.0 0.06594704653870573 0.05475326141046738 0.06081818960526046 0.06429235005772081 0.04566002013358104 0.03216841818319064 0.035342968668931274 0.05488632341243207 0.0647638722612029 0.06762416672933655 0.09111698025512444 0.05528494952812876 0.020717755821104446 0.022501383473315123 0.03163648245082363 0.027494140008347077 0.06259963303678495 0.06262744349918266 0.04762767529581704 0.022343299617510068 0.027401802494475585 0.025182176562565318 0.043401226463955674 0.02712386436718533 0.021911688521879854 0.049370691113771514 0.02171174129795569 0.042510809717457076 0.05074080426294254 0.03568300565579426 0.05778434100074405 0.04053044854677472 0.016139048208860477 0.03989757913291523 0.024376415511776082 0.0466391277325654 0.05406303383936312 0.036629130857984415 0.04667317928157773 0.02397627220741383 0.02262179114141788 0.07063407441776128 0.04469958515147882 0.049127123610016435 0.03677474572632328 0.08544284716040901 0.06564163565258772 0.04171864690664315 0.03372482654259306 0.029725635737104107 0.036868883799443405 0.04231412620579733 0.05650845694803649 0.048337746431258426 0.040758905681375135 0.02096995370263149 0.05205829308400007 0.0035811933691691808 0.05293840068179893 0.05628777089179061 0.05695312807557599 0.02965743923339476
 0.062156334877107915 0.05899661228334578 0.06869567589446039 0.07787236258466934 0.05946326940238741 0.08596049601264208 0.07060070554963292 0.03833036978708371 0.04874684402430588 0.08504041144839117 0.06594704653870573 10000.0 0.0844934435247564 0.03133443652121602 0.010474622766399674 0.047417607012745 0.04960390788130907 0.06563274490013164 0.04752569976379703 0.008979030456720615 0.08759929446289183 0.02686375071038132 0.03255782793531871 0.08572077604370047 0.046547436614372224 0.04547752284581377 0.09334813784892715 0.0073472836431040444 0.059615898572491006 0.01838629111567937 0.08765435945950913 0.060331707369140064 0.08222192228964571 0.0782024203555441 0.09274331005443481 0.04407853381522673 0.02261869079475491 0.0730417312619255 0.06964484382791791 0.08355238616001272 0.08251649489947985 0.040504484943804146 0.03329027587842248 0.05586900595522337 0.08054260804352925 0.07526794046856279 0.020985636643022835 0.03709955282405681 0.04246552784460933 0.07169491868939551 0.06600612971103331 0.0817954654452357 0.011094256423292896 0.07545155086369143 0.04514655979344192 0.05517719138651845 0.020353687348866816 0.0031034188873157445 0.05010200269521342 0.03664024856717191 0.04102382781749278 0.10278389860900417 0.05036420284409061 0.05850509581708911 0.033115934477210084 0.07113752941396394 0.06793374764419557 0.028604990212141728 0.06838744666121323 0.05093801141743106 0.013097743100798568 0.05047982151675942 0.0832557614432092
 0.029257331938268072 0.10912672403680027 0.016293891615655115 0.02025078060012263 0.033110861922498076 0.05138285837355773 0.09333030601200092 0.05598146845170823 0.04590387859955796 0.05192899769576398 0.05475326141046738 0.0844934435247564 10000.0 0.05811038333648507 0.08969808970373955 0.09260904582469137 0.03756115587170072 0.02233232329272546 0.10074741467828613 0.08918168558450379 0.014552308173285339 0.09904306929298627 0.05404966473826113 0.06526454730033149 0.06695400935398965 0.04220854612203735 0.05954629268559827 0.07761313129167385 0.1115119983553323 0.07050196128451792 0.053826731425471314 0.08035991750366113 0.07747996876328367 0.01135928888236918 0.0660530679025734 0.05732420874843121 0.061978006458248185 0.07628569649392604 0.015765721648194266 0.004469303400258928 0.022800040930169043 0.10020952388508464 0.07955254696316336 0.044268242051664415 0.016098035924538026 0.031768928229852174 0.06536828220978051 0.049507529380710846 0.0814087160993208 0.01287150737795665 0.07836558850207019 0.07422470704701685 0.09435565961403762 0.010848317808147252 0.04022609777917764 0.08749063522311638 0.09644716003235917 0.0862399088130167 0.034415893574469565 0.0733354353962123 0.07196036263029612 0.06843398993148626 0.09077217425332501 0.10605451738852317 0.05152660233625851 0.0950150405913445 0.03380304540537948 0.08907806659233845 0.05753578789723996 0.03606945031465335 0.07140410785297137 0.10363582173261189 0.08270860603935554
 0.03204156982151957 0.08074061675165105 0.041820698619862394 0.05747220754008622 0.04283967509239518 0.07613139882555728 0.08194666389634685 0.007864207899958902 0.017414968606855118 0.07559783560753079 0.06081818960526046 0.03133443652121602 0.05811038333648507 10000.0 0.04020793605195706 0.06537443675919256 0.0318829287775966 0.04409379197962153 0.06933611754681386 0.03905117459841651 0.058331225678553554 0.040934926052562624 0.005679270629411783 0.08137086564556635 0.0506902368675919 0.030145936748838174 0.08503981815676932 0.024053076180270336 0.08215224985480783 0.028096430413244052 0.07842230982382574 0.06860692546483767 0.08367586168258737 0.05467255537563414 0.08705288107235877 0.04206643980750476 0.01670792036983501 0.07627631967617542 0.04544178208437836 0.05829878257503674 0.06283359442169259 0.06441986652785353 0.04820365201493799 0.045672652672148206 0.058734423379242715 0.059262020529643286 0.023124351183039404 0.00902240558719782 0.05598877690079425 0.0461754053837023 0.07191051160605513 0.08201114420827672 0.042420480840660135 0.05106652377384558 0.018401281436260214 0.0682956469699064 0.03859119827977139 0.034051189895727425 0.026594541318704572 0.04664369497790034 0.049249436841998256 0.09546539353815842 0.06650548275230951 0.07910125662465062 0.012489797051326246 0.0830565964612132 0.052843737194451394 0.050880353044254284 0.06419671732386219 0.022138859973244746 0.020745732021771806 0.072624128152253 0.08659719805324452
 0.06957007566320614 0.04923458627440473 0.07445198008995561 0.08091069731390985 0.06200041340833718 0.08507862133905836 0.06339708616336874 0.04762051673112157 0.057429806269784875 0.08405657806924756 0.06429235005772081 0.010474622766399674 0.08969808970373955 0.04020793605195706 10000.0 0.038999648113193036 0.05318874272985429 0.0695117185145409 0.03796462668890913 0.001539491215620839 0.09417067928266082 0.034299853575969 0.04045149216386714 0.08302445901416898 0.043101195559081755 0.04871589486447946 0.0917505859451191 0.01658817589730459 0.04968071735348158 0.01960748765774821 0.08652135667923389 0.05448512666992406 0.07775181099495503 0.08238916805334241 0.09029332007450311 0.04310697960948636 0.02827281613728703 0.06830431915782632 0.07433346486230036 0.08829734080829878 0.08515952377320957 0.030580990430256392 0.02719666066928388 0.05653704716249648 0.0840185997302783 0.07685308745172166 0.024346695286248853 0.04472696524692884 0.03592147569811225 0.07682688572851645 0.06068153834593075 0.07773519372700403 0.006389270932784643 0.08003983465722395 0.05180662643470597 0.047978414493975954 0.027463788204723113 0.007400589989991553 0.05544078486679978 0.03213035530946359 0.03664959427351813 0.10063991229870876 0.04240058555809025 0.04901561034640865 0.039543572130522175 0.0637474319467598 0.06951330658952957 0.019852817774658377 0.06629650050811724 0.05801916607510925 0.019916381743900875 0.040768835774983865 0.07815835023529416
 0.08397283484563324 0.01681508603737571 0.08153702816430264 0.07657966496386506 0.05953774398228883 0.06558726315910332 0.02561916309370239 0.07307265909880506 0.07883521797550455 0.06433000387557816 0.04566002013358104 0.047417607012745 0.09260904582469137 0.06537443675919256 0.038999648113193036 10000.0 0.05695483802061226 0.07030611835902525 0.009252372453312289 0.04036296164758547 0.10224335595546542 0.07327983361292119 0.06225994582642052 0.057342760854721 0.02591976252918465 0.05281646051016427 0.068948490681526 0.04968934979520743 0.019012755453925178 0.03767100372474591 0.06594467797561866 0.022074444398469353 0.04666214628168656 0.08222741168250693 0.06469588209629853 0.03535438948088995 0.04867444401423951 0.03743658410503228 0.07731900799094252 0.08954684282814862 0.07871731829349034 0.014309568105669745 0.01717956733544536 0.04885634236297201 0.08090167796324194 0.06772135662296856 0.042252993886831576 0.06455747075542438 0.011309879715162686 0.08112628978820342 0.028948982303955578 0.0479975143105691 0.04425283805155584 0.08176201194129483 0.06657880103213634 0.01177150311608367 0.06645058147870501 0.045055023399349074 0.0646801580133887 0.02057471324427932 0.020775924689571807 0.07519952853925051 0.004446204752279281 0.014271188477608011 0.05708987143187464 0.025591774284703123 0.0617669313921411 0.019146831581696153 0.04554145331279156 0.07299520748548316 0.0474722437341535 0.011411259214405814 0.045063682715629806
 0.029074327591468954 0.07375859190785046 0.024642102700425914 0.028299047688481006 0.011044575232868932 0.044549178983613456 0.06366802069767703 0.0349906274195352 0.03224721932683153 0.04411134675376411 0.03216841818319064 0.04960390788130907 0.03756115587170072 0.0318829287775966 0.05318874272985429 0.05695483802061226 10000.0 0.01632825897942874 0.0644026060382155 0.052870666823213536 0.04545367073889546 0.06938386855348933 0.026241019559177476 0.0515374923486682 0.03288981585908594 0.004651355545703669 0.05364953420603196 0.043546043135441755 0.07595326024891777 0.03362601332235764 0.04693054638391686 0.0496370226584674 0.057080988382540616 0.029253787427893876 0.05643324974547892 0.022192515165748283 0.027352628074698022 0.051721385025355476 0.021803157993030075 0.03553576720756123 0.03311789127459062 0.06309693476088525 0.04248546937790565 0.01603256215337786 0.03098184951644459 0.027641667547145612 0.029048386473096044 0.023625702132041047 0.045652332648395855 0.025032071171186377 0.050189270051849096 0.05472390892585669 0.05840263368469619 0.02723186193307873 0.01710891596182454 0.054119267281023405 0.0651859409005517 0.05080095694784627 0.009737438600572697 0.03675693495974203 0.036248599597716424 0.06415340492958385 0.05586798875268263 0.0709891960909629 0.020210331126242983 0.06517333216633628 0.020982499018448467 0.0515711089172853 0.035748156753953715 0.0208683696580016 0.03680014216424697 0.06746021899461123 0.06108747583577622
 0.026993908466524927 0.08687546915495112 0.014609174114389603 0.013382903872976307 0.011017184152350371 0.03928806657035225 0.07248238086083485 0.04483021948669572 0.03809772150560098 0.03932018782210361 0.035342968668931274 0.06563274490013164 0.02233232329272546 0.04409379197962153 0.0695117185145409 0.07030611835902525 0.01632825897942874 10000.0 0.07841510217647657 0.06917831342732582 0.03299835957320509 0.0838648960780579 0.03891127927851593 0.05037855002258417 0.04476205065631828 0.020878518928086447 0.0485579114848038 0.059303816535949794 0.0892382336752889 0.04995424503830415 0.04188958428805025 0.05904220571121402 0.059932657309804446 0.012964765890369542 0.05333842963611321 0.03499561625482072 0.04312138219113627 0.05698776209372834 0.007381178306772422 0.019644523864308566 0.01879005694556695 0.0779719066055056 0.0573334484548687 0.022471881108014992 0.015055137368400718 0.01835829084228728 0.04531391441412194 0.03509413671605982 0.059087293823712306 0.011534334323909051 0.05781008051853354 0.05697405023162163 0.07467290073992967 0.011520853775496238 0.026036685188196008 0.06555235059344366 0.08019344085780541 0.06696332903217199 0.01750161966957162 0.05103236781252134 0.049632489872047006 0.058815117661290696 0.0685566399722701 0.08384430454776205 0.0343022497504425 0.07412446487862898 0.015541862721912195 0.0671389650492255 0.0385997323876188 0.025516658197879162 0.05266832128618731 0.08130658327645168 0.06476772516039898
 0.09042811644148156 0.01162688588076149 0.08904424681860552 0.0852656668106172 0.06781338991973962 0.074829766289621 0.031952913331316106 0.07716946775045816 0.08391945393921332 0.07357101837336376 0.05488632341243207 0.04752569976379703 0.10074741467828613 0.06933611754681386 0.03796462668890913 0.009252372453312289 0.0644026060382155 0.07841510217647657 10000.0 0.03945711428290549 0.10984882473243159 0.07192882452801513 0.0668360640868711 0.06633979481025394 0.034636251250494285 0.06007955906666135 0.07807060490518922 0.05106887603248251 0.012817164053852253 0.04123982857121098 0.07516522459509256 0.03090453876300395 0.05507170362128874 0.09058788749327244 0.07364331830597408 0.04343846402923678 0.052877589375515587 0.04607418093933685 0.08527984231555216 0.09783404932454799 0.0875819880184902 0.00809084262649221 0.02250676379227079 0.05743230435252027 0.0895242505616886 0.07668027669458125 0.04642679606827627 0.06960334535697664 0.01949823260608491 0.088981519197428 0.037657345204078485 0.056624883538342344 0.042277592536195174 0.08992099141133095 0.07261134192501073 0.02026269332538506 0.06511133659334689 0.044809423880727756 0.0715564851463856 0.02764673344323992 0.028825357273238844 0.08409181115384705 0.01315671805922594 0.011054512941957133 0.062299798268991485 0.031510288894591836 0.07056825792150623 0.019265488537252174 0.05479376950340313 0.07915048005729482 0.050059599989459566 0.0032985361375185173 0.053030382505538
 0.06868729338397565 0.050748175207900176 0.07383687208622648 0.08071700945299957 0.06185605702834861 0.08546412985961595 0.06462977029522476 0.046402268398613285 0.05632578385741978 0.08445576239247453 0.0647638722612029 0.008979030456720615 0.08918168558450379 0.03905117459841651 0.001539491215620839 0.04036296164758547 0.052870666823213536 0.06917831342732582 0.03945711428290549 10000.0 0.09344103796445309 0.03291748722043364 0.039450882692425734 0.08366558274124743 0.043784248784795 0.048437773116643365 0.09224381665883433 0.015281152014680503 0.051207035021593544 0.01940861792865693 0.0869441275675997 0.055529973940916084 0.07863395995765093 0.0820233969265374 0.0909057509907338 0.04342942836184134 0.02754805680606256 0.069214250290584 0.07388297072322865 0.08785104807321159 0.08502912545616656 0.03210278239152709 0.02820495948633613 0.056657277193436474 0.08376209719077604 0.07687097500575171 0.02390955207931192 0.0437771652886413 0.03702756054562975 0.07631090958568826 0.061663191512985646 0.07856118404997894 0.00591858585911191 0.07961053098234892 0.05102070656401805 0.049195883495869265 0.026087738630452217 0.005890006806784924 0.05486395405664174 0.03292715844477938 0.0374456703187289 0.10121639423089386 0.043710487056064284 0.050505238601956944 0.0387627071189268 0.06500390387945851 0.0695225480780064 0.021221878790098913 0.06683339354378101 0.05717720865546789 0.01894866199289574 0.04227618157294173 0.07912579874537322
 0.026410810718097668 0.11899666688274767 0.020837160513299053 0.0343778237310107 0.0439636260183673 0.06581232614964391 0.10545045362307752 0.05434663755025209 0.04311816049289736 0.06631791792253679 0.06762416672933655 0.08759929446289183 0.014552308173285339 0.058331225678553554 0.09417067928266082 0.10224335595546542 0.04545367073889546 0.03299835957320509 0.10984882473243159 0.09344103796445309 10000.0 0.098427744921741 0.055418586170172 0.07946229473752071 0.07726106522963197 0.049861816215283426 0.07407349021272461 0.08037781858403145 0.1212558334329026 0.07590662828374743 0.0682822117569979 0.09203901650075294 0.09116548526503541 0.02507883931793906 0.08050268795962337 0.06699541352232422 0.06590147343372474 0.08932257451540769 0.025620243356726795 0.019002242396729898 0.037315713010607925 0.10841402881679904 0.08787864535942716 0.055448473217619185 0.030482072785966142 0.04571476959859904 0.07036783716885318 0.05076459059773512 0.09093562991578967 0.02151160365555378 0.09069335821905297 0.08797905992151497 0.09812969397085498 0.02298090686810422 0.042494379579505165 0.09830709559532466 0.0968006597092897 0.08973911550988935 0.03945172297449193 0.0822022760268212 0.08147020491608624 0.08298322483531811 0.10086594590358333 0.11610998692994946 0.05470503455286023 0.10710019100487812 0.046745510124249615 0.09640651507777083 0.07062876133467107 0.03674256811696715 0.07480298467134329 0.11288945237913205 0.09629388940147167
 0.0720428433227617 0.08285624800555988 0.08275523373980422 0.09704181856625246 0.08022996754969296 0.11013825236953192 0.09723521612803074 0.04408935438574893 0.05544923732790358 0.10933096123180631 0.09111698025512444 0.02686375071038132 0.09904306929298627 0.040934926052562624 0.034299853575969 0.07327983361292119 0.06938386855348933 0.0838648960780579 0.07192882452801513 0.03291748722043364 0.098427744921741 10000.0 0.04534010199622856 0.11140589881212865 0.07301300035733455 0.06611945978370827 0.1181049744101376 0.028554748325080533 0.08298990233991523 0.04392040726801265 0.11205155966388759 0.08719512517523738 0.10882423215212095 0.09523391536527835 0.11819863847823008 0.06927564077419483 0.04292899640498911 0.09975030991052745 0.08606857242507425 0.099185868833227 0.10218839820206707 0.06420121866883388 0.060086072733608546 0.07916768087572319 0.09883916736298086 0.09676532715971833 0.04451319514390114 0.04969240285890858 0.06922012877989209 0.08704190022427018 0.09283881282155695 0.10824623367906878 0.029686133469860078 0.09178536779494999 0.05912327393330656 0.08178311024769899 0.006838962622110025 0.02859478029958389 0.06660062755262212 0.06345271864982872 0.06778983982685893 0.12792314836122037 0.07657098135679224 0.08296437468830402 0.049609423472729584 0.09769727050199901 0.08968097552377569 0.05413897430438435 0.09384005590287035 0.06301850844745968 0.03487206441049069 0.07454509748323725 0.11002590536702214
 0.029619667994604585 0.07805813721547318 0.03778678735046321 0.05225766245429843 0.03722595561297615 0.0704521304721906 0.07763495421674906 0.011350752979132904 0.017487965742302613 0.06991936976192271 0.05528494952812876 0.03255782793531871 0.05404966473826113 0.005679270629411783 0.04045149216386714 0.06225994582642052 0.026241019559177476 0.03891127927851593 0.0668360640868711 0.039450882692425734 0.055418586170172 0.04534010199622856 10000.0 0.07578950104171982 0.04604634966509249 0.02447100520727141 0.07936434921485006 0.025225680511954007 0.07961090104275133 0.025910026771981294 0.0727439163465834 0.0640912144191244 0.07839641179617092 0.049909439495030336 0.0814186022097964 0.03701020108210474 0.014053354814609767 0.0711811996772703 0.040730085273379936 0.05393468307256596 0.05757106203307063 0.06244528327059644 0.045106571946577925 0.04003303320353179 0.05371343790621183 0.05369749931246349 0.020438054160967334 0.004660278298418226 0.05241096669030414 0.04178173563394772 0.06710074896003182 0.07665762198025192 0.04345466880575581 0.04644724622317601 0.013851192865487388 0.06439368618091539 0.042405993983937865 0.03498523851679075 0.021439463924595496 0.04287757333078983 0.04514427716646732 0.08979393568833742 0.06307777855766525 0.07622192719654305 0.006980404396036597 0.07880493853373571 0.04721593511785329 0.04894977217759539 0.058689165786681624 0.018698297192269318 0.02053788811935887 0.07013452629154962 0.0814417065028988
 0.07677334406892228 0.06818660462690682 0.06480554191326186 0.0450915457091171 0.04290603937480325 0.014978753303099111 0.04092058361419872 0.08592551049809954 0.08369976496643199 0.014028291973056285 0.020717755821104446 0.08572077604370047 0.06526454730033149 0.08137086564556635 0.08302445901416898 0.057342760854721 0.0515374923486682 0.05037855002258417 0.06633979481025394 0.08366558274124743 0.07946229473752071 0.11140589881212865 0.07578950104171982 10000.0 0.03994622884462693 0.05171931364793303 0.012520900724899952 0.08285116263373724 0.07085852622447461 0.06761361843564362 0.013294422014684934 0.035473122709632696 0.015447204568751786 0.054393849939748364 0.007468307272780301 0.042165221065397614 0.07004593938050836 0.021159301223019768 0.056608463723088316 0.06084083478727909 0.04287521285967697 0.07113082183571662 0.05729339027901895 0.03594312699237617 0.049179241154432826 0.03383342488106353 0.06707468609656855 0.07431155666415865 0.05111839952856131 0.06048128996833577 0.028971955906772276 0.01219355519735684 0.08941359415326654 0.056976151983488134 0.06864460339269465 0.046186555271496496 0.1055594679384207 0.08514549015760857 0.060609218521013836 0.051168543654794715 0.04673112699001962 0.018076683640572064 0.0531884195613184 0.06462313144761268 0.06888111855648228 0.042497352282381655 0.03485822846503418 0.06839137454673926 0.017646383172123258 0.07171461157321783 0.0766983912353767 0.06759312772874516 0.020726188666375114
 0.061517720448838485 0.0421938116651388 0.056872013720476865 0.05067274720823925 0.033845108652080576 0.043674205068930876 0.0319864055229754 0.05738820198889849 0.06006823007617588 0.0425224531997099 0.022501383473315123 0.046547436614372224 0.06695400935398965 0.0506902368675919 0.043101195559081755 0.02591976252918465 0.03288981585908594 0.04476205065631828 0.034636251250494285 0.043784248784795 0.07726106522963197 0.07301300035733455 0.04604634966509249 0.03994622884462693 10000.0 0.029412298694315008 0.049285221649462 0.04480315144079905 0.04461834521894685 0.02930976489910928 0.04469993610025305 0.01811801599655107 0.03583976731592662 0.056396709953323236 0.047266329307553284 0.010755747873322159 0.035433541051191356 0.02701567490175616 0.051938234106113784 0.06376090333941477 0.05295605213346275 0.03613765591563634 0.0180375118253927 0.022949087544142013 0.05498266274417516 0.042146381586343 0.030533983774504784 0.04675721104734425 0.015230560872837773 0.0558777550252775 0.021364641100935278 0.03525876779743431 0.04948976536888159 0.056112516164514736 0.045826936168947445 0.02124125118282008 0.06678748594968766 0.04564189021928012 0.04176265623408626 0.011366171450286464 0.0072243337905726415 0.05770777102820791 0.02381913926820102 0.03910067292104432 0.03947703985663817 0.03331089668458519 0.035932065871981035 0.029557905685836446 0.02378367674711753 0.05161868449732126 0.03948755157447091 0.037236821633654646 0.03746391877093719
 0.032110583977751954 0.06963148660118512 0.029025159241172098 0.03242639508866573 0.014193049273533266 0.04601490775082119 0.060767560767839006 0.03420951588088973 0.03303068681996837 0.04546097574724522 0.03163648245082363 0.04547752284581377 0.04220854612203735 0.030145936748838174 0.04871589486447946 0.05281646051016427 0.004651355545703669 0.020878518928086447 0.06007955906666135 0.048437773116643365 0.049861816215283426 0.06611945978370827 0.02447100520727141 0.05171931364793303 0.029412298694315008 10000.0 0.0548938817991861 0.039647438260730916 0.0717804155203055 0.02912186185680719 0.0482845649433045 0.04669561597446641 0.05600816473509648 0.033832481996813296 0.05707938299459939 0.018658154515934017 0.02356447864492667 0.05001111822881776 0.026453164140861116 0.04017834872497099 0.03704670704671712 0.058588222778742795 0.03801809190218049 0.015776921695583486 0.03532773415864555 0.030646651814260302 0.024723379012845256 0.02260361873523389 0.04154287370473823 0.029645027750180745 0.047786682506062376 0.053863247984074686 0.054026474221781966 0.0318760837049571 0.017831648514177588 0.05052904517586277 0.061664651350243856 0.046553092803268976 0.012354320449939752 0.03246279226776326 0.03222518921133266 0.06532485617232281 0.05191193472975573 0.06693451614702353 0.017883936330079706 0.062222135206432175 0.023604630510912408 0.04695316177451539 0.03516849278657016 0.022729362494472258 0.032850681440733935 0.06317012604096012 0.05971872060167795
 0.07555091463680685 0.08045694051264322 0.06213343998298353 0.04025123259466265 0.04352855146549921 0.009330572167114965 0.0534404011553368 0.08863985386728254 0.08481749740565583 0.009566120754145297 0.027494140008347077 0.09334813784892715 0.05954629268559827 0.08503981815676932 0.0917505859451191 0.068948490681526 0.05364953420603196 0.0485579114848038 0.07807060490518922 0.09224381665883433 0.07407349021272461 0.1181049744101376 0.07936434921485006 0.012520900724899952 0.049285221649462 0.0548938817991861 10000.0 0.08971298428108827 0.08313717195849876 0.0749836929246675 0.00678634740900494 0.04740604567905479 0.027695502100707075 0.04954626832899116 0.00770287013703925 0.04927006017308119 0.07567020426488068 0.033595053172605915 0.05368961939873075 0.055081035102543245 0.03675806753558079 0.08242103572006677 0.0671827795803147 0.039645839302051136 0.04367726170699096 0.03037798690323882 0.07360925510316109 0.07720953394286839 0.061866798027988064 0.05714349217568181 0.041144989491013084 0.024588071839446266 0.09810394976566995 0.05278740463125498 0.07034750484700678 0.05810443907007978 0.11261571755555626 0.09311057487010123 0.06173385198251188 0.06065111204518497 0.056393434398499004 0.0105190180231095 0.06492375254169688 0.07688661179417494 0.07270696958831728 0.055018239343368885 0.03398856769027574 0.07856287321144285 0.025542159645138066 0.07234224743637942 0.08323627678715423 0.07949545847957469 0.032748824121978874
