NAME :TPP_input_18_5_5
NUM_VERTICES
86
NUM_CLUSTERS
18
Full Matrix
 10000.0 0.04564962232304419 0.030357024146409377 0.07467122807009251 0.017679441415717107 0.047248898628831526 0.030119659919622538 0.07961421138623435 0.028829405572926403 0.04238379931808295 0.035250990391143724 0.030631987498083144 0.05128229150747338 0.06357993111202494 0.04482909285026535 0.017159676427929527 0.0465756017360618 0.05374531870215601 0.027077806461995677 0.050091359010678446 0.060920152014639656 0.05609722517797809 0.03347246668295864 0.048448077055111616 0.027431242258295158 0.009601337840198062 0.042871336805380654 0.03393214708080451 0.036836616268455136 0.005445957019080769 0.05980078481752739 0.01760099680022804 0.032627259771928714 0.012463795202552575 0.03976401638590641 0.03136017313478998 0.0431114012892517 0.035981378609131726 0.036755601450473574 0.06876341357517848 0.052990644403328055 0.043315845395109534 0.051404140410539305 0.06129897545972352 0.024858071451950646 0.036059463600558284 0.06438177558255109 0.022622583754645525 0.016352142461212617 0.05443424412779574 0.004963966286797079 0.06243170466223585 0.03976135805591058 0.03111241788461069 0.023258782106614893 0.049385204868155 0.0629128060650609 0.02282263455048359 0.044161439431845 0.05290214321962597 0.03999513069887588 0.06335074873032996 0.03387416826283191 0.031079664442307423 0.015400851474940722 0.034048183846536025 0.02805884411187388 0.052936580215312605 0.02270520618344932 0.06884406936865513 0.03741687628611302 0.05624423160655822 0.012096294271139847 0.06035035543365954 0.034607152831065836 0.03716591956627252 0.032883446462282084 0.04329794240841538 0.03150739001479394 0.033536849612078444 0.035287325220142454 0.031474327724349924 0.017477337506045944 0.038072367460053644 0.02157325796165954 0.039336807609226206
 0.04564962232304419 10000.0 0.017904606241473265 0.02905727637195921 0.06327809020106613 0.06760859641091813 0.03197357103081978 0.03452334481552851 0.027042421065043714 0.05157515414356183 0.08023576195639572 0.015021533587664605 0.037643547969377585 0.017930708924015656 0.02123932009862076 0.05389330659488081 0.008104520673846543 0.06927099969194642 0.0671083060011572 0.02788567431495878 0.027703615172992094 0.045612945136399845 0.02736642876407821 0.045845927480299274 0.0227655013640576 0.054138165576817034 0.028958876698825246 0.07747989208324177 0.0824818248230901 0.046151497516976496 0.022344291091399945 0.06318330040000376 0.07682865478924107 0.04410694517657108 0.02775904769788704 0.03798397921312312 0.08358103697408766 0.011272091969805217 0.06829956584620817 0.0563496512321747 0.04299431422388148 0.07209748349660378 0.007963404528313744 0.060119313292462576 0.07046503036284238 0.039816199940402704 0.02283558492102853 0.06822476206552915 0.048080878152852835 0.053724437679459794 0.04512595165618424 0.042460311258419946 0.02448682969161791 0.042368124846900695 0.06884997161191238 0.056884467731762346 0.034424671043952255 0.06846110282241263 0.014032891110050667 0.09727441266813 0.03709913043396005 0.02900866237386205 0.07546392280482955 0.07176863743782866 0.048825004635794346 0.06849601198809713 0.02679752669457044 0.06103124100753873 0.04165021054067028 0.02961260586029245 0.049781370345875375 0.06463940200964327 0.05262587574054618 0.04719362743568687 0.04092100309037385 0.01079598821112246 0.0557660478810748 0.003593669428766817 0.07709587412347083 0.01841673295405285 0.05123542078854993 0.030685532912329325 0.06045189473742073 0.07055844512921779 0.024708441305033906 0.009617509379544142
 0.030357024146409377 0.017904606241473265 10000.0 0.04559808149572552 0.04789113107863585 0.06347211236892986 0.015608145901656684 0.04979170616886444 0.024258039183406 0.03641133577551931 0.06350223045479444 0.007909518322116673 0.04445649955233764 0.03502386181602183 0.01663420354426473 0.042408592391279164 0.016468076061068298 0.053746711136722865 0.05513150073733267 0.02359404269470739 0.04226808341023307 0.05201477911190912 0.027577060919398676 0.03387727983920692 0.00492524027518323 0.037768618408448196 0.019374014986212856 0.06391902954344651 0.06675398514128109 0.029660857224702984 0.03830477253971505 0.04783634543851902 0.0628301658215786 0.026574173830925446 0.016626752072581786 0.03532103841521298 0.07178152756681762 0.006654877477535063 0.05983438807486275 0.06443256234618705 0.04888470318400647 0.06492412564053483 0.025456197222642994 0.06396702039466265 0.054998774573490325 0.03896270851263068 0.03402723857890767 0.05227545437170589 0.030285010517255274 0.05684532700691797 0.031201535686166668 0.052603598994752795 0.014384607893089622 0.038733905749483336 0.05286589430985118 0.05696125124122585 0.04750683468238051 0.05263626061210803 0.024579739684325228 0.08320856308779345 0.03875585252521901 0.03392115570890792 0.06296462199649187 0.05409346171909895 0.037828868244904064 0.05888889065336345 0.009630816282217887 0.061236969859590935 0.034510783112449914 0.038656419302774546 0.03368794350467893 0.06500157115403905 0.039677787330040334 0.054884280258908416 0.039152875506534235 0.00742945243837935 0.04962471640396041 0.017155945407291137 0.06164165504873571 0.004632763869505971 0.04724489105686338 0.029257033879444973 0.04337593406272141 0.061836305805757476 0.008983447678036563 0.017040703401464255
 0.07467122807009251 0.02905727637195921 0.04559808149572552 10000.0 0.09232066346487582 0.0916416248922038 0.05644587009738427 0.007783829469356815 0.05380739081422442 0.0723093834301864 0.10896284926264957 0.044068905341470815 0.05430244398122401 0.011244830675400996 0.0394194697446866 0.08240224766467653 0.02945604388102643 0.08934271617603541 0.095601376229186 0.04176239230574344 0.034080604732569075 0.061107153380243605 0.052482527922616394 0.06294813532799202 0.04999377559952864 0.08297231509580445 0.04769355998822444 0.10634580113222489 0.11150766204668619 0.07491497874675317 0.028011788857135837 0.0922285572801086 0.10578242232789133 0.0721550696861009 0.04832574909026591 0.06322775409209547 0.11185529386639764 0.039173517491224365 0.09520488209707613 0.06755085580369541 0.05965529760717998 0.09812123499656789 0.02479335233675306 0.07680162355533122 0.09950766954024359 0.06360583416862232 0.018194390092832715 0.09720020242533527 0.07562008976633759 0.07201477644193224 0.07416499477446407 0.052882524470608816 0.04545204035206298 0.06775905693943224 0.09781932171963026 0.07800296371961447 0.04141615465060574 0.09745923987278345 0.03607157695127858 0.12619582914811306 0.059302258618191155 0.0299558742452546 0.10405293515811277 0.09950040860574469 0.07728081487014839 0.09599321291780025 0.052785378835501946 0.08165866967757855 0.06894439339890591 0.022565554003410506 0.0721079629443174 0.08481489811813249 0.08150351492228286 0.06056530082495215 0.06523244565617284 0.038198539213050504 0.08177792630579092 0.031749976956591534 0.10614345101803288 0.04433048764930237 0.0761348559886572 0.05618022319395241 0.08894250108433656 0.09754933840711266 0.05344903369698187 0.03689307203357394
 0.017679441415717107 0.06327809020106613 0.04789113107863585 0.09232066346487582 10000.0 0.047935740915731606 0.04522839919844277 0.097292391352657 0.043990949583268095 0.052025989295471566 0.019584627200214477 0.0482569473410752 0.06402407172056063 0.0812012627239463 0.06157767332121445 0.01878851792876084 0.0642083424004276 0.05863353277595863 0.018240371626370166 0.06618679894378264 0.07668694662838968 0.06734178647352723 0.04813677440065727 0.06073184095830583 0.044631929366100706 0.011357200818496855 0.05850855333230529 0.018658616606951322 0.019237068315876356 0.01879048815217603 0.07627409155761328 0.00025099263797360305 0.016596247316355152 0.024885291280191818 0.05555240767013868 0.042908156022463145 0.030180760117395233 0.053643752502036485 0.0328796438701107 0.07916348057322181 0.06453217084238384 0.03976650686287571 0.06881253094659424 0.06893166917577088 0.007187095022727014 0.04702480205494187 0.08190104822652132 0.005982070331311244 0.025432843215331194 0.06288285400530223 0.01869666899638558 0.07541916690967312 0.05606421215810188 0.04095377541144875 0.006626699740493705 0.05566307465821306 0.07770430542208676 0.005746984954321772 0.06082861393535237 0.03593781282216315 0.052001978498579474 0.08022931362259487 0.02109704639063104 0.02311061223041767 0.021838574908221896 0.02859944387991326 0.044479308571123935 0.05831388896869439 0.03311258869037756 0.08611790509179558 0.04704766577749203 0.06094735893288917 0.014748588635025898 0.07181285810422783 0.045121872775787525 0.054813597563054504 0.03621304511997653 0.060835157437665564 0.013829388741286397 0.05080447114604301 0.04147955383014594 0.04537972434663346 0.012793536123298015 0.03309477030630095 0.03921531414415931 0.05660200907826899
 0.047248898628831526 0.06760859641091813 0.06347211236892986 0.0916416248922038 0.047935740915731606 10000.0 0.07241252962874349 0.09890484794109985 0.040971918270169105 0.08886828412580586 0.06431084217972104 0.05757735565749266 0.0403560751606657 0.08133939893559014 0.07995770057664907 0.03114587378368921 0.07363272606624911 0.10098722358345645 0.031542415279355626 0.08706252583293692 0.061588266153476255 0.037408394314438945 0.040285825049591245 0.09277506058227274 0.06407836874429884 0.05233529137621985 0.08215901547848027 0.04215419365051164 0.05754742758884247 0.052674170550402875 0.0654413136185398 0.04768600234056021 0.04422938399513875 0.05951161774131636 0.07908581849164815 0.029650723979937503 0.036415426338649026 0.06488325118428963 0.0168025922542222 0.04354019120877289 0.036613179535096005 0.012342193556865342 0.0678934489852692 0.028655203065726675 0.0504134865342008 0.02817242985733128 0.09043536804363896 0.05279522363875231 0.06359459359079868 0.0265189526748272 0.042417194643688844 0.048785491644242805 0.07752509368878359 0.025400620343662184 0.053245401429793754 0.016885053325280248 0.05760875787144933 0.05204388654207039 0.05601904145030594 0.056268842677388006 0.03238253856764431 0.09519322500481192 0.036021233226582176 0.0709984704223553 0.031850404778880306 0.021480499792172016 0.06771629606671273 0.016072332441344747 0.029226257516464446 0.09715421678993708 0.08406623249508047 0.01648427015130269 0.03674299450259343 0.041114478640842826 0.026785562388238874 0.06621744648520425 0.014686412273979458 0.06402069767942409 0.053005353553853905 0.06809092035302905 0.01650282856236233 0.03692878261527015 0.05886794061680024 0.018091353490944345 0.05634698544136566 0.05799108715695107
 0.030119659919622538 0.03197357103081978 0.015608145901656684 0.05644587009738427 0.04522839919844277 0.07241252962874349 10000.0 0.059050578399556165 0.037197792235956526 0.020870513112856568 0.05692268550054651 0.023157378197620204 0.05925564023465346 0.04704768294197494 0.0183408004633885 0.04615140087445435 0.027525751890535417 0.03813981195135926 0.05718154447114424 0.0212725061658465 0.0577859472011456 0.06652940881179283 0.041301907717845664 0.020541352459323956 0.011311499759577584 0.033921701675188994 0.01334038945785141 0.06330151592080221 0.062327426669786 0.026752428319714323 0.053538594317538005 0.04525648227012312 0.06160775746529911 0.020428860046826945 0.010566393831947418 0.04700298034304437 0.0731656780794203 0.021215210636596454 0.06540199259057972 0.07921351300540079 0.06332452803586097 0.0714029740680129 0.03990250355317215 0.07731635041567916 0.05167604152891806 0.05126290205157641 0.041334932485777 0.04812792889640998 0.02164365757093148 0.07008046097091027 0.03322412967591483 0.06794627029502834 0.012012813598525839 0.04954713873383386 0.04860425677199525 0.06876583193837635 0.06311495656899586 0.04873287633433774 0.040187110116573346 0.08109221167144948 0.052160569155208225 0.03640741570146816 0.06387212080363622 0.044575349895733196 0.04267446639590903 0.06338544849083233 0.006164384728677253 0.07295187706587346 0.04338354768046088 0.043586477473678324 0.01811757888049787 0.0766760962258633 0.04185942075847766 0.06969452825818175 0.05097913947465277 0.02131035609747276 0.05783681304531967 0.032082591125344596 0.057978558999169406 0.013575311766304853 0.05716664649910611 0.042158302314306506 0.03690913943391212 0.06704920884835149 0.01722902087714873 0.03263675516264999
 0.07961421138623435 0.03452334481552851 0.04979170616886444 0.007783829469356815 0.097292391352657 0.09890484794109985 0.059050578399556165 10000.0 0.06036347969451967 0.07322231489231351 0.1132759105641349 0.04929213416142861 0.06199336963162389 0.017684140146047005 0.04117535957896035 0.08837080387344208 0.033329545829711274 0.08971468795601406 0.10158936711125767 0.04216342259151422 0.041863998235965254 0.06886114803308245 0.05936593384244714 0.06302919360817943 0.05385098324232706 0.08752451065866057 0.04895414785290823 0.11198358294894703 0.11636648581693512 0.07942129184884397 0.03577621100839355 0.0972152074938036 0.11128306789218792 0.0760760781660604 0.050064411810347126 0.07017749659680794 0.11799495061595204 0.043686521883046295 0.1018882833741217 0.07531102732199937 0.0673705182757565 0.10504061249833796 0.031410664479720365 0.0845571296832822 0.10446384904508334 0.070786946782731 0.018184305228945635 0.10194583863274231 0.0791867416254851 0.0797056433984303 0.0794846670886069 0.06065915368081656 0.04747693408831218 0.07470814887537158 0.10254938224266426 0.08553940577845248 0.04917937946357596 0.10226078984886713 0.04304572245191287 0.1317439998876168 0.06664327379969932 0.028325554991494546 0.10997170588324963 0.10299624166327014 0.08328037525657175 0.10248055213537458 0.05605686882513799 0.08924354139322378 0.07543602449990706 0.019944618797703238 0.07355390415678224 0.09243837958777192 0.08713523972472266 0.0683478242473244 0.07234887565316048 0.04257195584206668 0.08865771683930916 0.03756516033441491 0.11111630526152057 0.047897459159122274 0.08321143989630772 0.06303119245998764 0.09308492747417109 0.10421116462036231 0.05812302972239779 0.04308219959889047
 0.028829405572926403 0.027042421065043714 0.024258039183406 0.05380739081422442 0.043990949583268095 0.040971918270169105 0.037197792235956526 0.06036347969451967 10000.0 0.057296260005211395 0.06320018247338528 0.017180097459275494 0.023695910508123873 0.042749749854329507 0.039880226746776375 0.02968133242569214 0.03266728351790735 0.07319495295123722 0.04255138373145138 0.04722459910971158 0.03270275061102783 0.030061204225762975 0.004852542965260065 0.0573036917869921 0.0265193102548453 0.03841820243658394 0.04363204779403616 0.054241387214011276 0.06265110474686453 0.032320304618061714 0.0327865827459929 0.043820186508916115 0.054209343210008476 0.03493049529151322 0.04084510706180827 0.011495660438488618 0.05834564518374553 0.024235398563181503 0.041542032274703065 0.04300818315619461 0.026805940738035165 0.04507484126017144 0.029028640130834914 0.040144158979651054 0.05076239687424752 0.014722368566866277 0.04981300123577345 0.04979292257978958 0.040050137910146784 0.03292670162682558 0.02569451645275919 0.03424326087727173 0.038623217147761194 0.015571298570185675 0.05045434438329044 0.032743899507921496 0.034105990658021924 0.04971007667472908 0.01828728936908193 0.07408414528697935 0.0149666987338973 0.05424076116358781 0.05108911750148995 0.05975228359415192 0.024616528039377784 0.04218582930907522 0.03130053627564963 0.03702467148053937 0.015144372324421826 0.05632778941360588 0.05343466166703033 0.040787166564985815 0.030334991318435367 0.03375416786140984 0.015087692473229901 0.025518463660404663 0.02872489712443499 0.023523038085295964 0.05695666910743334 0.028794052791351835 0.024474842192089254 0.005027639192852513 0.04628511559159477 0.04385428699797957 0.020077374177490677 0.017559732951515694
 0.04238379931808295 0.05157515414356183 0.03641133577551931 0.0723093834301864 0.052025989295471566 0.08886828412580586 0.020870513112856568 0.07322231489231351 0.057296260005211395 10000.0 0.0567839015623611 0.044027880553210684 0.07993924358564602 0.0644250754081298 0.033089676771971895 0.059540607817241305 0.0456936228300594 0.01770095516819038 0.06794164099550443 0.031093648160938032 0.07830335156095902 0.08705704481707667 0.06165196569521493 0.012184925706482597 0.03216940355857359 0.04143601152998527 0.024639357928435992 0.0705993016025672 0.06480325063678974 0.03732296580659191 0.07369964130257035 0.052150942292423876 0.06831688606597106 0.0299514091171566 0.024481700244797684 0.06619270732077194 0.0821299542926295 0.041547829886706876 0.07911022565818428 0.09984302918223995 0.08382700934129801 0.08569958017341243 0.059520339424097415 0.09708580127637634 0.056767257126845515 0.07070653659882885 0.05506124522929116 0.0526023694607593 0.027152647304979252 0.08983425354346715 0.04684134326391457 0.08880436421653885 0.02768206842220635 0.0681236915239792 0.05285815736610631 0.08755503898902876 0.0838701613955999 0.0534472754084171 0.060940511608328335 0.08536793577287106 0.07220966855766756 0.046296137401104075 0.07288728238632225 0.04119389074567077 0.057355092236317726 0.07617847392900537 0.027023222235427167 0.09160901741084612 0.060981378543056894 0.05478005634359997 0.005043539474553723 0.09524747267577222 0.05431168865984975 0.09035746972523669 0.07014582207281884 0.041403055624283286 0.07420426533646741 0.052236316963253634 0.06191640508075977 0.03375795780600247 0.07486953682488369 0.062122353287722365 0.04019218302596699 0.08033937651987634 0.03725937886123159 0.05336172829321059
 0.035250990391143724 0.08023576195639572 0.06350223045479444 0.10896284926264957 0.019584627200214477 0.06431084217972104 0.05692268550054651 0.1132759105641349 0.06320018247338528 0.0567839015623611 10000.0 0.06537314696162883 0.08360860879716969 0.09808608243513164 0.07485022149260123 0.03789302850287302 0.07994841196603815 0.0573773932911573 0.03277307963778193 0.07811409832968118 0.09579687049423147 0.08682781492356072 0.06749419609724219 0.06771765395669745 0.059483277647640734 0.026139200090598533 0.0700414510438198 0.024551114866734985 0.010165302604449668 0.034085945019499325 0.09499147846867749 0.019794383356088283 0.021802692910772716 0.03741790345236124 0.067465558401625 0.06248727891852528 0.03636719895023415 0.0697994436273364 0.04787820587989305 0.09847407977068735 0.08405718721503132 0.05419324248318852 0.0864352726008499 0.08761958636854289 0.014264073549934532 0.06656237487211857 0.09680142118239889 0.013605574593156797 0.03527955155655817 0.08187147923206091 0.03754405230580523 0.09500378586390935 0.06875717537921913 0.06043293683579507 0.012957970759000365 0.0741352569935586 0.09711943041324218 0.013906995661597829 0.07938458521843143 0.03042319581241856 0.07158040607905025 0.09328584340445481 0.030340516761299615 0.016229492619995938 0.041357841520423974 0.04317417507320976 0.057990945384686673 0.0764121197880871 0.05268668354033035 0.10009453451681392 0.05242503801799931 0.07871754022770328 0.03430457706500183 0.0913108657298113 0.06463302735932204 0.07081940905942395 0.054390805454740516 0.07816985828867744 0.011873579464405455 0.0655613688921741 0.0602871406682948 0.06485343018195298 0.020286852937196564 0.047307355037901906 0.05555858074101482 0.0745169495311871
 0.030631987498083144 0.015021533587664605 0.007909518322116673 0.044068905341470815 0.0482569473410752 0.05757735565749266 0.023157378197620204 0.04929213416142861 0.017180097459275494 0.044027880553210684 0.06537314696162883 10000.0 0.03654705730982614 0.03294936224597547 0.022701891194889506 0.0397083477507612 0.01738845789236692 0.06115762340170306 0.05283949623317793 0.030046882766390334 0.03551669802105367 0.04412048504695517 0.020000173300220987 0.04178164957131868 0.01188203293542927 0.03923969609040732 0.026874667868531172 0.06275653636359343 0.06746109751138187 0.0313375602912655 0.03225933241923904 0.04816274704698006 0.06199963979884874 0.03005444298056073 0.024305448780968585 0.028587132902915775 0.06945236075199139 0.007356701396524771 0.0556365271996884 0.05652328235638626 0.04100162233799907 0.06018421226864842 0.021181986680309458 0.056302441583494685 0.05544396520717819 0.03185364833942981 0.03552883329741764 0.0532226416835636 0.034472672967505044 0.0492354337359321 0.030195715798321487 0.04481430388476855 0.021782067100688845 0.032362664033873126 0.05385061268118803 0.04987130045959771 0.040231604838790555 0.0534490697436967 0.01749873901733974 0.08246545704952009 0.031184264860182945 0.03794614637661102 0.061051327357889026 0.05766866186966703 0.03477099276911488 0.05525096618583534 0.017012773086491993 0.054152787902206345 0.029361241886770396 0.041234208739182654 0.041031110240093 0.057909943317500594 0.03795486077321627 0.046975047249893175 0.032264032937076526 0.008721659258752887 0.044317739334735796 0.012806603787155847 0.06207627703145945 0.012009290800665927 0.041131699827733015 0.022044199144087256 0.045810647800767886 0.0577760061975052 0.01024394760453655 0.01036517751404831
 0.05128229150747338 0.037643547969377585 0.04445649955233764 0.05430244398122401 0.06402407172056063 0.0403560751606657 0.05925564023465346 0.06199336963162389 0.023695910508123873 0.07993924358564602 0.08360860879716969 0.03654705730982614 10000.0 0.04550143649357484 0.056985415477209936 0.04651208865261034 0.04557273782288192 0.09639797859485848 0.057053382098407955 0.06428332960021489 0.021605352353969712 0.00797891774111912 0.018886946959141615 0.07832125360867205 0.048009893197412626 0.06061885389204227 0.06286826336788312 0.06971801778868983 0.08118299477962808 0.0553978577589646 0.026501134240606208 0.06381447036227217 0.07048240342101285 0.05856414970657805 0.06057631334636841 0.021157005282560853 0.07003272904248106 0.04154935208766453 0.049630369691895326 0.01998513119073343 0.005525527297981735 0.049891885279088166 0.034046920359854335 0.02302504379889076 0.07004661145304694 0.01754354508147142 0.0581519068078437 0.07000469415290222 0.06369070258925812 0.017713027750709983 0.047334084840841735 0.01139635331199679 0.057772136325133665 0.02391003409085179 0.07065077062923276 0.02457119498605388 0.01732037895571639 0.06972354520398119 0.023610907588509096 0.08847215221570368 0.012115729322022083 0.06642371801773511 0.06507241009280632 0.08233531985343998 0.042381977516298325 0.05235389983955417 0.05311646289787554 0.027769822270478556 0.030960713026173325 0.06549710393809077 0.07641088608876982 0.03067913907574364 0.04933529131877064 0.010444153966761759 0.019655006063459976 0.0424230061726253 0.035678394198136086 0.03450923504670633 0.07553061950423555 0.04834394425208568 0.028466872151865757 0.01993185686952918 0.06864224874785083 0.05196796170355038 0.042879115404187255 0.029821942039571146
 0.06357993111202494 0.017930708924015656 0.03502386181602183 0.011244830675400996 0.0812012627239463 0.08133939893559014 0.04704768294197494 0.017684140146047005 0.042749749854329507 0.0644250754081298 0.09808608243513164 0.03294936224597547 0.04550143649357484 10000.0 0.031380647843004296 0.07116949192967507 0.019538179511706198 0.0818770023756196 0.08437320657350304 0.035289186207724914 0.027274347402283187 0.052812957808100455 0.0416820230334922 0.056188383040432145 0.039613487200336715 0.07202316058249938 0.039919697914443164 0.09510255234941571 0.10041036086891018 0.0640036439875668 0.020621329060229388 0.08110469506464049 0.09454862251490703 0.06157876350836618 0.0399871911520564 0.05249674198219821 0.10065745349854142 0.02845907612388199 0.08424242047163194 0.060740584375492825 0.050990294379644495 0.08735647236542318 0.013741184622457315 0.06842651586310206 0.08838769402461831 0.053186135976532524 0.01557508194212019 0.08615307885528051 0.06526403062485353 0.06310559334681252 0.06296932463568437 0.045913850131638144 0.03688070131933109 0.05702666868949054 0.08677739070843461 0.06837760785287794 0.03502025957695635 0.0863916427043858 0.025385870933833782 0.11495615547363185 0.04919249861414298 0.027261280415201032 0.09281768936919337 0.08910865095693386 0.06605088754016132 0.08491559619977372 0.0428397517848674 0.07219867143699901 0.057860179572236346 0.02249631297050716 0.0636536579995545 0.07550708064555563 0.07026259847974373 0.052899150100357374 0.05471219282454749 0.02759528393125563 0.07097417053530194 0.020516070000730708 0.09501438335180976 0.0342630344728792 0.06555402832296041 0.045347492151532796 0.07818478374406268 0.08657266891915127 0.042527518239543864 0.025674240656895095
 0.04482909285026535 0.02123932009862076 0.01663420354426473 0.0394194697446866 0.06157767332121445 0.07995770057664907 0.0183408004633885 0.04117535957896035 0.039880226746776375 0.033089676771971895 0.07485022149260123 0.022701891194889506 0.056985415477209936 0.031380647843004296 10000.0 0.0585220831778881 0.013711335198805253 0.050496485026438435 0.07089643408117191 0.007418375365116718 0.048911312905916174 0.06489971010424786 0.042415195552182164 0.025240636925790542 0.017653335806602336 0.05061582611152876 0.008549832739412443 0.07876066492451032 0.07960224703653108 0.042791206013965015 0.043285791183974937 0.06156606639297616 0.07739173006489147 0.03762782488146323 0.008930708803618275 0.051276032732930056 0.08744070585654881 0.015900489371565397 0.07637995760882743 0.07649400413765714 0.06198598023455627 0.08154721302802889 0.02855513546744163 0.0782324853382594 0.06840843897311741 0.0545228858330111 0.023174480738418397 0.06517401102780374 0.03967499573098742 0.07133639402687125 0.04660037666545115 0.06317882120594683 0.006379651367650577 0.054955661535773616 0.06570154526049389 0.07252019909624846 0.05564532931981396 0.06568485420283295 0.034069588852181865 0.09745718192231842 0.05348392331740657 0.01866212523744301 0.07840574148884907 0.06290824135583886 0.054137200266100735 0.07527757532465952 0.017134111414487393 0.07679920305471218 0.05112029957383635 0.025304541540957532 0.03268863282032107 0.08054937971777068 0.05530738222008757 0.06708482125386245 0.05496577807751008 0.014794467670980941 0.0662341735167485 0.023327906169458335 0.07491570486015377 0.012170314709109311 0.06362072493184667 0.044706309165734606 0.05463684695917258 0.07834516340398845 0.025003401267944054 0.027179336204652467
 0.017159676427929527 0.05389330659488081 0.042408592391279164 0.08240224766467653 0.01878851792876084 0.03114587378368921 0.04615140087445435 0.08837080387344208 0.02968133242569214 0.059540607817241305 0.03789302850287302 0.0397083477507612 0.04651208865261034 0.07116949192967507 0.0585220831778881 10000.0 0.05704621272655056 0.07029409370781743 0.013218563350394763 0.0646376247501765 0.061629627830006854 0.04908410058248514 0.03287289812961728 0.06532320440579309 0.04092952789809757 0.02119270661092203 0.05809799940950223 0.024570699975312964 0.03467183038498666 0.02231571741561312 0.06237890424459749 0.018546611737614103 0.024687959898167175 0.029599591889114794 0.05492640037027097 0.025460535352776672 0.029749915772430933 0.046534737011102396 0.01961320416381177 0.06058184471603503 0.0464226769667875 0.026164436886294117 0.0577664600547977 0.050152535066888035 0.02383626210379498 0.02907842566742535 0.07521776824092437 0.024579997882771317 0.03309456561159256 0.044109655129554795 0.01303033991407814 0.05785439517192582 0.05432303277057651 0.022785053771587616 0.025174802018299035 0.036956726514472925 0.061480662945248975 0.02409802713361442 0.04786264509077679 0.04440412351602019 0.03439769500592688 0.07632972890193553 0.021653971148080077 0.04087175933933302 0.005134171696077607 0.017234382615288014 0.04295394618968868 0.03977756033578624 0.015876662085892473 0.08065710271524917 0.054565339558158316 0.042597047525489956 0.005608764871516183 0.053583854997657464 0.027051318619165186 0.04788117090080362 0.017887197587188087 0.050811082138885785 0.029031168621706942 0.04647266773071074 0.022702279073189356 0.02953879988708951 0.02800942624745418 0.021028524660446576 0.033578749507222665 0.04551539944312471
 0.0465756017360618 0.008104520673846543 0.016468076061068298 0.02945604388102643 0.0642083424004276 0.07363272606624911 0.027525751890535417 0.033329545829711274 0.03266728351790735 0.0456936228300594 0.07994841196603815 0.01738845789236692 0.04557273782288192 0.019538179511706198 0.013711335198805253 0.05704621272655056 10000.0 0.0633462217440892 0.070126422098539 0.019936637960566387 0.035373130718844764 0.05355105502620517 0.03384684033507822 0.03884418450027936 0.020602269752661447 0.05422933662256435 0.021943032825970554 0.0796780577543732 0.08316835562859806 0.04612204162840419 0.029606077357244905 0.06414361692127545 0.07875576363691829 0.0428290180814667 0.021292464415320605 0.04403314187728565 0.08676741403180199 0.010673499433696498 0.07287086563513077 0.06443333534098052 0.05086227247825289 0.07717441327986704 0.014874571211492951 0.06782630152391649 0.07134935504317544 0.0463850322634196 0.018176334330959044 0.06870772830691153 0.04617485196319982 0.061284486489103826 0.04691284181612763 0.05056187623008072 0.018037209383901753 0.048234888561120515 0.06930325345134428 0.06389106357971344 0.0423285155712351 0.06905080884280436 0.02199656062386802 0.09920511023865282 0.04419433161591519 0.021759842499429558 0.07825403727695075 0.07005406808832505 0.05214280562774778 0.07260915277831129 0.023387366617045803 0.06809795938628595 0.04637255736648444 0.023933670816426503 0.044490665043166795 0.07176327066915991 0.055031593101770186 0.05524043397718257 0.047277143500934364 0.009424178063704545 0.06105504252244464 0.011068394666465465 0.07800026217596405 0.014878965177204226 0.05714095513790408 0.036860070611689284 0.05977645624904546 0.07504523347055811 0.025002454396937636 0.016428299110603416
 0.05374531870215601 0.06927099969194642 0.053746711136722865 0.08934271617603541 0.05863353277595863 0.10098722358345645 0.03813981195135926 0.08971468795601406 0.07319495295123722 0.01770095516819038 0.0573773932911573 0.06115762340170306 0.09639797859485848 0.0818770023756196 0.050496485026438435 0.07029409370781743 0.0633462217440892 10000.0 0.07628281338817522 0.047662345497633575 0.09585771453389863 0.10322462557331324 0.07776391382385034 0.026723627400736766 0.04928321762510843 0.04987900347808852 0.04196109365278091 0.0761105139336192 0.06684453346628894 0.04831356384609808 0.09135656130108259 0.05881685655422414 0.07350711087183485 0.041691017896259557 0.04207854136673528 0.08110619754041255 0.08838069316221049 0.059128706082553516 0.08924404442473675 0.11612965853093785 0.09997287665560117 0.09610297718419235 0.07721905216475378 0.11222399742075133 0.06160556203318264 0.0857788800906288 0.07170296308174641 0.05739333895707078 0.03739412708577691 0.1050114239632608 0.05862274143545298 0.10570261150466469 0.04531274378481114 0.08247013756049172 0.05744990844385697 0.10177502436781219 0.10125152205380751 0.05833089879087536 0.07832641366506685 0.08765559846402506 0.08787503388295571 0.06197850537834053 0.07961686538506847 0.041207227837788754 0.06914566137995633 0.08570002235862186 0.04418980553253293 0.10565204524151334 0.07473110546852023 0.07059859990137587 0.020132132909227298 0.10916451252288692 0.06474072031148294 0.10673744762276452 0.0849704388798164 0.05903419204698719 0.08659912975793885 0.06987647848051402 0.0653819749271881 0.051345811650754136 0.0883370015647613 0.07781957403673094 0.04585416526524242 0.09010016524381438 0.053521642715389055 0.07077497933645728
 0.027077806461995677 0.0671083060011572 0.05513150073733267 0.095601376229186 0.018240371626370166 0.031542415279355626 0.05718154447114424 0.10158936711125767 0.04255138373145138 0.06794164099550443 0.03277307963778193 0.05283949623317793 0.057053382098407955 0.08437320657350304 0.07089643408117191 0.013218563350394763 0.070126422098539 0.07628281338817522 10000.0 0.07667994809681679 0.07380486642465689 0.05833816988709826 0.045365309228792894 0.0751921351037185 0.053243189966736486 0.02670639526456542 0.06974633833041595 0.012691392808073772 0.026443064623365646 0.031173053490973133 0.07499768071673657 0.018015969503217377 0.013823759204186235 0.03852602538974601 0.0666034968572611 0.03676220500331732 0.016665510917795272 0.05955460763645342 0.015241712937956614 0.06865722376976835 0.05604909060960818 0.02189796726028237 0.07093246808610136 0.056258903728743793 0.019068850291472886 0.03956585987339408 0.08830265070427364 0.021971549513167054 0.04079072407565473 0.05127789926842739 0.02435152103424346 0.06812064018048865 0.06631750757035686 0.033239828752063376 0.0223227937587214 0.04264520139659034 0.07298272155164154 0.021122522000630833 0.06082136813838732 0.0318321672080884 0.04515306020348476 0.08899709417083555 0.008537928065838852 0.04094271629027998 0.018323093176697357 0.010649990952260787 0.054715351166897006 0.04439163045723418 0.02795473252654485 0.09360542132977435 0.06289812608959346 0.04637672213152506 0.015598414356644065 0.06280902613090347 0.03743276383247669 0.06088735711412532 0.023130268619703527 0.06402918214830981 0.0215596871495835 0.0590118700309919 0.029995208882068948 0.0418532542813086 0.030798587152840003 0.015060648221445039 0.046191829137217685 0.058709238844349004
 0.050091359010678446 0.02788567431495878 0.02359404269470739 0.04176239230574344 0.06618679894378264 0.08706252583293692 0.0212725061658465 0.04216342259151422 0.04722459910971158 0.031093648160938032 0.07811409832968118 0.030046882766390334 0.06428332960021489 0.035289186207724914 0.007418375365116718 0.0646376247501765 0.019936637960566387 0.047662345497633575 0.07667994809681679 10000.0 0.05528882640824247 0.07221618970635549 0.04982461390736863 0.021191939221190136 0.023790131821271723 0.05497976072041662 0.008110088758641238 0.08388244176062412 0.08358573890216402 0.04746775468794474 0.04938555753246703 0.0661980096257966 0.08235044503319487 0.04159841856909199 0.010715364627063639 0.058580889103537606 0.093079952629498 0.023318341739927202 0.08291562450933326 0.08368910580910206 0.06932768929102844 0.08826636524429372 0.03471317307469226 0.0856391449555313 0.07279496273612124 0.06189341449592087 0.02405793963574535 0.06933204888175153 0.04286582531246291 0.07875199002066377 0.05232965920340624 0.07019035096518039 0.01036321486805157 0.06219073709312975 0.06982101891809785 0.07990118912931664 0.062258309576586714 0.06991344430668264 0.04117573012164158 0.1021202309760508 0.06090116009971237 0.01581865155147338 0.08392248203955698 0.06514963347025604 0.06044533796351075 0.08159948668183037 0.02203660541059194 0.08418144077935205 0.05807668936368859 0.023939249816029507 0.031833235345725706 0.08793434860464741 0.06109182143949505 0.07431963325892424 0.0623012918213531 0.022209080371862346 0.07318322807653989 0.030296142772649245 0.07916714174111882 0.018990612410652214 0.07079421545919044 0.052078495834071 0.05817559852645064 0.0848182974331923 0.03145867212209118 0.034461395191761716
 0.060920152014639656 0.027703615172992094 0.04226808341023307 0.034080604732569075 0.07668694662838968 0.061588266153476255 0.0577859472011456 0.041863998235965254 0.03270275061102783 0.07830335156095902 0.09579687049423147 0.03551669802105367 0.021605352353969712 0.027274347402283187 0.048911312905916174 0.061629627830006854 0.035373130718844764 0.09585771453389863 0.07380486642465689 0.05528882640824247 10000.0 0.027445411545722862 0.028832417410070015 0.07344910579286704 0.04699400679848304 0.07048687092192732 0.05662182427869841 0.08606604053072696 0.09531221295551712 0.06359514197556343 0.006695468429844386 0.07651813575717552 0.08631681343809093 0.06433980650015486 0.05523945708595797 0.0372748077319169 0.08841065697409338 0.0367560430487777 0.06902196022769867 0.03364126953252881 0.02648684553738791 0.07026513264040764 0.02061260752118404 0.043033837474542085 0.08345935097256707 0.03560758349257851 0.04211407582797653 0.08246251810508393 0.06915749506772824 0.03890489305415787 0.05825359003229783 0.01885835226504228 0.05200529263018463 0.04134340898020137 0.08312387324435887 0.046167449319172625 0.007762438746432467 0.0823978876237702 0.018060011109838424 0.10563605176070656 0.03020556606178762 0.052561142105037914 0.08223927467495251 0.09110506132782913 0.056767285386596276 0.07105055815565214 0.05189886678163457 0.04934605273651853 0.04591792667885387 0.049391022335910556 0.07590346533261261 0.05213981817061084 0.0629132252224213 0.02652257712106175 0.03765284957078284 0.036958551751757926 0.05488752909652266 0.02623722806465248 0.08960952933429549 0.04454565433572463 0.048092778714734934 0.03209201029083784 0.0780886562942571 0.07141255583080085 0.04512217277121871 0.025300024051558786
 0.05609722517797809 0.045612945136399845 0.05201477911190912 0.061107153380243605 0.06734178647352723 0.037408394314438945 0.06652940881179283 0.06886114803308245 0.030061204225762975 0.08705704481707667 0.08682781492356072 0.04412048504695517 0.00797891774111912 0.052812957808100455 0.06489971010424786 0.04908410058248514 0.05355105502620517 0.10322462557331324 0.05833816988709826 0.07221618970635549 0.027445411545722862 10000.0 0.025466068804317225 0.0858890693673304 0.05536930885179143 0.06512634662887877 0.07064452177010959 0.07100768266966505 0.08353171812531646 0.060584282369456434 0.033099836622412185 0.06711820302426318 0.07206731075510985 0.06438429570444867 0.0682893246062939 0.024861098869371046 0.06990902494569666 0.04937480238489866 0.04901423833168793 0.01296547519231049 0.0032553774789712067 0.04816260648308358 0.041820249514582894 0.015696237588024527 0.07290905426209765 0.02039428217556263 0.06587827908948746 0.07330280596677499 0.06950140283723817 0.01185025510520285 0.051802236464489795 0.011403204125144211 0.06553904038085417 0.026395750827406153 0.0739312852446755 0.020642888438354615 0.0215101617322537 0.07293062900847334 0.03158207960644021 0.08899837000469656 0.016134027386023368 0.07434572397957 0.06591454499489217 0.08688416236944063 0.04550324799298107 0.05230798453228902 0.06042946286347213 0.022929260371235563 0.03440066428603983 0.0732427528310629 0.08336648209190113 0.025216402750403617 0.05260257545369806 0.0045047529266612615 0.02222715092751351 0.050282122799415206 0.035748778943179786 0.04248807169116274 0.07798257851420795 0.05601732634950788 0.028528132730738003 0.02568198573608045 0.07314933494124681 0.05124092144007332 0.04983194325438813 0.03776037925729175
 0.03347246668295864 0.02736642876407821 0.027577060919398676 0.052482527922616394 0.04813677440065727 0.040285825049591245 0.041301907717845664 0.05936593384244714 0.004852542965260065 0.06165196569521493 0.06749419609724219 0.020000173300220987 0.018886946959141615 0.0416820230334922 0.042415195552182164 0.03287289812961728 0.03384684033507822 0.07776391382385034 0.045365309228792894 0.04982461390736863 0.028832417410070015 0.025466068804317225 10000.0 0.06113050471367483 0.03034909059705344 0.04303314509108628 0.046846060491652526 0.05740160622795761 0.06654102718990428 0.037103549212576505 0.029634860539522842 0.04795614203998719 0.05755119943026221 0.039781627626636035 0.04419222547704769 0.01084238198892849 0.06068137432310004 0.026533930676456895 0.04281345461511999 0.03836942398257698 0.022218396700319564 0.045675942337701864 0.027987699445734676 0.036393940115986005 0.05477002153237351 0.012539322930090644 0.05016632356791364 0.05400487175097696 0.044900264342346494 0.029270891430480263 0.03011981931111401 0.029393615425667482 0.04176790971129525 0.015359334426725059 0.05466537338128709 0.030243708795472994 0.02963834790662403 0.05387736275388523 0.016421210476991584 0.07711936334702488 0.01119053130075206 0.05560174109865262 0.05387872210671537 0.06447249536753419 0.027953206374225405 0.04395862572980917 0.035287789839727995 0.034502809213129995 0.017437261854918767 0.05696926169724323 0.057906274905451596 0.03822858493557467 0.034113050021228775 0.029036857032928184 0.013554574562631828 0.027717257045657483 0.029303869250760922 0.02377303567042693 0.060833071347309746 0.031954150981307175 0.024050011628761997 0.003718498274341613 0.05094801627856452 0.04517949223705807 0.02439591302543399 0.017762905780692784
