NAME :TPP_input_30_5_5
NUM_VERTICES
146
NUM_CLUSTERS
30
Full Matrix
 10000.0 0.011612608268446699 0.07308858101303385 0.06930145019282438 0.06535301406180874 0.06893195883606534 0.060930482685758305 0.08447292420350618 0.051282510100181145 0.08065397159931371 0.07043002633829366 0.04697380235792343 0.037376412499749906 0.0498100792680371 0.07340240048801808 0.03987355842633875 0.016025814510624858 0.04053099472460578 0.09172705603516904 0.0716476267672851 0.08706943746670452 0.01940860455013232 0.037370297821740096 0.07009975453159012 0.03708134297967134 0.07950142165886018 0.08000824145314078 0.054042398706359795 0.06766466201961875 0.07259292475937118 0.07102310426808396 0.06651478977984182 0.08017078189938799 0.07002004308446438 0.08758587293414902 0.054645586444186815 0.03877915811452573 0.00791503172114455 0.031989328381536515 0.030571935551507515 0.025457183600151295 0.04684789688725319 0.07129728998593116 0.0747329899332611 0.08905101794593072 0.0740318436259466 0.043590243218393464 0.025858224501770118 0.06258049167475047 0.03269834700574127 0.056735848406777964 0.05725547768269252 0.031232448889869913 0.03054961917270554 0.054518920673680145 0.06995824599650959 0.07802023666867325 0.07984721193580444 0.058512786378720705 0.0400773926280496 0.035522674241152664 0.0830234530607987 0.08132567341317315 0.010348938663818186 0.015512112730333382 0.07907084013076486 0.08122694554675157 0.0834632917580036 0.0484687163590555 0.06891812018061418 0.08451231839649996 0.026097220588908693 0.060808935714602434 0.06513987649200555 0.05521123065501137 0.04967025922628809 0.06858965428085474 0.02160753068832969 0.04259783934529847 0.07275520501298807 0.02437370178390559 0.010889185414044392 0.037002031921792196 0.05657088109699231 0.08897423950683173 0.06868621726286203 0.04795623366090082 0.07023633196958781 0.057858302925046644 0.044458872905837825 0.07966253325435847 0.03666250188087431 0.01838855128585192 0.0784734506025424 0.02811914568065575 0.041669232310004814 0.018215439975368036 0.06725383442892963 0.05493566292997874 0.058212097989887246 0.03866952142003856 0.07949069266849981 0.021379472208909178 0.02682109836016011 0.05946380639650619 0.05748215516367415 0.054562775855787976 0.08494100188168709 0.0588527151857282 0.04465020652712761 0.07528433023374247 0.08719809029512475 0.08530678557964304 0.07496229222896775 0.008723666234037926 0.018147232023535912 0.01527390234099803 0.09926218617180851 0.020079885601456106 0.035152958770604245 0.07983157912431713 0.06683138661221924 0.05374336750531378 0.037866040290723206 0.044747550818621494 0.020851332056513763 0.07752819384600906 0.06724676627280401 0.06375906894042307 0.07281380368590906 0.004667689334799394 0.08102703628966476 0.01732550228594676 0.053539186413556726 0.08559109069734658 0.06938808942255628 0.02666598557479051 0.0814746683808319 0.04420347444993114 0.040642902705567086 0.0591508384751197 0.06122715737365775 0.04921196362205113 0.044003339981771784 0.0322343939456164 0.03644875604171913
 0.011612608268446699 10000.0 0.06503283394612508 0.058161700315316756 0.0538757252925033 0.06234170290105787 0.04939733737290807 0.08257215319873337 0.04317351356122662 0.07144457839647568 0.06169171369392661 0.03542527338279668 0.02847676924238771 0.04076980538906339 0.06943929665943308 0.035554306846505054 0.02585703334439845 0.036537680521821055 0.08714579517956955 0.06161115248357016 0.08464767500655006 0.015980041520430033 0.02712083459972357 0.06234027168964244 0.03764980890034959 0.07904375517464457 0.06909369968964232 0.05518609189882562 0.06362663177397443 0.06879862499892686 0.06331433231137709 0.05632009941326143 0.07049327080766521 0.059428215293197244 0.07668610331439239 0.05721513356258962 0.04755136552594479 0.015288557566707186 0.030735665620149337 0.02226053699432336 0.023938517249080183 0.04949132743654594 0.0646948689823684 0.07423109373116422 0.07925659299162754 0.06326699808967447 0.04676942805029407 0.03591091836006662 0.06618142154451231 0.0257544642233188 0.046012096110899396 0.0466854901132186 0.024820522712047603 0.018954942217354578 0.04496805261727505 0.06528416293690409 0.0682652871057881 0.07760303065855365 0.05888569020365184 0.02957736697678021 0.024608979586081974 0.07618133672990784 0.07276684994083048 0.015834242032482043 0.026785746573924785 0.06884785061619482 0.08145627484745953 0.08318711181899455 0.03789403518634189 0.06387652163175968 0.07543271721234159 0.021292457821778903 0.06679636096956887 0.06768531931609788 0.04923214403635581 0.05100653635376368 0.06828707750380984 0.030444563292159353 0.031557105285707536 0.06770208036409335 0.029449380755875117 0.02109514717369441 0.04121540824595187 0.055304016471503105 0.08272481005633998 0.05755007391199594 0.05775981363770652 0.06841955539767844 0.06507050619830625 0.04166123195879715 0.07054206124459418 0.0283697995032424 0.025408848642005714 0.06800727059470729 0.03199683334746474 0.03056522826355943 0.006735073379370251 0.06270751725765125 0.049688474305643854 0.05191305002525502 0.030989302976691044 0.0790506504127423 0.023398567426283712 0.01581671754669747 0.06613831521007435 0.04627630671668931 0.06267894325071055 0.0797114755871873 0.05197796141512145 0.033130081697021835 0.06851760383366988 0.0830903153837335 0.08501656381435246 0.06424628356746254 0.017922342201400484 0.00837817968907651 0.016075487155605955 0.09830167491931634 0.010487171137871879 0.031132211874109028 0.07135165641200453 0.05675907249256232 0.044517138122165054 0.03577478083795496 0.04770206798619643 0.010814316260839152 0.07372103275490283 0.055877415434689805 0.06031871742481781 0.06897941451694327 0.015357573945855182 0.07974429693671381 0.027303749972679772 0.05050275995687285 0.07937767495836291 0.06391684074947497 0.015946124678330533 0.07173585252757106 0.03477432842017727 0.04121047513345206 0.04768327857197595 0.0512843150964108 0.05864807284438885 0.03923001969611482 0.024585737921698433 0.02955317730983644
 0.07308858101303385 0.06503283394612508 10000.0 0.034293114307485835 0.04200337348019734 0.011480445597692703 0.043703523932132754 0.04729655776694271 0.021894444209437924 0.012854010168492904 0.006480967528205534 0.04581437072687921 0.03661116745446896 0.024836364552116814 0.029235187018360254 0.09072008590380894 0.0762760718526085 0.03730112097921332 0.03481344133711478 0.01885092139817823 0.045504787285064865 0.07820940830732756 0.0673451877355506 0.003692466061256962 0.051332344103677624 0.05358983773443786 0.03280296303527367 0.05347429931912851 0.027693767415434913 0.030088350679232947 0.0033541144709158277 0.0211591281128424 0.016910584329660337 0.025673594643072083 0.036133275653687236 0.06046541418001391 0.08334605031481007 0.07963315976364066 0.04837745610638844 0.04286721061547127 0.05157521386040608 0.05894946645994064 0.011115836629616417 0.05102217744046362 0.02349759212797108 0.028619607980868256 0.06062323433155484 0.0821806670622628 0.06882117682980113 0.07865008420691959 0.029983087402102256 0.02818389621382063 0.042012854211151564 0.053516019700948825 0.022574728822140677 0.023972643432619265 0.016832514548969037 0.04269940046264739 0.050567248763801066 0.06629773235034163 0.044105613545974386 0.014615873360309714 0.009185525717213023 0.06681610743173563 0.081737096792229 0.022556001794387742 0.058713269713590956 0.056865886681240686 0.03301887775981157 0.021551935460729216 0.01462145620416327 0.08012014398287558 0.08095131950628112 0.06423732693582074 0.02162406995625471 0.053700496602653865 0.049734902137458854 0.07537312911466036 0.062216514176749615 0.021951229439465876 0.06506124004439812 0.07511307852995978 0.06355356016147616 0.042197385832374014 0.022690963861763856 0.034163364272388946 0.09497512000785396 0.04149783369495316 0.08609639201209074 0.03840987508717185 0.011534534638459578 0.07607885710945235 0.06936271690002575 0.0254818333795137 0.06189814395724632 0.04135298970226249 0.06236796408521311 0.02458861220113244 0.024478829332062926 0.018389116737972104 0.07932438048614142 0.053691971009693536 0.0590135642592704 0.06258368592213112 0.08401902697396803 0.03610464186368101 0.08922417687965717 0.026111098338301223 0.015955635068945356 0.0552026058251636 0.010555203993519316 0.03478204002694897 0.05785253775496096 0.028073003766004682 0.07212837466081638 0.05665527775498501 0.08066951439770322 0.06286107577679971 0.06749022614217151 0.08806645455569463 0.0075417662764562295 0.01978329877172224 0.02182494243837227 0.04352286539921481 0.05989608314934178 0.06646215582910914 0.03168301694896779 0.03909352240588967 0.030996956165940663 0.029893357324562112 0.07358159586148472 0.049299220803171784 0.07736671891111088 0.03430722739308446 0.02029975676525696 0.018800204591738395 0.06401337346925655 0.018172444543305553 0.031104269400099898 0.050731237237897776 0.04148239490332828 0.020659010210570605 0.09354050221348485 0.033055806764142895 0.07629810300058287 0.08082497536696337
 0.06930145019282438 0.058161700315316756 0.034293114307485835 10000.0 0.009167343471296305 0.04312484841250117 0.013154105145011143 0.07989764799025546 0.03220153980728126 0.028276198968712564 0.027864219882318825 0.024348495732469014 0.036018698133665726 0.027840546676955614 0.06124480958745305 0.07055004180525132 0.07919503762074898 0.05110229170584642 0.0691011883598395 0.01586447552426544 0.07877447278080384 0.06538436645570478 0.04632498314764286 0.03543424824792256 0.06575278656155986 0.08423292682483802 0.011634671525969255 0.07568700094299975 0.0578755000513501 0.06176544141308543 0.03613216624786759 0.013452014505633022 0.02364486297732201 0.008757733166576907 0.019013034352517492 0.08199637431552147 0.09428628754471279 0.07316047651343653 0.05913357042020153 0.042229843948267246 0.05820361248296996 0.07758017671558161 0.04398286352425307 0.08074378520578494 0.028903564961784173 0.008124304615023411 0.07769436052449416 0.08791506575440795 0.09180940632766593 0.0598148332335381 0.013794952854608255 0.014258620502156028 0.045927328641912 0.040022651551042406 0.022640178144750295 0.05535582569221402 0.021633271927294365 0.07484779562301835 0.0748885192215506 0.044059507244498516 0.033803508148049666 0.04836252655800711 0.03427541346483292 0.06774626048612023 0.08270393471256807 0.017504773604854286 0.08904983699629863 0.08801573098142597 0.021815975796892276 0.052719302699008035 0.03183018826589286 0.06437083915154478 0.10087379174240538 0.08890028892994674 0.043342807366464654 0.07407534789447973 0.07776290758947849 0.08095521702513477 0.039078791146879926 0.05447856307531255 0.07312220330299973 0.0759656718541618 0.07747341614680897 0.06652645624900379 0.05628349383770707 0.0006175422950465436 0.10625418668328773 0.07113314042391065 0.10375138042062011 0.05593150909770681 0.028503794270119506 0.05534964137254979 0.07438336042828891 0.014545273832042493 0.0718549076457774 0.027636036190853728 0.05258755293557578 0.05483757381306782 0.0470714798477749 0.042022261585025804 0.057966341207535035 0.08431785190853992 0.06511638435709398 0.04769466747272005 0.10275857830288992 0.011917010515061522 0.1048427834981461 0.0603967062273315 0.038784684858488225 0.032050664419053264 0.044670931670154596 0.06890391926787102 0.08928812662776571 0.009326769368682639 0.07247051033467795 0.05128068365131638 0.07017281205635614 0.09623409274015984 0.05498961521504878 0.06944195168278282 0.03408597110050133 0.014761431670064835 0.025007892802244254 0.057350593927207316 0.0775382264849132 0.05379144077260423 0.06451761415750853 0.005515794205741637 0.059284636376939426 0.061658298747359584 0.07188100622815996 0.08090068904072227 0.08060680432207236 0.05728562828825491 0.05431462240381562 0.05035650163224269 0.04884374845162276 0.023882267136436902 0.029477939836236162 0.06703885923371372 0.012717194366210275 0.01699433106219909 0.10580099690773379 0.0482121572113591 0.05752661557016491 0.060558645185271036
 0.06535301406180874 0.0538757252925033 0.04200337348019734 0.009167343471296305 10000.0 0.04976603398552653 0.004896154778923569 0.08602697650413592 0.03569444409082492 0.037185469195584187 0.035523446562262896 0.01856597189733655 0.03568887300784663 0.03044722813642761 0.06740503860711422 0.06259535460160341 0.07666703256593148 0.05292117840354884 0.07671024199404719 0.024393855823735898 0.08526041146486336 0.05923039268095281 0.03874250274919858 0.042648999871421324 0.06682275203885303 0.08949038592916121 0.019789562610582328 0.07848667434436006 0.06352595106952208 0.0677946918821232 0.04344699470842393 0.020855283025155182 0.03271148192617986 0.01739745887451967 0.026460960342141127 0.08442588391833294 0.09347743133134731 0.06837991871156292 0.059589973969912446 0.0410053384760495 0.05761470849620607 0.0793254062190416 0.050906465547606757 0.08571878525037231 0.03803385637282524 0.017281475905094053 0.07900822774765029 0.08587637634040336 0.09444047666305666 0.052353740535580055 0.015593193130363408 0.016958939037085473 0.04559262417966259 0.035060388371971056 0.026229401380857602 0.06145084590058763 0.030630440860151625 0.08083397832699182 0.0783111546142885 0.03624885635811603 0.030681324632716972 0.05641050836824889 0.042946465103166055 0.0651168032665543 0.07955977426075192 0.02667141323960231 0.09412736267410235 0.09342378811375736 0.021422394310562438 0.058832255281288284 0.04085471922890028 0.057524511394729964 0.10243184704441602 0.09209320719497502 0.04778472835005469 0.07641469846069995 0.08223016334359039 0.07907482204111443 0.03123430206033187 0.06097980150240939 0.0721751332384506 0.07300003349604309 0.07793879941846865 0.07021943254019998 0.0644287941106098 0.008933488160264558 0.10529562534614674 0.076262671523537 0.10460578179388604 0.058353265317218385 0.03731781704216575 0.04756208435032132 0.07257746486951439 0.023685935450459977 0.07146507925377599 0.024424646261404812 0.04779787945599018 0.06060963110519086 0.05137796851502364 0.047018369644758244 0.04998030849172776 0.08956761714320219 0.06399827436061035 0.041735591414248714 0.10394097462420862 0.009932437997136374 0.10510307031142169 0.06790180711871531 0.043976575915535256 0.024620966252100657 0.05207176874242185 0.07608468648565032 0.09479953046571114 0.018473744339135092 0.06949432083359695 0.04783236858408404 0.06445997292362854 0.10266270072748955 0.049316826015697604 0.061826601587467694 0.042622906271200994 0.02223321711488477 0.028628361369841256 0.05872683625065284 0.07901334251002444 0.04812964117837781 0.07094932278007568 0.0037034944244859285 0.06434092733677407 0.0677211300152095 0.0683869410900137 0.08657944175277785 0.07811911932858304 0.06102229800752471 0.06226122373872588 0.056665893765962094 0.042740491796783735 0.033006787937073644 0.03017910559527081 0.06855137683586762 0.0062055398591830775 0.022598982021112407 0.10511708343484828 0.05062277911168412 0.050140377378660374 0.0527567408665972
 0.06893195883606534 0.06234170290105787 0.011480445597692703 0.04312484841250117 0.04976603398552653 10000.0 0.05056340217827587 0.03688542399794733 0.020726141674190176 0.02429432777053861 0.01628895404431313 0.049691973440767485 0.03512975157490011 0.025716514641300186 0.018353273282541264 0.0914206226084447 0.06987269164153427 0.030034852596983404 0.028246261836464663 0.028835500712886708 0.03565141086200705 0.07679694898046742 0.06930169779744733 0.008460551979093699 0.0426017859511572 0.04240170060279326 0.04343493504964367 0.04262878871455911 0.01624530643834735 0.01905287306436633 0.008257491922237663 0.029677004590454473 0.028345432837767092 0.03500754475737027 0.04734259040429201 0.04962706299227464 0.0744701191549707 0.07605299604753908 0.04104360557593526 0.04025568429653333 0.045378894796577474 0.04875931433825031 0.002366846626984755 0.03965320537259192 0.03483948599040182 0.03860294295588885 0.050766968667241834 0.07475039269164534 0.05765538520028222 0.07929504495567134 0.03572999274101261 0.033965824437512636 0.03785975901010636 0.053970661552940405 0.025988659618434874 0.012733133194872454 0.028089660842341612 0.031996465626707354 0.03939802297035552 0.06874052293791694 0.044666395039923645 0.014126749788951053 0.01962865991629471 0.06146363910740687 0.0757305388317759 0.03364129841034249 0.04748001867866163 0.04583032570190308 0.036208353809733064 0.01020029618558413 0.025610157367237783 0.07962478925605637 0.0701485724089818 0.05290395550287844 0.013950686766224575 0.04324264269419318 0.03825450889010717 0.06820509161697683 0.06521221482487734 0.011361856000641334 0.05756751723987206 0.069391363341794 0.05442912904960461 0.031181794343545347 0.02042640955032692 0.04288156488208155 0.0858033727504399 0.03007584063321879 0.07565131792544434 0.029607275508210323 0.0229872907994537 0.0775081031086431 0.06260129299326428 0.036332043361486065 0.05397859602311813 0.043481913312522116 0.06083001607582357 0.013123407508227932 0.015518686273994487 0.01076189570282848 0.0808493109067509 0.04250025713808387 0.052453672206487424 0.06274322072619973 0.07339348273206285 0.04229374246257874 0.07915225497473045 0.019492298503353135 0.010411825422724846 0.05868996143445645 0.006407261665275492 0.026596367850160448 0.046915367490740656 0.03824534743874298 0.06669734769970102 0.054093423567274375 0.07837013932344918 0.05310993949869453 0.0665243191174401 0.08828896958815508 0.018101983128692996 0.028392719703556654 0.02427116398476811 0.0355511671909413 0.04991890172913065 0.06561695136304196 0.021401120995169262 0.04732970827320784 0.019563239618433054 0.01889526156639353 0.06873159154061288 0.03838320577032173 0.07082576386559164 0.023972191149261666 0.01712464921836389 0.007524083680693487 0.06416908262977518 0.029634315985577833 0.031462767641876783 0.04146352282446267 0.048034494400043384 0.02720960072149298 0.08415753461056014 0.02588944336316892 0.07702125565344488 0.08189544169111432
 0.060930482685758305 0.04939733737290807 0.043703523932132754 0.013154105145011143 0.004896154778923569 0.05056340217827587 10000.0 0.08622426715843833 0.034818525719583604 0.04016577087276958 0.03728065188380321 0.013977106907760493 0.032879923091198845 0.02925718224671648 0.06771751089948314 0.057810631527594344 0.07264292159562885 0.050867143280725315 0.078077639825098 0.02712681671309073 0.08571247067241636 0.05437925859408093 0.033874565562262954 0.04395261948955045 0.06428988072390017 0.08909846872550868 0.024363726604455335 0.07673896572541064 0.06352610708959892 0.06801556600527524 0.044815635599445576 0.022887757559658484 0.03600590004220419 0.020467414319788567 0.03123053969515119 0.08246025878312219 0.09002837441662494 0.06374707622592576 0.05682688712812628 0.037705542359219885 0.05441128426754904 0.07704414339546566 0.051895114056204825 0.08516596798842202 0.04194726683778628 0.02118705304493328 0.07652295594804333 0.08199363617088644 0.09253895398134815 0.04748023083305577 0.015087766808142073 0.016745830918117467 0.04261586679081174 0.030496748113087523 0.02575263894016568 0.06176115448367946 0.03381252840398331 0.08095524575412384 0.07689612492556351 0.03141353807767353 0.026783208590904942 0.05827589631677914 0.04556185250167 0.06109722697738833 0.07533353728280547 0.03037568390530984 0.09360550957277473 0.09311333885748795 0.019138890934954956 0.059176023648942394 0.04400600002024339 0.052629247407937986 0.09997810468287335 0.09049395783142272 0.04720901790704356 0.07444162688683449 0.08138719076532099 0.07526625006897228 0.02639915000200547 0.06157464675370592 0.06874287125482638 0.0688450334587351 0.07507224246734776 0.06900012034062757 0.06634337168214624 0.012775169406606926 0.10176251755770649 0.0758507233835057 0.10182363167611319 0.056548501724788945 0.04016240151733334 0.04273223469060257 0.06881747664322353 0.027608652897418182 0.06826209954094528 0.020647694680867842 0.04321311139386285 0.0607119828461277 0.050675937983260456 0.04678244880962589 0.04519673562953149 0.08917053957184652 0.06053824242447562 0.03693205718735375 0.10130869554232556 0.008543590641921051 0.10206111656072031 0.06922080525339819 0.04390651405297297 0.019728118382002204 0.05341385377264818 0.07710011227827485 0.09455104467713794 0.02240602701569957 0.0653463317750058 0.04362926288953546 0.05966075121630335 0.10301714169584412 0.04454431868340538 0.056975503740322835 0.04508673518520033 0.024240813111044115 0.028058435150089562 0.05639945736089613 0.07660413182708008 0.04336133018333541 0.07142959144248541 0.008183410325698864 0.06395986825852863 0.06796520107611884 0.06408442032459964 0.08647073972761869 0.07410434338811181 0.05989649603143227 0.06399747113407814 0.05716253620487634 0.037913934182789044 0.03644758116047996 0.02801815000778521 0.06621680610215927 0.002826516119597924 0.023454941032160316 0.10169017041911582 0.04889559280785926 0.04525930373066296 0.0479328975033702
 0.08447292420350618 0.08257215319873337 0.04729655776694271 0.07989764799025546 0.08602697650413592 0.03688542399794733 0.08622426715843833 10000.0 0.052338366871996826 0.058921315025197665 0.052996603564195936 0.0825622222992718 0.0624562140836717 0.05815911010105658 0.018660607458773477 0.11678804949001705 0.07808011953867414 0.04642746853212313 0.021613045826963353 0.06565641864445716 0.004520141188144717 0.09852893114175719 0.09822723960933966 0.045076074084404394 0.047906197253873635 0.011021215385390226 0.08005523388252576 0.03399502488361107 0.02280733082157205 0.018233546780270306 0.04460407168630334 0.06648492996014249 0.06377024813801141 0.07188869262867087 0.08325440044760236 0.03820347610896332 0.0712460522566004 0.09238371617053684 0.05257246774936661 0.06441233368812889 0.05932335343026534 0.04332095740900446 0.0363976987025758 0.013168768076831214 0.06826430118636018 0.0754553614218414 0.04698034231397998 0.07825102535993529 0.03977921992383589 0.10522433875304475 0.07113768159535473 0.06949035613963488 0.05936421640405975 0.08161068724080876 0.06056645253267704 0.02459114677830676 0.06403262729606761 0.0053915195802123105 0.02844590167873427 0.09848969625528461 0.07357716625680784 0.03781625405652119 0.05268054492959717 0.074547433041477 0.08454622608456573 0.06982694819541883 0.015315484098616518 0.011724183979788026 0.06942670235096553 0.02722136487357312 0.058663278019377055 0.10318308098634121 0.05421166496942855 0.033290822689130514 0.0399558536208779 0.037905206329221314 0.018387890424496955 0.07377052557471933 0.09600393412779129 0.025557058210615397 0.06384656626909373 0.0800434821309909 0.05391371108823583 0.027938261669107352 0.03403334410437167 0.07962508482365457 0.07948719938455626 0.014245952471904586 0.062130260600152254 0.040919713615552675 0.057778947904012216 0.10502823368510604 0.07069870815351031 0.07277528995438293 0.05933954624095378 0.07473403828973015 0.08386903260415338 0.025517973215110987 0.03717858762935213 0.03965504383452038 0.10836070602364134 0.011135691132200953 0.06338513929026336 0.08898837854222384 0.058645788896801214 0.07771809451691121 0.06800067130919667 0.025028917342631556 0.042350947157197144 0.09053441468990461 0.03702079301110937 0.016674433765456204 0.011863554354658702 0.0750554501234029 0.07869895826596228 0.07579159733401739 0.09784033699991174 0.016991467606243562 0.09017053510835321 0.11282983530346126 0.051647195108879156 0.06522695793616418 0.05836928377928102 0.04696218814984038 0.04559802686793975 0.08960494279282033 0.015616824264086714 0.08385877661486241 0.02367595577244382 0.018306424557783054 0.08225859305374407 0.005410021701310885 0.07838816294455389 0.032299409938798845 0.03299855450193359 0.029542521058726793 0.09027837781753016 0.06484823646219072 0.06218045161115922 0.044577911989098565 0.08353472028265048 0.06347947658644447 0.07681774161203477 0.04476145689141637 0.10324579591718765 0.10849739610912724
 0.051282510100181145 0.04317351356122662 0.021894444209437924 0.03220153980728126 0.03569444409082492 0.020726141674190176 0.034818525719583604 0.052338366871996826 10000.0 0.03011352010574037 0.019384659910115613 0.030342683118810772 0.014900545938951362 0.005822289619327594 0.03445264789503935 0.07072703248344049 0.05561490570247558 0.019852528064772394 0.04851392270291476 0.024607608699119973 0.05244158439612736 0.056767052238515144 0.048670900404977596 0.019185380227364462 0.034965835637830414 0.05437695010787624 0.03797952600659481 0.04348781025580361 0.029556145057896863 0.03448546655207934 0.02017215131387054 0.02137067568882983 0.030845808860200184 0.02701148496729825 0.04443076182832534 0.04985497804716076 0.06581825916076438 0.057743021458077456 0.029735866791167246 0.02097394339918962 0.03130618693436542 0.04583030957586651 0.022898158064258812 0.05036801911540914 0.03971634617260761 0.03165872379838469 0.046341183467543574 0.062474887685822954 0.05961657716392088 0.0585966646336233 0.020103851721206593 0.01879181775062954 0.020510217298219058 0.03325666653624147 0.00962343527997452 0.02870729666054587 0.02909030417806297 0.046969897399303635 0.04280286827516591 0.048240422295282505 0.02394069961139397 0.033615318370508546 0.030072691574285805 0.04552293205124575 0.060708142593958785 0.03216162594972936 0.058812345602414565 0.05844615753277922 0.01708837417857903 0.02636346703578237 0.033687431513705936 0.05918944249518186 0.06910873372955315 0.056750957120315734 0.012521566773789591 0.041989176449094084 0.04660060336366178 0.05548229261407976 0.044957665484645616 0.029563969531732265 0.045827047271094004 0.053956808176224606 0.047234361971189895 0.034576768836309786 0.040841448679554304 0.031724558331509514 0.0777896189371983 0.04114386443423986 0.0725965372474338 0.0239327530227081 0.028984847222612468 0.056791175388012954 0.0491525518027454 0.03308660454484195 0.043398662644320844 0.023168051447173245 0.040817909616360726 0.027075518228094446 0.015869677680732126 0.012833073471680856 0.060136385806563344 0.05444540850488341 0.038855415000804666 0.04208776259864527 0.07128695310870466 0.026321624920068665 0.0743996196691637 0.03998319264246822 0.01086660646898072 0.038799919008683716 0.026253099230223318 0.045992998304409845 0.059936517970426845 0.03198777417696622 0.05082465923229784 0.034796083456962036 0.058918070206044934 0.0693149569584883 0.04623846565003217 0.06766925081234694 0.028559607424569453 0.020827128830608804 0.007215409242615612 0.026441118442198364 0.04602463828585514 0.045275162238709095 0.038562850012708594 0.03448092578978841 0.029334718582166703 0.034499298937877315 0.05198497425047733 0.052050302526986246 0.05681076946387514 0.025351445585674995 0.03765164346780745 0.025067247510720106 0.043517857838046035 0.03228650514584003 0.010789959346268028 0.0356561103353369 0.032017065235278086 0.015881357675620884 0.07683552690772777 0.01637308659533381 0.05631300892298374 0.0611706149572689
 0.08065397159931371 0.07144457839647568 0.012854010168492904 0.028276198968712564 0.037185469195584187 0.02429432777053861 0.04016577087276958 0.058921315025197665 0.03011352010574037 10000.0 0.010977740436206758 0.04615805403452304 0.04329009783962811 0.0308482290029841 0.0414822365542326 0.09310092592699105 0.08572745646100915 0.048199545087542095 0.04369610770285763 0.013088850215655567 0.056666401551763675 0.08305674885137389 0.06890449583986993 0.016320394090404606 0.06283560975342317 0.06592925511046849 0.02298432427201067 0.06615716936200719 0.04041771514368838 0.04243646045875913 0.016188428815710077 0.018080576536546045 0.00528764976958696 0.019803522931331006 0.024557312010238724 0.07313216570631592 0.09467675088305832 0.08654995205206054 0.05901092014995686 0.05009153728449088 0.06131564082986558 0.07127701030202312 0.023660647219675323 0.06358635223659777 0.01072219952386099 0.020802216172020587 0.07274581947927143 0.09240380270495131 0.08162175360397639 0.08134153637151473 0.02955379469956781 0.02800610712759844 0.050542983018464605 0.05726269002430369 0.026523949818138024 0.036536049334834314 0.006728802668032567 0.054633830626137844 0.06337937132785089 0.06733734832866126 0.04828560046836909 0.022410507674216946 0.00673117435687029 0.07554261202818054 0.09078697812925156 0.012199273051941097 0.0710893881180103 0.06902569121977684 0.035401430751443905 0.03421514188618084 0.0041734485854105965 0.0839879314649171 0.09357188185899153 0.07708644233920593 0.03346635484655843 0.0661949938528513 0.06251819806916657 0.08545519209481371 0.06276081536864041 0.034179083011773165 0.07552062367485843 0.08401009749940039 0.07518904142149806 0.05496913528580573 0.029583357965654897 0.028372818161783265 0.10647242847304017 0.054154000520294523 0.0985003142111903 0.05016549207126818 0.0013355007139143915 0.07797379420810288 0.07919723815710232 0.015635189454642106 0.0727123212881999 0.04407830342478071 0.06776207680174129 0.037344281165425444 0.03667410349069474 0.030443875201602116 0.0810319421696281 0.06603505377174017 0.06886203638790708 0.06626044010772249 0.0965353278428902 0.034235616032944824 0.10138028815290497 0.035722718948170036 0.02756190263689794 0.05546795868361533 0.02200696581357433 0.04492260045386804 0.06990350325715682 0.01985606468562087 0.08082564454303069 0.06321121349916575 0.086345026123772 0.07369687751337053 0.07215997213112481 0.0910138267917975 0.007363762532114788 0.016957347066828703 0.026964729867587245 0.0546831430326139 0.07209514364016276 0.07104113655105267 0.043458915104185196 0.03371188040286223 0.04384240760263108 0.04221576627445942 0.08175260833459322 0.06137653699298717 0.08691792522667337 0.04685555620308642 0.028382214940734736 0.03144605709241995 0.06764399904892095 0.0060409770967823 0.03667511893568402 0.06257384692250646 0.038572388273249186 0.0211227243719654 0.10519935933830989 0.04405674723534631 0.07896245306917951 0.0830014431692126
 0.07043002633829366 0.06169171369392661 0.006480967528205534 0.027864219882318825 0.035523446562262896 0.01628895404431313 0.03728065188380321 0.052996603564195936 0.019384659910115613 0.010977740436206758 10000.0 0.040026244679332 0.03325945078863163 0.020936126419606103 0.03460456044244246 0.08571125466179647 0.07491853683544195 0.03723606058177903 0.041272608360881154 0.01269117146989553 0.05144701908746625 0.07413888457228404 0.06200547456830402 0.007921321825106575 0.05194377864074321 0.05866627046082177 0.0271486766541967 0.05611828395988191 0.03233480230576897 0.03533678240979964 0.008438353568079109 0.014678344659536754 0.013195982667680807 0.0193121630050559 0.03126027161362585 0.0630368154274918 0.08372910760396927 0.07660872179911393 0.048033286571790706 0.03988821054625491 0.05042033030953658 0.06076042002954469 0.016603539233356678 0.05579305151628251 0.021341002289776652 0.022510128831064413 0.062079185965824936 0.08146539151597727 0.07186657217613304 0.07371920156767897 0.02386206625011874 0.0220833942728458 0.03989310949009383 0.04887805575279217 0.017595364614564107 0.029017366391341122 0.012327003494245255 0.04821858969970528 0.05374253328808491 0.06080133288469896 0.0395790091408742 0.020995284312153518 0.011124649837206114 0.06490738375890982 0.0800824549875775 0.017524748902214893 0.06372247131154687 0.062118974283907454 0.02768069162689399 0.026457516059003924 0.01432137830049953 0.0756375148548878 0.08334886571548193 0.06767655028617432 0.022850931766381973 0.055862146659499755 0.05397604781056092 0.07453146932706191 0.05656904224010119 0.027456089989043617 0.06455347523846766 0.07333933793498001 0.06431518085344956 0.045218618371566564 0.029064698835962806 0.027719689079702587 0.09554702648595172 0.04615272132016525 0.08800453738397732 0.0393833458868764 0.009750947834666207 0.07087297174860828 0.06830693979050104 0.02006966856033427 0.06173489512094168 0.03623600849680626 0.05849915097679908 0.029188170180209215 0.026248964350240208 0.020019651021104586 0.07406854046273957 0.05876356053334787 0.057959274078791784 0.05796431246791616 0.08616222461973824 0.029816968004806155 0.09069497793194414 0.03253670286518989 0.016937664711607146 0.04945207200850941 0.016825804364663605 0.04108578588069873 0.06320053811981102 0.022065651542155364 0.07020815594883202 0.05336106999643617 0.07699444866003828 0.06887074801840393 0.06330679090224481 0.08325098140955277 0.009827707351008378 0.013302816652273295 0.017379501994140022 0.04373985926457149 0.06147876528017119 0.06223492240428733 0.037402018192853215 0.03261878849254152 0.03502313860407845 0.035173693787335834 0.07130684696054168 0.054663372632344456 0.07608850784121332 0.036698156697504154 0.026758683177830315 0.023812114585129978 0.05938193221181164 0.01463765368558426 0.02707971249386269 0.05179001840305285 0.03510528486575447 0.014514207550411296 0.09430999857269842 0.03311051909186383 0.0713508360446627 0.075724030007655
 0.04697380235792343 0.03542527338279668 0.04581437072687921 0.024348495732469014 0.01856597189733655 0.049691973440767485 0.013977106907760493 0.0825622222992718 0.030342683118810772 0.04615805403452304 0.040026244679332 10000.0 0.022831923336754517 0.024586391234443825 0.06479371583447949 0.04729562722954416 0.059052257016385945 0.041954920086849215 0.07793798012333472 0.033516892145740135 0.08277827589742322 0.0410843325414567 0.02290834187620322 0.04491761719198803 0.05379552727275501 0.08375815992696314 0.035943490170480215 0.06800470555666628 0.05984595351469 0.06482350641260243 0.045910086237471656 0.02815211250844675 0.04315075784619603 0.02858042568319639 0.04335935440517779 0.07309607049068652 0.07731696130044685 0.04981541921773667 0.04590913614395928 0.025982392720116192 0.04249149467664385 0.06697322771679257 0.05150519938537777 0.07944985532944199 0.05066489991755846 0.031156173430014117 0.06596838108167044 0.06858085788295436 0.08322080661158786 0.035971619113352726 0.01661790804271777 0.018243119182714002 0.031549378779760405 0.016522246462178244 0.023823099807549104 0.0590192868819387 0.04078717427819759 0.07717701871279402 0.06902017231244971 0.02118658498903774 0.013976470912914755 0.06016043019023384 0.05020107897774663 0.047544281121282846 0.061506696941257565 0.03904864829007922 0.0878476279174995 0.08793673578326106 0.01350455303149896 0.05662328384453308 0.050300247613808656 0.0400767652830964 0.08929068410220686 0.0819515193090055 0.042606369209927865 0.06517131760983443 0.07495089070653697 0.061986148454703925 0.016643311877797384 0.05965157420286088 0.0561747310159138 0.05509992048961948 0.06365206778512905 0.06180104272314561 0.06811396017996428 0.023785820567863526 0.0888649640981895 0.07069489981834667 0.09039841135040459 0.048114239910054285 0.04576386509584011 0.03204243330865277 0.05564245592216626 0.037081192292525524 0.05617052384107083 0.008906128077310789 0.029248654052504017 0.05741646031344976 0.04552902822985114 0.04317363395222553 0.034985698806454704 0.08381505191500173 0.04798297472372997 0.023424171536781176 0.0902128017114119 0.012965879685564263 0.0900914411049554 0.06915379234394116 0.04095842406119921 0.009430867502682662 0.0539708002433139 0.07595437046610652 0.08952400512085222 0.032322792903007186 0.05161531831476006 0.029893712970118873 0.04606670634924662 0.09955330910911947 0.030879439116823303 0.045688424105009395 0.0493094890658962 0.029209308549360564 0.02542085553226201 0.046590927940550864 0.06622995579128478 0.02968504842966901 0.06888196871574644 0.020969904459721155 0.05919561490647829 0.064840287324215 0.050201124031842535 0.08195127978115758 0.06052301047594224 0.053199150813919314 0.06530877313165817 0.05512547068294641 0.02453080826994658 0.04398712497092502 0.0205509091080184 0.05617838441539837 0.012466785522377496 0.025658279712390857 0.08898066399364538 0.040959572330730554 0.033627228837222495 0.03717771776542449
 0.037376412499749906 0.02847676924238771 0.03661116745446896 0.036018698133665726 0.03568887300784663 0.03512975157490011 0.032879923091198845 0.0624562140836717 0.014900545938951362 0.04329009783962811 0.03325945078863163 0.022831923336754517 10000.0 0.01244242053225759 0.04609851487392312 0.05653291664318466 0.044137043666168135 0.019160507297587066 0.06200855335908734 0.03470738499498505 0.06338337789303355 0.04187939043952319 0.035876366224698586 0.03405826082422811 0.03146325546396156 0.062237677698494566 0.045066637866216154 0.04517471043865975 0.04055907710132862 0.04581937508741139 0.035053654315456914 0.029904961754057185 0.04287004791208367 0.034262556157286926 0.05239126850790733 0.050319106235349464 0.0582886838768001 0.04335470561189731 0.023953789244154065 0.006928581985878251 0.022205048584653102 0.04441931661692999 0.037404419903990904 0.05772838239102704 0.05178929673201979 0.038706831271354034 0.043704526426582686 0.05227463927896788 0.060447485073476734 0.04446109601953349 0.02224176430354744 0.022077488255784643 0.009970186881044445 0.01949056238622735 0.017286226921518953 0.0409010229843518 0.040768900130151074 0.05709656957777468 0.046327915204614524 0.036035048474893944 0.011157646990022672 0.048442130114170125 0.044305160302088024 0.03311934206689139 0.04846311746134835 0.042312448580317574 0.066002034407605 0.06647810596056586 0.014432889730287947 0.038930124108049136 0.04718488468379015 0.04449529012716483 0.06715314218809215 0.05912366581157299 0.023727577364038858 0.04236719062395864 0.052837499109110515 0.04525029136276601 0.0336940431019161 0.04252918431317048 0.03710369040370673 0.04161310988022982 0.042259689841236577 0.03943474998863936 0.05548559730028894 0.03542161901938913 0.07024249448955522 0.04954841041476822 0.06897086687022115 0.025392400607723204 0.042318085602061885 0.043263651712048753 0.03868031200226499 0.042184441207853834 0.03595497029387975 0.013942075112174952 0.025920466786013688 0.038734947183815094 0.025608433469178286 0.025602666312777096 0.04663074796730914 0.06228308693215154 0.029130849948017866 0.02783056700541607 0.06842914005692438 0.025877429549792372 0.06942542927885755 0.05382107164809295 0.02478017654356292 0.028926639744240343 0.040963769030827046 0.05883671886409392 0.06815301067979182 0.03944053095331697 0.03824981806997537 0.020118574948602287 0.044066108401632324 0.07931036134744315 0.03142827968987089 0.05324054960973359 0.04287939048690887 0.030009107916826445 0.016369929134393994 0.023862936831815756 0.04384348483750133 0.030499803462899027 0.0504156785693932 0.03601755220650854 0.03878399243625677 0.045911501647396075 0.03870187632411768 0.0610945322438997 0.04547644744970378 0.03131744965956759 0.05223034489442395 0.03824811602169453 0.029237203962688522 0.044202067960097235 0.007110618382642893 0.03357986718740931 0.03020275058260596 0.024316953099078463 0.06983965184491847 0.018615185131858066 0.04225253497107501 0.0472962773872494
