NAME :TPP_input_30_4_2
NUM_VERTICES
117
NUM_CLUSTERS
30
Full Matrix
 10000.0 0.06868699166323167 0.006990979591191596 0.011749561700240486 0.07908376027521731 0.08133389388148149 0.030873335157781897 0.08631827110766555 0.05541055287651304 0.07334632265983412 0.08411587481091556 0.06431758852665202 0.07633652264656722 0.05096297839087194 0.11563178581980109 0.06922820168374086 0.07734644715693426 0.10836067258635927 0.05899586568185176 0.08465669009045412 0.06004862597645349 0.07613298880051998 0.057793662516680284 0.02614625240765472 0.029894748446657786 0.05702533596528185 0.09045563044324523 0.02692117785937713 0.03714454182002059 0.010833395452992077 0.0922252828121956 0.09640989552447386 0.05048542722809995 0.06950435276056202 0.07651392127562491 0.008869964928835038 0.07697994782512553 0.07014415705325128 0.03784402508216471 0.08518518937484788 0.08408870370554934 0.017508607368055484 0.03438756083491456 0.01012261641180314 0.069922111945408 0.03588697716047149 0.05576087937709502 0.09404704736177194 0.08546491200080225 0.03423606932888127 0.08866906567734875 0.07782437790880943 0.047621861432223855 0.03775383960178891 0.059342868155578876 0.08967281912337532 0.059385327811439174 0.03286976454308797 0.06654092140082869 0.07150384870713684 0.027885862197666464 0.06923936320672941 0.0355415901683045 0.08240953306627215 0.03941128210685823 0.08520130292830334 0.09330290487666829 0.04870799923181618 0.04864067870395729 0.06070702137013479 0.05388548728899491 0.07433008850075047 0.03509087981266401 0.07246041477521883 0.0153796131837443 0.012331638709969946 0.08124844772468355 0.08577867948858621 0.07711590807744023 0.09579477241715201 0.05997367804168804 0.04985601235280017 0.08258698339723004 0.05052622535780822 0.026722776343533546 0.047622403302757105 0.04187890367300163 0.12111907843637357 0.0736931383515759 0.06003825169003294 0.07835085256347558 0.009007922773429978 0.016002447731816524 0.029334752904161033 0.08842430226622791 0.06994175045082776 0.08701305753173214 0.04293313893367909 0.10199734223148911 0.08653619338515588 0.05615621306067978 0.03752983632733727 0.0456858423732097 0.041310801645556366 0.08106120744771368 0.03753976255580379 0.07893517126969744 0.05445758259171587 0.06500841743147122 0.05070625157468866 0.0804683515958223 0.08424393021362188 0.020209210972474613 0.06048589081667441 0.028441378805886642 0.05929862271297782 0.019684521844359114
 0.06868699166323167 10000.0 0.06246624131391886 0.061486625998976314 0.035974714125164446 0.023691465270012462 0.042213667021114315 0.02254343020419841 0.013783973607651167 0.05766921158834156 0.025351315681785627 0.01049223346999475 0.029200282279376603 0.0729955304081835 0.05699113528021509 0.07277834140006623 0.03470219123753047 0.055044236192612055 0.01176041227226433 0.03651214773530233 0.016833119731838934 0.008611296595064098 0.06326107528863865 0.044118269659810215 0.052143991521352386 0.03746396470437137 0.08417757874590275 0.04260787999765589 0.045624263071401334 0.06401579814971715 0.08848104953033528 0.03479055107948614 0.01884046975644488 0.07019506103562768 0.009558609561809891 0.060200729383254444 0.010545205551500594 0.019120533181971457 0.040714366174047736 0.05302392211624074 0.0628151084847656 0.055414538004972945 0.06362495016655415 0.07709234477608311 0.022681063441080198 0.06646202672078054 0.05383995098134982 0.04316301350844845 0.017350960034296994 0.06404744525627228 0.03573925566744915 0.018174165412291027 0.04214701625335247 0.07908922620602428 0.022157333228943234 0.026692581532485587 0.017392448688292435 0.03693550589182453 0.01381351463281748 0.0035626059023170886 0.07778547297837975 0.007510393252441485 0.061778334728033985 0.016882827371438012 0.06581765764236693 0.02552914890525851 0.06955187160580419 0.029183362371498465 0.051014715164011584 0.07992791968303792 0.03766304652530205 0.06171199841544073 0.03419626469838805 0.05793605263040837 0.054838597267773584 0.07718412236964425 0.03573718446130199 0.01731739248542143 0.07198880594073356 0.02967006635767612 0.045615719029161 0.03054302481198411 0.01554499437048086 0.05993970381369229 0.050226682018882994 0.024526210120259462 0.07434918189753975 0.06091422880006834 0.04021071329845047 0.00865680199130956 0.03649574345894248 0.061042642852024265 0.06906364997233759 0.057113086955155955 0.020048189906551352 0.0644045436132224 0.034708578587458315 0.025769092604852967 0.05618324398698819 0.05984349130606108 0.012609717796095501 0.0357072286772893 0.028471279936488687 0.048169322551496196 0.021575406931251123 0.053472149875684855 0.05455086447911508 0.04520237691688296 0.01572483303239366 0.029116818537484285 0.06282309529958621 0.05474994885583051 0.05961454803334346 0.012076173142645842 0.07405880885548707 0.013327105831142038 0.049267122383178506
 0.006990979591191596 0.06246624131391886 10000.0 0.011902556713130825 0.0720945662594085 0.07446805544535022 0.02388947414315057 0.08078659034453707 0.04901658453324625 0.07168188575589272 0.07897249598281991 0.05865347206236166 0.06935865496835183 0.05254764172814399 0.1109517999745806 0.06951786483562208 0.07329480912707041 0.10413640453199298 0.05318103083469577 0.08040616979507155 0.05476762444273115 0.07011433831092709 0.05761470412459454 0.021431621829088063 0.028399840181111875 0.05009825677161586 0.09046818874385569 0.020230279701630147 0.034639781254032574 0.01248644706945851 0.09256110607854673 0.09121768607165699 0.04403272260183025 0.06947038931308204 0.07005377028939674 0.0058985214322262725 0.07107337254153302 0.06327102214368627 0.030878656083389737 0.0823889820044851 0.08231954757634932 0.010689367300560658 0.035412383382408846 0.017046000518048932 0.06512911717467317 0.0373871711310193 0.05446212298928617 0.08980059672808312 0.07905031180197765 0.035351530463431466 0.08412062776082257 0.07104379024232525 0.0448833709978938 0.041401184692833715 0.054520677590253426 0.08426195248370842 0.05258402781538434 0.02617539846115696 0.059788214239122 0.06538681848821834 0.03232935067212487 0.06341985558379996 0.03615912779613907 0.07580355760410709 0.04059824937899387 0.08000642119197907 0.09159049872982129 0.04174323847886211 0.04715455916311279 0.06251303881213643 0.0506251103332538 0.07304241444985493 0.028539768812102406 0.07087246916457544 0.011969223868379961 0.018923876424642702 0.0771076046044542 0.07966544412012902 0.07677668934483947 0.09010672124025206 0.057557852325341566 0.042870353771389494 0.07607767804721687 0.05025262864160197 0.024402578616858493 0.04084655921696034 0.044356301393604726 0.1163132067624004 0.07027763503045277 0.05380979002170879 0.07136441262657724 0.0020954961091723813 0.019574259445526394 0.029036234511833493 0.08234013562040786 0.06921105404617087 0.08247664497337835 0.036707300280383395 0.09838028246995187 0.08431578292650219 0.05003334827301965 0.030585960877326866 0.03878668202533101 0.03940636764541416 0.07578819963028963 0.036541226639069085 0.07664449298467406 0.052107579789048376 0.05820724087166075 0.04633680166120777 0.0789275292291585 0.081668403057451 0.020358908716001902 0.053876209331285306 0.03204542494122962 0.05366712693399273 0.013204201406102975
 0.011749561700240486 0.061486625998976314 0.011902556713130825 10000.0 0.07693519395468273 0.0768389939671339 0.029391158943266087 0.07736394841161466 0.0489975028242206 0.061597195385202794 0.07453907370951078 0.055829068844527464 0.07328970108682879 0.04065065462787747 0.10533229447045056 0.057989473740834165 0.0665598488498322 0.0976241379216009 0.05091106676582664 0.07401676958020657 0.05091503900019498 0.0682987648394873 0.046316923935066784 0.01739854580391726 0.018171705074113073 0.0564502414592158 0.07909930455107866 0.023269235929700927 0.02566166770684153 0.002545215806452789 0.08103335841264747 0.08683977757707746 0.044409064142910494 0.058106679625392295 0.0699956393685181 0.006385973186360157 0.06886868102884372 0.06584787605006918 0.03730968729382584 0.07363261713783505 0.0723411632523048 0.020023020980953685 0.02356051801114975 0.016243191161088782 0.05996555136205974 0.02548592284641676 0.04401811441031466 0.08336930801201975 0.078695122179876 0.02348353903002832 0.07831267721966403 0.07277201205622758 0.03615780328996809 0.030243875272280674 0.04953171457056595 0.08048550836989572 0.054748850481328735 0.02867046718857154 0.06147668910564245 0.0639761673326702 0.022257676436621916 0.061015952923699525 0.024418881146032825 0.07641070385740556 0.028730907110357577 0.07569495141736327 0.0815535032952094 0.0459140071357597 0.036891391748137096 0.05061067773054435 0.04265493484075145 0.06259619396629854 0.030073412096731592 0.06071090351369316 0.006933905011210051 0.015758906393676334 0.07052262774631049 0.0780987716428665 0.06560295805055695 0.08707810807465603 0.0483454551613424 0.0475437732275179 0.07618930853542347 0.0389984292441792 0.015329732259059049 0.0431342916101798 0.03256319485368068 0.11095125532563073 0.06246001681896833 0.05299842076293466 0.0763601944694712 0.013251335219190544 0.00957281096043511 0.017718064728050233 0.08064772605276052 0.058301418479731006 0.07665085859974581 0.03635271741510681 0.09081696992771202 0.07483306909460077 0.048890769442702355 0.034874624200580503 0.04218058406692221 0.029612780803279653 0.07170346609533824 0.02580588979409094 0.06725034413494169 0.042824570365763745 0.06026577343903791 0.040457721617691775 0.06872018995740369 0.0726223716932052 0.008682840781938065 0.054808970111633125 0.02106599607517862 0.05081943262250942 0.01637214517454803
 0.07908376027521731 0.035974714125164446 0.0720945662594085 0.07693519395468273 10000.0 0.016392087245171817 0.048305380534178544 0.05359359838883125 0.035947782752626126 0.09268893522491038 0.058978817410237694 0.04564697310899949 0.006791896996518131 0.10161438066728423 0.08582828994406172 0.1057583771949596 0.07064331378730898 0.08706486316155196 0.043714008355597474 0.07181099449702527 0.050773532019332074 0.04086183612786172 0.09489225311133213 0.06251029368026102 0.07553867565533393 0.023160994609404705 0.11923894888369228 0.053677619730457385 0.07184384146786003 0.07932036921395763 0.1233838326971252 0.06475155325376854 0.03760925433906936 0.1035172684631254 0.030705994131426852 0.07282828697666387 0.04326987851867955 0.01710451917435662 0.0413523006772594 0.08899720841629961 0.09857644864002907 0.061830942576931884 0.08837556634362044 0.08909267991650975 0.05862958997770434 0.09140108521948165 0.08588489545606195 0.07723966050421044 0.03438364458733363 0.08870242142726022 0.06999244503029853 0.02009548752475303 0.07245108529455181 0.10250262295556231 0.05615777600145452 0.05732881268696433 0.025681435745305133 0.04837766287557715 0.023174979298163246 0.038170286792270636 0.09789779090545862 0.04347066379445173 0.08710203724019706 0.027583135439172332 0.09199371834312337 0.05867659859299924 0.10550756748915616 0.031024898013068205 0.08134278944457794 0.11002937642424387 0.07006330245950378 0.0965772477444254 0.047498555296422475 0.09282134512898067 0.07016099814989409 0.0905601993824938 0.0714443221369821 0.04192588193861627 0.10639547019477481 0.05570863760871158 0.0792149593388267 0.029451854496853686 0.030663190975007804 0.09007769143334526 0.07180231256426466 0.035026607430641274 0.10004334625002916 0.08809309457353588 0.07605904408207124 0.03707451738012982 0.001246870808092515 0.07008857048833657 0.08628961653303713 0.08039750295921647 0.04374386436324403 0.09838324765131112 0.06926010661076024 0.0447068135492471 0.0905562154341248 0.09579040588794255 0.03986157944396831 0.04211975046885589 0.034939516088500204 0.0761681897645105 0.05562510513417781 0.07999182865849053 0.0902900062914914 0.07749693281361211 0.022328945280866142 0.060049947805437744 0.09830596572654073 0.09071262892458717 0.07903650720944266 0.029573313190251076 0.09520361843257337 0.04622804821282692 0.060820542408151136
 0.08133389388148149 0.023691465270012462 0.07446805544535022 0.0768389939671339 0.016392087245171817 10000.0 0.05095564821482611 0.037842754711916525 0.029456969729693847 0.08130687311329987 0.04375509808655396 0.03416205323400927 0.010887438991973133 0.09516170101799706 0.06946574325410033 0.0963267459360737 0.05706338026176969 0.07102821081310723 0.034070487827262644 0.0572231662491759 0.04027619704346024 0.02626668807581046 0.08643829394798391 0.06052450993501123 0.07157941076985397 0.03205321947905743 0.10776820939756016 0.054518346954730026 0.06633469666583432 0.0793570403991373 0.11210649176610604 0.04859986795038295 0.03306939585280162 0.09379844206033659 0.01595748029374679 0.07389035307671535 0.02854524922301171 0.011201160377438612 0.04578178792618689 0.07550390424394308 0.08602286655808124 0.06519355024160506 0.0839640546617217 0.09087088272096827 0.04580744233302082 0.08693344376590764 0.07708816406543609 0.06186624645248474 0.018047668765370475 0.08434683015577049 0.05479411878035533 0.005519330312461662 0.06465848577148321 0.09899029083494376 0.0456938867506612 0.041399660688841496 0.022108720363609845 0.04863467343959809 0.015584123257376539 0.024819414417316436 0.09601358400072868 0.030648486229280375 0.08236420425691704 0.011342475079402888 0.0868593516537266 0.04329773481546448 0.09226200068884316 0.033239363440581926 0.07364907356297513 0.10269248904364746 0.06089382433447663 0.08537148150686169 0.04683302717937176 0.08159696822681446 0.069905357363009 0.09174532278087585 0.057313653029360645 0.02577531261225095 0.09567904202636822 0.0393531274134069 0.06920715161302375 0.0328026028509726 0.014493032395169945 0.08258732416225237 0.06864580773899574 0.033847678266255954 0.09526998505977928 0.07170232707299706 0.06340457799490802 0.02809593857164298 0.01743596717289225 0.07264737210866636 0.08559554719179964 0.07660495368956366 0.027448588452178284 0.08808012536934964 0.05421873341896035 0.041183814932524286 0.07518798109923411 0.08264586625076738 0.03192705517101522 0.04400694556638151 0.03570082580649023 0.06977953657016346 0.040670235107180944 0.07448907369395898 0.07781920498873264 0.06846666902265472 0.016576735472727967 0.051643916920682584 0.08627631654767466 0.0774851825004181 0.07712437125325475 0.022786135314241843 0.09276221481607133 0.03623343487859815 0.061868243281768716
 0.030873335157781897 0.042213667021114315 0.02388947414315057 0.029391158943266087 0.048305380534178544 0.05095564821482611 10000.0 0.06312127547245265 0.02845766119069167 0.06985425830689164 0.06305784012932494 0.04138287843115323 0.04547223952714386 0.06273190881667326 0.09603551972036542 0.07441606851349976 0.062261243310785135 0.09116559781682383 0.03554583631565972 0.06817532789410063 0.0396952866447263 0.05058235014764463 0.062011066121688975 0.01971621890538293 0.03431298547665279 0.027066648552962175 0.09331793329842611 0.007317711941777901 0.03524314122519378 0.03159872724861598 0.09638905029304348 0.07469729693069863 0.02346377388719604 0.07333120504154596 0.048426905031543246 0.02465971237074795 0.05203494707417478 0.03976814400040577 0.008035619447790245 0.07575180700400153 0.07944950893942047 0.014244727393135776 0.0463840607044855 0.04081083487004599 0.051477860327305114 0.04922553347146658 0.05552165152999131 0.07719163941384884 0.05748884988630262 0.046565933889016316 0.07050550390295318 0.04791181576387909 0.04223164526071639 0.057917214237789054 0.04165781670440665 0.0670143945085504 0.02952982877069144 0.007281063566005327 0.03689015950633443 0.04554310584154122 0.051373440640634246 0.04511097196524948 0.045923819752364536 0.05341834875251416 0.051123151724621535 0.06383025571092608 0.08846658930563435 0.01790363410674941 0.048588331671842656 0.0725204483831806 0.04499476371195457 0.07244168180192825 0.010118271162488483 0.06937461978188236 0.02311231124240619 0.04226522080704771 0.06549131965291852 0.059449487445417004 0.0791572257839585 0.07152449420979597 0.054281922163318286 0.018983178374287476 0.05412814710746628 0.05518732998191555 0.029489531770283066 0.018264631120650545 0.05775453114021722 0.10080162247903013 0.06200469686046515 0.033909161560849076 0.04761709098633386 0.02194401713596107 0.03895600871845492 0.03808144937216722 0.06219955812478474 0.0707907062019681 0.06897891303535332 0.018670852012185154 0.08793617010804576 0.07970996177971644 0.030972567392279778 0.00701562265093407 0.015374132803643973 0.04087737600888285 0.05943710522547082 0.04160383313910419 0.07222005107015975 0.04975297955832924 0.03508312980965088 0.036673675271953005 0.07706219819305529 0.0758955097249553 0.03352249369028485 0.03185820319582026 0.04944983385180109 0.03694272675488512 0.013028117770248851
 0.08631827110766555 0.02254343020419841 0.08078659034453707 0.07736394841161466 0.05359359838883125 0.037842754711916525 0.06312127547245265 10000.0 0.035154119115887825 0.05252227290009742 0.007383058112400307 0.02219226189477746 0.047056562715523775 0.07784682526558656 0.03447678066022261 0.07134123129971444 0.024695870485052895 0.033621271030803805 0.027883123112062206 0.02148909323675606 0.026449236750275346 0.014241689545874797 0.06496390400826195 0.06033768833214432 0.06406516295849149 0.059697343047574125 0.07707498754672831 0.06211180378362816 0.05611528745047291 0.07976199230312081 0.08168620460605676 0.012259772021105057 0.039862143557563644 0.06828653744589688 0.02312288342738954 0.07749111374679846 0.012030857737076482 0.03886968924228649 0.0626798772189171 0.04149911816395783 0.05378793697203986 0.07525553263823377 0.07315849880870717 0.09356079930626615 0.019912464097093883 0.0755648423398868 0.05595360964403073 0.024212426002990204 0.020618021616674836 0.07362253680109455 0.017566029482958434 0.033499304774332474 0.04876012570464918 0.08849041799035683 0.028610433410506196 0.004155183198665957 0.0398578779365921 0.056978439914512305 0.035093296349672405 0.018999781746124145 0.08971614258548452 0.018011944721728092 0.0709925132981664 0.026621926473370774 0.07384834251977729 0.006314351033277123 0.05807954863809411 0.05163274766196832 0.056100050307111585 0.0824543533165241 0.04203095229154689 0.056692064127846505 0.054018860102514936 0.05321373442449917 0.07137165156338227 0.09300613159924051 0.023023957354168987 0.012596664118287942 0.06747648222348267 0.009964205648691018 0.045978880565069956 0.05306809532593509 0.02345555955921439 0.06414484660988769 0.0637068101835736 0.04642546409361369 0.0821124999098288 0.038399926526001396 0.03307699842368573 0.029567894221736075 0.05443948619213012 0.07966803299743093 0.08339569591100161 0.0685259078015764 0.012192134764825394 0.06154940983773673 0.017398159544947087 0.04503957595972952 0.03746463649413514 0.04911973765568107 0.03214957353312674 0.05711818114053518 0.050542857910719274 0.0564862417306124 0.006970341806673879 0.06253698887924394 0.04637751244383277 0.048210649497200476 0.037325247173798634 0.03816551738283774 0.05536435199089098 0.04404733530173625 0.07344188964976725 0.034619063778422145 0.08553195512897792 0.027131159902179906 0.06792770327040591
 0.05541055287651304 0.013783973607651167 0.04901658453324625 0.0489975028242206 0.035947782752626126 0.029456969729693847 0.02845766119069167 0.035154119115887825 10000.0 0.05795117709773398 0.03624189361165588 0.015057712178841401 0.029979015168068668 0.0662786731779348 0.06902831494757233 0.06987624362069704 0.04045842229416652 0.0656409220073222 0.01007107062607744 0.04446667291984239 0.01705635760137158 0.022135946615922383 0.05894809597174041 0.03192576149973438 0.04214199459653812 0.02877100202360755 0.08427656475198776 0.02897058035319056 0.03699430409574666 0.05154263485026366 0.08824480653900066 0.047120304454826734 0.0050675451927755895 0.06770876450181272 0.021127876545314214 0.047127016926933926 0.023677748439255852 0.019920014845324695 0.027535882701451287 0.05745403275482276 0.0650873283254643 0.041661861047532445 0.05451401245896692 0.0641616702184962 0.02806405064542143 0.05748960457318311 0.04994996993743903 0.05252980719978657 0.030054795252945504 0.05489445333297058 0.04528609221394388 0.024618176622054674 0.03653736994657448 0.0695479085333032 0.02179612506756875 0.03918740364497855 0.010548213044331897 0.0232129518787317 0.014079047639146884 0.01708593362063461 0.06692167901502791 0.017326922873868895 0.052938746239071695 0.027418614535989483 0.0575055364043807 0.036780924356190445 0.07295831194143368 0.017374778075043333 0.04547220829395013 0.07433204576277462 0.03427263764890826 0.06162731498575785 0.020552250881193085 0.05794015894550103 0.042173620321955804 0.06450555513197835 0.04267541432569157 0.03108614084339097 0.07100394728230751 0.043147532395625146 0.043682587243689126 0.0193147465990101 0.027264433441616737 0.05428256964587957 0.039372066816693405 0.011317132659410995 0.06587068878735527 0.07338943890686106 0.04352913954765362 0.005586501494301528 0.03600641647052538 0.047515149352232666 0.05716644390081112 0.04717186966520667 0.033824450754135454 0.06282454147832224 0.04395981958779015 0.012658640594207298 0.06474778718033421 0.06332173698410891 0.004675258401723724 0.02208383442118175 0.015504820136155988 0.040765531858522025 0.032443344585832645 0.045181162758752995 0.056893775014605664 0.04161910468083016 0.013964811918010814 0.024146571621256444 0.06414597740385142 0.05856792781710534 0.048201321321825676 0.006775451749497183 0.06351831549135509 0.012543563056769227 0.03582045822431583
 0.07334632265983412 0.05766921158834156 0.07168188575589272 0.061597195385202794 0.09268893522491038 0.08130687311329987 0.06985425830689164 0.05252227290009742 0.05795117709773398 10000.0 0.045341579708162244 0.047334906449856315 0.08611714109995387 0.03525515640030717 0.060174470307938724 0.020170014724610906 0.02789068842584938 0.04905588764172154 0.04904963766274905 0.03327471335085953 0.04191794435311476 0.05647069301880345 0.020304009123153544 0.05298658762743818 0.043501474080012266 0.08542416220428778 0.026562852800215 0.06380989478187686 0.03725827852557201 0.06281508863424061 0.030813171728250377 0.05295519171128488 0.05848705651652728 0.016953382804460623 0.06588440949180951 0.06598898784269674 0.05475692035424243 0.07561828430762979 0.07521009581871108 0.01745560845277001 0.010767308413833915 0.07343999310738944 0.0423877433441442 0.07509578087252217 0.035980494902255286 0.04286349074524025 0.017753432185334157 0.03866088814506263 0.06933682740844047 0.04276729379537476 0.03923908530789377 0.0758067207496046 0.02792545560760024 0.05277652713002029 0.03656727380194025 0.0523396137582115 0.06841749200987385 0.06286945807331373 0.06951397489728783 0.05660948201992474 0.05965399296088046 0.050715718325094875 0.04036038627088724 0.07268629371744822 0.03929770950826387 0.04663564100935201 0.019958124868220233 0.0720235335931959 0.02470591145899835 0.03493253713061896 0.02524669603042986 0.004197517404309919 0.06062028380305304 0.001173787245524022 0.05975327225779421 0.07269846256472062 0.030363017607734136 0.06283388285045069 0.014980580376212064 0.0606084042542702 0.015598845382383136 0.07445077517219442 0.07014889082040328 0.025269988191619117 0.04728223728932934 0.06476959688968159 0.04437067043381681 0.06626482423027365 0.0194554546223944 0.05570581685373367 0.09298616015162318 0.07196173463409901 0.06130671012219454 0.04438899566863202 0.06368942328590002 0.010068831953159654 0.03818799486062062 0.05537886800156793 0.03782158705820502 0.01447327122097459 0.05347744203390485 0.06845517736905195 0.0680771059383592 0.032275663923237226 0.04595720057437837 0.03590532604554724 0.008780116534960882 0.020283442684490335 0.07049347841387542 0.03509060356080762 0.007322431359148467 0.014892443486867007 0.05338995719240946 0.06350376673426354 0.05540030438887735 0.04649677399820134 0.0643503168830616
 0.08411587481091556 0.025351315681785627 0.07897249598281991 0.07453907370951078 0.058978817410237694 0.04375509808655396 0.06305784012932494 0.007383058112400307 0.03624189361165588 0.045341579708162244 10000.0 0.02172796493682667 0.052293846182733715 0.07189108280762424 0.03299780366417087 0.064418022177977 0.017455558209435548 0.029733647524764165 0.02754827931107016 0.01421812197249417 0.024234392962472526 0.018260911800579656 0.058565501706556757 0.0579720722038194 0.060119861624525775 0.06277093846685253 0.06970577302288239 0.06120080488064982 0.051942892275830405 0.07685259611755184 0.0743206776476423 0.012307501989684416 0.040500396787516005 0.0613272683126005 0.028275267625821242 0.07524644441509451 0.01582890584959991 0.043360242811378354 0.06355517348499874 0.03414010376733726 0.04640600359543266 0.07432332700741835 0.06835997087265475 0.09078196069345996 0.014989507655334447 0.07061770682333007 0.04976795266620478 0.018270772464988087 0.02731318204191741 0.06882815615961899 0.01104517131436865 0.03903074644703018 0.04377158224132351 0.08347057901358142 0.02502933360973742 0.007319090539946316 0.04261092562556685 0.05648057866912681 0.03886643032777368 0.022084440520175233 0.08538986624637358 0.0190822072251152 0.0661427857143709 0.03281854580070821 0.06865342789177485 0.0013890908812067965 0.05076902592416097 0.05340819669968617 0.05053154151406958 0.07602802824488901 0.03675653081092451 0.04949320750356552 0.05346980206251165 0.04606702385838747 0.06890262228548011 0.0899739957263066 0.01564149430202688 0.0194899916171569 0.06026308408534962 0.015678034491147727 0.03968632487214847 0.055096469093220204 0.029707161938191076 0.05823203641439973 0.06026905649144486 0.04751462021986613 0.07675135861031633 0.0377934515141665 0.025949122867048133 0.030805778295299808 0.05973892314867831 0.07801861214511388 0.07991949903835192 0.06433665061764073 0.01944338604939427 0.05453044411014258 0.010513899200701383 0.04450597500641716 0.031577768723792594 0.04175237890087761 0.032537661044746674 0.05754468740232428 0.05172844838277 0.0517001510577502 0.003830987377723029 0.05780471770667412 0.03903042808483911 0.04239100632113181 0.04094305044743072 0.0343930729210197 0.048017701032269364 0.03667053369945194 0.06993361100129833 0.03706443650226637 0.08111472542995485 0.026156894630320757 0.0664701611286905
 0.06431758852665202 0.01049223346999475 0.05865347206236166 0.055829068844527464 0.04564697310899949 0.03416205323400927 0.04138287843115323 0.02219226189477746 0.015057712178841401 0.047334906449856315 0.02172796493682667 10000.0 0.03896329153991583 0.063189361553727 0.05472458034352369 0.06230106048937802 0.02607291035724729 0.05071418442758432 0.0058370453340289286 0.029486786488493205 0.006637002287968652 0.013190243325325512 0.052944290243292044 0.038559272393327175 0.04426047732028716 0.043313893802946146 0.07388224764881547 0.039958752691428734 0.03704974092445578 0.05828886887509696 0.07814306052152366 0.03335232685826269 0.01889119577137687 0.05970597255193728 0.019610605490420818 0.055537276643834524 0.013220721872775815 0.028550341556618303 0.0419084471294171 0.043885507108095564 0.05293720973503948 0.053111149574012584 0.054956093980606954 0.0719017766122865 0.0135745454497769 0.057678872590195655 0.04350398082650789 0.03747519825034927 0.02587187493826969 0.05539687860704922 0.030257118367346222 0.02864272294209857 0.0323480615262867 0.07050338412450238 0.011740892707471175 0.025859444209845397 0.02351822813779 0.03496121406431448 0.022621119682396315 0.010478750602137602 0.07014769052096073 0.005447178603690724 0.05298441990410255 0.02690850450565983 0.05670365420997713 0.022455149279851965 0.06008029425404468 0.03243108900648154 0.04105196578401139 0.06978665541566341 0.02739137197067279 0.05134031720593252 0.03197135399171269 0.047564500979112974 0.0495868685233125 0.07157136896952582 0.027903796053838772 0.022892727922496213 0.0615450654455728 0.03147982010788114 0.03513237587589691 0.03435546777868947 0.025068788672111018 0.04992030038563418 0.0430650235290688 0.026067726645599264 0.06523110693291588 0.05941976636435048 0.030500883487904376 0.010218119609898088 0.0460485668803262 0.057500511960290976 0.062531607971061 0.04907602824853973 0.02522459964341422 0.053919697867420596 0.02891110960819871 0.0229738801668467 0.049744072145069124 0.05035239454375951 0.010926489851933906 0.03582089772826809 0.030294380792420535 0.03891571119497247 0.018060049868659517 0.04452821192995554 0.04464913706101543 0.03487874879269545 0.023985322621228575 0.01957188738427768 0.052701630271876625 0.045360704139343816 0.05273753310504245 0.01790089474630462 0.06620388711118357 0.005027369866263154 0.045743202296735765
 0.07633652264656722 0.029200282279376603 0.06935865496835183 0.07328970108682879 0.006791896996518131 0.010887438991973133 0.04547223952714386 0.047056562715523775 0.029979015168068668 0.08611714109995387 0.052293846182733715 0.03896329153991583 10000.0 0.09608180794786514 0.07972844133868827 0.09954109103866911 0.06385584411354746 0.0806089537451538 0.03725267317968773 0.06503911442336512 0.04422972192709055 0.03412903399394937 0.0888623413240607 0.058122213928969345 0.07061466728420583 0.022841563226858083 0.11267737230511407 0.050200061187967986 0.06646159681497447 0.07573500206052114 0.11685410904157396 0.058400766214874056 0.03214689458719345 0.0972401720688928 0.02404833540779755 0.06958712629371348 0.03654453898538741 0.010511338294849274 0.03917644754338366 0.08221756204043047 0.09186807459198588 0.059428826707926236 0.08337117591620452 0.08620415425337057 0.05186763735117991 0.0863904467946736 0.07976126365149547 0.07056286027639708 0.02835773019671116 0.08371558280341634 0.06328974641257981 0.013658798774695134 0.0665048424878239 0.09781270326034945 0.04964169074742309 0.05085740010331185 0.020116690003812252 0.04462007528367856 0.01666694330522653 0.03137890055347907 0.09371821492158515 0.03668999944250227 0.08199848130109069 0.02150693836296333 0.08679344716927358 0.05202309376876327 0.09874570932512833 0.027660481310157005 0.07545011831045814 0.10428937616124118 0.06381949357586301 0.09003539260373486 0.04339998891739689 0.08627245270669168 0.06641927310650796 0.08744953383252754 0.06465416211359122 0.0356420590745553 0.09994164880387288 0.049633467551904696 0.0728412296739941 0.026515917246847116 0.024482226005357908 0.0842576933811101 0.06710258768262006 0.030516535426096243 0.0949691677888712 0.08220797301330247 0.06932579626920647 0.030652426291019958 0.007450245056171672 0.06741475472295609 0.08247544353918748 0.07554595411564863 0.03759864139672694 0.09199087489003528 0.06253446005799344 0.039650297395729436 0.0838692156118867 0.08903193998096419 0.03365678699850095 0.038886126959756545 0.03111791542640791 0.07057465167976583 0.048903407336620616 0.07464746283458347 0.08358441711083496 0.0713035421353858 0.016089910663217754 0.05391579145199616 0.09165456305486129 0.08394705009713604 0.074774031773021 0.023401457624701905 0.09083179597549419 0.03973152457659717 0.05748933747184575
 0.05096297839087194 0.0729955304081835 0.05254764172814399 0.04065065462787747 0.10161438066728423 0.09516170101799706 0.06273190881667326 0.07784682526558656 0.0662786731779348 0.03525515640030717 0.07189108280762424 0.063189361553727 0.09608180794786514 10000.0 0.0938793177008609 0.02090172590263602 0.05646989412544347 0.08332748446764889 0.061465141188255544 0.06374281820985829 0.056552711684853665 0.07583099667871634 0.015085028363127124 0.04307029299265022 0.028422391294304062 0.08663786299101199 0.04173658757209719 0.05542113935140381 0.0298628233060695 0.04049192837777429 0.04255699280731055 0.08235866991682615 0.06401538038851042 0.022598303143886406 0.082524902454104 0.04682900662909013 0.07504755791808282 0.08619844195587315 0.07032027856236651 0.052399846750191645 0.044530101274718646 0.059080822364184916 0.017261701321458222 0.048502614022487546 0.05803930916968683 0.0151743981539344 0.022287650940065483 0.07127155474219618 0.08896874492759632 0.017262879353488077 0.06963443057537289 0.08988696294407908 0.030866584112713022 0.018896945282536055 0.051815944792328095 0.07918385215026111 0.07601489042045384 0.057888667903681065 0.08028323624075123 0.07365657162695351 0.028196425388693647 0.06831157751784861 0.017058884586256533 0.0898655248725494 0.012076219119187905 0.07327949502795775 0.052192863944572 0.07332804637196308 0.022209602322434453 0.010043045596274355 0.03634203929307966 0.03356377214131123 0.057155930523782504 0.034081971870602884 0.04290006463210038 0.0453221760347749 0.06015017536150419 0.0846838565111848 0.03066810178883581 0.08743746903576602 0.03238970337591958 0.07564483639042974 0.08822846674594256 0.01370368097488976 0.033255480789464255 0.06735747069971561 0.010711033320681542 0.10000238285316956 0.04852295048279313 0.06707728452467376 0.10147377683301903 0.05377006294460141 0.03539862502483044 0.024979830002313682 0.08643555803544446 0.02674204557707078 0.06820232985378426 0.057160004822718394 0.0727561317079471 0.04949050446758275 0.06326414081272051 0.06500464357640316 0.06888139347420606 0.02551812817282429 0.07089332105895618 0.02191072329238564 0.043820770888314015 0.029643144855468734 0.08022644464007456 0.04388055769974478 0.040092977544399624 0.05004797847487655 0.0323535058851557 0.07303300249465637 0.024853547299562673 0.05967045800703078 0.05183614675807699
 0.11563178581980109 0.05699113528021509 0.1109517999745806 0.10533229447045056 0.08582828994406172 0.06946574325410033 0.09603551972036542 0.03447678066022261 0.06902831494757233 0.060174470307938724 0.03299780366417087 0.05472458034352369 0.07972844133868827 0.0938793177008609 10000.0 0.08011259200567765 0.039449260992683546 0.011651323867596708 0.06054592530176042 0.03172639298790727 0.05677802748186536 0.048698808802212064 0.0789587683729872 0.08961563344163133 0.08924674713279868 0.09412668831075949 0.07626207885390007 0.09393420281003542 0.08089746771270027 0.10748255626241436 0.08068692656440879 0.022217757093401604 0.07343286477770654 0.0769256184737426 0.0567268029444772 0.1067996656551923 0.04650663796270289 0.07266920715097387 0.0964769644169518 0.04296967397634576 0.05490987036627252 0.10698912601530142 0.09503328738114933 0.12143635911256852 0.04582628289126916 0.09673964989115824 0.07216942264906923 0.022903152001086002 0.05144564270338199 0.0954960453158075 0.027020249938112806 0.06611862444979669 0.07120217211787123 0.10890084763878224 0.0564327112691862 0.03032170275090169 0.07433365447123563 0.0893835354284278 0.06939910673299203 0.053462695331181656 0.11289829759042129 0.051709249378110986 0.0927491179286829 0.058267129417636024 0.09401936025097316 0.03230876192641599 0.05347473175944533 0.08592414560523515 0.07558528593494492 0.09502317585375954 0.06397876955669493 0.0633728186691133 0.08636807457114425 0.06128130617388418 0.10026239802718265 0.12022194865999213 0.0354036402625565 0.044166194304247 0.07248067071055415 0.030120012653881593 0.06268395701962234 0.087448725834997 0.05524732930903575 0.0812730349900217 0.09036123556622118 0.08034192274071751 0.10115949641784489 0.006125005467855508 0.04595191148032362 0.06350083336623219 0.08682183173778105 0.11015751173817535 0.10950672059879314 0.09278143847352052 0.04213016307791234 0.0701934230928222 0.0286822678485323 0.07743878017325007 0.0240553455618592 0.048813060491685475 0.06549133603143233 0.09053371186124812 0.08453139725869552 0.07917999837801924 0.03669519120424263 0.08512024753782135 0.05147675660317645 0.0671948842311607 0.07167335152997652 0.06495589370200924 0.058632361099118326 0.04582790861203189 0.09966232086449768 0.06905424315610954 0.10848114292563586 0.05910029880107257 0.09884641174866013
 0.06922820168374086 0.07277834140006623 0.06951786483562208 0.057989473740834165 0.1057583771949596 0.0963267459360737 0.07441606851349976 0.07134123129971444 0.06987624362069704 0.020170014724610906 0.064418022177977 0.06230106048937802 0.09954109103866911 0.02090172590263602 0.08011259200567765 10000.0 0.047194253794580275 0.06881695477112743 0.06251617518403493 0.053186592743308905 0.056050717911608205 0.07322267230398433 0.012432493315304287 0.055194002398340644 0.04195806467507591 0.09472268078704332 0.021341789726876007 0.06744870013783576 0.03917395359489247 0.058417334683100855 0.02304816566987901 0.07283609201711512 0.06907960165353683 0.003216637976350281 0.08176029284320582 0.06362248330229898 0.07183196649412917 0.08911021208045064 0.08113306377460762 0.03715208244724161 0.026421244455242885 0.07412325322288811 0.034948029662191925 0.06822945909791991 0.053132287545506474 0.033973170254669935 0.020061107902811785 0.05882990777606324 0.0864553925211897 0.03515323782177124 0.059198081667083166 0.09082248034781262 0.03403562703362428 0.03978429296749035 0.050643981883418315 0.07160756050083673 0.08035765085859667 0.06829216381994217 0.08294499770748386 0.0724203443610014 0.04892103187907616 0.06657322162797187 0.03368661431044096 0.0889141266896358 0.030207406540249147 0.06576268994144994 0.032633765136532565 0.08102185165667623 0.026054732969047825 0.016314891212051093 0.03572233593224558 0.016739774748511828 0.06673868997229135 0.019158988277804573 0.05846943456538064 0.06524220378193435 0.05007472402182174 0.08065489539587609 0.010034037478376624 0.0799640998010701 0.02717338168006589 0.08346610729628938 0.08668639493788528 0.01960437167689014 0.046739239533197 0.07416154219699171 0.03157739691722503 0.08616880617341745 0.03859308451663716 0.06897362000042055 0.10586387976511481 0.07036897549425554 0.05458699364220512 0.040486668970702244 0.08183622931271113 0.010147189219388777 0.058063639303802865 0.06394741629053001 0.05713313302099201 0.03221037409474413 0.06590768936444291 0.07490725867096555 0.0766956895909195 0.03354063985381773 0.06452622709516122 0.03373141949096617 0.02867182714465623 0.028263135410296642 0.08348030577403817 0.04572997305556417 0.022113094215066263 0.034340041384965894 0.049309798998717486 0.07619439601346126 0.045305720664564134 0.06019244724473854 0.06574265341590824
