NAME :TPP_input_18_5_3
NUM_VERTICES
86
NUM_CLUSTERS
18
Full Matrix
 10000.0 0.036262308366454665 0.06095461973862293 0.04837611101581525 0.07676734892765846 0.06685766935022318 0.07790780495236252 0.06990964109711134 0.04670301460587676 0.025991985555038743 0.03554420318885987 0.05300770593750294 0.06896323244439358 0.049077874662695885 0.025577327233442613 0.016486366570164467 0.08155817304130328 0.06298795870187418 0.05674347574532328 0.0371879136004493 0.0661850602341103 0.02409903641189284 0.06734141702016173 0.06011145347958896 0.009119125860949791 0.05899874589728587 0.07392998636163062 0.05039161115004661 0.09122168354505421 0.08736060961527417 0.06466664813140222 0.01543492223979888 0.019353265707848764 0.062217780150180334 0.09451328774662227 0.011353729899011821 0.061740809962751275 0.05747706786147713 0.059829769917366854 0.10079811949981762 0.053486857555982446 0.05094807887912516 0.06704356500817252 0.06498738292621306 0.06336338771873723 0.06683994459214722 0.014194833567982448 0.040542071652767096 0.00806034343384576 0.013765943815963777 0.051190950053860526 0.05463632676235792 0.025897831384701427 0.027656521557883475 0.04808238308951579 0.041765566776879516 0.07376766810382653 0.08841788988533222 0.05554962550890415 0.05834291635872946 0.06867065583525309 0.06916099439652765 0.02300200122035755 0.08161537504601846 0.02615286238601455 0.04351476354257957 0.015098101111776768 0.060291577619867115 0.07257747683573483 0.02098807770359412 0.0190100238012068 0.0352040838372742 0.06488961493311808 0.004944843026264222 0.06152271233924222 0.08188600864070318 0.01493757746471596 0.06477538338020178 0.07461570372774669 0.07623772489720515 0.07095173491882811 0.018099088081304344 0.03814209353560623 0.06267361199707851 0.056561176466831536 0.059794275874992794
 0.036262308366454665 10000.0 0.025021441324913022 0.01925527269231346 0.08955620114664968 0.042078302160511505 0.09116933085238649 0.04484113381092934 0.015381205885480349 0.05712825867393525 0.010713049774052363 0.05926040646493953 0.051304445595111194 0.019439501142425156 0.06179806916206067 0.04989997766028082 0.059145734259893154 0.0338210724243587 0.07645390952625655 0.06881066555920713 0.04866828584146903 0.020235047133650298 0.036908237808766696 0.04146144504186404 0.0364345045055223 0.07440193958301371 0.05884916118832538 0.07130535333818838 0.06993368954539231 0.0812283245108357 0.08862085815271144 0.026048934147060075 0.020663984584643715 0.07783970576431096 0.07386047790924621 0.03187628795560019 0.04614625914616119 0.06247693444766245 0.025889447515073737 0.08403752387684836 0.08059960923325113 0.015510170292128356 0.08832539953685498 0.029968409327208026 0.06761130643760824 0.03300982347602865 0.022643091054438184 0.006163793155172871 0.043190811131401954 0.0377230428100405 0.020894033955505743 0.01845903052291837 0.0305343560231472 0.024905037038207328 0.04010284372611252 0.01756034233322923 0.06325266931428068 0.07055747752629295 0.05513942366676242 0.047811217974902974 0.07096213464249994 0.08496634928993689 0.05864884102748816 0.07041635969035741 0.03899051764881842 0.02748351463196177 0.050485914214847646 0.02588885817247588 0.044146380233662054 0.02616885066233576 0.0336950250724561 0.027489890461792697 0.02903730342617885 0.03143391933603397 0.07312839031052731 0.06449087212228113 0.025662936186112383 0.030463325067204138 0.094787441974234 0.06956344874126076 0.04348801710078791 0.018445416160507495 0.040120356067299245 0.02934314422972875 0.02262201851245299 0.03842845177141252
 0.06095461973862293 0.025021441324913022 10000.0 0.0194158710778557 0.10086094658354854 0.03270496192048581 0.10262874776121023 0.03421904443983352 0.02389314052172118 0.0795126144071262 0.031027900898172856 0.07035875506751715 0.046773088295813725 0.018587968233516352 0.08653073268933291 0.07492098220387663 0.04820589775559042 0.02173872010296865 0.09255377709730574 0.0908537827344281 0.04499445466599329 0.04404594556324815 0.021363975573765126 0.03908796510910608 0.06144375951365606 0.08846692799708374 0.05492557407989793 0.08841799491398976 0.05850853330845941 0.08101577634884655 0.10610635306546012 0.05089073791241331 0.04543455252505147 0.09170002841640543 0.06256429856439977 0.055012058705593454 0.045021625680987776 0.07230451682455817 0.019075376469753477 0.07512155491238813 0.1000666319525263 0.010145952978712984 0.10442564205888516 0.006958817185454876 0.07619112183244099 0.01217742762257337 0.046935390303121584 0.022737289010141253 0.06742776887802311 0.060206505147904404 0.02560622282687469 0.006860099533940561 0.04896408240665596 0.04286240426348407 0.04728521784871175 0.02587634563186095 0.06228563751550521 0.06220994909099873 0.0630483163224254 0.050444758322731084 0.07784407522403172 0.09833508400622493 0.08274343768181229 0.06772893971779714 0.05772884174884993 0.03483981378391364 0.07460257862022338 0.007321915125102419 0.029364336058435296 0.046974507337297695 0.05791450264801978 0.04099803801809709 0.01234634503643394 0.05623141335071537 0.08527444512754472 0.05746655895954483 0.048726678458652 0.01964009553448715 0.10992296145765586 0.07048758343679527 0.030208327643152535 0.042875586058126955 0.05352148754116892 0.02189827816696676 0.009051123157022561 0.03446194346412524
 0.04837611101581525 0.01925527269231346 0.0194158710778557 10000.0 0.08163419760080866 0.02282813400192185 0.0833878498351513 0.025588745532748546 0.02970814520146758 0.06287833539340228 0.029714064621594455 0.05103286660250152 0.033136690853378 0.0008842781247026314 0.07327622232027582 0.06409038027047091 0.03991916624700919 0.015230769160837123 0.07325826633912777 0.07374298084100649 0.03070646693804034 0.03868102185482597 0.019148839347239727 0.023697887749125342 0.05141625060686108 0.06905248643818798 0.04107393205641916 0.06929426989204447 0.05072233455311446 0.06541133801888953 0.08696921855969927 0.04258943439462963 0.03775927478783954 0.07228426443653387 0.05467315294853863 0.04006119082262206 0.02912802527813255 0.05314476318054773 0.03330731635686107 0.06523457153114898 0.08149249064092325 0.012312797183756143 0.08509815597081269 0.019519773338815542 0.05728719718490984 0.019422011098170173 0.034364155602965074 0.022264178014989554 0.05346833997243585 0.04428676000520593 0.03425414346825144 0.017514486050462578 0.031081522356235455 0.025238210192344672 0.028237659470896494 0.007371023191226527 0.04679096243229913 0.051753675655838445 0.0441401656600011 0.032891558343954595 0.05936582346315846 0.07893253003165242 0.06807211690902433 0.05333099465998427 0.0395668621956584 0.015454262817522742 0.06017948608746422 0.014491438194347749 0.02548789023684437 0.03059620511358321 0.051194134994625475 0.02198559958769039 0.030398827278012977 0.04426889606743736 0.06591682998322378 0.04590090084812926 0.03418023724341174 0.03601905705894563 0.09052170183222441 0.054165493396180465 0.024524386937391906 0.03105345766119533 0.034180226599759236 0.03691045002921336 0.010921691102993722 0.019948347542488976
 0.07676734892765846 0.08955620114664968 0.10086094658354854 0.08163419760080866 10000.0 0.07685670569143986 0.0018274939078323353 0.07810660506980348 0.10492626419876518 0.05713218569078423 0.09750327387016197 0.030722473047567023 0.06406747312053607 0.08240865901772366 0.07915283309482653 0.08675753124784927 0.07621103386873991 0.08419134276398221 0.023197244294270444 0.054268078332596455 0.06367265001128299 0.0941223245616006 0.08819128193897242 0.06571139057663243 0.08588015612791876 0.017863938331822104 0.05967636551320931 0.029072435495193158 0.07762754154915413 0.043892007561823904 0.02924476979670945 0.0886833254437183 0.08911860443831007 0.014927641952831288 0.07772904228604464 0.06841527335386473 0.06053005139612243 0.02858010126224632 0.11337647568553673 0.07218023201081994 0.03907892372516412 0.09341042225476283 0.021978650661704985 0.09909187122336553 0.025495415151669518 0.09625998642119135 0.07697787579286287 0.09565567364437479 0.07159893653244191 0.06343418490315174 0.11042716207813415 0.09884922875256533 0.06026842162397821 0.06501885783719381 0.05360263735932271 0.07636681049044178 0.05081229475618344 0.0690164926993982 0.03817167431308229 0.05289603633555321 0.02637934822882795 0.009538902489550059 0.0700733862493959 0.05311572544244162 0.05367652366880527 0.06622851367400291 0.07003279311645337 0.0947256990592057 0.08579869055091338 0.0663197497894105 0.09527628170350536 0.06239211562516919 0.11196687041964405 0.07859400228066218 0.016472435304857237 0.06588444188694473 0.0711560408527813 0.11691064946654413 0.01918646699734332 0.04324472398889049 0.08319316632570271 0.07923844637161488 0.04946641938204117 0.1170656701730916 0.0919001039841799 0.07015136441911324
 0.06685766935022318 0.042078302160511505 0.03270496192048581 0.02282813400192185 0.07685670569143986 10000.0 0.0786841714629998 0.003055348404222396 0.05126369311126333 0.0751742982284665 0.05251427760777619 0.049188065503095436 0.014872781955931353 0.02270737414162629 0.08994700067045375 0.0832504183341464 0.017124067839221054 0.010966813097151652 0.07520536291465892 0.08446447391025455 0.013932869328276113 0.06109894156300558 0.012727077669357904 0.011548040792006458 0.07159113246638286 0.06871621815153449 0.022714346846030294 0.07299497507811034 0.0279421193915689 0.04931056194208525 0.08975732338976382 0.06399670134898934 0.05959553168311899 0.07138269856256299 0.031931377600356255 0.05673018816418435 0.01632873667656905 0.04934662130598045 0.05125473307410397 0.043212611441967655 0.08751156350198318 0.03194984267388646 0.08612615468600858 0.027497032938386866 0.05138073293084103 0.02276241795779165 0.053877364880386025 0.04479635741876817 0.07028049909406175 0.0592129075106727 0.055076707883803804 0.03533583622094509 0.043871782614444216 0.0398020320791598 0.027570315885005893 0.026536594240480327 0.03103501387409656 0.02991692287696967 0.039468832288217515 0.02408725233077919 0.05119048946482029 0.07686778959484937 0.08325473105695083 0.03548361478633751 0.050252719360363324 0.023788049623790164 0.07606590367430094 0.025407187767676854 0.009071907766057194 0.04644696969622544 0.07291744607415915 0.03301473205208993 0.044949711874394414 0.06350301823798785 0.06345215373085454 0.02480670375273703 0.051927657115341364 0.052335446225157206 0.08994277037124779 0.03980485635237548 0.006453967780617971 0.05137817471949621 0.03945952893677406 0.054392540111010294 0.02510480479680225 0.00830672934618062
 0.07790780495236252 0.09116933085238649 0.10262874776121023 0.0833878498351513 0.0018274939078323353 0.0786841714629998 10000.0 0.07993327546423956 0.10654392406661012 0.057879582221305396 0.09904588524983228 0.03244008384050718 0.06588561754223503 0.08416492115238625 0.07977488626092688 0.08765434743880925 0.07799610533364504 0.08600860380839506 0.023659106935788536 0.05466367811709504 0.06549707240999252 0.0955166860791307 0.09001361602437376 0.06753682308708633 0.08701327708122095 0.018918733087173 0.06146331263631024 0.029695747836353148 0.07934175612119139 0.04537435865287131 0.028761943858041247 0.08998257765399421 0.09049368802769787 0.015826997958600278 0.07940816520842979 0.06970087134945477 0.06235754245749588 0.030364605903788765 0.1150665706921352 0.07371619107146939 0.039043189933785645 0.095141415003122 0.021483364597612437 0.10088664439491625 0.027321707320648238 0.09806889270656403 0.07835958764689865 0.09727664858684885 0.07261834959737407 0.06464533674388902 0.11204787735124326 0.10058316266700879 0.06177355616363664 0.06658380981719765 0.05538075592957884 0.07808375033927244 0.05257803887527742 0.07070782774989248 0.039979517498946154 0.054721797490840496 0.028178048204227243 0.009811117593582762 0.07074372651000499 0.05479651751686753 0.05507000638842338 0.06797386491927472 0.07089538486277396 0.09651086788102484 0.08762602798031789 0.06778325177672333 0.09648477671813722 0.06405213991634606 0.11370898321778393 0.07981601109847586 0.018046464880650714 0.06762803051491736 0.07254167162205005 0.1186209130606145 0.018110837486544098 0.044955691138100544 0.08502057580952815 0.08067243033924114 0.051102086595216395 0.11875505466406125 0.09367392728508796 0.07197419199464339
 0.06990964109711134 0.04484113381092934 0.03421904443983352 0.025588745532748546 0.07810660506980348 0.003055348404222396 0.07993327546423956 10000.0 0.053593134404481546 0.07800072780560195 0.05520393245023094 0.051026353488087456 0.014940285546224384 0.025418793027985935 0.0929491031323136 0.08630487766285647 0.014612298675580792 0.012686523021141547 0.07722926884695988 0.08717564963316596 0.01457263027946787 0.06400628385285577 0.013396860063921585 0.013611603361182254 0.07464036063310402 0.07054170309103588 0.0222887950768768 0.07519716183628646 0.025401890521004927 0.04891966542333677 0.09180231274385776 0.06700263583017238 0.06256953042979396 0.07312953187216766 0.029431827520736906 0.059760522912429566 0.01771511709799741 0.050957559707119925 0.053008102096521334 0.041141741469917274 0.08986066962402892 0.03419321774042474 0.08800631413953701 0.028617479214783272 0.052698377088768886 0.023617966844505126 0.056929427478799956 0.04737542092557509 0.07330092169405536 0.06219151181837244 0.0572518487598235 0.03729870470814379 0.04682442741727923 0.04282144379786725 0.02996185726372631 0.029531019469795625 0.031032278568186168 0.028026003091722016 0.041131389242302654 0.02566312450409855 0.052192912948013204 0.07845039001994063 0.08620735181114586 0.034866312884228375 0.053081957478613426 0.02678724345247814 0.07905292896541312 0.027002805907358828 0.007819097515609203 0.049475901043008946 0.07590791284594209 0.0359796815113063 0.046325908101478956 0.0665582806496173 0.06507731194790174 0.02333244423799133 0.05497845803212522 0.05384927246584266 0.09163357262194494 0.03991413710032724 0.0053520947662730346 0.05441541469240323 0.0420631621408578 0.05605062412466476 0.027063604206650316 0.011004915040181681
 0.04670301460587676 0.015381205885480349 0.02389314052172118 0.02970814520146758 0.10492626419876518 0.05126369311126333 0.10654392406661012 0.053593134404481546 10000.0 0.07015280223450686 0.011199853495908805 0.07456606891262091 0.062823088748379 0.029468500055012732 0.07127258727205343 0.057429669854740385 0.0682026066960372 0.04118775335520851 0.09160279600052768 0.08190077352453011 0.06041419009436927 0.024450788394035673 0.04276472765998406 0.05338588411418184 0.044119539858263106 0.08974755824501864 0.07078207513163164 0.08631424072483963 0.07896048615406893 0.09466923447828905 0.10345940206703458 0.0330264371893561 0.027860624820455985 0.09318977858892677 0.08300727720539203 0.04501397584032629 0.05867549553776409 0.07769342234401079 0.013338158003393975 0.09440697639275844 0.09490248139491786 0.019443176524497337 0.10342883565580234 0.030702965931737578 0.08272150198532824 0.03546321605117803 0.034910063865037005 0.009277437180324458 0.05442331366679941 0.05116789194356837 0.005516346325931498 0.017725075579373455 0.045726195700415216 0.04023370725802945 0.05465145175954216 0.030981794753225465 0.07624287173621394 0.08099592899122099 0.07006171885585993 0.06149630137116907 0.08586195004658208 0.10032807978727942 0.06970170829991625 0.0829771636510246 0.05398610819756632 0.041586092748600256 0.061703594348113976 0.0287333547253021 0.050795460308137294 0.0409089190470091 0.037789330408536735 0.04272930106507578 0.020576165362816538 0.04177294199604693 0.08850522370605517 0.07537083237531697 0.0391882230348841 0.018311105460519863 0.11000057257681398 0.08318599204218674 0.05089272361877974 0.0308579241761737 0.05547415700642658 0.01597426935153812 0.02710184591171848 0.04962036150886804
 0.025991985555038743 0.05712825867393525 0.0795126144071262 0.06287833539340228 0.05713218569078423 0.0751742982284665 0.057879582221305396 0.07800072780560195 0.07015280223450686 10000.0 0.059436873294575664 0.04214206567386898 0.07194653817305582 0.0637319378655886 0.022522004075250693 0.03040166331390636 0.08626580600060724 0.07499424220267648 0.03462494633352645 0.011748768713224039 0.06955156594066138 0.049618110197327814 0.07977532878729557 0.06544310096208539 0.033771902266262636 0.03962950598083815 0.07429974505042772 0.028288461322235076 0.09411480276847889 0.07958603937602567 0.03966184606742839 0.041310109305919676 0.044558862767581336 0.04223533120794069 0.09663129942793663 0.025291020415943243 0.06465353528529623 0.04641732303352527 0.08260938015276761 0.09945468276670168 0.027747330928234594 0.06943762601375489 0.04314568181863719 0.08190525317821737 0.05159321370558168 0.08229709530564701 0.03524273977452151 0.06255063346664329 0.018259777829328222 0.019455344015122146 0.07514042968160982 0.07412231009905582 0.032157924856827586 0.0376798265657637 0.049614406448365754 0.05551098619803226 0.07090292766746317 0.08900660510583358 0.049145974265135055 0.05854254366888105 0.05738746757985274 0.04828819530652178 0.013228077253947193 0.07813844216955863 0.024921696502889286 0.05203031366447805 0.013708557750340983 0.07686805763141263 0.08286142427958022 0.03259481301729151 0.04437556891745076 0.04275137402313555 0.08603485736522135 0.030135955962955097 0.04456127570664174 0.08285438492792545 0.031465813281820465 0.08738444073828436 0.05088749283342076 0.07024700565972643 0.08067897890304326 0.039328112763639025 0.03693977914985198 0.08580997885601836 0.07305504582035915 0.06700436607278915
 0.03554420318885987 0.010713049774052363 0.031027900898172856 0.029714064621594455 0.09750327387016197 0.05251427760777619 0.09904588524983228 0.05520393245023094 0.011199853495908805 0.059436873294575664 10000.0 0.06778069864664046 0.06201744492955448 0.02980693626263722 0.060088429517031326 0.04642447727930939 0.06962528132272516 0.04372847363930838 0.08268337815434573 0.07116616143018532 0.059380066266428805 0.013656568954687637 0.04637488346806518 0.05217246043020246 0.03302439670894577 0.0815689769418284 0.06954901111864996 0.07712458155702434 0.08043346514902176 0.09161413087536688 0.09393150856161336 0.02192463320025127 0.016682199882910604 0.08502830800795116 0.08438721324956938 0.03456346755267142 0.05681074105549239 0.07128924416553357 0.024488657087405677 0.09471931182649762 0.08482351502498851 0.023338605124202827 0.09436060029615206 0.0371273634508224 0.07665287444315283 0.04105405640771806 0.02430312830231324 0.008552752403937231 0.04332582237713686 0.040789284327602 0.015749451355992476 0.024187581594801652 0.037365383572810655 0.03252749000407772 0.05004922726346198 0.028225048260772812 0.07380356280252448 0.08123555190456665 0.06456905052329609 0.05820022156651795 0.08034455235779643 0.09223712275336585 0.05854614989555751 0.08103867721896676 0.045040153783157205 0.03784017460493013 0.050581351104071116 0.033881875593279466 0.05395427396049526 0.03183076968441624 0.02742347581463285 0.03661729755067673 0.03085110503965318 0.030626138966852963 0.0810319071769594 0.07519214317250095 0.02907212073938879 0.029464254645087125 0.10118865155910207 0.0799049065686427 0.053509850568931865 0.020456461942479746 0.048540140465451485 0.027165945548070097 0.031188936405201526 0.049121405397796795
 0.05300770593750294 0.05926040646493953 0.07035875506751715 0.05103286660250152 0.030722473047567023 0.049188065503095436 0.03244008384050718 0.051026353488087456 0.07456606891262091 0.04214206567386898 0.06778069864664046 10000.0 0.03902779494042114 0.051825138198893124 0.06398671783315592 0.06650334302434555 0.053172754393684046 0.05497021060175807 0.026560814129316906 0.04600726386292158 0.037703599487826964 0.066115676649627 0.05930974817004634 0.037645452126641124 0.06185022398888351 0.019528384021848134 0.03773028025661636 0.025878281367543315 0.05807862540420597 0.03745187182714475 0.041106266695017185 0.06206745719417338 0.06144228952479084 0.02226494384699511 0.05960936998503227 0.04270450359917735 0.03350660870148971 0.0045205864106204 0.08267942631354498 0.05942230579698518 0.041541362120170025 0.06270721211269042 0.036982844629858486 0.06898839596170346 0.010360953487628253 0.0665633036417268 0.04946971926413407 0.06529007494050774 0.05018096720998097 0.03929895479743063 0.08003907134305872 0.068152947271559 0.03147841535368179 0.03534306328445588 0.02340623229910189 0.04564494711246874 0.031491408612921955 0.05108871623336128 0.010305330069355585 0.025511724751267624 0.01585711356986227 0.028269182512482532 0.0548496985946087 0.03767104440547423 0.027086573091472638 0.03558804426469933 0.05145868378817529 0.06445204225470559 0.05825430071218685 0.037939348066499796 0.06982202728546719 0.0318577265154716 0.08129565919226664 0.05344460812453125 0.01495435920030144 0.04586608803360401 0.04376235547574351 0.08618856381316442 0.040882942833806016 0.028722658714464378 0.055641037982014925 0.050957532008545345 0.019244379794434753 0.08636969298816798 0.06147243206464782 0.04159231463566889
 0.06896323244439358 0.051304445595111194 0.046773088295813725 0.033136690853378 0.06406747312053607 0.014872781955931353 0.06588561754223503 0.014940285546224384 0.062823088748379 0.07194653817305582 0.06201744492955448 0.03902779494042114 10000.0 0.03335461553193831 0.08955136492026375 0.08538543172737785 0.014590525396241305 0.025321236819990673 0.06558855036073374 0.07975750670108847 0.0028259805935755586 0.06828864678316048 0.02759780381771046 0.009911571183796694 0.07519856274646539 0.05817322150904522 0.008176175993420052 0.06443060413467191 0.022504567587197374 0.03450317006107698 0.080125399487371 0.06939246894729136 0.06577732259221823 0.06045483894640947 0.02558316057589675 0.05791250843859433 0.00739986554108569 0.03811970365853107 0.06466480976711483 0.03312870977659475 0.07973795576696076 0.044288667422652736 0.07569146332746697 0.0420838249018652 0.03898518877120625 0.037547997328796406 0.05769819570088507 0.05522403516202602 0.0707540595329047 0.05886271250711477 0.06719969825604583 0.04844083255097865 0.04360994398146559 0.041381241900190505 0.022396057709944545 0.033948287276156605 0.016175525806155253 0.019895309443228242 0.028742568917640248 0.014064996519104823 0.037835395964145764 0.06521836921826221 0.08184919488205022 0.020956297985387992 0.04774363878310824 0.026459024494181114 0.07551026698276776 0.03946285569231924 0.022718984071539904 0.04798248486968575 0.07849335306259413 0.033779107497958004 0.05911583003242405 0.0664867353755453 0.052082784116074796 0.013463760864568066 0.05436486914662591 0.06622949215038029 0.07865074837563325 0.02500434425528982 0.02029209402417579 0.05615786947427981 0.03501253663031875 0.06798953792184609 0.03847560676136559 0.013204150846516991
 0.049077874662695885 0.019439501142425156 0.018587968233516352 0.0008842781247026314 0.08240865901772366 0.02270737414162629 0.08416492115238625 0.025418793027985935 0.029468500055012732 0.0637319378655886 0.02980693626263722 0.051825138198893124 0.03335461553193831 10000.0 0.07402627343079782 0.06474067327212257 0.03982211967580114 0.014761957443705665 0.07412039322408089 0.07460978309712567 0.030963617176748674 0.03903018632634312 0.018559023817804984 0.02401062098450894 0.052015679206613444 0.0698875840482221 0.0413348819566806 0.07016814926243665 0.05063453616887774 0.06583899279874206 0.08784184220289686 0.04309101288048476 0.03821412157047385 0.07311415488187802 0.05460098756824499 0.04084605808342699 0.0295128661435144 0.05390476327257348 0.03274464992445822 0.06529312576403266 0.08237654807893875 0.011729994256888386 0.08595626377967663 0.01863552810733609 0.05801069768216427 0.01857557107263621 0.035036468840605496 0.022217121885619192 0.0542301722912593 0.04511084973122025 0.03393046593039219 0.016853911150469247 0.031955191618700765 0.026101402987487126 0.02896976937659707 0.008233325057441265 0.04718766217600014 0.05181991650403072 0.04485993657854681 0.033444692539504856 0.06003931783060172 0.07975036131009396 0.06886859024044661 0.053656607103405474 0.04044771045075778 0.016260504881307546 0.060963208831594985 0.013607489770248216 0.025062029530293187 0.03142266371967353 0.051647638982980484 0.022867739421533362 0.029664904530151283 0.044937975701158955 0.06671829159287104 0.046020572780344014 0.0349393009967147 0.03537735140954892 0.09136471813736148 0.054637955823506716 0.02417717809689439 0.03167896784817824 0.035039559497525484 0.03633157907359751 0.010046272278196601 0.020152086262556868
 0.025577327233442613 0.06179806916206067 0.08653073268933291 0.07327622232027582 0.07915283309482653 0.08994700067045375 0.07977488626092688 0.0929491031323136 0.07127258727205343 0.022522004075250693 0.060088429517031326 0.06398671783315592 0.08955136492026375 0.07402627343079782 10000.0 0.01579742982071897 0.10321019105433224 0.08737378319416024 0.05618688611346357 0.026402191628436 0.08692668930060596 0.04724542501154777 0.09190596094553004 0.08172988723769732 0.027432539670190662 0.06193364082564448 0.09313565915115384 0.05008769769094504 0.11205117280294342 0.10122708623648542 0.05823126192956327 0.03835356374310546 0.043411975533579325 0.06436973097893638 0.11495639842738847 0.03347994968599005 0.08215229103356643 0.06838380185875621 0.08457592322945579 0.1192654039903886 0.045231947216994486 0.07651060922018588 0.0630945033878026 0.09046974003742059 0.07375974338881676 0.09212181049497185 0.03967004617996991 0.06583594821718353 0.019868071053199272 0.030873677447275347 0.07530384441696594 0.08020316750324756 0.04633973793791834 0.05017883719819926 0.06734379731159015 0.06633299479085623 0.09096597464816429 0.10793662738926975 0.0699698699837008 0.07714292894999515 0.07953463813599423 0.07003856002101223 0.009299116104777494 0.0985137491450164 0.04208509925632068 0.0661620373409669 0.014046220242304754 0.08571261377578443 0.09649814646081849 0.04364111135889832 0.036463201356544135 0.057041291353093826 0.09018715211006201 0.030364170705059434 0.06707245984417184 0.10154892029537771 0.03910432641281203 0.08955066455554213 0.07074367534990325 0.09132297625381575 0.09465109397580382 0.04366258374884369 0.05528831863604807 0.08718363879238349 0.0819496636831653 0.08228573735614633
 0.016486366570164467 0.04989997766028082 0.07492098220387663 0.06409038027047091 0.08675753124784927 0.0832504183341464 0.08765434743880925 0.08630487766285647 0.057429669854740385 0.03040166331390636 0.04642447727930939 0.06650334302434555 0.08538543172737785 0.06474067327212257 0.01579742982071897 10000.0 0.09804453960881308 0.07897354058951689 0.064835557934558 0.038492721629816665 0.08261731301389814 0.03300111551228101 0.08319878498113499 0.07659239562349995 0.013540096044117555 0.06894915119267842 0.0901754251645243 0.05842733461448295 0.1076858616174042 0.10229011430754009 0.0696557702734655 0.02454226665969436 0.02995434322616907 0.07184562266931184 0.11095234323110291 0.027517615639454384 0.07812894281775785 0.07102391398587762 0.07075904076475707 0.1169779632270741 0.057110903980447124 0.06523471399323182 0.07351179735844492 0.07959251371391282 0.07679457021863587 0.0819329870051788 0.02976867845916714 0.05307917454824464 0.01634009239139678 0.028030028035445454 0.06102643122678861 0.06829127375378284 0.04204171311873687 0.04413404536497723 0.06421891453538246 0.05778106068099328 0.0895876938546253 0.1047448409963485 0.07038757521922007 0.07444839078107705 0.08235818875964501 0.07827123460478841 0.0199460089673861 0.09739700501210528 0.04082769890455256 0.05999418838487974 0.016826287770265062 0.0751249441569396 0.08873899910913928 0.03744765082090975 0.021005264426971558 0.051659156070620056 0.07713832966539921 0.019886073696389298 0.07279327040575073 0.09822119386806064 0.03139151979403631 0.07572222514985123 0.0812570941153624 0.09148366492757129 0.08719326655112161 0.03310012121848771 0.053601654570617524 0.07310891395695338 0.07150792122033506 0.07626457491498871
 0.08155817304130328 0.059145734259893154 0.04820589775559042 0.03991916624700919 0.07621103386873991 0.017124067839221054 0.07799610533364504 0.014612298675580792 0.0682026066960372 0.08626580600060724 0.06962528132272516 0.053172754393684046 0.014590525396241305 0.03982211967580114 0.10321019105433224 0.09804453960881308 10000.0 0.0271538937630938 0.0796826339665217 0.09429147404683852 0.016751114097158813 0.07786147767614164 0.026865972026137386 0.021542473801688968 0.08708557762225626 0.0719662956833004 0.016537110892304644 0.07880319134768458 0.010818641578541403 0.040266921093847934 0.09414388593912669 0.08020838769225666 0.07605890144671364 0.0740422341717564 0.0148259017786483 0.07083069915073555 0.021650299034078824 0.05184975749427672 0.06719531541166944 0.026934571439568084 0.0942047328833015 0.04879142471750965 0.08940824150962189 0.042112292963184764 0.05194905950930134 0.0368188473677595 0.06935909449331285 0.06191446424983074 0.08403503038296188 0.07236402892160253 0.07180970056718688 0.051744130828893356 0.05693097386141048 0.05393749529414414 0.036654463854532554 0.04305464666369892 0.02556549126310869 0.014575116057880887 0.04287140779321138 0.028640420684487414 0.04985592119987296 0.07832773785722441 0.09578505523810325 0.02610862939690185 0.06178832814692481 0.03809746687092423 0.08917060605131318 0.041162423101209114 0.019139813504880983 0.06065205937092948 0.08923388798679999 0.04652644312614059 0.06000612304845245 0.07864738216978973 0.06551850745761208 0.012131683695059847 0.06669614071138072 0.06770150846662802 0.09188505197465131 0.03404087807681668 0.01799907609540878 0.06726346534116345 0.04934342420792235 0.07010404197144339 0.04154242940492235 0.022040483051502344
 0.06298795870187418 0.0338210724243587 0.02173872010296865 0.015230769160837123 0.08419134276398221 0.010966813097151652 0.08600860380839506 0.012686523021141547 0.04118775335520851 0.07499424220267648 0.04372847363930838 0.05497021060175807 0.025321236819990673 0.014761957443705665 0.08737378319416024 0.07897354058951689 0.0271538937630938 10000.0 0.07987874837015493 0.08518246225042381 0.023834631703241446 0.053718555108511305 0.004813506418711618 0.0189912617301855 0.0665060765012994 0.07425176732207743 0.033391954231774365 0.07688898691582137 0.037829044608128644 0.059798384012316165 0.09421498814348796 0.05781952516525556 0.0529746061601843 0.07717972200975676 0.041888990605201716 0.053905608791527296 0.02482394668683338 0.05590680360499142 0.04035804715426549 0.053826929336668314 0.09052075419509406 0.021744773318641972 0.09129277027832544 0.016768490290946087 0.0587840706278699 0.01252164986706619 0.04920583571633342 0.03556430291406934 0.06750611248764156 0.05742031416117574 0.04466364546242421 0.024619884106913067 0.042860636664621234 0.037732571635297946 0.03180691591626138 0.021224143734946778 0.04123493785363334 0.040687319477714305 0.04608485283235086 0.031573857932493746 0.05940288382323975 0.08318401959215437 0.08154541519957798 0.04620795161204116 0.05048267563594089 0.023250161175900303 0.07389382975259384 0.014441831338573565 0.010338858678438909 0.0439030231892392 0.06640873137203167 0.03230846125942335 0.034000697306931366 0.05909360459249745 0.06975821220082337 0.0357539977098307 0.04838816487329718 0.0413689287690162 0.09579195524742769 0.04977389121491953 0.009814715891472281 0.04609577212322727 0.04183202842236581 0.04345344163839745 0.014395140873479926 0.014289725768408945
 0.05674347574532328 0.07645390952625655 0.09255377709730574 0.07325826633912777 0.023197244294270444 0.07520536291465892 0.023659106935788536 0.07722926884695988 0.09160279600052768 0.03462494633352645 0.08268337815434573 0.026560814129316906 0.06558855036073374 0.07412039322408089 0.05618688611346357 0.064835557934558 0.0796826339665217 0.07987874837015493 10000.0 0.031075877245693554 0.06422858095713282 0.07684599754854038 0.08445163087092794 0.06368277514863269 0.06567799637948976 0.008975594154064705 0.06395412989575668 0.006434677997276908 0.08407287138245448 0.057388905901507144 0.014584173226866816 0.07021527233806178 0.0716463327265828 0.009432523905060376 0.0852691918520493 0.05018160957183898 0.05992419358836962 0.02807366740784345 0.101859154504029 0.08326897798737828 0.01770314179902606 0.08372037995612577 0.011939645544412866 0.09235679063203829 0.029826697880677867 0.09068588722038784 0.059850951514244896 0.0825983508032502 0.0505957980369635 0.04442854520807587 0.09708344300979048 0.08913011713404966 0.04591964197639509 0.051683696601215835 0.04816314040927589 0.06674081545030748 0.05685476092889756 0.07656132292495502 0.036856536202132355 0.05196908688095818 0.03453448193154357 0.013869487907208737 0.04724315718663904 0.06189475278208429 0.03768095483457045 0.0582295885727048 0.04800933945386508 0.08751019234140625 0.08421265252124162 0.050880752141714426 0.0757089007631365 0.051646434680342246 0.1022863597143636 0.059381547358988665 0.016523674600287912 0.07180465160437659 0.054248535658879785 0.10597985333639214 0.01852455265890136 0.05201627696994037 0.08162558360599155 0.06286890957767037 0.039085718640803416 0.10546617740892292 0.08414164907546964 0.06729599196034328
 0.0371879136004493 0.06881066555920713 0.0908537827344281 0.07374298084100649 0.054268078332596455 0.08446447391025455 0.05466367811709504 0.08717564963316596 0.08190077352453011 0.011748768713224039 0.07116616143018532 0.04600726386292158 0.07975750670108847 0.07460978309712567 0.026402191628436 0.038492721629816665 0.09429147404683852 0.08518246225042381 0.031075877245693554 10000.0 0.07755326088861049 0.06109844021478754 0.08999102951465875 0.07415443180582514 0.044303445778096966 0.03818492639461224 0.08115942173138496 0.025619291913536 0.10139942797686823 0.08293981842030998 0.03184124842122283 0.05261378499254219 0.0561034197708665 0.040027638788486385 0.10360319442319346 0.03701708398022956 0.07266820071213734 0.04980228055688747 0.09434526119031837 0.10509015565531571 0.018896919782846276 0.08083033510202205 0.03679380067415395 0.09297902051074383 0.054213164609437876 0.09310735160627394 0.04699078800510983 0.07427673510038892 0.029206518696297142 0.031091946939371406 0.08687888997620366 0.08560925773806123 0.04271128617992545 0.04851427892430628 0.057854962018170385 0.06637726650206655 0.0766609093991882 0.09557803078660398 0.05453052057922622 0.06591224855757999 0.05991090451792241 0.04485292809605382 0.018681604195418696 0.08341847920826326 0.03469978665566997 0.061984930627102815 0.023259587613309388 0.0879237532080527 0.09252495704183944 0.04388032646253117 0.054915322430353554 0.05289042437004875 0.09765801786397546 0.0415682314522643 0.04451628320564395 0.0897004483027198 0.04315251859696488 0.09911028614969813 0.04439139077878647 0.07472750828514291 0.09023559848185927 0.05107590799649304 0.045260062287629244 0.09755462922820028 0.08413054380512648 0.07618807353619071
 0.0661850602341103 0.04866828584146903 0.04499445466599329 0.03070646693804034 0.06367265001128299 0.013932869328276113 0.06549707240999252 0.01457263027946787 0.06041419009436927 0.06955156594066138 0.059380066266428805 0.037703599487826964 0.0028259805935755586 0.030963617176748674 0.08692668930060596 0.08261731301389814 0.016751114097158813 0.023834631703241446 0.06422858095713282 0.07755326088861049 10000.0 0.06550637698002049 0.026513575129618955 0.007210143579828443 0.07238393711521972 0.05702906722537551 0.010371331451504458 0.06283436001510165 0.02517715397958383 0.03604337806285731 0.07879735139009258 0.06656922250982375 0.06296728630884267 0.059423849820554035 0.0283361175146644 0.055159156712708615 0.004901715519377279 0.03709706166203737 0.06261871731425693 0.03592133387822488 0.07801835847780712 0.042073312880179375 0.0745557944974072 0.04058317738398809 0.03837397232508057 0.036240924267770765 0.05487501150693035 0.052691096044891944 0.06805339294547894 0.05619413909826398 0.06487057506486998 0.04636625255334516 0.04089881018595441 0.03858596124733479 0.019941517520676005 0.03125479384408614 0.01740217530615289 0.02271701773696028 0.02749786865826086 0.012325173616916325 0.03764285592053397 0.06441616173722435 0.07929497793228506 0.02290342963014402 0.045212627538214784 0.023635362567875996 0.07288186877926356 0.0377159977508795 0.022381081391742687 0.04520016153477775 0.07567016116649343 0.0309904840687606 0.05733872169394779 0.06368099635262138 0.051161090831710124 0.016269945284700875 0.051563540553171854 0.06433085506280542 0.07775960975693218 0.0259949923961762 0.019844788074920468 0.053332855000160884 0.03261488490495107 0.0659903595190194 0.0365229301050501 0.010898015321262238
 0.02409903641189284 0.020235047133650298 0.04404594556324815 0.03868102185482597 0.0941223245616006 0.06109894156300558 0.0955166860791307 0.06400628385285577 0.024450788394035673 0.049618110197327814 0.013656568954687637 0.066115676649627 0.06828864678316048 0.03903018632634312 0.04724542501154777 0.03300111551228101 0.07786147767614164 0.053718555108511305 0.07684599754854038 0.06109844021478754 0.06550637698002049 10000.0 0.05703875711585563 0.05841447527881638 0.019850826298822337 0.07715857870625974 0.07513059277231693 0.07084275060757672 0.08849926228632066 0.09456699552119108 0.08667399907066874 0.008966948663865344 0.005230673119170183 0.0805808067565511 0.09229808701642542 0.026720061646882315 0.062144771296183204 0.07011589168998912 0.037766193626697614 0.10141568313423135 0.07641993986803207 0.035384890493440985 0.08804673842970852 0.049705816416945305 0.0758411295838744 0.05311287145949383 0.01717547841561319 0.02133355852769353 0.03215533729441456 0.03274444331115754 0.028103611397411247 0.037193942962583056 0.03464086149084299 0.03165242183887518 0.05240416732364265 0.034839451653693176 0.07790123718652768 0.08808445667129688 0.06499055617841379 0.06180846378332467 0.0802530270337832 0.08779053585147659 0.046709728593449976 0.0855403841373283 0.04044764540393135 0.042215992254688875 0.039095551689181954 0.045940747880149055 0.06405404644400771 0.028187773541529945 0.013891417046733048 0.0379118266210218 0.0445022106587237 0.01953168085614924 0.07786966296865794 0.08174239434262633 0.02297927052701146 0.04272494461549523 0.09528899307643421 0.08282516188251601 0.06320082579624672 0.015160369388622636 0.04751928308452759 0.040124009678268846 0.042806435917828296 0.056233805577522
 0.06734141702016173 0.036908237808766696 0.021363975573765126 0.019148839347239727 0.08819128193897242 0.012727077669357904 0.09001361602437376 0.013396860063921585 0.04276472765998406 0.07977532878729557 0.04637488346806518 0.05930974817004634 0.02759780381771046 0.018559023817804984 0.09190596094553004 0.08319878498113499 0.026865972026137386 0.004813506418711618 0.08445163087092794 0.08999102951465875 0.026513575129618955 0.05703875711585563 10000.0 0.02257913976526453 0.07056453063128768 0.07867578941336305 0.03539937286023419 0.08155692962170433 0.03715660022707865 0.06202292642109358 0.09882922198319154 0.06158393656136163 0.05660865688554694 0.08155668232275308 0.04121677887892583 0.058465893149084666 0.028186483597815663 0.060072770941912185 0.04040966556108092 0.05379820967240818 0.09527569370180758 0.023542621066422607 0.09579993275149995 0.015326122055589675 0.06272228966242656 0.010223556069897636 0.05344138827006347 0.03799612706120308 0.07203987484155638 0.06209881043149007 0.04576712303305136 0.025464975082512015 0.04763066232502166 0.042438271553807555 0.03631210863983638 0.025613610710817733 0.04374843920445616 0.04103934229846871 0.05020496202266316 0.03536134210570066 0.0630614970610303 0.087455649232274 0.08619787125394351 0.04811809183959774 0.055291412693859544 0.028063433948509433 0.07850038371001918 0.014501351880667951 0.008114150497779672 0.04853439039958848 0.07001715252269199 0.03711120503444868 0.03317782534653782 0.06334528279198312 0.07401407593771252 0.036674903597190646 0.052855680255704994 0.04083957466664351 0.1001772032461927 0.05248121367923981 0.008875648867357182 0.05019757488255185 0.04658195626561609 0.043253760231354424 0.01567703177552685 0.018042061462077708
