NAME :TPP_input_17_5_3
NUM_VERTICES
81
NUM_CLUSTERS
17
Full Matrix
 10000.0 0.07970185493316448 0.08281150839340488 0.07865412801583861 0.0735789080522034 0.02364975311611998 0.050336797284068126 0.03772412933492511 0.017123478442780716 0.05121038929452731 0.020972378895168408 0.046495117209905394 0.06591926461484669 0.03783824640862448 0.01217978179204784 0.07787321858301094 0.06005333124575181 0.04463443403444957 0.049292613178831206 0.007466257174310723 0.06272516437292518 0.07168785427502689 0.05299385183337273 0.06468522399555127 0.07348527098716633 0.052240310896756285 0.0462133145478794 0.05223152068061425 0.02273285273440071 0.04589550124095625 0.07206511896996697 0.07636496822481052 0.08173002350258196 0.03023136770220303 0.03323617212609098 0.040101223135098306 0.054171183642800234 0.02237824752167966 0.033345321838630836 0.023611414113961313 0.048946544023012475 0.05933856948828062 0.07244214950473188 0.0746267594910646 0.025887605503424137 0.07500825722829596 0.054193366129868206 0.06423060143984355 0.05334741560763908 0.03135448735457281 0.07254158179516416 0.02390123240483049 0.07483069292702627 0.025843491662754528 0.05398318997832019 0.052563818434158006 0.06128881223456312 0.038067203194819516 0.0681508006903359 0.07525744790680426 0.04748379252090733 0.04203502749732088 0.03597092105643387 0.07944244574532446 0.07210531927954132 0.04407354230703731 0.05777133513095466 0.03746412363063207 0.045808304545797845 0.010670117107315974 0.07342124715281742 0.040343986356470775 0.0786330674268359 0.02219325355506926 0.060754864233454636 0.03329196586759593 0.02783089118201157 0.018630527542622715 0.06398243474595958 0.02045433481275185 0.060126346877916646
 0.07970185493316448 10000.0 0.020639544441472618 0.004149685970712635 0.06838059435529649 0.06823338179043599 0.05593986216400421 0.07396772502594257 0.09612310104994883 0.07903049710562533 0.060034271285513904 0.07793642559758263 0.017112380392823656 0.1150722454856875 0.08175114414803837 0.001873345716945639 0.03169047050339743 0.038786905764491675 0.03133603557941127 0.08484957035724547 0.02881452340680559 0.025407439331399252 0.02670861274007053 0.03070001467542446 0.03096960977939686 0.02908573569692247 0.04359575792783463 0.038114194036821654 0.08203385371166151 0.056069419537694044 0.03105647950509833 0.010471685277516558 0.06819993574777364 0.07938167405730265 0.07806035903468954 0.07176260658934569 0.035720670998071496 0.10165083529123611 0.0723412565973524 0.0967115202487506 0.03847834205597664 0.024887572648848003 0.04499021771693347 0.02631162747414292 0.06123331010330566 0.027451996087750646 0.04948369058073966 0.05479198075316152 0.02643314822806646 0.0874486990779006 0.03371247717995884 0.0796383062830562 0.057966142616839446 0.08873125516722491 0.08912748223029261 0.02997689324660855 0.029500726958214166 0.04224509981526047 0.013198221949378204 0.06764710491707135 0.038261667793144896 0.1053337115510962 0.04414302306587927 0.06588311149242072 0.043014408713914674 0.04099319024603899 0.08895786873776516 0.04431005044338088 0.04020619334201099 0.08597767959844572 0.04552600922934031 0.04747781819123806 0.07542988819254126 0.0835715496186568 0.04879653890935927 0.05287248682455156 0.07938148383847585 0.0858251692767113 0.028374229925912917 0.05930444530194224 0.03900885477131566
 0.08281150839340488 0.020639544441472618 10000.0 0.016727316680057003 0.08692359842144515 0.06606914216609008 0.07103273630616226 0.08602397473769517 0.09767980812022427 0.06886527056964822 0.06595453900130807 0.06893805295125927 0.01880087969400463 0.12019120725744667 0.08769348952785679 0.021164057040669183 0.04826866052921311 0.049738588705727615 0.04103208203663468 0.08910608139171187 0.046013881732135636 0.012312510948813539 0.034056794568943345 0.04864081168471848 0.05074829129029635 0.031314432801910055 0.03887412769949337 0.032348932108401104 0.07935124064010234 0.0481088254466631 0.050611048263271174 0.011809118895241295 0.08767250027417199 0.08957164862550983 0.08896972544124214 0.08440370580525362 0.050653137363688504 0.10323157000039651 0.0835084462548006 0.1030286860685362 0.03472273906437469 0.03966931234482849 0.06434502083847145 0.010541291567085517 0.05986499582096349 0.04748656056372685 0.0653988290097891 0.07260800073675049 0.03289624138506922 0.09719038495858515 0.053316096635993765 0.07661074212546057 0.07716099853208952 0.09709427829110064 0.10316031870548165 0.030462698235435612 0.04626669869326403 0.04526336621688344 0.029246476582666762 0.08643644943596987 0.03572977066605116 0.11477517411616088 0.0508422778734815 0.0852337208610094 0.062375599915790135 0.03913402695862187 0.10366794450300688 0.04534866362207648 0.03759642249335699 0.08679831139688728 0.06499369616033773 0.05900580297255912 0.09418324698840409 0.09168192223026707 0.06612010806586162 0.051155358101730074 0.07532053466836217 0.0928692632334674 0.01971931686478137 0.06368933282689647 0.05610003401546892
 0.07865412801583861 0.004149685970712635 0.016727316680057003 10000.0 0.07127147647570843 0.06611572115180162 0.05767123331417617 0.07494271089014126 0.09483593163447028 0.07572543996753281 0.05945154821984488 0.07478783970013114 0.014266051667510993 0.11456668019126637 0.08131056486041541 0.004442098954651654 0.03371597492590985 0.03917988579841974 0.031238230184412595 0.08406309785007568 0.031034588431637176 0.021352787627486908 0.025846237957876713 0.033224612842622854 0.03430016729641956 0.02714906279630934 0.04080038784609398 0.03506807845248973 0.07990302142922764 0.05294304398717464 0.03427603843278282 0.006361018962880322 0.07145031763266874 0.07991030253073363 0.07876096027208097 0.07288144563374711 0.03723960242541889 0.10038697311393444 0.07308126651572061 0.09641171465224187 0.03574090023116605 0.026168579226620917 0.048156972763208496 0.02217729357118469 0.059203473105945544 0.030911701906453332 0.05143209854461342 0.05739344598013175 0.02533807690232147 0.0879001175966839 0.036964119839199255 0.07743608711712117 0.06108983098277585 0.08886316043403925 0.09067667281857782 0.027732164880822596 0.031567853645421556 0.04081800405919097 0.01453700770991521 0.07062769335562065 0.03571784946111684 0.10576735700693904 0.043554694680126446 0.06908065414548105 0.04617946456917017 0.03861873297678176 0.09069325070822991 0.042524005937564786 0.03768934057985782 0.08450752170298359 0.04874327216939977 0.04813773458290732 0.07840751014863433 0.0836249696394081 0.051204961833543436 0.050697960066536936 0.07700215584668624 0.08564593826084639 0.024732398121684325 0.05838231411116523 0.04128185091122053
 0.0735789080522034 0.06838059435529649 0.08692359842144515 0.07127147647570843 10000.0 0.08327870369552151 0.024989608597421876 0.038293237005626916 0.08820055930704443 0.1103221195463188 0.057746338259492165 0.10658492046857032 0.07092972385809924 0.08945811752275247 0.06513544102451878 0.0671072819238284 0.03916712852723601 0.046355652927469876 0.052861550662109576 0.07250850950133192 0.04101942182761491 0.08453504939807836 0.05937254690832829 0.0382828037368305 0.03798853624640412 0.06673700087378774 0.0793593603083492 0.07961879076481904 0.09227986325735278 0.09083514553342538 0.03759488363702285 0.07512375228587072 0.009013857934969777 0.04813770038555449 0.04463946291099754 0.03509077705124051 0.03882288997261828 0.09183642520757658 0.04162677125325357 0.07231537454474785 0.07642768501884344 0.04828036320910475 0.023912969120995123 0.08719702223864821 0.07813791647943173 0.04179878147047378 0.025564607608847965 0.014921751233770918 0.060924199650547885 0.05387605937894413 0.03509619020197443 0.09181304603037534 0.011562490263898705 0.059949526330709414 0.036563391511411955 0.0692639637423947 0.040957022085950985 0.06390259809338074 0.05767967867771964 0.002233842938730147 0.07431700815173126 0.06653349107701247 0.05527047573639769 0.007834743071610355 0.025807884108981573 0.07352717467720037 0.03339183789584405 0.06821212158354291 0.07476094427504082 0.08422385311994819 0.023659536138954888 0.04114511183895053 0.0074174463260864906 0.05817701660415362 0.021755042621910338 0.0760182350182599 0.09451540953713931 0.06328245713797323 0.0810797624062703 0.06214643385997888 0.031363910611362386
 0.02364975311611998 0.06823338179043599 0.06606914216609008 0.06611572115180162 0.08327870369552151 10000.0 0.05830671181552599 0.05379349523786872 0.03333499864313399 0.029465644813770547 0.025927369517581483 0.02498168692646397 0.05204257927637955 0.059754804030782274 0.03463506884597712 0.06659334735708412 0.05814042200968939 0.0424552142556055 0.042767729698328115 0.03109510969224662 0.059888734406600336 0.05401073971401045 0.043152483165647765 0.06275392545939477 0.07158893951373876 0.03915137716536251 0.027228987144789277 0.033758669369103315 0.013800607214955112 0.02295202481080491 0.07026373901555656 0.06228574859284822 0.09012355251497524 0.04923790963863746 0.05137035305537158 0.05507498854733114 0.05326982121970692 0.03861781132616948 0.04921407424859995 0.04723624292579933 0.031460749758104575 0.053875013734249064 0.07510633993483755 0.05657912707578569 0.007130307115871087 0.07191269252503464 0.05946226355203911 0.0708562794983341 0.04281176417675391 0.052760534485289216 0.07158073833347613 0.011497421647102745 0.08124291043817855 0.04834041475139686 0.07252610895035276 0.03838358198146755 0.05857211510186436 0.02744154485157036 0.05920856354783799 0.08449361093382318 0.03083060989334965 0.06543621658846548 0.031535320210818354 0.08753040073241514 0.07417047703116578 0.02764735080499336 0.07569412398286506 0.024269126785962318 0.028859444246006595 0.02232454465568634 0.07615825556056678 0.04320044452341778 0.08957159998194499 0.043783181531766927 0.06555853741074795 0.015425234836315319 0.01228925943603839 0.04138555565798989 0.04636976026008895 0.021208266598690448 0.0612529455511483
 0.050336797284068126 0.05593986216400421 0.07103273630616226 0.05767123331417617 0.024989608597421876 0.05830671181552599 10000.0 0.021660828352614944 0.06615202782547401 0.08546525554779749 0.03296081282653981 0.08166230203037536 0.053006161439530644 0.0728605495123787 0.04375482397376833 0.05426857344439329 0.02436658591204076 0.023773171101247957 0.03182161698656472 0.050566942248727965 0.027468268117851424 0.06588876882583398 0.03904739560629228 0.026619687962110675 0.03225920081445337 0.045538079529435366 0.055991640447337655 0.05721616916002608 0.06767816962405691 0.06665950477485359 0.031066143781850773 0.05978399978105645 0.03205887649802128 0.030551367355094994 0.02771801151177518 0.018507737757239573 0.0205003321192619 0.0704039300517625 0.02263356331813593 0.05421141737085001 0.05371427301288937 0.03163027528028937 0.024564668990818984 0.06886120575303038 0.05316466482159876 0.03552331109661344 0.007078117294807487 0.01393307904580792 0.04056157543057888 0.03825749172907791 0.02994036917142034 0.06706807258135115 0.02449516726796666 0.04260408192199199 0.033284005844420234 0.047907917550536396 0.02656872348812725 0.04003203159096877 0.04313437913592579 0.026194322627330947 0.051507754707213485 0.054845564692459096 0.031029882439415835 0.02957503284988814 0.0250059109280127 0.05020760856694418 0.03303160639788716 0.04417713969333493 0.051639915353793635 0.0607855652185582 0.02534441180493723 0.01669807141440738 0.03155353060884303 0.03916996009128937 0.012135589648557236 0.05139075003019019 0.06965568604498658 0.043700086121989425 0.06101389390184521 0.03722311364415608 0.018129082403293053
 0.03772412933492511 0.07396772502594257 0.08602397473769517 0.07494271089014126 0.038293237005626916 0.05379349523786872 0.021660828352614944 10000.0 0.050577790671427265 0.08315110211942074 0.029067155539061796 0.07875219798224345 0.06724999718010445 0.052171989352458585 0.027559386576193657 0.07216612885572696 0.04388427408260185 0.036314659999002775 0.04499237309848222 0.035124499564045744 0.04714515396412983 0.07853817357151374 0.05205387830265663 0.047070146805321844 0.05362547993218063 0.05654821744443489 0.06168883299898244 0.06501350416211117 0.05914075335239245 0.06901719706097693 0.052366823404860686 0.07576611002026296 0.04713955457032894 0.009894847743573569 0.006501254353692506 0.0033859455678201702 0.038671651250914124 0.053835151095662614 0.0046018023524406655 0.03423596773377089 0.06116990453133575 0.0490922999863494 0.04596629402552046 0.08168248220928187 0.05097411451373473 0.05668382509945212 0.02851227098342627 0.033679597158339125 0.0533261435195217 0.016791331059548355 0.051446398241699366 0.059456547254756964 0.042977201260453214 0.02199350738203498 0.01949462231856164 0.05842039811841467 0.04598458856428494 0.046096097182539694 0.060775443097825 0.040289301896649435 0.05896347675444923 0.03324387568652314 0.03744783015971308 0.045299994669888745 0.04656177399016452 0.056578573446155925 0.022091296198371833 0.04910318302044715 0.05836258866427713 0.04825605722640276 0.04666723077066274 0.027060302519969066 0.04212203933839483 0.019886681653968983 0.03369311038668917 0.0528316918793316 0.06287750288448105 0.025017128991183524 0.07226962109701325 0.03405422433439135 0.03906011111979997
 0.017123478442780716 0.09612310104994883 0.09767980812022427 0.09483593163447028 0.08820055930704443 0.03333499864313399 0.06615202782547401 0.050577790671427265 10000.0 0.05439335518282735 0.038095313716729445 0.049853737080763606 0.08163931089797917 0.027969903221556083 0.023097786107696767 0.09431987027436288 0.07716334989012345 0.06174915466539119 0.06617320262301225 0.015710335342007036 0.07984725094727167 0.08606012987799751 0.06946059904175665 0.08178536846532392 0.09056130686067886 0.06798031918473867 0.05961116463415542 0.06599773044748009 0.024422134474594022 0.05611377261474179 0.08914043017479774 0.09212399131748793 0.09670064046896533 0.04147021448003359 0.0449278402194821 0.05346951885363662 0.07126621290328325 0.005570747869038815 0.046724393684629224 0.023307506826458203 0.06311184512894184 0.07638462763190666 0.08903772770275452 0.08884081782375647 0.038257884319665716 0.09212308877339596 0.07056572945006667 0.08008027897410117 0.06969102395043109 0.03932074152114181 0.08956486877161574 0.027045923906642604 0.09055533439610239 0.0325017405902632 0.06360744960121505 0.06800144240049436 0.07841080724985425 0.05402087934460508 0.08491393464954992 0.09002815476632768 0.061960142541730226 0.04305664197253351 0.052853390856263366 0.09456057535304185 0.08879892429871854 0.05854850123629602 0.06780484856243336 0.05274837960290412 0.0601259137859573 0.011074025213107377 0.08999490212487184 0.0573208165770582 0.09260702722878388 0.03152181614256426 0.07710254140295063 0.046744192046727 0.030739877749653522 0.026413871105717916 0.07831373493335891 0.0372821370692828 0.0770437380148055
 0.05121038929452731 0.07903049710562533 0.06886527056964822 0.07572543996753281 0.1103221195463188 0.029465644813770547 0.08546525554779749 0.08315110211942074 0.05439335518282735 10000.0 0.05465089013924749 0.0047226040600551345 0.06200493661545292 0.08235103018347315 0.06309148098136325 0.07784047281032638 0.07971722210798417 0.06581067856058842 0.06284850387345635 0.058194067715026165 0.08057379072050089 0.05703413934205191 0.0600174450455161 0.08386582551463284 0.0919801784571549 0.05325086964047198 0.0366946009690031 0.041125136623421946 0.030275050404963703 0.023300768038384455 0.09083483225280482 0.07017493506331238 0.11637054024159259 0.07866541547574678 0.0808353570417755 0.08428223608836817 0.07607955043938826 0.05826983523576666 0.07859170165326523 0.0737461063956026 0.04169185099847289 0.07308207277726401 0.09859565256660605 0.05832757554564039 0.032676538768970656 0.09127597647376096 0.08534993412401373 0.0968429857447211 0.05900612021793199 0.08181234061612164 0.09271305739429152 0.028085198326457155 0.10670994418777545 0.07690359530847746 0.10198751413168637 0.05125539588040897 0.07948992939744344 0.04798754992437009 0.07424023356613141 0.1112953312639327 0.04274240802938546 0.09308114359476788 0.055516857100084985 0.11368954048001756 0.09731554630137501 0.04135547730900256 0.1051201047796635 0.043613774559371814 0.041178864678931816 0.0455113637300812 0.09963855615054709 0.06923225414110347 0.11701838640259982 0.07270187142733298 0.0908525680571341 0.03459755371129149 0.024087488253580095 0.06975135921097163 0.051287973192774075 0.04968826844235809 0.08465834591131052
 0.020972378895168408 0.060034271285513904 0.06595453900130807 0.05945154821984488 0.057746338259492165 0.025927369517581483 0.03296081282653981 0.029067155539061796 0.038095313716729445 0.05465089013924749 10000.0 0.05043295570660085 0.047857574522033604 0.05511544091371105 0.02193014753577108 0.058172830093969924 0.03913088078577018 0.023676344353833548 0.028935780476051744 0.024975282964252894 0.04176272852547364 0.05605573498793663 0.03361956135164423 0.04378760286407466 0.0526406836497182 0.03464049510843839 0.034402829613185824 0.038962992214046886 0.034760866565186746 0.04013207363989711 0.05122370668695484 0.05799934607642425 0.0650131400795939 0.0271622698319823 0.028229716438633683 0.029799962618385176 0.03329972051248509 0.04331263978617205 0.024695594072264355 0.03719864181987616 0.03516632026155165 0.03851908865021913 0.052665870312168926 0.05917797789601465 0.022083530725229977 0.054066613003635654 0.035248189934931916 0.04621131735784144 0.03426302070957495 0.03325938086643026 0.05182154288322408 0.03410824220279365 0.056817544759237115 0.031664347677164625 0.048464140765814574 0.03564825205037278 0.04032690150036981 0.021009165651270995 0.04789659535853862 0.05908793348781592 0.03317063065810617 0.04978110698903525 0.015907020181157666 0.06250322309653063 0.052120065479869665 0.030166333168949885 0.05114766243816086 0.022468828857227473 0.032045106259159135 0.029983625966523608 0.053682701211454936 0.019970001571543848 0.06382542166192091 0.026218640098607228 0.04170387109214956 0.02403759370124193 0.03677498787044259 0.02692617559148593 0.0487622427447982 0.005012776356276537 0.03970973500841199
 0.046495117209905394 0.07793642559758263 0.06893805295125927 0.07478783970013114 0.10658492046857032 0.02498168692646397 0.08166230203037536 0.07875219798224345 0.049853737080763606 0.0047226040600551345 0.05043295570660085 10000.0 0.06083436098698162 0.07782247875707014 0.0583945099489509 0.07666332261872003 0.07689362347480026 0.06260027690896075 0.06012365627719916 0.05347152097049771 0.07790275468241047 0.056883728425123424 0.05774779725937007 0.08114364504171484 0.08942095770021571 0.051281066783389444 0.03487153950452322 0.03983286968510343 0.02563524530988626 0.02186710885545776 0.08823976357051173 0.06944792719645708 0.11281081527031471 0.07410235640392605 0.07631878019165238 0.07995368079943596 0.07302905443976951 0.05383744589454601 0.07418037022420364 0.06903307541389075 0.03997646540733408 0.07059516123211196 0.0955255399889564 0.05840908236983506 0.028618151971755008 0.08888527730503347 0.08179763509420622 0.09330127432390652 0.05682327017873659 0.07715264574212632 0.0900318416682792 0.023394654809104742 0.10329093347031401 0.07220485991742631 0.09749672323063746 0.04942723430390032 0.07677372647136757 0.044966570698565245 0.07242669922893494 0.10761169942334646 0.04081233021103114 0.08835854068585257 0.052113402716807686 0.11014404973069346 0.09430280878287554 0.0391097349092025 0.10067541154208011 0.04065321957094326 0.039129701950236774 0.040835988506169076 0.09657332378400335 0.06559302419916216 0.1131981601970491 0.0680314308531954 0.08742834731264426 0.03131762553483949 0.01941046808508277 0.06504645634524714 0.05070586819774975 0.04550551429175917 0.081550842544344
 0.06591926461484669 0.017112380392823656 0.01880087969400463 0.014266051667510993 0.07092972385809924 0.05204257927637955 0.053006161439530644 0.06724999718010445 0.08163931089797917 0.06200493661545292 0.047857574522033604 0.06083436098698162 10000.0 0.10267976924802698 0.06975905191815514 0.015841293993101486 0.031764006302245934 0.031010775286972613 0.02227592039606608 0.07177601541279056 0.030166568622558045 0.01365532589101923 0.01525732249884884 0.03329199792548961 0.037834075134263366 0.013688288094175025 0.02655903641676142 0.021004764943077396 0.06580082431912254 0.03896787221521373 0.0372721669172504 0.010484680763680946 0.07288959520799172 0.07081074087141687 0.07017313026510472 0.06568443464314037 0.03303375583380569 0.08720843298913691 0.06470760723301645 0.0850548111845601 0.021481058767276365 0.022661241979010486 0.049956056769867384 0.01627173577902806 0.04521990775030578 0.0354120219204949 0.04784327084581187 0.05617902888119747 0.014128894327215518 0.07848369882191579 0.03988657344924025 0.06329112976475586 0.0621581553659646 0.07859442690958507 0.08460369629427164 0.013770395780347586 0.030041635156695813 0.027856604683773448 0.01532583977973329 0.07072725403793481 0.02147071801600015 0.09613815564788815 0.03236152552376173 0.0702997960553391 0.04807272458409759 0.02444186591978078 0.08527155088946983 0.028935070888973492 0.023447640593217717 0.07108301650554975 0.05076641433685031 0.04026955497238509 0.07832042530818142 0.07321243695008826 0.0494460712988113 0.03661908571037495 0.06277417475600398 0.07464842383801147 0.012617122338045867 0.04607813122685746 0.03958062596680414
 0.03783824640862448 0.1150722454856875 0.12019120725744667 0.11456668019126637 0.08945811752275247 0.059754804030782274 0.0728605495123787 0.052171989352458585 0.027969903221556083 0.08235103018347315 0.05511544091371105 0.07782247875707014 0.10267976924802698 10000.0 0.03333107721224295 0.11320437915060898 0.09055686674616407 0.07724304337364492 0.08379041184278616 0.031110448690495 0.09365855924808798 0.10934936094210435 0.08873279255644226 0.09472870615585435 0.10270435294970079 0.08915011970305504 0.08404544704229132 0.09006152123866062 0.05234920321301098 0.0826889873365718 0.10132362533032739 0.11297105677745885 0.09846542493735796 0.042494202124278055 0.04568678934225322 0.055557635056252955 0.08459254090616401 0.024422249042108154 0.05026725285255879 0.018999876687830024 0.08673623229537414 0.09237074236614748 0.09740999693473773 0.11233060418088542 0.06337099915330467 0.10510651988324766 0.07899850657200587 0.08575837523549544 0.0893450180797501 0.035673157858169165 0.1010266920869522 0.054898716889293306 0.09512939747681538 0.03030739058461045 0.05652796498317905 0.08975453544946824 0.0922723367216181 0.0749964858387037 0.10264135630272274 0.09159197299427106 0.0852109058513641 0.026586064149417464 0.07101479259551263 0.0968957658696636 0.09773578348064109 0.08181788558348385 0.060875323005578026 0.07494793422360446 0.08358033118980203 0.0378977740606871 0.09820354066697994 0.07019387229261141 0.0918325016815656 0.033910059676152224 0.08495403745582895 0.07110143786778682 0.058668608747563154 0.03012537275287587 0.10168330465724487 0.05661643379985238 0.08808582482912418
 0.01217978179204784 0.08175114414803837 0.08769348952785679 0.08131056486041541 0.06513544102451878 0.03463506884597712 0.04375482397376833 0.027559386576193657 0.023097786107696767 0.06309148098136325 0.02193014753577108 0.0583945099489509 0.06975905191815514 0.03333107721224295 10000.0 0.07988216070961401 0.05803871684343411 0.04405641311280078 0.0504594303220604 0.00758128806356613 0.06102930812865432 0.0773999677025146 0.05551233333324545 0.062414727818033325 0.0707884638668407 0.056421198107120665 0.053668363161957895 0.05910821306311685 0.03490037317817629 0.055641232692941175 0.0693785001473967 0.07992848362170415 0.07369550182681513 0.018916357851585474 0.022219414949076133 0.030386872545486103 0.05203419120575296 0.026806328222060537 0.023628630991698 0.01533555717009949 0.05550120995737851 0.05919942889491295 0.06746847737019793 0.08047439957800079 0.0353254270357109 0.07286499251801244 0.04879471680451994 0.057593158573174236 0.05618574008672284 0.01918472462284371 0.06940501834152005 0.0360669485290667 0.06791592332878242 0.013813507784050789 0.0422837452030314 0.05726176937653888 0.05961477773368122 0.042468531237663344 0.06932033460637532 0.06698647267056089 0.053726473414246155 0.030970526197346332 0.03776533885885299 0.07160281606262417 0.06744720301105317 0.05045886851986967 0.04622397544741332 0.04308271831542441 0.05230824071792454 0.021586114583174856 0.06837407619887698 0.0375873883779601 0.06951559940830389 0.010053864429998302 0.05521331020372488 0.041334727559844846 0.03997402463951437 0.006750716629504351 0.06990574112217147 0.024115780869448076 0.05652925963654349
 0.07787321858301094 0.001873345716945639 0.021164057040669183 0.004442098954651654 0.0671072819238284 0.06659334735708412 0.05426857344439329 0.07216612885572696 0.09431987027436288 0.07784047281032638 0.058172830093969924 0.07666332261872003 0.015841293993101486 0.11320437915060898 0.07988216070961401 10000.0 0.030077008474860358 0.03692458041857007 0.029463347390450114 0.08299789668572191 0.027254969611066132 0.024990633687489307 0.02488459572410713 0.029249420496722616 0.02992960799452793 0.02744289738923403 0.042193647921019074 0.03683056147764856 0.080392043264523 0.054799737783192186 0.029944994442253885 0.01031946809812835 0.06712044730625412 0.0775347066079468 0.07622824523126809 0.06998055944245603 0.033992036958218785 0.09984399619702948 0.07051230162025422 0.09483900866265191 0.03706204831203211 0.023104303875537007 0.0438548380912959 0.026110286606923123 0.05957506443616317 0.026502323570005287 0.047863432522712294 0.053388520367302586 0.024637904536490167 0.08559673729489646 0.032622809261668044 0.07801574929261987 0.056810380279870634 0.08686295077078485 0.08742441081498238 0.02841426325619717 0.027896118837245746 0.04047957108657206 0.011390928585310623 0.06641759448386829 0.03677526071447519 0.10348157983901746 0.04228488585364333 0.06477149119753241 0.041877205102866855 0.03944724645128808 0.08729572527355903 0.04260914341020344 0.03870730201860146 0.08420187969995373 0.04442081041331874 0.0456362759120145 0.074200410717612 0.08170081652314283 0.04731780373707111 0.051256341150929655 0.07780884499468692 0.0839518333532019 0.027478385268926767 0.05746743823424871 0.03747760732438553
 0.06005333124575181 0.03169047050339743 0.04826866052921311 0.03371597492590985 0.03916712852723601 0.05814042200968939 0.02436658591204076 0.04388427408260185 0.07716334989012345 0.07971722210798417 0.03913088078577018 0.07689362347480026 0.031764006302245934 0.09055686674616407 0.05803871684343411 0.030077008474860358 10000.0 0.0160002365070203 0.016920946403079586 0.0631115797386662 0.0032645577389935183 0.04538364049478959 0.02161396823325774 0.004710661619265272 0.013663656950614786 0.02931785946883403 0.04446871672879285 0.04298039595299707 0.07063544944451638 0.05749694485656739 0.012275944709425423 0.03660015366763417 0.04149856759029944 0.05081898188432949 0.0488487550055262 0.0412815390034269 0.006004971216022548 0.08227312912022759 0.043135538039409525 0.071577110939959 0.040448098180092665 0.009147604737810087 0.019642854248789112 0.04802991930592734 0.051372701125374655 0.014969172109688879 0.017793325613235277 0.024481540093434995 0.023075961978183863 0.05899534270851531 0.013441852691665077 0.06907187129840245 0.030760072576174958 0.06165924778426447 0.05764707636827255 0.03186007480401698 0.0022027902773445536 0.03200473248768573 0.01929914948952915 0.038980415757621706 0.038644262768009516 0.07662599250094902 0.026704089669632815 0.03884550271204333 0.018055209900798244 0.0389578319926871 0.05731344283369325 0.03625230351765823 0.03966018368289919 0.06894142574801432 0.02061910365372375 0.02045591877336668 0.04655647436115803 0.05705655580234799 0.01786783239276097 0.04583065787314975 0.07042909444645411 0.060434396724715934 0.04232431749462577 0.040934598316958226 0.007867500190114906
 0.04463443403444957 0.038786905764491675 0.049738588705727615 0.03917988579841974 0.046355652927469876 0.0424552142556055 0.023773171101247957 0.036314659999002775 0.06174915466539119 0.06581067856058842 0.023676344353833548 0.06260027690896075 0.031010775286972613 0.07724304337364492 0.04405641311280078 0.03692458041857007 0.0160002365070203 10000.0 0.00874777926856258 0.04834275261452444 0.018298780885773167 0.04297063209291975 0.01600501592086755 0.02070768516310625 0.029661020533447907 0.021849975504934824 0.033005649990715806 0.03358375074422607 0.05469806639380258 0.04485311871309368 0.028276119788049003 0.039512784708874274 0.051211340659694855 0.0407317168153788 0.03967058770173906 0.03467473775321479 0.01081463087581099 0.06698855975460477 0.03405090879083796 0.058514554220452715 0.03020971870729186 0.015143097955821812 0.033012945165169456 0.0460505555934959 0.03588191361106239 0.030664736942422527 0.020812500894224668 0.03185510872949411 0.017406359044760063 0.04872842192553644 0.029315501087251127 0.053204816640304214 0.041120144048976674 0.049982474479294534 0.05370129239741602 0.02416887151574254 0.016879263234012874 0.01797573411285281 0.025786726586695445 0.04690445908923005 0.028051638853044264 0.06660464775838663 0.010925958848506428 0.04849197451706076 0.03191163617048698 0.027174386037580114 0.054596846570534076 0.02238209675189253 0.028414620944567773 0.053145753090302894 0.03406559830937298 0.009267406158123319 0.053586274464764945 0.04488866217404222 0.025401383731879317 0.031283542799508526 0.05471813049586053 0.04745694820184114 0.03752402370892071 0.02502990530622412 0.019025398303691897
 0.049292613178831206 0.03133603557941127 0.04103208203663468 0.031238230184412595 0.052861550662109576 0.042767729698328115 0.03182161698656472 0.04499237309848222 0.06617320262301225 0.06284850387345635 0.028935780476051744 0.06012365627719916 0.02227592039606608 0.08379041184278616 0.0504594303220604 0.029463347390450114 0.016920946403079586 0.00874777926856258 10000.0 0.053899073727431496 0.017785450384020792 0.03432221555300407 0.0073154506043799 0.02102642949637754 0.02939482619499062 0.013945524656134077 0.027688710026693337 0.026895468912633703 0.055951875638333114 0.040589750827101256 0.028169188955080044 0.031038451151125072 0.056752515284323825 0.04898504559109377 0.04812250379360551 0.043410951850354026 0.014343768841661064 0.07159218586293868 0.04257295033067357 0.06537583014476936 0.023979900399797333 0.01110809431597332 0.03629713982848689 0.037378393883096696 0.03574445581344523 0.029282828288922393 0.0278161796827565 0.038003654001101284 0.008780571626641639 0.05685624835509744 0.029908271187574307 0.05407972411795588 0.046236590225398604 0.05762858182577243 0.06243600465283569 0.01643795046547273 0.016652931520091816 0.015600895292333154 0.018961482242265865 0.05314594503550725 0.02203166506107569 0.0746757563691653 0.013326294026107584 0.0540356508892944 0.03483516171413871 0.02208349898123057 0.06327252856823576 0.019625352866779865 0.022886847201610706 0.056730873859770645 0.03730995207542006 0.017994778066026684 0.060229102958688954 0.05238739751623129 0.031228644221544536 0.029365195338858043 0.054974929947297066 0.05450161813712098 0.029192750386145872 0.028893839608630494 0.02284649722230877
 0.007466257174310723 0.08484957035724547 0.08910608139171187 0.08406309785007568 0.07250850950133192 0.03109510969224662 0.050566942248727965 0.035124499564045744 0.015710335342007036 0.058194067715026165 0.024975282964252894 0.05347152097049771 0.07177601541279056 0.031110448690495 0.00758128806356613 0.08299789668572191 0.0631115797386662 0.04834275261452444 0.053899073727431496 10000.0 0.0659694212328943 0.07824459432462925 0.05823986061885155 0.06762509347889827 0.07622081748086959 0.05817251945176556 0.05322056477376139 0.059097253152516196 0.028889284976003064 0.05333809467400846 0.07480156042466211 0.08214349136811705 0.08099149507906092 0.026446436772773103 0.029784285808276686 0.0379103064246623 0.05712868054823167 0.019867718622437507 0.03112941440955965 0.01614753729532052 0.055702718555789336 0.06337386055559635 0.07381410892526814 0.08123438025979274 0.03325091149108325 0.07805755518926037 0.05522321233497397 0.06447821063911048 0.0587340629099116 0.025891923898687788 0.0750229025868235 0.030441603438458302 0.0749104130598507 0.01971039964893388 0.04957186040221911 0.0586963336277042 0.06453780227181004 0.04398476540525186 0.07286001290655138 0.07432600504170195 0.054134364740870855 0.034889341996546606 0.04073713493373982 0.07885062079790812 0.07367412992257963 0.050753196132314625 0.05358781601450905 0.043837612197570666 0.05253329848358824 0.014551831286857235 0.07474947655005075 0.042838763289154876 0.07701049902559252 0.017095774231444323 0.06172308898420127 0.04039390256425701 0.034448762770202174 0.01260281510246013 0.07058898208669008 0.025731577944230512 0.06228929035741124
 0.06272516437292518 0.02881452340680559 0.046013881732135636 0.031034588431637176 0.04101942182761491 0.059888734406600336 0.027468268117851424 0.04714515396412983 0.07984725094727167 0.08057379072050089 0.04176272852547364 0.07790275468241047 0.030166568622558045 0.09365855924808798 0.06102930812865432 0.027254969611066132 0.0032645577389935183 0.018298780885773167 0.017785450384020792 0.0659694212328943 10000.0 0.04382175034237485 0.021474178542936276 0.003437046386708953 0.01171600104032983 0.0291350514194203 0.044829295362019496 0.042871563777916635 0.072614569401386 0.05804945942646864 0.010430281281799278 0.03426106480754728 0.04273714953703286 0.05406809188864877 0.05211067960274103 0.044530951702074766 0.009070182591989565 0.08500564721076713 0.046395472933498064 0.07469085917111479 0.040574792733023266 0.008192764637508659 0.020124654356993923 0.0463558847974724 0.05301677100362681 0.012365956728856677 0.020764621086493962 0.026596080297619708 0.022842968790895386 0.06224600600037807 0.012139391467774924 0.07096069057720646 0.03199775294148432 0.06486170254100361 0.06075009766330878 0.031634366491732104 0.001436690547971515 0.03325813036432094 0.016821179564643275 0.04068065005992547 0.038886679718979494 0.07988662114399624 0.02868675866254096 0.040136806592814774 0.018359894463146505 0.039482405822253874 0.0603327606611229 0.03738605336698458 0.04003994654561362 0.07142954526047988 0.02102565852531377 0.02348972169918446 0.04835452070102673 0.060225311694692245 0.02020707268255713 0.047083766601205765 0.07217139835727207 0.06354432372903109 0.04126203339928128 0.043328585400615134 0.010247266890299145
 0.07168785427502689 0.025407439331399252 0.012312510948813539 0.021352787627486908 0.08453504939807836 0.05401073971401045 0.06588876882583398 0.07853817357151374 0.08606012987799751 0.05703413934205191 0.05605573498793663 0.056883728425123424 0.01365532589101923 0.10934936094210435 0.0773999677025146 0.024990633687489307 0.04538364049478959 0.04297063209291975 0.03432221555300407 0.07824459432462925 0.04382175034237485 10000.0 0.027006784704626877 0.04693489555583017 0.05112859387894652 0.022097850609339564 0.02678206078021082 0.020255148541046767 0.06716534470537928 0.03583731105658325 0.050654990066539334 0.015006923581913738 0.0865400960061591 0.08103454511310232 0.08080623083904526 0.07729100578253158 0.046343151815324016 0.09158717855588668 0.07558335578918662 0.09269992680770116 0.022949149752682738 0.03625504909552648 0.06355800770548922 0.003163502513064804 0.047993321415312235 0.04846666436959807 0.061076830276389826 0.06974278902688379 0.025568225062771694 0.08832455473615301 0.05330591915709389 0.0644022661929757 0.07581123213827254 0.08761665585036767 0.09660342948948422 0.02056534103884621 0.043688677511565785 0.035055857392823186 0.028472418524293445 0.08436054266360704 0.024223763076384765 0.10557885583112689 0.04184730124925585 0.08395343497515452 0.061661252063001465 0.027645716762987497 0.0975673180678272 0.03444150884059383 0.0259785392592127 0.07509573835272386 0.06435286511263594 0.0520369844368698 0.09193373362370551 0.0821691691618888 0.06297900209329627 0.03934969390545284 0.06304303740023098 0.08291484557964618 0.007748013264477669 0.053284186863974535 0.053172686717847376
 0.05299385183337273 0.02670861274007053 0.034056794568943345 0.025846237957876713 0.05937254690832829 0.043152483165647765 0.03904739560629228 0.05205387830265663 0.06946059904175665 0.0600174450455161 0.03361956135164423 0.05774779725937007 0.01525732249884884 0.08873279255644226 0.05551233333324545 0.02488459572410713 0.02161396823325774 0.01600501592086755 0.0073154506043799 0.05823986061885155 0.021474178542936276 0.027006784704626877 10000.0 0.024908151889215836 0.03225447717340498 0.0077057636117453185 0.0236206429036313 0.02141468389411684 0.05679450532465738 0.0370341221599958 0.031217304715884877 0.02467576719148491 0.06272222846572324 0.05558290493334913 0.05491613083259044 0.050579417717089466 0.020551310740111985 0.07497563707768638 0.049454539381198794 0.0706798082816859 0.01914881225961403 0.01341702579352629 0.0412428392337351 0.030065756461101028 0.036022771228355066 0.0312841126929495 0.034736966702789515 0.044454350835862806 0.0015551989758048155 0.06330850953688068 0.03335808658308222 0.05464519259775314 0.05206232341739984 0.06364597121566046 0.069704103124179 0.010246232925713434 0.020686406952879932 0.01598166774142821 0.016081114541620697 0.059519758449879126 0.01757763010217405 0.08102482110780797 0.017749928723200088 0.06002653414823003 0.039604411717746486 0.018669086455326386 0.07057921282055911 0.018914507343324574 0.018918766192213506 0.05945764360751393 0.04220582821071173 0.025184554694810853 0.06677633517643365 0.058309696399668424 0.037625697975368355 0.028462633037931468 0.05500881335682675 0.06003272268557597 0.022037319352152304 0.03261445621981019 0.028569953605456368
 0.06468522399555127 0.03070001467542446 0.04864081168471848 0.033224612842622854 0.0382828037368305 0.06275392545939477 0.026619687962110675 0.047070146805321844 0.08178536846532392 0.08386582551463284 0.04378760286407466 0.08114364504171484 0.03329199792548961 0.09472870615585435 0.062414727818033325 0.029249420496722616 0.004710661619265272 0.02070768516310625 0.02102642949637754 0.06762509347889827 0.003437046386708953 0.04693489555583017 0.024908151889215836 10000.0 0.008953709938650864 0.0325718636693033 0.048225835728029895 0.046308140349036755 0.07531433624923167 0.06141494712983529 0.007570746186887397 0.03684259510566158 0.03961202138273783 0.054456951682371836 0.05231435109780972 0.04430189097376798 0.010523214182285547 0.08686844641439229 0.046655474760263 0.07573238366017171 0.0439985674980225 0.011618180202660436 0.016784030342220833 0.04940586701382706 0.05594630647207628 0.010451918465790286 0.019663166984633447 0.024168920365957264 0.026279792388381355 0.06260546792623685 0.008917313640059427 0.07372947438424872 0.028899746683574274 0.06555736467931425 0.05975827615317643 0.035071369373058964 0.00437593756099274 0.03638055767939057 0.019398162702290625 0.03783237243851663 0.04229757900455118 0.0800825287314477 0.031370881767444604 0.03704324053013061 0.014983668205919825 0.04284670877360094 0.05910459795347344 0.04056335046175307 0.04343151094274313 0.07363077364656703 0.01766228208064594 0.024845661297110053 0.04555761542127579 0.0610800095294614 0.01810769581601551 0.05021658249756928 0.07504305643150141 0.06460666421383698 0.04457378877927149 0.04564128602934097 0.008613545325667544
